Crime ID,Month,Reported by,Falls within,Longitude,Latitude,Location,LSOA code,LSOA name,Crime type,Last outcome category,Context
,2020-05,Durham Constabulary,Durham Constabulary,-1.730899,54.907724,On or near The Fold,E01020634,County Durham 001A,Anti-social behaviour,,
,2020-05,Durham Constabulary,Durham Constabulary,-1.730502,54.906366,On or near Eden Avenue,E01020634,County Durham 001A,Anti-social behaviour,,
,2020-05,Durham Constabulary,Durham Constabulary,-1.727867,54.906261,On or near Park View,E01020634,County Durham 001A,Anti-social behaviour,,
,2020-05,Durham Constabulary,Durham Constabulary,-1.750831,54.902653,On or near B6310,E01020634,County Durham 001A,Anti-social behaviour,,
5b8ba4af0419f754f4719badb5075d42d81d1adf5a86d308ccfe237ec0058d8e,2020-05,Durham Constabulary,Durham Constabulary,-1.765887,54.904165,On or near Lintz Green Lane,E01020634,County Durham 001A,Public order,Unable to prosecute suspect,
8b8d7d74730aac29edb5f984bb0fb0f0c31a4346922682967d71fad9ae63cf45,2020-05,Durham Constabulary,Durham Constabulary,-1.740027,54.907060,On or near The Copse,E01020634,County Durham 001A,Public order,Investigation complete; no suspect identified,
38cb52bf56f7787eae5585739aae1655e6717c3a29a8a43196caf48a6731727a,2020-05,Durham Constabulary,Durham Constabulary,-1.727867,54.906261,On or near Park View,E01020634,County Durham 001A,Violence and sexual offences,Unable to prosecute suspect,
fa3c73a6152866a82477a7869216b966d6f78d01bdf4be17c66139bb4d5eca12,2020-05,Durham Constabulary,Durham Constabulary,-1.750831,54.902653,On or near B6310,E01020634,County Durham 001A,Violence and sexual offences,Further investigation is not in the public interest,
cace04057edaaa309780fa4a5cb00613f8c235eb2251b3c7fd695e3062e5cd56,2020-05,Durham Constabulary,Durham Constabulary,-1.765887,54.904165,On or near Lintz Green Lane,E01020634,County Durham 001A,Violence and sexual offences,Unable to prosecute suspect,
28a79f493c8f4e6b108a7eea82cf146b6c4ddec51ff65885d96f225fb48215ea,2020-05,Durham Constabulary,Durham Constabulary,-1.750831,54.902653,On or near B6310,E01020634,County Durham 001A,Violence and sexual offences,Unable to prosecute suspect,
1149ae54892384f7b309b859cc6fe0481f178bd7fe55ff98a74e859f1b93dd3d,2020-05,Durham Constabulary,Durham Constabulary,-1.727487,54.904858,On or near Magnolia Grove,E01020634,County Durham 001A,Violence and sexual offences,Unable to prosecute suspect,
c96e556887b45bbc802c00047c08a9a43e1e737697472b678ff523f673cad462,2020-05,Durham Constabulary,Durham Constabulary,-1.750831,54.902653,On or near B6310,E01020634,County Durham 001A,Violence and sexual offences,Unable to prosecute suspect,
78ee4e4e2c5b380df16d6327541ba7d644281b0ba9a4fcc3da5f1038e20dd3e9,2020-05,Durham Constabulary,Durham Constabulary,-1.717457,54.907370,On or near Lobleyhill Road,E01020635,County Durham 001B,Other theft,Investigation complete; no suspect identified,
b548b1a11ea099f7375cb122cffb1c3893dcb2902bccc846c4190b442c65d855,2020-05,Durham Constabulary,Durham Constabulary,-1.723517,54.903834,On or near Sports/Recreation Area,E01020635,County Durham 001B,Public order,Offender given a caution,
,2020-05,Durham Constabulary,Durham Constabulary,-1.745468,54.904969,On or near Briardene,E01020636,County Durham 001C,Anti-social behaviour,,
418ac159f62db48e74c49c4e23ae12e18e75a22e98f0fce14be977bef81bb9f6,2020-05,Durham Constabulary,Durham Constabulary,-1.745618,54.903451,On or near Front Street,E01020636,County Durham 001C,Criminal damage and arson,Investigation complete; no suspect identified,
547ddaa4cc8f1083d588f1e1360eee208a8c6ad0f07d6e02e167a1de95d33ea7,2020-05,Durham Constabulary,Durham Constabulary,-1.745618,54.903451,On or near Front Street,E01020636,County Durham 001C,Criminal damage and arson,Investigation complete; no suspect identified,
adb63e100f27510fa5e51fcc0044fe70bcca8187775f9f71e7a1c64654a28b5c,2020-05,Durham Constabulary,Durham Constabulary,-1.741263,54.904098,On or near Priestfield Gardens,E01020636,County Durham 001C,Drugs,Status update unavailable,
73ddd969b71c9ddf9bdb36a8a91395ab202406b3353af81f6d739696f706f716,2020-05,Durham Constabulary,Durham Constabulary,-1.745618,54.903451,On or near Front Street,E01020636,County Durham 001C,Violence and sexual offences,Investigation complete; no suspect identified,
efee303d21c0d1fba4159f5b6ef2609379247c9d974afef1671704990a54dacb,2020-05,Durham Constabulary,Durham Constabulary,-1.741263,54.904098,On or near Priestfield Gardens,E01020636,County Durham 001C,Violence and sexual offences,Unable to prosecute suspect,
9ccbedb8a59327ca8c6588afc3f3c5d760bcc320ab9c7fac93e2f5ef498dc0ac,2020-05,Durham Constabulary,Durham Constabulary,-1.741263,54.904098,On or near Priestfield Gardens,E01020636,County Durham 001C,Violence and sexual offences,Unable to prosecute suspect,
f0bd4c7ec2fd4b8588fe010d173028fd0a843c81a0720b1e26f1edc9c63195ba,2020-05,Durham Constabulary,Durham Constabulary,-1.741883,54.904701,On or near Crathorne Court,E01020636,County Durham 001C,Violence and sexual offences,Unable to prosecute suspect,
97a6669af7e8928eeb9dc1b1d2cad5300b0412bfbd7a8884ad3ce24d7bd3898c,2020-05,Durham Constabulary,Durham Constabulary,-1.742925,54.902591,On or near Albion Gardens,E01020636,County Durham 001C,Violence and sexual offences,Unable to prosecute suspect,
,2020-05,Durham Constabulary,Durham Constabulary,-1.747146,54.886074,On or near Mountsett Close,E01020654,County Durham 001D,Anti-social behaviour,,
,2020-05,Durham Constabulary,Durham Constabulary,-1.747431,54.885257,On or near Ewehurst Road,E01020654,County Durham 001D,Anti-social behaviour,,
,2020-05,Durham Constabulary,Durham Constabulary,-1.758426,54.879223,On or near Front Street,E01020654,County Durham 001D,Anti-social behaviour,,
2a276569bf4ca3d2dc4904bb3e5c6386adb437bc4950496cabf6ed73b5662675,2020-05,Durham Constabulary,Durham Constabulary,-1.760076,54.876809,On or near Co-Operative Terrace,E01020654,County Durham 001D,Burglary,Investigation complete; no suspect identified,
debafcd8f0c43a40ee26059b43d5c8e06010b0ec60d29e4f861809770c016ecc,2020-05,Durham Constabulary,Durham Constabulary,-1.760076,54.876809,On or near Co-Operative Terrace,E01020654,County Durham 001D,Criminal damage and arson,Court result unavailable,
11cd355dab161460554c17f574da7d343fbe120d68c190efd2936a81b49a207c,2020-05,Durham Constabulary,Durham Constabulary,-1.760076,54.876809,On or near Co-Operative Terrace,E01020654,County Durham 001D,Criminal damage and arson,Court result unavailable,
539f1790b859840d582b9e74a9dc5e6644e52da11867d4187c1de498c32a42e0,2020-05,Durham Constabulary,Durham Constabulary,-1.733874,54.891770,On or near B6173,E01020654,County Durham 001D,Drugs,Investigation complete; no suspect identified,
4bc674e46f4ca2d5df4ebcec9bce08bf96b35935c0d944d57f21ffd48c375463,2020-05,Durham Constabulary,Durham Constabulary,-1.749365,54.882610,On or near Plunkett Road,E01020654,County Durham 001D,Other theft,Investigation complete; no suspect identified,
8bd0c9f399fb6f5b94f7852b2171fe2a6a71aa689a628a2fe6eadc3003bd4ad0,2020-05,Durham Constabulary,Durham Constabulary,-1.758426,54.879223,On or near Front Street,E01020654,County Durham 001D,Public order,Investigation complete; no suspect identified,
7a3eaec789fe5f05c916ad5718a9bab0df79e2addb9df50eaf161573854fe73a,2020-05,Durham Constabulary,Durham Constabulary,-1.734716,54.894091,On or near Edward Street,E01020654,County Durham 001D,Violence and sexual offences,Investigation complete; no suspect identified,
c85a6364bf3ee629cbc3413634e3b611d35dcb427d1ff093994a12ef051dd744,2020-05,Durham Constabulary,Durham Constabulary,-1.751948,54.883290,On or near Meadow View,E01020654,County Durham 001D,Violence and sexual offences,Local resolution,
,2020-05,Durham Constabulary,Durham Constabulary,-1.725303,54.886548,On or near Unity Terrace,E01020676,County Durham 001E,Anti-social behaviour,,
,2020-05,Durham Constabulary,Durham Constabulary,-1.681487,54.900038,On or near Parking Area,E01020676,County Durham 001E,Anti-social behaviour,,
,2020-05,Durham Constabulary,Durham Constabulary,-1.725303,54.886548,On or near Unity Terrace,E01020676,County Durham 001E,Anti-social behaviour,,
,2020-05,Durham Constabulary,Durham Constabulary,-1.725303,54.886548,On or near Unity Terrace,E01020676,County Durham 001E,Anti-social behaviour,,
,2020-05,Durham Constabulary,Durham Constabulary,-1.681487,54.900038,On or near Parking Area,E01020676,County Durham 001E,Anti-social behaviour,,
,2020-05,Durham Constabulary,Durham Constabulary,-1.725303,54.886548,On or near Unity Terrace,E01020676,County Durham 001E,Anti-social behaviour,,
,2020-05,Durham Constabulary,Durham Constabulary,-1.712346,54.893653,On or near St Margaret'S Drive,E01020676,County Durham 001E,Anti-social behaviour,,
,2020-05,Durham Constabulary,Durham Constabulary,-1.712924,54.882539,On or near North Leigh,E01020676,County Durham 001E,Anti-social behaviour,,
24dd09962d0e9b528b2756d884271539b109044859707440791239424cf4b069,2020-05,Durham Constabulary,Durham Constabulary,-1.712924,54.882539,On or near North Leigh,E01020676,County Durham 001E,Other theft,Further investigation is not in the public interest,
0b42c619de496c0b4800170e73de28b62bc93bf03f64cf8a5bf44eea07aeadef,2020-05,Durham Constabulary,Durham Constabulary,-1.712346,54.893653,On or near St Margaret'S Drive,E01020676,County Durham 001E,Public order,Unable to prosecute suspect,
86a2d6f543ecc8870e4364817e3ba9870b4e69597065f13f25e5d9bfb5995902,2020-05,Durham Constabulary,Durham Constabulary,-1.733560,54.884958,On or near Bute Street,E01020676,County Durham 001E,Public order,Court result unavailable,
7f1a153c8df4c3aae05e067d7a5ced6fffe715a0ec068e3543dde5e30cc8b40e,2020-05,Durham Constabulary,Durham Constabulary,-1.712346,54.893653,On or near St Margaret'S Drive,E01020676,County Durham 001E,Violence and sexual offences,Investigation complete; no suspect identified,
2c35420ba34ae79f4f866d37061efc710282b8b12baa8b19d11963b4df6e0fec,2020-05,Durham Constabulary,Durham Constabulary,-1.730176,54.885202,On or near Westhills,E01020676,County Durham 001E,Violence and sexual offences,Local resolution,
32004e162c0e7cae13af5e20fdac1791c9e85777488cef5f1c01a82875af5f9f,2020-05,Durham Constabulary,Durham Constabulary,-1.730176,54.885202,On or near Westhills,E01020676,County Durham 001E,Violence and sexual offences,Local resolution,
347f30c581fd290663ba5c0a021642daa0ff4184dd206af087e9aac0cdd998e7,2020-05,Durham Constabulary,Durham Constabulary,-1.725341,54.885641,On or near South View,E01020676,County Durham 001E,Violence and sexual offences,Unable to prosecute suspect,
44ad2d676c42d3032c55d4b12724d89b15974d9036abe1ff61b0a67f8621c65a,2020-05,Durham Constabulary,Durham Constabulary,-1.725303,54.886548,On or near Unity Terrace,E01020676,County Durham 001E,Violence and sexual offences,Unable to prosecute suspect,
f14f09f16233a85c13abcf96594d92bc356e485b77356e847258e19061433c6d,2020-05,Durham Constabulary,Durham Constabulary,-1.725341,54.885641,On or near South View,E01020676,County Durham 001E,Violence and sexual offences,Court result unavailable,
a67ae0dfdc93ca8167b4c04db0bcf986720c8245d5589f9e50520ac6b36110d2,2020-05,Durham Constabulary,Durham Constabulary,-1.725303,54.886548,On or near Unity Terrace,E01020676,County Durham 001E,Violence and sexual offences,Unable to prosecute suspect,
7680b174424db1713f8bf8d441d2facc7073d61aa331390e4ecb82fe225590b9,2020-05,Durham Constabulary,Durham Constabulary,-1.712346,54.893653,On or near St Margaret'S Drive,E01020676,County Durham 001E,Violence and sexual offences,Unable to prosecute suspect,
,2020-05,Durham Constabulary,Durham Constabulary,-1.599227,54.887887,On or near Atholl,E01020613,County Durham 002A,Anti-social behaviour,,
1bd7f9131b5a95159b23d314f68463948479cc0931458205bdf2192fb5eff601,2020-05,Durham Constabulary,Durham Constabulary,-1.595593,54.888091,On or near Turnberry,E01020613,County Durham 002A,Criminal damage and arson,Investigation complete; no suspect identified,
42260288667e09953e2ff682be69018b9a806ada34778cb324ec94511a965bd6,2020-05,Durham Constabulary,Durham Constabulary,-1.598598,54.886906,On or near Viola Crescent,E01020613,County Durham 002A,Violence and sexual offences,Unable to prosecute suspect,
af6150ce629ce9e95efacd59a46463edca408ec120948e02c733039a9ca9a08f,2020-05,Durham Constabulary,Durham Constabulary,-1.600494,54.887433,On or near Angus,E01020613,County Durham 002A,Violence and sexual offences,Investigation complete; no suspect identified,
,2020-05,Durham Constabulary,Durham Constabulary,-1.601276,54.882493,On or near Aberdeen,E01020614,County Durham 002B,Anti-social behaviour,,
,2020-05,Durham Constabulary,Durham Constabulary,-1.599471,54.882200,On or near Rothesay,E01020614,County Durham 002B,Anti-social behaviour,,
8f763047dcca4fccd32ad304168e61ef3fd83331361a4f0138be61e6f312ea88,2020-05,Durham Constabulary,Durham Constabulary,-1.602440,54.882991,On or near Ardrossan,E01020614,County Durham 002B,Criminal damage and arson,Unable to prosecute suspect,
bfc030e39550d408c20e9e057d648e12cda9ece3c4be8f7b1194d0c3c6c9a3fa,2020-05,Durham Constabulary,Durham Constabulary,-1.598141,54.882618,On or near Petrol Station,E01020614,County Durham 002B,Criminal damage and arson,Investigation complete; no suspect identified,
c14700776be0ee747db2e15ce6be6148950f8c3a904e6537c67ebf729b16d323,2020-05,Durham Constabulary,Durham Constabulary,-1.600631,54.886266,On or near The Oval,E01020614,County Durham 002B,Public order,Unable to prosecute suspect,
ed42fd177c8ad61651a1fd51c2c7aed743340976b353a76447b41428ce62a3ae,2020-05,Durham Constabulary,Durham Constabulary,-1.599471,54.882200,On or near Rothesay,E01020614,County Durham 002B,Vehicle crime,Investigation complete; no suspect identified,
a56418f0eab998c5b671b401ea9a7120f3131feb35530121b4eb9df404482472,2020-05,Durham Constabulary,Durham Constabulary,-1.596864,54.885723,On or near Cromarty,E01020614,County Durham 002B,Violence and sexual offences,Unable to prosecute suspect,
94147309784258ecac34b6be016048d0bd54b0a994941dc64da4a618e259f17e,2020-05,Durham Constabulary,Durham Constabulary,-1.598141,54.882618,On or near Petrol Station,E01020614,County Durham 002B,Violence and sexual offences,Unable to prosecute suspect,
ddb32c15f871a35fc85df0ebd285e5fddf88c9581104d192ac03ae42cf76ec52,2020-05,Durham Constabulary,Durham Constabulary,-1.602440,54.882991,On or near Ardrossan,E01020614,County Durham 002B,Violence and sexual offences,Unable to prosecute suspect,
,2020-05,Durham Constabulary,Durham Constabulary,-1.654047,54.877677,On or near Birchwood Close,E01020622,County Durham 002C,Anti-social behaviour,,
,2020-05,Durham Constabulary,Durham Constabulary,-1.630240,54.873545,On or near Laurel Crescent,E01020622,County Durham 002C,Anti-social behaviour,,
,2020-05,Durham Constabulary,Durham Constabulary,-1.650193,54.876354,On or near Peggy'S Wicket,E01020622,County Durham 002C,Anti-social behaviour,,
,2020-05,Durham Constabulary,Durham Constabulary,-1.645380,54.876133,On or near View Tops,E01020622,County Durham 002C,Anti-social behaviour,,
,2020-05,Durham Constabulary,Durham Constabulary,-1.629819,54.873552,On or near Lilac Gardens,E01020622,County Durham 002C,Anti-social behaviour,,
6babc8887504a61307fafae76f0bd0fbb677efd07af5e875c7c29fd545280965,2020-05,Durham Constabulary,Durham Constabulary,-1.660175,54.881037,On or near Parking Area,E01020622,County Durham 002C,Burglary,Formal action is not in the public interest,
58df5b0b3854f81339ccc1874e6a7d9811c1dcfb061ced7c49e2aef6d5b4ca61,2020-05,Durham Constabulary,Durham Constabulary,-1.645380,54.876133,On or near View Tops,E01020622,County Durham 002C,Public order,Investigation complete; no suspect identified,
24591fe9ea89a0e8345353e64692d49e13c509a45b0c03fe9a73fe8d96832cac,2020-05,Durham Constabulary,Durham Constabulary,-1.614251,54.884980,On or near Walden Close,E01020622,County Durham 002C,Violence and sexual offences,Unable to prosecute suspect,
1c41909f3a3f50816f5267c5d8dde21941f0b0a60b34ca407e75ec3d97df1124,2020-05,Durham Constabulary,Durham Constabulary,-1.629819,54.873552,On or near Lilac Gardens,E01020622,County Durham 002C,Violence and sexual offences,Unable to prosecute suspect,
51e5d963b4a0a065fd5d681bab95dca48c24a8c9a2d13fd1dfd3b5d3c4bbdbb9,2020-05,Durham Constabulary,Durham Constabulary,-1.629819,54.873552,On or near Lilac Gardens,E01020622,County Durham 002C,Violence and sexual offences,Unable to prosecute suspect,
a5436e7c7f4191cbb175a62518281e9d35fe7d682d9dbd770711c70b18d6091b,2020-05,Durham Constabulary,Durham Constabulary,-1.635413,54.873569,On or near Sydney Street,E01020622,County Durham 002C,Violence and sexual offences,Unable to prosecute suspect,
a0f9af1e04a16ab0dc59165acc1e4a7d9506356ee8dc97f0d9df4bb5b83d25d5,2020-05,Durham Constabulary,Durham Constabulary,-1.635355,54.873165,On or near Arthur Street,E01020622,County Durham 002C,Other crime,Local resolution,
,2020-05,Durham Constabulary,Durham Constabulary,-1.608587,54.882337,On or near Wensley Close,E01020623,County Durham 002D,Anti-social behaviour,,
,2020-05,Durham Constabulary,Durham Constabulary,-1.608944,54.887362,On or near Carlton Close,E01020623,County Durham 002D,Anti-social behaviour,,
8d319ac630945f58ba32cb231798e236bb4ea8dd21678e2c158a496b80634df2,2020-05,Durham Constabulary,Durham Constabulary,-1.608587,54.882337,On or near Wensley Close,E01020623,County Durham 002D,Criminal damage and arson,Unable to prosecute suspect,
06cc55c4f09f1eb2b6fdc953e618a30e6637d04816deeb6e5a9273fd8805c064,2020-05,Durham Constabulary,Durham Constabulary,-1.608944,54.887362,On or near Carlton Close,E01020623,County Durham 002D,Public order,Court result unavailable,
06b901c88eff1428c4f68ffb57b88f8dc876dc6f6d5b068adc552194d86c13ab,2020-05,Durham Constabulary,Durham Constabulary,-1.610963,54.883307,On or near Middleham Close,E01020623,County Durham 002D,Violence and sexual offences,Unable to prosecute suspect,
2638e974785df8fddd1cbc9dd6c67f5520b35b1655e06f4b18b43886b1948c7e,2020-05,Durham Constabulary,Durham Constabulary,-1.610963,54.883307,On or near Middleham Close,E01020623,County Durham 002D,Violence and sexual offences,Investigation complete; no suspect identified,
,2020-05,Durham Constabulary,Durham Constabulary,-1.852874,54.862030,On or near Moorlands Crescent,E01020627,County Durham 003A,Anti-social behaviour,,
,2020-05,Durham Constabulary,Durham Constabulary,-1.859508,54.867259,On or near The Crescent,E01020627,County Durham 003A,Anti-social behaviour,,
,2020-05,Durham Constabulary,Durham Constabulary,-1.852456,54.865417,On or near St Cuthbert'S Avenue,E01020627,County Durham 003A,Anti-social behaviour,,
5ebab0981bfa3c2a6e938a328236fab0ea3b73bd3ff2cb44d44685f58a27a736,2020-05,Durham Constabulary,Durham Constabulary,-1.848548,54.864909,On or near Briarside,E01020627,County Durham 003A,Public order,Unable to prosecute suspect,
113fa7d33541042da83e57b0ab479386e11b0a98b7e4c44a5837d1796aca6614,2020-05,Durham Constabulary,Durham Constabulary,-1.854465,54.865752,On or near Surtees Place,E01020627,County Durham 003A,Vehicle crime,Unable to prosecute suspect,
0ae5ee368b953849ac9b767b6004aa423919ff9412dcb71a677ce396e967e669,2020-05,Durham Constabulary,Durham Constabulary,-1.854465,54.865752,On or near Surtees Place,E01020627,County Durham 003A,Vehicle crime,Investigation complete; no suspect identified,
692a34fbb081a0251951192864b9676da6fcfe3fdf67eb90f5f493af44f37e15,2020-05,Durham Constabulary,Durham Constabulary,-1.855971,54.862932,On or near Backstone Burn,E01020627,County Durham 003A,Violence and sexual offences,Unable to prosecute suspect,
,2020-05,Durham Constabulary,Durham Constabulary,-1.860134,54.871007,On or near Farries Way,E01020628,County Durham 003B,Anti-social behaviour,,
,2020-05,Durham Constabulary,Durham Constabulary,-1.859453,54.869523,On or near Burnmill Bank,E01020628,County Durham 003B,Anti-social behaviour,,
,2020-05,Durham Constabulary,Durham Constabulary,-1.855533,54.872134,On or near Snow'S Green Road,E01020628,County Durham 003B,Anti-social behaviour,,
,2020-05,Durham Constabulary,Durham Constabulary,-1.858891,54.869891,On or near Burnmill Bank,E01020628,County Durham 003B,Anti-social behaviour,,
,2020-05,Durham Constabulary,Durham Constabulary,-1.854957,54.867694,On or near Benfieldside Road,E01020628,County Durham 003B,Anti-social behaviour,,
9014348dc3dcac19bb10aca7ad081574f3c0c8530df3e755a09ff547f7f68b4b,2020-05,Durham Constabulary,Durham Constabulary,-1.858891,54.869891,On or near Burnmill Bank,E01020628,County Durham 003B,Violence and sexual offences,Local resolution,
73cdfa657cdae878f9062dc6fc62d401660c39cb1daac48098cad13a53dc43e0,2020-05,Durham Constabulary,Durham Constabulary,-1.856722,54.870751,On or near The Terrace,E01020628,County Durham 003B,Violence and sexual offences,Unable to prosecute suspect,
f058c0e6ebef0b87358832922c2af6f0d25b3128dec11bf2b9a0cbd8e5a20828,2020-05,Durham Constabulary,Durham Constabulary,-1.849478,54.870284,On or near The Mount,E01020628,County Durham 003B,Violence and sexual offences,Local resolution,
b96b25f34fe93207beb7dfc59968efaee982aae9dc7616fc2c7204e0afbeee57,2020-05,Durham Constabulary,Durham Constabulary,-1.858891,54.869891,On or near Burnmill Bank,E01020628,County Durham 003B,Violence and sexual offences,Local resolution,
,2020-05,Durham Constabulary,Durham Constabulary,-1.843289,54.867041,On or near Oakwood Gardens,E01020629,County Durham 003C,Anti-social behaviour,,
,2020-05,Durham Constabulary,Durham Constabulary,-1.852899,54.863531,On or near Moorlands,E01020629,County Durham 003C,Anti-social behaviour,,
61491d8c0210169d25f90dd20025f5b987c65c820896f3deecf32439f085ab9a,2020-05,Durham Constabulary,Durham Constabulary,-1.847947,54.863093,On or near Beverley Gardens,E01020629,County Durham 003C,Criminal damage and arson,Further action is not in the public interest,
cbc9e66f2ba1b84bdf3d4ce2a3366eb936699d74102f9a6bc777bd313f7e30ad,2020-05,Durham Constabulary,Durham Constabulary,-1.852899,54.863531,On or near Moorlands,E01020629,County Durham 003C,Other theft,Action to be taken by another organisation,
7811d11620b3eaf2e47ba8ea1c3407dd38f3ca0c8588bc6cb9694a63513fa738,2020-05,Durham Constabulary,Durham Constabulary,-1.850717,54.863870,On or near Princess Avenue,E01020629,County Durham 003C,Violence and sexual offences,Unable to prosecute suspect,
d7691979e2d5e81f756134c4ab8f40966df7574de7b859825d0a121fde3f974c,2020-05,Durham Constabulary,Durham Constabulary,-1.847947,54.863093,On or near Beverley Gardens,E01020629,County Durham 003C,Violence and sexual offences,Unable to prosecute suspect,
1c957bb701ba695095b5c3e676de929da3c504df59d71f4206cde60f607c7a58,2020-05,Durham Constabulary,Durham Constabulary,-1.854904,54.864899,On or near Western Hill,E01020629,County Durham 003C,Violence and sexual offences,Further action is not in the public interest,
46dac1eb6772c2a7bb6fdf36e64ab257ed1a7ce928d6609324ab922e3ddbb444,2020-05,Durham Constabulary,Durham Constabulary,-1.850717,54.863870,On or near Princess Avenue,E01020629,County Durham 003C,Violence and sexual offences,Unable to prosecute suspect,
b34f47d468e59a0ea4ce7f20d8c6461fbeed6c3427369908a887b344e1fe32bd,2020-05,Durham Constabulary,Durham Constabulary,-1.847947,54.863093,On or near Beverley Gardens,E01020629,County Durham 003C,Violence and sexual offences,Unable to prosecute suspect,
,2020-05,Durham Constabulary,Durham Constabulary,-1.820977,54.902390,On or near Derwent Crescent,E01020655,County Durham 003D,Anti-social behaviour,,
,2020-05,Durham Constabulary,Durham Constabulary,-1.820977,54.902390,On or near Derwent Crescent,E01020655,County Durham 003D,Anti-social behaviour,,
,2020-05,Durham Constabulary,Durham Constabulary,-1.820977,54.902390,On or near Derwent Crescent,E01020655,County Durham 003D,Anti-social behaviour,,
,2020-05,Durham Constabulary,Durham Constabulary,-1.811265,54.884987,On or near Manor Road,E01020655,County Durham 003D,Anti-social behaviour,,
,2020-05,Durham Constabulary,Durham Constabulary,-1.783738,54.899283,On or near Parklands,E01020655,County Durham 003D,Anti-social behaviour,,
,2020-05,Durham Constabulary,Durham Constabulary,-1.820977,54.902390,On or near Derwent Crescent,E01020655,County Durham 003D,Anti-social behaviour,,
7fabd0792d19ac03aa18585fc88cb00eadb083b54ddbfe02fe3d48fe08eeb142,2020-05,Durham Constabulary,Durham Constabulary,-1.808747,54.886699,On or near The Garth,E01020655,County Durham 003D,Criminal damage and arson,Further investigation is not in the public interest,
1cabbe78e347b98e3870ef27d8c6112d4bffa5e045cf4c80a74a5d7ec8fb3f29,2020-05,Durham Constabulary,Durham Constabulary,-1.808747,54.886699,On or near The Garth,E01020655,County Durham 003D,Criminal damage and arson,Unable to prosecute suspect,
858e9dc5ecebb5c2bad8cf714753b0250f12d2991809c0b6c6b68ea07a3b93c6,2020-05,Durham Constabulary,Durham Constabulary,-1.808747,54.886699,On or near The Garth,E01020655,County Durham 003D,Criminal damage and arson,Unable to prosecute suspect,
9ff7f079496d7ef085b579fffa86e3c416d181e05541361d04ef8b71dc7b5a67,2020-05,Durham Constabulary,Durham Constabulary,-1.809331,54.885226,On or near Handley Cross,E01020655,County Durham 003D,Other theft,Investigation complete; no suspect identified,
bc52d486cb591af3eb534b3d3af3b9d6f6d635f6913cb625bdba0a2d2ef03e43,2020-05,Durham Constabulary,Durham Constabulary,-1.820977,54.902390,On or near Derwent Crescent,E01020655,County Durham 003D,Violence and sexual offences,Unable to prosecute suspect,
3cdf4e727bf36e96f169532974233e050647e300f2790d53f90255a01a96686b,2020-05,Durham Constabulary,Durham Constabulary,-1.808747,54.886699,On or near The Garth,E01020655,County Durham 003D,Violence and sexual offences,Further investigation is not in the public interest,
,2020-05,Durham Constabulary,Durham Constabulary,-1.841964,54.891096,On or near Foss Way,E01020656,County Durham 003E,Anti-social behaviour,,
,2020-05,Durham Constabulary,Durham Constabulary,-1.834313,54.886395,On or near Ebchester Hill,E01020656,County Durham 003E,Anti-social behaviour,,
549732d58f8037ea4f700c791dd68a0d488433df88574b999109dc8d658cea07,2020-05,Durham Constabulary,Durham Constabulary,-1.840819,54.888803,On or near Spring Close,E01020656,County Durham 003E,Burglary,Unable to prosecute suspect,
525a7e8009d8bfdb5527bf9113c53f498a2562bd6dd80f7de46d3a242f70d8d6,2020-05,Durham Constabulary,Durham Constabulary,-1.842766,54.893263,On or near Chare Bank,E01020656,County Durham 003E,Violence and sexual offences,Investigation complete; no suspect identified,
30f5522346d5db5f6c9d516ec7fcb4da86884c850cd384f0eff8439a680ba2cb,2020-05,Durham Constabulary,Durham Constabulary,-1.836511,54.894126,On or near Dixon Avenue,E01020656,County Durham 003E,Violence and sexual offences,Unable to prosecute suspect,
,2020-05,Durham Constabulary,Durham Constabulary,-1.816348,54.881103,On or near South Magdalene,E01020657,County Durham 003F,Anti-social behaviour,,
,2020-05,Durham Constabulary,Durham Constabulary,-1.819621,54.881207,On or near Highsteads,E01020657,County Durham 003F,Anti-social behaviour,,
,2020-05,Durham Constabulary,Durham Constabulary,-1.820295,54.873255,On or near B6308,E01020657,County Durham 003F,Anti-social behaviour,,
0111e172ab128adc9018a5b8b27a94d6222ea60701aa0242854789bb135ee589,2020-05,Durham Constabulary,Durham Constabulary,-1.828761,54.875873,On or near Prison,E01020657,County Durham 003F,Possession of weapons,Unable to prosecute suspect,
bd06414c3d974c9ce33aa0ae12d17b8562cefe1d12d160dc9df235147d502bed,2020-05,Durham Constabulary,Durham Constabulary,-1.816348,54.881103,On or near South Magdalene,E01020657,County Durham 003F,Public order,Investigation complete; no suspect identified,
b950d31e9707c60b37d61659ba434cad503884f0e9b3418033fb351614afba5c,2020-05,Durham Constabulary,Durham Constabulary,-1.828761,54.875873,On or near Prison,E01020657,County Durham 003F,Violence and sexual offences,Formal action is not in the public interest,
bf63ffbbef27f9330b264cf41681ad69d710393deffc42778a620c98c6c6c9d2,2020-05,Durham Constabulary,Durham Constabulary,-1.828761,54.875873,On or near Prison,E01020657,County Durham 003F,Violence and sexual offences,Formal action is not in the public interest,
915cb2936a9278cc12b2a44350fde5b36ef6e4da8e853b55d158453254b1b9f7,2020-05,Durham Constabulary,Durham Constabulary,-1.816348,54.881103,On or near South Magdalene,E01020657,County Durham 003F,Other crime,Further investigation is not in the public interest,
11aed8b3dca1252a8906b680f9aa8372b654203b610633914f537742cbd5aa29,2020-05,Durham Constabulary,Durham Constabulary,-1.816348,54.881103,On or near South Magdalene,E01020657,County Durham 003F,Other crime,Further investigation is not in the public interest,
,2020-05,Durham Constabulary,Durham Constabulary,-1.695587,54.868586,On or near Pedestrian Subway,E01020661,County Durham 004A,Anti-social behaviour,,
,2020-05,Durham Constabulary,Durham Constabulary,-1.693080,54.874573,On or near Kay Street,E01020661,County Durham 004A,Anti-social behaviour,,
,2020-05,Durham Constabulary,Durham Constabulary,-1.695416,54.870562,On or near Thorneyholme Terrace,E01020661,County Durham 004A,Anti-social behaviour,,
,2020-05,Durham Constabulary,Durham Constabulary,-1.697608,54.877505,On or near Orchard Grove,E01020661,County Durham 004A,Anti-social behaviour,,
,2020-05,Durham Constabulary,Durham Constabulary,-1.698966,54.868864,On or near Bus/Coach Station,E01020661,County Durham 004A,Anti-social behaviour,,
,2020-05,Durham Constabulary,Durham Constabulary,-1.696267,54.873476,On or near Church Bank,E01020661,County Durham 004A,Anti-social behaviour,,
ae0b76be5af2ec30fcd050023fa590a110fa55d2e40c316e62db64c04527ad70,2020-05,Durham Constabulary,Durham Constabulary,-1.697368,54.872149,On or near Royal Road,E01020661,County Durham 004A,Burglary,Investigation complete; no suspect identified,
b593b0a6b2087506902ac34e5e705a182d63e4797c0c7cc8e133f8ad77796f80,2020-05,Durham Constabulary,Durham Constabulary,-1.695416,54.870562,On or near Thorneyholme Terrace,E01020661,County Durham 004A,Burglary,Investigation complete; no suspect identified,
77b2efb9b06ac468c092110506b522cdafd052a26ea9fe2f3c3947c2dc7aa954,2020-05,Durham Constabulary,Durham Constabulary,-1.699046,54.874894,On or near Sunny Terrace,E01020661,County Durham 004A,Drugs,Further investigation is not in the public interest,
4364393d9468c8af03fdb5275390b8972c807e2e4355b7b1495c7553bc786814,2020-05,Durham Constabulary,Durham Constabulary,-1.701041,54.868491,On or near Front Street,E01020661,County Durham 004A,Public order,Investigation complete; no suspect identified,
dbd9c06916a11373a097af2af68a82a01ddb968071683bfcbff7cd29b76fcf8d,2020-05,Durham Constabulary,Durham Constabulary,-1.701041,54.868491,On or near Front Street,E01020661,County Durham 004A,Public order,Unable to prosecute suspect,
b815de539832a741748e632ec3cf1462277fd47144dae7274cf0ca5bd47b55b5,2020-05,Durham Constabulary,Durham Constabulary,-1.698985,54.870463,On or near Shopping Area,E01020661,County Durham 004A,Shoplifting,Investigation complete; no suspect identified,
ad8ecd6f477a12da3374b960fed096076fd83c2207b9e91b9c158249260a57e0,2020-05,Durham Constabulary,Durham Constabulary,-1.698966,54.868864,On or near Bus/Coach Station,E01020661,County Durham 004A,Shoplifting,Investigation complete; no suspect identified,
acad52be4df1068e13fd572eb70cb1967feeee341af2bcb249bf91e8b05674fa,2020-05,Durham Constabulary,Durham Constabulary,-1.698985,54.870463,On or near Shopping Area,E01020661,County Durham 004A,Shoplifting,Investigation complete; no suspect identified,
63aa61775026c0a4fbb31889c7e537759f031688313506d0c08a8882bfbe8344,2020-05,Durham Constabulary,Durham Constabulary,-1.701041,54.868491,On or near Front Street,E01020661,County Durham 004A,Shoplifting,Investigation complete; no suspect identified,
64000316ab0092c7970e29500deececa6d15041f3595813c6f5fd6d0518ec0ea,2020-05,Durham Constabulary,Durham Constabulary,-1.698985,54.870463,On or near Shopping Area,E01020661,County Durham 004A,Shoplifting,Investigation complete; no suspect identified,
9ff3284615b83ee33b033e9920da93cefbac15a01974f10b558b785acc3140f9,2020-05,Durham Constabulary,Durham Constabulary,-1.698985,54.870463,On or near Shopping Area,E01020661,County Durham 004A,Shoplifting,Court result unavailable,
8d827e7a07dafc564dd7571f9a1532625f84ebe9c5fc9e52ac8b0f5f137794f1,2020-05,Durham Constabulary,Durham Constabulary,-1.695416,54.870562,On or near Thorneyholme Terrace,E01020661,County Durham 004A,Shoplifting,Court result unavailable,
7c2a42f2241a5b526199155c4d78916b5564106cf50c7dce5c0aa03e19386162,2020-05,Durham Constabulary,Durham Constabulary,-1.697865,54.876517,On or near Charnwood,E01020661,County Durham 004A,Vehicle crime,Suspect charged as part of another case,
bd4633541f3da4fe6b138d00f8d75c19e736118761adbc7985d73f430e7bc1a3,2020-05,Durham Constabulary,Durham Constabulary,-1.695773,54.876997,On or near The Birches,E01020661,County Durham 004A,Vehicle crime,Suspect charged as part of another case,
37b422fc71fa772104516e98296469ae7ab66bd1639a23cb1c942a646ee71b8d,2020-05,Durham Constabulary,Durham Constabulary,-1.705276,54.868924,On or near Bracken Close,E01020661,County Durham 004A,Violence and sexual offences,Unable to prosecute suspect,
b4ab7aed5b427cfeea53176e8dfe92df7c52acad617166c90d72cd7484f8bac7,2020-05,Durham Constabulary,Durham Constabulary,-1.705276,54.868924,On or near Bracken Close,E01020661,County Durham 004A,Violence and sexual offences,Unable to prosecute suspect,
b5690526732646ca6e6b7151b720c8ea0abe73db98549c4e5c6fed4dda64ab98,2020-05,Durham Constabulary,Durham Constabulary,-1.692884,54.873647,On or near Church Street,E01020661,County Durham 004A,Violence and sexual offences,Investigation complete; no suspect identified,
66247c361a3d775aad3efafc5a8133fb4cba9b8fb212e809db1b80b576221bf0,2020-05,Durham Constabulary,Durham Constabulary,-1.701041,54.868491,On or near Front Street,E01020661,County Durham 004A,Violence and sexual offences,Local resolution,
9032b0d25f9afb55aa8f994fd8a6623119c5c933665be0465f75617b4285a681,2020-05,Durham Constabulary,Durham Constabulary,-1.699381,54.875928,On or near Sunny Terrace,E01020661,County Durham 004A,Violence and sexual offences,Unable to prosecute suspect,
156864b4d6e6e8f28958bf9d9a60a656279ba6c1da03499a53327050ab55a8fd,2020-05,Durham Constabulary,Durham Constabulary,-1.705276,54.868924,On or near Bracken Close,E01020661,County Durham 004A,Violence and sexual offences,Unable to prosecute suspect,
a829967becc315b90726968cdfd442c8dd215fe717b2a1b9e9913359135ec554,2020-05,Durham Constabulary,Durham Constabulary,-1.692884,54.873647,On or near Church Street,E01020661,County Durham 004A,Other crime,Unable to prosecute suspect,
dedba30ab469a2dae32ef1848f8f799643a7c6df62182f094c6b844ab901f2cb,2020-05,Durham Constabulary,Durham Constabulary,-1.699046,54.874894,On or near Sunny Terrace,E01020661,County Durham 004A,Other crime,Further action is not in the public interest,
c663e0981079e2ee59bed62a429a101040b0906d9ccca6b39ac146edfbbe3628,2020-05,Durham Constabulary,Durham Constabulary,-1.692884,54.873647,On or near Church Street,E01020661,County Durham 004A,Other crime,Unable to prosecute suspect,
28acf460cdaebd509ab17f428f1c073131d036611dce95b710db74206d4d0af0,2020-05,Durham Constabulary,Durham Constabulary,-1.695416,54.870562,On or near Thorneyholme Terrace,E01020661,County Durham 004A,Other crime,Unable to prosecute suspect,
,2020-05,Durham Constabulary,Durham Constabulary,-1.691551,54.876825,On or near Robert Terrace,E01020662,County Durham 004B,Anti-social behaviour,,
,2020-05,Durham Constabulary,Durham Constabulary,-1.692867,54.875966,On or near Wylam Terrace,E01020662,County Durham 004B,Anti-social behaviour,,
,2020-05,Durham Constabulary,Durham Constabulary,-1.692224,54.876404,On or near Sylvia Terrace,E01020662,County Durham 004B,Anti-social behaviour,,
a3496685086959b2f238ba906e94ca134f251e9fe91b49dff69442b313c71671,2020-05,Durham Constabulary,Durham Constabulary,-1.689112,54.875839,On or near Wylam Road,E01020662,County Durham 004B,Criminal damage and arson,Unable to prosecute suspect,
89107cbd2739b2d961c37c37a46ff75c022f4445b47655762e8ef172d2532408,2020-05,Durham Constabulary,Durham Constabulary,-1.689112,54.875839,On or near Wylam Road,E01020662,County Durham 004B,Criminal damage and arson,Local resolution,
d4faac97915dae6f10045702429f573c11c7a088bda693c3a5139727a707af23,2020-05,Durham Constabulary,Durham Constabulary,-1.689112,54.875839,On or near Wylam Road,E01020662,County Durham 004B,Criminal damage and arson,Local resolution,
122dd7a156a1fe1ac8d75da4b1b66ff2e88c5c0a78fb5a6fc8afcce249646a57,2020-05,Durham Constabulary,Durham Constabulary,-1.688437,54.872414,On or near Petrol Station,E01020662,County Durham 004B,Other theft,Local resolution,
2d65a9e4afc8856f0523c3b91d5ac97a15aa3939c668936c4a019bfe6861f3f5,2020-05,Durham Constabulary,Durham Constabulary,-1.688437,54.872414,On or near Petrol Station,E01020662,County Durham 004B,Other theft,Unable to prosecute suspect,
eb0652366caf187bd192d93e882fe14842e2b8c23134d1cb21aa9fa3f3087986,2020-05,Durham Constabulary,Durham Constabulary,-1.692224,54.876404,On or near Sylvia Terrace,E01020662,County Durham 004B,Public order,Unable to prosecute suspect,
7a6829c02be52d20e59962c6226c125efade87c370cf6d2abf3ef6d8d31d9b18,2020-05,Durham Constabulary,Durham Constabulary,-1.688437,54.872414,On or near Petrol Station,E01020662,County Durham 004B,Shoplifting,Formal action is not in the public interest,
32ee02e776d3ce988bb4ac78872d0a7564e045b63a1b890f15d16ed7db4ab8e3,2020-05,Durham Constabulary,Durham Constabulary,-1.691144,54.877111,On or near Watson Street,E01020662,County Durham 004B,Vehicle crime,Investigation complete; no suspect identified,
5b7373f1b8d88a36adfb3b51d24ef5e3585d36462ffa5be511edd7245152c4d9,2020-05,Durham Constabulary,Durham Constabulary,-1.689112,54.875839,On or near Wylam Road,E01020662,County Durham 004B,Violence and sexual offences,Unable to prosecute suspect,
e12b31ccdfa23d8fded6bb306a99aed546f265c1d0283105d2adcd8acf5e1d36,2020-05,Durham Constabulary,Durham Constabulary,-1.689112,54.875839,On or near Wylam Road,E01020662,County Durham 004B,Violence and sexual offences,Unable to prosecute suspect,
91b3648b703f6aeb0e81066dda129b2c8e3a8c6bf3276cdc8c389ad80e6b420a,2020-05,Durham Constabulary,Durham Constabulary,-1.689112,54.875839,On or near Wylam Road,E01020662,County Durham 004B,Violence and sexual offences,Unable to prosecute suspect,
64588266c3318c81aa8775e788e8b3474e9675e18c68b0fe90f7de50a4af892d,2020-05,Durham Constabulary,Durham Constabulary,-1.692224,54.876404,On or near Sylvia Terrace,E01020662,County Durham 004B,Violence and sexual offences,Investigation complete; no suspect identified,
15dfd7ccd008752e9dac7c707ba2d8ed6dee01c313ead6e5e555d8d9c025bb45,2020-05,Durham Constabulary,Durham Constabulary,-1.691182,54.876132,On or near Catherine Terrace,E01020662,County Durham 004B,Violence and sexual offences,Court result unavailable,
b7b587fb7cf86b2d759ba9e034961bf62fe09eea37cc01ed7090679b0507774b,2020-05,Durham Constabulary,Durham Constabulary,-1.692224,54.876404,On or near Sylvia Terrace,E01020662,County Durham 004B,Violence and sexual offences,Unable to prosecute suspect,
,2020-05,Durham Constabulary,Durham Constabulary,-1.665235,54.874167,On or near Roseberry Street,E01020663,County Durham 004C,Anti-social behaviour,,
,2020-05,Durham Constabulary,Durham Constabulary,-1.688510,54.879055,On or near Kiphill Court,E01020663,County Durham 004C,Anti-social behaviour,,
,2020-05,Durham Constabulary,Durham Constabulary,-1.688451,54.880636,On or near Causey Road,E01020663,County Durham 004C,Anti-social behaviour,,
,2020-05,Durham Constabulary,Durham Constabulary,-1.663912,54.873993,On or near Gladstone Street,E01020663,County Durham 004C,Anti-social behaviour,,
,2020-05,Durham Constabulary,Durham Constabulary,-1.676233,54.872750,On or near Hill Top,E01020663,County Durham 004C,Anti-social behaviour,,
32d1e039dca0c76d5c7fa287ec85db39217ee6aed71f5af46ab7090a4454be2b,2020-05,Durham Constabulary,Durham Constabulary,-1.696498,54.880072,On or near Oakeys Road,E01020663,County Durham 004C,Burglary,Further investigation is not in the public interest,
0d2cdae98891e43f7b1423dd43984ab222fdbcee26322d04589e12fb3b59c1dd,2020-05,Durham Constabulary,Durham Constabulary,-1.664597,54.874022,On or near John Street,E01020663,County Durham 004C,Burglary,Investigation complete; no suspect identified,
47d325e8523032242440579142c41728ef2b839cdd752ea3d063d428d7e264fc,2020-05,Durham Constabulary,Durham Constabulary,-1.688555,54.881292,On or near Argyle Court,E01020663,County Durham 004C,Criminal damage and arson,Investigation complete; no suspect identified,
8b1e74d49ccc743da59e3c5acc0ada02605a5229fd9c38ef871d9119d2f61647,2020-05,Durham Constabulary,Durham Constabulary,-1.695027,54.876681,On or near Duncombe Crescent,E01020663,County Durham 004C,Criminal damage and arson,Court result unavailable,
750c9e34112bfb43a18cf97bb5dfd9a256798547780d8e800d4a47b0698da7eb,2020-05,Durham Constabulary,Durham Constabulary,-1.664597,54.874022,On or near John Street,E01020663,County Durham 004C,Drugs,Offender given a drugs possession warning,
e4670cd0604f0531e5dadb41ad360d22cf5f90d7e738789d9dd954500725ecf2,2020-05,Durham Constabulary,Durham Constabulary,-1.664597,54.874022,On or near John Street,E01020663,County Durham 004C,Other theft,Court result unavailable,
0e7dc037ebfa494d8696bb4895bf2ff32e626abaef4e1220dd07fff98d85c13c,2020-05,Durham Constabulary,Durham Constabulary,-1.688429,54.879450,On or near Petrol Station,E01020663,County Durham 004C,Other theft,Further investigation is not in the public interest,
4416d0c75d9019f3fed353ee5751ae94fccbf1d110bc8eb97e27adc8053894af,2020-05,Durham Constabulary,Durham Constabulary,-1.664597,54.874022,On or near John Street,E01020663,County Durham 004C,Other theft,Unable to prosecute suspect,
b876138fc327697322dcd5d99e7b3dc561abce5fea8251102a05485640d92758,2020-05,Durham Constabulary,Durham Constabulary,-1.676233,54.872750,On or near Hill Top,E01020663,County Durham 004C,Public order,Unable to prosecute suspect,
fb208203df7475cff89ec2a34bed85a8c1de86edf76e2f0c1ab77f4f0a362021,2020-05,Durham Constabulary,Durham Constabulary,-1.663912,54.873993,On or near Gladstone Street,E01020663,County Durham 004C,Public order,Unable to prosecute suspect,
fae7f429ab36dba00304f203fd9c2c7c912ddf064c99a37cddddcdd045598674,2020-05,Durham Constabulary,Durham Constabulary,-1.696498,54.880072,On or near Oakeys Road,E01020663,County Durham 004C,Vehicle crime,Court result unavailable,
6c13ef4616b2006256c1c3ee06915ebfde590c0aef77da2b8423015fa9b0ea0b,2020-05,Durham Constabulary,Durham Constabulary,-1.689928,54.881143,On or near James Street,E01020663,County Durham 004C,Vehicle crime,Suspect charged as part of another case,
e338697e6cc89644acc0b17c9fbb2424d4c3c61a4b6890895c909e54d3d74258,2020-05,Durham Constabulary,Durham Constabulary,-1.696498,54.880072,On or near Oakeys Road,E01020663,County Durham 004C,Vehicle crime,Court result unavailable,
9d470f34dc72ffde2daeb6101160f0fe88b68532f0b264d95e4676ff31dc4b3a,2020-05,Durham Constabulary,Durham Constabulary,-1.689928,54.881143,On or near James Street,E01020663,County Durham 004C,Vehicle crime,Suspect charged as part of another case,
20c3969c49408630a56f242dcb03650fae65b459cfa246dec0b4b33cc4487fa8,2020-05,Durham Constabulary,Durham Constabulary,-1.688555,54.881292,On or near Argyle Court,E01020663,County Durham 004C,Violence and sexual offences,Unable to prosecute suspect,
326e028b9fca361916cc3966b40b9979691948838f229aa0d9ebf1688283c022,2020-05,Durham Constabulary,Durham Constabulary,-1.665235,54.874167,On or near Roseberry Street,E01020663,County Durham 004C,Violence and sexual offences,Investigation complete; no suspect identified,
8e044fa0ac228ed7e5c4179551dbc1bca7751aacd90d9e3d7377a6dfdd7834d4,2020-05,Durham Constabulary,Durham Constabulary,-1.664597,54.874022,On or near John Street,E01020663,County Durham 004C,Violence and sexual offences,Unable to prosecute suspect,
162ef17c2caae87c8e95ed5bb5f42e1c99a2d63cef61832ebc12c7dae26cb5c1,2020-05,Durham Constabulary,Durham Constabulary,-1.663912,54.873993,On or near Gladstone Street,E01020663,County Durham 004C,Violence and sexual offences,Unable to prosecute suspect,
6057dfd2331d9595e82e5ec78525be7aab612bddb61a420412330c0b92c236a8,2020-05,Durham Constabulary,Durham Constabulary,-1.688555,54.881292,On or near Argyle Court,E01020663,County Durham 004C,Violence and sexual offences,Unable to prosecute suspect,
60879ea15d53c4e4fad79fc71dfc302125f9b14cddd7ec1626cb977cf8e2a49c,2020-05,Durham Constabulary,Durham Constabulary,-1.664597,54.874022,On or near John Street,E01020663,County Durham 004C,Violence and sexual offences,Investigation complete; no suspect identified,
bf5c7a30a7eebc1decd28ad016cf7613efb76cbb9c6f0f92af739a729258beba,2020-05,Durham Constabulary,Durham Constabulary,-1.695027,54.876681,On or near Duncombe Crescent,E01020663,County Durham 004C,Violence and sexual offences,Status update unavailable,
8e5649081b00f5f17548b769ddabe73af45d46249fa2ff82a60a4ef31a035654,2020-05,Durham Constabulary,Durham Constabulary,-1.695027,54.876681,On or near Duncombe Crescent,E01020663,County Durham 004C,Violence and sexual offences,Unable to prosecute suspect,
98a33b1ca4788e1aae134a9b426c544af98f2a9dcefef3948ec85f1786fa7a6f,2020-05,Durham Constabulary,Durham Constabulary,-1.695027,54.876681,On or near Duncombe Crescent,E01020663,County Durham 004C,Violence and sexual offences,Status update unavailable,
e30d08f64866ee07e82e497d1bf751c44512fb33ba3b5f276a7a59403a9c6df0,2020-05,Durham Constabulary,Durham Constabulary,-1.695027,54.876681,On or near Duncombe Crescent,E01020663,County Durham 004C,Other crime,Unable to prosecute suspect,
,2020-05,Durham Constabulary,Durham Constabulary,-1.676688,54.868492,On or near Elgin Grove,E01020674,County Durham 004D,Anti-social behaviour,,
,2020-05,Durham Constabulary,Durham Constabulary,-1.673344,54.869669,On or near Brentwood Court,E01020674,County Durham 004D,Anti-social behaviour,,
,2020-05,Durham Constabulary,Durham Constabulary,-1.682885,54.871015,On or near Betjeman Close,E01020674,County Durham 004D,Anti-social behaviour,,
,2020-05,Durham Constabulary,Durham Constabulary,-1.682885,54.871015,On or near Betjeman Close,E01020674,County Durham 004D,Anti-social behaviour,,
,2020-05,Durham Constabulary,Durham Constabulary,-1.676601,54.869516,On or near Colville Court,E01020674,County Durham 004D,Anti-social behaviour,,
c7fbccaf8835fa25c2820105d28057ac1f31a7a1b0ffb7e8bf3908399f724215,2020-05,Durham Constabulary,Durham Constabulary,-1.676601,54.869516,On or near Colville Court,E01020674,County Durham 004D,Drugs,Unable to prosecute suspect,
2ad955aa19197b70edd6d14835da49088f0a4cc3814d48f3534b1c0ecca27d5a,2020-05,Durham Constabulary,Durham Constabulary,-1.673800,54.872950,On or near Beamish Rise,E01020674,County Durham 004D,Other theft,Investigation complete; no suspect identified,
ed9afd08b1c2a2348427565238eab88a1d8217ce94191b0a3ec9f3b83d5ce9c9,2020-05,Durham Constabulary,Durham Constabulary,-1.676688,54.868492,On or near Elgin Grove,E01020674,County Durham 004D,Other theft,Unable to prosecute suspect,
415be0e1858ef75f8b304a438c1805ad28cc43618737a27627369fe5b265254f,2020-05,Durham Constabulary,Durham Constabulary,-1.673800,54.872950,On or near Beamish Rise,E01020674,County Durham 004D,Violence and sexual offences,Local resolution,
20bb2bb36be3ed056236d1b3e03efd6bb39cff0bef01a982c56a89a15cb5aece,2020-05,Durham Constabulary,Durham Constabulary,-1.673800,54.872950,On or near Beamish Rise,E01020674,County Durham 004D,Violence and sexual offences,Local resolution,
8060299adef3967d54f495e154d7f72c0f8c5b2e8ef51525a29ee5adb8fec224,2020-05,Durham Constabulary,Durham Constabulary,-1.682885,54.871015,On or near Betjeman Close,E01020674,County Durham 004D,Violence and sexual offences,Unable to prosecute suspect,
,2020-05,Durham Constabulary,Durham Constabulary,-1.714132,54.876997,On or near Bowmont Drive,E01020678,County Durham 004E,Anti-social behaviour,,
,2020-05,Durham Constabulary,Durham Constabulary,-1.714132,54.876997,On or near Bowmont Drive,E01020678,County Durham 004E,Anti-social behaviour,,
,2020-05,Durham Constabulary,Durham Constabulary,-1.704610,54.876929,On or near Good Street,E01020678,County Durham 004E,Anti-social behaviour,,
,2020-05,Durham Constabulary,Durham Constabulary,-1.714132,54.876997,On or near Bowmont Drive,E01020678,County Durham 004E,Anti-social behaviour,,
,2020-05,Durham Constabulary,Durham Constabulary,-1.704610,54.876929,On or near Good Street,E01020678,County Durham 004E,Anti-social behaviour,,
b02346bc2e79053f307bc67410237829ab220a066a580662818832777370ccf9,2020-05,Durham Constabulary,Durham Constabulary,-1.714154,54.878309,On or near The Bungalows,E01020678,County Durham 004E,Criminal damage and arson,Local resolution,
90fb7cbcb9e84470f964eba2c97d2ca2161883dc52f516a0bd83afd1adfd5e2e,2020-05,Durham Constabulary,Durham Constabulary,-1.704610,54.876929,On or near Good Street,E01020678,County Durham 004E,Criminal damage and arson,Local resolution,
8525cb540fe7b9f5d782f4927d3270eb95b6299afacb24564c286fa788fd95b9,2020-05,Durham Constabulary,Durham Constabulary,-1.704610,54.876929,On or near Good Street,E01020678,County Durham 004E,Drugs,Offender given a drugs possession warning,
a71d6c21d77697c94e8224bdc5a189b17c5f7cdd5b93ba420558006cc7db4d12,2020-05,Durham Constabulary,Durham Constabulary,-1.707924,54.875598,On or near Sports/Recreation Area,E01020678,County Durham 004E,Public order,Unable to prosecute suspect,
ab5cf0ec75abd37fc28d9867ece40d4dafbe56648b0a89395d521b512cfc42d7,2020-05,Durham Constabulary,Durham Constabulary,-1.707924,54.875598,On or near Sports/Recreation Area,E01020678,County Durham 004E,Violence and sexual offences,Unable to prosecute suspect,
1f456148e087f3b8f87dfedb9eb96dff1f20b9ab9f8beb56e7da52b57d2c166c,2020-05,Durham Constabulary,Durham Constabulary,-1.707924,54.875598,On or near Sports/Recreation Area,E01020678,County Durham 004E,Violence and sexual offences,Unable to prosecute suspect,
46aeb0e4ace62ad8ce8ee7af695ad554ad3a8517b6182d87da76e681fd724e26,2020-05,Durham Constabulary,Durham Constabulary,-1.707924,54.875598,On or near Sports/Recreation Area,E01020678,County Durham 004E,Violence and sexual offences,Unable to prosecute suspect,
76abfe3b69ee55a00756e58fbd5dee8d10943be3ae6f9202173b85270bfc882b,2020-05,Durham Constabulary,Durham Constabulary,-1.707924,54.875598,On or near Sports/Recreation Area,E01020678,County Durham 004E,Violence and sexual offences,Unable to prosecute suspect,
b72ea1e4e23298b9dd6dc4d9e5f8634befd8381a7e2a31d87ca9486279c7a84b,2020-05,Durham Constabulary,Durham Constabulary,-1.707924,54.875598,On or near Sports/Recreation Area,E01020678,County Durham 004E,Violence and sexual offences,Unable to prosecute suspect,
cc759aacbed10086aa99a1a287b55212e3adf22e0f7333fa5e1c6cd582e2ad21,2020-05,Durham Constabulary,Durham Constabulary,-1.707924,54.875598,On or near Sports/Recreation Area,E01020678,County Durham 004E,Violence and sexual offences,Unable to prosecute suspect,
92d4bc6fa5187a1b80b5509a1f67c1a83ab092724b72cc9b14aeaaf0888b98d8,2020-05,Durham Constabulary,Durham Constabulary,-1.707924,54.875598,On or near Sports/Recreation Area,E01020678,County Durham 004E,Violence and sexual offences,Unable to prosecute suspect,
b61d9b784ea9fc07d4a245fa73c74a4504491c9af8f632e7107a93f835a6da2e,2020-05,Durham Constabulary,Durham Constabulary,-1.707924,54.875598,On or near Sports/Recreation Area,E01020678,County Durham 004E,Violence and sexual offences,Unable to prosecute suspect,
5698a564695c1f92cfe29ea57f4bba9c77d8f2ab7f18e4cdfb5a3ba6c29e2a5b,2020-05,Durham Constabulary,Durham Constabulary,-1.704610,54.876929,On or near Good Street,E01020678,County Durham 004E,Violence and sexual offences,Unable to prosecute suspect,
0048c9d966d525e7c2f32ec7e2e26a9ed60d63ff286b9d7574b9d1b891943d85,2020-05,Durham Constabulary,Durham Constabulary,-1.704610,54.876929,On or near Good Street,E01020678,County Durham 004E,Violence and sexual offences,Unable to prosecute suspect,
,2020-05,Durham Constabulary,Durham Constabulary,-1.637362,54.863106,On or near Queen Street,E01020606,County Durham 005A,Anti-social behaviour,,
,2020-05,Durham Constabulary,Durham Constabulary,-1.641244,54.871493,On or near Edenfield,E01020606,County Durham 005A,Anti-social behaviour,,
,2020-05,Durham Constabulary,Durham Constabulary,-1.634824,54.862883,On or near Grange Court,E01020606,County Durham 005A,Anti-social behaviour,,
,2020-05,Durham Constabulary,Durham Constabulary,-1.636754,54.863149,On or near Albert Street,E01020606,County Durham 005A,Anti-social behaviour,,
,2020-05,Durham Constabulary,Durham Constabulary,-1.637885,54.863835,On or near Pine Street,E01020606,County Durham 005A,Anti-social behaviour,,
,2020-05,Durham Constabulary,Durham Constabulary,-1.640810,54.869505,On or near Orchard Close,E01020606,County Durham 005A,Anti-social behaviour,,
d6fa98f4f34c3a3adb3f8dc26b2f463d944c9cf087df97756ce09f599977b8d9,2020-05,Durham Constabulary,Durham Constabulary,-1.636754,54.863149,On or near Albert Street,E01020606,County Durham 005A,Burglary,Unable to prosecute suspect,
393dd097e28b468c0a308a626cc68c6904e089ab2b40fdd300168fac07dfef64,2020-05,Durham Constabulary,Durham Constabulary,-1.637362,54.863106,On or near Queen Street,E01020606,County Durham 005A,Burglary,Offender given a caution,
410c9174d5e5d01eeb954e95adb3e656c908754cd627e97dabbc121c5466a057,2020-05,Durham Constabulary,Durham Constabulary,-1.636754,54.863149,On or near Albert Street,E01020606,County Durham 005A,Criminal damage and arson,Investigation complete; no suspect identified,
42372474a36ddb21ca2e9ee1ea8ea8c3b6b1b87f539c6a5bca7bb6ba60c0165a,2020-05,Durham Constabulary,Durham Constabulary,-1.636754,54.863149,On or near Albert Street,E01020606,County Durham 005A,Criminal damage and arson,Investigation complete; no suspect identified,
f4d3908b0bdaf6c009669205d202f66148a1807f8f76c7225475f8e79befb225,2020-05,Durham Constabulary,Durham Constabulary,-1.637885,54.863835,On or near Pine Street,E01020606,County Durham 005A,Criminal damage and arson,Local resolution,
a07043b0e00fe85dbbf64c70547821dbd11f2ce20a19dd9ed31800403718496a,2020-05,Durham Constabulary,Durham Constabulary,-1.636130,54.863201,On or near West Street,E01020606,County Durham 005A,Criminal damage and arson,Unable to prosecute suspect,
c6edefa02fd830237379441ccc343fc22f69c5adb2de1ca481fc9c96da98e05d,2020-05,Durham Constabulary,Durham Constabulary,-1.637362,54.863106,On or near Queen Street,E01020606,County Durham 005A,Criminal damage and arson,Unable to prosecute suspect,
00ea01bb3ad7ea5f3b5871fc93261e98d54aba89a6ca03a0c55e21e3a39b3cc1,2020-05,Durham Constabulary,Durham Constabulary,-1.634824,54.862883,On or near Grange Court,E01020606,County Durham 005A,Criminal damage and arson,Investigation complete; no suspect identified,
479139f397900f03375c05f7c1b58144fe99497bad24816ddde504965a88fb66,2020-05,Durham Constabulary,Durham Constabulary,-1.637885,54.863835,On or near Pine Street,E01020606,County Durham 005A,Criminal damage and arson,Unable to prosecute suspect,
c8c4d16fa85597b434a5333c469f63d67926232f21489286b828e2ec9085724e,2020-05,Durham Constabulary,Durham Constabulary,-1.639849,54.870671,On or near Summerfield,E01020606,County Durham 005A,Criminal damage and arson,Unable to prosecute suspect,
0cb33bc8be5b1a00a495d43d24fd701ba611c758d297cec3eb21a1f895fc5b72,2020-05,Durham Constabulary,Durham Constabulary,-1.641244,54.871493,On or near Edenfield,E01020606,County Durham 005A,Criminal damage and arson,Investigation complete; no suspect identified,
196cf28010d5fd1d80c1bfef31a2928cae1b1f4017d44bd4b15c1498c5063e25,2020-05,Durham Constabulary,Durham Constabulary,-1.640810,54.869505,On or near Orchard Close,E01020606,County Durham 005A,Criminal damage and arson,Investigation complete; no suspect identified,
afa37d132837800f7e41ed41eb109ee2f6c0aca6393d50ec14558d3c0e1d728c,2020-05,Durham Constabulary,Durham Constabulary,-1.636754,54.863149,On or near Albert Street,E01020606,County Durham 005A,Other theft,Investigation complete; no suspect identified,
d201047c488e21d1fea52ad2b4f3f908e72d80e799959d170f5ae928738da527,2020-05,Durham Constabulary,Durham Constabulary,-1.637362,54.863106,On or near Queen Street,E01020606,County Durham 005A,Other theft,Investigation complete; no suspect identified,
4c92fc44633bab262a4c2ef8383c0ff5f9ddafd7f79936c97faf40ab8b0b36a5,2020-05,Durham Constabulary,Durham Constabulary,-1.640810,54.869505,On or near Orchard Close,E01020606,County Durham 005A,Public order,Investigation complete; no suspect identified,
4bbd50b3ae7f5b6f24948654bdd42a419916253e09851b15d74690bfeec4f91c,2020-05,Durham Constabulary,Durham Constabulary,-1.637362,54.863106,On or near Queen Street,E01020606,County Durham 005A,Public order,Unable to prosecute suspect,
a011a5ff0a2c521fee9bc7aba8338ce7d03080908284a27fd5c1c365ada41602,2020-05,Durham Constabulary,Durham Constabulary,-1.637362,54.863106,On or near Queen Street,E01020606,County Durham 005A,Public order,Court result unavailable,
7c1d9521b9043a054a85895b641a9570dff4c4d1a8e450f5f1c1fff000eab92e,2020-05,Durham Constabulary,Durham Constabulary,-1.640810,54.869505,On or near Orchard Close,E01020606,County Durham 005A,Public order,Unable to prosecute suspect,
04b3bcd22a1f4186074dcd4324f1087e60bacf58deda79bf8efbe9238b22b6d9,2020-05,Durham Constabulary,Durham Constabulary,-1.637885,54.863835,On or near Pine Street,E01020606,County Durham 005A,Violence and sexual offences,Investigation complete; no suspect identified,
9ddf2d4f74b8bd2bceebf0e7eaf174488292058a0fa097e2d684e96c3e3d0fdb,2020-05,Durham Constabulary,Durham Constabulary,-1.637885,54.863835,On or near Pine Street,E01020606,County Durham 005A,Violence and sexual offences,Local resolution,
4062fdb55bfb6d8db6132771a427a7acddf2480aaf1873f6abe4f0ac7f617203,2020-05,Durham Constabulary,Durham Constabulary,-1.636754,54.863149,On or near Albert Street,E01020606,County Durham 005A,Violence and sexual offences,Unable to prosecute suspect,
01ac0e2e7535e232a5103ef6f4073a4a1a48faaab41c9c7fdf748611310eeabd,2020-05,Durham Constabulary,Durham Constabulary,-1.641244,54.871493,On or near Edenfield,E01020606,County Durham 005A,Violence and sexual offences,Unable to prosecute suspect,
5fb8d4fe02b231fc2fd78cfc9dd2f627a3dd8418623138ce5393f58d1a41c20c,2020-05,Durham Constabulary,Durham Constabulary,-1.637362,54.863106,On or near Queen Street,E01020606,County Durham 005A,Violence and sexual offences,Unable to prosecute suspect,
65d0043359f0c2ec2dcf96cb2e4289b30ae6d7e0ed442dd964774273b33d0008,2020-05,Durham Constabulary,Durham Constabulary,-1.636754,54.863149,On or near Albert Street,E01020606,County Durham 005A,Violence and sexual offences,Unable to prosecute suspect,
c1c7b510c7996457c7cd1c9717a8f20c1ef5cb58899a40e5f9f28aa682469eff,2020-05,Durham Constabulary,Durham Constabulary,-1.637362,54.863106,On or near Queen Street,E01020606,County Durham 005A,Other crime,Unable to prosecute suspect,
680be9c612deaa0f3c9eeafc8dfca56f7bd3363d7eea12a21f7d30dc9b04f039,2020-05,Durham Constabulary,Durham Constabulary,-1.641244,54.871493,On or near Edenfield,E01020606,County Durham 005A,Other crime,Local resolution,
,2020-05,Durham Constabulary,Durham Constabulary,-1.599536,54.877141,On or near Conway Place,E01020615,County Durham 005B,Anti-social behaviour,,
,2020-05,Durham Constabulary,Durham Constabulary,-1.606708,54.873686,On or near Ernest Street,E01020615,County Durham 005B,Anti-social behaviour,,
,2020-05,Durham Constabulary,Durham Constabulary,-1.601105,54.876121,On or near Ouston Lane,E01020615,County Durham 005B,Anti-social behaviour,,
,2020-05,Durham Constabulary,Durham Constabulary,-1.598046,54.876597,On or near Brecon Place,E01020615,County Durham 005B,Anti-social behaviour,,
,2020-05,Durham Constabulary,Durham Constabulary,-1.606708,54.873686,On or near Ernest Street,E01020615,County Durham 005B,Anti-social behaviour,,
,2020-05,Durham Constabulary,Durham Constabulary,-1.598046,54.876597,On or near Brecon Place,E01020615,County Durham 005B,Anti-social behaviour,,
,2020-05,Durham Constabulary,Durham Constabulary,-1.606708,54.873686,On or near Ernest Street,E01020615,County Durham 005B,Anti-social behaviour,,
66ac9548c701fee37eb3f33c46263f10f58c7720fed3084ddc451cc76e998694,2020-05,Durham Constabulary,Durham Constabulary,-1.605332,54.874158,On or near Barbary Close,E01020615,County Durham 005B,Burglary,Court result unavailable,
e8a638562fbf9c1984387089de58b37e01715b99c863b8dd580e25b117f9a4a9,2020-05,Durham Constabulary,Durham Constabulary,-1.599536,54.877141,On or near Conway Place,E01020615,County Durham 005B,Criminal damage and arson,Unable to prosecute suspect,
0c74e03f19e90803d13304aaa78f70578507280580232b30cdf7730c0e35c283,2020-05,Durham Constabulary,Durham Constabulary,-1.606708,54.873686,On or near Ernest Street,E01020615,County Durham 005B,Criminal damage and arson,Unable to prosecute suspect,
b9f5b39cec3d9f664cac6e2b0415280e6407806b8ba35a367528c8f08674ba65,2020-05,Durham Constabulary,Durham Constabulary,-1.606035,54.873945,On or near Constance Street,E01020615,County Durham 005B,Criminal damage and arson,Investigation complete; no suspect identified,
3cb12301aacb57285ead84c067fc4dfceb166685140e8c8caea6e9fb6fb27438,2020-05,Durham Constabulary,Durham Constabulary,-1.598653,54.875107,On or near Gairloch Drive,E01020615,County Durham 005B,Criminal damage and arson,Investigation complete; no suspect identified,
ef51d97a9827ec09aa675f6b097ceb5bd9e69a757b1f6661f88f673bff1a6da8,2020-05,Durham Constabulary,Durham Constabulary,-1.602010,54.874444,On or near Pedestrian Subway,E01020615,County Durham 005B,Other theft,Investigation complete; no suspect identified,
a77032a89cf0be3701678497988f160f8bf42c241c8f176499e66e9b119392ba,2020-05,Durham Constabulary,Durham Constabulary,-1.601105,54.876121,On or near Ouston Lane,E01020615,County Durham 005B,Public order,Unable to prosecute suspect,
4e132efec9efaa0defc62a5fa87373ab08a36e7611d3e3eaa718cf8057d7be58,2020-05,Durham Constabulary,Durham Constabulary,-1.601105,54.876121,On or near Ouston Lane,E01020615,County Durham 005B,Public order,Unable to prosecute suspect,
9c7d0eae0263e77a96caec2c382f1b177eb498db0c23f4c666e1b4926f69239c,2020-05,Durham Constabulary,Durham Constabulary,-1.599536,54.877141,On or near Conway Place,E01020615,County Durham 005B,Violence and sexual offences,Court result unavailable,
58cda4b23968dcc5366e8717e92408526cd60d9f2a38439ac9d66c0037f94142,2020-05,Durham Constabulary,Durham Constabulary,-1.606708,54.873686,On or near Ernest Street,E01020615,County Durham 005B,Violence and sexual offences,Unable to prosecute suspect,
911404c629064cbf8aa7655106bafa0b575de5508682e7bcb5e0d627a6e7673a,2020-05,Durham Constabulary,Durham Constabulary,-1.599536,54.877141,On or near Conway Place,E01020615,County Durham 005B,Violence and sexual offences,Unable to prosecute suspect,
3e2dcdd23468f951731868f711c8e8b1223f7c3f54eb9f00623cd142180179f3,2020-05,Durham Constabulary,Durham Constabulary,-1.598653,54.875107,On or near Gairloch Drive,E01020615,County Durham 005B,Violence and sexual offences,Unable to prosecute suspect,
c56f4e3291a6973c35365512a6674d852250a94d1df1c58f33ccf568da2fd414,2020-05,Durham Constabulary,Durham Constabulary,-1.599536,54.877141,On or near Conway Place,E01020615,County Durham 005B,Violence and sexual offences,Unable to prosecute suspect,
c7e1c3e522ab772f6176ba27f9f2a45ffb6ba38e5fbda85386c35b0ab9d3f51c,2020-05,Durham Constabulary,Durham Constabulary,-1.599536,54.877141,On or near Conway Place,E01020615,County Durham 005B,Violence and sexual offences,Unable to prosecute suspect,
03b48638ed3ac42901b5c96abde998a23f73f7e39d4b621eeb043a0b68a1e463,2020-05,Durham Constabulary,Durham Constabulary,-1.598046,54.876597,On or near Brecon Place,E01020615,County Durham 005B,Violence and sexual offences,Unable to prosecute suspect,
d3fcd1a6cc6fc9f9a79f446138b7b4bdd9cb5ca0244105c20a89d2d7a5ab44b4,2020-05,Durham Constabulary,Durham Constabulary,-1.599536,54.877141,On or near Conway Place,E01020615,County Durham 005B,Violence and sexual offences,Unable to prosecute suspect,
0de84daad608bf6a67f77a0ffd265d4ab604f6360dabedde3dd41c067351139f,2020-05,Durham Constabulary,Durham Constabulary,-1.598046,54.876597,On or near Brecon Place,E01020615,County Durham 005B,Violence and sexual offences,Unable to prosecute suspect,
ef1ffe9f080f26ae9c8787d436e624fc5140f2473a133bb9ca84d5d538ada3ce,2020-05,Durham Constabulary,Durham Constabulary,-1.598046,54.876597,On or near Brecon Place,E01020615,County Durham 005B,Violence and sexual offences,Unable to prosecute suspect,
c58946e75a524c35e21b1d74a112fcc60de17eb77f963af748240b02754d114d,2020-05,Durham Constabulary,Durham Constabulary,-1.599536,54.877141,On or near Conway Place,E01020615,County Durham 005B,Violence and sexual offences,Unable to prosecute suspect,
14f65a59bdee9b177f92ae235da8a10beae3b9ac72ab749f7496c428b759e587,2020-05,Durham Constabulary,Durham Constabulary,-1.598046,54.876597,On or near Brecon Place,E01020615,County Durham 005B,Violence and sexual offences,Unable to prosecute suspect,
8904361052f49a858a1793f023c4b68f89e9c287609f5d16f2d341167ef99f72,2020-05,Durham Constabulary,Durham Constabulary,-1.606708,54.873686,On or near Ernest Street,E01020615,County Durham 005B,Violence and sexual offences,Unable to prosecute suspect,
,2020-05,Durham Constabulary,Durham Constabulary,-1.608638,54.873854,On or near Hylton Terrace,E01020616,County Durham 005C,Anti-social behaviour,,
,2020-05,Durham Constabulary,Durham Constabulary,-1.608638,54.873854,On or near Hylton Terrace,E01020616,County Durham 005C,Anti-social behaviour,,
,2020-05,Durham Constabulary,Durham Constabulary,-1.609998,54.871828,On or near Vicarage Close,E01020616,County Durham 005C,Anti-social behaviour,,
,2020-05,Durham Constabulary,Durham Constabulary,-1.608928,54.871348,On or near Elwin Place,E01020616,County Durham 005C,Anti-social behaviour,,
,2020-05,Durham Constabulary,Durham Constabulary,-1.613486,54.873708,On or near Greenacres,E01020616,County Durham 005C,Anti-social behaviour,,
,2020-05,Durham Constabulary,Durham Constabulary,-1.608631,54.873046,On or near Police Station,E01020616,County Durham 005C,Anti-social behaviour,,
,2020-05,Durham Constabulary,Durham Constabulary,-1.608638,54.873854,On or near Hylton Terrace,E01020616,County Durham 005C,Anti-social behaviour,,
,2020-05,Durham Constabulary,Durham Constabulary,-1.610272,54.870858,On or near The Wynd,E01020616,County Durham 005C,Anti-social behaviour,,
,2020-05,Durham Constabulary,Durham Constabulary,-1.609998,54.871828,On or near Vicarage Close,E01020616,County Durham 005C,Anti-social behaviour,,
,2020-05,Durham Constabulary,Durham Constabulary,-1.611759,54.873460,On or near Sandyford,E01020616,County Durham 005C,Anti-social behaviour,,
,2020-05,Durham Constabulary,Durham Constabulary,-1.609998,54.871828,On or near Vicarage Close,E01020616,County Durham 005C,Anti-social behaviour,,
,2020-05,Durham Constabulary,Durham Constabulary,-1.607752,54.872099,On or near Grange Street,E01020616,County Durham 005C,Anti-social behaviour,,
,2020-05,Durham Constabulary,Durham Constabulary,-1.605736,54.872623,On or near Fieldside,E01020616,County Durham 005C,Anti-social behaviour,,
,2020-05,Durham Constabulary,Durham Constabulary,-1.613486,54.873708,On or near Greenacres,E01020616,County Durham 005C,Anti-social behaviour,,
,2020-05,Durham Constabulary,Durham Constabulary,-1.604054,54.871009,On or near Brackenbeds Close,E01020616,County Durham 005C,Anti-social behaviour,,
8b47c58a4165cdcc177a141bddc1fdd97cedac8f3a41ea19ab9a5f9a8008ca91,2020-05,Durham Constabulary,Durham Constabulary,-1.608859,54.873559,On or near Ivyway,E01020616,County Durham 005C,Burglary,Unable to prosecute suspect,
75391b27f5f57811aca82e180de3b04967a6b006c9d598e2b7e6aa6ea124af1b,2020-05,Durham Constabulary,Durham Constabulary,-1.608638,54.873854,On or near Hylton Terrace,E01020616,County Durham 005C,Criminal damage and arson,Investigation complete; no suspect identified,
dc199be17d3f7706a3890df66877980dfcd2a3420df906dd5e8cfe852fc2e119,2020-05,Durham Constabulary,Durham Constabulary,-1.609998,54.871828,On or near Vicarage Close,E01020616,County Durham 005C,Drugs,Court result unavailable,
a8926bd4aa3d76e4aaf503f23f2a6d17520cfb3ea8c973c2571029a76440a6f2,2020-05,Durham Constabulary,Durham Constabulary,-1.613486,54.873708,On or near Greenacres,E01020616,County Durham 005C,Other theft,Unable to prosecute suspect,
79e535042eb5b5e4775a3f6455143d2b3660b443b04e06f3c4ab35f67fb80222,2020-05,Durham Constabulary,Durham Constabulary,-1.608268,54.871921,On or near Orchard Street,E01020616,County Durham 005C,Other theft,Local resolution,
39538c57d5c4a4ce8683e9ad988f27bd5b8adf7306432228dfd30b5e7535d5e1,2020-05,Durham Constabulary,Durham Constabulary,-1.613486,54.873708,On or near Greenacres,E01020616,County Durham 005C,Other theft,Unable to prosecute suspect,
949f59d32aba66b198e6cd5cb4855b255013dd92870e63d09408d14ec298f30f,2020-05,Durham Constabulary,Durham Constabulary,-1.608638,54.873854,On or near Hylton Terrace,E01020616,County Durham 005C,Other theft,Investigation complete; no suspect identified,
ca7fe7daff4db36eba2feb05803877bbb9ee5aad80d817803cacd4e868119d22,2020-05,Durham Constabulary,Durham Constabulary,-1.610741,54.873960,On or near Middlefield,E01020616,County Durham 005C,Violence and sexual offences,Unable to prosecute suspect,
dbc0e9a49937922b52a238e3a9352ae86118256963cc153838148e616823f779,2020-05,Durham Constabulary,Durham Constabulary,-1.613486,54.873708,On or near Greenacres,E01020616,County Durham 005C,Violence and sexual offences,Unable to prosecute suspect,
7f90c4005f56f82490811142094ff2ddf892eef33b2f74743bb37b758a25d5e3,2020-05,Durham Constabulary,Durham Constabulary,-1.608878,54.871689,On or near Wood Street,E01020616,County Durham 005C,Violence and sexual offences,Unable to prosecute suspect,
10800f9ba75c75a333a10051bfb342b0f9b79b3f8e2f5a7bb42d8d548580d86c,2020-05,Durham Constabulary,Durham Constabulary,-1.610741,54.873960,On or near Middlefield,E01020616,County Durham 005C,Violence and sexual offences,Unable to prosecute suspect,
ec0a89b224a689b4c415d281bc0e5d93b1463e2e061d8c2b442d04a2caf051d8,2020-05,Durham Constabulary,Durham Constabulary,-1.608638,54.873854,On or near Hylton Terrace,E01020616,County Durham 005C,Violence and sexual offences,Unable to prosecute suspect,
f1af088ae61ab2ae95f0faae3a4447d141da88e59cf0df8a433d881dc1147816,2020-05,Durham Constabulary,Durham Constabulary,-1.608928,54.871348,On or near Elwin Place,E01020616,County Durham 005C,Violence and sexual offences,Unable to prosecute suspect,
21a8349964f2073e7b548d513c36d22ff98efb6433db18f16480920162b76484,2020-05,Durham Constabulary,Durham Constabulary,-1.610741,54.873960,On or near Middlefield,E01020616,County Durham 005C,Violence and sexual offences,Unable to prosecute suspect,
b6c8aaeb60c381ffaff7a867301e870ddd32321cc35aaa670fe4de79d20f26cd,2020-05,Durham Constabulary,Durham Constabulary,-1.608638,54.873854,On or near Hylton Terrace,E01020616,County Durham 005C,Violence and sexual offences,Investigation complete; no suspect identified,
81a2cf9664c2757b02fac72998549bb3c3cb124f924edaaf39a3c778b7065bf8,2020-05,Durham Constabulary,Durham Constabulary,-1.605071,54.872153,On or near Southfield,E01020616,County Durham 005C,Violence and sexual offences,Unable to prosecute suspect,
4e172fb5606d23958d8fa03f5320e8416fc7fe604688a907093a08ed75c75104,2020-05,Durham Constabulary,Durham Constabulary,-1.608638,54.873854,On or near Hylton Terrace,E01020616,County Durham 005C,Violence and sexual offences,Unable to prosecute suspect,
e7df1d8064b82e9b4b65f21848f5e60c2c6ff9a8d051e71b245caa302ec37483,2020-05,Durham Constabulary,Durham Constabulary,-1.613486,54.873708,On or near Greenacres,E01020616,County Durham 005C,Other crime,Unable to prosecute suspect,
,2020-05,Durham Constabulary,Durham Constabulary,-1.614984,54.871844,On or near Pedestrian Subway,E01020617,County Durham 005D,Anti-social behaviour,,
,2020-05,Durham Constabulary,Durham Constabulary,-1.621774,54.865700,On or near Roseberry Villas,E01020617,County Durham 005D,Anti-social behaviour,,
,2020-05,Durham Constabulary,Durham Constabulary,-1.623607,54.867944,On or near Alexandra Street,E01020617,County Durham 005D,Anti-social behaviour,,
,2020-05,Durham Constabulary,Durham Constabulary,-1.617122,54.873189,On or near Thornton Lea,E01020617,County Durham 005D,Anti-social behaviour,,
,2020-05,Durham Constabulary,Durham Constabulary,-1.614984,54.871844,On or near Pedestrian Subway,E01020617,County Durham 005D,Anti-social behaviour,,
,2020-05,Durham Constabulary,Durham Constabulary,-1.617106,54.874906,On or near A693,E01020617,County Durham 005D,Anti-social behaviour,,
,2020-05,Durham Constabulary,Durham Constabulary,-1.623607,54.867944,On or near Alexandra Street,E01020617,County Durham 005D,Anti-social behaviour,,
,2020-05,Durham Constabulary,Durham Constabulary,-1.623607,54.867944,On or near Alexandra Street,E01020617,County Durham 005D,Anti-social behaviour,,
324b18273940be784d8a26a8bfc663872ec31de1767ff21ec5bc3488034800d3,2020-05,Durham Constabulary,Durham Constabulary,-1.616414,54.873924,On or near Thorntons Close,E01020617,County Durham 005D,Public order,Unable to prosecute suspect,
ccde0709dd36fa6148b1e0af0ba6f758ec7e9a2222b644aa95153624af92ca49,2020-05,Durham Constabulary,Durham Constabulary,-1.625134,54.867930,On or near Rosecroft,E01020617,County Durham 005D,Vehicle crime,Unable to prosecute suspect,
dac9e05683d80afbd0fb7a27d088219101333dd2c307ea2d866aac7560e18572,2020-05,Durham Constabulary,Durham Constabulary,-1.625134,54.867930,On or near Rosecroft,E01020617,County Durham 005D,Vehicle crime,Unable to prosecute suspect,
81570985373c15a523948ea07df31d1fd92d1693a9b3bccc4d6e9ae8604ebfaf,2020-05,Durham Constabulary,Durham Constabulary,-1.623383,54.868590,On or near Lovaine Street,E01020617,County Durham 005D,Violence and sexual offences,Unable to prosecute suspect,
f1b188beb8cbd3452ad0b91daaaef6d9ed44e210cb38f1096249418fb3a51448,2020-05,Durham Constabulary,Durham Constabulary,-1.623383,54.868590,On or near Lovaine Street,E01020617,County Durham 005D,Violence and sexual offences,Unable to prosecute suspect,
ce94c7f1995eaa60e5b056cb393546048327f59c897627d7593e444927dbed76,2020-05,Durham Constabulary,Durham Constabulary,-1.616414,54.873924,On or near Thorntons Close,E01020617,County Durham 005D,Violence and sexual offences,Unable to prosecute suspect,
124caad72fbbe27fe75df6b6db2dd0d52469b1b4138f2cf8dfd081dda920c308,2020-05,Durham Constabulary,Durham Constabulary,-1.623383,54.868590,On or near Lovaine Street,E01020617,County Durham 005D,Violence and sexual offences,Unable to prosecute suspect,
166198222f1c0407e1a70a67f88cb85fc0f029794a53d1590e74625e78884dde,2020-05,Durham Constabulary,Durham Constabulary,-1.623383,54.868590,On or near Lovaine Street,E01020617,County Durham 005D,Violence and sexual offences,Unable to prosecute suspect,
b0dce4c70df7da8d70869b606b254a23d14bf1156e9cb11608d205e6c1e9f4ed,2020-05,Durham Constabulary,Durham Constabulary,-1.616414,54.873924,On or near Thorntons Close,E01020617,County Durham 005D,Violence and sexual offences,Unable to prosecute suspect,
412d28f7863b456257a45ccc9fd87694156c4caea8a45894d5939d0a3ec0814d,2020-05,Durham Constabulary,Durham Constabulary,-1.622657,54.867833,On or near Pelton Lane,E01020617,County Durham 005D,Other crime,Unable to prosecute suspect,
,2020-05,Durham Constabulary,Durham Constabulary,-1.744523,54.857124,On or near Snowdon Court,E01020626,County Durham 006A,Anti-social behaviour,,
,2020-05,Durham Constabulary,Durham Constabulary,-1.739173,54.858128,On or near Hutton Close,E01020626,County Durham 006A,Anti-social behaviour,,
,2020-05,Durham Constabulary,Durham Constabulary,-1.739173,54.858128,On or near Hutton Close,E01020626,County Durham 006A,Anti-social behaviour,,
,2020-05,Durham Constabulary,Durham Constabulary,-1.744523,54.857124,On or near Snowdon Court,E01020626,County Durham 006A,Anti-social behaviour,,
,2020-05,Durham Constabulary,Durham Constabulary,-1.736821,54.860594,On or near Stanhope Gardens,E01020626,County Durham 006A,Anti-social behaviour,,
8122d77449beb716509accb6fab11a84e45b1f239bbd7687d70a19f8f3f3f01c,2020-05,Durham Constabulary,Durham Constabulary,-1.739173,54.858128,On or near Hutton Close,E01020626,County Durham 006A,Burglary,Investigation complete; no suspect identified,
6404a61806a5182f279e15e1cbfd7c5b80b663fd9dde881e0ddaf310440ab267,2020-05,Durham Constabulary,Durham Constabulary,-1.733970,54.858180,On or near Elizabeth Street,E01020626,County Durham 006A,Drugs,Court result unavailable,
dca50435f184af09cb8dc7263bec565abb0cfe334bce8cbcea142422e217e347,2020-05,Durham Constabulary,Durham Constabulary,-1.739173,54.858128,On or near Hutton Close,E01020626,County Durham 006A,Public order,Investigation complete; no suspect identified,
0f2555aa81242e2fdd013c0c7c3a38ed210a15642a1df999604476dfd9ca2440,2020-05,Durham Constabulary,Durham Constabulary,-1.739173,54.858128,On or near Hutton Close,E01020626,County Durham 006A,Public order,Unable to prosecute suspect,
0bd631ec9dc3a706711eb7feb11f9d884ed2c9f6c01d0f218aaa0bdcbf4be16a,2020-05,Durham Constabulary,Durham Constabulary,-1.733970,54.858180,On or near Elizabeth Street,E01020626,County Durham 006A,Public order,Offender given a caution,
c11163da02e2b7afba5238ba569505d93cbb82e248cc38160186a053a4f0a353,2020-05,Durham Constabulary,Durham Constabulary,-1.739173,54.858128,On or near Hutton Close,E01020626,County Durham 006A,Public order,Investigation complete; no suspect identified,
6f48b388d6d1158cd850039432ca5e33414ae382ad84d924cd87c733efccbace,2020-05,Durham Constabulary,Durham Constabulary,-1.739173,54.858128,On or near Hutton Close,E01020626,County Durham 006A,Public order,Unable to prosecute suspect,
6838416c584d217f5466b8a9e06d6fff8a29f99bd73dbcc6ed341a3853a6db7a,2020-05,Durham Constabulary,Durham Constabulary,-1.739173,54.858128,On or near Hutton Close,E01020626,County Durham 006A,Public order,Unable to prosecute suspect,
b19695aed25505058194778de3360e4f1e3fb2b57a1bdee8645d804aa89ed694,2020-05,Durham Constabulary,Durham Constabulary,-1.733970,54.858180,On or near Elizabeth Street,E01020626,County Durham 006A,Public order,Court result unavailable,
db667ebdc677ae28cb5b54e2ae3703551ebfb1a9e8cd5b9c4656483f3f8feb1a,2020-05,Durham Constabulary,Durham Constabulary,-1.733970,54.858180,On or near Elizabeth Street,E01020626,County Durham 006A,Violence and sexual offences,Unable to prosecute suspect,
b1bf3a2afca12b99e043bc779ae19661de005961d6ee8d2196c759ad9116a5af,2020-05,Durham Constabulary,Durham Constabulary,-1.742106,54.860003,On or near Hamsterley Gardens,E01020626,County Durham 006A,Violence and sexual offences,Unable to prosecute suspect,
f3a254b1d857b2baa14a27838d0d87d16f51be9865026188073dc4be93d61f2a,2020-05,Durham Constabulary,Durham Constabulary,-1.733970,54.858180,On or near Elizabeth Street,E01020626,County Durham 006A,Violence and sexual offences,Unable to prosecute suspect,
390bbfa44c69033e49b33c08b40734ae42e2d5d5020f2459494a378a9c8603af,2020-05,Durham Constabulary,Durham Constabulary,-1.739173,54.858128,On or near Hutton Close,E01020626,County Durham 006A,Violence and sexual offences,Unable to prosecute suspect,
ae92dcf4f02ec0f115e2e5fdba203c471300d1b0f346e1ae520ec16f04a961bb,2020-05,Durham Constabulary,Durham Constabulary,-1.733970,54.858180,On or near Elizabeth Street,E01020626,County Durham 006A,Violence and sexual offences,Local resolution,
12633ee3b399f1bb1cf599d3dd4ab37ec3ab3515014bf5e669c297e8be8e971f,2020-05,Durham Constabulary,Durham Constabulary,-1.733970,54.858180,On or near Elizabeth Street,E01020626,County Durham 006A,Violence and sexual offences,Court result unavailable,
fe0cdc80220ac7da551b8c5964584bdb14985e3d0484bbbd72ca6a55dec05113,2020-05,Durham Constabulary,Durham Constabulary,-1.733970,54.858180,On or near Elizabeth Street,E01020626,County Durham 006A,Violence and sexual offences,Unable to prosecute suspect,
49de6b2f28be2e49ba474a0f3f2911a336c54b5c3003a27b5565d348cb141ade,2020-05,Durham Constabulary,Durham Constabulary,-1.733970,54.858180,On or near Elizabeth Street,E01020626,County Durham 006A,Violence and sexual offences,Unable to prosecute suspect,
111dd503334aa1a9f57dc7a9aa1964a284cb042020b1872639e0bd47db7a5168,2020-05,Durham Constabulary,Durham Constabulary,-1.742106,54.860003,On or near Hamsterley Gardens,E01020626,County Durham 006A,Violence and sexual offences,Unable to prosecute suspect,
42cea463d0877d0a20373e1f612ed65f6309c2ce4cd87854b1ecba977103074b,2020-05,Durham Constabulary,Durham Constabulary,-1.741088,54.860738,On or near Queens Parade,E01020626,County Durham 006A,Violence and sexual offences,Unable to prosecute suspect,
53614aa0573edd3ac2ee6f0c39f99751dfc4f29d7c3c7041419afce73ef9ad2e,2020-05,Durham Constabulary,Durham Constabulary,-1.739173,54.858128,On or near Hutton Close,E01020626,County Durham 006A,Violence and sexual offences,Unable to prosecute suspect,
b1edb83318a93c7a2a3f83937f323f1a7f50c272b3e7d57336d888c3ecc78d6b,2020-05,Durham Constabulary,Durham Constabulary,-1.743099,54.855611,On or near Sports/Recreation Area,E01020626,County Durham 006A,Violence and sexual offences,Unable to prosecute suspect,
1ed941ff6daa4b8f2d5d5658b2e0c0a39e945acf2d5b79272bb3cd48c01f5cdc,2020-05,Durham Constabulary,Durham Constabulary,-1.733970,54.858180,On or near Elizabeth Street,E01020626,County Durham 006A,Violence and sexual offences,Further action is not in the public interest,
69ecefde096600fd086467f2e69fcd51bc82c2bf6e230791c3a4d133b699f8ff,2020-05,Durham Constabulary,Durham Constabulary,-1.738351,54.862502,On or near Fines Park,E01020626,County Durham 006A,Violence and sexual offences,Local resolution,
6e97b601fa0ee2b49f1443a7c49d8d0b30485623c9248c9bca834ac403de734e,2020-05,Durham Constabulary,Durham Constabulary,-1.733970,54.858180,On or near Elizabeth Street,E01020626,County Durham 006A,Violence and sexual offences,Court result unavailable,
d43d2926e7c5240506edbdb6d138a9541473557f18dc1ef2e88a3e7a92d0fc73,2020-05,Durham Constabulary,Durham Constabulary,-1.733970,54.858180,On or near Elizabeth Street,E01020626,County Durham 006A,Violence and sexual offences,Unable to prosecute suspect,
6bbe52386bf88640aaf973b084b259c24af5157be1b13ed5899cd1ecc82d05c4,2020-05,Durham Constabulary,Durham Constabulary,-1.743099,54.855611,On or near Sports/Recreation Area,E01020626,County Durham 006A,Violence and sexual offences,Unable to prosecute suspect,
c73f31b3ce517ac2ac9672895ab01f2213d85bf04d213fe806a9d41bc801d251,2020-05,Durham Constabulary,Durham Constabulary,-1.733970,54.858180,On or near Elizabeth Street,E01020626,County Durham 006A,Violence and sexual offences,Unable to prosecute suspect,
f0c3635c0c198a79632acd6dfe9d541326a6bbe8046f1ec9c1a37c84d9bce8d2,2020-05,Durham Constabulary,Durham Constabulary,-1.738351,54.862502,On or near Fines Park,E01020626,County Durham 006A,Other crime,Further investigation is not in the public interest,
,2020-05,Durham Constabulary,Durham Constabulary,-1.743932,54.859360,On or near Sports/Recreation Area,E01020638,County Durham 006B,Anti-social behaviour,,
,2020-05,Durham Constabulary,Durham Constabulary,-1.743932,54.859360,On or near Sports/Recreation Area,E01020638,County Durham 006B,Anti-social behaviour,,
,2020-05,Durham Constabulary,Durham Constabulary,-1.746595,54.862053,On or near Cedar Court,E01020638,County Durham 006B,Anti-social behaviour,,
,2020-05,Durham Constabulary,Durham Constabulary,-1.746595,54.862053,On or near Cedar Court,E01020638,County Durham 006B,Anti-social behaviour,,
4dc110f329e8d5df770a9ef4b735b972f88904fd871bc2609f8188b4970b19b7,2020-05,Durham Constabulary,Durham Constabulary,-1.740829,54.862364,On or near Church Street,E01020638,County Durham 006B,Violence and sexual offences,Unable to prosecute suspect,
7bd7c1362afec0b5bafb249cf0e2a96b8dcdbf75b3aafacb591b043d839c0e68,2020-05,Durham Constabulary,Durham Constabulary,-1.748113,54.863404,On or near Trowsdale Street,E01020638,County Durham 006B,Violence and sexual offences,Unable to prosecute suspect,
895f4f1ddc00e5eee1de12512f75a9d13d77498fcc828d07c4e0314fc2a4b94d,2020-05,Durham Constabulary,Durham Constabulary,-1.740829,54.862364,On or near Church Street,E01020638,County Durham 006B,Violence and sexual offences,Unable to prosecute suspect,
e86f5b2e314f434e3030656b90464fbb42e16c743cfefe844948c53c85427752,2020-05,Durham Constabulary,Durham Constabulary,-1.743932,54.859360,On or near Sports/Recreation Area,E01020638,County Durham 006B,Violence and sexual offences,Unable to prosecute suspect,
,2020-05,Durham Constabulary,Durham Constabulary,-1.744721,54.865203,On or near Balmoral Drive,E01020639,County Durham 006C,Anti-social behaviour,,
,2020-05,Durham Constabulary,Durham Constabulary,-1.746818,54.863698,On or near Swan Street,E01020639,County Durham 006C,Anti-social behaviour,,
,2020-05,Durham Constabulary,Durham Constabulary,-1.750185,54.858349,On or near West Road,E01020639,County Durham 006C,Anti-social behaviour,,
,2020-05,Durham Constabulary,Durham Constabulary,-1.750859,54.870284,On or near Harelaw Gardens,E01020639,County Durham 006C,Anti-social behaviour,,
,2020-05,Durham Constabulary,Durham Constabulary,-1.748986,54.863298,On or near Laburnum Terrace,E01020639,County Durham 006C,Anti-social behaviour,,
,2020-05,Durham Constabulary,Durham Constabulary,-1.744976,54.864305,On or near The Ridings,E01020639,County Durham 006C,Anti-social behaviour,,
,2020-05,Durham Constabulary,Durham Constabulary,-1.746818,54.863698,On or near Swan Street,E01020639,County Durham 006C,Anti-social behaviour,,
ad0578f6804796af2a9532f01fc1e97c63ee6a5e6f3398b7fafe6ac3b1f6d9ed,2020-05,Durham Constabulary,Durham Constabulary,-1.746277,54.862969,On or near Oak Terrace,E01020639,County Durham 006C,Burglary,Investigation complete; no suspect identified,
92fbbd1bc27caf6a871e675c9ce52e938106da64fd0b5d7b6541d65d30cd23c4,2020-05,Durham Constabulary,Durham Constabulary,-1.744976,54.864305,On or near The Ridings,E01020639,County Durham 006C,Criminal damage and arson,Local resolution,
82e4d62ba18eab32ca63468248e2cbebf41525d82776b7f65850e33948db13fb,2020-05,Durham Constabulary,Durham Constabulary,-1.745656,54.865241,On or near Valiant Way,E01020639,County Durham 006C,Other theft,Investigation complete; no suspect identified,
b25eb9e38db328d0bd95df93b7bb7d61357f53e747b6fd060d4a985f6a3eafb3,2020-05,Durham Constabulary,Durham Constabulary,-1.740373,54.865400,On or near The Hawthorns,E01020639,County Durham 006C,Public order,Unable to prosecute suspect,
2fa3b12fc3a3a364d34f352fe4e04ed660c52cbcf38045d7c23bfd810b4eda3c,2020-05,Durham Constabulary,Durham Constabulary,-1.742857,54.866727,On or near Sports/Recreation Area,E01020639,County Durham 006C,Violence and sexual offences,Unable to prosecute suspect,
13cb9049910766cb81fdc28d31839df2186779718bb9d6f44e8260390e06d8e5,2020-05,Durham Constabulary,Durham Constabulary,-1.749274,54.864682,On or near Greentree Lane,E01020639,County Durham 006C,Violence and sexual offences,Action to be taken by another organisation,
855e4029b689c98e7bd826523d8a07db53a8cf55be125d19cc501f6e2572a608,2020-05,Durham Constabulary,Durham Constabulary,-1.749274,54.864682,On or near Greentree Lane,E01020639,County Durham 006C,Violence and sexual offences,Action to be taken by another organisation,
b0bea6d94ff3e6eda1ab9b8ff091610fbc3e44251b63fa6a2a62ef2f0f2d336f,2020-05,Durham Constabulary,Durham Constabulary,-1.745656,54.865241,On or near Valiant Way,E01020639,County Durham 006C,Violence and sexual offences,Unable to prosecute suspect,
812b2f4d8be2a6888d433ec6a0acafa1c1b862481e0b58d3cadead5793cccd75,2020-05,Durham Constabulary,Durham Constabulary,-1.745656,54.865241,On or near Valiant Way,E01020639,County Durham 006C,Violence and sexual offences,Unable to prosecute suspect,
b66e32f8f40aa6afe30a463870e7f3e6159f757ea5bab9858778669a8056abfe,2020-05,Durham Constabulary,Durham Constabulary,-1.744976,54.864305,On or near The Ridings,E01020639,County Durham 006C,Violence and sexual offences,Local resolution,
0a762e4b3f0551533d384927b3a3b4428b624dcaa40bf76e80e365c155f6235b,2020-05,Durham Constabulary,Durham Constabulary,-1.744976,54.864305,On or near The Ridings,E01020639,County Durham 006C,Violence and sexual offences,Local resolution,
,2020-05,Durham Constabulary,Durham Constabulary,-1.766824,54.874270,On or near Pontopsyde,E01020653,County Durham 006D,Anti-social behaviour,,
,2020-05,Durham Constabulary,Durham Constabulary,-1.755463,54.879486,On or near South Meadows,E01020653,County Durham 006D,Anti-social behaviour,,
,2020-05,Durham Constabulary,Durham Constabulary,-1.755463,54.879486,On or near South Meadows,E01020653,County Durham 006D,Anti-social behaviour,,
,2020-05,Durham Constabulary,Durham Constabulary,-1.750876,54.877671,On or near Bradley Lodge Drive,E01020653,County Durham 006D,Anti-social behaviour,,
914bd9204c63818a1a21b27ddd6a808217a8f96f524402ae1eaae22780378535,2020-05,Durham Constabulary,Durham Constabulary,-1.768510,54.873707,On or near Pikesyde,E01020653,County Durham 006D,Criminal damage and arson,Unable to prosecute suspect,
be61e07c9d1c1131036259c6ec4b3cce3f483444b78645f7ad5b8d79e9f47aa4,2020-05,Durham Constabulary,Durham Constabulary,-1.776800,54.870919,On or near A692,E01020653,County Durham 006D,Criminal damage and arson,Investigation complete; no suspect identified,
ec89b5fe955a83f9eb9b851bd1301ffa3f6281b3a82623c8c993816f41e3a539,2020-05,Durham Constabulary,Durham Constabulary,-1.765536,54.873252,On or near Sports/Recreation Area,E01020653,County Durham 006D,Public order,Unable to prosecute suspect,
c594913dc6bf2429597072be4f2dbaaab9c60840b4aa5c8e1dae44d7c20f4021,2020-05,Durham Constabulary,Durham Constabulary,-1.759276,54.875145,On or near Delight Bank,E01020653,County Durham 006D,Violence and sexual offences,Unable to prosecute suspect,
8ddb657578b6a413d21ff67c591b26e03b199e0b0377eca4f227e5d9baf6c2ad,2020-05,Durham Constabulary,Durham Constabulary,-1.768510,54.873707,On or near Pikesyde,E01020653,County Durham 006D,Violence and sexual offences,Unable to prosecute suspect,
6ee591a71b535afed4e8a8d9e1e22cadadc4c37994ad8af70912c04c75268aa1,2020-05,Durham Constabulary,Durham Constabulary,-1.768510,54.873707,On or near Pikesyde,E01020653,County Durham 006D,Violence and sexual offences,Unable to prosecute suspect,
,2020-05,Durham Constabulary,Durham Constabulary,-1.716977,54.882350,On or near Good Street,E01020677,County Durham 006E,Anti-social behaviour,,
,2020-05,Durham Constabulary,Durham Constabulary,-1.711298,54.881052,On or near Leith Gardens,E01020677,County Durham 006E,Anti-social behaviour,,
,2020-05,Durham Constabulary,Durham Constabulary,-1.717140,54.879242,On or near The Grange,E01020677,County Durham 006E,Anti-social behaviour,,
1abdf9746e1e915dc9aaf65897326c16bcab9c1b09552fba8f6084739ea7da88,2020-05,Durham Constabulary,Durham Constabulary,-1.716977,54.882350,On or near Good Street,E01020677,County Durham 006E,Public order,Unable to prosecute suspect,
7554a175c81622b4ece7b199d479a1608a8f5608bd022bab971932431637bf2a,2020-05,Durham Constabulary,Durham Constabulary,-1.711298,54.881052,On or near Leith Gardens,E01020677,County Durham 006E,Violence and sexual offences,Local resolution,
24fe09f23994f2bf81aaf2bac7f96c85e8e77beb76f7669b934619963c9ab5f7,2020-05,Durham Constabulary,Durham Constabulary,-1.715480,54.882464,On or near Parkside,E01020677,County Durham 006E,Violence and sexual offences,Unable to prosecute suspect,
,2020-05,Durham Constabulary,Durham Constabulary,-1.579987,54.865689,On or near Pelaw Place,E01020596,County Durham 007A,Anti-social behaviour,,
,2020-05,Durham Constabulary,Durham Constabulary,-1.584691,54.865867,On or near Beechwoods,E01020596,County Durham 007A,Anti-social behaviour,,
,2020-05,Durham Constabulary,Durham Constabulary,-1.580934,54.861558,On or near South Street,E01020596,County Durham 007A,Anti-social behaviour,,
,2020-05,Durham Constabulary,Durham Constabulary,-1.582986,54.865016,On or near Conyers Place,E01020596,County Durham 007A,Anti-social behaviour,,
,2020-05,Durham Constabulary,Durham Constabulary,-1.583254,54.866168,On or near Firtrees,E01020596,County Durham 007A,Anti-social behaviour,,
2f8cdeda056148c78f4d3ab72e22f3669a1305ec2639a25479c6db94aa78e208,2020-05,Durham Constabulary,Durham Constabulary,-1.585361,54.864350,On or near Pelton Lane,E01020596,County Durham 007A,Criminal damage and arson,Court result unavailable,
36f84ae38543fe879d82fb68147c4f1a8ef020dcbffa3143943bb4b2218a5fc6,2020-05,Durham Constabulary,Durham Constabulary,-1.585361,54.864350,On or near Pelton Lane,E01020596,County Durham 007A,Criminal damage and arson,Court result unavailable,
eaad1d4ccfea50e2747ef5a518efccb625b4398f60d3e9f9e28f761d741042de,2020-05,Durham Constabulary,Durham Constabulary,-1.581656,54.863978,On or near Pelaw Square,E01020596,County Durham 007A,Drugs,Offender given a caution,
ac963a042cf8a9d939a0fd3c849c56a1dfc64a02a65474d26c0474bb0c07bc53,2020-05,Durham Constabulary,Durham Constabulary,-1.583254,54.866168,On or near Firtrees,E01020596,County Durham 007A,Other theft,Investigation complete; no suspect identified,
9b6aaeb3a40b3290ef5ee63ebf905ac8876677eefee43dc978231994b2f1908e,2020-05,Durham Constabulary,Durham Constabulary,-1.581656,54.863978,On or near Pelaw Square,E01020596,County Durham 007A,Possession of weapons,Offender given a caution,
fbf8c5919c73920c9d8b48110df65c02a84d42fdc45af47f75abd78420fd4693,2020-05,Durham Constabulary,Durham Constabulary,-1.584861,54.864412,On or near Pelaw Crescent,E01020596,County Durham 007A,Violence and sexual offences,Status update unavailable,
85a75c7416ed879fdbc68d1292cd3541f5fe8a20c876fab5380e039026c13c02,2020-05,Durham Constabulary,Durham Constabulary,-1.583770,54.864534,On or near Conyers Gardens,E01020596,County Durham 007A,Violence and sexual offences,Unable to prosecute suspect,
62e654eff43fa99744f3f0adaee03c52d076bc69d081ed3b88b0e0bdc34131b1,2020-05,Durham Constabulary,Durham Constabulary,-1.585361,54.864350,On or near Pelton Lane,E01020596,County Durham 007A,Other crime,Court result unavailable,
,2020-05,Durham Constabulary,Durham Constabulary,-1.589859,54.863233,On or near Sycamore,E01020597,County Durham 007B,Anti-social behaviour,,
,2020-05,Durham Constabulary,Durham Constabulary,-1.588208,54.864702,On or near Hollycrest,E01020597,County Durham 007B,Anti-social behaviour,,
,2020-05,Durham Constabulary,Durham Constabulary,-1.583480,54.862412,On or near Laurel Court,E01020597,County Durham 007B,Anti-social behaviour,,
,2020-05,Durham Constabulary,Durham Constabulary,-1.583480,54.862412,On or near Laurel Court,E01020597,County Durham 007B,Anti-social behaviour,,
,2020-05,Durham Constabulary,Durham Constabulary,-1.583480,54.862412,On or near Laurel Court,E01020597,County Durham 007B,Anti-social behaviour,,
7e481b0d721d41097d584e36913eb670495c8d3767fd5f4b358ad9f17a340711,2020-05,Durham Constabulary,Durham Constabulary,-1.583480,54.862412,On or near Laurel Court,E01020597,County Durham 007B,Public order,Court result unavailable,
aac50ea9cdcf3faa66f7092863184f7da51428cdc78a44a7b7165e601ea2883c,2020-05,Durham Constabulary,Durham Constabulary,-1.583480,54.862412,On or near Laurel Court,E01020597,County Durham 007B,Shoplifting,Court result unavailable,
b513494a39102a6014c14042059175c728016a6daffee8495d9c19511eb573c7,2020-05,Durham Constabulary,Durham Constabulary,-1.583480,54.862412,On or near Laurel Court,E01020597,County Durham 007B,Shoplifting,Court result unavailable,
820e391e24465b1b2736bdc7007e8ce632e3945d79cce2a4fd0a4a5d13d90f1f,2020-05,Durham Constabulary,Durham Constabulary,-1.583480,54.862412,On or near Laurel Court,E01020597,County Durham 007B,Shoplifting,Formal action is not in the public interest,
521fbc38ba78b1aa0fb3172e887bd4d70302bc7b714f59a938342b8cc932d29c,2020-05,Durham Constabulary,Durham Constabulary,-1.583480,54.862412,On or near Laurel Court,E01020597,County Durham 007B,Shoplifting,Court result unavailable,
d2a6e20515ddb7d39a62db963355df705e32ddf26b7f1e0d6ec9a22980a6bf7c,2020-05,Durham Constabulary,Durham Constabulary,-1.583480,54.862412,On or near Laurel Court,E01020597,County Durham 007B,Vehicle crime,Investigation complete; no suspect identified,
9bed1638de3999ddeae8a87349d4533c14b2329416278059abfffe41f930cb27,2020-05,Durham Constabulary,Durham Constabulary,-1.583480,54.862412,On or near Laurel Court,E01020597,County Durham 007B,Violence and sexual offences,Unable to prosecute suspect,
,2020-05,Durham Constabulary,Durham Constabulary,-1.569048,54.861463,On or near Petrol Station,E01020598,County Durham 007C,Anti-social behaviour,,
,2020-05,Durham Constabulary,Durham Constabulary,-1.575097,54.859552,On or near Lucy Street,E01020598,County Durham 007C,Anti-social behaviour,,
,2020-05,Durham Constabulary,Durham Constabulary,-1.576628,54.866549,On or near Northlands,E01020598,County Durham 007C,Anti-social behaviour,,
,2020-05,Durham Constabulary,Durham Constabulary,-1.571195,54.860284,On or near Picktree Lane,E01020598,County Durham 007C,Anti-social behaviour,,
,2020-05,Durham Constabulary,Durham Constabulary,-1.569048,54.861463,On or near Petrol Station,E01020598,County Durham 007C,Anti-social behaviour,,
,2020-05,Durham Constabulary,Durham Constabulary,-1.576365,54.858990,On or near South Burns,E01020598,County Durham 007C,Anti-social behaviour,,
,2020-05,Durham Constabulary,Durham Constabulary,-1.576365,54.858990,On or near South Burns,E01020598,County Durham 007C,Anti-social behaviour,,
,2020-05,Durham Constabulary,Durham Constabulary,-1.576365,54.858990,On or near South Burns,E01020598,County Durham 007C,Anti-social behaviour,,
,2020-05,Durham Constabulary,Durham Constabulary,-1.576365,54.858990,On or near South Burns,E01020598,County Durham 007C,Anti-social behaviour,,
,2020-05,Durham Constabulary,Durham Constabulary,-1.576365,54.858990,On or near South Burns,E01020598,County Durham 007C,Anti-social behaviour,,
9abf6388e680799a4ffa0c901c1b53177cf7e457ca65c00e4256dba46f2852c5,2020-05,Durham Constabulary,Durham Constabulary,-1.576628,54.866549,On or near Northlands,E01020598,County Durham 007C,Burglary,Court result unavailable,
0f6f4ecdf9be90eda02a94196e90e0e76c8bf1eda809c3f3aa8783bfa8ab8f91,2020-05,Durham Constabulary,Durham Constabulary,-1.573468,54.861856,On or near Police Station,E01020598,County Durham 007C,Criminal damage and arson,Court result unavailable,
29fbba1f4e9638f7b3e26a9b17ce4014a3d11971b57087a6a2f24ecfe3118e87,2020-05,Durham Constabulary,Durham Constabulary,-1.572989,54.859994,On or near Supermarket,E01020598,County Durham 007C,Other theft,Investigation complete; no suspect identified,
3cbcc1fd852e72f738b12662a621c5baf9e746fd08fc629c3ad7b54c0849164c,2020-05,Durham Constabulary,Durham Constabulary,-1.569048,54.861463,On or near Petrol Station,E01020598,County Durham 007C,Other theft,Further action is not in the public interest,
a0ca39cf93182f7e22a62a9f28731f0aefdd1541a38392b427235b64548b7edc,2020-05,Durham Constabulary,Durham Constabulary,-1.576365,54.858990,On or near South Burns,E01020598,County Durham 007C,Other theft,Investigation complete; no suspect identified,
1b4d6f5da03c4f56be6e3ead4fcf4c422db8313771a6017230dfde0139793b2c,2020-05,Durham Constabulary,Durham Constabulary,-1.576365,54.858990,On or near South Burns,E01020598,County Durham 007C,Public order,Investigation complete; no suspect identified,
2bacb042abad51c50cc452a34519c77972330737b1e0205a8469a4026f593a4e,2020-05,Durham Constabulary,Durham Constabulary,-1.575606,54.860084,On or near Pelaw Bank,E01020598,County Durham 007C,Public order,Further investigation is not in the public interest,
f94758c236df79bba28c38060b275af6acf5f2d8ac3a1f7ef0c09bc2fd6a0a68,2020-05,Durham Constabulary,Durham Constabulary,-1.569048,54.861463,On or near Petrol Station,E01020598,County Durham 007C,Shoplifting,Investigation complete; no suspect identified,
c71a255089f1547815054acb995b7c00ec57a3351d606e4327111e3db7f00112,2020-05,Durham Constabulary,Durham Constabulary,-1.569048,54.861463,On or near Petrol Station,E01020598,County Durham 007C,Shoplifting,Court result unavailable,
e472d50010d0ad72cbe7bf9ac1d9ac52f3ba9b49c855181a18e831266b6b6b7a,2020-05,Durham Constabulary,Durham Constabulary,-1.569048,54.861463,On or near Petrol Station,E01020598,County Durham 007C,Shoplifting,Local resolution,
c520d82eed3c500ef7d11158419bdcb5cdd2e567193ce7f9d2239124bb4ae068,2020-05,Durham Constabulary,Durham Constabulary,-1.569048,54.861463,On or near Petrol Station,E01020598,County Durham 007C,Shoplifting,Investigation complete; no suspect identified,
9c07aa8e65d4abe23308571c11acb288a89c67e9fac0324325dcae731ab99a57,2020-05,Durham Constabulary,Durham Constabulary,-1.576365,54.858990,On or near South Burns,E01020598,County Durham 007C,Violence and sexual offences,Unable to prosecute suspect,
6edbaa0d4a6e1dcf6bf9a93f48c3cfd45f586eb35b9acbded25a092bda85ba2a,2020-05,Durham Constabulary,Durham Constabulary,-1.576628,54.866549,On or near Northlands,E01020598,County Durham 007C,Violence and sexual offences,Unable to prosecute suspect,
7d8ec4022dec0e59ae8298a488aa6f312aa80e03d867c594663fdae92e96067b,2020-05,Durham Constabulary,Durham Constabulary,-1.576365,54.858990,On or near South Burns,E01020598,County Durham 007C,Violence and sexual offences,Unable to prosecute suspect,
,2020-05,Durham Constabulary,Durham Constabulary,-1.569848,54.877048,On or near Caxton Way,E01020611,County Durham 007D,Anti-social behaviour,,
,2020-05,Durham Constabulary,Durham Constabulary,-1.576093,54.877457,On or near Pelaw Grange Court,E01020611,County Durham 007D,Anti-social behaviour,,
,2020-05,Durham Constabulary,Durham Constabulary,-1.562378,54.866013,On or near Chester Road,E01020611,County Durham 007D,Anti-social behaviour,,
,2020-05,Durham Constabulary,Durham Constabulary,-1.576093,54.877457,On or near Pelaw Grange Court,E01020611,County Durham 007D,Anti-social behaviour,,
,2020-05,Durham Constabulary,Durham Constabulary,-1.576093,54.877457,On or near Pelaw Grange Court,E01020611,County Durham 007D,Anti-social behaviour,,
cae85b506ea25fc37636a147b28b34c532407d7a06c6fcc2f4401749fb129a09,2020-05,Durham Constabulary,Durham Constabulary,-1.569848,54.877048,On or near Caxton Way,E01020611,County Durham 007D,Violence and sexual offences,Investigation complete; no suspect identified,
e1c67e07236f16cd64a12ffecea19f4f16c9382145083571f31dbbe0a6907d22,2020-05,Durham Constabulary,Durham Constabulary,-1.572063,54.873974,On or near Lombard Drive,E01020611,County Durham 007D,Violence and sexual offences,Court result unavailable,
,2020-05,Durham Constabulary,Durham Constabulary,-1.576586,54.869128,On or near Lyndhurst Avenue,E01020612,County Durham 007E,Anti-social behaviour,,
,2020-05,Durham Constabulary,Durham Constabulary,-1.573306,54.865459,On or near Highfield Gardens,E01020612,County Durham 007E,Anti-social behaviour,,
,2020-05,Durham Constabulary,Durham Constabulary,-1.573306,54.865459,On or near Highfield Gardens,E01020612,County Durham 007E,Anti-social behaviour,,
981e3c6c1e84efab80d1ba230dbd432fe43860944252a0ec06fadb0842733978,2020-05,Durham Constabulary,Durham Constabulary,-1.576790,54.877926,On or near Race Track,E01020612,County Durham 007E,Burglary,Investigation complete; no suspect identified,
2a6cec64e6514f188dcb7c983be89ca643d648c237775b9082a25bf3345221cc,2020-05,Durham Constabulary,Durham Constabulary,-1.573544,54.865055,On or near Highfield Crescent,E01020612,County Durham 007E,Drugs,Offender given a drugs possession warning,
0d29ccb1b8a7229fa7211c523b4e841ab002dc3ac4d22149460f133bca9ded4f,2020-05,Durham Constabulary,Durham Constabulary,-1.577116,54.873587,On or near Kingsmere,E01020612,County Durham 007E,Public order,Offender given a caution,
9d00fb99ed3e8429bf17a4fcfa27661a5913ceae6c6286486aa4f103d78fcf61,2020-05,Durham Constabulary,Durham Constabulary,-1.573306,54.865459,On or near Highfield Gardens,E01020612,County Durham 007E,Public order,Court result unavailable,
ba8e99a5778a55e7bcbaa839deddd07728dbc087e211f0fa9811a13449e0f70d,2020-05,Durham Constabulary,Durham Constabulary,-1.573306,54.865459,On or near Highfield Gardens,E01020612,County Durham 007E,Violence and sexual offences,Unable to prosecute suspect,
9e5cb5116e4656daa744d8463a374a62ba6bb09f1de3df11db4fb5c8cb182e87,2020-05,Durham Constabulary,Durham Constabulary,-1.577116,54.873587,On or near Kingsmere,E01020612,County Durham 007E,Violence and sexual offences,Unable to prosecute suspect,
6139ee57c801c1dd97a99f9f2d38345c7872e857ae24833bca00d1d4e503133f,2020-05,Durham Constabulary,Durham Constabulary,-1.577116,54.873587,On or near Kingsmere,E01020612,County Durham 007E,Violence and sexual offences,Unable to prosecute suspect,
b7c05a045aabbe21c29b7f00b7df6efa126a18a3a44bf4a1361c9f0780010912,2020-05,Durham Constabulary,Durham Constabulary,-1.572664,54.870193,On or near Longdean Park,E01020612,County Durham 007E,Violence and sexual offences,Local resolution,
e2d3e108ad057cc7320e9064dfafe31f25fcaba07b866ecd86eb6eaeb0e6bf8b,2020-05,Durham Constabulary,Durham Constabulary,-1.573544,54.865055,On or near Highfield Crescent,E01020612,County Durham 007E,Violence and sexual offences,Unable to prosecute suspect,
,2020-05,Durham Constabulary,Durham Constabulary,-1.681004,54.868377,On or near Mowlam Drive,E01020647,County Durham 008A,Anti-social behaviour,,
,2020-05,Durham Constabulary,Durham Constabulary,-1.681791,54.863473,On or near Potter Place,E01020647,County Durham 008A,Anti-social behaviour,,
,2020-05,Durham Constabulary,Durham Constabulary,-1.684469,54.863687,On or near Ladysmith Court,E01020647,County Durham 008A,Anti-social behaviour,,
,2020-05,Durham Constabulary,Durham Constabulary,-1.681791,54.863473,On or near Potter Place,E01020647,County Durham 008A,Anti-social behaviour,,
,2020-05,Durham Constabulary,Durham Constabulary,-1.685382,54.866502,On or near Coates Close,E01020647,County Durham 008A,Anti-social behaviour,,
,2020-05,Durham Constabulary,Durham Constabulary,-1.685964,54.865793,On or near Pentlands Terrace,E01020647,County Durham 008A,Anti-social behaviour,,
,2020-05,Durham Constabulary,Durham Constabulary,-1.685964,54.865793,On or near Pentlands Terrace,E01020647,County Durham 008A,Anti-social behaviour,,
b0c9cd28377e80504caf6836eb516a34a2023f47b192e57bfe6b8ba565321801,2020-05,Durham Constabulary,Durham Constabulary,-1.687670,54.866750,On or near Walton Close,E01020647,County Durham 008A,Criminal damage and arson,Investigation complete; no suspect identified,
3471361a92ca8e4701f330ab2f260ba8d0f1e3e8bb7e19fb44b6b6303d8b0ef8,2020-05,Durham Constabulary,Durham Constabulary,-1.685964,54.865793,On or near Pentlands Terrace,E01020647,County Durham 008A,Criminal damage and arson,Investigation complete; no suspect identified,
9611fe0ddfd97e201544bdbc31d5c1eefcef9a919e3986ed82bdb40db64d5b80,2020-05,Durham Constabulary,Durham Constabulary,-1.678375,54.863949,On or near Cookson Place,E01020647,County Durham 008A,Drugs,Offender given a drugs possession warning,
6e30aa4e805d32055f66fa3ce83c37f721ecd5baba4cee770870eb006e4929c8,2020-05,Durham Constabulary,Durham Constabulary,-1.681118,54.863867,On or near Fonteyn Place,E01020647,County Durham 008A,Public order,Unable to prosecute suspect,
404537c68b681539add2d6e71c8a6855994ea7ff9b2f0918ef82b9e0fe66f165,2020-05,Durham Constabulary,Durham Constabulary,-1.678375,54.863949,On or near Cookson Place,E01020647,County Durham 008A,Public order,Offender given a caution,
2882a7a6bac2cbf712352b218f13fbf2f89011a37af66133c27dfd62d0ffd32b,2020-05,Durham Constabulary,Durham Constabulary,-1.682195,54.861641,On or near Austen Place,E01020647,County Durham 008A,Public order,Further investigation is not in the public interest,
1352449726412a3e91808beb47c5a8950144a9c58ce8b67475ff015ab05761c6,2020-05,Durham Constabulary,Durham Constabulary,-1.678334,54.863257,On or near Aylward Place,E01020647,County Durham 008A,Public order,Investigation complete; no suspect identified,
19aa7883a4b786e7a85a530818c387476741d05d99a3a5e05a59758d658cb814,2020-05,Durham Constabulary,Durham Constabulary,-1.678334,54.863257,On or near Aylward Place,E01020647,County Durham 008A,Public order,Offender given a caution,
b78f5da0b9df9f5b4ff8a8a4ec1126cea36017541a16e9fe26528775d5663052,2020-05,Durham Constabulary,Durham Constabulary,-1.681791,54.863473,On or near Potter Place,E01020647,County Durham 008A,Public order,Unable to prosecute suspect,
0c71ecf856a27b7bc88997228d499062278837c3e86b15d10cad84e9c0caf815,2020-05,Durham Constabulary,Durham Constabulary,-1.681118,54.863867,On or near Fonteyn Place,E01020647,County Durham 008A,Vehicle crime,Investigation complete; no suspect identified,
56ffc00be1530d2a61fec23953d2f1aad10ad27af2901d9c2a3cd9c8d8a0cd52,2020-05,Durham Constabulary,Durham Constabulary,-1.681791,54.863473,On or near Potter Place,E01020647,County Durham 008A,Violence and sexual offences,Unable to prosecute suspect,
eb71ac3a82f282e1c1b62d12ed7c520d93b128dac6e21a415229f53575e2ee50,2020-05,Durham Constabulary,Durham Constabulary,-1.685964,54.865793,On or near Pentlands Terrace,E01020647,County Durham 008A,Violence and sexual offences,Unable to prosecute suspect,
44807bd78b298ab0f754cdcc64ec3937913a8363dfce267bc95b8663de48c8fd,2020-05,Durham Constabulary,Durham Constabulary,-1.686107,54.865416,On or near Cotswold Terrace,E01020647,County Durham 008A,Violence and sexual offences,Unable to prosecute suspect,
ff665d4f1053782ba03ede3b50189886707a3d864b0b6f2adbb7704a80d9786e,2020-05,Durham Constabulary,Durham Constabulary,-1.686107,54.865416,On or near Cotswold Terrace,E01020647,County Durham 008A,Violence and sexual offences,Unable to prosecute suspect,
df4ee279de5a055059c459fbaeb64a69ec097543dcfe88d62516557ba4e7af6a,2020-05,Durham Constabulary,Durham Constabulary,-1.684469,54.863687,On or near Ladysmith Court,E01020647,County Durham 008A,Violence and sexual offences,Action to be taken by another organisation,
2c2d0d6911cc0679fe875f066866b6a69fcc0029e1d4012257a03a957f6a7428,2020-05,Durham Constabulary,Durham Constabulary,-1.682368,54.863412,On or near Pennine Gardens,E01020647,County Durham 008A,Violence and sexual offences,Unable to prosecute suspect,
357db455477d79ad5de4ba5ed2c82f5dc2e92c701a569d7cfd15021d2b646196,2020-05,Durham Constabulary,Durham Constabulary,-1.681118,54.863867,On or near Fonteyn Place,E01020647,County Durham 008A,Violence and sexual offences,Investigation complete; no suspect identified,
7127aa3b3a8ce398e2808505a3791d019a30e32b638a0bf11b98f1f6e749064d,2020-05,Durham Constabulary,Durham Constabulary,-1.688484,54.866339,On or near Britten Close,E01020647,County Durham 008A,Violence and sexual offences,Unable to prosecute suspect,
c15c53d07957ba7c50f4f2e5ab467daf3f5efdd44a3a44cb5e37446caa7db671,2020-05,Durham Constabulary,Durham Constabulary,-1.688484,54.866339,On or near Britten Close,E01020647,County Durham 008A,Violence and sexual offences,Unable to prosecute suspect,
1a93946eeaa4f682e7079e8f718a4277f0d29a5e58c3dd3608ff1eb8a2b521d7,2020-05,Durham Constabulary,Durham Constabulary,-1.681004,54.868377,On or near Mowlam Drive,E01020647,County Durham 008A,Violence and sexual offences,Local resolution,
403451779981e57b7c76ea89918563cda43919fada9ac3930d1e1dba0473a7f6,2020-05,Durham Constabulary,Durham Constabulary,-1.682195,54.861641,On or near Austen Place,E01020647,County Durham 008A,Violence and sexual offences,Investigation complete; no suspect identified,
275d56e7f8673de17b21a5497c368a57162ed95e0d129c17d85eb504f393a562,2020-05,Durham Constabulary,Durham Constabulary,-1.681118,54.863867,On or near Fonteyn Place,E01020647,County Durham 008A,Violence and sexual offences,Investigation complete; no suspect identified,
3a5d02d5b5b8680e87342f8342cf130ca064d4cf7ce552f0c4f587f12ed51afd,2020-05,Durham Constabulary,Durham Constabulary,-1.679320,54.862649,On or near Nightingale Place,E01020647,County Durham 008A,Other crime,Action to be taken by another organisation,
9cdce33fff20223358fd4a76e4cf064a66f8aee5b395aa7c959a377af33c46cf,2020-05,Durham Constabulary,Durham Constabulary,-1.682887,54.862784,On or near Cavell Place,E01020647,County Durham 008A,Other crime,Unable to prosecute suspect,
,2020-05,Durham Constabulary,Durham Constabulary,-1.690470,54.861303,On or near Sports/Recreation Area,E01020648,County Durham 008B,Anti-social behaviour,,
,2020-05,Durham Constabulary,Durham Constabulary,-1.678565,54.855790,On or near Oak Terrace,E01020648,County Durham 008B,Anti-social behaviour,,
,2020-05,Durham Constabulary,Durham Constabulary,-1.693338,54.861130,On or near Holly Hill Gardens West,E01020648,County Durham 008B,Anti-social behaviour,,
,2020-05,Durham Constabulary,Durham Constabulary,-1.690470,54.861303,On or near Sports/Recreation Area,E01020648,County Durham 008B,Anti-social behaviour,,
,2020-05,Durham Constabulary,Durham Constabulary,-1.678565,54.855790,On or near Oak Terrace,E01020648,County Durham 008B,Anti-social behaviour,,
,2020-05,Durham Constabulary,Durham Constabulary,-1.693338,54.861130,On or near Holly Hill Gardens West,E01020648,County Durham 008B,Anti-social behaviour,,
,2020-05,Durham Constabulary,Durham Constabulary,-1.677079,54.858509,On or near Cloverhill Court,E01020648,County Durham 008B,Anti-social behaviour,,
3a51cd28fe0dd4405a6f9e28fca324b11e91bc3e1ec73d36d9699906a7619cb5,2020-05,Durham Constabulary,Durham Constabulary,-1.685782,54.857094,On or near Middles Road,E01020648,County Durham 008B,Burglary,Investigation complete; no suspect identified,
24076c1a1677ac1699b0bb81b89a3f5895e59eae6705402aec557fe02710710a,2020-05,Durham Constabulary,Durham Constabulary,-1.700008,54.860787,On or near Coquet Gardens,E01020648,County Durham 008B,Criminal damage and arson,Investigation complete; no suspect identified,
d4dc62dc4fa53a50770e7e18076a8599f93899397547f3485ad14b4da568d5ba,2020-05,Durham Constabulary,Durham Constabulary,-1.697859,54.860620,On or near Waveney Gardens,E01020648,County Durham 008B,Public order,Further investigation is not in the public interest,
c3167a2727c1e7e356b7b832041e5c50c648ed499017f32e6a021d147a084594,2020-05,Durham Constabulary,Durham Constabulary,-1.678565,54.855790,On or near Oak Terrace,E01020648,County Durham 008B,Public order,Unable to prosecute suspect,
6a0e86eea709c2fb837612114a1ecc07f740579a58845cc530edf6abd0b44e97,2020-05,Durham Constabulary,Durham Constabulary,-1.677079,54.858509,On or near Cloverhill Court,E01020648,County Durham 008B,Vehicle crime,Investigation complete; no suspect identified,
2a1c1c2c831d288538b442e3f2f11901d07ea228892e4f97745ef46243bf752e,2020-05,Durham Constabulary,Durham Constabulary,-1.678431,54.858845,On or near Denewood Court,E01020648,County Durham 008B,Vehicle crime,Investigation complete; no suspect identified,
f253e772e8da8b55b3088e4011f03069888968acfe737e990960a3ffcdc45b28,2020-05,Durham Constabulary,Durham Constabulary,-1.700008,54.860787,On or near Coquet Gardens,E01020648,County Durham 008B,Vehicle crime,Unable to prosecute suspect,
276d50ac379179a8c7d9b83040f39a4aad267ec579b475be02d592490f754907,2020-05,Durham Constabulary,Durham Constabulary,-1.680565,54.855023,On or near Hazel Terrace,E01020648,County Durham 008B,Vehicle crime,Investigation complete; no suspect identified,
a0f92401e90abfee0e961ee96041586bac4155068f95c79b1626fbe560d7f811,2020-05,Durham Constabulary,Durham Constabulary,-1.680565,54.855023,On or near Hazel Terrace,E01020648,County Durham 008B,Vehicle crime,Investigation complete; no suspect identified,
3ac476a08dda5645fecb61e894f8feb88a98ffa61e5f48ed407e8f77c145f589,2020-05,Durham Constabulary,Durham Constabulary,-1.680565,54.855023,On or near Hazel Terrace,E01020648,County Durham 008B,Vehicle crime,Investigation complete; no suspect identified,
a7e6a5d7d345d35b7e028e576b249f70b7aacb2ec0ac61164572dd75cc5c3894,2020-05,Durham Constabulary,Durham Constabulary,-1.677079,54.858509,On or near Cloverhill Court,E01020648,County Durham 008B,Vehicle crime,Investigation complete; no suspect identified,
78da40eac39d99826f3a08e092d3f7a4bba8c64d6cf5b1a2503ad2bca01b8aba,2020-05,Durham Constabulary,Durham Constabulary,-1.679187,54.861732,On or near Bronte Place,E01020648,County Durham 008B,Vehicle crime,Investigation complete; no suspect identified,
43e0a2ac8f11e92629f9fd1ae94f173fb5ab5ff8f70d91c00d1f008f7285fdbb,2020-05,Durham Constabulary,Durham Constabulary,-1.678431,54.858845,On or near Denewood Court,E01020648,County Durham 008B,Vehicle crime,Unable to prosecute suspect,
bcc7a84e44184288ef308fda4e01ddbb7c76790485d3d7f468ade81db65485a9,2020-05,Durham Constabulary,Durham Constabulary,-1.696581,54.860707,On or near Hustledown Gardens,E01020648,County Durham 008B,Violence and sexual offences,Unable to prosecute suspect,
4c77aac5be1c1143764297b64578e32538f510c8125f3a93df42d95680c87c94,2020-05,Durham Constabulary,Durham Constabulary,-1.678565,54.855790,On or near Oak Terrace,E01020648,County Durham 008B,Violence and sexual offences,Unable to prosecute suspect,
c6e5fa7f1d3ddcda0fb9d17fe8f51ce9b9a413c9f6e87ce06867b708201e2232,2020-05,Durham Constabulary,Durham Constabulary,-1.680779,54.857494,On or near Sports/Recreation Area,E01020648,County Durham 008B,Violence and sexual offences,Unable to prosecute suspect,
9ce8eba4276345ec57fb1f370ecd5cb0eab8cdeed43e065859b1f8074a165542,2020-05,Durham Constabulary,Durham Constabulary,-1.677901,54.855087,On or near Beech Terrace,E01020648,County Durham 008B,Violence and sexual offences,Unable to prosecute suspect,
f7d254f15825a494e56393da39b1d6170f7fef311f71caeb2198d061dff3fbf9,2020-05,Durham Constabulary,Durham Constabulary,-1.693338,54.861130,On or near Holly Hill Gardens West,E01020648,County Durham 008B,Violence and sexual offences,Unable to prosecute suspect,
fbce03d707636cca9f84a0b4ca6a157fdebd6e29aa8f7154f55c7a77ed1109e3,2020-05,Durham Constabulary,Durham Constabulary,-1.700008,54.860787,On or near Coquet Gardens,E01020648,County Durham 008B,Violence and sexual offences,Local resolution,
,2020-05,Durham Constabulary,Durham Constabulary,-1.671894,54.850524,On or near Wagtail Terrace,E01020649,County Durham 008C,Anti-social behaviour,,
,2020-05,Durham Constabulary,Durham Constabulary,-1.672582,54.850238,On or near Holmside Terrace,E01020649,County Durham 008C,Anti-social behaviour,,
,2020-05,Durham Constabulary,Durham Constabulary,-1.669756,54.851058,On or near Railway Street,E01020649,County Durham 008C,Anti-social behaviour,,
d289e9d2d39e607c2819e5b2eca8658f383a184d489e71e887e31ef7c495e1dd,2020-05,Durham Constabulary,Durham Constabulary,-1.674872,54.857892,On or near Woodside Gardens,E01020649,County Durham 008C,Drugs,Offender given a drugs possession warning,
2a12c3e036ce35be610820ea59ef59425082b4847ef8d0808cb04e184eecac13,2020-05,Durham Constabulary,Durham Constabulary,-1.674872,54.857892,On or near Woodside Gardens,E01020649,County Durham 008C,Vehicle crime,Investigation complete; no suspect identified,
cd1e2206f23fc22aa6e662481326e239482f50f8887803fcfc8aac470560cf42,2020-05,Durham Constabulary,Durham Constabulary,-1.674872,54.857892,On or near Woodside Gardens,E01020649,County Durham 008C,Violence and sexual offences,Unable to prosecute suspect,
34b356a03ed370875fe60649f3ec61022ace00e8e996631773d8eac4e18508a7,2020-05,Durham Constabulary,Durham Constabulary,-1.674872,54.857892,On or near Woodside Gardens,E01020649,County Durham 008C,Violence and sexual offences,Unable to prosecute suspect,
cbe9690258a5bb95950a8eff947f3e71d5e3a528ab38954ca930cc11b211876a,2020-05,Durham Constabulary,Durham Constabulary,-1.672582,54.850238,On or near Holmside Terrace,E01020649,County Durham 008C,Violence and sexual offences,Action to be taken by another organisation,
611fee43102034a7f157188b4a314de1fadfd543cb4ce9d67391bbc5265beb38,2020-05,Durham Constabulary,Durham Constabulary,-1.674872,54.857892,On or near Woodside Gardens,E01020649,County Durham 008C,Violence and sexual offences,Unable to prosecute suspect,
2f3f18d023e16453cda99deaf3721a643b0e82b8557482c5d0c8a2498f9e6da5,2020-05,Durham Constabulary,Durham Constabulary,-1.668844,54.852115,On or near Edward Street,E01020649,County Durham 008C,Violence and sexual offences,Unable to prosecute suspect,
bfba23441beaecba7c07f96766c02438e2a3d758de7e908cc9ed5b88dbbe8ccf,2020-05,Durham Constabulary,Durham Constabulary,-1.671894,54.850524,On or near Wagtail Terrace,E01020649,County Durham 008C,Violence and sexual offences,Unable to prosecute suspect,
8320e2916985ef970e66674641d818f6770b602728b1f2baef715da4ea145a12,2020-05,Durham Constabulary,Durham Constabulary,-1.674872,54.857892,On or near Woodside Gardens,E01020649,County Durham 008C,Violence and sexual offences,Unable to prosecute suspect,
f9a9229407ae1d865d67d71793b0f0ab9f931d2c4a2a4f991c1709e06e66e839,2020-05,Durham Constabulary,Durham Constabulary,-1.669756,54.851058,On or near Railway Street,E01020649,County Durham 008C,Violence and sexual offences,Investigation complete; no suspect identified,
8e4f1fea6ed3452db6a31ac264248d1617d627ef1b3b10ec6da837ed3b43c247,2020-05,Durham Constabulary,Durham Constabulary,-1.668844,54.852115,On or near Edward Street,E01020649,County Durham 008C,Other crime,Formal action is not in the public interest,
,2020-05,Durham Constabulary,Durham Constabulary,-1.691038,54.864440,On or near Kier Hardie Avenue,E01020673,County Durham 008D,Anti-social behaviour,,
,2020-05,Durham Constabulary,Durham Constabulary,-1.691038,54.864440,On or near Kier Hardie Avenue,E01020673,County Durham 008D,Anti-social behaviour,,
,2020-05,Durham Constabulary,Durham Constabulary,-1.694589,54.862544,On or near Keir Hardie Avenue,E01020673,County Durham 008D,Anti-social behaviour,,
,2020-05,Durham Constabulary,Durham Constabulary,-1.701444,54.862426,On or near Charles Street,E01020673,County Durham 008D,Anti-social behaviour,,
,2020-05,Durham Constabulary,Durham Constabulary,-1.693795,54.864519,On or near Tweed Terrace,E01020673,County Durham 008D,Anti-social behaviour,,
8f839d55572dce864a4ef1c5d7f87a00229bb98d772c4372555204a5f2ba186a,2020-05,Durham Constabulary,Durham Constabulary,-1.697647,54.863936,On or near Tyne Road East,E01020673,County Durham 008D,Burglary,Court result unavailable,
cf3fedce37dd8ff8cd62d3a4cb109fba424f56dc71bc848e44195133fb7cfc9c,2020-05,Durham Constabulary,Durham Constabulary,-1.697647,54.863936,On or near Tyne Road East,E01020673,County Durham 008D,Criminal damage and arson,Investigation complete; no suspect identified,
d4271e0396e66f6717bb5fa87c582cb6fa9b63328730bb9dc0b05e6236442a34,2020-05,Durham Constabulary,Durham Constabulary,-1.691038,54.864440,On or near Kier Hardie Avenue,E01020673,County Durham 008D,Other theft,Unable to prosecute suspect,
9f3e6b65cb70c971d3636e1bfd0d70bf7c1ea2d5eaa8648c3bb9d073a65066ed,2020-05,Durham Constabulary,Durham Constabulary,-1.691038,54.864440,On or near Kier Hardie Avenue,E01020673,County Durham 008D,Public order,Unable to prosecute suspect,
3cdad661382c9205a94df936b2a7d9a00d1f0f7e98e68cdae2c9f366afeff451,2020-05,Durham Constabulary,Durham Constabulary,-1.687402,54.863101,On or near Holly Hill Gardens East,E01020673,County Durham 008D,Public order,Investigation complete; no suspect identified,
a77de661dd48b847d4ed2760416280b530a83d016e9f53b4dc5f55db2b410907,2020-05,Durham Constabulary,Durham Constabulary,-1.701444,54.862426,On or near Charles Street,E01020673,County Durham 008D,Public order,Unable to prosecute suspect,
f6e71fe3f2736cac6012ebbd278c2a2e7f317b8139d3ef7cd0f6747931d52468,2020-05,Durham Constabulary,Durham Constabulary,-1.698265,54.866822,On or near Supermarket,E01020673,County Durham 008D,Shoplifting,Investigation complete; no suspect identified,
7f1ffec1a3870d00663eee2a7d8904c025af626e5510c80b723b15b622eb91d8,2020-05,Durham Constabulary,Durham Constabulary,-1.698265,54.866822,On or near Supermarket,E01020673,County Durham 008D,Shoplifting,Investigation complete; no suspect identified,
78790d80b387cf56651e1ded6390bbe7c024122a00ad2ea1fc5e48722b4b1d12,2020-05,Durham Constabulary,Durham Constabulary,-1.695999,54.865567,On or near Wansbeck Avenue,E01020673,County Durham 008D,Vehicle crime,Investigation complete; no suspect identified,
7bd21da664311f65aa54eb55cc0341c02ea1a6b3d3a81df234971cb841e9cd62,2020-05,Durham Constabulary,Durham Constabulary,-1.691038,54.864440,On or near Kier Hardie Avenue,E01020673,County Durham 008D,Violence and sexual offences,Investigation complete; no suspect identified,
c3511c9ad65cfe8ef2c3ba0ba8ed575a98583519d0f88c82f2fef98abdac0afb,2020-05,Durham Constabulary,Durham Constabulary,-1.687402,54.863101,On or near Holly Hill Gardens East,E01020673,County Durham 008D,Violence and sexual offences,Unable to prosecute suspect,
19b11f10599d89fffa3d027e5d454a78e5f530f2226e4fe0d072c59d1e6ed06e,2020-05,Durham Constabulary,Durham Constabulary,-1.687402,54.863101,On or near Holly Hill Gardens East,E01020673,County Durham 008D,Violence and sexual offences,Local resolution,
e7e59e5837ed76c87daf21207be40e2bfb17a15e7277d44a9b530c63173a7d25,2020-05,Durham Constabulary,Durham Constabulary,-1.691641,54.862923,On or near Lenin Terrace,E01020673,County Durham 008D,Violence and sexual offences,Unable to prosecute suspect,
3464fd176e09ffaae7ed1bf0b9143de0b01f29fbea6b9fcc2d8b6fc4f37f54c4,2020-05,Durham Constabulary,Durham Constabulary,-1.691038,54.864440,On or near Kier Hardie Avenue,E01020673,County Durham 008D,Violence and sexual offences,Unable to prosecute suspect,
f749abd430ce409233f06792f0835841b3699404b831b7a63e72f3727ec9e141,2020-05,Durham Constabulary,Durham Constabulary,-1.687402,54.863101,On or near Holly Hill Gardens East,E01020673,County Durham 008D,Violence and sexual offences,Unable to prosecute suspect,
fb2998069085bbe9c924f1ab1d5d003406befae309564a845a315b3e10086633,2020-05,Durham Constabulary,Durham Constabulary,-1.691038,54.864440,On or near Kier Hardie Avenue,E01020673,County Durham 008D,Violence and sexual offences,Unable to prosecute suspect,
0a9813cede06d0831eb4a500f18e4b6ffd0e49552e99e406a7e390fccff95e2c,2020-05,Durham Constabulary,Durham Constabulary,-1.687402,54.863101,On or near Holly Hill Gardens East,E01020673,County Durham 008D,Violence and sexual offences,Unable to prosecute suspect,
0a122bad6efcfc7dade0d9b8638a5a471ab6f0a0066c9aca160b656f603f4c44,2020-05,Durham Constabulary,Durham Constabulary,-1.699604,54.864812,On or near Lindon Road,E01020673,County Durham 008D,Violence and sexual offences,Unable to prosecute suspect,
a782e5fba467418092b4da8ae57d88cdea613b86e4f13615d1be8bd8c86b9734,2020-05,Durham Constabulary,Durham Constabulary,-1.691038,54.864440,On or near Kier Hardie Avenue,E01020673,County Durham 008D,Violence and sexual offences,Court result unavailable,
18779ddb413c38f5c80a3f74122ebfc4a23a8b0f2a1807150b32a11681e00995,2020-05,Durham Constabulary,Durham Constabulary,-1.701444,54.862426,On or near Charles Street,E01020673,County Durham 008D,Violence and sexual offences,Unable to prosecute suspect,
ba66ee3bc03bacd1087a32911ef62cdf631f814ce4c015dc3ff728a2ad2c71b5,2020-05,Durham Constabulary,Durham Constabulary,-1.701444,54.862426,On or near Charles Street,E01020673,County Durham 008D,Violence and sexual offences,Action to be taken by another organisation,
e7475c404305861c7e143e0d6f84512318d6353a9f57fe21062d4f27b17f67b2,2020-05,Durham Constabulary,Durham Constabulary,-1.701444,54.862426,On or near Charles Street,E01020673,County Durham 008D,Violence and sexual offences,Unable to prosecute suspect,
50bf02cb4d84c6f94f1aa309d794d7c481944fff16928760ffd9afe16ad64e2f,2020-05,Durham Constabulary,Durham Constabulary,-1.687402,54.863101,On or near Holly Hill Gardens East,E01020673,County Durham 008D,Violence and sexual offences,Unable to prosecute suspect,
,2020-05,Durham Constabulary,Durham Constabulary,-1.686351,54.870108,On or near Arnold Close,E01020675,County Durham 008E,Anti-social behaviour,,
,2020-05,Durham Constabulary,Durham Constabulary,-1.680569,54.870299,On or near Milton Close,E01020675,County Durham 008E,Anti-social behaviour,,
,2020-05,Durham Constabulary,Durham Constabulary,-1.698189,54.866480,On or near Tyne Road,E01020675,County Durham 008E,Anti-social behaviour,,
,2020-05,Durham Constabulary,Durham Constabulary,-1.694496,54.866516,On or near Wear Road,E01020675,County Durham 008E,Anti-social behaviour,,
,2020-05,Durham Constabulary,Durham Constabulary,-1.693092,54.866809,On or near Gainsborough Road,E01020675,County Durham 008E,Anti-social behaviour,,
,2020-05,Durham Constabulary,Durham Constabulary,-1.694496,54.866516,On or near Wear Road,E01020675,County Durham 008E,Anti-social behaviour,,
028bd5119c22d987c7526e669d299cea2d418296f021df306286d18d74118965,2020-05,Durham Constabulary,Durham Constabulary,-1.693092,54.866809,On or near Gainsborough Road,E01020675,County Durham 008E,Burglary,Unable to prosecute suspect,
bf01c4fed6ee2c38254ddc2cba35055fb65336703e9fee6727feccaa71c896a3,2020-05,Durham Constabulary,Durham Constabulary,-1.682585,54.869442,On or near Shelly Close,E01020675,County Durham 008E,Burglary,Further investigation is not in the public interest,
ff6b1e1cd3372716a212c4a965efaa027739b2351443f7a8ac0f0a2dd09ced5a,2020-05,Durham Constabulary,Durham Constabulary,-1.683111,54.870027,On or near Kipling Close,E01020675,County Durham 008E,Violence and sexual offences,Local resolution,
ce934be2c43d698d7e9e1150cc90ca0fb4413bcc6bfcf4898f67abaaaeb88b83,2020-05,Durham Constabulary,Durham Constabulary,-1.683111,54.870027,On or near Kipling Close,E01020675,County Durham 008E,Violence and sexual offences,Unable to prosecute suspect,
a2d3d7d6e32329b1f28e07d8436dfce2eb7237271d04624107f7b7515a5444ca,2020-05,Durham Constabulary,Durham Constabulary,-1.692789,54.871823,On or near Beaconsfield Street,E01020675,County Durham 008E,Violence and sexual offences,Unable to prosecute suspect,
,2020-05,Durham Constabulary,Durham Constabulary,-1.724795,54.860460,On or near Sabin Court,E01020624,County Durham 009A,Anti-social behaviour,,
,2020-05,Durham Constabulary,Durham Constabulary,-1.731200,54.857859,On or near South View Gardens,E01020624,County Durham 009A,Anti-social behaviour,,
,2020-05,Durham Constabulary,Durham Constabulary,-1.722975,54.857885,On or near Sports/Recreation Area,E01020624,County Durham 009A,Anti-social behaviour,,
,2020-05,Durham Constabulary,Durham Constabulary,-1.721667,54.862214,On or near Sandgate,E01020624,County Durham 009A,Anti-social behaviour,,
,2020-05,Durham Constabulary,Durham Constabulary,-1.731200,54.857859,On or near South View Gardens,E01020624,County Durham 009A,Anti-social behaviour,,
,2020-05,Durham Constabulary,Durham Constabulary,-1.726127,54.859339,On or near Meldon Way,E01020624,County Durham 009A,Anti-social behaviour,,
,2020-05,Durham Constabulary,Durham Constabulary,-1.722975,54.857885,On or near Sports/Recreation Area,E01020624,County Durham 009A,Anti-social behaviour,,
,2020-05,Durham Constabulary,Durham Constabulary,-1.724795,54.860460,On or near Sabin Court,E01020624,County Durham 009A,Anti-social behaviour,,
,2020-05,Durham Constabulary,Durham Constabulary,-1.717620,54.864020,On or near Kyo Lane,E01020624,County Durham 009A,Anti-social behaviour,,
,2020-05,Durham Constabulary,Durham Constabulary,-1.733903,54.856553,On or near Durham Road,E01020624,County Durham 009A,Anti-social behaviour,,
,2020-05,Durham Constabulary,Durham Constabulary,-1.724795,54.860460,On or near Sabin Court,E01020624,County Durham 009A,Anti-social behaviour,,
,2020-05,Durham Constabulary,Durham Constabulary,-1.726127,54.859339,On or near Meldon Way,E01020624,County Durham 009A,Anti-social behaviour,,
,2020-05,Durham Constabulary,Durham Constabulary,-1.730865,54.858955,On or near Teesdale Court,E01020624,County Durham 009A,Anti-social behaviour,,
,2020-05,Durham Constabulary,Durham Constabulary,-1.722975,54.857885,On or near Sports/Recreation Area,E01020624,County Durham 009A,Anti-social behaviour,,
b12c5e187124619202c96bd1213027071333bd46734c6d918277d4cecc0208a6,2020-05,Durham Constabulary,Durham Constabulary,-1.724795,54.860460,On or near Sabin Court,E01020624,County Durham 009A,Burglary,Investigation complete; no suspect identified,
258b0b882dafe1e597258a3f922c8c43177f0e8d40f4c578204b5c1fc00bf445,2020-05,Durham Constabulary,Durham Constabulary,-1.726127,54.859339,On or near Meldon Way,E01020624,County Durham 009A,Criminal damage and arson,Local resolution,
69dc5692636ab820b24f74a0d6955184956d4cf506006fd3cac9cb2fe8c69c9d,2020-05,Durham Constabulary,Durham Constabulary,-1.726127,54.859339,On or near Meldon Way,E01020624,County Durham 009A,Criminal damage and arson,Investigation complete; no suspect identified,
21d133141235bf04fb82b79b28bf206f5530b07581465f0695bd1cace4a2d57a,2020-05,Durham Constabulary,Durham Constabulary,-1.730865,54.858955,On or near Teesdale Court,E01020624,County Durham 009A,Criminal damage and arson,Investigation complete; no suspect identified,
b73aa3d1d5633ff73a7ee6b4656acc0ca7179cfc334551d5bdf304a127770c7a,2020-05,Durham Constabulary,Durham Constabulary,-1.730865,54.858955,On or near Teesdale Court,E01020624,County Durham 009A,Criminal damage and arson,Unable to prosecute suspect,
450857e21e66bd06dd957f8ddbb35653663e5a701823f58f88c30b6f04389ce1,2020-05,Durham Constabulary,Durham Constabulary,-1.730865,54.858955,On or near Teesdale Court,E01020624,County Durham 009A,Criminal damage and arson,Investigation complete; no suspect identified,
eac319522980a89c48973405a436b20888015095a683ae36fd71dfe6a678195f,2020-05,Durham Constabulary,Durham Constabulary,-1.726127,54.859339,On or near Meldon Way,E01020624,County Durham 009A,Drugs,Court result unavailable,
2869ec341e4169daf7378acac17daeccaf5652679254111e32dcda14253b7b80,2020-05,Durham Constabulary,Durham Constabulary,-1.723991,54.859622,On or near Shieldrow Lane,E01020624,County Durham 009A,Drugs,Court result unavailable,
ea46ce3054b272da96fbdd7a2f38fc168a8a94ec561c4484bf2d87b7b4606a13,2020-05,Durham Constabulary,Durham Constabulary,-1.726127,54.859339,On or near Meldon Way,E01020624,County Durham 009A,Other theft,Court result unavailable,
f1dc3f96611dce251ed3bf9100d6ff54bd44a5b070aa3d8fde76f2f3e559f32d,2020-05,Durham Constabulary,Durham Constabulary,-1.730865,54.858955,On or near Teesdale Court,E01020624,County Durham 009A,Public order,Unable to prosecute suspect,
af809cdc71dbb7dff6f4a69f0bd0fd43777057d26f9f05e92a5eb3e3f9219ea6,2020-05,Durham Constabulary,Durham Constabulary,-1.726127,54.859339,On or near Meldon Way,E01020624,County Durham 009A,Public order,Unable to prosecute suspect,
44cc0fd52c2e0a4640bbb1426ab8aac005efce7876f276b51b4567acc6d14a3f,2020-05,Durham Constabulary,Durham Constabulary,-1.726127,54.859339,On or near Meldon Way,E01020624,County Durham 009A,Shoplifting,Investigation complete; no suspect identified,
a9da863a5ab77fff5202b5048dea0d94382fb9357319715681aa71ffed7b44d3,2020-05,Durham Constabulary,Durham Constabulary,-1.731200,54.857859,On or near South View Gardens,E01020624,County Durham 009A,Vehicle crime,Investigation complete; no suspect identified,
885f743628f5dfdc2dd5d7d5c6fab2bce4e23172811c0125a959eed5cf850313,2020-05,Durham Constabulary,Durham Constabulary,-1.726127,54.859339,On or near Meldon Way,E01020624,County Durham 009A,Vehicle crime,Investigation complete; no suspect identified,
14f58aa85e046128a17ec63b6324b71cde8442c62ad6c455649dd845329f6e72,2020-05,Durham Constabulary,Durham Constabulary,-1.724795,54.860460,On or near Sabin Court,E01020624,County Durham 009A,Violence and sexual offences,Local resolution,
f67e071096cacd839126d8fbc21bf35c98e4f313ab6bb8d913c7ef6fa4ccc5e9,2020-05,Durham Constabulary,Durham Constabulary,-1.726127,54.859339,On or near Meldon Way,E01020624,County Durham 009A,Violence and sexual offences,Court result unavailable,
ded9c56421b50c4ab1f1cddf633ec72ee259e70ddec07c347d74f2ae3ba0a722,2020-05,Durham Constabulary,Durham Constabulary,-1.730912,54.856600,On or near Shieldrow Lane,E01020624,County Durham 009A,Violence and sexual offences,Unable to prosecute suspect,
e4b54d4eccd4937e6a7c01513df5184586332cd6da175c432ef2dd6451ff9386,2020-05,Durham Constabulary,Durham Constabulary,-1.724795,54.860460,On or near Sabin Court,E01020624,County Durham 009A,Violence and sexual offences,Local resolution,
d67a7677f9f2a89762eb2a16259375c03c52f2b7c9287bf942df1586a0c36676,2020-05,Durham Constabulary,Durham Constabulary,-1.723991,54.859622,On or near Shieldrow Lane,E01020624,County Durham 009A,Violence and sexual offences,Court result unavailable,
6b283d76fdc02f952b402db2b8a37c6ca6248f7904d10336d8c1b8eeb732bc93,2020-05,Durham Constabulary,Durham Constabulary,-1.730912,54.856600,On or near Shieldrow Lane,E01020624,County Durham 009A,Violence and sexual offences,Unable to prosecute suspect,
579da714be3ff6577ec5612e9510e55f99d253418fbdf1744624c7f70c3e70d4,2020-05,Durham Constabulary,Durham Constabulary,-1.721667,54.862214,On or near Sandgate,E01020624,County Durham 009A,Violence and sexual offences,Local resolution,
f36a67062f2c110b6d7c47e48bd0a8823522a6c14641a2a29c9d771d4d068d0e,2020-05,Durham Constabulary,Durham Constabulary,-1.730865,54.858955,On or near Teesdale Court,E01020624,County Durham 009A,Violence and sexual offences,Unable to prosecute suspect,
2305a4f7f99b73e7ceaa4e18962b0af38c94739b16581de59531a2df3fd2c375,2020-05,Durham Constabulary,Durham Constabulary,-1.721667,54.862214,On or near Sandgate,E01020624,County Durham 009A,Violence and sexual offences,Local resolution,
a34ba4c67e9d4fd63c13bf853ae5f8e79c75abaab171686564ad8b939f2d1ca5,2020-05,Durham Constabulary,Durham Constabulary,-1.730865,54.858955,On or near Teesdale Court,E01020624,County Durham 009A,Violence and sexual offences,Unable to prosecute suspect,
25ac7723aed9ac226a83e4619e7e6191f41f08ec9c371a512eeeb2d71065cb98,2020-05,Durham Constabulary,Durham Constabulary,-1.724795,54.860460,On or near Sabin Court,E01020624,County Durham 009A,Violence and sexual offences,Unable to prosecute suspect,
91466eece47d47dcd2f61b8034b1b94609f8eee191cdaaf54919ef5e9c098580,2020-05,Durham Constabulary,Durham Constabulary,-1.726127,54.859339,On or near Meldon Way,E01020624,County Durham 009A,Violence and sexual offences,Action to be taken by another organisation,
33bd3bf20b43de1192a701c37ebce54a1a7ec763124a42a8f5826afd53a569d4,2020-05,Durham Constabulary,Durham Constabulary,-1.721667,54.862214,On or near Sandgate,E01020624,County Durham 009A,Violence and sexual offences,Unable to prosecute suspect,
5467a5b89c92a806844a2ce425fd1ba86e1fae3526a5fea4c3378329646c5b33,2020-05,Durham Constabulary,Durham Constabulary,-1.724795,54.860460,On or near Sabin Court,E01020624,County Durham 009A,Violence and sexual offences,Unable to prosecute suspect,
365f492c9c1b146dd01a6b2c1b158614eb98331f3c049e2219f028e9f8d7343c,2020-05,Durham Constabulary,Durham Constabulary,-1.726127,54.859339,On or near Meldon Way,E01020624,County Durham 009A,Violence and sexual offences,Action to be taken by another organisation,
376fae2829d7592a16dbf8e6a7a158193999730cbdaa0b4f3caa36ccf3421aec,2020-05,Durham Constabulary,Durham Constabulary,-1.717620,54.864020,On or near Kyo Lane,E01020624,County Durham 009A,Violence and sexual offences,Court result unavailable,
4129e80a1005ad041fee6ea601c7b8a22170e1a1dc99b05e4925adc485705e11,2020-05,Durham Constabulary,Durham Constabulary,-1.731200,54.857859,On or near South View Gardens,E01020624,County Durham 009A,Violence and sexual offences,Unable to prosecute suspect,
43d6d2853a5f532d3897a5a02f5e71e5203a6fd6a39845419d644cc82b2e398a,2020-05,Durham Constabulary,Durham Constabulary,-1.724795,54.860460,On or near Sabin Court,E01020624,County Durham 009A,Violence and sexual offences,Unable to prosecute suspect,
2e1608fdbd00dbc79432ab7f8e77689308181bb77f9e19c630dc37370fb7809c,2020-05,Durham Constabulary,Durham Constabulary,-1.731200,54.857859,On or near South View Gardens,E01020624,County Durham 009A,Violence and sexual offences,Unable to prosecute suspect,
0d07dabd35137cd090b49d2934fcd9e2e825e1bcdc8eb8bfec4972dadc775db5,2020-05,Durham Constabulary,Durham Constabulary,-1.717620,54.864020,On or near Kyo Lane,E01020624,County Durham 009A,Violence and sexual offences,Court result unavailable,
587661c1e05150dd35d6d673d0fe2abe888260d23f9fe4b66ccae7424d9fd704,2020-05,Durham Constabulary,Durham Constabulary,-1.726127,54.859339,On or near Meldon Way,E01020624,County Durham 009A,Violence and sexual offences,Local resolution,
345209733d9deb9b68eb7b1dc2fd06ca0890c8c6c5ea95a30f2cc735c57a8f91,2020-05,Durham Constabulary,Durham Constabulary,-1.726127,54.859339,On or near Meldon Way,E01020624,County Durham 009A,Other crime,Unable to prosecute suspect,
669040d843cd45d5d0e36d31b5d5818380c819b745a20ec7224ba410e28c34c2,2020-05,Durham Constabulary,Durham Constabulary,-1.726127,54.859339,On or near Meldon Way,E01020624,County Durham 009A,Other crime,Unable to prosecute suspect,
f5ca5c199a5c3214e0513032e31d26522bf5d7a89930c1b49d5a492a828f2209,2020-05,Durham Constabulary,Durham Constabulary,-1.721667,54.862214,On or near Sandgate,E01020624,County Durham 009A,Other crime,Further investigation is not in the public interest,
,2020-05,Durham Constabulary,Durham Constabulary,-1.736075,54.855524,On or near Park Close,E01020625,County Durham 009B,Anti-social behaviour,,
,2020-05,Durham Constabulary,Durham Constabulary,-1.750409,54.857343,On or near Croft Close,E01020625,County Durham 009B,Anti-social behaviour,,
,2020-05,Durham Constabulary,Durham Constabulary,-1.733675,54.858107,On or near Thomas Street,E01020625,County Durham 009B,Anti-social behaviour,,
,2020-05,Durham Constabulary,Durham Constabulary,-1.733675,54.858107,On or near Thomas Street,E01020625,County Durham 009B,Anti-social behaviour,,
,2020-05,Durham Constabulary,Durham Constabulary,-1.733675,54.858107,On or near Thomas Street,E01020625,County Durham 009B,Anti-social behaviour,,
695a8affa4037e64396bedc19f3a09c3e52a8f2bcf06bc7e1c1a064dca936b91,2020-05,Durham Constabulary,Durham Constabulary,-1.750050,54.854997,On or near The Avenue,E01020625,County Durham 009B,Bicycle theft,Unable to prosecute suspect,
0438571988ddff0d6d6c806a1c67d56faa77b81b7fc4ca80d30546f20f6373df,2020-05,Durham Constabulary,Durham Constabulary,-1.748414,54.857590,On or near Ambrose Court,E01020625,County Durham 009B,Burglary,Investigation complete; no suspect identified,
4ed39b8f986f7e31f71dffb76339707901834079e5a9609eda7c11945a1b8edc,2020-05,Durham Constabulary,Durham Constabulary,-1.739015,54.858568,On or near Parking Area,E01020625,County Durham 009B,Criminal damage and arson,Court result unavailable,
2fda28da6bb930839aeeab395798492fccfde280709a69a8ce4f45f0e15ce8a5,2020-05,Durham Constabulary,Durham Constabulary,-1.733272,54.853056,On or near Petrol Station,E01020625,County Durham 009B,Drugs,Offender given a drugs possession warning,
167da82d8f949912214d41c5ad4cf91c4c6099c113ab3a8955ad6d119d8fc181,2020-05,Durham Constabulary,Durham Constabulary,-1.748414,54.857590,On or near Ambrose Court,E01020625,County Durham 009B,Drugs,Offender given a drugs possession warning,
38f1a3f23f225b1a4a49e3be6eb14f745e719267cdb565eeddd7bd9fe3e1a28a,2020-05,Durham Constabulary,Durham Constabulary,-1.735417,54.858533,On or near Mitchell Street,E01020625,County Durham 009B,Other theft,Investigation complete; no suspect identified,
47b11f819c0d20c2559af180b0243b91ce3eab217556e0007815097a4ce9ee77,2020-05,Durham Constabulary,Durham Constabulary,-1.733675,54.858107,On or near Thomas Street,E01020625,County Durham 009B,Public order,Offender given a caution,
443e76665ae0921cbf0c1d4a469f715f33f1b00fa9202c0853ac7202860170cf,2020-05,Durham Constabulary,Durham Constabulary,-1.736909,54.856613,On or near Supermarket,E01020625,County Durham 009B,Public order,Unable to prosecute suspect,
0ebe9d1c52f3f9d2eb99bfbdf23b0c2727ce8b55d1c146aeb9e394f8c962ba11,2020-05,Durham Constabulary,Durham Constabulary,-1.736909,54.856613,On or near Supermarket,E01020625,County Durham 009B,Public order,Unable to prosecute suspect,
3add35ced8581d9575310b58758e4addba93c2135e71608e28a8d194d4cd2acd,2020-05,Durham Constabulary,Durham Constabulary,-1.736909,54.856613,On or near Supermarket,E01020625,County Durham 009B,Shoplifting,Investigation complete; no suspect identified,
c995c0388350223f3b55ff47da89a1e4bbc04933e1b7ae926cec2b44f2cc689f,2020-05,Durham Constabulary,Durham Constabulary,-1.736909,54.856613,On or near Supermarket,E01020625,County Durham 009B,Shoplifting,Investigation complete; no suspect identified,
7f4364b96b579a7583c0ced3b2bbc97de523b436374196fe42486855097c22f2,2020-05,Durham Constabulary,Durham Constabulary,-1.736909,54.856613,On or near Supermarket,E01020625,County Durham 009B,Shoplifting,Investigation complete; no suspect identified,
5b562f8cb972e70f37407a84205c642bca4e553ffb40845ae7f5b2767ea50dcc,2020-05,Durham Constabulary,Durham Constabulary,-1.735417,54.858533,On or near Mitchell Street,E01020625,County Durham 009B,Vehicle crime,Investigation complete; no suspect identified,
b4e8e9fac3122a793ea27da4bd5e24496b0735f0196b35b5ddd6bc2c6a21a741,2020-05,Durham Constabulary,Durham Constabulary,-1.733818,54.857649,On or near Welsh Terrace,E01020625,County Durham 009B,Violence and sexual offences,Unable to prosecute suspect,
1aa5b5f54c414333723f6bbc01de419eedb1ae6ae5a4d99a8acf77c3d3281a7c,2020-05,Durham Constabulary,Durham Constabulary,-1.733675,54.858107,On or near Thomas Street,E01020625,County Durham 009B,Violence and sexual offences,Unable to prosecute suspect,
6510f0d9100b7ea41a7a4acc1dceac6a53e2450f00d7ba5bf964383fc4a607c6,2020-05,Durham Constabulary,Durham Constabulary,-1.733818,54.857649,On or near Welsh Terrace,E01020625,County Durham 009B,Violence and sexual offences,Unable to prosecute suspect,
12a683522b17fd19e550c3220d5053dccd59f4383eb85df3a676f97e3b955676,2020-05,Durham Constabulary,Durham Constabulary,-1.733675,54.858107,On or near Thomas Street,E01020625,County Durham 009B,Violence and sexual offences,Court result unavailable,
6a4c3b5ec19daa7a230e23ff051b7c555050a5a132b30c2e519da62c3db42fb7,2020-05,Durham Constabulary,Durham Constabulary,-1.733675,54.858107,On or near Thomas Street,E01020625,County Durham 009B,Violence and sexual offences,Unable to prosecute suspect,
b54d08635d47064d8c04370f880b58ed192b2d1287e069c94265b0f84077a33f,2020-05,Durham Constabulary,Durham Constabulary,-1.736909,54.856613,On or near Supermarket,E01020625,County Durham 009B,Violence and sexual offences,Unable to prosecute suspect,
85efe1825adef3b449a00847ac1b00f99afd4c115217c213e257072bf17e70a6,2020-05,Durham Constabulary,Durham Constabulary,-1.733818,54.857649,On or near Welsh Terrace,E01020625,County Durham 009B,Violence and sexual offences,Unable to prosecute suspect,
40c5f360c0d1288ba2f954d7af8eb6ca6c51c85bd4748edb8edb6dfec3efca33,2020-05,Durham Constabulary,Durham Constabulary,-1.733818,54.857649,On or near Welsh Terrace,E01020625,County Durham 009B,Violence and sexual offences,Unable to prosecute suspect,
ba8b45133f1310386ed732e4c3568ebb86a605050b39d88b0bf8c19ad2a681e9,2020-05,Durham Constabulary,Durham Constabulary,-1.733675,54.858107,On or near Thomas Street,E01020625,County Durham 009B,Violence and sexual offences,Unable to prosecute suspect,
7107889178c7260302ace5b35ebc0c9ae9ade93741fe45151e9c36ba3a639337,2020-05,Durham Constabulary,Durham Constabulary,-1.733675,54.858107,On or near Thomas Street,E01020625,County Durham 009B,Violence and sexual offences,Unable to prosecute suspect,
24a0a084b78b8cc8aad20e349a7f3752e06b92c4667338e0f4c0940009a8c0f1,2020-05,Durham Constabulary,Durham Constabulary,-1.733818,54.857649,On or near Welsh Terrace,E01020625,County Durham 009B,Violence and sexual offences,Unable to prosecute suspect,
212f3474cec73de4c01ba7ff8bff6bffe4c2ce9a50356da056876168873fc7e9,2020-05,Durham Constabulary,Durham Constabulary,-1.736909,54.856613,On or near Supermarket,E01020625,County Durham 009B,Violence and sexual offences,Unable to prosecute suspect,
1396e16890114dbcea50d3b204d2ddded54a763a6f7604d29ed078dd3eb084f9,2020-05,Durham Constabulary,Durham Constabulary,-1.733675,54.858107,On or near Thomas Street,E01020625,County Durham 009B,Violence and sexual offences,Unable to prosecute suspect,
,2020-05,Durham Constabulary,Durham Constabulary,-1.707526,54.868040,On or near Grange Road,E01020670,County Durham 009C,Anti-social behaviour,,
,2020-05,Durham Constabulary,Durham Constabulary,-1.703890,54.862432,On or near South Field Court,E01020670,County Durham 009C,Anti-social behaviour,,
,2020-05,Durham Constabulary,Durham Constabulary,-1.702111,54.864935,On or near Eastfields,E01020670,County Durham 009C,Anti-social behaviour,,
,2020-05,Durham Constabulary,Durham Constabulary,-1.720786,54.865815,On or near Kyo Lane,E01020670,County Durham 009C,Anti-social behaviour,,
,2020-05,Durham Constabulary,Durham Constabulary,-1.720786,54.865815,On or near Kyo Lane,E01020670,County Durham 009C,Anti-social behaviour,,
9c8c2690f235b5bdbdabd9aa16c47899bd4dcaec5612d9a489ffbff50e4f10a1,2020-05,Durham Constabulary,Durham Constabulary,-1.704241,54.865561,On or near Coniston Court,E01020670,County Durham 009C,Burglary,Investigation complete; no suspect identified,
f66f81e7cc3f45f19bf4ddaca1a4626246fedc4ec1b1dff9f1ba9abca36bd467,2020-05,Durham Constabulary,Durham Constabulary,-1.708324,54.867574,On or near Pea Road,E01020670,County Durham 009C,Burglary,Investigation complete; no suspect identified,
bf1f287966b4826164d8be71f55852199a781787b452e2c8b958b56563b264b0,2020-05,Durham Constabulary,Durham Constabulary,-1.708628,54.866470,On or near Dene Street,E01020670,County Durham 009C,Burglary,Investigation complete; no suspect identified,
27a9ac402154ffdd10f662d0cbc4b73366c85216405b52855c2c3f5469444721,2020-05,Durham Constabulary,Durham Constabulary,-1.706149,54.864631,On or near Standish Street,E01020670,County Durham 009C,Criminal damage and arson,Investigation complete; no suspect identified,
c8f63f7d914440cfbfe03bb01a2ea50d658dcec3e0a39d00c4a2693147ad4d7d,2020-05,Durham Constabulary,Durham Constabulary,-1.707526,54.868040,On or near Grange Road,E01020670,County Durham 009C,Criminal damage and arson,Investigation complete; no suspect identified,
16634311dfe0d0909c0aa39af5292b394d95ca8a2803e6a3bd0e2cc8db03aa40,2020-05,Durham Constabulary,Durham Constabulary,-1.706149,54.864631,On or near Standish Street,E01020670,County Durham 009C,Other theft,Offender given a caution,
463a08214721f9bb569aef803a2092d5a18e0063ef05996afa26063742c28cbf,2020-05,Durham Constabulary,Durham Constabulary,-1.706149,54.864631,On or near Standish Street,E01020670,County Durham 009C,Other theft,Offender given a caution,
01a49df8faaec5bf7d4b4a46c9be139b5a91bd610bb2cbfe009eee14452983fa,2020-05,Durham Constabulary,Durham Constabulary,-1.708555,54.863720,On or near Gladstone Street,E01020670,County Durham 009C,Other theft,Investigation complete; no suspect identified,
0f0acd31e616b2d01b503408b983ac964f165015621e5981ee0a76f9d8e37180,2020-05,Durham Constabulary,Durham Constabulary,-1.706149,54.864631,On or near Standish Street,E01020670,County Durham 009C,Robbery,Unable to prosecute suspect,
8f7aa29d7d6e128a21e8b78bf49a5c16261ff72bf9369b62ad7b601495575835,2020-05,Durham Constabulary,Durham Constabulary,-1.702111,54.864935,On or near Eastfields,E01020670,County Durham 009C,Violence and sexual offences,Unable to prosecute suspect,
c07afed3fbb698dd424eb9efede8b6bfd20ab79a91029c8c98ed3a1213c25f90,2020-05,Durham Constabulary,Durham Constabulary,-1.706149,54.864631,On or near Standish Street,E01020670,County Durham 009C,Violence and sexual offences,Local resolution,
f265fb982ef008692e15dbedee5c45f707e7ea23788486b9b48fa5c0ab165499,2020-05,Durham Constabulary,Durham Constabulary,-1.703890,54.862432,On or near South Field Court,E01020670,County Durham 009C,Violence and sexual offences,Unable to prosecute suspect,
453c1a8817a6aaa6f117d3c6abe37a4430ec3200a4b19785a95cd1e60c198739,2020-05,Durham Constabulary,Durham Constabulary,-1.708059,54.865417,On or near Palmer Street,E01020670,County Durham 009C,Violence and sexual offences,Further investigation is not in the public interest,
80d8bb084f0eea1a31ead26b81afe88b820f77fbd0930f903dd9e4fe35c67665,2020-05,Durham Constabulary,Durham Constabulary,-1.702111,54.864935,On or near Eastfields,E01020670,County Durham 009C,Other crime,Unable to prosecute suspect,
,2020-05,Durham Constabulary,Durham Constabulary,-1.705657,54.861592,On or near Supermarket,E01020671,County Durham 009D,Anti-social behaviour,,
,2020-05,Durham Constabulary,Durham Constabulary,-1.708521,54.859694,On or near Pine Street,E01020671,County Durham 009D,Anti-social behaviour,,
,2020-05,Durham Constabulary,Durham Constabulary,-1.708521,54.859694,On or near Pine Street,E01020671,County Durham 009D,Anti-social behaviour,,
98cf828a625a7792ba62c5538e369926db9772febfa6b27a31535762295c1952,2020-05,Durham Constabulary,Durham Constabulary,-1.709251,54.860001,On or near Mitchell Street,E01020671,County Durham 009D,Burglary,Unable to prosecute suspect,
7d1cce1fb40115cc8ce67813d646e9a17ae301f53f6b84ace4f0834a448a9645,2020-05,Durham Constabulary,Durham Constabulary,-1.707114,54.860418,On or near John Street,E01020671,County Durham 009D,Criminal damage and arson,Formal action is not in the public interest,
9ff2968b733b4bf65a705df8ce967cafc5e174acd3d9032570806a9959977eca,2020-05,Durham Constabulary,Durham Constabulary,-1.705695,54.862697,On or near Eyre Street,E01020671,County Durham 009D,Criminal damage and arson,Investigation complete; no suspect identified,
120cba7f455311e2b0be895cbd3196dee9f8c21145750fbcf5dc922d4d45940d,2020-05,Durham Constabulary,Durham Constabulary,-1.708521,54.859694,On or near Pine Street,E01020671,County Durham 009D,Criminal damage and arson,Investigation complete; no suspect identified,
1239230b79b48b209cf7570edffb532632e342ea5c571642e5b7f5d1a4bfb3ae,2020-05,Durham Constabulary,Durham Constabulary,-1.706794,54.861541,On or near Greenlands,E01020671,County Durham 009D,Criminal damage and arson,Unable to prosecute suspect,
d17e48418c338f7d4e123f30cf94396c42cd6eab5bbfba8f968393166bb83b38,2020-05,Durham Constabulary,Durham Constabulary,-1.707724,54.864410,On or near King Terrace,E01020671,County Durham 009D,Criminal damage and arson,Investigation complete; no suspect identified,
7ace1c11f1fc47f010bece8fb56e42cf6105201135501cd92d649869ec32ceb2,2020-05,Durham Constabulary,Durham Constabulary,-1.707114,54.860418,On or near John Street,E01020671,County Durham 009D,Criminal damage and arson,Investigation complete; no suspect identified,
dca6be1138bbe7a83e1cada089a6ec4a594352862ce0898c002480c3e8a4c53f,2020-05,Durham Constabulary,Durham Constabulary,-1.707114,54.860418,On or near John Street,E01020671,County Durham 009D,Criminal damage and arson,Investigation complete; no suspect identified,
099cd9cc272a2f1ff3444418f3a2a752c82d1b49565fb0aacf9c5acf8032c499,2020-05,Durham Constabulary,Durham Constabulary,-1.706592,54.863607,On or near Park Road,E01020671,County Durham 009D,Drugs,Offender given a caution,
518ceaa357f060f5a14fd46b9333208ff61666fc30e7de741e77437a9d18730a,2020-05,Durham Constabulary,Durham Constabulary,-1.707114,54.860418,On or near John Street,E01020671,County Durham 009D,Drugs,Formal action is not in the public interest,
b410863c64cc141d6ec14e74dc93c08f65a5072e923bd108c4e2aab21d1436d6,2020-05,Durham Constabulary,Durham Constabulary,-1.708521,54.859694,On or near Pine Street,E01020671,County Durham 009D,Public order,Local resolution,
6d8c5585906c5caa74d616ec218b4f85065299d142b8d8bceb8cd9fc0926d368,2020-05,Durham Constabulary,Durham Constabulary,-1.705657,54.861592,On or near Supermarket,E01020671,County Durham 009D,Shoplifting,Investigation complete; no suspect identified,
916be6c7717c9e0ecb9a1ac097d77a39bb6f361315ec881fb65d6347fe17a74b,2020-05,Durham Constabulary,Durham Constabulary,-1.708521,54.859694,On or near Pine Street,E01020671,County Durham 009D,Violence and sexual offences,Unable to prosecute suspect,
43962e9d8ac7849b92381f6a5a65a40d1bccc37ed31ecdc4d7c1819f6ee86f90,2020-05,Durham Constabulary,Durham Constabulary,-1.708521,54.859694,On or near Pine Street,E01020671,County Durham 009D,Violence and sexual offences,Local resolution,
a8f97979b9e5d36646af82cb81d1fc22aded90da2d65c2c7d49cb0d7a67b9ab7,2020-05,Durham Constabulary,Durham Constabulary,-1.709251,54.860001,On or near Mitchell Street,E01020671,County Durham 009D,Violence and sexual offences,Court result unavailable,
a012c5a69bbb051b25f781f51d18e70ed8bee59009eaeeb5842cc3d3ce622b2a,2020-05,Durham Constabulary,Durham Constabulary,-1.709251,54.860001,On or near Mitchell Street,E01020671,County Durham 009D,Violence and sexual offences,Court result unavailable,
49224909db8ebadd4566dde3effb637c2f0fb7737e642da669b95532a84fd05a,2020-05,Durham Constabulary,Durham Constabulary,-1.708521,54.859694,On or near Pine Street,E01020671,County Durham 009D,Violence and sexual offences,Unable to prosecute suspect,
5ed0f59f9d4edd465597e255c6c519dd7ccdbd0b059c2961990448119e711ba9,2020-05,Durham Constabulary,Durham Constabulary,-1.704760,54.860664,On or near Mundell Street,E01020671,County Durham 009D,Violence and sexual offences,Unable to prosecute suspect,
b74074409460adfdcf50dfd39be400f255719ecb6c0e89dc449b4c110e2a9e0e,2020-05,Durham Constabulary,Durham Constabulary,-1.708521,54.859694,On or near Pine Street,E01020671,County Durham 009D,Violence and sexual offences,Unable to prosecute suspect,
b8441ee62793d60621ff08cdf1bb858aef912dbcd9d6dd7df0a9c0b9db58457b,2020-05,Durham Constabulary,Durham Constabulary,-1.707114,54.860418,On or near John Street,E01020671,County Durham 009D,Violence and sexual offences,Unable to prosecute suspect,
d04e9b1011d378e7b6b744d48d0ef1520ab804792b2ec3985e75890358ad166a,2020-05,Durham Constabulary,Durham Constabulary,-1.707314,54.860778,On or near William Street,E01020671,County Durham 009D,Violence and sexual offences,Investigation complete; no suspect identified,
d4d607b00485f0237b600395220529f253bfbcfc8161953596113c1aeeff690f,2020-05,Durham Constabulary,Durham Constabulary,-1.708521,54.859694,On or near Pine Street,E01020671,County Durham 009D,Violence and sexual offences,Unable to prosecute suspect,
838bb0d15a7fb694072b19535d53caef7d9e9f9db26631e6a668f0ad483170f2,2020-05,Durham Constabulary,Durham Constabulary,-1.708521,54.859694,On or near Pine Street,E01020671,County Durham 009D,Other crime,Unable to prosecute suspect,
375a685e3aff4e64463b64497b4667579923de76e04bff74619acd2ce9433eb6,2020-05,Durham Constabulary,Durham Constabulary,-1.707724,54.864410,On or near King Terrace,E01020671,County Durham 009D,Other crime,Unable to prosecute suspect,
75a15ce5baa29a0f0f69bcf2f5f3d3f83ed2248f4108e2edbadc0394be4deb43,2020-05,Durham Constabulary,Durham Constabulary,-1.707114,54.860418,On or near John Street,E01020671,County Durham 009D,Other crime,Unable to prosecute suspect,
,2020-05,Durham Constabulary,Durham Constabulary,-1.707435,54.859116,On or near Elm Street,E01020672,County Durham 009E,Anti-social behaviour,,
,2020-05,Durham Constabulary,Durham Constabulary,-1.707604,54.859512,On or near Poplar Street,E01020672,County Durham 009E,Anti-social behaviour,,
,2020-05,Durham Constabulary,Durham Constabulary,-1.707289,54.857768,On or near Beldon Drive,E01020672,County Durham 009E,Anti-social behaviour,,
,2020-05,Durham Constabulary,Durham Constabulary,-1.707604,54.859512,On or near Poplar Street,E01020672,County Durham 009E,Anti-social behaviour,,
,2020-05,Durham Constabulary,Durham Constabulary,-1.707435,54.859116,On or near Elm Street,E01020672,County Durham 009E,Anti-social behaviour,,
,2020-05,Durham Constabulary,Durham Constabulary,-1.704953,54.853485,On or near Greenhills,E01020672,County Durham 009E,Anti-social behaviour,,
,2020-05,Durham Constabulary,Durham Constabulary,-1.707289,54.857768,On or near Beldon Drive,E01020672,County Durham 009E,Anti-social behaviour,,
,2020-05,Durham Constabulary,Durham Constabulary,-1.707435,54.859116,On or near Elm Street,E01020672,County Durham 009E,Anti-social behaviour,,
,2020-05,Durham Constabulary,Durham Constabulary,-1.707604,54.859512,On or near Poplar Street,E01020672,County Durham 009E,Anti-social behaviour,,
,2020-05,Durham Constabulary,Durham Constabulary,-1.707604,54.859512,On or near Poplar Street,E01020672,County Durham 009E,Anti-social behaviour,,
,2020-05,Durham Constabulary,Durham Constabulary,-1.706777,54.853174,On or near Sports/Recreation Area,E01020672,County Durham 009E,Anti-social behaviour,,
,2020-05,Durham Constabulary,Durham Constabulary,-1.707604,54.859512,On or near Poplar Street,E01020672,County Durham 009E,Anti-social behaviour,,
,2020-05,Durham Constabulary,Durham Constabulary,-1.707604,54.859512,On or near Poplar Street,E01020672,County Durham 009E,Anti-social behaviour,,
,2020-05,Durham Constabulary,Durham Constabulary,-1.704523,54.852567,On or near The Fairways,E01020672,County Durham 009E,Anti-social behaviour,,
26a4cb2b621a743cdd32c775b8d5492027b4239a4260149b0ec3583190aebf7e,2020-05,Durham Constabulary,Durham Constabulary,-1.705504,54.859093,On or near Maple Street,E01020672,County Durham 009E,Criminal damage and arson,Investigation complete; no suspect identified,
d48b9b04e03c05e3c928b2cc2c998a1dbafe83df0f45421f2c5fda1b52b02bdc,2020-05,Durham Constabulary,Durham Constabulary,-1.705504,54.859093,On or near Maple Street,E01020672,County Durham 009E,Criminal damage and arson,Court result unavailable,
3f3c306b2e4d4d9c765d6998c22f3038f0ebbdac9d38e41760842c3d4d4014b2,2020-05,Durham Constabulary,Durham Constabulary,-1.703487,54.860095,On or near Charlotte Street,E01020672,County Durham 009E,Drugs,Offender given a drugs possession warning,
afca7518c4016a238c97f3aba9d02242709169413392f4d08a168676d5dd9924,2020-05,Durham Constabulary,Durham Constabulary,-1.703572,54.859080,On or near Holyoake,E01020672,County Durham 009E,Drugs,Offender given a drugs possession warning,
62dafc5c9d432fb04321ed6bf6a036eafd0516048392563d99de602dd997fa4e,2020-05,Durham Constabulary,Durham Constabulary,-1.707604,54.859512,On or near Poplar Street,E01020672,County Durham 009E,Other theft,Investigation complete; no suspect identified,
a1154eb12d89d6ec41f2dd1f929a67b32846e63dc9282d94c2aec9727da4fbe4,2020-05,Durham Constabulary,Durham Constabulary,-1.703487,54.860095,On or near Charlotte Street,E01020672,County Durham 009E,Public order,Unable to prosecute suspect,
e6a678f9d8e436b6238a305f25aea0fd7c2afa45f66673ca30193ccd998d1c62,2020-05,Durham Constabulary,Durham Constabulary,-1.704484,54.860106,On or near Parmeter Street,E01020672,County Durham 009E,Public order,Court result unavailable,
193c264c25fa4b8480405e98e373ecbb01e161316c6d5c71b27e1ad38fe9afed,2020-05,Durham Constabulary,Durham Constabulary,-1.702742,54.855393,On or near Muriel Street,E01020672,County Durham 009E,Violence and sexual offences,Investigation complete; no suspect identified,
14b7ef6b1953f118050fe4598a3546ed65daae08841c808c2c3f60f9796bd684,2020-05,Durham Constabulary,Durham Constabulary,-1.702742,54.855393,On or near Muriel Street,E01020672,County Durham 009E,Violence and sexual offences,Investigation complete; no suspect identified,
5b85bc6abc3da57763c3b4ece06cdbbcb40da78fd20a2050e0f35264aa710beb,2020-05,Durham Constabulary,Durham Constabulary,-1.707604,54.859512,On or near Poplar Street,E01020672,County Durham 009E,Violence and sexual offences,Unable to prosecute suspect,
,2020-05,Durham Constabulary,Durham Constabulary,-1.847294,54.862580,On or near George Street,E01020632,County Durham 010A,Anti-social behaviour,,
,2020-05,Durham Constabulary,Durham Constabulary,-1.840246,54.860217,On or near Park Street,E01020632,County Durham 010A,Anti-social behaviour,,
,2020-05,Durham Constabulary,Durham Constabulary,-1.848156,54.861305,On or near Supermarket,E01020632,County Durham 010A,Anti-social behaviour,,
059513f6d04c0d81a8c4abddf74d9ddb9cfefca7df3ff0e20c3f33995bb2c580,2020-05,Durham Constabulary,Durham Constabulary,-1.846955,54.861807,On or near Wesley Street,E01020632,County Durham 010A,Criminal damage and arson,Investigation complete; no suspect identified,
cb96af7b1917a264132311419588e58c38a81c21ed8fa816c09b0e4bf7d18c23,2020-05,Durham Constabulary,Durham Constabulary,-1.843281,54.857040,On or near Kirk Street,E01020632,County Durham 010A,Public order,Unable to prosecute suspect,
7b0e83e2960017c1ecc83b13270229fccd71de28d7448667b9943a23964477ff,2020-05,Durham Constabulary,Durham Constabulary,-1.845169,54.860187,On or near Moorview,E01020632,County Durham 010A,Vehicle crime,Investigation complete; no suspect identified,
ed16adf391a169a4d9a616f6cf6bf9a91a0732040014a158d21fcca191c0c9ad,2020-05,Durham Constabulary,Durham Constabulary,-1.846178,54.861231,On or near Market Street,E01020632,County Durham 010A,Violence and sexual offences,Unable to prosecute suspect,
00ad41042e753eafed9014f99298168d594419a482f50b669ef3b204bee391af,2020-05,Durham Constabulary,Durham Constabulary,-1.846178,54.861231,On or near Market Street,E01020632,County Durham 010A,Violence and sexual offences,Court result unavailable,
20b4de7c44a07d4d65247e9dc3c2a195d0cf688a8a9b9e8e4cae5ade00800cd7,2020-05,Durham Constabulary,Durham Constabulary,-1.846178,54.861231,On or near Market Street,E01020632,County Durham 010A,Violence and sexual offences,Unable to prosecute suspect,
0333ebcc189d87feca728a8449170ca8255723094dda6a589bb9d3f915db2916,2020-05,Durham Constabulary,Durham Constabulary,-1.846178,54.861231,On or near Market Street,E01020632,County Durham 010A,Violence and sexual offences,Unable to prosecute suspect,
,2020-05,Durham Constabulary,Durham Constabulary,-1.830767,54.847273,On or near Mickleton Close,E01020640,County Durham 010B,Anti-social behaviour,,
,2020-05,Durham Constabulary,Durham Constabulary,-1.832140,54.850312,On or near Palmerston Street,E01020640,County Durham 010B,Anti-social behaviour,,
,2020-05,Durham Constabulary,Durham Constabulary,-1.832140,54.850312,On or near Palmerston Street,E01020640,County Durham 010B,Anti-social behaviour,,
,2020-05,Durham Constabulary,Durham Constabulary,-1.834339,54.849632,On or near Supermarket,E01020640,County Durham 010B,Anti-social behaviour,,
,2020-05,Durham Constabulary,Durham Constabulary,-1.831825,54.851111,On or near Shopping Area,E01020640,County Durham 010B,Anti-social behaviour,,
,2020-05,Durham Constabulary,Durham Constabulary,-1.832140,54.850312,On or near Palmerston Street,E01020640,County Durham 010B,Anti-social behaviour,,
,2020-05,Durham Constabulary,Durham Constabulary,-1.830102,54.849815,On or near Railway Street,E01020640,County Durham 010B,Anti-social behaviour,,
,2020-05,Durham Constabulary,Durham Constabulary,-1.828898,54.850981,On or near East Parade,E01020640,County Durham 010B,Anti-social behaviour,,
,2020-05,Durham Constabulary,Durham Constabulary,-1.832796,54.849863,On or near Unsworth Street,E01020640,County Durham 010B,Anti-social behaviour,,
12514af91a9c7efe27606357d8ee463cdefb5ad24066ba5171b2ce38c0adba1f,2020-05,Durham Constabulary,Durham Constabulary,-1.826400,54.848803,On or near Delves Lane,E01020640,County Durham 010B,Drugs,Offender given a drugs possession warning,
c24d59d873dc1254cfa66f3d0332c398f328610000e6d2d01879de180fd98308,2020-05,Durham Constabulary,Durham Constabulary,-1.826400,54.848803,On or near Delves Lane,E01020640,County Durham 010B,Drugs,Offender given a drugs possession warning,
2597f1b44fc5dfd184404a47388992fb5c8e4f754ee8af1828b1c4ffcaedcdec,2020-05,Durham Constabulary,Durham Constabulary,-1.834574,54.849264,On or near Supermarket,E01020640,County Durham 010B,Other theft,Further investigation is not in the public interest,
619347227f15e3f3ade4aa1d04b6879f9372cd9157df6b1fcdf191f08a3935ca,2020-05,Durham Constabulary,Durham Constabulary,-1.832439,54.849611,On or near Unsworth Gardens,E01020640,County Durham 010B,Public order,Unable to prosecute suspect,
18cd2bfa0706b350988b190d0b95b6b386859b04f68b7b2c9a12c64702c043a4,2020-05,Durham Constabulary,Durham Constabulary,-1.832796,54.849863,On or near Unsworth Street,E01020640,County Durham 010B,Public order,Investigation complete; no suspect identified,
17c46d80856ac2e0d7fe3ec765f77d84028b19a5ec7571b03539bcbdbe76282c,2020-05,Durham Constabulary,Durham Constabulary,-1.826400,54.848803,On or near Delves Lane,E01020640,County Durham 010B,Shoplifting,Offender given a caution,
3cb7d3ca1f25ffcfd77f79d1b4af3fb45202b7a13ef59f81a135b781a2bd9b5b,2020-05,Durham Constabulary,Durham Constabulary,-1.834574,54.849264,On or near Supermarket,E01020640,County Durham 010B,Shoplifting,Unable to prosecute suspect,
8e835376c95e2ad01df8d61496d882a09d9350b8f351bcb604cce7369757a515,2020-05,Durham Constabulary,Durham Constabulary,-1.834574,54.849264,On or near Supermarket,E01020640,County Durham 010B,Shoplifting,Investigation complete; no suspect identified,
fa26f7d078a28a5c6b5b041cb1c2f908642e7886013be5f1b0dede1a8628d631,2020-05,Durham Constabulary,Durham Constabulary,-1.828898,54.850981,On or near East Parade,E01020640,County Durham 010B,Vehicle crime,Court result unavailable,
3c8c5cc11329b907b79c60a3aa51464e9916b78031feaddac1338bcb4c97ac36,2020-05,Durham Constabulary,Durham Constabulary,-1.825291,54.853160,On or near Meadow Rise,E01020640,County Durham 010B,Violence and sexual offences,Unable to prosecute suspect,
dca90583aaa535a4ab551729300c12206cb540d007c7966767832bc9db46acfa,2020-05,Durham Constabulary,Durham Constabulary,-1.827581,54.849335,On or near Forster Street,E01020640,County Durham 010B,Violence and sexual offences,Unable to prosecute suspect,
9c44c6a7a5828eb62efaf1f4cc0e5f473fe4e6bfc558dffc8ef9c16513ef38ff,2020-05,Durham Constabulary,Durham Constabulary,-1.827581,54.849335,On or near Forster Street,E01020640,County Durham 010B,Violence and sexual offences,Local resolution,
2f71fbcebd4e61f858f818f943ea36421ffa56ed98ea14ec9e6b46b53041f2e8,2020-05,Durham Constabulary,Durham Constabulary,-1.827535,54.852777,On or near Plane Street,E01020640,County Durham 010B,Other crime,Unable to prosecute suspect,
c37c11c96fbab26a2a49bf13a1321eb7a01e2e6a01b401c669df383dc0fad6b2,2020-05,Durham Constabulary,Durham Constabulary,-1.826400,54.848803,On or near Delves Lane,E01020640,County Durham 010B,Other crime,Investigation complete; no suspect identified,
,2020-05,Durham Constabulary,Durham Constabulary,-1.827997,54.853981,On or near Gladstone Street,E01020641,County Durham 010C,Anti-social behaviour,,
,2020-05,Durham Constabulary,Durham Constabulary,-1.824968,54.859360,On or near Villa Real Road,E01020641,County Durham 010C,Anti-social behaviour,,
,2020-05,Durham Constabulary,Durham Constabulary,-1.825636,54.856117,On or near Elmdale Road,E01020641,County Durham 010C,Anti-social behaviour,,
,2020-05,Durham Constabulary,Durham Constabulary,-1.827997,54.853981,On or near Gladstone Street,E01020641,County Durham 010C,Anti-social behaviour,,
,2020-05,Durham Constabulary,Durham Constabulary,-1.827997,54.853981,On or near Gladstone Street,E01020641,County Durham 010C,Anti-social behaviour,,
0970e7fc154ad4a9f25f577687f52c8614bb70e50c99212192c4404a427c9f69,2020-05,Durham Constabulary,Durham Constabulary,-1.818244,54.858020,On or near Leadgate Road,E01020641,County Durham 010C,Drugs,Court result unavailable,
fca32bd16048ff449ce3dc83ddafcdf537b0f985af883c125da84f41bbad7068,2020-05,Durham Constabulary,Durham Constabulary,-1.818244,54.858020,On or near Leadgate Road,E01020641,County Durham 010C,Possession of weapons,Court result unavailable,
8963c6fc2aae815ff3862b41e928fd441dc2d7e750f28ffb50484a25fdb360f9,2020-05,Durham Constabulary,Durham Constabulary,-1.827214,54.855104,On or near Park Avenue,E01020641,County Durham 010C,Vehicle crime,Investigation complete; no suspect identified,
1248f0f590f10b451223948fa695cb55b494a682be16862a3fecaba11c1f9116,2020-05,Durham Constabulary,Durham Constabulary,-1.829512,54.853031,On or near Meadowsweet Close,E01020641,County Durham 010C,Violence and sexual offences,Local resolution,
74740feb8cf3c67ee04e9b96e6667d61195cc2198bb196a2b16e53398feca84d,2020-05,Durham Constabulary,Durham Constabulary,-1.823910,54.855584,On or near Ash Grove,E01020641,County Durham 010C,Violence and sexual offences,Investigation complete; no suspect identified,
e5f6072c64773689c8f6017fea7864bc6360f865115ec2fc22e13312ae5d830b,2020-05,Durham Constabulary,Durham Constabulary,-1.830908,54.854489,On or near Maple Street,E01020641,County Durham 010C,Violence and sexual offences,Unable to prosecute suspect,
e7aa21b08613cb49d22f839c266bc9d963863603487b210b7d85b40f0c36eba7,2020-05,Durham Constabulary,Durham Constabulary,-1.824968,54.859360,On or near Villa Real Road,E01020641,County Durham 010C,Violence and sexual offences,Unable to prosecute suspect,
8d652336a0baa14dbc012f17f32d4efdaa04d3612cfe3b0c7bb8a62aa7d885c2,2020-05,Durham Constabulary,Durham Constabulary,-1.824968,54.859360,On or near Villa Real Road,E01020641,County Durham 010C,Violence and sexual offences,Unable to prosecute suspect,
,2020-05,Durham Constabulary,Durham Constabulary,-1.830721,54.861866,On or near Medomsley Road,E01020642,County Durham 010D,Anti-social behaviour,,
,2020-05,Durham Constabulary,Durham Constabulary,-1.833298,54.856703,On or near Beverley Terrace,E01020642,County Durham 010D,Anti-social behaviour,,
96f4a46a32968588acd91393fafbdc4d14dd57a9d85512ad2cda0202397bc2af,2020-05,Durham Constabulary,Durham Constabulary,-1.838657,54.860287,On or near Buckham Street,E01020642,County Durham 010D,Burglary,Investigation complete; no suspect identified,
06dfa288bc6528e982144ad6a773b6f4739292e601175de6150d340f3aa11a33,2020-05,Durham Constabulary,Durham Constabulary,-1.833290,54.858464,On or near Allison Gardens,E01020642,County Durham 010D,Burglary,Unable to prosecute suspect,
e6ccca0d916a994cad9de2ec3c0f3e4cbe956060223d926602049edfbc60311b,2020-05,Durham Constabulary,Durham Constabulary,-1.831453,54.862047,On or near Cyril Street,E01020642,County Durham 010D,Criminal damage and arson,Investigation complete; no suspect identified,
75cac78ced5a2210f3429d0c662ba6de80f13707502634d5accb32aa07f6ce56,2020-05,Durham Constabulary,Durham Constabulary,-1.830721,54.861866,On or near Medomsley Road,E01020642,County Durham 010D,Criminal damage and arson,Investigation complete; no suspect identified,
558fd12ca248b6b936e6c5bbefdd601acbfa06602bd11ff472751c810e97f961,2020-05,Durham Constabulary,Durham Constabulary,-1.833098,54.855948,On or near Bath Lane,E01020642,County Durham 010D,Public order,Unable to prosecute suspect,
fb64c90658917f010fa298186018b2ca769afe6925bc89988855b278228c5cf7,2020-05,Durham Constabulary,Durham Constabulary,-1.832195,54.859658,On or near Chartwell Place,E01020642,County Durham 010D,Violence and sexual offences,Local resolution,
0c749de98b39a9acc36045824eeeb6c13f03ed26db89e64389d203f9c0507839,2020-05,Durham Constabulary,Durham Constabulary,-1.832195,54.859658,On or near Chartwell Place,E01020642,County Durham 010D,Violence and sexual offences,Local resolution,
72c5b80b5de4ff7db2586296fd775de6b5c1ba69c5212813a867edd0f71d817e,2020-05,Durham Constabulary,Durham Constabulary,-1.838657,54.860287,On or near Buckham Street,E01020642,County Durham 010D,Violence and sexual offences,Unable to prosecute suspect,
ed2a75fefd4141ed41b941956057c9b3d610f0642a754b8d05bf94c97660a52e,2020-05,Durham Constabulary,Durham Constabulary,-1.833561,54.857009,On or near Barr Hills,E01020642,County Durham 010D,Violence and sexual offences,Court result unavailable,
,2020-05,Durham Constabulary,Durham Constabulary,-1.834995,54.852859,On or near Parking Area,E01020643,County Durham 010E,Anti-social behaviour,,
,2020-05,Durham Constabulary,Durham Constabulary,-1.835128,54.854728,On or near Newmarket Street,E01020643,County Durham 010E,Anti-social behaviour,,
,2020-05,Durham Constabulary,Durham Constabulary,-1.833656,54.852956,On or near Raglan Street,E01020643,County Durham 010E,Anti-social behaviour,,
,2020-05,Durham Constabulary,Durham Constabulary,-1.833656,54.852956,On or near Raglan Street,E01020643,County Durham 010E,Anti-social behaviour,,
,2020-05,Durham Constabulary,Durham Constabulary,-1.833656,54.852956,On or near Raglan Street,E01020643,County Durham 010E,Anti-social behaviour,,
,2020-05,Durham Constabulary,Durham Constabulary,-1.833656,54.852956,On or near Raglan Street,E01020643,County Durham 010E,Anti-social behaviour,,
326452e4c1251ec9fe9c67810e45cce6df9e3cf6ee0c2cb5d9cad7253de87b07,2020-05,Durham Constabulary,Durham Constabulary,-1.837574,54.850598,On or near The Green,E01020643,County Durham 010E,Criminal damage and arson,Investigation complete; no suspect identified,
949ff8e7593071808f8acfd15ae067c7ab944d2e8be0afbe33b705224874a30b,2020-05,Durham Constabulary,Durham Constabulary,-1.834189,54.855778,On or near Stephen Street,E01020643,County Durham 010E,Drugs,Offender given a drugs possession warning,
9417c4f6f252c672666f4d5cb57c00356d323a0ecbafaa5b17938fbcd80ccf4f,2020-05,Durham Constabulary,Durham Constabulary,-1.835173,54.851278,On or near Alexandra Street,E01020643,County Durham 010E,Other theft,Unable to prosecute suspect,
2a903188aa1db8fc76d20fefb9ea0d8f137e273bb83ae3decc122e6ad787898f,2020-05,Durham Constabulary,Durham Constabulary,-1.835173,54.851278,On or near Alexandra Street,E01020643,County Durham 010E,Other theft,Unable to prosecute suspect,
54e2802ffa7dcf3279c1b6977c5a0e8daaec7224886eed3f8897ee1e5be107a9,2020-05,Durham Constabulary,Durham Constabulary,-1.830598,54.854147,On or near Herbert Street,E01020643,County Durham 010E,Public order,Investigation complete; no suspect identified,
d8cb165d9de77482aca04f6d1f5a4cd4d207673d76eb783300657b836b0fd663,2020-05,Durham Constabulary,Durham Constabulary,-1.831895,54.853097,On or near Bus/Coach Station,E01020643,County Durham 010E,Public order,Investigation complete; no suspect identified,
dc3c8692b36b600ccb54b23a43447a56bb7b4e9bddfcd1a0fb53f7125db0991b,2020-05,Durham Constabulary,Durham Constabulary,-1.835128,54.854728,On or near Newmarket Street,E01020643,County Durham 010E,Public order,Investigation complete; no suspect identified,
5799659e829b8aaa4e381672b01accb62e328d97244838042a2a43d0c3976329,2020-05,Durham Constabulary,Durham Constabulary,-1.832459,54.852262,On or near Wesley Street,E01020643,County Durham 010E,Shoplifting,Local resolution,
98f25b9df9f1f9b66db88fc3b2206a7d6aae921b6377dc97cd43bc1c90fa03f8,2020-05,Durham Constabulary,Durham Constabulary,-1.831895,54.853097,On or near Bus/Coach Station,E01020643,County Durham 010E,Shoplifting,Court result unavailable,
cbadca9e51f643a0ddffc43d051bab11dfb93bbf3794c05c93e3fdd8432a49e4,2020-05,Durham Constabulary,Durham Constabulary,-1.831895,54.853097,On or near Bus/Coach Station,E01020643,County Durham 010E,Shoplifting,Court result unavailable,
451e70698eed285f267a012cb0efb8b6a772c198d5bb3d3452d2ba7d439e1792,2020-05,Durham Constabulary,Durham Constabulary,-1.833865,54.854960,On or near Garden Place,E01020643,County Durham 010E,Violence and sexual offences,Action to be taken by another organisation,
233a488362bea194f5cee2a12db20ca6ae543fd29244383101c28aa01ac11fc4,2020-05,Durham Constabulary,Durham Constabulary,-1.831895,54.853097,On or near Bus/Coach Station,E01020643,County Durham 010E,Violence and sexual offences,Court result unavailable,
af5e33077d8fac86171eb4b292ae64f1d5d056db9a6258e53a4625a0a6a5b9b5,2020-05,Durham Constabulary,Durham Constabulary,-1.836200,54.851683,On or near Parnaby Street,E01020643,County Durham 010E,Violence and sexual offences,Unable to prosecute suspect,
83f7dc6e63148e895d48d50c917f8fc6d2767ae6eab40175e0fc531ec153c8c0,2020-05,Durham Constabulary,Durham Constabulary,-1.835173,54.851278,On or near Alexandra Street,E01020643,County Durham 010E,Violence and sexual offences,Unable to prosecute suspect,
9857e628e4e08814fa5aa7a80eabc01e89bd218b467f9e2b405c3e067fa9c3ba,2020-05,Durham Constabulary,Durham Constabulary,-1.835173,54.851278,On or near Alexandra Street,E01020643,County Durham 010E,Violence and sexual offences,Unable to prosecute suspect,
d93fb6e494d4fd13701e88156de93e03999474e2eb0d4998dc7aa1b217ae8835,2020-05,Durham Constabulary,Durham Constabulary,-1.835173,54.851278,On or near Alexandra Street,E01020643,County Durham 010E,Violence and sexual offences,Unable to prosecute suspect,
,2020-05,Durham Constabulary,Durham Constabulary,-1.810534,54.857892,On or near Bluebell Close,E01020667,County Durham 010F,Anti-social behaviour,,
,2020-05,Durham Constabulary,Durham Constabulary,-1.813523,54.868554,On or near Sports/Recreation Area,E01020667,County Durham 010F,Anti-social behaviour,,
,2020-05,Durham Constabulary,Durham Constabulary,-1.808785,54.862238,On or near B6309,E01020667,County Durham 010F,Anti-social behaviour,,
ad52535af0eefcf10e67196b54f80f5f7ef283b7d4cff82093740c089d6cf4fd,2020-05,Durham Constabulary,Durham Constabulary,-1.801760,54.865184,On or near Pont Lane,E01020667,County Durham 010F,Criminal damage and arson,Investigation complete; no suspect identified,
a6a27421e0aeaa182c9a523e63dd4ac3a21c851a5c02f3c34c636c4a2104a250,2020-05,Durham Constabulary,Durham Constabulary,-1.808444,54.858499,On or near Nelson Street,E01020667,County Durham 010F,Other theft,Investigation complete; no suspect identified,
a48fec95f3dcc7eea184a88a73a38781cfa053233172f1352eedaf4f91071f2f,2020-05,Durham Constabulary,Durham Constabulary,-1.808785,54.862238,On or near B6309,E01020667,County Durham 010F,Public order,Investigation complete; no suspect identified,
bdd2319be5fa0a4085d130838fba176435f862220491e9b2a32925cf7d364e6f,2020-05,Durham Constabulary,Durham Constabulary,-1.813523,54.868554,On or near Sports/Recreation Area,E01020667,County Durham 010F,Violence and sexual offences,Unable to prosecute suspect,
599ad32dde50160ff4b694cbcc4100c5e287d7275b33ed07c43ffa54179197d6,2020-05,Durham Constabulary,Durham Constabulary,-1.813523,54.868554,On or near Sports/Recreation Area,E01020667,County Durham 010F,Violence and sexual offences,Unable to prosecute suspect,
95cbeb5b8aefd876dc7caedf60d60c9be7bc6dfe4949596c015c15e51356c178,2020-05,Durham Constabulary,Durham Constabulary,-1.813523,54.868554,On or near Sports/Recreation Area,E01020667,County Durham 010F,Violence and sexual offences,Investigation complete; no suspect identified,
,2020-05,Durham Constabulary,Durham Constabulary,-1.584307,54.857742,On or near Seventh Avenue,E01020592,County Durham 011A,Anti-social behaviour,,
,2020-05,Durham Constabulary,Durham Constabulary,-1.587412,54.854185,On or near Third Avenue,E01020592,County Durham 011A,Anti-social behaviour,,
,2020-05,Durham Constabulary,Durham Constabulary,-1.579924,54.856801,On or near Alpine Court,E01020592,County Durham 011A,Anti-social behaviour,,
,2020-05,Durham Constabulary,Durham Constabulary,-1.583180,54.853730,On or near Bullion Lane,E01020592,County Durham 011A,Anti-social behaviour,,
,2020-05,Durham Constabulary,Durham Constabulary,-1.579924,54.856801,On or near Alpine Court,E01020592,County Durham 011A,Anti-social behaviour,,
,2020-05,Durham Constabulary,Durham Constabulary,-1.587412,54.854185,On or near Third Avenue,E01020592,County Durham 011A,Anti-social behaviour,,
8887cbe0806b56bf5ec0303138c76a0d9cdf689a14b9b3960762bb78bec7d705,2020-05,Durham Constabulary,Durham Constabulary,-1.587012,54.855172,On or near Fourth Avenue,E01020592,County Durham 011A,Burglary,Investigation complete; no suspect identified,
f249afd2620349b4be37bdd924f76302fcc1c32794e3b8789e159df2f1a760f0,2020-05,Durham Constabulary,Durham Constabulary,-1.583256,54.856876,On or near Ninth Avenue,E01020592,County Durham 011A,Criminal damage and arson,Unable to prosecute suspect,
00380a618a668e8839bfec7b1cfdb06c139a3f490e6038142ec6dc0d28fcc71a,2020-05,Durham Constabulary,Durham Constabulary,-1.583256,54.856876,On or near Ninth Avenue,E01020592,County Durham 011A,Criminal damage and arson,Court result unavailable,
456591f3fd40c4ec8e1e8bd4e7fe9281e4c48cd806b364bf87dff2b0c11ca444,2020-05,Durham Constabulary,Durham Constabulary,-1.587012,54.855172,On or near Fourth Avenue,E01020592,County Durham 011A,Drugs,Unable to prosecute suspect,
23fe52284b094f8947e56add8adf1d4b319e2983e64145fe9db4daa5e30ca9cf,2020-05,Durham Constabulary,Durham Constabulary,-1.586070,54.858979,On or near North Approach,E01020592,County Durham 011A,Drugs,Court result unavailable,
8b5f85d3e88e1f287e5adb627127cb7befdf90167b1433b2304ff71fc7875c8e,2020-05,Durham Constabulary,Durham Constabulary,-1.585737,54.854979,On or near The Crescent,E01020592,County Durham 011A,Drugs,Court result unavailable,
2d2c33ea683b232289f1a38c40c8fa1adfd8283b264903c9028332024c3561e0,2020-05,Durham Constabulary,Durham Constabulary,-1.584433,54.856026,On or near The Avenue,E01020592,County Durham 011A,Possession of weapons,Unable to prosecute suspect,
f470da2cc22a89440baa1276861cbbf105551a7ea13c2144c5d4103d29bcdd72,2020-05,Durham Constabulary,Durham Constabulary,-1.583799,54.857120,On or near Eighth Avenue,E01020592,County Durham 011A,Public order,Court result unavailable,
c3bfe91ed9f2d613a591d4bc9a428b45fdb58c84d47d07a723064a63ca9fb5c1,2020-05,Durham Constabulary,Durham Constabulary,-1.587012,54.855172,On or near Fourth Avenue,E01020592,County Durham 011A,Public order,Unable to prosecute suspect,
b882457df89f0a4ce825230def812e4db844e966b99306bb359125150c400d2f,2020-05,Durham Constabulary,Durham Constabulary,-1.584379,54.858290,On or near Twelfth Avenue,E01020592,County Durham 011A,Public order,Unable to prosecute suspect,
36907dc8c5317f07c498b3f737f12c394d15f99d6e3f84093cfbafe0c518fed9,2020-05,Durham Constabulary,Durham Constabulary,-1.583799,54.857120,On or near Eighth Avenue,E01020592,County Durham 011A,Violence and sexual offences,Court result unavailable,
99dfc5b82fc590c16b7c809b437be175182e19a426d3969eedcf4937ad7a3c0d,2020-05,Durham Constabulary,Durham Constabulary,-1.581739,54.857490,On or near Jacques Terrace,E01020592,County Durham 011A,Violence and sexual offences,Unable to prosecute suspect,
28a806d6016689fcbf19e30c513a1ca432ca1bd7c5adced73b6b4202b36b8170,2020-05,Durham Constabulary,Durham Constabulary,-1.587012,54.855172,On or near Fourth Avenue,E01020592,County Durham 011A,Violence and sexual offences,Unable to prosecute suspect,
c905c31cdbe6d59a7b2a8b4d309faa065e8d8c0e1282f2f00cf34eed11cabfc9,2020-05,Durham Constabulary,Durham Constabulary,-1.587012,54.855172,On or near Fourth Avenue,E01020592,County Durham 011A,Violence and sexual offences,Unable to prosecute suspect,
185c78304233252ea5e10c6b80e858c1ff19a4a5226722cc84dc7a11ce817982,2020-05,Durham Constabulary,Durham Constabulary,-1.587012,54.855172,On or near Fourth Avenue,E01020592,County Durham 011A,Violence and sexual offences,Unable to prosecute suspect,
037a510112ff6d0fd19c4fa3e43c55be5c93f7fb7d3951ef4e957e3c2bab1873,2020-05,Durham Constabulary,Durham Constabulary,-1.583799,54.857120,On or near Eighth Avenue,E01020592,County Durham 011A,Violence and sexual offences,Unable to prosecute suspect,
a6da61730fb3cec2720a934c52e910a33dc774bac7871a6b1e46570fb545df92,2020-05,Durham Constabulary,Durham Constabulary,-1.584379,54.858290,On or near Twelfth Avenue,E01020592,County Durham 011A,Violence and sexual offences,Unable to prosecute suspect,
ff9958c5ce2d492bf66687693b1a1f1fe2ea2cc706e0ec7af528407b62b087ed,2020-05,Durham Constabulary,Durham Constabulary,-1.585737,54.854979,On or near The Crescent,E01020592,County Durham 011A,Violence and sexual offences,Local resolution,
b9d52faaf0a6e74357b209c3ab0852de371999564e1ad63858241d6911e39d60,2020-05,Durham Constabulary,Durham Constabulary,-1.587012,54.855172,On or near Fourth Avenue,E01020592,County Durham 011A,Violence and sexual offences,Unable to prosecute suspect,
22a5968ade50a1dbfa433e93906325d919e8ac41cdc03b6be7270c75f8d4c12f,2020-05,Durham Constabulary,Durham Constabulary,-1.583256,54.856876,On or near Ninth Avenue,E01020592,County Durham 011A,Violence and sexual offences,Unable to prosecute suspect,
77066e1067bd798fe86b03668b06ea8f5cc35c488892cf798d6bf9b43159611c,2020-05,Durham Constabulary,Durham Constabulary,-1.582483,54.856316,On or near Murray Court,E01020592,County Durham 011A,Violence and sexual offences,Local resolution,
0a2f8a457aecde3620cd85c23facca6ce25947800948614d58e8ee1ae6f4aa97,2020-05,Durham Constabulary,Durham Constabulary,-1.584307,54.857742,On or near Seventh Avenue,E01020592,County Durham 011A,Violence and sexual offences,Unable to prosecute suspect,
b73cab9a4b467e3626e9f8a8d0bd9ce550f00292a1689bf0a7209d5a0c77bd30,2020-05,Durham Constabulary,Durham Constabulary,-1.583256,54.856876,On or near Ninth Avenue,E01020592,County Durham 011A,Violence and sexual offences,Court result unavailable,
3654ea260fb5612417993231354ee88eaac21fe92aa2b53f4bdd1bc308c12346,2020-05,Durham Constabulary,Durham Constabulary,-1.587012,54.855172,On or near Fourth Avenue,E01020592,County Durham 011A,Other crime,Unable to prosecute suspect,
3704a12a3f20f05404347c860545899792d89c9a5724b5a75a09ceef5f477368,2020-05,Durham Constabulary,Durham Constabulary,-1.587012,54.855172,On or near Fourth Avenue,E01020592,County Durham 011A,Other crime,Court result unavailable,
,2020-05,Durham Constabulary,Durham Constabulary,-1.575091,54.857153,On or near Supermarket,E01020593,County Durham 011B,Anti-social behaviour,,
,2020-05,Durham Constabulary,Durham Constabulary,-1.576514,54.853644,On or near Edward Street,E01020593,County Durham 011B,Anti-social behaviour,,
,2020-05,Durham Constabulary,Durham Constabulary,-1.577110,54.853251,On or near Poplar Street,E01020593,County Durham 011B,Anti-social behaviour,,
,2020-05,Durham Constabulary,Durham Constabulary,-1.573141,54.851502,On or near Ropery Lane,E01020593,County Durham 011B,Anti-social behaviour,,
,2020-05,Durham Constabulary,Durham Constabulary,-1.576790,54.854094,On or near Avondale Terrace,E01020593,County Durham 011B,Anti-social behaviour,,
,2020-05,Durham Constabulary,Durham Constabulary,-1.581964,54.855289,On or near Bede Terrace,E01020593,County Durham 011B,Anti-social behaviour,,
,2020-05,Durham Constabulary,Durham Constabulary,-1.574915,54.854618,On or near Parking Area,E01020593,County Durham 011B,Anti-social behaviour,,
,2020-05,Durham Constabulary,Durham Constabulary,-1.576205,54.853418,On or near Victor Street,E01020593,County Durham 011B,Anti-social behaviour,,
8a3f74fd55fc312676934778ed4bc22d68b90fc59ae08eca0872b5ece8510f1b,2020-05,Durham Constabulary,Durham Constabulary,-1.576658,54.853339,On or near Pine Street,E01020593,County Durham 011B,Criminal damage and arson,Investigation complete; no suspect identified,
acfd23e9af4437962144847f477cdc3e24e3e0a5329a9b37bdb2d9c92a27e40e,2020-05,Durham Constabulary,Durham Constabulary,-1.576503,54.857715,On or near Morningside Court,E01020593,County Durham 011B,Criminal damage and arson,Court result unavailable,
7619b4b78fb0aa0d8964479f3838fd7e327f5e2dcc47bf18aa20cd730979b6ca,2020-05,Durham Constabulary,Durham Constabulary,-1.580554,54.854593,On or near Fife Avenue,E01020593,County Durham 011B,Public order,Unable to prosecute suspect,
1f51148e10bfb12c92834b56e475340b11eb2b3c25bd782dff142ab9af3475a6,2020-05,Durham Constabulary,Durham Constabulary,-1.577110,54.853251,On or near Poplar Street,E01020593,County Durham 011B,Public order,Unable to prosecute suspect,
2ca4a9b31e7539abada920cbc0245e4ab97fa265fcecb6725fc60acdce11a512,2020-05,Durham Constabulary,Durham Constabulary,-1.580554,54.854593,On or near Fife Avenue,E01020593,County Durham 011B,Shoplifting,Unable to prosecute suspect,
3caab26cae3eb040ab77f7be69e80ebe4aa019f92999413494de222ce5751759,2020-05,Durham Constabulary,Durham Constabulary,-1.575559,54.855600,On or near Louise Terrace,E01020593,County Durham 011B,Shoplifting,Court result unavailable,
091c48c3eab80c88d9e3d9082c2de9e260d74bac3e517935ebf1fd1a059732fd,2020-05,Durham Constabulary,Durham Constabulary,-1.580554,54.854593,On or near Fife Avenue,E01020593,County Durham 011B,Shoplifting,Investigation complete; no suspect identified,
62f8d7d7f46dadec24d8035fd24427f05c5816b8892aa9d1b617f3c8a2d610fb,2020-05,Durham Constabulary,Durham Constabulary,-1.573835,54.852242,On or near Petrol Station,E01020593,County Durham 011B,Shoplifting,Investigation complete; no suspect identified,
faf04c4f697f7b1b16e3d46f6ae650f067fa75915d8fbd4146f2b2f8a475cb2f,2020-05,Durham Constabulary,Durham Constabulary,-1.575091,54.857153,On or near Supermarket,E01020593,County Durham 011B,Shoplifting,Investigation complete; no suspect identified,
677dc0a3dc29f0ef5390577f16a845a7dbf876d57026714beddae4a92d0c9740,2020-05,Durham Constabulary,Durham Constabulary,-1.575091,54.857153,On or near Supermarket,E01020593,County Durham 011B,Shoplifting,Court result unavailable,
7eb13f5d2ee877654121ee052d36d4c485d2e34cedca65697bc47bbadad87687,2020-05,Durham Constabulary,Durham Constabulary,-1.575091,54.857144,On or near Supermarket,E01020593,County Durham 011B,Shoplifting,Court result unavailable,
54e5d2e001606e07e78ea3e6abef31022ebb7ee7c53c8af16f6ad0794b11b361,2020-05,Durham Constabulary,Durham Constabulary,-1.573835,54.852242,On or near Petrol Station,E01020593,County Durham 011B,Shoplifting,Court result unavailable,
c81af9cd508395e68b80a925e7485e55221d8119a69353fb1da8083ad39abaf9,2020-05,Durham Constabulary,Durham Constabulary,-1.575091,54.857153,On or near Supermarket,E01020593,County Durham 011B,Shoplifting,Court result unavailable,
b71cf97d2e6882ae96c789e617f73f97f9bf2a073dd85a87a56ae636f74e5447,2020-05,Durham Constabulary,Durham Constabulary,-1.575091,54.857144,On or near Supermarket,E01020593,County Durham 011B,Shoplifting,Investigation complete; no suspect identified,
bb53b791318673a47236ad3c0a7de76bf9df81e8921a6397f317c6dc0a6e850d,2020-05,Durham Constabulary,Durham Constabulary,-1.580554,54.854593,On or near Fife Avenue,E01020593,County Durham 011B,Shoplifting,Unable to prosecute suspect,
e8a5bb49f7fbfe83214ffe15eea8397fd5316a5ecef94ee1bd0555a6d72ebeb1,2020-05,Durham Constabulary,Durham Constabulary,-1.575559,54.855600,On or near Louise Terrace,E01020593,County Durham 011B,Shoplifting,Court result unavailable,
cd6b89c63ad23d7f4f822d8ebc8fa31066246b7d7a0318ef7f3ae9f5bf546aa8,2020-05,Durham Constabulary,Durham Constabulary,-1.575459,54.857774,On or near Co-Operative Street,E01020593,County Durham 011B,Shoplifting,Unable to prosecute suspect,
465ae5c6dcb7d0ccc5e78231cabdbc36e484c3f09bd421881b6eff0f1f6e2dfa,2020-05,Durham Constabulary,Durham Constabulary,-1.578946,54.854947,On or near Station Road,E01020593,County Durham 011B,Violence and sexual offences,Investigation complete; no suspect identified,
30c452a98047daa3fe80bd2ff582f9148a0ba63eb8d5d0227d193c9b9ae643f0,2020-05,Durham Constabulary,Durham Constabulary,-1.576503,54.857715,On or near Morningside Court,E01020593,County Durham 011B,Violence and sexual offences,Court result unavailable,
8130559d80d62950790755b515bec45808dbac6acbe33901cc9f42ea0b351276,2020-05,Durham Constabulary,Durham Constabulary,-1.576503,54.857715,On or near Morningside Court,E01020593,County Durham 011B,Violence and sexual offences,Unable to prosecute suspect,
80f6e92ed4ed63928556bd340ed6598acdfbf10916e5e51014712f5f15a25967,2020-05,Durham Constabulary,Durham Constabulary,-1.575559,54.855600,On or near Louise Terrace,E01020593,County Durham 011B,Violence and sexual offences,Unable to prosecute suspect,
105314f83e9224341a5aa32164268cb189413d1c8f40ceb3d7f9d334fd98014e,2020-05,Durham Constabulary,Durham Constabulary,-1.575752,54.853525,On or near Albert Street,E01020593,County Durham 011B,Violence and sexual offences,Unable to prosecute suspect,
33fd4e47b51cf87eb1816da0e9aae4b818a8797a67db4246c86ffc8df6d4de04,2020-05,Durham Constabulary,Durham Constabulary,-1.576514,54.853644,On or near Edward Street,E01020593,County Durham 011B,Violence and sexual offences,Further action is not in the public interest,
ca98579272c0d16ecb9492505e67bf64f6499ca21d308d1283dc308163f158a7,2020-05,Durham Constabulary,Durham Constabulary,-1.580891,54.855133,On or near Cookson Terrace,E01020593,County Durham 011B,Violence and sexual offences,Unable to prosecute suspect,
0c6caf9219809d80ce986d0e9f46fa511da5435755de591770d9e410b332a36f,2020-05,Durham Constabulary,Durham Constabulary,-1.576514,54.853644,On or near Edward Street,E01020593,County Durham 011B,Violence and sexual offences,Further action is not in the public interest,
8a9b65194697428d5a750cfbc35130feec1615949574a921ca952a8c812a5455,2020-05,Durham Constabulary,Durham Constabulary,-1.580891,54.855133,On or near Cookson Terrace,E01020593,County Durham 011B,Violence and sexual offences,Action to be taken by another organisation,
95e2c33bf7e8c508762eae89118607ebcb2ca7e1d00649e011af3893e99cee40,2020-05,Durham Constabulary,Durham Constabulary,-1.580891,54.855133,On or near Cookson Terrace,E01020593,County Durham 011B,Violence and sexual offences,Local resolution,
c09008516ff785b2fdab26cca5661ae635fc5fe85b13bfdfe7145aabfc257275,2020-05,Durham Constabulary,Durham Constabulary,-1.581964,54.855289,On or near Bede Terrace,E01020593,County Durham 011B,Violence and sexual offences,Unable to prosecute suspect,
,2020-05,Durham Constabulary,Durham Constabulary,-1.579105,54.851622,On or near Waldridge Road,E01020599,County Durham 011C,Anti-social behaviour,,
,2020-05,Durham Constabulary,Durham Constabulary,-1.579105,54.851622,On or near Waldridge Road,E01020599,County Durham 011C,Anti-social behaviour,,
,2020-05,Durham Constabulary,Durham Constabulary,-1.583722,54.849517,On or near Cleveland Avenue,E01020599,County Durham 011C,Anti-social behaviour,,
,2020-05,Durham Constabulary,Durham Constabulary,-1.579105,54.851622,On or near Waldridge Road,E01020599,County Durham 011C,Anti-social behaviour,,
,2020-05,Durham Constabulary,Durham Constabulary,-1.580617,54.850010,On or near Mendip Avenue,E01020599,County Durham 011C,Anti-social behaviour,,
a9a346c518b03a1a6ff42d71017b047ace012e6c8e8d2e603ba22193f3243c93,2020-05,Durham Constabulary,Durham Constabulary,-1.583722,54.849517,On or near Cleveland Avenue,E01020599,County Durham 011C,Burglary,Unable to prosecute suspect,
dcb6d0ea9b5d04a2f06915f775cfbc8ea9fcbe2ce71b8209582bfcb67c48a31f,2020-05,Durham Constabulary,Durham Constabulary,-1.583722,54.849517,On or near Cleveland Avenue,E01020599,County Durham 011C,Criminal damage and arson,Investigation complete; no suspect identified,
06f322e506087fa9cf3b8809b87e14f7dad6fea0707002888ba2bcae4bcbc963,2020-05,Durham Constabulary,Durham Constabulary,-1.579105,54.851622,On or near Waldridge Road,E01020599,County Durham 011C,Criminal damage and arson,Investigation complete; no suspect identified,
b9b90a3bf04e184845b24e61345fa009cba8fd2fd5dc28586db0beffac10515c,2020-05,Durham Constabulary,Durham Constabulary,-1.583722,54.849517,On or near Cleveland Avenue,E01020599,County Durham 011C,Other theft,Investigation complete; no suspect identified,
e6161f1692063d31d0b0aec79983af194aed119993ed1a719552f9b647f5a2d8,2020-05,Durham Constabulary,Durham Constabulary,-1.583722,54.849517,On or near Cleveland Avenue,E01020599,County Durham 011C,Other theft,Court result unavailable,
59362e7123999a25e52447bd890a1eee178e159ad79dfe9f9186e31a36640d90,2020-05,Durham Constabulary,Durham Constabulary,-1.583722,54.849517,On or near Cleveland Avenue,E01020599,County Durham 011C,Other theft,Status update unavailable,
f6970a667270791c9402e2dd328c912cee9bb09d94c3f4bad72c5f91f47f57d5,2020-05,Durham Constabulary,Durham Constabulary,-1.580617,54.850010,On or near Mendip Avenue,E01020599,County Durham 011C,Public order,Unable to prosecute suspect,
6c69d3d2b003c2aa10cc0a44cdef479fc47619f01266b8b30268d9c455872ef8,2020-05,Durham Constabulary,Durham Constabulary,-1.580617,54.850010,On or near Mendip Avenue,E01020599,County Durham 011C,Robbery,Court result unavailable,
e80e63c12c7bd049f04d76d540b3edd0066557231dd9a1f3f63df41e252a9f5e,2020-05,Durham Constabulary,Durham Constabulary,-1.580617,54.850010,On or near Mendip Avenue,E01020599,County Durham 011C,Shoplifting,Court result unavailable,
c60b0ac2e54fe06d699282f168ac60a754ce179736139acaec6add87795cdc9b,2020-05,Durham Constabulary,Durham Constabulary,-1.583722,54.849517,On or near Cleveland Avenue,E01020599,County Durham 011C,Vehicle crime,Investigation complete; no suspect identified,
4905d6f9926ca8083ad92433625bd09227f2eb816937644553ac27b321b59249,2020-05,Durham Constabulary,Durham Constabulary,-1.580617,54.850010,On or near Mendip Avenue,E01020599,County Durham 011C,Violence and sexual offences,Unable to prosecute suspect,
ba20da534e803f98a1e84451fa5f11a919d61d6691dc7bfd5c25c0646ed45e8b,2020-05,Durham Constabulary,Durham Constabulary,-1.580617,54.850010,On or near Mendip Avenue,E01020599,County Durham 011C,Violence and sexual offences,Unable to prosecute suspect,
15a4e0619ff343ab5ef6c06cfc5257978753af3ba38bb7ca375f8d8b4f886971,2020-05,Durham Constabulary,Durham Constabulary,-1.590844,54.849011,On or near Sidlaw Avenue,E01020599,County Durham 011C,Violence and sexual offences,Investigation complete; no suspect identified,
d3362dd7f9a54d227981b71bd4c422ecc986ccf96fd4d4e11d32ea0c651aaec2,2020-05,Durham Constabulary,Durham Constabulary,-1.590844,54.849011,On or near Sidlaw Avenue,E01020599,County Durham 011C,Violence and sexual offences,Unable to prosecute suspect,
8ba635af0fc2588d52974ec01279e11187f17d7d3d6e773e6eded088b0f1ff68,2020-05,Durham Constabulary,Durham Constabulary,-1.583722,54.849517,On or near Cleveland Avenue,E01020599,County Durham 011C,Violence and sexual offences,Unable to prosecute suspect,
b1758f506766fbd5bef29b999960d63ad0811d71f5fc83bf527b1ffba18a642d,2020-05,Durham Constabulary,Durham Constabulary,-1.590844,54.849011,On or near Sidlaw Avenue,E01020599,County Durham 011C,Violence and sexual offences,Further action is not in the public interest,
2c4440d6c0bbb3af9fa26fd7767071f043fe6afa921b121ab440f02b78c428aa,2020-05,Durham Constabulary,Durham Constabulary,-1.583722,54.849517,On or near Cleveland Avenue,E01020599,County Durham 011C,Violence and sexual offences,Unable to prosecute suspect,
,2020-05,Durham Constabulary,Durham Constabulary,-1.593464,54.850215,On or near Waldridge Lane,E01020601,County Durham 011D,Anti-social behaviour,,
9f9b1c9bf3ea3eb3986cb19aed418f428533ef01db2033cee6770245725dea2e,2020-05,Durham Constabulary,Durham Constabulary,-1.590345,54.858355,On or near Cragside,E01020601,County Durham 011D,Violence and sexual offences,Unable to prosecute suspect,
a65106da4d780f0a8dd5f2db0e69ac517bd369d85de01d34ca6fa811e1fecac5,2020-05,Durham Constabulary,Durham Constabulary,-1.593464,54.850215,On or near Waldridge Lane,E01020601,County Durham 011D,Violence and sexual offences,Unable to prosecute suspect,
bfee6c32164632208a8d6668d428589feded9a883838ab48c31dfc7c71790627,2020-05,Durham Constabulary,Durham Constabulary,-1.590345,54.858355,On or near Cragside,E01020601,County Durham 011D,Violence and sexual offences,Unable to prosecute suspect,
,2020-05,Durham Constabulary,Durham Constabulary,-1.586097,54.850226,On or near Waldridge Road,E01020602,County Durham 011E,Anti-social behaviour,,
,2020-05,Durham Constabulary,Durham Constabulary,-1.586097,54.850226,On or near Waldridge Road,E01020602,County Durham 011E,Anti-social behaviour,,
,2020-05,Durham Constabulary,Durham Constabulary,-1.596400,54.852499,On or near Auckland,E01020602,County Durham 011E,Anti-social behaviour,,
,2020-05,Durham Constabulary,Durham Constabulary,-1.596400,54.852499,On or near Auckland,E01020602,County Durham 011E,Anti-social behaviour,,
,2020-05,Durham Constabulary,Durham Constabulary,-1.586097,54.850226,On or near Waldridge Road,E01020602,County Durham 011E,Anti-social behaviour,,
,2020-05,Durham Constabulary,Durham Constabulary,-1.590678,54.856146,On or near Wynyard,E01020602,County Durham 011E,Anti-social behaviour,,
,2020-05,Durham Constabulary,Durham Constabulary,-1.585468,54.852309,On or near Second Avenue,E01020602,County Durham 011E,Anti-social behaviour,,
,2020-05,Durham Constabulary,Durham Constabulary,-1.585468,54.852309,On or near Second Avenue,E01020602,County Durham 011E,Anti-social behaviour,,
,2020-05,Durham Constabulary,Durham Constabulary,-1.581298,54.853490,On or near Lumley Close,E01020602,County Durham 011E,Anti-social behaviour,,
,2020-05,Durham Constabulary,Durham Constabulary,-1.585468,54.852309,On or near Second Avenue,E01020602,County Durham 011E,Anti-social behaviour,,
,2020-05,Durham Constabulary,Durham Constabulary,-1.590678,54.856146,On or near Wynyard,E01020602,County Durham 011E,Anti-social behaviour,,
f984606389136724e0e25570ab3739a8abd8d67ea45a8e0e03abb58538261a39,2020-05,Durham Constabulary,Durham Constabulary,-1.587298,54.851569,On or near Yetholm Avenue,E01020602,County Durham 011E,Criminal damage and arson,Investigation complete; no suspect identified,
ba9d78b492d8172bbe3eaca94910016f6ca6e40fe01e1a3dd166f5c051b978ab,2020-05,Durham Constabulary,Durham Constabulary,-1.580678,54.851681,On or near Sports/Recreation Area,E01020602,County Durham 011E,Criminal damage and arson,Investigation complete; no suspect identified,
8b2759465f4761901fd9ac4f772ddbda1f42ffaf2628168a8dc04a95f177cd07,2020-05,Durham Constabulary,Durham Constabulary,-1.596400,54.852499,On or near Auckland,E01020602,County Durham 011E,Other theft,Investigation complete; no suspect identified,
582507d3d810515c5b3bab9dfa911e95327adb13b1345092ff3092c177d89ace,2020-05,Durham Constabulary,Durham Constabulary,-1.596400,54.852499,On or near Auckland,E01020602,County Durham 011E,Other theft,Investigation complete; no suspect identified,
44971f42fdbae74c5f5ce729b1f0e8bd370a085d4eaa8c9d06b424ebbce5ce5b,2020-05,Durham Constabulary,Durham Constabulary,-1.586097,54.850226,On or near Waldridge Road,E01020602,County Durham 011E,Violence and sexual offences,Unable to prosecute suspect,
c6fac678ba4fb089d0fc18de3105a88eb2431cb57c508c7388b4074cdd454f03,2020-05,Durham Constabulary,Durham Constabulary,-1.596400,54.852499,On or near Auckland,E01020602,County Durham 011E,Violence and sexual offences,Unable to prosecute suspect,
aa18281a6874077d873b45b87f94bcfe5a067ef55393b4f126ad460a4076aa19,2020-05,Durham Constabulary,Durham Constabulary,-1.590678,54.856146,On or near Wynyard,E01020602,County Durham 011E,Violence and sexual offences,Unable to prosecute suspect,
241e3c0fd58fb8f8b108e99c9de21d660d5e0ba409b7728f965816d03881cff0,2020-05,Durham Constabulary,Durham Constabulary,-1.593756,54.855213,On or near Gibside,E01020602,County Durham 011E,Violence and sexual offences,Action to be taken by another organisation,
ce1c171897d06dc9825cbd115b24d7839fe1d0284e86664e96e84c634e028e86,2020-05,Durham Constabulary,Durham Constabulary,-1.589818,54.853474,On or near Gainford,E01020602,County Durham 011E,Violence and sexual offences,Unable to prosecute suspect,
6644032c8504412301c11f8edeb3fece4e12af620a11105f64b4f5757aa4c126,2020-05,Durham Constabulary,Durham Constabulary,-1.590678,54.856146,On or near Wynyard,E01020602,County Durham 011E,Violence and sexual offences,Unable to prosecute suspect,
319f7393a3e9145c9f97c8373b798bd69bdba6917f8af95f029333da36c7ea4d,2020-05,Durham Constabulary,Durham Constabulary,-1.586097,54.850226,On or near Waldridge Road,E01020602,County Durham 011E,Violence and sexual offences,Further investigation is not in the public interest,
,2020-05,Durham Constabulary,Durham Constabulary,-1.605316,54.858252,On or near Dovecote Drive,E01020618,County Durham 011F,Anti-social behaviour,,
,2020-05,Durham Constabulary,Durham Constabulary,-1.609822,54.857790,On or near Gardiner Crescent,E01020618,County Durham 011F,Anti-social behaviour,,
,2020-05,Durham Constabulary,Durham Constabulary,-1.606597,54.857834,On or near Glenview Close,E01020618,County Durham 011F,Anti-social behaviour,,
,2020-05,Durham Constabulary,Durham Constabulary,-1.606665,54.857277,On or near Blindy Burn Court,E01020618,County Durham 011F,Anti-social behaviour,,
,2020-05,Durham Constabulary,Durham Constabulary,-1.606369,54.855668,On or near Fellway,E01020618,County Durham 011F,Anti-social behaviour,,
,2020-05,Durham Constabulary,Durham Constabulary,-1.606369,54.855668,On or near Fellway,E01020618,County Durham 011F,Anti-social behaviour,,
,2020-05,Durham Constabulary,Durham Constabulary,-1.608614,54.857023,On or near Fell Road,E01020618,County Durham 011F,Anti-social behaviour,,
,2020-05,Durham Constabulary,Durham Constabulary,-1.609822,54.857790,On or near Gardiner Crescent,E01020618,County Durham 011F,Anti-social behaviour,,
a3f257dce59d6de860d753361e98facc729eb419f200e430864fdf99491c22ea,2020-05,Durham Constabulary,Durham Constabulary,-1.608614,54.857023,On or near Fell Road,E01020618,County Durham 011F,Criminal damage and arson,Unable to prosecute suspect,
10fe5944a946cec754b092fa57e16e00e85ca78d5bde0dba97318ac449c91707,2020-05,Durham Constabulary,Durham Constabulary,-1.617822,54.858526,On or near Grange Terrace,E01020618,County Durham 011F,Drugs,Offender given a drugs possession warning,
9b8a6c9669de43344868ca7f72e5877c0cf00dacdfca8783e1b41e01f790ceb7,2020-05,Durham Constabulary,Durham Constabulary,-1.606717,54.855156,On or near Coleridge Place,E01020618,County Durham 011F,Other theft,Unable to prosecute suspect,
992c21a7d7c68f6022eccff4a823042ab30d61c5b7bf68cc12e8b2d6157b6b46,2020-05,Durham Constabulary,Durham Constabulary,-1.609822,54.857790,On or near Gardiner Crescent,E01020618,County Durham 011F,Public order,Investigation complete; no suspect identified,
6a51d94ce3bc3059ca013a47be9f4565e4a111445d6b194751ce689f0da1e37f,2020-05,Durham Constabulary,Durham Constabulary,-1.604620,54.856111,On or near Shelley Gardens,E01020618,County Durham 011F,Vehicle crime,Investigation complete; no suspect identified,
e9aac51b900856dfc6a8af0d0b03acd6a89dd338e836582e10b61652db542b5b,2020-05,Durham Constabulary,Durham Constabulary,-1.606665,54.857277,On or near Blindy Burn Court,E01020618,County Durham 011F,Vehicle crime,Unable to prosecute suspect,
7c4b7e41d83a16b821e1521b033509ea029346d5ef1ae9b736158a860251e2ab,2020-05,Durham Constabulary,Durham Constabulary,-1.609822,54.857790,On or near Gardiner Crescent,E01020618,County Durham 011F,Violence and sexual offences,Unable to prosecute suspect,
426ee4e2ee70887c543365ebdf979933c3f0a285fec041763dd85f4918b9487a,2020-05,Durham Constabulary,Durham Constabulary,-1.604620,54.856111,On or near Shelley Gardens,E01020618,County Durham 011F,Violence and sexual offences,Unable to prosecute suspect,
cf236028d8f37bf2bd10a5d3bbbfc214800d8124a61e4d3b28b155f395561ec6,2020-05,Durham Constabulary,Durham Constabulary,-1.609822,54.857790,On or near Gardiner Crescent,E01020618,County Durham 011F,Violence and sexual offences,Unable to prosecute suspect,
93d59d54b6e69ba8072483ace3a7fe35c9ae58d149d4a668011060dff085ed6f,2020-05,Durham Constabulary,Durham Constabulary,-1.609856,54.857530,On or near Briarwood Avenue,E01020618,County Durham 011F,Violence and sexual offences,Unable to prosecute suspect,
9d707c40122134a59fb1e63a36ad93cf9fe5099c887d25e48b86dec07878ec9b,2020-05,Durham Constabulary,Durham Constabulary,-1.604620,54.856111,On or near Shelley Gardens,E01020618,County Durham 011F,Violence and sexual offences,Unable to prosecute suspect,
,2020-05,Durham Constabulary,Durham Constabulary,-1.810758,54.843451,On or near Greencroft Road,E01020650,County Durham 012A,Anti-social behaviour,,
,2020-05,Durham Constabulary,Durham Constabulary,-1.815131,54.843943,On or near Woodside Drive,E01020650,County Durham 012A,Anti-social behaviour,,
,2020-05,Durham Constabulary,Durham Constabulary,-1.812047,54.844019,On or near Lumley Drive,E01020650,County Durham 012A,Anti-social behaviour,,
,2020-05,Durham Constabulary,Durham Constabulary,-1.815131,54.843943,On or near Woodside Drive,E01020650,County Durham 012A,Anti-social behaviour,,
,2020-05,Durham Constabulary,Durham Constabulary,-1.828735,54.841689,On or near Langdon Close,E01020650,County Durham 012A,Anti-social behaviour,,
,2020-05,Durham Constabulary,Durham Constabulary,-1.810758,54.843451,On or near Greencroft Road,E01020650,County Durham 012A,Anti-social behaviour,,
,2020-05,Durham Constabulary,Durham Constabulary,-1.823871,54.842904,On or near Deepdale Drive,E01020650,County Durham 012A,Anti-social behaviour,,
,2020-05,Durham Constabulary,Durham Constabulary,-1.828735,54.841689,On or near Langdon Close,E01020650,County Durham 012A,Anti-social behaviour,,
ddab1f617ac7f4b23b87f31abf055736dcaabbb07866de00ff4127344585d846,2020-05,Durham Constabulary,Durham Constabulary,-1.812047,54.844019,On or near Lumley Drive,E01020650,County Durham 012A,Criminal damage and arson,Unable to prosecute suspect,
c3207ee8e07e7de53f01f3b894ea3bf384006a7edc7ee58419e0c37a200521d6,2020-05,Durham Constabulary,Durham Constabulary,-1.815670,54.845220,On or near Castledene Road,E01020650,County Durham 012A,Criminal damage and arson,Local resolution,
d7befed057dd62f3576170066eaf79458e70f0c403db6d0eb86b93024915b87f,2020-05,Durham Constabulary,Durham Constabulary,-1.818191,54.842258,On or near Sydney Gardens,E01020650,County Durham 012A,Vehicle crime,Unable to prosecute suspect,
669043707d2d8053e09e093ea506b868a074b18d3da8bf62e0aa73a1c0e3d969,2020-05,Durham Constabulary,Durham Constabulary,-1.815670,54.845220,On or near Castledene Road,E01020650,County Durham 012A,Violence and sexual offences,Unable to prosecute suspect,
,2020-05,Durham Constabulary,Durham Constabulary,-1.813166,54.841217,On or near Briar Dale,E01020651,County Durham 012B,Anti-social behaviour,,
,2020-05,Durham Constabulary,Durham Constabulary,-1.813166,54.841217,On or near Briar Dale,E01020651,County Durham 012B,Anti-social behaviour,,
,2020-05,Durham Constabulary,Durham Constabulary,-1.817510,54.841179,On or near Delves Lane,E01020651,County Durham 012B,Anti-social behaviour,,
,2020-05,Durham Constabulary,Durham Constabulary,-1.813166,54.841217,On or near Briar Dale,E01020651,County Durham 012B,Anti-social behaviour,,
,2020-05,Durham Constabulary,Durham Constabulary,-1.817510,54.841179,On or near Delves Lane,E01020651,County Durham 012B,Anti-social behaviour,,
,2020-05,Durham Constabulary,Durham Constabulary,-1.809472,54.841993,On or near Glenmore,E01020651,County Durham 012B,Anti-social behaviour,,
,2020-05,Durham Constabulary,Durham Constabulary,-1.817510,54.841179,On or near Delves Lane,E01020651,County Durham 012B,Anti-social behaviour,,
,2020-05,Durham Constabulary,Durham Constabulary,-1.817510,54.841179,On or near Delves Lane,E01020651,County Durham 012B,Anti-social behaviour,,
,2020-05,Durham Constabulary,Durham Constabulary,-1.812677,54.839239,On or near Pixley Dell,E01020651,County Durham 012B,Anti-social behaviour,,
,2020-05,Durham Constabulary,Durham Constabulary,-1.815235,54.841562,On or near Sports/Recreation Area,E01020651,County Durham 012B,Anti-social behaviour,,
30a338daa2a5e3062000a28d241703268afade5c4759d3f91588020dbe4ae119,2020-05,Durham Constabulary,Durham Constabulary,-1.812150,54.832031,On or near Butsfield Lane,E01020651,County Durham 012B,Criminal damage and arson,Investigation complete; no suspect identified,
3268ba12a51e08faa9ede646f2e9d0ecb1ec1ea3f92dcb7ef39b2143f7f731e9,2020-05,Durham Constabulary,Durham Constabulary,-1.812150,54.832031,On or near Butsfield Lane,E01020651,County Durham 012B,Public order,Unable to prosecute suspect,
b8b7cadbc9d072fdb86e2f4057ee44add1a2cc873158933a346b53a203b7284e,2020-05,Durham Constabulary,Durham Constabulary,-1.815235,54.841562,On or near Sports/Recreation Area,E01020651,County Durham 012B,Theft from the person,Unable to prosecute suspect,
1429461a0b4ecf7666debf062ca7b6d8da6c48754069341c6c91877b63ff5ab9,2020-05,Durham Constabulary,Durham Constabulary,-1.812150,54.832031,On or near Butsfield Lane,E01020651,County Durham 012B,Violence and sexual offences,Local resolution,
295d0058b2b434cb91ac4fd8419f1eba4ccd7663cee083ecb07c3242da17fb61,2020-05,Durham Constabulary,Durham Constabulary,-1.810793,54.839110,On or near Meadow View,E01020651,County Durham 012B,Violence and sexual offences,Unable to prosecute suspect,
612de3f42c7bde144b8b481050ea07d4c4b7d1e1af9272b68ff226536c55c4ec,2020-05,Durham Constabulary,Durham Constabulary,-1.810793,54.839110,On or near Meadow View,E01020651,County Durham 012B,Violence and sexual offences,Unable to prosecute suspect,
bf32f4ef5752be56cc29b209e53ddf24f3d60b23c52b9c298e4fcef1e2ff330e,2020-05,Durham Constabulary,Durham Constabulary,-1.816214,54.838669,On or near Broadway,E01020651,County Durham 012B,Other crime,Investigation complete; no suspect identified,
,2020-05,Durham Constabulary,Durham Constabulary,-1.819522,54.851058,On or near Main Street,E01020652,County Durham 012C,Anti-social behaviour,,
8eddfebcfc617706d132e2c259bd9d78b87a4e0bbc64a587b56f5709c5802287,2020-05,Durham Constabulary,Durham Constabulary,-1.819522,54.851058,On or near Main Street,E01020652,County Durham 012C,Vehicle crime,Investigation complete; no suspect identified,
608f367d3a91ceaf455da2d518500c5594145be9de8e20db0e9c59517ed711ec,2020-05,Durham Constabulary,Durham Constabulary,-1.818714,54.843697,On or near Shafto Close,E01020652,County Durham 012C,Violence and sexual offences,Local resolution,
af401ec2cff1fcacd8c9aea7d25b7a582df271393651b3bf0e7ef60c908f9914,2020-05,Durham Constabulary,Durham Constabulary,-1.817337,54.844989,On or near Pontop View,E01020652,County Durham 012C,Violence and sexual offences,Unable to prosecute suspect,
961d82cdc666dbdae97ea5ee60c51f270f32b011d8fc3082cc7926917e31ded7,2020-05,Durham Constabulary,Durham Constabulary,-1.821876,54.846820,On or near Fairfield,E01020652,County Durham 012C,Violence and sexual offences,Local resolution,
f1018e9da57a52d635019fc26a90de5f559ba9db9140e3a2a3c71c2e155c866a,2020-05,Durham Constabulary,Durham Constabulary,-1.821876,54.846820,On or near Fairfield,E01020652,County Durham 012C,Violence and sexual offences,Unable to prosecute suspect,
903b228aec9a1eb215df9c1b37ae29ebb4dcb6e553dd06681f1cb9c666ac7935,2020-05,Durham Constabulary,Durham Constabulary,-1.818720,54.845808,On or near Stockerley Road,E01020652,County Durham 012C,Violence and sexual offences,Investigation complete; no suspect identified,
018d9e822cb2ee78b44213b71cf25233cf2d81eae72c9da06526b4bcc36969bd,2020-05,Durham Constabulary,Durham Constabulary,-1.821203,54.847789,On or near Gloucester Road,E01020652,County Durham 012C,Violence and sexual offences,Formal action is not in the public interest,
18bd9224d7b61ab7bf915e59c8de44f6d7199766e4196e7a5698fba59c753bfd,2020-05,Durham Constabulary,Durham Constabulary,-1.821203,54.847789,On or near Gloucester Road,E01020652,County Durham 012C,Violence and sexual offences,Court result unavailable,
907b0d0ea29ee560e343cc1bc1396a8045f80cef34d6b8e8c7a4b047ad2b3cfc,2020-05,Durham Constabulary,Durham Constabulary,-1.821203,54.847789,On or near Gloucester Road,E01020652,County Durham 012C,Violence and sexual offences,Formal action is not in the public interest,
53aa11fbc46f9754b5757b409c2c8f8bd1f031dd2fba44db66e09bb085c8a1f2,2020-05,Durham Constabulary,Durham Constabulary,-1.817337,54.844989,On or near Pontop View,E01020652,County Durham 012C,Violence and sexual offences,Unable to prosecute suspect,
454c19aba2037885f5c52258a93c09b7cbe09c95f65723489fe7039c05f7613f,2020-05,Durham Constabulary,Durham Constabulary,-1.819522,54.851058,On or near Main Street,E01020652,County Durham 012C,Violence and sexual offences,Unable to prosecute suspect,
837f084d2d99d6c973d40800ec179d74784cc5f5a94e881a259bfb1d74b33fd2,2020-05,Durham Constabulary,Durham Constabulary,-1.817337,54.844989,On or near Pontop View,E01020652,County Durham 012C,Violence and sexual offences,Investigation complete; no suspect identified,
d91459d0fa3ee3d28cd4ae226c32bf414d3864d2eba76024fe7b71cac8bd4571,2020-05,Durham Constabulary,Durham Constabulary,-1.817337,54.844989,On or near Pontop View,E01020652,County Durham 012C,Violence and sexual offences,Unable to prosecute suspect,
8342eea009d1bf72d1b870e96ba85e87e501d582e5595d7ce7faa9cda1ca5bb1,2020-05,Durham Constabulary,Durham Constabulary,-1.821203,54.847789,On or near Gloucester Road,E01020652,County Durham 012C,Violence and sexual offences,Court result unavailable,
014c4776459e8d101b43ee13e4275459437049228a828c96f051adf3679eb060,2020-05,Durham Constabulary,Durham Constabulary,-1.817337,54.844989,On or near Pontop View,E01020652,County Durham 012C,Other crime,Investigation complete; no suspect identified,
44b00c5ca252bb33446efebd0a5f14f3f5865412ff46c7b7ef03c472e81df4c1,2020-05,Durham Constabulary,Durham Constabulary,-1.817337,54.844989,On or near Pontop View,E01020652,County Durham 012C,Other crime,Further investigation is not in the public interest,
,2020-05,Durham Constabulary,Durham Constabulary,-1.808899,54.857790,On or near Valley View,E01020668,County Durham 012D,Anti-social behaviour,,
,2020-05,Durham Constabulary,Durham Constabulary,-1.803379,54.855858,On or near Willow Crescent,E01020668,County Durham 012D,Anti-social behaviour,,
,2020-05,Durham Constabulary,Durham Constabulary,-1.801836,54.855991,On or near Beech Road,E01020668,County Durham 012D,Anti-social behaviour,,
aa70e581268ebe10a88309bbe86b31f8ac1d8159c1ca2884367bc9a2cc81caf9,2020-05,Durham Constabulary,Durham Constabulary,-1.806616,54.859575,On or near Supermarket,E01020668,County Durham 012D,Public order,Unable to prosecute suspect,
27168837db4b751bf89cfb37233b0c5e46269048abe1b66b62e02f20a9768a8b,2020-05,Durham Constabulary,Durham Constabulary,-1.808471,54.859299,On or near Front Street,E01020668,County Durham 012D,Public order,Unable to prosecute suspect,
71c2d5f26df2612cdcefc7fe52725dd9230694ef4e22abd5fe3b97a0e58d02c5,2020-05,Durham Constabulary,Durham Constabulary,-1.803858,54.856578,On or near Laurel Drive,E01020668,County Durham 012D,Public order,Unable to prosecute suspect,
e0df05f454b53839a67aa158c435e56d9bdc27691d1f491699a2610a7ca31328,2020-05,Durham Constabulary,Durham Constabulary,-1.806616,54.859575,On or near Supermarket,E01020668,County Durham 012D,Shoplifting,Investigation complete; no suspect identified,
30a9f68707eac29ded4ab622ae54269a2d50f7f005868b5133ae68cec4084e58,2020-05,Durham Constabulary,Durham Constabulary,-1.808471,54.859299,On or near Front Street,E01020668,County Durham 012D,Violence and sexual offences,Unable to prosecute suspect,
38b6ddd21f222972db306e87ac1a1d31a0961989dbb961bbd8658fb96b9c930d,2020-05,Durham Constabulary,Durham Constabulary,-1.808281,54.860018,On or near South Cross Street,E01020668,County Durham 012D,Violence and sexual offences,Unable to prosecute suspect,
a82de1218232069ef4b327cb1e9826be01038ae78a8e51516c6dd9ac7e6e58e5,2020-05,Durham Constabulary,Durham Constabulary,-1.804742,54.860623,On or near Brackenrigg,E01020668,County Durham 012D,Other crime,Status update unavailable,
,2020-05,Durham Constabulary,Durham Constabulary,-1.802965,54.864107,On or near Derwent Crescent,E01020669,County Durham 012E,Anti-social behaviour,,
,2020-05,Durham Constabulary,Durham Constabulary,-1.802965,54.864107,On or near Derwent Crescent,E01020669,County Durham 012E,Anti-social behaviour,,
,2020-05,Durham Constabulary,Durham Constabulary,-1.802965,54.864107,On or near Derwent Crescent,E01020669,County Durham 012E,Anti-social behaviour,,
,2020-05,Durham Constabulary,Durham Constabulary,-1.802740,54.862265,On or near Grassmere Mews,E01020669,County Durham 012E,Anti-social behaviour,,
,2020-05,Durham Constabulary,Durham Constabulary,-1.802558,54.858095,On or near Parking Area,E01020669,County Durham 012E,Anti-social behaviour,,
,2020-05,Durham Constabulary,Durham Constabulary,-1.800347,54.864076,On or near Tweed Avenue,E01020669,County Durham 012E,Anti-social behaviour,,
,2020-05,Durham Constabulary,Durham Constabulary,-1.802558,54.858095,On or near Parking Area,E01020669,County Durham 012E,Anti-social behaviour,,
ee3e0995002692fedd480bd61faebd30a08b7a1e1187261a1d26f31f64d3cdbd,2020-05,Durham Constabulary,Durham Constabulary,-1.802558,54.858095,On or near Parking Area,E01020669,County Durham 012E,Public order,Court result unavailable,
e5f3ff667fc25ddf0135baf4078f73f02eb127f0aa0daa3b3101f1c9ad9de3e6,2020-05,Durham Constabulary,Durham Constabulary,-1.800728,54.856348,On or near Dunelm Walk,E01020669,County Durham 012E,Violence and sexual offences,Unable to prosecute suspect,
e5e73aa9dcc411051c7c9a90255ca9a6d583f5bacfa7b9408436707865933938,2020-05,Durham Constabulary,Durham Constabulary,-1.794146,54.861208,On or near A692,E01020669,County Durham 012E,Violence and sexual offences,Court result unavailable,
555820726f91466d70909b2ce0791311f3d963107ca391ad2e798d017d2265ad,2020-05,Durham Constabulary,Durham Constabulary,-1.800728,54.856348,On or near Dunelm Walk,E01020669,County Durham 012E,Violence and sexual offences,Unable to prosecute suspect,
9f11b99108d508c43719c3fec98042a9124eb61c69594c0d71087ceaee29d11b,2020-05,Durham Constabulary,Durham Constabulary,-1.803827,54.863012,On or near Tyne Avenue,E01020669,County Durham 012E,Violence and sexual offences,Unable to prosecute suspect,
9fa699d6fc6d6b49ab113ac6caea7c12392ecdd1178839cba1fedac9a52d8412,2020-05,Durham Constabulary,Durham Constabulary,-1.803827,54.863012,On or near Tyne Avenue,E01020669,County Durham 012E,Violence and sexual offences,Unable to prosecute suspect,
2449485e3cea1b01a27dfd89e5e89d37e6724e5e1ac2653818bf824f012efb24,2020-05,Durham Constabulary,Durham Constabulary,-1.800728,54.856348,On or near Dunelm Walk,E01020669,County Durham 012E,Violence and sexual offences,Unable to prosecute suspect,
b07d5db083918bf627567231086114e1d514fb2a3036c3537571ded7ce818b73,2020-05,Durham Constabulary,Durham Constabulary,-1.800728,54.856348,On or near Dunelm Walk,E01020669,County Durham 012E,Violence and sexual offences,Unable to prosecute suspect,
e21f7eaa0bf158b4a95feee8ed4e1d3317cf240d1875ed732eaeb460f65be827,2020-05,Durham Constabulary,Durham Constabulary,-1.803827,54.863012,On or near Tyne Avenue,E01020669,County Durham 012E,Violence and sexual offences,Unable to prosecute suspect,
bf63ece4fc18da6150802092e96524c07a496454c5684612cc6c4a2f4bc6695c,2020-05,Durham Constabulary,Durham Constabulary,-1.799791,54.856850,On or near Dunelm Close,E01020669,County Durham 012E,Violence and sexual offences,Unable to prosecute suspect,
8e04aabbc3d8ac072e9cd79fff87c56f2f5050756b96a552986b0b202c51b70b,2020-05,Durham Constabulary,Durham Constabulary,-1.800728,54.856348,On or near Dunelm Walk,E01020669,County Durham 012E,Violence and sexual offences,Unable to prosecute suspect,
217fdb6bdccb73aee3e562d49b46d4771ad9be66033490ce8d457f59d787162c,2020-05,Durham Constabulary,Durham Constabulary,-1.800728,54.856348,On or near Dunelm Walk,E01020669,County Durham 012E,Violence and sexual offences,Unable to prosecute suspect,
b857b92ceec7ddd837c463622974cd8fc153359e2a949716f5a63ce63a63cf09,2020-05,Durham Constabulary,Durham Constabulary,-1.800728,54.856348,On or near Dunelm Walk,E01020669,County Durham 012E,Violence and sexual offences,Unable to prosecute suspect,
492d142989af96bdd05818c258d5724d74dca79d765045f9919a4be4f064d601,2020-05,Durham Constabulary,Durham Constabulary,-1.802558,54.858095,On or near Parking Area,E01020669,County Durham 012E,Other crime,Further investigation is not in the public interest,
a9cf31c21ef4c9f3e7ac19d579cf1819937dd4fdedb638f7578d932f430d4de8,2020-05,Durham Constabulary,Durham Constabulary,-1.802558,54.858095,On or near Parking Area,E01020669,County Durham 012E,Other crime,Further investigation is not in the public interest,
4b4c7e22ab2b2d0585dfc898fc2b713552e06dcc600e04f3c52e04fbe7ba3cc7,2020-05,Durham Constabulary,Durham Constabulary,-1.802558,54.858095,On or near Parking Area,E01020669,County Durham 012E,Other crime,Further investigation is not in the public interest,
,2020-05,Durham Constabulary,Durham Constabulary,-1.572772,54.852526,On or near Parking Area,E01020594,County Durham 013A,Anti-social behaviour,,
,2020-05,Durham Constabulary,Durham Constabulary,-1.572452,54.851922,On or near Wear Street,E01020594,County Durham 013A,Anti-social behaviour,,
,2020-05,Durham Constabulary,Durham Constabulary,-1.575884,54.848421,On or near Ripon Street,E01020594,County Durham 013A,Anti-social behaviour,,
,2020-05,Durham Constabulary,Durham Constabulary,-1.575922,54.852240,On or near Wilfred Street,E01020594,County Durham 013A,Anti-social behaviour,,
,2020-05,Durham Constabulary,Durham Constabulary,-1.573302,54.854037,On or near Shopping Area,E01020594,County Durham 013A,Anti-social behaviour,,
ecd64d8ff4a360efc4703eb481a2e331fd787ed293883f7ae7024e440f790d40,2020-05,Durham Constabulary,Durham Constabulary,-1.575166,54.848544,On or near Wark Street,E01020594,County Durham 013A,Burglary,Investigation complete; no suspect identified,
0bc532c3eb1d768e48bbf6d10a7729a6d151eb4b033869702564bc9e7566f2e7,2020-05,Durham Constabulary,Durham Constabulary,-1.573302,54.854037,On or near Shopping Area,E01020594,County Durham 013A,Burglary,Investigation complete; no suspect identified,
10c9e41ab00cb4acdf24374110bc364b1b7e469f9657aa77496e03f0ab9b17a8,2020-05,Durham Constabulary,Durham Constabulary,-1.576492,54.851352,On or near Thomas Street,E01020594,County Durham 013A,Drugs,Formal action is not in the public interest,
73ef77feb9a6bd2c7290774cd8b5c46106a5a253e21e0338293f793586530259,2020-05,Durham Constabulary,Durham Constabulary,-1.575166,54.848544,On or near Wark Street,E01020594,County Durham 013A,Drugs,Court result unavailable,
6b2dae7db3154151a5d53e7b9ee2b0856a885ab9d6df52bd2b60bb2ef5d5593f,2020-05,Durham Constabulary,Durham Constabulary,-1.573796,54.849986,On or near Benson Street,E01020594,County Durham 013A,Public order,Unable to prosecute suspect,
22fb153d767b5460f657e80e81e9702b780dfc89863793a6134b676d84533de8,2020-05,Durham Constabulary,Durham Constabulary,-1.572772,54.852526,On or near Parking Area,E01020594,County Durham 013A,Public order,Unable to prosecute suspect,
18be14594c8c51dd1a8e8506f401c9c81ff1d19fc7c7da1df9371c3303358e27,2020-05,Durham Constabulary,Durham Constabulary,-1.574433,54.848667,On or near Clifford Street,E01020594,County Durham 013A,Public order,Unable to prosecute suspect,
628d09f19938d51b8ac29348365f9c655ecf49927e02b638e9697f2c014f86ff,2020-05,Durham Constabulary,Durham Constabulary,-1.573608,54.854551,On or near Front Street,E01020594,County Durham 013A,Shoplifting,Court result unavailable,
935bc9dfef3e0f020be812b6643a12add07c9688a00fc78f86c06a46981e5a29,2020-05,Durham Constabulary,Durham Constabulary,-1.573608,54.854551,On or near Front Street,E01020594,County Durham 013A,Shoplifting,Court result unavailable,
f9309e89b581606acee1e81f4823d9b5e64d57f878074d2611d40031a8b2e67a,2020-05,Durham Constabulary,Durham Constabulary,-1.573608,54.854551,On or near Front Street,E01020594,County Durham 013A,Violence and sexual offences,Court result unavailable,
27f64a4aeb8c1e2ebf726e9e33df9199b65ed639b422f3b77a86202437faf9a9,2020-05,Durham Constabulary,Durham Constabulary,-1.576492,54.851352,On or near Thomas Street,E01020594,County Durham 013A,Violence and sexual offences,Unable to prosecute suspect,
3bb0f12da15a78d32976e57be57bf72cd1ee303cfba72449b3d052b1e29f7621,2020-05,Durham Constabulary,Durham Constabulary,-1.575204,54.847933,On or near Orchard Terrace,E01020594,County Durham 013A,Violence and sexual offences,Unable to prosecute suspect,
aca0ed4eadd71018dd1f8813b0cfcc378538393dc2f3985cac41fbb97817a100,2020-05,Durham Constabulary,Durham Constabulary,-1.576492,54.851352,On or near Thomas Street,E01020594,County Durham 013A,Violence and sexual offences,Unable to prosecute suspect,
c1c54441e1cd4e183cf30f360f10a7edadaa72e23e25f092615b5483a7de6ab4,2020-05,Durham Constabulary,Durham Constabulary,-1.573608,54.854551,On or near Front Street,E01020594,County Durham 013A,Violence and sexual offences,Court result unavailable,
8f301e73210d889ddce6ad427d89c36132bb9e6e72f4540cb1db7d3caa2a98c0,2020-05,Durham Constabulary,Durham Constabulary,-1.573608,54.854551,On or near Front Street,E01020594,County Durham 013A,Violence and sexual offences,Court result unavailable,
02b74397dc00d900d20cd37c1abb389928ab94562a1b239ecca299748c9579d6,2020-05,Durham Constabulary,Durham Constabulary,-1.572772,54.852526,On or near Parking Area,E01020594,County Durham 013A,Violence and sexual offences,Investigation complete; no suspect identified,
46e16611467fa320df8c5fe8e81c93fb7f1a7c4eda009f2e91330f58b085e672,2020-05,Durham Constabulary,Durham Constabulary,-1.576492,54.851352,On or near Thomas Street,E01020594,County Durham 013A,Violence and sexual offences,Investigation complete; no suspect identified,
,2020-05,Durham Constabulary,Durham Constabulary,-1.563558,54.851963,On or near Pedestrian Subway,E01020595,County Durham 013B,Anti-social behaviour,,
,2020-05,Durham Constabulary,Durham Constabulary,-1.563558,54.851963,On or near Pedestrian Subway,E01020595,County Durham 013B,Anti-social behaviour,,
,2020-05,Durham Constabulary,Durham Constabulary,-1.572879,54.855725,On or near Middle Chare,E01020595,County Durham 013B,Anti-social behaviour,,
,2020-05,Durham Constabulary,Durham Constabulary,-1.572817,54.857172,On or near Parking Area,E01020595,County Durham 013B,Anti-social behaviour,,
,2020-05,Durham Constabulary,Durham Constabulary,-1.563558,54.851963,On or near Pedestrian Subway,E01020595,County Durham 013B,Anti-social behaviour,,
,2020-05,Durham Constabulary,Durham Constabulary,-1.567619,54.853783,On or near Lindom Avenue,E01020595,County Durham 013B,Anti-social behaviour,,
,2020-05,Durham Constabulary,Durham Constabulary,-1.572479,54.847852,On or near Jolliffe Street,E01020595,County Durham 013B,Anti-social behaviour,,
,2020-05,Durham Constabulary,Durham Constabulary,-1.572817,54.857172,On or near Parking Area,E01020595,County Durham 013B,Anti-social behaviour,,
,2020-05,Durham Constabulary,Durham Constabulary,-1.562204,54.848956,On or near Sports/Recreation Area,E01020595,County Durham 013B,Anti-social behaviour,,
,2020-05,Durham Constabulary,Durham Constabulary,-1.564194,54.847813,On or near Larwood Court,E01020595,County Durham 013B,Anti-social behaviour,,
,2020-05,Durham Constabulary,Durham Constabulary,-1.573074,54.854962,On or near High Chare,E01020595,County Durham 013B,Anti-social behaviour,,
,2020-05,Durham Constabulary,Durham Constabulary,-1.568665,54.849213,On or near Beverley Gardens,E01020595,County Durham 013B,Anti-social behaviour,,
,2020-05,Durham Constabulary,Durham Constabulary,-1.562204,54.848956,On or near Sports/Recreation Area,E01020595,County Durham 013B,Anti-social behaviour,,
,2020-05,Durham Constabulary,Durham Constabulary,-1.563558,54.851963,On or near Pedestrian Subway,E01020595,County Durham 013B,Anti-social behaviour,,
,2020-05,Durham Constabulary,Durham Constabulary,-1.562470,54.847430,On or near Hutton Close,E01020595,County Durham 013B,Anti-social behaviour,,
,2020-05,Durham Constabulary,Durham Constabulary,-1.572817,54.857172,On or near Parking Area,E01020595,County Durham 013B,Anti-social behaviour,,
,2020-05,Durham Constabulary,Durham Constabulary,-1.568197,54.856526,On or near Sports/Recreation Area,E01020595,County Durham 013B,Anti-social behaviour,,
baebd77069832f5ad078943720ac081b9015e4212e027e33a8ccd92dc194ca0e,2020-05,Durham Constabulary,Durham Constabulary,-1.559939,54.851033,On or near Sports/Recreation Area,E01020595,County Durham 013B,Other theft,Investigation complete; no suspect identified,
21ef2ff69213634fa9ef09c3def2383537c81584d6b35de5138940d48ba0f53f,2020-05,Durham Constabulary,Durham Constabulary,-1.573074,54.854962,On or near High Chare,E01020595,County Durham 013B,Public order,Investigation complete; no suspect identified,
80361d93068a1f5c5fc5815d01b1d5627ced9452922f7491b453a46d30a4327c,2020-05,Durham Constabulary,Durham Constabulary,-1.563558,54.851963,On or near Pedestrian Subway,E01020595,County Durham 013B,Violence and sexual offences,Unable to prosecute suspect,
0ac743b39276d710ef3957a2eaaac6d0c9fef3cafe7a68a9f2473211b7c8d25a,2020-05,Durham Constabulary,Durham Constabulary,-1.563558,54.851963,On or near Pedestrian Subway,E01020595,County Durham 013B,Violence and sexual offences,Court result unavailable,
e0a70ee922cf2a4282ba31fcb8ea17a2ad19a999ad86880f44f214bd99bc1e4d,2020-05,Durham Constabulary,Durham Constabulary,-1.563558,54.851963,On or near Pedestrian Subway,E01020595,County Durham 013B,Violence and sexual offences,Unable to prosecute suspect,
d6869acc66c47d4e987e93413a450e6b7b3a981cdedf249f26c4a13b8c526542,2020-05,Durham Constabulary,Durham Constabulary,-1.570033,54.853819,On or near St Cuthbert Avenue,E01020595,County Durham 013B,Violence and sexual offences,Court result unavailable,
a286ca33096d9fcb0079e2ab9570552b5b778e5b0eda343c57e629ce7aa31af3,2020-05,Durham Constabulary,Durham Constabulary,-1.563558,54.851963,On or near Pedestrian Subway,E01020595,County Durham 013B,Violence and sexual offences,Unable to prosecute suspect,
,2020-05,Durham Constabulary,Durham Constabulary,-1.587151,54.844631,On or near Hermitage Gardens,E01020600,County Durham 013C,Anti-social behaviour,,
,2020-05,Durham Constabulary,Durham Constabulary,-1.583472,54.848034,On or near Carlingford Road,E01020600,County Durham 013C,Anti-social behaviour,,
,2020-05,Durham Constabulary,Durham Constabulary,-1.585386,54.845164,On or near Loweswater Avenue,E01020600,County Durham 013C,Anti-social behaviour,,
b420e977d173dd2d02838173824094e6e1fa947ac0cf1fe21d7d107f156fb53f,2020-05,Durham Constabulary,Durham Constabulary,-1.581101,54.848457,On or near Katrine Close,E01020600,County Durham 013C,Criminal damage and arson,Unable to prosecute suspect,
86f042f86aec345ef436852eb5f82895c447d0f05ba57b5fde959886bbf40fcc,2020-05,Durham Constabulary,Durham Constabulary,-1.583472,54.848034,On or near Carlingford Road,E01020600,County Durham 013C,Criminal damage and arson,Unable to prosecute suspect,
e0a258fb98b8a7a93de2a587a6e9ee18e0dbb8d8dd994640a5f541addb96bca0,2020-05,Durham Constabulary,Durham Constabulary,-1.586235,54.847414,On or near Leven Avenue,E01020600,County Durham 013C,Other theft,Investigation complete; no suspect identified,
47029ec97b1446a7cef23bfb731b1679184ede455763c99756da6aaba061263f,2020-05,Durham Constabulary,Durham Constabulary,-1.579106,54.848585,On or near Buttermere Close,E01020600,County Durham 013C,Public order,Unable to prosecute suspect,
fc05b7f6e7af92738db799c784ebee120683c1fe17131efcb4a624fa1efbc779,2020-05,Durham Constabulary,Durham Constabulary,-1.587151,54.844631,On or near Hermitage Gardens,E01020600,County Durham 013C,Violence and sexual offences,Unable to prosecute suspect,
e6066b4a46fa00e8c831337c4f62bf89fbd993c1535186494ed138a510e8fcef,2020-05,Durham Constabulary,Durham Constabulary,-1.583472,54.848034,On or near Carlingford Road,E01020600,County Durham 013C,Violence and sexual offences,Unable to prosecute suspect,
8b2d647033132f9f393165cff0ac6f4b9997a73f900259a15da4ce3b4863916f,2020-05,Durham Constabulary,Durham Constabulary,-1.587151,54.844631,On or near Hermitage Gardens,E01020600,County Durham 013C,Violence and sexual offences,Unable to prosecute suspect,
d75ecf683fbfeab8fcd27b42ed9869f1c364274c24035a2bccd5f49aa982b36e,2020-05,Durham Constabulary,Durham Constabulary,-1.583472,54.848034,On or near Carlingford Road,E01020600,County Durham 013C,Violence and sexual offences,Court result unavailable,
55d35e002b35a2501e160da1e75a7374085086923830f80c1fc4c7abf04e9e07,2020-05,Durham Constabulary,Durham Constabulary,-1.583472,54.848034,On or near Carlingford Road,E01020600,County Durham 013C,Violence and sexual offences,Unable to prosecute suspect,
2f4fdd08b83d2b96c06b662cd64d177a411d671b0fa3d5286251b31354617488,2020-05,Durham Constabulary,Durham Constabulary,-1.587151,54.844631,On or near Hermitage Gardens,E01020600,County Durham 013C,Violence and sexual offences,Unable to prosecute suspect,
ee64cf999af524f40ce9424db2d7f803f5a926a6035ea848dd04365d2c207ee9,2020-05,Durham Constabulary,Durham Constabulary,-1.579106,54.848585,On or near Buttermere Close,E01020600,County Durham 013C,Violence and sexual offences,Unable to prosecute suspect,
dd0f01977e7bd5f73c763ea5bd2231207daf8abc508dc58a5693486048185f5a,2020-05,Durham Constabulary,Durham Constabulary,-1.581101,54.848457,On or near Katrine Close,E01020600,County Durham 013C,Violence and sexual offences,Action to be taken by another organisation,
7ae425e0efe7e9f11806ca10ccf7191596f2935711995f56253a80617e2cbcec,2020-05,Durham Constabulary,Durham Constabulary,-1.583472,54.848034,On or near Carlingford Road,E01020600,County Durham 013C,Violence and sexual offences,Unable to prosecute suspect,
,2020-05,Durham Constabulary,Durham Constabulary,-1.591075,54.843117,On or near Cheviot Close,E01020603,County Durham 013D,Anti-social behaviour,,
,2020-05,Durham Constabulary,Durham Constabulary,-1.594232,54.845069,On or near Beadnell Close,E01020603,County Durham 013D,Anti-social behaviour,,
,2020-05,Durham Constabulary,Durham Constabulary,-1.595708,54.845397,On or near Ingram Close,E01020603,County Durham 013D,Anti-social behaviour,,
71786b23c4316a764bd0a207f744a567e8a4118265b50db8e31b68d264457816,2020-05,Durham Constabulary,Durham Constabulary,-1.590346,54.844417,On or near Powburn Close,E01020603,County Durham 013D,Violence and sexual offences,Investigation complete; no suspect identified,
,2020-05,Durham Constabulary,Durham Constabulary,-1.600741,54.851444,On or near Foxglove,E01020605,County Durham 013E,Anti-social behaviour,,
,2020-05,Durham Constabulary,Durham Constabulary,-1.589777,54.846734,On or near Chatton Close,E01020605,County Durham 013E,Anti-social behaviour,,
2d6d77f17a5f6cb549f74f4c9ec0fde240bafdc7882109fb77e46a61b3ae6e86,2020-05,Durham Constabulary,Durham Constabulary,-1.589777,54.846734,On or near Chatton Close,E01020605,County Durham 013E,Criminal damage and arson,Unable to prosecute suspect,
4fb8a3e211e96cbe4dc2253f50288a36f19e3b0da21d171137e1080e78d47ba3,2020-05,Durham Constabulary,Durham Constabulary,-1.598748,54.851311,On or near Banks Holt,E01020605,County Durham 013E,Drugs,Further investigation is not in the public interest,
,2020-05,Durham Constabulary,Durham Constabulary,-1.869124,54.861617,On or near Parking Area,E01020630,County Durham 014A,Anti-social behaviour,,
,2020-05,Durham Constabulary,Durham Constabulary,-1.858298,54.861165,On or near Maple Gardens,E01020630,County Durham 014A,Anti-social behaviour,,
,2020-05,Durham Constabulary,Durham Constabulary,-1.862852,54.859822,On or near Barley Mill Road,E01020630,County Durham 014A,Anti-social behaviour,,
,2020-05,Durham Constabulary,Durham Constabulary,-1.860835,54.866515,On or near Shotley Grove Road,E01020630,County Durham 014A,Anti-social behaviour,,
,2020-05,Durham Constabulary,Durham Constabulary,-1.869124,54.861617,On or near Parking Area,E01020630,County Durham 014A,Anti-social behaviour,,
,2020-05,Durham Constabulary,Durham Constabulary,-1.858464,54.862773,On or near Gill Side View,E01020630,County Durham 014A,Anti-social behaviour,,
,2020-05,Durham Constabulary,Durham Constabulary,-1.860229,54.861446,On or near Chaytor Road,E01020630,County Durham 014A,Anti-social behaviour,,
5c34e3cd5edbe0f6a537458b376f28d8cb5620fde09c1d9f87ab15b6964aa122,2020-05,Durham Constabulary,Durham Constabulary,-1.862852,54.859822,On or near Barley Mill Road,E01020630,County Durham 014A,Criminal damage and arson,Local resolution,
52c603a63af0dc3f30c6ec0010ff13926dc920df61a9a9888356a89bc0da5b36,2020-05,Durham Constabulary,Durham Constabulary,-1.860229,54.861446,On or near Chaytor Road,E01020630,County Durham 014A,Criminal damage and arson,Investigation complete; no suspect identified,
a40c090bc3d0a9cdbd4982bdf276990c18cf26a5a5bd132ba5661829a8c4355c,2020-05,Durham Constabulary,Durham Constabulary,-1.858298,54.861165,On or near Maple Gardens,E01020630,County Durham 014A,Public order,Further investigation is not in the public interest,
1bd5069b71dd41851edb4e82611b57e5bf35cff0a37cc3eabdaa649b226bca12,2020-05,Durham Constabulary,Durham Constabulary,-1.859792,54.861544,On or near Backstone Road,E01020630,County Durham 014A,Violence and sexual offences,Unable to prosecute suspect,
11c9e8f7bc76ccb6bf584ece2f5c35debfd94b8a26e4c4d737fbd08536a37447,2020-05,Durham Constabulary,Durham Constabulary,-1.859162,54.859099,On or near Alston Terrace,E01020630,County Durham 014A,Violence and sexual offences,Unable to prosecute suspect,
,2020-05,Durham Constabulary,Durham Constabulary,-1.852704,54.857276,On or near Kilchurn,E01020631,County Durham 014B,Anti-social behaviour,,
,2020-05,Durham Constabulary,Durham Constabulary,-1.857690,54.857057,On or near Sports/Recreation Area,E01020631,County Durham 014B,Anti-social behaviour,,
,2020-05,Durham Constabulary,Durham Constabulary,-1.855524,54.861566,On or near Valley Gardens,E01020631,County Durham 014B,Anti-social behaviour,,
,2020-05,Durham Constabulary,Durham Constabulary,-1.850319,54.857740,On or near Meadowfield,E01020631,County Durham 014B,Anti-social behaviour,,
,2020-05,Durham Constabulary,Durham Constabulary,-1.853647,54.859353,On or near St Mary'S Crescent,E01020631,County Durham 014B,Anti-social behaviour,,
b30523b18dd739cc77bd9b951c4bf5355667942f608b1a7d123f7185a822fbc8,2020-05,Durham Constabulary,Durham Constabulary,-1.848248,54.857675,On or near Dale Street,E01020631,County Durham 014B,Drugs,Court result unavailable,
3e4dd0aa9cba5b47f52f98c7d68c5f1bf13b537ceeeee2ac9bfb57f3243e5991,2020-05,Durham Constabulary,Durham Constabulary,-1.856930,54.860282,On or near Cortland Road,E01020631,County Durham 014B,Other theft,Investigation complete; no suspect identified,
155d97d49e1d0d997ff4d98e3334b33ca2be7d81ed922c20c2ecb845788dbe5f,2020-05,Durham Constabulary,Durham Constabulary,-1.855269,54.858762,On or near Cragside Court,E01020631,County Durham 014B,Public order,Unable to prosecute suspect,
a427704c39e73f5f0f620ec4cabe2e89314af33076fd684645ce7a54349d4a88,2020-05,Durham Constabulary,Durham Constabulary,-1.851479,54.860015,On or near St Andrew'S Crescent,E01020631,County Durham 014B,Public order,Unable to prosecute suspect,
3063addb86778f07ab6fcec945f0e3664af8d01b8b364af21536b820219630b3,2020-05,Durham Constabulary,Durham Constabulary,-1.855895,54.857954,On or near Highridge,E01020631,County Durham 014B,Violence and sexual offences,Local resolution,
a61ff62855b3bfbc3bf90419ba45942ae8dd32de75fc23d3b2c72278fe1ea3ea,2020-05,Durham Constabulary,Durham Constabulary,-1.855269,54.858762,On or near Cragside Court,E01020631,County Durham 014B,Violence and sexual offences,Unable to prosecute suspect,
29481f2f00d26d236283e46965ac592ba628fad0fe959c7f9ead831d9efb78d3,2020-05,Durham Constabulary,Durham Constabulary,-1.852704,54.857276,On or near Kilchurn,E01020631,County Durham 014B,Violence and sexual offences,Unable to prosecute suspect,
52edd59e537d0137b1a86180adeb69ccb79b7a6d2390ff86347d175285118b09,2020-05,Durham Constabulary,Durham Constabulary,-1.855269,54.858762,On or near Cragside Court,E01020631,County Durham 014B,Violence and sexual offences,Unable to prosecute suspect,
8da2d1dcb88e7793b1d58576d3aa9b15962c7445035589670e01f813de2a521d,2020-05,Durham Constabulary,Durham Constabulary,-1.855269,54.858762,On or near Cragside Court,E01020631,County Durham 014B,Violence and sexual offences,Unable to prosecute suspect,
85a4c157d975690ea8ece7b0df1a839082b4cbdf068c8cab7ddd2f976393fdab,2020-05,Durham Constabulary,Durham Constabulary,-1.855524,54.861566,On or near Valley Gardens,E01020631,County Durham 014B,Other crime,Status update unavailable,
,2020-05,Durham Constabulary,Durham Constabulary,-1.882444,54.834761,On or near Front Street,E01020637,County Durham 014C,Anti-social behaviour,,
,2020-05,Durham Constabulary,Durham Constabulary,-1.881118,54.846191,On or near Allensford Bank,E01020637,County Durham 014C,Anti-social behaviour,,
,2020-05,Durham Constabulary,Durham Constabulary,-1.881410,54.831687,On or near Church Street,E01020637,County Durham 014C,Anti-social behaviour,,
,2020-05,Durham Constabulary,Durham Constabulary,-1.844877,54.830810,On or near Knitsley Lane,E01020637,County Durham 014C,Anti-social behaviour,,
,2020-05,Durham Constabulary,Durham Constabulary,-1.881118,54.846191,On or near Allensford Bank,E01020637,County Durham 014C,Anti-social behaviour,,
,2020-05,Durham Constabulary,Durham Constabulary,-1.881118,54.846191,On or near Allensford Bank,E01020637,County Durham 014C,Anti-social behaviour,,
,2020-05,Durham Constabulary,Durham Constabulary,-1.844877,54.830810,On or near Knitsley Lane,E01020637,County Durham 014C,Anti-social behaviour,,
,2020-05,Durham Constabulary,Durham Constabulary,-1.881118,54.846191,On or near Allensford Bank,E01020637,County Durham 014C,Anti-social behaviour,,
,2020-05,Durham Constabulary,Durham Constabulary,-1.881118,54.846191,On or near Allensford Bank,E01020637,County Durham 014C,Anti-social behaviour,,
,2020-05,Durham Constabulary,Durham Constabulary,-1.881118,54.846191,On or near Allensford Bank,E01020637,County Durham 014C,Anti-social behaviour,,
,2020-05,Durham Constabulary,Durham Constabulary,-1.844877,54.830810,On or near Knitsley Lane,E01020637,County Durham 014C,Anti-social behaviour,,
,2020-05,Durham Constabulary,Durham Constabulary,-1.844877,54.830810,On or near Knitsley Lane,E01020637,County Durham 014C,Anti-social behaviour,,
7a908e0ef49094a32ba0eaa197ce15ff04fc2e6c94181c412e5b9294bad7490f,2020-05,Durham Constabulary,Durham Constabulary,-1.827474,54.823319,On or near Outputs Lane,E01020637,County Durham 014C,Other theft,Investigation complete; no suspect identified,
00e787c1400a40c5cc0850db2241a221bff5368ab7328ab7b05b0f156008dc32,2020-05,Durham Constabulary,Durham Constabulary,-1.881118,54.846191,On or near Allensford Bank,E01020637,County Durham 014C,Other theft,Investigation complete; no suspect identified,
a7a35f364ab50f9d48e5a97013cfcd2fdf5119b1d8a6965e323e2e8f5691cbc9,2020-05,Durham Constabulary,Durham Constabulary,-1.844877,54.830810,On or near Knitsley Lane,E01020637,County Durham 014C,Possession of weapons,Court result unavailable,
3297ab9ab048b4e08d17defb1f6262e556b04538dc50fec01c856c2093d30759,2020-05,Durham Constabulary,Durham Constabulary,-1.874053,54.834636,On or near Consett Road,E01020637,County Durham 014C,Public order,Local resolution,
7a76d2858b0eeaad647fac9d1bf42952e6bdf8c1eb7a3861b12062e9ea49acbf,2020-05,Durham Constabulary,Durham Constabulary,-1.844877,54.830810,On or near Knitsley Lane,E01020637,County Durham 014C,Public order,Unable to prosecute suspect,
,2020-05,Durham Constabulary,Durham Constabulary,-1.855835,54.844249,On or near Evansleigh Road,E01020644,County Durham 014D,Anti-social behaviour,,
,2020-05,Durham Constabulary,Durham Constabulary,-1.862310,54.840438,On or near Cleveland Close,E01020644,County Durham 014D,Anti-social behaviour,,
,2020-05,Durham Constabulary,Durham Constabulary,-1.855085,54.844851,On or near Welford Road,E01020644,County Durham 014D,Anti-social behaviour,,
,2020-05,Durham Constabulary,Durham Constabulary,-1.855085,54.844851,On or near Welford Road,E01020644,County Durham 014D,Anti-social behaviour,,
,2020-05,Durham Constabulary,Durham Constabulary,-1.838791,54.850114,On or near Ponds Court,E01020644,County Durham 014D,Anti-social behaviour,,
,2020-05,Durham Constabulary,Durham Constabulary,-1.855085,54.844851,On or near Welford Road,E01020644,County Durham 014D,Anti-social behaviour,,
,2020-05,Durham Constabulary,Durham Constabulary,-1.855085,54.844851,On or near Welford Road,E01020644,County Durham 014D,Anti-social behaviour,,
,2020-05,Durham Constabulary,Durham Constabulary,-1.838791,54.850114,On or near Ponds Court,E01020644,County Durham 014D,Anti-social behaviour,,
,2020-05,Durham Constabulary,Durham Constabulary,-1.857627,54.848197,On or near Sports/Recreation Area,E01020644,County Durham 014D,Anti-social behaviour,,
,2020-05,Durham Constabulary,Durham Constabulary,-1.857687,54.844404,On or near Thornfield Road,E01020644,County Durham 014D,Anti-social behaviour,,
,2020-05,Durham Constabulary,Durham Constabulary,-1.857627,54.848197,On or near Sports/Recreation Area,E01020644,County Durham 014D,Anti-social behaviour,,
,2020-05,Durham Constabulary,Durham Constabulary,-1.859016,54.847380,On or near Selby Gardens,E01020644,County Durham 014D,Anti-social behaviour,,
,2020-05,Durham Constabulary,Durham Constabulary,-1.838791,54.850114,On or near Ponds Court,E01020644,County Durham 014D,Anti-social behaviour,,
,2020-05,Durham Constabulary,Durham Constabulary,-1.858659,54.846994,On or near Cedar Gardens,E01020644,County Durham 014D,Anti-social behaviour,,
,2020-05,Durham Constabulary,Durham Constabulary,-1.858486,54.842977,On or near Holly Gardens,E01020644,County Durham 014D,Anti-social behaviour,,
,2020-05,Durham Constabulary,Durham Constabulary,-1.842537,54.851979,On or near Genesis Way,E01020644,County Durham 014D,Anti-social behaviour,,
,2020-05,Durham Constabulary,Durham Constabulary,-1.844363,54.847012,On or near Consett Road,E01020644,County Durham 014D,Anti-social behaviour,,
,2020-05,Durham Constabulary,Durham Constabulary,-1.855085,54.844851,On or near Welford Road,E01020644,County Durham 014D,Anti-social behaviour,,
1828769bd5a24500ba44074d37b573af1399581b50a0baedbaf2a5974c100acc,2020-05,Durham Constabulary,Durham Constabulary,-1.855835,54.844249,On or near Evansleigh Road,E01020644,County Durham 014D,Criminal damage and arson,Investigation complete; no suspect identified,
b53d7d6c865639af2e8bf7e94cee949f47e4c738c2ff08d8ad2775e0479c5059,2020-05,Durham Constabulary,Durham Constabulary,-1.854933,54.843862,On or near Hydenside Grove,E01020644,County Durham 014D,Public order,Unable to prosecute suspect,
a28467508f34a448008f83c0c7a9ef3c6761bfa9172c24ecf4c8bd2a289c536c,2020-05,Durham Constabulary,Durham Constabulary,-1.858659,54.846994,On or near Cedar Gardens,E01020644,County Durham 014D,Public order,Unable to prosecute suspect,
bc96353901a70fd153a71d9ef631d7a408ceb53256baf882faa31829e6d143c1,2020-05,Durham Constabulary,Durham Constabulary,-1.856738,54.844331,On or near Pemberton Avenue,E01020644,County Durham 014D,Public order,Unable to prosecute suspect,
81a6e72815ee4c8663dfc24d34cc36d4607420d301f289a29ec3a2a633f62ef9,2020-05,Durham Constabulary,Durham Constabulary,-1.854933,54.843862,On or near Hydenside Grove,E01020644,County Durham 014D,Shoplifting,Investigation complete; no suspect identified,
8e5d458973eef3909efbe518969d04124f463f807ff15b6b6839cfef7a6c1cdb,2020-05,Durham Constabulary,Durham Constabulary,-1.854933,54.843862,On or near Hydenside Grove,E01020644,County Durham 014D,Vehicle crime,Investigation complete; no suspect identified,
8179afb409772e7e6315045cb68e2bcc14eafbc4ea79699eda8291de240418a5,2020-05,Durham Constabulary,Durham Constabulary,-1.854933,54.843862,On or near Hydenside Grove,E01020644,County Durham 014D,Violence and sexual offences,Unable to prosecute suspect,
8a3d5766c0b35f274582aaccd1f530d08b68ef755ccedd0ba9e8d78955faa1d7,2020-05,Durham Constabulary,Durham Constabulary,-1.855835,54.844249,On or near Evansleigh Road,E01020644,County Durham 014D,Violence and sexual offences,Court result unavailable,
4143b52b2fdeb66336f24b28d9ec0437abb336ce3cb7258c94526f97ac4dea31,2020-05,Durham Constabulary,Durham Constabulary,-1.856738,54.844331,On or near Pemberton Avenue,E01020644,County Durham 014D,Violence and sexual offences,Unable to prosecute suspect,
8879277a6fb3e433e55af2cf74ec6b6f4b7b03003bf470227da55c5928a4f326,2020-05,Durham Constabulary,Durham Constabulary,-1.858486,54.842977,On or near Holly Gardens,E01020644,County Durham 014D,Violence and sexual offences,Unable to prosecute suspect,
9ce369562b5e9d5aaa2a5aa93549c013774f446f8b6971971a4bb71d2985036c,2020-05,Durham Constabulary,Durham Constabulary,-1.854933,54.843862,On or near Hydenside Grove,E01020644,County Durham 014D,Violence and sexual offences,Unable to prosecute suspect,
dab90513ffc2b3fdc2b2d0d0dac3dc9f4c860f5d4e1ca3ca46fb119bf3fa815a,2020-05,Durham Constabulary,Durham Constabulary,-1.838791,54.850114,On or near Ponds Court,E01020644,County Durham 014D,Violence and sexual offences,Investigation complete; no suspect identified,
68dae2ae59665b76feca96f01b4c411f12c4fc1cdf63fa8c356e31b385a0ef28,2020-05,Durham Constabulary,Durham Constabulary,-1.838791,54.850114,On or near Ponds Court,E01020644,County Durham 014D,Violence and sexual offences,Unable to prosecute suspect,
62bdcd6f84a7d644ad290e67da8a21e0ddb497117f651f81f94786f477d6cdde,2020-05,Durham Constabulary,Durham Constabulary,-1.844363,54.847012,On or near Consett Road,E01020644,County Durham 014D,Violence and sexual offences,Unable to prosecute suspect,
b7aa9efb6b3699f622af3f5d83999cc715bcde07e077a606541620f6ea025dc5,2020-05,Durham Constabulary,Durham Constabulary,-1.840002,54.851086,On or near Generation Place,E01020644,County Durham 014D,Violence and sexual offences,Unable to prosecute suspect,
684479d39ca08a2b7d02a830f2bbd5b6cabe0d14da60b73d9cd0185eabb90268,2020-05,Durham Constabulary,Durham Constabulary,-1.855835,54.844249,On or near Evansleigh Road,E01020644,County Durham 014D,Violence and sexual offences,Court result unavailable,
8d0ff7a69eb9d37ac6294c9855a2f3112cd31c112d39374d19ebf96a2bd0c76f,2020-05,Durham Constabulary,Durham Constabulary,-1.855835,54.844249,On or near Evansleigh Road,E01020644,County Durham 014D,Violence and sexual offences,Court result unavailable,
79d4c3090488131c050ec72e1b4c8d7069e313e0ce808a3672d148ab1d0712a3,2020-05,Durham Constabulary,Durham Constabulary,-1.845517,54.854859,On or near Fenwick Way,E01020644,County Durham 014D,Violence and sexual offences,Investigation complete; no suspect identified,
466eb4caa54c88863332c890f6dc6b18e634dc0f5e7d1ed5b2727362400c895b,2020-05,Durham Constabulary,Durham Constabulary,-1.855835,54.844249,On or near Evansleigh Road,E01020644,County Durham 014D,Violence and sexual offences,Court result unavailable,
0929de191127a6f042deccdd0b89516055ef1b459879e7fe3331afb507fa8a23,2020-05,Durham Constabulary,Durham Constabulary,-1.856738,54.844331,On or near Pemberton Avenue,E01020644,County Durham 014D,Violence and sexual offences,Unable to prosecute suspect,
0873433c331afec17b7a47e1115832e72f433bbf0277836a7d343d1dcba94a04,2020-05,Durham Constabulary,Durham Constabulary,-1.854933,54.843862,On or near Hydenside Grove,E01020644,County Durham 014D,Violence and sexual offences,Court result unavailable,
1caf30146c74bcf5b206148682f436a7796c596bdaa5f246e2a9407c6178de60,2020-05,Durham Constabulary,Durham Constabulary,-1.855835,54.844249,On or near Evansleigh Road,E01020644,County Durham 014D,Violence and sexual offences,Court result unavailable,
8a84c1958fb84fe9c24136abef5a751876707ccd8186ec7e0da3caf5607e20df,2020-05,Durham Constabulary,Durham Constabulary,-1.845517,54.854859,On or near Fenwick Way,E01020644,County Durham 014D,Violence and sexual offences,Investigation complete; no suspect identified,
da9c24497355a33e15c7f76c0c71181b084cfc8677e1b5325af5fa5507e0ac2c,2020-05,Durham Constabulary,Durham Constabulary,-1.855835,54.844249,On or near Evansleigh Road,E01020644,County Durham 014D,Violence and sexual offences,Investigation complete; no suspect identified,
9a4a46245635fcaee5eb3238047baf034edd89cdd741838894e1ab6f6e053cc1,2020-05,Durham Constabulary,Durham Constabulary,-1.854933,54.843862,On or near Hydenside Grove,E01020644,County Durham 014D,Violence and sexual offences,Unable to prosecute suspect,
af799d532a0126a36a7b2c38828b5b5e923f8ca0785b9ad5d07912e6b67d7a37,2020-05,Durham Constabulary,Durham Constabulary,-1.854933,54.843862,On or near Hydenside Grove,E01020644,County Durham 014D,Violence and sexual offences,Unable to prosecute suspect,
647e4d4a4a896e94ade39aa6afd50dd70b0d5fcd48d06479501e56797c371a0f,2020-05,Durham Constabulary,Durham Constabulary,-1.855835,54.844249,On or near Evansleigh Road,E01020644,County Durham 014D,Violence and sexual offences,Court result unavailable,
328a9affca42bd36fabd31037730306afea5ca508ef9564fbbf562d1a1dcff48,2020-05,Durham Constabulary,Durham Constabulary,-1.855835,54.844249,On or near Evansleigh Road,E01020644,County Durham 014D,Violence and sexual offences,Court result unavailable,
c0c536cffca45111cc4668a71ee22e57e2092bc2e17673fb3cffbd71f68e2e8d,2020-05,Durham Constabulary,Durham Constabulary,-1.855085,54.844851,On or near Welford Road,E01020644,County Durham 014D,Violence and sexual offences,Unable to prosecute suspect,
,2020-05,Durham Constabulary,Durham Constabulary,-1.870659,54.839449,On or near Lincoln Road,E01020645,County Durham 014E,Anti-social behaviour,,
,2020-05,Durham Constabulary,Durham Constabulary,-1.869853,54.838217,On or near Sports/Recreation Area,E01020645,County Durham 014E,Anti-social behaviour,,
,2020-05,Durham Constabulary,Durham Constabulary,-1.870659,54.839449,On or near Lincoln Road,E01020645,County Durham 014E,Anti-social behaviour,,
,2020-05,Durham Constabulary,Durham Constabulary,-1.866609,54.840047,On or near Surrey Crescent,E01020645,County Durham 014E,Anti-social behaviour,,
,2020-05,Durham Constabulary,Durham Constabulary,-1.866798,54.839248,On or near Sussex Road,E01020645,County Durham 014E,Anti-social behaviour,,
,2020-05,Durham Constabulary,Durham Constabulary,-1.865888,54.841421,On or near Dunelm Road,E01020645,County Durham 014E,Anti-social behaviour,,
49bf9ca0a2efbdc6512b2e78af566b83a1fee10f99d2f145f46f3309da79ab23,2020-05,Durham Constabulary,Durham Constabulary,-1.866258,54.837881,On or near Essex Avenue,E01020645,County Durham 014E,Public order,Investigation complete; no suspect identified,
7f69b89a889cec6bf1836a30b810b7c10d2c0aa753afb4d75ff31483c1bc8524,2020-05,Durham Constabulary,Durham Constabulary,-1.866258,54.837881,On or near Essex Avenue,E01020645,County Durham 014E,Vehicle crime,Investigation complete; no suspect identified,
2f84f57e78eb81301e03de24999990fb55398bdb127010593e753d8e0560fb4e,2020-05,Durham Constabulary,Durham Constabulary,-1.866609,54.840047,On or near Surrey Crescent,E01020645,County Durham 014E,Violence and sexual offences,Unable to prosecute suspect,
a829eac0607d29df6cda59a3292060394725d268bd9510fcb52283722d8a2547,2020-05,Durham Constabulary,Durham Constabulary,-1.867535,54.837658,On or near Norfolk Road,E01020645,County Durham 014E,Violence and sexual offences,Action to be taken by another organisation,
05a3c70ec060fb4a690655090883d8fdeabdd314aee3ce3ff9cf862bfdb83668,2020-05,Durham Constabulary,Durham Constabulary,-1.870635,54.837230,On or near York Avenue,E01020645,County Durham 014E,Violence and sexual offences,Investigation complete; no suspect identified,
097efe2b36c420451f2df5312851bae522f13d3b6c9a7360876dc0b8aa175139,2020-05,Durham Constabulary,Durham Constabulary,-1.866258,54.837881,On or near Essex Avenue,E01020645,County Durham 014E,Violence and sexual offences,Unable to prosecute suspect,
9776ed6b45f63185c0a3768f846108bbf8d7d7e4f113a44216ef0785ca113021,2020-05,Durham Constabulary,Durham Constabulary,-1.865888,54.841421,On or near Dunelm Road,E01020645,County Durham 014E,Violence and sexual offences,Unable to prosecute suspect,
ca02d74bb9e2680bb3444ef85b37527b6adb0bc4c92e08de4e7f42ba8df13e1e,2020-05,Durham Constabulary,Durham Constabulary,-1.865888,54.841421,On or near Dunelm Road,E01020645,County Durham 014E,Violence and sexual offences,Unable to prosecute suspect,
9c960e4d638ab37ba323f68edfc475560c6e55e996e40a9f35447516d1e33c10,2020-05,Durham Constabulary,Durham Constabulary,-1.872388,54.839218,On or near Chester Road,E01020645,County Durham 014E,Violence and sexual offences,Unable to prosecute suspect,
34da3b448231eee285e4acbee37e3f95d061e8ab8c7c3bf3eb7b41ea8223d00f,2020-05,Durham Constabulary,Durham Constabulary,-1.866258,54.837881,On or near Essex Avenue,E01020645,County Durham 014E,Violence and sexual offences,Unable to prosecute suspect,
6c056241f66db834744ebb722894dfe3058ea83456608b7eff8d3dc5af0ca8c4,2020-05,Durham Constabulary,Durham Constabulary,-1.866258,54.837881,On or near Essex Avenue,E01020645,County Durham 014E,Violence and sexual offences,Unable to prosecute suspect,
,2020-05,Durham Constabulary,Durham Constabulary,-1.532293,54.849788,On or near A1(M),E01020590,County Durham 015A,Anti-social behaviour,,
,2020-05,Durham Constabulary,Durham Constabulary,-1.512775,54.848714,On or near Sydney Street,E01020590,County Durham 015A,Anti-social behaviour,,
,2020-05,Durham Constabulary,Durham Constabulary,-1.509205,54.846489,On or near Woodland Grange,E01020590,County Durham 015A,Anti-social behaviour,,
2a543957b22f39c9efb076ff08d31d7dc2b8aefd4ae2082f3b041ec53298a3a2,2020-05,Durham Constabulary,Durham Constabulary,-1.511558,54.847613,On or near Elmwood Street,E01020590,County Durham 015A,Criminal damage and arson,Unable to prosecute suspect,
3b903c469eba2aeaa8356112506f8e987a669273eb4abb8c29e2181859039868,2020-05,Durham Constabulary,Durham Constabulary,-1.512775,54.848714,On or near Sydney Street,E01020590,County Durham 015A,Criminal damage and arson,Investigation complete; no suspect identified,
b253dc74da83749f92f572a0e6dcbd37ca0cfe22a5ae97a3ac05b3528a9d17c1,2020-05,Durham Constabulary,Durham Constabulary,-1.507310,54.846059,On or near Petrol Station,E01020590,County Durham 015A,Other theft,Investigation complete; no suspect identified,
00e4e50e0b5eaf5a9e1a30516881bed003697f6194ac1d80e005e71669c23241,2020-05,Durham Constabulary,Durham Constabulary,-1.509205,54.846489,On or near Woodland Grange,E01020590,County Durham 015A,Public order,Further investigation is not in the public interest,
72236e5ecc3ba619a49eca3c7c0853040a05977953e43a8cd70312d3f03b4885,2020-05,Durham Constabulary,Durham Constabulary,-1.512502,54.848183,On or near A1052,E01020590,County Durham 015A,Violence and sexual offences,Unable to prosecute suspect,
,2020-05,Durham Constabulary,Durham Constabulary,-1.512681,54.852677,On or near Meadow Grange,E01020591,County Durham 015B,Anti-social behaviour,,
,2020-05,Durham Constabulary,Durham Constabulary,-1.515284,54.855096,On or near Alwyn Close,E01020591,County Durham 015B,Anti-social behaviour,,
,2020-05,Durham Constabulary,Durham Constabulary,-1.512681,54.852677,On or near Meadow Grange,E01020591,County Durham 015B,Anti-social behaviour,,
,2020-05,Durham Constabulary,Durham Constabulary,-1.517578,54.854772,On or near Lilac Square,E01020591,County Durham 015B,Anti-social behaviour,,
,2020-05,Durham Constabulary,Durham Constabulary,-1.514496,54.853259,On or near Sports/Recreation Area,E01020591,County Durham 015B,Anti-social behaviour,,
,2020-05,Durham Constabulary,Durham Constabulary,-1.520869,54.854399,On or near Beaumaris,E01020591,County Durham 015B,Anti-social behaviour,,
,2020-05,Durham Constabulary,Durham Constabulary,-1.517578,54.854772,On or near Lilac Square,E01020591,County Durham 015B,Anti-social behaviour,,
d9ea5e09d2a90b8cfc1ff50daa33bf82806c8456ed944b3f996de4e1dd047573,2020-05,Durham Constabulary,Durham Constabulary,-1.517593,54.852157,On or near Mill Court,E01020591,County Durham 015B,Burglary,Unable to prosecute suspect,
68572ae47f748584e14363de08dd999ac5592aa8c1606f18759b13f1d8c417c5,2020-05,Durham Constabulary,Durham Constabulary,-1.515284,54.855096,On or near Alwyn Close,E01020591,County Durham 015B,Burglary,Investigation complete; no suspect identified,
2495294ee6ce2f00b50628514e3667382aefe75c93963da7642139e467ed698f,2020-05,Durham Constabulary,Durham Constabulary,-1.515284,54.855096,On or near Alwyn Close,E01020591,County Durham 015B,Criminal damage and arson,Investigation complete; no suspect identified,
122e59670b4cb499fefbc189a17a3a5de754de80f20a4985e26bf622845e4f1a,2020-05,Durham Constabulary,Durham Constabulary,-1.517578,54.854772,On or near Lilac Square,E01020591,County Durham 015B,Criminal damage and arson,Investigation complete; no suspect identified,
9297a1030f51ae21a8fe1277f5862b92c3b234172a86a26038ab62b473ea15ac,2020-05,Durham Constabulary,Durham Constabulary,-1.514332,54.859154,On or near Petrol Station,E01020591,County Durham 015B,Other theft,Investigation complete; no suspect identified,
,2020-05,Durham Constabulary,Durham Constabulary,-1.542042,54.837406,On or near Scott Court,E01020608,County Durham 015C,Anti-social behaviour,,
,2020-05,Durham Constabulary,Durham Constabulary,-1.542042,54.837406,On or near Scott Court,E01020608,County Durham 015C,Anti-social behaviour,,
,2020-05,Durham Constabulary,Durham Constabulary,-1.542042,54.837406,On or near Scott Court,E01020608,County Durham 015C,Anti-social behaviour,,
,2020-05,Durham Constabulary,Durham Constabulary,-1.547818,54.836035,On or near Melbeck Court,E01020608,County Durham 015C,Anti-social behaviour,,
f2d247bbd6ef90b2b1b974cbbffa7b9205685f39c29c1222188fd7a298bdfba9,2020-05,Durham Constabulary,Durham Constabulary,-1.518193,54.834510,On or near Black Boy Road,E01020608,County Durham 015C,Criminal damage and arson,Investigation complete; no suspect identified,
e09c8b383927f889f0742851d5612d22b6f09c7d1c2d20f6d8b82e8f5592c6d3,2020-05,Durham Constabulary,Durham Constabulary,-1.521790,54.846297,On or near Chipchase Court,E01020608,County Durham 015C,Public order,Unable to prosecute suspect,
679f29fa2d495947525c5838b321f2f8f2b6a99db50690fd2da7012b165dbcb7,2020-05,Durham Constabulary,Durham Constabulary,-1.542042,54.837406,On or near Scott Court,E01020608,County Durham 015C,Violence and sexual offences,Unable to prosecute suspect,
,2020-05,Durham Constabulary,Durham Constabulary,-1.544302,54.837244,On or near Supermarket,E01020609,County Durham 015D,Anti-social behaviour,,
,2020-05,Durham Constabulary,Durham Constabulary,-1.544302,54.837244,On or near Supermarket,E01020609,County Durham 015D,Anti-social behaviour,,
,2020-05,Durham Constabulary,Durham Constabulary,-1.544302,54.837244,On or near Supermarket,E01020609,County Durham 015D,Anti-social behaviour,,
,2020-05,Durham Constabulary,Durham Constabulary,-1.548706,54.841628,On or near Back Lane,E01020609,County Durham 015D,Anti-social behaviour,,
ab12c2149672efe2880dddd13a870e86c2cfdd49ef3c975b2d8632904d495dd0,2020-05,Durham Constabulary,Durham Constabulary,-1.548706,54.841628,On or near Back Lane,E01020609,County Durham 015D,Criminal damage and arson,Investigation complete; no suspect identified,
c6bbc362f78fa6c3f293937a91ca1c4b199caa223e13f851d0a156b98c0dca61,2020-05,Durham Constabulary,Durham Constabulary,-1.544302,54.837244,On or near Supermarket,E01020609,County Durham 015D,Drugs,Court result unavailable,
fe514b1115155adbce76184a74806127c2eb1de534722230043bbdcaf2d627d7,2020-05,Durham Constabulary,Durham Constabulary,-1.539870,54.842260,On or near Scorer'S Lane,E01020609,County Durham 015D,Public order,Unable to prosecute suspect,
7d57474095726fc5666a06cda6b97fa082b1f3daf25a489840fc77da2b93938a,2020-05,Durham Constabulary,Durham Constabulary,-1.548706,54.841628,On or near Back Lane,E01020609,County Durham 015D,Public order,Investigation complete; no suspect identified,
d55b0535e3728314990cba6f893ef71f3abda7c13ea210eec7160c11664591f6,2020-05,Durham Constabulary,Durham Constabulary,-1.544302,54.837244,On or near Supermarket,E01020609,County Durham 015D,Violence and sexual offences,Unable to prosecute suspect,
7b624f53b07408b4d0a2cc743d2bab4f51ac1489fe89032c1ddfb97323156dc4,2020-05,Durham Constabulary,Durham Constabulary,-1.539870,54.842260,On or near Scorer'S Lane,E01020609,County Durham 015D,Violence and sexual offences,Local resolution,
a3e2405009feb80955788f868242ae096d1d0ac8cb7058c65492d9f5a3112604,2020-05,Durham Constabulary,Durham Constabulary,-1.544302,54.837244,On or near Supermarket,E01020609,County Durham 015D,Violence and sexual offences,Unable to prosecute suspect,
547469fa954ae56af41d7d74b8f79bcec3c59f9123cd2521f954bac7e78b44ce,2020-05,Durham Constabulary,Durham Constabulary,-1.544302,54.837244,On or near Supermarket,E01020609,County Durham 015D,Violence and sexual offences,Unable to prosecute suspect,
17b7db6be2efc1a4a6e6abd94199a695e1ae58769bb2d75adbcf5717cf1ca793,2020-05,Durham Constabulary,Durham Constabulary,-1.544302,54.837244,On or near Supermarket,E01020609,County Durham 015D,Violence and sexual offences,Unable to prosecute suspect,
7dc1d8495d0bfde39bbe5034868bd9bb835f2dc575f6b0a717186f71b906037c,2020-05,Durham Constabulary,Durham Constabulary,-1.544302,54.837244,On or near Supermarket,E01020609,County Durham 015D,Violence and sexual offences,Unable to prosecute suspect,
3cd074c21cc28d67a892d9afb45dffdfe955ebbeffcf744bfd5da4e79ed33830,2020-05,Durham Constabulary,Durham Constabulary,-1.539870,54.842260,On or near Scorer'S Lane,E01020609,County Durham 015D,Violence and sexual offences,Unable to prosecute suspect,
abcb8ad819ee1f92b9b49f88171a925791a0b80aa765e3a7356c0af233fa5070,2020-05,Durham Constabulary,Durham Constabulary,-1.548706,54.841628,On or near Back Lane,E01020609,County Durham 015D,Violence and sexual offences,Unable to prosecute suspect,
43de7138cec971007a8015ae2ed7882a2218d7fc16e4d27bb9820b5fd54150fc,2020-05,Durham Constabulary,Durham Constabulary,-1.548706,54.841628,On or near Back Lane,E01020609,County Durham 015D,Violence and sexual offences,Unable to prosecute suspect,
8c159746446b10320a92a07faf9c38d35aa8387c1ba8f1472e392e596bdebb13,2020-05,Durham Constabulary,Durham Constabulary,-1.544302,54.837244,On or near Supermarket,E01020609,County Durham 015D,Violence and sexual offences,Unable to prosecute suspect,
,2020-05,Durham Constabulary,Durham Constabulary,-1.543820,54.834411,On or near Worcester Close,E01020610,County Durham 015E,Anti-social behaviour,,
,2020-05,Durham Constabulary,Durham Constabulary,-1.546002,54.834195,On or near Gloucester Close,E01020610,County Durham 015E,Anti-social behaviour,,
e4d299afa9749687d0b063e5d72920a6dd109ee5ea1e94d47894d7a7eaaf467d,2020-05,Durham Constabulary,Durham Constabulary,-1.536572,54.836523,On or near Startforth Close,E01020610,County Durham 015E,Violence and sexual offences,Court result unavailable,
,2020-05,Durham Constabulary,Durham Constabulary,-1.365928,54.831897,On or near Petrol Station,E01020750,County Durham 016A,Anti-social behaviour,,
c464558247e8f64540951127c355a2c342cbda6e73edadfd3ed55ef035d138e4,2020-05,Durham Constabulary,Durham Constabulary,-1.364403,54.830855,On or near Sidmouth Close,E01020750,County Durham 016A,Burglary,Investigation complete; no suspect identified,
65af50c53964d02ec2fe9ea0e03df6d0a7135c9c3839dea0a8733c3397015be5,2020-05,Durham Constabulary,Durham Constabulary,-1.358068,54.831766,On or near Yarmouth Close,E01020750,County Durham 016A,Criminal damage and arson,Investigation complete; no suspect identified,
d1ca7d481f94ec70996fd1114d5312e0cda8743f73b31dca7634b7baec2a705a,2020-05,Durham Constabulary,Durham Constabulary,-1.365928,54.831897,On or near Petrol Station,E01020750,County Durham 016A,Criminal damage and arson,Unable to prosecute suspect,
17e43ddb8a27fb894cad3d2f73acf48424f287e490253cf410f6b007c1a2ed2c,2020-05,Durham Constabulary,Durham Constabulary,-1.365928,54.831897,On or near Petrol Station,E01020750,County Durham 016A,Shoplifting,Investigation complete; no suspect identified,
ab67b4ec65d54e50dbb143bcbca80c89d25c937392ff6d61debfb01ffeb9011b,2020-05,Durham Constabulary,Durham Constabulary,-1.372296,54.830842,On or near Dalton Heights,E01020750,County Durham 016A,Violence and sexual offences,Unable to prosecute suspect,
,2020-05,Durham Constabulary,Durham Constabulary,-1.355967,54.844453,On or near Norfolk Close,E01020781,County Durham 016B,Anti-social behaviour,,
,2020-05,Durham Constabulary,Durham Constabulary,-1.357236,54.844936,On or near Neasham Road,E01020781,County Durham 016B,Anti-social behaviour,,
,2020-05,Durham Constabulary,Durham Constabulary,-1.362621,54.841172,On or near Christchurch Court,E01020781,County Durham 016B,Anti-social behaviour,,
7f8d04e5851f01b7e7d403c1ea8f9d6707a57c0704d4bdc556b1227c5d03987b,2020-05,Durham Constabulary,Durham Constabulary,-1.358454,54.840835,On or near Station Road,E01020781,County Durham 016B,Violence and sexual offences,Unable to prosecute suspect,
091864bec8713fb6ddbd7d50d0648dd0c3b1715c3d50cf50186f286027bdd68d,2020-05,Durham Constabulary,Durham Constabulary,-1.357236,54.844936,On or near Neasham Road,E01020781,County Durham 016B,Violence and sexual offences,Unable to prosecute suspect,
83d0e52b5a5f9ca7f99480b5ec3f2d8a5a89fbe3cf367e12ce0962c2b6a6ff39,2020-05,Durham Constabulary,Durham Constabulary,-1.357236,54.844936,On or near Neasham Road,E01020781,County Durham 016B,Other crime,Unable to prosecute suspect,
,2020-05,Durham Constabulary,Durham Constabulary,-1.369909,54.847150,On or near Field House Farm,E01020786,County Durham 016D,Anti-social behaviour,,
,2020-05,Durham Constabulary,Durham Constabulary,-1.373410,54.843304,On or near Slingley Close,E01020786,County Durham 016D,Anti-social behaviour,,
de61cfdcd8ad851cc075465ae464d0fff2141119c75960c0ead44021234e0f32,2020-05,Durham Constabulary,Durham Constabulary,-1.384999,54.843075,On or near Seaton Grove,E01020786,County Durham 016D,Burglary,Investigation complete; no suspect identified,
85aec6dafc90353e7c93037cb2ceb8a6ae234a6b1775558606eed8f582926bc3,2020-05,Durham Constabulary,Durham Constabulary,-1.384999,54.843075,On or near Seaton Grove,E01020786,County Durham 016D,Burglary,Investigation complete; no suspect identified,
b658bfa5dcc782606e24da1ed39b1059ac4642e71a5a0ec03807442cd5c1d5e5,2020-05,Durham Constabulary,Durham Constabulary,-1.370066,54.845057,On or near Burdon Crescent,E01020786,County Durham 016D,Burglary,Unable to prosecute suspect,
cdccd7e43372ed944a75bad9f86e3abf51d772b1520bddeb7cc85d48e1a90f6c,2020-05,Durham Constabulary,Durham Constabulary,-1.370629,54.850910,On or near Enterprise Court,E01020786,County Durham 016D,Vehicle crime,Investigation complete; no suspect identified,
6859fc78d8c65d29aacf89ab3bec8b5b236eec06cfbb64edd851f2f80dc4ac99,2020-05,Durham Constabulary,Durham Constabulary,-1.381751,54.843661,On or near Hall Close,E01020786,County Durham 016D,Vehicle crime,Suspect charged as part of another case,
801318cc7442445efcff86919cedd4682fc77567a11ce714105964b1f0486ec4,2020-05,Durham Constabulary,Durham Constabulary,-1.384999,54.843075,On or near Seaton Grove,E01020786,County Durham 016D,Violence and sexual offences,Action to be taken by another organisation,
d0f49d6ea4cd2900ad1a3621810e5e799dac893f375b649365492a3f82ff2243,2020-05,Durham Constabulary,Durham Constabulary,-1.373709,54.844096,On or near Clarks Terrace,E01020786,County Durham 016D,Violence and sexual offences,Unable to prosecute suspect,
7fed4683a3459b91c0b2a3f818ae9bdc02918413531dcd006815dbd976ad2ec2,2020-05,Durham Constabulary,Durham Constabulary,-1.372394,54.842579,On or near Sharpley Drive,E01020786,County Durham 016D,Violence and sexual offences,Unable to prosecute suspect,
4ab6d345d96eb7a770d7127964bf0102e5ddaf3d120545bb078af13edfa87fea,2020-05,Durham Constabulary,Durham Constabulary,-1.372715,54.844954,On or near Middleton Close,E01020786,County Durham 016D,Violence and sexual offences,Further investigation is not in the public interest,
7005093f2b0bde16ddaf4dc128dc0d411ab8022e16c94bf918077d962b287b4a,2020-05,Durham Constabulary,Durham Constabulary,-1.415028,54.832943,On or near Salter'S Lane,E01020786,County Durham 016D,Violence and sexual offences,Investigation complete; no suspect identified,
,2020-05,Durham Constabulary,Durham Constabulary,-1.369058,54.836802,On or near Windsor Road,E01020787,County Durham 016E,Anti-social behaviour,,
,2020-05,Durham Constabulary,Durham Constabulary,-1.372548,54.836649,On or near Warkworth Crescent,E01020787,County Durham 016E,Anti-social behaviour,,
,2020-05,Durham Constabulary,Durham Constabulary,-1.372548,54.836649,On or near Warkworth Crescent,E01020787,County Durham 016E,Anti-social behaviour,,
,2020-05,Durham Constabulary,Durham Constabulary,-1.372548,54.836649,On or near Warkworth Crescent,E01020787,County Durham 016E,Anti-social behaviour,,
2cde218d07bed60d1dd444a1bb698942e10e7cfce789968aaa2240cb58a15d54,2020-05,Durham Constabulary,Durham Constabulary,-1.369058,54.836802,On or near Windsor Road,E01020787,County Durham 016E,Criminal damage and arson,Unable to prosecute suspect,
ade7b04dd699213c19a9f3d7e1d19fbd8edf75a341467677e0e6ee354bc0709a,2020-05,Durham Constabulary,Durham Constabulary,-1.374490,54.833927,On or near A19,E01020787,County Durham 016E,Criminal damage and arson,Investigation complete; no suspect identified,
e63dc5969433a361981725451e90924db213783386e7eed7e11b43d96e51e113,2020-05,Durham Constabulary,Durham Constabulary,-1.372548,54.836649,On or near Warkworth Crescent,E01020787,County Durham 016E,Violence and sexual offences,Unable to prosecute suspect,
131bb37e2236f8c353b7531daebbda6e8ebeda798b8dda431f98d211aa1e71e1,2020-05,Durham Constabulary,Durham Constabulary,-1.367430,54.840388,On or near Seaton Park,E01020787,County Durham 016E,Violence and sexual offences,Unable to prosecute suspect,
,2020-05,Durham Constabulary,Durham Constabulary,-1.345133,54.844170,On or near Craster Point,E01033163,County Durham 016F,Anti-social behaviour,,
,2020-05,Durham Constabulary,Durham Constabulary,-1.345133,54.844170,On or near Craster Point,E01033163,County Durham 016F,Anti-social behaviour,,
,2020-05,Durham Constabulary,Durham Constabulary,-1.348118,54.841562,On or near Sports/Recreation Area,E01033163,County Durham 016F,Anti-social behaviour,,
,2020-05,Durham Constabulary,Durham Constabulary,-1.348118,54.841562,On or near Sports/Recreation Area,E01033163,County Durham 016F,Anti-social behaviour,,
8b81dc82062a1059e975e370b7d728605b4059e4b8a18d8f5f6d0cb28a9fed79,2020-05,Durham Constabulary,Durham Constabulary,-1.339711,54.844338,On or near Mappleton Drive,E01033163,County Durham 016F,Bicycle theft,Investigation complete; no suspect identified,
3e84638a2aac6c08a2427fd3a8722decb63cf12bf571ffcc2b2cabf3deb7960f,2020-05,Durham Constabulary,Durham Constabulary,-1.341712,54.845805,On or near Weybourne Lea,E01033163,County Durham 016F,Theft from the person,Investigation complete; no suspect identified,
17fd871c10cbdd8e7d6535f4ecfdfad915fc5092d400ca70801f517f14d55c5d,2020-05,Durham Constabulary,Durham Constabulary,-1.360919,54.847399,On or near Sports/Recreation Area,E01033163,County Durham 016F,Violence and sexual offences,Unable to prosecute suspect,
acc1045e830636a8f79b8bde83db73334a7dc94e2472e1d93412a9e3633bd46a,2020-05,Durham Constabulary,Durham Constabulary,-1.337704,54.843321,On or near Runswick Drive,E01033163,County Durham 016F,Violence and sexual offences,Unable to prosecute suspect,
b462b6c8a4d5fa5b3f76b3d991bbb49dc4b926131370f6b32fdd5eece9bbd0ac,2020-05,Durham Constabulary,Durham Constabulary,-1.346011,54.842872,On or near Goswick Way,E01033163,County Durham 016F,Violence and sexual offences,Action to be taken by another organisation,
6d175f8f091c0b55da82745418a2cf7e37dfeeeebdf832bbd904dac91a3acb0f,2020-05,Durham Constabulary,Durham Constabulary,-1.344599,54.845425,On or near Staithes Court,E01033163,County Durham 016F,Violence and sexual offences,Unable to prosecute suspect,
eeda1242e6a2a7f3a76f120a2171981e5e91d010148a71c60c8febe85f40948e,2020-05,Durham Constabulary,Durham Constabulary,-1.360919,54.847399,On or near Sports/Recreation Area,E01033163,County Durham 016F,Violence and sexual offences,Unable to prosecute suspect,
8783bd0b3c1507270fe7a13021ab8d5aae5bacb3319dc2ac77dd18ddf9aec405,2020-05,Durham Constabulary,Durham Constabulary,-1.360919,54.847399,On or near Sports/Recreation Area,E01033163,County Durham 016F,Violence and sexual offences,Unable to prosecute suspect,
ce98f4b1f89d6b5684db34c8942bc6c2f2e74cd13ba691d1a1b559262ba285fa,2020-05,Durham Constabulary,Durham Constabulary,-1.360919,54.847399,On or near Sports/Recreation Area,E01033163,County Durham 016F,Violence and sexual offences,Unable to prosecute suspect,
,2020-05,Durham Constabulary,Durham Constabulary,-1.368645,54.839325,On or near Milldale,E01033202,County Durham 016G,Anti-social behaviour,,
,2020-05,Durham Constabulary,Durham Constabulary,-1.368645,54.839325,On or near Milldale,E01033202,County Durham 016G,Anti-social behaviour,,
,2020-05,Durham Constabulary,Durham Constabulary,-1.367621,54.842114,On or near Mill Road,E01033202,County Durham 016G,Anti-social behaviour,,
,2020-05,Durham Constabulary,Durham Constabulary,-1.360250,54.844430,On or near Burnhall Drive,E01033202,County Durham 016G,Anti-social behaviour,,
,2020-05,Durham Constabulary,Durham Constabulary,-1.365543,54.844503,On or near Sports/Recreation Area,E01033202,County Durham 016G,Anti-social behaviour,,
ac61af4d60bcfd0b382582a0a54ffff901b45ed347cd75187d3240d0d8b451c2,2020-05,Durham Constabulary,Durham Constabulary,-1.368202,54.843798,On or near Gregson Terrace,E01033202,County Durham 016G,Other theft,Investigation complete; no suspect identified,
d6fcf877ea73319a551e3cffbc01054a14ca1829a2fc8274af3cfdda0dc16376,2020-05,Durham Constabulary,Durham Constabulary,-1.371790,54.843349,On or near Sharpley Drive,E01033202,County Durham 016G,Shoplifting,Investigation complete; no suspect identified,
3155f06269d3fae7eed4b6ab72b71b6d9bfcc01bd3386f63f3fbfd35546edbbc,2020-05,Durham Constabulary,Durham Constabulary,-1.368645,54.839325,On or near Milldale,E01033202,County Durham 016G,Shoplifting,Local resolution,
1126b972a9c77008f64f7287028e6af6975e9f6217ffc7524e4dfdc0b7945db0,2020-05,Durham Constabulary,Durham Constabulary,-1.368645,54.839325,On or near Milldale,E01033202,County Durham 016G,Shoplifting,Unable to prosecute suspect,
64ecb43404bc96679239fd8022c1d33f00338e4aad1c726df7c712e74bd56c2f,2020-05,Durham Constabulary,Durham Constabulary,-1.371790,54.843349,On or near Sharpley Drive,E01033202,County Durham 016G,Violence and sexual offences,Unable to prosecute suspect,
85bf37762f6e0f1698789fda43106d0f282f8c07532dd9ed14ff0b81154bf86c,2020-05,Durham Constabulary,Durham Constabulary,-1.368645,54.839325,On or near Milldale,E01033202,County Durham 016G,Violence and sexual offences,Investigation complete; no suspect identified,
,2020-05,Durham Constabulary,Durham Constabulary,-1.336777,54.832388,On or near Akon Street,E01020740,County Durham 017A,Anti-social behaviour,,
,2020-05,Durham Constabulary,Durham Constabulary,-1.336777,54.832388,On or near Akon Street,E01020740,County Durham 017A,Anti-social behaviour,,
,2020-05,Durham Constabulary,Durham Constabulary,-1.339564,54.831406,On or near Malcolm Street,E01020740,County Durham 017A,Anti-social behaviour,,
,2020-05,Durham Constabulary,Durham Constabulary,-1.343055,54.835954,On or near Maureen Terrace,E01020740,County Durham 017A,Anti-social behaviour,,
f8baa2aaa26b9f0c709716a2cdb0dc799cd7f35dd9af54f9377685f37b87d407,2020-05,Durham Constabulary,Durham Constabulary,-1.342980,54.830040,On or near Parkside Crescent,E01020740,County Durham 017A,Public order,Unable to prosecute suspect,
f94b5e27bf1dc5b416c7999d82b6b7b553b2980be51d601423c9d993ae5e7b95,2020-05,Durham Constabulary,Durham Constabulary,-1.342980,54.830040,On or near Parkside Crescent,E01020740,County Durham 017A,Violence and sexual offences,Unable to prosecute suspect,
2a579fe182c6eadb909c104ffd4b9b0fafd1d29c37d042cafa5fef7496a52f7f,2020-05,Durham Constabulary,Durham Constabulary,-1.339538,54.833949,On or near Princess Road,E01020740,County Durham 017A,Violence and sexual offences,Unable to prosecute suspect,
f9111c38c9c55558ce6238ad3da394ef65dd07a930797cf530e5a9347a90b5d3,2020-05,Durham Constabulary,Durham Constabulary,-1.339538,54.833949,On or near Princess Road,E01020740,County Durham 017A,Violence and sexual offences,Unable to prosecute suspect,
741c79b08195eb6b95ed3e5775e545897dd614cf72fe7494a878d7c50a40b659,2020-05,Durham Constabulary,Durham Constabulary,-1.342980,54.830040,On or near Parkside Crescent,E01020740,County Durham 017A,Other crime,Unable to prosecute suspect,
,2020-05,Durham Constabulary,Durham Constabulary,-1.329231,54.834018,On or near Aline Street,E01020741,County Durham 017B,Anti-social behaviour,,
,2020-05,Durham Constabulary,Durham Constabulary,-1.329231,54.834018,On or near Aline Street,E01020741,County Durham 017B,Anti-social behaviour,,
,2020-05,Durham Constabulary,Durham Constabulary,-1.332629,54.830928,On or near Ilchester Street,E01020741,County Durham 017B,Anti-social behaviour,,
,2020-05,Durham Constabulary,Durham Constabulary,-1.331532,54.833240,On or near Albert Street,E01020741,County Durham 017B,Anti-social behaviour,,
,2020-05,Durham Constabulary,Durham Constabulary,-1.331532,54.833240,On or near Albert Street,E01020741,County Durham 017B,Anti-social behaviour,,
bfcf1e3919eef5c3306ba2b9fe485e0233a8fcf4d7444b8bbcc25db24f6f95d6,2020-05,Durham Constabulary,Durham Constabulary,-1.332629,54.830928,On or near Ilchester Street,E01020741,County Durham 017B,Criminal damage and arson,Investigation complete; no suspect identified,
dd7d5143a15ea5ec37fd696857c31293015907c5c93fb75838c0f3c16806b4c2,2020-05,Durham Constabulary,Durham Constabulary,-1.332629,54.830928,On or near Ilchester Street,E01020741,County Durham 017B,Criminal damage and arson,Unable to prosecute suspect,
0aba28886288517f36cbbad1a1e4b8d12c65906ed13a001a5dcc3290cf7c6bce,2020-05,Durham Constabulary,Durham Constabulary,-1.333458,54.831669,On or near Fox Street,E01020741,County Durham 017B,Criminal damage and arson,Local resolution,
26b97a85a404bdd975713b2e08497f03511572ddc5a30df264599663f8e16c21,2020-05,Durham Constabulary,Durham Constabulary,-1.333012,54.831289,On or near Strangways Street,E01020741,County Durham 017B,Public order,Unable to prosecute suspect,
5edc6d7c41369f0b7b089573e5682fa5931d3c9beb1d6114d6754d0d70206696,2020-05,Durham Constabulary,Durham Constabulary,-1.331532,54.833240,On or near Albert Street,E01020741,County Durham 017B,Violence and sexual offences,Unable to prosecute suspect,
1f2e0d36e18da146f1783884b1030fe366c6cda4a9ddc87151907a277e18df3f,2020-05,Durham Constabulary,Durham Constabulary,-1.332629,54.830928,On or near Ilchester Street,E01020741,County Durham 017B,Violence and sexual offences,Unable to prosecute suspect,
25aa3214a58ca32e07651b69a1b22f7d4d1e785674afbbe54befd5bf5b3ceed0,2020-05,Durham Constabulary,Durham Constabulary,-1.331532,54.833240,On or near Albert Street,E01020741,County Durham 017B,Violence and sexual offences,Unable to prosecute suspect,
7646e94d191644607a6e90c25b734702c39b959c8564182c4d8b850b0836d5df,2020-05,Durham Constabulary,Durham Constabulary,-1.331522,54.833842,On or near Ropery Walk,E01020741,County Durham 017B,Violence and sexual offences,Unable to prosecute suspect,
f4fc4972315f43bce7a39bf583091eac386498f043737022b97a333f403dfa07,2020-05,Durham Constabulary,Durham Constabulary,-1.329980,54.832036,On or near Candlish Terrace,E01020741,County Durham 017B,Violence and sexual offences,Unable to prosecute suspect,
d851daae04abb5ee461573b34f78298b829d8392b3a7f5ac7c6d3b18a4ef9fd7,2020-05,Durham Constabulary,Durham Constabulary,-1.329806,54.833150,On or near Alfred Street East,E01020741,County Durham 017B,Violence and sexual offences,Unable to prosecute suspect,
3a3f3da56ca2d103da80a094ee0c4bc9a9965c0b0b1d35e1f7221956a157ca02,2020-05,Durham Constabulary,Durham Constabulary,-1.331522,54.833842,On or near Ropery Walk,E01020741,County Durham 017B,Violence and sexual offences,Unable to prosecute suspect,
57c279c83f6e86d4d5c511d23cf4d87dfac201be979041a5b4d7cb212b7e86e1,2020-05,Durham Constabulary,Durham Constabulary,-1.333012,54.831289,On or near Strangways Street,E01020741,County Durham 017B,Violence and sexual offences,Unable to prosecute suspect,
ff229edc8d3ecfd673abdefc18b77c5dffd4c8dce4854b6a86a2b3538c66f0cb,2020-05,Durham Constabulary,Durham Constabulary,-1.333012,54.831289,On or near Strangways Street,E01020741,County Durham 017B,Violence and sexual offences,Unable to prosecute suspect,
1673832ca40c9cef2a4750b0a90d36642e3bffbdd9da448e75285558c69b01b6,2020-05,Durham Constabulary,Durham Constabulary,-1.333458,54.831669,On or near Fox Street,E01020741,County Durham 017B,Other crime,Unable to prosecute suspect,
,2020-05,Durham Constabulary,Durham Constabulary,-1.334051,54.830594,On or near Dawdon Crescent,E01020742,County Durham 017C,Anti-social behaviour,,
,2020-05,Durham Constabulary,Durham Constabulary,-1.335949,54.829706,On or near Margaret Street,E01020742,County Durham 017C,Anti-social behaviour,,
,2020-05,Durham Constabulary,Durham Constabulary,-1.334051,54.830594,On or near Dawdon Crescent,E01020742,County Durham 017C,Anti-social behaviour,,
,2020-05,Durham Constabulary,Durham Constabulary,-1.331244,54.828062,On or near Londonderry Street,E01020742,County Durham 017C,Anti-social behaviour,,
,2020-05,Durham Constabulary,Durham Constabulary,-1.334051,54.830594,On or near Dawdon Crescent,E01020742,County Durham 017C,Anti-social behaviour,,
0273c5472582619a7f35780eb54f919c8cc812b1602c3303a4342fbb36dee646,2020-05,Durham Constabulary,Durham Constabulary,-1.332357,54.829470,On or near Wynyard Street,E01020742,County Durham 017C,Burglary,Investigation complete; no suspect identified,
76f304e4c6d6d5743c275bda80e7cfcbf2637335b477cab6216294637428b051,2020-05,Durham Constabulary,Durham Constabulary,-1.335828,54.828555,On or near Shrewsbury Street,E01020742,County Durham 017C,Criminal damage and arson,Investigation complete; no suspect identified,
9bd36f6faba88c377b3f4ac5e419fd826f6e030b8de88677e18fcef291a53fe4,2020-05,Durham Constabulary,Durham Constabulary,-1.337822,54.830390,On or near Hill Street,E01020742,County Durham 017C,Drugs,Offender given a caution,
8f8a90d41a0857e1fed155bf7048e3398109f7195cbce80adddb45134a5e2410,2020-05,Durham Constabulary,Durham Constabulary,-1.332380,54.828104,On or near Mount Stewart Street,E01020742,County Durham 017C,Other theft,Investigation complete; no suspect identified,
af5be43c91676212c3cf8d06a5f3448fd0551f98add81f9e92b905553c937750,2020-05,Durham Constabulary,Durham Constabulary,-1.332684,54.828564,On or near Longnewton Street,E01020742,County Durham 017C,Other theft,Investigation complete; no suspect identified,
4f7f960e13ff9bca7dc837c6543df5d5ff7c757b640e26d921b7859c466fb669,2020-05,Durham Constabulary,Durham Constabulary,-1.335828,54.828555,On or near Shrewsbury Street,E01020742,County Durham 017C,Public order,Unable to prosecute suspect,
cef480e2ca4b80d51efe773d512b205c0963a94f6fd52c2389cdab8ee00506ce,2020-05,Durham Constabulary,Durham Constabulary,-1.334051,54.830594,On or near Dawdon Crescent,E01020742,County Durham 017C,Public order,Investigation complete; no suspect identified,
6823f0b709b070c8d1b73e22e390c1001e8594c83d1bbb542a40887b286a3a96,2020-05,Durham Constabulary,Durham Constabulary,-1.334051,54.830594,On or near Dawdon Crescent,E01020742,County Durham 017C,Violence and sexual offences,Unable to prosecute suspect,
dd6966e01bb12115bab3e6cc364bde9b5c014dc36b190b99da40b795cf6aae1b,2020-05,Durham Constabulary,Durham Constabulary,-1.332277,54.830575,On or near Stavordale Street,E01020742,County Durham 017C,Violence and sexual offences,Unable to prosecute suspect,
d659172f8c20b9363fbc9f90d0434e2f51ce826daa7e8bc5bf466e020af126c4,2020-05,Durham Constabulary,Durham Constabulary,-1.331244,54.828062,On or near Londonderry Street,E01020742,County Durham 017C,Violence and sexual offences,Unable to prosecute suspect,
6b31ffed2a99f485d6d66f6e8fbbc75bfa182313945515bd8ed6e758c67a3c26,2020-05,Durham Constabulary,Durham Constabulary,-1.336358,54.829447,On or near Chaplin Street,E01020742,County Durham 017C,Violence and sexual offences,Further investigation is not in the public interest,
5fcd8ac323cdb892d12f610d880d8ab0ce7db3fade36ffedb79370cefbd3c8cc,2020-05,Durham Constabulary,Durham Constabulary,-1.336358,54.829447,On or near Chaplin Street,E01020742,County Durham 017C,Violence and sexual offences,Local resolution,
ceafc58c731868d455e5e5dc4b5b9e3da296ccfeb23e57d38d0db134a0ce7477,2020-05,Durham Constabulary,Durham Constabulary,-1.335828,54.828555,On or near Shrewsbury Street,E01020742,County Durham 017C,Violence and sexual offences,Unable to prosecute suspect,
,2020-05,Durham Constabulary,Durham Constabulary,-1.337764,54.840553,On or near Northdene Avenue,E01020782,County Durham 017D,Anti-social behaviour,,
,2020-05,Durham Constabulary,Durham Constabulary,-1.344802,54.840583,On or near Derwent Close,E01020782,County Durham 017D,Anti-social behaviour,,
,2020-05,Durham Constabulary,Durham Constabulary,-1.337764,54.840553,On or near Northdene Avenue,E01020782,County Durham 017D,Anti-social behaviour,,
,2020-05,Durham Constabulary,Durham Constabulary,-1.342633,54.840885,On or near Trinity Court,E01020782,County Durham 017D,Anti-social behaviour,,
,2020-05,Durham Constabulary,Durham Constabulary,-1.337764,54.840553,On or near Northdene Avenue,E01020782,County Durham 017D,Anti-social behaviour,,
,2020-05,Durham Constabulary,Durham Constabulary,-1.337764,54.840553,On or near Northdene Avenue,E01020782,County Durham 017D,Anti-social behaviour,,
,2020-05,Durham Constabulary,Durham Constabulary,-1.337764,54.840553,On or near Northdene Avenue,E01020782,County Durham 017D,Anti-social behaviour,,
,2020-05,Durham Constabulary,Durham Constabulary,-1.337764,54.840553,On or near Northdene Avenue,E01020782,County Durham 017D,Anti-social behaviour,,
,2020-05,Durham Constabulary,Durham Constabulary,-1.337764,54.840553,On or near Northdene Avenue,E01020782,County Durham 017D,Anti-social behaviour,,
,2020-05,Durham Constabulary,Durham Constabulary,-1.344802,54.840583,On or near Derwent Close,E01020782,County Durham 017D,Anti-social behaviour,,
c4a7c4df98930fbb5edda3578b68b4e53f8afbff2e24289dcfe62d97c93ae41d,2020-05,Durham Constabulary,Durham Constabulary,-1.340330,54.841709,On or near Merlin Close,E01020782,County Durham 017D,Criminal damage and arson,Investigation complete; no suspect identified,
24d9b5251ea7197fc89992d48f9205f5cc9c3e8172289ecb954e183b9a7e660c,2020-05,Durham Constabulary,Durham Constabulary,-1.344802,54.840583,On or near Derwent Close,E01020782,County Durham 017D,Public order,Further action is not in the public interest,
,2020-05,Durham Constabulary,Durham Constabulary,-1.353490,54.840647,On or near Oliver Street,E01020783,County Durham 017E,Anti-social behaviour,,
8b239c4c50b84dbca582649ce488eee5d7d1061f9f1ab9d06ce88da9fb6f2f67,2020-05,Durham Constabulary,Durham Constabulary,-1.353490,54.840647,On or near Oliver Street,E01020783,County Durham 017E,Criminal damage and arson,Further action is not in the public interest,
dbbbcb086d319de8f61c28f232293393a6b67552e0bf0ce30c2592d7c0c8c0bd,2020-05,Durham Constabulary,Durham Constabulary,-1.353490,54.840647,On or near Oliver Street,E01020783,County Durham 017E,Vehicle crime,Investigation complete; no suspect identified,
d895cc16ef3136988841161d8a724193dd4f5c3af6ed9ddc4688a07a7d342aa2,2020-05,Durham Constabulary,Durham Constabulary,-1.351370,54.841759,On or near Stockton Street,E01020783,County Durham 017E,Vehicle crime,Investigation complete; no suspect identified,
f9c39919238db3dcad31b296fcc36111b9769506ca6390aadd34ab4016dc34f4,2020-05,Durham Constabulary,Durham Constabulary,-1.352696,54.839609,On or near Clara Street,E01020783,County Durham 017E,Violence and sexual offences,Unable to prosecute suspect,
af214e045e435cf6076cc770b6fe3d59c4f1d3fe8defd6a9e1a24b33166296d4,2020-05,Durham Constabulary,Durham Constabulary,-1.355599,54.839229,On or near Cheviot Court,E01020783,County Durham 017E,Violence and sexual offences,Investigation complete; no suspect identified,
32d3765363c09361121212f238becece0d5379d7e06d4c254d852d43cb6ede82,2020-05,Durham Constabulary,Durham Constabulary,-1.352696,54.839609,On or near Clara Street,E01020783,County Durham 017E,Violence and sexual offences,Unable to prosecute suspect,
722de20b230dd39a73c8ac9ddc3506d1f28151a9276c3e2f5d220c9e48962309,2020-05,Durham Constabulary,Durham Constabulary,-1.353490,54.840647,On or near Oliver Street,E01020783,County Durham 017E,Other crime,Unable to prosecute suspect,
,2020-05,Durham Constabulary,Durham Constabulary,-1.333872,54.838636,On or near Back North Railway Street,E01020784,County Durham 017F,Anti-social behaviour,,
,2020-05,Durham Constabulary,Durham Constabulary,-1.335472,54.838896,On or near Henry Street,E01020784,County Durham 017F,Anti-social behaviour,,
,2020-05,Durham Constabulary,Durham Constabulary,-1.335472,54.838896,On or near Henry Street,E01020784,County Durham 017F,Anti-social behaviour,,
,2020-05,Durham Constabulary,Durham Constabulary,-1.335246,54.837475,On or near Adelaide Row,E01020784,County Durham 017F,Anti-social behaviour,,
,2020-05,Durham Constabulary,Durham Constabulary,-1.338609,54.836487,On or near Charles Street,E01020784,County Durham 017F,Anti-social behaviour,,
,2020-05,Durham Constabulary,Durham Constabulary,-1.332133,54.839300,On or near North Terrace,E01020784,County Durham 017F,Anti-social behaviour,,
,2020-05,Durham Constabulary,Durham Constabulary,-1.332133,54.839300,On or near North Terrace,E01020784,County Durham 017F,Anti-social behaviour,,
,2020-05,Durham Constabulary,Durham Constabulary,-1.333687,54.837619,On or near Wear Street,E01020784,County Durham 017F,Anti-social behaviour,,
,2020-05,Durham Constabulary,Durham Constabulary,-1.332133,54.839300,On or near North Terrace,E01020784,County Durham 017F,Anti-social behaviour,,
,2020-05,Durham Constabulary,Durham Constabulary,-1.332462,54.836355,On or near Shaw Street,E01020784,County Durham 017F,Anti-social behaviour,,
,2020-05,Durham Constabulary,Durham Constabulary,-1.335472,54.838896,On or near Henry Street,E01020784,County Durham 017F,Anti-social behaviour,,
d8d0f919ec7737d5b0dc614736040f6f04426e240f7d2e1231bc2b413ce559f1,2020-05,Durham Constabulary,Durham Constabulary,-1.331245,54.839322,On or near Parking Area,E01020784,County Durham 017F,Bicycle theft,Investigation complete; no suspect identified,
7b4e18e9114c3d28dac11005df59303bcbca1be1a63f7c2c376dff8e236c52c9,2020-05,Durham Constabulary,Durham Constabulary,-1.334568,54.835144,On or near Viceroy Street,E01020784,County Durham 017F,Criminal damage and arson,Investigation complete; no suspect identified,
557a94cf81e1ddfe5109fc8764224c67a66bd101da8eeb00cea1c2a7852141c4,2020-05,Durham Constabulary,Durham Constabulary,-1.333872,54.838636,On or near Back North Railway Street,E01020784,County Durham 017F,Criminal damage and arson,Investigation complete; no suspect identified,
88cc410e9ec72478d0f9ddcfef20e5d4080d2e5c95413c1312ea77e0567d4eb9,2020-05,Durham Constabulary,Durham Constabulary,-1.331730,54.840134,On or near Parking Area,E01020784,County Durham 017F,Public order,Further investigation is not in the public interest,
6d4e1644c91b2291df85e7f97ffb8222e831e4bf32267a1b0e8e78eb427adfa8,2020-05,Durham Constabulary,Durham Constabulary,-1.332571,54.834450,On or near Lord Street,E01020784,County Durham 017F,Public order,Unable to prosecute suspect,
d9cecdb18f07a1276e473e5f65b7e7cdaf574d7c980601a78c57846e1825bf96,2020-05,Durham Constabulary,Durham Constabulary,-1.333872,54.838636,On or near Back North Railway Street,E01020784,County Durham 017F,Public order,Unable to prosecute suspect,
542b82a8b720263a90abd05ddbdd5ea1fbd25ca9703fbc7ae4f15222a7d0dba3,2020-05,Durham Constabulary,Durham Constabulary,-1.331697,54.834607,On or near Linthorpe Road,E01020784,County Durham 017F,Shoplifting,Investigation complete; no suspect identified,
a986f4f9d85bfd766d52f86ceafbac2ed7ee7499c2f13e7de171c4b5eb586268,2020-05,Durham Constabulary,Durham Constabulary,-1.335472,54.838896,On or near Henry Street,E01020784,County Durham 017F,Shoplifting,Investigation complete; no suspect identified,
6b6afa025d3819ffdb0fa7c68a706e2bb920814caf40c9f832d56d95d7b76cad,2020-05,Durham Constabulary,Durham Constabulary,-1.331730,54.840134,On or near Parking Area,E01020784,County Durham 017F,Shoplifting,Investigation complete; no suspect identified,
761f467f44d6474c525a9bab2995c00ea2a22f5aa6b6d820b297d6c8fb3a47d0,2020-05,Durham Constabulary,Durham Constabulary,-1.333457,54.837366,On or near Back South Railway Street,E01020784,County Durham 017F,Shoplifting,Investigation complete; no suspect identified,
d9b9daf0b26c0ab936119c3aa81be94cf040fe36325558a947e16306202b7f2a,2020-05,Durham Constabulary,Durham Constabulary,-1.332316,54.836668,On or near Green Street,E01020784,County Durham 017F,Shoplifting,Investigation complete; no suspect identified,
339fbc0f47a679335b7bc1b1c4034fd8db0ab44a62a1befb6690a6a621369590,2020-05,Durham Constabulary,Durham Constabulary,-1.331697,54.834607,On or near Linthorpe Road,E01020784,County Durham 017F,Violence and sexual offences,Unable to prosecute suspect,
b533727032c08f54106e5640b61272146d1835c55175c4a7671960d8df0a47ab,2020-05,Durham Constabulary,Durham Constabulary,-1.332805,54.839133,On or near Back North Terrace,E01020784,County Durham 017F,Violence and sexual offences,Investigation complete; no suspect identified,
aa3b48bfee46014afff72b18fc74b2311b58872976bc6be78732637d81384da0,2020-05,Durham Constabulary,Durham Constabulary,-1.335689,54.842726,On or near North Road,E01020784,County Durham 017F,Violence and sexual offences,Investigation complete; no suspect identified,
37c313d6547e4655b12f9832db41a5ae70e864c0d599616e77c58827adb45da3,2020-05,Durham Constabulary,Durham Constabulary,-1.331730,54.840134,On or near Parking Area,E01020784,County Durham 017F,Violence and sexual offences,Unable to prosecute suspect,
0b79a2a6f819dcf6794105d64d66b1cfda5dc7f1ab62c87e872e72003d5b2c67,2020-05,Durham Constabulary,Durham Constabulary,-1.335689,54.842726,On or near North Road,E01020784,County Durham 017F,Violence and sexual offences,Unable to prosecute suspect,
aa0ddc71e59e7c84177239732c76804f63ae4c9f6c49b7ccb4f5781b002607c6,2020-05,Durham Constabulary,Durham Constabulary,-1.337925,54.838335,On or near Castlereagh Road,E01020784,County Durham 017F,Violence and sexual offences,Unable to prosecute suspect,
49e74e3ecd926c1a8c8df9c3e326d92695f2c9662bb4935e4b8e7761ae75e3d2,2020-05,Durham Constabulary,Durham Constabulary,-1.332571,54.834450,On or near Lord Street,E01020784,County Durham 017F,Violence and sexual offences,Unable to prosecute suspect,
a8053f3d1c9b35777cfa833754ac1470a194587799880a580314fa88782ecb0d,2020-05,Durham Constabulary,Durham Constabulary,-1.331730,54.840134,On or near Parking Area,E01020784,County Durham 017F,Violence and sexual offences,Unable to prosecute suspect,
60d00abe9543259f0db6793b32e1e04b1a53f80d7cf1a60f6b93d39de98797ba,2020-05,Durham Constabulary,Durham Constabulary,-1.335689,54.842726,On or near North Road,E01020784,County Durham 017F,Violence and sexual offences,Investigation complete; no suspect identified,
09c685dcbe08413909117216e0b4ae90b4d6e7a64d9931eeef715619abe94051,2020-05,Durham Constabulary,Durham Constabulary,-1.335472,54.838896,On or near Henry Street,E01020784,County Durham 017F,Violence and sexual offences,Unable to prosecute suspect,
d68d7d1275b416059e1684efd8493ae44e081e73210eba7bb426bf82aa0dac86,2020-05,Durham Constabulary,Durham Constabulary,-1.336470,54.838776,On or near Vane Terrace,E01020784,County Durham 017F,Violence and sexual offences,Unable to prosecute suspect,
84b2817ed70e68a687b9f7eb02f32a4c7ca40e831849b549bc68dc04fbd038d9,2020-05,Durham Constabulary,Durham Constabulary,-1.332316,54.836668,On or near Green Street,E01020784,County Durham 017F,Violence and sexual offences,Investigation complete; no suspect identified,
0d1c6ccfc7ae4efe7ed566f4d91b66b46e381a53fc9a3aeb2026a7876546be00,2020-05,Durham Constabulary,Durham Constabulary,-1.337925,54.838335,On or near Castlereagh Road,E01020784,County Durham 017F,Violence and sexual offences,Unable to prosecute suspect,
efc17d9d1e6b8a36f51c33ba76054951475fec8b8e11c5302f0bd81f9e85ac2d,2020-05,Durham Constabulary,Durham Constabulary,-1.332805,54.839133,On or near Back North Terrace,E01020784,County Durham 017F,Violence and sexual offences,Investigation complete; no suspect identified,
002606d8880eadfa84f76e07f320eff47835ce8c0b32a5588aec20f9a46d1739,2020-05,Durham Constabulary,Durham Constabulary,-1.334568,54.835144,On or near Viceroy Street,E01020784,County Durham 017F,Other crime,Unable to prosecute suspect,
5ae7231718b1cefad5769b070f7d59137a16e1cea6e85eec93350d499792b9ed,2020-05,Durham Constabulary,Durham Constabulary,-1.337925,54.838335,On or near Castlereagh Road,E01020784,County Durham 017F,Other crime,Unable to prosecute suspect,
,2020-05,Durham Constabulary,Durham Constabulary,-1.345250,54.825416,On or near Jasmine Crescent,E01020743,County Durham 018A,Anti-social behaviour,,
,2020-05,Durham Constabulary,Durham Constabulary,-1.345838,54.824655,On or near Laburnum Crescent,E01020743,County Durham 018A,Anti-social behaviour,,
,2020-05,Durham Constabulary,Durham Constabulary,-1.341186,54.827443,On or near Ash Crescent,E01020743,County Durham 018A,Anti-social behaviour,,
,2020-05,Durham Constabulary,Durham Constabulary,-1.341186,54.827443,On or near Ash Crescent,E01020743,County Durham 018A,Anti-social behaviour,,
,2020-05,Durham Constabulary,Durham Constabulary,-1.345250,54.825416,On or near Jasmine Crescent,E01020743,County Durham 018A,Anti-social behaviour,,
,2020-05,Durham Constabulary,Durham Constabulary,-1.345301,54.828022,On or near Alder Grove,E01020743,County Durham 018A,Anti-social behaviour,,
b3d9e2bc6cae7a64b77d477d4398ee13d3c5741af202cef6e35cac4d0c7f1a75,2020-05,Durham Constabulary,Durham Constabulary,-1.344901,54.824848,On or near Fern Crescent,E01020743,County Durham 018A,Drugs,Investigation complete; no suspect identified,
9582898992980541a13aeec8d195a708abbe5e9f416de2e001a7b5bb7b8489ce,2020-05,Durham Constabulary,Durham Constabulary,-1.341186,54.827443,On or near Ash Crescent,E01020743,County Durham 018A,Other theft,Unable to prosecute suspect,
ed721b04ff1e733b93950bbb1b0372481ea02aafb9d4a220318e35a19759ee9f,2020-05,Durham Constabulary,Durham Constabulary,-1.344019,54.828348,On or near Beech Crescent,E01020743,County Durham 018A,Theft from the person,Investigation complete; no suspect identified,
12ea842d9396a1fbd386a5bbf2e3bc686e625212891072e86e0e30b60e5ab9f8,2020-05,Durham Constabulary,Durham Constabulary,-1.341186,54.827443,On or near Ash Crescent,E01020743,County Durham 018A,Violence and sexual offences,Unable to prosecute suspect,
2d6eaa5af067d69e9cba3d48238a0ad2b516f9c24461d712e2e10dda91084b6f,2020-05,Durham Constabulary,Durham Constabulary,-1.345340,54.830431,On or near Redwood,E01020743,County Durham 018A,Violence and sexual offences,Unable to prosecute suspect,
48ff1734cfada00d386982c7ced94fd3061484ea38636746bbf511fea15b9c85,2020-05,Durham Constabulary,Durham Constabulary,-1.345024,54.826852,On or near Elmtree Court,E01020743,County Durham 018A,Violence and sexual offences,Unable to prosecute suspect,
1eabbcf7c65d76459bf8fa564f71f6c3d0a17cc5eaff4fcd2a3b1db86c93debd,2020-05,Durham Constabulary,Durham Constabulary,-1.341186,54.827443,On or near Ash Crescent,E01020743,County Durham 018A,Violence and sexual offences,Unable to prosecute suspect,
2811ff045e583811e4a5850dd79eb7ee11cb3d7e953b356c7dd75308f61ae7a7,2020-05,Durham Constabulary,Durham Constabulary,-1.345340,54.830431,On or near Redwood,E01020743,County Durham 018A,Violence and sexual offences,Unable to prosecute suspect,
,2020-05,Durham Constabulary,Durham Constabulary,-1.357552,54.834890,On or near The Avenue,E01020747,County Durham 018B,Anti-social behaviour,,
,2020-05,Durham Constabulary,Durham Constabulary,-1.355256,54.837286,On or near Sports/Recreation Area,E01020747,County Durham 018B,Anti-social behaviour,,
,2020-05,Durham Constabulary,Durham Constabulary,-1.355256,54.837286,On or near Sports/Recreation Area,E01020747,County Durham 018B,Anti-social behaviour,,
ec4cae73a36c472bd2a7f00fed7be18776b07681dcff57df0993d50f87944875,2020-05,Durham Constabulary,Durham Constabulary,-1.362169,54.834294,On or near Ryton Crescent,E01020747,County Durham 018B,Criminal damage and arson,Unable to prosecute suspect,
838c27a5527c351e05ce245661ad0bea2b1056d3458b332bb0df8cfc1823acad,2020-05,Durham Constabulary,Durham Constabulary,-1.356277,54.836708,On or near Portland Avenue,E01020747,County Durham 018B,Criminal damage and arson,Investigation complete; no suspect identified,
522ab351dbcab99d8a40a6ba761b319b8076790e0dbd5dbb2a5ebf47eabdfca7,2020-05,Durham Constabulary,Durham Constabulary,-1.362169,54.834294,On or near Ryton Crescent,E01020747,County Durham 018B,Criminal damage and arson,Court result unavailable,
8b29abb521be186858f4f4fc4a084835b9dcef40222bf304d870c322cf3079b4,2020-05,Durham Constabulary,Durham Constabulary,-1.362169,54.834294,On or near Ryton Crescent,E01020747,County Durham 018B,Drugs,Offender given a drugs possession warning,
1840c12b431e0c73a3b3d62759665c4fcc3ffd02c47d264b7c9a4f638d90c9d6,2020-05,Durham Constabulary,Durham Constabulary,-1.357552,54.834890,On or near The Avenue,E01020747,County Durham 018B,Public order,Unable to prosecute suspect,
390c740ed0d8d572c1df76779a2ee2b68c3aaa20941595cff0b0093710da06cd,2020-05,Durham Constabulary,Durham Constabulary,-1.357552,54.834890,On or near The Avenue,E01020747,County Durham 018B,Shoplifting,Investigation complete; no suspect identified,
580b475f8a0767d01309be25d284a5b4e23fd5417547f582cc2215af896ef2fd,2020-05,Durham Constabulary,Durham Constabulary,-1.357552,54.834890,On or near The Avenue,E01020747,County Durham 018B,Shoplifting,Investigation complete; no suspect identified,
71baf2da2a053f0040c0f1be4ffe14070793e04d58305637cf6f0389314ac0f3,2020-05,Durham Constabulary,Durham Constabulary,-1.359675,54.835468,On or near Queensbury Road,E01020747,County Durham 018B,Violence and sexual offences,Unable to prosecute suspect,
e78a80bdb0e10bf8a46089bccf5dce2f11bfea64b0727840a6d862229721faa9,2020-05,Durham Constabulary,Durham Constabulary,-1.359675,54.835468,On or near Queensbury Road,E01020747,County Durham 018B,Violence and sexual offences,Unable to prosecute suspect,
dcd0793181a0f0c57f991cdcf9301687f71457dbe2e1df0ae62b6b49ad3cb0d5,2020-05,Durham Constabulary,Durham Constabulary,-1.359675,54.835468,On or near Queensbury Road,E01020747,County Durham 018B,Violence and sexual offences,Unable to prosecute suspect,
7798643941b5bca59fd4796e2a00453537bdfa8392ea7027ff939aeb9bf1ac24,2020-05,Durham Constabulary,Durham Constabulary,-1.356277,54.836708,On or near Portland Avenue,E01020747,County Durham 018B,Violence and sexual offences,Unable to prosecute suspect,
b6ba6c3c5beb41b326823b60338f6c953f6769685b0fd44a0acaacecac8af518,2020-05,Durham Constabulary,Durham Constabulary,-1.362169,54.834294,On or near Ryton Crescent,E01020747,County Durham 018B,Violence and sexual offences,Unable to prosecute suspect,
24cffde721feba529c326f2ea33533b908606f451c47aedcf7b061c64760da12,2020-05,Durham Constabulary,Durham Constabulary,-1.359675,54.835468,On or near Queensbury Road,E01020747,County Durham 018B,Violence and sexual offences,Unable to prosecute suspect,
cd5c5b89f8d48709e0dda3077906005b074b55064aaf822f57eb4bf497fe8e69,2020-05,Durham Constabulary,Durham Constabulary,-1.359675,54.835468,On or near Queensbury Road,E01020747,County Durham 018B,Violence and sexual offences,Unable to prosecute suspect,
,2020-05,Durham Constabulary,Durham Constabulary,-1.364792,54.835809,On or near Everton Drive,E01020748,County Durham 018C,Anti-social behaviour,,
0756995128a86ccf84fe74e8480b957a1897a6a6bf86e67d1569329b55f746e0,2020-05,Durham Constabulary,Durham Constabulary,-1.362389,54.836156,On or near Eastlea Crescent,E01020748,County Durham 018C,Burglary,Investigation complete; no suspect identified,
6d28072d28c54c6c767e7da5c0e9a27a57991a69dcb047608aa8471ea8c20164,2020-05,Durham Constabulary,Durham Constabulary,-1.364629,54.834298,On or near Essex Crescent,E01020748,County Durham 018C,Criminal damage and arson,Unable to prosecute suspect,
0590ccd869cb44ddaccbad186c9f83bed6383363b75163c0e96d0ce3285fbf39,2020-05,Durham Constabulary,Durham Constabulary,-1.364629,54.834298,On or near Essex Crescent,E01020748,County Durham 018C,Criminal damage and arson,Unable to prosecute suspect,
2036a7268edb91d82fd4baa7ee3880aa89e676630fbeb8a1973972ae11bfb681,2020-05,Durham Constabulary,Durham Constabulary,-1.365759,54.835733,On or near Ellesmere Drive,E01020748,County Durham 018C,Other theft,Offender given a caution,
fbb9f1cdad832d1297d67f2b177e0132bae8148efb81781bced6ef1655abad42,2020-05,Durham Constabulary,Durham Constabulary,-1.364792,54.835809,On or near Everton Drive,E01020748,County Durham 018C,Public order,Investigation complete; no suspect identified,
,2020-05,Durham Constabulary,Durham Constabulary,-1.354085,54.838493,On or near Milton Close,E01020749,County Durham 018D,Anti-social behaviour,,
c62c7f424ec7535edbfd3c738a355c6511905260ab8e88706706ccee8a4813f7,2020-05,Durham Constabulary,Durham Constabulary,-1.351345,54.834561,On or near Laurel Avenue,E01020749,County Durham 018D,Public order,Investigation complete; no suspect identified,
4424e2bb7fcc1aad7361ce8f65d1812c4f3daa3d19c9d2c91ba2ebe44fb2c07f,2020-05,Durham Constabulary,Durham Constabulary,-1.348582,54.835993,On or near Pedestrian Subway,E01020749,County Durham 018D,Violence and sexual offences,Unable to prosecute suspect,
d36524726031e452eaf7c325fdcd8a658767660e86b2fd6c8d12bc35babc492a,2020-05,Durham Constabulary,Durham Constabulary,-1.351345,54.834561,On or near Laurel Avenue,E01020749,County Durham 018D,Violence and sexual offences,Unable to prosecute suspect,
8183ea819df227303c89b8ca1135a448aa2fbe5e461c9f199935dd17eeee15cf,2020-05,Durham Constabulary,Durham Constabulary,-1.355469,54.832731,On or near Hexham Avenue,E01020749,County Durham 018D,Violence and sexual offences,Unable to prosecute suspect,
,2020-05,Durham Constabulary,Durham Constabulary,-1.375794,54.822027,On or near Sea View Walk,E01020773,County Durham 018E,Anti-social behaviour,,
,2020-05,Durham Constabulary,Durham Constabulary,-1.367706,54.824690,On or near B1285,E01020773,County Durham 018E,Anti-social behaviour,,
,2020-05,Durham Constabulary,Durham Constabulary,-1.367706,54.824690,On or near B1285,E01020773,County Durham 018E,Anti-social behaviour,,
,2020-05,Durham Constabulary,Durham Constabulary,-1.383438,54.820853,On or near Treen Crescent,E01020773,County Durham 018E,Anti-social behaviour,,
,2020-05,Durham Constabulary,Durham Constabulary,-1.381057,54.820867,On or near Tregoney Avenue,E01020773,County Durham 018E,Anti-social behaviour,,
bca43425178d7d4313d0fe29a285609fc61d0619b14ed908e478b7019c3f94b9,2020-05,Durham Constabulary,Durham Constabulary,-1.382779,54.822260,On or near Truro Avenue,E01020773,County Durham 018E,Burglary,Investigation complete; no suspect identified,
9b9ef7bf691f3b3f0500ea92a467344d05335d34f8ed16029d65b1fc6596fbc3,2020-05,Durham Constabulary,Durham Constabulary,-1.384710,54.821138,On or near Penzance Bungs,E01020773,County Durham 018E,Burglary,Investigation complete; no suspect identified,
40897a0630193d0f0e08c45b0f4f379e031807be0c0234a9c414c3950ca2de41,2020-05,Durham Constabulary,Durham Constabulary,-1.367706,54.824690,On or near B1285,E01020773,County Durham 018E,Criminal damage and arson,Investigation complete; no suspect identified,
db5032ae3bfd73c4bc45ef0d5426fb652c88d9c19c5e478796fb3faea7aee9b1,2020-05,Durham Constabulary,Durham Constabulary,-1.379601,54.822451,On or near Bude Square,E01020773,County Durham 018E,Criminal damage and arson,Unable to prosecute suspect,
79e49155f6904a7f3a9cd20095683839c7268b3502695b2360e9dcc4c2324d0b,2020-05,Durham Constabulary,Durham Constabulary,-1.383438,54.820853,On or near Treen Crescent,E01020773,County Durham 018E,Criminal damage and arson,Local resolution,
e0df4053b37339d7800a6144b410ef7d5fcedd46f518ca1c50bb9292a2933037,2020-05,Durham Constabulary,Durham Constabulary,-1.386146,54.821882,On or near Mann Crescent,E01020773,County Durham 018E,Criminal damage and arson,Unable to prosecute suspect,
36c7e9237826e8a313198daf0a6c9e83f10bbede5506c9dcc982c290b76c96d7,2020-05,Durham Constabulary,Durham Constabulary,-1.386146,54.821882,On or near Mann Crescent,E01020773,County Durham 018E,Public order,Unable to prosecute suspect,
6f771b59ecc1fecfa4f5bff8d62ffb56835bc796b240f275ad03fbba2afbc8f8,2020-05,Durham Constabulary,Durham Constabulary,-1.367706,54.824690,On or near B1285,E01020773,County Durham 018E,Public order,Further action is not in the public interest,
2173889ded2dc260214d4835989193561e15aa2d33a457952c4ad77fee7e5388,2020-05,Durham Constabulary,Durham Constabulary,-1.367706,54.824690,On or near B1285,E01020773,County Durham 018E,Public order,Investigation complete; no suspect identified,
aef8a67b718cfb2bf3b13021383cdfed8f0ce76ef1bc4f9094ac50c2f9e2d295,2020-05,Durham Constabulary,Durham Constabulary,-1.366845,54.827004,On or near South View,E01020773,County Durham 018E,Violence and sexual offences,Status update unavailable,
5f313f1eaa67f75e31921097272ffa6acba81574f55fe7f4efacaed0381985aa,2020-05,Durham Constabulary,Durham Constabulary,-1.383438,54.820853,On or near Treen Crescent,E01020773,County Durham 018E,Violence and sexual offences,Unable to prosecute suspect,
db59a129d49de32e18f5f3eb6675543f6d8ba4843582556dded2473d63c73e35,2020-05,Durham Constabulary,Durham Constabulary,-1.367706,54.824690,On or near B1285,E01020773,County Durham 018E,Violence and sexual offences,Unable to prosecute suspect,
7c3977526ff1cffa13008aa4148994eb4fe6ee44aed731710720ef82c12b94ad,2020-05,Durham Constabulary,Durham Constabulary,-1.367706,54.824690,On or near B1285,E01020773,County Durham 018E,Other crime,Unable to prosecute suspect,
,2020-05,Durham Constabulary,Durham Constabulary,-1.394157,54.821104,On or near Bevan Square,E01020775,County Durham 018F,Anti-social behaviour,,
426ba227a6ae49ad874e118f596b67f41d4477754ad1a88df1249b1a93dd44ca,2020-05,Durham Constabulary,Durham Constabulary,-1.392424,54.820439,On or near Webb Avenue,E01020775,County Durham 018F,Criminal damage and arson,Investigation complete; no suspect identified,
eadea4e308eb878cd614eb2e7100d3c8070a02867185d9a00d79c7825571d1c6,2020-05,Durham Constabulary,Durham Constabulary,-1.390483,54.819118,On or near Barnes Road,E01020775,County Durham 018F,Criminal damage and arson,Unable to prosecute suspect,
a05d0aa866d88f1fe1478f6ec848aeee3b7ca04497e13530c5e82a916b627734,2020-05,Durham Constabulary,Durham Constabulary,-1.394966,54.820102,On or near Shinwell Terrace,E01020775,County Durham 018F,Criminal damage and arson,Unable to prosecute suspect,
f1abe31e0f4389ac3b0f08b7fe9876388e20910a71cdf2d50da2de7d4a9c4e83,2020-05,Durham Constabulary,Durham Constabulary,-1.390483,54.819118,On or near Barnes Road,E01020775,County Durham 018F,Criminal damage and arson,Unable to prosecute suspect,
3b92c71612785288b0fd441004b46f90a8ea3738f47f4d07f481d4dee5d25f87,2020-05,Durham Constabulary,Durham Constabulary,-1.394966,54.820102,On or near Shinwell Terrace,E01020775,County Durham 018F,Criminal damage and arson,Unable to prosecute suspect,
85fa8032d7370793f8049c49ce383e81e415f974b9b635e1e0c02ea4c2d22db5,2020-05,Durham Constabulary,Durham Constabulary,-1.394966,54.820102,On or near Shinwell Terrace,E01020775,County Durham 018F,Criminal damage and arson,Investigation complete; no suspect identified,
431e9b104783f2d4e0ccbb46cf85749c4da6a3e84424f7f1b4bd876495b5765a,2020-05,Durham Constabulary,Durham Constabulary,-1.400124,54.820729,On or near Stephens Road,E01020775,County Durham 018F,Criminal damage and arson,Investigation complete; no suspect identified,
a3b23a34c751ce3a7d374636cbe515ec1dbe847ef7ae9254f8c4dae67d4fd04b,2020-05,Durham Constabulary,Durham Constabulary,-1.397136,54.818594,On or near Wellfield Court,E01020775,County Durham 018F,Other theft,Investigation complete; no suspect identified,
2f7ee58655f31ae1daa25a3a75a2de7a4da66d9fd87ecdfdebd559bf78e4d49a,2020-05,Durham Constabulary,Durham Constabulary,-1.397136,54.818594,On or near Wellfield Court,E01020775,County Durham 018F,Violence and sexual offences,Unable to prosecute suspect,
210003b691f95356875c1b0eae32c60fc60c6e35cd5fa3762fa20e147909b71f,2020-05,Durham Constabulary,Durham Constabulary,-1.397024,54.819887,On or near Wetherburn Avenue,E01020775,County Durham 018F,Violence and sexual offences,Unable to prosecute suspect,
d325bc82662d5f858573a5430190bf7ac0f2e8382306ffbc58fb56265104f7a4,2020-05,Durham Constabulary,Durham Constabulary,-1.397024,54.819887,On or near Wetherburn Avenue,E01020775,County Durham 018F,Violence and sexual offences,Unable to prosecute suspect,
a3034700897eebddeec41d49b78f7d996164ee866d4e27ade1b572b5d207a115,2020-05,Durham Constabulary,Durham Constabulary,-1.394966,54.820102,On or near Shinwell Terrace,E01020775,County Durham 018F,Violence and sexual offences,Unable to prosecute suspect,
,2020-05,Durham Constabulary,Durham Constabulary,-1.630974,54.835786,On or near Jubilee Close,E01020604,County Durham 019A,Anti-social behaviour,,
,2020-05,Durham Constabulary,Durham Constabulary,-1.592132,54.837091,On or near The Crescent,E01020604,County Durham 019A,Anti-social behaviour,,
,2020-05,Durham Constabulary,Durham Constabulary,-1.590739,54.842424,On or near Bewick Close,E01020604,County Durham 019A,Anti-social behaviour,,
,2020-05,Durham Constabulary,Durham Constabulary,-1.609007,54.845387,On or near Olive Street,E01020604,County Durham 019A,Anti-social behaviour,,
,2020-05,Durham Constabulary,Durham Constabulary,-1.630974,54.835786,On or near Jubilee Close,E01020604,County Durham 019A,Anti-social behaviour,,
0711caf56efb1a10ece84f1cf3da820e80a0e4d6e0433491389c534cc7b1dfe7,2020-05,Durham Constabulary,Durham Constabulary,-1.586804,54.835877,On or near Sports/Recreation Area,E01020604,County Durham 019A,Burglary,Investigation complete; no suspect identified,
036cd7d4060cad65c67a91c16a648030751ce6678f99019c4771b586deabb4e4,2020-05,Durham Constabulary,Durham Constabulary,-1.582313,54.839645,On or near The Dene,E01020604,County Durham 019A,Criminal damage and arson,Investigation complete; no suspect identified,
53887eb4a9d3122f9ce2c1b04242bf048f59426b3c89af4b28c8956f341f0b2a,2020-05,Durham Constabulary,Durham Constabulary,-1.632905,54.835747,On or near Stobart Street,E01020604,County Durham 019A,Public order,Unable to prosecute suspect,
b0486b59a73557c9d2807dd9fda662e3c0d4d306f932275b49994b859941ea39,2020-05,Durham Constabulary,Durham Constabulary,-1.633635,54.835992,On or near Tyzack Street,E01020604,County Durham 019A,Public order,Investigation complete; no suspect identified,
73de31f07f0ab432aa68ffbe5229f09d0b2c6d992b97f4882392ff98aab43df1,2020-05,Durham Constabulary,Durham Constabulary,-1.630974,54.835786,On or near Jubilee Close,E01020604,County Durham 019A,Public order,Unable to prosecute suspect,
f3c1cc217ee2f27444db4d9d7e7bd013d4c4bf7e205271a564aaf37c5359b65d,2020-05,Durham Constabulary,Durham Constabulary,-1.633635,54.835992,On or near Tyzack Street,E01020604,County Durham 019A,Public order,Unable to prosecute suspect,
9d48e92351170d9fea1d0fed0e139a9f9d8768063562d8a2384947a77eac1c89,2020-05,Durham Constabulary,Durham Constabulary,-1.633635,54.835992,On or near Tyzack Street,E01020604,County Durham 019A,Public order,Unable to prosecute suspect,
2c6316b2b97019ca1fc776ef0ef7628ace6275137a188e34e7a7128e5484618e,2020-05,Durham Constabulary,Durham Constabulary,-1.633635,54.835992,On or near Tyzack Street,E01020604,County Durham 019A,Violence and sexual offences,Unable to prosecute suspect,
62507703feb4f0ad4f6a751622d30a75a89840d773ae9593aaa524b5e7a800dc,2020-05,Durham Constabulary,Durham Constabulary,-1.606887,54.842459,On or near Waldridge Lane,E01020604,County Durham 019A,Violence and sexual offences,Further investigation is not in the public interest,
86210f110aa06aa44c6bf2951ca3f3ffebba2483284273476a4f721ca0689729,2020-05,Durham Constabulary,Durham Constabulary,-1.633635,54.835992,On or near Tyzack Street,E01020604,County Durham 019A,Violence and sexual offences,Unable to prosecute suspect,
432e5abbd537b6272ed79530d13ea861ce999026ebedf4bd9b64812fd43b4fb6,2020-05,Durham Constabulary,Durham Constabulary,-1.608337,54.845447,On or near Cedar Street,E01020604,County Durham 019A,Violence and sexual offences,Unable to prosecute suspect,
43625eb6671c419253ff0b828fbb5d0ed357da2ee070cbec7782377a925cc7d9,2020-05,Durham Constabulary,Durham Constabulary,-1.633635,54.835992,On or near Tyzack Street,E01020604,County Durham 019A,Violence and sexual offences,Unable to prosecute suspect,
be0781fd7274e4a3921a8ac14a3ebee94bfcdb005b324b86aee8620a4c45205f,2020-05,Durham Constabulary,Durham Constabulary,-1.633635,54.835992,On or near Tyzack Street,E01020604,County Durham 019A,Violence and sexual offences,Unable to prosecute suspect,
b2323ed23b97dc424ca1ad5e930b047405a697c33deba4a8594e6bff3fbcd722,2020-05,Durham Constabulary,Durham Constabulary,-1.655369,54.845087,On or near Humbleburn Lane,E01020604,County Durham 019A,Other crime,Further investigation is not in the public interest,
,2020-05,Durham Constabulary,Durham Constabulary,-1.596528,54.820965,On or near Church View,E01020607,County Durham 019B,Anti-social behaviour,,
,2020-05,Durham Constabulary,Durham Constabulary,-1.582627,54.822770,On or near Mill Lane,E01020607,County Durham 019B,Anti-social behaviour,,
,2020-05,Durham Constabulary,Durham Constabulary,-1.593639,54.826590,On or near Darley Court,E01020607,County Durham 019B,Anti-social behaviour,,
,2020-05,Durham Constabulary,Durham Constabulary,-1.600735,54.823639,On or near Park View,E01020607,County Durham 019B,Anti-social behaviour,,
,2020-05,Durham Constabulary,Durham Constabulary,-1.593639,54.826590,On or near Darley Court,E01020607,County Durham 019B,Anti-social behaviour,,
,2020-05,Durham Constabulary,Durham Constabulary,-1.593639,54.826590,On or near Darley Court,E01020607,County Durham 019B,Anti-social behaviour,,
,2020-05,Durham Constabulary,Durham Constabulary,-1.602249,54.823222,On or near Hillmeads,E01020607,County Durham 019B,Anti-social behaviour,,
,2020-05,Durham Constabulary,Durham Constabulary,-1.582627,54.822770,On or near Mill Lane,E01020607,County Durham 019B,Anti-social behaviour,,
,2020-05,Durham Constabulary,Durham Constabulary,-1.596528,54.820965,On or near Church View,E01020607,County Durham 019B,Anti-social behaviour,,
,2020-05,Durham Constabulary,Durham Constabulary,-1.582627,54.822770,On or near Mill Lane,E01020607,County Durham 019B,Anti-social behaviour,,
,2020-05,Durham Constabulary,Durham Constabulary,-1.593639,54.826590,On or near Darley Court,E01020607,County Durham 019B,Anti-social behaviour,,
,2020-05,Durham Constabulary,Durham Constabulary,-1.593880,54.825818,On or near A167,E01020607,County Durham 019B,Anti-social behaviour,,
b1e92593a24b84d2767b6ae4ebccab52cdcf33ef05b91374b559cfae55b36208,2020-05,Durham Constabulary,Durham Constabulary,-1.593639,54.826590,On or near Darley Court,E01020607,County Durham 019B,Burglary,Unable to prosecute suspect,
f3f9b6078f3a9de30cc51a4ed429776b544c0191b5065dffc36f3ec8477b35e2,2020-05,Durham Constabulary,Durham Constabulary,-1.593639,54.826590,On or near Darley Court,E01020607,County Durham 019B,Criminal damage and arson,Court result unavailable,
a7c64acadf153bb8c34e69f4ad0323a331a5723721031ebf1fb4fad842f0166c,2020-05,Durham Constabulary,Durham Constabulary,-1.593639,54.826590,On or near Darley Court,E01020607,County Durham 019B,Criminal damage and arson,Offender given a caution,
64a1bcfa7425dfd96340f3666213307e0b3b8dd55575d146e9481bfdb227aa85,2020-05,Durham Constabulary,Durham Constabulary,-1.593639,54.826590,On or near Darley Court,E01020607,County Durham 019B,Drugs,Offender given a caution,
4667f9ddf7e452c3302daaab1e19ec8620494f17f6ef3503d737744727b3580e,2020-05,Durham Constabulary,Durham Constabulary,-1.593639,54.826590,On or near Darley Court,E01020607,County Durham 019B,Other theft,Investigation complete; no suspect identified,
14208b59760e61448172a07992e79e0faabd6291cdd639b50f79e1676fea3fe1,2020-05,Durham Constabulary,Durham Constabulary,-1.593639,54.826590,On or near Darley Court,E01020607,County Durham 019B,Public order,Unable to prosecute suspect,
f8c48253ddd70a0ebbc2e68cf71e3851b437e6a90b62ba28ac946d34f1e1c071,2020-05,Durham Constabulary,Durham Constabulary,-1.597035,54.818532,On or near Sports/Recreation Area,E01020607,County Durham 019B,Public order,Unable to prosecute suspect,
c571d50898024326210632efaf52252235c82978df61c0606e079f6b92a1f80f,2020-05,Durham Constabulary,Durham Constabulary,-1.593639,54.826590,On or near Darley Court,E01020607,County Durham 019B,Public order,Unable to prosecute suspect,
1a3470b5a6694c6d0f7722f84ef6e8194d713fbf20723459ffec14e963cf7efe,2020-05,Durham Constabulary,Durham Constabulary,-1.593639,54.826590,On or near Darley Court,E01020607,County Durham 019B,Public order,Unable to prosecute suspect,
54789d51b0bb7e37b3640349cf206a4001e870191c16148a9206ac5f8573ec4c,2020-05,Durham Constabulary,Durham Constabulary,-1.603112,54.825678,On or near Sports/Recreation Area,E01020607,County Durham 019B,Public order,Further investigation is not in the public interest,
f0c756a6946a390c62685354b07270901b6cb9ff6bd6f8bd41280e95eb6aa9e0,2020-05,Durham Constabulary,Durham Constabulary,-1.593639,54.826590,On or near Darley Court,E01020607,County Durham 019B,Theft from the person,Investigation complete; no suspect identified,
7fa0ad3163a03560251888b679344955b55647aeb273273946a73b1d0181d8fa,2020-05,Durham Constabulary,Durham Constabulary,-1.593639,54.826590,On or near Darley Court,E01020607,County Durham 019B,Violence and sexual offences,Unable to prosecute suspect,
fc6d584895a33fcae6fc2a4bdb71603d1092c946057029a2439165154bc875af,2020-05,Durham Constabulary,Durham Constabulary,-1.628004,54.826925,On or near Daleside,E01020607,County Durham 019B,Violence and sexual offences,Court result unavailable,
4502b8f3e5c84bdf25e68a0337510f8ada25d9ac82156f7fbb88180187c2e2c6,2020-05,Durham Constabulary,Durham Constabulary,-1.604855,54.824084,On or near B6312,E01020607,County Durham 019B,Violence and sexual offences,Unable to prosecute suspect,
5560aeae2fdf0345eb7e79c817aac837c4e61fa0ca752527170fc1ae7f241a6d,2020-05,Durham Constabulary,Durham Constabulary,-1.593639,54.826590,On or near Darley Court,E01020607,County Durham 019B,Violence and sexual offences,Unable to prosecute suspect,
27a80e693e0b391b3075feda8bc387e05947d79f8ea93ffce9265d9ce2a4fc74,2020-05,Durham Constabulary,Durham Constabulary,-1.593639,54.826590,On or near Darley Court,E01020607,County Durham 019B,Violence and sexual offences,Unable to prosecute suspect,
4b40135eef47f38be9cda9868ff0bc067f8c06ceca8914143eb35b7e44798dcf,2020-05,Durham Constabulary,Durham Constabulary,-1.628004,54.826925,On or near Daleside,E01020607,County Durham 019B,Violence and sexual offences,Unable to prosecute suspect,
ff1bfe35a682c27cf4ad8f8de3a6524c2c503a2ca5ba4c85204510d680d1a923,2020-05,Durham Constabulary,Durham Constabulary,-1.628004,54.826925,On or near Daleside,E01020607,County Durham 019B,Violence and sexual offences,Unable to prosecute suspect,
96db83063905b4d8c0f2565f13cc38a46446609643abe56ca72fcfcbee7f3dc8,2020-05,Durham Constabulary,Durham Constabulary,-1.628004,54.826925,On or near Daleside,E01020607,County Durham 019B,Violence and sexual offences,Court result unavailable,
3dcea1b98cc954cf77bd60ebbf8855988127f3711d44611135b5941cbf84f163,2020-05,Durham Constabulary,Durham Constabulary,-1.598217,54.821672,On or near Hawthorn Close,E01020607,County Durham 019B,Violence and sexual offences,Unable to prosecute suspect,
e3231c956cedc3e0df23a4f70c201665741ad7f0a3aaceac92f4aeac7ffc317f,2020-05,Durham Constabulary,Durham Constabulary,-1.602249,54.823222,On or near Hillmeads,E01020607,County Durham 019B,Violence and sexual offences,Unable to prosecute suspect,
3b9b227eb6e3d7c67f807ba2b8c39918c8bcc64766905a7bb4c6ba5f871f5a76,2020-05,Durham Constabulary,Durham Constabulary,-1.602249,54.823222,On or near Hillmeads,E01020607,County Durham 019B,Violence and sexual offences,Unable to prosecute suspect,
ace29686279660950c571585df775d9eb77408c7227764c1803e0a2489f57f95,2020-05,Durham Constabulary,Durham Constabulary,-1.598217,54.821672,On or near Hawthorn Close,E01020607,County Durham 019B,Violence and sexual offences,Unable to prosecute suspect,
0714019b820427e4074941cb622db2d21e3102d5ffc336faf4bc103ee510aa2f,2020-05,Durham Constabulary,Durham Constabulary,-1.593639,54.826590,On or near Darley Court,E01020607,County Durham 019B,Violence and sexual offences,Unable to prosecute suspect,
5c5838c76e30450ea78441bcf51d7a5f11f008bc69d5507da991931fff3ad5b7,2020-05,Durham Constabulary,Durham Constabulary,-1.593639,54.826590,On or near Darley Court,E01020607,County Durham 019B,Violence and sexual offences,Investigation complete; no suspect identified,
a55cd926e486f5f7891727d808566f397dbbfe40d64bc691ffc999f537aeca91,2020-05,Durham Constabulary,Durham Constabulary,-1.593639,54.826590,On or near Darley Court,E01020607,County Durham 019B,Other crime,Unable to prosecute suspect,
,2020-05,Durham Constabulary,Durham Constabulary,-1.631170,54.816043,On or near Valley View,E01020619,County Durham 019C,Anti-social behaviour,,
,2020-05,Durham Constabulary,Durham Constabulary,-1.633670,54.821784,On or near Derwent Close,E01020619,County Durham 019C,Anti-social behaviour,,
,2020-05,Durham Constabulary,Durham Constabulary,-1.631170,54.816043,On or near Valley View,E01020619,County Durham 019C,Anti-social behaviour,,
,2020-05,Durham Constabulary,Durham Constabulary,-1.629835,54.815689,On or near Witton Road,E01020619,County Durham 019C,Anti-social behaviour,,
,2020-05,Durham Constabulary,Durham Constabulary,-1.631170,54.816043,On or near Valley View,E01020619,County Durham 019C,Anti-social behaviour,,
,2020-05,Durham Constabulary,Durham Constabulary,-1.631170,54.816043,On or near Valley View,E01020619,County Durham 019C,Anti-social behaviour,,
,2020-05,Durham Constabulary,Durham Constabulary,-1.631170,54.816043,On or near Valley View,E01020619,County Durham 019C,Anti-social behaviour,,
,2020-05,Durham Constabulary,Durham Constabulary,-1.626752,54.817566,On or near Supermarket,E01020619,County Durham 019C,Anti-social behaviour,,
,2020-05,Durham Constabulary,Durham Constabulary,-1.626952,54.817747,On or near Parking Area,E01020619,County Durham 019C,Anti-social behaviour,,
,2020-05,Durham Constabulary,Durham Constabulary,-1.631170,54.816043,On or near Valley View,E01020619,County Durham 019C,Anti-social behaviour,,
,2020-05,Durham Constabulary,Durham Constabulary,-1.632270,54.821717,On or near Coniston Drive,E01020619,County Durham 019C,Anti-social behaviour,,
,2020-05,Durham Constabulary,Durham Constabulary,-1.629835,54.815689,On or near Witton Road,E01020619,County Durham 019C,Anti-social behaviour,,
e625cd1929d52d1ff4e2a3370086f79bb4bbee779bf99f80e69c25630a65c95e,2020-05,Durham Constabulary,Durham Constabulary,-1.631767,54.822210,On or near Sports/Recreation Area,E01020619,County Durham 019C,Criminal damage and arson,Local resolution,
47a0a17144acdf134025d8bd046c11f39b84b2783371915686d10b4646ff377c,2020-05,Durham Constabulary,Durham Constabulary,-1.631170,54.816043,On or near Valley View,E01020619,County Durham 019C,Criminal damage and arson,Investigation complete; no suspect identified,
f572d94dbd6ac44d75f26f4812de4a54f9d15a3c8f62fffe963b7057972248db,2020-05,Durham Constabulary,Durham Constabulary,-1.624912,54.816294,On or near Durham Road,E01020619,County Durham 019C,Public order,Unable to prosecute suspect,
a739b863e0621666693ce8f43a286b88966ff9c682709fd9e34fccb545275546,2020-05,Durham Constabulary,Durham Constabulary,-1.626752,54.817566,On or near Supermarket,E01020619,County Durham 019C,Violence and sexual offences,Court result unavailable,
487e926507e18861aaf6a28724593544e74c939c8e64c324f88bc2435fee9ea4,2020-05,Durham Constabulary,Durham Constabulary,-1.631170,54.816043,On or near Valley View,E01020619,County Durham 019C,Violence and sexual offences,Unable to prosecute suspect,
604cc45ad1a31ebc46be95a856ed9d331d753ff8f16c2972b2041b173a5d4493,2020-05,Durham Constabulary,Durham Constabulary,-1.631170,54.816043,On or near Valley View,E01020619,County Durham 019C,Violence and sexual offences,Investigation complete; no suspect identified,
ed4c4879ec9617cf3cf1c4aa0ea3b9388a30b66be6762b7c5f6dffb38d1bb6b5,2020-05,Durham Constabulary,Durham Constabulary,-1.624113,54.816785,On or near Fynway,E01020619,County Durham 019C,Violence and sexual offences,Unable to prosecute suspect,
1546ed6ec43f3dd8fd8d9ef83bfb3caab4e0949dd5e575b2e634ff7532a1cc26,2020-05,Durham Constabulary,Durham Constabulary,-1.629835,54.815689,On or near Witton Road,E01020619,County Durham 019C,Violence and sexual offences,Court result unavailable,
60b840b9df3070eec40e01194c656aaef5be696e15439d2ec1cbf220f5dc9a0b,2020-05,Durham Constabulary,Durham Constabulary,-1.629835,54.815689,On or near Witton Road,E01020619,County Durham 019C,Violence and sexual offences,Unable to prosecute suspect,
,2020-05,Durham Constabulary,Durham Constabulary,-1.632649,54.819355,On or near Hexham Court,E01020620,County Durham 019D,Anti-social behaviour,,
,2020-05,Durham Constabulary,Durham Constabulary,-1.627777,54.817758,On or near Iveson Street,E01020620,County Durham 019D,Anti-social behaviour,,
,2020-05,Durham Constabulary,Durham Constabulary,-1.627386,54.819644,On or near Victoria Street,E01020620,County Durham 019D,Anti-social behaviour,,
,2020-05,Durham Constabulary,Durham Constabulary,-1.627386,54.819644,On or near Victoria Street,E01020620,County Durham 019D,Anti-social behaviour,,
,2020-05,Durham Constabulary,Durham Constabulary,-1.627386,54.819644,On or near Victoria Street,E01020620,County Durham 019D,Anti-social behaviour,,
,2020-05,Durham Constabulary,Durham Constabulary,-1.627386,54.819644,On or near Victoria Street,E01020620,County Durham 019D,Anti-social behaviour,,
,2020-05,Durham Constabulary,Durham Constabulary,-1.627777,54.817758,On or near Iveson Street,E01020620,County Durham 019D,Anti-social behaviour,,
83f5b033ef2c6ca8f9555c014430ccebacd6df76b2c5cc9eb2660e8e60ac47be,2020-05,Durham Constabulary,Durham Constabulary,-1.627777,54.817758,On or near Iveson Street,E01020620,County Durham 019D,Criminal damage and arson,Unable to prosecute suspect,
edb995743132761c42704d7607e531575b983bdb8ef1cf876cf2e0e4a90b7bee,2020-05,Durham Constabulary,Durham Constabulary,-1.632585,54.822958,On or near Charlaw Close,E01020620,County Durham 019D,Criminal damage and arson,Investigation complete; no suspect identified,
7030022622347feebb627b1ade2bc55e4db04b74adf192361530c8606e8e01cc,2020-05,Durham Constabulary,Durham Constabulary,-1.627777,54.817758,On or near Iveson Street,E01020620,County Durham 019D,Criminal damage and arson,Offender given a caution,
86828269829b5e0e5093053e088fdf668cacf98d0e0a2e4bcfcc8dc10911ced9,2020-05,Durham Constabulary,Durham Constabulary,-1.630150,54.825404,On or near Edgewood Court,E01020620,County Durham 019D,Drugs,Offender given a caution,
03610ed4c8d34155d21dec26f29270d01e0136e6c3b0268af1b9619e62cccdda,2020-05,Durham Constabulary,Durham Constabulary,-1.631487,54.818731,On or near Sports/Recreation Area,E01020620,County Durham 019D,Other theft,Unable to prosecute suspect,
8937ef81e05426663c3e253f215471e031c4699af23ccd00e77c2cf326f9920d,2020-05,Durham Constabulary,Durham Constabulary,-1.627386,54.819644,On or near Victoria Street,E01020620,County Durham 019D,Possession of weapons,Unable to prosecute suspect,
24eccb386e084295f4cf4739f7193282f4b29fb9dfb2e5719acfaf0961254d20,2020-05,Durham Constabulary,Durham Constabulary,-1.623826,54.824252,On or near Cross Lane,E01020620,County Durham 019D,Public order,Investigation complete; no suspect identified,
37b549adb0d02e3e603e8a30346ef2b79e54c7017b903d5a1ee540e4e724a560,2020-05,Durham Constabulary,Durham Constabulary,-1.632650,54.822680,On or near Acorn Close,E01020620,County Durham 019D,Public order,Unable to prosecute suspect,
6fda93353ac5db33a2f8aeb66cef762c1a71afab0e8aca2038368c55f8275424,2020-05,Durham Constabulary,Durham Constabulary,-1.632650,54.822680,On or near Acorn Close,E01020620,County Durham 019D,Robbery,Unable to prosecute suspect,
922af85a0f2a893226db160134329d533a7b31d8e4e904c36df7772c2fd5b34a,2020-05,Durham Constabulary,Durham Constabulary,-1.632585,54.822958,On or near Charlaw Close,E01020620,County Durham 019D,Violence and sexual offences,Unable to prosecute suspect,
047a4156a41690fb7fed4fde8626218b24bd09deb48a568854cba714d38f6639,2020-05,Durham Constabulary,Durham Constabulary,-1.632585,54.822958,On or near Charlaw Close,E01020620,County Durham 019D,Violence and sexual offences,Action to be taken by another organisation,
2c677f9ab7958840a881153eb57b9b06aa086f894f967c583e7c6abe01a1adcf,2020-05,Durham Constabulary,Durham Constabulary,-1.627777,54.817758,On or near Iveson Street,E01020620,County Durham 019D,Violence and sexual offences,Unable to prosecute suspect,
3b94e52282fe236bb229acc6e82f7cfddf7c8c83817f7043262c3310d92ac5cd,2020-05,Durham Constabulary,Durham Constabulary,-1.627777,54.817758,On or near Iveson Street,E01020620,County Durham 019D,Violence and sexual offences,Unable to prosecute suspect,
de7959bfd6aaeebb3c1fb030d8662f60a9788b3ae276f789b42cbc466ba589a2,2020-05,Durham Constabulary,Durham Constabulary,-1.632585,54.822958,On or near Charlaw Close,E01020620,County Durham 019D,Violence and sexual offences,Action to be taken by another organisation,
5203628cee6cb95d98d6882e01eb09983c8f696d98faeda3092b1969c3230cfc,2020-05,Durham Constabulary,Durham Constabulary,-1.631487,54.818731,On or near Sports/Recreation Area,E01020620,County Durham 019D,Other crime,Unable to prosecute suspect,
,2020-05,Durham Constabulary,Durham Constabulary,-1.618167,54.818654,On or near Lavender Gardens,E01020621,County Durham 019E,Anti-social behaviour,,
,2020-05,Durham Constabulary,Durham Constabulary,-1.620011,54.817815,On or near Viola Crescent,E01020621,County Durham 019E,Anti-social behaviour,,
,2020-05,Durham Constabulary,Durham Constabulary,-1.620011,54.817815,On or near Viola Crescent,E01020621,County Durham 019E,Anti-social behaviour,,
,2020-05,Durham Constabulary,Durham Constabulary,-1.620011,54.817815,On or near Viola Crescent,E01020621,County Durham 019E,Anti-social behaviour,,
,2020-05,Durham Constabulary,Durham Constabulary,-1.620011,54.817815,On or near Viola Crescent,E01020621,County Durham 019E,Anti-social behaviour,,
,2020-05,Durham Constabulary,Durham Constabulary,-1.619314,54.815773,On or near Penshaw View,E01020621,County Durham 019E,Anti-social behaviour,,
,2020-05,Durham Constabulary,Durham Constabulary,-1.620011,54.817815,On or near Viola Crescent,E01020621,County Durham 019E,Anti-social behaviour,,
,2020-05,Durham Constabulary,Durham Constabulary,-1.620011,54.817815,On or near Viola Crescent,E01020621,County Durham 019E,Anti-social behaviour,,
,2020-05,Durham Constabulary,Durham Constabulary,-1.621273,54.817702,On or near Lilac Avenue,E01020621,County Durham 019E,Anti-social behaviour,,
,2020-05,Durham Constabulary,Durham Constabulary,-1.625558,54.820402,On or near Gregson Street,E01020621,County Durham 019E,Anti-social behaviour,,
,2020-05,Durham Constabulary,Durham Constabulary,-1.621040,54.820990,On or near Springside,E01020621,County Durham 019E,Anti-social behaviour,,
,2020-05,Durham Constabulary,Durham Constabulary,-1.618167,54.818654,On or near Lavender Gardens,E01020621,County Durham 019E,Anti-social behaviour,,
,2020-05,Durham Constabulary,Durham Constabulary,-1.617658,54.821447,On or near B6312,E01020621,County Durham 019E,Anti-social behaviour,,
,2020-05,Durham Constabulary,Durham Constabulary,-1.620011,54.817815,On or near Viola Crescent,E01020621,County Durham 019E,Anti-social behaviour,,
90c050da6ca0c08ddc5ec794eb2e7e43ef6a413a260d72719c66668414504574,2020-05,Durham Constabulary,Durham Constabulary,-1.621273,54.817702,On or near Lilac Avenue,E01020621,County Durham 019E,Criminal damage and arson,Investigation complete; no suspect identified,
550b0d511036fd1474537f53f668d60fd4e33d7c150e726a83e74f6163205e6c,2020-05,Durham Constabulary,Durham Constabulary,-1.625558,54.820402,On or near Gregson Street,E01020621,County Durham 019E,Drugs,Further investigation is not in the public interest,
0e05cac3445e37e25e06fc081f7f058e27852934727264be7e8d0a39f47ead75,2020-05,Durham Constabulary,Durham Constabulary,-1.624151,54.821171,On or near Witton Avenue,E01020621,County Durham 019E,Possession of weapons,Further investigation is not in the public interest,
1a513e3012903185d9a517c2bea7116ece4b989767310d7fab56be418f05deda,2020-05,Durham Constabulary,Durham Constabulary,-1.622697,54.820205,On or near Rosewood Close,E01020621,County Durham 019E,Public order,Unable to prosecute suspect,
c48cdfe190363c50734b1642b4623e9e6b40f40a6252158356163576806e1c14,2020-05,Durham Constabulary,Durham Constabulary,-1.619838,54.819666,On or near Rose Crescent,E01020621,County Durham 019E,Vehicle crime,Investigation complete; no suspect identified,
ac0bff42a9809c7ba4928969e67cc57e5c4507c434b9d0c314380de6d556ff18,2020-05,Durham Constabulary,Durham Constabulary,-1.620011,54.817815,On or near Viola Crescent,E01020621,County Durham 019E,Violence and sexual offences,Unable to prosecute suspect,
1a1ffa0c355510226b9656765d146480a6890e3282418d3986f8a7989cd354e7,2020-05,Durham Constabulary,Durham Constabulary,-1.620011,54.817815,On or near Viola Crescent,E01020621,County Durham 019E,Violence and sexual offences,Offender given a caution,
2af3428075ee1f0246aad71aaddb651437d06a53b30fceefd53ee4561664e94a,2020-05,Durham Constabulary,Durham Constabulary,-1.620011,54.817815,On or near Viola Crescent,E01020621,County Durham 019E,Violence and sexual offences,Investigation complete; no suspect identified,
4e3b87477fe9fb07697fcc40f78d62e790b1a2cc20f7037423229048f83cdc64,2020-05,Durham Constabulary,Durham Constabulary,-1.623935,54.817567,On or near Highfield,E01020621,County Durham 019E,Violence and sexual offences,Local resolution,
45782e685b472e8dd29cd7a08f0255cc8794b8c6d95c47b9adc09e237054213a,2020-05,Durham Constabulary,Durham Constabulary,-1.617658,54.821447,On or near B6312,E01020621,County Durham 019E,Violence and sexual offences,Court result unavailable,
2a7a8d98e2fe12c121f3b55ab9ba15ed05e3b21cfc663ce10dfcf6cf5527a933,2020-05,Durham Constabulary,Durham Constabulary,-1.624151,54.821171,On or near Witton Avenue,E01020621,County Durham 019E,Violence and sexual offences,Unable to prosecute suspect,
04f8a996950c57ee4a85d38f6997839d2b606bb81917517dadf5e8b1dd114c9f,2020-05,Durham Constabulary,Durham Constabulary,-1.619673,54.818973,On or near Fern Road,E01020621,County Durham 019E,Violence and sexual offences,Further investigation is not in the public interest,
5bd9cd0b71189625435bb71a3638ec31a2e41aa5b789ae8bde34e975928163dc,2020-05,Durham Constabulary,Durham Constabulary,-1.625558,54.820402,On or near Gregson Street,E01020621,County Durham 019E,Violence and sexual offences,Unable to prosecute suspect,
8d8a9d9c2cd55319f2c5a1a4cebfb9f6b3b5842875bfc9d64793ceca91a831b2,2020-05,Durham Constabulary,Durham Constabulary,-1.625558,54.820402,On or near Gregson Street,E01020621,County Durham 019E,Violence and sexual offences,Court result unavailable,
2a3e3d578aad8d4b5c16a0f6e434bb78a25ffb491165e28185ff97d7ff717900,2020-05,Durham Constabulary,Durham Constabulary,-1.621273,54.817702,On or near Lilac Avenue,E01020621,County Durham 019E,Other crime,Unable to prosecute suspect,
933537779091b0fd085044dc5a4c175ad77d5e6ba724d1a09eb9027b28c53717,2020-05,Durham Constabulary,Durham Constabulary,-1.620011,54.817815,On or near Viola Crescent,E01020621,County Durham 019E,Other crime,Further investigation is not in the public interest,
,2020-05,Durham Constabulary,Durham Constabulary,-1.706454,54.822503,On or near Greenwood Avenue,E01020633,County Durham 020A,Anti-social behaviour,,
,2020-05,Durham Constabulary,Durham Constabulary,-1.711321,54.827547,On or near Wright'S Court,E01020633,County Durham 020A,Anti-social behaviour,,
,2020-05,Durham Constabulary,Durham Constabulary,-1.712084,54.825284,On or near The Haven,E01020633,County Durham 020A,Anti-social behaviour,,
fd08d7418584798734dafd0a9c790d017d252f648f469950bf84c319afeb84f4,2020-05,Durham Constabulary,Durham Constabulary,-1.701446,54.832663,On or near St Johns Mews,E01020633,County Durham 020A,Burglary,Investigation complete; no suspect identified,
a4af1f796679ff9888c1058f7dc01e66e67ccc8bbfd2b82f2ceb60ba13db051e,2020-05,Durham Constabulary,Durham Constabulary,-1.715142,54.824231,On or near Peth Lane,E01020633,County Durham 020A,Criminal damage and arson,Investigation complete; no suspect identified,
8140fcb0f54a7cacd9889c883859e245759144445475f2c00ea831e68b0f17a8,2020-05,Durham Constabulary,Durham Constabulary,-1.704433,54.830829,On or near Vale View,E01020633,County Durham 020A,Drugs,Further investigation is not in the public interest,
be2e0d39f0797b7b9bb914996bf50f28f8166b0ab1120d6dba451315d2d91142,2020-05,Durham Constabulary,Durham Constabulary,-1.706250,54.829260,On or near Sports/Recreation Area,E01020633,County Durham 020A,Vehicle crime,Investigation complete; no suspect identified,
e25587da03ea4ae188ebbaf2d11baf4e1ef124ee3576dbd586f76b985ee825d9,2020-05,Durham Constabulary,Durham Constabulary,-1.709531,54.823220,On or near Beech Grove,E01020633,County Durham 020A,Violence and sexual offences,Investigation complete; no suspect identified,
687bf735936c8bc41f1c01d95c10818c7a02c37fc21a5c9d9a3945c628ed89c5,2020-05,Durham Constabulary,Durham Constabulary,-1.704750,54.829994,On or near Co-Operative Terrace,E01020633,County Durham 020A,Violence and sexual offences,Unable to prosecute suspect,
62b09339d364884a42113760fd97f0df0357afeb9ebdabfa8bd3cc0bc56e906b,2020-05,Durham Constabulary,Durham Constabulary,-1.709531,54.823220,On or near Beech Grove,E01020633,County Durham 020A,Violence and sexual offences,Unable to prosecute suspect,
,2020-05,Durham Constabulary,Durham Constabulary,-1.743918,54.819802,On or near Railway Street,E01020664,County Durham 020B,Anti-social behaviour,,
,2020-05,Durham Constabulary,Durham Constabulary,-1.731678,54.842098,On or near Tower Road,E01020664,County Durham 020B,Anti-social behaviour,,
,2020-05,Durham Constabulary,Durham Constabulary,-1.745253,54.825295,On or near Victoria Street,E01020664,County Durham 020B,Anti-social behaviour,,
ff23d4ea3eeb289b1b28a148edf84dffd29de47d38c7abfbac725f73b8737ec9,2020-05,Durham Constabulary,Durham Constabulary,-1.743333,54.806438,On or near Bargate Bank,E01020664,County Durham 020B,Criminal damage and arson,Investigation complete; no suspect identified,
58cc670d6b821f2171f8310fe4d3950254526852003620ce7b5246e211096c69,2020-05,Durham Constabulary,Durham Constabulary,-1.743362,54.816620,On or near Ford Road,E01020664,County Durham 020B,Criminal damage and arson,Investigation complete; no suspect identified,
0a9811b4977c7f07af2d72582eb66ea015f212dcf68e863daf2cca69c75392dd,2020-05,Durham Constabulary,Durham Constabulary,-1.743362,54.816620,On or near Ford Road,E01020664,County Durham 020B,Criminal damage and arson,Investigation complete; no suspect identified,
194b3bf66938660b5f064278119a07dcc2a307b3a6eae1110864ecbda58a7fc8,2020-05,Durham Constabulary,Durham Constabulary,-1.751174,54.826790,On or near Ashdown Grove,E01020664,County Durham 020B,Violence and sexual offences,Local resolution,
2895f2178709d371d7f7cedd1a811cf23c8e937e50831613272590735b3e177b,2020-05,Durham Constabulary,Durham Constabulary,-1.751174,54.826790,On or near Ashdown Grove,E01020664,County Durham 020B,Violence and sexual offences,Local resolution,
2abe4702b68243719a47119e14438fe6af0486559b38a580816170883d187e3d,2020-05,Durham Constabulary,Durham Constabulary,-1.751174,54.826790,On or near Ashdown Grove,E01020664,County Durham 020B,Violence and sexual offences,Local resolution,
04c303dd0427c09515457d464ad0196e22e5244edb0737b47a4789ff381a0ec3,2020-05,Durham Constabulary,Durham Constabulary,-1.751174,54.826790,On or near Ashdown Grove,E01020664,County Durham 020B,Violence and sexual offences,Unable to prosecute suspect,
d3afad001f670c6ebe894771a459f97f07989f00b889ae3097b38920b9f4eace,2020-05,Durham Constabulary,Durham Constabulary,-1.742945,54.821022,On or near Station Road,E01020664,County Durham 020B,Violence and sexual offences,Unable to prosecute suspect,
,2020-05,Durham Constabulary,Durham Constabulary,-1.741634,54.821666,On or near A691,E01020665,County Durham 020C,Anti-social behaviour,,
,2020-05,Durham Constabulary,Durham Constabulary,-1.738702,54.822550,On or near Deanery View,E01020665,County Durham 020C,Anti-social behaviour,,
,2020-05,Durham Constabulary,Durham Constabulary,-1.738702,54.822550,On or near Deanery View,E01020665,County Durham 020C,Anti-social behaviour,,
,2020-05,Durham Constabulary,Durham Constabulary,-1.738702,54.822550,On or near Deanery View,E01020665,County Durham 020C,Anti-social behaviour,,
8d44329083b85cb619b2d3e7a46476d5eb973663310f97c008e8ea66ee5eb6ee,2020-05,Durham Constabulary,Durham Constabulary,-1.732115,54.818321,On or near Sports/Recreation Area,E01020665,County Durham 020C,Criminal damage and arson,Investigation complete; no suspect identified,
9bb9f3f650acc1e0f9bc3503424df407c144406517e4b7804dc1ad38ee7d1dea,2020-05,Durham Constabulary,Durham Constabulary,-1.736481,54.821880,On or near Peth Bank,E01020665,County Durham 020C,Violence and sexual offences,Local resolution,
94b3f9107e406cdb7ff793c6a637043b8c965e471a760bde649e47edf7701270,2020-05,Durham Constabulary,Durham Constabulary,-1.734932,54.818417,On or near Manor Grange,E01020665,County Durham 020C,Violence and sexual offences,Court result unavailable,
43954bd09b08238454b53becb9563024d416ac38e67715ec96b6dff0f9f50175,2020-05,Durham Constabulary,Durham Constabulary,-1.736481,54.821880,On or near Peth Bank,E01020665,County Durham 020C,Violence and sexual offences,Local resolution,
1940ac488c10d46b3e94b88b7c4b8e252e6b9ade77557bd155c37799017baaaa,2020-05,Durham Constabulary,Durham Constabulary,-1.751299,54.821615,On or near Fox Hills Crescent,E01020666,County Durham 020D,Criminal damage and arson,Unable to prosecute suspect,
3d07f6c9c399b972d46975121413a26ea502865b5ff98dcbcc75201bce20077c,2020-05,Durham Constabulary,Durham Constabulary,-1.749753,54.819949,On or near Briardene,E01020666,County Durham 020D,Violence and sexual offences,Investigation complete; no suspect identified,
ad266f2660f03a071be25b0b026eeaa323e20a4053764862fd0ac22e57d9d2eb,2020-05,Durham Constabulary,Durham Constabulary,-1.751410,54.826288,On or near Sunnybanks,E01020666,County Durham 020D,Violence and sexual offences,Unable to prosecute suspect,
,2020-05,Durham Constabulary,Durham Constabulary,-1.391022,54.812273,On or near Sports/Recreation Area,E01020776,County Durham 021C,Anti-social behaviour,,
,2020-05,Durham Constabulary,Durham Constabulary,-1.391022,54.812273,On or near Sports/Recreation Area,E01020776,County Durham 021C,Anti-social behaviour,,
,2020-05,Durham Constabulary,Durham Constabulary,-1.391022,54.812273,On or near Sports/Recreation Area,E01020776,County Durham 021C,Anti-social behaviour,,
,2020-05,Durham Constabulary,Durham Constabulary,-1.391022,54.812273,On or near Sports/Recreation Area,E01020776,County Durham 021C,Anti-social behaviour,,
,2020-05,Durham Constabulary,Durham Constabulary,-1.391022,54.812273,On or near Sports/Recreation Area,E01020776,County Durham 021C,Anti-social behaviour,,
,2020-05,Durham Constabulary,Durham Constabulary,-1.393122,54.816453,On or near West Avenue,E01020776,County Durham 021C,Anti-social behaviour,,
,2020-05,Durham Constabulary,Durham Constabulary,-1.409697,54.816355,On or near Briar Glen,E01020776,County Durham 021C,Anti-social behaviour,,
,2020-05,Durham Constabulary,Durham Constabulary,-1.396294,54.817673,On or near Park Lane,E01020776,County Durham 021C,Anti-social behaviour,,
21185d649eeb0011701281dd577f3ed86cc9964669dcbb06c2dc2169f92d17a4,2020-05,Durham Constabulary,Durham Constabulary,-1.403441,54.817376,On or near Station Road,E01020776,County Durham 021C,Criminal damage and arson,Unable to prosecute suspect,
c42a310771c196d1da32737f3ff60bd3866e5da7ff85669b2272ec283ff8fbce,2020-05,Durham Constabulary,Durham Constabulary,-1.393122,54.816453,On or near West Avenue,E01020776,County Durham 021C,Criminal damage and arson,Unable to prosecute suspect,
5abc33cc98aa2543b77c3ad00eb30be1e93817c7524e647380e5513b422aaa66,2020-05,Durham Constabulary,Durham Constabulary,-1.406427,54.816447,On or near Melrose Avenue,E01020776,County Durham 021C,Violence and sexual offences,Court result unavailable,
18b123ff95f3d446e49819c0145ad8d26eb6c6af1810fa0e6bf65d2bd1c79873,2020-05,Durham Constabulary,Durham Constabulary,-1.393122,54.816453,On or near West Avenue,E01020776,County Durham 021C,Violence and sexual offences,Investigation complete; no suspect identified,
b0a3c67193fa76c2cb59c0d429083f0c53c8a854c9e663ca55a7fcc943b2f935,2020-05,Durham Constabulary,Durham Constabulary,-1.406427,54.816447,On or near Melrose Avenue,E01020776,County Durham 021C,Violence and sexual offences,Court result unavailable,
ab1ad9b419ec8bfbe3f5f9ac027d7009896b16831508c4cd91a27eafba77cf05,2020-05,Durham Constabulary,Durham Constabulary,-1.393122,54.816453,On or near West Avenue,E01020776,County Durham 021C,Violence and sexual offences,Unable to prosecute suspect,
5a42a67f8395d236578088d7d7ad8aad7cd9c118db3f9a380cc772a5aa1bf65d,2020-05,Durham Constabulary,Durham Constabulary,-1.393122,54.816453,On or near West Avenue,E01020776,County Durham 021C,Violence and sexual offences,Investigation complete; no suspect identified,
4693616bcbd3538b97acafb5cce34862ac7eaf1fb30ea322558e6f5bae299bdf,2020-05,Durham Constabulary,Durham Constabulary,-1.403441,54.817376,On or near Station Road,E01020776,County Durham 021C,Violence and sexual offences,Unable to prosecute suspect,
,2020-05,Durham Constabulary,Durham Constabulary,-1.361734,54.813542,On or near B1432,E01033161,County Durham 021D,Anti-social behaviour,,
,2020-05,Durham Constabulary,Durham Constabulary,-1.363809,54.817121,On or near B1432,E01033161,County Durham 021D,Anti-social behaviour,,
,2020-05,Durham Constabulary,Durham Constabulary,-1.381728,54.813610,On or near Calstock Close,E01033161,County Durham 021D,Anti-social behaviour,,
,2020-05,Durham Constabulary,Durham Constabulary,-1.381728,54.813610,On or near Calstock Close,E01033161,County Durham 021D,Anti-social behaviour,,
c4351311787b65f2fbbb07a94731a1708a6e299b4b12a17328d0cf2f18551f17,2020-05,Durham Constabulary,Durham Constabulary,-1.383538,54.815326,On or near Cookson Terrace,E01033161,County Durham 021D,Criminal damage and arson,Unable to prosecute suspect,
34d7eb60d78255c54e3b19f9cc3bfb081bbe309ec49d7eb6a29d2938e5c129fb,2020-05,Durham Constabulary,Durham Constabulary,-1.381728,54.813610,On or near Calstock Close,E01033161,County Durham 021D,Criminal damage and arson,Investigation complete; no suspect identified,
e15571d6fc4f2c685bca487dd2713daec5b322cda1cf74106acdbfbe3dcaa3bb,2020-05,Durham Constabulary,Durham Constabulary,-1.370840,54.812296,On or near Park/Open Space,E01033161,County Durham 021D,Criminal damage and arson,Further action is not in the public interest,
c58ae629cdf0541d304ca14afd54306e4c729fe3badb12bf4a4e381f4deb60ac,2020-05,Durham Constabulary,Durham Constabulary,-1.370840,54.812296,On or near Park/Open Space,E01033161,County Durham 021D,Drugs,Offender given a drugs possession warning,
3e7a29e717f452e4d307f3935a777ad465cc5aba1d57486b6966ba1c8d09dd4b,2020-05,Durham Constabulary,Durham Constabulary,-1.383069,54.815486,On or near Church Street,E01033161,County Durham 021D,Other theft,Local resolution,
261c278e4e02550a06df76748bd78857f94e279156bbbfea45437014cc9c36a5,2020-05,Durham Constabulary,Durham Constabulary,-1.361734,54.813542,On or near B1432,E01033161,County Durham 021D,Other theft,Investigation complete; no suspect identified,
6a787217ef53572c367ca4462b89012eb4ccec6d6c63a3d3367dfbe7f05b962d,2020-05,Durham Constabulary,Durham Constabulary,-1.381728,54.813610,On or near Calstock Close,E01033161,County Durham 021D,Public order,Investigation complete; no suspect identified,
3a0b1bd8e9db234399870fe6c044be77a3f3dcf26ef4a36cea86a469dcd04cd0,2020-05,Durham Constabulary,Durham Constabulary,-1.361734,54.813542,On or near B1432,E01033161,County Durham 021D,Public order,Unable to prosecute suspect,
845f3f8166038ef59ff11418c38cceaff15823cacb7ee5bd43364f8eda58692c,2020-05,Durham Constabulary,Durham Constabulary,-1.378615,54.815661,On or near B1285,E01033161,County Durham 021D,Vehicle crime,Investigation complete; no suspect identified,
dad9253717fc2fabcf23b5508fed1375f2644a414f2fe8849db9bbaed0ace50d,2020-05,Durham Constabulary,Durham Constabulary,-1.379355,54.816150,On or near Ramsey Grove,E01033161,County Durham 021D,Violence and sexual offences,Unable to prosecute suspect,
380c0873eae3b0f4ef6fa2c5c11c525bbee2963e3f5584d43c8fea4377b02889,2020-05,Durham Constabulary,Durham Constabulary,-1.379355,54.816150,On or near Ramsey Grove,E01033161,County Durham 021D,Violence and sexual offences,Unable to prosecute suspect,
f38cba36aac56ac2348178529c621a5b79f14316464acd6e745ce50b9b4921a1,2020-05,Durham Constabulary,Durham Constabulary,-1.386472,54.813733,On or near Fairfield Grove,E01033161,County Durham 021D,Violence and sexual offences,Unable to prosecute suspect,
3b7bd97edabe922736a22ec79744d9920f9e6cc92018e8c28905d96bf253240d,2020-05,Durham Constabulary,Durham Constabulary,-1.381728,54.813610,On or near Calstock Close,E01033161,County Durham 021D,Violence and sexual offences,Unable to prosecute suspect,
,2020-05,Durham Constabulary,Durham Constabulary,-1.385223,54.818076,On or near James Street South,E01033198,County Durham 021E,Anti-social behaviour,,
,2020-05,Durham Constabulary,Durham Constabulary,-1.382648,54.819572,On or near Claude Terrace,E01033198,County Durham 021E,Anti-social behaviour,,
,2020-05,Durham Constabulary,Durham Constabulary,-1.382213,54.816506,On or near Morton Close,E01033198,County Durham 021E,Anti-social behaviour,,
,2020-05,Durham Constabulary,Durham Constabulary,-1.385223,54.818076,On or near James Street South,E01033198,County Durham 021E,Anti-social behaviour,,
6527126fe950931341295e83f3639bf8808868e0b53b160859849092217047fc,2020-05,Durham Constabulary,Durham Constabulary,-1.382648,54.819572,On or near Claude Terrace,E01033198,County Durham 021E,Criminal damage and arson,Court result unavailable,
94354da0b1c02a06b668d4d9c13bdc5b3945191631ab0613ed3b646d6998287e,2020-05,Durham Constabulary,Durham Constabulary,-1.387075,54.818103,On or near Watts Street,E01033198,County Durham 021E,Criminal damage and arson,Court result unavailable,
56cca4f114697db056c6b0663c02d4e590fc0a54446f50811b7c3fa9822a6382,2020-05,Durham Constabulary,Durham Constabulary,-1.387075,54.818103,On or near Watts Street,E01033198,County Durham 021E,Criminal damage and arson,Investigation complete; no suspect identified,
4de1969cf5f2e57e87ade431b1e0557c59234c2fd8c77976644bfaabf6753026,2020-05,Durham Constabulary,Durham Constabulary,-1.382648,54.819572,On or near Claude Terrace,E01033198,County Durham 021E,Criminal damage and arson,Local resolution,
93ed44c2824e0c9c072628a94dcf4234a287199e1678e0c8f60ff9f92647cd06,2020-05,Durham Constabulary,Durham Constabulary,-1.385372,54.818553,On or near Henry Street South,E01033198,County Durham 021E,Drugs,Court result unavailable,
a7d25c1b9504571f059613e57f3ea8a9c49cddaa2eb9a167922eea9c306e4597,2020-05,Durham Constabulary,Durham Constabulary,-1.385223,54.818076,On or near James Street South,E01033198,County Durham 021E,Other theft,Investigation complete; no suspect identified,
a3623f76233dfada6fe2a3bd0c196ca7d0e6d94232351a09a2705887840c9d4b,2020-05,Durham Constabulary,Durham Constabulary,-1.383895,54.817422,On or near Wood'S Terrace,E01033198,County Durham 021E,Public order,Investigation complete; no suspect identified,
f129bd3bee4215496ea885832bb77c26ad7ada8ea4dfd3381578d670faeb97c9,2020-05,Durham Constabulary,Durham Constabulary,-1.389117,54.816864,On or near Knaresborough Road,E01033198,County Durham 021E,Public order,Unable to prosecute suspect,
03f06adfe12ec5a134c6892950902703137d73577ff7f728efe6d84d79cffc99,2020-05,Durham Constabulary,Durham Constabulary,-1.382648,54.819572,On or near Claude Terrace,E01033198,County Durham 021E,Public order,Unable to prosecute suspect,
29e76211483411fe5e72ec408d6dec03d115da583921d787ac51b0ed906de008,2020-05,Durham Constabulary,Durham Constabulary,-1.385372,54.818553,On or near Henry Street South,E01033198,County Durham 021E,Public order,Unable to prosecute suspect,
940169b13de5d445341b7e83fdfc136e95b835ddb0d973e8d8bbde1b71504430,2020-05,Durham Constabulary,Durham Constabulary,-1.382648,54.819572,On or near Claude Terrace,E01033198,County Durham 021E,Public order,Unable to prosecute suspect,
a9e822fb4b7d5ad3a768286c9897c71a804a979e16d5b7446903678114ee8006,2020-05,Durham Constabulary,Durham Constabulary,-1.384835,54.817031,On or near Western Terrace South,E01033198,County Durham 021E,Vehicle crime,Investigation complete; no suspect identified,
ac5ebd07533fcf00643a9e280d42282dcdfb34c83bed18dd29970b831fe06339,2020-05,Durham Constabulary,Durham Constabulary,-1.389117,54.816864,On or near Knaresborough Road,E01033198,County Durham 021E,Violence and sexual offences,Unable to prosecute suspect,
d239545eee4f9c0485bbde3a253c4adc5e53495068240342a7c6176a9d51d4bf,2020-05,Durham Constabulary,Durham Constabulary,-1.385372,54.818553,On or near Henry Street South,E01033198,County Durham 021E,Violence and sexual offences,Investigation complete; no suspect identified,
7359a6b43f474642ad107162528667f11cd28c68225a4cf75efdd4111ae946a5,2020-05,Durham Constabulary,Durham Constabulary,-1.382925,54.816725,On or near Parking Area,E01033198,County Durham 021E,Violence and sexual offences,Unable to prosecute suspect,
922a68089b9751e73ef47e14a85205c4e98a5f932b7412475add359772c883b4,2020-05,Durham Constabulary,Durham Constabulary,-1.382648,54.819572,On or near Claude Terrace,E01033198,County Durham 021E,Violence and sexual offences,Unable to prosecute suspect,
8da9ca6e0e62d2909ee78fd816ba01619a0d80b41d769e787d7b73612b2f475f,2020-05,Durham Constabulary,Durham Constabulary,-1.384835,54.817031,On or near Western Terrace South,E01033198,County Durham 021E,Violence and sexual offences,Unable to prosecute suspect,
fe24c238e215305535fd1f2bfcb90df5d5b77deef62121a947dfdbb6689465f8,2020-05,Durham Constabulary,Durham Constabulary,-1.387075,54.818103,On or near Watts Street,E01033198,County Durham 021E,Violence and sexual offences,Unable to prosecute suspect,
053456e618190a04e3bbcf0a9b264d269a4a65a44bb9c7a1050f792aa3dbb1c8,2020-05,Durham Constabulary,Durham Constabulary,-1.385223,54.818076,On or near James Street South,E01033198,County Durham 021E,Violence and sexual offences,Unable to prosecute suspect,
5cb8605d33bbda4b461cadd75ce9c7a20bb1c84a63a7ac69af1d6d48edbf29a0,2020-05,Durham Constabulary,Durham Constabulary,-1.382648,54.819572,On or near Claude Terrace,E01033198,County Durham 021E,Violence and sexual offences,Unable to prosecute suspect,
71de28a8695d758cae494c313bcc03b54a32917e4468415319c6f3249ab41910,2020-05,Durham Constabulary,Durham Constabulary,-1.382648,54.819572,On or near Claude Terrace,E01033198,County Durham 021E,Other crime,Unable to prosecute suspect,
1e313a43898da50354666252e1a4839af148fa89be326f9b5fff31ef98a45f95,2020-05,Durham Constabulary,Durham Constabulary,-1.382648,54.819572,On or near Claude Terrace,E01033198,County Durham 021E,Other crime,Court result unavailable,
,2020-05,Durham Constabulary,Durham Constabulary,-1.416526,54.801407,On or near Pinedale Drive,E01033205,County Durham 021F,Anti-social behaviour,,
,2020-05,Durham Constabulary,Durham Constabulary,-1.406568,54.798375,On or near Abbeydale Gardens,E01033205,County Durham 021F,Anti-social behaviour,,
,2020-05,Durham Constabulary,Durham Constabulary,-1.416526,54.801407,On or near Pinedale Drive,E01033205,County Durham 021F,Anti-social behaviour,,
,2020-05,Durham Constabulary,Durham Constabulary,-1.417401,54.802211,On or near Sycamore Close,E01033205,County Durham 021F,Anti-social behaviour,,
0e313e0e834a5d971e9fff8530a69be8bc659bfc06f7e02d342ef783173dc5ce,2020-05,Durham Constabulary,Durham Constabulary,-1.396111,54.798674,On or near West Lane,E01033205,County Durham 021F,Criminal damage and arson,Investigation complete; no suspect identified,
83607fe13eebf0adb0c3ca2450bf024c289b3968337154376207e66fab921c60,2020-05,Durham Constabulary,Durham Constabulary,-1.397379,54.795985,On or near Gregson Terrace,E01033205,County Durham 021F,Criminal damage and arson,Local resolution,
81d2b555323032be5831075124a17af65fb6fa5d208a616ee6c9da6dcb1bb158,2020-05,Durham Constabulary,Durham Constabulary,-1.399971,54.799538,On or near Sports/Recreation Area,E01033205,County Durham 021F,Criminal damage and arson,Local resolution,
028f56f45a22815328b85acc0e1dcd38ac49a7e14668aaf0c5a7cadb799eb52c,2020-05,Durham Constabulary,Durham Constabulary,-1.399971,54.799538,On or near Sports/Recreation Area,E01033205,County Durham 021F,Public order,Unable to prosecute suspect,
8821b8a1761711ebcaf25dbef9d73ba849da87c59586f6abb125ce3e6c999cd4,2020-05,Durham Constabulary,Durham Constabulary,-1.399971,54.799538,On or near Sports/Recreation Area,E01033205,County Durham 021F,Public order,Unable to prosecute suspect,
d276df40d6be71c54601b6564edaf5208804075c2fe9aee63a26b2aca6fc5756,2020-05,Durham Constabulary,Durham Constabulary,-1.417401,54.802211,On or near Sycamore Close,E01033205,County Durham 021F,Violence and sexual offences,Unable to prosecute suspect,
,2020-05,Durham Constabulary,Durham Constabulary,-1.412743,54.800535,On or near Front Street,E01033206,County Durham 021G,Anti-social behaviour,,
,2020-05,Durham Constabulary,Durham Constabulary,-1.419576,54.804576,On or near Buttermere Crescent,E01033206,County Durham 021G,Anti-social behaviour,,
,2020-05,Durham Constabulary,Durham Constabulary,-1.410971,54.798271,On or near Charters Crescent,E01033206,County Durham 021G,Anti-social behaviour,,
0de0fe706da39579a067e2a324abcb4d1b3c4d29fc9a2800d45df6020587c1c8,2020-05,Durham Constabulary,Durham Constabulary,-1.415217,54.803666,On or near Windsor Drive,E01033206,County Durham 021G,Bicycle theft,Investigation complete; no suspect identified,
69c04dd57f19e809013b4771693facaec15aae7d7b9eefdebccdcac31cd20692,2020-05,Durham Constabulary,Durham Constabulary,-1.414730,54.802935,On or near Ravensworth Court,E01033206,County Durham 021G,Criminal damage and arson,Offender given a caution,
c43ca8a06c86e36aaeb20f231087f408a4ed8a879c99c7a1505fd298b8175c9c,2020-05,Durham Constabulary,Durham Constabulary,-1.412068,54.799840,On or near Jubilee Square,E01033206,County Durham 021G,Drugs,Formal action is not in the public interest,
92bb31e44713b5340d278f238e1a5f3d552b5c0d8044ddd39dfb094a4c0b7cc0,2020-05,Durham Constabulary,Durham Constabulary,-1.419576,54.804576,On or near Buttermere Crescent,E01033206,County Durham 021G,Violence and sexual offences,Unable to prosecute suspect,
63b0c5e25c6dc4839dc90d6dcd042e95ddae4c5ea6c9cd5f49f8b883ff1d4b3d,2020-05,Durham Constabulary,Durham Constabulary,-1.414730,54.802935,On or near Ravensworth Court,E01033206,County Durham 021G,Violence and sexual offences,Unable to prosecute suspect,
79548d3d49941d4f4f97a52ef232d4cf54888c5b2fe4a11b258e8352866c82f6,2020-05,Durham Constabulary,Durham Constabulary,-1.419576,54.804576,On or near Buttermere Crescent,E01033206,County Durham 021G,Violence and sexual offences,Court result unavailable,
03f9c42420648e583078abfcb185f708899f4d7eea1b7f753948abf3886287fb,2020-05,Durham Constabulary,Durham Constabulary,-1.419576,54.804576,On or near Buttermere Crescent,E01033206,County Durham 021G,Violence and sexual offences,Court result unavailable,
ab13cfd1e5cf6514a11f8313afa281dfe126b3c3e0af600f812dbaa116f868d3,2020-05,Durham Constabulary,Durham Constabulary,-1.416053,54.802924,On or near Braddyll Square,E01033206,County Durham 021G,Violence and sexual offences,Unable to prosecute suspect,
b82ecfaa0464a6b12ac895bd6a72ce0071b026349778557afe92194e44ce63bf,2020-05,Durham Constabulary,Durham Constabulary,-1.416053,54.802924,On or near Braddyll Square,E01033206,County Durham 021G,Violence and sexual offences,Unable to prosecute suspect,
54aaa2b220849adcb3a262e8d3cbd3f063b2adfeb4c62929c4ab2c34752daccc,2020-05,Durham Constabulary,Durham Constabulary,-1.410971,54.798271,On or near Charters Crescent,E01033206,County Durham 021G,Violence and sexual offences,Unable to prosecute suspect,
,2020-05,Durham Constabulary,Durham Constabulary,-1.540250,54.822491,On or near Cocken Lane,E01020709,County Durham 022A,Anti-social behaviour,,
,2020-05,Durham Constabulary,Durham Constabulary,-1.557961,54.806803,On or near Rowan Drive,E01020709,County Durham 022A,Anti-social behaviour,,
,2020-05,Durham Constabulary,Durham Constabulary,-1.557961,54.806803,On or near Rowan Drive,E01020709,County Durham 022A,Anti-social behaviour,,
b6c424c3039642be7ca89daff87828ad98ae2b465fd5c02f22e28983bc75e93a,2020-05,Durham Constabulary,Durham Constabulary,-1.559068,54.805172,On or near Beech Close,E01020709,County Durham 022A,Criminal damage and arson,Investigation complete; no suspect identified,
0c32c30e9bbd02afe0770c8c95e0d4df42371ca3c010e19037a2288baa5cc274,2020-05,Durham Constabulary,Durham Constabulary,-1.540250,54.822491,On or near Cocken Lane,E01020709,County Durham 022A,Criminal damage and arson,Investigation complete; no suspect identified,
6a5dd78ea04fffba28a6c19a3783da90df1fe7c2929232f588860eb09ce880d4,2020-05,Durham Constabulary,Durham Constabulary,-1.556101,54.804775,On or near Prison,E01020709,County Durham 022A,Criminal damage and arson,Court result unavailable,
148dae4dedeec36f009f44934393b7e399035b129f161bf33c70002afe1c1b72,2020-05,Durham Constabulary,Durham Constabulary,-1.556101,54.804775,On or near Prison,E01020709,County Durham 022A,Drugs,Action to be taken by another organisation,
d13c2fded08ff8a70093b96948cf8017efa06ad30902fcc895858b384f80fd46,2020-05,Durham Constabulary,Durham Constabulary,-1.556101,54.804775,On or near Prison,E01020709,County Durham 022A,Other theft,Unable to prosecute suspect,
49b093bd152bfc8a320f59d6d923eeb59795a9d559ec9c233bdfcd3893dce077,2020-05,Durham Constabulary,Durham Constabulary,-1.580318,54.806757,On or near Supermarket,E01020709,County Durham 022A,Public order,Further investigation is not in the public interest,
3ca868a6fbd60ece8f9e21a5ead184ba24470d556a3f4d3f68226d3b4d308b19,2020-05,Durham Constabulary,Durham Constabulary,-1.581064,54.806840,On or near Shopping Area,E01020709,County Durham 022A,Shoplifting,Court result unavailable,
22d0a9361c7045ec42c328a89d50d36b2a3a7b4548eefa3dbedfba5826d8cb17,2020-05,Durham Constabulary,Durham Constabulary,-1.581064,54.806840,On or near Shopping Area,E01020709,County Durham 022A,Shoplifting,Investigation complete; no suspect identified,
466e5e14447f6c7e745e37dbdecf2539cd60199a7aae411edb49927b618de5e6,2020-05,Durham Constabulary,Durham Constabulary,-1.580318,54.806757,On or near Supermarket,E01020709,County Durham 022A,Shoplifting,Investigation complete; no suspect identified,
a8193273aaa354b705c763e55380bb46bc14791530ae8e3a9797527e7d36f72e,2020-05,Durham Constabulary,Durham Constabulary,-1.581064,54.806840,On or near Shopping Area,E01020709,County Durham 022A,Shoplifting,Unable to prosecute suspect,
1f24161d85c8af715f25a49e1abffeb065715a1ef444f60977e38cb5b737a519,2020-05,Durham Constabulary,Durham Constabulary,-1.557961,54.806803,On or near Rowan Drive,E01020709,County Durham 022A,Violence and sexual offences,Unable to prosecute suspect,
90f1b0c257d0f3e2f19244f4879e2d61e77b04ffebab151dc48e69d5f729217e,2020-05,Durham Constabulary,Durham Constabulary,-1.578924,54.801737,On or near Pit Lane,E01020709,County Durham 022A,Violence and sexual offences,Unable to prosecute suspect,
f58b6079d6d3a066b0c42197d0826d147eda85ca20c587283b40f6e4c50b4491,2020-05,Durham Constabulary,Durham Constabulary,-1.567589,54.805634,On or near Canterbury Road,E01020709,County Durham 022A,Violence and sexual offences,Investigation complete; no suspect identified,
83e26e85e058fa2f2c203775a4566e9381af99d5fd6222237c776deb19d169d2,2020-05,Durham Constabulary,Durham Constabulary,-1.556101,54.804775,On or near Prison,E01020709,County Durham 022A,Violence and sexual offences,Unable to prosecute suspect,
589c5fb723750547120cab780d1d581fe734951bcfb6d5e163689470dee75e84,2020-05,Durham Constabulary,Durham Constabulary,-1.557961,54.806803,On or near Rowan Drive,E01020709,County Durham 022A,Violence and sexual offences,Investigation complete; no suspect identified,
adb0650365dcff61e522a00ee319720007e88b7ba5a258cbb58279e69e322adb,2020-05,Durham Constabulary,Durham Constabulary,-1.556101,54.804775,On or near Prison,E01020709,County Durham 022A,Violence and sexual offences,Unable to prosecute suspect,
e52c3c681c3296285d4ccfdd169fed6267c71ff452adc97f486450c2ef0c6bc9,2020-05,Durham Constabulary,Durham Constabulary,-1.556101,54.804775,On or near Prison,E01020709,County Durham 022A,Violence and sexual offences,Unable to prosecute suspect,
e88ace16e570b9123c5b062cc82979028f9f4a470842c9d448f8ed8bb1a8c177,2020-05,Durham Constabulary,Durham Constabulary,-1.556101,54.804775,On or near Prison,E01020709,County Durham 022A,Violence and sexual offences,Investigation complete; no suspect identified,
4e97fc8b2b0b3fa0efa6f1fd78678501bd9531f5a82a100130e28ab360ea1aed,2020-05,Durham Constabulary,Durham Constabulary,-1.557961,54.806803,On or near Rowan Drive,E01020709,County Durham 022A,Violence and sexual offences,Investigation complete; no suspect identified,
9627b3801125c37c607b23cd495865997a078146b78c2adae3cd8a966953da6f,2020-05,Durham Constabulary,Durham Constabulary,-1.556101,54.804775,On or near Prison,E01020709,County Durham 022A,Violence and sexual offences,Unable to prosecute suspect,
2ea53eec8e0334c66b275b0855d2949f0c704748d66948af74cef36547f23d71,2020-05,Durham Constabulary,Durham Constabulary,-1.556101,54.804775,On or near Prison,E01020709,County Durham 022A,Other crime,Action to be taken by another organisation,
,2020-05,Durham Constabulary,Durham Constabulary,-1.568705,54.800138,On or near Auckland Road,E01020717,County Durham 022B,Anti-social behaviour,,
,2020-05,Durham Constabulary,Durham Constabulary,-1.566974,54.803457,On or near Supermarket,E01020717,County Durham 022B,Anti-social behaviour,,
,2020-05,Durham Constabulary,Durham Constabulary,-1.563451,54.804136,On or near Salisbury Road,E01020717,County Durham 022B,Anti-social behaviour,,
fa9cf06f886afcf4a4f9c2dc2b89d893b02725915615bbbfbf2be3f90c6e9a8b,2020-05,Durham Constabulary,Durham Constabulary,-1.570635,54.802940,On or near Rothbury Road,E01020717,County Durham 022B,Violence and sexual offences,Unable to prosecute suspect,
240cc7cf2e2ffd52110b2a70139487137f990f010b05b9cf16438a562ce9fc0d,2020-05,Durham Constabulary,Durham Constabulary,-1.565631,54.803892,On or near York Crescent,E01020717,County Durham 022B,Violence and sexual offences,Investigation complete; no suspect identified,
9949460e4c1e0a4cafc5c50e446827d34988dba912f75856cde14d8542e0bfa7,2020-05,Durham Constabulary,Durham Constabulary,-1.576182,54.803624,On or near Bolton Close,E01020718,County Durham 022C,Drugs,Offender given a drugs possession warning,
da7bea2ac33bfeb1ddd120ba17136c92ba5bd7a88bbe7f8ccdc8c8463d428d67,2020-05,Durham Constabulary,Durham Constabulary,-1.578281,54.799192,On or near St Godric'S Close,E01020718,County Durham 022C,Violence and sexual offences,Further investigation is not in the public interest,
dc848584b33302dbdc2965b8cd558e28eef9ab188438789e22546dd6cc8f30ae,2020-05,Durham Constabulary,Durham Constabulary,-1.574084,54.800436,On or near Lumley Road,E01020718,County Durham 022C,Violence and sexual offences,Unable to prosecute suspect,
6997b03ee0337d79321916d7e65de154d0969fad4acd76c6f908c299b48fdb76,2020-05,Durham Constabulary,Durham Constabulary,-1.578281,54.799192,On or near St Godric'S Close,E01020718,County Durham 022C,Violence and sexual offences,Further investigation is not in the public interest,
d97eb21cf687874a659c7234a509105b84a649a33999ac0a3d890ff92026fd12,2020-05,Durham Constabulary,Durham Constabulary,-1.574084,54.800436,On or near Lumley Road,E01020718,County Durham 022C,Violence and sexual offences,Unable to prosecute suspect,
,2020-05,Durham Constabulary,Durham Constabulary,-1.562082,54.799791,On or near Peterborough Road,E01020719,County Durham 022D,Anti-social behaviour,,
374719dd6207e152d5208dba4216d2817c59f73891a11e6ea67ca3ed28781591,2020-05,Durham Constabulary,Durham Constabulary,-1.563984,54.797982,On or near Eggleston Close,E01020721,County Durham 022E,Criminal damage and arson,Further investigation is not in the public interest,
,2020-05,Durham Constabulary,Durham Constabulary,-1.591698,54.795239,On or near Durham Terrace,E01020708,County Durham 023A,Anti-social behaviour,,
,2020-05,Durham Constabulary,Durham Constabulary,-1.598651,54.790454,On or near Witton Grove,E01020708,County Durham 023A,Anti-social behaviour,,
,2020-05,Durham Constabulary,Durham Constabulary,-1.590977,54.795839,On or near Newcastle Terrace,E01020708,County Durham 023A,Anti-social behaviour,,
,2020-05,Durham Constabulary,Durham Constabulary,-1.595505,54.794056,On or near Further/Higher Educational Building,E01020708,County Durham 023A,Anti-social behaviour,,
,2020-05,Durham Constabulary,Durham Constabulary,-1.590977,54.795839,On or near Newcastle Terrace,E01020708,County Durham 023A,Anti-social behaviour,,
,2020-05,Durham Constabulary,Durham Constabulary,-1.592656,54.792825,On or near St Cuthberts Avenue,E01020708,County Durham 023A,Anti-social behaviour,,
7ecb05c66d893cd4de3768376febe0eec993939a3066aa9ef86baf70bb55d3e8,2020-05,Durham Constabulary,Durham Constabulary,-1.592656,54.792825,On or near St Cuthberts Avenue,E01020708,County Durham 023A,Drugs,Unable to prosecute suspect,
0de39ddc8e88f8140bedb6a3f3d6dbce89f5d1f8bad108bcaa5224340fa750aa,2020-05,Durham Constabulary,Durham Constabulary,-1.590977,54.795839,On or near Newcastle Terrace,E01020708,County Durham 023A,Public order,Unable to prosecute suspect,
985906338363b6dbe12250b009ee59480400c7d3d6716328a95840f8220ed590,2020-05,Durham Constabulary,Durham Constabulary,-1.592656,54.792825,On or near St Cuthberts Avenue,E01020708,County Durham 023A,Shoplifting,Unable to prosecute suspect,
4e2308704f8de87eda78e93c6b6b14964a3f570d44350490c1400f5a06501194,2020-05,Durham Constabulary,Durham Constabulary,-1.591698,54.795239,On or near Durham Terrace,E01020708,County Durham 023A,Shoplifting,Unable to prosecute suspect,
cb8c7b541a1e717fa261ceff82e3c1ae4ee403290d086bdbdba182b6467f7848,2020-05,Durham Constabulary,Durham Constabulary,-1.591698,54.795239,On or near Durham Terrace,E01020708,County Durham 023A,Shoplifting,Investigation complete; no suspect identified,
5bb9320d748941cef52b6642caa3f02ce676238df2e890f512dcf27753b0a3ea,2020-05,Durham Constabulary,Durham Constabulary,-1.592656,54.792825,On or near St Cuthberts Avenue,E01020708,County Durham 023A,Violence and sexual offences,Local resolution,
0bbf9c535551bc279fced4ddcfda4c3b4ab89da4bec6065ecede26e793158f0a,2020-05,Durham Constabulary,Durham Constabulary,-1.591193,54.794455,On or near South Terrace,E01020708,County Durham 023A,Violence and sexual offences,Unable to prosecute suspect,
fdd3cde4dd4560a0d0abefa55d17cdbd06cbf7f4f733a4cdcfba7897d160dfef,2020-05,Durham Constabulary,Durham Constabulary,-1.590977,54.795839,On or near Newcastle Terrace,E01020708,County Durham 023A,Violence and sexual offences,Unable to prosecute suspect,
e579d2f1c184920db82ee9524004065e5f121c61cf60ffe5174d7639e57f47b3,2020-05,Durham Constabulary,Durham Constabulary,-1.590977,54.795839,On or near Newcastle Terrace,E01020708,County Durham 023A,Violence and sexual offences,Investigation complete; no suspect identified,
d0a071491f971de083035b46b00261384c371ea1733aba24df5e2e4a894a674f,2020-05,Durham Constabulary,Durham Constabulary,-1.588065,54.800753,On or near Mere Drive,E01020708,County Durham 023A,Violence and sexual offences,Unable to prosecute suspect,
,2020-05,Durham Constabulary,Durham Constabulary,-1.591503,54.802275,On or near Anvil Court,E01020710,County Durham 023B,Anti-social behaviour,,
,2020-05,Durham Constabulary,Durham Constabulary,-1.591243,54.801833,On or near Hartside View,E01020710,County Durham 023B,Anti-social behaviour,,
6039dc951f7b78395924d08188c1ce691d68588fa4f8253aebe1d0b451037396,2020-05,Durham Constabulary,Durham Constabulary,-1.587912,54.801966,On or near Bishops Way,E01020710,County Durham 023B,Criminal damage and arson,Investigation complete; no suspect identified,
dfd7e491845943379a7c64077da0087f7d40817b9168062b75b3a5aab58a894a,2020-05,Durham Constabulary,Durham Constabulary,-1.590939,54.801069,On or near The Avenue,E01020710,County Durham 023B,Public order,Unable to prosecute suspect,
43862808170904bcec43fcd35320a93afec7b3394cfebc39da6efb9cf220d23c,2020-05,Durham Constabulary,Durham Constabulary,-1.587912,54.801966,On or near Bishops Way,E01020710,County Durham 023B,Violence and sexual offences,Unable to prosecute suspect,
46b36a3e3c9f48d19fbdeab7abada936f504555029c373c6a8d4eec8f176017b,2020-05,Durham Constabulary,Durham Constabulary,-1.591243,54.801833,On or near Hartside View,E01020710,County Durham 023B,Violence and sexual offences,Investigation complete; no suspect identified,
5e02bc9bbeb6aca84aa269e17df4170568e6e0f97f6a9fa993c7357474b87032,2020-05,Durham Constabulary,Durham Constabulary,-1.591243,54.801833,On or near Hartside View,E01020710,County Durham 023B,Violence and sexual offences,Unable to prosecute suspect,
6aa8df80d03b25ca302daeade6a7fc707b6c7e579174ef84b1f3329d817f8f38,2020-05,Durham Constabulary,Durham Constabulary,-1.591243,54.801833,On or near Hartside View,E01020710,County Durham 023B,Violence and sexual offences,Further investigation is not in the public interest,
3a00ae943938ca3bbc3a9bfa06353f60b38e14c720798e9d4eb84ad366b99bea,2020-05,Durham Constabulary,Durham Constabulary,-1.587912,54.801966,On or near Bishops Way,E01020710,County Durham 023B,Violence and sexual offences,Unable to prosecute suspect,
,2020-05,Durham Constabulary,Durham Constabulary,-1.580783,54.797970,On or near Bek Road,E01020711,County Durham 023C,Anti-social behaviour,,
,2020-05,Durham Constabulary,Durham Constabulary,-1.582665,54.796430,On or near Pit Lane,E01020711,County Durham 023C,Anti-social behaviour,,
,2020-05,Durham Constabulary,Durham Constabulary,-1.580783,54.797970,On or near Bek Road,E01020711,County Durham 023C,Anti-social behaviour,,
,2020-05,Durham Constabulary,Durham Constabulary,-1.588920,54.794627,On or near Gray Avenue,E01020711,County Durham 023C,Anti-social behaviour,,
d06c5d25471880a42c623e4a453a105ee380e25951a195006ff19cd34715ba8b,2020-05,Durham Constabulary,Durham Constabulary,-1.581581,54.794423,On or near Ghyll Field Road,E01020711,County Durham 023C,Criminal damage and arson,Further action is not in the public interest,
e84d7c13dc1c32b1f58911bd4abded01b460c02f6f758d17d7c80b71aa8a7580,2020-05,Durham Constabulary,Durham Constabulary,-1.593439,54.790680,On or near Barrington Close,E01020711,County Durham 023C,Public order,Unable to prosecute suspect,
91716f909ef013c1a79b28408d8fc367d659bfdde0b48d7fa64b2b46d15f1465,2020-05,Durham Constabulary,Durham Constabulary,-1.581581,54.794423,On or near Ghyll Field Road,E01020711,County Durham 023C,Public order,Investigation complete; no suspect identified,
52822aef222b60779fd809a857eaf5e6fa250a9ec97ca1d56a40df57c0d31271,2020-05,Durham Constabulary,Durham Constabulary,-1.581581,54.794423,On or near Ghyll Field Road,E01020711,County Durham 023C,Violence and sexual offences,Local resolution,
6f65b8d2f6c3deef5fecee42b2694d91c1fc0fc766c2311230bceb1769be951a,2020-05,Durham Constabulary,Durham Constabulary,-1.588920,54.794627,On or near Gray Avenue,E01020711,County Durham 023C,Violence and sexual offences,Unable to prosecute suspect,
a36bbb09c9ac23adbe58674223725c6069e50945ad4e54152ee62a619cd25439,2020-05,Durham Constabulary,Durham Constabulary,-1.581581,54.794423,On or near Ghyll Field Road,E01020711,County Durham 023C,Violence and sexual offences,Local resolution,
af70d9aa10220a19fdc7f4a5f2ae5891567618d754b57bdcf463abdb3aca4b4e,2020-05,Durham Constabulary,Durham Constabulary,-1.594190,54.790215,On or near Dryburn Hill,E01020711,County Durham 023C,Violence and sexual offences,Further investigation is not in the public interest,
929aa09dd81c02a56612f298b379fddfa0696c8bb67353cd4bfa033663321598,2020-05,Durham Constabulary,Durham Constabulary,-1.578150,54.798329,On or near Ayden Grove,E01020720,County Durham 023D,Vehicle crime,Investigation complete; no suspect identified,
bfe8d79198a787330671bbb0ace7de907e17e32b9f58d997de33968dfd2ac4b2,2020-05,Durham Constabulary,Durham Constabulary,-1.572491,54.795164,On or near Kirkham Road,E01020720,County Durham 023D,Violence and sexual offences,Unable to prosecute suspect,
7737277f880d9f75f6f09f10e563cb61eada4ca5572637ae546bedc1a52f2f0e,2020-05,Durham Constabulary,Durham Constabulary,-1.576255,54.795132,On or near Fordham Road,E01020720,County Durham 023D,Violence and sexual offences,Unable to prosecute suspect,
e6ce04af976047642b3bb3ce92ea33e1690ca66b61c2e4964b5900646acc0b99,2020-05,Durham Constabulary,Durham Constabulary,-1.735522,54.782715,On or near Hedleyhill Lane,E01020646,County Durham 024A,Burglary,Investigation complete; no suspect identified,
47caf2cc17593fe735d078004beeee407a25946e86b80d8f1238cdb631a8a6d4,2020-05,Durham Constabulary,Durham Constabulary,-1.774837,54.792374,On or near Cornsay Lane,E01020646,County Durham 024A,Criminal damage and arson,Investigation complete; no suspect identified,
fd49624d863225d2fd38060b90f497cf85a52d9dd20d38f92ef9d0829f63dbcb,2020-05,Durham Constabulary,Durham Constabulary,-1.716173,54.777045,On or near Valley Drive,E01020646,County Durham 024A,Drugs,Offender given a drugs possession warning,
6585bdd8c2ed84f29e3e2aadce80b410bec98da7f2b026708c6b56cb8169a682,2020-05,Durham Constabulary,Durham Constabulary,-1.714739,54.777572,On or near Valley Garth,E01020646,County Durham 024A,Public order,Investigation complete; no suspect identified,
1ec8dedc8cca9a35763085bb18a02b9d2f7cd81d86d43f25c5f51508bded242e,2020-05,Durham Constabulary,Durham Constabulary,-1.714739,54.777572,On or near Valley Garth,E01020646,County Durham 024A,Violence and sexual offences,Court result unavailable,
,2020-05,Durham Constabulary,Durham Constabulary,-1.669158,54.800336,On or near Browney Court,E01020658,County Durham 024B,Anti-social behaviour,,
,2020-05,Durham Constabulary,Durham Constabulary,-1.665956,54.798225,On or near Park Close,E01020658,County Durham 024B,Anti-social behaviour,,
,2020-05,Durham Constabulary,Durham Constabulary,-1.665911,54.796041,On or near Hilltop View,E01020658,County Durham 024B,Anti-social behaviour,,
,2020-05,Durham Constabulary,Durham Constabulary,-1.669158,54.800336,On or near Browney Court,E01020658,County Durham 024B,Anti-social behaviour,,
,2020-05,Durham Constabulary,Durham Constabulary,-1.664586,54.788875,On or near College Road,E01020658,County Durham 024B,Anti-social behaviour,,
55a57163ce081fb78ba330d52a4de01ab357e908fa363f860f311507ba0ac3e7,2020-05,Durham Constabulary,Durham Constabulary,-1.667009,54.800690,On or near Hawthorne Terrace,E01020658,County Durham 024B,Burglary,Unable to prosecute suspect,
3e39855615457fc7cdf778835614c6b63a05e0f018041379ef8e42218bf666fb,2020-05,Durham Constabulary,Durham Constabulary,-1.664586,54.788875,On or near College Road,E01020658,County Durham 024B,Criminal damage and arson,Investigation complete; no suspect identified,
e7de22245b9e7db2c3a6f81547a9c494d909ae672929c27a6123930ef4732f4a,2020-05,Durham Constabulary,Durham Constabulary,-1.669158,54.800336,On or near Browney Court,E01020658,County Durham 024B,Criminal damage and arson,Investigation complete; no suspect identified,
170abf3f706d4f5db33dd5e5c96e54a50276e23a03df6d18e96910451d8b08dc,2020-05,Durham Constabulary,Durham Constabulary,-1.669364,54.797964,On or near Linden Mews,E01020658,County Durham 024B,Other theft,Unable to prosecute suspect,
dbd463f0cb50c0df32cc6075591e55745354f49b9d3736053ce349c2a7be9f0a,2020-05,Durham Constabulary,Durham Constabulary,-1.669158,54.800336,On or near Browney Court,E01020658,County Durham 024B,Shoplifting,Investigation complete; no suspect identified,
58dbcf20ecd65e7cd7deb174409494537738a4471689f63c7588be3d598efd6a,2020-05,Durham Constabulary,Durham Constabulary,-1.667009,54.800690,On or near Hawthorne Terrace,E01020658,County Durham 024B,Vehicle crime,Court result unavailable,
2fb13c3dc0bef55aab5f07e80d8a16e14cd9eca760623cfe3d6291da9ca585f4,2020-05,Durham Constabulary,Durham Constabulary,-1.665911,54.796041,On or near Hilltop View,E01020658,County Durham 024B,Vehicle crime,Investigation complete; no suspect identified,
a4ba75408b28aa039a912561250a9e38df2bd1cfac12a3ffdcca5caff6168f01,2020-05,Durham Constabulary,Durham Constabulary,-1.667714,54.800009,On or near Wood View,E01020658,County Durham 024B,Vehicle crime,Court result unavailable,
0f3338e60c8e3f15b08d1b70d070c82d8417d1f85d67f039e6737ec11d3bbcd6,2020-05,Durham Constabulary,Durham Constabulary,-1.667213,54.800493,On or near Bridge Street,E01020658,County Durham 024B,Vehicle crime,Court result unavailable,
7d45f6a60e0a9f3edbe6e37e482e5db0c2ff02ded355659f76ab39ff0d193b18,2020-05,Durham Constabulary,Durham Constabulary,-1.673949,54.800322,On or near Dale Street,E01020658,County Durham 024B,Violence and sexual offences,Unable to prosecute suspect,
b23274ebb1b66e265456f634742a115814f7ded3db515b4d3b03df28cf601dd5,2020-05,Durham Constabulary,Durham Constabulary,-1.673949,54.800322,On or near Dale Street,E01020658,County Durham 024B,Violence and sexual offences,Unable to prosecute suspect,
1aea3d4051104d9ebc916b8b5ea829723c2fff90e78b98eb2ad6df12b8d33b43,2020-05,Durham Constabulary,Durham Constabulary,-1.673949,54.800322,On or near Dale Street,E01020658,County Durham 024B,Violence and sexual offences,Unable to prosecute suspect,
b7518c2c4f539c8de7ff633dcd3fd04aca8f43ab4c7aa1b2398551769c2507d8,2020-05,Durham Constabulary,Durham Constabulary,-1.669364,54.797964,On or near Linden Mews,E01020658,County Durham 024B,Violence and sexual offences,Unable to prosecute suspect,
41dfb2d0573568036084444b88a2284c4438e16a2860fc0bf3e66621436845fd,2020-05,Durham Constabulary,Durham Constabulary,-1.665665,54.799491,On or near Bridge Way,E01020658,County Durham 024B,Violence and sexual offences,Unable to prosecute suspect,
7cd867cefdac045876f6650285a37b4038c9bf7006422e39a52590f3fcb87e7b,2020-05,Durham Constabulary,Durham Constabulary,-1.669455,54.796374,On or near Springwell Avenue,E01020658,County Durham 024B,Violence and sexual offences,Unable to prosecute suspect,
f41eccd87e66a72db3f16d0e16052bd67017608d62db1738b85858cb773e423a,2020-05,Durham Constabulary,Durham Constabulary,-1.673949,54.800322,On or near Dale Street,E01020658,County Durham 024B,Violence and sexual offences,Unable to prosecute suspect,
b78c4961c23a480a764dd2a62df8aff7f58365d2bb8516d2e2cfa957b7c6e929,2020-05,Durham Constabulary,Durham Constabulary,-1.673949,54.800322,On or near Dale Street,E01020658,County Durham 024B,Violence and sexual offences,Local resolution,
d3627579d9948e4fed8b717090d9bc81c67b58e50f4b3350a8cedf66ad3a1187,2020-05,Durham Constabulary,Durham Constabulary,-1.668553,54.796300,On or near Springwell Close,E01020658,County Durham 024B,Other crime,Action to be taken by another organisation,
,2020-05,Durham Constabulary,Durham Constabulary,-1.678019,54.797188,On or near Herrington Close,E01020659,County Durham 024C,Anti-social behaviour,,
,2020-05,Durham Constabulary,Durham Constabulary,-1.674090,54.798256,On or near Hazelwood Court,E01020659,County Durham 024C,Anti-social behaviour,,
,2020-05,Durham Constabulary,Durham Constabulary,-1.674505,54.798904,On or near Supermarket,E01020659,County Durham 024C,Anti-social behaviour,,
c26921a664ee84970d5be13cc7663383475f6d3ee451eeaf8ad031f01b107a07,2020-05,Durham Constabulary,Durham Constabulary,-1.670930,54.798571,On or near Supermarket,E01020659,County Durham 024C,Burglary,Unable to prosecute suspect,
3d496923c20ba2faa28d8f2d2112d1702c997f85a7d0aa99fd3f6831446d6747,2020-05,Durham Constabulary,Durham Constabulary,-1.682480,54.797523,On or near Stargate Close,E01020659,County Durham 024C,Burglary,Unable to prosecute suspect,
7d9fbdb52f2bee81cd4e98cd2be9302da4d31a73851279053c7b58ee385d2d8d,2020-05,Durham Constabulary,Durham Constabulary,-1.680613,54.797590,On or near Penshaw Close,E01020659,County Durham 024C,Burglary,Unable to prosecute suspect,
1daa510dd2ffd80b49bc2c10ec66644f36d52f0a452290b0d4f327cfb6fdcd61,2020-05,Durham Constabulary,Durham Constabulary,-1.670930,54.798571,On or near Supermarket,E01020659,County Durham 024C,Drugs,Local resolution,
3b5a52458c68e8f8e6f784b5bbdfa49ac76cfc24a08f976293d296dd7f5fe990,2020-05,Durham Constabulary,Durham Constabulary,-1.670930,54.798571,On or near Supermarket,E01020659,County Durham 024C,Robbery,Court result unavailable,
,2020-05,Durham Constabulary,Durham Constabulary,-1.712629,54.794516,On or near Hamsteels Lane,E01020660,County Durham 024D,Anti-social behaviour,,
263c4bc424b5a281979ed0335c6e438e0cfd59d2d9de53bf86e823370912a0ed,2020-05,Durham Constabulary,Durham Constabulary,-1.685827,54.799158,On or near Davis Crescent,E01020660,County Durham 024D,Criminal damage and arson,Investigation complete; no suspect identified,
06c43d9be76869f3e66fba63112085d264f894f4f0d416b8a81e8f7daa7be518,2020-05,Durham Constabulary,Durham Constabulary,-1.655995,54.806285,On or near Petrol Station,E01020660,County Durham 024D,Shoplifting,Investigation complete; no suspect identified,
540e2698fd6e5964d184c5a29e5f775614b072254a80b4cd7b81800793d172f9,2020-05,Durham Constabulary,Durham Constabulary,-1.717636,54.788075,On or near Sports/Recreation Area,E01020660,County Durham 024D,Violence and sexual offences,Unable to prosecute suspect,
b763db394e7427aac6bd8af60f8b361f3a89c26b802475e856dfb902cb69058f,2020-05,Durham Constabulary,Durham Constabulary,-1.685827,54.799158,On or near Davis Crescent,E01020660,County Durham 024D,Violence and sexual offences,Local resolution,
,2020-05,Durham Constabulary,Durham Constabulary,-1.334117,54.790649,On or near Cavell Square,E01020751,County Durham 025A,Anti-social behaviour,,
,2020-05,Durham Constabulary,Durham Constabulary,-1.334642,54.788980,On or near Easington Street,E01020751,County Durham 025A,Anti-social behaviour,,
,2020-05,Durham Constabulary,Durham Constabulary,-1.334642,54.788980,On or near Easington Street,E01020751,County Durham 025A,Anti-social behaviour,,
,2020-05,Durham Constabulary,Durham Constabulary,-1.332925,54.791235,On or near Holmhill Lane,E01020751,County Durham 025A,Anti-social behaviour,,
,2020-05,Durham Constabulary,Durham Constabulary,-1.335357,54.789011,On or near Oswald Terrace,E01020751,County Durham 025A,Anti-social behaviour,,
,2020-05,Durham Constabulary,Durham Constabulary,-1.332925,54.791235,On or near Holmhill Lane,E01020751,County Durham 025A,Anti-social behaviour,,
,2020-05,Durham Constabulary,Durham Constabulary,-1.335357,54.789011,On or near Oswald Terrace,E01020751,County Durham 025A,Anti-social behaviour,,
,2020-05,Durham Constabulary,Durham Constabulary,-1.334642,54.788980,On or near Easington Street,E01020751,County Durham 025A,Anti-social behaviour,,
7eeeb2a16f7d6505093942a943e17b88a05c5460f99e9f328c8d718233c06ee2,2020-05,Durham Constabulary,Durham Constabulary,-1.344092,54.787360,On or near Milton Lane,E01020751,County Durham 025A,Burglary,Court result unavailable,
391a737bbb9a19636ec29ca4b1efd31ba7cb19aee13ab4d117a81b9e7a44b63b,2020-05,Durham Constabulary,Durham Constabulary,-1.339765,54.788568,On or near Tennyson Road,E01020751,County Durham 025A,Criminal damage and arson,Investigation complete; no suspect identified,
5c0b9ba6ed9e4e0c1ef55ab4f7793c17d4335b453c1b20c8228db7ab707d5fe8,2020-05,Durham Constabulary,Durham Constabulary,-1.335357,54.789011,On or near Oswald Terrace,E01020751,County Durham 025A,Criminal damage and arson,Investigation complete; no suspect identified,
044ed98a5e362c2c62c01344eb8b56e420f0fe97a291eb7e69b263b26d83e24f,2020-05,Durham Constabulary,Durham Constabulary,-1.339765,54.788568,On or near Tennyson Road,E01020751,County Durham 025A,Other theft,Investigation complete; no suspect identified,
3c1e18fc414ff6f710f36323cd8e29656224f54db1639dade4a6e95342ef29be,2020-05,Durham Constabulary,Durham Constabulary,-1.332925,54.791235,On or near Holmhill Lane,E01020751,County Durham 025A,Other theft,Unable to prosecute suspect,
e10be11dd6de2f2b8ff65fedb9af432dfc167eb9e314d2bd8b71a47f1b30d518,2020-05,Durham Constabulary,Durham Constabulary,-1.338570,54.787465,On or near St Nicholas Terrace,E01020751,County Durham 025A,Public order,Unable to prosecute suspect,
f8169f9e8a6522ee8268c7492fd480fddbbbf74ea50f8eec11e9c26d20c65da5,2020-05,Durham Constabulary,Durham Constabulary,-1.332925,54.791235,On or near Holmhill Lane,E01020751,County Durham 025A,Public order,Unable to prosecute suspect,
81265a72cc4e56381f3fcab92fc751ea51ca4011fd19cbb03bf0e340b6d08d49,2020-05,Durham Constabulary,Durham Constabulary,-1.332925,54.791235,On or near Holmhill Lane,E01020751,County Durham 025A,Violence and sexual offences,Unable to prosecute suspect,
7bc835d3d5a0a0859e6b512b3138f6ccf3c656a4dd08973f133dca9e3f13cf1c,2020-05,Durham Constabulary,Durham Constabulary,-1.332925,54.791235,On or near Holmhill Lane,E01020751,County Durham 025A,Violence and sexual offences,Unable to prosecute suspect,
2f4ee7b9c6f526499a3b196e80ea61c4064d2385831d7c1b8840c6f41cce6833,2020-05,Durham Constabulary,Durham Constabulary,-1.335357,54.789011,On or near Oswald Terrace,E01020751,County Durham 025A,Violence and sexual offences,Unable to prosecute suspect,
dc122c149e5a292301658da1282a7836da1226c96117858fc786858459edbe8a,2020-05,Durham Constabulary,Durham Constabulary,-1.334642,54.788980,On or near Easington Street,E01020751,County Durham 025A,Violence and sexual offences,Unable to prosecute suspect,
4f984e4b094ce13c4f7e0c4d02a6a051b1433453ce0f938b0654f3692d4d77a6,2020-05,Durham Constabulary,Durham Constabulary,-1.332925,54.791235,On or near Holmhill Lane,E01020751,County Durham 025A,Violence and sexual offences,Investigation complete; no suspect identified,
5fc6a9292e6e01b14e662d8617624b5a49548f0df1c1a7fd095e78e5a6765033,2020-05,Durham Constabulary,Durham Constabulary,-1.344092,54.787360,On or near Milton Lane,E01020751,County Durham 025A,Violence and sexual offences,Unable to prosecute suspect,
eeef98473d2e9a2c577022c21cc9914fc7bad1d452f747620b8a8ff8b297d950,2020-05,Durham Constabulary,Durham Constabulary,-1.332925,54.791235,On or near Holmhill Lane,E01020751,County Durham 025A,Violence and sexual offences,Unable to prosecute suspect,
c2f42c9bec9ae2f7dd155c738c835ff704ea0afd9e84fb7ca40e8c832974bead,2020-05,Durham Constabulary,Durham Constabulary,-1.332925,54.791235,On or near Holmhill Lane,E01020751,County Durham 025A,Violence and sexual offences,Unable to prosecute suspect,
88b26453894558bdf28fcc42abdaf57d2e1f8b983f7a33709d2a5f0b8ef52376,2020-05,Durham Constabulary,Durham Constabulary,-1.342043,54.788104,On or near Wordsworth Road,E01020751,County Durham 025A,Violence and sexual offences,Court result unavailable,
,2020-05,Durham Constabulary,Durham Constabulary,-1.322758,54.788222,On or near B1283,E01020752,County Durham 025B,Anti-social behaviour,,
,2020-05,Durham Constabulary,Durham Constabulary,-1.322758,54.788222,On or near B1283,E01020752,County Durham 025B,Anti-social behaviour,,
,2020-05,Durham Constabulary,Durham Constabulary,-1.323276,54.788827,On or near Leech Court,E01020752,County Durham 025B,Anti-social behaviour,,
,2020-05,Durham Constabulary,Durham Constabulary,-1.323276,54.788827,On or near Leech Court,E01020752,County Durham 025B,Anti-social behaviour,,
,2020-05,Durham Constabulary,Durham Constabulary,-1.319953,54.787640,On or near Castle Street,E01020752,County Durham 025B,Anti-social behaviour,,
,2020-05,Durham Constabulary,Durham Constabulary,-1.324799,54.788908,On or near Anthony Street,E01020752,County Durham 025B,Anti-social behaviour,,
,2020-05,Durham Constabulary,Durham Constabulary,-1.323697,54.786933,On or near Bede Street,E01020752,County Durham 025B,Anti-social behaviour,,
,2020-05,Durham Constabulary,Durham Constabulary,-1.319300,54.788535,On or near Pedestrian Subway,E01020752,County Durham 025B,Anti-social behaviour,,
a183c307b205b8461a62439b898b6ee17e01d5fbee9b6044ae0d76441e1cd09a,2020-05,Durham Constabulary,Durham Constabulary,-1.320170,54.785844,On or near Station Road,E01020752,County Durham 025B,Burglary,Investigation complete; no suspect identified,
f428ecf2416ee993db8cd90c617e4fde702a2d711f82693cf404b21e653a5cef,2020-05,Durham Constabulary,Durham Constabulary,-1.330230,54.788704,On or near School Street,E01020752,County Durham 025B,Burglary,Investigation complete; no suspect identified,
e5711f9a82cfca1a7502e60680ddb93db3ff442b48bdcf3be5fbfcebab04c00f,2020-05,Durham Constabulary,Durham Constabulary,-1.324799,54.788908,On or near Anthony Street,E01020752,County Durham 025B,Burglary,Investigation complete; no suspect identified,
6bac635975870f899efae304c8f00cb916c5514cfd7dae7465da5c0532ebe410,2020-05,Durham Constabulary,Durham Constabulary,-1.326294,54.788790,On or near Avon Street,E01020752,County Durham 025B,Burglary,Investigation complete; no suspect identified,
36319fe41f772b729591a28b0d26c63ee30fcb11114ab4b09407586d036c518a,2020-05,Durham Constabulary,Durham Constabulary,-1.329524,54.788116,On or near Supermarket,E01020752,County Durham 025B,Burglary,Investigation complete; no suspect identified,
a8c4bc16ee22855cc25eeb901bbb0bbd8c5ace72d0c7c30ba214224d76562d6e,2020-05,Durham Constabulary,Durham Constabulary,-1.331738,54.788739,On or near Vincent Street,E01020752,County Durham 025B,Criminal damage and arson,Investigation complete; no suspect identified,
ad52fd57d1a90c8fd9c257e01a5d544e2e55ab1b546ab9df3feedc1141a8dc14,2020-05,Durham Constabulary,Durham Constabulary,-1.320170,54.785844,On or near Station Road,E01020752,County Durham 025B,Criminal damage and arson,Investigation complete; no suspect identified,
ba1ed70f0cd33c2768f14f860fa41bcff5fd89c0b61a3a784c9ed34434d1791e,2020-05,Durham Constabulary,Durham Constabulary,-1.325609,54.788840,On or near Angus Street,E01020752,County Durham 025B,Criminal damage and arson,Investigation complete; no suspect identified,
301a0c3cb2653cf9d8b27699b6772c602f393d464167d245c534eebde212c98d,2020-05,Durham Constabulary,Durham Constabulary,-1.329524,54.788116,On or near Supermarket,E01020752,County Durham 025B,Criminal damage and arson,Investigation complete; no suspect identified,
ee9aa88d0bd3eb818dfe587a32791322020073cdf5f052ac7d7b3ce7fe4d9b6d,2020-05,Durham Constabulary,Durham Constabulary,-1.323276,54.788827,On or near Leech Court,E01020752,County Durham 025B,Criminal damage and arson,Investigation complete; no suspect identified,
20e94e2d7db93c21ca73e7c1dfa195ac320ef0daea38b8802cb6c4a18994aa87,2020-05,Durham Constabulary,Durham Constabulary,-1.320451,54.788515,On or near Office Street,E01020752,County Durham 025B,Possession of weapons,Court result unavailable,
5393af696c0537733ae575548aa2b14b5f32cfe45030b16f7769395efd6615ac,2020-05,Durham Constabulary,Durham Constabulary,-1.322758,54.788222,On or near B1283,E01020752,County Durham 025B,Public order,Unable to prosecute suspect,
67f6b7d1875645d390925b6f21bcf1c65d83f0aec55af7258eda98588782799a,2020-05,Durham Constabulary,Durham Constabulary,-1.330230,54.788704,On or near School Street,E01020752,County Durham 025B,Public order,Court result unavailable,
acc427414d86ea36f8122af7c600380afee27cedfcddf879084d9ce6161d659f,2020-05,Durham Constabulary,Durham Constabulary,-1.322758,54.788222,On or near B1283,E01020752,County Durham 025B,Public order,Unable to prosecute suspect,
422caba480193f75481df251781c36ea820399bda6130bb17f04ea8c56138981,2020-05,Durham Constabulary,Durham Constabulary,-1.329524,54.788116,On or near Supermarket,E01020752,County Durham 025B,Shoplifting,Offender given penalty notice,
abc59a744f91f2d72cfc12945af52339b417bd84e89eef8e4fa9eb3937f04bca,2020-05,Durham Constabulary,Durham Constabulary,-1.329524,54.788116,On or near Supermarket,E01020752,County Durham 025B,Shoplifting,Local resolution,
5dcecfd6d2bbfd8600b251bfbee065bb8232ab4b52fc65ff4a3c8be92ae3bab1,2020-05,Durham Constabulary,Durham Constabulary,-1.324799,54.788908,On or near Anthony Street,E01020752,County Durham 025B,Shoplifting,Investigation complete; no suspect identified,
23f7c8524c172c1a1a489e8b3c48aab2664dc35a79c97e6b53ad8fd7aa90b77c,2020-05,Durham Constabulary,Durham Constabulary,-1.320451,54.788515,On or near Office Street,E01020752,County Durham 025B,Vehicle crime,Investigation complete; no suspect identified,
257cabf23026c1d356d4c29e78cd0ee585993ce20759dd05c9f530cc3c9cafba,2020-05,Durham Constabulary,Durham Constabulary,-1.326294,54.788790,On or near Avon Street,E01020752,County Durham 025B,Vehicle crime,Investigation complete; no suspect identified,
af290cb23efcdaa71dfb1d754d41e9704367325e58ba799599010f9653969d5b,2020-05,Durham Constabulary,Durham Constabulary,-1.319300,54.788535,On or near Pedestrian Subway,E01020752,County Durham 025B,Vehicle crime,Court result unavailable,
ae1af6a2b0a58fc70c6a9f393b011196072aeb86955fbf2a0eaa289fdbde9447,2020-05,Durham Constabulary,Durham Constabulary,-1.319953,54.787640,On or near Castle Street,E01020752,County Durham 025B,Violence and sexual offences,Unable to prosecute suspect,
1b3de5526239a15a60fe14d69336a0f84bd6558f7223f739ebfae3c74d6b067b,2020-05,Durham Constabulary,Durham Constabulary,-1.324799,54.788908,On or near Anthony Street,E01020752,County Durham 025B,Violence and sexual offences,Unable to prosecute suspect,
3d75b05d965e710fe0177b2748fe82b2659f8ebc55269ac8ad3163638b51dd0a,2020-05,Durham Constabulary,Durham Constabulary,-1.323697,54.786933,On or near Bede Street,E01020752,County Durham 025B,Violence and sexual offences,Unable to prosecute suspect,
a81c4deb239cd869f5c91905c37ae435ad86f6924415ce3797c1fea33595761a,2020-05,Durham Constabulary,Durham Constabulary,-1.319953,54.787640,On or near Castle Street,E01020752,County Durham 025B,Violence and sexual offences,Unable to prosecute suspect,
b979e4c2634866cb810ead68f9587e2a1084d587f3f50953998fab9ce18c05f3,2020-05,Durham Constabulary,Durham Constabulary,-1.319953,54.787640,On or near Castle Street,E01020752,County Durham 025B,Violence and sexual offences,Unable to prosecute suspect,
d1c8f42f4636fba9943990229efaa46f28aa5bd08030725d7e290dbe07116605,2020-05,Durham Constabulary,Durham Constabulary,-1.320170,54.785844,On or near Station Road,E01020752,County Durham 025B,Violence and sexual offences,Action to be taken by another organisation,
b718e38d20984c44efc60dbb324de18dcbbbaaa707d6821d5784b16a0903a184,2020-05,Durham Constabulary,Durham Constabulary,-1.323697,54.786933,On or near Bede Street,E01020752,County Durham 025B,Violence and sexual offences,Investigation complete; no suspect identified,
33cca6f6df19266b57d35a482aae72f3aa49efabc5da575d8b55ceb9e1d7ac03,2020-05,Durham Constabulary,Durham Constabulary,-1.319953,54.787640,On or near Castle Street,E01020752,County Durham 025B,Violence and sexual offences,Offender given a caution,
ea08cba1df4f7120dd48b27cea468eec869c439f479ed81664a4086bb206ec8a,2020-05,Durham Constabulary,Durham Constabulary,-1.319953,54.787640,On or near Castle Street,E01020752,County Durham 025B,Violence and sexual offences,Unable to prosecute suspect,
397d45d528722b2af36001712dcde86e96cc01a9dc6f35fab988afc0de22b652,2020-05,Durham Constabulary,Durham Constabulary,-1.320170,54.785844,On or near Station Road,E01020752,County Durham 025B,Violence and sexual offences,Action to be taken by another organisation,
4fc6208ea1614b93ef761c66e2976af46275fc545a5f94820cf5f1ac8a1712a9,2020-05,Durham Constabulary,Durham Constabulary,-1.319953,54.787640,On or near Castle Street,E01020752,County Durham 025B,Violence and sexual offences,Local resolution,
0a844152fa57ca2e7aea1f5bb0414321243ac0abd834f58eb45aaedfe2b69d90,2020-05,Durham Constabulary,Durham Constabulary,-1.331738,54.788739,On or near Vincent Street,E01020752,County Durham 025B,Violence and sexual offences,Investigation complete; no suspect identified,
9b0db9f749e6c296b907c22e7a52f7740edbc6fb0867c67e743b1bd8fa222345,2020-05,Durham Constabulary,Durham Constabulary,-1.319953,54.787640,On or near Castle Street,E01020752,County Durham 025B,Violence and sexual offences,Local resolution,
465ae6fa963278755a39ce36044ba6bc3738be8a507529a88a3d9bf3e51a1cd4,2020-05,Durham Constabulary,Durham Constabulary,-1.323697,54.786933,On or near Bede Street,E01020752,County Durham 025B,Other crime,Investigation complete; no suspect identified,
c3bb9535b83ed3115b35499330412cf48092f454b684ffbd031c71eee6ab1435,2020-05,Durham Constabulary,Durham Constabulary,-1.323697,54.786933,On or near Bede Street,E01020752,County Durham 025B,Other crime,Court result unavailable,
,2020-05,Durham Constabulary,Durham Constabulary,-1.344535,54.784990,On or near Burn Gardens,E01020754,County Durham 025C,Anti-social behaviour,,
,2020-05,Durham Constabulary,Durham Constabulary,-1.350165,54.783915,On or near Grange Avenue,E01020754,County Durham 025C,Anti-social behaviour,,
,2020-05,Durham Constabulary,Durham Constabulary,-1.354948,54.801887,On or near Stockton Road,E01020754,County Durham 025C,Anti-social behaviour,,
,2020-05,Durham Constabulary,Durham Constabulary,-1.350165,54.783915,On or near Grange Avenue,E01020754,County Durham 025C,Anti-social behaviour,,
ef880a67d4763e18f0ea835d302f9749b02d3e55b7baa41f99c487e4fd7ee56f,2020-05,Durham Constabulary,Durham Constabulary,-1.360030,54.804178,On or near Petrol Station,E01020754,County Durham 025C,Other theft,Unable to prosecute suspect,
195797a65f1e968ee377e8daab1769a6e723713c0db94b3a7effdabdece0176f,2020-05,Durham Constabulary,Durham Constabulary,-1.360030,54.804178,On or near Petrol Station,E01020754,County Durham 025C,Other theft,Investigation complete; no suspect identified,
a29482b87e74df6f2bc78dbe5a25c3f5bef196502e469c80ac9b779cc0bac34a,2020-05,Durham Constabulary,Durham Constabulary,-1.359588,54.802585,On or near Petrol Station,E01020754,County Durham 025C,Other theft,Investigation complete; no suspect identified,
ed47e9b4c38eb13d50783b7ac62e47875c99bcaf71df03c90b16a3b3536b5250,2020-05,Durham Constabulary,Durham Constabulary,-1.353568,54.792848,On or near Race Track,E01020754,County Durham 025C,Public order,Investigation complete; no suspect identified,
05703d6ccf02d2139416c0a3b075266f33f91b4c6cce126c3f0fc3bfe1d9db33,2020-05,Durham Constabulary,Durham Constabulary,-1.350165,54.783915,On or near Grange Avenue,E01020754,County Durham 025C,Public order,Local resolution,
1803285a3c743f47d274e2940812b135360d973c3600f007db5cf85c71b593b9,2020-05,Durham Constabulary,Durham Constabulary,-1.354484,54.785106,On or near Rosemary Lane,E01020754,County Durham 025C,Violence and sexual offences,Unable to prosecute suspect,
f23e19877c964a33be0496abe3888409b48db40e1fd5fcd41810ccdcdb694b9b,2020-05,Durham Constabulary,Durham Constabulary,-1.357535,54.784924,On or near Essyn Court,E01020754,County Durham 025C,Violence and sexual offences,Court result unavailable,
f8f1cbb29a09a80fab09daff2b9595f7a3459553c30dc52334fd92e6ee2c39a6,2020-05,Durham Constabulary,Durham Constabulary,-1.354484,54.785106,On or near Rosemary Lane,E01020754,County Durham 025C,Other crime,Unable to prosecute suspect,
,2020-05,Durham Constabulary,Durham Constabulary,-1.353706,54.787142,On or near Fennel Grove,E01020756,County Durham 025D,Anti-social behaviour,,
,2020-05,Durham Constabulary,Durham Constabulary,-1.383397,54.783702,On or near Pesspool Lane,E01020756,County Durham 025D,Anti-social behaviour,,
,2020-05,Durham Constabulary,Durham Constabulary,-1.353706,54.787142,On or near Fennel Grove,E01020756,County Durham 025D,Anti-social behaviour,,
faa935796edef9370ec84bc13d718dbfa0425b0a70d3cb01835c3a99fba74ed6,2020-05,Durham Constabulary,Durham Constabulary,-1.353706,54.787142,On or near Fennel Grove,E01020756,County Durham 025D,Criminal damage and arson,Investigation complete; no suspect identified,
ca6a02b01d97869439c42efcc597dd1856edef6b6dfd792eb14d4f5181e6fd63,2020-05,Durham Constabulary,Durham Constabulary,-1.347947,54.785520,On or near Seaside Lane,E01020756,County Durham 025D,Criminal damage and arson,Court result unavailable,
f30d4843b4cce6be093afe50025742380c06b3981ed1037c6a98af1eb9fa8395,2020-05,Durham Constabulary,Durham Constabulary,-1.366430,54.772938,On or near Hackworth Road,E01020756,County Durham 025D,Vehicle crime,Investigation complete; no suspect identified,
83ff8dc0adaac100480def7a890a0e686a83e4bfb5b853bd8e8e55e40b134905,2020-05,Durham Constabulary,Durham Constabulary,-1.353344,54.784444,On or near Sunderland Road,E01020756,County Durham 025D,Vehicle crime,Suspect charged as part of another case,
9f3f723edb79d46e84acb86e62bc4f9ce845c594034169689ec16431cda3b704,2020-05,Durham Constabulary,Durham Constabulary,-1.351960,54.784446,On or near B1432,E01020756,County Durham 025D,Violence and sexual offences,Unable to prosecute suspect,
a3760302e50826c81c803851cf890ae7ddf2ff163c647dfa71d9839168819b0a,2020-05,Durham Constabulary,Durham Constabulary,-1.347947,54.785520,On or near Seaside Lane,E01020756,County Durham 025D,Violence and sexual offences,Unable to prosecute suspect,
b6f7ca8f1b642cf7e2e63e33d9e600fc3191bedc8adaf76bfdf46cc43f59becb,2020-05,Durham Constabulary,Durham Constabulary,-1.346075,54.778186,On or near Thorpe Road,E01020756,County Durham 025D,Violence and sexual offences,Investigation complete; no suspect identified,
02d8b67fe0f453af6d9cecce7f2127894296095b5b50ff7cd9efd2a0483a9128,2020-05,Durham Constabulary,Durham Constabulary,-1.383397,54.783702,On or near Pesspool Lane,E01020756,County Durham 025D,Violence and sexual offences,Unable to prosecute suspect,
cfee9a0ccb13a3b5639fb4ceb37c40eeb5f5884c12c76fa18ce3c2081590a7e0,2020-05,Durham Constabulary,Durham Constabulary,-1.347947,54.785520,On or near Seaside Lane,E01020756,County Durham 025D,Violence and sexual offences,Unable to prosecute suspect,
d6144daad301e1ac5c29227c64f9a15a9654db584458943662dbd13c4cdb39ff,2020-05,Durham Constabulary,Durham Constabulary,-1.366522,54.784981,On or near Hall Walks,E01020756,County Durham 025D,Other crime,Investigation complete; no suspect identified,
,2020-05,Durham Constabulary,Durham Constabulary,-1.630607,54.783906,On or near Byland Court,E01020679,County Durham 026A,Anti-social behaviour,,
,2020-05,Durham Constabulary,Durham Constabulary,-1.641270,54.784225,On or near Quarry Crescent,E01020679,County Durham 026A,Anti-social behaviour,,
,2020-05,Durham Constabulary,Durham Constabulary,-1.635218,54.784657,On or near Ritson Avenue,E01020679,County Durham 026A,Anti-social behaviour,,
,2020-05,Durham Constabulary,Durham Constabulary,-1.639328,54.784031,On or near Woodland Close,E01020679,County Durham 026A,Anti-social behaviour,,
edbc92325d0e294111057baae68854561f1db4c690692f12301a07b19bf15305,2020-05,Durham Constabulary,Durham Constabulary,-1.630607,54.783906,On or near Byland Court,E01020679,County Durham 026A,Bicycle theft,Investigation complete; no suspect identified,
44b1a9b1390a84accad935e461f48acfdc69b783261731663fe69659ec13baba,2020-05,Durham Constabulary,Durham Constabulary,-1.632496,54.783076,On or near Auton Stile,E01020679,County Durham 026A,Criminal damage and arson,Local resolution,
078035e448fedf0a49b0b0a467a3c36e392db4fe4930c1116219e36a4bf281dd,2020-05,Durham Constabulary,Durham Constabulary,-1.641371,54.785196,On or near East Side Avenue,E01020679,County Durham 026A,Drugs,Further investigation is not in the public interest,
6e4710a80f86b7ee5c1c8e7f9fec5bdd4fb886b39f9f385cee652c606a5f7d37,2020-05,Durham Constabulary,Durham Constabulary,-1.630544,54.782207,On or near Auton Close,E01020679,County Durham 026A,Possession of weapons,Court result unavailable,
0cede9a88a3f274ab9dddcc8ce2a56c302c5072da7c5477531b4f72251cabbcf,2020-05,Durham Constabulary,Durham Constabulary,-1.640142,54.786990,On or near Edmund Court,E01020679,County Durham 026A,Public order,Local resolution,
1fc3d8040d9316313b9569eae723ad975517b4fa5cf74626f6f7cb29a5c66ccc,2020-05,Durham Constabulary,Durham Constabulary,-1.630544,54.782207,On or near Auton Close,E01020679,County Durham 026A,Public order,Court result unavailable,
35f86508a367de71ab9407d3b24c8555f09f32881207874979ba6a3eb95fa71d,2020-05,Durham Constabulary,Durham Constabulary,-1.641371,54.785196,On or near East Side Avenue,E01020679,County Durham 026A,Public order,Unable to prosecute suspect,
a5b9f5708be5c23bac3ba2173e3238fd4d97cdcb59eeafa6f2f1197e18e9740e,2020-05,Durham Constabulary,Durham Constabulary,-1.632496,54.783076,On or near Auton Stile,E01020679,County Durham 026A,Public order,Court result unavailable,
f19f2197997e506adcb9e7d43a552893dd499ceb1d3dbf3e26151e6d8b8c9d11,2020-05,Durham Constabulary,Durham Constabulary,-1.641936,54.786339,On or near Hollyside Close,E01020679,County Durham 026A,Violence and sexual offences,Unable to prosecute suspect,
5db9eea8fdb30f265c5a52515eb1f84af49a123fad60c3f5668500261ea1f55f,2020-05,Durham Constabulary,Durham Constabulary,-1.643506,54.782857,On or near Whitehouse Lane,E01020679,County Durham 026A,Violence and sexual offences,Court result unavailable,
90ac5e3e074d22501c042eeaa706bfd54bae5226af5acfa2a45a5ced23a32fc9,2020-05,Durham Constabulary,Durham Constabulary,-1.641371,54.785196,On or near East Side Avenue,E01020679,County Durham 026A,Violence and sexual offences,Unable to prosecute suspect,
e63089782f30b718cdbd1a7f7a5b70c1ba53ca0cc60a2e81148c3321a65d3bb4,2020-05,Durham Constabulary,Durham Constabulary,-1.643506,54.782857,On or near Whitehouse Lane,E01020679,County Durham 026A,Violence and sexual offences,Court result unavailable,
0674482a2545f0a0d955039cbbb894213e95c235b7a40561b3d236f32f203152,2020-05,Durham Constabulary,Durham Constabulary,-1.630544,54.782207,On or near Auton Close,E01020679,County Durham 026A,Violence and sexual offences,Action to be taken by another organisation,
06f9ee36fb8c6993b7a21a651c20d228ab98f1992b20c50a8922276753ffac9d,2020-05,Durham Constabulary,Durham Constabulary,-1.630544,54.782207,On or near Auton Close,E01020679,County Durham 026A,Violence and sexual offences,Unable to prosecute suspect,
b187274b1943859ef5fa2ef6726d80528dde6584fed59dbd801f0c17bd19495a,2020-05,Durham Constabulary,Durham Constabulary,-1.641371,54.785196,On or near East Side Avenue,E01020679,County Durham 026A,Violence and sexual offences,Unable to prosecute suspect,
57dbdf120eed0ca1987a5f1fd6eb2e8ec01fca0670642f899784bed13ef03c1b,2020-05,Durham Constabulary,Durham Constabulary,-1.634419,54.785283,On or near Cook Avenue,E01020679,County Durham 026A,Violence and sexual offences,Local resolution,
96621663cb28a400f06c3c1d00c3aefa8c11f4220c28ff7563120c8472bb3d81,2020-05,Durham Constabulary,Durham Constabulary,-1.634419,54.785283,On or near Cook Avenue,E01020679,County Durham 026A,Violence and sexual offences,Local resolution,
,2020-05,Durham Constabulary,Durham Constabulary,-1.625716,54.781455,On or near Aldin Rise,E01020680,County Durham 026B,Anti-social behaviour,,
,2020-05,Durham Constabulary,Durham Constabulary,-1.612861,54.802264,On or near Trout'S Lane,E01020680,County Durham 026B,Anti-social behaviour,,
e41126dd838f004e0cc495c5e9ceb40d7dc5e8ccfca3c3e39b0141a7b27cb3d6,2020-05,Durham Constabulary,Durham Constabulary,-1.660001,54.801605,On or near Firs Terrace,E01020680,County Durham 026B,Burglary,Unable to prosecute suspect,
fea5d3154fb7642e97d43fa4cda0db253c1f3d5560706c226c575a976d38f34a,2020-05,Durham Constabulary,Durham Constabulary,-1.660001,54.801605,On or near Firs Terrace,E01020680,County Durham 026B,Burglary,Investigation complete; no suspect identified,
0af243a140c15f2b0e0ca283e9d670640446b252dad9ca345c50ce98503473b3,2020-05,Durham Constabulary,Durham Constabulary,-1.634173,54.807407,On or near Deneside,E01020680,County Durham 026B,Burglary,Investigation complete; no suspect identified,
8ca6a8db948400e8794db22ee6ac6dbf278c4e2d0a6e577b291e3a793bacf4f3,2020-05,Durham Constabulary,Durham Constabulary,-1.612861,54.802264,On or near Trout'S Lane,E01020680,County Durham 026B,Criminal damage and arson,Unable to prosecute suspect,
2bcd3a6698672daf641452b4b6bcdf2782951af4fef84c8d98b0d154b850727c,2020-05,Durham Constabulary,Durham Constabulary,-1.612861,54.802264,On or near Trout'S Lane,E01020680,County Durham 026B,Criminal damage and arson,Local resolution,
c067b50a661ba09615588b53a9af8874d5ab3e0e051cfd1429e4870ed9ad1bcb,2020-05,Durham Constabulary,Durham Constabulary,-1.660001,54.801605,On or near Firs Terrace,E01020680,County Durham 026B,Drugs,Offender given a drugs possession warning,
b6b9de0fe55386d14f8aa8530a37ecd6b679bf97fc42b9132a760b41da985ad3,2020-05,Durham Constabulary,Durham Constabulary,-1.636739,54.805779,On or near Newton Street,E01020680,County Durham 026B,Other theft,Investigation complete; no suspect identified,
8b70abcb20d41b732a0f5c38bb03f3b6c8d07bb8b192a41d605f2af75946d2f7,2020-05,Durham Constabulary,Durham Constabulary,-1.640876,54.805909,On or near Chapel Court,E01020680,County Durham 026B,Public order,Further investigation is not in the public interest,
1ca864f67b2658a7ac5a17e8bc099cbb034f8a906fb603000202015412193ece,2020-05,Durham Constabulary,Durham Constabulary,-1.634173,54.807407,On or near Deneside,E01020680,County Durham 026B,Robbery,Court result unavailable,
d3208537602db6ddaa42c7d82dba67f30764d902a51842a0101430829d2cf716,2020-05,Durham Constabulary,Durham Constabulary,-1.634173,54.807407,On or near Deneside,E01020680,County Durham 026B,Shoplifting,Court result unavailable,
15b17e610ce469d720843b67d87f4707bcd43b0cc5fad6a63b7f4973ede50b4b,2020-05,Durham Constabulary,Durham Constabulary,-1.660001,54.801605,On or near Firs Terrace,E01020680,County Durham 026B,Vehicle crime,Investigation complete; no suspect identified,
797a1153d75cc9e563646be9386aa597567e8b186f9dca388d68602de4a8b137,2020-05,Durham Constabulary,Durham Constabulary,-1.612861,54.802264,On or near Trout'S Lane,E01020680,County Durham 026B,Violence and sexual offences,Local resolution,
6ab525ccd83d0ee0cce4bcbdaacc75c560b532c049cf93ab6ef207a07fdb864c,2020-05,Durham Constabulary,Durham Constabulary,-1.639713,54.805501,On or near Front Street,E01020680,County Durham 026B,Violence and sexual offences,Unable to prosecute suspect,
175db7ae3fe0184ccaa9a0b6ea2565513fabd0515ce2ba41cfacb8e7fe637742,2020-05,Durham Constabulary,Durham Constabulary,-1.612861,54.802264,On or near Trout'S Lane,E01020680,County Durham 026B,Violence and sexual offences,Status update unavailable,
aadabe9bc736d860eee8f8b8a9f594eefd600b9759b3f29cd7da97888c61640a,2020-05,Durham Constabulary,Durham Constabulary,-1.634173,54.807407,On or near Deneside,E01020680,County Durham 026B,Violence and sexual offences,Further action is not in the public interest,
,2020-05,Durham Constabulary,Durham Constabulary,-1.636184,54.810478,On or near Norburn Park,E01020681,County Durham 026C,Anti-social behaviour,,
,2020-05,Durham Constabulary,Durham Constabulary,-1.633239,54.809175,On or near Durham Gardens,E01020681,County Durham 026C,Anti-social behaviour,,
5a43f1df5d4244ad71ecdabc1234c6198ebe027d4a8c5661b905dc0ed3f50423,2020-05,Durham Constabulary,Durham Constabulary,-1.631989,54.811472,On or near Rose Lea,E01020681,County Durham 026C,Public order,Further investigation is not in the public interest,
,2020-05,Durham Constabulary,Durham Constabulary,-1.628925,54.775651,On or near Hollywell Court,E01020714,County Durham 026D,Anti-social behaviour,,
,2020-05,Durham Constabulary,Durham Constabulary,-1.630737,54.774677,On or near Beech Grove,E01020714,County Durham 026D,Anti-social behaviour,,
,2020-05,Durham Constabulary,Durham Constabulary,-1.628925,54.775651,On or near Hollywell Court,E01020714,County Durham 026D,Anti-social behaviour,,
,2020-05,Durham Constabulary,Durham Constabulary,-1.624488,54.771342,On or near Broom Lane,E01020714,County Durham 026D,Anti-social behaviour,,
,2020-05,Durham Constabulary,Durham Constabulary,-1.621118,54.769300,On or near Cooke'S Wood,E01020714,County Durham 026D,Anti-social behaviour,,
c63480a5609c2925b338beb723cdf0a5379c27927d9f63f37e068e09d5e9ff1f,2020-05,Durham Constabulary,Durham Constabulary,-1.633080,54.775241,On or near Valley View,E01020714,County Durham 026D,Criminal damage and arson,Unable to prosecute suspect,
906ee051ad4ddc057398f7cad3c195ca3a79125c6a3ebee96c76880e47ee8cea,2020-05,Durham Constabulary,Durham Constabulary,-1.640188,54.769475,On or near Mill Lane,E01020714,County Durham 026D,Other theft,Investigation complete; no suspect identified,
428812449253d14affb229bf1894d1f7db29978dd732a9acde957e60a71ad897,2020-05,Durham Constabulary,Durham Constabulary,-1.628925,54.775651,On or near Hollywell Court,E01020714,County Durham 026D,Violence and sexual offences,Unable to prosecute suspect,
7580ece007e1fdf5ad7e4a63f8ee156eba211b7274aa1c4cacfab9f363bcd3fd,2020-05,Durham Constabulary,Durham Constabulary,-1.631273,54.773861,On or near Thornley Close,E01020714,County Durham 026D,Violence and sexual offences,Unable to prosecute suspect,
77f866df2e000b6485357a2f368144b36b3e49d2052672bc9ad92a5e32b74557,2020-05,Durham Constabulary,Durham Constabulary,-1.631273,54.773861,On or near Thornley Close,E01020714,County Durham 026D,Violence and sexual offences,Further investigation is not in the public interest,
,2020-05,Durham Constabulary,Durham Constabulary,-1.637159,54.779765,On or near Aldridge Court,E01020716,County Durham 026E,Anti-social behaviour,,
,2020-05,Durham Constabulary,Durham Constabulary,-1.635900,54.776175,On or near Broom Crescent,E01020716,County Durham 026E,Anti-social behaviour,,
,2020-05,Durham Constabulary,Durham Constabulary,-1.644617,54.780281,On or near Whitehouse Lane,E01020716,County Durham 026E,Anti-social behaviour,,
,2020-05,Durham Constabulary,Durham Constabulary,-1.637159,54.779765,On or near Aldridge Court,E01020716,County Durham 026E,Anti-social behaviour,,
,2020-05,Durham Constabulary,Durham Constabulary,-1.635900,54.776175,On or near Broom Crescent,E01020716,County Durham 026E,Anti-social behaviour,,
,2020-05,Durham Constabulary,Durham Constabulary,-1.636285,54.776653,On or near Lilac Park,E01020716,County Durham 026E,Anti-social behaviour,,
ad58ecd6f7504a539a900bc8cf381d56749f60b5af2d99aefe3411d27401a5df,2020-05,Durham Constabulary,Durham Constabulary,-1.637159,54.779765,On or near Aldridge Court,E01020716,County Durham 026E,Public order,Unable to prosecute suspect,
5ae5cdd8a42290f150793deb6cd0a96243b59229b058676fe715b40646c8b041,2020-05,Durham Constabulary,Durham Constabulary,-1.638031,54.777817,On or near Oakridge Road,E01020716,County Durham 026E,Public order,Further investigation is not in the public interest,
6beeafb97eb71aa8e9fa1373a94ab44156a296878c8ff70ce5747b07d2a0a357,2020-05,Durham Constabulary,Durham Constabulary,-1.640102,54.779171,On or near New Acres,E01020716,County Durham 026E,Violence and sexual offences,Unable to prosecute suspect,
68b98c3963444268455a54f1f1b11a8699c4db3d77427933368189349ca76e9a,2020-05,Durham Constabulary,Durham Constabulary,-1.637671,54.781581,On or near Further/Higher Educational Building,E01020716,County Durham 026E,Violence and sexual offences,Unable to prosecute suspect,
17c4a25bbe379f05f6d69238106e1ed245cd0aa3a73ed3191ac5ca714dee71a3,2020-05,Durham Constabulary,Durham Constabulary,-1.637671,54.781581,On or near Further/Higher Educational Building,E01020716,County Durham 026E,Violence and sexual offences,Unable to prosecute suspect,
cfa17ad8fa7ae9d9f3c99203d3db496653d03b97781d17bb28435f5afaa8378e,2020-05,Durham Constabulary,Durham Constabulary,-1.644617,54.780281,On or near Whitehouse Lane,E01020716,County Durham 026E,Violence and sexual offences,Unable to prosecute suspect,
8bcf709795dc6c1c114175a478a75a2f0d080cc634ff0f6ee81f96bb2fc7f475,2020-05,Durham Constabulary,Durham Constabulary,-1.636285,54.776653,On or near Lilac Park,E01020716,County Durham 026E,Violence and sexual offences,Unable to prosecute suspect,
5ed521a8c0381bb4ed5a186472a86c7033e60ac80e02bb22717d3c15c7b75eb5,2020-05,Durham Constabulary,Durham Constabulary,-1.637159,54.779765,On or near Aldridge Court,E01020716,County Durham 026E,Violence and sexual offences,Unable to prosecute suspect,
,2020-05,Durham Constabulary,Durham Constabulary,-1.472096,54.784308,On or near Plantation Avenue,E01020725,County Durham 027A,Anti-social behaviour,,
,2020-05,Durham Constabulary,Durham Constabulary,-1.484126,54.789599,On or near Coalford Lane,E01020725,County Durham 027A,Anti-social behaviour,,
,2020-05,Durham Constabulary,Durham Constabulary,-1.490866,54.792773,On or near Sports/Recreation Area,E01020725,County Durham 027A,Anti-social behaviour,,
,2020-05,Durham Constabulary,Durham Constabulary,-1.484126,54.789599,On or near Coalford Lane,E01020725,County Durham 027A,Anti-social behaviour,,
,2020-05,Durham Constabulary,Durham Constabulary,-1.472096,54.784308,On or near Plantation Avenue,E01020725,County Durham 027A,Anti-social behaviour,,
,2020-05,Durham Constabulary,Durham Constabulary,-1.484126,54.789599,On or near Coalford Lane,E01020725,County Durham 027A,Anti-social behaviour,,
,2020-05,Durham Constabulary,Durham Constabulary,-1.501558,54.816218,On or near Ronan Mews,E01020726,County Durham 027B,Anti-social behaviour,,
,2020-05,Durham Constabulary,Durham Constabulary,-1.498299,54.816690,On or near The Dene,E01020726,County Durham 027B,Anti-social behaviour,,
,2020-05,Durham Constabulary,Durham Constabulary,-1.504389,54.815008,On or near Finchale Court,E01020726,County Durham 027B,Anti-social behaviour,,
,2020-05,Durham Constabulary,Durham Constabulary,-1.504389,54.815008,On or near Finchale Court,E01020726,County Durham 027B,Anti-social behaviour,,
,2020-05,Durham Constabulary,Durham Constabulary,-1.501454,54.814547,On or near St Mary'S Drive,E01020726,County Durham 027B,Anti-social behaviour,,
c75f37a9162c0d1edc91b6c5a62baf629ac8d9cfa025a5519e75169e5497caf0,2020-05,Durham Constabulary,Durham Constabulary,-1.501558,54.816218,On or near Ronan Mews,E01020726,County Durham 027B,Criminal damage and arson,Investigation complete; no suspect identified,
4e26af49f303463f6d2ddd64461a23ee816383097b0771b74ab6d795a500de5a,2020-05,Durham Constabulary,Durham Constabulary,-1.503379,54.809810,On or near A690,E01020726,County Durham 027B,Other theft,Investigation complete; no suspect identified,
e9bc74a1eada996781520fa423d17d8e7ed176c0e8f8ab4f9ec3712dafe716b3,2020-05,Durham Constabulary,Durham Constabulary,-1.504389,54.815008,On or near Finchale Court,E01020726,County Durham 027B,Violence and sexual offences,Unable to prosecute suspect,
,2020-05,Durham Constabulary,Durham Constabulary,-1.504719,54.813517,On or near Fair View,E01020727,County Durham 027C,Anti-social behaviour,,
,2020-05,Durham Constabulary,Durham Constabulary,-1.515270,54.813407,On or near Low Station Road,E01020727,County Durham 027C,Anti-social behaviour,,
,2020-05,Durham Constabulary,Durham Constabulary,-1.502455,54.812852,On or near Rainton View,E01020727,County Durham 027C,Anti-social behaviour,,
,2020-05,Durham Constabulary,Durham Constabulary,-1.504719,54.813517,On or near Fair View,E01020727,County Durham 027C,Anti-social behaviour,,
,2020-05,Durham Constabulary,Durham Constabulary,-1.505445,54.811391,On or near Woodland View,E01020727,County Durham 027C,Anti-social behaviour,,
,2020-05,Durham Constabulary,Durham Constabulary,-1.512061,54.813682,On or near Finchale View,E01020727,County Durham 027C,Anti-social behaviour,,
,2020-05,Durham Constabulary,Durham Constabulary,-1.515270,54.813407,On or near Low Station Road,E01020727,County Durham 027C,Anti-social behaviour,,
,2020-05,Durham Constabulary,Durham Constabulary,-1.512061,54.813682,On or near Finchale View,E01020727,County Durham 027C,Anti-social behaviour,,
,2020-05,Durham Constabulary,Durham Constabulary,-1.504719,54.813517,On or near Fair View,E01020727,County Durham 027C,Anti-social behaviour,,
,2020-05,Durham Constabulary,Durham Constabulary,-1.502455,54.812852,On or near Rainton View,E01020727,County Durham 027C,Anti-social behaviour,,
,2020-05,Durham Constabulary,Durham Constabulary,-1.505445,54.811391,On or near Woodland View,E01020727,County Durham 027C,Anti-social behaviour,,
,2020-05,Durham Constabulary,Durham Constabulary,-1.512061,54.813682,On or near Finchale View,E01020727,County Durham 027C,Anti-social behaviour,,
,2020-05,Durham Constabulary,Durham Constabulary,-1.515270,54.813407,On or near Low Station Road,E01020727,County Durham 027C,Anti-social behaviour,,
,2020-05,Durham Constabulary,Durham Constabulary,-1.512061,54.813682,On or near Finchale View,E01020727,County Durham 027C,Anti-social behaviour,,
,2020-05,Durham Constabulary,Durham Constabulary,-1.505445,54.811391,On or near Woodland View,E01020727,County Durham 027C,Anti-social behaviour,,
,2020-05,Durham Constabulary,Durham Constabulary,-1.506294,54.811897,On or near Chapel View,E01020727,County Durham 027C,Anti-social behaviour,,
72edca08a6cd35fff73c18e41a3b6f981f154e6704c296e6203c1c152ecb1eb6,2020-05,Durham Constabulary,Durham Constabulary,-1.508217,54.816326,On or near Adventure Lane,E01020727,County Durham 027C,Burglary,Unable to prosecute suspect,
dc6cb824869f8f7ef08b2a1543f6a750e930710a937b56d5b4019cbfb44a4234,2020-05,Durham Constabulary,Durham Constabulary,-1.505445,54.811391,On or near Woodland View,E01020727,County Durham 027C,Criminal damage and arson,Court result unavailable,
110fcc201143b4263d2a3a88427938f98c20990e404568519efd163e1accf2e1,2020-05,Durham Constabulary,Durham Constabulary,-1.505445,54.811391,On or near Woodland View,E01020727,County Durham 027C,Criminal damage and arson,Unable to prosecute suspect,
b3b079dedb480730f4dd4a0a018fef8ad4792c30587836f601e276d57d263cc9,2020-05,Durham Constabulary,Durham Constabulary,-1.502455,54.812852,On or near Rainton View,E01020727,County Durham 027C,Other theft,Unable to prosecute suspect,
5aacdd9e39ad5d6711f015cceaddfbbd49d4b354167486e7d5167a26da68bae9,2020-05,Durham Constabulary,Durham Constabulary,-1.502455,54.812852,On or near Rainton View,E01020727,County Durham 027C,Violence and sexual offences,Unable to prosecute suspect,
26d27fa68a5929528995aabb8aa887ac02ee62eb69dc4ccc4f4984e0ae1a028c,2020-05,Durham Constabulary,Durham Constabulary,-1.508217,54.816326,On or near Adventure Lane,E01020727,County Durham 027C,Violence and sexual offences,Unable to prosecute suspect,
2d1e5daf8a4576ab5cdcce054c9b9fc26e714e3bee6a3cc1cfd911c3f36420c2,2020-05,Durham Constabulary,Durham Constabulary,-1.518191,54.821561,On or near Pithouse Lane,E01020727,County Durham 027C,Violence and sexual offences,Unable to prosecute suspect,
b7c7ccf74a53372b38525b7dc7c349b49ed1120f2a2ce0040cdcad67e06b093e,2020-05,Durham Constabulary,Durham Constabulary,-1.508907,54.813283,On or near Prospect View,E01020727,County Durham 027C,Violence and sexual offences,Unable to prosecute suspect,
a701d1dc2a3398ec5e0c00ae1913509c13878ee4a6ea40d87377683810fe72b0,2020-05,Durham Constabulary,Durham Constabulary,-1.518191,54.821561,On or near Pithouse Lane,E01020727,County Durham 027C,Violence and sexual offences,Unable to prosecute suspect,
514a5b51a2a38e88d5c3bf67805f9aa90c6bdd3ce5434a48cce97f30f3edeedf,2020-05,Durham Constabulary,Durham Constabulary,-1.508907,54.813283,On or near Prospect View,E01020727,County Durham 027C,Violence and sexual offences,Unable to prosecute suspect,
fae64a56cd70cf3dbc46fce337312a4087c4ce8b90d458ceb0d35f9608c11dc3,2020-05,Durham Constabulary,Durham Constabulary,-1.502455,54.812852,On or near Rainton View,E01020727,County Durham 027C,Violence and sexual offences,Unable to prosecute suspect,
c8145fe4e24a375ce8f6e73b0e4591b7db8dc89e9bbd8fa8e1a5b5a829f06dc6,2020-05,Durham Constabulary,Durham Constabulary,-1.502455,54.812852,On or near Rainton View,E01020727,County Durham 027C,Violence and sexual offences,Further action is not in the public interest,
5a2832b9399c4c70d0140ee04bba6a22d7cb642053b0b05b7775bebb9d488514,2020-05,Durham Constabulary,Durham Constabulary,-1.502455,54.812852,On or near Rainton View,E01020727,County Durham 027C,Violence and sexual offences,Unable to prosecute suspect,
250b24799dbf6e0eb54b19def6cd572c16f9ba2025a6bfe33c10ac80eb900f1f,2020-05,Durham Constabulary,Durham Constabulary,-1.507224,54.812216,On or near School View,E01020727,County Durham 027C,Other crime,Unable to prosecute suspect,
,2020-05,Durham Constabulary,Durham Constabulary,-1.473177,54.752527,On or near A181,E01020729,County Durham 027D,Anti-social behaviour,,
,2020-05,Durham Constabulary,Durham Constabulary,-1.477166,54.772172,On or near Penine View,E01020729,County Durham 027D,Anti-social behaviour,,
,2020-05,Durham Constabulary,Durham Constabulary,-1.438384,54.764198,On or near Thornton Close,E01020729,County Durham 027D,Anti-social behaviour,,
,2020-05,Durham Constabulary,Durham Constabulary,-1.439582,54.767430,On or near Sports/Recreation Area,E01020729,County Durham 027D,Anti-social behaviour,,
,2020-05,Durham Constabulary,Durham Constabulary,-1.473177,54.752527,On or near A181,E01020729,County Durham 027D,Anti-social behaviour,,
,2020-05,Durham Constabulary,Durham Constabulary,-1.438789,54.765233,On or near Barnard Avenue,E01020729,County Durham 027D,Anti-social behaviour,,
,2020-05,Durham Constabulary,Durham Constabulary,-1.444268,54.764593,On or near Sports/Recreation Area,E01020729,County Durham 027D,Anti-social behaviour,,
,2020-05,Durham Constabulary,Durham Constabulary,-1.483987,54.773594,On or near Bannerman Terrace,E01020729,County Durham 027D,Anti-social behaviour,,
,2020-05,Durham Constabulary,Durham Constabulary,-1.442607,54.765619,On or near Moor Crescent,E01020729,County Durham 027D,Anti-social behaviour,,
,2020-05,Durham Constabulary,Durham Constabulary,-1.473177,54.752527,On or near A181,E01020729,County Durham 027D,Anti-social behaviour,,
,2020-05,Durham Constabulary,Durham Constabulary,-1.468656,54.751339,On or near Silent Bank,E01020729,County Durham 027D,Anti-social behaviour,,
,2020-05,Durham Constabulary,Durham Constabulary,-1.476826,54.775585,On or near North View,E01020729,County Durham 027D,Anti-social behaviour,,
,2020-05,Durham Constabulary,Durham Constabulary,-1.473177,54.752527,On or near A181,E01020729,County Durham 027D,Anti-social behaviour,,
,2020-05,Durham Constabulary,Durham Constabulary,-1.442607,54.765619,On or near Moor Crescent,E01020729,County Durham 027D,Anti-social behaviour,,
,2020-05,Durham Constabulary,Durham Constabulary,-1.444268,54.764593,On or near Sports/Recreation Area,E01020729,County Durham 027D,Anti-social behaviour,,
,2020-05,Durham Constabulary,Durham Constabulary,-1.476707,54.775189,On or near South View,E01020729,County Durham 027D,Anti-social behaviour,,
132951e7653542e933a4106fc874d09f88e722211ff541d54ab81cf4bc8da46c,2020-05,Durham Constabulary,Durham Constabulary,-1.476472,54.772950,On or near Pinders Way,E01020729,County Durham 027D,Burglary,Unable to prosecute suspect,
3794fa5e87584c5278f8cbbdaaa1c57c11440c263d738d0a0ebf0c329bb405af,2020-05,Durham Constabulary,Durham Constabulary,-1.469228,54.764615,On or near Church Lane,E01020729,County Durham 027D,Burglary,Unable to prosecute suspect,
9705f786ba531afc79b91411d45d5aa87c80eca730422bd8a463cd4be5c1fb7a,2020-05,Durham Constabulary,Durham Constabulary,-1.438789,54.765233,On or near Barnard Avenue,E01020729,County Durham 027D,Burglary,Investigation complete; no suspect identified,
d4848f002b52edf74fd9464f53968125cb6cae2907e5ee50e3c65d299f57005f,2020-05,Durham Constabulary,Durham Constabulary,-1.479875,54.775472,On or near Kell Crescent,E01020729,County Durham 027D,Burglary,Unable to prosecute suspect,
373123cea68b53fafea74c1faad534f144fddfc7d5c8dc005e36fc7db65ba05d,2020-05,Durham Constabulary,Durham Constabulary,-1.439582,54.767430,On or near Sports/Recreation Area,E01020729,County Durham 027D,Criminal damage and arson,Investigation complete; no suspect identified,
fcbaf1e8c9b943bbe4e8aea544af7c11140ec80ec214a6a6668dbff9ff56e868,2020-05,Durham Constabulary,Durham Constabulary,-1.487322,54.774165,On or near Local Avenue,E01020729,County Durham 027D,Criminal damage and arson,Unable to prosecute suspect,
e0ec20196dda929494a358c68f89aba025d0661f2425c2c6f54a545c3ec0d91d,2020-05,Durham Constabulary,Durham Constabulary,-1.476826,54.775585,On or near North View,E01020729,County Durham 027D,Criminal damage and arson,Investigation complete; no suspect identified,
2283f54db1d105a9051c9e9921744e95d2a4a7edd75552197fe4d44efadb124b,2020-05,Durham Constabulary,Durham Constabulary,-1.441272,54.764337,On or near Springfield Meadow,E01020729,County Durham 027D,Criminal damage and arson,Investigation complete; no suspect identified,
d93b7b1750472403d0db0497775eafc13c04032acbc4b4c7f12ca84ef9c560c3,2020-05,Durham Constabulary,Durham Constabulary,-1.487322,54.774165,On or near Local Avenue,E01020729,County Durham 027D,Drugs,Offender given a drugs possession warning,
a15f466962fa269383203b1072fefc958aeaf8997cb42bbc5205ffac2afe5664,2020-05,Durham Constabulary,Durham Constabulary,-1.476707,54.775189,On or near South View,E01020729,County Durham 027D,Drugs,Offender given a drugs possession warning,
064e54d981ae231b6a2462f099429068733d46f8085a13b0e80c257b6bbcd746,2020-05,Durham Constabulary,Durham Constabulary,-1.476707,54.775189,On or near South View,E01020729,County Durham 027D,Drugs,Court result unavailable,
070fafbebee653d26271f3d57a155f6750162ddaa8d7acc949888d864dfc3b9e,2020-05,Durham Constabulary,Durham Constabulary,-1.483987,54.773594,On or near Bannerman Terrace,E01020729,County Durham 027D,Public order,Unable to prosecute suspect,
0fcaa77d44f531ba624b982810cb679d7d8448b5e654d7c9b4fa15ecf28ce1b0,2020-05,Durham Constabulary,Durham Constabulary,-1.483185,54.773096,On or near Front Street,E01020729,County Durham 027D,Public order,Investigation complete; no suspect identified,
7dc5b44a49bae13bdb14efeb60a64a2d3b145c07f8ff01834ccb06a977bccaa2,2020-05,Durham Constabulary,Durham Constabulary,-1.487322,54.774165,On or near Local Avenue,E01020729,County Durham 027D,Public order,Further investigation is not in the public interest,
0a671291fb8db6cf70086202cb42352b83543381a6e963c885ac8fa5813c18e7,2020-05,Durham Constabulary,Durham Constabulary,-1.476707,54.775189,On or near South View,E01020729,County Durham 027D,Public order,Formal action is not in the public interest,
218303236ce00e767feb6b148a93fcee37bc033901e4393d09604d612f7950db,2020-05,Durham Constabulary,Durham Constabulary,-1.438789,54.765233,On or near Barnard Avenue,E01020729,County Durham 027D,Public order,Offender given penalty notice,
d7bc7183a4b445147216bbf088c4e7a0ef246e1f84a58213b2935f047d34d09a,2020-05,Durham Constabulary,Durham Constabulary,-1.476707,54.775189,On or near South View,E01020729,County Durham 027D,Violence and sexual offences,Unable to prosecute suspect,
d55cdadb0ae306fdfee6b5c23a14627e994da0ce6e70fbf6e5699ef693abfe52,2020-05,Durham Constabulary,Durham Constabulary,-1.438789,54.765233,On or near Barnard Avenue,E01020729,County Durham 027D,Violence and sexual offences,Unable to prosecute suspect,
9ef885e2ad54750e186eddf68d05733941120dad412386df0b6fcf22f1138e0e,2020-05,Durham Constabulary,Durham Constabulary,-1.442607,54.765619,On or near Moor Crescent,E01020729,County Durham 027D,Violence and sexual offences,Unable to prosecute suspect,
c5e96e6f9c8ae4747698b7a28b05c231274a32354eedb704058c7890c181c178,2020-05,Durham Constabulary,Durham Constabulary,-1.476707,54.775189,On or near South View,E01020729,County Durham 027D,Violence and sexual offences,Unable to prosecute suspect,
995aafd7686e1d468ea75e45109875a76ee4cab46c09dfe38ba10aec81948b34,2020-05,Durham Constabulary,Durham Constabulary,-1.476707,54.775189,On or near South View,E01020729,County Durham 027D,Violence and sexual offences,Unable to prosecute suspect,
70f3cce2eb467c4655f384118d7d634c5434d99cc20a62488664c56fb6f41fa3,2020-05,Durham Constabulary,Durham Constabulary,-1.479875,54.775472,On or near Kell Crescent,E01020729,County Durham 027D,Violence and sexual offences,Unable to prosecute suspect,
fac78f39af1b6acea69694bfd61b558b5eda7c7d9e1e8ee059238431d496d8c3,2020-05,Durham Constabulary,Durham Constabulary,-1.438789,54.765233,On or near Barnard Avenue,E01020729,County Durham 027D,Violence and sexual offences,Unable to prosecute suspect,
f4de950476838a9271872456fc46dfe561a8180b6d1db7d300647bdcbaa20b95,2020-05,Durham Constabulary,Durham Constabulary,-1.486676,54.773614,On or near Local Avenue,E01020729,County Durham 027D,Violence and sexual offences,Local resolution,
5e5ced4697c8669e0d2d42e248a73d15f77eb2560e317f3d074da12683f8888f,2020-05,Durham Constabulary,Durham Constabulary,-1.479875,54.775472,On or near Kell Crescent,E01020729,County Durham 027D,Violence and sexual offences,Unable to prosecute suspect,
976d3133e3f8f62ab73114687708e521dccc0f203e3cabafa687cc37dac17533,2020-05,Durham Constabulary,Durham Constabulary,-1.438789,54.765233,On or near Barnard Avenue,E01020729,County Durham 027D,Violence and sexual offences,Unable to prosecute suspect,
6542d979f904b40ff93f266b4d563d1ce71188380ca8647d0d0157f35983df40,2020-05,Durham Constabulary,Durham Constabulary,-1.439582,54.767430,On or near Sports/Recreation Area,E01020729,County Durham 027D,Violence and sexual offences,Unable to prosecute suspect,
4982cc81c0431615c938bb0bc7fb1af75ca0a6863d99e75a1e12fdc366e2ed23,2020-05,Durham Constabulary,Durham Constabulary,-1.438384,54.764198,On or near Thornton Close,E01020729,County Durham 027D,Violence and sexual offences,Court result unavailable,
,2020-05,Durham Constabulary,Durham Constabulary,-1.509398,54.780412,On or near Whitegates Road,E01020730,County Durham 027E,Anti-social behaviour,,
,2020-05,Durham Constabulary,Durham Constabulary,-1.499872,54.773804,On or near Front Street,E01020730,County Durham 027E,Anti-social behaviour,,
,2020-05,Durham Constabulary,Durham Constabulary,-1.503416,54.776362,On or near Garden Court,E01020730,County Durham 027E,Anti-social behaviour,,
f77b93386c1a1ab21586ce0fe7da9f5d81675ea8140bc5dfbd626309caea1893,2020-05,Durham Constabulary,Durham Constabulary,-1.508378,54.776112,On or near Stanley Close,E01020730,County Durham 027E,Burglary,Unable to prosecute suspect,
521026ea2d9f8dd3890c7b9aae0e58045d0ce4205bf0f903d377b06cb707924f,2020-05,Durham Constabulary,Durham Constabulary,-1.503854,54.778673,On or near Forster Avenue,E01020730,County Durham 027E,Burglary,Investigation complete; no suspect identified,
97c362db88297ab88462df1874e3cb912daea56fd723846a27873bf76ddfd86f,2020-05,Durham Constabulary,Durham Constabulary,-1.506808,54.776088,On or near Crawford Close,E01020730,County Durham 027E,Burglary,Unable to prosecute suspect,
2b3a9db4545846a9ef0326b43e96b4ac66373d3eedcf7a298703cbf02e3270f0,2020-05,Durham Constabulary,Durham Constabulary,-1.508378,54.776112,On or near Stanley Close,E01020730,County Durham 027E,Burglary,Unable to prosecute suspect,
c8860a13b35546184f39322ae4c87bba7f5360d1556ec944f64d5169e38dbbf5,2020-05,Durham Constabulary,Durham Constabulary,-1.502103,54.779421,On or near Meadow Edge,E01020730,County Durham 027E,Criminal damage and arson,Investigation complete; no suspect identified,
3a0ac7e7c06a37ff324d123680b5f815baab61042284384140454a09e70381c4,2020-05,Durham Constabulary,Durham Constabulary,-1.504068,54.775124,On or near Peart Close,E01020730,County Durham 027E,Criminal damage and arson,Investigation complete; no suspect identified,
3e6ff12fccf7b8c85c88bfc6b143d50f491db993db2e277ecec78fe7d30ea9c3,2020-05,Durham Constabulary,Durham Constabulary,-1.508186,54.780362,On or near Lady Anne Road,E01020730,County Durham 027E,Other theft,Investigation complete; no suspect identified,
73419aaaaf0015ae5287a1ea4b878288fcfaf7140e31b3235787a0587c550ee3,2020-05,Durham Constabulary,Durham Constabulary,-1.508744,54.776653,On or near Kidd Avenue,E01020730,County Durham 027E,Public order,Unable to prosecute suspect,
75f2c034c4bc320f7a6ebc6a8b9e2ae61979eab15ed5d90d4b442fa33cc2996d,2020-05,Durham Constabulary,Durham Constabulary,-1.509398,54.780412,On or near Whitegates Road,E01020730,County Durham 027E,Violence and sexual offences,Unable to prosecute suspect,
22e8ae9151935e289b2f8caceae1518e6aa2b5defd422f86fa6f9e4b07549ca6,2020-05,Durham Constabulary,Durham Constabulary,-1.509398,54.780412,On or near Whitegates Road,E01020730,County Durham 027E,Violence and sexual offences,Unable to prosecute suspect,
17b10bc21f52c7ba6ec209e340f5755842178c7cd45db30f5662d7481ee6cfc8,2020-05,Durham Constabulary,Durham Constabulary,-1.503416,54.776362,On or near Garden Court,E01020730,County Durham 027E,Violence and sexual offences,Investigation complete; no suspect identified,
2811173ed0e5ef3db3062cec18a209192d87abcd6c0df2198551b0ba4f75b422,2020-05,Durham Constabulary,Durham Constabulary,-1.503416,54.776362,On or near Garden Court,E01020730,County Durham 027E,Violence and sexual offences,Unable to prosecute suspect,
82b047c6d0a609a010c1f30854fee2105a257cdcac87f1033a8ab1dcf72e8632,2020-05,Durham Constabulary,Durham Constabulary,-1.503416,54.776362,On or near Garden Court,E01020730,County Durham 027E,Violence and sexual offences,Unable to prosecute suspect,
fa6de33b457759945038a6b8315166504da64acda8bb79ebc47813fa2e3e505f,2020-05,Durham Constabulary,Durham Constabulary,-1.503854,54.778673,On or near Forster Avenue,E01020730,County Durham 027E,Other crime,Local resolution,
4190a55773310ed36bf8abf5c93249509254fe839b77c834f1fa97ef9ceb495f,2020-05,Durham Constabulary,Durham Constabulary,-1.503416,54.776362,On or near Garden Court,E01020730,County Durham 027E,Other crime,Unable to prosecute suspect,
,2020-05,Durham Constabulary,Durham Constabulary,-1.511803,54.773116,On or near Lady Durham Close,E01020731,County Durham 027F,Anti-social behaviour,,
7db02034e6c4989930f40721702c1cd13c810d265747ef5134da9b3dbc3e2e45,2020-05,Durham Constabulary,Durham Constabulary,-1.505058,54.774239,On or near Parking Area,E01020731,County Durham 027F,Criminal damage and arson,Investigation complete; no suspect identified,
902494d216c24a38ff361dde33df480baadec918544d2db9a1d2681e598f1257,2020-05,Durham Constabulary,Durham Constabulary,-1.505091,54.772810,On or near The Crescent,E01020731,County Durham 027F,Other theft,Investigation complete; no suspect identified,
9f6691d9c2dcd91e185a098e037af3c171adadad9d73e1a8afca57f6b14fb0e9,2020-05,Durham Constabulary,Durham Constabulary,-1.505091,54.772810,On or near The Crescent,E01020731,County Durham 027F,Other theft,Investigation complete; no suspect identified,
4ab32bad2b4f93fe2bfc99f9546afd8c8c0a2ee0b57907b0638ad95f44e7b5eb,2020-05,Durham Constabulary,Durham Constabulary,-1.505058,54.774239,On or near Parking Area,E01020731,County Durham 027F,Shoplifting,Investigation complete; no suspect identified,
16a1db7b04d55c3fbc829f2573e9aa2a0ff4173383d4d735e43ec0dc07675533,2020-05,Durham Constabulary,Durham Constabulary,-1.500306,54.775163,On or near Meldon Avenue,E01020731,County Durham 027F,Vehicle crime,Court result unavailable,
8021795bff28e4c0698d9e1f31eb1a182df01c3324bd0dfb15743a45131f2025,2020-05,Durham Constabulary,Durham Constabulary,-1.500306,54.775163,On or near Meldon Avenue,E01020731,County Durham 027F,Violence and sexual offences,Unable to prosecute suspect,
36b8f906f3c0a5f140074c2ff593ca85c198701f8f3e687202629eb605dc54fa,2020-05,Durham Constabulary,Durham Constabulary,-1.505091,54.772810,On or near The Crescent,E01020731,County Durham 027F,Violence and sexual offences,Unable to prosecute suspect,
,2020-05,Durham Constabulary,Durham Constabulary,-1.522577,54.780914,On or near Derbyshire Drive,E01020682,County Durham 028A,Anti-social behaviour,,
6745757a3697dcbdbc34ce966aeb506f1c0942b48073f1270666f53be6902eaf,2020-05,Durham Constabulary,Durham Constabulary,-1.524414,54.784704,On or near Grassdale,E01020682,County Durham 028A,Violence and sexual offences,Unable to prosecute suspect,
5cd85e0102f5e2d84b07c63e66d0034c270334f41529001ac5e821bb818ca451,2020-05,Durham Constabulary,Durham Constabulary,-1.525311,54.782434,On or near Lancashire Drive,E01020682,County Durham 028A,Violence and sexual offences,Unable to prosecute suspect,
4de98469f591e566db4edbf4d4906227aa395c13c6a297963aa1f7cc872177b6,2020-05,Durham Constabulary,Durham Constabulary,-1.524414,54.784704,On or near Grassdale,E01020682,County Durham 028A,Violence and sexual offences,Unable to prosecute suspect,
,2020-05,Durham Constabulary,Durham Constabulary,-1.517283,54.786761,On or near Patterdale Close,E01020683,County Durham 028B,Anti-social behaviour,,
,2020-05,Durham Constabulary,Durham Constabulary,-1.524608,54.785397,On or near Bishops Close,E01020683,County Durham 028B,Anti-social behaviour,,
,2020-05,Durham Constabulary,Durham Constabulary,-1.524608,54.785397,On or near Bishops Close,E01020683,County Durham 028B,Anti-social behaviour,,
cc55a70d5dc684a1e80f9554233f9e6433a88ac69f30fbb8ba63b202a85adbe6,2020-05,Durham Constabulary,Durham Constabulary,-1.525344,54.786263,On or near Shopping Area,E01020683,County Durham 028B,Public order,Unable to prosecute suspect,
659a5fe12eaf27bbbfaeec9770542a8c320d25c9e3126d27c4ec86b15be19bde,2020-05,Durham Constabulary,Durham Constabulary,-1.520060,54.787338,On or near Bedale Close,E01020683,County Durham 028B,Violence and sexual offences,Local resolution,
be104273d31e25493a83c8bca1b51b8253261015b1714af63e0b95abb20a5b04,2020-05,Durham Constabulary,Durham Constabulary,-1.520620,54.782056,On or near Birkdale Gardens,E01020683,County Durham 028B,Violence and sexual offences,Unable to prosecute suspect,
caca5bd3c07c95f220c2a776569b863d468b5ea8d55c929f89605c71c4fe41e2,2020-05,Durham Constabulary,Durham Constabulary,-1.525196,54.786927,On or near Broomside Lane,E01020683,County Durham 028B,Other crime,Investigation complete; no suspect identified,
37e42443ddbbc70181084ceeaea2a023da4277f350b67f951155feba6524030f,2020-05,Durham Constabulary,Durham Constabulary,-1.521927,54.789889,On or near Bainbridge Street,E01020690,County Durham 028C,Vehicle crime,Court result unavailable,
a925b3702cf0faec25c184884211690ff6c1fe8d227ad0ef303561101629ebed,2020-05,Durham Constabulary,Durham Constabulary,-1.536199,54.792991,On or near A690,E01020690,County Durham 028C,Violence and sexual offences,Unable to prosecute suspect,
54e61a20a492ffa2e30eac85e986fe8e1edf9f87d5262c9d03870914d3e8556c,2020-05,Durham Constabulary,Durham Constabulary,-1.536199,54.792991,On or near A690,E01020690,County Durham 028C,Violence and sexual offences,Unable to prosecute suspect,
31c1584d3c0220d0c3718e6f59c4f1e85ee5731a9b8290b645bf974c2a81c58b,2020-05,Durham Constabulary,Durham Constabulary,-1.521232,54.794784,On or near Petrol Station,E01020690,County Durham 028C,Other crime,Investigation complete; no suspect identified,
,2020-05,Durham Constabulary,Durham Constabulary,-1.527410,54.789155,On or near High Street,E01020691,County Durham 028D,Anti-social behaviour,,
b50917741de8aa6d0608e456b75a0eca331f382b044d02b1ef0868083cd83551,2020-05,Durham Constabulary,Durham Constabulary,-1.524326,54.789503,On or near Briar Road,E01020691,County Durham 028D,Burglary,Investigation complete; no suspect identified,
711a642fefc1f30760e1b3f796e03998ae734148dd648756a8b0440602aaac3c,2020-05,Durham Constabulary,Durham Constabulary,-1.521632,54.788558,On or near Poplar Road,E01020691,County Durham 028D,Vehicle crime,Investigation complete; no suspect identified,
d621df42029566813ae82f40e8815863ace1896a32dac66e4dcd0f0eb47b2167,2020-05,Durham Constabulary,Durham Constabulary,-1.525823,54.787819,On or near The Larches,E01020691,County Durham 028D,Violence and sexual offences,Unable to prosecute suspect,
e6475ae663d084911bd4ceff537f575148ddd5af82700b90b5002e95767ee9e1,2020-05,Durham Constabulary,Durham Constabulary,-1.527410,54.789155,On or near High Street,E01020691,County Durham 028D,Violence and sexual offences,Unable to prosecute suspect,
75c37089e511b5220c0777f1799efb4ee4aa1312fb62c2d567b91adb5a03144f,2020-05,Durham Constabulary,Durham Constabulary,-1.521632,54.788558,On or near Poplar Road,E01020691,County Durham 028D,Violence and sexual offences,Unable to prosecute suspect,
,2020-05,Durham Constabulary,Durham Constabulary,-1.541368,54.784239,On or near Yewbank Avenue,E01020692,County Durham 028E,Anti-social behaviour,,
e85b4d68cddebcb18cd87882b02ce0126ea471e701f26f7f427d680e66ef2c70,2020-05,Durham Constabulary,Durham Constabulary,-1.543192,54.787949,On or near Sports/Recreation Area,E01020692,County Durham 028E,Bicycle theft,Investigation complete; no suspect identified,
49a9e771e1262c842970bac926833d7539c657ef4e8a6f0e08f87ae96abff7a9,2020-05,Durham Constabulary,Durham Constabulary,-1.544379,54.786057,On or near Rowan Tree Avenue,E01020692,County Durham 028E,Public order,Unable to prosecute suspect,
077656d362b64c778a7baaa2f95c55fe2103861749e752cc17270bd66388446f,2020-05,Durham Constabulary,Durham Constabulary,-1.540351,54.783400,On or near Whiteoak Avenue,E01020692,County Durham 028E,Public order,Investigation complete; no suspect identified,
,2020-05,Durham Constabulary,Durham Constabulary,-1.539912,54.775481,On or near Cuthbert Avenue,E01020693,County Durham 029A,Anti-social behaviour,,
,2020-05,Durham Constabulary,Durham Constabulary,-1.538156,54.779563,On or near Renny'S Lane,E01020693,County Durham 029A,Anti-social behaviour,,
,2020-05,Durham Constabulary,Durham Constabulary,-1.541387,54.781166,On or near Bevan Grove,E01020693,County Durham 029A,Anti-social behaviour,,
,2020-05,Durham Constabulary,Durham Constabulary,-1.538575,54.782324,On or near Petrol Station,E01020693,County Durham 029A,Anti-social behaviour,,
,2020-05,Durham Constabulary,Durham Constabulary,-1.538156,54.779563,On or near Renny'S Lane,E01020693,County Durham 029A,Anti-social behaviour,,
,2020-05,Durham Constabulary,Durham Constabulary,-1.543583,54.779413,On or near New Durham Courtyard,E01020693,County Durham 029A,Anti-social behaviour,,
,2020-05,Durham Constabulary,Durham Constabulary,-1.544271,54.776369,On or near Habgood Drive,E01020693,County Durham 029A,Anti-social behaviour,,
,2020-05,Durham Constabulary,Durham Constabulary,-1.545419,54.779339,On or near St Hilds Court,E01020693,County Durham 029A,Anti-social behaviour,,
,2020-05,Durham Constabulary,Durham Constabulary,-1.543276,54.777722,On or near Frank Street,E01020693,County Durham 029A,Anti-social behaviour,,
,2020-05,Durham Constabulary,Durham Constabulary,-1.538156,54.779563,On or near Renny'S Lane,E01020693,County Durham 029A,Anti-social behaviour,,
c610b40d9ae12ceb106c99c93ff352479942c0c1b86c6f0dd7c9956dbb70f170,2020-05,Durham Constabulary,Durham Constabulary,-1.543583,54.779413,On or near New Durham Courtyard,E01020693,County Durham 029A,Bicycle theft,Formal action is not in the public interest,
94881d074ccfda0ea455a07377d7ea388a2d1fad281bc4ce9318d19d9c65ed7f,2020-05,Durham Constabulary,Durham Constabulary,-1.539912,54.775481,On or near Cuthbert Avenue,E01020693,County Durham 029A,Criminal damage and arson,Offender given a caution,
e1261597c2a90686c62fc50759ef2597a60adcef1b3deb29b429c819382db908,2020-05,Durham Constabulary,Durham Constabulary,-1.545688,54.783051,On or near Aspen Close,E01020693,County Durham 029A,Criminal damage and arson,Investigation complete; no suspect identified,
a60bbfed90d94949b9416ed0a09ad7be573b1601233a905632f40fe42cd32c3b,2020-05,Durham Constabulary,Durham Constabulary,-1.543585,54.780671,On or near Shepherds Court,E01020693,County Durham 029A,Criminal damage and arson,Investigation complete; no suspect identified,
b94d36478729f1a09a5feacb95ff56d81e34be1f9e86e9dc74a30096fa0679a0,2020-05,Durham Constabulary,Durham Constabulary,-1.542348,54.778698,On or near Supermarket,E01020693,County Durham 029A,Criminal damage and arson,Unable to prosecute suspect,
35b451d83c4b09eb1130ec418cf49c7182ecab5215679164ab82e29557042eb3,2020-05,Durham Constabulary,Durham Constabulary,-1.538156,54.779563,On or near Renny'S Lane,E01020693,County Durham 029A,Drugs,Offender given a caution,
a0f1bbc9b6e5c4e18adcfd3930d6d2aa5eab3adb39e2af34558546d2b9ee5544,2020-05,Durham Constabulary,Durham Constabulary,-1.539912,54.775481,On or near Cuthbert Avenue,E01020693,County Durham 029A,Drugs,Offender given a drugs possession warning,
35bef0ea81a23645bd64cb3e1a7548cdfdc17d833c44bd5085e38066af35c84a,2020-05,Durham Constabulary,Durham Constabulary,-1.543585,54.780671,On or near Shepherds Court,E01020693,County Durham 029A,Drugs,Offender given a caution,
9d5042d4555db5dda3066473695dbdc8e51520060ee1455383135e9a8ca51af3,2020-05,Durham Constabulary,Durham Constabulary,-1.542196,54.781097,On or near Peel Avenue,E01020693,County Durham 029A,Drugs,Court result unavailable,
c70dff1b1ce778eda9b7f3ab9d4f29335690daf013cea4ed14ec44e021bccbbc,2020-05,Durham Constabulary,Durham Constabulary,-1.542301,54.775957,On or near Front Street,E01020693,County Durham 029A,Other theft,Investigation complete; no suspect identified,
7790dee975d1fe882bae99cefabf8e2de0eb4c5d022fe96a0de870f1c546cd38,2020-05,Durham Constabulary,Durham Constabulary,-1.538156,54.779563,On or near Renny'S Lane,E01020693,County Durham 029A,Other theft,Investigation complete; no suspect identified,
893b28c3606bb947463c85c6587913525419577c053f439187c69e11e2554f4d,2020-05,Durham Constabulary,Durham Constabulary,-1.542196,54.781097,On or near Peel Avenue,E01020693,County Durham 029A,Possession of weapons,Court result unavailable,
f031d8f7bb7c23b18f79280e3b7da253a4450afb2cbaf32db66dbbf8946c56f2,2020-05,Durham Constabulary,Durham Constabulary,-1.542348,54.778698,On or near Supermarket,E01020693,County Durham 029A,Public order,Investigation complete; no suspect identified,
4aa52a2a07b2eb65841ef3c7fd1c2815d4d8cb9313111e544c3da1541212e5e8,2020-05,Durham Constabulary,Durham Constabulary,-1.542348,54.778698,On or near Supermarket,E01020693,County Durham 029A,Shoplifting,Local resolution,
03d7c91a0f75a9856854bfe9cffd391327255aaba1619250f28f0daa788d1b10,2020-05,Durham Constabulary,Durham Constabulary,-1.539906,54.778725,On or near Dragon Lane,E01020693,County Durham 029A,Shoplifting,Court result unavailable,
19deccff62b2306614a950db8faacab1cb8d08e60e6d2a629bb0b0d3a97937f1,2020-05,Durham Constabulary,Durham Constabulary,-1.541275,54.775971,On or near Supermarket,E01020693,County Durham 029A,Shoplifting,Local resolution,
c6d431de52b17b82df1abfcc8cbbaffa6f0a55b32974ddb9fc2c7bd87bc14f00,2020-05,Durham Constabulary,Durham Constabulary,-1.541275,54.775971,On or near Supermarket,E01020693,County Durham 029A,Shoplifting,Unable to prosecute suspect,
3c266fe037daad0ae100943cfae0683310506866a24b45b8c82905b1a7f3e935,2020-05,Durham Constabulary,Durham Constabulary,-1.544271,54.776369,On or near Habgood Drive,E01020693,County Durham 029A,Violence and sexual offences,Unable to prosecute suspect,
36e9f14a177e73bcf8fd25bfd54bf18d1091a6a6cfa3354826d1cc9c229fbd21,2020-05,Durham Constabulary,Durham Constabulary,-1.544271,54.776369,On or near Habgood Drive,E01020693,County Durham 029A,Violence and sexual offences,Unable to prosecute suspect,
4b68b5cc71c37493a5a34b621a19eae8b12f4326c359cbbebd303d40a6bba54a,2020-05,Durham Constabulary,Durham Constabulary,-1.541275,54.775971,On or near Supermarket,E01020693,County Durham 029A,Violence and sexual offences,Unable to prosecute suspect,
7464d392453c018cf053859dfbbf95d16dacb7a45693b0525583b2df24d453be,2020-05,Durham Constabulary,Durham Constabulary,-1.541275,54.775971,On or near Supermarket,E01020693,County Durham 029A,Violence and sexual offences,Unable to prosecute suspect,
c4951f8fa6b31723aa8caa27abedfaf30642e41e9696dbf61e917728936200f7,2020-05,Durham Constabulary,Durham Constabulary,-1.546829,54.782490,On or near Whitwell Court,E01020693,County Durham 029A,Violence and sexual offences,Further investigation is not in the public interest,
4b6ff582e82e4ddf28cb63e117c87cf52592082d867301251e9b07884fc7c1bf,2020-05,Durham Constabulary,Durham Constabulary,-1.542301,54.775957,On or near Front Street,E01020693,County Durham 029A,Violence and sexual offences,Local resolution,
ed9147401e2f4b682e0f9e608d2b0c036de9fadb8ad4d9aab664cc0d0acfd22b,2020-05,Durham Constabulary,Durham Constabulary,-1.539912,54.775481,On or near Cuthbert Avenue,E01020693,County Durham 029A,Violence and sexual offences,Unable to prosecute suspect,
a4830ec265b812ddb84e35fbf86b964df5492788a35d385b8350a541c4bc2541,2020-05,Durham Constabulary,Durham Constabulary,-1.545419,54.779339,On or near St Hilds Court,E01020693,County Durham 029A,Violence and sexual offences,Unable to prosecute suspect,
,2020-05,Durham Constabulary,Durham Constabulary,-1.553986,54.782067,On or near Gort Place,E01020722,County Durham 029B,Anti-social behaviour,,
,2020-05,Durham Constabulary,Durham Constabulary,-1.553928,54.780278,On or near Churchill Avenue,E01020722,County Durham 029B,Anti-social behaviour,,
,2020-05,Durham Constabulary,Durham Constabulary,-1.553928,54.780278,On or near Churchill Avenue,E01020722,County Durham 029B,Anti-social behaviour,,
,2020-05,Durham Constabulary,Durham Constabulary,-1.555353,54.782180,On or near Montgomery Road,E01020722,County Durham 029B,Anti-social behaviour,,
7cf291dc06b64d388f29a8a0df8309b8b421acdd2497baa01ab4d0c59f20d511,2020-05,Durham Constabulary,Durham Constabulary,-1.556860,54.783704,On or near Sports/Recreation Area,E01020722,County Durham 029B,Drugs,Offender given a caution,
95f250dc8c03a5d279fc0f2709191aa046eeaf4bc16f2b350d777e18b29e669d,2020-05,Durham Constabulary,Durham Constabulary,-1.556860,54.783704,On or near Sports/Recreation Area,E01020722,County Durham 029B,Drugs,Offender given a caution,
0a42d339851114e104a2416613379a678ccfe678427215990f76c84aa659b92d,2020-05,Durham Constabulary,Durham Constabulary,-1.553981,54.782588,On or near Cunningham Place,E01020722,County Durham 029B,Public order,Unable to prosecute suspect,
cefa6b68c8554dc16619f83f78eb5c160e999278e243bfa136e95fa12c595fcf,2020-05,Durham Constabulary,Durham Constabulary,-1.551498,54.782147,On or near Cooper Square,E01020722,County Durham 029B,Public order,Unable to prosecute suspect,
f0e5d574d260056e2b9282a3b4ff6fb2a59c96fe32e1bcbb11a5f33dc3f48aea,2020-05,Durham Constabulary,Durham Constabulary,-1.554620,54.783830,On or near Pilgrims' Way,E01020722,County Durham 029B,Public order,Unable to prosecute suspect,
477006c6aa8dab9a997eaee3874905090094e502eaab980321eb565b6b2e1cbb,2020-05,Durham Constabulary,Durham Constabulary,-1.551498,54.782147,On or near Cooper Square,E01020722,County Durham 029B,Violence and sexual offences,Unable to prosecute suspect,
f3c1a86cf7d28ff4ea687a0b157af68fef4f82f3bfd4b5af796a24e4290d86b8,2020-05,Durham Constabulary,Durham Constabulary,-1.550416,54.781523,On or near Annand Road,E01020722,County Durham 029B,Violence and sexual offences,Unable to prosecute suspect,
fcaa35e584cd92b44c3f10e0a53afd49512721963114b3bb1d995a6acc7765e1,2020-05,Durham Constabulary,Durham Constabulary,-1.553986,54.782067,On or near Gort Place,E01020722,County Durham 029B,Other crime,Local resolution,
39f79a6f475cc60e06c712ff4300406a1548dbe114e56208d82a8269c3068800,2020-05,Durham Constabulary,Durham Constabulary,-1.555801,54.779593,On or near Green Court,E01020722,County Durham 029B,Other crime,Investigation complete; no suspect identified,
,2020-05,Durham Constabulary,Durham Constabulary,-1.546646,54.779433,On or near Saint Joseph'S Close,E01020723,County Durham 029C,Anti-social behaviour,,
,2020-05,Durham Constabulary,Durham Constabulary,-1.550779,54.779620,On or near Sunderland Road,E01020723,County Durham 029C,Anti-social behaviour,,
e92fef4a2b87825fcd79e07060900adb42295dac3bd277c4f7158ee86a54925f,2020-05,Durham Constabulary,Durham Constabulary,-1.553360,54.778209,On or near Police Station,E01020723,County Durham 029C,Burglary,Investigation complete; no suspect identified,
3780186d5fe65d7481ba6f0c88bb19fdae82ca8900e1b4f876d27bee6b8d4a49,2020-05,Durham Constabulary,Durham Constabulary,-1.559148,54.779201,On or near Magdalene Street,E01020723,County Durham 029C,Criminal damage and arson,Investigation complete; no suspect identified,
d426da3420b236f3d569607717c92e3e1335f3f2009e989f11cff17f5b47c347,2020-05,Durham Constabulary,Durham Constabulary,-1.546543,54.777492,On or near Ramsey Close,E01020723,County Durham 029C,Drugs,Further investigation is not in the public interest,
22a8115070250f1725d8bd2187af75e6e306bcb99814c654516c9ee6be5926db,2020-05,Durham Constabulary,Durham Constabulary,-1.555431,54.779385,On or near Back Wynyard Grove,E01020723,County Durham 029C,Other theft,Investigation complete; no suspect identified,
7400edc2be51fe00ba426f0298b8dc8844fe72facf4e10c28c6ef3ddc04dfe97,2020-05,Durham Constabulary,Durham Constabulary,-1.553586,54.778884,On or near Young Street,E01020723,County Durham 029C,Public order,Unable to prosecute suspect,
5f354372c1a428309bd298c187778c7e02cc63bd7f2cf56dd107fae766187e51,2020-05,Durham Constabulary,Durham Constabulary,-1.554634,54.778349,On or near William Place,E01020723,County Durham 029C,Public order,Unable to prosecute suspect,
e18a66e54dcd4730e708289ed19f0a5f1c8756853b1c51fdd2044db68711c4bc,2020-05,Durham Constabulary,Durham Constabulary,-1.555431,54.779385,On or near Back Wynyard Grove,E01020723,County Durham 029C,Shoplifting,Local resolution,
f855a0710537469a5fd5c07288ef5ca4bfc66b43f276765f4328332cef3aef3b,2020-05,Durham Constabulary,Durham Constabulary,-1.551413,54.778562,On or near Edge Court,E01020723,County Durham 029C,Violence and sexual offences,Unable to prosecute suspect,
862b6aa7f691a05c2868f5df5e638cea42600e14308325c367a4d8614d09d1af,2020-05,Durham Constabulary,Durham Constabulary,-1.547464,54.779994,On or near Musgrave Gardens,E01020723,County Durham 029C,Violence and sexual offences,Local resolution,
ee85ef52f16a6dee9fe9f790603c3c25ce3762ca97b0dfd2235aabb7931f89cc,2020-05,Durham Constabulary,Durham Constabulary,-1.553586,54.778884,On or near Young Street,E01020723,County Durham 029C,Violence and sexual offences,Unable to prosecute suspect,
6c64b1d9cd72d9f99add8aff31237ededaf4e5e4827e607773d79f9b4b2d6039,2020-05,Durham Constabulary,Durham Constabulary,-1.551413,54.778562,On or near Edge Court,E01020723,County Durham 029C,Violence and sexual offences,Unable to prosecute suspect,
6bc6df21c02f17d7503175e6fb20f8ac06945e9c56aca896c4606c3e7cafac5e,2020-05,Durham Constabulary,Durham Constabulary,-1.552934,54.780203,On or near Edward Street,E01020723,County Durham 029C,Violence and sexual offences,Unable to prosecute suspect,
,2020-05,Durham Constabulary,Durham Constabulary,-1.549248,54.776127,On or near Laurel Avenue,E01020724,County Durham 029D,Anti-social behaviour,,
,2020-05,Durham Constabulary,Durham Constabulary,-1.542519,54.774529,On or near Hilda Close,E01020724,County Durham 029D,Anti-social behaviour,,
,2020-05,Durham Constabulary,Durham Constabulary,-1.556800,54.769352,On or near Sports/Recreation Area,E01020724,County Durham 029D,Anti-social behaviour,,
ad216d9f338c7c74d6f5ae20716b8899948f54d1e12e10e42bb15cabcfb88f62,2020-05,Durham Constabulary,Durham Constabulary,-1.543310,54.774694,On or near Oswald Close,E01020724,County Durham 029D,Criminal damage and arson,Unable to prosecute suspect,
2538df7fd41152d6d2b48fb74d2ab5468cb2acb20981bc8e6de7759adbb7f071,2020-05,Durham Constabulary,Durham Constabulary,-1.549248,54.776127,On or near Laurel Avenue,E01020724,County Durham 029D,Criminal damage and arson,Investigation complete; no suspect identified,
87ac8efc805e24d9a955adc80934b4ee0bb493d960d5bac44fb3b7777cee4b00,2020-05,Durham Constabulary,Durham Constabulary,-1.546895,54.776658,On or near Maple Avenue,E01020724,County Durham 029D,Criminal damage and arson,Investigation complete; no suspect identified,
e12f3518c0191f0ddf25bdc71410dd00df0af008fe1f07acb687ce1f56ce5ce5,2020-05,Durham Constabulary,Durham Constabulary,-1.541479,54.774409,On or near Cuthbert Close,E01020724,County Durham 029D,Public order,Investigation complete; no suspect identified,
5a3938fd750d54adb15a75c1341fe1ffa48bccecced2c54983fcc84f9eecd22f,2020-05,Durham Constabulary,Durham Constabulary,-1.542519,54.774529,On or near Hilda Close,E01020724,County Durham 029D,Public order,Action to be taken by another organisation,
c22a3af08e7dab8ed8f74e4ba559cbd3103fa72e942f2d9b1f1666ba6982e42c,2020-05,Durham Constabulary,Durham Constabulary,-1.547348,54.775042,On or near Pine Avenue,E01020724,County Durham 029D,Vehicle crime,Investigation complete; no suspect identified,
37bcd866c1afae8b0b08fe0f4943332b1e583c302b31c3c0b84ad00c86cf1b86,2020-05,Durham Constabulary,Durham Constabulary,-1.556800,54.769352,On or near Sports/Recreation Area,E01020724,County Durham 029D,Violence and sexual offences,Court result unavailable,
da8ef896c0ee1f0c7f9cff450a1ef0c7208125f5c4944566ec31934fb7c8b850,2020-05,Durham Constabulary,Durham Constabulary,-1.542519,54.774529,On or near Hilda Close,E01020724,County Durham 029D,Violence and sexual offences,Court result unavailable,
747903c96fbef6a3c43c83e076b392ea0fc11dcfdaa0ebcda07188e16a55d475,2020-05,Durham Constabulary,Durham Constabulary,-1.542519,54.774529,On or near Hilda Close,E01020724,County Durham 029D,Violence and sexual offences,Unable to prosecute suspect,
4e46287c9eee547274c345f2ccc14ad9b08aeccc3c6a7e801c5361eb23b7802d,2020-05,Durham Constabulary,Durham Constabulary,-1.543310,54.774694,On or near Oswald Close,E01020724,County Durham 029D,Violence and sexual offences,Unable to prosecute suspect,
f46dadd8a119e035bd93949e2f9781514a89dc90c8f566e521b7f8656aba3649,2020-05,Durham Constabulary,Durham Constabulary,-1.542519,54.774529,On or near Hilda Close,E01020724,County Durham 029D,Violence and sexual offences,Unable to prosecute suspect,
2f4bbc343c178fa9b1d49d5a7bafdd5b145e9c0a19ace6b661eeae11a614b103,2020-05,Durham Constabulary,Durham Constabulary,-1.547324,54.774395,On or near Fir Avenue,E01020724,County Durham 029D,Violence and sexual offences,Unable to prosecute suspect,
21c73fb766c128033983baeb152e1a52d38cfffec1baa33d99f85540701394e9,2020-05,Durham Constabulary,Durham Constabulary,-1.541479,54.774409,On or near Cuthbert Close,E01020724,County Durham 029D,Violence and sexual offences,Investigation complete; no suspect identified,
9bda98a9e7a515c889d94c73e30bbb1dcc69a81c58a7ab92f98e2b0da046b471,2020-05,Durham Constabulary,Durham Constabulary,-1.543310,54.774694,On or near Oswald Close,E01020724,County Durham 029D,Violence and sexual offences,Status update unavailable,
911f7235e4842865a7619b61d71effb5fb3b8ae1b38b07ef6570af65e3cdf7e1,2020-05,Durham Constabulary,Durham Constabulary,-1.541479,54.774409,On or near Cuthbert Close,E01020724,County Durham 029D,Violence and sexual offences,Unable to prosecute suspect,
4cc977d5c86d08d4239b3f2b36aeaabf883220a417e8531fb2aaf5ae4a6aad69,2020-05,Durham Constabulary,Durham Constabulary,-1.542519,54.774529,On or near Hilda Close,E01020724,County Durham 029D,Violence and sexual offences,Court result unavailable,
28f432c895a2cb7b811623a2f68aef212f409529435b8d61d0e52daffa6b5328,2020-05,Durham Constabulary,Durham Constabulary,-1.547348,54.775042,On or near Pine Avenue,E01020724,County Durham 029D,Violence and sexual offences,Unable to prosecute suspect,
72ecd544fc28139cf60d12b03d4b6ead5fe1bf906e10c737d0ba19dda0ea2de5,2020-05,Durham Constabulary,Durham Constabulary,-1.542519,54.774529,On or near Hilda Close,E01020724,County Durham 029D,Violence and sexual offences,Court result unavailable,
1bc674a773759b703ab20623b667549a031302f1c67273da52a6c87656192bf8,2020-05,Durham Constabulary,Durham Constabulary,-1.542519,54.774529,On or near Hilda Close,E01020724,County Durham 029D,Violence and sexual offences,Further action is not in the public interest,
b495dc15798d8d3074766671810cc9fb374e2b3baa199d7948b798903c860f98,2020-05,Durham Constabulary,Durham Constabulary,-1.542541,54.775302,On or near Bede Avenue,E01020724,County Durham 029D,Other crime,Unable to prosecute suspect,
,2020-05,Durham Constabulary,Durham Constabulary,-1.578779,54.776736,On or near Parking Area,E01020703,County Durham 030A,Anti-social behaviour,,
,2020-05,Durham Constabulary,Durham Constabulary,-1.578779,54.776736,On or near Parking Area,E01020703,County Durham 030A,Anti-social behaviour,,
,2020-05,Durham Constabulary,Durham Constabulary,-1.580923,54.776861,On or near Nightclub,E01020703,County Durham 030A,Anti-social behaviour,,
,2020-05,Durham Constabulary,Durham Constabulary,-1.583639,54.774291,On or near Priory Orchard,E01020703,County Durham 030A,Anti-social behaviour,,
,2020-05,Durham Constabulary,Durham Constabulary,-1.578536,54.776187,On or near Shopping Area,E01020703,County Durham 030A,Anti-social behaviour,,
,2020-05,Durham Constabulary,Durham Constabulary,-1.581501,54.776629,On or near Neville Street,E01020703,County Durham 030A,Anti-social behaviour,,
,2020-05,Durham Constabulary,Durham Constabulary,-1.578779,54.776736,On or near Parking Area,E01020703,County Durham 030A,Anti-social behaviour,,
,2020-05,Durham Constabulary,Durham Constabulary,-1.580923,54.776861,On or near Nightclub,E01020703,County Durham 030A,Anti-social behaviour,,
,2020-05,Durham Constabulary,Durham Constabulary,-1.578818,54.775991,On or near Parking Area,E01020703,County Durham 030A,Anti-social behaviour,,
,2020-05,Durham Constabulary,Durham Constabulary,-1.578779,54.776736,On or near Parking Area,E01020703,County Durham 030A,Anti-social behaviour,,
,2020-05,Durham Constabulary,Durham Constabulary,-1.581501,54.776629,On or near Neville Street,E01020703,County Durham 030A,Anti-social behaviour,,
,2020-05,Durham Constabulary,Durham Constabulary,-1.578779,54.776736,On or near Parking Area,E01020703,County Durham 030A,Anti-social behaviour,,
,2020-05,Durham Constabulary,Durham Constabulary,-1.584043,54.775766,On or near Brass Thill,E01020703,County Durham 030A,Anti-social behaviour,,
,2020-05,Durham Constabulary,Durham Constabulary,-1.581726,54.777430,On or near North Road,E01020703,County Durham 030A,Anti-social behaviour,,
,2020-05,Durham Constabulary,Durham Constabulary,-1.581726,54.777430,On or near North Road,E01020703,County Durham 030A,Anti-social behaviour,,
,2020-05,Durham Constabulary,Durham Constabulary,-1.581726,54.777430,On or near North Road,E01020703,County Durham 030A,Anti-social behaviour,,
,2020-05,Durham Constabulary,Durham Constabulary,-1.580923,54.776861,On or near Nightclub,E01020703,County Durham 030A,Anti-social behaviour,,
,2020-05,Durham Constabulary,Durham Constabulary,-1.581726,54.777430,On or near North Road,E01020703,County Durham 030A,Anti-social behaviour,,
60bb93264f4f64ad18e8edef2f4869d07a15b88a27704319e0102b26a0c0c896,2020-05,Durham Constabulary,Durham Constabulary,-1.584043,54.775766,On or near Brass Thill,E01020703,County Durham 030A,Burglary,Investigation complete; no suspect identified,
852928b3d0c778b3aa2aee108bc350fc55126d4bae32cc8439c6271b64fea47e,2020-05,Durham Constabulary,Durham Constabulary,-1.579902,54.776390,On or near Supermarket,E01020703,County Durham 030A,Drugs,Further investigation is not in the public interest,
d9a4013b21a9919a6516f3a07f6a882d31f0292dd1295fdef8aacec064f0f9b4,2020-05,Durham Constabulary,Durham Constabulary,-1.583230,54.776284,On or near Allergate,E01020703,County Durham 030A,Other theft,Investigation complete; no suspect identified,
45048a7acebdc493621f3d56b75d1af8feb5a93febccb98ede02f772b9282ded,2020-05,Durham Constabulary,Durham Constabulary,-1.578536,54.776187,On or near Shopping Area,E01020703,County Durham 030A,Public order,Unable to prosecute suspect,
dc73f8076ef9291b6c6de6ad0379daff077e033da8d7eaa25553c3f88876daf0,2020-05,Durham Constabulary,Durham Constabulary,-1.580923,54.776861,On or near Nightclub,E01020703,County Durham 030A,Public order,Unable to prosecute suspect,
1f63af1270af0a9312503d7389ba10f4fb88f2bf96de34bd7a6a56197103715d,2020-05,Durham Constabulary,Durham Constabulary,-1.580923,54.776861,On or near Nightclub,E01020703,County Durham 030A,Public order,Unable to prosecute suspect,
b55715ef42e5e61151243fcbf890b909aa9310471d8f3c77c40c6ee736e8559a,2020-05,Durham Constabulary,Durham Constabulary,-1.579902,54.776390,On or near Supermarket,E01020703,County Durham 030A,Public order,Unable to prosecute suspect,
a1c96feab36a25afc7119d585d8e9c2a59946da72858407a5cb0e5dfc2784619,2020-05,Durham Constabulary,Durham Constabulary,-1.579902,54.776390,On or near Supermarket,E01020703,County Durham 030A,Public order,Court result unavailable,
81942e2e25b0ca708bf5c05ce3409fc913f4bf3c4491c070e1f393889db88e85,2020-05,Durham Constabulary,Durham Constabulary,-1.584067,54.778040,On or near Lambton Street,E01020703,County Durham 030A,Public order,Investigation complete; no suspect identified,
b4cf4a1dec190d2ac928bfbce99bc606c78807b81f91b1eff102be9fc275d4a1,2020-05,Durham Constabulary,Durham Constabulary,-1.579902,54.776390,On or near Supermarket,E01020703,County Durham 030A,Public order,Investigation complete; no suspect identified,
c7cc57d7ded810209b52e261dc6ab5a21f430ede937848c5b7976e4f13c685f0,2020-05,Durham Constabulary,Durham Constabulary,-1.579902,54.776390,On or near Supermarket,E01020703,County Durham 030A,Public order,Court result unavailable,
168e9e5f5aa866f5afe586a6a432944b4c0275883cead8b27b1d44d663c921e9,2020-05,Durham Constabulary,Durham Constabulary,-1.580923,54.776861,On or near Nightclub,E01020703,County Durham 030A,Shoplifting,Investigation complete; no suspect identified,
2d0f2783fb5e0ab23cb5f623243d1f44c8dbbc9a8a08c27dee7dc6a88c334249,2020-05,Durham Constabulary,Durham Constabulary,-1.578522,54.777544,On or near Parking Area,E01020703,County Durham 030A,Shoplifting,Offender given penalty notice,
061133f70269026a7e7b500bb5c581ae935f4118be7f2a667b806dc8a498e10e,2020-05,Durham Constabulary,Durham Constabulary,-1.580923,54.776861,On or near Nightclub,E01020703,County Durham 030A,Shoplifting,Investigation complete; no suspect identified,
d54762de763633928350bd6f76f57d8a7c2eb6e0ba614af00eab7959dda09874,2020-05,Durham Constabulary,Durham Constabulary,-1.579902,54.776390,On or near Supermarket,E01020703,County Durham 030A,Shoplifting,Unable to prosecute suspect,
23428c674496a0cc657f16bfdde068309f6ae71fd4655bba40b1ff1e2506c20b,2020-05,Durham Constabulary,Durham Constabulary,-1.580923,54.776861,On or near Nightclub,E01020703,County Durham 030A,Shoplifting,Local resolution,
34eead30b4868f350d091de19260f3d07c0fbb74190782900377ca1af0ebb054,2020-05,Durham Constabulary,Durham Constabulary,-1.579902,54.776390,On or near Supermarket,E01020703,County Durham 030A,Shoplifting,Court result unavailable,
3d7e2a7bff6bc2dad6e2b031f35ec7d19622f5a65082554ffcd2d9a815396dc0,2020-05,Durham Constabulary,Durham Constabulary,-1.583615,54.776645,On or near East Atherton Street,E01020703,County Durham 030A,Violence and sexual offences,Unable to prosecute suspect,
5eed24bd1a34be71441e04167d0162800ec3a55452be1ae742102edfeb645ad1,2020-05,Durham Constabulary,Durham Constabulary,-1.578779,54.776736,On or near Parking Area,E01020703,County Durham 030A,Violence and sexual offences,Court result unavailable,
,2020-05,Durham Constabulary,Durham Constabulary,-1.576172,54.776305,On or near Shopping Area,E01033164,County Durham 030D,Anti-social behaviour,,
,2020-05,Durham Constabulary,Durham Constabulary,-1.574751,54.778313,On or near Theatre/Concert Hall,E01033164,County Durham 030D,Anti-social behaviour,,
,2020-05,Durham Constabulary,Durham Constabulary,-1.576049,54.777626,On or near Walkergate,E01033164,County Durham 030D,Anti-social behaviour,,
,2020-05,Durham Constabulary,Durham Constabulary,-1.571926,54.780873,On or near Parking Area,E01033164,County Durham 030D,Anti-social behaviour,,
,2020-05,Durham Constabulary,Durham Constabulary,-1.574480,54.775985,On or near Shopping Area,E01033164,County Durham 030D,Anti-social behaviour,,
8ff18bacbf266a49639458cda6fcc8dbe210c0de2d4e051f4b63ee9ac9ceef36,2020-05,Durham Constabulary,Durham Constabulary,-1.574480,54.775985,On or near Shopping Area,E01033164,County Durham 030D,Criminal damage and arson,Investigation complete; no suspect identified,
08f6509d81256b32bc446ac445bce448e139f92df9a4ddad077baf6b7ca86739,2020-05,Durham Constabulary,Durham Constabulary,-1.576864,54.777017,On or near Back Silver Street,E01033164,County Durham 030D,Criminal damage and arson,Investigation complete; no suspect identified,
65823b4f5a3d81952c6ad2c0c356090c3a684ee84106d3ce18bc9e15298b5a38,2020-05,Durham Constabulary,Durham Constabulary,-1.568741,54.777753,On or near Ravensworth Terrace,E01033164,County Durham 030D,Drugs,Offender given a drugs possession warning,
f2e260dcf07b46e06ce7139dceee020115224536ac6a1a9270e113027ef7b0cb,2020-05,Durham Constabulary,Durham Constabulary,-1.567207,54.778700,On or near Gilesgate Close,E01033164,County Durham 030D,Other theft,Investigation complete; no suspect identified,
1a31078610d5a7509be2d80f288d09ebf4f2f0967d7a9469221cc16b26b46bee,2020-05,Durham Constabulary,Durham Constabulary,-1.576172,54.776305,On or near Shopping Area,E01033164,County Durham 030D,Other theft,Investigation complete; no suspect identified,
aa4b7756309e0da6b8979a5224b9fa4652e516b6d4e863d0f0183347974edb65,2020-05,Durham Constabulary,Durham Constabulary,-1.575167,54.777236,On or near Silver Street,E01033164,County Durham 030D,Public order,Court result unavailable,
ce6d2498c57419f688610a68ee6f890d7a043d62ba040a765726d85ca0dab4e9,2020-05,Durham Constabulary,Durham Constabulary,-1.576864,54.777017,On or near Back Silver Street,E01033164,County Durham 030D,Public order,Investigation complete; no suspect identified,
90bcc42ec4470e42ee2a20aa2490f8da9292e4815e84b62b76a10718de0b6e68,2020-05,Durham Constabulary,Durham Constabulary,-1.574751,54.778313,On or near Theatre/Concert Hall,E01033164,County Durham 030D,Public order,Court result unavailable,
a601b728ce6ddf062a37b4f5512a2942a568d3529f085d7cde66f63e20e64490,2020-05,Durham Constabulary,Durham Constabulary,-1.576049,54.777626,On or near Walkergate,E01033164,County Durham 030D,Public order,Court result unavailable,
85fd8e0dffc6e56f8393470fa822fbcfefcb24bbbcdc0440d09a607153825e1d,2020-05,Durham Constabulary,Durham Constabulary,-1.575167,54.777236,On or near Silver Street,E01033164,County Durham 030D,Shoplifting,Unable to prosecute suspect,
ce747bce23657979b4dd8d075baa5b8430d247840b801598d88ac0d41b091b8b,2020-05,Durham Constabulary,Durham Constabulary,-1.576172,54.776305,On or near Shopping Area,E01033164,County Durham 030D,Shoplifting,Investigation complete; no suspect identified,
7866df918ba28b787206b37cb6dcb73eba6d16138be4d783097c575723dfe8cd,2020-05,Durham Constabulary,Durham Constabulary,-1.576172,54.776305,On or near Shopping Area,E01033164,County Durham 030D,Shoplifting,Unable to prosecute suspect,
aea67e8c36213f7911f81f294c572fe6c9b3d56199241350af4dc01f706ddaf1,2020-05,Durham Constabulary,Durham Constabulary,-1.576643,54.771400,On or near South Bailey,E01033164,County Durham 030D,Violence and sexual offences,Unable to prosecute suspect,
,2020-05,Durham Constabulary,Durham Constabulary,-1.564064,54.781798,On or near Orchard Drive,E01033195,County Durham 030E,Anti-social behaviour,,
0ae600b259d61f52f211099fe978de57b992614da67340c8b6cfaf0f85a0f5f3,2020-05,Durham Constabulary,Durham Constabulary,-1.572704,54.779384,On or near Providence Row,E01033195,County Durham 030E,Other theft,Investigation complete; no suspect identified,
12552eb2d711e48f9aa16d8d0094143bb11939a3d49af94d44646b2d97af8a88,2020-05,Durham Constabulary,Durham Constabulary,-1.564064,54.781798,On or near Orchard Drive,E01033195,County Durham 030E,Vehicle crime,Investigation complete; no suspect identified,
4ed3dd0168641b47db700011cac8f4ce15aa24c9e1df3718cee0f0188aa00bb2,2020-05,Durham Constabulary,Durham Constabulary,-1.567849,54.781236,On or near Ferens Close,E01033195,County Durham 030E,Violence and sexual offences,Investigation complete; no suspect identified,
,2020-05,Durham Constabulary,Durham Constabulary,-1.562955,54.773679,On or near Green Lane,E01033197,County Durham 030F,Anti-social behaviour,,
,2020-05,Durham Constabulary,Durham Constabulary,-1.566953,54.773361,On or near Prison,E01033197,County Durham 030F,Anti-social behaviour,,
,2020-05,Durham Constabulary,Durham Constabulary,-1.566669,54.775202,On or near Sports/Recreation Area,E01033197,County Durham 030F,Anti-social behaviour,,
,2020-05,Durham Constabulary,Durham Constabulary,-1.570330,54.773022,On or near Palmers Garth,E01033197,County Durham 030F,Anti-social behaviour,,
,2020-05,Durham Constabulary,Durham Constabulary,-1.566669,54.775202,On or near Sports/Recreation Area,E01033197,County Durham 030F,Anti-social behaviour,,
,2020-05,Durham Constabulary,Durham Constabulary,-1.570330,54.773022,On or near Palmers Garth,E01033197,County Durham 030F,Anti-social behaviour,,
,2020-05,Durham Constabulary,Durham Constabulary,-1.566669,54.775202,On or near Sports/Recreation Area,E01033197,County Durham 030F,Anti-social behaviour,,
93868e41d4477cab598d1c505b3c0c42e72b8ed54e05c0262f9a0c93fb55e606,2020-05,Durham Constabulary,Durham Constabulary,-1.570506,54.774011,On or near Court Lane,E01033197,County Durham 030F,Criminal damage and arson,Investigation complete; no suspect identified,
9f1ae7d72940760225927e6dab28a72f1d8ef022e85b4745d74970793227add1,2020-05,Durham Constabulary,Durham Constabulary,-1.570506,54.774011,On or near Court Lane,E01033197,County Durham 030F,Shoplifting,Local resolution,
0f346872d943afe5d943428d3bf6561cdb4c3caccbe3e1c70614d8a0320d36b9,2020-05,Durham Constabulary,Durham Constabulary,-1.567948,54.774802,On or near Further/Higher Educational Building,E01033197,County Durham 030F,Vehicle crime,Investigation complete; no suspect identified,
6f2de55d1aadc8642a9ed5065f97515f21af1a7f37da950386832cd8fce0dd79,2020-05,Durham Constabulary,Durham Constabulary,-1.566953,54.773361,On or near Prison,E01033197,County Durham 030F,Violence and sexual offences,Unable to prosecute suspect,
0954d5805b472325034e52c319cffcb5886c83f14160a411e19fa8fb430a1fcc,2020-05,Durham Constabulary,Durham Constabulary,-1.570506,54.774011,On or near Court Lane,E01033197,County Durham 030F,Violence and sexual offences,Further investigation is not in the public interest,
90cb7628d123c67eba84de70084fa8364e96d6b7b01f113be1bcacff90df519a,2020-05,Durham Constabulary,Durham Constabulary,-1.566953,54.773361,On or near Prison,E01033197,County Durham 030F,Violence and sexual offences,Court result unavailable,
dbb1d7b8715b5675fa3fafc575f058321645bf08d6c8d36aaa4ffe43d2ce8f57,2020-05,Durham Constabulary,Durham Constabulary,-1.566953,54.773361,On or near Prison,E01033197,County Durham 030F,Violence and sexual offences,Court result unavailable,
c679554b2e3c92009d95ec10fa20deb0dee967e08ae5d34d84a871a9012de9c5,2020-05,Durham Constabulary,Durham Constabulary,-1.570506,54.774011,On or near Court Lane,E01033197,County Durham 030F,Violence and sexual offences,Unable to prosecute suspect,
bda1241fb7b962e768bd8a0f70b6702540a4281d861c2493883ac458511d8d33,2020-05,Durham Constabulary,Durham Constabulary,-1.570506,54.774011,On or near Court Lane,E01033197,County Durham 030F,Violence and sexual offences,Unable to prosecute suspect,
396ef8190f54a842d6c7a1d7a63188e8deb378f4aa7dfbe601c229cd76abae30,2020-05,Durham Constabulary,Durham Constabulary,-1.570330,54.773022,On or near Palmers Garth,E01033197,County Durham 030F,Violence and sexual offences,Unable to prosecute suspect,
3c6e2ad8bec04f4f8d6bc4445e53e5ff0890789edd6e16c9768e68c1f582f6da,2020-05,Durham Constabulary,Durham Constabulary,-1.570330,54.773022,On or near Palmers Garth,E01033197,County Durham 030F,Violence and sexual offences,Unable to prosecute suspect,
5b4260f6de6d05c457b41d10c9a6ed9defcad6ac0017535e6d239a0d02ffe006,2020-05,Durham Constabulary,Durham Constabulary,-1.566953,54.773361,On or near Prison,E01033197,County Durham 030F,Violence and sexual offences,Court result unavailable,
298cb5ce64abfea99e2421be25b60cc8ec1f0ce8984867398ca8a03fd6e76bdf,2020-05,Durham Constabulary,Durham Constabulary,-1.566953,54.773361,On or near Prison,E01033197,County Durham 030F,Violence and sexual offences,Unable to prosecute suspect,
0fd5183b6537838d4602a6283cc60e8f87e94df047a30a0d6c65d6a23c7664e0,2020-05,Durham Constabulary,Durham Constabulary,-1.569464,54.771141,On or near Hallgarth Street,E01033197,County Durham 030F,Violence and sexual offences,Unable to prosecute suspect,
b38ea505c23a9e23754aad19ad97f1e397dffb1f905836ffc7f1739e192c9b52,2020-05,Durham Constabulary,Durham Constabulary,-1.566953,54.773361,On or near Prison,E01033197,County Durham 030F,Violence and sexual offences,Unable to prosecute suspect,
9ae9739985873c0c62e07ac03064519a9c5740af7b67b03237bfefb4ccdfdbed,2020-05,Durham Constabulary,Durham Constabulary,-1.566953,54.773361,On or near Prison,E01033197,County Durham 030F,Violence and sexual offences,Unable to prosecute suspect,
c05a8fd0e8cf5f2d4a1dbef682be2e9f99913adcb854623de80d77c75b06823e,2020-05,Durham Constabulary,Durham Constabulary,-1.566953,54.773361,On or near Prison,E01033197,County Durham 030F,Violence and sexual offences,Unable to prosecute suspect,
f695749b2cca93cf1660aaf6f7694c5844c1fa56fe3ca5e3902d115b87ddb698,2020-05,Durham Constabulary,Durham Constabulary,-1.570506,54.774011,On or near Court Lane,E01033197,County Durham 030F,Violence and sexual offences,Unable to prosecute suspect,
8d8508d6928e43342d5e6ca1418393ab3adc5c10761e0102b55097314f8a33bc,2020-05,Durham Constabulary,Durham Constabulary,-1.566953,54.773361,On or near Prison,E01033197,County Durham 030F,Violence and sexual offences,Unable to prosecute suspect,
1fa52c639d48614d804ce0265f524f0c02e6bb3573cf967a0ca51a67bb930fca,2020-05,Durham Constabulary,Durham Constabulary,-1.566953,54.773361,On or near Prison,E01033197,County Durham 030F,Violence and sexual offences,Unable to prosecute suspect,
f0e5f237d200cb4aedb5daf34b795dc0414d815d55fecf8c752449207385107c,2020-05,Durham Constabulary,Durham Constabulary,-1.566953,54.773361,On or near Prison,E01033197,County Durham 030F,Violence and sexual offences,Unable to prosecute suspect,
3282d562f0badfae72d0a4ab9eb99b923f1fc258d1e88d69a105c7a5fb893ab0,2020-05,Durham Constabulary,Durham Constabulary,-1.570506,54.774011,On or near Court Lane,E01033197,County Durham 030F,Other crime,Court result unavailable,
b96bd63c0485e0d5dde89b5a3b8f2f5b2b51f6e8950490bd9147ca0829f6f365,2020-05,Durham Constabulary,Durham Constabulary,-1.570506,54.774011,On or near Court Lane,E01033197,County Durham 030F,Other crime,Court result unavailable,
334fb1662cabdde920cb4d7cc5e574047dda439bb82cfeff1b45dd51fe4c046b,2020-05,Durham Constabulary,Durham Constabulary,-1.566953,54.773361,On or near Prison,E01033197,County Durham 030F,Other crime,Unable to prosecute suspect,
d2e06cc67fd1ac24085df17c4f835913cc0bca8187861531104e47cf9dfd2c5c,2020-05,Durham Constabulary,Durham Constabulary,-1.566953,54.773361,On or near Prison,E01033197,County Durham 030F,Other crime,Further investigation is not in the public interest,
,2020-05,Durham Constabulary,Durham Constabulary,-1.568208,54.757666,On or near Farm Road,E01033221,County Durham 030G,Anti-social behaviour,,
,2020-05,Durham Constabulary,Durham Constabulary,-1.572240,54.774692,On or near Further/Higher Educational Building,E01033221,County Durham 030G,Anti-social behaviour,,
,2020-05,Durham Constabulary,Durham Constabulary,-1.570653,54.770399,On or near Oswald Court,E01033221,County Durham 030G,Anti-social behaviour,,
2a6579027955791ca6d70a3c6c00b758acb0d75b33f8989e0134534a7cd78fad,2020-05,Durham Constabulary,Durham Constabulary,-1.570653,54.770399,On or near Oswald Court,E01033221,County Durham 030G,Bicycle theft,Investigation complete; no suspect identified,
287bd65386b37505fb1e0bdf42b4b3b16adc00f3c349299dca695712f57ae933,2020-05,Durham Constabulary,Durham Constabulary,-1.571962,54.771581,On or near Church Street,E01033221,County Durham 030G,Burglary,Investigation complete; no suspect identified,
4d72abb832b9437e1fa5549fe81deb1e52764b0671f591d66780b265c5c00975,2020-05,Durham Constabulary,Durham Constabulary,-1.570952,54.774498,On or near Police Station,E01033221,County Durham 030G,Criminal damage and arson,Court result unavailable,
4cb1475e3149e6a404676c859420025ece0e50263514c000526f5229ce3106cf,2020-05,Durham Constabulary,Durham Constabulary,-1.570952,54.774498,On or near Police Station,E01033221,County Durham 030G,Criminal damage and arson,Unable to prosecute suspect,
4cb77cc8abff706d330aeb6f5485fa7de85f386f476bc16c350a8981174f52fc,2020-05,Durham Constabulary,Durham Constabulary,-1.570952,54.774498,On or near Police Station,E01033221,County Durham 030G,Criminal damage and arson,Court result unavailable,
a9ed5815d66e49a598b83f3fbaa9598105569b3cd1eed7e7f7fb8f57fcb9fb1c,2020-05,Durham Constabulary,Durham Constabulary,-1.570952,54.774498,On or near Police Station,E01033221,County Durham 030G,Criminal damage and arson,Court result unavailable,
0a66ec7ff3b7cb76eb591d35c3cda11f37003c132ebd4cadb5d8ef4939148bb5,2020-05,Durham Constabulary,Durham Constabulary,-1.571353,54.768847,On or near Stockton Road,E01033221,County Durham 030G,Other theft,Investigation complete; no suspect identified,
0beecaf6f9c647fbf8a06a90e41400c124620ef1d7edd873c8ff90f055b74db5,2020-05,Durham Constabulary,Durham Constabulary,-1.571353,54.768847,On or near Stockton Road,E01033221,County Durham 030G,Theft from the person,Further investigation is not in the public interest,
b4dbca4aa2897e2cddb71ab82204f86983efed169629aa07db4cf37e3f035eeb,2020-05,Durham Constabulary,Durham Constabulary,-1.581256,54.759653,On or near Further/Higher Educational Building,E01033221,County Durham 030G,Vehicle crime,Investigation complete; no suspect identified,
b2f13814b6f4abec6468fb7e2fab46b2c0db00bf012b35a4803695f15ac99a9b,2020-05,Durham Constabulary,Durham Constabulary,-1.570653,54.770399,On or near Oswald Court,E01033221,County Durham 030G,Violence and sexual offences,Action to be taken by another organisation,
9ff6db4c79a9407775931e00dd258922fd3413f8f99c03f0340a42ab71b3b173,2020-05,Durham Constabulary,Durham Constabulary,-1.570952,54.774498,On or near Police Station,E01033221,County Durham 030G,Violence and sexual offences,Court result unavailable,
32317525339f35ea1e74f60b38094bd35b1671bc617475f797a5c98614a82bf7,2020-05,Durham Constabulary,Durham Constabulary,-1.571353,54.768847,On or near Stockton Road,E01033221,County Durham 030G,Other crime,Investigation complete; no suspect identified,
,2020-05,Durham Constabulary,Durham Constabulary,-1.705919,54.767567,On or near Station View,E01020705,County Durham 031A,Anti-social behaviour,,
,2020-05,Durham Constabulary,Durham Constabulary,-1.711559,54.772200,On or near Dene Park,E01020705,County Durham 031A,Anti-social behaviour,,
,2020-05,Durham Constabulary,Durham Constabulary,-1.705919,54.767567,On or near Station View,E01020705,County Durham 031A,Anti-social behaviour,,
,2020-05,Durham Constabulary,Durham Constabulary,-1.705919,54.767567,On or near Station View,E01020705,County Durham 031A,Anti-social behaviour,,
,2020-05,Durham Constabulary,Durham Constabulary,-1.706920,54.768864,On or near The Wynds,E01020705,County Durham 031A,Anti-social behaviour,,
,2020-05,Durham Constabulary,Durham Constabulary,-1.705919,54.767567,On or near Station View,E01020705,County Durham 031A,Anti-social behaviour,,
,2020-05,Durham Constabulary,Durham Constabulary,-1.703360,54.771129,On or near Evenwood Road,E01020705,County Durham 031A,Anti-social behaviour,,
,2020-05,Durham Constabulary,Durham Constabulary,-1.710330,54.772422,On or near Woodlands Road,E01020705,County Durham 031A,Anti-social behaviour,,
,2020-05,Durham Constabulary,Durham Constabulary,-1.711559,54.772200,On or near Dene Park,E01020705,County Durham 031A,Anti-social behaviour,,
,2020-05,Durham Constabulary,Durham Constabulary,-1.705919,54.767567,On or near Station View,E01020705,County Durham 031A,Anti-social behaviour,,
161beea0bb81057a6bf090863c02d2a1a27b9bc60d82a82401f8bd1c6b2afea5,2020-05,Durham Constabulary,Durham Constabulary,-1.706920,54.768864,On or near The Wynds,E01020705,County Durham 031A,Other theft,Local resolution,
847062f161374aa1cea0a987956fe72896b59607914f2ad37419d8f715cc0f23,2020-05,Durham Constabulary,Durham Constabulary,-1.706920,54.768864,On or near The Wynds,E01020705,County Durham 031A,Public order,Court result unavailable,
7fc18fb58568dfe55916918a3dc08fd5f153e6fda789f19cb98a0d5a237ad731,2020-05,Durham Constabulary,Durham Constabulary,-1.711559,54.772200,On or near Dene Park,E01020705,County Durham 031A,Theft from the person,Unable to prosecute suspect,
c5411f7597a27d5a2cd25379814c278022e0507d59f03318b9718ad8f9473277,2020-05,Durham Constabulary,Durham Constabulary,-1.708271,54.771221,On or near Arbourcourt Avenue,E01020705,County Durham 031A,Vehicle crime,Investigation complete; no suspect identified,
b8a1d109eda94696ae5004099ac841f2e7b36758c67b119b25fa8ad5d066a7c1,2020-05,Durham Constabulary,Durham Constabulary,-1.707590,54.772981,On or near Newhouse Avenue,E01020705,County Durham 031A,Vehicle crime,Unable to prosecute suspect,
295381c4579943d3e01e4bfd912b0fd273b5f88ab95db13eabea592a39f58b18,2020-05,Durham Constabulary,Durham Constabulary,-1.709594,54.766695,On or near College View,E01020705,County Durham 031A,Violence and sexual offences,Local resolution,
54e1d026e9377cdc3cb82fa393e23d6c063414a229739079e0535670c6f40ebf,2020-05,Durham Constabulary,Durham Constabulary,-1.707476,54.773772,On or near Priestburn Close,E01020705,County Durham 031A,Violence and sexual offences,Unable to prosecute suspect,
1ad4274851cb0699137e244105de9746a78a34d86e978c69a032de23cce998da,2020-05,Durham Constabulary,Durham Constabulary,-1.711559,54.772200,On or near Dene Park,E01020705,County Durham 031A,Violence and sexual offences,Unable to prosecute suspect,
4c5b6d02943dd26f6ecd6c40a79dceefea7f55ec931cc69a43cec28bca146df1,2020-05,Durham Constabulary,Durham Constabulary,-1.709594,54.766695,On or near College View,E01020705,County Durham 031A,Violence and sexual offences,Local resolution,
c6f5b210ee98a4971cb6d4e419becae34e2f11251db4e82d5c2eea209ded511f,2020-05,Durham Constabulary,Durham Constabulary,-1.705919,54.767567,On or near Station View,E01020705,County Durham 031A,Violence and sexual offences,Unable to prosecute suspect,
e102f6a9c6676b595a28fe901fbeacdd641f1002047cdb29653707609d78328e,2020-05,Durham Constabulary,Durham Constabulary,-1.709594,54.766695,On or near College View,E01020705,County Durham 031A,Violence and sexual offences,Local resolution,
5f4026738d4d6c93494a385d2cf7415ae14d7767800bf445e53a3a4fa0ae12f5,2020-05,Durham Constabulary,Durham Constabulary,-1.709594,54.766695,On or near College View,E01020705,County Durham 031A,Violence and sexual offences,Local resolution,
092eed04b361899d7bed1c412795821680d865a43931c511af650a34bf7988ce,2020-05,Durham Constabulary,Durham Constabulary,-1.710328,54.768324,On or near Pinetree,E01020705,County Durham 031A,Violence and sexual offences,Unable to prosecute suspect,
810c01faab325596a4dc28ee9890f8807e139f0afec12eb55437d5f49808d3d1,2020-05,Durham Constabulary,Durham Constabulary,-1.710328,54.768324,On or near Pinetree,E01020705,County Durham 031A,Violence and sexual offences,Investigation complete; no suspect identified,
90038d5df157e114c9e05fcee81fe67bb7bb53d7770f275c852dbe06a018f4bd,2020-05,Durham Constabulary,Durham Constabulary,-1.711559,54.772200,On or near Dene Park,E01020705,County Durham 031A,Violence and sexual offences,Investigation complete; no suspect identified,
fcb67d14d72298a5dfa635e1082b8c333118b123411df92e7526485c15a7595a,2020-05,Durham Constabulary,Durham Constabulary,-1.710328,54.768324,On or near Pinetree,E01020705,County Durham 031A,Violence and sexual offences,Local resolution,
ae84b5c9f73160c351683236369efa758b6ea73ccbea1869603909bf596b98d5,2020-05,Durham Constabulary,Durham Constabulary,-1.707590,54.772981,On or near Newhouse Avenue,E01020705,County Durham 031A,Violence and sexual offences,Further investigation is not in the public interest,
0faa991124172f44d6ae320740bb8bee326a833e7404cbcda108c0a23e6028f2,2020-05,Durham Constabulary,Durham Constabulary,-1.711559,54.772200,On or near Dene Park,E01020705,County Durham 031A,Violence and sexual offences,Unable to prosecute suspect,
8199ac8feacd8f7c710f481f03cfb25e1c8a87119bbbc9144e87e8d5f3a78687,2020-05,Durham Constabulary,Durham Constabulary,-1.705919,54.767567,On or near Station View,E01020705,County Durham 031A,Violence and sexual offences,Unable to prosecute suspect,
e61c9c1231237530c6fda2e4409938cd2029f8a84a16f3272d93c7adca414a3b,2020-05,Durham Constabulary,Durham Constabulary,-1.710330,54.772422,On or near Woodlands Road,E01020705,County Durham 031A,Violence and sexual offences,Unable to prosecute suspect,
2ee38e7e1fce80176bb7e03d3dc52f1ba13226570577076275e0fdd2bc512f07,2020-05,Durham Constabulary,Durham Constabulary,-1.710328,54.768324,On or near Pinetree,E01020705,County Durham 031A,Violence and sexual offences,Unable to prosecute suspect,
4417b7f54446d18820e1fe8c86fbb6d7d39384a406517834811ebb5d53ee814e,2020-05,Durham Constabulary,Durham Constabulary,-1.707590,54.772981,On or near Newhouse Avenue,E01020705,County Durham 031A,Other crime,Further investigation is not in the public interest,
,2020-05,Durham Constabulary,Durham Constabulary,-1.704798,54.769982,On or near Supermarket,E01020706,County Durham 031B,Anti-social behaviour,,
,2020-05,Durham Constabulary,Durham Constabulary,-1.716481,54.761931,On or near Russell Street,E01020706,County Durham 031B,Anti-social behaviour,,
,2020-05,Durham Constabulary,Durham Constabulary,-1.704775,54.771015,On or near Crowgil Court,E01020706,County Durham 031B,Anti-social behaviour,,
,2020-05,Durham Constabulary,Durham Constabulary,-1.716481,54.761931,On or near Russell Street,E01020706,County Durham 031B,Anti-social behaviour,,
,2020-05,Durham Constabulary,Durham Constabulary,-1.702338,54.770542,On or near Bus/Coach Station,E01020706,County Durham 031B,Anti-social behaviour,,
,2020-05,Durham Constabulary,Durham Constabulary,-1.704798,54.769982,On or near Supermarket,E01020706,County Durham 031B,Anti-social behaviour,,
,2020-05,Durham Constabulary,Durham Constabulary,-1.716481,54.761931,On or near Russell Street,E01020706,County Durham 031B,Anti-social behaviour,,
,2020-05,Durham Constabulary,Durham Constabulary,-1.704260,54.769136,On or near Petrol Station,E01020706,County Durham 031B,Anti-social behaviour,,
,2020-05,Durham Constabulary,Durham Constabulary,-1.704798,54.769982,On or near Supermarket,E01020706,County Durham 031B,Anti-social behaviour,,
,2020-05,Durham Constabulary,Durham Constabulary,-1.700501,54.770987,On or near Burnell Road,E01020706,County Durham 031B,Anti-social behaviour,,
,2020-05,Durham Constabulary,Durham Constabulary,-1.700501,54.770987,On or near Burnell Road,E01020706,County Durham 031B,Anti-social behaviour,,
,2020-05,Durham Constabulary,Durham Constabulary,-1.699533,54.771596,On or near Brandon Road,E01020706,County Durham 031B,Anti-social behaviour,,
32175e0dec8e8ceaec52d4d82824fe487d6adad432d92213435f452eee8f682e,2020-05,Durham Constabulary,Durham Constabulary,-1.715090,54.771975,On or near Osprey Close,E01020706,County Durham 031B,Burglary,Court result unavailable,
92b7c55a31863f042255c19b5214032ee649fd071595022e7d9ee267ab4ab698,2020-05,Durham Constabulary,Durham Constabulary,-1.735426,54.759287,On or near Sports/Recreation Area,E01020706,County Durham 031B,Burglary,Investigation complete; no suspect identified,
575cecdbd7da6f2d055ff0ab73c8e33fdbe550b74c34921eeab1931a61974dd1,2020-05,Durham Constabulary,Durham Constabulary,-1.704223,54.769936,On or near Supermarket,E01020706,County Durham 031B,Criminal damage and arson,Unable to prosecute suspect,
5829c27ebcd55d9c438f2a0b15d84457ea29bd34ad4865c04113850671c0573f,2020-05,Durham Constabulary,Durham Constabulary,-1.700899,54.771752,On or near Durham Road,E01020706,County Durham 031B,Criminal damage and arson,Unable to prosecute suspect,
b45909d55c1afb3d6d6f79aa36cd4a4bf5066efca8eaeb70906799a02924c006,2020-05,Durham Constabulary,Durham Constabulary,-1.725414,54.759974,On or near Hamilton Row,E01020706,County Durham 031B,Public order,Further investigation is not in the public interest,
7e07bc1c7bf7ad0c169117dc4ffc320b7f8fd70d4dc29b89e13da49eb27a3cb7,2020-05,Durham Constabulary,Durham Constabulary,-1.704223,54.769936,On or near Supermarket,E01020706,County Durham 031B,Public order,Unable to prosecute suspect,
f7c31647b96e40f47943e1e9634b38f482731d0cf173e8132d739fa453a15712,2020-05,Durham Constabulary,Durham Constabulary,-1.704798,54.769982,On or near Supermarket,E01020706,County Durham 031B,Shoplifting,Unable to prosecute suspect,
510fb73a4892ef45d70d8b6c39f8285c1d6cfd4459363161692096d68c7741c1,2020-05,Durham Constabulary,Durham Constabulary,-1.704798,54.769982,On or near Supermarket,E01020706,County Durham 031B,Shoplifting,Investigation complete; no suspect identified,
220a83a333f088d8abaf75c295c1624d86350c04a8f7774ff57fc10b3a4e0d63,2020-05,Durham Constabulary,Durham Constabulary,-1.704798,54.769982,On or near Supermarket,E01020706,County Durham 031B,Theft from the person,Investigation complete; no suspect identified,
c35c459220d40090ce3c0b9606321d9c92f3efac7140ab1b5b4f9a598abf1686,2020-05,Durham Constabulary,Durham Constabulary,-1.704223,54.769936,On or near Supermarket,E01020706,County Durham 031B,Vehicle crime,Investigation complete; no suspect identified,
786f36dc5a364eaea1f2c115b6727a837da5412c2bcd344923e20dab56238910,2020-05,Durham Constabulary,Durham Constabulary,-1.699151,54.770651,On or near Acton Road,E01020706,County Durham 031B,Violence and sexual offences,Local resolution,
3bccaed63770ad311b35168365520ae88e76973555901354abb0e0cb3c29e610,2020-05,Durham Constabulary,Durham Constabulary,-1.704223,54.769936,On or near Supermarket,E01020706,County Durham 031B,Violence and sexual offences,Unable to prosecute suspect,
de01f6d779c99d62757d150ddda7df5744e7b0a341a5da7d5a58e73b4133bf7d,2020-05,Durham Constabulary,Durham Constabulary,-1.700899,54.771752,On or near Durham Road,E01020706,County Durham 031B,Violence and sexual offences,Unable to prosecute suspect,
83b742cc9c8b560097b2b409d67c18393e01b278af228c2996fa33879f4e8df2,2020-05,Durham Constabulary,Durham Constabulary,-1.700899,54.771752,On or near Durham Road,E01020706,County Durham 031B,Violence and sexual offences,Unable to prosecute suspect,
12885dff6bfbb97efb8081fd884665a6889899f10ad3bc4ec0a922dc2c909d89,2020-05,Durham Constabulary,Durham Constabulary,-1.716481,54.761931,On or near Russell Street,E01020706,County Durham 031B,Violence and sexual offences,Unable to prosecute suspect,
cb5b39c66208d1553560ca8a6f972e666601f0eeb7859f8b625d90f1deb109dd,2020-05,Durham Constabulary,Durham Constabulary,-1.716481,54.761931,On or near Russell Street,E01020706,County Durham 031B,Violence and sexual offences,Unable to prosecute suspect,
,2020-05,Durham Constabulary,Durham Constabulary,-1.679002,54.779011,On or near Flasshall Lane,E01020715,County Durham 031C,Anti-social behaviour,,
,2020-05,Durham Constabulary,Durham Constabulary,-1.651998,54.768018,On or near Tuscan Close,E01020715,County Durham 031C,Anti-social behaviour,,
,2020-05,Durham Constabulary,Durham Constabulary,-1.648407,54.778881,On or near Temperance Terrace,E01020715,County Durham 031C,Anti-social behaviour,,
,2020-05,Durham Constabulary,Durham Constabulary,-1.648407,54.778881,On or near Temperance Terrace,E01020715,County Durham 031C,Anti-social behaviour,,
,2020-05,Durham Constabulary,Durham Constabulary,-1.648407,54.778881,On or near Temperance Terrace,E01020715,County Durham 031C,Anti-social behaviour,,
,2020-05,Durham Constabulary,Durham Constabulary,-1.645742,54.777876,On or near Station Road,E01020715,County Durham 031C,Anti-social behaviour,,
,2020-05,Durham Constabulary,Durham Constabulary,-1.649267,54.774696,On or near Station Road,E01020715,County Durham 031C,Anti-social behaviour,,
ae72a4c803c24677b92f46bcc533f8e0dce93ca5b994949bf4883470167e7f8d,2020-05,Durham Constabulary,Durham Constabulary,-1.648407,54.778881,On or near Temperance Terrace,E01020715,County Durham 031C,Bicycle theft,Investigation complete; no suspect identified,
b4c35762bbf5fac56cc6b7745e7cd0a2c99439d993ee32bacfcd1b6e8b38fa2f,2020-05,Durham Constabulary,Durham Constabulary,-1.652273,54.766796,On or near Rowley Close,E01020715,County Durham 031C,Burglary,Investigation complete; no suspect identified,
b9537f9cf01a0117c9b50d0e2920192c45d9586bcc599bca7d00477167c9f9d7,2020-05,Durham Constabulary,Durham Constabulary,-1.648707,54.780176,On or near Welby Drive,E01020715,County Durham 031C,Burglary,Court result unavailable,
34d2c861c6d3f1e11053bb38b29a355c356223993e83573988f701d7b805ac23,2020-05,Durham Constabulary,Durham Constabulary,-1.651886,54.779278,On or near St Lukes Mews,E01020715,County Durham 031C,Criminal damage and arson,Unable to prosecute suspect,
6f7c04d4f55c7096a014bb2b7a76f39ff48efa5702bb1d1275f7231340488d8e,2020-05,Durham Constabulary,Durham Constabulary,-1.648407,54.778881,On or near Temperance Terrace,E01020715,County Durham 031C,Criminal damage and arson,Investigation complete; no suspect identified,
a2beec2c19c974bb219593de7be03e8c018173c119a0685a0369c43e87aef393,2020-05,Durham Constabulary,Durham Constabulary,-1.644378,54.777423,On or near Supermarket,E01020715,County Durham 031C,Criminal damage and arson,Local resolution,
856b9e80efb54b14f0030a29da7b7629df37a19efa65aa4a24b2f01b700bb70f,2020-05,Durham Constabulary,Durham Constabulary,-1.648707,54.780176,On or near Welby Drive,E01020715,County Durham 031C,Criminal damage and arson,Investigation complete; no suspect identified,
ff7094581001f3af147b939342a278c60bd98f281ed7336745f442aa141ed3ce,2020-05,Durham Constabulary,Durham Constabulary,-1.648407,54.778881,On or near Temperance Terrace,E01020715,County Durham 031C,Criminal damage and arson,Unable to prosecute suspect,
0a0cbdb30c0fa3b5019d8964cac38663552021029cd204da6ad15b7c08580374,2020-05,Durham Constabulary,Durham Constabulary,-1.644378,54.777423,On or near Supermarket,E01020715,County Durham 031C,Criminal damage and arson,Court result unavailable,
3fbf592ab38d036696a6fcdc77e31bb0dfde69d6f3be65d2687d0a3a7734d579,2020-05,Durham Constabulary,Durham Constabulary,-1.648407,54.778881,On or near Temperance Terrace,E01020715,County Durham 031C,Criminal damage and arson,Investigation complete; no suspect identified,
447740f69263f354b03a758b12775b70e33dec2bb135fe9774b23705c556fba2,2020-05,Durham Constabulary,Durham Constabulary,-1.644587,54.776560,On or near Sports/Recreation Area,E01020715,County Durham 031C,Public order,Unable to prosecute suspect,
9c8b1e917b129dc6bb52d9b9ab7db4381d38b81ca7f2836bc170c071854abdd7,2020-05,Durham Constabulary,Durham Constabulary,-1.645742,54.777876,On or near Station Road,E01020715,County Durham 031C,Public order,Unable to prosecute suspect,
a05ea3d5e6a28c8d45898864fa8bf7017fdf92660e996ceb8bddcc4ded9cc380,2020-05,Durham Constabulary,Durham Constabulary,-1.644378,54.777423,On or near Supermarket,E01020715,County Durham 031C,Public order,Unable to prosecute suspect,
8bd61e7bb9888e6155e93472324a9c8c6eba09e66523205db3b7b84908ccce8b,2020-05,Durham Constabulary,Durham Constabulary,-1.644378,54.777423,On or near Supermarket,E01020715,County Durham 031C,Shoplifting,Suspect charged as part of another case,
8464284f1d648ef270a7160ced8416a6c13ba0f74f2ba27fe0ab343e23262695,2020-05,Durham Constabulary,Durham Constabulary,-1.644378,54.777423,On or near Supermarket,E01020715,County Durham 031C,Shoplifting,Court result unavailable,
d137662df8751851c709ad10deeceaab0b68b567107197d346166a2fda6445d0,2020-05,Durham Constabulary,Durham Constabulary,-1.644378,54.777423,On or near Supermarket,E01020715,County Durham 031C,Shoplifting,Investigation complete; no suspect identified,
f2ed753f93848b6aba06c0844a0e0c5f52d03699e9f47947be47f2d048eb038b,2020-05,Durham Constabulary,Durham Constabulary,-1.644378,54.777423,On or near Supermarket,E01020715,County Durham 031C,Shoplifting,Court result unavailable,
23fed377a54a0d23e2bc3ef58444cb95af87bab17d18468ca73b3623f23c85ec,2020-05,Durham Constabulary,Durham Constabulary,-1.651998,54.768018,On or near Tuscan Close,E01020715,County Durham 031C,Vehicle crime,Unable to prosecute suspect,
fa49af8d1292c10b37ac80072b083e89b3aa2cce90230652d0ea217773a28ea2,2020-05,Durham Constabulary,Durham Constabulary,-1.646169,54.775235,On or near Sports/Recreation Area,E01020715,County Durham 031C,Vehicle crime,Court result unavailable,
89aa00de0e172cf2672db0f774036b58eff7bb80b99d48c81dffc34bbb85ea0d,2020-05,Durham Constabulary,Durham Constabulary,-1.651886,54.779278,On or near St Lukes Mews,E01020715,County Durham 031C,Violence and sexual offences,Unable to prosecute suspect,
d7d3b4da82c93b6244505b92fcd760e2ac9098b08c8886540940fe5876ffe1b9,2020-05,Durham Constabulary,Durham Constabulary,-1.644378,54.777423,On or near Supermarket,E01020715,County Durham 031C,Violence and sexual offences,Unable to prosecute suspect,
4956bdf5a4d450a84ca728db394839c23c9011113e5776e32fe677bca31175d9,2020-05,Durham Constabulary,Durham Constabulary,-1.651886,54.779278,On or near St Lukes Mews,E01020715,County Durham 031C,Violence and sexual offences,Unable to prosecute suspect,
970a36bfe38f8f206ff9315e1269a81acfe530fb2bd4a18867b9a1db48b45490,2020-05,Durham Constabulary,Durham Constabulary,-1.648407,54.778881,On or near Temperance Terrace,E01020715,County Durham 031C,Violence and sexual offences,Unable to prosecute suspect,
d855f17a8b6fdfae164e820da542bdc305f01a88ecb2dfaf2d73f28c53e4b4e3,2020-05,Durham Constabulary,Durham Constabulary,-1.644378,54.777423,On or near Supermarket,E01020715,County Durham 031C,Violence and sexual offences,Investigation complete; no suspect identified,
9295558838d3c931427701d14f8583327e5eaddacf631ef62ee21e5ea5e85b0f,2020-05,Durham Constabulary,Durham Constabulary,-1.644378,54.777423,On or near Supermarket,E01020715,County Durham 031C,Violence and sexual offences,Unable to prosecute suspect,
bd9f9314d325884e1ff111c68814c0b5e2eb5b4d12f1856bfe08ecf4acd01d89,2020-05,Durham Constabulary,Durham Constabulary,-1.644587,54.776560,On or near Sports/Recreation Area,E01020715,County Durham 031C,Violence and sexual offences,Unable to prosecute suspect,
b9bcd010ac5dda2e169a540e59a661f9f84571491d42b1c4cf2df7cb2446c152,2020-05,Durham Constabulary,Durham Constabulary,-1.648407,54.778881,On or near Temperance Terrace,E01020715,County Durham 031C,Violence and sexual offences,Unable to prosecute suspect,
f43a1da8f712f88c3a8fdcc291b1e0e10024cf7c9c0c06599cb8af42e585ede7,2020-05,Durham Constabulary,Durham Constabulary,-1.644587,54.776560,On or near Sports/Recreation Area,E01020715,County Durham 031C,Violence and sexual offences,Unable to prosecute suspect,
98d46dae6663f49af7603ae1c61439a6a161fab0e3ea7b683db079110b13f119,2020-05,Durham Constabulary,Durham Constabulary,-1.644378,54.777423,On or near Supermarket,E01020715,County Durham 031C,Violence and sexual offences,Unable to prosecute suspect,
2f59afa95db5cd40a9df616d4d4bd2dbe5d582661d02a6a35fe3a8bfdc50800c,2020-05,Durham Constabulary,Durham Constabulary,-1.644587,54.776560,On or near Sports/Recreation Area,E01020715,County Durham 031C,Violence and sexual offences,Unable to prosecute suspect,
dab9aba011cab941bee7dfe177e9dffa9a4242543ea3f360b097d42e01d0251f,2020-05,Durham Constabulary,Durham Constabulary,-1.644587,54.776560,On or near Sports/Recreation Area,E01020715,County Durham 031C,Violence and sexual offences,Unable to prosecute suspect,
7cfadcbdad06cca660bae61107a364465d0c084686836ee6ce348de88e5c9080,2020-05,Durham Constabulary,Durham Constabulary,-1.646169,54.775235,On or near Sports/Recreation Area,E01020715,County Durham 031C,Other crime,Court result unavailable,
c789b7926e3b477d29c8036870bc5ce11214618b3f3a209215259746c34a55e5,2020-05,Durham Constabulary,Durham Constabulary,-1.644587,54.776560,On or near Sports/Recreation Area,E01020715,County Durham 031C,Other crime,Unable to prosecute suspect,
,2020-05,Durham Constabulary,Durham Constabulary,-1.326734,54.758543,On or near Duddon Close,E01020745,County Durham 032A,Anti-social behaviour,,
,2020-05,Durham Constabulary,Durham Constabulary,-1.326734,54.758543,On or near Duddon Close,E01020745,County Durham 032A,Anti-social behaviour,,
,2020-05,Durham Constabulary,Durham Constabulary,-1.328270,54.761482,On or near Kirkstone Avenue,E01020745,County Durham 032A,Anti-social behaviour,,
,2020-05,Durham Constabulary,Durham Constabulary,-1.328543,54.759084,On or near Cumbrian Way,E01020745,County Durham 032A,Anti-social behaviour,,
,2020-05,Durham Constabulary,Durham Constabulary,-1.330485,54.758205,On or near Petrol Station,E01020745,County Durham 032A,Anti-social behaviour,,
,2020-05,Durham Constabulary,Durham Constabulary,-1.327082,54.757260,On or near Harrison Close,E01020745,County Durham 032A,Anti-social behaviour,,
,2020-05,Durham Constabulary,Durham Constabulary,-1.328270,54.761482,On or near Kirkstone Avenue,E01020745,County Durham 032A,Anti-social behaviour,,
64d3ff2c7b1e1beb7016ec41b6a08deeadaf3f578e678e0a7a0f1c3e8a358429,2020-05,Durham Constabulary,Durham Constabulary,-1.327082,54.757260,On or near Harrison Close,E01020745,County Durham 032A,Burglary,Local resolution,
51ad522eec3194329d5e5c8f530b2866d9ee450dc67e571c06afeffaf4a7a535,2020-05,Durham Constabulary,Durham Constabulary,-1.325251,54.760800,On or near Chapel Hill Road,E01020745,County Durham 032A,Burglary,Unable to prosecute suspect,
a73f2a957c8dfdf129d0c831c3581f92553fad25822569ce9fd7f95cc8b2e154,2020-05,Durham Constabulary,Durham Constabulary,-1.324770,54.757993,On or near Yoden Way,E01020745,County Durham 032A,Criminal damage and arson,Unable to prosecute suspect,
6688fcf0056924847f8cefe758307b130b7ffac68c442c678619758a10fd4da2,2020-05,Durham Constabulary,Durham Constabulary,-1.329860,54.757437,On or near Beaumont Place,E01020745,County Durham 032A,Criminal damage and arson,Investigation complete; no suspect identified,
01e6cb067218bfccdce0216c2a1b657796b4d351094cd419196ddcd1c0fe0922,2020-05,Durham Constabulary,Durham Constabulary,-1.327082,54.757260,On or near Harrison Close,E01020745,County Durham 032A,Criminal damage and arson,Investigation complete; no suspect identified,
6d63fa8b08aeba61b7f225467d7988f3737becd1f2f6e373be1b4740ee122656,2020-05,Durham Constabulary,Durham Constabulary,-1.328270,54.761482,On or near Kirkstone Avenue,E01020745,County Durham 032A,Criminal damage and arson,Investigation complete; no suspect identified,
8dcf140cc5df3c464a037f08ee937c3c098366a991637f8dcbf7da606b84e1a6,2020-05,Durham Constabulary,Durham Constabulary,-1.328270,54.761482,On or near Kirkstone Avenue,E01020745,County Durham 032A,Criminal damage and arson,Unable to prosecute suspect,
8c3453e778eb2166a282e4972be572b2799ea7971674464b1cdaf02c4a0bb382,2020-05,Durham Constabulary,Durham Constabulary,-1.330195,54.758787,On or near Petrol Station,E01020745,County Durham 032A,Other theft,Investigation complete; no suspect identified,
4571e2db90c7bc560ddd99ac63919cf10fa49ad1329f987ad80c5ea6dbf62cd0,2020-05,Durham Constabulary,Durham Constabulary,-1.328543,54.759084,On or near Cumbrian Way,E01020745,County Durham 032A,Other theft,Unable to prosecute suspect,
8b1b733eb368e6bf90520de6a993a99094fe228a1b1895e220a485f7f334ae5a,2020-05,Durham Constabulary,Durham Constabulary,-1.326734,54.758543,On or near Duddon Close,E01020745,County Durham 032A,Other theft,Investigation complete; no suspect identified,
7b9bd3027e3657b5a22af69c50535981fd5be35233c700c3b0dd708b5fbe2d51,2020-05,Durham Constabulary,Durham Constabulary,-1.328721,54.757710,On or near Burdon Place,E01020745,County Durham 032A,Public order,Investigation complete; no suspect identified,
42098bd06d4f3173787e8ac0ff9a05a514058686dbe40bac79555132a646b111,2020-05,Durham Constabulary,Durham Constabulary,-1.329860,54.757437,On or near Beaumont Place,E01020745,County Durham 032A,Public order,Unable to prosecute suspect,
fc940fc04e2b2a80d859006d517876d295448bf8070eececf0da5541fb686f62,2020-05,Durham Constabulary,Durham Constabulary,-1.328543,54.759084,On or near Cumbrian Way,E01020745,County Durham 032A,Violence and sexual offences,Unable to prosecute suspect,
e4e18ac6f8912c11d0812cc148779f14f5bc83fb7f77cb1e3998c6b01c4d4254,2020-05,Durham Constabulary,Durham Constabulary,-1.328763,54.757045,On or near Hovingham Close,E01020745,County Durham 032A,Violence and sexual offences,Unable to prosecute suspect,
e847d4adcaa54000f2f1d896a1ccbeeb3ee122c483e4a9720db77e15252deb48,2020-05,Durham Constabulary,Durham Constabulary,-1.329860,54.757437,On or near Beaumont Place,E01020745,County Durham 032A,Violence and sexual offences,Unable to prosecute suspect,
20f1bf0befae062a2587c436aa73083cb5f18ee9ead30613aa1915d3eb1ff242,2020-05,Durham Constabulary,Durham Constabulary,-1.325251,54.760800,On or near Chapel Hill Road,E01020745,County Durham 032A,Violence and sexual offences,Unable to prosecute suspect,
47ca2da764b2a78b9ce74f7353e00641c506a0de471fa23f77356ebff427963b,2020-05,Durham Constabulary,Durham Constabulary,-1.325251,54.760800,On or near Chapel Hill Road,E01020745,County Durham 032A,Violence and sexual offences,Unable to prosecute suspect,
c210ab5a66686cad08352551da5d75fee1fb3aa2fdc1d35d2f6513a54de86ac2,2020-05,Durham Constabulary,Durham Constabulary,-1.328721,54.757710,On or near Burdon Place,E01020745,County Durham 032A,Violence and sexual offences,Unable to prosecute suspect,
34376a63029aabeefbab4ebc100e27c35f04d9727595b181aa960c930e893bf0,2020-05,Durham Constabulary,Durham Constabulary,-1.328721,54.757710,On or near Burdon Place,E01020745,County Durham 032A,Violence and sexual offences,Unable to prosecute suspect,
53ddb772565210c06ab92239f33a475fa556f41bb2a38603f50396bc62a76cac,2020-05,Durham Constabulary,Durham Constabulary,-1.323689,54.759452,On or near Matterdale Road,E01020745,County Durham 032A,Violence and sexual offences,Unable to prosecute suspect,
bc8fa45674358ce4e795b9f9638903055451bc45ab4bdb82245441bf4a921710,2020-05,Durham Constabulary,Durham Constabulary,-1.325251,54.760800,On or near Chapel Hill Road,E01020745,County Durham 032A,Violence and sexual offences,Unable to prosecute suspect,
230c7fd47581a106453bc633e5261ffda7622cf51614eb8827cc970d7f811d10,2020-05,Durham Constabulary,Durham Constabulary,-1.327082,54.757260,On or near Harrison Close,E01020745,County Durham 032A,Violence and sexual offences,Court result unavailable,
dace40a4daf7bbd81e191e46c9cd3f8e98dbbdabd39a8542c00e9e0c61d8243a,2020-05,Durham Constabulary,Durham Constabulary,-1.328721,54.757710,On or near Burdon Place,E01020745,County Durham 032A,Violence and sexual offences,Unable to prosecute suspect,
8448c14ebbf154ba2daa3a15ca686722a4b580d80473cfe1f2471a2f7e075101,2020-05,Durham Constabulary,Durham Constabulary,-1.327082,54.757260,On or near Harrison Close,E01020745,County Durham 032A,Violence and sexual offences,Court result unavailable,
3e3dd91c0124fb104ba55b0ef40677b4f2533129917b4de84891088893520c8f,2020-05,Durham Constabulary,Durham Constabulary,-1.327082,54.757260,On or near Harrison Close,E01020745,County Durham 032A,Violence and sexual offences,Court result unavailable,
fbe078c7b40352edfec6f644ece87bb93c0837c895ddec89ab718b108301a54a,2020-05,Durham Constabulary,Durham Constabulary,-1.328763,54.757045,On or near Hovingham Close,E01020745,County Durham 032A,Violence and sexual offences,Unable to prosecute suspect,
cf283169a171a69d4772a30baa928a9184026eb75a05234757c86d912776ebee,2020-05,Durham Constabulary,Durham Constabulary,-1.328763,54.757045,On or near Hovingham Close,E01020745,County Durham 032A,Violence and sexual offences,Unable to prosecute suspect,
815b5ccb835271502b15d324a8a64313b96a9458ed13babe382a6362c7088464,2020-05,Durham Constabulary,Durham Constabulary,-1.323842,54.758617,On or near Braithwaite Road,E01020745,County Durham 032A,Violence and sexual offences,Local resolution,
8dd2b2c3c89cfe508f2c6fab02bee2f22d9307774362da0ab742030431c1ea41,2020-05,Durham Constabulary,Durham Constabulary,-1.328763,54.757045,On or near Hovingham Close,E01020745,County Durham 032A,Other crime,Unable to prosecute suspect,
,2020-05,Durham Constabulary,Durham Constabulary,-1.330275,54.785954,On or near Briardene Way,E01020753,County Durham 032B,Anti-social behaviour,,
,2020-05,Durham Constabulary,Durham Constabulary,-1.339016,54.785823,On or near Manisty Terrace,E01020753,County Durham 032B,Anti-social behaviour,,
,2020-05,Durham Constabulary,Durham Constabulary,-1.333213,54.788864,On or near Stewart Street,E01020753,County Durham 032B,Anti-social behaviour,,
,2020-05,Durham Constabulary,Durham Constabulary,-1.343380,54.786206,On or near Comet Drive,E01020753,County Durham 032B,Anti-social behaviour,,
,2020-05,Durham Constabulary,Durham Constabulary,-1.330187,54.787518,On or near Welfare Close,E01020753,County Durham 032B,Anti-social behaviour,,
3d6a866dd4d4e9516ec3cb9511f0ca6d1fb44529f04834119984976750111001,2020-05,Durham Constabulary,Durham Constabulary,-1.337074,54.784779,On or near Davis Terrace,E01020753,County Durham 032B,Burglary,Investigation complete; no suspect identified,
eb8f317451762abaffde726863aae2263989e9113db9b81c1f101da9e9eee13b,2020-05,Durham Constabulary,Durham Constabulary,-1.331993,54.789298,On or near Crawlaw Road,E01020753,County Durham 032B,Burglary,Investigation complete; no suspect identified,
8fa6b4274190070af5755aa19056bb33c4f96d58ed303d6f03377a6c71734009,2020-05,Durham Constabulary,Durham Constabulary,-1.337074,54.784779,On or near Davis Terrace,E01020753,County Durham 032B,Criminal damage and arson,Investigation complete; no suspect identified,
560134dc905d57886b777f1eb185f79a5a678fafe0f91885691160da026ba2d3,2020-05,Durham Constabulary,Durham Constabulary,-1.330187,54.787518,On or near Welfare Close,E01020753,County Durham 032B,Criminal damage and arson,Unable to prosecute suspect,
f4876bbfa0f8ea0d86734dd5f1dd9d54a807978e7986c52a77ed784889a00482,2020-05,Durham Constabulary,Durham Constabulary,-1.331993,54.789298,On or near Crawlaw Road,E01020753,County Durham 032B,Criminal damage and arson,Local resolution,
e6d14705337b99d4fe83602a59050259f3fa322d1429ab80df9917bd3169a5da,2020-05,Durham Constabulary,Durham Constabulary,-1.331993,54.789298,On or near Crawlaw Road,E01020753,County Durham 032B,Drugs,Further action is not in the public interest,
aa63f17ee086717dcebea79e6fb719e762a064c031333f89af5185fa99bddeab,2020-05,Durham Constabulary,Durham Constabulary,-1.331993,54.789298,On or near Crawlaw Road,E01020753,County Durham 032B,Drugs,Court result unavailable,
087eb7f29a8f097c6ed67ad4a8f8b46cd6219b2badb396acd157d0540ff76b9c,2020-05,Durham Constabulary,Durham Constabulary,-1.333921,54.788383,On or near Seaside Lane,E01020753,County Durham 032B,Drugs,Formal action is not in the public interest,
b4f984ef4ed51105ad670c9322956f8b9ad81cdaeffa7592226b552ec84f32b5,2020-05,Durham Constabulary,Durham Constabulary,-1.330187,54.787518,On or near Welfare Close,E01020753,County Durham 032B,Other theft,Unable to prosecute suspect,
084053314001bbbccc46cc4f3c4e77fbc3f0db51273dcdf8fb2db8a27be2ad59,2020-05,Durham Constabulary,Durham Constabulary,-1.337074,54.784779,On or near Davis Terrace,E01020753,County Durham 032B,Other theft,Investigation complete; no suspect identified,
d3992961b264e8d7891f68af1ccc793da9a9081660a564b0bf7213ad3ae8c6ba,2020-05,Durham Constabulary,Durham Constabulary,-1.343613,54.785245,On or near Jupiter Court,E01020753,County Durham 032B,Public order,Investigation complete; no suspect identified,
a79f862f2b9b3c7be9fd96772a2abe17a3a1ec09568c002a5f6b8ab3331f39f2,2020-05,Durham Constabulary,Durham Constabulary,-1.334719,54.786186,On or near Paradise Crescent,E01020753,County Durham 032B,Vehicle crime,Suspect charged as part of another case,
34cf392261102482deb9753255587f2e59d21edaa4bbba2bfb711cc7d8a4fad1,2020-05,Durham Constabulary,Durham Constabulary,-1.334719,54.786186,On or near Paradise Crescent,E01020753,County Durham 032B,Vehicle crime,Investigation complete; no suspect identified,
488013c85805b5eddeb931d302ccb6c9824823b1f2aa778be9c2906380290843,2020-05,Durham Constabulary,Durham Constabulary,-1.330187,54.787518,On or near Welfare Close,E01020753,County Durham 032B,Violence and sexual offences,Unable to prosecute suspect,
1ee167b55b87554c0558ff0f49eddd0487d464ac21cc5d916ce019fbec7936dd,2020-05,Durham Constabulary,Durham Constabulary,-1.330187,54.786601,On or near Hillview Grove,E01020753,County Durham 032B,Violence and sexual offences,Unable to prosecute suspect,
9d4b6ccab46e5e0afd7941c4d2fc685d2c5cda3a177b7843956af5749e0472d1,2020-05,Durham Constabulary,Durham Constabulary,-1.331993,54.789298,On or near Crawlaw Road,E01020753,County Durham 032B,Violence and sexual offences,Unable to prosecute suspect,
3a76c7433c2daa5cefac660ff5ed5318690b9cd027867c7c65b0f249695865e5,2020-05,Durham Constabulary,Durham Constabulary,-1.331993,54.789298,On or near Crawlaw Road,E01020753,County Durham 032B,Violence and sexual offences,Investigation complete; no suspect identified,
da3d09e978301ccfe96acc7c77af894eee5d2b3b3f22ca04cf1d345d390052a1,2020-05,Durham Constabulary,Durham Constabulary,-1.333213,54.788864,On or near Stewart Street,E01020753,County Durham 032B,Violence and sexual offences,Unable to prosecute suspect,
80ebe95f743f232bc657619d0d9244f4403a2db7b3c04b2c3e9213153bfe66e4,2020-05,Durham Constabulary,Durham Constabulary,-1.337074,54.784779,On or near Davis Terrace,E01020753,County Durham 032B,Other crime,Unable to prosecute suspect,
ebb3a43d8f68c0be73c52a56ea4e12a5b31c8d1cd23206ae23d3595ae01e6ca1,2020-05,Durham Constabulary,Durham Constabulary,-1.333921,54.788383,On or near Seaside Lane,E01020753,County Durham 032B,Other crime,Court result unavailable,
f0a614c77831da33f858c2ae2fa6daceec647708ff57b354bacd09cf3d93d4ba,2020-05,Durham Constabulary,Durham Constabulary,-1.331993,54.789298,On or near Crawlaw Road,E01020753,County Durham 032B,Other crime,Investigation complete; no suspect identified,
,2020-05,Durham Constabulary,Durham Constabulary,-1.339931,54.765005,On or near Dunelm Walk,E01020757,County Durham 032C,Anti-social behaviour,,
,2020-05,Durham Constabulary,Durham Constabulary,-1.332727,54.763555,On or near Kirkland Hill,E01020757,County Durham 032C,Anti-social behaviour,,
,2020-05,Durham Constabulary,Durham Constabulary,-1.337022,54.763237,On or near Hawes Road,E01020757,County Durham 032C,Anti-social behaviour,,
,2020-05,Durham Constabulary,Durham Constabulary,-1.337722,54.766045,On or near Amersham Crescent,E01020757,County Durham 032C,Anti-social behaviour,,
daa1aea03019dfebcd43bffd054c53f326fe9875453909efe73d1e42ea611b89,2020-05,Durham Constabulary,Durham Constabulary,-1.336661,54.766327,On or near Yoden Road,E01020757,County Durham 032C,Burglary,Investigation complete; no suspect identified,
1181f81576aa91ce1890cedc7d25347adac9ca5803be0f1e761b40c6a4bfd574,2020-05,Durham Constabulary,Durham Constabulary,-1.332727,54.763555,On or near Kirkland Hill,E01020757,County Durham 032C,Criminal damage and arson,Investigation complete; no suspect identified,
6452bb3526c5c1ea0dd926e6767a43c2afc26855bf66aee6aa840fb3b78fdb38,2020-05,Durham Constabulary,Durham Constabulary,-1.339092,54.765908,On or near Smillie Close,E01020757,County Durham 032C,Criminal damage and arson,Investigation complete; no suspect identified,
b06e16ef3bc139bf6e4481184c0c1d8859a7de09070da5892b0546eee89ae846,2020-05,Durham Constabulary,Durham Constabulary,-1.336661,54.766327,On or near Yoden Road,E01020757,County Durham 032C,Criminal damage and arson,Court result unavailable,
d7a8cedb38bdc3dff70e966b1b342a7532841ca666afff1a80641bb2f38c4d1d,2020-05,Durham Constabulary,Durham Constabulary,-1.332727,54.763555,On or near Kirkland Hill,E01020757,County Durham 032C,Criminal damage and arson,Court result unavailable,
57e29d04032c0d78c51a925c1b85c1c7c2231b54b382f72945fb72b8ed8e5917,2020-05,Durham Constabulary,Durham Constabulary,-1.332727,54.763555,On or near Kirkland Hill,E01020757,County Durham 032C,Violence and sexual offences,Court result unavailable,
95a53a856bc87728123a320983bc8db46d7a8a44d96c78d48418dd33cafc8800,2020-05,Durham Constabulary,Durham Constabulary,-1.339092,54.765908,On or near Smillie Close,E01020757,County Durham 032C,Violence and sexual offences,Unable to prosecute suspect,
b900f13d25dea452c7778f47a055da1b532e66bd6ba5c90b6037b05c0af5afa2,2020-05,Durham Constabulary,Durham Constabulary,-1.334399,54.764921,On or near Galloway Road,E01020757,County Durham 032C,Violence and sexual offences,Court result unavailable,
dd3a4a5e59989e1cf1b281c6e990dd31553c3a1f2d871c16f7980fa4c5cf466e,2020-05,Durham Constabulary,Durham Constabulary,-1.332727,54.763555,On or near Kirkland Hill,E01020757,County Durham 032C,Violence and sexual offences,Court result unavailable,
b0e9512dddd1c84452e19f12f543738e6297f84891a3cf6d8214203d9fcf02b7,2020-05,Durham Constabulary,Durham Constabulary,-1.334399,54.764921,On or near Galloway Road,E01020757,County Durham 032C,Violence and sexual offences,Court result unavailable,
42eb679f26ff2f1d740ec0e6999003f7b18c115b580f5b281edf4a7b1ee2ffc8,2020-05,Durham Constabulary,Durham Constabulary,-1.337722,54.766045,On or near Amersham Crescent,E01020757,County Durham 032C,Other crime,Unable to prosecute suspect,
,2020-05,Durham Constabulary,Durham Constabulary,-1.332847,54.762873,On or near Derwent Road,E01020758,County Durham 032D,Anti-social behaviour,,
,2020-05,Durham Constabulary,Durham Constabulary,-1.329684,54.762451,On or near Thirlmere Road,E01020758,County Durham 032D,Anti-social behaviour,,
a2717bc3997f4621541a9baf1bc930adca3cf344737ce0b194041e37c19e5c44,2020-05,Durham Constabulary,Durham Constabulary,-1.329464,54.764463,On or near Troutbeck Way,E01020758,County Durham 032D,Burglary,Status update unavailable,
68ea189b2580bcb6c79da7d64f88a965887c3c5389379b78f5f3f3cbb4d04f6b,2020-05,Durham Constabulary,Durham Constabulary,-1.328030,54.763808,On or near Ellison Road,E01020758,County Durham 032D,Criminal damage and arson,Investigation complete; no suspect identified,
dce79a612fc3d77615280cde1748d711dd9dee84fe3e5ca983d6e6910b695ef2,2020-05,Durham Constabulary,Durham Constabulary,-1.330703,54.764721,On or near Pickard Close,E01020758,County Durham 032D,Criminal damage and arson,Unable to prosecute suspect,
ff11d8c6946f799afd4b2e92e043b463bb360b10e26338b5fb5d3b77865aba79,2020-05,Durham Constabulary,Durham Constabulary,-1.330703,54.764721,On or near Pickard Close,E01020758,County Durham 032D,Criminal damage and arson,Investigation complete; no suspect identified,
9bc9a24bf44aa8b0483dd0dd5988a08df9ee9a6420938f4fcb76e8e4c801a257,2020-05,Durham Constabulary,Durham Constabulary,-1.328798,54.760559,On or near Staveley Road,E01020758,County Durham 032D,Criminal damage and arson,Investigation complete; no suspect identified,
65ca7945e6fe40c918b578e9d2780d7e560e4deda61e33376dac6bd1487df328,2020-05,Durham Constabulary,Durham Constabulary,-1.330392,54.761017,On or near Kentmere Place,E01020758,County Durham 032D,Criminal damage and arson,Investigation complete; no suspect identified,
8df9fa0903dd5652381baffe509b30e8d3ef639d2595d0a633b060b151c3b80c,2020-05,Durham Constabulary,Durham Constabulary,-1.330137,54.764197,On or near Alston Walk,E01020758,County Durham 032D,Criminal damage and arson,Investigation complete; no suspect identified,
acb71fa284e5a19c7bcd1f485909a11fe2fd5a432be3e15caa05900c507a358e,2020-05,Durham Constabulary,Durham Constabulary,-1.329464,54.764463,On or near Troutbeck Way,E01020758,County Durham 032D,Drugs,Investigation complete; no suspect identified,
81ff7dcef94fa4b13bf5284597086e56d3fd16d4f1997f784abed72e511b73b5,2020-05,Durham Constabulary,Durham Constabulary,-1.327832,54.762638,On or near Keswick Road,E01020758,County Durham 032D,Other theft,Investigation complete; no suspect identified,
c642d79adacfad2148f32950066553e77b163000644fbfc39a7352299391d34b,2020-05,Durham Constabulary,Durham Constabulary,-1.328993,54.762905,On or near Lakeland Drive,E01020758,County Durham 032D,Public order,Unable to prosecute suspect,
2d144fcbd17f40ae4e0ea5375bc98d8c2384aa92a83be24e9b189af35a585cc5,2020-05,Durham Constabulary,Durham Constabulary,-1.329464,54.764463,On or near Troutbeck Way,E01020758,County Durham 032D,Public order,Unable to prosecute suspect,
80d4c80166004377ec0679a469ec9b595e943656082081ef99b414c74c9ac712,2020-05,Durham Constabulary,Durham Constabulary,-1.330137,54.764197,On or near Alston Walk,E01020758,County Durham 032D,Violence and sexual offences,Investigation complete; no suspect identified,
735b956bb0c45430765c8341af6da0857d94626f9c4a3922750d5c60a1cdee0b,2020-05,Durham Constabulary,Durham Constabulary,-1.330703,54.764721,On or near Pickard Close,E01020758,County Durham 032D,Violence and sexual offences,Investigation complete; no suspect identified,
fb9328ada774ebe79148bd36e4ad3e4f6927b37665743aa6c729d4ab1a6525ea,2020-05,Durham Constabulary,Durham Constabulary,-1.329283,54.760400,On or near Tarn Close,E01020758,County Durham 032D,Violence and sexual offences,Unable to prosecute suspect,
a89a42417bed439518fd32b7bb09b65bc8cd1089485408077e213309cd6308c5,2020-05,Durham Constabulary,Durham Constabulary,-1.330703,54.764721,On or near Pickard Close,E01020758,County Durham 032D,Violence and sexual offences,Court result unavailable,
eb32614a4a163fad47548b3bb54087c807e0ea23ac0f01e2a7a81df6fdc34cf6,2020-05,Durham Constabulary,Durham Constabulary,-1.330703,54.764721,On or near Pickard Close,E01020758,County Durham 032D,Violence and sexual offences,Unable to prosecute suspect,
1539f1262b3aba7f4c2c20bb72bd99e2ea1df278c9ad8708bbe72a4d9d930491,2020-05,Durham Constabulary,Durham Constabulary,-1.329283,54.760400,On or near Tarn Close,E01020758,County Durham 032D,Violence and sexual offences,Unable to prosecute suspect,
,2020-05,Durham Constabulary,Durham Constabulary,-1.331868,54.771378,On or near Faraday Road,E01020759,County Durham 032E,Anti-social behaviour,,
,2020-05,Durham Constabulary,Durham Constabulary,-1.340566,54.768936,On or near Jude Place,E01020759,County Durham 032E,Anti-social behaviour,,
,2020-05,Durham Constabulary,Durham Constabulary,-1.336270,54.764581,On or near Hallam Road,E01020759,County Durham 032E,Anti-social behaviour,,
,2020-05,Durham Constabulary,Durham Constabulary,-1.337870,54.770314,On or near Buddle Close,E01020759,County Durham 032E,Anti-social behaviour,,
,2020-05,Durham Constabulary,Durham Constabulary,-1.336270,54.764581,On or near Hallam Road,E01020759,County Durham 032E,Anti-social behaviour,,
,2020-05,Durham Constabulary,Durham Constabulary,-1.339411,54.768292,On or near Johnson Close,E01020759,County Durham 032E,Anti-social behaviour,,
,2020-05,Durham Constabulary,Durham Constabulary,-1.331868,54.771378,On or near Faraday Road,E01020759,County Durham 032E,Anti-social behaviour,,
,2020-05,Durham Constabulary,Durham Constabulary,-1.331868,54.771378,On or near Faraday Road,E01020759,County Durham 032E,Anti-social behaviour,,
4010d17d9ca81c63b7622dca5033e0197f4d47f35cc3873ce9286df8df86c83a,2020-05,Durham Constabulary,Durham Constabulary,-1.337870,54.770314,On or near Buddle Close,E01020759,County Durham 032E,Burglary,Investigation complete; no suspect identified,
0b632bb0e380918845d371d562ad3a673352ef08d2c1ce65f85696dcc386dfaa,2020-05,Durham Constabulary,Durham Constabulary,-1.338030,54.767161,On or near Crawford Avenue,E01020759,County Durham 032E,Criminal damage and arson,Unable to prosecute suspect,
1a6aabb9a06f4290ecda6889a1ea84463ff16cdab5196ce0904adf9afd114b69,2020-05,Durham Constabulary,Durham Constabulary,-1.342064,54.768576,On or near Bruce Place,E01020759,County Durham 032E,Drugs,Local resolution,
a7b6f88976c87ba9a206ac72572a52634625d5456166e25e8ef97c3e273feb43,2020-05,Durham Constabulary,Durham Constabulary,-1.334925,54.766991,On or near Bailey Rise,E01020759,County Durham 032E,Other theft,Investigation complete; no suspect identified,
3af1e582f675bf9756bf424d1684e392e3ad2aae00c16423511b406a28a8924c,2020-05,Durham Constabulary,Durham Constabulary,-1.340912,54.767734,On or near Grange Close,E01020759,County Durham 032E,Public order,Unable to prosecute suspect,
5f4fa400ca6e8bd5ffc6fb363d7bcf62e00657ea6b7dc67854ea89f8ad8cb2dc,2020-05,Durham Constabulary,Durham Constabulary,-1.337870,54.770314,On or near Buddle Close,E01020759,County Durham 032E,Violence and sexual offences,Unable to prosecute suspect,
6bcced4fa2a21774f118f4be4af83437f9d8596b8b2e7fa2be65108b98d9aeff,2020-05,Durham Constabulary,Durham Constabulary,-1.338553,54.769419,On or near Ramsey Close,E01020759,County Durham 032E,Violence and sexual offences,Unable to prosecute suspect,
48573b3834b7bf425cafcb8f0444d5ba88f962de42128db4acc0648be9cf74d4,2020-05,Durham Constabulary,Durham Constabulary,-1.338030,54.767161,On or near Crawford Avenue,E01020759,County Durham 032E,Violence and sexual offences,Unable to prosecute suspect,
b3dead06b669fc64b1bc1515736ca379a72c169cbdccc859823a57561c6074b7,2020-05,Durham Constabulary,Durham Constabulary,-1.342096,54.767578,On or near Essington Way,E01020759,County Durham 032E,Violence and sexual offences,Unable to prosecute suspect,
e628698f4b5db392badfb0bd93b72fe81618ba0684e3c5ba2c83850ad3ef0fc7,2020-05,Durham Constabulary,Durham Constabulary,-1.337870,54.770314,On or near Buddle Close,E01020759,County Durham 032E,Violence and sexual offences,Unable to prosecute suspect,
38669a6a0add73dea97d556619c09268337d32cb84586fd26e9423ca9f6fdc82,2020-05,Durham Constabulary,Durham Constabulary,-1.342064,54.768576,On or near Bruce Place,E01020759,County Durham 032E,Violence and sexual offences,Further action is not in the public interest,
78eafdb0b06b01bf0cf036d084447060dd4c2207a84fd64ee1d7801fd5812aeb,2020-05,Durham Constabulary,Durham Constabulary,-1.334982,54.768232,On or near Burt Close,E01020759,County Durham 032E,Other crime,Unable to prosecute suspect,
,2020-05,Durham Constabulary,Durham Constabulary,-1.323711,54.770254,On or near Sports/Recreation Area,E01020765,County Durham 032F,Anti-social behaviour,,
,2020-05,Durham Constabulary,Durham Constabulary,-1.318483,54.780694,On or near Maritime Crescent,E01020765,County Durham 032F,Anti-social behaviour,,
,2020-05,Durham Constabulary,Durham Constabulary,-1.317327,54.771836,On or near Kilburn Drive,E01020765,County Durham 032F,Anti-social behaviour,,
,2020-05,Durham Constabulary,Durham Constabulary,-1.317327,54.771836,On or near Kilburn Drive,E01020765,County Durham 032F,Anti-social behaviour,,
17727b8dc960c3d2e805f101851d9b6dfbd14797708b30a025f3fb0e13c82d60,2020-05,Durham Constabulary,Durham Constabulary,-1.323711,54.770254,On or near Sports/Recreation Area,E01020765,County Durham 032F,Burglary,Unable to prosecute suspect,
a85115d515197de560965f985c506f2b4f9d7306f44542a2e19335c2bed4bbfc,2020-05,Durham Constabulary,Durham Constabulary,-1.318483,54.780694,On or near Maritime Crescent,E01020765,County Durham 032F,Burglary,Court result unavailable,
f066392a3c4068e1add2150cc7fb3a369bdbd42889759ef036b72b68d47f812f,2020-05,Durham Constabulary,Durham Constabulary,-1.317327,54.771836,On or near Kilburn Drive,E01020765,County Durham 032F,Criminal damage and arson,Investigation complete; no suspect identified,
153884804a11578ea9d12aa8c561c5ea0a20bc0c42fcdefa076d07f170f39293,2020-05,Durham Constabulary,Durham Constabulary,-1.324003,54.773248,On or near Thorpe Road,E01020765,County Durham 032F,Criminal damage and arson,Investigation complete; no suspect identified,
19c91ea6381b55f1df96df8cf6cc6f0b79b68e0415f96d4e34d5a1c626b7fbac,2020-05,Durham Constabulary,Durham Constabulary,-1.317327,54.771836,On or near Kilburn Drive,E01020765,County Durham 032F,Other theft,Unable to prosecute suspect,
a004c74877d2646a8079c170116d077b5f657aba98090fcc13d1813f962b3cb7,2020-05,Durham Constabulary,Durham Constabulary,-1.324003,54.773248,On or near Thorpe Road,E01020765,County Durham 032F,Public order,Unable to prosecute suspect,
5c6cee3f36e623a21197ebe63d27bd9af21d00f3ae1d6c21c9ac14dab25d8465,2020-05,Durham Constabulary,Durham Constabulary,-1.318483,54.780694,On or near Maritime Crescent,E01020765,County Durham 032F,Public order,Local resolution,
8f2d946aabf66256d1557ab86ab6e9ac636d756a00af06b5553f76637cb545ae,2020-05,Durham Constabulary,Durham Constabulary,-1.326794,54.769903,On or near Naisbitt Avenue,E01020765,County Durham 032F,Public order,Unable to prosecute suspect,
2ba3c4545467fcfcd0eeaa020d48f77aeedc749dafc45dc3012b0cb55c64ceff,2020-05,Durham Constabulary,Durham Constabulary,-1.318483,54.780694,On or near Maritime Crescent,E01020765,County Durham 032F,Public order,Court result unavailable,
378440071931a3a30f1ad030258f44a362c6f398bd66c86add0c692ca58d6d6b,2020-05,Durham Constabulary,Durham Constabulary,-1.318483,54.780694,On or near Maritime Crescent,E01020765,County Durham 032F,Violence and sexual offences,Unable to prosecute suspect,
30e0fec7cf8e316b22ee43eb6ba0fdef8de948f25735cc20c98079ba54f6f56a,2020-05,Durham Constabulary,Durham Constabulary,-1.325512,54.771271,On or near Sports/Recreation Area,E01020765,County Durham 032F,Violence and sexual offences,Unable to prosecute suspect,
437c43991c9f92253ec2416eaf393572b214ae3394a61d6f5c59ccf4eae94366,2020-05,Durham Constabulary,Durham Constabulary,-1.325512,54.771271,On or near Sports/Recreation Area,E01020765,County Durham 032F,Violence and sexual offences,Unable to prosecute suspect,
2779b9f097107ea2161dcf027b4fbbe253304633076368907e82c7f308064f67,2020-05,Durham Constabulary,Durham Constabulary,-1.324003,54.773248,On or near Thorpe Road,E01020765,County Durham 032F,Violence and sexual offences,Action to be taken by another organisation,
1175b868c01d0960ec6a9f8fc95f5d5bb8fe2d9b74741edf1e50771d8657664f,2020-05,Durham Constabulary,Durham Constabulary,-1.324003,54.773248,On or near Thorpe Road,E01020765,County Durham 032F,Violence and sexual offences,Unable to prosecute suspect,
035bc3f4fd32154e4f77fad96b9730c204713127f8feedcc79046505477b338a,2020-05,Durham Constabulary,Durham Constabulary,-1.323711,54.770254,On or near Sports/Recreation Area,E01020765,County Durham 032F,Violence and sexual offences,Unable to prosecute suspect,
9cc10a40e099b46c84c17bc1925f30f62bd9c88efe71b9d0b54c415f7673a60f,2020-05,Durham Constabulary,Durham Constabulary,-1.323711,54.770254,On or near Sports/Recreation Area,E01020765,County Durham 032F,Violence and sexual offences,Unable to prosecute suspect,
0e85318abccb97992bc13337f8122a7010958f687d19aefd246f4702f49a367f,2020-05,Durham Constabulary,Durham Constabulary,-1.326794,54.769903,On or near Naisbitt Avenue,E01020765,County Durham 032F,Violence and sexual offences,Unable to prosecute suspect,
2fa16308933ae0dbab87a412f208fb14c536d691af6269c872b634ed5c1ed2a0,2020-05,Durham Constabulary,Durham Constabulary,-1.318483,54.780694,On or near Maritime Crescent,E01020765,County Durham 032F,Violence and sexual offences,Investigation complete; no suspect identified,
f0e02aee5147eb166e109c92723f929696d0af35ab30a837cffbe269318c59ae,2020-05,Durham Constabulary,Durham Constabulary,-1.324003,54.773248,On or near Thorpe Road,E01020765,County Durham 032F,Violence and sexual offences,Action to be taken by another organisation,
7790656985a1c71ecf69098cc735c6df3c80ca83cc296fe42decb25bec7e5fdd,2020-05,Durham Constabulary,Durham Constabulary,-1.324003,54.773248,On or near Thorpe Road,E01020765,County Durham 032F,Violence and sexual offences,Unable to prosecute suspect,
77a679d7cc987e973127bff4922a596ba9edea50d7c73cf429e2e4fb04cbb4f2,2020-05,Durham Constabulary,Durham Constabulary,-1.324003,54.773248,On or near Thorpe Road,E01020765,County Durham 032F,Violence and sexual offences,Unable to prosecute suspect,
e5d7c3b9c1ebcae3bcf0ace9a2f0e12e96417de46cca31e79d68c847728f394e,2020-05,Durham Constabulary,Durham Constabulary,-1.318483,54.780694,On or near Maritime Crescent,E01020765,County Durham 032F,Violence and sexual offences,Court result unavailable,
,2020-05,Durham Constabulary,Durham Constabulary,-1.607855,54.756938,On or near Littleburn Lane,E01020684,County Durham 033A,Anti-social behaviour,,
,2020-05,Durham Constabulary,Durham Constabulary,-1.620211,54.748377,On or near Sports/Recreation Area,E01020684,County Durham 033A,Anti-social behaviour,,
,2020-05,Durham Constabulary,Durham Constabulary,-1.608222,54.759212,On or near High Street,E01020684,County Durham 033A,Anti-social behaviour,,
,2020-05,Durham Constabulary,Durham Constabulary,-1.623945,54.749377,On or near Petrol Station,E01020684,County Durham 033A,Anti-social behaviour,,
,2020-05,Durham Constabulary,Durham Constabulary,-1.623945,54.749377,On or near Petrol Station,E01020684,County Durham 033A,Anti-social behaviour,,
,2020-05,Durham Constabulary,Durham Constabulary,-1.607855,54.756938,On or near Littleburn Lane,E01020684,County Durham 033A,Anti-social behaviour,,
,2020-05,Durham Constabulary,Durham Constabulary,-1.617503,54.752143,On or near John Street South,E01020684,County Durham 033A,Anti-social behaviour,,
,2020-05,Durham Constabulary,Durham Constabulary,-1.607855,54.756938,On or near Littleburn Lane,E01020684,County Durham 033A,Anti-social behaviour,,
,2020-05,Durham Constabulary,Durham Constabulary,-1.620211,54.748377,On or near Sports/Recreation Area,E01020684,County Durham 033A,Anti-social behaviour,,
,2020-05,Durham Constabulary,Durham Constabulary,-1.616281,54.753235,On or near A690,E01020684,County Durham 033A,Anti-social behaviour,,
ed026b876bfa5dc8f44f10a085d34e271ead8767b2182f4fed97dccfd70def1a,2020-05,Durham Constabulary,Durham Constabulary,-1.612384,54.757842,On or near St Bedes Way,E01020684,County Durham 033A,Burglary,Investigation complete; no suspect identified,
cf01f26fa0d0113b5ae889a4d298974614509371c99e5892b5001830fd4534f5,2020-05,Durham Constabulary,Durham Constabulary,-1.608222,54.759212,On or near High Street,E01020684,County Durham 033A,Criminal damage and arson,Investigation complete; no suspect identified,
c8caeb36a3e8d60b1e8266df7e9b279964af7a1e0af6570db71047ff9398cbb2,2020-05,Durham Constabulary,Durham Constabulary,-1.617503,54.752143,On or near John Street South,E01020684,County Durham 033A,Criminal damage and arson,Investigation complete; no suspect identified,
8bcbebae31167bf0bd32f2346ca52e152ea662e705ebffbfabeb6e94dc9c06e5,2020-05,Durham Constabulary,Durham Constabulary,-1.608222,54.759212,On or near High Street,E01020684,County Durham 033A,Criminal damage and arson,Investigation complete; no suspect identified,
755583cd9af8610f5873971c21d234899f55f854b6cd6d775790a7f2c5543046,2020-05,Durham Constabulary,Durham Constabulary,-1.617503,54.752143,On or near John Street South,E01020684,County Durham 033A,Criminal damage and arson,Unable to prosecute suspect,
5a3b599bd5b343b604349ca48ba2ea12b1bbb27a9994953e8b09d87b11f0f234,2020-05,Durham Constabulary,Durham Constabulary,-1.623945,54.749377,On or near Petrol Station,E01020684,County Durham 033A,Other theft,Further investigation is not in the public interest,
5cfa254c8f5b1352d7cae39ee5acbd806691506b67274400162ec926782a7db2,2020-05,Durham Constabulary,Durham Constabulary,-1.610475,54.757512,On or near High Street South Back,E01020684,County Durham 033A,Possession of weapons,Unable to prosecute suspect,
4dc20fc665d46e51061ad653c7d71ce5f7b05e848a77fb9d239ed953e49f48b2,2020-05,Durham Constabulary,Durham Constabulary,-1.609454,54.760367,On or near North Brancepeth Close,E01020684,County Durham 033A,Public order,Unable to prosecute suspect,
b3ebb63f48977707f088c789bcaf89ea190fe4452b288fa92264253676cb7941,2020-05,Durham Constabulary,Durham Constabulary,-1.610475,54.757512,On or near High Street South Back,E01020684,County Durham 033A,Public order,Unable to prosecute suspect,
4459340a64eded2f660ee5b8fa8ea220ec397b520341f0b688e3f39984cb8051,2020-05,Durham Constabulary,Durham Constabulary,-1.613418,54.758582,On or near Boyne Court,E01020684,County Durham 033A,Violence and sexual offences,Investigation complete; no suspect identified,
eaf548f653ddc68385d8158eee00cea6a3d0fd5ff5ecf30fb4773be2a502e82c,2020-05,Durham Constabulary,Durham Constabulary,-1.606002,54.762117,On or near Grove Terrace,E01020684,County Durham 033A,Violence and sexual offences,Unable to prosecute suspect,
929065ce0c0b62263a121841eb680c4402e4808ea3bb0ef9396f4b187fbe15eb,2020-05,Durham Constabulary,Durham Constabulary,-1.621929,54.749020,On or near Sports/Recreation Area,E01020684,County Durham 033A,Violence and sexual offences,Unable to prosecute suspect,
3231c8edfd4017d6d2b69c05d0b66d6ee7829f0e85b180445dd0b31dd16d1270,2020-05,Durham Constabulary,Durham Constabulary,-1.621929,54.749020,On or near Sports/Recreation Area,E01020684,County Durham 033A,Violence and sexual offences,Unable to prosecute suspect,
6ba4c8d5cbf7d5d400f1d9bb8194ce5a3c910d6ea189d3e4cc023c93e30cc04c,2020-05,Durham Constabulary,Durham Constabulary,-1.606002,54.762117,On or near Grove Terrace,E01020684,County Durham 033A,Violence and sexual offences,Unable to prosecute suspect,
1a03936a7e4bae14fa2718dd18de41653b1676016725448544200bf968c5d702,2020-05,Durham Constabulary,Durham Constabulary,-1.608919,54.759358,On or near Supermarket,E01020684,County Durham 033A,Violence and sexual offences,Unable to prosecute suspect,
02bd04db3f38c59a8e0cd8bcd18a267b1a6015ea8e1cfba60086c4246ca88ac7,2020-05,Durham Constabulary,Durham Constabulary,-1.606002,54.762117,On or near Grove Terrace,E01020684,County Durham 033A,Violence and sexual offences,Unable to prosecute suspect,
870869dd5685d6ddbc73cee5690996543107363d57d4b046cbc60f1c7631aa35,2020-05,Durham Constabulary,Durham Constabulary,-1.623945,54.749377,On or near Petrol Station,E01020684,County Durham 033A,Violence and sexual offences,Unable to prosecute suspect,
c4bcc7cfc76cfeceacd630bb1b75b46807bb9951e264f9b0f35e0017fa0f1397,2020-05,Durham Constabulary,Durham Constabulary,-1.620211,54.748377,On or near Sports/Recreation Area,E01020684,County Durham 033A,Other crime,Court result unavailable,
,2020-05,Durham Constabulary,Durham Constabulary,-1.584078,54.778471,On or near Sutton Street,E01020702,County Durham 033B,Anti-social behaviour,,
,2020-05,Durham Constabulary,Durham Constabulary,-1.577368,54.779338,On or near Framwelgate Waterside,E01020702,County Durham 033B,Anti-social behaviour,,
,2020-05,Durham Constabulary,Durham Constabulary,-1.579222,54.777475,On or near Millburngate,E01020702,County Durham 033B,Anti-social behaviour,,
,2020-05,Durham Constabulary,Durham Constabulary,-1.566795,54.785285,On or near Frankland Lane,E01020702,County Durham 033B,Anti-social behaviour,,
,2020-05,Durham Constabulary,Durham Constabulary,-1.592928,54.788890,On or near Hospital,E01020702,County Durham 033B,Anti-social behaviour,,
f702c8a826a2dc8a0e8e6346522177cc6abe00548f3e3c0270a79a9949620ca8,2020-05,Durham Constabulary,Durham Constabulary,-1.593791,54.783483,On or near Springfield Park,E01020702,County Durham 033B,Burglary,Investigation complete; no suspect identified,
e39ca12089738a97fb6afa3d1d4bf99980246de89f700d0c827556d6ca3b8758,2020-05,Durham Constabulary,Durham Constabulary,-1.592928,54.788890,On or near Hospital,E01020702,County Durham 033B,Criminal damage and arson,Further action is not in the public interest,
d9a2ddc1fbcb032c71ac442eb458fcb44255b051c6bafc67f152d87ee9dfe38a,2020-05,Durham Constabulary,Durham Constabulary,-1.592928,54.788890,On or near Hospital,E01020702,County Durham 033B,Drugs,Further investigation is not in the public interest,
543be53c9b4dcd9e82061e638e5df5391ce50a038e5fb7bcc7300cee6036238e,2020-05,Durham Constabulary,Durham Constabulary,-1.592928,54.788890,On or near Hospital,E01020702,County Durham 033B,Drugs,Further investigation is not in the public interest,
5be0590507f01be907aaa1fcda16c54d911f6c34625f2a5c62c3102491e28a0c,2020-05,Durham Constabulary,Durham Constabulary,-1.592928,54.788890,On or near Hospital,E01020702,County Durham 033B,Drugs,Unable to prosecute suspect,
0f94bee7e8a19d3bf4fad42673b408145cec40fea1273e09bf6b29aea1df4f8e,2020-05,Durham Constabulary,Durham Constabulary,-1.592928,54.788890,On or near Hospital,E01020702,County Durham 033B,Drugs,Formal action is not in the public interest,
f2ef3348761dbc8677f39c3b3b6a36b0638afb84a9b19258fd47963506756aa3,2020-05,Durham Constabulary,Durham Constabulary,-1.581817,54.777646,On or near Parking Area,E01020702,County Durham 033B,Drugs,Offender given a caution,
96636487a8742d7ab3746a72af4b38c9548f97cdfab076c46163aa1d370f1987,2020-05,Durham Constabulary,Durham Constabulary,-1.581817,54.777646,On or near Parking Area,E01020702,County Durham 033B,Drugs,Court result unavailable,
bfc1ee93231b5605c17f0703ad5adf14f16e77d39d00fc80b87c64c0eb098139,2020-05,Durham Constabulary,Durham Constabulary,-1.592928,54.788890,On or near Hospital,E01020702,County Durham 033B,Possession of weapons,Formal action is not in the public interest,
d3998693eee2419669c7b923ef1bff6f187b000e94a7f719fdbf14ffcb66dec3,2020-05,Durham Constabulary,Durham Constabulary,-1.583464,54.782279,On or near Framwelgate Peth,E01020702,County Durham 033B,Public order,Unable to prosecute suspect,
141577c3729dc79414d5d00345aa7c30acf12782b4eafb10b56891015d53cf8a,2020-05,Durham Constabulary,Durham Constabulary,-1.581817,54.777646,On or near Parking Area,E01020702,County Durham 033B,Public order,Offender given penalty notice,
0ecb2a3eb5718051c1659e90cb7c8e6cbebfc9484cbc12f92f4a56e3990ae70d,2020-05,Durham Constabulary,Durham Constabulary,-1.581817,54.777646,On or near Parking Area,E01020702,County Durham 033B,Robbery,Investigation complete; no suspect identified,
6f8a5ce673b41c76fca971a717969d56c82f2a4898261f57ee62c0f1d3071e6d,2020-05,Durham Constabulary,Durham Constabulary,-1.580535,54.787311,On or near Sports/Recreation Area,E01020702,County Durham 033B,Violence and sexual offences,Unable to prosecute suspect,
63e9adfba9f2b10d48f8adffb1452c6998a708a99294c6ccaa1fe51f890f0466,2020-05,Durham Constabulary,Durham Constabulary,-1.584078,54.778471,On or near Sutton Street,E01020702,County Durham 033B,Violence and sexual offences,Investigation complete; no suspect identified,
65cb712411e239e08e375cf890a0408f4528bf50c5a004b38db7cee94a734b52,2020-05,Durham Constabulary,Durham Constabulary,-1.592928,54.788890,On or near Hospital,E01020702,County Durham 033B,Violence and sexual offences,Further investigation is not in the public interest,
0f2b980a8b7c480310c2df980d49f0b394ed9bd1d5b0aa912622a304d58d37ae,2020-05,Durham Constabulary,Durham Constabulary,-1.592928,54.788890,On or near Hospital,E01020702,County Durham 033B,Violence and sexual offences,Unable to prosecute suspect,
3582887dcb5eeb32167d571665cd2c4a17cdbc212de7c651bb10d715a8af1f04,2020-05,Durham Constabulary,Durham Constabulary,-1.582440,54.789618,On or near Police Station,E01020702,County Durham 033B,Violence and sexual offences,Investigation complete; no suspect identified,
6e9fe8cabbb9f5e39cb396cf0483238d8266c4fd462d8541244abe73b448c56d,2020-05,Durham Constabulary,Durham Constabulary,-1.582440,54.789618,On or near Police Station,E01020702,County Durham 033B,Violence and sexual offences,Unable to prosecute suspect,
f2a360829c724c6958d84dbdfa97b5b8f5feddf6631a1fb0a6d87ab67c77fd96,2020-05,Durham Constabulary,Durham Constabulary,-1.582440,54.789618,On or near Police Station,E01020702,County Durham 033B,Violence and sexual offences,Unable to prosecute suspect,
52fb8e2a327777b4cadee5fcfb74e7aab145fb3d0009e0e7149a048222fa560f,2020-05,Durham Constabulary,Durham Constabulary,-1.587099,54.778014,On or near Ainsley Street,E01020702,County Durham 033B,Violence and sexual offences,Further investigation is not in the public interest,
d9c13eaca4e5ff41d5219269608da3f3115208fad5a7272049ef414e02c29547,2020-05,Durham Constabulary,Durham Constabulary,-1.582440,54.789618,On or near Police Station,E01020702,County Durham 033B,Violence and sexual offences,Further action is not in the public interest,
9009906b8dd8f01a10f1f0414f32e9e791d5ea7e036dafe4ec14b0477bb2e42f,2020-05,Durham Constabulary,Durham Constabulary,-1.580535,54.787311,On or near Sports/Recreation Area,E01020702,County Durham 033B,Violence and sexual offences,Status update unavailable,
bc824a954b9e7aa68bd1e469022ab6e2f38ef04f0cef0566f01879a55c94946f,2020-05,Durham Constabulary,Durham Constabulary,-1.580535,54.787311,On or near Sports/Recreation Area,E01020702,County Durham 033B,Violence and sexual offences,Investigation complete; no suspect identified,
69bb8cf62729c843736da94835e9aa5a2b76e295f866257a5d791f8070ba6eb9,2020-05,Durham Constabulary,Durham Constabulary,-1.591104,54.783177,On or near Fieldhouse Lane,E01020702,County Durham 033B,Other crime,Further investigation is not in the public interest,
,2020-05,Durham Constabulary,Durham Constabulary,-1.589018,54.772728,On or near Crossgate Peth,E01020704,County Durham 033C,Anti-social behaviour,,
,2020-05,Durham Constabulary,Durham Constabulary,-1.585024,54.772660,On or near Margery Lane,E01020704,County Durham 033C,Anti-social behaviour,,
a3b3557bf4e7cabe388d916dcf387b3a267d05efc8aaa2b383b9e51d4f1a4d2b,2020-05,Durham Constabulary,Durham Constabulary,-1.581491,54.769988,On or near Sports/Recreation Area,E01020704,County Durham 033C,Burglary,Investigation complete; no suspect identified,
ec73ab6565f6fb5d23e70060817c7927f5cb35b246ac3c6077fdbd61ac9f9618,2020-05,Durham Constabulary,Durham Constabulary,-1.594322,54.772395,On or near George Street,E01020704,County Durham 033C,Violence and sexual offences,Investigation complete; no suspect identified,
8aa94c94e190f9f9e28b400b83ca90c69864bcc5911e4920db3a5d732f9711dc,2020-05,Durham Constabulary,Durham Constabulary,-1.594608,54.771722,On or near Neville'S Cross Bank,E01020712,County Durham 033D,Criminal damage and arson,Investigation complete; no suspect identified,
5002ffe60282777d5b5d833a16c4b9d4952848697e3515c437bf183f68efcc69,2020-05,Durham Constabulary,Durham Constabulary,-1.597358,54.781329,On or near Crossgate Moor Gardens,E01020712,County Durham 033D,Drugs,Offender given a drugs possession warning,
aaf7a9c184776b4e874c2272fd90b3d50f5792c43c329a15d37eef4bdcac6ac7,2020-05,Durham Constabulary,Durham Constabulary,-1.593530,54.770730,On or near Geoffrey Avenue,E01020712,County Durham 033D,Public order,Investigation complete; no suspect identified,
32797ef5bb57dc86458ee48c9e32b8ee92a11d08df00a4242d0d338eac1b4cb3,2020-05,Durham Constabulary,Durham Constabulary,-1.593530,54.770730,On or near Geoffrey Avenue,E01020712,County Durham 033D,Vehicle crime,Investigation complete; no suspect identified,
,2020-05,Durham Constabulary,Durham Constabulary,-1.593211,54.766918,On or near The Steadings,E01020713,County Durham 033E,Anti-social behaviour,,
,2020-05,Durham Constabulary,Durham Constabulary,-1.594119,54.769330,On or near Darlington Road,E01020713,County Durham 033E,Anti-social behaviour,,
,2020-05,Durham Constabulary,Durham Constabulary,-1.590513,54.766235,On or near Bell'S Folly,E01020713,County Durham 033E,Anti-social behaviour,,
c5b897131ff9d01d6b9a7e974e6916b75a46be6344364fb5c7e17da37819befb,2020-05,Durham Constabulary,Durham Constabulary,-1.590623,54.769201,On or near Kirkwood Drive,E01020713,County Durham 033E,Bicycle theft,Investigation complete; no suspect identified,
a60e2b6b9aaf2bff8fc8bd708d3fd10c20048e477e3440db462d88ee3eeeb817,2020-05,Durham Constabulary,Durham Constabulary,-1.594119,54.769330,On or near Darlington Road,E01020713,County Durham 033E,Criminal damage and arson,Unable to prosecute suspect,
83035d676771c9e3fde9eaf7832f14cb46a6c21ad3566d10f05d44d9c4aabc8c,2020-05,Durham Constabulary,Durham Constabulary,-1.588904,54.763983,On or near Nickleby Chare,E01020713,County Durham 033E,Public order,Further investigation is not in the public interest,
34d084fc2991e06c2a48d5b8a9c93f589fe6ce68fe35278e69a74bed1d8b44c8,2020-05,Durham Constabulary,Durham Constabulary,-1.589457,54.764695,On or near Pickwick Close,E01020713,County Durham 033E,Public order,Investigation complete; no suspect identified,
c4f6ff886d3cc5588144f29c256d34126327d7fcd6cc51ad9981fe883ab845c9,2020-05,Durham Constabulary,Durham Constabulary,-1.594119,54.769330,On or near Darlington Road,E01020713,County Durham 033E,Public order,Unable to prosecute suspect,
ffd7bec08ec845db3c59e1bf1b0ac6e2057a2f165f26610500f13036e6aa715e,2020-05,Durham Constabulary,Durham Constabulary,-1.594119,54.769330,On or near Darlington Road,E01020713,County Durham 033E,Public order,Unable to prosecute suspect,
ecf99c8e6bb1afb2006df779e60219e5657e6db910a0b9b8e82c4772f371b2e3,2020-05,Durham Constabulary,Durham Constabulary,-1.588904,54.763983,On or near Nickleby Chare,E01020713,County Durham 033E,Violence and sexual offences,Unable to prosecute suspect,
226e6fd456e1d89ec83bfcc490b52a1c4ddc2a05cdd96044217693c3e068ef6f,2020-05,Durham Constabulary,Durham Constabulary,-1.593211,54.766918,On or near The Steadings,E01020713,County Durham 033E,Violence and sexual offences,Unable to prosecute suspect,
e4d7bdc34586d86ae080aa8a3cd94b18e635d11f157b69b3b44c66ca31663aa8,2020-05,Durham Constabulary,Durham Constabulary,-1.588904,54.763983,On or near Nickleby Chare,E01020713,County Durham 033E,Violence and sexual offences,Further investigation is not in the public interest,
8049c2245ef1c06e45b67f68d4ee678b3aa13cc2a235af2990b8ffa424ccc566,2020-05,Durham Constabulary,Durham Constabulary,-1.593211,54.766918,On or near The Steadings,E01020713,County Durham 033E,Violence and sexual offences,Unable to prosecute suspect,
c7d462d61686a2b58ce78748f95dd4ef9fc4d114bca105311eb75dc87c21dc87,2020-05,Durham Constabulary,Durham Constabulary,-1.588590,54.741345,On or near Parking Area,E01020713,County Durham 033E,Violence and sexual offences,Investigation complete; no suspect identified,
98710a134d10adf8089138767cfaa274b731bc7aff1cf48e41c613b96d35a659,2020-05,Durham Constabulary,Durham Constabulary,-1.590497,54.755559,On or near Blaidwood Drive,E01020713,County Durham 033E,Violence and sexual offences,Unable to prosecute suspect,
,2020-05,Durham Constabulary,Durham Constabulary,-1.400875,54.764675,On or near Sports/Recreation Area,E01020760,County Durham 034A,Anti-social behaviour,,
,2020-05,Durham Constabulary,Durham Constabulary,-1.384512,54.762490,On or near Tudor Court,E01020760,County Durham 034A,Anti-social behaviour,,
4ddc24eec828d450453340b7f7482d7288933ac077d3ef930886715b27cc4a4b,2020-05,Durham Constabulary,Durham Constabulary,-1.400875,54.764675,On or near Sports/Recreation Area,E01020760,County Durham 034A,Criminal damage and arson,Formal action is not in the public interest,
0dbf875fcb04d66d7dfc250f054f294728e3be049381f1ebf08deac7e18aa17e,2020-05,Durham Constabulary,Durham Constabulary,-1.392172,54.757370,On or near Salter'S Lane,E01020760,County Durham 034A,Criminal damage and arson,Court result unavailable,
fac64dd5db9062751ac08f771cd06f1a13ba97225114dbf82e2bd3fc0577282a,2020-05,Durham Constabulary,Durham Constabulary,-1.400875,54.764675,On or near Sports/Recreation Area,E01020760,County Durham 034A,Other theft,Investigation complete; no suspect identified,
eb2e8c26ab1bae6795af1a8d8c9ad9f1101073c9e64e85e9ed660920b6b1ac59,2020-05,Durham Constabulary,Durham Constabulary,-1.396658,54.765031,On or near Waverley Close,E01020760,County Durham 034A,Public order,Unable to prosecute suspect,
a4002fce799452f6cef6ccf47182b4be53909b6b021af1f68390b3e59b66699e,2020-05,Durham Constabulary,Durham Constabulary,-1.384512,54.762490,On or near Tudor Court,E01020760,County Durham 034A,Vehicle crime,Investigation complete; no suspect identified,
2ba772d196451022b11ef559d52b0e723b6aa6cf684c8b18fcad78702cb21bf1,2020-05,Durham Constabulary,Durham Constabulary,-1.396658,54.765031,On or near Waverley Close,E01020760,County Durham 034A,Violence and sexual offences,Unable to prosecute suspect,
33fef3acf55eb63a2eb129a32d5e9d8ff869e55e7de1b0f3a469a4085d1721bd,2020-05,Durham Constabulary,Durham Constabulary,-1.392172,54.757370,On or near Salter'S Lane,E01020760,County Durham 034A,Violence and sexual offences,Unable to prosecute suspect,
c064175db58e83e880774659859de7dbbb7597151454911735d569e924c477fb,2020-05,Durham Constabulary,Durham Constabulary,-1.384512,54.762490,On or near Tudor Court,E01020760,County Durham 034A,Violence and sexual offences,Unable to prosecute suspect,
0cac4c180f93eff599b2acde2c5583daa751ccd468ba426876df961ded58508a,2020-05,Durham Constabulary,Durham Constabulary,-1.384512,54.762490,On or near Tudor Court,E01020760,County Durham 034A,Violence and sexual offences,Unable to prosecute suspect,
3cbb548d70f4eaebabe24dfacf42b5971cc78ec942438275e6dd3d1fc8040b65,2020-05,Durham Constabulary,Durham Constabulary,-1.392602,54.753544,On or near Dixon Estate Bungalows,E01020760,County Durham 034A,Violence and sexual offences,Unable to prosecute suspect,
1832aaa90fb1144b1e69ae3662db9f8991b337c8505a4eafaa8184be95f8a619,2020-05,Durham Constabulary,Durham Constabulary,-1.393145,54.761922,On or near Whinfield Avenue,E01020760,County Durham 034A,Violence and sexual offences,Local resolution,
cb5a9c067e84f4202e0674ea254c2b5972db82c5d6fe732e3cb60a73a9182dcb,2020-05,Durham Constabulary,Durham Constabulary,-1.393145,54.761922,On or near Whinfield Avenue,E01020760,County Durham 034A,Other crime,Unable to prosecute suspect,
90b1d0783348870b0ec6b41c33b2ec9564199432bc4fff7af4e58065bef0dc68,2020-05,Durham Constabulary,Durham Constabulary,-1.400875,54.764675,On or near Sports/Recreation Area,E01020760,County Durham 034A,Other crime,Court result unavailable,
9d65e3a1db433be49899be9faabb26bd0689581790fdca5b1f8ee5344b52422a,2020-05,Durham Constabulary,Durham Constabulary,-1.392172,54.757370,On or near Salter'S Lane,E01020760,County Durham 034A,Other crime,Unable to prosecute suspect,
,2020-05,Durham Constabulary,Durham Constabulary,-1.386898,54.759869,On or near Friar Street,E01020761,County Durham 034B,Anti-social behaviour,,
,2020-05,Durham Constabulary,Durham Constabulary,-1.386898,54.759869,On or near Friar Street,E01020761,County Durham 034B,Anti-social behaviour,,
,2020-05,Durham Constabulary,Durham Constabulary,-1.382765,54.759857,On or near Milton Grove,E01020761,County Durham 034B,Anti-social behaviour,,
,2020-05,Durham Constabulary,Durham Constabulary,-1.385544,54.760006,On or near Victoria Street,E01020761,County Durham 034B,Anti-social behaviour,,
,2020-05,Durham Constabulary,Durham Constabulary,-1.389261,54.759818,On or near West Street,E01020761,County Durham 034B,Anti-social behaviour,,
,2020-05,Durham Constabulary,Durham Constabulary,-1.386898,54.759869,On or near Friar Street,E01020761,County Durham 034B,Anti-social behaviour,,
,2020-05,Durham Constabulary,Durham Constabulary,-1.381721,54.761029,On or near Eden View,E01020761,County Durham 034B,Anti-social behaviour,,
,2020-05,Durham Constabulary,Durham Constabulary,-1.386898,54.759869,On or near Friar Street,E01020761,County Durham 034B,Anti-social behaviour,,
,2020-05,Durham Constabulary,Durham Constabulary,-1.382765,54.759857,On or near Milton Grove,E01020761,County Durham 034B,Anti-social behaviour,,
,2020-05,Durham Constabulary,Durham Constabulary,-1.381721,54.761029,On or near Eden View,E01020761,County Durham 034B,Anti-social behaviour,,
,2020-05,Durham Constabulary,Durham Constabulary,-1.386109,54.761662,On or near Alcote Grove,E01020761,County Durham 034B,Anti-social behaviour,,
,2020-05,Durham Constabulary,Durham Constabulary,-1.386898,54.759869,On or near Friar Street,E01020761,County Durham 034B,Anti-social behaviour,,
,2020-05,Durham Constabulary,Durham Constabulary,-1.386898,54.759869,On or near Friar Street,E01020761,County Durham 034B,Anti-social behaviour,,
,2020-05,Durham Constabulary,Durham Constabulary,-1.382765,54.759857,On or near Milton Grove,E01020761,County Durham 034B,Anti-social behaviour,,
,2020-05,Durham Constabulary,Durham Constabulary,-1.386898,54.759869,On or near Friar Street,E01020761,County Durham 034B,Anti-social behaviour,,
,2020-05,Durham Constabulary,Durham Constabulary,-1.386898,54.759869,On or near Friar Street,E01020761,County Durham 034B,Anti-social behaviour,,
,2020-05,Durham Constabulary,Durham Constabulary,-1.380232,54.760850,On or near Brackenridge,E01020761,County Durham 034B,Anti-social behaviour,,
,2020-05,Durham Constabulary,Durham Constabulary,-1.381721,54.761029,On or near Eden View,E01020761,County Durham 034B,Anti-social behaviour,,
,2020-05,Durham Constabulary,Durham Constabulary,-1.381721,54.761029,On or near Eden View,E01020761,County Durham 034B,Anti-social behaviour,,
,2020-05,Durham Constabulary,Durham Constabulary,-1.384719,54.761089,On or near East Green,E01020761,County Durham 034B,Anti-social behaviour,,
,2020-05,Durham Constabulary,Durham Constabulary,-1.382765,54.759857,On or near Milton Grove,E01020761,County Durham 034B,Anti-social behaviour,,
,2020-05,Durham Constabulary,Durham Constabulary,-1.386898,54.759869,On or near Friar Street,E01020761,County Durham 034B,Anti-social behaviour,,
,2020-05,Durham Constabulary,Durham Constabulary,-1.386898,54.759869,On or near Friar Street,E01020761,County Durham 034B,Anti-social behaviour,,
,2020-05,Durham Constabulary,Durham Constabulary,-1.369272,54.754135,On or near Birchwood Drive,E01020761,County Durham 034B,Anti-social behaviour,,
,2020-05,Durham Constabulary,Durham Constabulary,-1.381721,54.761029,On or near Eden View,E01020761,County Durham 034B,Anti-social behaviour,,
,2020-05,Durham Constabulary,Durham Constabulary,-1.382765,54.759857,On or near Milton Grove,E01020761,County Durham 034B,Anti-social behaviour,,
78bc8d6e6c05f96c879ba351dcd7e27dba325dfb44da527e3d8ec733652ff4f5,2020-05,Durham Constabulary,Durham Constabulary,-1.386583,54.762177,On or near Dunelm Place,E01020761,County Durham 034B,Burglary,Investigation complete; no suspect identified,
547d7f3e055982d83ecc7cb72a5c02c228c16fb35433b3f7bd3c0aee4d636ff1,2020-05,Durham Constabulary,Durham Constabulary,-1.382765,54.759857,On or near Milton Grove,E01020761,County Durham 034B,Burglary,Investigation complete; no suspect identified,
b31e0a0e6686e3b64e00d36d67b4976c80a80f3ba907dedb155197faa56f826d,2020-05,Durham Constabulary,Durham Constabulary,-1.386583,54.762177,On or near Dunelm Place,E01020761,County Durham 034B,Burglary,Investigation complete; no suspect identified,
f733ade1b17f28cfd36000b995458233e59cfbf697d3ad1b5e19e5c4a1f6ffaa,2020-05,Durham Constabulary,Durham Constabulary,-1.385544,54.760006,On or near Victoria Street,E01020761,County Durham 034B,Criminal damage and arson,Investigation complete; no suspect identified,
a0848c24f4c717f96b34d498604e0a25418c6daee479a14c20678319cfa34c62,2020-05,Durham Constabulary,Durham Constabulary,-1.382765,54.759857,On or near Milton Grove,E01020761,County Durham 034B,Criminal damage and arson,Investigation complete; no suspect identified,
392d35ec69219f209d9ad38f65bc39a373f116218eadcaf242736bf58fddcf4a,2020-05,Durham Constabulary,Durham Constabulary,-1.385544,54.760006,On or near Victoria Street,E01020761,County Durham 034B,Criminal damage and arson,Investigation complete; no suspect identified,
4a1ca1f220bab90a3c592942a2b0d60da1a2f39f0d8cd0aeff6b91f22151beef,2020-05,Durham Constabulary,Durham Constabulary,-1.358505,54.769832,On or near Lowhills Road,E01020761,County Durham 034B,Criminal damage and arson,Investigation complete; no suspect identified,
12bd6581cd8cc72b25850f7c52f6429439a51f7bb40ba8d636df117e1f5509f9,2020-05,Durham Constabulary,Durham Constabulary,-1.382765,54.759857,On or near Milton Grove,E01020761,County Durham 034B,Drugs,Investigation complete; no suspect identified,
3c1a1868284ee124d9180978d02dd0e4816d9a467365411072f9ab41aa039896,2020-05,Durham Constabulary,Durham Constabulary,-1.383792,54.760770,On or near King Street,E01020761,County Durham 034B,Other theft,Unable to prosecute suspect,
8357483ba114478929e140be0ee885cf60747e29dfa02cff3ccbe10308341b3b,2020-05,Durham Constabulary,Durham Constabulary,-1.382765,54.759857,On or near Milton Grove,E01020761,County Durham 034B,Public order,Unable to prosecute suspect,
01f7c2610967cb67d13fec6a7ed183a29490e0ddb82ed654866a691b429d4c88,2020-05,Durham Constabulary,Durham Constabulary,-1.362730,54.769018,On or near Davy Drive,E01020761,County Durham 034B,Public order,Local resolution,
2e5aa21e191f0184bf778fc7f06f3e5d369e877209c5dfd63892b0329559b50b,2020-05,Durham Constabulary,Durham Constabulary,-1.382765,54.759857,On or near Milton Grove,E01020761,County Durham 034B,Vehicle crime,Investigation complete; no suspect identified,
6af1df1ba9b25b942567421e4d901dee27c0659fa04725ea47f975edfac7f7f7,2020-05,Durham Constabulary,Durham Constabulary,-1.382765,54.759857,On or near Milton Grove,E01020761,County Durham 034B,Violence and sexual offences,Unable to prosecute suspect,
b14e2b5bdfe47b8d7773e4995eb1bfd95e0586bc12594c7ac13eb35d0ab4ba74,2020-05,Durham Constabulary,Durham Constabulary,-1.388247,54.760091,On or near Hamilton Court,E01020761,County Durham 034B,Violence and sexual offences,Unable to prosecute suspect,
eda3e03de562b3d33543d68888bbf9faa8dca54f6186246548127ccd1cc79334,2020-05,Durham Constabulary,Durham Constabulary,-1.385544,54.760006,On or near Victoria Street,E01020761,County Durham 034B,Violence and sexual offences,Investigation complete; no suspect identified,
3b770c7a69d8a8723b260a311be62d832afb76f7609a5e7e9bd87276c78cafee,2020-05,Durham Constabulary,Durham Constabulary,-1.382765,54.759857,On or near Milton Grove,E01020761,County Durham 034B,Violence and sexual offences,Local resolution,
64e72bfd1b6124df7dd2467077f7424ded578517a5fb6ff30d8c6b45bde197c9,2020-05,Durham Constabulary,Durham Constabulary,-1.382765,54.759857,On or near Milton Grove,E01020761,County Durham 034B,Violence and sexual offences,Local resolution,
5fe1a6b8d59baff53ba9b97edecab8add16d2e6b05463c490ecd99277e5209f0,2020-05,Durham Constabulary,Durham Constabulary,-1.386109,54.761662,On or near Alcote Grove,E01020761,County Durham 034B,Violence and sexual offences,Local resolution,
50b288a9dc72c4d3fe90a9451a1f0f027aeb5707e1168b84f95ab01e95c7995a,2020-05,Durham Constabulary,Durham Constabulary,-1.389261,54.759818,On or near West Street,E01020761,County Durham 034B,Violence and sexual offences,Further investigation is not in the public interest,
71b3b1d7a6d1463127a27d23aeb6bda499da8411ec0682d31538c00993ffd124,2020-05,Durham Constabulary,Durham Constabulary,-1.382765,54.759857,On or near Milton Grove,E01020761,County Durham 034B,Violence and sexual offences,Investigation complete; no suspect identified,
b8f779c8b3ecd1d136060a7208a48a09ef1a4cb0aa07f0e3f41199ccc742edd0,2020-05,Durham Constabulary,Durham Constabulary,-1.389261,54.759818,On or near West Street,E01020761,County Durham 034B,Violence and sexual offences,Unable to prosecute suspect,
229385ff75e796c80e1fe828c68bd277df60abacf9d3ef68a052447cee95e31e,2020-05,Durham Constabulary,Durham Constabulary,-1.385544,54.760006,On or near Victoria Street,E01020761,County Durham 034B,Violence and sexual offences,Unable to prosecute suspect,
3a15b7bc3b5d90e4208d0a6b2a42c3228262eacf2b0b54a5654fa7777e504121,2020-05,Durham Constabulary,Durham Constabulary,-1.389261,54.759818,On or near West Street,E01020761,County Durham 034B,Violence and sexual offences,Unable to prosecute suspect,
a0ac155b0978ca1dd629eec8027df39339a1f07d3faeed7b559224c8ef24fdff,2020-05,Durham Constabulary,Durham Constabulary,-1.382765,54.759857,On or near Milton Grove,E01020761,County Durham 034B,Violence and sexual offences,Investigation complete; no suspect identified,
88a939decea1cfbf4caea45fe41dcff918a55de1d97b43a11fc3f8324ac8aa6a,2020-05,Durham Constabulary,Durham Constabulary,-1.382765,54.759857,On or near Milton Grove,E01020761,County Durham 034B,Violence and sexual offences,Unable to prosecute suspect,
aaefb41781d38e11312541090044f777f18fb33dd2f9dbecf2b3bb68e4d45bc9,2020-05,Durham Constabulary,Durham Constabulary,-1.382765,54.759857,On or near Milton Grove,E01020761,County Durham 034B,Other crime,Status update unavailable,
6de68717cd8e25f3d884eb603f70afa0c22e6f9fc65762f40e0b17a5732ad134,2020-05,Durham Constabulary,Durham Constabulary,-1.387246,54.764615,On or near Parking Area,E01020761,County Durham 034B,Other crime,Investigation complete; no suspect identified,
853914018a4cf2d127e30427de0df317d50756f3297be98cb91b4d4c33ffe4fe,2020-05,Durham Constabulary,Durham Constabulary,-1.389261,54.759818,On or near West Street,E01020761,County Durham 034B,Other crime,Unable to prosecute suspect,
192b100d550cd1b414480a79a095ea1b25cba8d52b04208c7aa66d58d627aa19,2020-05,Durham Constabulary,Durham Constabulary,-1.370098,54.761966,On or near Whitehouse Crescent,E01020761,County Durham 034B,Other crime,Further investigation is not in the public interest,
936890e543665dd793034bb0e7eb85ef235e9c3d5913ecff46a27adb4f6ee82a,2020-05,Durham Constabulary,Durham Constabulary,-1.370098,54.761966,On or near Whitehouse Crescent,E01020761,County Durham 034B,Other crime,Further investigation is not in the public interest,
17c840855ef59ebe821573bb0a9134a856d3c46aab10e5914f8d6921baa49114,2020-05,Durham Constabulary,Durham Constabulary,-1.370098,54.761966,On or near Whitehouse Crescent,E01020761,County Durham 034B,Other crime,Unable to prosecute suspect,
,2020-05,Durham Constabulary,Durham Constabulary,-1.386464,54.761862,On or near Cowley Street,E01020762,County Durham 034C,Anti-social behaviour,,
,2020-05,Durham Constabulary,Durham Constabulary,-1.387475,54.757697,On or near Bridge Road,E01020762,County Durham 034C,Anti-social behaviour,,
,2020-05,Durham Constabulary,Durham Constabulary,-1.388581,54.761648,On or near Arden Street,E01020762,County Durham 034C,Anti-social behaviour,,
,2020-05,Durham Constabulary,Durham Constabulary,-1.386464,54.761862,On or near Cowley Street,E01020762,County Durham 034C,Anti-social behaviour,,
6ebf6d5824327b507d584d9ee881f48e4efb0f6c9ae2569a485a6493e905abec,2020-05,Durham Constabulary,Durham Constabulary,-1.387978,54.761402,On or near Supermarket,E01020762,County Durham 034C,Burglary,Investigation complete; no suspect identified,
28f5cce5fb8f8fad1dcbab08f120823b7fab17a0a6e42d8b2269141f46b0c464,2020-05,Durham Constabulary,Durham Constabulary,-1.391648,54.756082,On or near Salter'S Lane,E01020762,County Durham 034C,Public order,Unable to prosecute suspect,
b9d9b7a8ce416d62c0de09cbd046a8a7c02494a637adb48dab57091cb0013cc3,2020-05,Durham Constabulary,Durham Constabulary,-1.391648,54.756082,On or near Salter'S Lane,E01020762,County Durham 034C,Public order,Investigation complete; no suspect identified,
9bdd22cc3481b99aa58a9bd5888e5d04ba41bb67e2962db4e14bc9e8e4c85d53,2020-05,Durham Constabulary,Durham Constabulary,-1.387475,54.757697,On or near Bridge Road,E01020762,County Durham 034C,Vehicle crime,Investigation complete; no suspect identified,
d42f9e4e25bdcfbad400232e8b5580e96b17d3c54fdd149992bbde277aa62441,2020-05,Durham Constabulary,Durham Constabulary,-1.391648,54.756082,On or near Salter'S Lane,E01020762,County Durham 034C,Violence and sexual offences,Unable to prosecute suspect,
03b795edd6061cc8c0cbd9292374b276c49a6b14e18303f2413669577eba4911,2020-05,Durham Constabulary,Durham Constabulary,-1.390822,54.754182,On or near Dixon Estate,E01020762,County Durham 034C,Violence and sexual offences,Unable to prosecute suspect,
ae5a63f64709e8d7076c6cf8dab34c848ec6c9d86e7eee0f5edec0cac7a660d3,2020-05,Durham Constabulary,Durham Constabulary,-1.390822,54.754182,On or near Dixon Estate,E01020762,County Durham 034C,Violence and sexual offences,Unable to prosecute suspect,
b0aa206cbf2c69ddf7e3136de5a10c7a3a8503b96964edb04299654a0614e9cf,2020-05,Durham Constabulary,Durham Constabulary,-1.390822,54.754182,On or near Dixon Estate,E01020762,County Durham 034C,Violence and sexual offences,Unable to prosecute suspect,
939f6d06eae53b083ebe106ea51101ace113db083fb2f36fae2475cd1abf73bc,2020-05,Durham Constabulary,Durham Constabulary,-1.390822,54.754182,On or near Dixon Estate,E01020762,County Durham 034C,Violence and sexual offences,Investigation complete; no suspect identified,
94a8b5168d056af815465dcdc4ffff7a698b0ad208ca06d3dcefe24b95f2963e,2020-05,Durham Constabulary,Durham Constabulary,-1.390822,54.754182,On or near Dixon Estate,E01020762,County Durham 034C,Violence and sexual offences,Unable to prosecute suspect,
cf5732419fd0f517fa8061dd8f536bf01aaa26c48cc7d910e5f6f497cd03e138,2020-05,Durham Constabulary,Durham Constabulary,-1.391648,54.756082,On or near Salter'S Lane,E01020762,County Durham 034C,Violence and sexual offences,Unable to prosecute suspect,
5f529e18938b9be27cab535ced05623b9815b472f87834275e78112e3677a582,2020-05,Durham Constabulary,Durham Constabulary,-1.391648,54.756082,On or near Salter'S Lane,E01020762,County Durham 034C,Violence and sexual offences,Unable to prosecute suspect,
e3c3970a120f57a46b5018f2e652652ed1f473c5212310174f35314d313e0d57,2020-05,Durham Constabulary,Durham Constabulary,-1.391648,54.756082,On or near Salter'S Lane,E01020762,County Durham 034C,Violence and sexual offences,Court result unavailable,
,2020-05,Durham Constabulary,Durham Constabulary,-1.423850,54.774222,On or near Gloucester Terrace,E01020763,County Durham 034D,Anti-social behaviour,,
,2020-05,Durham Constabulary,Durham Constabulary,-1.410151,54.784050,On or near Chestnut Drive,E01020763,County Durham 034D,Anti-social behaviour,,
,2020-05,Durham Constabulary,Durham Constabulary,-1.423850,54.774222,On or near Gloucester Terrace,E01020763,County Durham 034D,Anti-social behaviour,,
,2020-05,Durham Constabulary,Durham Constabulary,-1.418072,54.782516,On or near Church View,E01020763,County Durham 034D,Anti-social behaviour,,
a62d2f834bcd0be4e05203e3da926ff83a6e80ec4fb179022598476b560760cc,2020-05,Durham Constabulary,Durham Constabulary,-1.417293,54.783734,On or near Front Street,E01020763,County Durham 034D,Criminal damage and arson,Investigation complete; no suspect identified,
517154d901f1481a17316783d4536054f789af90d64f756a9c9a05d82a5b3268,2020-05,Durham Constabulary,Durham Constabulary,-1.420369,54.781727,On or near Church Street,E01020763,County Durham 034D,Criminal damage and arson,Investigation complete; no suspect identified,
72d01fab167fd94082dce2ad013e61fbcc162a5402e86ab15ce46ddcfc697f1e,2020-05,Durham Constabulary,Durham Constabulary,-1.416345,54.784763,On or near Station Street,E01020763,County Durham 034D,Criminal damage and arson,Status update unavailable,
9f10796b00dfd14ddd1bc38324623fc1dc054b0101abffd6fe8dfe2dcaab3c2e,2020-05,Durham Constabulary,Durham Constabulary,-1.416345,54.784763,On or near Station Street,E01020763,County Durham 034D,Other theft,Investigation complete; no suspect identified,
c6ede2a2cf8d37faf286089650544870dbf21c7986ef0aa0675666f1ebfcced8,2020-05,Durham Constabulary,Durham Constabulary,-1.418906,54.784021,On or near Dent Close,E01020763,County Durham 034D,Other theft,Investigation complete; no suspect identified,
271388ad340e02befad38d34528f206b014a998848534ef84e72e6a6022bb8a8,2020-05,Durham Constabulary,Durham Constabulary,-1.416099,54.780305,On or near Salter'S Lane,E01020763,County Durham 034D,Possession of weapons,Formal action is not in the public interest,
3bea68c2949f6055c3cc33b6997efef7ce7be4400d8abe2471febef8f99a7014,2020-05,Durham Constabulary,Durham Constabulary,-1.410151,54.784050,On or near Chestnut Drive,E01020763,County Durham 034D,Public order,Court result unavailable,
422628a6b75c18d01a4b35d601efc85849d72dcbd7de09431834e43b070a10f9,2020-05,Durham Constabulary,Durham Constabulary,-1.414212,54.783899,On or near Kestrel Way,E01020763,County Durham 034D,Vehicle crime,Court result unavailable,
338f202f98583ce602607c272f5311943367aa39723cd2e137e94fdc05aa9791,2020-05,Durham Constabulary,Durham Constabulary,-1.423850,54.774222,On or near Gloucester Terrace,E01020763,County Durham 034D,Violence and sexual offences,Unable to prosecute suspect,
b98f9b94ca3dc5af077988c982e560c7daa6e702c2bbbbcc70be140730ddf0ab,2020-05,Durham Constabulary,Durham Constabulary,-1.416345,54.784763,On or near Station Street,E01020763,County Durham 034D,Violence and sexual offences,Offender given a caution,
4d7ae2b7a5776242218ac363ac51ad30c5f45661205e30ccb4e91a11e9630a65,2020-05,Durham Constabulary,Durham Constabulary,-1.410151,54.784050,On or near Chestnut Drive,E01020763,County Durham 034D,Violence and sexual offences,Unable to prosecute suspect,
0092b0794b7156d927f1655d974a6d170fcf4620693d553ff13a50d23d366ce3,2020-05,Durham Constabulary,Durham Constabulary,-1.423850,54.774222,On or near Gloucester Terrace,E01020763,County Durham 034D,Violence and sexual offences,Unable to prosecute suspect,
4a0324b81fa54607a1775771d0f9038d93cd970be4ec958c1e157a970c0c02d6,2020-05,Durham Constabulary,Durham Constabulary,-1.423850,54.774222,On or near Gloucester Terrace,E01020763,County Durham 034D,Violence and sexual offences,Unable to prosecute suspect,
18bd5c36cafa90483bc9eadc3c155384b79d8173f74d89444d364becaf707843,2020-05,Durham Constabulary,Durham Constabulary,-1.416718,54.783740,On or near George Street,E01020763,County Durham 034D,Violence and sexual offences,Court result unavailable,
81667aa08dddb2941ebe4761f7d55a9f75fe2a4f79777a321ccf22a6a3d05b1f,2020-05,Durham Constabulary,Durham Constabulary,-1.416345,54.784763,On or near Station Street,E01020763,County Durham 034D,Violence and sexual offences,Unable to prosecute suspect,
71bed0ca3362fc2e38e0f35fc0bee2c3b5d5a000619b82078bebe1a6ee6a8a8d,2020-05,Durham Constabulary,Durham Constabulary,-1.417293,54.783734,On or near Front Street,E01020763,County Durham 034D,Violence and sexual offences,Unable to prosecute suspect,
410ad0f8577950d905d232176640e8b82dc2bbe889810ca63026dabcb21674ca,2020-05,Durham Constabulary,Durham Constabulary,-1.412485,54.783954,On or near Maplewood Drive,E01020763,County Durham 034D,Violence and sexual offences,Formal action is not in the public interest,
deb70ee6c5845bb31052ffaf255b9990f11ffced34250ce0f7a52e4fc2f4a8e7,2020-05,Durham Constabulary,Durham Constabulary,-1.416099,54.780305,On or near Salter'S Lane,E01020763,County Durham 034D,Violence and sexual offences,Unable to prosecute suspect,
,2020-05,Durham Constabulary,Durham Constabulary,-1.342705,54.764517,On or near Newark Close,E01020733,County Durham 035A,Anti-social behaviour,,
,2020-05,Durham Constabulary,Durham Constabulary,-1.341952,54.764935,On or near Basingstoke Road,E01020733,County Durham 035A,Anti-social behaviour,,
,2020-05,Durham Constabulary,Durham Constabulary,-1.341952,54.764935,On or near Basingstoke Road,E01020733,County Durham 035A,Anti-social behaviour,,
,2020-05,Durham Constabulary,Durham Constabulary,-1.347333,54.765666,On or near Layburn Place,E01020733,County Durham 035A,Anti-social behaviour,,
,2020-05,Durham Constabulary,Durham Constabulary,-1.349653,54.764438,On or near Cottingham Close,E01020733,County Durham 035A,Anti-social behaviour,,
,2020-05,Durham Constabulary,Durham Constabulary,-1.342705,54.764517,On or near Newark Close,E01020733,County Durham 035A,Anti-social behaviour,,
,2020-05,Durham Constabulary,Durham Constabulary,-1.347333,54.765666,On or near Layburn Place,E01020733,County Durham 035A,Anti-social behaviour,,
,2020-05,Durham Constabulary,Durham Constabulary,-1.341952,54.764935,On or near Basingstoke Road,E01020733,County Durham 035A,Anti-social behaviour,,
a10be32c4482e6fc1cf1462b1b9ed27d8df4224038618086f8bf965ce64bd479,2020-05,Durham Constabulary,Durham Constabulary,-1.351986,54.766284,On or near Warwick Place,E01020733,County Durham 035A,Burglary,Unable to prosecute suspect,
e2c96e79ecddbec83bfad472aba29bbd3c45d550dfb2b82343dd97d4318d9b1e,2020-05,Durham Constabulary,Durham Constabulary,-1.342705,54.764517,On or near Newark Close,E01020733,County Durham 035A,Burglary,Court result unavailable,
623fe463331c97e1543618274fd3e06ed9b5faf74db7f223d1de00ac00a0d4ab,2020-05,Durham Constabulary,Durham Constabulary,-1.347932,54.767098,On or near Acre Rigg Road,E01020733,County Durham 035A,Criminal damage and arson,Investigation complete; no suspect identified,
a5cf901426a727d49c3aeaf2ef398d9f8f70a82cad9025e3fc30ea3de2d176c6,2020-05,Durham Constabulary,Durham Constabulary,-1.346383,54.765804,On or near Franklyn Road,E01020733,County Durham 035A,Criminal damage and arson,Unable to prosecute suspect,
e53b2b92c119e25ae1e31b33d1849ab5626e972d39ba29061305aae4c7400213,2020-05,Durham Constabulary,Durham Constabulary,-1.342705,54.764517,On or near Newark Close,E01020733,County Durham 035A,Public order,Unable to prosecute suspect,
d8e326f97fcd064e47485de0a0fffc0ef1b7a729c6e93eb4cbf4c36c88bc9e33,2020-05,Durham Constabulary,Durham Constabulary,-1.341952,54.764935,On or near Basingstoke Road,E01020733,County Durham 035A,Violence and sexual offences,Unable to prosecute suspect,
47d107a77cdfd09715be8738c9865200d934f90fc1e87c9bc5f5aa04738342b3,2020-05,Durham Constabulary,Durham Constabulary,-1.342705,54.764517,On or near Newark Close,E01020733,County Durham 035A,Violence and sexual offences,Unable to prosecute suspect,
40229cb3b72f2e0e49ef0c4d7d9f2a65d8ea9955231779518626af293618a74d,2020-05,Durham Constabulary,Durham Constabulary,-1.349821,54.763693,On or near Woodmansey Close,E01020733,County Durham 035A,Violence and sexual offences,Unable to prosecute suspect,
f98869eb0290221026c55d99d2fb445f80290cf7ae3b4102f1988354a6584582,2020-05,Durham Constabulary,Durham Constabulary,-1.342705,54.764517,On or near Newark Close,E01020733,County Durham 035A,Violence and sexual offences,Offender given a caution,
27f46ddaf4d7d58d96dc320ffc82e6b1a15018a946a885c7a52b153ace3333d8,2020-05,Durham Constabulary,Durham Constabulary,-1.347932,54.767098,On or near Acre Rigg Road,E01020733,County Durham 035A,Violence and sexual offences,Unable to prosecute suspect,
b83aa683c76ccd6d472ae4ba3b82a189536a6960471a45af0626ef04ff82e052,2020-05,Durham Constabulary,Durham Constabulary,-1.341952,54.764935,On or near Basingstoke Road,E01020733,County Durham 035A,Violence and sexual offences,Unable to prosecute suspect,
fb48b4b9352d1bc0b6ac2a36a529e451a2adf1d3fa304e1c81b5e5fcecf13025,2020-05,Durham Constabulary,Durham Constabulary,-1.342705,54.764517,On or near Newark Close,E01020733,County Durham 035A,Violence and sexual offences,Unable to prosecute suspect,
335cef4355f7c8424b8720b6e410f9882d3b05e1a215c376f34e37389d112e3b,2020-05,Durham Constabulary,Durham Constabulary,-1.346512,54.764529,On or near Colston Rise,E01020733,County Durham 035A,Violence and sexual offences,Unable to prosecute suspect,
c72973fac018b523fd21995468adbd16518dd18751536bf19385ba0dced69555,2020-05,Durham Constabulary,Durham Constabulary,-1.346512,54.764529,On or near Colston Rise,E01020733,County Durham 035A,Violence and sexual offences,Unable to prosecute suspect,
069ebf235e8d30afa709a7f699b8b9034a92584d66e3c0274a7c3f97ec5ba892,2020-05,Durham Constabulary,Durham Constabulary,-1.342705,54.764517,On or near Newark Close,E01020733,County Durham 035A,Violence and sexual offences,Unable to prosecute suspect,
90c3119abbad4a51c06857b91f3e9def6776376af8ee594115cd71b42774648b,2020-05,Durham Constabulary,Durham Constabulary,-1.346383,54.765804,On or near Franklyn Road,E01020733,County Durham 035A,Violence and sexual offences,Unable to prosecute suspect,
b88058829a5601c8522049353f2bb4e7e2fbdf36e2f1e530408994ebcdca54e8,2020-05,Durham Constabulary,Durham Constabulary,-1.344408,54.765910,On or near Morton Square,E01020733,County Durham 035A,Other crime,Unable to prosecute suspect,
922e951b508c8fbfb7212c13111ca7bc3a92e8fa49d1d35e2306eed302253549,2020-05,Durham Constabulary,Durham Constabulary,-1.342705,54.764517,On or near Newark Close,E01020733,County Durham 035A,Other crime,Unable to prosecute suspect,
,2020-05,Durham Constabulary,Durham Constabulary,-1.355076,54.764539,On or near Stafford Place,E01020734,County Durham 035B,Anti-social behaviour,,
,2020-05,Durham Constabulary,Durham Constabulary,-1.355076,54.764539,On or near Stafford Place,E01020734,County Durham 035B,Anti-social behaviour,,
,2020-05,Durham Constabulary,Durham Constabulary,-1.354785,54.766236,On or near Chester Place,E01020734,County Durham 035B,Anti-social behaviour,,
,2020-05,Durham Constabulary,Durham Constabulary,-1.354785,54.766236,On or near Chester Place,E01020734,County Durham 035B,Anti-social behaviour,,
,2020-05,Durham Constabulary,Durham Constabulary,-1.354785,54.766236,On or near Chester Place,E01020734,County Durham 035B,Anti-social behaviour,,
,2020-05,Durham Constabulary,Durham Constabulary,-1.346289,54.770683,On or near Sports/Recreation Area,E01020734,County Durham 035B,Anti-social behaviour,,
,2020-05,Durham Constabulary,Durham Constabulary,-1.354785,54.766236,On or near Chester Place,E01020734,County Durham 035B,Anti-social behaviour,,
,2020-05,Durham Constabulary,Durham Constabulary,-1.354785,54.766236,On or near Chester Place,E01020734,County Durham 035B,Anti-social behaviour,,
a1d3110401f7a9cc5e976043a675ec0b84377fc791649bdd0ed046cd46802efe,2020-05,Durham Constabulary,Durham Constabulary,-1.346289,54.770683,On or near Sports/Recreation Area,E01020734,County Durham 035B,Burglary,Investigation complete; no suspect identified,
94660d936ac6c21ca5b18332b3f381e19d1b166fc45ab10c15088f3ea8b6e69e,2020-05,Durham Constabulary,Durham Constabulary,-1.346857,54.772115,On or near Sports/Recreation Area,E01020734,County Durham 035B,Criminal damage and arson,Investigation complete; no suspect identified,
e15136bc28d39218328b75f69f30c1b24e600e3980763cb6af920deae9363fa6,2020-05,Durham Constabulary,Durham Constabulary,-1.352706,54.764984,On or near Gloucester Place,E01020734,County Durham 035B,Criminal damage and arson,Investigation complete; no suspect identified,
125631a26a26a01181a7d1fe56e2b1bd10a6ef70d2dd4aebb0681c61b8791e59,2020-05,Durham Constabulary,Durham Constabulary,-1.346289,54.770683,On or near Sports/Recreation Area,E01020734,County Durham 035B,Criminal damage and arson,Court result unavailable,
a3799d7793ac6cb0a200ebb8f90f155b3b524652066853e3ec09632cf24cd7a1,2020-05,Durham Constabulary,Durham Constabulary,-1.354785,54.766236,On or near Chester Place,E01020734,County Durham 035B,Public order,Unable to prosecute suspect,
60226f6ddc80853ca45c298d9caf338aeb88319d10b366be8918f645fa24f191,2020-05,Durham Constabulary,Durham Constabulary,-1.354785,54.766236,On or near Chester Place,E01020734,County Durham 035B,Public order,Unable to prosecute suspect,
70ed26cfab7b8f85f8ab65fa4c7940932198168aa17bd4b0680308e26dc278a8,2020-05,Durham Constabulary,Durham Constabulary,-1.346289,54.770683,On or near Sports/Recreation Area,E01020734,County Durham 035B,Violence and sexual offences,Court result unavailable,
769b44155abd07cda300d647704a512dd43400a70218f5dbe1df198979e4316d,2020-05,Durham Constabulary,Durham Constabulary,-1.346289,54.770683,On or near Sports/Recreation Area,E01020734,County Durham 035B,Violence and sexual offences,Local resolution,
,2020-05,Durham Constabulary,Durham Constabulary,-1.350803,54.770303,On or near Northumberland Place,E01020735,County Durham 035C,Anti-social behaviour,,
,2020-05,Durham Constabulary,Durham Constabulary,-1.352355,54.769449,On or near Garside Grove,E01020735,County Durham 035C,Anti-social behaviour,,
35f67334462d092f6357812ff21a34b16c78cda003fbce1eee3e6f76628a5611,2020-05,Durham Constabulary,Durham Constabulary,-1.347780,54.768831,On or near York Road,E01020735,County Durham 035C,Burglary,Unable to prosecute suspect,
72301003249753be62b899bc0d0e8f6c072f318aa94c620321079acf88f87a99,2020-05,Durham Constabulary,Durham Constabulary,-1.349809,54.770244,On or near Nottingham Place,E01020735,County Durham 035C,Burglary,Investigation complete; no suspect identified,
bf4004fe0c2d05b29b82ce3be717c17d1a267e77dbba3e754353d23c8c931eff,2020-05,Durham Constabulary,Durham Constabulary,-1.344695,54.769264,On or near Northampton Road,E01020735,County Durham 035C,Burglary,Investigation complete; no suspect identified,
c4eecc4198939160cc7faea8373c55c6a77c0c052d9aeaec66b01b9147805287,2020-05,Durham Constabulary,Durham Constabulary,-1.344072,54.768389,On or near Essex Place,E01020735,County Durham 035C,Criminal damage and arson,Court result unavailable,
1fabce2fd4ba7dec77f79f091bd6b8ac84d6edf873691cd692b424db471fc7da,2020-05,Durham Constabulary,Durham Constabulary,-1.344695,54.769264,On or near Northampton Road,E01020735,County Durham 035C,Vehicle crime,Offender given a caution,
e0c6f974d6bb407f9ec6775e948c833782b019c21a46d55e1314d71b3357a1b0,2020-05,Durham Constabulary,Durham Constabulary,-1.352355,54.769449,On or near Garside Grove,E01020735,County Durham 035C,Violence and sexual offences,Unable to prosecute suspect,
270adbd406de0dcdda257ddae7b177f07ac7818b53b1c1e7d72dc5851336c863,2020-05,Durham Constabulary,Durham Constabulary,-1.352355,54.769449,On or near Garside Grove,E01020735,County Durham 035C,Violence and sexual offences,Unable to prosecute suspect,
94122bda9fd6b334258fb0f1d9ae0ffdfba4477ae30291bb747aa8fcfd6eabba,2020-05,Durham Constabulary,Durham Constabulary,-1.352355,54.769449,On or near Garside Grove,E01020735,County Durham 035C,Violence and sexual offences,Formal action is not in the public interest,
ecfa2a8f7fce01f5bc2f5e62af54766d0a3bc7165483b116ee0686f2a9f1ab07,2020-05,Durham Constabulary,Durham Constabulary,-1.352355,54.769449,On or near Garside Grove,E01020735,County Durham 035C,Other crime,Unable to prosecute suspect,
,2020-05,Durham Constabulary,Durham Constabulary,-1.353045,54.755424,On or near Shrewsbury Close,E01020770,County Durham 035D,Anti-social behaviour,,
,2020-05,Durham Constabulary,Durham Constabulary,-1.350872,54.757228,On or near Balliol Close,E01020770,County Durham 035D,Anti-social behaviour,,
,2020-05,Durham Constabulary,Durham Constabulary,-1.348753,54.755662,On or near Clare Road,E01020770,County Durham 035D,Anti-social behaviour,,
,2020-05,Durham Constabulary,Durham Constabulary,-1.352419,54.757659,On or near Sports/Recreation Area,E01020770,County Durham 035D,Anti-social behaviour,,
17c2175fb84e4c1e0c77c94e48c4105a8eb768970a2d134c6d970c4fc83a6ced,2020-05,Durham Constabulary,Durham Constabulary,-1.351225,54.752656,On or near Van Mildert Close,E01020770,County Durham 035D,Vehicle crime,Unable to prosecute suspect,
0e69b38a1745ad0d158e1d3b4767c18891d6dae2a9589374cb7f7163f0a49f65,2020-05,Durham Constabulary,Durham Constabulary,-1.350387,54.756497,On or near Grampian Drive,E01020770,County Durham 035D,Vehicle crime,Investigation complete; no suspect identified,
1e403b0e260563a92afae133c8e924a92ac21ab0f21210bee29bac66afd29c99,2020-05,Durham Constabulary,Durham Constabulary,-1.352419,54.757659,On or near Sports/Recreation Area,E01020770,County Durham 035D,Violence and sexual offences,Local resolution,
8df257eb41f876f65213ecbf23fa5d70e0ea2ebcc78ae3924b2875975c5c2577,2020-05,Durham Constabulary,Durham Constabulary,-1.350872,54.757228,On or near Balliol Close,E01020770,County Durham 035D,Violence and sexual offences,Unable to prosecute suspect,
3d3cc047012ab29a2b321981ee223872dfef0297960eceba97ee4a8e64a599c2,2020-05,Durham Constabulary,Durham Constabulary,-1.352419,54.757659,On or near Sports/Recreation Area,E01020770,County Durham 035D,Violence and sexual offences,Local resolution,
,2020-05,Durham Constabulary,Durham Constabulary,-1.356364,54.756790,On or near Blackdown Close,E01020771,County Durham 035E,Anti-social behaviour,,
,2020-05,Durham Constabulary,Durham Constabulary,-1.355373,54.758537,On or near Mendip Close,E01020771,County Durham 035E,Anti-social behaviour,,
,2020-05,Durham Constabulary,Durham Constabulary,-1.354759,54.760017,On or near Cleveland Place,E01020771,County Durham 035E,Anti-social behaviour,,
,2020-05,Durham Constabulary,Durham Constabulary,-1.355911,54.757956,On or near Pennine Drive,E01020771,County Durham 035E,Anti-social behaviour,,
ba72ece8a4c10b7ad30d7483bd647f45ea791dc2430e014fc29b8242ca519524,2020-05,Durham Constabulary,Durham Constabulary,-1.356200,54.758308,On or near Quantock Place,E01020771,County Durham 035E,Criminal damage and arson,Unable to prosecute suspect,
eebf87b1c7e36e6b303d346fbe3c26c913c8c90ad3f25c2d40f3b0f07de3781e,2020-05,Durham Constabulary,Durham Constabulary,-1.355911,54.757956,On or near Pennine Drive,E01020771,County Durham 035E,Drugs,Offender given a drugs possession warning,
45104d66691977f9d209eebcfd4b6c786c37908eacd269c467204eaaa9d9faef,2020-05,Durham Constabulary,Durham Constabulary,-1.355313,54.757404,On or near Malvern Close,E01020771,County Durham 035E,Other theft,Unable to prosecute suspect,
9e8a5c6feeb2cd67437914675e74a3c88646b187ce7d891995f810efb1811261,2020-05,Durham Constabulary,Durham Constabulary,-1.355258,54.761844,On or near Cotswold Place,E01020771,County Durham 035E,Public order,Investigation complete; no suspect identified,
53686fc2ca8fd8c20e5d56799ec755774eb99a4e52c95ddc8633dddcfea1e512,2020-05,Durham Constabulary,Durham Constabulary,-1.356364,54.756790,On or near Blackdown Close,E01020771,County Durham 035E,Violence and sexual offences,Formal action is not in the public interest,
500a4312daaeed2e39fdaa97c1ea26f1c3671c8d1f3e89d13068dd130ecf8c43,2020-05,Durham Constabulary,Durham Constabulary,-1.358911,54.756920,On or near A19,E01020771,County Durham 035E,Violence and sexual offences,Further action is not in the public interest,
,2020-05,Durham Constabulary,Durham Constabulary,-1.347970,54.762784,On or near Further/Higher Educational Building,E01020780,County Durham 035F,Anti-social behaviour,,
,2020-05,Durham Constabulary,Durham Constabulary,-1.342767,54.762576,On or near Herton Close,E01020780,County Durham 035F,Anti-social behaviour,,
,2020-05,Durham Constabulary,Durham Constabulary,-1.341291,54.754903,On or near Arun Close,E01020780,County Durham 035F,Anti-social behaviour,,
a86e00d43b6aecb663cf579013c0edcb6a622c8b76ee43f2c163c6d7b4de3e54,2020-05,Durham Constabulary,Durham Constabulary,-1.341864,54.762706,On or near Gilbert Road,E01020780,County Durham 035F,Public order,Court result unavailable,
4083f84b17295e16b31458aac1596658a9f997c07d072d49c8f971d4ea9d68fe,2020-05,Durham Constabulary,Durham Constabulary,-1.344957,54.759784,On or near Stainton Way,E01020780,County Durham 035F,Public order,Further investigation is not in the public interest,
04600cf334059fef384b66be4329be8d2cdea75b88e1d96fe10595c1783789e1,2020-05,Durham Constabulary,Durham Constabulary,-1.342773,54.760294,On or near Woodfield,E01020780,County Durham 035F,Violence and sexual offences,Investigation complete; no suspect identified,
3bd82fd716631477b81ba90e38d934bb7425e2a2de2c250e843c9e91e48122e6,2020-05,Durham Constabulary,Durham Constabulary,-1.342773,54.760294,On or near Woodfield,E01020780,County Durham 035F,Violence and sexual offences,Unable to prosecute suspect,
57aaba607ce9b7f6a5a299a4f2a759fafcaa7d082d07a1b1a5b1288be70a9d24,2020-05,Durham Constabulary,Durham Constabulary,-1.343059,54.756099,On or near Avon Road,E01020780,County Durham 035F,Violence and sexual offences,Unable to prosecute suspect,
cb684f7ca260136e88abc83ea115149184baebff151e6a266ea0b3ee0173f6dd,2020-05,Durham Constabulary,Durham Constabulary,-1.341291,54.754903,On or near Arun Close,E01020780,County Durham 035F,Violence and sexual offences,Investigation complete; no suspect identified,
b4cc516988d4ec17d426a7722a8401d421e4654f43c049d5601b627e35acbf71,2020-05,Durham Constabulary,Durham Constabulary,-1.341291,54.754903,On or near Arun Close,E01020780,County Durham 035F,Violence and sexual offences,Unable to prosecute suspect,
,2020-05,Durham Constabulary,Durham Constabulary,-1.316813,54.763556,On or near Tees Street,E01020764,County Durham 036A,Anti-social behaviour,,
,2020-05,Durham Constabulary,Durham Constabulary,-1.316834,54.762334,On or near Warren Street,E01020764,County Durham 036A,Anti-social behaviour,,
,2020-05,Durham Constabulary,Durham Constabulary,-1.316834,54.762334,On or near Warren Street,E01020764,County Durham 036A,Anti-social behaviour,,
,2020-05,Durham Constabulary,Durham Constabulary,-1.315558,54.763325,On or near Eighth Street,E01020764,County Durham 036A,Anti-social behaviour,,
,2020-05,Durham Constabulary,Durham Constabulary,-1.319590,54.766636,On or near Park Road,E01020764,County Durham 036A,Anti-social behaviour,,
,2020-05,Durham Constabulary,Durham Constabulary,-1.315558,54.763325,On or near Eighth Street,E01020764,County Durham 036A,Anti-social behaviour,,
,2020-05,Durham Constabulary,Durham Constabulary,-1.317631,54.762977,On or near Eleventh Street,E01020764,County Durham 036A,Anti-social behaviour,,
,2020-05,Durham Constabulary,Durham Constabulary,-1.319590,54.766636,On or near Park Road,E01020764,County Durham 036A,Anti-social behaviour,,
,2020-05,Durham Constabulary,Durham Constabulary,-1.315558,54.763325,On or near Eighth Street,E01020764,County Durham 036A,Anti-social behaviour,,
,2020-05,Durham Constabulary,Durham Constabulary,-1.316813,54.763556,On or near Tees Street,E01020764,County Durham 036A,Anti-social behaviour,,
,2020-05,Durham Constabulary,Durham Constabulary,-1.315558,54.763325,On or near Eighth Street,E01020764,County Durham 036A,Anti-social behaviour,,
,2020-05,Durham Constabulary,Durham Constabulary,-1.315558,54.763325,On or near Eighth Street,E01020764,County Durham 036A,Anti-social behaviour,,
,2020-05,Durham Constabulary,Durham Constabulary,-1.316813,54.763556,On or near Tees Street,E01020764,County Durham 036A,Anti-social behaviour,,
,2020-05,Durham Constabulary,Durham Constabulary,-1.315558,54.763325,On or near Eighth Street,E01020764,County Durham 036A,Anti-social behaviour,,
,2020-05,Durham Constabulary,Durham Constabulary,-1.315558,54.763325,On or near Eighth Street,E01020764,County Durham 036A,Anti-social behaviour,,
,2020-05,Durham Constabulary,Durham Constabulary,-1.320261,54.769264,On or near Newcastle Avenue,E01020764,County Durham 036A,Anti-social behaviour,,
debc32336ebed140233218baba9333e20784428729a1418be55fa5416aeef742,2020-05,Durham Constabulary,Durham Constabulary,-1.317631,54.762977,On or near Eleventh Street,E01020764,County Durham 036A,Burglary,Status update unavailable,
459bec09f3f50aa3f531af7a2db6e02d680af1276028bc1bf874946a1e7a94f2,2020-05,Durham Constabulary,Durham Constabulary,-1.320261,54.769264,On or near Newcastle Avenue,E01020764,County Durham 036A,Burglary,Unable to prosecute suspect,
93dc31da934b67e6a3b881bf194de19ed68ca7e6308f016fc19a2d4daafbed73,2020-05,Durham Constabulary,Durham Constabulary,-1.317631,54.762977,On or near Eleventh Street,E01020764,County Durham 036A,Burglary,Investigation complete; no suspect identified,
807b3a03394d4e8663f5cc217d6b47491c47bfdec1207a4e13f28d1223a218de,2020-05,Durham Constabulary,Durham Constabulary,-1.317631,54.762977,On or near Eleventh Street,E01020764,County Durham 036A,Criminal damage and arson,Unable to prosecute suspect,
cfd0b1c2481eae9c77f77addfacc2f0f2351b8c0b3c215b66b65aa1fcfa073bb,2020-05,Durham Constabulary,Durham Constabulary,-1.315558,54.763325,On or near Eighth Street,E01020764,County Durham 036A,Criminal damage and arson,Investigation complete; no suspect identified,
9ba45c7fe8800e2e4c7256eedb71f8af696cc62628d44eabe167190d013f33cb,2020-05,Durham Constabulary,Durham Constabulary,-1.316834,54.762334,On or near Warren Street,E01020764,County Durham 036A,Criminal damage and arson,Investigation complete; no suspect identified,
a80129d949e6c556dd8cf8c1ee107c87275909f1dd9613ac0e94384586468cad,2020-05,Durham Constabulary,Durham Constabulary,-1.316813,54.763556,On or near Tees Street,E01020764,County Durham 036A,Criminal damage and arson,Unable to prosecute suspect,
41c5184e3adb42d9929b2ef094f15c07de416d0d97694b0712bdb36496fc3f9a,2020-05,Durham Constabulary,Durham Constabulary,-1.317398,54.763919,On or near South Terrace,E01020764,County Durham 036A,Criminal damage and arson,Unable to prosecute suspect,
eec05698a0bf2610f6ff70234460d161cef29f5dc590f659021fc53475de8676,2020-05,Durham Constabulary,Durham Constabulary,-1.319493,54.765018,On or near Handley Street,E01020764,County Durham 036A,Criminal damage and arson,Unable to prosecute suspect,
6e836e0af396a4f716280be7c775a65238730f8ca879f0e09a62dfc9c1d837ae,2020-05,Durham Constabulary,Durham Constabulary,-1.315558,54.763325,On or near Eighth Street,E01020764,County Durham 036A,Criminal damage and arson,Court result unavailable,
b0ec140cc2bd8d6ce44642f829c428a910aabb89838580596e4fd9a02ae6ae95,2020-05,Durham Constabulary,Durham Constabulary,-1.315558,54.763325,On or near Eighth Street,E01020764,County Durham 036A,Criminal damage and arson,Court result unavailable,
86b57f132be4500a0d10140edb9d87ed28085ca10ac315249440cbf2a75ac319,2020-05,Durham Constabulary,Durham Constabulary,-1.315558,54.763325,On or near Eighth Street,E01020764,County Durham 036A,Criminal damage and arson,Court result unavailable,
f3cd86d43179147f17dae636b7db8afd9d2c8433a70608d3a994121c901afe8a,2020-05,Durham Constabulary,Durham Constabulary,-1.315558,54.763325,On or near Eighth Street,E01020764,County Durham 036A,Criminal damage and arson,Unable to prosecute suspect,
00801dc6ab70cd9d909463b192caa0d6abc6a193f484325f917b65080fe97eb3,2020-05,Durham Constabulary,Durham Constabulary,-1.315558,54.763325,On or near Eighth Street,E01020764,County Durham 036A,Criminal damage and arson,Investigation complete; no suspect identified,
8f09487b16b03b169ee337db3dbb8513c66a341981e1db056bb493f75432311d,2020-05,Durham Constabulary,Durham Constabulary,-1.317631,54.762977,On or near Eleventh Street,E01020764,County Durham 036A,Drugs,Further action is not in the public interest,
d08d2f06179d919d472fce957e49e8a23b9e075ac0979c972e4c52349f41ce71,2020-05,Durham Constabulary,Durham Constabulary,-1.316214,54.763158,On or near Ninth Street,E01020764,County Durham 036A,Drugs,Court result unavailable,
f6271ea5d38ffa5179a810f5d06a551de1b5095b541ed65aaad475b34181c6c7,2020-05,Durham Constabulary,Durham Constabulary,-1.316870,54.762964,On or near Tenth Street,E01020764,County Durham 036A,Other theft,Unable to prosecute suspect,
7e953ce65c4c5ce0600212c8154baccfa851ca06390acf323dc268fef18a48b4,2020-05,Durham Constabulary,Durham Constabulary,-1.320261,54.769264,On or near Newcastle Avenue,E01020764,County Durham 036A,Other theft,Investigation complete; no suspect identified,
bab728cb7f7a35ddd79d225c4424b585709c870e5adcf6113cb8b95a8429b9d5,2020-05,Durham Constabulary,Durham Constabulary,-1.316813,54.763556,On or near Tees Street,E01020764,County Durham 036A,Other theft,Unable to prosecute suspect,
924cdd00f3a3a3b0a8578363f6806df76102efab14a961c8d345e6a7e7636d79,2020-05,Durham Constabulary,Durham Constabulary,-1.317031,54.764483,On or near Sports/Recreation Area,E01020764,County Durham 036A,Possession of weapons,Court result unavailable,
3f1c256ecb45d1fc7288b1ded14bb9a83dde1cc002e1080daf197a7d2d39a164,2020-05,Durham Constabulary,Durham Constabulary,-1.316214,54.763158,On or near Ninth Street,E01020764,County Durham 036A,Public order,Investigation complete; no suspect identified,
379e7f3084214ab45048d225dcd2d3ede35e6c1cd7abfb08d96ee77d2b037294,2020-05,Durham Constabulary,Durham Constabulary,-1.316834,54.762334,On or near Warren Street,E01020764,County Durham 036A,Public order,Investigation complete; no suspect identified,
42c288102bcd8fea7ed5c3f5a8b44b2542d28b4d4430329ce2b9bc6c2583b1f0,2020-05,Durham Constabulary,Durham Constabulary,-1.316834,54.762334,On or near Warren Street,E01020764,County Durham 036A,Public order,Investigation complete; no suspect identified,
e379d88cbc24d1407b75b2100b5f74590e0e263d1f71daec85dfe9e175931bf2,2020-05,Durham Constabulary,Durham Constabulary,-1.315558,54.763325,On or near Eighth Street,E01020764,County Durham 036A,Public order,Unable to prosecute suspect,
bd7032001e794b36d8f0db753bf2c0181cb30beacb026ede973df077c0dd5ee7,2020-05,Durham Constabulary,Durham Constabulary,-1.317031,54.764483,On or near Sports/Recreation Area,E01020764,County Durham 036A,Public order,Investigation complete; no suspect identified,
55f6292f4a9d44d518d96ab36a18a3ab195ff3ccab5fe96378c524fc79ce23cf,2020-05,Durham Constabulary,Durham Constabulary,-1.316870,54.762964,On or near Tenth Street,E01020764,County Durham 036A,Robbery,Unable to prosecute suspect,
71ad7d2aa43254bf959d2a4b3db8d1bc0d21757f5caefe445424ce052931bffb,2020-05,Durham Constabulary,Durham Constabulary,-1.316214,54.763158,On or near Ninth Street,E01020764,County Durham 036A,Vehicle crime,Investigation complete; no suspect identified,
3515295625b34a6b537934cd221dedee9305f5b1fbd19c7070e91459436b4eca,2020-05,Durham Constabulary,Durham Constabulary,-1.319493,54.765018,On or near Handley Street,E01020764,County Durham 036A,Violence and sexual offences,Unable to prosecute suspect,
26bef898821fa47da8c5fc765c164f121569b7124a9088d45ba9403cca036d6b,2020-05,Durham Constabulary,Durham Constabulary,-1.319493,54.765018,On or near Handley Street,E01020764,County Durham 036A,Violence and sexual offences,Unable to prosecute suspect,
319f28cd189f507b61f0299355cabff0697a2a4487041cfe4316c2fc60b2f9e9,2020-05,Durham Constabulary,Durham Constabulary,-1.319493,54.765018,On or near Handley Street,E01020764,County Durham 036A,Violence and sexual offences,Unable to prosecute suspect,
67b14c1bcdf764f2862c8a5c33fc0869d177c5c31ccd2a157af0196f8b50d959,2020-05,Durham Constabulary,Durham Constabulary,-1.316813,54.763556,On or near Tees Street,E01020764,County Durham 036A,Violence and sexual offences,Unable to prosecute suspect,
62112911a9916ab6e6bd36b4f1577eb5e4f8f8857a92c6ff1ed3f5f926e5e309,2020-05,Durham Constabulary,Durham Constabulary,-1.319493,54.765018,On or near Handley Street,E01020764,County Durham 036A,Violence and sexual offences,Unable to prosecute suspect,
475f230f65ef0f2b582837b0ca58ec9cda982d9c94013e22ef6a406316284592,2020-05,Durham Constabulary,Durham Constabulary,-1.316813,54.763556,On or near Tees Street,E01020764,County Durham 036A,Violence and sexual offences,Unable to prosecute suspect,
12ec20332fdaeac7be06a911f5a49284f3f6fa31b7ba9fc70665ee5ffe41042c,2020-05,Durham Constabulary,Durham Constabulary,-1.316214,54.763158,On or near Ninth Street,E01020764,County Durham 036A,Violence and sexual offences,Unable to prosecute suspect,
1834fee381030da6c11f0c9481ce826f595175586b941aea3acce6b8fe1c4cb7,2020-05,Durham Constabulary,Durham Constabulary,-1.316813,54.763556,On or near Tees Street,E01020764,County Durham 036A,Violence and sexual offences,Unable to prosecute suspect,
dac9302aa9f1d511d6168ae8a52a32815e05bd5d34bd6919ead177395f5d5ad6,2020-05,Durham Constabulary,Durham Constabulary,-1.316834,54.762334,On or near Warren Street,E01020764,County Durham 036A,Violence and sexual offences,Unable to prosecute suspect,
c253e141020384c196c31a440d9ff9b23328a79219ffb28378c03d7eead24ef3,2020-05,Durham Constabulary,Durham Constabulary,-1.319493,54.765018,On or near Handley Street,E01020764,County Durham 036A,Other crime,Investigation complete; no suspect identified,
,2020-05,Durham Constabulary,Durham Constabulary,-1.319274,54.761413,On or near Edendale Terrace,E01020766,County Durham 036B,Anti-social behaviour,,
,2020-05,Durham Constabulary,Durham Constabulary,-1.321461,54.763484,On or near Greenside Avenue,E01020766,County Durham 036B,Anti-social behaviour,,
,2020-05,Durham Constabulary,Durham Constabulary,-1.321461,54.763484,On or near Greenside Avenue,E01020766,County Durham 036B,Anti-social behaviour,,
,2020-05,Durham Constabulary,Durham Constabulary,-1.322945,54.762126,On or near Edward Avenue,E01020766,County Durham 036B,Anti-social behaviour,,
,2020-05,Durham Constabulary,Durham Constabulary,-1.321914,54.768033,On or near Sunderland Road,E01020766,County Durham 036B,Anti-social behaviour,,
,2020-05,Durham Constabulary,Durham Constabulary,-1.321703,54.763916,On or near Ellison Meadow,E01020766,County Durham 036B,Anti-social behaviour,,
,2020-05,Durham Constabulary,Durham Constabulary,-1.321703,54.763916,On or near Ellison Meadow,E01020766,County Durham 036B,Anti-social behaviour,,
db2944238466c51bf103dc29957bdb5396709c54742fc991d0747e8d41431e6a,2020-05,Durham Constabulary,Durham Constabulary,-1.321096,54.764893,On or near Ashwood Meadow,E01020766,County Durham 036B,Bicycle theft,Investigation complete; no suspect identified,
902ab2e16637b5adea73f4955906f4539dc1fc914652d279a25a8216f026d8ad,2020-05,Durham Constabulary,Durham Constabulary,-1.321870,54.762255,On or near Rosedale Terrace,E01020766,County Durham 036B,Burglary,Investigation complete; no suspect identified,
07f6503795ad297c5e87a292ad0b1cda73c8017cacdf4e606ba27f122fae108a,2020-05,Durham Constabulary,Durham Constabulary,-1.321096,54.764893,On or near Ashwood Meadow,E01020766,County Durham 036B,Burglary,Unable to prosecute suspect,
48da80504eb52fd5a0fb36ef211473d73a5cba813f440f8f246de5a5a82acc90,2020-05,Durham Constabulary,Durham Constabulary,-1.321096,54.764893,On or near Ashwood Meadow,E01020766,County Durham 036B,Criminal damage and arson,Unable to prosecute suspect,
2ea8d7ef7414f479961aa25ed5d34d355485e7aed448ebfbfe80af9337b9e4c2,2020-05,Durham Constabulary,Durham Constabulary,-1.319274,54.761413,On or near Edendale Terrace,E01020766,County Durham 036B,Shoplifting,Investigation complete; no suspect identified,
bab57b2e6381933be8c155a1a49b8b14fc83f9dc5f6ccafd6ea4def52dd5840d,2020-05,Durham Constabulary,Durham Constabulary,-1.319274,54.761413,On or near Edendale Terrace,E01020766,County Durham 036B,Shoplifting,Investigation complete; no suspect identified,
d46614e6d6db492ab0a1dedae09b0d6a8f25d79cb36b2ef980e34551634887cb,2020-05,Durham Constabulary,Durham Constabulary,-1.321096,54.764893,On or near Ashwood Meadow,E01020766,County Durham 036B,Violence and sexual offences,Unable to prosecute suspect,
ca93507629bc22fdc1a4493bd28f0c45704696956187c5ea4eb8993b7fc8a537,2020-05,Durham Constabulary,Durham Constabulary,-1.321096,54.764893,On or near Ashwood Meadow,E01020766,County Durham 036B,Violence and sexual offences,Unable to prosecute suspect,
631b6ac08421ed4d711eca1ca4e84b258a05604a80a03c86ecc1b81c2b611b6f,2020-05,Durham Constabulary,Durham Constabulary,-1.321914,54.768033,On or near Sunderland Road,E01020766,County Durham 036B,Violence and sexual offences,Unable to prosecute suspect,
603697b2b08af1edf3d65447acd58e3b654bb1549261beda3f84b868f3411b74,2020-05,Durham Constabulary,Durham Constabulary,-1.319274,54.761413,On or near Edendale Terrace,E01020766,County Durham 036B,Violence and sexual offences,Unable to prosecute suspect,
01e8966e71b4b5b75cf29e42eaf95006081d77152f5ce26db944cb16a970648d,2020-05,Durham Constabulary,Durham Constabulary,-1.319267,54.764595,On or near Hamilton Street,E01020766,County Durham 036B,Violence and sexual offences,Unable to prosecute suspect,
69c2f5798459429222840c6894e2827120f40dc57f8c60baac39f7e630a21c87,2020-05,Durham Constabulary,Durham Constabulary,-1.321096,54.764893,On or near Ashwood Meadow,E01020766,County Durham 036B,Violence and sexual offences,Unable to prosecute suspect,
5dc4bc63cbfb5a2592a073c410c098006bea91b0d524e9e4ce9247504d3db0dc,2020-05,Durham Constabulary,Durham Constabulary,-1.321703,54.763916,On or near Ellison Meadow,E01020766,County Durham 036B,Other crime,Investigation complete; no suspect identified,
,2020-05,Durham Constabulary,Durham Constabulary,-1.313649,54.765039,On or near Eden Street,E01020767,County Durham 036C,Anti-social behaviour,,
,2020-05,Durham Constabulary,Durham Constabulary,-1.310337,54.763295,On or near Ocean View,E01020767,County Durham 036C,Anti-social behaviour,,
,2020-05,Durham Constabulary,Durham Constabulary,-1.313326,54.762054,On or near Sixth Street,E01020767,County Durham 036C,Anti-social behaviour,,
,2020-05,Durham Constabulary,Durham Constabulary,-1.313649,54.765039,On or near Eden Street,E01020767,County Durham 036C,Anti-social behaviour,,
,2020-05,Durham Constabulary,Durham Constabulary,-1.315656,54.764898,On or near Eden Court,E01020767,County Durham 036C,Anti-social behaviour,,
,2020-05,Durham Constabulary,Durham Constabulary,-1.315249,54.761409,On or near Hardwick Street,E01020767,County Durham 036C,Anti-social behaviour,,
,2020-05,Durham Constabulary,Durham Constabulary,-1.313326,54.762054,On or near Sixth Street,E01020767,County Durham 036C,Anti-social behaviour,,
,2020-05,Durham Constabulary,Durham Constabulary,-1.313326,54.762054,On or near Sixth Street,E01020767,County Durham 036C,Anti-social behaviour,,
,2020-05,Durham Constabulary,Durham Constabulary,-1.315249,54.761409,On or near Hardwick Street,E01020767,County Durham 036C,Anti-social behaviour,,
,2020-05,Durham Constabulary,Durham Constabulary,-1.313649,54.765039,On or near Eden Street,E01020767,County Durham 036C,Anti-social behaviour,,
,2020-05,Durham Constabulary,Durham Constabulary,-1.313326,54.762054,On or near Sixth Street,E01020767,County Durham 036C,Anti-social behaviour,,
,2020-05,Durham Constabulary,Durham Constabulary,-1.315249,54.761409,On or near Hardwick Street,E01020767,County Durham 036C,Anti-social behaviour,,
,2020-05,Durham Constabulary,Durham Constabulary,-1.312606,54.763299,On or near Dene Street,E01020767,County Durham 036C,Anti-social behaviour,,
,2020-05,Durham Constabulary,Durham Constabulary,-1.313649,54.765039,On or near Eden Street,E01020767,County Durham 036C,Anti-social behaviour,,
,2020-05,Durham Constabulary,Durham Constabulary,-1.311889,54.759763,On or near Coast Road,E01020767,County Durham 036C,Anti-social behaviour,,
b9fb3536debc76771a0cd7906b50f87b4fe651b16e7e2f34d609963ee710de6d,2020-05,Durham Constabulary,Durham Constabulary,-1.314227,54.766678,On or near Sea View Gardens,E01020767,County Durham 036C,Burglary,Investigation complete; no suspect identified,
10a079d2e07d2ec6e89b71151eb98e07b52525ccf57179ffdccb361d5d32aea0,2020-05,Durham Constabulary,Durham Constabulary,-1.313926,54.766110,On or near Grant Street,E01020767,County Durham 036C,Criminal damage and arson,Unable to prosecute suspect,
206cc9d1888e15a35bc047fda5da84d911ad3b0bc754e4640bceffde5b02bed9,2020-05,Durham Constabulary,Durham Constabulary,-1.313649,54.765039,On or near Eden Street,E01020767,County Durham 036C,Criminal damage and arson,Unable to prosecute suspect,
9edf8ad24d1e53ec79b99d072df1e7e2963993e8d906cdee2c847d9883fcb4a5,2020-05,Durham Constabulary,Durham Constabulary,-1.314766,54.763293,On or near Seventh Street,E01020767,County Durham 036C,Criminal damage and arson,Court result unavailable,
cc47bf5e8c0fed33006fa1ebfacfe7b3b2b1ba1dabc452a4b537b66092eda947,2020-05,Durham Constabulary,Durham Constabulary,-1.313926,54.766110,On or near Grant Street,E01020767,County Durham 036C,Criminal damage and arson,Unable to prosecute suspect,
a7c6b3a33bbc72cc75bbd13632cecd91c6edb601d135203702e6d267a361ec84,2020-05,Durham Constabulary,Durham Constabulary,-1.311065,54.760693,On or near Rogers Close,E01020767,County Durham 036C,Criminal damage and arson,Unable to prosecute suspect,
38bc64f2c02938b1893b96e344c9f6168deeccbc485fb6e36e7bbbcb56861577,2020-05,Durham Constabulary,Durham Constabulary,-1.313326,54.762054,On or near Sixth Street,E01020767,County Durham 036C,Criminal damage and arson,Investigation complete; no suspect identified,
f05be5a4c0940429148b644a57f290393ebdd8460dd3db2e803d6b7bf13d57a2,2020-05,Durham Constabulary,Durham Constabulary,-1.314766,54.763293,On or near Seventh Street,E01020767,County Durham 036C,Criminal damage and arson,Unable to prosecute suspect,
7b92b9fd7489b2087823e69d804adc97eaa82d29631b1694c1b5e8dcd4bffad2,2020-05,Durham Constabulary,Durham Constabulary,-1.313326,54.762054,On or near Sixth Street,E01020767,County Durham 036C,Criminal damage and arson,Investigation complete; no suspect identified,
81041f27f618ff40191cbbbde8e8db64fd34ce34360a8be6228cfcf5b51c2c4c,2020-05,Durham Constabulary,Durham Constabulary,-1.315410,54.768428,On or near Parking Area,E01020767,County Durham 036C,Criminal damage and arson,Investigation complete; no suspect identified,
cd67f4db5c1837f2fd57571d6abfe8973a7172a3311fae4600417d8849202500,2020-05,Durham Constabulary,Durham Constabulary,-1.314105,54.765635,On or near Thorpe Street,E01020767,County Durham 036C,Criminal damage and arson,Investigation complete; no suspect identified,
979ef55fb581da7ce22c06d0a79a146489645ccb02afbfbeeb1097c7037404c8,2020-05,Durham Constabulary,Durham Constabulary,-1.313326,54.762054,On or near Sixth Street,E01020767,County Durham 036C,Criminal damage and arson,Investigation complete; no suspect identified,
3772785734a176d08892d2e6ca657a6bcf7086eeda96d91ac848d9da3cd81f66,2020-05,Durham Constabulary,Durham Constabulary,-1.313326,54.762054,On or near Sixth Street,E01020767,County Durham 036C,Criminal damage and arson,Investigation complete; no suspect identified,
69842a0629e1945ea55224ff883d2aff72a2448fd001ad694028222672d39898,2020-05,Durham Constabulary,Durham Constabulary,-1.313326,54.762054,On or near Sixth Street,E01020767,County Durham 036C,Criminal damage and arson,Investigation complete; no suspect identified,
f2f7a9894d99a602689de3522565ad6ed00ce49b20010099619cf08b6f821c4f,2020-05,Durham Constabulary,Durham Constabulary,-1.313649,54.765039,On or near Eden Street,E01020767,County Durham 036C,Criminal damage and arson,Investigation complete; no suspect identified,
faffe8245c924e4b7632d101cc759cd5b9a720bb2a5dff7a8c7a9120efb3deb7,2020-05,Durham Constabulary,Durham Constabulary,-1.312093,54.766073,On or near Second Street,E01020767,County Durham 036C,Other theft,Unable to prosecute suspect,
63fae625d2c3f6be4ecf1f87128d90d05d4466f1331dce68922cc6d7b4b0a359,2020-05,Durham Constabulary,Durham Constabulary,-1.314766,54.763293,On or near Seventh Street,E01020767,County Durham 036C,Other theft,Investigation complete; no suspect identified,
29f90332856e45f42b29d0d9aa313ce743e630350882ff641d44380373ffddd4,2020-05,Durham Constabulary,Durham Constabulary,-1.313326,54.762054,On or near Sixth Street,E01020767,County Durham 036C,Public order,Investigation complete; no suspect identified,
782e310e154d6469f99866a6140e5255ec2b70b24d534c8a7ee8653a69375145,2020-05,Durham Constabulary,Durham Constabulary,-1.315249,54.761409,On or near Hardwick Street,E01020767,County Durham 036C,Public order,Investigation complete; no suspect identified,
aa003d96d5ab5efce88f1aab67919fb80366c584e8d0c40e15ff29adaeeb9ac9,2020-05,Durham Constabulary,Durham Constabulary,-1.311889,54.759763,On or near Coast Road,E01020767,County Durham 036C,Public order,Unable to prosecute suspect,
cc71b4ed55d19cdfff01cbf25c12aca1ea561d37ad40191e4fa6c160a1c653c3,2020-05,Durham Constabulary,Durham Constabulary,-1.313326,54.762054,On or near Sixth Street,E01020767,County Durham 036C,Public order,Unable to prosecute suspect,
dffd422494913b55a30fa0ffec452aecec3df74472c44d0f7d09aa79c5323ff5,2020-05,Durham Constabulary,Durham Constabulary,-1.313326,54.762054,On or near Sixth Street,E01020767,County Durham 036C,Public order,Investigation complete; no suspect identified,
28457b58ed97f36ac5caf279f2d8d69d830c79f4470cd294b4ca9504a90ae9bf,2020-05,Durham Constabulary,Durham Constabulary,-1.312606,54.763299,On or near Dene Street,E01020767,County Durham 036C,Public order,Investigation complete; no suspect identified,
dd4b976379ae0a766a65f17ed52aa34d7af999ca5865d61882987b921818077d,2020-05,Durham Constabulary,Durham Constabulary,-1.313326,54.762054,On or near Sixth Street,E01020767,County Durham 036C,Public order,Unable to prosecute suspect,
4263f4b22fd620ecf5c1f9980d8f833342666d12816f4bd7bc4ab9c42ce21c5f,2020-05,Durham Constabulary,Durham Constabulary,-1.316889,54.760879,On or near Burden Court,E01020767,County Durham 036C,Public order,Investigation complete; no suspect identified,
1e7891458d179922ef9b66fdafc7e16a5c3604d2b73b8bb8e3fa94cf9de2dc08,2020-05,Durham Constabulary,Durham Constabulary,-1.311889,54.759763,On or near Coast Road,E01020767,County Durham 036C,Public order,Investigation complete; no suspect identified,
973fedda57220e062e9444f4c1fb1d31ec71a5ed0a18a072bb56fc92960e2dbb,2020-05,Durham Constabulary,Durham Constabulary,-1.316889,54.760879,On or near Burden Court,E01020767,County Durham 036C,Shoplifting,Investigation complete; no suspect identified,
0114af6494070a558f9d0ac35d565e4eae30358932530d352666a41617cfd24c,2020-05,Durham Constabulary,Durham Constabulary,-1.316889,54.760879,On or near Burden Court,E01020767,County Durham 036C,Shoplifting,Investigation complete; no suspect identified,
167aa7ce02c44cbae9feb17a0dfc69f949570875421db6c7bca72dfdd569bdee,2020-05,Durham Constabulary,Durham Constabulary,-1.316889,54.760879,On or near Burden Court,E01020767,County Durham 036C,Shoplifting,Investigation complete; no suspect identified,
60b9402539dad31d20b8410f9521c69fb57fc2f71e624c6ca0e4e181023b8184,2020-05,Durham Constabulary,Durham Constabulary,-1.316889,54.760879,On or near Burden Court,E01020767,County Durham 036C,Shoplifting,Investigation complete; no suspect identified,
029c6d5d8b6024931bf755da88a6ae01b6ccd2898036fd8577b4f8a24d350431,2020-05,Durham Constabulary,Durham Constabulary,-1.312606,54.763299,On or near Dene Street,E01020767,County Durham 036C,Theft from the person,Investigation complete; no suspect identified,
a5c023752c7018a2f898d618218e9a25eb76dfcad68afa91885c9709a19f2913,2020-05,Durham Constabulary,Durham Constabulary,-1.311889,54.759763,On or near Coast Road,E01020767,County Durham 036C,Theft from the person,Unable to prosecute suspect,
0b01a69145e3029457e37aa7593d176174d5d07d9fbdf18085e88e1103d39c5d,2020-05,Durham Constabulary,Durham Constabulary,-1.315410,54.768428,On or near Parking Area,E01020767,County Durham 036C,Vehicle crime,Investigation complete; no suspect identified,
ffee2333705513dbe2d687e9135cbcfd395752b2058079fa2b306fe7250ad4ce,2020-05,Durham Constabulary,Durham Constabulary,-1.311065,54.760693,On or near Rogers Close,E01020767,County Durham 036C,Violence and sexual offences,Action to be taken by another organisation,
6a1fcae6297fb18a592e9930077a1a9201af4bf69690e91e191dec4eba0cd2bd,2020-05,Durham Constabulary,Durham Constabulary,-1.315911,54.761745,On or near Sports/Recreation Area,E01020767,County Durham 036C,Violence and sexual offences,Unable to prosecute suspect,
fb21a7733923182c8605e1df36be1bcc3493ffe7418fc69e5f0af34feac3d4e0,2020-05,Durham Constabulary,Durham Constabulary,-1.313326,54.762054,On or near Sixth Street,E01020767,County Durham 036C,Violence and sexual offences,Unable to prosecute suspect,
7c88fc1df8fb35067b0f23e45fc30f2e14f8c9c1d49af0e65d13d6159206c0e6,2020-05,Durham Constabulary,Durham Constabulary,-1.313326,54.762054,On or near Sixth Street,E01020767,County Durham 036C,Violence and sexual offences,Unable to prosecute suspect,
4afc67caa640ae54700844f8a76fafa2c9d8409a1bb80b5bf01de1cca4a0f6c8,2020-05,Durham Constabulary,Durham Constabulary,-1.313326,54.762054,On or near Sixth Street,E01020767,County Durham 036C,Violence and sexual offences,Unable to prosecute suspect,
0a6a1f030a3336eb207e709cdb425d65ec4a1fd2ca5db2c8e70f2aa3a4dba533,2020-05,Durham Constabulary,Durham Constabulary,-1.312093,54.766073,On or near Second Street,E01020767,County Durham 036C,Violence and sexual offences,Unable to prosecute suspect,
a3ac6053b826585c0af1178b5156a958dc051d14a14c604765d5cdb7a738bb42,2020-05,Durham Constabulary,Durham Constabulary,-1.312606,54.763299,On or near Dene Street,E01020767,County Durham 036C,Violence and sexual offences,Action to be taken by another organisation,
7d12432fd47c35e86b60e0a225c8b8e0147e5c299b4b0935803004b32213dad9,2020-05,Durham Constabulary,Durham Constabulary,-1.313326,54.762054,On or near Sixth Street,E01020767,County Durham 036C,Violence and sexual offences,Unable to prosecute suspect,
efd6ce8e46b12dd86c0dabaa082f640d0142c736c2639924423bd4c8b6242305,2020-05,Durham Constabulary,Durham Constabulary,-1.314766,54.763293,On or near Seventh Street,E01020767,County Durham 036C,Violence and sexual offences,Unable to prosecute suspect,
b600352c8c10f19502e3fdc59be8b078bbbff9442878d4178f8adfdaee3e0607,2020-05,Durham Constabulary,Durham Constabulary,-1.313326,54.762054,On or near Sixth Street,E01020767,County Durham 036C,Violence and sexual offences,Investigation complete; no suspect identified,
7d9506a5024779179dcb5f6c5cc6fea402af1ec6c5e6f215f618289adfe459b9,2020-05,Durham Constabulary,Durham Constabulary,-1.314766,54.763293,On or near Seventh Street,E01020767,County Durham 036C,Violence and sexual offences,Investigation complete; no suspect identified,
0513db8814cc2fdc3fd971c177f23f835497bdd65f50222513dc7165cd8c27a4,2020-05,Durham Constabulary,Durham Constabulary,-1.315249,54.761409,On or near Hardwick Street,E01020767,County Durham 036C,Violence and sexual offences,Investigation complete; no suspect identified,
,2020-05,Durham Constabulary,Durham Constabulary,-1.304944,54.760604,On or near Alder Road,E01020768,County Durham 036D,Anti-social behaviour,,
,2020-05,Durham Constabulary,Durham Constabulary,-1.309785,54.761917,On or near Beach Grove,E01020768,County Durham 036D,Anti-social behaviour,,
,2020-05,Durham Constabulary,Durham Constabulary,-1.309785,54.761917,On or near Beach Grove,E01020768,County Durham 036D,Anti-social behaviour,,
,2020-05,Durham Constabulary,Durham Constabulary,-1.308752,54.761426,On or near Adam Street,E01020768,County Durham 036D,Anti-social behaviour,,
,2020-05,Durham Constabulary,Durham Constabulary,-1.303292,54.759049,On or near Reynolds Court,E01020768,County Durham 036D,Anti-social behaviour,,
,2020-05,Durham Constabulary,Durham Constabulary,-1.309785,54.761917,On or near Beach Grove,E01020768,County Durham 036D,Anti-social behaviour,,
,2020-05,Durham Constabulary,Durham Constabulary,-1.308061,54.761844,On or near Paradise Street,E01020768,County Durham 036D,Anti-social behaviour,,
,2020-05,Durham Constabulary,Durham Constabulary,-1.307698,54.757618,On or near Willow Grove,E01020768,County Durham 036D,Anti-social behaviour,,
dab46a98f20ef9d4bf4ad79d16665b77a973f8aafc84d84da429d9f9a779257f,2020-05,Durham Constabulary,Durham Constabulary,-1.309785,54.761917,On or near Beach Grove,E01020768,County Durham 036D,Criminal damage and arson,Unable to prosecute suspect,
7609ae5146c041b4e85b0afee7e6d393c92215a4687ef4b9985284ccc7249724,2020-05,Durham Constabulary,Durham Constabulary,-1.303292,54.759049,On or near Reynolds Court,E01020768,County Durham 036D,Public order,Investigation complete; no suspect identified,
d5387d9a9ad76a565b25a2d0c650e9f5597c31ecc188874749d0d65e3b709003,2020-05,Durham Constabulary,Durham Constabulary,-1.309785,54.761917,On or near Beach Grove,E01020768,County Durham 036D,Violence and sexual offences,Unable to prosecute suspect,
16611c23dc4a75d72f49e4c00034cd6e879eced279f30bdec5b90331af312361,2020-05,Durham Constabulary,Durham Constabulary,-1.303292,54.759049,On or near Reynolds Court,E01020768,County Durham 036D,Violence and sexual offences,Unable to prosecute suspect,
449a0c6db30b4611f89beb48db6810c77656442d56f016d103435d0cf3343504,2020-05,Durham Constabulary,Durham Constabulary,-1.307027,54.761434,On or near Cedar Street,E01020768,County Durham 036D,Violence and sexual offences,Unable to prosecute suspect,
d450e62a1ef9ab9e5909f9fad5202fb958a0c1750c631e26f88f7505e91ef9a1,2020-05,Durham Constabulary,Durham Constabulary,-1.308061,54.761844,On or near Paradise Street,E01020768,County Durham 036D,Other crime,Investigation complete; no suspect identified,
,2020-05,Durham Constabulary,Durham Constabulary,-1.327769,54.755152,On or near Manor Way,E01020746,County Durham 037A,Anti-social behaviour,,
,2020-05,Durham Constabulary,Durham Constabulary,-1.333421,54.759209,On or near Shopping Area,E01020746,County Durham 037A,Anti-social behaviour,,
,2020-05,Durham Constabulary,Durham Constabulary,-1.336268,54.759944,On or near Supermarket,E01020746,County Durham 037A,Anti-social behaviour,,
,2020-05,Durham Constabulary,Durham Constabulary,-1.327769,54.755152,On or near Manor Way,E01020746,County Durham 037A,Anti-social behaviour,,
,2020-05,Durham Constabulary,Durham Constabulary,-1.333421,54.759209,On or near Shopping Area,E01020746,County Durham 037A,Anti-social behaviour,,
,2020-05,Durham Constabulary,Durham Constabulary,-1.327769,54.755152,On or near Manor Way,E01020746,County Durham 037A,Anti-social behaviour,,
,2020-05,Durham Constabulary,Durham Constabulary,-1.332027,54.757000,On or near Church Close,E01020746,County Durham 037A,Anti-social behaviour,,
,2020-05,Durham Constabulary,Durham Constabulary,-1.327769,54.755152,On or near Manor Way,E01020746,County Durham 037A,Anti-social behaviour,,
,2020-05,Durham Constabulary,Durham Constabulary,-1.336268,54.759944,On or near Supermarket,E01020746,County Durham 037A,Anti-social behaviour,,
ebb8701fedc66a563a7bfafaf99b7ea5da0544f343c3db025dd28ec3e0cf5791,2020-05,Durham Constabulary,Durham Constabulary,-1.327769,54.755152,On or near Manor Way,E01020746,County Durham 037A,Burglary,Investigation complete; no suspect identified,
e249134e979fc86559e478305ee0c53b56b957177e0c0011cd843069c1b73cda,2020-05,Durham Constabulary,Durham Constabulary,-1.334284,54.755844,On or near Hilton Drive,E01020746,County Durham 037A,Criminal damage and arson,Unable to prosecute suspect,
e3aa1575be9a71a817abe38c7e5a2d8e65b7820041b83cd8a809454c6dacc222,2020-05,Durham Constabulary,Durham Constabulary,-1.334284,54.755844,On or near Hilton Drive,E01020746,County Durham 037A,Criminal damage and arson,Court result unavailable,
05542d281140d94640f0a39c5af82ac1bf340d8d41e8946a1a9bdfcc1eb8053b,2020-05,Durham Constabulary,Durham Constabulary,-1.334284,54.755844,On or near Hilton Drive,E01020746,County Durham 037A,Criminal damage and arson,Court result unavailable,
248f5aa1bc531108092b7333ab61bfba30319bcbce235ac7ef89c900f9b977e0,2020-05,Durham Constabulary,Durham Constabulary,-1.334291,54.756374,On or near Quinn Close,E01020746,County Durham 037A,Drugs,Court result unavailable,
81bb5b43719f17e85520f765a9c66ae165a413a86ab8ed1c8f1dfd93517a9739,2020-05,Durham Constabulary,Durham Constabulary,-1.334284,54.755844,On or near Hilton Drive,E01020746,County Durham 037A,Drugs,Court result unavailable,
db612bae7f60050eb96c509f6ca8fbbf8f70af79f2e37d00c1cae1a472662535,2020-05,Durham Constabulary,Durham Constabulary,-1.336268,54.759944,On or near Supermarket,E01020746,County Durham 037A,Other theft,Investigation complete; no suspect identified,
ad4dea031acf6376070cafac29d80e2b0824a2fc77fa6ecfaef75f2b877b7e00,2020-05,Durham Constabulary,Durham Constabulary,-1.327769,54.755152,On or near Manor Way,E01020746,County Durham 037A,Other theft,Investigation complete; no suspect identified,
90f73abc71b23908f0d24da9c846dfa415cbfbdaab3235686b5b6a72ce155d68,2020-05,Durham Constabulary,Durham Constabulary,-1.332928,54.760824,On or near Pedestrian Subway,E01020746,County Durham 037A,Other theft,Investigation complete; no suspect identified,
70d72b7058dc8a36b1ee22d2f0b8b9a54bc57f51d443f85137eb9102701ae960,2020-05,Durham Constabulary,Durham Constabulary,-1.332027,54.757000,On or near Church Close,E01020746,County Durham 037A,Other theft,Unable to prosecute suspect,
852bfe7a74f2e89f3e7d6af39a3ecb7e9b6e8a6f509d1aa3979f51773d52ced7,2020-05,Durham Constabulary,Durham Constabulary,-1.327769,54.755152,On or near Manor Way,E01020746,County Durham 037A,Public order,Unable to prosecute suspect,
cf0ca986ab85ec37fc1edc356ac7f2fb708bdfb43219d9f4d2d829d9068ebc41,2020-05,Durham Constabulary,Durham Constabulary,-1.336268,54.759944,On or near Supermarket,E01020746,County Durham 037A,Public order,Formal action is not in the public interest,
77379f570a673f35e0f0170ed45a7494680bbe481f53b6f621d38b76dea516bf,2020-05,Durham Constabulary,Durham Constabulary,-1.332928,54.760824,On or near Pedestrian Subway,E01020746,County Durham 037A,Shoplifting,Investigation complete; no suspect identified,
70a4fdaabfe54995c5c22d98baea4d955d09d79cd29fcd9120630e4623ded48f,2020-05,Durham Constabulary,Durham Constabulary,-1.333421,54.759209,On or near Shopping Area,E01020746,County Durham 037A,Shoplifting,Local resolution,
e2db7d4b74e7e6f771ca41ddff4e1326b9eb0e9fbf3edab2c74633ea69f33755,2020-05,Durham Constabulary,Durham Constabulary,-1.334284,54.755844,On or near Hilton Drive,E01020746,County Durham 037A,Violence and sexual offences,Court result unavailable,
d097c911a2d7424309dcd39df231f8b20a2c6d3a153bf79a6ad6eb8314786e96,2020-05,Durham Constabulary,Durham Constabulary,-1.334284,54.755844,On or near Hilton Drive,E01020746,County Durham 037A,Violence and sexual offences,Court result unavailable,
d401c9df035c42f1ccdf2db5baad8929034016f17c60129aa8731682126468a6,2020-05,Durham Constabulary,Durham Constabulary,-1.335789,54.758827,On or near Parking Area,E01020746,County Durham 037A,Violence and sexual offences,Unable to prosecute suspect,
39f136f2a7308b7d2a3855754172ce26ca0df82c70e2ffd5a7432e8281dc7db6,2020-05,Durham Constabulary,Durham Constabulary,-1.327769,54.755152,On or near Manor Way,E01020746,County Durham 037A,Violence and sexual offences,Unable to prosecute suspect,
2594a4e4f6522973eff7f72e2b3f8b81533cb51eb8e403e711780c79e0cbe94f,2020-05,Durham Constabulary,Durham Constabulary,-1.336268,54.759944,On or near Supermarket,E01020746,County Durham 037A,Violence and sexual offences,Unable to prosecute suspect,
3c6fc37a259f46a317d7d337940b4d6067131b88ae8a6833080d8094ad0109a4,2020-05,Durham Constabulary,Durham Constabulary,-1.327769,54.755152,On or near Manor Way,E01020746,County Durham 037A,Violence and sexual offences,Unable to prosecute suspect,
0eb643021f5f19861d4602775ae986dcabb1703baa9ff9a5ca500eed8905b804,2020-05,Durham Constabulary,Durham Constabulary,-1.336268,54.759944,On or near Supermarket,E01020746,County Durham 037A,Violence and sexual offences,Unable to prosecute suspect,
e3b436ba8c9d2ce60fb384b4a40b8ed01f6202a5a03fc2420914761ec267a142,2020-05,Durham Constabulary,Durham Constabulary,-1.335223,54.757305,On or near Pedestrian Subway,E01020746,County Durham 037A,Violence and sexual offences,Court result unavailable,
,2020-05,Durham Constabulary,Durham Constabulary,-1.353876,54.752068,On or near Lorimers Close,E01020769,County Durham 037B,Anti-social behaviour,,
,2020-05,Durham Constabulary,Durham Constabulary,-1.357916,54.753994,On or near Pentland Close,E01020769,County Durham 037B,Anti-social behaviour,,
,2020-05,Durham Constabulary,Durham Constabulary,-1.357916,54.753994,On or near Pentland Close,E01020769,County Durham 037B,Anti-social behaviour,,
,2020-05,Durham Constabulary,Durham Constabulary,-1.357916,54.753994,On or near Pentland Close,E01020769,County Durham 037B,Anti-social behaviour,,
,2020-05,Durham Constabulary,Durham Constabulary,-1.357916,54.753994,On or near Pentland Close,E01020769,County Durham 037B,Anti-social behaviour,,
,2020-05,Durham Constabulary,Durham Constabulary,-1.357916,54.753994,On or near Pentland Close,E01020769,County Durham 037B,Anti-social behaviour,,
91b7ed35116f8ac1bacf5bb434b43b3b8393ac83b920a8b069b406cdeba130a5,2020-05,Durham Constabulary,Durham Constabulary,-1.355552,54.754144,On or near Brecon Close,E01020769,County Durham 037B,Bicycle theft,Further investigation is not in the public interest,
a6511c038308f82626c8e775682e881e9669bb448269d96095f2fd60978fad67,2020-05,Durham Constabulary,Durham Constabulary,-1.355552,54.754144,On or near Brecon Close,E01020769,County Durham 037B,Public order,Further investigation is not in the public interest,
693d87b098462a46a53681451f491ca91daa8e3aa9a3c2bba1dfeae94af1c10a,2020-05,Durham Constabulary,Durham Constabulary,-1.357916,54.753994,On or near Pentland Close,E01020769,County Durham 037B,Violence and sexual offences,Investigation complete; no suspect identified,
,2020-05,Durham Constabulary,Durham Constabulary,-1.347270,54.753156,On or near Welland Close,E01020777,County Durham 037C,Anti-social behaviour,,
,2020-05,Durham Constabulary,Durham Constabulary,-1.347270,54.753156,On or near Welland Close,E01020777,County Durham 037C,Anti-social behaviour,,
,2020-05,Durham Constabulary,Durham Constabulary,-1.347222,54.752275,On or near Skerne Close,E01020777,County Durham 037C,Anti-social behaviour,,
,2020-05,Durham Constabulary,Durham Constabulary,-1.347222,54.752275,On or near Skerne Close,E01020777,County Durham 037C,Anti-social behaviour,,
,2020-05,Durham Constabulary,Durham Constabulary,-1.347270,54.753156,On or near Welland Close,E01020777,County Durham 037C,Anti-social behaviour,,
,2020-05,Durham Constabulary,Durham Constabulary,-1.347222,54.752275,On or near Skerne Close,E01020777,County Durham 037C,Anti-social behaviour,,
,2020-05,Durham Constabulary,Durham Constabulary,-1.349200,54.751998,On or near Orwell Close,E01020777,County Durham 037C,Anti-social behaviour,,
,2020-05,Durham Constabulary,Durham Constabulary,-1.342379,54.752968,On or near Helford Road,E01020777,County Durham 037C,Anti-social behaviour,,
,2020-05,Durham Constabulary,Durham Constabulary,-1.345185,54.752381,On or near Medway Close,E01020777,County Durham 037C,Anti-social behaviour,,
,2020-05,Durham Constabulary,Durham Constabulary,-1.347368,54.749975,On or near Pedestrian Subway,E01020777,County Durham 037C,Anti-social behaviour,,
,2020-05,Durham Constabulary,Durham Constabulary,-1.341395,54.753331,On or near Teign Close,E01020777,County Durham 037C,Anti-social behaviour,,
5bfc18147378d2c826e0dc7c9e3f101f38e51149d6afc65ee7c6058aaf269cd7,2020-05,Durham Constabulary,Durham Constabulary,-1.347270,54.753156,On or near Welland Close,E01020777,County Durham 037C,Criminal damage and arson,Unable to prosecute suspect,
7921333b66b522e6e7469619e179d80c1580a8918821078ad2dfa089d08f67b4,2020-05,Durham Constabulary,Durham Constabulary,-1.344324,54.755701,On or near Coquet Close,E01020777,County Durham 037C,Public order,Formal action is not in the public interest,
20fe2414ab5f9388fdeabd19a11982c8283ffe9a89db1cdd71ed653c0be3d882,2020-05,Durham Constabulary,Durham Constabulary,-1.345185,54.752381,On or near Medway Close,E01020777,County Durham 037C,Violence and sexual offences,Investigation complete; no suspect identified,
31f35aba362bcc5b8d04ea4cf5e9636dbd3ae549bef3b2c0c80b5333fc8e47e5,2020-05,Durham Constabulary,Durham Constabulary,-1.342379,54.752968,On or near Helford Road,E01020777,County Durham 037C,Violence and sexual offences,Unable to prosecute suspect,
ca072e4ef6988d83e4734cb9404c70247e10d3b48a087a1028ab6b8f4192c4d3,2020-05,Durham Constabulary,Durham Constabulary,-1.347270,54.753156,On or near Welland Close,E01020777,County Durham 037C,Violence and sexual offences,Unable to prosecute suspect,
4b7ca7c484bba8f4daa466ecd92822f6ab24d0d1f4366a7b4d0817b101e98d1d,2020-05,Durham Constabulary,Durham Constabulary,-1.345185,54.752381,On or near Medway Close,E01020777,County Durham 037C,Violence and sexual offences,Investigation complete; no suspect identified,
163088d898bc0ead39e6ec2ce9a3d68f01e6a6bd0f8d21d5634a6a8ee3ba8d1e,2020-05,Durham Constabulary,Durham Constabulary,-1.347270,54.753156,On or near Welland Close,E01020777,County Durham 037C,Violence and sexual offences,Unable to prosecute suspect,
373637f146b2df80722860ca8a15f8ff4ec8d3c1225863d7e2235b1a029db5fa,2020-05,Durham Constabulary,Durham Constabulary,-1.345185,54.752381,On or near Medway Close,E01020777,County Durham 037C,Other crime,Unable to prosecute suspect,
aba82c9d7b3b83a0bdd7761a9ed06f469f2d80d69f1cbc4f41ae923634ec15a6,2020-05,Durham Constabulary,Durham Constabulary,-1.347270,54.753156,On or near Welland Close,E01020777,County Durham 037C,Other crime,Unable to prosecute suspect,
,2020-05,Durham Constabulary,Durham Constabulary,-1.341213,54.746338,On or near Marwood Grove,E01020778,County Durham 037D,Anti-social behaviour,,
,2020-05,Durham Constabulary,Durham Constabulary,-1.331891,54.749253,On or near Bellister Park,E01020778,County Durham 037D,Anti-social behaviour,,
,2020-05,Durham Constabulary,Durham Constabulary,-1.340414,54.748661,On or near Lindisfarne,E01020778,County Durham 037D,Anti-social behaviour,,
,2020-05,Durham Constabulary,Durham Constabulary,-1.331891,54.749253,On or near Bellister Park,E01020778,County Durham 037D,Anti-social behaviour,,
,2020-05,Durham Constabulary,Durham Constabulary,-1.343805,54.747412,On or near Bywell Drive,E01020778,County Durham 037D,Anti-social behaviour,,
6ce1c58955e4231758ef21ed2f28d320259b333d13d6bc23c6262d0a1fa95ee3,2020-05,Durham Constabulary,Durham Constabulary,-1.341906,54.749595,On or near Sunny Blunts,E01020778,County Durham 037D,Bicycle theft,Investigation complete; no suspect identified,
70e61e75bc227d45727aa8ef0532aa56319dbcbc6863f57a15ba3bd26a61463f,2020-05,Durham Constabulary,Durham Constabulary,-1.341213,54.746338,On or near Marwood Grove,E01020778,County Durham 037D,Public order,Unable to prosecute suspect,
9d2460357b2f0a0293e3548ae1f8778a5a87f0bc9b1ed39e10ddf42c172554c4,2020-05,Durham Constabulary,Durham Constabulary,-1.341906,54.749595,On or near Sunny Blunts,E01020778,County Durham 037D,Violence and sexual offences,Unable to prosecute suspect,
46790cdbe4d681f267f72320bad4140e07349744c04448c1ea7320897abb1cb3,2020-05,Durham Constabulary,Durham Constabulary,-1.340414,54.748661,On or near Lindisfarne,E01020778,County Durham 037D,Violence and sexual offences,Investigation complete; no suspect identified,
5c3303d3447011e5970a8cf0608d375ab70f26fe89fd03817c2ff8d79d9d42ff,2020-05,Durham Constabulary,Durham Constabulary,-1.341906,54.749595,On or near Sunny Blunts,E01020778,County Durham 037D,Violence and sexual offences,Unable to prosecute suspect,
a59a37c7c8a5170ee9ee31bd2f01e8ed44fe72a0e9a60ffc4f2c7342421e80da,2020-05,Durham Constabulary,Durham Constabulary,-1.340414,54.748661,On or near Lindisfarne,E01020778,County Durham 037D,Violence and sexual offences,Unable to prosecute suspect,
eafb9e6cc8488cedfa5e6960a040e54a1ef66b8230d31afdcf43f3b94159b3cb,2020-05,Durham Constabulary,Durham Constabulary,-1.340414,54.748661,On or near Lindisfarne,E01020778,County Durham 037D,Violence and sexual offences,Unable to prosecute suspect,
,2020-05,Durham Constabulary,Durham Constabulary,-1.361495,54.747705,On or near Joyce Grove,E01020779,County Durham 037E,Anti-social behaviour,,
b6655fdc01cea6ec66fbb8667a585fb2bc3f849aba93c9aa23b915cbf259f08e,2020-05,Durham Constabulary,Durham Constabulary,-1.362646,54.745626,On or near Askerton Drive,E01020779,County Durham 037E,Other theft,Investigation complete; no suspect identified,
9b495cbdfb8dcc73cc52b15fbba94b1a1c25c1f0488f71496064b380c578c172,2020-05,Durham Constabulary,Durham Constabulary,-1.359107,54.745454,On or near Bewley Grove,E01020779,County Durham 037E,Violence and sexual offences,Unable to prosecute suspect,
,2020-05,Durham Constabulary,Durham Constabulary,-1.622557,54.746668,On or near Sports/Recreation Area,E01020685,County Durham 038A,Anti-social behaviour,,
,2020-05,Durham Constabulary,Durham Constabulary,-1.622657,54.747549,On or near Dorlonco Villas,E01020685,County Durham 038A,Anti-social behaviour,,
,2020-05,Durham Constabulary,Durham Constabulary,-1.660701,54.738432,On or near Parking Area,E01020685,County Durham 038A,Anti-social behaviour,,
,2020-05,Durham Constabulary,Durham Constabulary,-1.622557,54.746668,On or near Sports/Recreation Area,E01020685,County Durham 038A,Anti-social behaviour,,
,2020-05,Durham Constabulary,Durham Constabulary,-1.625452,54.747701,On or near South View,E01020685,County Durham 038A,Anti-social behaviour,,
e7fe03785c798c85d706b874584c89e676783349f68f13681d349e6e6a197b1c,2020-05,Durham Constabulary,Durham Constabulary,-1.628047,54.747610,On or near West View,E01020685,County Durham 038A,Criminal damage and arson,Investigation complete; no suspect identified,
c8d98d5665f4ac13e3fb7322dbfcf62edad80eedc2502ddcc9fc562f600ae270,2020-05,Durham Constabulary,Durham Constabulary,-1.622645,54.750559,On or near Stanhope Close,E01020685,County Durham 038A,Public order,Court result unavailable,
a6ece16cf335faa23e8f54b4ade7480ccac5705c8d5d1e0dd1ab5ff3e3ae63bc,2020-05,Durham Constabulary,Durham Constabulary,-1.622645,54.750559,On or near Stanhope Close,E01020685,County Durham 038A,Violence and sexual offences,Local resolution,
4cd37668a32ddfd33f47f07203cbaaedae571091a3536060b9f253ff698fe56d,2020-05,Durham Constabulary,Durham Constabulary,-1.622645,54.750559,On or near Stanhope Close,E01020685,County Durham 038A,Violence and sexual offences,Local resolution,
10dc572bd160638c2b307f82d293a612418ae291856e1310d438c31cecda49f9,2020-05,Durham Constabulary,Durham Constabulary,-1.628047,54.747610,On or near West View,E01020685,County Durham 038A,Violence and sexual offences,Unable to prosecute suspect,
850781d1adca4204c45eaceae1948d51b52f62af6db73c0a2fb4e8471a2b313e,2020-05,Durham Constabulary,Durham Constabulary,-1.622645,54.750559,On or near Stanhope Close,E01020685,County Durham 038A,Violence and sexual offences,Unable to prosecute suspect,
9e2111c6be3be59a1b8ca019cc6bbb8771b1444060fcf7f1ce501e10495b8dc2,2020-05,Durham Constabulary,Durham Constabulary,-1.622645,54.750559,On or near Stanhope Close,E01020685,County Durham 038A,Violence and sexual offences,Local resolution,
94e3446f344efdba919f2e035b33c88fa9b754aee25b25a84deb10b896bb08a7,2020-05,Durham Constabulary,Durham Constabulary,-1.628047,54.747610,On or near West View,E01020685,County Durham 038A,Violence and sexual offences,Action to be taken by another organisation,
ccc559b2088bd203a7d75fcda4ece08be4c82afe8aff2105683d93b44a2b590c,2020-05,Durham Constabulary,Durham Constabulary,-1.622645,54.750559,On or near Stanhope Close,E01020685,County Durham 038A,Violence and sexual offences,Local resolution,
9aa5f61c63a50f844d05706390e41e3211edc729dc422d273223be5c323646f5,2020-05,Durham Constabulary,Durham Constabulary,-1.628047,54.747610,On or near West View,E01020685,County Durham 038A,Violence and sexual offences,Unable to prosecute suspect,
129a22dd0fdc716f249a9e1339a086711ece64bba6e370094b3884f93bb41f05,2020-05,Durham Constabulary,Durham Constabulary,-1.622645,54.750559,On or near Stanhope Close,E01020685,County Durham 038A,Violence and sexual offences,Unable to prosecute suspect,
6de1cda28063350f53ae3ed641f1335358b1f453ee4b2ff232bae440b3d1378a,2020-05,Durham Constabulary,Durham Constabulary,-1.622557,54.746668,On or near Sports/Recreation Area,E01020685,County Durham 038A,Violence and sexual offences,Investigation complete; no suspect identified,
dbb493edbaf39a6e15bc79c0e288e3922ba28c2e1ba87728791cbd55242c3e39,2020-05,Durham Constabulary,Durham Constabulary,-1.622557,54.746668,On or near Sports/Recreation Area,E01020685,County Durham 038A,Other crime,Investigation complete; no suspect identified,
,2020-05,Durham Constabulary,Durham Constabulary,-1.629337,54.752638,On or near Brockwell Court,E01020686,County Durham 038B,Anti-social behaviour,,
,2020-05,Durham Constabulary,Durham Constabulary,-1.630539,54.752084,On or near Parking Area,E01020686,County Durham 038B,Anti-social behaviour,,
,2020-05,Durham Constabulary,Durham Constabulary,-1.631159,54.748851,On or near Moor Edge,E01020686,County Durham 038B,Anti-social behaviour,,
,2020-05,Durham Constabulary,Durham Constabulary,-1.630539,54.752084,On or near Parking Area,E01020686,County Durham 038B,Anti-social behaviour,,
5a703ffec80fada1c2a178eb816a3ad3afc12fa5869c85e6f8ca0794eaa6cd95,2020-05,Durham Constabulary,Durham Constabulary,-1.628811,54.752438,On or near Carr Avenue,E01020686,County Durham 038B,Criminal damage and arson,Unable to prosecute suspect,
f3c8738c1ba21c2a1633e1a03c977888b5ddef12fa852ae3a2812e7e3c3ffc73,2020-05,Durham Constabulary,Durham Constabulary,-1.634615,54.751440,On or near Vicarage Flats,E01020686,County Durham 038B,Criminal damage and arson,Investigation complete; no suspect identified,
4b94bbf564ffa3a429c4d3913dd3f6c079336feab02060b1b645a99640f6b14f,2020-05,Durham Constabulary,Durham Constabulary,-1.634615,54.751440,On or near Vicarage Flats,E01020686,County Durham 038B,Other theft,Unable to prosecute suspect,
7015b84b7c627dac85e2364bd124480396d3e5abda6d60bcd65df51ffb43d282,2020-05,Durham Constabulary,Durham Constabulary,-1.630539,54.752084,On or near Parking Area,E01020686,County Durham 038B,Other theft,Investigation complete; no suspect identified,
365ce098930ff82a67da5bc9b22852cf7b0d615bf87c8e69d1001c095b441954,2020-05,Durham Constabulary,Durham Constabulary,-1.631159,54.748851,On or near Moor Edge,E01020686,County Durham 038B,Public order,Unable to prosecute suspect,
3485cdbfd53aa964ec465e7a7e7af1524ca0238457f5a9dec3c32f9e9560409e,2020-05,Durham Constabulary,Durham Constabulary,-1.638508,54.746923,On or near Clover Laid,E01020686,County Durham 038B,Public order,Unable to prosecute suspect,
5dd10846fe78bec71627be2f96ca8b33703344e527e93d4c05c39119ff26d05c,2020-05,Durham Constabulary,Durham Constabulary,-1.635200,54.753797,On or near Oakgreen Flats,E01020686,County Durham 038B,Public order,Unable to prosecute suspect,
817d606573c0f143714abc484e5288dba7a081be87c45f8df151cf67d3c32739,2020-05,Durham Constabulary,Durham Constabulary,-1.634615,54.751440,On or near Vicarage Flats,E01020686,County Durham 038B,Public order,Further investigation is not in the public interest,
7f5a0d53498468d28bfea0828b228b18900702e4b890b61526160c6ec9d55ee3,2020-05,Durham Constabulary,Durham Constabulary,-1.637492,54.745940,On or near Croft Rigg,E01020686,County Durham 038B,Violence and sexual offences,Unable to prosecute suspect,
ab2ff1429e5246751d7cbe5109832c0538661df88dc6d38a32c1804fe82a75e8,2020-05,Durham Constabulary,Durham Constabulary,-1.634233,54.750801,On or near Sawmill Lane,E01020686,County Durham 038B,Violence and sexual offences,Investigation complete; no suspect identified,
9045bbd2e0db4b44c9b90eeb80739c452d2679874e1d87bb03154b614f90b684,2020-05,Durham Constabulary,Durham Constabulary,-1.637492,54.745940,On or near Croft Rigg,E01020686,County Durham 038B,Violence and sexual offences,Investigation complete; no suspect identified,
528cf42699196cd0a90dd4d62eea8d880b101ab32933fd46391a82e4784cb481,2020-05,Durham Constabulary,Durham Constabulary,-1.634615,54.751440,On or near Vicarage Flats,E01020686,County Durham 038B,Violence and sexual offences,Unable to prosecute suspect,
b325583bf8bc4634fc67bfc946447b42b79ae4a984fa9f605928947b848efab5,2020-05,Durham Constabulary,Durham Constabulary,-1.637492,54.745940,On or near Croft Rigg,E01020686,County Durham 038B,Violence and sexual offences,Investigation complete; no suspect identified,
9f2d168a8c37a71aaefdbea6d446d05797904df10d61996af216ed5a1b1de79b,2020-05,Durham Constabulary,Durham Constabulary,-1.637492,54.745940,On or near Croft Rigg,E01020686,County Durham 038B,Violence and sexual offences,Unable to prosecute suspect,
01d7f9ba4391ce7d8005ff942ba43ae141c8b4543a9ab83b6220d3c86c4b2e1b,2020-05,Durham Constabulary,Durham Constabulary,-1.637492,54.745940,On or near Croft Rigg,E01020686,County Durham 038B,Violence and sexual offences,Action to be taken by another organisation,
b21e13569da253c7d28f61754845684c9e54c6ec99a3beedacaa013627c15960,2020-05,Durham Constabulary,Durham Constabulary,-1.637492,54.745940,On or near Croft Rigg,E01020686,County Durham 038B,Violence and sexual offences,Investigation complete; no suspect identified,
c55b5af29cf0b0226274399352eaa31d275790cfac67d850b41c017e6aa39b3f,2020-05,Durham Constabulary,Durham Constabulary,-1.634615,54.751440,On or near Vicarage Flats,E01020686,County Durham 038B,Violence and sexual offences,Further investigation is not in the public interest,
fd3760cfe2c183a14ca78937e57f2ea43740e9ba8198e6c6233a66a3ca0d8356,2020-05,Durham Constabulary,Durham Constabulary,-1.637492,54.745940,On or near Croft Rigg,E01020686,County Durham 038B,Other crime,Investigation complete; no suspect identified,
,2020-05,Durham Constabulary,Durham Constabulary,-1.644321,54.746589,On or near Beechcroft Avenue,E01020687,County Durham 038C,Anti-social behaviour,,
,2020-05,Durham Constabulary,Durham Constabulary,-1.639427,54.748426,On or near Black Thorn Close,E01020687,County Durham 038C,Anti-social behaviour,,
,2020-05,Durham Constabulary,Durham Constabulary,-1.643034,54.746352,On or near Murrayfield Drive,E01020687,County Durham 038C,Anti-social behaviour,,
829ca777d5f80ddeb6dc2d313a66107a7c91215f0a0289f5f00803e1d630fa08,2020-05,Durham Constabulary,Durham Constabulary,-1.641084,54.745573,On or near Cavendish Court,E01020687,County Durham 038C,Burglary,Investigation complete; no suspect identified,
1c6c6709c4a4d8a6e8f09dfea26dba774ee179cd4854f5f178b13d0b2f5826b7,2020-05,Durham Constabulary,Durham Constabulary,-1.643034,54.746352,On or near Murrayfield Drive,E01020687,County Durham 038C,Drugs,Offender given a caution,
595ec01aa0ea5e30a2ee53589b50a0227c6442c24ea93edf9245aca658f08952,2020-05,Durham Constabulary,Durham Constabulary,-1.640037,54.744447,On or near Winchester Drive,E01020687,County Durham 038C,Other theft,Investigation complete; no suspect identified,
581dc694251e021c4f4c5d73ad30b1e7cbef2a5f0210f77333d71230739944a0,2020-05,Durham Constabulary,Durham Constabulary,-1.644739,54.746788,On or near Ashbrook Close,E01020687,County Durham 038C,Public order,Unable to prosecute suspect,
719dfc00b9bbcf800d59e218ca1f4505c6a636791a3a512c0b3eaddf70191ee6,2020-05,Durham Constabulary,Durham Constabulary,-1.643034,54.746352,On or near Murrayfield Drive,E01020687,County Durham 038C,Vehicle crime,Unable to prosecute suspect,
c7f75ddc669f362389cfe7097426add91ff435df7a8c7214f52294bfc7b64bc5,2020-05,Durham Constabulary,Durham Constabulary,-1.644739,54.746788,On or near Ashbrook Close,E01020687,County Durham 038C,Violence and sexual offences,Unable to prosecute suspect,
e0d16cc7914dc21dd91f69443aaf390383eb16f0850ba12456ed39947b209e92,2020-05,Durham Constabulary,Durham Constabulary,-1.644739,54.746788,On or near Ashbrook Close,E01020687,County Durham 038C,Violence and sexual offences,Unable to prosecute suspect,
afb3a69375a6e1212cc491098908f9abe26c4215a8596921fcddcb2f9fd11e2e,2020-05,Durham Constabulary,Durham Constabulary,-1.644739,54.746788,On or near Ashbrook Close,E01020687,County Durham 038C,Violence and sexual offences,Further investigation is not in the public interest,
145cac88c242e5dff3d6bb3e4e12cb2960638e52e7c46d58f7558a449da6955e,2020-05,Durham Constabulary,Durham Constabulary,-1.643034,54.746352,On or near Murrayfield Drive,E01020687,County Durham 038C,Violence and sexual offences,Unable to prosecute suspect,
6ac3e7fa700fae17cfa7cf17db4dff514df6d136caf559c63a26fb5c874c25a4,2020-05,Durham Constabulary,Durham Constabulary,-1.644739,54.746788,On or near Ashbrook Close,E01020687,County Durham 038C,Violence and sexual offences,Unable to prosecute suspect,
602878a4541a2ccc1b279ffe29fd3ef69726346daf9aa1f63a95b8c895711935,2020-05,Durham Constabulary,Durham Constabulary,-1.644321,54.746589,On or near Beechcroft Avenue,E01020687,County Durham 038C,Violence and sexual offences,Unable to prosecute suspect,
f202292446ceac2f7dba763b05836555e92958fb5ea6cc1aeb43628dd0e7b75b,2020-05,Durham Constabulary,Durham Constabulary,-1.638086,54.748988,On or near Bell Meadow,E01020687,County Durham 038C,Violence and sexual offences,Investigation complete; no suspect identified,
5040d035c07cebf2b0952af492b380c0083156e047c68eacb115b9325cfc5291,2020-05,Durham Constabulary,Durham Constabulary,-1.644739,54.746788,On or near Ashbrook Close,E01020687,County Durham 038C,Violence and sexual offences,Unable to prosecute suspect,
0fccee50deb6cc48253eebc56206e95580caee41ce8f1a4b4c524736d4a3618d,2020-05,Durham Constabulary,Durham Constabulary,-1.644321,54.746589,On or near Beechcroft Avenue,E01020687,County Durham 038C,Violence and sexual offences,Unable to prosecute suspect,
94fce397fb71329358d00523f86d597a9d64ea3a7b1a38baed62e39a2ed1216c,2020-05,Durham Constabulary,Durham Constabulary,-1.644739,54.746788,On or near Ashbrook Close,E01020687,County Durham 038C,Other crime,Court result unavailable,
8a4869ec1137eac31e1defb9ce62c60162401e585c292af7005835354c29f345,2020-05,Durham Constabulary,Durham Constabulary,-1.644739,54.746788,On or near Ashbrook Close,E01020687,County Durham 038C,Other crime,Further investigation is not in the public interest,
,2020-05,Durham Constabulary,Durham Constabulary,-1.638419,54.751721,On or near Dove Close,E01020688,County Durham 038D,Anti-social behaviour,,
,2020-05,Durham Constabulary,Durham Constabulary,-1.638419,54.751721,On or near Dove Close,E01020688,County Durham 038D,Anti-social behaviour,,
,2020-05,Durham Constabulary,Durham Constabulary,-1.633655,54.754511,On or near Midhill Close,E01020688,County Durham 038D,Anti-social behaviour,,
,2020-05,Durham Constabulary,Durham Constabulary,-1.638419,54.751721,On or near Dove Close,E01020688,County Durham 038D,Anti-social behaviour,,
,2020-05,Durham Constabulary,Durham Constabulary,-1.638419,54.751721,On or near Dove Close,E01020688,County Durham 038D,Anti-social behaviour,,
,2020-05,Durham Constabulary,Durham Constabulary,-1.638419,54.751721,On or near Dove Close,E01020688,County Durham 038D,Anti-social behaviour,,
,2020-05,Durham Constabulary,Durham Constabulary,-1.637925,54.753149,On or near Pine Lea,E01020688,County Durham 038D,Anti-social behaviour,,
,2020-05,Durham Constabulary,Durham Constabulary,-1.636956,54.753730,On or near Palm Lea,E01020688,County Durham 038D,Anti-social behaviour,,
78f18803e9581461826a4cf7180d250b5d1266a0815cc9bda621ada312275778,2020-05,Durham Constabulary,Durham Constabulary,-1.634624,54.755646,On or near Deerness Heights,E01020688,County Durham 038D,Burglary,Investigation complete; no suspect identified,
d3215b7f7a75984464c8f1c599d5cbb7da3b744432ce85a82ea04c03da07a916,2020-05,Durham Constabulary,Durham Constabulary,-1.637292,54.752724,On or near Poplar Lea,E01020688,County Durham 038D,Burglary,Investigation complete; no suspect identified,
859437ca61e33f162e04bc01874ceba64e3fceb8a55ec1798beeccd299b832ca,2020-05,Durham Constabulary,Durham Constabulary,-1.634624,54.755646,On or near Deerness Heights,E01020688,County Durham 038D,Burglary,Investigation complete; no suspect identified,
31f2d083c3152bc7eae6311add26ad539c3f0ba4c249075f6634a2465592a11d,2020-05,Durham Constabulary,Durham Constabulary,-1.636027,54.749962,On or near Willow Close,E01020688,County Durham 038D,Criminal damage and arson,Local resolution,
9024863dad38ed94edf915e54f427359b23f02397666e8c0ee7230165268fc74,2020-05,Durham Constabulary,Durham Constabulary,-1.637585,54.751153,On or near Rushey Gill,E01020688,County Durham 038D,Drugs,Offender given a caution,
954f117b784c5d050b96698feee1d775df927b850ec0809184b06b8341efc3fe,2020-05,Durham Constabulary,Durham Constabulary,-1.642028,54.754805,On or near High Meadows,E01020688,County Durham 038D,Public order,Unable to prosecute suspect,
48cc7ce7db5ae0121645bb0196a815a57002f5fdfea8202e122ca1d7e6428acf,2020-05,Durham Constabulary,Durham Constabulary,-1.636027,54.749962,On or near Willow Close,E01020688,County Durham 038D,Public order,Unable to prosecute suspect,
0acc4af66eb2ba8fe456c51da6acab29bb58f3923c1c16bdd548406f2822c578,2020-05,Durham Constabulary,Durham Constabulary,-1.638419,54.751721,On or near Dove Close,E01020688,County Durham 038D,Public order,Investigation complete; no suspect identified,
b4021c51a6618e470830e7cabdcb52c5dfeea56136b1d40f1d8994904496cb40,2020-05,Durham Constabulary,Durham Constabulary,-1.637925,54.753149,On or near Pine Lea,E01020688,County Durham 038D,Violence and sexual offences,Unable to prosecute suspect,
8e3aafcb946113e6ef147b53d0b77e98a1cc701af22e04f7542b9fc4ecc20f3c,2020-05,Durham Constabulary,Durham Constabulary,-1.636027,54.749962,On or near Willow Close,E01020688,County Durham 038D,Violence and sexual offences,Unable to prosecute suspect,
65f6402309ba403878dbe66e9e4fcccd9f04b0687967ab7aa320df0d675710e4,2020-05,Durham Constabulary,Durham Constabulary,-1.638371,54.753644,On or near Pear Lea,E01020688,County Durham 038D,Violence and sexual offences,Unable to prosecute suspect,
45ff67f700abbd61b37f595d6d9c4cda7f374169ea6fdf00c64573800b22060a,2020-05,Durham Constabulary,Durham Constabulary,-1.645714,54.749020,On or near Maple Court,E01020688,County Durham 038D,Other crime,Unable to prosecute suspect,
,2020-05,Durham Constabulary,Durham Constabulary,-1.623478,54.756223,On or near Tiree Close,E01020689,County Durham 038E,Anti-social behaviour,,
,2020-05,Durham Constabulary,Durham Constabulary,-1.623478,54.756223,On or near Tiree Close,E01020689,County Durham 038E,Anti-social behaviour,,
,2020-05,Durham Constabulary,Durham Constabulary,-1.623478,54.756223,On or near Tiree Close,E01020689,County Durham 038E,Anti-social behaviour,,
,2020-05,Durham Constabulary,Durham Constabulary,-1.621886,54.756964,On or near Hemmel Courts,E01020689,County Durham 038E,Anti-social behaviour,,
,2020-05,Durham Constabulary,Durham Constabulary,-1.630131,54.754168,On or near Holly Park,E01020689,County Durham 038E,Anti-social behaviour,,
b3d2486fdfeb2856cdd5a42e1757fa258fb16537b8e5ddc11be5a76ba0631e21,2020-05,Durham Constabulary,Durham Constabulary,-1.629254,54.756690,On or near Sports/Recreation Area,E01020689,County Durham 038E,Criminal damage and arson,Unable to prosecute suspect,
d8647c97e8c703a7cc26337bc3b16feff6f8b930d73f077c63ea66f2756fe42e,2020-05,Durham Constabulary,Durham Constabulary,-1.623478,54.756223,On or near Tiree Close,E01020689,County Durham 038E,Criminal damage and arson,Unable to prosecute suspect,
3d08eff4955033384ce43a1b3311869480dd6d9c3fdf1fa96ecbd0e3485c1a16,2020-05,Durham Constabulary,Durham Constabulary,-1.621886,54.756964,On or near Hemmel Courts,E01020689,County Durham 038E,Other theft,Local resolution,
50f77711bca34dfbe97344645b4c75df24debcb94e0870a5aba023367412c2ff,2020-05,Durham Constabulary,Durham Constabulary,-1.624863,54.757692,On or near Stack Garth,E01020689,County Durham 038E,Public order,Further investigation is not in the public interest,
096e61884a828591658f95baf10999ff35b879ef6d858572ff138c8e988e320a,2020-05,Durham Constabulary,Durham Constabulary,-1.624863,54.757692,On or near Stack Garth,E01020689,County Durham 038E,Public order,Investigation complete; no suspect identified,
eddbdbf90764fa548aa7abfb067ce2441e3e9cce4789b24824003f955e781cb2,2020-05,Durham Constabulary,Durham Constabulary,-1.623478,54.756223,On or near Tiree Close,E01020689,County Durham 038E,Violence and sexual offences,Unable to prosecute suspect,
c870986ddd364cb92bd7ce3cde0b3cdf02b41fd57e380ff10eec85ae2c2eb5d7,2020-05,Durham Constabulary,Durham Constabulary,-1.623478,54.756223,On or near Tiree Close,E01020689,County Durham 038E,Violence and sexual offences,Unable to prosecute suspect,
d24a784234961b3bb3a073ac831ebec7d4c6f389ed5a91863e2277314d5226c8,2020-05,Durham Constabulary,Durham Constabulary,-1.621886,54.756964,On or near Hemmel Courts,E01020689,County Durham 038E,Violence and sexual offences,Unable to prosecute suspect,
e7dd1bdc11a1ed41fa61930847000082463d1249070f47986ab57c64673384f1,2020-05,Durham Constabulary,Durham Constabulary,-1.621886,54.756964,On or near Hemmel Courts,E01020689,County Durham 038E,Violence and sexual offences,Unable to prosecute suspect,
2aa6108cd67bd264f57f7146dd78216c8abdc0c2fb7ca7c31704b874a137861e,2020-05,Durham Constabulary,Durham Constabulary,-1.621886,54.756964,On or near Hemmel Courts,E01020689,County Durham 038E,Violence and sexual offences,Unable to prosecute suspect,
,2020-05,Durham Constabulary,Durham Constabulary,-1.253357,54.728089,On or near Parking Area,E01020736,County Durham 039A,Anti-social behaviour,,
,2020-05,Durham Constabulary,Durham Constabulary,-1.275571,54.739781,On or near Bevin Grove,E01020736,County Durham 039A,Anti-social behaviour,,
,2020-05,Durham Constabulary,Durham Constabulary,-1.273600,54.740569,On or near The Sidings,E01020736,County Durham 039A,Anti-social behaviour,,
,2020-05,Durham Constabulary,Durham Constabulary,-1.271967,54.739804,On or near Warnbrook Crescent,E01020736,County Durham 039A,Anti-social behaviour,,
68495f66f981dfbaabdf7c7784ad1c2a7373aa21effb9c29e1277178644cb298,2020-05,Durham Constabulary,Durham Constabulary,-1.253357,54.728089,On or near Parking Area,E01020736,County Durham 039A,Criminal damage and arson,Investigation complete; no suspect identified,
91ba58c1496e816c842ae14365a605dc549ce6340494cc77906b579e2f44ec07,2020-05,Durham Constabulary,Durham Constabulary,-1.273600,54.740569,On or near The Sidings,E01020736,County Durham 039A,Violence and sexual offences,Court result unavailable,
66d89acf523c6ee36fb8ae9b6f242c3eee2128705d8ce383b66e40a5e0553dc6,2020-05,Durham Constabulary,Durham Constabulary,-1.279137,54.740135,On or near Ocean View,E01020736,County Durham 039A,Violence and sexual offences,Unable to prosecute suspect,
90805678135c0c79dc759da3e7c3084969613451ce5feb420995c7327f67742c,2020-05,Durham Constabulary,Durham Constabulary,-1.271967,54.739804,On or near Warnbrook Crescent,E01020736,County Durham 039A,Violence and sexual offences,Unable to prosecute suspect,
8138bf45b13a8a4adeeb53a1a024bd4798cc4a739000bf92a4b75170d50a9d28,2020-05,Durham Constabulary,Durham Constabulary,-1.278147,54.739041,On or near Hart Crescent,E01020736,County Durham 039A,Violence and sexual offences,Unable to prosecute suspect,
ca5ab9113cb8bab0181e35d2dee12b8774ab2bc48309e907d7d24df35085b365,2020-05,Durham Constabulary,Durham Constabulary,-1.280941,54.738276,On or near Sports/Recreation Area,E01020736,County Durham 039A,Violence and sexual offences,Unable to prosecute suspect,
,2020-05,Durham Constabulary,Durham Constabulary,-1.297628,54.753166,On or near Shaftesbury Road,E01020737,County Durham 039B,Anti-social behaviour,,
,2020-05,Durham Constabulary,Durham Constabulary,-1.297628,54.753166,On or near Shaftesbury Road,E01020737,County Durham 039B,Anti-social behaviour,,
f254f77f134c5eeeac93bef628c86c07ae1f7fc29d550ad4b17ebc8bb35dcbab,2020-05,Durham Constabulary,Durham Constabulary,-1.294850,54.747668,On or near Hardwick Street,E01020737,County Durham 039B,Burglary,Court result unavailable,
1b8c3603043b2956c2a16999f21fac6b5bd9eb3bf56cc36cde5705af4acca685,2020-05,Durham Constabulary,Durham Constabulary,-1.294420,54.750011,On or near Eleventh Street,E01020737,County Durham 039B,Burglary,Investigation complete; no suspect identified,
c83190cf8c44f5d7a89be8fecf0591bbd0e600d5af39fd07000cb1b91102af15,2020-05,Durham Constabulary,Durham Constabulary,-1.296902,54.748435,On or near Welfare Crescent,E01020737,County Durham 039B,Criminal damage and arson,Unable to prosecute suspect,
17864b347e40f7f82a43be587c35cd9544c191a1840c2b4063f435d97603e498,2020-05,Durham Constabulary,Durham Constabulary,-1.294420,54.750011,On or near Eleventh Street,E01020737,County Durham 039B,Other theft,Investigation complete; no suspect identified,
78ee15a7a7c47da18b3e189919702496c2f8002d28f384e8237f9d40a881c48a,2020-05,Durham Constabulary,Durham Constabulary,-1.292280,54.745334,On or near Laidler Close,E01020737,County Durham 039B,Public order,Unable to prosecute suspect,
faa8c5ef930a94ea12e094e882160eaad4021e76ec9c5668d87c7920bd306278,2020-05,Durham Constabulary,Durham Constabulary,-1.292280,54.745334,On or near Laidler Close,E01020737,County Durham 039B,Violence and sexual offences,Local resolution,
08b600b2d86302a2f23d4e3d7adfa6aa8c7eeef989f3d856319c963587fa5a0c,2020-05,Durham Constabulary,Durham Constabulary,-1.293310,54.751335,On or near Shaftesbury Avenue,E01020737,County Durham 039B,Violence and sexual offences,Unable to prosecute suspect,
6ee063d5006c033f9aa49f81d14dc79149cf4dba4233282a5ade957dcaaa6810,2020-05,Durham Constabulary,Durham Constabulary,-1.296902,54.748435,On or near Welfare Crescent,E01020737,County Durham 039B,Violence and sexual offences,Unable to prosecute suspect,
cc0a97a15cc91619fc2d39e8515364ff1c46bd123900f41edde5558661925a18,2020-05,Durham Constabulary,Durham Constabulary,-1.292280,54.745334,On or near Laidler Close,E01020737,County Durham 039B,Other crime,Further investigation is not in the public interest,
,2020-05,Durham Constabulary,Durham Constabulary,-1.282442,54.744728,On or near Lime Avenue,E01020738,County Durham 039C,Anti-social behaviour,,
,2020-05,Durham Constabulary,Durham Constabulary,-1.276741,54.741226,On or near Station Road,E01020738,County Durham 039C,Anti-social behaviour,,
c26de905352fb12ad31a33d4d04441743acd383e64d1c36999a43edf7cec917d,2020-05,Durham Constabulary,Durham Constabulary,-1.278339,54.742251,On or near Lilac Avenue,E01020738,County Durham 039C,Burglary,Investigation complete; no suspect identified,
8c03ae3820f75e9f660367dbac0cc35ea1715a9bad6e8bfa974af9e6b5e92cdd,2020-05,Durham Constabulary,Durham Constabulary,-1.276741,54.741226,On or near Station Road,E01020738,County Durham 039C,Burglary,Unable to prosecute suspect,
187d506a5227c1111fe080d523cc305e7e708e07dcbefda2a299716ed5cd24a7,2020-05,Durham Constabulary,Durham Constabulary,-1.284284,54.746015,On or near Enid Gardens,E01020738,County Durham 039C,Other theft,Investigation complete; no suspect identified,
4c37c038a8ce3891647131a3a3b3e1f26b1539d00a4d527599aa4ba4634016c4,2020-05,Durham Constabulary,Durham Constabulary,-1.283744,54.744907,On or near Petrol Station,E01020738,County Durham 039C,Shoplifting,Investigation complete; no suspect identified,
7f198d2a25d65329f4f5bd0b578e490c228d6178dda688b4d3ffe75310907dd4,2020-05,Durham Constabulary,Durham Constabulary,-1.283744,54.744907,On or near Petrol Station,E01020738,County Durham 039C,Shoplifting,Local resolution,
ac6a5486e34d651b2562234a494fda4772dae7684edbcad626e3b6bdc9f081ee,2020-05,Durham Constabulary,Durham Constabulary,-1.283744,54.744907,On or near Petrol Station,E01020738,County Durham 039C,Shoplifting,Investigation complete; no suspect identified,
e8b9b7e302803c624f3e61935680fb32ebb68e4b301d0c6ef5d7dc953c479b71,2020-05,Durham Constabulary,Durham Constabulary,-1.276741,54.741226,On or near Station Road,E01020738,County Durham 039C,Shoplifting,Unable to prosecute suspect,
cb3a181b7f881565e585b6b4379901b4eb5b668fd5c4788975c83258d1a9effb,2020-05,Durham Constabulary,Durham Constabulary,-1.283744,54.744907,On or near Petrol Station,E01020738,County Durham 039C,Shoplifting,Investigation complete; no suspect identified,
,2020-05,Durham Constabulary,Durham Constabulary,-1.289953,54.748727,On or near Fifth Street,E01020739,County Durham 039D,Anti-social behaviour,,
,2020-05,Durham Constabulary,Durham Constabulary,-1.289953,54.748727,On or near Fifth Street,E01020739,County Durham 039D,Anti-social behaviour,,
,2020-05,Durham Constabulary,Durham Constabulary,-1.288321,54.747908,On or near Second Street,E01020739,County Durham 039D,Anti-social behaviour,,
,2020-05,Durham Constabulary,Durham Constabulary,-1.289953,54.748727,On or near Fifth Street,E01020739,County Durham 039D,Anti-social behaviour,,
,2020-05,Durham Constabulary,Durham Constabulary,-1.291831,54.749726,On or near Eighth Street,E01020739,County Durham 039D,Anti-social behaviour,,
,2020-05,Durham Constabulary,Durham Constabulary,-1.293838,54.747788,On or near West Street,E01020739,County Durham 039D,Anti-social behaviour,,
,2020-05,Durham Constabulary,Durham Constabulary,-1.289953,54.748727,On or near Fifth Street,E01020739,County Durham 039D,Anti-social behaviour,,
,2020-05,Durham Constabulary,Durham Constabulary,-1.289048,54.748075,On or near Third Street,E01020739,County Durham 039D,Anti-social behaviour,,
,2020-05,Durham Constabulary,Durham Constabulary,-1.289048,54.748075,On or near Third Street,E01020739,County Durham 039D,Anti-social behaviour,,
,2020-05,Durham Constabulary,Durham Constabulary,-1.289953,54.748727,On or near Fifth Street,E01020739,County Durham 039D,Anti-social behaviour,,
,2020-05,Durham Constabulary,Durham Constabulary,-1.293838,54.747788,On or near West Street,E01020739,County Durham 039D,Anti-social behaviour,,
d5f273096232630ef4fe7702b5e2e45394b6c906c86a0d1325b87e043552f84c,2020-05,Durham Constabulary,Durham Constabulary,-1.288321,54.747908,On or near Second Street,E01020739,County Durham 039D,Burglary,Investigation complete; no suspect identified,
97432002991420ddbfa71b90d049ffb9fed38c6f20deb7f85747af353c2d70cb,2020-05,Durham Constabulary,Durham Constabulary,-1.289953,54.748727,On or near Fifth Street,E01020739,County Durham 039D,Burglary,Investigation complete; no suspect identified,
ece28649673b8c223c6861343edd0c2bc568c7f7d4fead7f0e8aa4a8ab394125,2020-05,Durham Constabulary,Durham Constabulary,-1.291831,54.749726,On or near Eighth Street,E01020739,County Durham 039D,Burglary,Investigation complete; no suspect identified,
7aacc8850dffc8666ae7807fce7f7cdda2cd765cca494f9a6a592f20c535324a,2020-05,Durham Constabulary,Durham Constabulary,-1.288321,54.747908,On or near Second Street,E01020739,County Durham 039D,Burglary,Investigation complete; no suspect identified,
06793517fc67c76d00a0abb6aa6df7c968e88e1e680ee1b401380c9c4e77b215,2020-05,Durham Constabulary,Durham Constabulary,-1.289048,54.748075,On or near Third Street,E01020739,County Durham 039D,Criminal damage and arson,Unable to prosecute suspect,
ca9441df42337ca3d40c82a4a7c9d613f861e9d0f47dc37aa1fbbe580eedc252,2020-05,Durham Constabulary,Durham Constabulary,-1.290359,54.745943,On or near Bluebell Close,E01020739,County Durham 039D,Criminal damage and arson,Offender given a caution,
99fa97654bdd902cf0f6a385610e419329a61c0eab2e0eca637773acd7f95cac,2020-05,Durham Constabulary,Durham Constabulary,-1.289048,54.748075,On or near Third Street,E01020739,County Durham 039D,Criminal damage and arson,Unable to prosecute suspect,
b1e2c8cbbc9ae1e25c2a77ce0829e1fa4b46869a2ca89c85465d35b2b7539251,2020-05,Durham Constabulary,Durham Constabulary,-1.289953,54.748727,On or near Fifth Street,E01020739,County Durham 039D,Criminal damage and arson,Investigation complete; no suspect identified,
69699ebd5456e003fdb7eae2a228a08f10f482e11be7f0cd6bc6189311b27bc8,2020-05,Durham Constabulary,Durham Constabulary,-1.289919,54.746237,On or near Daffodil Close,E01020739,County Durham 039D,Criminal damage and arson,Unable to prosecute suspect,
0a61adf3d46dac2f0e81df993aaab36383817a047ab10460241e0a0054149a9e,2020-05,Durham Constabulary,Durham Constabulary,-1.290359,54.745943,On or near Bluebell Close,E01020739,County Durham 039D,Criminal damage and arson,Local resolution,
0cdee676bfe1c45f3b830e189a2799662a84c76b8fb82f2149824e094275edef,2020-05,Durham Constabulary,Durham Constabulary,-1.291521,54.748763,On or near Middle Street,E01020739,County Durham 039D,Public order,Investigation complete; no suspect identified,
dfa8b0a43741f592940b3ec729c45e86a607dd16f020515752eb29b981981e61,2020-05,Durham Constabulary,Durham Constabulary,-1.293297,54.749411,On or near Ninth Street,E01020739,County Durham 039D,Shoplifting,Investigation complete; no suspect identified,
929cd931f750cdc7bd726c9c321816d8535a523bcb84d629c52c0591f0008f21,2020-05,Durham Constabulary,Durham Constabulary,-1.291521,54.748763,On or near Middle Street,E01020739,County Durham 039D,Shoplifting,Investigation complete; no suspect identified,
0b61c9ae0f8f2eb7f76645c18e957c9468ad89d3416e78afce2015aede582e4a,2020-05,Durham Constabulary,Durham Constabulary,-1.291521,54.748763,On or near Middle Street,E01020739,County Durham 039D,Shoplifting,Investigation complete; no suspect identified,
62c93da9950f86ba6989249e416a772954148915f9c022fd03d72280a853b501,2020-05,Durham Constabulary,Durham Constabulary,-1.289430,54.748445,On or near Fourth Street,E01020739,County Durham 039D,Shoplifting,Investigation complete; no suspect identified,
4bda8297aa327f2aa289ca36f548f05689e3b004c8d934d0e823d4c00d1d1b62,2020-05,Durham Constabulary,Durham Constabulary,-1.289953,54.748727,On or near Fifth Street,E01020739,County Durham 039D,Vehicle crime,Investigation complete; no suspect identified,
97935506ef257a1465a5098af04a80b2907e3c9ade1d98a6499e21741f4504cb,2020-05,Durham Constabulary,Durham Constabulary,-1.288321,54.747908,On or near Second Street,E01020739,County Durham 039D,Violence and sexual offences,Unable to prosecute suspect,
d66e1362590ca3fe81eff661fbd53db07dbfafd05cd5f638a70a2e420e2e27d6,2020-05,Durham Constabulary,Durham Constabulary,-1.289919,54.746237,On or near Daffodil Close,E01020739,County Durham 039D,Violence and sexual offences,Unable to prosecute suspect,
0b83301888922866178f36b5f41a043a4220b3f4f8cfe47f56d4b4843785ca6f,2020-05,Durham Constabulary,Durham Constabulary,-1.289919,54.746237,On or near Daffodil Close,E01020739,County Durham 039D,Violence and sexual offences,Unable to prosecute suspect,
e55a4077bac5996ab1474ebd2262bc09edbd2b34177039ed255287e8dc4efc70,2020-05,Durham Constabulary,Durham Constabulary,-1.289919,54.746237,On or near Daffodil Close,E01020739,County Durham 039D,Violence and sexual offences,Unable to prosecute suspect,
305025fc4464875fc0d08e7a9e4d8887a73e2049892bc395fd089a3a52489d08,2020-05,Durham Constabulary,Durham Constabulary,-1.289953,54.748727,On or near Fifth Street,E01020739,County Durham 039D,Violence and sexual offences,Local resolution,
103f7e49bc3392840d196afdfa4dd7f63cfbd86d9e5c9b01591f4ca1c40c40a4,2020-05,Durham Constabulary,Durham Constabulary,-1.289953,54.748727,On or near Fifth Street,E01020739,County Durham 039D,Violence and sexual offences,Unable to prosecute suspect,
b9c766e42968466708b041e5a7973254ab59b13ce122d6d91770f5dc2d36340e,2020-05,Durham Constabulary,Durham Constabulary,-1.289048,54.748075,On or near Third Street,E01020739,County Durham 039D,Violence and sexual offences,Investigation complete; no suspect identified,
673c614d63438d20db0a8ca3a580ff9f989ae2879a2fa3cc62b352afa405d38b,2020-05,Durham Constabulary,Durham Constabulary,-1.290359,54.745943,On or near Bluebell Close,E01020739,County Durham 039D,Violence and sexual offences,Offender given a caution,
1977e8a697d3c69c0b9ba259125301fdac414b25a85bd2689618fdce89de8d5b,2020-05,Durham Constabulary,Durham Constabulary,-1.289953,54.748727,On or near Fifth Street,E01020739,County Durham 039D,Violence and sexual offences,Investigation complete; no suspect identified,
76651b805e3afe2799dd185bada62ba408800bc493be3a07ca0014e42c3fedeb,2020-05,Durham Constabulary,Durham Constabulary,-1.289048,54.748075,On or near Third Street,E01020739,County Durham 039D,Violence and sexual offences,Investigation complete; no suspect identified,
699b0a40204ab04b41a10063cd4d78bb2c74d0fa48ccf997ae41cce5a5bf6273,2020-05,Durham Constabulary,Durham Constabulary,-1.293725,54.749782,On or near Tenth Street,E01020739,County Durham 039D,Violence and sexual offences,Unable to prosecute suspect,
25316754cf9bdca069b6d6125b7d5722e6f03503ae7aeea94c41b68c1910bd3d,2020-05,Durham Constabulary,Durham Constabulary,-1.289048,54.748075,On or near Third Street,E01020739,County Durham 039D,Violence and sexual offences,Investigation complete; no suspect identified,
d9db5cb5ca2467982917783cc3c100c12d09d9ffa09a564fb371e86dd135f0f9,2020-05,Durham Constabulary,Durham Constabulary,-1.289919,54.746237,On or near Daffodil Close,E01020739,County Durham 039D,Violence and sexual offences,Unable to prosecute suspect,
78de75aa26007b13c98bb301a00275aaf653cd34e943f56a99794ad1c21034ae,2020-05,Durham Constabulary,Durham Constabulary,-1.289430,54.748445,On or near Fourth Street,E01020739,County Durham 039D,Violence and sexual offences,Unable to prosecute suspect,
fe610f60455042b403ffdc3cc594eb9a656fb6a8de3d52d5ca08afe1bd32c3c4,2020-05,Durham Constabulary,Durham Constabulary,-1.289430,54.748445,On or near Fourth Street,E01020739,County Durham 039D,Violence and sexual offences,Unable to prosecute suspect,
,2020-05,Durham Constabulary,Durham Constabulary,-1.318398,54.756178,On or near Eastfield,E01020744,County Durham 039E,Anti-social behaviour,,
,2020-05,Durham Constabulary,Durham Constabulary,-1.318398,54.756178,On or near Eastfield,E01020744,County Durham 039E,Anti-social behaviour,,
462e0b25d134d60962421fff7dd5921b119be7f8b2d9c9e3e12d6e6b34626e13,2020-05,Durham Constabulary,Durham Constabulary,-1.322033,54.755327,On or near Eastdene Way,E01020744,County Durham 039E,Criminal damage and arson,Investigation complete; no suspect identified,
,2020-05,Durham Constabulary,Durham Constabulary,-1.418296,54.746346,On or near Meadow View,E01020788,County Durham 040A,Anti-social behaviour,,
,2020-05,Durham Constabulary,Durham Constabulary,-1.410825,54.747325,On or near Church Street,E01020788,County Durham 040A,Anti-social behaviour,,
,2020-05,Durham Constabulary,Durham Constabulary,-1.417734,54.745444,On or near Thornley Road,E01020788,County Durham 040A,Anti-social behaviour,,
fb508925985e9bdac639a65a718ed69a4a66cc44b7a4f35fda6e40df6ed1e4e6,2020-05,Durham Constabulary,Durham Constabulary,-1.410825,54.747325,On or near Church Street,E01020788,County Durham 040A,Criminal damage and arson,Investigation complete; no suspect identified,
3324d5f9b614d1a68f84c55c5bbb8851d0f3c297ad14dfe54fc96f6b27bae3bb,2020-05,Durham Constabulary,Durham Constabulary,-1.410825,54.747325,On or near Church Street,E01020788,County Durham 040A,Criminal damage and arson,Unable to prosecute suspect,
1e81dd2b58e453a0eded541a28573a61d0f7b3a9faddfd7a01d176b86a259f55,2020-05,Durham Constabulary,Durham Constabulary,-1.407659,54.747076,On or near Patton Walk,E01020788,County Durham 040A,Criminal damage and arson,Investigation complete; no suspect identified,
a4f8c4b04d8fbab453b4391734caf429e54edacf5644052ec821139479ae6c20,2020-05,Durham Constabulary,Durham Constabulary,-1.407281,54.747452,On or near Dodds Close,E01020788,County Durham 040A,Drugs,Court result unavailable,
dc2c7cf12cd872cb2921fe73bfb2cb5fb4e6140c2d2fad03c9092acc676c249a,2020-05,Durham Constabulary,Durham Constabulary,-1.389289,54.750714,On or near Salter'S Lane,E01020788,County Durham 040A,Drugs,Formal action is not in the public interest,
567e39e0c8ca34016f16c54aac521821696a9e56caf7782186d7383f4a88cf82,2020-05,Durham Constabulary,Durham Constabulary,-1.407281,54.747452,On or near Dodds Close,E01020788,County Durham 040A,Drugs,Offender given a drugs possession warning,
101ea228b7fc1efea57337e99d94a5da1cd3a30832005fd3375a0827fb6a10d8,2020-05,Durham Constabulary,Durham Constabulary,-1.415253,54.746232,On or near Dennis Street,E01020788,County Durham 040A,Other theft,Investigation complete; no suspect identified,
ae5789514a78a461aabc312631da1edeb2b76ecf05cc5a0d5d2e199eb6302230,2020-05,Durham Constabulary,Durham Constabulary,-1.407659,54.747076,On or near Patton Walk,E01020788,County Durham 040A,Other theft,Investigation complete; no suspect identified,
368cc6852fc0d670af25800835f97ab8fbfb0869680dd3e08821b2a057bb6a81,2020-05,Durham Constabulary,Durham Constabulary,-1.417841,54.742326,On or near Shakespeare Street,E01020788,County Durham 040A,Other theft,Investigation complete; no suspect identified,
2450a89088af4bebe2d65050c0d377138cef4e882162f62900524c919bfa5cf0,2020-05,Durham Constabulary,Durham Constabulary,-1.416492,54.741044,On or near Cemetery Road,E01020788,County Durham 040A,Possession of weapons,Unable to prosecute suspect,
6018782a5b7e6b0e849ab506c7046300f8ccf1e6d3880a4982e60cc8a6f8b738,2020-05,Durham Constabulary,Durham Constabulary,-1.416492,54.741044,On or near Cemetery Road,E01020788,County Durham 040A,Public order,Unable to prosecute suspect,
b2432dcf7147035e99347235fe8e3d042c9a965d92b50fc5b106a82bb9c944ed,2020-05,Durham Constabulary,Durham Constabulary,-1.417734,54.745444,On or near Thornley Road,E01020788,County Durham 040A,Public order,Investigation complete; no suspect identified,
bf8812999a3fb8d2b8245be2fc993eeea6fde1f22b54ad2b88b47adfbd3cd3f7,2020-05,Durham Constabulary,Durham Constabulary,-1.417734,54.745444,On or near Thornley Road,E01020788,County Durham 040A,Public order,Investigation complete; no suspect identified,
ffb6c9c81e740b7c2190e1c7e7a4a06384208338041182545de262b286b90ae5,2020-05,Durham Constabulary,Durham Constabulary,-1.418927,54.745684,On or near First Street,E01020788,County Durham 040A,Public order,Investigation complete; no suspect identified,
f457159abefde56c9add9d0db045321d9a25e8c2fe89d4f518a18b6ca316ea16,2020-05,Durham Constabulary,Durham Constabulary,-1.389289,54.750714,On or near Salter'S Lane,E01020788,County Durham 040A,Violence and sexual offences,Investigation complete; no suspect identified,
67a43d10bdf3d1094d1d3a2d18713d9d4f96581521bc56b24ad9b4dd607201e8,2020-05,Durham Constabulary,Durham Constabulary,-1.407281,54.747452,On or near Dodds Close,E01020788,County Durham 040A,Violence and sexual offences,Investigation complete; no suspect identified,
a050db1c512a488eae0fd141765ad3b8778f4245f381841b8d0651ccfeac88ce,2020-05,Durham Constabulary,Durham Constabulary,-1.417841,54.742326,On or near Shakespeare Street,E01020788,County Durham 040A,Violence and sexual offences,Action to be taken by another organisation,
2a958736e44072d074393d3b32e8caea5139778ac74bb410e7a5f0bc7a4e1eec,2020-05,Durham Constabulary,Durham Constabulary,-1.407281,54.747452,On or near Dodds Close,E01020788,County Durham 040A,Violence and sexual offences,Unable to prosecute suspect,
61ebc423927016e5381953b7156aaa50552459b7837a85bd8b0c323d43d57fb4,2020-05,Durham Constabulary,Durham Constabulary,-1.417734,54.745444,On or near Thornley Road,E01020788,County Durham 040A,Violence and sexual offences,Investigation complete; no suspect identified,
d3ea05e509855c11f2a8fa716a97491dcbbc6b376e6a4974a8e9efe9a768a3a9,2020-05,Durham Constabulary,Durham Constabulary,-1.416492,54.741044,On or near Cemetery Road,E01020788,County Durham 040A,Violence and sexual offences,Unable to prosecute suspect,
5e7b50b5fd4c06bb002e853cfd5973e488076b9e5fed6af313f93b89b34e04c1,2020-05,Durham Constabulary,Durham Constabulary,-1.417734,54.745444,On or near Thornley Road,E01020788,County Durham 040A,Violence and sexual offences,Investigation complete; no suspect identified,
70130829abb4101892fc45c735e002783af18b133235ccab2b9d88b3bcdada69,2020-05,Durham Constabulary,Durham Constabulary,-1.410825,54.747325,On or near Church Street,E01020788,County Durham 040A,Violence and sexual offences,Unable to prosecute suspect,
fcc3788519c1d8d8cf15bfc96b7d031419ef36f5676023b59af732149e15c0d3,2020-05,Durham Constabulary,Durham Constabulary,-1.407281,54.747452,On or near Dodds Close,E01020788,County Durham 040A,Violence and sexual offences,Unable to prosecute suspect,
793d70ee78abb92cb1a19b8462ff6aa5d98059edb1b21b5c0b7ae1c66458f5ba,2020-05,Durham Constabulary,Durham Constabulary,-1.414154,54.745912,On or near Stephen'S Terrace,E01020788,County Durham 040A,Other crime,Unable to prosecute suspect,
,2020-05,Durham Constabulary,Durham Constabulary,-1.427933,54.750337,On or near South Parade,E01020789,County Durham 040B,Anti-social behaviour,,
,2020-05,Durham Constabulary,Durham Constabulary,-1.446804,54.748483,On or near Dunelm Road,E01020789,County Durham 040B,Anti-social behaviour,,
,2020-05,Durham Constabulary,Durham Constabulary,-1.427410,54.751080,On or near Galt Street,E01020789,County Durham 040B,Anti-social behaviour,,
,2020-05,Durham Constabulary,Durham Constabulary,-1.429720,54.750327,On or near Albert Street,E01020789,County Durham 040B,Anti-social behaviour,,
e337b363c328a0b35261a64262dca4bcf4e7eb40d59b84da899d8f816d981d8d,2020-05,Durham Constabulary,Durham Constabulary,-1.426585,54.751184,On or near Asquith Street,E01020789,County Durham 040B,Criminal damage and arson,Investigation complete; no suspect identified,
835d03917a3a6c5cea1d26a6b2da9386d00326a7c3ed0dd3e5f9a41db0e90999,2020-05,Durham Constabulary,Durham Constabulary,-1.434628,54.737059,On or near B1278,E01020789,County Durham 040B,Drugs,Offender given a drugs possession warning,
a24bbfd35a0afdb3bed95620ff954d80c084895f430358fb9ae33edd35a90b87,2020-05,Durham Constabulary,Durham Constabulary,-1.437753,54.749142,On or near Ashwood Grange,E01020789,County Durham 040B,Other theft,Unable to prosecute suspect,
bc5a0238412913baddcfd4be03e0f1be2d9b61387f4587e1f9ff2de7733aad8d,2020-05,Durham Constabulary,Durham Constabulary,-1.426585,54.751184,On or near Asquith Street,E01020789,County Durham 040B,Public order,Further investigation is not in the public interest,
516c4ee3609f7ab8aba83a902adf5ef7cb4b7c1aa69e102fcfa490563345576e,2020-05,Durham Constabulary,Durham Constabulary,-1.426585,54.751184,On or near Asquith Street,E01020789,County Durham 040B,Violence and sexual offences,Investigation complete; no suspect identified,
1bd1a2ccd3483bca5525c1295eeaef464b8e52394e314808c10a8c8bd39fe025,2020-05,Durham Constabulary,Durham Constabulary,-1.428157,54.750976,On or near Bow Street,E01020789,County Durham 040B,Violence and sexual offences,Unable to prosecute suspect,
fdd4111c9a69ebaecd1f14359ff6249f2901bfc54f49ad83fdd4e52c689fb0b4,2020-05,Durham Constabulary,Durham Constabulary,-1.429720,54.750327,On or near Albert Street,E01020789,County Durham 040B,Violence and sexual offences,Unable to prosecute suspect,
b3470cdc3c533e2d37efbbc3db758581d5e4d914443876eb233fbc064a43c015,2020-05,Durham Constabulary,Durham Constabulary,-1.426585,54.751184,On or near Asquith Street,E01020789,County Durham 040B,Violence and sexual offences,Investigation complete; no suspect identified,
135106101a69f8296ca676ca709c42b5d911e17ceb540e2c9767057a04fa4bdf,2020-05,Durham Constabulary,Durham Constabulary,-1.428157,54.750976,On or near Bow Street,E01020789,County Durham 040B,Violence and sexual offences,Unable to prosecute suspect,
6173d46924f33f1b704aca99861c4323f91966ce7f226aee447f75989ac1c7a5,2020-05,Durham Constabulary,Durham Constabulary,-1.437753,54.749142,On or near Ashwood Grange,E01020789,County Durham 040B,Violence and sexual offences,Unable to prosecute suspect,
,2020-05,Durham Constabulary,Durham Constabulary,-1.405348,54.746822,On or near B1279,E01020790,County Durham 040C,Anti-social behaviour,,
,2020-05,Durham Constabulary,Durham Constabulary,-1.418099,54.743783,On or near Wordsworth Avenue,E01020790,County Durham 040C,Anti-social behaviour,,
,2020-05,Durham Constabulary,Durham Constabulary,-1.422762,54.738162,On or near Bevan Crescent,E01020790,County Durham 040C,Anti-social behaviour,,
4ad831b2f56a0e378c5bd7385324537f315d4f36c7cc13b64ae1bea2a3a3a06d,2020-05,Durham Constabulary,Durham Constabulary,-1.424190,54.741476,On or near Quetlaw Road,E01020790,County Durham 040C,Burglary,Unable to prosecute suspect,
b8d4741f5e4ddb612df31bef3807619d62da14c76f8c7accd81837535183d833,2020-05,Durham Constabulary,Durham Constabulary,-1.418099,54.743783,On or near Wordsworth Avenue,E01020790,County Durham 040C,Criminal damage and arson,Unable to prosecute suspect,
2769f955e4096ece0fb888147c60f74c0340c50a7a71c17dce527051e120d6af,2020-05,Durham Constabulary,Durham Constabulary,-1.422762,54.738162,On or near Bevan Crescent,E01020790,County Durham 040C,Drugs,Court result unavailable,
35728d0061e307ba01cbf6d713f0c8347fa09f9d6994109a285cb72ac2dcbc2b,2020-05,Durham Constabulary,Durham Constabulary,-1.414791,54.738358,On or near Petrol Station,E01020790,County Durham 040C,Other theft,Investigation complete; no suspect identified,
e52b3728723fb2452ae8cb0ca26c3edc21b0a3e7f7aa069b76865be99fe61807,2020-05,Durham Constabulary,Durham Constabulary,-1.422762,54.738162,On or near Bevan Crescent,E01020790,County Durham 040C,Other theft,Unable to prosecute suspect,
cce444b380b4d1f6f0045d314e906362797578fa52a03cd1106ce6a5df785c9b,2020-05,Durham Constabulary,Durham Constabulary,-1.414791,54.738358,On or near Petrol Station,E01020790,County Durham 040C,Other theft,Status update unavailable,
788717b2b35d1d64238439ddc04000ab10d49a3452e64fa839b1eed1fcbee312,2020-05,Durham Constabulary,Durham Constabulary,-1.418099,54.743783,On or near Wordsworth Avenue,E01020790,County Durham 040C,Public order,Unable to prosecute suspect,
a94139deb30c16da5dfb05c4edbd1de29aeb185e2818219faa0faa72ad054196,2020-05,Durham Constabulary,Durham Constabulary,-1.419276,54.738640,On or near Wingate Lane,E01020790,County Durham 040C,Public order,Status update unavailable,
0b33a79c50f9dcec02fa74f3ac9f7b8af5487c549b3b9e83abdc596371785427,2020-05,Durham Constabulary,Durham Constabulary,-1.420057,54.744817,On or near Supermarket,E01020790,County Durham 040C,Shoplifting,Investigation complete; no suspect identified,
110f0881405e92e777fda0c07ed4b6ebe9a8f3edad88effe98db19b33156c2e9,2020-05,Durham Constabulary,Durham Constabulary,-1.420057,54.744817,On or near Supermarket,E01020790,County Durham 040C,Shoplifting,Court result unavailable,
5b2f62772d6ffd13604b31042d666a42d7822db6959615344720571a7b9fa4bd,2020-05,Durham Constabulary,Durham Constabulary,-1.419276,54.738640,On or near Wingate Lane,E01020790,County Durham 040C,Violence and sexual offences,Status update unavailable,
fe58bd73e665b36b802b52b4e0b12ed38718a2c1d2683a5230a922528e9cf298,2020-05,Durham Constabulary,Durham Constabulary,-1.419276,54.738640,On or near Wingate Lane,E01020790,County Durham 040C,Violence and sexual offences,Unable to prosecute suspect,
0d44f376dc9df0297771cba1d4cfedda0728580526f6853ba28d3acdb94b592c,2020-05,Durham Constabulary,Durham Constabulary,-1.419276,54.738640,On or near Wingate Lane,E01020790,County Durham 040C,Violence and sexual offences,Unable to prosecute suspect,
1212f487526c68ca78fb051ed149b6027c337472f9e05fbd0fbd95e859f4489a,2020-05,Durham Constabulary,Durham Constabulary,-1.424190,54.741476,On or near Quetlaw Road,E01020790,County Durham 040C,Violence and sexual offences,Investigation complete; no suspect identified,
05dc130c12d223ad764e9f4f9cb58736aac2dba2b53f594f070fdceeefb5760c,2020-05,Durham Constabulary,Durham Constabulary,-1.422762,54.738162,On or near Bevan Crescent,E01020790,County Durham 040C,Violence and sexual offences,Unable to prosecute suspect,
c842d17b9db106edac635c24976a8d583c2ebcbf78a584b1c297ef9431a070d8,2020-05,Durham Constabulary,Durham Constabulary,-1.422762,54.738162,On or near Bevan Crescent,E01020790,County Durham 040C,Violence and sexual offences,Unable to prosecute suspect,
8186e6e2a09da5c538cd5cd3ab74e500d434d05b3a9b10dbb1ff50a03c1c13a0,2020-05,Durham Constabulary,Durham Constabulary,-1.419276,54.738640,On or near Wingate Lane,E01020790,County Durham 040C,Violence and sexual offences,Unable to prosecute suspect,
53be34ef07f018efcb711125d67a6306295be7c9972857b770d87f248c511488,2020-05,Durham Constabulary,Durham Constabulary,-1.418099,54.743783,On or near Wordsworth Avenue,E01020790,County Durham 040C,Violence and sexual offences,Local resolution,
ea1461a9473a503c1338c07a2b16a5c41c20c78a680b81fe1cc05625532c05ca,2020-05,Durham Constabulary,Durham Constabulary,-1.424190,54.741476,On or near Quetlaw Road,E01020790,County Durham 040C,Violence and sexual offences,Unable to prosecute suspect,
6ac632ec913ab7c30aa87ccf53eaf26f1efa79bc4402207edf32b35cc7fb9b3f,2020-05,Durham Constabulary,Durham Constabulary,-1.418099,54.743783,On or near Wordsworth Avenue,E01020790,County Durham 040C,Violence and sexual offences,Unable to prosecute suspect,
a8b8a1a3ea1172a1c9644828eaf21d3b537629bd723b7e1db33f1c74b13d4d2e,2020-05,Durham Constabulary,Durham Constabulary,-1.422762,54.738162,On or near Bevan Crescent,E01020790,County Durham 040C,Violence and sexual offences,Unable to prosecute suspect,
d308857c4875a1b646e0da71b8ecb2a3b8d462d3c4eff122c004c8f9235df7f6,2020-05,Durham Constabulary,Durham Constabulary,-1.424190,54.741476,On or near Quetlaw Road,E01020790,County Durham 040C,Violence and sexual offences,Unable to prosecute suspect,
f69ff215bfcb06105a37bd97f2d37b524772b8808a4a2d93636ea74e248cb5c7,2020-05,Durham Constabulary,Durham Constabulary,-1.424190,54.741476,On or near Quetlaw Road,E01020790,County Durham 040C,Violence and sexual offences,Unable to prosecute suspect,
3ed2d2868783af6a687cb3df2d5c874afb152cf606c698687583047d47c69cd1,2020-05,Durham Constabulary,Durham Constabulary,-1.420057,54.744817,On or near Supermarket,E01020790,County Durham 040C,Violence and sexual offences,Court result unavailable,
,2020-05,Durham Constabulary,Durham Constabulary,-1.442470,54.750701,On or near Cottingham Drive,E01020791,County Durham 040D,Anti-social behaviour,,
,2020-05,Durham Constabulary,Durham Constabulary,-1.442470,54.750701,On or near Cottingham Drive,E01020791,County Durham 040D,Anti-social behaviour,,
,2020-05,Durham Constabulary,Durham Constabulary,-1.441109,54.750254,On or near Cedar Court,E01020791,County Durham 040D,Anti-social behaviour,,
5b001ed9a8e6863490c05a5e2b2cb34ea2892d921c20b40f3714e17e75ecc6a8,2020-05,Durham Constabulary,Durham Constabulary,-1.435973,54.753133,On or near Sports/Recreation Area,E01020791,County Durham 040D,Criminal damage and arson,Unable to prosecute suspect,
09c5a2945ab00711245b2a1306f2204a05eb449f0daec6722e3ca1d55c61905f,2020-05,Durham Constabulary,Durham Constabulary,-1.441109,54.750254,On or near Cedar Court,E01020791,County Durham 040D,Other theft,Investigation complete; no suspect identified,
910332bff53a31594c579eae42529c61495708a2fc7afc18eed5ad09420b6e22,2020-05,Durham Constabulary,Durham Constabulary,-1.435973,54.753133,On or near Sports/Recreation Area,E01020791,County Durham 040D,Violence and sexual offences,Unable to prosecute suspect,
392ead3bd1fe607558d1b220a1d9e6f9c09a1ae316d1e8da2c9ba6665d24fb52,2020-05,Durham Constabulary,Durham Constabulary,-1.435973,54.753133,On or near Sports/Recreation Area,E01020791,County Durham 040D,Violence and sexual offences,Unable to prosecute suspect,
fdee1e5bab93a283f6cf6a7d8d8271159a8bf41f88f503ce415b8a1f3988dca8,2020-05,Durham Constabulary,Durham Constabulary,-1.441109,54.750254,On or near Cedar Court,E01020791,County Durham 040D,Violence and sexual offences,Unable to prosecute suspect,
b249ba7a8cea5e9ea54fb8f96a17488bfe0f256cdeab060edbb755a32d1dd06e,2020-05,Durham Constabulary,Durham Constabulary,-1.441109,54.750254,On or near Cedar Court,E01020791,County Durham 040D,Violence and sexual offences,Unable to prosecute suspect,
c1049aa6b7eadc41e6cb94191174198611a6acaac02ce7212c13a7430dc0f49a,2020-05,Durham Constabulary,Durham Constabulary,-1.435973,54.753133,On or near Sports/Recreation Area,E01020791,County Durham 040D,Violence and sexual offences,Unable to prosecute suspect,
eecae61125827005f209782d001c2d86477c92d50f75c7e7295b28e88aba49cc,2020-05,Durham Constabulary,Durham Constabulary,-1.434341,54.752065,On or near Passfield Square,E01020791,County Durham 040D,Violence and sexual offences,Unable to prosecute suspect,
ee31c9ad5c6462341803368aa65b6811b4c64fb4d4f102561ff58439b1de25f7,2020-05,Durham Constabulary,Durham Constabulary,-1.435973,54.753133,On or near Sports/Recreation Area,E01020791,County Durham 040D,Violence and sexual offences,Unable to prosecute suspect,
8b72101fac2d4fad9f41ddd7e8b136af482312537649263c42b827ef54f198ab,2020-05,Durham Constabulary,Durham Constabulary,-1.441109,54.750254,On or near Cedar Court,E01020791,County Durham 040D,Violence and sexual offences,Unable to prosecute suspect,
,2020-05,Durham Constabulary,Durham Constabulary,-1.412556,54.723267,On or near Fairlawns Close,E01020792,County Durham 040E,Anti-social behaviour,,
,2020-05,Durham Constabulary,Durham Constabulary,-1.407492,54.720187,On or near Foundry Mews,E01020792,County Durham 040E,Anti-social behaviour,,
,2020-05,Durham Constabulary,Durham Constabulary,-1.400451,54.719721,On or near Laburnum Square,E01020792,County Durham 040E,Anti-social behaviour,,
,2020-05,Durham Constabulary,Durham Constabulary,-1.400451,54.719721,On or near Laburnum Square,E01020792,County Durham 040E,Anti-social behaviour,,
,2020-05,Durham Constabulary,Durham Constabulary,-1.408431,54.720749,On or near Rydale Court,E01020792,County Durham 040E,Anti-social behaviour,,
,2020-05,Durham Constabulary,Durham Constabulary,-1.400451,54.719721,On or near Laburnum Square,E01020792,County Durham 040E,Anti-social behaviour,,
,2020-05,Durham Constabulary,Durham Constabulary,-1.400451,54.719721,On or near Laburnum Square,E01020792,County Durham 040E,Anti-social behaviour,,
,2020-05,Durham Constabulary,Durham Constabulary,-1.400451,54.719721,On or near Laburnum Square,E01020792,County Durham 040E,Anti-social behaviour,,
,2020-05,Durham Constabulary,Durham Constabulary,-1.404838,54.720183,On or near Wingate Road,E01020792,County Durham 040E,Anti-social behaviour,,
,2020-05,Durham Constabulary,Durham Constabulary,-1.412285,54.718332,On or near Rodwell Street,E01020792,County Durham 040E,Anti-social behaviour,,
98d033150771aa8747b28dd9912052859d49448b920d9a14882838ad0130699a,2020-05,Durham Constabulary,Durham Constabulary,-1.411652,54.719174,On or near Commercial Street,E01020792,County Durham 040E,Criminal damage and arson,Investigation complete; no suspect identified,
a9d827837ad7406d57b00c5c8854069f76aab1cc17ef84de2faec30ad5a674df,2020-05,Durham Constabulary,Durham Constabulary,-1.412556,54.723267,On or near Fairlawns Close,E01020792,County Durham 040E,Criminal damage and arson,Unable to prosecute suspect,
8ebfb12f0e3537e64404d0edd0e99d1b7aff60171346cb449a07c1318fbd4d99,2020-05,Durham Constabulary,Durham Constabulary,-1.404838,54.720183,On or near Wingate Road,E01020792,County Durham 040E,Public order,Unable to prosecute suspect,
f0a84b38a99b1d4bd7ae57bd9bde8162b37dd47b0101e8065a26189e7c5fa26a,2020-05,Durham Constabulary,Durham Constabulary,-1.400451,54.719721,On or near Laburnum Square,E01020792,County Durham 040E,Vehicle crime,Investigation complete; no suspect identified,
06dc5ba7d8b36b28ec27a70e4831c6f93829b803236af8908453054af8a6c7f6,2020-05,Durham Constabulary,Durham Constabulary,-1.412556,54.723267,On or near Fairlawns Close,E01020792,County Durham 040E,Violence and sexual offences,Unable to prosecute suspect,
6ce397074de7265a6dd35eeab24469c693932ac32504d08949e9dd29c2243e9e,2020-05,Durham Constabulary,Durham Constabulary,-1.412556,54.723267,On or near Fairlawns Close,E01020792,County Durham 040E,Violence and sexual offences,Unable to prosecute suspect,
7111cfadd3ae20f435dd10771605c62487ec3ac49f35aaf9495c5fc5762f1a5b,2020-05,Durham Constabulary,Durham Constabulary,-1.412556,54.723267,On or near Fairlawns Close,E01020792,County Durham 040E,Violence and sexual offences,Unable to prosecute suspect,
e6727243e08e70bd113f94f01e010766c0787aaeea7b4bda04c1564e3bd6a1dd,2020-05,Durham Constabulary,Durham Constabulary,-1.412556,54.723267,On or near Fairlawns Close,E01020792,County Durham 040E,Violence and sexual offences,Unable to prosecute suspect,
d6c9e2c879ff2e9391619d4875932fe41d8a8c07d0b329580b38e64e90dc49ca,2020-05,Durham Constabulary,Durham Constabulary,-1.412556,54.723267,On or near Fairlawns Close,E01020792,County Durham 040E,Violence and sexual offences,Investigation complete; no suspect identified,
383fc877b0503ea5ac7ac964e40a712eb66bbc954e706febf21680659c2c14bd,2020-05,Durham Constabulary,Durham Constabulary,-1.412556,54.723267,On or near Fairlawns Close,E01020792,County Durham 040E,Violence and sexual offences,Investigation complete; no suspect identified,
,2020-05,Durham Constabulary,Durham Constabulary,-1.530042,54.743163,On or near Dallymore Drive,E01020694,County Durham 041A,Anti-social behaviour,,
,2020-05,Durham Constabulary,Durham Constabulary,-1.530042,54.743163,On or near Dallymore Drive,E01020694,County Durham 041A,Anti-social behaviour,,
,2020-05,Durham Constabulary,Durham Constabulary,-1.526260,54.742484,On or near George Street,E01020694,County Durham 041A,Anti-social behaviour,,
,2020-05,Durham Constabulary,Durham Constabulary,-1.523778,54.739544,On or near Supermarket,E01020694,County Durham 041A,Anti-social behaviour,,
,2020-05,Durham Constabulary,Durham Constabulary,-1.525153,54.738795,On or near William Street,E01020694,County Durham 041A,Anti-social behaviour,,
,2020-05,Durham Constabulary,Durham Constabulary,-1.525281,54.741195,On or near Prince Charles Avenue,E01020694,County Durham 041A,Anti-social behaviour,,
,2020-05,Durham Constabulary,Durham Constabulary,-1.525281,54.741195,On or near Prince Charles Avenue,E01020694,County Durham 041A,Anti-social behaviour,,
,2020-05,Durham Constabulary,Durham Constabulary,-1.526889,54.739125,On or near Bede Terrace,E01020694,County Durham 041A,Anti-social behaviour,,
,2020-05,Durham Constabulary,Durham Constabulary,-1.523778,54.739544,On or near Supermarket,E01020694,County Durham 041A,Anti-social behaviour,,
,2020-05,Durham Constabulary,Durham Constabulary,-1.523778,54.739544,On or near Supermarket,E01020694,County Durham 041A,Anti-social behaviour,,
,2020-05,Durham Constabulary,Durham Constabulary,-1.526889,54.739125,On or near Bede Terrace,E01020694,County Durham 041A,Anti-social behaviour,,
67a2dc4f1c362ad8eea014eb3fce4002511f5924d8b0a2a6ca8eb6aee996aaa1,2020-05,Durham Constabulary,Durham Constabulary,-1.525281,54.741195,On or near Prince Charles Avenue,E01020694,County Durham 041A,Criminal damage and arson,Investigation complete; no suspect identified,
d1fc0e3c86e81bb3a101b3074958f8d559ccc42475ba54bf62b6714fa5896de0,2020-05,Durham Constabulary,Durham Constabulary,-1.522328,54.737355,On or near Monteigne Drive,E01020694,County Durham 041A,Criminal damage and arson,Court result unavailable,
a845d113c36c356503743908b2e7b65efd1e673b16b5b792f061c7e875f523ba,2020-05,Durham Constabulary,Durham Constabulary,-1.530042,54.743163,On or near Dallymore Drive,E01020694,County Durham 041A,Criminal damage and arson,Unable to prosecute suspect,
a2d4b4a913f3a53657f171629910e106b21ef4bfc2d941030d24abb2e3277e18,2020-05,Durham Constabulary,Durham Constabulary,-1.522328,54.737355,On or near Monteigne Drive,E01020694,County Durham 041A,Criminal damage and arson,Court result unavailable,
d80fb291a23ada229a949817061cc2207e46318aaa5cf4f538111f9604d2c80a,2020-05,Durham Constabulary,Durham Constabulary,-1.526889,54.739125,On or near Bede Terrace,E01020694,County Durham 041A,Public order,Unable to prosecute suspect,
b7c1e95725077a852a7b7f926d8028608ab4b8d943c856918fed87b02aca1a53,2020-05,Durham Constabulary,Durham Constabulary,-1.525706,54.742041,On or near Victoria Square,E01020694,County Durham 041A,Public order,Unable to prosecute suspect,
9d0f5b28985513b59074cb8bd54d1590ea1f6c27b15403f5c9a6f44f1cc0e196,2020-05,Durham Constabulary,Durham Constabulary,-1.530042,54.743163,On or near Dallymore Drive,E01020694,County Durham 041A,Public order,Local resolution,
3131412d0921f40e5860e129e22c5cfb9cec14a8e6258c4ccc795fb647cc13fa,2020-05,Durham Constabulary,Durham Constabulary,-1.525706,54.742041,On or near Victoria Square,E01020694,County Durham 041A,Public order,Court result unavailable,
7a81a26aef49053a94705de0f3dd14249fa92364a695955a28ff4dc8ea96d682,2020-05,Durham Constabulary,Durham Constabulary,-1.527599,54.743486,On or near Marlene Avenue,E01020694,County Durham 041A,Vehicle crime,Investigation complete; no suspect identified,
bd267212cc19e35ae231dcb7009a857634e1592fdb3db6ddd85b8c18dafd4091,2020-05,Durham Constabulary,Durham Constabulary,-1.526889,54.739125,On or near Bede Terrace,E01020694,County Durham 041A,Violence and sexual offences,Court result unavailable,
a31e0be50f82ed8ce4641da42019236161c35323c4e39b40077890757c72667d,2020-05,Durham Constabulary,Durham Constabulary,-1.521098,54.738950,On or near Lawson Road,E01020694,County Durham 041A,Violence and sexual offences,Unable to prosecute suspect,
a6ccbcab39deffe324d3357ef8a18186eecd3c3a586b0197f9db9d6b6ccf6eaf,2020-05,Durham Constabulary,Durham Constabulary,-1.529139,54.741965,On or near A177,E01020694,County Durham 041A,Violence and sexual offences,Further action is not in the public interest,
4e2a0080a93a61889d00b6af9801ce92e272dd8589a576a79c254f36188a5a22,2020-05,Durham Constabulary,Durham Constabulary,-1.526889,54.739125,On or near Bede Terrace,E01020694,County Durham 041A,Violence and sexual offences,Unable to prosecute suspect,
d5c9cfe8a7940acd19dee8624d305ec562223628eabdedede19985a7ebe20b4c,2020-05,Durham Constabulary,Durham Constabulary,-1.525982,54.740973,On or near Robson Crescent,E01020694,County Durham 041A,Violence and sexual offences,Unable to prosecute suspect,
5509da40099ca1478cfaf3da913d932a6164cc3b7e6e1820ba288d1e7412911f,2020-05,Durham Constabulary,Durham Constabulary,-1.522328,54.737355,On or near Monteigne Drive,E01020694,County Durham 041A,Violence and sexual offences,Court result unavailable,
68fbcc5b8391112e673fdf4799480d3ad0795c81793c7a7da405136bbce16a0a,2020-05,Durham Constabulary,Durham Constabulary,-1.522328,54.737355,On or near Monteigne Drive,E01020694,County Durham 041A,Violence and sexual offences,Court result unavailable,
20165244fc1a9a9df2a2aa210cf3e85ed3f04de0ced6d9a1c29f17972191153b,2020-05,Durham Constabulary,Durham Constabulary,-1.525706,54.742041,On or near Victoria Square,E01020694,County Durham 041A,Violence and sexual offences,Court result unavailable,
787eda9e6403c513a0ef2cf0ce9b14890d3cc1ed9dfdb62603fd509fd9f9a731,2020-05,Durham Constabulary,Durham Constabulary,-1.529139,54.741965,On or near A177,E01020694,County Durham 041A,Violence and sexual offences,Unable to prosecute suspect,
91660ef53f0c34e6795fdbb165c65942aee5a062dc5ce6193d9c533efd390607,2020-05,Durham Constabulary,Durham Constabulary,-1.530042,54.743163,On or near Dallymore Drive,E01020694,County Durham 041A,Violence and sexual offences,Local resolution,
7eccf5c58bf56cf66aaf1238e93e7d2207d53c249b30dfdf57b6fdfab2fa3db3,2020-05,Durham Constabulary,Durham Constabulary,-1.524497,54.737777,On or near Surtees Avenue,E01020694,County Durham 041A,Violence and sexual offences,Investigation complete; no suspect identified,
d305a074c65b977d490fe1b39062e0260bf4d54b42c23793421e2e0dae0c95a6,2020-05,Durham Constabulary,Durham Constabulary,-1.521098,54.738950,On or near Lawson Road,E01020694,County Durham 041A,Violence and sexual offences,Unable to prosecute suspect,
ea4b4131151baa42de452e334971afb2ebf8897188fe48f3346ed84992c0f708,2020-05,Durham Constabulary,Durham Constabulary,-1.529139,54.741965,On or near A177,E01020694,County Durham 041A,Violence and sexual offences,Further action is not in the public interest,
a2809e7443f679f55215f6596372f63bf7521f9c2253627ced9d465af512ce9d,2020-05,Durham Constabulary,Durham Constabulary,-1.525706,54.742041,On or near Victoria Square,E01020694,County Durham 041A,Violence and sexual offences,Court result unavailable,
15c9280357e76b90301b8b0ae034fc450c50ba86b7b5e50dea9d34923a73f672,2020-05,Durham Constabulary,Durham Constabulary,-1.525982,54.740973,On or near Robson Crescent,E01020694,County Durham 041A,Other crime,Unable to prosecute suspect,
,2020-05,Durham Constabulary,Durham Constabulary,-1.587823,54.725059,On or near Front Street,E01020696,County Durham 041B,Anti-social behaviour,,
,2020-05,Durham Constabulary,Durham Constabulary,-1.585785,54.730039,On or near Cross Street,E01020696,County Durham 041B,Anti-social behaviour,,
,2020-05,Durham Constabulary,Durham Constabulary,-1.585052,54.727341,On or near Queens Garth,E01020696,County Durham 041B,Anti-social behaviour,,
,2020-05,Durham Constabulary,Durham Constabulary,-1.585785,54.730039,On or near Cross Street,E01020696,County Durham 041B,Anti-social behaviour,,
b338935973185f2dcd63d0263eb1d60891795fdae4acff79bcf00aa6bf0fa26d,2020-05,Durham Constabulary,Durham Constabulary,-1.530015,54.715925,On or near School Street,E01020696,County Durham 041B,Criminal damage and arson,Unable to prosecute suspect,
fa8b1beef041f105de35a0361f87cc849e1bf911d4e039f03153c1d35d64d530,2020-05,Durham Constabulary,Durham Constabulary,-1.587823,54.725059,On or near Front Street,E01020696,County Durham 041B,Vehicle crime,Court result unavailable,
e34f67ab00dd390872077a123975a5c6976f403ac22795232703526b86f70cf5,2020-05,Durham Constabulary,Durham Constabulary,-1.589005,54.723346,On or near Chair Lane,E01020696,County Durham 041B,Violence and sexual offences,Unable to prosecute suspect,
12790fa768280c942151c59d18827da7bb21d0f4d60b1fbd47b97ed2cc4919aa,2020-05,Durham Constabulary,Durham Constabulary,-1.589005,54.723346,On or near Chair Lane,E01020696,County Durham 041B,Violence and sexual offences,Unable to prosecute suspect,
3f7a7325ce0a223ed13c1f038dec7a863ebf342b917c052ba984e9a7ba806e07,2020-05,Durham Constabulary,Durham Constabulary,-1.589005,54.723346,On or near Chair Lane,E01020696,County Durham 041B,Violence and sexual offences,Unable to prosecute suspect,
f48ff7d869647b3c8ad182a36d8e6a275adbf0ba0b8ebbeadeff9d371f1a931b,2020-05,Durham Constabulary,Durham Constabulary,-1.529627,54.715977,On or near Ramsay Street,E01020696,County Durham 041B,Violence and sexual offences,Unable to prosecute suspect,
70e0968aabc6e4aab0a42420153771ed8cae8e3b53b390c8c21f09daa82c9096,2020-05,Durham Constabulary,Durham Constabulary,-1.523014,54.727868,On or near Petrol Station,E01020696,County Durham 041B,Violence and sexual offences,Local resolution,
9f8221c2c95438317fc51377b1b8dbfac9928a906c105a8393d1b8d84bbe0947,2020-05,Durham Constabulary,Durham Constabulary,-1.585785,54.730039,On or near Cross Street,E01020696,County Durham 041B,Violence and sexual offences,Investigation complete; no suspect identified,
,2020-05,Durham Constabulary,Durham Constabulary,-1.518162,54.735020,On or near Grange Park Crescent,E01020697,County Durham 041C,Anti-social behaviour,,
,2020-05,Durham Constabulary,Durham Constabulary,-1.521353,54.733145,On or near Crow Trees Lane,E01020697,County Durham 041C,Anti-social behaviour,,
,2020-05,Durham Constabulary,Durham Constabulary,-1.523843,54.733964,On or near Steavenson Street,E01020697,County Durham 041C,Anti-social behaviour,,
,2020-05,Durham Constabulary,Durham Constabulary,-1.528526,54.737244,On or near Tweddle Terrace,E01020697,County Durham 041C,Anti-social behaviour,,
,2020-05,Durham Constabulary,Durham Constabulary,-1.522620,54.733680,On or near Clarence Street,E01020697,County Durham 041C,Anti-social behaviour,,
,2020-05,Durham Constabulary,Durham Constabulary,-1.523843,54.733964,On or near Steavenson Street,E01020697,County Durham 041C,Anti-social behaviour,,
0ae4162a27b93e12e7e218813e2588e3821a210eb7a124d91d0a8f355bc218fd,2020-05,Durham Constabulary,Durham Constabulary,-1.518162,54.735020,On or near Grange Park Crescent,E01020697,County Durham 041C,Burglary,Investigation complete; no suspect identified,
791f495af8a4f339ceeb0c64b464a5ab49480b732d5ede4e65a53c08204625b8,2020-05,Durham Constabulary,Durham Constabulary,-1.527750,54.737241,On or near Norton Avenue,E01020697,County Durham 041C,Burglary,Investigation complete; no suspect identified,
95c07278379e1b4e634b7e9be4453e4518486da1a72be8cefc87dd659618c4ae,2020-05,Durham Constabulary,Durham Constabulary,-1.527931,54.737682,On or near St John'S Crescent,E01020697,County Durham 041C,Criminal damage and arson,Investigation complete; no suspect identified,
05f159ef0dc563c09cda70592da89b14fa6694b8a36dcd820c1504b59e262c0e,2020-05,Durham Constabulary,Durham Constabulary,-1.523843,54.733964,On or near Steavenson Street,E01020697,County Durham 041C,Criminal damage and arson,Investigation complete; no suspect identified,
0a948e3c503f83586da6fd22228df082c6eea116beb85e18dd7d4201ee2dd381,2020-05,Durham Constabulary,Durham Constabulary,-1.525730,54.734591,On or near Durham Road,E01020697,County Durham 041C,Criminal damage and arson,Further investigation is not in the public interest,
b1840aa0d723c861f60c030aba2a7bde8c784d470d102a359d3e8eea199952bc,2020-05,Durham Constabulary,Durham Constabulary,-1.521353,54.733145,On or near Crow Trees Lane,E01020697,County Durham 041C,Criminal damage and arson,Offender given a caution,
89798c332414991a3e3fd395546bb52d7347764b1bec0d05cad0c91c39c193d8,2020-05,Durham Constabulary,Durham Constabulary,-1.521353,54.733145,On or near Crow Trees Lane,E01020697,County Durham 041C,Drugs,Offender given a drugs possession warning,
9ac9732e4cc5f1a651523841784c05762782417141d9937358f3fe3934fa7120,2020-05,Durham Constabulary,Durham Constabulary,-1.523843,54.733964,On or near Steavenson Street,E01020697,County Durham 041C,Drugs,Unable to prosecute suspect,
77f8ec6d477933af70c181796f740630e8cf194785c3f4c064fbc5cdae853fdf,2020-05,Durham Constabulary,Durham Constabulary,-1.527931,54.737682,On or near St John'S Crescent,E01020697,County Durham 041C,Other theft,Further investigation is not in the public interest,
ba0803cc52700a653f6bd7c2410b69037301fd3f103de7a41e9144c10dc7909f,2020-05,Durham Constabulary,Durham Constabulary,-1.523843,54.733964,On or near Steavenson Street,E01020697,County Durham 041C,Other theft,Unable to prosecute suspect,
8fbc29c769d3e862b47e31bce82e68cadc4fcea1233fa2f7971a068bf84db48d,2020-05,Durham Constabulary,Durham Constabulary,-1.523843,54.733964,On or near Steavenson Street,E01020697,County Durham 041C,Other theft,Status update unavailable,
a3ed18c14f88b145c83c642864b64470e67ee02c935c7fbe18118c46ea0f1312,2020-05,Durham Constabulary,Durham Constabulary,-1.522620,54.733680,On or near Clarence Street,E01020697,County Durham 041C,Public order,Local resolution,
647f7e232fdec065a0980297c10cfe5cb71e9f73eac91fdfaaff11106e91a071,2020-05,Durham Constabulary,Durham Constabulary,-1.523843,54.733964,On or near Steavenson Street,E01020697,County Durham 041C,Public order,Unable to prosecute suspect,
4fc616661a35cd18f9a405aa14e881b8dc956409fb605298f8afc6f2d3b98450,2020-05,Durham Constabulary,Durham Constabulary,-1.522620,54.733680,On or near Clarence Street,E01020697,County Durham 041C,Shoplifting,Investigation complete; no suspect identified,
00b17fb119f5464f3058240d05f14f35e9933113b5d53fee586873cdb74a52e3,2020-05,Durham Constabulary,Durham Constabulary,-1.518162,54.735020,On or near Grange Park Crescent,E01020697,County Durham 041C,Vehicle crime,Investigation complete; no suspect identified,
aa610f8083f86f639f68516eb1f98a39386e90b19dfac48b9397b5afc4efc5aa,2020-05,Durham Constabulary,Durham Constabulary,-1.521353,54.733145,On or near Crow Trees Lane,E01020697,County Durham 041C,Violence and sexual offences,Unable to prosecute suspect,
bcae8166eebffa2681617b9505a736a576e66b0e168fc6b37b65aef8e0738772,2020-05,Durham Constabulary,Durham Constabulary,-1.523843,54.733964,On or near Steavenson Street,E01020697,County Durham 041C,Violence and sexual offences,Unable to prosecute suspect,
2b74d6e543e30354b8990d61e1f990232a6de3a3302038b24ba416ad0bf9c51d,2020-05,Durham Constabulary,Durham Constabulary,-1.527750,54.737241,On or near Norton Avenue,E01020697,County Durham 041C,Violence and sexual offences,Local resolution,
177bce7c1cd34abbca77e285f6e3444452bc6ae5ee69dcf02c59f28077d26aef,2020-05,Durham Constabulary,Durham Constabulary,-1.523843,54.733964,On or near Steavenson Street,E01020697,County Durham 041C,Violence and sexual offences,Unable to prosecute suspect,
81b85ac0cc641b371f1b3bb63ddc504443ee116a5c2c89c48e646cf655d96ef2,2020-05,Durham Constabulary,Durham Constabulary,-1.523843,54.733964,On or near Steavenson Street,E01020697,County Durham 041C,Violence and sexual offences,Court result unavailable,
1133ccfd6011d27a38bebb29e57eb4482495e7da2aa4c3cf9322a44db73cb294,2020-05,Durham Constabulary,Durham Constabulary,-1.521353,54.733145,On or near Crow Trees Lane,E01020697,County Durham 041C,Violence and sexual offences,Unable to prosecute suspect,
ecb2396b8f156db4bfa4b00d0379d63f7e6d87c67649f4f966fa4e263ce93f79,2020-05,Durham Constabulary,Durham Constabulary,-1.520587,54.736135,On or near Sports/Recreation Area,E01020697,County Durham 041C,Other crime,Unable to prosecute suspect,
,2020-05,Durham Constabulary,Durham Constabulary,-1.551118,54.760264,On or near Jubilee Place,E01020732,County Durham 041D,Anti-social behaviour,,
,2020-05,Durham Constabulary,Durham Constabulary,-1.552192,54.761535,On or near Low Road,E01020732,County Durham 041D,Anti-social behaviour,,
c0ee9308fce2f3fb9000e7af93930fc2eac185296b2b5ec1a464a15c0d2db216,2020-05,Durham Constabulary,Durham Constabulary,-1.546376,54.760435,On or near Willow Tree Avenue,E01020732,County Durham 041D,Criminal damage and arson,Investigation complete; no suspect identified,
d0bbc533ecbf1b45f251f025bc73a2dd11bfba31942b2585ef7eaadf72e1536b,2020-05,Durham Constabulary,Durham Constabulary,-1.552192,54.761535,On or near Low Road,E01020732,County Durham 041D,Other theft,Local resolution,
,2020-05,Durham Constabulary,Durham Constabulary,-2.199650,54.743737,On or near Well Bank,E01020889,County Durham 042A,Anti-social behaviour,,
,2020-05,Durham Constabulary,Durham Constabulary,-2.184478,54.737875,On or near Hood Street,E01020889,County Durham 042A,Anti-social behaviour,,
,2020-05,Durham Constabulary,Durham Constabulary,-2.127074,54.737590,On or near A689,E01020889,County Durham 042A,Anti-social behaviour,,
,2020-05,Durham Constabulary,Durham Constabulary,-2.127074,54.737590,On or near A689,E01020889,County Durham 042A,Anti-social behaviour,,
,2020-05,Durham Constabulary,Durham Constabulary,-2.145528,54.738288,On or near Bullfield,E01020889,County Durham 042A,Anti-social behaviour,,
ba8699d536269f3710545c66656259ac238b29c283a0ae991fe55d10a917e7fb,2020-05,Durham Constabulary,Durham Constabulary,-2.127074,54.737590,On or near A689,E01020889,County Durham 042A,Public order,Unable to prosecute suspect,
017d32f7ef13cd9d2895770287423f0d16392bae09443f26befc0d4f49af11de,2020-05,Durham Constabulary,Durham Constabulary,-2.127074,54.737590,On or near A689,E01020889,County Durham 042A,Violence and sexual offences,Unable to prosecute suspect,
,2020-05,Durham Constabulary,Durham Constabulary,-1.995544,54.715477,On or near Park/Open Space,E01020890,County Durham 042B,Anti-social behaviour,,
,2020-05,Durham Constabulary,Durham Constabulary,-1.955251,54.726352,On or near Mill Lane,E01020890,County Durham 042B,Anti-social behaviour,,
,2020-05,Durham Constabulary,Durham Constabulary,-1.958806,54.727315,On or near Sports/Recreation Area,E01020890,County Durham 042B,Anti-social behaviour,,
96d6f5f737d29c51e172ff4fc930f77f06b9c56fcd696987100e2954670e6a04,2020-05,Durham Constabulary,Durham Constabulary,-1.955251,54.726352,On or near Mill Lane,E01020890,County Durham 042B,Criminal damage and arson,Investigation complete; no suspect identified,
90f6a3d165b8231835755d206a53e4b989f07d0d37a408e3917d24d91467ee76,2020-05,Durham Constabulary,Durham Constabulary,-1.964302,54.727281,On or near Mellbutts Bank,E01020890,County Durham 042B,Criminal damage and arson,Investigation complete; no suspect identified,
64cbb89bd303c541f0e400fc3eadddb3a7053528b74f9c10a8900fd99774a902,2020-05,Durham Constabulary,Durham Constabulary,-2.017632,54.748187,On or near Hospital,E01020890,County Durham 042B,Drugs,Offender given a drugs possession warning,
a229c18072e83a1efc9beaa677d4cec781de3f55a6e9ada3a302870cc8b95d4b,2020-05,Durham Constabulary,Durham Constabulary,-2.017632,54.748187,On or near Hospital,E01020890,County Durham 042B,Other theft,Local resolution,
a3320d3a1672b81b93fcc4f2415744ba612c56e1c52f74d7fbc0bcb3b921e83e,2020-05,Durham Constabulary,Durham Constabulary,-1.964302,54.727281,On or near Mellbutts Bank,E01020890,County Durham 042B,Public order,Unable to prosecute suspect,
aaab25111f253abae08beefc508f36fca1f7c337502d8b78b52236e1657bd8ba,2020-05,Durham Constabulary,Durham Constabulary,-2.002764,54.746068,On or near Dales Street,E01020890,County Durham 042B,Vehicle crime,Investigation complete; no suspect identified,
ba0a0652d70ad6bcf692ad9d8273129041b25a8737575a71f8167b5c6ea1bdbf,2020-05,Durham Constabulary,Durham Constabulary,-2.003976,54.746859,On or near Graham Street,E01020890,County Durham 042B,Violence and sexual offences,Unable to prosecute suspect,
252b286944424f6ee4e2874b46b57be5fe0cd46f73c97498ae60278b88734276,2020-05,Durham Constabulary,Durham Constabulary,-1.951865,54.727816,On or near Stockley Grove,E01020890,County Durham 042B,Violence and sexual offences,Unable to prosecute suspect,
,2020-05,Durham Constabulary,Durham Constabulary,-1.985170,54.860195,On or near Parking Area,E01020891,County Durham 042C,Anti-social behaviour,,
,2020-05,Durham Constabulary,Durham Constabulary,-1.985170,54.860195,On or near Parking Area,E01020891,County Durham 042C,Anti-social behaviour,,
,2020-05,Durham Constabulary,Durham Constabulary,-2.095392,54.724876,On or near Park/Open Space,E01020891,County Durham 042C,Anti-social behaviour,,
099be1bfee7960122ddfebf1cc109fde9ae89094f91c173537a082e794667d58,2020-05,Durham Constabulary,Durham Constabulary,-2.010455,54.749150,On or near Cross Hill,E01020891,County Durham 042C,Public order,Local resolution,
36feba83ec7939e59e0ed534c844f4d08f5e92b08f64aa6c95eb7799543bb812,2020-05,Durham Constabulary,Durham Constabulary,-2.096547,54.779720,On or near Boltsburn Crescent,E01020891,County Durham 042C,Public order,Investigation complete; no suspect identified,
4cb73e2fc0014487751e519fe903ef0f4605612bd11fdbf7f8cde94eeaf0ee2d,2020-05,Durham Constabulary,Durham Constabulary,-2.005794,54.747200,On or near Supermarket,E01020891,County Durham 042C,Violence and sexual offences,Local resolution,
,2020-05,Durham Constabulary,Durham Constabulary,-1.873773,54.729521,On or near Attwood Terrace,E01020905,County Durham 042D,Anti-social behaviour,,
,2020-05,Durham Constabulary,Durham Constabulary,-1.883909,54.730708,On or near Hound Hill,E01020905,County Durham 042D,Anti-social behaviour,,
a728fdae6a7a02119ebde25ceda51a8d0044905354b4914e3867f383f8fe40a9,2020-05,Durham Constabulary,Durham Constabulary,-1.883594,54.732146,On or near St Annes Drive,E01020905,County Durham 042D,Vehicle crime,Unable to prosecute suspect,
7202961a0ebee11aaa5ad77a2f4157664326b3626fb14bc13b1509c368f2b4b3,2020-05,Durham Constabulary,Durham Constabulary,-1.879765,54.735368,On or near Upper Town,E01020905,County Durham 042D,Other crime,Further investigation is not in the public interest,
,2020-05,Durham Constabulary,Durham Constabulary,-1.889277,54.720981,On or near Wear Bank,E01020906,County Durham 042E,Anti-social behaviour,,
,2020-05,Durham Constabulary,Durham Constabulary,-1.774333,54.675987,On or near High Street,E01020906,County Durham 042E,Anti-social behaviour,,
,2020-05,Durham Constabulary,Durham Constabulary,-1.785079,54.684940,On or near A68,E01020906,County Durham 042E,Anti-social behaviour,,
,2020-05,Durham Constabulary,Durham Constabulary,-1.884849,54.727852,On or near Riverdale,E01020906,County Durham 042E,Anti-social behaviour,,
,2020-05,Durham Constabulary,Durham Constabulary,-1.892555,54.732019,On or near The Leazes,E01020906,County Durham 042E,Anti-social behaviour,,
,2020-05,Durham Constabulary,Durham Constabulary,-1.754560,54.678843,On or near Low Lane,E01020906,County Durham 042E,Anti-social behaviour,,
,2020-05,Durham Constabulary,Durham Constabulary,-1.889277,54.720981,On or near Wear Bank,E01020906,County Durham 042E,Anti-social behaviour,,
c8ee2a9c08e06ade893227348710f0435994fd2f89e74fe45aaf672b437e449b,2020-05,Durham Constabulary,Durham Constabulary,-1.889277,54.720981,On or near Wear Bank,E01020906,County Durham 042E,Burglary,Investigation complete; no suspect identified,
06db1ea23f0cd9e9a88c0bd1da08300660c9753da2f3ff4a7122acb4cbe4b8a8,2020-05,Durham Constabulary,Durham Constabulary,-1.770191,54.676249,On or near Post Office Street,E01020906,County Durham 042E,Burglary,Investigation complete; no suspect identified,
b0a32fd9c0928a29993ee47b7a4013fdfadde40a7ccff0bb3ee84befaa81709c,2020-05,Durham Constabulary,Durham Constabulary,-1.777786,54.677072,On or near Witton Tower Gardens,E01020906,County Durham 042E,Burglary,Investigation complete; no suspect identified,
cc71d216579f41718ea838cc30eb87fd0721ae9a35d4eecc559890b52df3dd15,2020-05,Durham Constabulary,Durham Constabulary,-1.785079,54.684940,On or near A68,E01020906,County Durham 042E,Burglary,Investigation complete; no suspect identified,
96893d6a6515340da8af6ed9bf6539170b17d057a07ce2cec4d8cc4923d26689,2020-05,Durham Constabulary,Durham Constabulary,-1.887403,54.730514,On or near Church Lane,E01020906,County Durham 042E,Violence and sexual offences,Investigation complete; no suspect identified,
00f23d95551afb649726d873fc038c73fee681d972bb6cb9cafebb7737206f76,2020-05,Durham Constabulary,Durham Constabulary,-1.887403,54.730514,On or near Church Lane,E01020906,County Durham 042E,Violence and sexual offences,Investigation complete; no suspect identified,
,2020-05,Durham Constabulary,Durham Constabulary,-1.369014,54.737715,On or near Wellfield Road,E01020772,County Durham 043A,Anti-social behaviour,,
,2020-05,Durham Constabulary,Durham Constabulary,-1.335612,54.725027,On or near A19,E01020772,County Durham 043A,Anti-social behaviour,,
,2020-05,Durham Constabulary,Durham Constabulary,-1.342213,54.731587,On or near St James' Fields,E01020772,County Durham 043A,Anti-social behaviour,,
,2020-05,Durham Constabulary,Durham Constabulary,-1.358180,54.736301,On or near Burdon Walk,E01020772,County Durham 043A,Anti-social behaviour,,
,2020-05,Durham Constabulary,Durham Constabulary,-1.369014,54.737715,On or near Wellfield Road,E01020772,County Durham 043A,Anti-social behaviour,,
,2020-05,Durham Constabulary,Durham Constabulary,-1.319585,54.737295,On or near Sycamore Drive,E01020772,County Durham 043A,Anti-social behaviour,,
,2020-05,Durham Constabulary,Durham Constabulary,-1.358180,54.736301,On or near Burdon Walk,E01020772,County Durham 043A,Anti-social behaviour,,
,2020-05,Durham Constabulary,Durham Constabulary,-1.319585,54.737295,On or near Sycamore Drive,E01020772,County Durham 043A,Anti-social behaviour,,
,2020-05,Durham Constabulary,Durham Constabulary,-1.342213,54.731587,On or near St James' Fields,E01020772,County Durham 043A,Anti-social behaviour,,
,2020-05,Durham Constabulary,Durham Constabulary,-1.314011,54.735304,On or near East Terrace,E01020772,County Durham 043A,Anti-social behaviour,,
b905a9c7c09c62d183a65939cfaac3ec6d10a8d9356153ac46dabdbe8c25c976,2020-05,Durham Constabulary,Durham Constabulary,-1.293959,54.737256,On or near The Elms,E01020772,County Durham 043A,Criminal damage and arson,Investigation complete; no suspect identified,
89fa5a7e71a0c2d043122d66785d29f5078d4a1ebf7cc7495be61e32789483b8,2020-05,Durham Constabulary,Durham Constabulary,-1.342213,54.731587,On or near St James' Fields,E01020772,County Durham 043A,Criminal damage and arson,Investigation complete; no suspect identified,
53894adbf1bacbb3b06591357152c233082d93a62f77a7b5f3ef33243040edd9,2020-05,Durham Constabulary,Durham Constabulary,-1.369014,54.737715,On or near Wellfield Road,E01020772,County Durham 043A,Violence and sexual offences,Investigation complete; no suspect identified,
e28912fbc2ef34326c2ef07d9bb825efe9585abebc0f389bc0d3d2dcb64c0b49,2020-05,Durham Constabulary,Durham Constabulary,-1.369014,54.737715,On or near Wellfield Road,E01020772,County Durham 043A,Violence and sexual offences,Investigation complete; no suspect identified,
41d5dddca087148e3bdd01348961902a9811725fef27da3e7eba2df5863bc952,2020-05,Durham Constabulary,Durham Constabulary,-1.314011,54.735304,On or near East Terrace,E01020772,County Durham 043A,Violence and sexual offences,Local resolution,
c5021d7503ef55637f77737fb09f0b56c0df304cc212252ab79807186ff753b0,2020-05,Durham Constabulary,Durham Constabulary,-1.314011,54.735304,On or near East Terrace,E01020772,County Durham 043A,Violence and sexual offences,Local resolution,
106b96010a4072f05578179b621aacc10dd672bef73bea88aacc2003d873bfb8,2020-05,Durham Constabulary,Durham Constabulary,-1.319585,54.737295,On or near Sycamore Drive,E01020772,County Durham 043A,Violence and sexual offences,Local resolution,
b10b6a6f9aa5e62ddda836b349c769eb13bffd837eef90296c47cf0ae0ec21ea,2020-05,Durham Constabulary,Durham Constabulary,-1.315031,54.736523,On or near Church Street,E01020772,County Durham 043A,Violence and sexual offences,Unable to prosecute suspect,
5e7659947607b3d45bed21d757e64e766a53a1df497529765c8b98f81ab5f15e,2020-05,Durham Constabulary,Durham Constabulary,-1.315031,54.736523,On or near Church Street,E01020772,County Durham 043A,Violence and sexual offences,Unable to prosecute suspect,
32622993de001c02b314c8e45b07f5f72afbe79158b0ac4dd3fb462e983e7584,2020-05,Durham Constabulary,Durham Constabulary,-1.314011,54.735304,On or near East Terrace,E01020772,County Durham 043A,Violence and sexual offences,Unable to prosecute suspect,
69d549500b1c085ef7ca9e58fd542ba9689b01357f6956ab441aba1426dc0aea,2020-05,Durham Constabulary,Durham Constabulary,-1.343650,54.718546,On or near Front Street,E01020772,County Durham 043A,Other crime,Investigation complete; no suspect identified,
,2020-05,Durham Constabulary,Durham Constabulary,-1.378861,54.732634,On or near North Road,E01020793,County Durham 043B,Anti-social behaviour,,
,2020-05,Durham Constabulary,Durham Constabulary,-1.382544,54.731449,On or near Woodland View,E01020793,County Durham 043B,Anti-social behaviour,,
,2020-05,Durham Constabulary,Durham Constabulary,-1.383117,54.732548,On or near Queen'S Road,E01020793,County Durham 043B,Anti-social behaviour,,
,2020-05,Durham Constabulary,Durham Constabulary,-1.382544,54.731449,On or near Woodland View,E01020793,County Durham 043B,Anti-social behaviour,,
,2020-05,Durham Constabulary,Durham Constabulary,-1.382544,54.731449,On or near Woodland View,E01020793,County Durham 043B,Anti-social behaviour,,
,2020-05,Durham Constabulary,Durham Constabulary,-1.382544,54.731449,On or near Woodland View,E01020793,County Durham 043B,Anti-social behaviour,,
,2020-05,Durham Constabulary,Durham Constabulary,-1.378861,54.732634,On or near North Road,E01020793,County Durham 043B,Anti-social behaviour,,
d6d393c6334542c1f895b90d288ba7da93853b4d73e47154765e361d0f53a63d,2020-05,Durham Constabulary,Durham Constabulary,-1.384401,54.734927,On or near King'S Road,E01020793,County Durham 043B,Burglary,Court result unavailable,
fd8641710d31348936505c525f0b8b57f95218e5bc29e7da3c90cfa038deb9a6,2020-05,Durham Constabulary,Durham Constabulary,-1.378861,54.732634,On or near North Road,E01020793,County Durham 043B,Criminal damage and arson,Investigation complete; no suspect identified,
a393497148252b511a2f1691a6d582c1e8575fe5be5001bc612586d7ea81a099,2020-05,Durham Constabulary,Durham Constabulary,-1.378861,54.732634,On or near North Road,E01020793,County Durham 043B,Criminal damage and arson,Investigation complete; no suspect identified,
08f8d4c280accce4c167b6e4db998b88ac546f4ac2815884c8dd3bb328d98576,2020-05,Durham Constabulary,Durham Constabulary,-1.384401,54.734927,On or near King'S Road,E01020793,County Durham 043B,Public order,Local resolution,
a959e7958994824283613acf59fd025fc3b1ebb591d87a2ad473ad92b16d207d,2020-05,Durham Constabulary,Durham Constabulary,-1.380096,54.733117,On or near Partridge Terrace,E01020793,County Durham 043B,Violence and sexual offences,Unable to prosecute suspect,
985397a685bd3159d891a151699f843923e5cabcdc80fea8bcebff6cdf3a856e,2020-05,Durham Constabulary,Durham Constabulary,-1.381928,54.734195,On or near Nattress Terrace,E01020793,County Durham 043B,Violence and sexual offences,Unable to prosecute suspect,
68c90e8709c43241868357953a40addc9acac23c184d547498976ba9337ec5c9,2020-05,Durham Constabulary,Durham Constabulary,-1.382544,54.731449,On or near Woodland View,E01020793,County Durham 043B,Violence and sexual offences,Investigation complete; no suspect identified,
48082d74b340bcb04d8cfda9587bf616ecd42b676a95d32d2a3be5ca9a9a306f,2020-05,Durham Constabulary,Durham Constabulary,-1.381003,54.734757,On or near Snaith Terrace,E01020793,County Durham 043B,Violence and sexual offences,Unable to prosecute suspect,
7c214ae01dcfdbe51229a43b02f098f58d4e9a6a868cd26c2b8d9bb89ff0b46b,2020-05,Durham Constabulary,Durham Constabulary,-1.376936,54.735617,On or near Ingram Way,E01020793,County Durham 043B,Other crime,Investigation complete; no suspect identified,
,2020-05,Durham Constabulary,Durham Constabulary,-1.375945,54.737454,On or near Wellfield Road,E01020794,County Durham 043C,Anti-social behaviour,,
,2020-05,Durham Constabulary,Durham Constabulary,-1.375945,54.737454,On or near Wellfield Road,E01020794,County Durham 043C,Anti-social behaviour,,
,2020-05,Durham Constabulary,Durham Constabulary,-1.377727,54.728584,On or near Winford Grove,E01020794,County Durham 043C,Anti-social behaviour,,
431d308a5c66e812ca5233212bc81b9f87b59d98cc5af54612d2a08dd6c7476a,2020-05,Durham Constabulary,Durham Constabulary,-1.383951,54.737998,On or near Taylor Grove,E01020794,County Durham 043C,Burglary,Investigation complete; no suspect identified,
b42d922126f82a2be8285e325c44022ad0009ff9d34707adb2a2296f910aeac0,2020-05,Durham Constabulary,Durham Constabulary,-1.381256,54.738515,On or near B1280,E01020794,County Durham 043C,Drugs,Court result unavailable,
cca8119c473fdd938b1e7ca2af3f639a83023d0e8f9a22c473922eb2e8e1788a,2020-05,Durham Constabulary,Durham Constabulary,-1.383951,54.737998,On or near Taylor Grove,E01020794,County Durham 043C,Vehicle crime,Investigation complete; no suspect identified,
66a7239bd21812718264906a6325a492e64b32dc1d4efa81551f0a0a062b4194,2020-05,Durham Constabulary,Durham Constabulary,-1.383951,54.737998,On or near Taylor Grove,E01020794,County Durham 043C,Vehicle crime,Investigation complete; no suspect identified,
bb4ed52d109a3e4e3b5071fcbd0e60f84342e626752963df196c9006269493eb,2020-05,Durham Constabulary,Durham Constabulary,-1.385432,54.737664,On or near Durham Road,E01020794,County Durham 043C,Vehicle crime,Unable to prosecute suspect,
46ceaa006562379142191d564fc0d714d582f199d1f3a51ff937c2b3a768127d,2020-05,Durham Constabulary,Durham Constabulary,-1.377727,54.728584,On or near Winford Grove,E01020794,County Durham 043C,Violence and sexual offences,Unable to prosecute suspect,
379d8e4154f60673a9b17c6a16ef03e5392d86b56be368ab70d1c9a98c5ba906,2020-05,Durham Constabulary,Durham Constabulary,-1.377727,54.728584,On or near Winford Grove,E01020794,County Durham 043C,Violence and sexual offences,Unable to prosecute suspect,
,2020-05,Durham Constabulary,Durham Constabulary,-1.369875,54.718281,On or near Newholme Estate,E01020795,County Durham 043D,Anti-social behaviour,,
,2020-05,Durham Constabulary,Durham Constabulary,-1.367227,54.719858,On or near Brackendale Court,E01020795,County Durham 043D,Anti-social behaviour,,
,2020-05,Durham Constabulary,Durham Constabulary,-1.368833,54.719372,On or near Beachdale Close,E01020795,County Durham 043D,Anti-social behaviour,,
,2020-05,Durham Constabulary,Durham Constabulary,-1.373219,54.722899,On or near Station Road,E01020795,County Durham 043D,Anti-social behaviour,,
,2020-05,Durham Constabulary,Durham Constabulary,-1.367227,54.719858,On or near Brackendale Court,E01020795,County Durham 043D,Anti-social behaviour,,
,2020-05,Durham Constabulary,Durham Constabulary,-1.374967,54.724283,On or near Station Road,E01020795,County Durham 043D,Anti-social behaviour,,
5dfdef4f2c7caa68308362ff3fcb55dc8f24dae4313fd954eb579ea88911b22f,2020-05,Durham Constabulary,Durham Constabulary,-1.369875,54.718281,On or near Newholme Estate,E01020795,County Durham 043D,Burglary,Unable to prosecute suspect,
18c8fb3f80ffdfbe9040df9061d983c6b2264783c38a35c18fa556a5fe95eadb,2020-05,Durham Constabulary,Durham Constabulary,-1.367227,54.719858,On or near Brackendale Court,E01020795,County Durham 043D,Criminal damage and arson,Unable to prosecute suspect,
738b6a2ded45ea54c7e4a526fff314093a1d9876bf78558db1dedc7d7b39c9dc,2020-05,Durham Constabulary,Durham Constabulary,-1.367078,54.719417,On or near Ferndale Close,E01020795,County Durham 043D,Criminal damage and arson,Unable to prosecute suspect,
eaf69fa5532359d77c173b6dfd5045622092ef4f7bbd1a593e46016dcb88fd8c,2020-05,Durham Constabulary,Durham Constabulary,-1.373219,54.722899,On or near Station Road,E01020795,County Durham 043D,Criminal damage and arson,Investigation complete; no suspect identified,
2c8e53a341239118941159112cfb6fafaf5ec9fa0586bb5a5b3e3bcd6f90ba32,2020-05,Durham Constabulary,Durham Constabulary,-1.367227,54.719858,On or near Brackendale Court,E01020795,County Durham 043D,Criminal damage and arson,Unable to prosecute suspect,
be70a39b0d9886aca9b50ab617b9555989cd7deff8b6017332f3cd11256c04e3,2020-05,Durham Constabulary,Durham Constabulary,-1.367227,54.719858,On or near Brackendale Court,E01020795,County Durham 043D,Drugs,Offender given penalty notice,
7bad94a79b912361f62c60e77cb0b3b4b1f6f70db0a7582660b3bd7cb72458f7,2020-05,Durham Constabulary,Durham Constabulary,-1.367227,54.719858,On or near Brackendale Court,E01020795,County Durham 043D,Theft from the person,Unable to prosecute suspect,
29f3a91ade3c9258a9e5ec3fca02ba429854399227b22e1493b245b17415780f,2020-05,Durham Constabulary,Durham Constabulary,-1.377830,54.724918,On or near Johnson'S Street,E01020795,County Durham 043D,Vehicle crime,Investigation complete; no suspect identified,
9cdeab98bdc86025a1c6de60817d5ed0b44559a196e732e4249291d413607f6a,2020-05,Durham Constabulary,Durham Constabulary,-1.380677,54.725598,On or near Pickering Street,E01020795,County Durham 043D,Violence and sexual offences,Investigation complete; no suspect identified,
1f5ccc7e65c2b1c8c01de0fb74bff7127896410a3269d23bfa049b13fd616b58,2020-05,Durham Constabulary,Durham Constabulary,-1.367227,54.719858,On or near Brackendale Court,E01020795,County Durham 043D,Violence and sexual offences,Unable to prosecute suspect,
6d4e1019e1171bfd572e4f3c4b38a167c77842b52c27d630e437f08eca657ab6,2020-05,Durham Constabulary,Durham Constabulary,-1.367227,54.719858,On or near Brackendale Court,E01020795,County Durham 043D,Violence and sexual offences,Unable to prosecute suspect,
bcf2303ad01122b3f3cc11b53ce7dcfa4ec90954b544a454aff69b871f88f9e1,2020-05,Durham Constabulary,Durham Constabulary,-1.367078,54.719417,On or near Ferndale Close,E01020795,County Durham 043D,Violence and sexual offences,Investigation complete; no suspect identified,
5e172f1849eec89fd9982730e4abd074459ad94a8fdf8803b0776df0703aa029,2020-05,Durham Constabulary,Durham Constabulary,-1.368833,54.719372,On or near Beachdale Close,E01020795,County Durham 043D,Violence and sexual offences,Local resolution,
,2020-05,Durham Constabulary,Durham Constabulary,-1.518905,54.741835,On or near Sports/Recreation Area,E01020695,County Durham 044A,Anti-social behaviour,,
09ef5965b804c7cefd96f3972bcbe653411192b665ee6bc48ef54a6a348318b4,2020-05,Durham Constabulary,Durham Constabulary,-1.517383,54.726075,On or near Park Avenue,E01020695,County Durham 044A,Public order,Unable to prosecute suspect,
ac59bf11f626ec5654ac269915e5d83f90f8c8506e9fca9cd4f6456b03abbf0a,2020-05,Durham Constabulary,Durham Constabulary,-1.515236,54.725132,On or near Park Hill,E01020695,County Durham 044A,Public order,Local resolution,
501973740de597f97258662c8268881e2613e0d16391127c52d4a1495fb31a55,2020-05,Durham Constabulary,Durham Constabulary,-1.467316,54.737395,On or near Luke Avenue,E01020695,County Durham 044A,Public order,Local resolution,
9ddd1d56b08a945c13eb63050de4c86805fa983c39408eace7b4a370339d7642,2020-05,Durham Constabulary,Durham Constabulary,-1.465742,54.738997,On or near Front Street,E01020695,County Durham 044A,Vehicle crime,Further investigation is not in the public interest,
9514f57733957989bfaeee992fd9e22c50f4cab7ee9cdf858b548cd8e926a1ba,2020-05,Durham Constabulary,Durham Constabulary,-1.467316,54.737395,On or near Luke Avenue,E01020695,County Durham 044A,Violence and sexual offences,Local resolution,
16386e334da29b3170bf8bb7e84932248e7d4506359a25ca321aed1d3f63209e,2020-05,Durham Constabulary,Durham Constabulary,-1.517576,54.741245,On or near Leyland Close,E01020695,County Durham 044A,Violence and sexual offences,Unable to prosecute suspect,
7141242b767bece931235c4bffbb1655180bbbf6de094effeb2b54e673ecb701,2020-05,Durham Constabulary,Durham Constabulary,-1.517576,54.741245,On or near Leyland Close,E01020695,County Durham 044A,Violence and sexual offences,Unable to prosecute suspect,
aa200e75cb5ed4949ac4e999a94bfa7c284811b050dedb477736d066195247b6,2020-05,Durham Constabulary,Durham Constabulary,-1.467316,54.737395,On or near Luke Avenue,E01020695,County Durham 044A,Violence and sexual offences,Unable to prosecute suspect,
caa1c9b1c7570f9ce3b9ac85fc704dfa26b1a630966bcaf21307effad8e2c8bf,2020-05,Durham Constabulary,Durham Constabulary,-1.515236,54.725132,On or near Park Hill,E01020695,County Durham 044A,Violence and sexual offences,Investigation complete; no suspect identified,
61ed48eab5422dfe68c08ee9c4928f36e8323c8b27eeecaec6be96266bfef48a,2020-05,Durham Constabulary,Durham Constabulary,-1.467316,54.737395,On or near Luke Avenue,E01020695,County Durham 044A,Other crime,Court result unavailable,
,2020-05,Durham Constabulary,Durham Constabulary,-1.495969,54.708796,On or near Station Road,E01020698,County Durham 044B,Anti-social behaviour,,
,2020-05,Durham Constabulary,Durham Constabulary,-1.498285,54.711008,On or near Belgrave Court,E01020698,County Durham 044B,Anti-social behaviour,,
,2020-05,Durham Constabulary,Durham Constabulary,-1.501828,54.711957,On or near Oakwood,E01020698,County Durham 044B,Anti-social behaviour,,
6c8fc8d8d13687f012101ecfd197d85eb76d797a0b6bbb1503bf4240e665b82d,2020-05,Durham Constabulary,Durham Constabulary,-1.509174,54.711573,On or near Cornforth Lane,E01020698,County Durham 044B,Other theft,Unable to prosecute suspect,
9a9e87eeb3e399a7fef5469ffbcaeb6bf5cd4eb806e407677c33a972e1cb3ea8,2020-05,Durham Constabulary,Durham Constabulary,-1.502414,54.713505,On or near Mulberry,E01020698,County Durham 044B,Other theft,Investigation complete; no suspect identified,
4d563ddd82952eeb9c9504b9ced7a2d66ffea6ff58b0d1bab6a3ad8051ccdcb8,2020-05,Durham Constabulary,Durham Constabulary,-1.507552,54.712205,On or near School Avenue,E01020698,County Durham 044B,Violence and sexual offences,Unable to prosecute suspect,
e9599c70a5c419d5924ebb4775ba4190745f0d7172eb47d666233afd0db6f385,2020-05,Durham Constabulary,Durham Constabulary,-1.508095,54.713510,On or near Meadow Close,E01020698,County Durham 044B,Violence and sexual offences,Investigation complete; no suspect identified,
5c862de85e3c4133d6142e03abe268748bb5f6a1b0e71319b6d751312e7daf34,2020-05,Durham Constabulary,Durham Constabulary,-1.507552,54.712205,On or near School Avenue,E01020698,County Durham 044B,Violence and sexual offences,Unable to prosecute suspect,
6f5152895d8b2c91feb73c5a0ba1474f2a0da95c26a1d11c61f41afbe62e43be,2020-05,Durham Constabulary,Durham Constabulary,-1.505322,54.711800,On or near Ashbourne Drive,E01020698,County Durham 044B,Violence and sexual offences,Local resolution,
7cbb71bd7216b002f1ef49c379064db706850bc9e9d20e14cdc6d5aa7e0ab385,2020-05,Durham Constabulary,Durham Constabulary,-1.507552,54.712205,On or near School Avenue,E01020698,County Durham 044B,Violence and sexual offences,Unable to prosecute suspect,
d58986870bbbc205b7ada8360179b30defece355649e1419665aecf505cf2841,2020-05,Durham Constabulary,Durham Constabulary,-1.498848,54.710686,On or near Station Road,E01020698,County Durham 044B,Violence and sexual offences,Unable to prosecute suspect,
3469be9bf814277f08d387b96f22f38796ac64282fa13a8d8f69d4c18814f97c,2020-05,Durham Constabulary,Durham Constabulary,-1.507552,54.712205,On or near School Avenue,E01020698,County Durham 044B,Violence and sexual offences,Unable to prosecute suspect,
e367e96aa86f8ca97c550fcfe8acaa4d185962d61470ac5c5c6ed064989cc4fe,2020-05,Durham Constabulary,Durham Constabulary,-1.508095,54.713510,On or near Meadow Close,E01020698,County Durham 044B,Violence and sexual offences,Investigation complete; no suspect identified,
,2020-05,Durham Constabulary,Durham Constabulary,-1.480509,54.728385,On or near Malcolm Avenue,E01020699,County Durham 044C,Anti-social behaviour,,
,2020-05,Durham Constabulary,Durham Constabulary,-1.498994,54.712628,On or near The Grove,E01020699,County Durham 044C,Anti-social behaviour,,
,2020-05,Durham Constabulary,Durham Constabulary,-1.480509,54.728385,On or near Malcolm Avenue,E01020699,County Durham 044C,Anti-social behaviour,,
,2020-05,Durham Constabulary,Durham Constabulary,-1.498994,54.712628,On or near The Grove,E01020699,County Durham 044C,Anti-social behaviour,,
,2020-05,Durham Constabulary,Durham Constabulary,-1.498994,54.712628,On or near The Grove,E01020699,County Durham 044C,Anti-social behaviour,,
,2020-05,Durham Constabulary,Durham Constabulary,-1.498100,54.714655,On or near Grange Crescent,E01020699,County Durham 044C,Anti-social behaviour,,
,2020-05,Durham Constabulary,Durham Constabulary,-1.498994,54.712628,On or near The Grove,E01020699,County Durham 044C,Anti-social behaviour,,
3a5f0f535a6785cd4dee205184c0e2a5971ea2b7514ea140b0cc454a421a5138,2020-05,Durham Constabulary,Durham Constabulary,-1.479485,54.728300,On or near Hazel Avenue,E01020699,County Durham 044C,Vehicle crime,Court result unavailable,
2ff5c805680d537fec22ae6fde8d5e148e574ff1eb0182f631a1eba53f1e109b,2020-05,Durham Constabulary,Durham Constabulary,-1.480149,54.718831,On or near Tate Avenue,E01020699,County Durham 044C,Vehicle crime,Investigation complete; no suspect identified,
7e3718fc8ddebe484020a1036f4dfa07a441d5c152eae0f4084274761b8cd9e0,2020-05,Durham Constabulary,Durham Constabulary,-1.480509,54.728385,On or near Malcolm Avenue,E01020699,County Durham 044C,Violence and sexual offences,Unable to prosecute suspect,
f40e09fb801269eaec51ff8bc3db5d11a59b2f062df21f841834bd1cf660dbe3,2020-05,Durham Constabulary,Durham Constabulary,-1.480152,54.729588,On or near Front Street,E01020699,County Durham 044C,Violence and sexual offences,Unable to prosecute suspect,
e8e7ff227e41db99f7eab06e6dd193cf6eed499fbabad91b6e3a3247f1e9945f,2020-05,Durham Constabulary,Durham Constabulary,-1.499408,54.714328,On or near Green Crescent,E01020699,County Durham 044C,Violence and sexual offences,Court result unavailable,
,2020-05,Durham Constabulary,Durham Constabulary,-1.472422,54.719786,On or near Burnett Crescent,E01020700,County Durham 044D,Anti-social behaviour,,
,2020-05,Durham Constabulary,Durham Constabulary,-1.478430,54.719749,On or near Woodland Crescent,E01020700,County Durham 044D,Anti-social behaviour,,
,2020-05,Durham Constabulary,Durham Constabulary,-1.470953,54.722871,On or near Morley Crescent,E01020700,County Durham 044D,Anti-social behaviour,,
,2020-05,Durham Constabulary,Durham Constabulary,-1.473484,54.722900,On or near Mary Crescent,E01020700,County Durham 044D,Anti-social behaviour,,
,2020-05,Durham Constabulary,Durham Constabulary,-1.428923,54.727425,On or near Salter'S Lane,E01020700,County Durham 044D,Anti-social behaviour,,
,2020-05,Durham Constabulary,Durham Constabulary,-1.473326,54.723079,On or near School Avenue,E01020700,County Durham 044D,Anti-social behaviour,,
,2020-05,Durham Constabulary,Durham Constabulary,-1.469971,54.718454,On or near Bradyll Street,E01020700,County Durham 044D,Anti-social behaviour,,
,2020-05,Durham Constabulary,Durham Constabulary,-1.472422,54.719786,On or near Burnett Crescent,E01020700,County Durham 044D,Anti-social behaviour,,
,2020-05,Durham Constabulary,Durham Constabulary,-1.470953,54.722871,On or near Morley Crescent,E01020700,County Durham 044D,Anti-social behaviour,,
eb4e095998ac9bbfbca707635c6df021aa6a60858359faba1446f0a3e0c60610,2020-05,Durham Constabulary,Durham Constabulary,-1.470953,54.722871,On or near Morley Crescent,E01020700,County Durham 044D,Criminal damage and arson,Local resolution,
56b8012680bcbfa6a47bd483d1d13edf0e24c029c7c4deffcc8fa61b5016c19e,2020-05,Durham Constabulary,Durham Constabulary,-1.472422,54.719786,On or near Burnett Crescent,E01020700,County Durham 044D,Criminal damage and arson,Investigation complete; no suspect identified,
9dffee3095786ae04feeea0a2bb4882060c18f481192fb3f35191dac25518d93,2020-05,Durham Constabulary,Durham Constabulary,-1.478430,54.719749,On or near Woodland Crescent,E01020700,County Durham 044D,Public order,Investigation complete; no suspect identified,
a8849969834415672a42ec3e10c02a0beba5008b28d6e68efd78459f1e8aef12,2020-05,Durham Constabulary,Durham Constabulary,-1.478218,54.731449,On or near Church Street,E01020700,County Durham 044D,Violence and sexual offences,Unable to prosecute suspect,
d17a477abf004ed44aa45f1157084d2f722ff997c39adfe9cdf30327a7d7d765,2020-05,Durham Constabulary,Durham Constabulary,-1.470953,54.722871,On or near Morley Crescent,E01020700,County Durham 044D,Violence and sexual offences,Local resolution,
,2020-05,Durham Constabulary,Durham Constabulary,-1.500508,54.717056,On or near Browning Hill,E01020701,County Durham 044E,Anti-social behaviour,,
,2020-05,Durham Constabulary,Durham Constabulary,-1.499252,54.715658,On or near The Avenue,E01020701,County Durham 044E,Anti-social behaviour,,
09821f610dc92deda24ec850fad10ad9012a33a8113225743cdda8db0ad7f70b,2020-05,Durham Constabulary,Durham Constabulary,-1.501331,54.714516,On or near Roslyn Mews,E01020701,County Durham 044E,Other theft,Investigation complete; no suspect identified,
88f9dd362b18083593bc33dfebed3e862091b15e123e743c8ba6a83fb02bcfa6,2020-05,Durham Constabulary,Durham Constabulary,-1.501331,54.714516,On or near Roslyn Mews,E01020701,County Durham 044E,Other crime,Court result unavailable,
,2020-05,Durham Constabulary,Durham Constabulary,-1.756991,54.718389,On or near Coppice Mount,E01020876,County Durham 045A,Anti-social behaviour,,
,2020-05,Durham Constabulary,Durham Constabulary,-1.757693,54.728186,On or near Chestnut Grove,E01020876,County Durham 045A,Anti-social behaviour,,
3ffcb7dd615a8bfcb4e82f16b1676a4c48cc8f3f09726b668277ab0eaf8df762,2020-05,Durham Constabulary,Durham Constabulary,-1.750259,54.717468,On or near St Mary'S Avenue,E01020876,County Durham 045A,Burglary,Investigation complete; no suspect identified,
bcf9ad20729d265023a217cb90be9ade454dc9165e5762d147923c47e57c474e,2020-05,Durham Constabulary,Durham Constabulary,-1.750891,54.715734,On or near Foundry Fields,E01020876,County Durham 045A,Criminal damage and arson,Court result unavailable,
942d7c58a81ce47a1c16e87228c8ce0a25a513df11b80f952b14adfbe8be26cb,2020-05,Durham Constabulary,Durham Constabulary,-1.750901,54.719140,On or near High Hope Street,E01020876,County Durham 045A,Criminal damage and arson,Investigation complete; no suspect identified,
e330e8ed2522425b47502b982565936526a33466ad2e55b361f9713ab536ead9,2020-05,Durham Constabulary,Durham Constabulary,-1.761427,54.726935,On or near Sports/Recreation Area,E01020876,County Durham 045A,Violence and sexual offences,Unable to prosecute suspect,
a884c8d5cefaf595e06e6fda6a63c8d4490379de6de26c004ce1aef82832ada7,2020-05,Durham Constabulary,Durham Constabulary,-1.750901,54.719140,On or near High Hope Street,E01020876,County Durham 045A,Violence and sexual offences,Local resolution,
4d0b6965a7c9308d420f916c8e6e9379838e9a10ef6dbf756d6d514d264c3c46,2020-05,Durham Constabulary,Durham Constabulary,-1.750901,54.719140,On or near High Hope Street,E01020876,County Durham 045A,Violence and sexual offences,Unable to prosecute suspect,
,2020-05,Durham Constabulary,Durham Constabulary,-1.756684,54.715207,On or near Laurel Gardens,E01020878,County Durham 045B,Anti-social behaviour,,
,2020-05,Durham Constabulary,Durham Constabulary,-1.753976,54.716352,On or near Maple Crescent,E01020878,County Durham 045B,Anti-social behaviour,,
,2020-05,Durham Constabulary,Durham Constabulary,-1.753976,54.716352,On or near Maple Crescent,E01020878,County Durham 045B,Anti-social behaviour,,
,2020-05,Durham Constabulary,Durham Constabulary,-1.753976,54.716352,On or near Maple Crescent,E01020878,County Durham 045B,Anti-social behaviour,,
,2020-05,Durham Constabulary,Durham Constabulary,-1.756684,54.717894,On or near Acacia Gardens,E01020878,County Durham 045B,Anti-social behaviour,,
e3998a849a918ca7470b5dba94a5e84b36c8f60e6f057d32e06af099edd2956c,2020-05,Durham Constabulary,Durham Constabulary,-1.753380,54.717357,On or near Hartside,E01020878,County Durham 045B,Criminal damage and arson,Investigation complete; no suspect identified,
0833f2573b8262f9950b4aa8af119b82e8f5ebd1a1e3c9e85948cf1d325a51a0,2020-05,Durham Constabulary,Durham Constabulary,-1.756684,54.715207,On or near Laurel Gardens,E01020878,County Durham 045B,Criminal damage and arson,Unable to prosecute suspect,
191f406e0bcd084d415c9e996405d83828a70ef661f5b047979e1e02d28dd461,2020-05,Durham Constabulary,Durham Constabulary,-1.750814,54.713128,On or near Parking Area,E01020878,County Durham 045B,Public order,Unable to prosecute suspect,
8ae39742928ce2a633a2812336aa4bea577a4740827f098ec35c04da51f22ead,2020-05,Durham Constabulary,Durham Constabulary,-1.753976,54.716352,On or near Maple Crescent,E01020878,County Durham 045B,Public order,Local resolution,
c6cccb2670df0e0ab42838ce50fcbc2e374a470a5559a904ffe20cd6f83aa359,2020-05,Durham Constabulary,Durham Constabulary,-1.753976,54.716352,On or near Maple Crescent,E01020878,County Durham 045B,Public order,Further action is not in the public interest,
b36be658267ebcdc738c3c07736ad86e9ca2b6b2900011fa05bd0d5b7d6e6d30,2020-05,Durham Constabulary,Durham Constabulary,-1.750765,54.713479,On or near West Road,E01020878,County Durham 045B,Public order,Unable to prosecute suspect,
5bab3f3a48699e718701e2f12a3a8b0f111c77246d0772b3e783bd533c5354fe,2020-05,Durham Constabulary,Durham Constabulary,-1.753380,54.717357,On or near Hartside,E01020878,County Durham 045B,Public order,Unable to prosecute suspect,
74a725f52c671184ee99fe89f3e36672aa6a24246e77e73fe25d33688eddea5f,2020-05,Durham Constabulary,Durham Constabulary,-1.756684,54.717894,On or near Acacia Gardens,E01020878,County Durham 045B,Public order,Unable to prosecute suspect,
fb8fdd297e85a49c17151b1ba04d2fe899bfaa267e38563478c89f70854c236b,2020-05,Durham Constabulary,Durham Constabulary,-1.756132,54.714127,On or near Sycamore Gardens,E01020878,County Durham 045B,Public order,Unable to prosecute suspect,
a62298f049cb1bbe400422ec64ec7309fb8bd7bffde2d5e7bffd4245a6444036,2020-05,Durham Constabulary,Durham Constabulary,-1.753976,54.716352,On or near Maple Crescent,E01020878,County Durham 045B,Violence and sexual offences,Further action is not in the public interest,
9b3a0381ecab6b861cb2a4afdf7c2ab11e1b5349624204d4941c44c25fd8321e,2020-05,Durham Constabulary,Durham Constabulary,-1.756684,54.715207,On or near Laurel Gardens,E01020878,County Durham 045B,Violence and sexual offences,Unable to prosecute suspect,
6a3ba025c646598898fecb461b55ed5bd298c97baf8ab3203b5c15f0911ee242,2020-05,Durham Constabulary,Durham Constabulary,-1.756132,54.714127,On or near Sycamore Gardens,E01020878,County Durham 045B,Violence and sexual offences,Unable to prosecute suspect,
f64bbe3a36e7acd886d363a3c784fe7bbbb8836806cf0c0c6c187eed5c859419,2020-05,Durham Constabulary,Durham Constabulary,-1.753380,54.717357,On or near Hartside,E01020878,County Durham 045B,Violence and sexual offences,Unable to prosecute suspect,
f54f8cdc8da6d09ed90195c988337a2082d8fbd928f5520addfb09ff677d4d43,2020-05,Durham Constabulary,Durham Constabulary,-1.753976,54.716352,On or near Maple Crescent,E01020878,County Durham 045B,Other crime,Further investigation is not in the public interest,
,2020-05,Durham Constabulary,Durham Constabulary,-1.747304,54.705887,On or near Inglenook Close,E01020887,County Durham 045C,Anti-social behaviour,,
,2020-05,Durham Constabulary,Durham Constabulary,-1.749396,54.703950,On or near Weavers Croft,E01020887,County Durham 045C,Anti-social behaviour,,
,2020-05,Durham Constabulary,Durham Constabulary,-1.749396,54.703950,On or near Weavers Croft,E01020887,County Durham 045C,Anti-social behaviour,,
,2020-05,Durham Constabulary,Durham Constabulary,-1.749396,54.703950,On or near Weavers Croft,E01020887,County Durham 045C,Anti-social behaviour,,
,2020-05,Durham Constabulary,Durham Constabulary,-1.749396,54.703950,On or near Weavers Croft,E01020887,County Durham 045C,Anti-social behaviour,,
,2020-05,Durham Constabulary,Durham Constabulary,-1.752330,54.696182,On or near Bridge Street,E01020887,County Durham 045C,Anti-social behaviour,,
4795b0fa9cb1cd4ce9b48e683806539e8e1dd9e00cfc2947477a57041c701fe4,2020-05,Durham Constabulary,Durham Constabulary,-1.776650,54.711588,On or near A689,E01020887,County Durham 045C,Burglary,Investigation complete; no suspect identified,
3341692a3b0d4cfa12290a733fe56f34431680aa92d3bc7d79765d414f95f02e,2020-05,Durham Constabulary,Durham Constabulary,-1.752330,54.696182,On or near Bridge Street,E01020887,County Durham 045C,Criminal damage and arson,Investigation complete; no suspect identified,
8e2ccd49d6956e895d726bf93e19b9fe71b464458de2f792387e7c716e715f37,2020-05,Durham Constabulary,Durham Constabulary,-1.785478,54.706526,On or near Priorswood,E01020887,County Durham 045C,Drugs,Further action is not in the public interest,
4f01bb3bedca8b4cf705f2d579480540710c1153352a91355da1d54ed5a352fd,2020-05,Durham Constabulary,Durham Constabulary,-1.782737,54.702415,On or near Petrol Station,E01020887,County Durham 045C,Vehicle crime,Investigation complete; no suspect identified,
b300cfce8c3bb4cee9133548af08549aa07b132186196b23c23fda74cc93982e,2020-05,Durham Constabulary,Durham Constabulary,-1.747941,54.695868,On or near Theatre/Concert Hall,E01020887,County Durham 045C,Violence and sexual offences,Action to be taken by another organisation,
d8a813e3db4ce281bbf1d62302fb0f68005ce1c69fe6df579949eefbb1c91233,2020-05,Durham Constabulary,Durham Constabulary,-1.755176,54.695065,On or near Firtree Drive,E01020887,County Durham 045C,Violence and sexual offences,Investigation complete; no suspect identified,
a3ed75e506cac02efac62b16647f131741b6abab4a3f36197d4e4faac18e44a1,2020-05,Durham Constabulary,Durham Constabulary,-1.749396,54.703950,On or near Weavers Croft,E01020887,County Durham 045C,Violence and sexual offences,Unable to prosecute suspect,
798a197af41ada671bebba4aa0df3a405cfbb07a6352c6fc37dd0d1ff4d2e237,2020-05,Durham Constabulary,Durham Constabulary,-1.747941,54.695868,On or near Theatre/Concert Hall,E01020887,County Durham 045C,Violence and sexual offences,Action to be taken by another organisation,
17ce8d510979dbe96cd85730474b5e16687b8423529d553df5dd04cdeae1d0de,2020-05,Durham Constabulary,Durham Constabulary,-1.750333,54.702963,On or near Sports/Recreation Area,E01020887,County Durham 045C,Other crime,Investigation complete; no suspect identified,
,2020-05,Durham Constabulary,Durham Constabulary,-1.814895,54.748946,On or near Smith Street,E01020892,County Durham 045D,Anti-social behaviour,,
,2020-05,Durham Constabulary,Durham Constabulary,-1.813484,54.745062,On or near Railway Street,E01020892,County Durham 045D,Anti-social behaviour,,
,2020-05,Durham Constabulary,Durham Constabulary,-1.825547,54.753824,On or near Inkerman Road,E01020892,County Durham 045D,Anti-social behaviour,,
8685816a701aeb7ef50b843e5ae37ab9842eb1b138f824b3ba1da15cccb4b3c9,2020-05,Durham Constabulary,Durham Constabulary,-1.814895,54.748946,On or near Smith Street,E01020892,County Durham 045D,Burglary,Investigation complete; no suspect identified,
1cb69d1593b83903d5ca9d1524cc046964ce4a09a7cf789c26c641c4a785015c,2020-05,Durham Constabulary,Durham Constabulary,-1.818498,54.749338,On or near Dan'S Castle,E01020892,County Durham 045D,Vehicle crime,Investigation complete; no suspect identified,
35b892dffcdafdfb0f0bf05216d7ebe89c018acc2a6e06cfc176ab61541bb532,2020-05,Durham Constabulary,Durham Constabulary,-1.814895,54.748946,On or near Smith Street,E01020892,County Durham 045D,Violence and sexual offences,Unable to prosecute suspect,
16aa4cfb16fd5e926a752eb2056b64e5d0ca63d77fce8f7f6aefa055138a3325,2020-05,Durham Constabulary,Durham Constabulary,-1.814895,54.748946,On or near Smith Street,E01020892,County Durham 045D,Violence and sexual offences,Unable to prosecute suspect,
1fd798cd4bd87b5ab979345d0b6b3259c7206f64bdfaf848df294838183402ec,2020-05,Durham Constabulary,Durham Constabulary,-1.813417,54.742743,On or near St Alban'S Street,E01020892,County Durham 045D,Violence and sexual offences,Court result unavailable,
5ccf470ba229f99ea480eefa76e7ed9e7219ebae2bc12a14b336e96882beb3cb,2020-05,Durham Constabulary,Durham Constabulary,-1.815549,54.748759,On or near Prince Road,E01020892,County Durham 045D,Violence and sexual offences,Unable to prosecute suspect,
5841dbd84cec31d4640e98fe4fb88d5d8009792035ad155d9b33b942cf516613,2020-05,Durham Constabulary,Durham Constabulary,-1.814895,54.748946,On or near Smith Street,E01020892,County Durham 045D,Violence and sexual offences,Further investigation is not in the public interest,
70a417a943fbd2e6ee55aeca980c3faaa227fbc2356ea4f6359893ab8b636510,2020-05,Durham Constabulary,Durham Constabulary,-1.819224,54.750157,On or near Ridley Terrace,E01020892,County Durham 045D,Violence and sexual offences,Unable to prosecute suspect,
6494220ef2a54b8537fd4e8eedf12676cabec21ae9da778ca1ef2f73cbb622a5,2020-05,Durham Constabulary,Durham Constabulary,-1.813484,54.745062,On or near Railway Street,E01020892,County Durham 045D,Other crime,Court result unavailable,
,2020-05,Durham Constabulary,Durham Constabulary,-1.813799,54.740803,On or near Attlee Court,E01020894,County Durham 045E,Anti-social behaviour,,
,2020-05,Durham Constabulary,Durham Constabulary,-1.814543,54.744336,On or near Supermarket,E01020894,County Durham 045E,Anti-social behaviour,,
,2020-05,Durham Constabulary,Durham Constabulary,-1.819694,54.745763,On or near Ironworks Road,E01020894,County Durham 045E,Anti-social behaviour,,
,2020-05,Durham Constabulary,Durham Constabulary,-1.818592,54.745681,On or near Naismith Grove,E01020894,County Durham 045E,Anti-social behaviour,,
64e0376a140e69cadf095524890ba05adca1826223c28614e317158c1f40143c,2020-05,Durham Constabulary,Durham Constabulary,-1.801601,54.732300,On or near A68,E01020894,County Durham 045E,Burglary,Investigation complete; no suspect identified,
37b739620a73e7b2fa1a1ddb07cd4b83d7941a222cec8bc7bcc7021579870498,2020-05,Durham Constabulary,Durham Constabulary,-1.810549,54.741589,On or near Bridge Street,E01020894,County Durham 045E,Other theft,Unable to prosecute suspect,
9f8cd8255331b326011807140b3c822c334f1d5a61e07b12f6a7ae34b0d7134b,2020-05,Durham Constabulary,Durham Constabulary,-1.812895,54.744648,On or near Station Street,E01020894,County Durham 045E,Other theft,Investigation complete; no suspect identified,
e353544dda4aac3c98a6f2eda484eababee362532d1ad6c147ffecc9a9b9e74a,2020-05,Durham Constabulary,Durham Constabulary,-1.801601,54.732300,On or near A68,E01020894,County Durham 045E,Other theft,Unable to prosecute suspect,
8283d21e6cb7ca457cae5df9d1d0fa66d79e9f2c67d7e17977db7d5707d64b5a,2020-05,Durham Constabulary,Durham Constabulary,-1.804088,54.718771,On or near Coal Road,E01020894,County Durham 045E,Violence and sexual offences,Local resolution,
d9d88223c8f5d5e76a5999a3e0b1e897effe479a50bb8a8a2e3283501fa9d81d,2020-05,Durham Constabulary,Durham Constabulary,-1.814816,54.745792,On or near Supermarket,E01020894,County Durham 045E,Violence and sexual offences,Unable to prosecute suspect,
482efc621616dc1ad98fbf5496698d0438f3d4221a71c78ef23e2acdfa6708cd,2020-05,Durham Constabulary,Durham Constabulary,-1.813799,54.740803,On or near Attlee Court,E01020894,County Durham 045E,Violence and sexual offences,Unable to prosecute suspect,
d3b192bb56263a74bb9c4d5ede6de32ffe9eef8f4662d5b59304ef65d7c45aec,2020-05,Durham Constabulary,Durham Constabulary,-1.813799,54.740803,On or near Attlee Court,E01020894,County Durham 045E,Violence and sexual offences,Unable to prosecute suspect,
f4413094622492e82d8d2357f77fabc9c2a1eeeb4d0a0ee2ac0e510cc81024e7,2020-05,Durham Constabulary,Durham Constabulary,-1.812576,54.746660,On or near Highfields,E01020894,County Durham 045E,Violence and sexual offences,Unable to prosecute suspect,
47b4c80aee3f7c1da4d38f39e9e36202741fa5d7bea4fc193369c753d18fc678,2020-05,Durham Constabulary,Durham Constabulary,-1.801601,54.732300,On or near A68,E01020894,County Durham 045E,Violence and sexual offences,Unable to prosecute suspect,
16ac8cc5aad08a55287d4236b21d2168aaad5a54b22f453520105768692498c6,2020-05,Durham Constabulary,Durham Constabulary,-1.814543,54.744336,On or near Supermarket,E01020894,County Durham 045E,Violence and sexual offences,Unable to prosecute suspect,
101c46c21f71c583c80d283181d764f1cd6900db29a563ea8f4e162655693f07,2020-05,Durham Constabulary,Durham Constabulary,-1.802569,54.740704,On or near B6299,E01020894,County Durham 045E,Violence and sexual offences,Investigation complete; no suspect identified,
,2020-05,Durham Constabulary,Durham Constabulary,-1.741061,54.709055,On or near Patterdale Close,E01020898,County Durham 045F,Anti-social behaviour,,
,2020-05,Durham Constabulary,Durham Constabulary,-1.738380,54.708528,On or near Esk Gardens,E01020898,County Durham 045F,Anti-social behaviour,,
,2020-05,Durham Constabulary,Durham Constabulary,-1.736771,54.710079,On or near Rydal Drive,E01020898,County Durham 045F,Anti-social behaviour,,
,2020-05,Durham Constabulary,Durham Constabulary,-1.740434,54.707607,On or near Blencathra Crescent,E01020898,County Durham 045F,Anti-social behaviour,,
,2020-05,Durham Constabulary,Durham Constabulary,-1.737315,54.712372,On or near Ravensworth Court,E01020898,County Durham 045F,Anti-social behaviour,,
6eaa370faeb25aaf4b7b3233bfa0831f73e5ee7756be2e1f59aa32badd65d6a5,2020-05,Durham Constabulary,Durham Constabulary,-1.741742,54.709416,On or near Ullswater Crescent,E01020898,County Durham 045F,Criminal damage and arson,Unable to prosecute suspect,
f703198879d5fb36bfbc607667d671eb950a4088c1b09c5f49eed6052f5b7224,2020-05,Durham Constabulary,Durham Constabulary,-1.738819,54.710128,On or near Derwent Avenue,E01020898,County Durham 045F,Criminal damage and arson,Local resolution,
f3a7c1aa4855d9fed81fcf2b51dcdb7b8adeeebf80a1e25f3c95e5d797c6dbf4,2020-05,Durham Constabulary,Durham Constabulary,-1.739887,54.713015,On or near Bladeside,E01020898,County Durham 045F,Criminal damage and arson,Investigation complete; no suspect identified,
e21bb33986a7ef90b4968d67f326291f40b72b815382b5bc0aeb8213447d4283,2020-05,Durham Constabulary,Durham Constabulary,-1.741742,54.709416,On or near Ullswater Crescent,E01020898,County Durham 045F,Other theft,Unable to prosecute suspect,
6452184f3e79758082e2db97515bf322eb4673bbb257fa71588abe95b99c3f3a,2020-05,Durham Constabulary,Durham Constabulary,-1.736771,54.710079,On or near Rydal Drive,E01020898,County Durham 045F,Public order,Unable to prosecute suspect,
1a9e3d17b07aa39629bb0812f60ca17dba449e74b4589adff9cba0640732b9a1,2020-05,Durham Constabulary,Durham Constabulary,-1.740434,54.707607,On or near Blencathra Crescent,E01020898,County Durham 045F,Violence and sexual offences,Unable to prosecute suspect,
440831b072b2fa5873df8b74c0ded4db27e626565891aef518ff038609efbf82,2020-05,Durham Constabulary,Durham Constabulary,-1.736771,54.710079,On or near Rydal Drive,E01020898,County Durham 045F,Violence and sexual offences,Unable to prosecute suspect,
dc60d665834f40129592701781aaddc389999f7ba63de250589cfafa18f99e8a,2020-05,Durham Constabulary,Durham Constabulary,-1.735899,54.710553,On or near Bedburn Close,E01020898,County Durham 045F,Violence and sexual offences,Unable to prosecute suspect,
32f1881d6e22c992de8c5f91af7a149f99a5fa066713997e9aee787ff1095c75,2020-05,Durham Constabulary,Durham Constabulary,-1.738819,54.710128,On or near Derwent Avenue,E01020898,County Durham 045F,Violence and sexual offences,Investigation complete; no suspect identified,
50cd0a68093ec56b0f48c19bdee5b450557a2c1ad4fdea8a1b885b06ad4c7f23,2020-05,Durham Constabulary,Durham Constabulary,-1.740322,54.708092,On or near Hawes Crescent,E01020898,County Durham 045F,Violence and sexual offences,Unable to prosecute suspect,
f00be15592193aa3440d051fa776a104cb03a113d1d69a43ca337ce243fb54e1,2020-05,Durham Constabulary,Durham Constabulary,-1.741742,54.709416,On or near Ullswater Crescent,E01020898,County Durham 045F,Violence and sexual offences,Unable to prosecute suspect,
e827097d51a80132ec9384cc358f086ce36646a0c6ff071fb46632758e9ecf43,2020-05,Durham Constabulary,Durham Constabulary,-1.740434,54.707607,On or near Blencathra Crescent,E01020898,County Durham 045F,Violence and sexual offences,Unable to prosecute suspect,
88d4c5a3d20b5a8da01f1db6f0e50248c798080a27dfa15670d05655ac28eea6,2020-05,Durham Constabulary,Durham Constabulary,-1.738380,54.708528,On or near Esk Gardens,E01020898,County Durham 045F,Violence and sexual offences,Unable to prosecute suspect,
59ff31fb3b97a6345ee751d7a27f93a5bdfd663f47f540e3d7fe09843c30b3d8,2020-05,Durham Constabulary,Durham Constabulary,-1.740434,54.707607,On or near Blencathra Crescent,E01020898,County Durham 045F,Violence and sexual offences,Unable to prosecute suspect,
0ed51ca976ecb683958a6019332909228134da6ca6442b4db3721acea31a3cb1,2020-05,Durham Constabulary,Durham Constabulary,-1.738819,54.710128,On or near Derwent Avenue,E01020898,County Durham 045F,Violence and sexual offences,Unable to prosecute suspect,
985e4a7359333bf299df08edc84dbaffb62f423158439d49dd353bf32d6bad7e,2020-05,Durham Constabulary,Durham Constabulary,-1.740846,54.711094,On or near Coniston Crescent,E01020898,County Durham 045F,Violence and sexual offences,Unable to prosecute suspect,
ad4ff02e2588d209a8900b3198fc10889976b66cf263c60e72f432089c32b582,2020-05,Durham Constabulary,Durham Constabulary,-1.738819,54.710128,On or near Derwent Avenue,E01020898,County Durham 045F,Other crime,Unable to prosecute suspect,
,2020-05,Durham Constabulary,Durham Constabulary,-1.748317,54.715298,On or near Nelson Street,E01020877,County Durham 046A,Anti-social behaviour,,
,2020-05,Durham Constabulary,Durham Constabulary,-1.747131,54.716293,On or near Hope Street,E01020877,County Durham 046A,Anti-social behaviour,,
,2020-05,Durham Constabulary,Durham Constabulary,-1.748317,54.715298,On or near Nelson Street,E01020877,County Durham 046A,Anti-social behaviour,,
,2020-05,Durham Constabulary,Durham Constabulary,-1.747294,54.715008,On or near Victoria Street,E01020877,County Durham 046A,Anti-social behaviour,,
,2020-05,Durham Constabulary,Durham Constabulary,-1.747131,54.716293,On or near Hope Street,E01020877,County Durham 046A,Anti-social behaviour,,
,2020-05,Durham Constabulary,Durham Constabulary,-1.748601,54.714552,On or near Calvert Street,E01020877,County Durham 046A,Anti-social behaviour,,
,2020-05,Durham Constabulary,Durham Constabulary,-1.745901,54.711941,On or near Parking Area,E01020877,County Durham 046A,Anti-social behaviour,,
,2020-05,Durham Constabulary,Durham Constabulary,-1.746862,54.707099,On or near Hollowdene,E01020877,County Durham 046A,Anti-social behaviour,,
,2020-05,Durham Constabulary,Durham Constabulary,-1.748601,54.714552,On or near Calvert Street,E01020877,County Durham 046A,Anti-social behaviour,,
,2020-05,Durham Constabulary,Durham Constabulary,-1.742715,54.715034,On or near West Bridge Street,E01020877,County Durham 046A,Anti-social behaviour,,
,2020-05,Durham Constabulary,Durham Constabulary,-1.747814,54.716231,On or near Wesley Street,E01020877,County Durham 046A,Anti-social behaviour,,
,2020-05,Durham Constabulary,Durham Constabulary,-1.747131,54.716293,On or near Hope Street,E01020877,County Durham 046A,Anti-social behaviour,,
d5e02b285a04b6deaee7984dd440a0add26b6d1b893ee67c5086ae3698781e0b,2020-05,Durham Constabulary,Durham Constabulary,-1.746271,54.714862,On or near Further/Higher Educational Building,E01020877,County Durham 046A,Criminal damage and arson,Court result unavailable,
efedd53d8603efd9b4a49a69721abae8a47fa52d3aad2e812cdb1ce59a4f4437,2020-05,Durham Constabulary,Durham Constabulary,-1.748317,54.715298,On or near Nelson Street,E01020877,County Durham 046A,Criminal damage and arson,Formal action is not in the public interest,
ab63f8a9b79f12cdc26e8b3c17752eaf7bc7937cde69d7a61007358bdf23a518,2020-05,Durham Constabulary,Durham Constabulary,-1.746806,54.713650,On or near Croft Street,E01020877,County Durham 046A,Criminal damage and arson,Court result unavailable,
9ea8833a5f32e0c875b11a53603258063961c420eff368ec3b47f7840dc04e9c,2020-05,Durham Constabulary,Durham Constabulary,-1.747856,54.714524,On or near Commercial Street,E01020877,County Durham 046A,Criminal damage and arson,Court result unavailable,
861077b45405dbb3cccf9dade28f3fce289214094308689c1e46fc5225803fb1,2020-05,Durham Constabulary,Durham Constabulary,-1.747856,54.714524,On or near Commercial Street,E01020877,County Durham 046A,Criminal damage and arson,Court result unavailable,
fc05d3f5ac269ae14e77e46e46fc3c07ac8add2bd954a2b83686758d611d2b91,2020-05,Durham Constabulary,Durham Constabulary,-1.744800,54.716755,On or near Grey Street,E01020877,County Durham 046A,Criminal damage and arson,Investigation complete; no suspect identified,
e9d3ad95d0548712933e6cfb097031f91a43655115b413d32ceabcf7cfa5f7df,2020-05,Durham Constabulary,Durham Constabulary,-1.744532,54.714930,On or near Church Street,E01020877,County Durham 046A,Criminal damage and arson,Further action is not in the public interest,
b9715d7d3766df702760a6b01ef47612a1cc3b31573c7d97400cac2fcdaf5e1e,2020-05,Durham Constabulary,Durham Constabulary,-1.747131,54.716293,On or near Hope Street,E01020877,County Durham 046A,Criminal damage and arson,Court result unavailable,
c32d6c61792a99e73d981e06f426dd33fc0e05cec5e654e22deed759060d9184,2020-05,Durham Constabulary,Durham Constabulary,-1.747856,54.714524,On or near Commercial Street,E01020877,County Durham 046A,Criminal damage and arson,Unable to prosecute suspect,
5ecc86cfe75636922f40213171084097e4ddceeaf00373a1f29c63b6948b3544,2020-05,Durham Constabulary,Durham Constabulary,-1.747856,54.714524,On or near Commercial Street,E01020877,County Durham 046A,Drugs,Further investigation is not in the public interest,
db9a46ec9665fe839794524badc7301a4232f03b38b145e71b8420cba0eb00dc,2020-05,Durham Constabulary,Durham Constabulary,-1.747294,54.715008,On or near Victoria Street,E01020877,County Durham 046A,Drugs,Offender given a caution,
129129d5b490366e1cb1f23785e7168816a48852c76b5c5441b80ad1914247ca,2020-05,Durham Constabulary,Durham Constabulary,-1.745901,54.711941,On or near Parking Area,E01020877,County Durham 046A,Drugs,Local resolution,
be0e944a7e08386c0ddc4d43080a0510c7ba121969e08179beedafe9d2d07716,2020-05,Durham Constabulary,Durham Constabulary,-1.747294,54.715008,On or near Victoria Street,E01020877,County Durham 046A,Other theft,Unable to prosecute suspect,
b646f6cd183317fef147005bf230b1db9c54b3cfa800d1ab813a673904dfd342,2020-05,Durham Constabulary,Durham Constabulary,-1.745421,54.714276,On or near South Street,E01020877,County Durham 046A,Public order,Offender given penalty notice,
c1e14ac2f98f79c0c5f74a2f8926b48dc7af53645c8688222a107ce56d54f767,2020-05,Durham Constabulary,Durham Constabulary,-1.746539,54.714117,On or near Queen Street,E01020877,County Durham 046A,Public order,Unable to prosecute suspect,
5b090bd325eac1917f5153755988f2803c3831758789bb3bee7b0fa44e5871fc,2020-05,Durham Constabulary,Durham Constabulary,-1.746271,54.714862,On or near Further/Higher Educational Building,E01020877,County Durham 046A,Public order,Court result unavailable,
ceaf8c39ccfc249b4954d82b231aa9d1acb94e7e0411c214cfa18c54eb82b6d6,2020-05,Durham Constabulary,Durham Constabulary,-1.746271,54.714862,On or near Further/Higher Educational Building,E01020877,County Durham 046A,Public order,Unable to prosecute suspect,
d37180d32e06f3e65389b0743c718c3355d67ba1faf4ac22ff963addb08d5818,2020-05,Durham Constabulary,Durham Constabulary,-1.748317,54.715298,On or near Nelson Street,E01020877,County Durham 046A,Public order,Court result unavailable,
ed88737be43bce5a2bf7574eaefa34b713c470b7b5cdb2cab791058bec96bbf9,2020-05,Durham Constabulary,Durham Constabulary,-1.744884,54.713215,On or near Police Station,E01020877,County Durham 046A,Shoplifting,Court result unavailable,
3f47833e51d16f42ce61d59e8b6dc8da0805b96fad874cc46865568c1d48e27e,2020-05,Durham Constabulary,Durham Constabulary,-1.748601,54.714552,On or near Calvert Street,E01020877,County Durham 046A,Shoplifting,Formal action is not in the public interest,
b985ba15b8513e540912a10f603e3c422ddfa20b7bfee3031543492dbebacf50,2020-05,Durham Constabulary,Durham Constabulary,-1.748028,54.716843,On or near Parking Area,E01020877,County Durham 046A,Shoplifting,Local resolution,
b2711db426a73c478017048c9cb0bd85bf0d6f3a2634d647edb88728ab466a3f,2020-05,Durham Constabulary,Durham Constabulary,-1.747294,54.715008,On or near Victoria Street,E01020877,County Durham 046A,Theft from the person,Unable to prosecute suspect,
7c42269cfbfa928088d78ec51b56d12c0575225311126f0d61e25a1c004125e1,2020-05,Durham Constabulary,Durham Constabulary,-1.747856,54.714524,On or near Commercial Street,E01020877,County Durham 046A,Vehicle crime,Court result unavailable,
40e7f0d9d30a8a0137ee9fe6889666a85520be7d081ea2725ed97840069a6b6e,2020-05,Durham Constabulary,Durham Constabulary,-1.748601,54.714552,On or near Calvert Street,E01020877,County Durham 046A,Violence and sexual offences,Unable to prosecute suspect,
4daf019f71f4ad848224bc8e9874839abe28a1dd01a2be334006d9c48cf24174,2020-05,Durham Constabulary,Durham Constabulary,-1.745500,54.716460,On or near Addison Street,E01020877,County Durham 046A,Violence and sexual offences,Investigation complete; no suspect identified,
ffd07efc8e0d42eaeaca4fc525d040720ed162608af680ac297bc47a728f5d9e,2020-05,Durham Constabulary,Durham Constabulary,-1.747856,54.714524,On or near Commercial Street,E01020877,County Durham 046A,Violence and sexual offences,Court result unavailable,
fbf21a5f2f0f7445880e294cf3845f092cd0d2d5721bed9a57a605e9c755580d,2020-05,Durham Constabulary,Durham Constabulary,-1.745421,54.714276,On or near South Street,E01020877,County Durham 046A,Violence and sexual offences,Unable to prosecute suspect,
236a88ca568bae500c23d0ef5333399e4a8871526c19e9cf2dda24d6d0289d1c,2020-05,Durham Constabulary,Durham Constabulary,-1.746806,54.713650,On or near Croft Street,E01020877,County Durham 046A,Violence and sexual offences,Court result unavailable,
f84452608a299103335dd3947459c8d2612bf4c82b2eb63725e027fea87f65ad,2020-05,Durham Constabulary,Durham Constabulary,-1.746271,54.714862,On or near Further/Higher Educational Building,E01020877,County Durham 046A,Violence and sexual offences,Unable to prosecute suspect,
f5d2b8c998b9ea9d239bb367ea9567f2393445c3c28a7f260ececf7dcc64d1dc,2020-05,Durham Constabulary,Durham Constabulary,-1.744884,54.713215,On or near Police Station,E01020877,County Durham 046A,Violence and sexual offences,Unable to prosecute suspect,
0f401c0c5a4f8099ca491166e6a50878ed51d18cd3de39d67bd3c38b21fd4a70,2020-05,Durham Constabulary,Durham Constabulary,-1.744884,54.713215,On or near Police Station,E01020877,County Durham 046A,Violence and sexual offences,Further action is not in the public interest,
,2020-05,Durham Constabulary,Durham Constabulary,-1.758865,54.708723,On or near Fern Valley,E01020879,County Durham 046B,Anti-social behaviour,,
1cd5510abcc93b7045bd5da779aae3a41db029d84ab87d5b762a5ded368381c0,2020-05,Durham Constabulary,Durham Constabulary,-1.757934,54.711192,On or near Satley Close,E01020879,County Durham 046B,Criminal damage and arson,Investigation complete; no suspect identified,
85ecf0f1c3d5eb8ebad4cb0a8b736627efdd695593d243ecb72784daa5508781,2020-05,Durham Constabulary,Durham Constabulary,-1.764897,54.712320,On or near High West Road,E01020879,County Durham 046B,Public order,Unable to prosecute suspect,
6c79d7248935a06f6f39a1a279d59b12f64cc056f246f05b88d433efc0b76ca6,2020-05,Durham Constabulary,Durham Constabulary,-1.755287,54.710145,On or near Sewell Court,E01020879,County Durham 046B,Violence and sexual offences,Unable to prosecute suspect,
af8314040b7a6ce6d9ab2c108314f8e44290285e477a48a1b1c85c9c31bc48b2,2020-05,Durham Constabulary,Durham Constabulary,-1.758865,54.708723,On or near Fern Valley,E01020879,County Durham 046B,Violence and sexual offences,Unable to prosecute suspect,
457ce2e13bb6e4519542fb9dd537c3b28ef4def9fe0c994ca91b3ddb91ebf8b7,2020-05,Durham Constabulary,Durham Constabulary,-1.761933,54.709484,On or near Kipling Way,E01020879,County Durham 046B,Violence and sexual offences,Investigation complete; no suspect identified,
543f549d204ccce6d5415edf37641166c00059beabcc83c6f450f40a42680793,2020-05,Durham Constabulary,Durham Constabulary,-1.758807,54.707932,On or near Chaucer Drive,E01020879,County Durham 046B,Violence and sexual offences,Investigation complete; no suspect identified,
fb022cefa2654b0c109572cc646834528b3ed2c1be7f2c9b84dd480a8e81ccbc,2020-05,Durham Constabulary,Durham Constabulary,-1.747914,54.710157,On or near South End Villas,E01020879,County Durham 046B,Violence and sexual offences,Investigation complete; no suspect identified,
,2020-05,Durham Constabulary,Durham Constabulary,-1.747616,54.725766,On or near Temperance Terrace,E01020893,County Durham 046C,Anti-social behaviour,,
,2020-05,Durham Constabulary,Durham Constabulary,-1.740447,54.732293,On or near Chapel Street,E01020893,County Durham 046C,Anti-social behaviour,,
,2020-05,Durham Constabulary,Durham Constabulary,-1.743440,54.732946,On or near Black Road,E01020893,County Durham 046C,Anti-social behaviour,,
08e93360054edb877292f199431ccdf6c33f7bbdc511bf47bc9486394de425a1,2020-05,Durham Constabulary,Durham Constabulary,-1.747616,54.725766,On or near Temperance Terrace,E01020893,County Durham 046C,Criminal damage and arson,Local resolution,
a5b392182bc2fe113d9be20214a6b36f5563e8daa56a3a9b6dfe196929e38cdc,2020-05,Durham Constabulary,Durham Constabulary,-1.735454,54.731249,On or near Petrol Station,E01020893,County Durham 046C,Drugs,Offender given a drugs possession warning,
ca3112fdf26ecccddf1533d63f9a2ebffeb74af1aa4396df9cb071bf87ef616d,2020-05,Durham Constabulary,Durham Constabulary,-1.750850,54.730023,On or near Billy Row Green,E01020893,County Durham 046C,Other theft,Unable to prosecute suspect,
063a2b27fe88b2b8f69730e6925b3dcfa912f5185fa24b1de458133fd72cd56f,2020-05,Durham Constabulary,Durham Constabulary,-1.782005,54.740579,On or near Front Street,E01020893,County Durham 046C,Other theft,Local resolution,
f65bd8cc8c0350e536c15f073ed70291f83f750cad76686ba4ff2097a8afe58d,2020-05,Durham Constabulary,Durham Constabulary,-1.782005,54.740579,On or near Front Street,E01020893,County Durham 046C,Other theft,Investigation complete; no suspect identified,
10b500ba0f8f19aa5ac633bba7cc3f7b845cd13d055f636fa63d422c5b308ccc,2020-05,Durham Constabulary,Durham Constabulary,-1.751178,54.729799,On or near Peases West,E01020893,County Durham 046C,Public order,Unable to prosecute suspect,
530adcc4275d5dcccec4e36369080131960fee8525628cad848ac2e5193992a6,2020-05,Durham Constabulary,Durham Constabulary,-1.752287,54.731203,On or near Stanley Way,E01020893,County Durham 046C,Public order,Offender given penalty notice,
4f9bcd03b0ee0ad4f93f410e62f0b7583ad48e027d914a600cf308c72bd32baa,2020-05,Durham Constabulary,Durham Constabulary,-1.747616,54.725766,On or near Temperance Terrace,E01020893,County Durham 046C,Public order,Unable to prosecute suspect,
b018d021541ad94e25321b5111618237c744728bdba064a2079c00cc1933c083,2020-05,Durham Constabulary,Durham Constabulary,-1.752287,54.731203,On or near Stanley Way,E01020893,County Durham 046C,Violence and sexual offences,Court result unavailable,
d2090e9f1295602ffe7131b0f4fd56fb4751979982e287b70954eccab2378f07,2020-05,Durham Constabulary,Durham Constabulary,-1.752287,54.731203,On or near Stanley Way,E01020893,County Durham 046C,Violence and sexual offences,Court result unavailable,
3d2202c544a30f044c009889ecc19bea18e0a97024b1772913a5a06e0baa46bd,2020-05,Durham Constabulary,Durham Constabulary,-1.744386,54.735662,On or near High Road,E01020893,County Durham 046C,Violence and sexual offences,Unable to prosecute suspect,
,2020-05,Durham Constabulary,Durham Constabulary,-1.732560,54.710834,On or near Job'S Hill Bank,E01020899,County Durham 046D,Anti-social behaviour,,
,2020-05,Durham Constabulary,Durham Constabulary,-1.732560,54.710834,On or near Job'S Hill Bank,E01020899,County Durham 046D,Anti-social behaviour,,
,2020-05,Durham Constabulary,Durham Constabulary,-1.737512,54.713028,On or near Wheatbottom,E01020899,County Durham 046D,Anti-social behaviour,,
a31fa9b460020d6c5e3782f88c61786d7846d89bb9ee3c570f0a0bae373c276b,2020-05,Durham Constabulary,Durham Constabulary,-1.723811,54.710158,On or near Front Street,E01020899,County Durham 046D,Criminal damage and arson,Investigation complete; no suspect identified,
c9fa875c243a446eb2583a7704f3aa9a697e9e2e8e0423fe10f8d6faf1d986ff,2020-05,Durham Constabulary,Durham Constabulary,-1.732560,54.710834,On or near Job'S Hill Bank,E01020899,County Durham 046D,Criminal damage and arson,Investigation complete; no suspect identified,
3453908fb414fe75bb1fb7bc723c88b56090665e0d77f387bb8e054ba848a0ce,2020-05,Durham Constabulary,Durham Constabulary,-1.733230,54.710368,On or near Dale View,E01020899,County Durham 046D,Other theft,Investigation complete; no suspect identified,
6aa7dd119cc5a17420907dc882ece20f8c8cfc3cb74a89edc1361e97308ad4fd,2020-05,Durham Constabulary,Durham Constabulary,-1.740047,54.714750,On or near Sandringham Road,E01020899,County Durham 046D,Public order,Court result unavailable,
0ad7ef0240c0069e50c9463f5c1a4c8aca1361094a593335a2bea24e32ee2001,2020-05,Durham Constabulary,Durham Constabulary,-1.740449,54.715012,On or near George Terrace,E01020899,County Durham 046D,Public order,Unable to prosecute suspect,
cc868e5781c79524e5b0a8e2b9485de1020cbb19ddd7756ec21f75f69455245d,2020-05,Durham Constabulary,Durham Constabulary,-1.740047,54.714750,On or near Sandringham Road,E01020899,County Durham 046D,Public order,Court result unavailable,
0f283ed88144682e2eee672eac5a20aaf365a82382444068d75da2ef5021801e,2020-05,Durham Constabulary,Durham Constabulary,-1.732560,54.710834,On or near Job'S Hill Bank,E01020899,County Durham 046D,Violence and sexual offences,Unable to prosecute suspect,
7b2927f06a955d944c16491f6c490e801a8d7cc87620e15f2895575303bab7ae,2020-05,Durham Constabulary,Durham Constabulary,-1.741168,54.714231,On or near Linton Terrace,E01020899,County Durham 046D,Violence and sexual offences,Unable to prosecute suspect,
5fe3c76803d4e3baef15166dca9cb907d39941eb2ccfaf8952611d52161c7969,2020-05,Durham Constabulary,Durham Constabulary,-1.716420,54.712810,On or near Church Street,E01020899,County Durham 046D,Violence and sexual offences,Unable to prosecute suspect,
63cdd98c8fd182f7e6860a562f8c95880939d7fa4038b7d2013404c29d31c3fe,2020-05,Durham Constabulary,Durham Constabulary,-1.732560,54.710834,On or near Job'S Hill Bank,E01020899,County Durham 046D,Violence and sexual offences,Unable to prosecute suspect,
70a94abcd8fe934e8e5707d82cc8ca641596f3aa73bec60afe3a17c2bb568e8d,2020-05,Durham Constabulary,Durham Constabulary,-1.723811,54.710158,On or near Front Street,E01020899,County Durham 046D,Violence and sexual offences,Action to be taken by another organisation,
1fb26b46ca1f100f25db2795121b8d29dea6a36959161fcade41ff0b92183965,2020-05,Durham Constabulary,Durham Constabulary,-1.740047,54.714750,On or near Sandringham Road,E01020899,County Durham 046D,Other crime,Court result unavailable,
,2020-05,Durham Constabulary,Durham Constabulary,-1.639143,54.713989,On or near Parking Area,E01020903,County Durham 046E,Anti-social behaviour,,
,2020-05,Durham Constabulary,Durham Constabulary,-1.690963,54.713062,On or near Albion Place,E01020903,County Durham 046E,Anti-social behaviour,,
,2020-05,Durham Constabulary,Durham Constabulary,-1.687301,54.714895,On or near Boyne Street,E01020903,County Durham 046E,Anti-social behaviour,,
,2020-05,Durham Constabulary,Durham Constabulary,-1.639143,54.713989,On or near Parking Area,E01020903,County Durham 046E,Anti-social behaviour,,
,2020-05,Durham Constabulary,Durham Constabulary,-1.639143,54.713989,On or near Parking Area,E01020903,County Durham 046E,Anti-social behaviour,,
,2020-05,Durham Constabulary,Durham Constabulary,-1.639143,54.713989,On or near Parking Area,E01020903,County Durham 046E,Anti-social behaviour,,
,2020-05,Durham Constabulary,Durham Constabulary,-1.690963,54.713062,On or near Albion Place,E01020903,County Durham 046E,Anti-social behaviour,,
,2020-05,Durham Constabulary,Durham Constabulary,-1.690963,54.713062,On or near Albion Place,E01020903,County Durham 046E,Anti-social behaviour,,
,2020-05,Durham Constabulary,Durham Constabulary,-1.690963,54.713062,On or near Albion Place,E01020903,County Durham 046E,Anti-social behaviour,,
4d4c6d668118f8ebffc3e0a1e53bcbb57c0f720c57a5d14ef007fef9b0499928,2020-05,Durham Constabulary,Durham Constabulary,-1.690963,54.713062,On or near Albion Place,E01020903,County Durham 046E,Burglary,Investigation complete; no suspect identified,
d8c82ae4a4b7f35a0b7b6fff09e2cca89120e61a7dfe0ed71580465ebcb1021b,2020-05,Durham Constabulary,Durham Constabulary,-1.639143,54.713989,On or near Parking Area,E01020903,County Durham 046E,Burglary,Investigation complete; no suspect identified,
cc8d7d3d4c2f5dac35e7e3ea1865fdb59649c7a4ba7c1ca2f8ab9debf7013530,2020-05,Durham Constabulary,Durham Constabulary,-1.639143,54.713989,On or near Parking Area,E01020903,County Durham 046E,Other theft,Investigation complete; no suspect identified,
004e045b3353d8b1c074a968d51b72f74f36ecc8e82aaf4ec5e46756b319dfef,2020-05,Durham Constabulary,Durham Constabulary,-1.688591,54.726860,On or near Mullin Close,E01020903,County Durham 046E,Vehicle crime,Investigation complete; no suspect identified,
6f463088002731d1409eb4a25958da18f5c98c55e50a4e6cf9bdc317f3ddff31,2020-05,Durham Constabulary,Durham Constabulary,-1.686671,54.724114,On or near South Acre,E01020903,County Durham 046E,Violence and sexual offences,Status update unavailable,
8fd96a9aba85fb7a652cbfcf800a3ff77d4790d8a6269103319e5f85bf1be9ce,2020-05,Durham Constabulary,Durham Constabulary,-1.686671,54.724114,On or near South Acre,E01020903,County Durham 046E,Violence and sexual offences,Status update unavailable,
af4629ee84697636635ccaff642855e023fcf1ecd2935bf45c170eef833ecbe1,2020-05,Durham Constabulary,Durham Constabulary,-1.690963,54.713062,On or near Albion Place,E01020903,County Durham 046E,Violence and sexual offences,Unable to prosecute suspect,
,2020-05,Durham Constabulary,Durham Constabulary,-1.698667,54.712354,On or near Mill Street,E01020904,County Durham 046F,Anti-social behaviour,,
,2020-05,Durham Constabulary,Durham Constabulary,-1.698667,54.712354,On or near Mill Street,E01020904,County Durham 046F,Anti-social behaviour,,
,2020-05,Durham Constabulary,Durham Constabulary,-1.697206,54.710544,On or near Larmouth Close,E01020904,County Durham 046F,Anti-social behaviour,,
,2020-05,Durham Constabulary,Durham Constabulary,-1.698667,54.712354,On or near Mill Street,E01020904,County Durham 046F,Anti-social behaviour,,
,2020-05,Durham Constabulary,Durham Constabulary,-1.697206,54.710544,On or near Larmouth Close,E01020904,County Durham 046F,Anti-social behaviour,,
,2020-05,Durham Constabulary,Durham Constabulary,-1.698667,54.712354,On or near Mill Street,E01020904,County Durham 046F,Anti-social behaviour,,
,2020-05,Durham Constabulary,Durham Constabulary,-1.698667,54.712354,On or near Mill Street,E01020904,County Durham 046F,Anti-social behaviour,,
19b56cba7c7d42fae09f3ddb6dd4ba7e7d94763078a9b4d3fc06858fca2f4457,2020-05,Durham Constabulary,Durham Constabulary,-1.703896,54.710390,On or near Burnington Drive,E01020904,County Durham 046F,Burglary,Investigation complete; no suspect identified,
5860070f38ff6d0693acbbdfabfb7c564229e780bf444ab7e1e37619f1a4dfc8,2020-05,Durham Constabulary,Durham Constabulary,-1.698667,54.712354,On or near Mill Street,E01020904,County Durham 046F,Burglary,Investigation complete; no suspect identified,
4844b1b6eca764b9c0b782c9783232b93978eac4998aee6bd32fbfb8a188eb39,2020-05,Durham Constabulary,Durham Constabulary,-1.700597,54.713725,On or near West End Terrace,E01020904,County Durham 046F,Public order,Investigation complete; no suspect identified,
ee30e9b0c9543b68471ca112790f85dd5ac992a09a08065a7b642103fbdd76cc,2020-05,Durham Constabulary,Durham Constabulary,-1.696712,54.712223,On or near High Street,E01020904,County Durham 046F,Violence and sexual offences,Unable to prosecute suspect,
,2020-05,Durham Constabulary,Durham Constabulary,-1.609236,54.711883,On or near Easby Court,E01020817,County Durham 047A,Anti-social behaviour,,
,2020-05,Durham Constabulary,Durham Constabulary,-1.605774,54.705635,On or near Mayfields,E01020817,County Durham 047A,Anti-social behaviour,,
,2020-05,Durham Constabulary,Durham Constabulary,-1.609236,54.711883,On or near Easby Court,E01020817,County Durham 047A,Anti-social behaviour,,
6274d87d9c8a140183a24d89b591d1012a133f77746d06af66911d37e4fc78c6,2020-05,Durham Constabulary,Durham Constabulary,-1.607681,54.709029,On or near Troutbeck Close,E01020817,County Durham 047A,Other theft,Unable to prosecute suspect,
eaac6cab6d513ae62bc075afeec6b56f5dbd9e758f58ceb24c7452ed151f00a6,2020-05,Durham Constabulary,Durham Constabulary,-1.609519,54.711525,On or near Ebberston Court,E01020817,County Durham 047A,Violence and sexual offences,Unable to prosecute suspect,
ea28395eac7d9d106733888c38e3b0db8d281f03c4a8d51e98b3c473f6db6dbd,2020-05,Durham Constabulary,Durham Constabulary,-1.605774,54.705635,On or near Mayfields,E01020817,County Durham 047A,Violence and sexual offences,Investigation complete; no suspect identified,
0d550c0cb1b32f54a29c09aa339016a66bfe90167d7b0291ba0d19ba1ba7f38f,2020-05,Durham Constabulary,Durham Constabulary,-1.605774,54.705635,On or near Mayfields,E01020817,County Durham 047A,Violence and sexual offences,Investigation complete; no suspect identified,
19b19808d6044407954bacb9c8704384fd42d5f990e906b085072db1d166cf07,2020-05,Durham Constabulary,Durham Constabulary,-1.609519,54.711525,On or near Ebberston Court,E01020817,County Durham 047A,Violence and sexual offences,Unable to prosecute suspect,
4c0857aa7544f45ef92779e57c885aea35cfa6ddea7b82f318175f9571d338d9,2020-05,Durham Constabulary,Durham Constabulary,-1.609519,54.711525,On or near Ebberston Court,E01020817,County Durham 047A,Violence and sexual offences,Unable to prosecute suspect,
b4e87b04d4d889a2809941d3909cd834ec26080973958c67facfa29e541c89d4,2020-05,Durham Constabulary,Durham Constabulary,-1.597913,54.706454,On or near Bowes Grove,E01020817,County Durham 047A,Violence and sexual offences,Local resolution,
d116ef332b3bbcface6058a8ab57345441339e578e5dacd54fafbb84bd296f73,2020-05,Durham Constabulary,Durham Constabulary,-1.609519,54.711525,On or near Ebberston Court,E01020817,County Durham 047A,Violence and sexual offences,Unable to prosecute suspect,
,2020-05,Durham Constabulary,Durham Constabulary,-1.589364,54.704718,On or near Westmorland Close,E01020818,County Durham 047B,Anti-social behaviour,,
,2020-05,Durham Constabulary,Durham Constabulary,-1.596365,54.706071,On or near Lumley Close,E01020818,County Durham 047B,Anti-social behaviour,,
bc0bf7992cb27d993225b6831099c82a395d31db93b65461e1ac589490044369,2020-05,Durham Constabulary,Durham Constabulary,-1.599497,54.703224,On or near Vine Street,E01020818,County Durham 047B,Bicycle theft,Unable to prosecute suspect,
856ed5a276a7b65250f67b50de110ded4f08e9c3fe098d929fe5ffdba8e60066,2020-05,Durham Constabulary,Durham Constabulary,-1.594503,54.706029,On or near The Close,E01020818,County Durham 047B,Burglary,Status update unavailable,
b801bbb25f42970bffe1d98fc69e360bc1f91c5b8f908ce09fd3048367b30e6b,2020-05,Durham Constabulary,Durham Constabulary,-1.588182,54.701883,On or near Ullswater Close,E01020818,County Durham 047B,Criminal damage and arson,Investigation complete; no suspect identified,
ca01e15f9463d7e34b48c7eb9bb809b45eaf8ec61b4829b01f940709a6536f6e,2020-05,Durham Constabulary,Durham Constabulary,-1.588182,54.701883,On or near Ullswater Close,E01020818,County Durham 047B,Criminal damage and arson,Investigation complete; no suspect identified,
368201b2ae0ae5120b7ee7c06a9028b15f00b5bbabe7da97f0d6a779f35ead53,2020-05,Durham Constabulary,Durham Constabulary,-1.595208,54.703821,On or near South Terrace,E01020818,County Durham 047B,Other theft,Investigation complete; no suspect identified,
a5982ccc795d625c2b51b877b7bd620590471038b4b37e39b4b5542cb738c60b,2020-05,Durham Constabulary,Durham Constabulary,-1.599497,54.703224,On or near Vine Street,E01020818,County Durham 047B,Public order,Unable to prosecute suspect,
747e858ab601b170ee35352c578657c86a85d16da42909c182c1c87c17fd2063,2020-05,Durham Constabulary,Durham Constabulary,-1.588182,54.701883,On or near Ullswater Close,E01020818,County Durham 047B,Violence and sexual offences,Investigation complete; no suspect identified,
1e1728c8f726c9a358bc37a28340f0d3160487eddd59d6600320b950cf1b5120,2020-05,Durham Constabulary,Durham Constabulary,-1.599497,54.703224,On or near Vine Street,E01020818,County Durham 047B,Violence and sexual offences,Unable to prosecute suspect,
,2020-05,Durham Constabulary,Durham Constabulary,-1.601393,54.704515,On or near Tyne Crescent,E01020819,County Durham 047C,Anti-social behaviour,,
c14217198ef420f80643cafe703409e50a08aaf51fe8eb9a289a61549576e096,2020-05,Durham Constabulary,Durham Constabulary,-1.601393,54.704515,On or near Tyne Crescent,E01020819,County Durham 047C,Bicycle theft,Investigation complete; no suspect identified,
4f995221a9577d345a2b3dd397c04b0cfe213b92e82f69ecfe4b501b850ef393,2020-05,Durham Constabulary,Durham Constabulary,-1.598242,54.704514,On or near Wood Vue,E01020819,County Durham 047C,Criminal damage and arson,Investigation complete; no suspect identified,
f6bfc833ad7e8ebbc373dcd8b316fb6cc3b9e5d72eb673848aae1723b1f307ac,2020-05,Durham Constabulary,Durham Constabulary,-1.604483,54.702656,On or near Ox Close Crescent,E01020819,County Durham 047C,Public order,Unable to prosecute suspect,
76b4bc567b1783678be0e64cd33c4dc0df1450ca8bbeb209ce5be19341d69dd4,2020-05,Durham Constabulary,Durham Constabulary,-1.602760,54.702741,On or near Deneside,E01020819,County Durham 047C,Public order,Unable to prosecute suspect,
16280881dbf32ff2eed3d535a4aab986b140c9e7a5e4d0d91deef81431b77e9e,2020-05,Durham Constabulary,Durham Constabulary,-1.602760,54.702741,On or near Deneside,E01020819,County Durham 047C,Public order,Unable to prosecute suspect,
c2b3db646fb7a6f42fae2cd7fc621f21b9a5b54f56f1b420ceaa9e7a95e80ea4,2020-05,Durham Constabulary,Durham Constabulary,-1.600223,54.701977,On or near High Grange Road,E01020819,County Durham 047C,Public order,Local resolution,
6167624c4f4ee1babc84ddfb96885e1955eafbde7c73fd79065e65e0068152bc,2020-05,Durham Constabulary,Durham Constabulary,-1.602760,54.702741,On or near Deneside,E01020819,County Durham 047C,Shoplifting,Unable to prosecute suspect,
c4e172a3500d96a600f7ac6b21760647662c6cab274b17165837e51decdb93db,2020-05,Durham Constabulary,Durham Constabulary,-1.601393,54.704515,On or near Tyne Crescent,E01020819,County Durham 047C,Violence and sexual offences,Unable to prosecute suspect,
8e269476a71907cb374cfc3a7e5f9ed328ef57a0c824d90f1a1f5f0e6284253e,2020-05,Durham Constabulary,Durham Constabulary,-1.601393,54.704515,On or near Tyne Crescent,E01020819,County Durham 047C,Violence and sexual offences,Unable to prosecute suspect,
6ad4205457c0a0791255b5082e2eab8baa22e17007027beef04c29a8eaa9670a,2020-05,Durham Constabulary,Durham Constabulary,-1.602760,54.702741,On or near Deneside,E01020819,County Durham 047C,Violence and sexual offences,Unable to prosecute suspect,
4affc0efd72b3a207f6324fab118daf3e43a7d0866d70b94a3505a6ee1e4188f,2020-05,Durham Constabulary,Durham Constabulary,-1.598242,54.704514,On or near Wood Vue,E01020819,County Durham 047C,Violence and sexual offences,Unable to prosecute suspect,
6874a3bfd014b8376ebaa82e74bf06cac7b31267d3c003f9394ea150400e2d72,2020-05,Durham Constabulary,Durham Constabulary,-1.598242,54.704514,On or near Wood Vue,E01020819,County Durham 047C,Violence and sexual offences,Unable to prosecute suspect,
e37a31ed6264f3a013a71b7faf14c86b0157f9f1d760919ed2d6b453249ba69c,2020-05,Durham Constabulary,Durham Constabulary,-1.601393,54.704515,On or near Tyne Crescent,E01020819,County Durham 047C,Violence and sexual offences,Unable to prosecute suspect,
,2020-05,Durham Constabulary,Durham Constabulary,-1.609482,54.705710,On or near Tangmere,E01020837,County Durham 047D,Anti-social behaviour,,
,2020-05,Durham Constabulary,Durham Constabulary,-1.611500,54.708916,On or near Mossmere,E01020837,County Durham 047D,Anti-social behaviour,,
,2020-05,Durham Constabulary,Durham Constabulary,-1.613326,54.706208,On or near Keldmere,E01020837,County Durham 047D,Anti-social behaviour,,
7a10614e3ccc76a03b99650aa509751cc95fc51741815af461f0534714a065b7,2020-05,Durham Constabulary,Durham Constabulary,-1.611353,54.707990,On or near Thirlmere,E01020837,County Durham 047D,Violence and sexual offences,Unable to prosecute suspect,
,2020-05,Durham Constabulary,Durham Constabulary,-1.599662,54.714799,On or near Tudhoe Hall Farm Court,E01020843,County Durham 047E,Anti-social behaviour,,
,2020-05,Durham Constabulary,Durham Constabulary,-1.599662,54.714799,On or near Tudhoe Hall Farm Court,E01020843,County Durham 047E,Anti-social behaviour,,
,2020-05,Durham Constabulary,Durham Constabulary,-1.594132,54.712058,On or near St Charles Road,E01020843,County Durham 047E,Anti-social behaviour,,
,2020-05,Durham Constabulary,Durham Constabulary,-1.599662,54.714799,On or near Tudhoe Hall Farm Court,E01020843,County Durham 047E,Anti-social behaviour,,
,2020-05,Durham Constabulary,Durham Constabulary,-1.588418,54.715400,On or near B6288,E01020843,County Durham 047E,Anti-social behaviour,,
9d0c651c9c6aa5e03133aff38ee111bde2a55ba16d3108155172929b276dcde1,2020-05,Durham Constabulary,Durham Constabulary,-1.584395,54.711055,On or near Briony Close,E01020843,County Durham 047E,Public order,Unable to prosecute suspect,
ef33f7287358bbebc5da9d0b4f25f0fb2025a95630ab9cb0354b0c608796bf46,2020-05,Durham Constabulary,Durham Constabulary,-1.584395,54.711055,On or near Briony Close,E01020843,County Durham 047E,Public order,Unable to prosecute suspect,
e2bda0ca98f3abe8c9ed5b59dba7d3f5308f8573dbc6b238c3bda31ba043778b,2020-05,Durham Constabulary,Durham Constabulary,-1.584395,54.711055,On or near Briony Close,E01020843,County Durham 047E,Violence and sexual offences,Unable to prosecute suspect,
3bb312743526efe83d4db658f40a246f315cb3fcf9e7b97cdaf9827dbc109e91,2020-05,Durham Constabulary,Durham Constabulary,-1.584395,54.711055,On or near Briony Close,E01020843,County Durham 047E,Violence and sexual offences,Court result unavailable,
c686451d7cabcc032e1c6e7af2f66f7c2db2726265aecd86058b7bf1c17c5109,2020-05,Durham Constabulary,Durham Constabulary,-1.584395,54.711055,On or near Briony Close,E01020843,County Durham 047E,Violence and sexual offences,Unable to prosecute suspect,
df84bba7d93a37075d72f9a22ecd9ce0493e14ab2870b81684f102ab559d5f75,2020-05,Durham Constabulary,Durham Constabulary,-1.588418,54.715400,On or near B6288,E01020843,County Durham 047E,Violence and sexual offences,Unable to prosecute suspect,
,2020-05,Durham Constabulary,Durham Constabulary,-1.430716,54.697022,On or near Chisholm Road,E01020809,County Durham 048A,Anti-social behaviour,,
,2020-05,Durham Constabulary,Durham Constabulary,-1.431079,54.695416,On or near Meadow Road,E01020809,County Durham 048A,Anti-social behaviour,,
,2020-05,Durham Constabulary,Durham Constabulary,-1.430716,54.697022,On or near Chisholm Road,E01020809,County Durham 048A,Anti-social behaviour,,
,2020-05,Durham Constabulary,Durham Constabulary,-1.429257,54.695955,On or near Newlands Road,E01020809,County Durham 048A,Anti-social behaviour,,
,2020-05,Durham Constabulary,Durham Constabulary,-1.430716,54.697022,On or near Chisholm Road,E01020809,County Durham 048A,Anti-social behaviour,,
,2020-05,Durham Constabulary,Durham Constabulary,-1.431079,54.695416,On or near Meadow Road,E01020809,County Durham 048A,Anti-social behaviour,,
,2020-05,Durham Constabulary,Durham Constabulary,-1.431079,54.695416,On or near Meadow Road,E01020809,County Durham 048A,Anti-social behaviour,,
,2020-05,Durham Constabulary,Durham Constabulary,-1.430716,54.697022,On or near Chisholm Road,E01020809,County Durham 048A,Anti-social behaviour,,
01f81df3081ba12684b71d856e5eed1ee56a6636b45a03390a23808735366621,2020-05,Durham Constabulary,Durham Constabulary,-1.431079,54.695416,On or near Meadow Road,E01020809,County Durham 048A,Bicycle theft,Investigation complete; no suspect identified,
f20121cf3d5e9be5ecefc276481c409e8f62799e71546f479287c7a52404ae0f,2020-05,Durham Constabulary,Durham Constabulary,-1.432818,54.699818,On or near West Grove,E01020809,County Durham 048A,Burglary,Investigation complete; no suspect identified,
bd3340a17f768bdbcfe5fb010e70208620db619f82e7d83939a172424ca79dc0,2020-05,Durham Constabulary,Durham Constabulary,-1.429528,54.698733,On or near Woodland Close,E01020809,County Durham 048A,Criminal damage and arson,Unable to prosecute suspect,
568c19621d0df0359c6358ae504dff221247c59b0130b13e850787333b21425c,2020-05,Durham Constabulary,Durham Constabulary,-1.429257,54.695955,On or near Newlands Road,E01020809,County Durham 048A,Drugs,Offender given a drugs possession warning,
b8565637ce2070630a1f7622dd3b1c41bff650c223a19a198b615a82ab40b92e,2020-05,Durham Constabulary,Durham Constabulary,-1.429528,54.698733,On or near Woodland Close,E01020809,County Durham 048A,Possession of weapons,Offender given a caution,
f8c3d91b8bb19e0a47495b71f1b8bcd5aea9fdfbed0bb62efdc78d1b0fae0f42,2020-05,Durham Constabulary,Durham Constabulary,-1.431079,54.695416,On or near Meadow Road,E01020809,County Durham 048A,Public order,Unable to prosecute suspect,
863b9e04f96160f883d5fe55f43ee3595dda93b90bdd0fb2486a0f18ea9fbd78,2020-05,Durham Constabulary,Durham Constabulary,-1.429528,54.698733,On or near Woodland Close,E01020809,County Durham 048A,Public order,Unable to prosecute suspect,
0d95a8ccd08d083369ce1ea59724f179e33b1015e5d5e2d1902209efd703050f,2020-05,Durham Constabulary,Durham Constabulary,-1.429257,54.695955,On or near Newlands Road,E01020809,County Durham 048A,Violence and sexual offences,Court result unavailable,
7a43311ff1c7574d6ec3974bda55b86f10ae0612b4d34662a2c13592dfe1ae06,2020-05,Durham Constabulary,Durham Constabulary,-1.429257,54.695955,On or near Newlands Road,E01020809,County Durham 048A,Violence and sexual offences,Unable to prosecute suspect,
568f90d87d166c70252e7ad36a4a986bc46f1485b37285128e2a8c0c6780acf8,2020-05,Durham Constabulary,Durham Constabulary,-1.431079,54.695416,On or near Meadow Road,E01020809,County Durham 048A,Violence and sexual offences,Unable to prosecute suspect,
7c75f4031f4740f7ca938730558d43f4f0d15dffdeeb24efa97cca83e0e7e4d1,2020-05,Durham Constabulary,Durham Constabulary,-1.429257,54.695955,On or near Newlands Road,E01020809,County Durham 048A,Violence and sexual offences,Unable to prosecute suspect,
b50faacbd4d83d4ff6d70e2864091b7a84c8d7edc081603fe0582aa543807e0c,2020-05,Durham Constabulary,Durham Constabulary,-1.429257,54.695955,On or near Newlands Road,E01020809,County Durham 048A,Violence and sexual offences,Local resolution,
6ec9d3494b21bc42d752a145fc9e4c1c00fd7ef6f7889ec6daed6be4d77785c6,2020-05,Durham Constabulary,Durham Constabulary,-1.429257,54.695955,On or near Newlands Road,E01020809,County Durham 048A,Violence and sexual offences,Unable to prosecute suspect,
,2020-05,Durham Constabulary,Durham Constabulary,-1.439129,54.685496,On or near Beveridge Close,E01020810,County Durham 048B,Anti-social behaviour,,
,2020-05,Durham Constabulary,Durham Constabulary,-1.436622,54.683947,On or near Glebe Close,E01020810,County Durham 048B,Anti-social behaviour,,
,2020-05,Durham Constabulary,Durham Constabulary,-1.439998,54.678670,On or near Parking Area,E01020810,County Durham 048B,Anti-social behaviour,,
,2020-05,Durham Constabulary,Durham Constabulary,-1.434906,54.682448,On or near Supermarket,E01020810,County Durham 048B,Anti-social behaviour,,
,2020-05,Durham Constabulary,Durham Constabulary,-1.434906,54.682448,On or near Supermarket,E01020810,County Durham 048B,Anti-social behaviour,,
76c0cae8a93f2bd752c70f9ebc7e3c6017cae3b6d560a5dbe86fad20fe9386f9,2020-05,Durham Constabulary,Durham Constabulary,-1.436329,54.684917,On or near Salter'S Drive,E01020810,County Durham 048B,Burglary,Court result unavailable,
2d266f6ff3695b5815b40eba3ea8ff85e05b06589a8a3bc57f239117a3b38ecc,2020-05,Durham Constabulary,Durham Constabulary,-1.436329,54.684917,On or near Salter'S Drive,E01020810,County Durham 048B,Burglary,Court result unavailable,
8dd7adba2663c08178019260889fce222d1efbec641630d3cb64077497d8cce0,2020-05,Durham Constabulary,Durham Constabulary,-1.437082,54.685432,On or near St Marks Road,E01020810,County Durham 048B,Criminal damage and arson,Unable to prosecute suspect,
d1b7bef41cd97aef52d390caec833d0acc9cc7a15c1305f4b9d9f80a18f47c8c,2020-05,Durham Constabulary,Durham Constabulary,-1.435795,54.684321,On or near Salter'S Lane,E01020810,County Durham 048B,Drugs,Court result unavailable,
82879e6acb7a1f4fb1e02125869a8b0587e0a4b645f7f59086fb05288ab3328d,2020-05,Durham Constabulary,Durham Constabulary,-1.434906,54.682448,On or near Supermarket,E01020810,County Durham 048B,Shoplifting,Further investigation is not in the public interest,
523800e1cea41584c4fb911cfd7fbcac9f09c6df7c84802021ed199734b85192,2020-05,Durham Constabulary,Durham Constabulary,-1.437082,54.685432,On or near St Marks Road,E01020810,County Durham 048B,Violence and sexual offences,Unable to prosecute suspect,
5b16b8a4a685da30dc5c78efd8b2d48ddeeeae835bece96c368968241fa50c5e,2020-05,Durham Constabulary,Durham Constabulary,-1.443497,54.683701,On or near Sedgefield Terrace,E01020810,County Durham 048B,Violence and sexual offences,Status update unavailable,
3daa4048124c93057adc8745586a4528029cb53009a995a17534297ef599c6cd,2020-05,Durham Constabulary,Durham Constabulary,-1.443497,54.683701,On or near Sedgefield Terrace,E01020810,County Durham 048B,Violence and sexual offences,Court result unavailable,
1c4f6638781c8471c9d81d5d759cd58c7ceef5a64f7845eadd191584845ed2e9,2020-05,Durham Constabulary,Durham Constabulary,-1.443497,54.683701,On or near Sedgefield Terrace,E01020810,County Durham 048B,Violence and sexual offences,Court result unavailable,
1d4b7380f11050dcd52f9139d9307d157ba151adb83240114fe0bc6a57d9dc3a,2020-05,Durham Constabulary,Durham Constabulary,-1.443497,54.683701,On or near Sedgefield Terrace,E01020810,County Durham 048B,Violence and sexual offences,Court result unavailable,
8e0669cf07a9aaa9c2f534762090bb345e3014b4a10476fa104e047c66e3292b,2020-05,Durham Constabulary,Durham Constabulary,-1.443497,54.683701,On or near Sedgefield Terrace,E01020810,County Durham 048B,Violence and sexual offences,Court result unavailable,
483e94feaa2bdf97217815e85923eb35c9ac92f7b642bce5e49ddc5b6fe6b27e,2020-05,Durham Constabulary,Durham Constabulary,-1.438329,54.683865,On or near Harbinson Close,E01020810,County Durham 048B,Violence and sexual offences,Investigation complete; no suspect identified,
,2020-05,Durham Constabulary,Durham Constabulary,-1.435366,54.680563,On or near Heatherdene Road,E01020811,County Durham 048C,Anti-social behaviour,,
,2020-05,Durham Constabulary,Durham Constabulary,-1.434321,54.680998,On or near Moorside Crescent,E01020811,County Durham 048C,Anti-social behaviour,,
b7d48cf0e97cf13061eb0d8e6ca40c8b368245afa34b81ae018abe53c8ae49eb,2020-05,Durham Constabulary,Durham Constabulary,-1.436146,54.680252,On or near Beechwood Road,E01020811,County Durham 048C,Violence and sexual offences,Unable to prosecute suspect,
e1301341084c00c77f7fe14a05966e4dccfb27d54c6c07ed15eaca424e771ecc,2020-05,Durham Constabulary,Durham Constabulary,-1.436146,54.680252,On or near Beechwood Road,E01020811,County Durham 048C,Violence and sexual offences,Unable to prosecute suspect,
,2020-05,Durham Constabulary,Durham Constabulary,-1.427126,54.697401,On or near Sports/Recreation Area,E01020812,County Durham 048D,Anti-social behaviour,,
,2020-05,Durham Constabulary,Durham Constabulary,-1.428505,54.698648,On or near Supermarket,E01020812,County Durham 048D,Anti-social behaviour,,
,2020-05,Durham Constabulary,Durham Constabulary,-1.426975,54.698254,On or near Willow Drive,E01020812,County Durham 048D,Anti-social behaviour,,
,2020-05,Durham Constabulary,Durham Constabulary,-1.426975,54.698254,On or near Willow Drive,E01020812,County Durham 048D,Anti-social behaviour,,
4587c75f3834bf02f316716b994009f83feaa692fdc3479297a5868773f2a237,2020-05,Durham Constabulary,Durham Constabulary,-1.425789,54.702032,On or near Vicarage Drive,E01020812,County Durham 048D,Public order,Unable to prosecute suspect,
e684b4d2e25c3fe0cfd8076962094a7ecffa25e57b882242abb89083fdf5b5ed,2020-05,Durham Constabulary,Durham Constabulary,-1.427731,54.699597,On or near Beckwith Drive,E01020812,County Durham 048D,Vehicle crime,Investigation complete; no suspect identified,
cca46505a89184e80fc92167255dd54f688d4f8aca39b4aa531d5776797a6809,2020-05,Durham Constabulary,Durham Constabulary,-1.428675,54.699826,On or near Church Road,E01020812,County Durham 048D,Violence and sexual offences,Unable to prosecute suspect,
a5706e84ca5b7a53d1425df15a302c2b0dbdb55ad4a79490f77f5e1e5bff2562,2020-05,Durham Constabulary,Durham Constabulary,-1.428514,54.696886,On or near Hallgarth Road,E01020812,County Durham 048D,Violence and sexual offences,Unable to prosecute suspect,
a6de7ee27c1f62878bbc15fad6ec3e399f0722d0781f79202af20b40b029e21f,2020-05,Durham Constabulary,Durham Constabulary,-1.426975,54.698254,On or near Willow Drive,E01020812,County Durham 048D,Violence and sexual offences,Unable to prosecute suspect,
123baf61085a321d905c189134a7e71b26f8211e8c81876218a8107d3da03e18,2020-05,Durham Constabulary,Durham Constabulary,-1.425259,54.698839,On or near Swainby Road,E01020812,County Durham 048D,Other crime,Status update unavailable,
,2020-05,Durham Constabulary,Durham Constabulary,-1.426805,54.716865,On or near Rose Street,E01020827,County Durham 048E,Anti-social behaviour,,
,2020-05,Durham Constabulary,Durham Constabulary,-1.423844,54.712250,On or near Beech Grove,E01020827,County Durham 048E,Anti-social behaviour,,
,2020-05,Durham Constabulary,Durham Constabulary,-1.421328,54.717791,On or near George Street,E01020827,County Durham 048E,Anti-social behaviour,,
,2020-05,Durham Constabulary,Durham Constabulary,-1.426555,54.711534,On or near Holmside Avenue,E01020827,County Durham 048E,Anti-social behaviour,,
c6673f399e4b3412892ec1a337385434eae46d559912074c90da19d1dce86f36,2020-05,Durham Constabulary,Durham Constabulary,-1.410531,54.717299,On or near St Paul'S Road,E01020827,County Durham 048E,Burglary,Investigation complete; no suspect identified,
f2e540a769985bf132ac4af67bc4668c4961fbcd1d423ce5eefa80c5af5d1e7b,2020-05,Durham Constabulary,Durham Constabulary,-1.412760,54.717696,On or near Laurel Crescent,E01020827,County Durham 048E,Criminal damage and arson,Investigation complete; no suspect identified,
5a34703844f679e919ab22d64a79fd6f800cd77ef769d28c1556e9eb4a5f73be,2020-05,Durham Constabulary,Durham Constabulary,-1.423844,54.712250,On or near Beech Grove,E01020827,County Durham 048E,Drugs,Unable to prosecute suspect,
77dbc316add438dd49d8130fccacaa25811d3c7be96a958750e2ab06f4f96262,2020-05,Durham Constabulary,Durham Constabulary,-1.426805,54.716865,On or near Rose Street,E01020827,County Durham 048E,Other theft,Investigation complete; no suspect identified,
690841ca370e7d8b2d071e374326ffabbe5a2efc314d2fe737e41c1f28dd41b1,2020-05,Durham Constabulary,Durham Constabulary,-1.426805,54.716865,On or near Rose Street,E01020827,County Durham 048E,Public order,Investigation complete; no suspect identified,
6cd2519fa62cf78294d352b56aabe6229eef2acd87ddf2920290f9a653e4b240,2020-05,Durham Constabulary,Durham Constabulary,-1.410088,54.714619,On or near Low Hogg Street,E01020827,County Durham 048E,Violence and sexual offences,Unable to prosecute suspect,
1173f241b973ab7937c6e4d054904541d8fb4d72c31ae6d371c60282e7b650a6,2020-05,Durham Constabulary,Durham Constabulary,-1.426555,54.711534,On or near Holmside Avenue,E01020827,County Durham 048E,Violence and sexual offences,Unable to prosecute suspect,
7bfc109876a55d3f962d909116cb26a07f83049c9300900e3d05560ab27fdbe8,2020-05,Durham Constabulary,Durham Constabulary,-1.412760,54.717696,On or near Laurel Crescent,E01020827,County Durham 048E,Violence and sexual offences,Unable to prosecute suspect,
2fd1b29a45ab51985c0cc8b4fa7e54fde6f923fd7a48a4b1a153ccb63216889c,2020-05,Durham Constabulary,Durham Constabulary,-1.423844,54.712250,On or near Beech Grove,E01020827,County Durham 048E,Violence and sexual offences,Unable to prosecute suspect,
b2923888a17d784973a1e4eff79b34b1a61f8219326bf7687da378af9c92bcf7,2020-05,Durham Constabulary,Durham Constabulary,-1.410531,54.717299,On or near St Paul'S Road,E01020827,County Durham 048E,Violence and sexual offences,Local resolution,
eefb6d2834fadeb947d26a0f380e0f6b9b6689711309e4ed88c4939f5b63d9f3,2020-05,Durham Constabulary,Durham Constabulary,-1.423844,54.712250,On or near Beech Grove,E01020827,County Durham 048E,Violence and sexual offences,Unable to prosecute suspect,
205eae405df16d9ed972dca35154876b02fdec10f5954d1d65cccf35223f34bb,2020-05,Durham Constabulary,Durham Constabulary,-1.410531,54.717299,On or near St Paul'S Road,E01020827,County Durham 048E,Other crime,Unable to prosecute suspect,
,2020-05,Durham Constabulary,Durham Constabulary,-1.561828,54.683629,On or near Sports/Recreation Area,E01020806,County Durham 049A,Anti-social behaviour,,
dad8c3c73c75bba46c25f648c0a7c42e18c7af5cf7e4a6d0cc7b14a99826d00f,2020-05,Durham Constabulary,Durham Constabulary,-1.561755,54.686145,On or near Hackworth Close,E01020806,County Durham 049A,Burglary,Court result unavailable,
aeef3513ebe6e7338af0b079f89b73a84f29f038ab6044e02059668b57610ed2,2020-05,Durham Constabulary,Durham Constabulary,-1.563749,54.686754,On or near Hackworth Street,E01020806,County Durham 049A,Criminal damage and arson,Investigation complete; no suspect identified,
ecb2bd4ee6fa57283db1b9267b406bd2f8dc9f17e9a5b7c0bdcbbb764ab7ae3d,2020-05,Durham Constabulary,Durham Constabulary,-1.563749,54.686754,On or near Hackworth Street,E01020806,County Durham 049A,Criminal damage and arson,Investigation complete; no suspect identified,
64960d801529fffb45c3c741ca4882de997972f013a0229bfd2ac6f638403d3f,2020-05,Durham Constabulary,Durham Constabulary,-1.562120,54.691134,On or near Dean And Chapter Industrial Estate,E01020806,County Durham 049A,Drugs,Court result unavailable,
f28b2b1a306ed2c7c6761d7d2d0bbc7d5bb75a625244f27e2969f0dd32bb55fa,2020-05,Durham Constabulary,Durham Constabulary,-1.563749,54.686754,On or near Hackworth Street,E01020806,County Durham 049A,Other theft,Unable to prosecute suspect,
398572d413992742e896a3c804362cb55887980a865ab3e61e516f95917327ed,2020-05,Durham Constabulary,Durham Constabulary,-1.568096,54.686419,On or near Paxton Street,E01020806,County Durham 049A,Public order,Court result unavailable,
367f7b8450abdef4c4122a8faabced691dd475b17442bd17d2ea4ed9ad965dd3,2020-05,Durham Constabulary,Durham Constabulary,-1.554509,54.686307,On or near Ullswater Road,E01020806,County Durham 049A,Public order,Unable to prosecute suspect,
830b90f4d8ea703c3342b97e60f760971734f93d036255cc4301b186b9c65a14,2020-05,Durham Constabulary,Durham Constabulary,-1.563749,54.686754,On or near Hackworth Street,E01020806,County Durham 049A,Vehicle crime,Unable to prosecute suspect,
f37592786395941bc7c493492c28434c30006595c45088c2e50c8565aa628c56,2020-05,Durham Constabulary,Durham Constabulary,-1.568096,54.686419,On or near Paxton Street,E01020806,County Durham 049A,Vehicle crime,Investigation complete; no suspect identified,
0c6600776cb4a121ab7df7fc67c533881b1f1bae21488a234b6e300fb8219d6a,2020-05,Durham Constabulary,Durham Constabulary,-1.554807,54.683136,On or near South Side (Dean Road),E01020806,County Durham 049A,Violence and sexual offences,Unable to prosecute suspect,
1796fd81ab614919f0975f40c56345a958b43f251be82c6e4d78f79eeb7a8b12,2020-05,Durham Constabulary,Durham Constabulary,-1.554807,54.683136,On or near South Side (Dean Road),E01020806,County Durham 049A,Violence and sexual offences,Unable to prosecute suspect,
7b2d508fb5a85c611b9e0d67e56150fc74964e6f94212aaec0f88f715b3cfab1,2020-05,Durham Constabulary,Durham Constabulary,-1.554247,54.684733,On or near Thirlmere Road,E01020806,County Durham 049A,Violence and sexual offences,Unable to prosecute suspect,
acbda3d706d6bca186ec90c547727d5942c7e27f45c8d5544e9ddca4f00eadfa,2020-05,Durham Constabulary,Durham Constabulary,-1.554807,54.683136,On or near South Side (Dean Road),E01020806,County Durham 049A,Violence and sexual offences,Unable to prosecute suspect,
,2020-05,Durham Constabulary,Durham Constabulary,-1.565167,54.686139,On or near Bessemer Street,E01020807,County Durham 049B,Anti-social behaviour,,
,2020-05,Durham Constabulary,Durham Constabulary,-1.562137,54.688060,On or near Newcomen Street,E01020807,County Durham 049B,Anti-social behaviour,,
,2020-05,Durham Constabulary,Durham Constabulary,-1.561931,54.687089,On or near Rennie Street,E01020807,County Durham 049B,Anti-social behaviour,,
,2020-05,Durham Constabulary,Durham Constabulary,-1.562137,54.688060,On or near Newcomen Street,E01020807,County Durham 049B,Anti-social behaviour,,
,2020-05,Durham Constabulary,Durham Constabulary,-1.565167,54.686139,On or near Bessemer Street,E01020807,County Durham 049B,Anti-social behaviour,,
,2020-05,Durham Constabulary,Durham Constabulary,-1.564376,54.687610,On or near Kelvin Street,E01020807,County Durham 049B,Anti-social behaviour,,
,2020-05,Durham Constabulary,Durham Constabulary,-1.564376,54.687610,On or near Kelvin Street,E01020807,County Durham 049B,Anti-social behaviour,,
,2020-05,Durham Constabulary,Durham Constabulary,-1.564376,54.687610,On or near Kelvin Street,E01020807,County Durham 049B,Anti-social behaviour,,
,2020-05,Durham Constabulary,Durham Constabulary,-1.564376,54.687610,On or near Kelvin Street,E01020807,County Durham 049B,Anti-social behaviour,,
0b6be06acec064b02efe3ca30c4ebdb86856517d0665b5701089a1b9a54e268d,2020-05,Durham Constabulary,Durham Constabulary,-1.563602,54.687419,On or near Haig Terrace,E01020807,County Durham 049B,Burglary,Unable to prosecute suspect,
984d53e36ba0ecc0a0321d6c6d8e61395a5be52028cba8b2955abc7d1cc01301,2020-05,Durham Constabulary,Durham Constabulary,-1.565167,54.686139,On or near Bessemer Street,E01020807,County Durham 049B,Burglary,Investigation complete; no suspect identified,
7f0ede60e2a67f1e0a7f1c57962059ea91eab61455b3f0c85a1409e8bb49d138,2020-05,Durham Constabulary,Durham Constabulary,-1.559825,54.686722,On or near Neale Street,E01020807,County Durham 049B,Burglary,Unable to prosecute suspect,
b23eb3178292969a8e10a85ad43628585b86d3072c18b42c3e97314255473313,2020-05,Durham Constabulary,Durham Constabulary,-1.566085,54.687329,On or near Faraday Street,E01020807,County Durham 049B,Criminal damage and arson,Investigation complete; no suspect identified,
e5b9a0d592846b0f53f257dca0e7463d6b015bf40ee568c3f43266e09a7aacdd,2020-05,Durham Constabulary,Durham Constabulary,-1.562137,54.688060,On or near Newcomen Street,E01020807,County Durham 049B,Criminal damage and arson,Unable to prosecute suspect,
4a9701f59af78aa408f1fe5f22e3428e292bcd9c792acd6d7db24c7ee17fe8dc,2020-05,Durham Constabulary,Durham Constabulary,-1.563516,54.688236,On or near Watt Street,E01020807,County Durham 049B,Criminal damage and arson,Investigation complete; no suspect identified,
4b191ff5992b76d0ae24e8f7e91e4c778e01bebec6ab45b60eb68f73e37f1913,2020-05,Durham Constabulary,Durham Constabulary,-1.559825,54.686722,On or near Neale Street,E01020807,County Durham 049B,Criminal damage and arson,Unable to prosecute suspect,
b44856d56d2de97af438d1f4189bf810a6d8d253ce806bc97e3e805df9e66693,2020-05,Durham Constabulary,Durham Constabulary,-1.560661,54.688307,On or near Newton Street,E01020807,County Durham 049B,Drugs,Investigation complete; no suspect identified,
762c3855b86c4542805b87f09b331546ba9fb0a9ff5ccc3489dc1e1b44d3b251,2020-05,Durham Constabulary,Durham Constabulary,-1.560661,54.688307,On or near Newton Street,E01020807,County Durham 049B,Other theft,Unable to prosecute suspect,
42aadbc34e6ee3d08e36b25e7f67faa30cceb5bd4df6f3b3585ad61c5ed3c2e6,2020-05,Durham Constabulary,Durham Constabulary,-1.563516,54.688236,On or near Watt Street,E01020807,County Durham 049B,Other theft,Unable to prosecute suspect,
5619d383d2a13647a6a3bb8228ece9982aa71cd3d54bd2bfaf65a341327ce1a9,2020-05,Durham Constabulary,Durham Constabulary,-1.558334,54.686851,On or near Hudson Street,E01020807,County Durham 049B,Public order,Investigation complete; no suspect identified,
faa5ad0c38589250a89a56bd34292bbee1702489d51a42589399b3e8bb18bc3a,2020-05,Durham Constabulary,Durham Constabulary,-1.565167,54.686139,On or near Bessemer Street,E01020807,County Durham 049B,Public order,Unable to prosecute suspect,
526f3891a5107bbd677d763eb34a3767d22894b4def1e753d2911a6b7896354f,2020-05,Durham Constabulary,Durham Constabulary,-1.563516,54.688236,On or near Watt Street,E01020807,County Durham 049B,Theft from the person,Investigation complete; no suspect identified,
7b0cf3ecb627da5370ac33a6bd192f1ae0514af2c952876afd8b95600b392011,2020-05,Durham Constabulary,Durham Constabulary,-1.560644,54.686958,On or near Holyoake Street,E01020807,County Durham 049B,Vehicle crime,Investigation complete; no suspect identified,
23ce44d1c04a251c07237b201865193f77b3bba35eeb6f7b8dec7377522e6d66,2020-05,Durham Constabulary,Durham Constabulary,-1.562137,54.688060,On or near Newcomen Street,E01020807,County Durham 049B,Violence and sexual offences,Further investigation is not in the public interest,
20c4eb2f2f6ba60c38e15c59dc3206f71f9560b1e6023d5bc00cef76f713d4f3,2020-05,Durham Constabulary,Durham Constabulary,-1.565532,54.686841,On or near Westcott Terrace,E01020807,County Durham 049B,Violence and sexual offences,Unable to prosecute suspect,
7af47d5c931f8230ba2d530fe23f986bcfcb6fc0d102c779cc6b5e69ce7d5822,2020-05,Durham Constabulary,Durham Constabulary,-1.560661,54.688307,On or near Newton Street,E01020807,County Durham 049B,Violence and sexual offences,Unable to prosecute suspect,
afc225ad4ab3ee910dde1ca044620311c92095ba0c59cf54564398bed15b1dd5,2020-05,Durham Constabulary,Durham Constabulary,-1.559825,54.686722,On or near Neale Street,E01020807,County Durham 049B,Violence and sexual offences,Unable to prosecute suspect,
1d9e747f20ae47fb7f6bbdb2c4daf6fc63319d1e132061ef799e7274a9841a51,2020-05,Durham Constabulary,Durham Constabulary,-1.559825,54.686722,On or near Neale Street,E01020807,County Durham 049B,Violence and sexual offences,Court result unavailable,
2eac7770d3376bbf34f781c901d34901599d7b8ee033c8b0ca9bc2f1ae6f466e,2020-05,Durham Constabulary,Durham Constabulary,-1.560644,54.686958,On or near Holyoake Street,E01020807,County Durham 049B,Violence and sexual offences,Unable to prosecute suspect,
ce4df6ecd7d3d7cb21383793a64512e9e47f11bc596bf69b31f8639b238b72f5,2020-05,Durham Constabulary,Durham Constabulary,-1.560205,54.687460,On or near Siemans Street,E01020807,County Durham 049B,Violence and sexual offences,Unable to prosecute suspect,
3f8b89a733f51dabe8044c9f1018c093b04edc3d042fd853151b5dc78d081f21,2020-05,Durham Constabulary,Durham Constabulary,-1.559825,54.686722,On or near Neale Street,E01020807,County Durham 049B,Violence and sexual offences,Court result unavailable,
93623284d1bd79488a1ed57f1835cfdc5bb7dabd7fa20f1de654fa5022b49286,2020-05,Durham Constabulary,Durham Constabulary,-1.565532,54.686841,On or near Westcott Terrace,E01020807,County Durham 049B,Violence and sexual offences,Action to be taken by another organisation,
2a0344b6e67a60797f0b34cedacf6f2e4cd86d4f6be44a724bf0efe388abb11c,2020-05,Durham Constabulary,Durham Constabulary,-1.560843,54.688685,On or near Davy Street,E01020807,County Durham 049B,Violence and sexual offences,Unable to prosecute suspect,
89629fe01d1ae2d62467ff0251625288583e1fb845a5b22dce12f75f771a6eca,2020-05,Durham Constabulary,Durham Constabulary,-1.565167,54.686139,On or near Bessemer Street,E01020807,County Durham 049B,Violence and sexual offences,Unable to prosecute suspect,
3b2828f6ee128db8a6452065397aedcdf346ac29279d248b718d9048d53d6995,2020-05,Durham Constabulary,Durham Constabulary,-1.560661,54.688307,On or near Newton Street,E01020807,County Durham 049B,Violence and sexual offences,Unable to prosecute suspect,
41788b75eaf9211ecebca946cc96b47cc07f90c3c9af152d72ffe7985ccccadb,2020-05,Durham Constabulary,Durham Constabulary,-1.566085,54.687329,On or near Faraday Street,E01020807,County Durham 049B,Other crime,Unable to prosecute suspect,
e5034c42e37eb8e6b4312c5f735bcc1988937b46cebafd397495d8d2d5d5c4c3,2020-05,Durham Constabulary,Durham Constabulary,-1.565167,54.686139,On or near Bessemer Street,E01020807,County Durham 049B,Other crime,Unable to prosecute suspect,
4bd9a068d6ea955e5b5a071ff61d97df84fc12bd80fe37a102a87e1e32dd058d,2020-05,Durham Constabulary,Durham Constabulary,-1.561931,54.687089,On or near Rennie Street,E01020807,County Durham 049B,Other crime,Unable to prosecute suspect,
,2020-05,Durham Constabulary,Durham Constabulary,-1.593279,54.701163,On or near St Andrew'S Lane,E01020820,County Durham 049C,Anti-social behaviour,,
,2020-05,Durham Constabulary,Durham Constabulary,-1.567270,54.704255,On or near Petrol Station,E01020820,County Durham 049C,Anti-social behaviour,,
,2020-05,Durham Constabulary,Durham Constabulary,-1.597390,54.698140,On or near Bamburgh Parade,E01020820,County Durham 049C,Anti-social behaviour,,
,2020-05,Durham Constabulary,Durham Constabulary,-1.597390,54.698140,On or near Bamburgh Parade,E01020820,County Durham 049C,Anti-social behaviour,,
,2020-05,Durham Constabulary,Durham Constabulary,-1.589798,54.697081,On or near Further/Higher Educational Building,E01020820,County Durham 049C,Anti-social behaviour,,
,2020-05,Durham Constabulary,Durham Constabulary,-1.598937,54.700185,On or near Bishop'S Close,E01020820,County Durham 049C,Anti-social behaviour,,
,2020-05,Durham Constabulary,Durham Constabulary,-1.589798,54.697081,On or near Further/Higher Educational Building,E01020820,County Durham 049C,Anti-social behaviour,,
,2020-05,Durham Constabulary,Durham Constabulary,-1.589798,54.697081,On or near Further/Higher Educational Building,E01020820,County Durham 049C,Anti-social behaviour,,
,2020-05,Durham Constabulary,Durham Constabulary,-1.597390,54.698140,On or near Bamburgh Parade,E01020820,County Durham 049C,Anti-social behaviour,,
,2020-05,Durham Constabulary,Durham Constabulary,-1.589059,54.698058,On or near Coulson Street,E01020820,County Durham 049C,Anti-social behaviour,,
,2020-05,Durham Constabulary,Durham Constabulary,-1.590049,54.699867,On or near Rushmoor,E01020820,County Durham 049C,Anti-social behaviour,,
,2020-05,Durham Constabulary,Durham Constabulary,-1.589798,54.697081,On or near Further/Higher Educational Building,E01020820,County Durham 049C,Anti-social behaviour,,
,2020-05,Durham Constabulary,Durham Constabulary,-1.592640,54.702995,On or near Derwent Terrace,E01020820,County Durham 049C,Anti-social behaviour,,
,2020-05,Durham Constabulary,Durham Constabulary,-1.589059,54.698058,On or near Coulson Street,E01020820,County Durham 049C,Anti-social behaviour,,
,2020-05,Durham Constabulary,Durham Constabulary,-1.589059,54.698058,On or near Coulson Street,E01020820,County Durham 049C,Anti-social behaviour,,
,2020-05,Durham Constabulary,Durham Constabulary,-1.592640,54.702995,On or near Derwent Terrace,E01020820,County Durham 049C,Anti-social behaviour,,
,2020-05,Durham Constabulary,Durham Constabulary,-1.591391,54.699072,On or near Fairview Drive,E01020820,County Durham 049C,Anti-social behaviour,,
,2020-05,Durham Constabulary,Durham Constabulary,-1.599290,54.702154,On or near King Street,E01020820,County Durham 049C,Anti-social behaviour,,
,2020-05,Durham Constabulary,Durham Constabulary,-1.589430,54.701222,On or near Keswick Drive,E01020820,County Durham 049C,Anti-social behaviour,,
,2020-05,Durham Constabulary,Durham Constabulary,-1.597390,54.698140,On or near Bamburgh Parade,E01020820,County Durham 049C,Anti-social behaviour,,
a5d1a7a580f5d665b6d7564b664a3133dc44d48c9f5bbc7a02ac219ac6407146,2020-05,Durham Constabulary,Durham Constabulary,-1.589798,54.697081,On or near Further/Higher Educational Building,E01020820,County Durham 049C,Criminal damage and arson,Investigation complete; no suspect identified,
0d584c233fe45ebd343a3ab5f16e505e3db3a0cae6ddeb4060c5114245d68d1e,2020-05,Durham Constabulary,Durham Constabulary,-1.599290,54.702154,On or near King Street,E01020820,County Durham 049C,Criminal damage and arson,Local resolution,
2667836b8832150001aa55e7bb1bf027c38553c097074e5f60aa82da6681faf9,2020-05,Durham Constabulary,Durham Constabulary,-1.599290,54.702154,On or near King Street,E01020820,County Durham 049C,Criminal damage and arson,Investigation complete; no suspect identified,
f552fec41ecb8ac3d940b8256d8a048ede2f93f7a856d7fa54e75b54ad2df4d7,2020-05,Durham Constabulary,Durham Constabulary,-1.599290,54.702154,On or near King Street,E01020820,County Durham 049C,Drugs,Offender given a drugs possession warning,
e38083edf98d8a03a7977ea0856e4a67db751e494d1d365a3a601861bcc4b727,2020-05,Durham Constabulary,Durham Constabulary,-1.589059,54.698058,On or near Coulson Street,E01020820,County Durham 049C,Drugs,Offender given penalty notice,
ff6dce8bb23d5c145c80fba9dbe61549da6f4145461b23e31240fa444c58e8be,2020-05,Durham Constabulary,Durham Constabulary,-1.567270,54.704255,On or near Petrol Station,E01020820,County Durham 049C,Other theft,Investigation complete; no suspect identified,
397c21e20a3a91028e8e6ec41c096fcba06557b00f2f16880291521dd76529a1,2020-05,Durham Constabulary,Durham Constabulary,-1.588022,54.700795,On or near Lakeside Court,E01020820,County Durham 049C,Public order,Unable to prosecute suspect,
e5a5f84dc431fbea9bd86cc5dc8b93786e57d3442d35aec3881031a932c067ff,2020-05,Durham Constabulary,Durham Constabulary,-1.598937,54.700185,On or near Bishop'S Close,E01020820,County Durham 049C,Shoplifting,Investigation complete; no suspect identified,
d8247e16c570defc062ab7f6ef045a4d28e6df5ab380ee2f5f7f8caf059ff76a,2020-05,Durham Constabulary,Durham Constabulary,-1.591391,54.699072,On or near Fairview Drive,E01020820,County Durham 049C,Violence and sexual offences,Unable to prosecute suspect,
36e9596ed104ba95c1f2bc16f476979977182cfe34ca92c614c5b8f6b1bf128d,2020-05,Durham Constabulary,Durham Constabulary,-1.589798,54.697081,On or near Further/Higher Educational Building,E01020820,County Durham 049C,Violence and sexual offences,Unable to prosecute suspect,
70d6ce64d951968f75ed62528024d555bda4e13610b3967a971ae1997f0a590e,2020-05,Durham Constabulary,Durham Constabulary,-1.595567,54.698897,On or near Rowan Court,E01020820,County Durham 049C,Violence and sexual offences,Unable to prosecute suspect,
2907a0b008c6db359d4b2b9f9ef73416b9e878d145799da760d76237c1ecc89c,2020-05,Durham Constabulary,Durham Constabulary,-1.589430,54.701222,On or near Keswick Drive,E01020820,County Durham 049C,Violence and sexual offences,Unable to prosecute suspect,
9696d1be7e5132aebe220256d070f00cdd3da80d3bf44a9cfc236abb0b22e6ae,2020-05,Durham Constabulary,Durham Constabulary,-1.567270,54.704255,On or near Petrol Station,E01020820,County Durham 049C,Violence and sexual offences,Investigation complete; no suspect identified,
3206d9af6b6b07a8cfc09ea5fc63535540509e75e2d4f3f009ae2040d81c671f,2020-05,Durham Constabulary,Durham Constabulary,-1.588022,54.700795,On or near Lakeside Court,E01020820,County Durham 049C,Violence and sexual offences,Unable to prosecute suspect,
,2020-05,Durham Constabulary,Durham Constabulary,-1.586884,54.701384,On or near Weardale Street,E01020842,County Durham 049D,Anti-social behaviour,,
,2020-05,Durham Constabulary,Durham Constabulary,-1.584081,54.702319,On or near North Road,E01020842,County Durham 049D,Anti-social behaviour,,
,2020-05,Durham Constabulary,Durham Constabulary,-1.575679,54.702972,On or near Green Lane,E01020842,County Durham 049D,Anti-social behaviour,,
,2020-05,Durham Constabulary,Durham Constabulary,-1.584902,54.700982,On or near Mount Pleasant Court,E01020842,County Durham 049D,Anti-social behaviour,,
,2020-05,Durham Constabulary,Durham Constabulary,-1.584552,54.709330,On or near Tweed Road,E01020842,County Durham 049D,Anti-social behaviour,,
,2020-05,Durham Constabulary,Durham Constabulary,-1.583008,54.710124,On or near Wolsey Road,E01020842,County Durham 049D,Anti-social behaviour,,
,2020-05,Durham Constabulary,Durham Constabulary,-1.584902,54.700982,On or near Mount Pleasant Court,E01020842,County Durham 049D,Anti-social behaviour,,
,2020-05,Durham Constabulary,Durham Constabulary,-1.584081,54.702319,On or near North Road,E01020842,County Durham 049D,Anti-social behaviour,,
,2020-05,Durham Constabulary,Durham Constabulary,-1.582454,54.700570,On or near Fenwick Street,E01020842,County Durham 049D,Anti-social behaviour,,
,2020-05,Durham Constabulary,Durham Constabulary,-1.574164,54.706903,On or near Meadowfield Avenue,E01020842,County Durham 049D,Anti-social behaviour,,
,2020-05,Durham Constabulary,Durham Constabulary,-1.587944,54.711570,On or near Front Street,E01020842,County Durham 049D,Anti-social behaviour,,
,2020-05,Durham Constabulary,Durham Constabulary,-1.575679,54.702972,On or near Green Lane,E01020842,County Durham 049D,Anti-social behaviour,,
,2020-05,Durham Constabulary,Durham Constabulary,-1.587699,54.709745,On or near St David'S Close,E01020842,County Durham 049D,Anti-social behaviour,,
,2020-05,Durham Constabulary,Durham Constabulary,-1.575679,54.702972,On or near Green Lane,E01020842,County Durham 049D,Anti-social behaviour,,
,2020-05,Durham Constabulary,Durham Constabulary,-1.575679,54.702972,On or near Green Lane,E01020842,County Durham 049D,Anti-social behaviour,,
,2020-05,Durham Constabulary,Durham Constabulary,-1.584902,54.700982,On or near Mount Pleasant Court,E01020842,County Durham 049D,Anti-social behaviour,,
,2020-05,Durham Constabulary,Durham Constabulary,-1.575679,54.702972,On or near Green Lane,E01020842,County Durham 049D,Anti-social behaviour,,
a495a3429688f487945cb16aa7a04e5555b655910f41a93ff59008dfd2a979c1,2020-05,Durham Constabulary,Durham Constabulary,-1.582784,54.700139,On or near Grainger Street,E01020842,County Durham 049D,Criminal damage and arson,Unable to prosecute suspect,
e3b9f9461fb0bc1e5b92ebb45aa07579e635dbe924cb4b1d28803dc3ac1b9d3f,2020-05,Durham Constabulary,Durham Constabulary,-1.583008,54.710124,On or near Wolsey Road,E01020842,County Durham 049D,Criminal damage and arson,Investigation complete; no suspect identified,
50da0b31cf07910c8276827c96a97d27418daa009f479102b8b804fccf5c4bb6,2020-05,Durham Constabulary,Durham Constabulary,-1.567320,54.708308,On or near A167,E01020842,County Durham 049D,Criminal damage and arson,Court result unavailable,
1e8a25ad1c341112d88220d70213d69673eae76302d77076c3aeb65e487daf34,2020-05,Durham Constabulary,Durham Constabulary,-1.587944,54.711570,On or near Front Street,E01020842,County Durham 049D,Public order,Investigation complete; no suspect identified,
5da70df3476bbb2ec35a22a82d5b489eea34c9dd9d27e39baa2c61af440a0d32,2020-05,Durham Constabulary,Durham Constabulary,-1.574164,54.706903,On or near Meadowfield Avenue,E01020842,County Durham 049D,Public order,Unable to prosecute suspect,
d076decb93e486aa6e0822d307231ab8f51ab30d779287c1bbeb1385a17a89a5,2020-05,Durham Constabulary,Durham Constabulary,-1.575679,54.702972,On or near Green Lane,E01020842,County Durham 049D,Public order,Unable to prosecute suspect,
d507114ec531b98125aea7bd8d8039482366c4859b5c34ba24247c3a8e2356e0,2020-05,Durham Constabulary,Durham Constabulary,-1.582454,54.700570,On or near Fenwick Street,E01020842,County Durham 049D,Public order,Local resolution,
ab2bff17a70e05f92f1c44aea31f7df21b489276de12ec0d4814f19de8c31b64,2020-05,Durham Constabulary,Durham Constabulary,-1.582784,54.700139,On or near Grainger Street,E01020842,County Durham 049D,Public order,Unable to prosecute suspect,
b21bbbef8f5a39ded73d1f917f5ab4ffa42e34469e349086f1c979b8c05f7335,2020-05,Durham Constabulary,Durham Constabulary,-1.567320,54.708308,On or near A167,E01020842,County Durham 049D,Public order,Unable to prosecute suspect,
f0780dee0fdf5a0e418a5605f11cff8aadc3bed9a8a91ad80e6eed07e45e7d93,2020-05,Durham Constabulary,Durham Constabulary,-1.583008,54.710124,On or near Wolsey Road,E01020842,County Durham 049D,Public order,Unable to prosecute suspect,
e08f1415d20fab033fb23f0af0d2e1e1b1bb35df7d57e2e42eaeefb8abceb3d0,2020-05,Durham Constabulary,Durham Constabulary,-1.581507,54.702148,On or near The Spinney,E01020842,County Durham 049D,Violence and sexual offences,Unable to prosecute suspect,
a08fd96544998c72256f4f726fcf4344af9347e964f18aae4cf1ef7f6099937d,2020-05,Durham Constabulary,Durham Constabulary,-1.581958,54.700541,On or near Broom Street,E01020842,County Durham 049D,Violence and sexual offences,Local resolution,
15a3c6fa2dff974739a0f626d0c25ad587cbcd8b6f1af6c59ac0ace5ca0851ae,2020-05,Durham Constabulary,Durham Constabulary,-1.581507,54.702148,On or near The Spinney,E01020842,County Durham 049D,Violence and sexual offences,Investigation complete; no suspect identified,
773a84023e2767694b22573aa01f9352c08e856d00b88393082cbbb3e829673e,2020-05,Durham Constabulary,Durham Constabulary,-1.587944,54.711570,On or near Front Street,E01020842,County Durham 049D,Violence and sexual offences,Unable to prosecute suspect,
0c00a2b728baf2e5e3d95d67686b8e76714148a8edf0ac3b1d6f1f9d052d1177,2020-05,Durham Constabulary,Durham Constabulary,-1.587944,54.711570,On or near Front Street,E01020842,County Durham 049D,Violence and sexual offences,Investigation complete; no suspect identified,
8b14336c44f50a0d64a6dd43e6f71911dfc01299780d17c68ced2e950a967738,2020-05,Durham Constabulary,Durham Constabulary,-1.581507,54.702148,On or near The Spinney,E01020842,County Durham 049D,Violence and sexual offences,Unable to prosecute suspect,
56698dead752f0e9bc76a65f74848289566f5502fbc1a13ffec3748924f2fb57,2020-05,Durham Constabulary,Durham Constabulary,-1.581958,54.700541,On or near Broom Street,E01020842,County Durham 049D,Violence and sexual offences,Unable to prosecute suspect,
622e668a4e117b254724b8f359d13c180dc07e6c1aae8a05bf74c5ccd0c26f1b,2020-05,Durham Constabulary,Durham Constabulary,-1.583008,54.710124,On or near Wolsey Road,E01020842,County Durham 049D,Violence and sexual offences,Unable to prosecute suspect,
1afef1b440375f30681b47bcb15564b47e0c3cc13d669602e1ee2a20eadb044a,2020-05,Durham Constabulary,Durham Constabulary,-1.582454,54.700570,On or near Fenwick Street,E01020842,County Durham 049D,Violence and sexual offences,Investigation complete; no suspect identified,
bbf107a852b8e2fe0a11a79a0b716387cdb0e6b069ccaa874c101e49ad08a861,2020-05,Durham Constabulary,Durham Constabulary,-1.581507,54.702148,On or near The Spinney,E01020842,County Durham 049D,Violence and sexual offences,Unable to prosecute suspect,
b38b1f34c62729bfc0da8154257fff8a429f8dfe80a37edf09ce8d129091a6aa,2020-05,Durham Constabulary,Durham Constabulary,-1.580737,54.703062,On or near Tudhoe Moor,E01020842,County Durham 049D,Violence and sexual offences,Unable to prosecute suspect,
a045cbec4cbfd7438a4654f632170e258433ec5f0925a8d584e971db56d17299,2020-05,Durham Constabulary,Durham Constabulary,-1.587944,54.711570,On or near Front Street,E01020842,County Durham 049D,Violence and sexual offences,Unable to prosecute suspect,
938042a9cefec80d8d103f6e63be0a47b3119e60f43c9e30b4051c39265ab003,2020-05,Durham Constabulary,Durham Constabulary,-1.581958,54.700541,On or near Broom Street,E01020842,County Durham 049D,Violence and sexual offences,Unable to prosecute suspect,
f04fc0bfb83857568a51100333817276cd80db66b8adffce73c12e3b4b6b6a6e,2020-05,Durham Constabulary,Durham Constabulary,-1.582454,54.700570,On or near Fenwick Street,E01020842,County Durham 049D,Violence and sexual offences,Unable to prosecute suspect,
957a713ba6a3416571db81d03a1ed5e7f42f3f2a6a458348fbcca6a23829d832,2020-05,Durham Constabulary,Durham Constabulary,-1.587944,54.711570,On or near Front Street,E01020842,County Durham 049D,Violence and sexual offences,Investigation complete; no suspect identified,
ecbc4dbcb4201ce03cd10d49cace913ed8c00a3060894e1fce984d30e305afcf,2020-05,Durham Constabulary,Durham Constabulary,-1.587944,54.711570,On or near Front Street,E01020842,County Durham 049D,Violence and sexual offences,Unable to prosecute suspect,
4d223d7052dcfb9cd6b667d3c2eff9afb7037563488599449aa707a97f451c63,2020-05,Durham Constabulary,Durham Constabulary,-1.582454,54.700570,On or near Fenwick Street,E01020842,County Durham 049D,Violence and sexual offences,Unable to prosecute suspect,
7cdc196481d17916089e0d3d96a2f53e0fab0f6b8ab172e50b2177f2de4f84c0,2020-05,Durham Constabulary,Durham Constabulary,-1.582784,54.700139,On or near Grainger Street,E01020842,County Durham 049D,Violence and sexual offences,Further investigation is not in the public interest,
9394d852abb4b64a67664e400c18f19f462ebbb8293e27a82b2c344aa4d83336,2020-05,Durham Constabulary,Durham Constabulary,-1.587944,54.711570,On or near Front Street,E01020842,County Durham 049D,Other crime,Investigation complete; no suspect identified,
,2020-05,Durham Constabulary,Durham Constabulary,-1.513041,54.706215,On or near Bridge Road,E01020797,County Durham 050A,Anti-social behaviour,,
,2020-05,Durham Constabulary,Durham Constabulary,-1.510205,54.696812,On or near Garmondsway Court,E01020797,County Durham 050A,Anti-social behaviour,,
,2020-05,Durham Constabulary,Durham Constabulary,-1.520283,54.700124,On or near Birch Road,E01020797,County Durham 050A,Anti-social behaviour,,
,2020-05,Durham Constabulary,Durham Constabulary,-1.522581,54.689358,On or near Pedestrian Subway,E01020797,County Durham 050A,Anti-social behaviour,,
,2020-05,Durham Constabulary,Durham Constabulary,-1.519396,54.702960,On or near High Street,E01020797,County Durham 050A,Anti-social behaviour,,
,2020-05,Durham Constabulary,Durham Constabulary,-1.515141,54.705774,On or near Railway Terrace,E01020797,County Durham 050A,Anti-social behaviour,,
,2020-05,Durham Constabulary,Durham Constabulary,-1.520061,54.701795,On or near Palm Road,E01020797,County Durham 050A,Anti-social behaviour,,
,2020-05,Durham Constabulary,Durham Constabulary,-1.515392,54.700356,On or near Raisby Terrace,E01020797,County Durham 050A,Anti-social behaviour,,
,2020-05,Durham Constabulary,Durham Constabulary,-1.520399,54.704690,On or near Barratt Way,E01020797,County Durham 050A,Anti-social behaviour,,
,2020-05,Durham Constabulary,Durham Constabulary,-1.513041,54.706215,On or near Bridge Road,E01020797,County Durham 050A,Anti-social behaviour,,
,2020-05,Durham Constabulary,Durham Constabulary,-1.520061,54.701795,On or near Palm Road,E01020797,County Durham 050A,Anti-social behaviour,,
,2020-05,Durham Constabulary,Durham Constabulary,-1.520061,54.701795,On or near Palm Road,E01020797,County Durham 050A,Anti-social behaviour,,
,2020-05,Durham Constabulary,Durham Constabulary,-1.522581,54.689358,On or near Pedestrian Subway,E01020797,County Durham 050A,Anti-social behaviour,,
,2020-05,Durham Constabulary,Durham Constabulary,-1.522831,54.702461,On or near Parking Area,E01020797,County Durham 050A,Anti-social behaviour,,
16f648c792db191d323eb7794706f738aa1e6e8897b5fa7678009102aad16ff0,2020-05,Durham Constabulary,Durham Constabulary,-1.520283,54.700124,On or near Birch Road,E01020797,County Durham 050A,Burglary,Investigation complete; no suspect identified,
c87899e8b7b57fec7c74ee50e4049b5d47bbaf1bf705bc22ac54b21b064cec92,2020-05,Durham Constabulary,Durham Constabulary,-1.533957,54.709263,On or near Bridge Street,E01020797,County Durham 050A,Criminal damage and arson,Investigation complete; no suspect identified,
66774c250e511acfe07affef876e5b973e1afd73250e29e8daef139d6598e49c,2020-05,Durham Constabulary,Durham Constabulary,-1.520283,54.700124,On or near Birch Road,E01020797,County Durham 050A,Criminal damage and arson,Unable to prosecute suspect,
bcf260f967ae3836cfd470734213484528523000f2ddfe68efdcb309e18f3043,2020-05,Durham Constabulary,Durham Constabulary,-1.513041,54.706215,On or near Bridge Road,E01020797,County Durham 050A,Drugs,Unable to prosecute suspect,
3f89968146c4fdab06c69059cf8503d33f08e5ad5fdf67012e036b20ec19d38c,2020-05,Durham Constabulary,Durham Constabulary,-1.513041,54.706215,On or near Bridge Road,E01020797,County Durham 050A,Possession of weapons,Court result unavailable,
d532f6e94c122a60d95da9ef6662654a8ce1ff15e26b3b6e2b68e37aaf0bc175,2020-05,Durham Constabulary,Durham Constabulary,-1.519396,54.702960,On or near High Street,E01020797,County Durham 050A,Public order,Unable to prosecute suspect,
38946ae5f2cabe17c7a0a73c3fbf524de0f37b6a40105fdc783c1bf48781ccfc,2020-05,Durham Constabulary,Durham Constabulary,-1.519396,54.702960,On or near High Street,E01020797,County Durham 050A,Violence and sexual offences,Unable to prosecute suspect,
9f8c4acc3918021fa9d0e668aa3504c5897bcc3a47d170de8d8fb51778d5ef7b,2020-05,Durham Constabulary,Durham Constabulary,-1.519396,54.702960,On or near High Street,E01020797,County Durham 050A,Violence and sexual offences,Unable to prosecute suspect,
49fc108f190ea18eff129273b008ac51addfd123c15d09f965e1737e230ec625,2020-05,Durham Constabulary,Durham Constabulary,-1.513041,54.706215,On or near Bridge Road,E01020797,County Durham 050A,Violence and sexual offences,Unable to prosecute suspect,
624d782fed119bff580cb1c1013e2a8134d4195a39164aa844694252f9f54542,2020-05,Durham Constabulary,Durham Constabulary,-1.519396,54.702960,On or near High Street,E01020797,County Durham 050A,Violence and sexual offences,Unable to prosecute suspect,
2109c13ed2f1259f8535ec711575db4e641e74635a12daac4f3368dd4a83e294,2020-05,Durham Constabulary,Durham Constabulary,-1.513027,54.698271,On or near Linden Road,E01020797,County Durham 050A,Violence and sexual offences,Unable to prosecute suspect,
a2eecac5824973eca2438f3457400b2d14d9344bb182aabfa61a6b58055f56b9,2020-05,Durham Constabulary,Durham Constabulary,-1.519396,54.702960,On or near High Street,E01020797,County Durham 050A,Violence and sexual offences,Unable to prosecute suspect,
a3f2c4cc955edf3988659cbdaf7db86733db80f08b4419924e0acc02c1c53f3a,2020-05,Durham Constabulary,Durham Constabulary,-1.524118,54.702574,On or near West Street,E01020797,County Durham 050A,Violence and sexual offences,Investigation complete; no suspect identified,
04ce3c98d3b0a60b89b5a92ccb2cc6e690fb319fa6fa334369c58abfaf2aa10f,2020-05,Durham Constabulary,Durham Constabulary,-1.509745,54.697637,On or near Salisbury Crescent,E01020797,County Durham 050A,Violence and sexual offences,Unable to prosecute suspect,
91c7ced2d51dfbfa3e6ddb2f4216479f120ca372abca80860ac5f1f7ee2bf07b,2020-05,Durham Constabulary,Durham Constabulary,-1.515850,54.702308,On or near The Grove,E01020797,County Durham 050A,Violence and sexual offences,Unable to prosecute suspect,
3a027cd90515fc5c6582f37483ce5aed285e78477fd4a37ef1108671550910c7,2020-05,Durham Constabulary,Durham Constabulary,-1.523617,54.701629,On or near Station Road,E01020797,County Durham 050A,Violence and sexual offences,Status update unavailable,
ef001708b4d05b9d32666400d06fbdef6083487a094d4b64744970598d46fe65,2020-05,Durham Constabulary,Durham Constabulary,-1.523617,54.701629,On or near Station Road,E01020797,County Durham 050A,Violence and sexual offences,Unable to prosecute suspect,
a7cf847ccea686f5dedf7b75beb032b08aec1fdea03256b403f83dfb84d9746d,2020-05,Durham Constabulary,Durham Constabulary,-1.513041,54.706215,On or near Bridge Road,E01020797,County Durham 050A,Violence and sexual offences,Unable to prosecute suspect,
a3524cf9c4f545c8b6119aa46107ac8e2cffecb8d235e77f7511859865028e6c,2020-05,Durham Constabulary,Durham Constabulary,-1.509117,54.697042,On or near Garmondsway Road,E01020797,County Durham 050A,Violence and sexual offences,Unable to prosecute suspect,
616090ab6ad66a5eb1bbc38897eb1f83bcb022e0a1b5f56882513bdc959305d7,2020-05,Durham Constabulary,Durham Constabulary,-1.513041,54.706215,On or near Bridge Road,E01020797,County Durham 050A,Violence and sexual offences,Investigation complete; no suspect identified,
6594b2c8bf27e71cae4acc6dc5bfce1e961164fe840dba929607d2780b82b3f7,2020-05,Durham Constabulary,Durham Constabulary,-1.520283,54.700124,On or near Birch Road,E01020797,County Durham 050A,Violence and sexual offences,Unable to prosecute suspect,
c3f3a3561d0e289acb4f17fb035160e0ec9b041752234776fbc267c7df33f6f9,2020-05,Durham Constabulary,Durham Constabulary,-1.520399,54.704690,On or near Barratt Way,E01020797,County Durham 050A,Violence and sexual offences,Unable to prosecute suspect,
866a951d35f4d61a5c0570a9ff8395d441a3f2d098fcdb1c4cb6747fc3a2083d,2020-05,Durham Constabulary,Durham Constabulary,-1.520399,54.704690,On or near Barratt Way,E01020797,County Durham 050A,Violence and sexual offences,Status update unavailable,
8fd5150b21754633e2a8299e00102eb0a49b0bd2c4138a5581869e7b84c224cb,2020-05,Durham Constabulary,Durham Constabulary,-1.523617,54.701629,On or near Station Road,E01020797,County Durham 050A,Other crime,Status update unavailable,
,2020-05,Durham Constabulary,Durham Constabulary,-1.542727,54.688474,On or near Supermarket,E01020798,County Durham 050B,Anti-social behaviour,,
,2020-05,Durham Constabulary,Durham Constabulary,-1.545489,54.689778,On or near Raby Road,E01020798,County Durham 050B,Anti-social behaviour,,
,2020-05,Durham Constabulary,Durham Constabulary,-1.541529,54.691516,On or near Barnard Road,E01020798,County Durham 050B,Anti-social behaviour,,
,2020-05,Durham Constabulary,Durham Constabulary,-1.545489,54.689778,On or near Raby Road,E01020798,County Durham 050B,Anti-social behaviour,,
,2020-05,Durham Constabulary,Durham Constabulary,-1.538704,54.687542,On or near Belsay Close,E01020798,County Durham 050B,Anti-social behaviour,,
,2020-05,Durham Constabulary,Durham Constabulary,-1.538929,54.688226,On or near Morpeth Close,E01020798,County Durham 050B,Anti-social behaviour,,
764cc230922ce46d7f09f150f4777661ec12a762f65bc82b463d0f173b917725,2020-05,Durham Constabulary,Durham Constabulary,-1.540755,54.684494,On or near Lambton Road,E01020798,County Durham 050B,Shoplifting,Unable to prosecute suspect,
b125fde20f473ea2e75b025ef51f236c139314c11ed0ca65e75b0058c6cc7b46,2020-05,Durham Constabulary,Durham Constabulary,-1.538870,54.689313,On or near Cleves Close,E01020798,County Durham 050B,Theft from the person,Court result unavailable,
6d5f530c69f17fa579dbf530b9bedf133c3aa80f32c6567b30bdb78aedaa365d,2020-05,Durham Constabulary,Durham Constabulary,-1.538929,54.688226,On or near Morpeth Close,E01020798,County Durham 050B,Vehicle crime,Investigation complete; no suspect identified,
65a982d7ab1b5927b43353d90f0706551df50f867d9b89905f10008f0b38c2fb,2020-05,Durham Constabulary,Durham Constabulary,-1.542327,54.686756,On or near Auckland Road,E01020798,County Durham 050B,Violence and sexual offences,Local resolution,
b9294136a8e0c08d2bbeb1ec774342126192c8170f3311e28cca13f4de141fe1,2020-05,Durham Constabulary,Durham Constabulary,-1.538870,54.689313,On or near Cleves Close,E01020798,County Durham 050B,Violence and sexual offences,Court result unavailable,
43dbdd4dcc7bf72b033887ca9e5747552e2e205e7ce4385d1835325efa3ea0ad,2020-05,Durham Constabulary,Durham Constabulary,-1.545836,54.689258,On or near Brancepeth Road,E01020798,County Durham 050B,Violence and sexual offences,Unable to prosecute suspect,
847797eecc675a111ad16b1441d7228cc8c2ba4c66e6316d81a02e4388dbe245,2020-05,Durham Constabulary,Durham Constabulary,-1.545489,54.689778,On or near Raby Road,E01020798,County Durham 050B,Violence and sexual offences,Investigation complete; no suspect identified,
4a55fdc0e0665c9cc2fb7956b0e60356b6f1fd1c126c6ca94be5be728b6573b0,2020-05,Durham Constabulary,Durham Constabulary,-1.538704,54.687542,On or near Belsay Close,E01020798,County Durham 050B,Violence and sexual offences,Formal action is not in the public interest,
9b7164d76e0e992b44a7e056e44e2561238eaa60cfbd98ebf16e1df3891e83a2,2020-05,Durham Constabulary,Durham Constabulary,-1.545836,54.689258,On or near Brancepeth Road,E01020798,County Durham 050B,Violence and sexual offences,Investigation complete; no suspect identified,
3014a313b64a7c619f82be880a80436aa23cf496288072cfd4037e7106fffa60,2020-05,Durham Constabulary,Durham Constabulary,-1.545836,54.689258,On or near Brancepeth Road,E01020798,County Durham 050B,Violence and sexual offences,Unable to prosecute suspect,
d6dab870db680766ed245720ec4abd716334e73d6d31729c8125c31308f83b19,2020-05,Durham Constabulary,Durham Constabulary,-1.545836,54.689258,On or near Brancepeth Road,E01020798,County Durham 050B,Other crime,Unable to prosecute suspect,
,2020-05,Durham Constabulary,Durham Constabulary,-1.551789,54.686755,On or near Lime Road,E01020799,County Durham 050C,Anti-social behaviour,,
,2020-05,Durham Constabulary,Durham Constabulary,-1.549084,54.690115,On or near Windsor Avenue,E01020799,County Durham 050C,Anti-social behaviour,,
,2020-05,Durham Constabulary,Durham Constabulary,-1.551207,54.688910,On or near Chestnut Avenue,E01020799,County Durham 050C,Anti-social behaviour,,
,2020-05,Durham Constabulary,Durham Constabulary,-1.549084,54.690115,On or near Windsor Avenue,E01020799,County Durham 050C,Anti-social behaviour,,
,2020-05,Durham Constabulary,Durham Constabulary,-1.551207,54.688910,On or near Chestnut Avenue,E01020799,County Durham 050C,Anti-social behaviour,,
,2020-05,Durham Constabulary,Durham Constabulary,-1.550631,54.687731,On or near Willow Road,E01020799,County Durham 050C,Anti-social behaviour,,
,2020-05,Durham Constabulary,Durham Constabulary,-1.551207,54.688910,On or near Chestnut Avenue,E01020799,County Durham 050C,Anti-social behaviour,,
70ae83d3ef386dbe5f94c1df5f8966278d7c2f9bd7929571faedaedf5a1ae2c0,2020-05,Durham Constabulary,Durham Constabulary,-1.550407,54.686921,On or near Hawthorne Road,E01020799,County Durham 050C,Other theft,Unable to prosecute suspect,
f11d2c41366bde46685043e9f93b991d3d47abff9f6528f7848964a850d3d23f,2020-05,Durham Constabulary,Durham Constabulary,-1.551789,54.686755,On or near Lime Road,E01020799,County Durham 050C,Violence and sexual offences,Unable to prosecute suspect,
0baf41b6e12fcdeba975866bca709a434a675a6bb18a73eb2c9eb385593e7822,2020-05,Durham Constabulary,Durham Constabulary,-1.549557,54.685237,On or near Beech Crescent,E01020799,County Durham 050C,Violence and sexual offences,Awaiting court outcome,
,2020-05,Durham Constabulary,Durham Constabulary,-1.541951,54.692623,On or near Balmoral Road,E01020808,County Durham 050D,Anti-social behaviour,,
,2020-05,Durham Constabulary,Durham Constabulary,-1.559015,54.689918,On or near Saddler Street,E01020808,County Durham 050D,Anti-social behaviour,,
,2020-05,Durham Constabulary,Durham Constabulary,-1.550860,54.690841,On or near Hallgarth Terrace,E01020808,County Durham 050D,Anti-social behaviour,,
,2020-05,Durham Constabulary,Durham Constabulary,-1.557117,54.688986,On or near Market Street,E01020808,County Durham 050D,Anti-social behaviour,,
957885f07cd5e08840f42970d38ac9dd6a65a05a1f54654655a84211ebeb9684,2020-05,Durham Constabulary,Durham Constabulary,-1.553718,54.689126,On or near Oswald Place,E01020808,County Durham 050D,Burglary,Court result unavailable,
745c777d38182e643b0ebe2faa82a1d4459e34add66098275e26f3e3fc57de76,2020-05,Durham Constabulary,Durham Constabulary,-1.557373,54.688205,On or near Police Station,E01020808,County Durham 050D,Criminal damage and arson,Unable to prosecute suspect,
9152f85710fe407a040bb1fa254a4e1c30a3313d97d4f570e00c3c130a35090e,2020-05,Durham Constabulary,Durham Constabulary,-1.557373,54.688205,On or near Police Station,E01020808,County Durham 050D,Criminal damage and arson,Unable to prosecute suspect,
14158518156e565d549a8ae73c319c96ce1cbeb1df7f5574d45e12c8449dcd52,2020-05,Durham Constabulary,Durham Constabulary,-1.560145,54.691540,On or near A167,E01020808,County Durham 050D,Drugs,Offender given a drugs possession warning,
8ead689655a7c329f51b909d9efba698e3fd0434ecc1e62122535005d69541ed,2020-05,Durham Constabulary,Durham Constabulary,-1.559015,54.689918,On or near Saddler Street,E01020808,County Durham 050D,Drugs,Offender given a drugs possession warning,
add0c35242b5755c4f876f2becc6b14ead4c18913028d08c05ffd672e0c7b4b4,2020-05,Durham Constabulary,Durham Constabulary,-1.553970,54.688785,On or near Church Lane,E01020808,County Durham 050D,Other theft,Unable to prosecute suspect,
41937980a971a775bd9a92689f651730a6209c842794f75eb6e7292ee7da46a3,2020-05,Durham Constabulary,Durham Constabulary,-1.556417,54.689127,On or near Main Street,E01020808,County Durham 050D,Other theft,Further action is not in the public interest,
59e96b0c62f884eef10b41e4702d8b98b7771bee2edacdab7707324314f32a7b,2020-05,Durham Constabulary,Durham Constabulary,-1.557373,54.688205,On or near Police Station,E01020808,County Durham 050D,Possession of weapons,Offender given a caution,
5154fb1e6c8a4bc429c3dd134e0a20a03e8b2beccc20383790f81a504cd31132,2020-05,Durham Constabulary,Durham Constabulary,-1.557373,54.688205,On or near Police Station,E01020808,County Durham 050D,Public order,Court result unavailable,
2336b071c91686b781f297c4270e201bbf6f0b72416927c32c3d09236fbee2a7,2020-05,Durham Constabulary,Durham Constabulary,-1.557117,54.688986,On or near Market Street,E01020808,County Durham 050D,Shoplifting,Court result unavailable,
,2020-05,Durham Constabulary,Durham Constabulary,-1.625293,54.662219,On or near Malvern Walk,E01020873,County Durham 051A,Anti-social behaviour,,
,2020-05,Durham Constabulary,Durham Constabulary,-1.625293,54.662219,On or near Malvern Walk,E01020873,County Durham 051A,Anti-social behaviour,,
,2020-05,Durham Constabulary,Durham Constabulary,-1.625293,54.662219,On or near Malvern Walk,E01020873,County Durham 051A,Anti-social behaviour,,
,2020-05,Durham Constabulary,Durham Constabulary,-1.625293,54.662219,On or near Malvern Walk,E01020873,County Durham 051A,Anti-social behaviour,,
,2020-05,Durham Constabulary,Durham Constabulary,-1.625906,54.664621,On or near Hartley Avenue,E01020873,County Durham 051A,Anti-social behaviour,,
,2020-05,Durham Constabulary,Durham Constabulary,-1.622305,54.665059,On or near Kent Street,E01020873,County Durham 051A,Anti-social behaviour,,
,2020-05,Durham Constabulary,Durham Constabulary,-1.625293,54.662219,On or near Malvern Walk,E01020873,County Durham 051A,Anti-social behaviour,,
,2020-05,Durham Constabulary,Durham Constabulary,-1.625293,54.662219,On or near Malvern Walk,E01020873,County Durham 051A,Anti-social behaviour,,
,2020-05,Durham Constabulary,Durham Constabulary,-1.625293,54.662219,On or near Malvern Walk,E01020873,County Durham 051A,Anti-social behaviour,,
,2020-05,Durham Constabulary,Durham Constabulary,-1.623082,54.663273,On or near Chiltern Road,E01020873,County Durham 051A,Anti-social behaviour,,
,2020-05,Durham Constabulary,Durham Constabulary,-1.625293,54.662219,On or near Malvern Walk,E01020873,County Durham 051A,Anti-social behaviour,,
,2020-05,Durham Constabulary,Durham Constabulary,-1.625293,54.662219,On or near Malvern Walk,E01020873,County Durham 051A,Anti-social behaviour,,
,2020-05,Durham Constabulary,Durham Constabulary,-1.625293,54.662219,On or near Malvern Walk,E01020873,County Durham 051A,Anti-social behaviour,,
,2020-05,Durham Constabulary,Durham Constabulary,-1.623082,54.663273,On or near Chiltern Road,E01020873,County Durham 051A,Anti-social behaviour,,
1bdde4276748c1b0fcce3161fb17b42240c039739e11aedf4da9d5fb92ab171e,2020-05,Durham Constabulary,Durham Constabulary,-1.626587,54.661442,On or near Helmsley Drive,E01020873,County Durham 051A,Burglary,Investigation complete; no suspect identified,
336aa5e3f41581896b0fe1db09818ccd12a5207f0f968ade572975ae1f00e5d0,2020-05,Durham Constabulary,Durham Constabulary,-1.623715,54.665216,On or near Addison Road,E01020873,County Durham 051A,Criminal damage and arson,Local resolution,
7352f5fede5c5408f8e7fa3e87f4fca4d79b95daf136f86891b845b3054fcd23,2020-05,Durham Constabulary,Durham Constabulary,-1.625906,54.664621,On or near Hartley Avenue,E01020873,County Durham 051A,Criminal damage and arson,Court result unavailable,
805ee2026f86ba6a50e0e99999d636e1a766e643fc13832a420c227909b1d124,2020-05,Durham Constabulary,Durham Constabulary,-1.626423,54.660695,On or near Supermarket,E01020873,County Durham 051A,Other theft,Investigation complete; no suspect identified,
1312fe0315dc377ec9ff0d3975381e7697b897395f7cb7564d9707db8dcc963d,2020-05,Durham Constabulary,Durham Constabulary,-1.624212,54.661731,On or near Hambleton Road,E01020873,County Durham 051A,Public order,Further investigation is not in the public interest,
2a59e74f72647c146bb699ca4dac73e121857dbecbe50dc9c0620f65066076d5,2020-05,Durham Constabulary,Durham Constabulary,-1.624212,54.661731,On or near Hambleton Road,E01020873,County Durham 051A,Vehicle crime,Investigation complete; no suspect identified,
3038741c7badcdea068df119e6aaf2f28cbe1c64b824668acb10d0f3f82d4224,2020-05,Durham Constabulary,Durham Constabulary,-1.624212,54.661731,On or near Hambleton Road,E01020873,County Durham 051A,Violence and sexual offences,Unable to prosecute suspect,
5cc847f6fe3f8680a87a7e67a32171bd0e4cdfea8048783ddf7e1b56c5d4a6f0,2020-05,Durham Constabulary,Durham Constabulary,-1.626423,54.660695,On or near Supermarket,E01020873,County Durham 051A,Violence and sexual offences,Court result unavailable,
f86c22a85429fedfd4dafb780223f508cb259d12b1fb93c64b70bd109424f004,2020-05,Durham Constabulary,Durham Constabulary,-1.621717,54.664949,On or near Leeholme Road,E01020873,County Durham 051A,Violence and sexual offences,Unable to prosecute suspect,
2ef6000414b6d290ae841742868c17fa85f674f007284df8763bb540074bc5ad,2020-05,Durham Constabulary,Durham Constabulary,-1.624212,54.661731,On or near Hambleton Road,E01020873,County Durham 051A,Violence and sexual offences,Unable to prosecute suspect,
d68f56ffa6357620a25c6fe94aa574db8eff4e58c29e008c8d53053c4f1f299d,2020-05,Durham Constabulary,Durham Constabulary,-1.626423,54.660695,On or near Supermarket,E01020873,County Durham 051A,Violence and sexual offences,Local resolution,
14c107555eb9bd1067875f0c6ed9ad8cce26f259d941c895e54e44b409434864,2020-05,Durham Constabulary,Durham Constabulary,-1.623715,54.665216,On or near Addison Road,E01020873,County Durham 051A,Violence and sexual offences,Local resolution,
0a0100f357db1f09bc2a83a02f7b2171490c6596070d4f3e367015b8d23e2960,2020-05,Durham Constabulary,Durham Constabulary,-1.626423,54.660695,On or near Supermarket,E01020873,County Durham 051A,Violence and sexual offences,Unable to prosecute suspect,
3dd000ea1939d3c02c07a8ce88e6f8eaea7b6510590dced003f782cf8de9f884,2020-05,Durham Constabulary,Durham Constabulary,-1.626423,54.660695,On or near Supermarket,E01020873,County Durham 051A,Violence and sexual offences,Local resolution,
caab90c887e5337a360774ce34c03a0cf439ea48d8159802bf6d79f74bc23fd2,2020-05,Durham Constabulary,Durham Constabulary,-1.626423,54.660695,On or near Supermarket,E01020873,County Durham 051A,Violence and sexual offences,Investigation complete; no suspect identified,
cd658405c1bc9c7c68e07bce2360a35bb8c7dae16372a8d5cb3fa58ea6674c57,2020-05,Durham Constabulary,Durham Constabulary,-1.623082,54.663273,On or near Chiltern Road,E01020873,County Durham 051A,Violence and sexual offences,Unable to prosecute suspect,
564bb3b0c682a5819abe416df06e654416120c7b240b9b33805f22e2e5e77c6b,2020-05,Durham Constabulary,Durham Constabulary,-1.618546,54.664247,On or near Buckingham Terrace,E01020873,County Durham 051A,Violence and sexual offences,Court result unavailable,
05eebfeb1118869bc6ee96920a793b61f32e110c12685182f53407f2888c2e2f,2020-05,Durham Constabulary,Durham Constabulary,-1.626423,54.660695,On or near Supermarket,E01020873,County Durham 051A,Violence and sexual offences,Unable to prosecute suspect,
873504a6afb4aa4e223ff002ffe59baaa798996780ffac5a600869250886d20d,2020-05,Durham Constabulary,Durham Constabulary,-1.625906,54.664621,On or near Hartley Avenue,E01020873,County Durham 051A,Violence and sexual offences,Court result unavailable,
ddd8e5d097058a5bfb9bb593715fc9b9eafd457ec82c6a6935c59a1e2252aaa9,2020-05,Durham Constabulary,Durham Constabulary,-1.626423,54.660695,On or near Supermarket,E01020873,County Durham 051A,Other crime,Unable to prosecute suspect,
e2c99d8a7549aef7d65cf467559606b937f76f2868ae9a367b6a9a9b4f752c8e,2020-05,Durham Constabulary,Durham Constabulary,-1.626423,54.660695,On or near Supermarket,E01020873,County Durham 051A,Other crime,Unable to prosecute suspect,
,2020-05,Durham Constabulary,Durham Constabulary,-1.647960,54.665469,On or near Petrol Station,E01020875,County Durham 051B,Anti-social behaviour,,
,2020-05,Durham Constabulary,Durham Constabulary,-1.653740,54.660345,On or near Brack'S Road,E01020875,County Durham 051B,Anti-social behaviour,,
,2020-05,Durham Constabulary,Durham Constabulary,-1.653056,54.660577,On or near Durham Road,E01020875,County Durham 051B,Anti-social behaviour,,
,2020-05,Durham Constabulary,Durham Constabulary,-1.609512,54.675084,On or near High Road,E01020875,County Durham 051B,Anti-social behaviour,,
,2020-05,Durham Constabulary,Durham Constabulary,-1.609512,54.675084,On or near High Road,E01020875,County Durham 051B,Anti-social behaviour,,
,2020-05,Durham Constabulary,Durham Constabulary,-1.647960,54.665469,On or near Petrol Station,E01020875,County Durham 051B,Anti-social behaviour,,
,2020-05,Durham Constabulary,Durham Constabulary,-1.627758,54.663890,On or near Sports/Recreation Area,E01020875,County Durham 051B,Anti-social behaviour,,
,2020-05,Durham Constabulary,Durham Constabulary,-1.627758,54.663890,On or near Sports/Recreation Area,E01020875,County Durham 051B,Anti-social behaviour,,
b8771c21514d9221cabc3253d6fd25f5b775e9bfa6105b56fc4be516807c46b3,2020-05,Durham Constabulary,Durham Constabulary,-1.631154,54.663801,On or near Wharton Street,E01020875,County Durham 051B,Criminal damage and arson,Investigation complete; no suspect identified,
31c0b6f2a3e48d6e9ad268bbc0e3b6f53136356241a1484c4288211c890b9c07,2020-05,Durham Constabulary,Durham Constabulary,-1.635392,54.664865,On or near Lingmell Dene,E01020875,County Durham 051B,Criminal damage and arson,Unable to prosecute suspect,
823983b09655a2756cca8666d5a77070ea1664abf1dafd3d26d78f88be8d1ecd,2020-05,Durham Constabulary,Durham Constabulary,-1.682128,54.695516,On or near Grey Street,E01020875,County Durham 051B,Drugs,Offender given a caution,
691e7f9655917c183e31a425883bbe315a6d88352e4374ecb279847f8ccd15f0,2020-05,Durham Constabulary,Durham Constabulary,-1.682128,54.695516,On or near Grey Street,E01020875,County Durham 051B,Drugs,Formal action is not in the public interest,
aa4138a61d2b048c881c90132a589bc44be702eb6ca7b9bd7ea3174fa5a6550d,2020-05,Durham Constabulary,Durham Constabulary,-1.647960,54.665469,On or near Petrol Station,E01020875,County Durham 051B,Other theft,Investigation complete; no suspect identified,
fc575498a24f4ebeeee26dd45b07e32b76d0cdd7b3a463fe6db9359bd868f300,2020-05,Durham Constabulary,Durham Constabulary,-1.630301,54.663852,On or near Wharton Street,E01020875,County Durham 051B,Public order,Unable to prosecute suspect,
2193826515437444108d12fcf44253e46bc698694bf5c0842ee264a9586913f9,2020-05,Durham Constabulary,Durham Constabulary,-1.640965,54.676385,On or near Parking Area,E01020875,County Durham 051B,Vehicle crime,Investigation complete; no suspect identified,
96d8fe1ef40dface5454c1e20f6b71d4e47bce07a99568c5b0e9147928b182d4,2020-05,Durham Constabulary,Durham Constabulary,-1.633862,54.664322,On or near Westerton View,E01020875,County Durham 051B,Vehicle crime,Unable to prosecute suspect,
0c611975ce512ac8268201c922e91130bd60a0900811962ccfd48b0d372946ab,2020-05,Durham Constabulary,Durham Constabulary,-1.646089,54.684596,On or near Church Street,E01020875,County Durham 051B,Violence and sexual offences,Unable to prosecute suspect,
2eefd7aee5ae202f5f055346c3dfe114491bd126b84a25ed5d2a6b707b4aad14,2020-05,Durham Constabulary,Durham Constabulary,-1.646089,54.684596,On or near Church Street,E01020875,County Durham 051B,Violence and sexual offences,Unable to prosecute suspect,
f29098c4c614d8b31a5c8f594e0c18ce97ed5cdbf989057f429eddec40ff6afb,2020-05,Durham Constabulary,Durham Constabulary,-1.633862,54.664322,On or near Westerton View,E01020875,County Durham 051B,Violence and sexual offences,Unable to prosecute suspect,
,2020-05,Durham Constabulary,Durham Constabulary,-1.675857,54.709527,On or near Oak Avenue,E01020900,County Durham 051C,Anti-social behaviour,,
,2020-05,Durham Constabulary,Durham Constabulary,-1.674001,54.710690,On or near Cedar Crescent,E01020900,County Durham 051C,Anti-social behaviour,,
,2020-05,Durham Constabulary,Durham Constabulary,-1.673236,54.709260,On or near Birch Drive,E01020900,County Durham 051C,Anti-social behaviour,,
,2020-05,Durham Constabulary,Durham Constabulary,-1.675857,54.709527,On or near Oak Avenue,E01020900,County Durham 051C,Anti-social behaviour,,
fdec4b87c356108a778e7ca044648cbcfb091950b48ed9361f9a987314f34746,2020-05,Durham Constabulary,Durham Constabulary,-1.679218,54.708458,On or near Stony Bank,E01020900,County Durham 051C,Drugs,Offender given a drugs possession warning,
d16003843a90e400b3b388375fd30ab10916c83e8b2aee1b73f86529a3a36eca,2020-05,Durham Constabulary,Durham Constabulary,-1.682180,54.708690,On or near Low Willington,E01020900,County Durham 051C,Drugs,Offender given a drugs possession warning,
407a9a3e8b95b01de6c608b62e4c7a301bde0f8ad4e8a5d2b1d4265df39c1c29,2020-05,Durham Constabulary,Durham Constabulary,-1.680785,54.710484,On or near Surtees Drive,E01020900,County Durham 051C,Other theft,Unable to prosecute suspect,
da13e189ff02306f8d21eed3c8d4ad80ef8a1f9481135e462bc8febfe17200fb,2020-05,Durham Constabulary,Durham Constabulary,-1.675857,54.709527,On or near Oak Avenue,E01020900,County Durham 051C,Public order,Unable to prosecute suspect,
af36bd41ccd4140bbff1c9399504521b3b9c89dd97fe5fce00659aaecd931e4c,2020-05,Durham Constabulary,Durham Constabulary,-1.675857,54.709527,On or near Oak Avenue,E01020900,County Durham 051C,Violence and sexual offences,Unable to prosecute suspect,
21c45bf5ee3184726249c7d3672b24c8308015990095d721d061c236bc0221ae,2020-05,Durham Constabulary,Durham Constabulary,-1.680785,54.710484,On or near Surtees Drive,E01020900,County Durham 051C,Violence and sexual offences,Unable to prosecute suspect,
30d90a0eef49e60da1b4075e29ace052d9a8892ab3cfad4c8955463bc9e1af31,2020-05,Durham Constabulary,Durham Constabulary,-1.684993,54.710279,On or near Priory Gardens,E01020900,County Durham 051C,Violence and sexual offences,Unable to prosecute suspect,
bf072c40b4aa9d0072c3deb02ffadec3f5aade634eb4846e627a4b922eb2a5ef,2020-05,Durham Constabulary,Durham Constabulary,-1.687850,54.710062,On or near Bainbridge Avenue,E01020900,County Durham 051C,Violence and sexual offences,Unable to prosecute suspect,
01d6dc3d026ed775ff0af58b48fc866967f92eb2da1d6b887b8feaaaae73b66a,2020-05,Durham Constabulary,Durham Constabulary,-1.687850,54.710062,On or near Bainbridge Avenue,E01020900,County Durham 051C,Violence and sexual offences,Unable to prosecute suspect,
428220f915dfa2e1c8f91dd91054b08ca04214b69a5e633e842bae410c8afe5f,2020-05,Durham Constabulary,Durham Constabulary,-1.687850,54.710062,On or near Bainbridge Avenue,E01020900,County Durham 051C,Violence and sexual offences,Unable to prosecute suspect,
,2020-05,Durham Constabulary,Durham Constabulary,-1.691836,54.710423,On or near Bridge End,E01020901,County Durham 051D,Anti-social behaviour,,
,2020-05,Durham Constabulary,Durham Constabulary,-1.690502,54.710329,On or near Commercial Street,E01020901,County Durham 051D,Anti-social behaviour,,
,2020-05,Durham Constabulary,Durham Constabulary,-1.690717,54.708595,On or near Sports/Recreation Area,E01020901,County Durham 051D,Anti-social behaviour,,
,2020-05,Durham Constabulary,Durham Constabulary,-1.690218,54.710922,On or near Wesley Street,E01020901,County Durham 051D,Anti-social behaviour,,
,2020-05,Durham Constabulary,Durham Constabulary,-1.690502,54.710329,On or near Commercial Street,E01020901,County Durham 051D,Anti-social behaviour,,
,2020-05,Durham Constabulary,Durham Constabulary,-1.692208,54.708428,On or near Hall Lane Estate,E01020901,County Durham 051D,Anti-social behaviour,,
,2020-05,Durham Constabulary,Durham Constabulary,-1.690502,54.710329,On or near Commercial Street,E01020901,County Durham 051D,Anti-social behaviour,,
,2020-05,Durham Constabulary,Durham Constabulary,-1.690717,54.708595,On or near Sports/Recreation Area,E01020901,County Durham 051D,Anti-social behaviour,,
,2020-05,Durham Constabulary,Durham Constabulary,-1.690218,54.710922,On or near Wesley Street,E01020901,County Durham 051D,Anti-social behaviour,,
8d77c5e7f0ee93b0056b3e07403ad2104263af91b137bbcb0a0c4a21a0d632a6,2020-05,Durham Constabulary,Durham Constabulary,-1.690352,54.709628,On or near Supermarket,E01020901,County Durham 051D,Burglary,Investigation complete; no suspect identified,
8f42bc89beb250d98ac8dc9baabea64fbfdcdbba77d654e8baced50f6ec6411c,2020-05,Durham Constabulary,Durham Constabulary,-1.690717,54.708595,On or near Sports/Recreation Area,E01020901,County Durham 051D,Criminal damage and arson,Investigation complete; no suspect identified,
e45e435cdcfc12ae50dde5370327ae109c1053807e573a2c04fd5645dcd64e05,2020-05,Durham Constabulary,Durham Constabulary,-1.690717,54.708595,On or near Sports/Recreation Area,E01020901,County Durham 051D,Criminal damage and arson,Investigation complete; no suspect identified,
7e0fcaaf89ffaa946cff52b6d46c88f39e76b0c8ec20ba8666c107b565276ddf,2020-05,Durham Constabulary,Durham Constabulary,-1.692208,54.708428,On or near Hall Lane Estate,E01020901,County Durham 051D,Criminal damage and arson,Unable to prosecute suspect,
fac507e1a3c29f0b27b9d78001516ef180acb49518f95e63abce63ce261945a1,2020-05,Durham Constabulary,Durham Constabulary,-1.690717,54.708595,On or near Sports/Recreation Area,E01020901,County Durham 051D,Other theft,Investigation complete; no suspect identified,
c382eb7b93fa03c9e3e635e750e071cfca943c553fff10bbe241bd75749cdad1,2020-05,Durham Constabulary,Durham Constabulary,-1.690218,54.710922,On or near Wesley Street,E01020901,County Durham 051D,Other theft,Unable to prosecute suspect,
a7e9dfa5ccef33ff58539a0f22994dcfc4e8df9707e8a0be72c9bc11badea5ae,2020-05,Durham Constabulary,Durham Constabulary,-1.690352,54.709628,On or near Supermarket,E01020901,County Durham 051D,Public order,Unable to prosecute suspect,
b885b5aa890f646cb72a47625da1298b7f08be1ab59e9d5d1cfcf0df96b2c2c7,2020-05,Durham Constabulary,Durham Constabulary,-1.692374,54.711089,On or near Supermarket,E01020901,County Durham 051D,Shoplifting,Offender given a caution,
f0a36944d678ac67215d8ed36dbc757b0982ba0a1cf3c4006777ab98ea2be4ab,2020-05,Durham Constabulary,Durham Constabulary,-1.688217,54.704725,On or near Sports/Recreation Area,E01020901,County Durham 051D,Violence and sexual offences,Investigation complete; no suspect identified,
4016aec1673bcfb479521011bf7888620e297f95ccf6554ad68e6f8daa2362c0,2020-05,Durham Constabulary,Durham Constabulary,-1.690218,54.710922,On or near Wesley Street,E01020901,County Durham 051D,Violence and sexual offences,Unable to prosecute suspect,
58a9a40f5288acb33a297f9752d5c7aed123c90298e12a4555ffd6c29b52c3f1,2020-05,Durham Constabulary,Durham Constabulary,-1.690218,54.710922,On or near Wesley Street,E01020901,County Durham 051D,Violence and sexual offences,Investigation complete; no suspect identified,
961fa1332dd0bf83923b8f36ae4a1792c5310671aa0701664288ac6da67c112c,2020-05,Durham Constabulary,Durham Constabulary,-1.692208,54.708428,On or near Hall Lane Estate,E01020901,County Durham 051D,Violence and sexual offences,Unable to prosecute suspect,
a1d6b50b01f3704bc3c777143ed978a594ca92979d2f7f3e48af225b4fffd868,2020-05,Durham Constabulary,Durham Constabulary,-1.690502,54.710329,On or near Commercial Street,E01020901,County Durham 051D,Violence and sexual offences,Unable to prosecute suspect,
947e1ce1c81d3fb35df3fcb05858aab31d0add4747d55a7da457b30bac69efd3,2020-05,Durham Constabulary,Durham Constabulary,-1.694656,54.708965,On or near Gardener Avenue,E01020901,County Durham 051D,Violence and sexual offences,Further investigation is not in the public interest,
cc6c75e34fe4184e88432e3737d702f0426f7e4099b3962a21c0c4a27a7c1135,2020-05,Durham Constabulary,Durham Constabulary,-1.693770,54.711326,On or near Commercial Street,E01020901,County Durham 051D,Violence and sexual offences,Unable to prosecute suspect,
b96c8ac5bb457dfc9444e7ac81323f135fbf26d247d1c6a7c071b51524cb2f71,2020-05,Durham Constabulary,Durham Constabulary,-1.693641,54.709879,On or near Cambridge Avenue,E01020901,County Durham 051D,Violence and sexual offences,Action to be taken by another organisation,
93da16fe883cad8b80d3ccf1df3abb2dd781a434a9d0300e14f6d06659cf4234,2020-05,Durham Constabulary,Durham Constabulary,-1.693770,54.711326,On or near Commercial Street,E01020901,County Durham 051D,Other crime,Unable to prosecute suspect,
3e098b3b101c2514067839fd1ef963f870fe4cf02ed36ebebd24e6aecf8edbde,2020-05,Durham Constabulary,Durham Constabulary,-1.693770,54.711326,On or near Commercial Street,E01020901,County Durham 051D,Other crime,Court result unavailable,
,2020-05,Durham Constabulary,Durham Constabulary,-1.699083,54.704321,On or near Moorland Close,E01020902,County Durham 051E,Anti-social behaviour,,
,2020-05,Durham Constabulary,Durham Constabulary,-1.703023,54.704546,On or near Saxby Drive,E01020902,County Durham 051E,Anti-social behaviour,,
,2020-05,Durham Constabulary,Durham Constabulary,-1.697642,54.703958,On or near Rockingham Road,E01020902,County Durham 051E,Anti-social behaviour,,
,2020-05,Durham Constabulary,Durham Constabulary,-1.695652,54.704501,On or near Chester Drive,E01020902,County Durham 051E,Anti-social behaviour,,
,2020-05,Durham Constabulary,Durham Constabulary,-1.703023,54.704546,On or near Saxby Drive,E01020902,County Durham 051E,Anti-social behaviour,,
,2020-05,Durham Constabulary,Durham Constabulary,-1.703023,54.704546,On or near Saxby Drive,E01020902,County Durham 051E,Anti-social behaviour,,
fd5cfe2f79ea7dc6e60b647ae36c5086e573201c50886c8b06fac9a8b1730e89,2020-05,Durham Constabulary,Durham Constabulary,-1.699083,54.704321,On or near Moorland Close,E01020902,County Durham 051E,Burglary,Investigation complete; no suspect identified,
259b77e1880c523091b2ed92174dc3f0efd419fc1d5b3ebe0bd6dbc7c2897a56,2020-05,Durham Constabulary,Durham Constabulary,-1.694591,54.705298,On or near Chester Drive,E01020902,County Durham 051E,Criminal damage and arson,Unable to prosecute suspect,
c8f488d00d9b187031129348a825ae4a6cf3ad031d5f258a7d0981c9d7643142,2020-05,Durham Constabulary,Durham Constabulary,-1.695077,54.706629,On or near Canterbury Crescent,E01020902,County Durham 051E,Criminal damage and arson,Investigation complete; no suspect identified,
e196ab446621b84216baba55e5b9bf0ce5fab0e3ee6ea1f8b2591fbfe39c17e5,2020-05,Durham Constabulary,Durham Constabulary,-1.695652,54.704501,On or near Chester Drive,E01020902,County Durham 051E,Criminal damage and arson,Local resolution,
866f23dd6b197f8bb46b65b6c02dbc16514bb01a2428880ad8dcc964b2ab63f0,2020-05,Durham Constabulary,Durham Constabulary,-1.695652,54.704501,On or near Chester Drive,E01020902,County Durham 051E,Criminal damage and arson,Local resolution,
b9246be1d0d84b55726afe29f34ba3d673dfb52543f511a09e1e7d3f5945ba22,2020-05,Durham Constabulary,Durham Constabulary,-1.695077,54.706629,On or near Canterbury Crescent,E01020902,County Durham 051E,Public order,Unable to prosecute suspect,
addf7e7c0403c8835af7bd79791b0adcd727a4ff50728e3966919ec26465c383,2020-05,Durham Constabulary,Durham Constabulary,-1.697369,54.705206,On or near Dovedale Avenue,E01020902,County Durham 051E,Public order,Unable to prosecute suspect,
23ff1724359767477136cb240e679c9e4731eb82deb30f2fa122fb743860d5d0,2020-05,Durham Constabulary,Durham Constabulary,-1.695077,54.706629,On or near Canterbury Crescent,E01020902,County Durham 051E,Public order,Unable to prosecute suspect,
f68b7d844bb01df1764c5353f8c499d32ade469cd0316e9687ba5fc43a03b783,2020-05,Durham Constabulary,Durham Constabulary,-1.696049,54.703262,On or near South Street,E01020902,County Durham 051E,Vehicle crime,Investigation complete; no suspect identified,
bde5c95bf086ccaf2588123330b734ffae4c79bf35c4922ef0094d7fd21e8a7d,2020-05,Durham Constabulary,Durham Constabulary,-1.697724,54.705522,On or near Dovedale Avenue,E01020902,County Durham 051E,Violence and sexual offences,Investigation complete; no suspect identified,
60ef19552d013ce3c267d59590cc25a7daf2588350c13cf67831b7aae22caedf,2020-05,Durham Constabulary,Durham Constabulary,-1.694591,54.705298,On or near Chester Drive,E01020902,County Durham 051E,Violence and sexual offences,Unable to prosecute suspect,
0c1a15401397aab99a3cdc42ed34eb6851ac1951a77d323dcc26c0c41cd04bf3,2020-05,Durham Constabulary,Durham Constabulary,-1.694591,54.705298,On or near Chester Drive,E01020902,County Durham 051E,Violence and sexual offences,Unable to prosecute suspect,
1c44f955393b8a580158c3c05fc897947a4b2e87e4e3c2d78cb759039aa4f169,2020-05,Durham Constabulary,Durham Constabulary,-1.697724,54.705522,On or near Dovedale Avenue,E01020902,County Durham 051E,Violence and sexual offences,Unable to prosecute suspect,
8e849020aa9692a189dc1dc3c2cbfa24214b4d9cfa76855c5007b4ac97d864a8,2020-05,Durham Constabulary,Durham Constabulary,-1.699083,54.704321,On or near Moorland Close,E01020902,County Durham 051E,Violence and sexual offences,Unable to prosecute suspect,
41126762bd972dfa1ad0ea79136950f7e702641e5e96152660e62dcc3585b069,2020-05,Durham Constabulary,Durham Constabulary,-1.695077,54.706629,On or near Canterbury Crescent,E01020902,County Durham 051E,Violence and sexual offences,Action to be taken by another organisation,
d112d1f2a949faec7082e5f439ed3c42fa25425a62bdf22108a81babcfd64a83,2020-05,Durham Constabulary,Durham Constabulary,-1.695077,54.706629,On or near Canterbury Crescent,E01020902,County Durham 051E,Violence and sexual offences,Unable to prosecute suspect,
b021bc587ee19a5e1a46cf12575629614cf9d8d5dd5e55bf986974ac05e50a14,2020-05,Durham Constabulary,Durham Constabulary,-1.694591,54.705298,On or near Chester Drive,E01020902,County Durham 051E,Violence and sexual offences,Unable to prosecute suspect,
99c7658f3a14556d75fddbbc8715c7ace3ed19a48f9577dfb9285f9dda01a9ad,2020-05,Durham Constabulary,Durham Constabulary,-1.696049,54.703262,On or near South Street,E01020902,County Durham 051E,Other crime,Unable to prosecute suspect,
,2020-05,Durham Constabulary,Durham Constabulary,-1.619492,54.694005,On or near Aspen Close,E01020821,County Durham 052A,Anti-social behaviour,,
,2020-05,Durham Constabulary,Durham Constabulary,-1.625690,54.699929,On or near Whitworth Road,E01020821,County Durham 052A,Anti-social behaviour,,
,2020-05,Durham Constabulary,Durham Constabulary,-1.623028,54.687537,On or near Willow Road,E01020821,County Durham 052A,Anti-social behaviour,,
,2020-05,Durham Constabulary,Durham Constabulary,-1.656546,54.702644,On or near Wear View,E01020821,County Durham 052A,Anti-social behaviour,,
,2020-05,Durham Constabulary,Durham Constabulary,-1.651924,54.698677,On or near High Street,E01020821,County Durham 052A,Anti-social behaviour,,
,2020-05,Durham Constabulary,Durham Constabulary,-1.648262,54.698711,On or near Hagg Lane,E01020821,County Durham 052A,Anti-social behaviour,,
,2020-05,Durham Constabulary,Durham Constabulary,-1.648262,54.698711,On or near Hagg Lane,E01020821,County Durham 052A,Anti-social behaviour,,
,2020-05,Durham Constabulary,Durham Constabulary,-1.625690,54.699929,On or near Whitworth Road,E01020821,County Durham 052A,Anti-social behaviour,,
,2020-05,Durham Constabulary,Durham Constabulary,-1.656546,54.702644,On or near Wear View,E01020821,County Durham 052A,Anti-social behaviour,,
,2020-05,Durham Constabulary,Durham Constabulary,-1.654963,54.700860,On or near Robinson Terrace,E01020821,County Durham 052A,Anti-social behaviour,,
fd7deac76059b040a8c7736379bd1f73a6bca4dfd4d6f15b0c7069f042b0a122,2020-05,Durham Constabulary,Durham Constabulary,-1.618353,54.691387,On or near Grayson Road,E01020821,County Durham 052A,Drugs,Court result unavailable,
5880f7fe66e5b541067c1f0395737e5dc88f079c577b58f842b85d5a39c47e8b,2020-05,Durham Constabulary,Durham Constabulary,-1.653623,54.703283,On or near Sports/Recreation Area,E01020821,County Durham 052A,Other theft,Investigation complete; no suspect identified,
95f940c766f0b112781375f00f3d0bbd0da16d9ae23640f35510700c81eb5ced,2020-05,Durham Constabulary,Durham Constabulary,-1.674470,54.700555,On or near Primrose Hill,E01020821,County Durham 052A,Other theft,Investigation complete; no suspect identified,
da4c5dc1d6c1521b7e6dc8cf644ffbe664078fdc3d20662357b6822de10b380f,2020-05,Durham Constabulary,Durham Constabulary,-1.656546,54.702644,On or near Wear View,E01020821,County Durham 052A,Public order,Investigation complete; no suspect identified,
8da66bedc73e6c7835417125df606bb08bda53834e1b222b4fb371b005d6830a,2020-05,Durham Constabulary,Durham Constabulary,-1.623028,54.687537,On or near Willow Road,E01020821,County Durham 052A,Violence and sexual offences,Unable to prosecute suspect,
034aa510bd311524b8fc9990e1444f8f01216d20b9417026040dbdf6302ffcd7,2020-05,Durham Constabulary,Durham Constabulary,-1.618353,54.691387,On or near Grayson Road,E01020821,County Durham 052A,Violence and sexual offences,Unable to prosecute suspect,
2db2b1133d2bc59aa5ed613a65473d927103dd11fe969c680f2bb3fb1280a8f6,2020-05,Durham Constabulary,Durham Constabulary,-1.623028,54.687537,On or near Willow Road,E01020821,County Durham 052A,Violence and sexual offences,Unable to prosecute suspect,
8b85d88ba6c95d51d37fd9c812e8a6951e816c2cdeb624b98e7236f7d64327f9,2020-05,Durham Constabulary,Durham Constabulary,-1.623028,54.687537,On or near Willow Road,E01020821,County Durham 052A,Violence and sexual offences,Unable to prosecute suspect,
f763d8486343c517a8e3010589d9455f71eb1a46502a84fc7afef2381a532ff6,2020-05,Durham Constabulary,Durham Constabulary,-1.623028,54.687537,On or near Willow Road,E01020821,County Durham 052A,Violence and sexual offences,Unable to prosecute suspect,
3b6d83114f697c16a177167a8c09c3a2ac10350838d6a6f21050e6353b931dfb,2020-05,Durham Constabulary,Durham Constabulary,-1.622109,54.691228,On or near Lavender Crescent,E01020821,County Durham 052A,Violence and sexual offences,Unable to prosecute suspect,
bee21916b890d55a5aaa53a272e6fc2b835b10814573e4e05986fe8df8ed9919,2020-05,Durham Constabulary,Durham Constabulary,-1.623028,54.687537,On or near Willow Road,E01020821,County Durham 052A,Violence and sexual offences,Unable to prosecute suspect,
079adc5c2c106940549c1167650f7c1791d248d333cb9f53e11fddf4386eafc0,2020-05,Durham Constabulary,Durham Constabulary,-1.618353,54.691387,On or near Grayson Road,E01020821,County Durham 052A,Violence and sexual offences,Unable to prosecute suspect,
13286849107d96f405d151d75f3307d053bd324b65b8620dbbd6f1343a07858e,2020-05,Durham Constabulary,Durham Constabulary,-1.657110,54.702017,On or near Green Rise,E01020821,County Durham 052A,Violence and sexual offences,Unable to prosecute suspect,
f9a0ddb34162f3112d29fba304842c1c79610a28446ff2d9ae4558728cae252f,2020-05,Durham Constabulary,Durham Constabulary,-1.652874,54.700108,On or near Wilkinson Street,E01020821,County Durham 052A,Violence and sexual offences,Unable to prosecute suspect,
91591d2fcb05d20c8b989f12e5ae834903090f90f4a964cf610b135ed52754c4,2020-05,Durham Constabulary,Durham Constabulary,-1.623028,54.687537,On or near Willow Road,E01020821,County Durham 052A,Violence and sexual offences,Unable to prosecute suspect,
41c10d5fdfc62e3ecae052473e7daf4af3395f0507a849264aeab4a5c8897ac0,2020-05,Durham Constabulary,Durham Constabulary,-1.623028,54.687537,On or near Willow Road,E01020821,County Durham 052A,Other crime,Unable to prosecute suspect,
,2020-05,Durham Constabulary,Durham Constabulary,-1.594339,54.675789,On or near Merrington Close,E01020822,County Durham 052B,Anti-social behaviour,,
,2020-05,Durham Constabulary,Durham Constabulary,-1.617403,54.686917,On or near South View,E01020822,County Durham 052B,Anti-social behaviour,,
,2020-05,Durham Constabulary,Durham Constabulary,-1.591818,54.676670,On or near Beckwith Close,E01020822,County Durham 052B,Anti-social behaviour,,
,2020-05,Durham Constabulary,Durham Constabulary,-1.624694,54.686787,On or near Watson Street,E01020822,County Durham 052B,Anti-social behaviour,,
,2020-05,Durham Constabulary,Durham Constabulary,-1.617403,54.686917,On or near South View,E01020822,County Durham 052B,Anti-social behaviour,,
,2020-05,Durham Constabulary,Durham Constabulary,-1.591818,54.676670,On or near Beckwith Close,E01020822,County Durham 052B,Anti-social behaviour,,
a3077d3ded847e9c75aaf9a301df1d5859890b188bf9fcdce58c1d6f47228412,2020-05,Durham Constabulary,Durham Constabulary,-1.624694,54.686787,On or near Watson Street,E01020822,County Durham 052B,Criminal damage and arson,Investigation complete; no suspect identified,
00997618b04dc18d7964e63934309bce9da443b1f363962bc5acbfbb7248de5e,2020-05,Durham Constabulary,Durham Constabulary,-1.624152,54.686777,On or near Wood Street,E01020822,County Durham 052B,Vehicle crime,Unable to prosecute suspect,
3bff2e0e717c8eebcdb931b3e95c21cd39a350432fb90a964310f2398ffb36a2,2020-05,Durham Constabulary,Durham Constabulary,-1.597197,54.676894,On or near Merrington Road,E01020822,County Durham 052B,Violence and sexual offences,Unable to prosecute suspect,
4e12712ca9b88fbb973eeaba20d0b558e29a9d3b7086bf17e9d3e63c61614181,2020-05,Durham Constabulary,Durham Constabulary,-1.597197,54.676894,On or near Merrington Road,E01020822,County Durham 052B,Violence and sexual offences,Investigation complete; no suspect identified,
09f1730f126aa7a53a65bac2204a054a74fa800d5fd986c84bf03ddff2ac22eb,2020-05,Durham Constabulary,Durham Constabulary,-1.624061,54.686543,On or near Gibbon Street,E01020822,County Durham 052B,Violence and sexual offences,Unable to prosecute suspect,
,2020-05,Durham Constabulary,Durham Constabulary,-1.613642,54.690904,On or near Heath Road,E01020823,County Durham 052C,Anti-social behaviour,,
,2020-05,Durham Constabulary,Durham Constabulary,-1.615373,54.691611,On or near Hawthorn Road,E01020823,County Durham 052C,Anti-social behaviour,,
,2020-05,Durham Constabulary,Durham Constabulary,-1.615477,54.693660,On or near Duncombe Close,E01020823,County Durham 052C,Anti-social behaviour,,
,2020-05,Durham Constabulary,Durham Constabulary,-1.615373,54.691611,On or near Hawthorn Road,E01020823,County Durham 052C,Anti-social behaviour,,
,2020-05,Durham Constabulary,Durham Constabulary,-1.614906,54.688482,On or near Fern Grove,E01020823,County Durham 052C,Anti-social behaviour,,
,2020-05,Durham Constabulary,Durham Constabulary,-1.615373,54.691611,On or near Hawthorn Road,E01020823,County Durham 052C,Anti-social behaviour,,
,2020-05,Durham Constabulary,Durham Constabulary,-1.615066,54.689642,On or near Thorn Close,E01020823,County Durham 052C,Anti-social behaviour,,
,2020-05,Durham Constabulary,Durham Constabulary,-1.617662,54.689075,On or near Moorside,E01020823,County Durham 052C,Anti-social behaviour,,
,2020-05,Durham Constabulary,Durham Constabulary,-1.615373,54.691611,On or near Hawthorn Road,E01020823,County Durham 052C,Anti-social behaviour,,
,2020-05,Durham Constabulary,Durham Constabulary,-1.617589,54.690243,On or near Briar Close,E01020823,County Durham 052C,Anti-social behaviour,,
,2020-05,Durham Constabulary,Durham Constabulary,-1.619126,54.690023,On or near Heather Grove,E01020823,County Durham 052C,Anti-social behaviour,,
,2020-05,Durham Constabulary,Durham Constabulary,-1.615373,54.691611,On or near Hawthorn Road,E01020823,County Durham 052C,Anti-social behaviour,,
,2020-05,Durham Constabulary,Durham Constabulary,-1.619126,54.690023,On or near Heather Grove,E01020823,County Durham 052C,Anti-social behaviour,,
,2020-05,Durham Constabulary,Durham Constabulary,-1.614906,54.688482,On or near Fern Grove,E01020823,County Durham 052C,Anti-social behaviour,,
,2020-05,Durham Constabulary,Durham Constabulary,-1.615373,54.691611,On or near Hawthorn Road,E01020823,County Durham 052C,Anti-social behaviour,,
,2020-05,Durham Constabulary,Durham Constabulary,-1.619126,54.690023,On or near Heather Grove,E01020823,County Durham 052C,Anti-social behaviour,,
9669cff3821015d34dcb46715a39bd14dd7e7ec544c88c316ac1faef1c4e017d,2020-05,Durham Constabulary,Durham Constabulary,-1.615066,54.689642,On or near Thorn Close,E01020823,County Durham 052C,Criminal damage and arson,Unable to prosecute suspect,
25549dbd42b2101a81878a45d715faf970e13652943cf1f3c80edddd95717cf8,2020-05,Durham Constabulary,Durham Constabulary,-1.615417,54.690218,On or near Central Drive,E01020823,County Durham 052C,Criminal damage and arson,Investigation complete; no suspect identified,
2165c1f33a8129712742ff53c63e03b9f6ddc2c84262a7e83d7fc1b555d54d99,2020-05,Durham Constabulary,Durham Constabulary,-1.613642,54.690904,On or near Heath Road,E01020823,County Durham 052C,Drugs,Offender given a drugs possession warning,
4086b3fbb3b0111284c0049107669063e4996f7d5fdf79129e7ce63e30ecc8c2,2020-05,Durham Constabulary,Durham Constabulary,-1.619991,54.687105,On or near Highcroft,E01020823,County Durham 052C,Other theft,Investigation complete; no suspect identified,
7c57659fdf849838da028fbfffcfd4cebc3ccf0dc00068378352a561d28a0bd1,2020-05,Durham Constabulary,Durham Constabulary,-1.613642,54.690904,On or near Heath Road,E01020823,County Durham 052C,Violence and sexual offences,Unable to prosecute suspect,
c1280c215b665489b8fa7efe76faf280a9c1022a8495c9b4a11a9d43b7c38bdd,2020-05,Durham Constabulary,Durham Constabulary,-1.618816,54.688404,On or near Lyne Road,E01020823,County Durham 052C,Violence and sexual offences,Investigation complete; no suspect identified,
a733a88271b9090a69f8dfb15d5ca665f2fbc2d400af1c39402577113ace071e,2020-05,Durham Constabulary,Durham Constabulary,-1.619126,54.690023,On or near Heather Grove,E01020823,County Durham 052C,Violence and sexual offences,Unable to prosecute suspect,
0d6ea3f20de3e11c94b1a8a1f63c1b653734a858a19d01fd27ab43bb30a4b6fe,2020-05,Durham Constabulary,Durham Constabulary,-1.618816,54.688404,On or near Lyne Road,E01020823,County Durham 052C,Violence and sexual offences,Unable to prosecute suspect,
86c42f38fcbde19d7417591ad1bb314830347f5b5e55ff7e2b9887f38e30a684,2020-05,Durham Constabulary,Durham Constabulary,-1.617589,54.690243,On or near Briar Close,E01020823,County Durham 052C,Violence and sexual offences,Unable to prosecute suspect,
e817db3896ec9df603b55a16996bcfda75737d0b25d23da5361af11f2cedbdf7,2020-05,Durham Constabulary,Durham Constabulary,-1.618816,54.688404,On or near Lyne Road,E01020823,County Durham 052C,Violence and sexual offences,Unable to prosecute suspect,
fe57f48ab3fe363b5e3188f0bdb39a37abf33278bd8b7a35c333c697ae836cb7,2020-05,Durham Constabulary,Durham Constabulary,-1.619126,54.690023,On or near Heather Grove,E01020823,County Durham 052C,Violence and sexual offences,Court result unavailable,
7e4a0fe49c4cfeeace201864dd412844c8a304139b096a33d7cedac73836b039,2020-05,Durham Constabulary,Durham Constabulary,-1.619126,54.690023,On or near Heather Grove,E01020823,County Durham 052C,Violence and sexual offences,Court result unavailable,
7f30e7d08527711b6ab9e08d507fe47e6fce06f7c30678018edd869cb3ae9f13,2020-05,Durham Constabulary,Durham Constabulary,-1.619126,54.690023,On or near Heather Grove,E01020823,County Durham 052C,Violence and sexual offences,Unable to prosecute suspect,
252260126a0b5a17536b033cc0c2d7ebe01d9b39fed0b00838837e26a5023fa0,2020-05,Durham Constabulary,Durham Constabulary,-1.615373,54.691611,On or near Hawthorn Road,E01020823,County Durham 052C,Violence and sexual offences,Unable to prosecute suspect,
a6f63f8949ed4534a5bc61cf7df539da27d08d5cd6b2290a81a30d037cde6971,2020-05,Durham Constabulary,Durham Constabulary,-1.615066,54.689642,On or near Thorn Close,E01020823,County Durham 052C,Violence and sexual offences,Unable to prosecute suspect,
87d5381c96b8614808d0ca0b7de979a3a255ffee06b433cebf1dde0a391862f3,2020-05,Durham Constabulary,Durham Constabulary,-1.617662,54.689075,On or near Moorside,E01020823,County Durham 052C,Violence and sexual offences,Unable to prosecute suspect,
,2020-05,Durham Constabulary,Durham Constabulary,-1.601879,54.696088,On or near Wear Street,E01020835,County Durham 052D,Anti-social behaviour,,
,2020-05,Durham Constabulary,Durham Constabulary,-1.609907,54.695341,On or near Belle Vue Street,E01020835,County Durham 052D,Anti-social behaviour,,
,2020-05,Durham Constabulary,Durham Constabulary,-1.601879,54.696088,On or near Wear Street,E01020835,County Durham 052D,Anti-social behaviour,,
,2020-05,Durham Constabulary,Durham Constabulary,-1.604669,54.696294,On or near Stratton Street,E01020835,County Durham 052D,Anti-social behaviour,,
,2020-05,Durham Constabulary,Durham Constabulary,-1.606749,54.696283,On or near Shafto Street,E01020835,County Durham 052D,Anti-social behaviour,,
,2020-05,Durham Constabulary,Durham Constabulary,-1.604423,54.694478,On or near Ivy Close,E01020835,County Durham 052D,Anti-social behaviour,,
,2020-05,Durham Constabulary,Durham Constabulary,-1.608407,54.694869,On or near Victoria Street,E01020835,County Durham 052D,Anti-social behaviour,,
,2020-05,Durham Constabulary,Durham Constabulary,-1.601879,54.696088,On or near Wear Street,E01020835,County Durham 052D,Anti-social behaviour,,
,2020-05,Durham Constabulary,Durham Constabulary,-1.605698,54.697466,On or near Charles Street,E01020835,County Durham 052D,Anti-social behaviour,,
,2020-05,Durham Constabulary,Durham Constabulary,-1.603833,54.696157,On or near South Street,E01020835,County Durham 052D,Anti-social behaviour,,
,2020-05,Durham Constabulary,Durham Constabulary,-1.604702,54.696151,On or near Drake Street,E01020835,County Durham 052D,Anti-social behaviour,,
,2020-05,Durham Constabulary,Durham Constabulary,-1.607587,54.696214,On or near Todd Street,E01020835,County Durham 052D,Anti-social behaviour,,
,2020-05,Durham Constabulary,Durham Constabulary,-1.606215,54.696955,On or near Princess Street,E01020835,County Durham 052D,Anti-social behaviour,,
,2020-05,Durham Constabulary,Durham Constabulary,-1.606749,54.696283,On or near Shafto Street,E01020835,County Durham 052D,Anti-social behaviour,,
,2020-05,Durham Constabulary,Durham Constabulary,-1.602715,54.696198,On or near Baff Street,E01020835,County Durham 052D,Anti-social behaviour,,
,2020-05,Durham Constabulary,Durham Constabulary,-1.603532,54.696776,On or near Clarence Street,E01020835,County Durham 052D,Anti-social behaviour,,
,2020-05,Durham Constabulary,Durham Constabulary,-1.604669,54.696294,On or near Stratton Street,E01020835,County Durham 052D,Anti-social behaviour,,
,2020-05,Durham Constabulary,Durham Constabulary,-1.606749,54.696283,On or near Shafto Street,E01020835,County Durham 052D,Anti-social behaviour,,
dfcc93c54d98c936749bd9a3ffb1f54d911a017da4ef00b83d994a1897b54e36,2020-05,Durham Constabulary,Durham Constabulary,-1.606215,54.696955,On or near Princess Street,E01020835,County Durham 052D,Burglary,Investigation complete; no suspect identified,
dfcd5bf3622bb84847afad67c81c5094488b07217dd0d2185a8e70a57f7d90cd,2020-05,Durham Constabulary,Durham Constabulary,-1.607502,54.695432,On or near Robert Street,E01020835,County Durham 052D,Burglary,Unable to prosecute suspect,
7a5993130a0c777b6fbc2886c41de94a4ac14af1ff38bd76b39df7c7e6c30661,2020-05,Durham Constabulary,Durham Constabulary,-1.604669,54.696294,On or near Stratton Street,E01020835,County Durham 052D,Burglary,Investigation complete; no suspect identified,
4e0acdf01d3e44e98dffba09429c879fcb3346af0184b5dc799d8f117becbadf,2020-05,Durham Constabulary,Durham Constabulary,-1.602715,54.696198,On or near Baff Street,E01020835,County Durham 052D,Criminal damage and arson,Unable to prosecute suspect,
123d763424d58ba032b4b0fd01670090bef19b9771e3dea36dd91a284a4dc935,2020-05,Durham Constabulary,Durham Constabulary,-1.608595,54.696226,On or near St Paul'S Street,E01020835,County Durham 052D,Criminal damage and arson,Investigation complete; no suspect identified,
f88b2061f51773914681298a583d146bb835398f2edb1ff31d3e48de775a71a6,2020-05,Durham Constabulary,Durham Constabulary,-1.607128,54.697201,On or near Rosa Street,E01020835,County Durham 052D,Criminal damage and arson,Investigation complete; no suspect identified,
7ec4003a051bd9474ae5c230667c59fde4e3c1c6f502e12276071d94f8a770ba,2020-05,Durham Constabulary,Durham Constabulary,-1.605455,54.693700,On or near Poplar Drive,E01020835,County Durham 052D,Criminal damage and arson,Local resolution,
1a35134091476615d14c2bc2070328290dbe542de6d2515944e406537169da64,2020-05,Durham Constabulary,Durham Constabulary,-1.609907,54.695341,On or near Belle Vue Street,E01020835,County Durham 052D,Drugs,Court result unavailable,
ad4bf2b30bbb7fb5b9b0672459b95a3e9bbe693bffa6d6c848924e08c33aa8a8,2020-05,Durham Constabulary,Durham Constabulary,-1.604702,54.696151,On or near Drake Street,E01020835,County Durham 052D,Other theft,Investigation complete; no suspect identified,
2245d6c02ea1eb16f13cea47e2c6f99cf1401c4eb29f21e039657d9f4deabf3b,2020-05,Durham Constabulary,Durham Constabulary,-1.608407,54.694869,On or near Victoria Street,E01020835,County Durham 052D,Other theft,Investigation complete; no suspect identified,
fb29152f693e9eab3f398feccf020ee70cb264d71d459a649ea878b927a26896,2020-05,Durham Constabulary,Durham Constabulary,-1.606851,54.693659,On or near Victoria Gardens,E01020835,County Durham 052D,Public order,Investigation complete; no suspect identified,
2180eaa258174009902ef410b06daff8105fc65b0c04199bec5b3143e7e9d7d6,2020-05,Durham Constabulary,Durham Constabulary,-1.603833,54.696157,On or near South Street,E01020835,County Durham 052D,Public order,Unable to prosecute suspect,
3bb4eb07c71cdcb578d54283886599b15ed7fd8f614d08966f7a37ad39efafa8,2020-05,Durham Constabulary,Durham Constabulary,-1.606749,54.696283,On or near Shafto Street,E01020835,County Durham 052D,Vehicle crime,Unable to prosecute suspect,
02f79c2b8727a1b3fe845bde01fd8ae708a088473084478f5a45fa425bcadfa2,2020-05,Durham Constabulary,Durham Constabulary,-1.606956,54.695673,On or near Eden Street,E01020835,County Durham 052D,Violence and sexual offences,Unable to prosecute suspect,
57cbc3b3a16687b5c1b0b2f53d8ccf5ecd53e980068222c04c8cf590d09f6fa0,2020-05,Durham Constabulary,Durham Constabulary,-1.607502,54.695432,On or near Robert Street,E01020835,County Durham 052D,Violence and sexual offences,Unable to prosecute suspect,
8573c12dbb8e94b8777fe10169ba10d67d8ef10888dbfe3218ac5dfa468fe274,2020-05,Durham Constabulary,Durham Constabulary,-1.608407,54.694869,On or near Victoria Street,E01020835,County Durham 052D,Violence and sexual offences,Investigation complete; no suspect identified,
e9f359cf75944bbf935a77c13ba5ed585cfcd73f103d1b9496156450785124f0,2020-05,Durham Constabulary,Durham Constabulary,-1.604702,54.696151,On or near Drake Street,E01020835,County Durham 052D,Violence and sexual offences,Court result unavailable,
bc809f0afbba5aabc94f45193bc3bdb7833dd6cf204859a0d22cfbe9d02a093f,2020-05,Durham Constabulary,Durham Constabulary,-1.606209,54.695949,On or near Craddock Street,E01020835,County Durham 052D,Violence and sexual offences,Unable to prosecute suspect,
89d0c1718cf2f9e0e7013e17a60dbf8de26469c592ada6cef57ef1728b7bf7c6,2020-05,Durham Constabulary,Durham Constabulary,-1.606956,54.695673,On or near Eden Street,E01020835,County Durham 052D,Violence and sexual offences,Court result unavailable,
b0ab0111091257e3209862944ae1a560041b9ff23d0ba1f6cc85fd33995c1fb0,2020-05,Durham Constabulary,Durham Constabulary,-1.602715,54.696198,On or near Baff Street,E01020835,County Durham 052D,Violence and sexual offences,Unable to prosecute suspect,
ab1366a417adc44014ef091f11b08b092ddf754793815adeece986efbedd5282,2020-05,Durham Constabulary,Durham Constabulary,-1.604702,54.696151,On or near Drake Street,E01020835,County Durham 052D,Violence and sexual offences,Unable to prosecute suspect,
e6b3c6e0e4729e6930fdf467f3dfdd4cc272f653ae65bf82082d53bd4de55fc2,2020-05,Durham Constabulary,Durham Constabulary,-1.606956,54.695673,On or near Eden Street,E01020835,County Durham 052D,Violence and sexual offences,Court result unavailable,
3bf798ca9e1078aaa0ab686057e8ab12e117daa12e73b2ea95b841d11e1fe0e7,2020-05,Durham Constabulary,Durham Constabulary,-1.603833,54.696157,On or near South Street,E01020835,County Durham 052D,Other crime,Unable to prosecute suspect,
,2020-05,Durham Constabulary,Durham Constabulary,-1.608031,54.696836,On or near Flora Street,E01020836,County Durham 052E,Anti-social behaviour,,
,2020-05,Durham Constabulary,Durham Constabulary,-1.613861,54.700503,On or near Beningborough Court,E01020836,County Durham 052E,Anti-social behaviour,,
,2020-05,Durham Constabulary,Durham Constabulary,-1.602775,54.698059,On or near James Street,E01020836,County Durham 052E,Anti-social behaviour,,
,2020-05,Durham Constabulary,Durham Constabulary,-1.604445,54.698630,On or near Dickens Street,E01020836,County Durham 052E,Anti-social behaviour,,
,2020-05,Durham Constabulary,Durham Constabulary,-1.604445,54.698630,On or near Dickens Street,E01020836,County Durham 052E,Anti-social behaviour,,
,2020-05,Durham Constabulary,Durham Constabulary,-1.610857,54.696656,On or near St Paul'S Gardens,E01020836,County Durham 052E,Anti-social behaviour,,
,2020-05,Durham Constabulary,Durham Constabulary,-1.602368,54.698390,On or near Silver Street,E01020836,County Durham 052E,Anti-social behaviour,,
,2020-05,Durham Constabulary,Durham Constabulary,-1.606038,54.699193,On or near North Street,E01020836,County Durham 052E,Anti-social behaviour,,
,2020-05,Durham Constabulary,Durham Constabulary,-1.609445,54.691727,On or near Beech Avenue,E01020836,County Durham 052E,Anti-social behaviour,,
846f528b2115dfa99ff247ca79eada6842235bf6aaba830984675d9665199ac1,2020-05,Durham Constabulary,Durham Constabulary,-1.606038,54.699193,On or near North Street,E01020836,County Durham 052E,Burglary,Investigation complete; no suspect identified,
c3e5c640c689ac2e9bfc54e889b79ab0d897c7ddc3ccaa0fa5d48ed1e257fccf,2020-05,Durham Constabulary,Durham Constabulary,-1.614278,54.697431,On or near Sports/Recreation Area,E01020836,County Durham 052E,Burglary,Investigation complete; no suspect identified,
c4db3e9fb9c2ebc787d6c757d9f26329197f04b98a6471c0854d55940d7b038d,2020-05,Durham Constabulary,Durham Constabulary,-1.606038,54.699193,On or near North Street,E01020836,County Durham 052E,Criminal damage and arson,Unable to prosecute suspect,
d98ed907529043f7225dca16457e09f42d0121bf1e18e8e1de05d15ba4effdcb,2020-05,Durham Constabulary,Durham Constabulary,-1.609156,54.692795,On or near Ash Grove,E01020836,County Durham 052E,Criminal damage and arson,Investigation complete; no suspect identified,
4d3250e686649a7364ad0fe629e3090cdc50a99654bfa99f3c24a356184020ce,2020-05,Durham Constabulary,Durham Constabulary,-1.614278,54.697431,On or near Sports/Recreation Area,E01020836,County Durham 052E,Drugs,Offender given a caution,
ae64afd4917990e84d36ec0c694bed9b9290a06cb939ed21035b38652eca5b26,2020-05,Durham Constabulary,Durham Constabulary,-1.603731,54.700281,On or near Villiers Street,E01020836,County Durham 052E,Drugs,Further investigation is not in the public interest,
2d0360b71d0b45108bb49a1cc41ba062bb39cd7bc23d4ea9e0d3dbd17c16c62f,2020-05,Durham Constabulary,Durham Constabulary,-1.603731,54.700281,On or near Villiers Street,E01020836,County Durham 052E,Public order,Unable to prosecute suspect,
6f1aa0a41cdaff8909fc7c221efc8c5f8a04939f09f13598c4c14735029a4cab,2020-05,Durham Constabulary,Durham Constabulary,-1.601867,54.700482,On or near Oxford Road,E01020836,County Durham 052E,Public order,Unable to prosecute suspect,
00adc9cd1ab75e870b9161068c990d5d366e5c2cb91ce5614929caacfbe852e0,2020-05,Durham Constabulary,Durham Constabulary,-1.609156,54.692795,On or near Ash Grove,E01020836,County Durham 052E,Public order,Unable to prosecute suspect,
695677ccc6b9b11dc13a90ee0fd6ac7af6a0fc9864c9b73af74911329952d55e,2020-05,Durham Constabulary,Durham Constabulary,-1.604445,54.698630,On or near Dickens Street,E01020836,County Durham 052E,Public order,Offender given penalty notice,
8f60f590864b059dcfbcef15f83f3e21c6508cbbcdf37a8a22aa54f1905cabec,2020-05,Durham Constabulary,Durham Constabulary,-1.614278,54.697431,On or near Sports/Recreation Area,E01020836,County Durham 052E,Violence and sexual offences,Investigation complete; no suspect identified,
71d46cead6d374a812ee11a518fe32603836d9398d4981d98354ecdb09771499,2020-05,Durham Constabulary,Durham Constabulary,-1.614278,54.697431,On or near Sports/Recreation Area,E01020836,County Durham 052E,Violence and sexual offences,Investigation complete; no suspect identified,
c67f47432b06317fb4118c31bf45d2b8e01a0834e7be51bc0074130cb634da07,2020-05,Durham Constabulary,Durham Constabulary,-1.611496,54.701214,On or near Sledmore Drive,E01020836,County Durham 052E,Violence and sexual offences,Investigation complete; no suspect identified,
16e091cab2c5e1a47f24c87f353ee7c5bae74101f464feb199969b65b45833ec,2020-05,Durham Constabulary,Durham Constabulary,-1.603731,54.700281,On or near Villiers Street,E01020836,County Durham 052E,Violence and sexual offences,Unable to prosecute suspect,
a109f6e6088f11811d203317cd3339d0d5f54dc21b8357e4dab83a33e8bf7f9d,2020-05,Durham Constabulary,Durham Constabulary,-1.613861,54.700503,On or near Beningborough Court,E01020836,County Durham 052E,Violence and sexual offences,Investigation complete; no suspect identified,
d88033d529131ff0a936c5fcfd233bb62b0f0e0d8b757c59ada57eb4116c7fb2,2020-05,Durham Constabulary,Durham Constabulary,-1.606038,54.699193,On or near North Street,E01020836,County Durham 052E,Violence and sexual offences,Unable to prosecute suspect,
683714aee05fdd901c64741899961ce3ee90bcdcb7531733d915ace906ca8177,2020-05,Durham Constabulary,Durham Constabulary,-1.606038,54.699193,On or near North Street,E01020836,County Durham 052E,Violence and sexual offences,Unable to prosecute suspect,
9e1cb1e07e7d2b861b70819a85d80e073c5716a8ac011a0d0a30d3fc6e396bdc,2020-05,Durham Constabulary,Durham Constabulary,-1.604445,54.698630,On or near Dickens Street,E01020836,County Durham 052E,Violence and sexual offences,Unable to prosecute suspect,
a0ca4960dd77e5e6e82df7c5cb54c85db67f37af3f388ca41cc3b8bed1bc1c11,2020-05,Durham Constabulary,Durham Constabulary,-1.606038,54.699193,On or near North Street,E01020836,County Durham 052E,Violence and sexual offences,Unable to prosecute suspect,
21e42cf51140ee6121e1f94ff3b24b886ba196e1f3b80ce05fdd9645cc369758,2020-05,Durham Constabulary,Durham Constabulary,-1.607015,54.699259,On or near Jubilee Close,E01020836,County Durham 052E,Violence and sexual offences,Unable to prosecute suspect,
5f28ffc1483e11b914198dff1e5cdcfe3331aadee07154488b361ca9f7dc640e,2020-05,Durham Constabulary,Durham Constabulary,-1.606038,54.699193,On or near North Street,E01020836,County Durham 052E,Violence and sexual offences,Unable to prosecute suspect,
684457181e8a4bef2e794e0f55621ab08686515e66cb1fac1fda872f842d60fd,2020-05,Durham Constabulary,Durham Constabulary,-1.614278,54.697431,On or near Sports/Recreation Area,E01020836,County Durham 052E,Violence and sexual offences,Investigation complete; no suspect identified,
24713550512e27a1fce588c17813ab814aaeafb71138f7c2fb81e4b204bcfe43,2020-05,Durham Constabulary,Durham Constabulary,-1.601370,54.698926,On or near Thomas Street,E01020836,County Durham 052E,Violence and sexual offences,Investigation complete; no suspect identified,
177fd258235c96b6f680cdd5cc39908edf491e2d091013f7601aff823f6ed9c7,2020-05,Durham Constabulary,Durham Constabulary,-1.604593,54.699359,On or near Jackson Street,E01020836,County Durham 052E,Violence and sexual offences,Unable to prosecute suspect,
3faa56973e0b68b27ef43797949d29432c5b724b8a5cee47d117e433f05a9417,2020-05,Durham Constabulary,Durham Constabulary,-1.609445,54.691727,On or near Beech Avenue,E01020836,County Durham 052E,Violence and sexual offences,Unable to prosecute suspect,
b1649ae1ba184dd9312437f29d45e41d07ee046ba282d50f218a0be122edb9af,2020-05,Durham Constabulary,Durham Constabulary,-1.614278,54.697431,On or near Sports/Recreation Area,E01020836,County Durham 052E,Violence and sexual offences,Investigation complete; no suspect identified,
0322c29a002ac60684f43e3d7910a6d6bd1a2e81cfb84ee1fa94cb46b3a1ee3e,2020-05,Durham Constabulary,Durham Constabulary,-1.614278,54.697431,On or near Sports/Recreation Area,E01020836,County Durham 052E,Violence and sexual offences,Investigation complete; no suspect identified,
a18b819466b4c7c07f117c37e4cd0671063e1fed26994ba270fed41390fb05a1,2020-05,Durham Constabulary,Durham Constabulary,-1.603731,54.700281,On or near Villiers Street,E01020836,County Durham 052E,Violence and sexual offences,Unable to prosecute suspect,
70a7300232f7dae4efe735130441c52a81364c8daed62c3c6de50b2f1f9bba9b,2020-05,Durham Constabulary,Durham Constabulary,-1.608019,54.693241,On or near Chestnut Avenue,E01020836,County Durham 052E,Violence and sexual offences,Unable to prosecute suspect,
739647de3f493927e76663db2c8edf219579499e5b513b3f7afdd3208467d65f,2020-05,Durham Constabulary,Durham Constabulary,-1.606038,54.699193,On or near North Street,E01020836,County Durham 052E,Violence and sexual offences,Status update unavailable,
33375207fa57b01b5508082b3074f2c55440fd18d35b2855f5bbcc15eeeb3c92,2020-05,Durham Constabulary,Durham Constabulary,-1.604445,54.698630,On or near Dickens Street,E01020836,County Durham 052E,Violence and sexual offences,Unable to prosecute suspect,
53a5ea13693289574b8322d262615cde2cc511007df20b36b9b4d5f5ed4995ca,2020-05,Durham Constabulary,Durham Constabulary,-1.606038,54.699193,On or near North Street,E01020836,County Durham 052E,Violence and sexual offences,Status update unavailable,
12dbb507851d67d382c905c23914a115061c61e658fc4ba13f6a80e4c18e90b0,2020-05,Durham Constabulary,Durham Constabulary,-1.601155,54.698682,On or near Supermarket,E01020836,County Durham 052E,Other crime,Court result unavailable,
ee87d0adf83be722da53a59e701f1e814bbef4aef6a1bcb643ea28d0f01d3d57,2020-05,Durham Constabulary,Durham Constabulary,-1.607015,54.699259,On or near Jubilee Close,E01020836,County Durham 052E,Other crime,Unable to prosecute suspect,
2889b9c8143e3f7dd3f2f786c10af6fb13e3c5e5e6b24f0c97fc0fc311ed8db9,2020-05,Durham Constabulary,Durham Constabulary,-1.602775,54.698059,On or near James Street,E01020836,County Durham 052E,Other crime,Unable to prosecute suspect,
36bb5dcb610719de756ecc2f4599ba0c42481c8c4cacfa4429be5b93d7b5ea0d,2020-05,Durham Constabulary,Durham Constabulary,-1.606038,54.699193,On or near North Street,E01020836,County Durham 052E,Other crime,Unable to prosecute suspect,
0508789335a9d5cbbd73dd2c2d10c548228bf553d0658707ec25a05b8b605b21,2020-05,Durham Constabulary,Durham Constabulary,-1.601155,54.698682,On or near Supermarket,E01020836,County Durham 052E,Other crime,Court result unavailable,
831e38af018dfe1ca1a7708d371d7646718b15eb33a8de3a970ed5e90a0ecc90,2020-05,Durham Constabulary,Durham Constabulary,-1.601155,54.698682,On or near Supermarket,E01020836,County Durham 052E,Other crime,Court result unavailable,
75f4c19529cd485c8c1fbae900292ee56a058037319d7087186d19cf1be3c959,2020-05,Durham Constabulary,Durham Constabulary,-1.601370,54.698926,On or near Thomas Street,E01020836,County Durham 052E,Other crime,Court result unavailable,
,2020-05,Durham Constabulary,Durham Constabulary,-1.567113,54.667984,On or near Avenue 3,E01020803,County Durham 053B,Anti-social behaviour,,
,2020-05,Durham Constabulary,Durham Constabulary,-1.590181,54.655950,On or near Windlestone Lane,E01020803,County Durham 053B,Anti-social behaviour,,
,2020-05,Durham Constabulary,Durham Constabulary,-1.590181,54.655950,On or near Windlestone Lane,E01020803,County Durham 053B,Anti-social behaviour,,
,2020-05,Durham Constabulary,Durham Constabulary,-1.549268,54.659516,On or near Albert Street,E01020803,County Durham 053B,Anti-social behaviour,,
,2020-05,Durham Constabulary,Durham Constabulary,-1.557551,54.663339,On or near Dale Street,E01020803,County Durham 053B,Anti-social behaviour,,
,2020-05,Durham Constabulary,Durham Constabulary,-1.549430,54.661674,On or near Coronation Road,E01020803,County Durham 053B,Anti-social behaviour,,
,2020-05,Durham Constabulary,Durham Constabulary,-1.561901,54.665296,On or near Sports/Recreation Area,E01020803,County Durham 053B,Anti-social behaviour,,
,2020-05,Durham Constabulary,Durham Constabulary,-1.557891,54.657679,On or near Meadowdale,E01020803,County Durham 053B,Anti-social behaviour,,
,2020-05,Durham Constabulary,Durham Constabulary,-1.590181,54.655950,On or near Windlestone Lane,E01020803,County Durham 053B,Anti-social behaviour,,
,2020-05,Durham Constabulary,Durham Constabulary,-1.557551,54.663339,On or near Dale Street,E01020803,County Durham 053B,Anti-social behaviour,,
,2020-05,Durham Constabulary,Durham Constabulary,-1.590181,54.655950,On or near Windlestone Lane,E01020803,County Durham 053B,Anti-social behaviour,,
,2020-05,Durham Constabulary,Durham Constabulary,-1.568674,54.667010,On or near Avenue 4,E01020803,County Durham 053B,Anti-social behaviour,,
f57b23ff629fe8762181f6a978d7c5058f5d85b94dd89f81484f7d5693e6a130,2020-05,Durham Constabulary,Durham Constabulary,-1.521178,54.662257,On or near Gipsy Lane,E01020803,County Durham 053B,Criminal damage and arson,Investigation complete; no suspect identified,
655fc718bfe327992546688894378fd7267c80a04c25daf352be10ee91ee7438,2020-05,Durham Constabulary,Durham Constabulary,-1.558289,54.662398,On or near Norman Terrace,E01020803,County Durham 053B,Criminal damage and arson,Investigation complete; no suspect identified,
2f4a064bddf5cd9d9ee6e66aab4cc89bb7141fa57d6a55611a771b07b15cfb7c,2020-05,Durham Constabulary,Durham Constabulary,-1.555224,54.663402,On or near Sports/Recreation Area,E01020803,County Durham 053B,Criminal damage and arson,Investigation complete; no suspect identified,
5b0db8257c2a9841eb9836429f8c3f303d155e1caf527d6a8a888e3615e9eb20,2020-05,Durham Constabulary,Durham Constabulary,-1.590181,54.655950,On or near Windlestone Lane,E01020803,County Durham 053B,Criminal damage and arson,Investigation complete; no suspect identified,
2269c81294f69efaad10fb0905a72e8fde72ed0384e044b64e34055a4a78ff5a,2020-05,Durham Constabulary,Durham Constabulary,-1.552846,54.651316,On or near Parking Area,E01020803,County Durham 053B,Drugs,Further action is not in the public interest,
cfdf5814ae667ec446b900ab53b1ba1c6f2182bf48f622a0a0bd5fcfe2119c55,2020-05,Durham Constabulary,Durham Constabulary,-1.557551,54.663339,On or near Dale Street,E01020803,County Durham 053B,Other theft,Unable to prosecute suspect,
e4f9f150769b20d80af2d01965b82b20a2a3988f6b85ee50deefc0d8232857fc,2020-05,Durham Constabulary,Durham Constabulary,-1.521178,54.662257,On or near Gipsy Lane,E01020803,County Durham 053B,Other theft,Investigation complete; no suspect identified,
5f0cee0499641bd0f1474ca1033e50b461887326c4e7ffb2041deb31628ee26e,2020-05,Durham Constabulary,Durham Constabulary,-1.562668,54.666072,On or near A167,E01020803,County Durham 053B,Other theft,Investigation complete; no suspect identified,
3a6894f0075b007ad365fc6c2b9e8356caebffc1b17de39e995f95704b73ee92,2020-05,Durham Constabulary,Durham Constabulary,-1.549430,54.661674,On or near Coronation Road,E01020803,County Durham 053B,Public order,Unable to prosecute suspect,
84033f86d8dbfcc672e380e178ff65708e16b3b8b4ebfedd7da3db44e5e50f0b,2020-05,Durham Constabulary,Durham Constabulary,-1.549268,54.659516,On or near Albert Street,E01020803,County Durham 053B,Public order,Unable to prosecute suspect,
d96e0c98c57053e63d0bb0b93092d4ce0617874d8ad1150d2a6d1dd05d4d6425,2020-05,Durham Constabulary,Durham Constabulary,-1.562668,54.666072,On or near A167,E01020803,County Durham 053B,Public order,Investigation complete; no suspect identified,
b451a2ec073cdd9b076310310b2024799f47b936250716c69f953446bedb06c3,2020-05,Durham Constabulary,Durham Constabulary,-1.561476,54.660172,On or near Hollowfield,E01020803,County Durham 053B,Public order,Local resolution,
2305e583d3d709ccb1e19b7b8d9d46107c4d1d40962107e21b8b7472ad4083a9,2020-05,Durham Constabulary,Durham Constabulary,-1.562668,54.666072,On or near A167,E01020803,County Durham 053B,Shoplifting,Further investigation is not in the public interest,
3616ad80daa63e74d6cccaa88dd18962deb85d64fc879d7635107999bbd90a7f,2020-05,Durham Constabulary,Durham Constabulary,-1.555686,54.658039,On or near Lyndhurst Road,E01020803,County Durham 053B,Violence and sexual offences,Local resolution,
d1102853ad507cdf98778b7df080938800be90355a736587e70d1ad4b930e337,2020-05,Durham Constabulary,Durham Constabulary,-1.562424,54.659924,On or near Millwood,E01020803,County Durham 053B,Violence and sexual offences,Unable to prosecute suspect,
9b0240111be644c58b89dbb531cae754bbcacec8b0094286ef1bfecf394e6837,2020-05,Durham Constabulary,Durham Constabulary,-1.549350,54.659130,On or near Arthur Street,E01020803,County Durham 053B,Violence and sexual offences,Unable to prosecute suspect,
63f690ef3b53afe3811107ab95ac1f3d146d4d7c702774a2d05b104cf5e223ff,2020-05,Durham Constabulary,Durham Constabulary,-1.560160,54.664355,On or near West Chilton Terrace,E01020803,County Durham 053B,Violence and sexual offences,Unable to prosecute suspect,
26e76b09b81cbd9e1bc62f86dfec15f68ac378d03137483e725926651618c301,2020-05,Durham Constabulary,Durham Constabulary,-1.561901,54.665296,On or near Sports/Recreation Area,E01020803,County Durham 053B,Violence and sexual offences,Unable to prosecute suspect,
5b08977a2799c02e55616f7bc4a7c02b5da693511fe9e8f054a30c5982fcf0f1,2020-05,Durham Constabulary,Durham Constabulary,-1.562424,54.659924,On or near Millwood,E01020803,County Durham 053B,Violence and sexual offences,Unable to prosecute suspect,
fd5b737abf318ae85403cbf590301b814024e5367b95e7415298b15f43d31872,2020-05,Durham Constabulary,Durham Constabulary,-1.521178,54.662257,On or near Gipsy Lane,E01020803,County Durham 053B,Violence and sexual offences,Unable to prosecute suspect,
99621ed4f94db26235b821083dcdaaebd4da1df3fcd0ed19bed8425f8a8157f7,2020-05,Durham Constabulary,Durham Constabulary,-1.558289,54.662398,On or near Norman Terrace,E01020803,County Durham 053B,Violence and sexual offences,Unable to prosecute suspect,
537636ba0d83293c25101f6cebe782b0595446f79c8f945abfa0c9124e3ea2fb,2020-05,Durham Constabulary,Durham Constabulary,-1.561476,54.660172,On or near Hollowfield,E01020803,County Durham 053B,Violence and sexual offences,Local resolution,
b30bdd9f05fad398977f11cd09ea9f115167e43e5f9e3a4504eef2fdff41c9bb,2020-05,Durham Constabulary,Durham Constabulary,-1.549430,54.661674,On or near Coronation Road,E01020803,County Durham 053B,Violence and sexual offences,Unable to prosecute suspect,
c2cb52c5ae4032c3dc4fa7de5385960448ff21dc1769a4ffc03a6a197bb39f97,2020-05,Durham Constabulary,Durham Constabulary,-1.549350,54.659130,On or near Arthur Street,E01020803,County Durham 053B,Violence and sexual offences,Unable to prosecute suspect,
2ee9fe2c41310cee767ffe8b64e3bd21dacb4d732bfae6be1e56fbcc6f7064e6,2020-05,Durham Constabulary,Durham Constabulary,-1.549350,54.659130,On or near Arthur Street,E01020803,County Durham 053B,Violence and sexual offences,Unable to prosecute suspect,
39bcf8d41880fe49c9a27a4fa34f43e09c4ed377536e8b4a01066490ba90687a,2020-05,Durham Constabulary,Durham Constabulary,-1.561476,54.660172,On or near Hollowfield,E01020803,County Durham 053B,Violence and sexual offences,Local resolution,
02a45faa31fb9d6ba2beb831cdbff8b95cac8d12fc316d93603bdc34d8751f01,2020-05,Durham Constabulary,Durham Constabulary,-1.561476,54.660172,On or near Hollowfield,E01020803,County Durham 053B,Violence and sexual offences,Unable to prosecute suspect,
3e32804bc27da962ac322877837bc243b6a84c073770448e07e0ec87ff560835,2020-05,Durham Constabulary,Durham Constabulary,-1.549350,54.659130,On or near Arthur Street,E01020803,County Durham 053B,Violence and sexual offences,Unable to prosecute suspect,
,2020-05,Durham Constabulary,Durham Constabulary,-1.561285,54.663505,On or near Coleridge Road,E01020805,County Durham 053D,Anti-social behaviour,,
,2020-05,Durham Constabulary,Durham Constabulary,-1.552030,54.662106,On or near Opal Avenue,E01020805,County Durham 053D,Anti-social behaviour,,
,2020-05,Durham Constabulary,Durham Constabulary,-1.558981,54.661556,On or near Hunter Terrace,E01020805,County Durham 053D,Anti-social behaviour,,
ae3470da0a101f7e538c1db1451295613ea8398629d2144d25ca4a2b638d7a4f,2020-05,Durham Constabulary,Durham Constabulary,-1.558981,54.661556,On or near Hunter Terrace,E01020805,County Durham 053D,Criminal damage and arson,Investigation complete; no suspect identified,
0a638dccfb94d65727af12de5dfe1bb977fd057e1bb46f0e93627a277a46c808,2020-05,Durham Constabulary,Durham Constabulary,-1.558981,54.661556,On or near Hunter Terrace,E01020805,County Durham 053D,Other theft,Unable to prosecute suspect,
382810177af08a0cf466870391542e52db162a8a2562a3cd59e8dc1f5284d66a,2020-05,Durham Constabulary,Durham Constabulary,-1.552762,54.660392,On or near South Downs,E01020805,County Durham 053D,Public order,Unable to prosecute suspect,
1a29787bbc99026221f0d0da015453c6676109d8de86f947199c56f6fa1dd6bd,2020-05,Durham Constabulary,Durham Constabulary,-1.560957,54.662300,On or near Burns Road,E01020805,County Durham 053D,Public order,Unable to prosecute suspect,
126b6024a7e795c27ee87ae14e6164c3559db602ad3d27938f61253dfe67f6ea,2020-05,Durham Constabulary,Durham Constabulary,-1.552030,54.662106,On or near Opal Avenue,E01020805,County Durham 053D,Public order,Court result unavailable,
001d80725cf12d575484c0b7dfcff2e7d6eb10f48f8b29fa84b27d37be57b3b6,2020-05,Durham Constabulary,Durham Constabulary,-1.561285,54.663505,On or near Coleridge Road,E01020805,County Durham 053D,Public order,Unable to prosecute suspect,
3549a3e0ec89e79d08aa0f64a22e875715078e4ddd8102e72fa12c54939cb927,2020-05,Durham Constabulary,Durham Constabulary,-1.553923,54.660522,On or near Supermarket,E01020805,County Durham 053D,Public order,Unable to prosecute suspect,
b3d4ea4123b668a4baa0c24b4afa170e2d704806482d058a6b8493c50f80af93,2020-05,Durham Constabulary,Durham Constabulary,-1.554038,54.662733,On or near Ruby Avenue,E01020805,County Durham 053D,Vehicle crime,Investigation complete; no suspect identified,
9a37fbba9a05f8f2a0b22bbf3c7cc06cdaac1266c7ae5d11b357f1c6c5159d67,2020-05,Durham Constabulary,Durham Constabulary,-1.552030,54.662106,On or near Opal Avenue,E01020805,County Durham 053D,Violence and sexual offences,Unable to prosecute suspect,
85636442d0bac31aa4e4ad4afc729709ddaca069d0b922b9dba5ac0d8e9acfb4,2020-05,Durham Constabulary,Durham Constabulary,-1.558981,54.661556,On or near Hunter Terrace,E01020805,County Durham 053D,Violence and sexual offences,Unable to prosecute suspect,
754206182cfb03ffd70661c7f30db786802daa3061535fb30b4bc51971209232,2020-05,Durham Constabulary,Durham Constabulary,-1.547821,54.659987,On or near Hambleton Way,E01020805,County Durham 053D,Violence and sexual offences,Unable to prosecute suspect,
ddeefd9d5b0b02104575ff84faae5221d7106fddf863fc417913a3dbfe711671,2020-05,Durham Constabulary,Durham Constabulary,-1.552030,54.662106,On or near Opal Avenue,E01020805,County Durham 053D,Violence and sexual offences,Court result unavailable,
e31dcc6303a1ca7e8d12a8bfded06d43067f3d7d913c6c03e08b15a4498f4e9a,2020-05,Durham Constabulary,Durham Constabulary,-1.563158,54.662371,On or near Ash Grove,E01020805,County Durham 053D,Violence and sexual offences,Unable to prosecute suspect,
4fa91eb1d1ac9172c17ee04d5f6ce582c0f6a7d64e6e45b64ff4c013e4cef416,2020-05,Durham Constabulary,Durham Constabulary,-1.547821,54.659987,On or near Hambleton Way,E01020805,County Durham 053D,Violence and sexual offences,Unable to prosecute suspect,
25c265c4228d4337ac839ece21ec45136fbe1bf56f814ddd7f35439a3fde1121,2020-05,Durham Constabulary,Durham Constabulary,-1.554345,54.658726,On or near South View,E01020805,County Durham 053D,Violence and sexual offences,Unable to prosecute suspect,
416057ce42070fb632a9d6e61bbd0bc4f7a2ce1f9dbe555ec7bfb9e1e41662f8,2020-05,Durham Constabulary,Durham Constabulary,-1.561285,54.663505,On or near Coleridge Road,E01020805,County Durham 053D,Violence and sexual offences,Unable to prosecute suspect,
f3bb1be6aa0274dac5d690b0489d703c2b02e0a705a3e2d2dc720a449641ec90,2020-05,Durham Constabulary,Durham Constabulary,-1.563152,54.661463,On or near Beech Avenue,E01020805,County Durham 053D,Violence and sexual offences,Unable to prosecute suspect,
d1922e52cda42e9d33c6776c9e684901b9190a9faa6429579c0c87d2a907b3a4,2020-05,Durham Constabulary,Durham Constabulary,-1.552762,54.660392,On or near South Downs,E01020805,County Durham 053D,Violence and sexual offences,Unable to prosecute suspect,
8b77aab5685365e818ee36ccd7300d19e8db37c89be25e2ee0fe22a12d77517f,2020-05,Durham Constabulary,Durham Constabulary,-1.554345,54.658726,On or near South View,E01020805,County Durham 053D,Violence and sexual offences,Unable to prosecute suspect,
92aa39ba164a8148dc241bdd014abaaa6ac66ad841126bf77092d43589ce9bcb,2020-05,Durham Constabulary,Durham Constabulary,-1.552030,54.662106,On or near Opal Avenue,E01020805,County Durham 053D,Other crime,Court result unavailable,
,2020-05,Durham Constabulary,Durham Constabulary,-1.529650,54.675043,On or near Carlton Street,E01033203,County Durham 053E,Anti-social behaviour,,
,2020-05,Durham Constabulary,Durham Constabulary,-1.534568,54.681658,On or near Parking Area,E01033203,County Durham 053E,Anti-social behaviour,,
,2020-05,Durham Constabulary,Durham Constabulary,-1.532813,54.681858,On or near High Street,E01033203,County Durham 053E,Anti-social behaviour,,
,2020-05,Durham Constabulary,Durham Constabulary,-1.529499,54.674710,On or near Church Street,E01033203,County Durham 053E,Anti-social behaviour,,
,2020-05,Durham Constabulary,Durham Constabulary,-1.529482,54.673424,On or near Commercial Street,E01033203,County Durham 053E,Anti-social behaviour,,
,2020-05,Durham Constabulary,Durham Constabulary,-1.538465,54.683991,On or near Linden Road,E01033203,County Durham 053E,Anti-social behaviour,,
,2020-05,Durham Constabulary,Durham Constabulary,-1.529499,54.674710,On or near Church Street,E01033203,County Durham 053E,Anti-social behaviour,,
,2020-05,Durham Constabulary,Durham Constabulary,-1.548259,54.683435,On or near Dean Park,E01033203,County Durham 053E,Anti-social behaviour,,
,2020-05,Durham Constabulary,Durham Constabulary,-1.535645,54.685086,On or near Cleves Avenue,E01033203,County Durham 053E,Anti-social behaviour,,
4521729668446d6b4fc13d037cb1b1934d5ce1a9114412ffb8ef7a01863d39a4,2020-05,Durham Constabulary,Durham Constabulary,-1.544405,54.684032,On or near Bertha Street,E01033203,County Durham 053E,Bicycle theft,Investigation complete; no suspect identified,
6a70068ae366391e588bb595077bd3ab0b6385bf3f4868962a3ba03bdfd7fbcc,2020-05,Durham Constabulary,Durham Constabulary,-1.544939,54.683468,On or near Kitchener Terrace,E01033203,County Durham 053E,Burglary,Investigation complete; no suspect identified,
0e9cdf8c85d3f90fae9f81b365cd11ff0e88065494358c0ae37254c5eaaffd2a,2020-05,Durham Constabulary,Durham Constabulary,-1.529941,54.672698,On or near George Street,E01033203,County Durham 053E,Criminal damage and arson,Investigation complete; no suspect identified,
0ce101661898c70628f89121b0cd11e0c3e58677799330643a3145318fdf05b7,2020-05,Durham Constabulary,Durham Constabulary,-1.529482,54.673424,On or near Commercial Street,E01033203,County Durham 053E,Criminal damage and arson,Investigation complete; no suspect identified,
0a6bf8cbfa82eeee5f450f0c8309c6aff7784d10d1a9b93682bb4511d78d4947,2020-05,Durham Constabulary,Durham Constabulary,-1.544939,54.683468,On or near Kitchener Terrace,E01033203,County Durham 053E,Criminal damage and arson,Investigation complete; no suspect identified,
4d4d6cb57ea1ef2ece242f1ab7bd379ad66480f86f0c7aa3370df0a9844a6f8f,2020-05,Durham Constabulary,Durham Constabulary,-1.529482,54.673424,On or near Commercial Street,E01033203,County Durham 053E,Criminal damage and arson,Investigation complete; no suspect identified,
b032c12bbbf7a46169726a1afe395618b594948e937884e11f6f90210b61f896,2020-05,Durham Constabulary,Durham Constabulary,-1.544405,54.684032,On or near Bertha Street,E01033203,County Durham 053E,Criminal damage and arson,Unable to prosecute suspect,
94ea0daa2588fdb65eef4fcf39bbeed420b9f071bbb3b3bce25f531c6eeabd3c,2020-05,Durham Constabulary,Durham Constabulary,-1.545590,54.683533,On or near Gordon Terrace,E01033203,County Durham 053E,Criminal damage and arson,Investigation complete; no suspect identified,
54ddfb49fa38d80b2c8ec6656cb79f0092db4a0b15edccb65e2d0c7d8996bcf8,2020-05,Durham Constabulary,Durham Constabulary,-1.529941,54.672698,On or near George Street,E01033203,County Durham 053E,Criminal damage and arson,Investigation complete; no suspect identified,
04bd8134baa92ec3ec354bdb1ce78e70bdb24348bc6fcddfb01c3aa6272e8899,2020-05,Durham Constabulary,Durham Constabulary,-1.544405,54.684032,On or near Bertha Street,E01033203,County Durham 053E,Criminal damage and arson,Investigation complete; no suspect identified,
ad8c1c19e7bcb4ad54661bfdcbf4fd2a14c0ebfd07515439e8296892b09b15b5,2020-05,Durham Constabulary,Durham Constabulary,-1.528426,54.672243,On or near William Street,E01033203,County Durham 053E,Other theft,Unable to prosecute suspect,
64a2a262596dd3e968a1c76d2995137334f8f7eb8a4c3bcdf1a64e2811d50789,2020-05,Durham Constabulary,Durham Constabulary,-1.532813,54.681858,On or near High Street,E01033203,County Durham 053E,Other theft,Unable to prosecute suspect,
25cd8d51c0565c09bb7d9f790a321cee8934e65d245d0da431310c0d105f8790,2020-05,Durham Constabulary,Durham Constabulary,-1.533272,54.679685,On or near Clive Street,E01033203,County Durham 053E,Public order,Unable to prosecute suspect,
667113c624e21b01af9537f0c7d4578f95928c1e7a5f069dc7ee6fce2774eb32,2020-05,Durham Constabulary,Durham Constabulary,-1.548259,54.683435,On or near Dean Park,E01033203,County Durham 053E,Public order,Unable to prosecute suspect,
4ac3aa8626402f0356ca499767b7a23f3c7d8c275550b70aadd3d7b04b260441,2020-05,Durham Constabulary,Durham Constabulary,-1.534568,54.681658,On or near Parking Area,E01033203,County Durham 053E,Public order,Investigation complete; no suspect identified,
2ae40b3e0dba687843a5e219e79c73c023af55618a417dcc714846d83307ce5c,2020-05,Durham Constabulary,Durham Constabulary,-1.528426,54.672243,On or near William Street,E01033203,County Durham 053E,Public order,Unable to prosecute suspect,
3a664b0a32048ee05474484f7ccd12eb0e7d2348d3eb8f43ec90acae157450d9,2020-05,Durham Constabulary,Durham Constabulary,-1.529650,54.675043,On or near Carlton Street,E01033203,County Durham 053E,Public order,Unable to prosecute suspect,
f5873df32a5b0eb8d6cbb002593c518de516b09ccce9225b6e2d02d018cc791a,2020-05,Durham Constabulary,Durham Constabulary,-1.529941,54.672698,On or near George Street,E01033203,County Durham 053E,Vehicle crime,Investigation complete; no suspect identified,
0250be758c9bd3dfe365ef7af9644706d5849ddd89f54334147396ae063c982a,2020-05,Durham Constabulary,Durham Constabulary,-1.529482,54.673424,On or near Commercial Street,E01033203,County Durham 053E,Violence and sexual offences,Unable to prosecute suspect,
c7c44eefa9ead3b59e273be6c630454fa33225f7b13762da17f08295cc820381,2020-05,Durham Constabulary,Durham Constabulary,-1.529482,54.673424,On or near Commercial Street,E01033203,County Durham 053E,Violence and sexual offences,Unable to prosecute suspect,
9865178863ffe1a3dbbb8c66d78101bbdd12ecd1b8ac814c9ad867af0bc6e2fd,2020-05,Durham Constabulary,Durham Constabulary,-1.545590,54.683533,On or near Gordon Terrace,E01033203,County Durham 053E,Violence and sexual offences,Unable to prosecute suspect,
51cdb9ab7cbe7319d89b440f7c834973a5b62e965cd736711cbf7e08f6b0c363,2020-05,Durham Constabulary,Durham Constabulary,-1.529650,54.675043,On or near Carlton Street,E01033203,County Durham 053E,Violence and sexual offences,Unable to prosecute suspect,
b8db14bc1cc72bc9ac18c040743aba65c7f5561428b2f9ad4f0f05663093e997,2020-05,Durham Constabulary,Durham Constabulary,-1.546270,54.683733,On or near Broomside,E01033203,County Durham 053E,Violence and sexual offences,Unable to prosecute suspect,
1c27ce2b78115b03a64ae56c56ba16ff0c9c23d691b0becab7df34e4edfc4872,2020-05,Durham Constabulary,Durham Constabulary,-1.533272,54.679685,On or near Clive Street,E01033203,County Durham 053E,Violence and sexual offences,Status update unavailable,
e8a9abe227599e0275a983f08c5fdef9ea59fcc2d8bf565c5a7b9b715205d25d,2020-05,Durham Constabulary,Durham Constabulary,-1.529941,54.672698,On or near George Street,E01033203,County Durham 053E,Violence and sexual offences,Unable to prosecute suspect,
a6e1a93908651744eec16c38d1971c9a91af6e6fc0f0378cb03023ab80e7e7b7,2020-05,Durham Constabulary,Durham Constabulary,-1.528426,54.672243,On or near William Street,E01033203,County Durham 053E,Violence and sexual offences,Unable to prosecute suspect,
2da03a15f1e0956235394fdcea27a3b5b17ebf9483ba8efc2bcdfa8a9a90cec8,2020-05,Durham Constabulary,Durham Constabulary,-1.545590,54.683533,On or near Gordon Terrace,E01033203,County Durham 053E,Violence and sexual offences,Court result unavailable,
eee5068e1d82b2d209302d8f7977324983746da827d7df3d5daa74da90e8b0e2,2020-05,Durham Constabulary,Durham Constabulary,-1.544405,54.684032,On or near Bertha Street,E01033203,County Durham 053E,Violence and sexual offences,Unable to prosecute suspect,
452de57ff9cfc757a8c37bac3b39c46d9fdd79fcb5a7044746b1e2d4a6518a1b,2020-05,Durham Constabulary,Durham Constabulary,-1.529650,54.675043,On or near Carlton Street,E01033203,County Durham 053E,Violence and sexual offences,Unable to prosecute suspect,
6f86ba32bb3732b535cd646b7e271c2f7d2640429a8d6e23e071cc67bcfb3e4c,2020-05,Durham Constabulary,Durham Constabulary,-1.534568,54.681658,On or near Parking Area,E01033203,County Durham 053E,Violence and sexual offences,Offender given a caution,
5004b67ba0b69f2b9d7a1b2b833778bd4a0a3880eaff30e37dcc2fe18b267e8a,2020-05,Durham Constabulary,Durham Constabulary,-1.537228,54.686386,On or near Richmond Close,E01033203,County Durham 053E,Violence and sexual offences,Investigation complete; no suspect identified,
ccba2db1fc6075b4650b408f576ebd68a65a19d82241543c666edaf533b1e3cd,2020-05,Durham Constabulary,Durham Constabulary,-1.529482,54.673424,On or near Commercial Street,E01033203,County Durham 053E,Violence and sexual offences,Unable to prosecute suspect,
06f4e2f2897c0db76856d0f909e8611f2cc749d5475ee9ab628d01944c99bf54,2020-05,Durham Constabulary,Durham Constabulary,-1.534568,54.681658,On or near Parking Area,E01033203,County Durham 053E,Violence and sexual offences,Unable to prosecute suspect,
0176936641d3aed7a272b377ad9a47e5009cdebabbf17c051e38ab192691990b,2020-05,Durham Constabulary,Durham Constabulary,-1.535645,54.685086,On or near Cleves Avenue,E01033203,County Durham 053E,Violence and sexual offences,Unable to prosecute suspect,
98ffa1047110e3857ef7f27ec57a785e35699648ebc8a59cdb2c8d16e63255fe,2020-05,Durham Constabulary,Durham Constabulary,-1.534568,54.681658,On or near Parking Area,E01033203,County Durham 053E,Violence and sexual offences,Unable to prosecute suspect,
750e824be77793aa25688445c9202631bdf52866dfd9c82d80847a16ac70780f,2020-05,Durham Constabulary,Durham Constabulary,-1.532813,54.681858,On or near High Street,E01033203,County Durham 053E,Violence and sexual offences,Formal action is not in the public interest,
bb0a67fd0603e63e7b49ac193ff1af501deb05f583356952de7d371bb12ad50b,2020-05,Durham Constabulary,Durham Constabulary,-1.532813,54.681858,On or near High Street,E01033203,County Durham 053E,Violence and sexual offences,Investigation complete; no suspect identified,
2e258821d856aef76c45589c415bcaf6a185c8e6330bd506fb63a3b9a5cc5ed7,2020-05,Durham Constabulary,Durham Constabulary,-1.544405,54.684032,On or near Bertha Street,E01033203,County Durham 053E,Violence and sexual offences,Unable to prosecute suspect,
12f2694112eea920e860dd1888129a105c4e7b7a7639fe0da8903cae299f911d,2020-05,Durham Constabulary,Durham Constabulary,-1.544405,54.684032,On or near Bertha Street,E01033203,County Durham 053E,Other crime,Unable to prosecute suspect,
d899a447272873fce8e8851dfa8c7b55df474901ad420c6e3a9c5eac0298cbe6,2020-05,Durham Constabulary,Durham Constabulary,-1.532813,54.681858,On or near High Street,E01033203,County Durham 053E,Other crime,Formal action is not in the public interest,
1465dec2589d8d81272d24136456210c8bfc172c8404fb39679c1badd6fff908,2020-05,Durham Constabulary,Durham Constabulary,-1.532813,54.681858,On or near High Street,E01033203,County Durham 053E,Other crime,Formal action is not in the public interest,
,2020-05,Durham Constabulary,Durham Constabulary,-1.518596,54.680023,On or near Mainsforth Road,E01020796,County Durham 054A,Anti-social behaviour,,
,2020-05,Durham Constabulary,Durham Constabulary,-1.485806,54.680293,On or near Highroad Avenue,E01020796,County Durham 054A,Anti-social behaviour,,
,2020-05,Durham Constabulary,Durham Constabulary,-1.490454,54.676996,On or near Front Street,E01020796,County Durham 054A,Anti-social behaviour,,
e92ebfca82d92ce5aafd82d0953c9ac3103c5038376032998431fcc8a8064283,2020-05,Durham Constabulary,Durham Constabulary,-1.483511,54.679097,On or near Flambard Court,E01020796,County Durham 054A,Public order,Investigation complete; no suspect identified,
3365d0e18ab1cf68ea42a321018a979e5568766b9c388dd3da0a3506c2c7c9a4,2020-05,Durham Constabulary,Durham Constabulary,-1.518596,54.680023,On or near Mainsforth Road,E01020796,County Durham 054A,Violence and sexual offences,Further investigation is not in the public interest,
b4a21e85343440fee25539b11c691e764c8172e8e1a696b9d1b7c04db30abf34,2020-05,Durham Constabulary,Durham Constabulary,-1.518596,54.680023,On or near Mainsforth Road,E01020796,County Durham 054A,Violence and sexual offences,Unable to prosecute suspect,
,2020-05,Durham Constabulary,Durham Constabulary,-1.465169,54.656218,On or near Park/Open Space,E01020828,County Durham 054B,Anti-social behaviour,,
,2020-05,Durham Constabulary,Durham Constabulary,-1.465169,54.656218,On or near Park/Open Space,E01020828,County Durham 054B,Anti-social behaviour,,
5fe5f8e9e50c233eb4f771b697e5bc51a439809c9fdbf178c682c23572568126,2020-05,Durham Constabulary,Durham Constabulary,-1.507396,54.649432,On or near Petrol Station,E01020828,County Durham 054B,Criminal damage and arson,Investigation complete; no suspect identified,
8582c54438511ae8dcd17429ed5df8db66302450854afd34966f4fe8d9bf01c5,2020-05,Durham Constabulary,Durham Constabulary,-1.414255,54.654850,On or near Beacon Lane,E01020828,County Durham 054B,Criminal damage and arson,Unable to prosecute suspect,
6569003ebcf129f3cd39e4b2f43f040245bd8d76de8b1a56b35d50fd2155922e,2020-05,Durham Constabulary,Durham Constabulary,-1.453699,54.604196,On or near Bleach House Bank,E01020828,County Durham 054B,Criminal damage and arson,Investigation complete; no suspect identified,
57811923e80b8dccd29d3ba6791ad202a520b6bbefbb81766f989a2f08367682,2020-05,Durham Constabulary,Durham Constabulary,-1.507396,54.649432,On or near Petrol Station,E01020828,County Durham 054B,Drugs,Offender given a drugs possession warning,
2205082bb6490464d292ef3dbc156354ea05fa2236f4bed821b5c753069334c4,2020-05,Durham Constabulary,Durham Constabulary,-1.465169,54.656218,On or near Park/Open Space,E01020828,County Durham 054B,Other theft,Investigation complete; no suspect identified,
a87a6314ebba658237e6b0bab802e71921a561799aedf604a29009b66861e99c,2020-05,Durham Constabulary,Durham Constabulary,-1.414255,54.654850,On or near Beacon Lane,E01020828,County Durham 054B,Violence and sexual offences,Status update unavailable,
,2020-05,Durham Constabulary,Durham Constabulary,-1.453427,54.656857,On or near Boyne Court,E01020829,County Durham 054C,Anti-social behaviour,,
,2020-05,Durham Constabulary,Durham Constabulary,-1.453256,54.651123,On or near Lambton Crescent,E01020829,County Durham 054C,Anti-social behaviour,,
,2020-05,Durham Constabulary,Durham Constabulary,-1.453423,54.658340,On or near Belsay Court,E01020829,County Durham 054C,Anti-social behaviour,,
35975e1003f4a76ee8d0406922c2cfc9d995ea1d28c3955d89677962af221de0,2020-05,Durham Constabulary,Durham Constabulary,-1.450885,54.667217,On or near Wellgarth Mews,E01020829,County Durham 054C,Other theft,Investigation complete; no suspect identified,
b5c6f170632fbbbf24a2a5407952f14a2abcf5cd7199b06018dc95c722c81e1a,2020-05,Durham Constabulary,Durham Constabulary,-1.450885,54.667217,On or near Wellgarth Mews,E01020829,County Durham 054C,Public order,Unable to prosecute suspect,
1567a75e390b41964d2bbd8efb6d16fcb8f6152eaa83a9d9201c68a72a2dad33,2020-05,Durham Constabulary,Durham Constabulary,-1.453256,54.651123,On or near Lambton Crescent,E01020829,County Durham 054C,Violence and sexual offences,Unable to prosecute suspect,
55ee08a1da66e5446b78c773ccaaa7bf9fccf4bee16ab946db35ea0a80545299,2020-05,Durham Constabulary,Durham Constabulary,-1.453423,54.658340,On or near Belsay Court,E01020829,County Durham 054C,Violence and sexual offences,Unable to prosecute suspect,
,2020-05,Durham Constabulary,Durham Constabulary,-1.450589,54.652387,On or near Burton Mews,E01020830,County Durham 054D,Anti-social behaviour,,
,2020-05,Durham Constabulary,Durham Constabulary,-1.450589,54.652387,On or near Burton Mews,E01020830,County Durham 054D,Anti-social behaviour,,
628129908ff24bf5a0f1b2e3a97b02636841d84859a1ed1a0a1eb367d6b2f93c,2020-05,Durham Constabulary,Durham Constabulary,-1.447387,54.650764,On or near Sports/Recreation Area,E01020830,County Durham 054D,Criminal damage and arson,Investigation complete; no suspect identified,
fd74925d69c5c0b1a8260f62a4d08617e9cd6153dcf05bc1266bab2d8caa9dd7,2020-05,Durham Constabulary,Durham Constabulary,-1.448490,54.654013,On or near Parking Area,E01020830,County Durham 054D,Shoplifting,Investigation complete; no suspect identified,
e2af8269ba5a7e42ac1d80ac6c532aaf9493605e784fb70387e511b0c3a8a8ac,2020-05,Durham Constabulary,Durham Constabulary,-1.448490,54.654013,On or near Parking Area,E01020830,County Durham 054D,Violence and sexual offences,Investigation complete; no suspect identified,
96598b58e63ae03b7ba5295132352e600490cc111326390c7eb55f7dcda4b054,2020-05,Durham Constabulary,Durham Constabulary,-1.447301,54.657117,On or near Chestnut Road,E01020830,County Durham 054D,Violence and sexual offences,Unable to prosecute suspect,
589332aa35c481ad08c39612a69ad54faf981ea8c07f4df0bf5a7fe862e61af4,2020-05,Durham Constabulary,Durham Constabulary,-1.446071,54.654119,On or near East End,E01020830,County Durham 054D,Violence and sexual offences,Court result unavailable,
8968e9ccbf34f380a66e6faf657331e79e8d44c611460fa50a316e9e6337bde1,2020-05,Durham Constabulary,Durham Constabulary,-1.443922,54.659393,On or near Sports/Recreation Area,E01020830,County Durham 054D,Violence and sexual offences,Further action is not in the public interest,
,2020-05,Durham Constabulary,Durham Constabulary,-1.675447,54.657844,On or near Blackett Street,E01020868,County Durham 055A,Anti-social behaviour,,
,2020-05,Durham Constabulary,Durham Constabulary,-1.675283,54.664799,On or near Parking Area,E01020868,County Durham 055A,Anti-social behaviour,,
,2020-05,Durham Constabulary,Durham Constabulary,-1.677503,54.664356,On or near Bus/Coach Station,E01020868,County Durham 055A,Anti-social behaviour,,
,2020-05,Durham Constabulary,Durham Constabulary,-1.677801,54.661948,On or near Vickers Street,E01020868,County Durham 055A,Anti-social behaviour,,
,2020-05,Durham Constabulary,Durham Constabulary,-1.658824,54.658589,On or near Stenhouse Court,E01020868,County Durham 055A,Anti-social behaviour,,
,2020-05,Durham Constabulary,Durham Constabulary,-1.675283,54.664799,On or near Parking Area,E01020868,County Durham 055A,Anti-social behaviour,,
97fba44bd03d095347c9783fbfc84607c032374a7622c86e3e1eaaffa07ee0f4,2020-05,Durham Constabulary,Durham Constabulary,-1.674698,54.662371,On or near Shopping Area,E01020868,County Durham 055A,Burglary,Investigation complete; no suspect identified,
798425194749125118b72401c8eaf377634f4a516bd38e4dd70dffaa32973255,2020-05,Durham Constabulary,Durham Constabulary,-1.674062,54.664319,On or near Shopping Area,E01020868,County Durham 055A,Criminal damage and arson,Unable to prosecute suspect,
a5cacf518645ef5e2d4e677a9c55851b7ae9e7eabb2d9132be8c65485654393a,2020-05,Durham Constabulary,Durham Constabulary,-1.672040,54.659290,On or near South Church Road,E01020868,County Durham 055A,Drugs,Offender given a drugs possession warning,
628a0a5b4de2ae8046f9c7e033182c299b9d7f6dcb9530d54cbdcd146b5f79e9,2020-05,Durham Constabulary,Durham Constabulary,-1.677703,54.664572,On or near Clayton Street,E01020868,County Durham 055A,Drugs,Unable to prosecute suspect,
55422d1ef1a55f2a8dfc6672a4ee296599ee07318709b8317e92fe9007b63a36,2020-05,Durham Constabulary,Durham Constabulary,-1.670128,54.658036,On or near Salisbury Place,E01020868,County Durham 055A,Other theft,Unable to prosecute suspect,
4b4f003ada0ff1104702a493dbff288624fbfa80cb172ab9250f7001b939eb4f,2020-05,Durham Constabulary,Durham Constabulary,-1.675482,54.661187,On or near Newgate Street,E01020868,County Durham 055A,Other theft,Investigation complete; no suspect identified,
0d67c2dde612eb0de27af32c69927101d4979e34bb7667950a61b707c0bb9e89,2020-05,Durham Constabulary,Durham Constabulary,-1.657839,54.659557,On or near Kellaw Close,E01020868,County Durham 055A,Other theft,Investigation complete; no suspect identified,
5f5bbe1ff344e9f35aa095ad92ce169caf7ebe0de2e77ca530e7d48b5cf4724a,2020-05,Durham Constabulary,Durham Constabulary,-1.658437,54.658498,On or near Thurlow Gardens,E01020868,County Durham 055A,Other theft,Investigation complete; no suspect identified,
0b7accde849dc9a709927973244ccc692bfcae7dc61d91b6e3b22a63d30975fa,2020-05,Durham Constabulary,Durham Constabulary,-1.677064,54.665064,On or near Parking Area,E01020868,County Durham 055A,Public order,Investigation complete; no suspect identified,
b87c2e3126f5b3b4e22d1591082af5cde51b3f343adf7f520c284bf392cf1c8b,2020-05,Durham Constabulary,Durham Constabulary,-1.676592,54.659986,On or near Parking Area,E01020868,County Durham 055A,Public order,Unable to prosecute suspect,
aaa713daf8f54e52dcee34eed63be2b426c89c4826ec8346d6ccd4ffd7b51948,2020-05,Durham Constabulary,Durham Constabulary,-1.677703,54.664572,On or near Clayton Street,E01020868,County Durham 055A,Public order,Unable to prosecute suspect,
de335b83cd39006a7ab25d6eda0343df94f58265bb6d6427204864d1f867e50f,2020-05,Durham Constabulary,Durham Constabulary,-1.677801,54.661948,On or near Vickers Street,E01020868,County Durham 055A,Public order,Unable to prosecute suspect,
6662b96275d02721ac33f41cf1148e40444942bf5e4fb2997d965ad7acbc1f04,2020-05,Durham Constabulary,Durham Constabulary,-1.676123,54.664406,On or near Supermarket,E01020868,County Durham 055A,Shoplifting,Unable to prosecute suspect,
098954ae4cc0caf3d7d27750dbdcff195067033acd201709fdf2458460749992,2020-05,Durham Constabulary,Durham Constabulary,-1.674062,54.664319,On or near Shopping Area,E01020868,County Durham 055A,Shoplifting,Unable to prosecute suspect,
79f8b36a62ed78baff5d4b853c4a415854a20883ac6d96cf7a0f962305eba449,2020-05,Durham Constabulary,Durham Constabulary,-1.669759,54.663463,On or near The Willows,E01020868,County Durham 055A,Vehicle crime,Unable to prosecute suspect,
aa7285ad80bf7a49a3ffca30e9cbd62d801744ffd218aba2fa30c2ac49b574bc,2020-05,Durham Constabulary,Durham Constabulary,-1.680777,54.663996,On or near West Road,E01020868,County Durham 055A,Violence and sexual offences,Unable to prosecute suspect,
452a911a3e385de05250d36b111fd844f1e7da08390dcc56207b845d88dcf144,2020-05,Durham Constabulary,Durham Constabulary,-1.675622,54.663038,On or near Great Gates,E01020868,County Durham 055A,Violence and sexual offences,Unable to prosecute suspect,
587ddd6fe168a9334f972e9c81eb7611a16a37e8ed021f9d20c31b861415f5bf,2020-05,Durham Constabulary,Durham Constabulary,-1.673964,54.666853,On or near Wear Chare,E01020868,County Durham 055A,Violence and sexual offences,Investigation complete; no suspect identified,
50f12a4436e544eab8ad4943dd2a0fa37310f7bf56b73c8f1464a52b1b3fbbef,2020-05,Durham Constabulary,Durham Constabulary,-1.674579,54.665570,On or near Shopping Area,E01020868,County Durham 055A,Violence and sexual offences,Offender given a caution,
d571ed4ed04c959efde0370e670f89e211da0240b7e05e9fbe036ea3f5a5f91a,2020-05,Durham Constabulary,Durham Constabulary,-1.677801,54.661948,On or near Vickers Street,E01020868,County Durham 055A,Violence and sexual offences,Local resolution,
855ac4058c4d6697f83561f59c6d76df4865aaed9dc1a5585638555ce222a419,2020-05,Durham Constabulary,Durham Constabulary,-1.676592,54.659986,On or near Parking Area,E01020868,County Durham 055A,Violence and sexual offences,Unable to prosecute suspect,
283026bee68ddd8a128f73d6f488e63767148cf730fd60b7fb588f63622cef68,2020-05,Durham Constabulary,Durham Constabulary,-1.676592,54.659986,On or near Parking Area,E01020868,County Durham 055A,Violence and sexual offences,Unable to prosecute suspect,
de8290d0d4dfd5295903c01a9862d3402e4ade98272f34637f19699db6961ca8,2020-05,Durham Constabulary,Durham Constabulary,-1.675725,54.665672,On or near North Bondgate,E01020868,County Durham 055A,Violence and sexual offences,Investigation complete; no suspect identified,
,2020-05,Durham Constabulary,Durham Constabulary,-1.678603,54.662516,On or near Gibbon Street,E01020869,County Durham 055B,Anti-social behaviour,,
,2020-05,Durham Constabulary,Durham Constabulary,-1.692868,54.670345,On or near Jubilee Street,E01020869,County Durham 055B,Anti-social behaviour,,
,2020-05,Durham Constabulary,Durham Constabulary,-1.682728,54.662338,On or near Raine Street,E01020869,County Durham 055B,Anti-social behaviour,,
,2020-05,Durham Constabulary,Durham Constabulary,-1.678603,54.662516,On or near Gibbon Street,E01020869,County Durham 055B,Anti-social behaviour,,
,2020-05,Durham Constabulary,Durham Constabulary,-1.682728,54.662338,On or near Raine Street,E01020869,County Durham 055B,Anti-social behaviour,,
,2020-05,Durham Constabulary,Durham Constabulary,-1.677939,54.662236,On or near Stranton Street,E01020869,County Durham 055B,Anti-social behaviour,,
,2020-05,Durham Constabulary,Durham Constabulary,-1.682728,54.662338,On or near Raine Street,E01020869,County Durham 055B,Anti-social behaviour,,
,2020-05,Durham Constabulary,Durham Constabulary,-1.690757,54.670672,On or near Sports/Recreation Area,E01020869,County Durham 055B,Anti-social behaviour,,
703875b155182d4c9008f6763cc7d3eae1a4f483803e51f6644b4c5679588ab8,2020-05,Durham Constabulary,Durham Constabulary,-1.682728,54.662338,On or near Raine Street,E01020869,County Durham 055B,Burglary,Investigation complete; no suspect identified,
bf7527fda16183fb0d507d1f47262e4306c40f68abff3dc6172e13d0915cd807,2020-05,Durham Constabulary,Durham Constabulary,-1.692454,54.671772,On or near Newton Grange,E01020869,County Durham 055B,Criminal damage and arson,Unable to prosecute suspect,
b58a3a0e09ad1a5f4252f1692547c7154feef3993e6da6218325e6f44f739c60,2020-05,Durham Constabulary,Durham Constabulary,-1.682220,54.667882,On or near A689,E01020869,County Durham 055B,Drugs,Offender given a drugs possession warning,
9a1ff1aa6db5e2f2fc873da8d49f11298c007e1361d61ab86ca07fbf6a34425e,2020-05,Durham Constabulary,Durham Constabulary,-1.687618,54.663474,On or near Bridge Road,E01020869,County Durham 055B,Drugs,Offender given a drugs possession warning,
6070f056aa4740440fefe3b241d2f1a8b1eac5e1e67041437b7b5dbec60f5f64,2020-05,Durham Constabulary,Durham Constabulary,-1.687618,54.663474,On or near Bridge Road,E01020869,County Durham 055B,Drugs,Offender given penalty notice,
43fc7f35d0caeaa982dffb51a820504680212ce9721e720d9ff20d18083bd517,2020-05,Durham Constabulary,Durham Constabulary,-1.680388,54.662197,On or near Surtees Street,E01020869,County Durham 055B,Other theft,Investigation complete; no suspect identified,
0ec3a7c1a21e888bf8ca356394f5c4b202fa8cfd2c5c3c7c8cdebdf24e09d39c,2020-05,Durham Constabulary,Durham Constabulary,-1.692454,54.671772,On or near Newton Grange,E01020869,County Durham 055B,Public order,Unable to prosecute suspect,
0a50653d52e787a86b23b326b5eaa05e2f038af8824f85e25dfd591ad3985eaf,2020-05,Durham Constabulary,Durham Constabulary,-1.695084,54.672597,On or near Sherwood Court,E01020869,County Durham 055B,Violence and sexual offences,Investigation complete; no suspect identified,
970eaf7a0b3e1b9ee64e9f1fe0f7efc667a0845c1fc2b45c04059d0e9697eaca,2020-05,Durham Constabulary,Durham Constabulary,-1.695084,54.672597,On or near Sherwood Court,E01020869,County Durham 055B,Violence and sexual offences,Further investigation is not in the public interest,
f4e747a0e335490418a4c5ca1edc27fec0b4cd950a0c72b94b342f378bbb25e6,2020-05,Durham Constabulary,Durham Constabulary,-1.680388,54.662197,On or near Surtees Street,E01020869,County Durham 055B,Violence and sexual offences,Unable to prosecute suspect,
,2020-05,Durham Constabulary,Durham Constabulary,-1.616067,54.662451,On or near Leeholme Road,E01020874,County Durham 055C,Anti-social behaviour,,
,2020-05,Durham Constabulary,Durham Constabulary,-1.630392,54.660644,On or near East Avenue,E01020874,County Durham 055C,Anti-social behaviour,,
,2020-05,Durham Constabulary,Durham Constabulary,-1.629587,54.660480,On or near Howlish View,E01020874,County Durham 055C,Anti-social behaviour,,
5e7249a3c27f2ff777cdd4a5d24688c643c202ecc614400ba9572ee8ab50a3b2,2020-05,Durham Constabulary,Durham Constabulary,-1.635741,54.664013,On or near Back Church Street,E01020874,County Durham 055C,Burglary,Investigation complete; no suspect identified,
7e1a9068f619bf903413890c96a5ca27cf154e1ee7ab892478d4f5b58bfa7a35,2020-05,Durham Constabulary,Durham Constabulary,-1.633323,54.660438,On or near Police Station,E01020874,County Durham 055C,Criminal damage and arson,Investigation complete; no suspect identified,
0baa859c2dc7b0024821278c1acf976fb4837e8b7177529fc4756245d3ae487f,2020-05,Durham Constabulary,Durham Constabulary,-1.615928,54.665659,On or near Ascot Court,E01020874,County Durham 055C,Criminal damage and arson,Investigation complete; no suspect identified,
a69beb6c94e5e6e56cc11ad792b5f3a3527df328ffda1f6c633ed97fbf1dd88f,2020-05,Durham Constabulary,Durham Constabulary,-1.633323,54.660438,On or near Police Station,E01020874,County Durham 055C,Public order,Unable to prosecute suspect,
f2bb32b66661dd64aca6ca91674f37689c7179194686aaf81315898b0bc14388,2020-05,Durham Constabulary,Durham Constabulary,-1.629271,54.661207,On or near Greenwells Garth,E01020874,County Durham 055C,Vehicle crime,Investigation complete; no suspect identified,
1cf85b69e9eda04ad1d3f966ddf85252aaa8a49ca043423b98b09aa736c6c0cd,2020-05,Durham Constabulary,Durham Constabulary,-1.616067,54.662451,On or near Leeholme Road,E01020874,County Durham 055C,Violence and sexual offences,Court result unavailable,
47c9eed789f394a9640fbdf4e119590755476ff977c671d2981380511fac9c31,2020-05,Durham Constabulary,Durham Constabulary,-1.633323,54.660438,On or near Police Station,E01020874,County Durham 055C,Violence and sexual offences,Unable to prosecute suspect,
a4c4749426a97151f48378e7c0089da3f2bde98ffff8d19cf1346dfce9da798a,2020-05,Durham Constabulary,Durham Constabulary,-1.630863,54.661661,On or near Collingwood Street,E01020874,County Durham 055C,Violence and sexual offences,Unable to prosecute suspect,
945ce51f3ec359e8838ce52d81253da4c66445c74215d2541a2306c4a2a99c8c,2020-05,Durham Constabulary,Durham Constabulary,-1.633227,54.659098,On or near Dixon Way,E01020874,County Durham 055C,Violence and sexual offences,Local resolution,
ceb2673dc31ec28a56fa8b3d4b0df249b693276a7c414c668b877178046e4555,2020-05,Durham Constabulary,Durham Constabulary,-1.626816,54.660040,On or near Cleveland View,E01020874,County Durham 055C,Violence and sexual offences,Court result unavailable,
34626ce9e5c83cd01b62044bc236575b1f2b095e1c6872b153ea622a1dbe0575,2020-05,Durham Constabulary,Durham Constabulary,-1.621559,54.660321,On or near Fair View Close,E01020874,County Durham 055C,Violence and sexual offences,Unable to prosecute suspect,
08f9a8120e190cc3f614f0226c734e07226c0f85590575b3321c4a89c0fead81,2020-05,Durham Constabulary,Durham Constabulary,-1.630863,54.661661,On or near Collingwood Street,E01020874,County Durham 055C,Violence and sexual offences,Unable to prosecute suspect,
8c6a48ac594bacb592d4a1949af99569c253cf655fb3f651bbb7a26c5292a6f2,2020-05,Durham Constabulary,Durham Constabulary,-1.626816,54.660040,On or near Cleveland View,E01020874,County Durham 055C,Violence and sexual offences,Unable to prosecute suspect,
4828d60ef9231ed979c9ca4b7b148d91f588f7371b103f1a43c7037f255ed409,2020-05,Durham Constabulary,Durham Constabulary,-1.636091,54.664760,On or near Gurlish Terrace,E01020874,County Durham 055C,Violence and sexual offences,Unable to prosecute suspect,
003ea224ab857e7d83a8008320961f05260fd7595b87c4f648b6177ae77ef380,2020-05,Durham Constabulary,Durham Constabulary,-1.633323,54.660438,On or near Police Station,E01020874,County Durham 055C,Violence and sexual offences,Court result unavailable,
dc68999b602c68deae4a490b2864ab8cdb23d865fcc527559b954c2ac42b5688,2020-05,Durham Constabulary,Durham Constabulary,-1.616067,54.662451,On or near Leeholme Road,E01020874,County Durham 055C,Violence and sexual offences,Unable to prosecute suspect,
b17c3daa63d876f20ee9e35f7dbf80bd40039dc1f68a7701c4c5976a14952949,2020-05,Durham Constabulary,Durham Constabulary,-1.630863,54.661661,On or near Collingwood Street,E01020874,County Durham 055C,Violence and sexual offences,Unable to prosecute suspect,
,2020-05,Durham Constabulary,Durham Constabulary,-1.650814,54.652626,On or near St Phillips Close,E01020880,County Durham 055D,Anti-social behaviour,,
,2020-05,Durham Constabulary,Durham Constabulary,-1.648860,54.647408,On or near Kimberley Street,E01020880,County Durham 055D,Anti-social behaviour,,
,2020-05,Durham Constabulary,Durham Constabulary,-1.640538,54.649199,On or near Dene Valley View,E01020880,County Durham 055D,Anti-social behaviour,,
4a3bd9d83d32873080c7a64580ecea57d46ba94edcf2be84c26ea0797a37d7f3,2020-05,Durham Constabulary,Durham Constabulary,-1.640538,54.649199,On or near Dene Valley View,E01020880,County Durham 055D,Criminal damage and arson,Investigation complete; no suspect identified,
4c25a356ef9d09cee84c882ffe3f1f97c09b3cbd18c044d0ed2a2023121fd591,2020-05,Durham Constabulary,Durham Constabulary,-1.647128,54.646954,On or near Brook Street,E01020880,County Durham 055D,Criminal damage and arson,Unable to prosecute suspect,
63e0dcfa336996b3a3e24a093635e3d7dceff315370dcf9eed157e52ad7ec0e0,2020-05,Durham Constabulary,Durham Constabulary,-1.642109,54.646732,On or near Stanley Street,E01020880,County Durham 055D,Criminal damage and arson,Investigation complete; no suspect identified,
c93a3e155ac79615650b7419e7c6c428f2c2a861b45f7f2c95be94bea968c2da,2020-05,Durham Constabulary,Durham Constabulary,-1.642775,54.646833,On or near Heslop Street,E01020880,County Durham 055D,Criminal damage and arson,Court result unavailable,
bffa5630d619b5367bd6f76eb6a4cce52ad886740d72758025a8e814902d3a87,2020-05,Durham Constabulary,Durham Constabulary,-1.651201,54.645501,On or near Oxford Street,E01020880,County Durham 055D,Drugs,Unable to prosecute suspect,
609162a05ca53014804af08665255cc26b87661d63e17534fc9b19a9cb51258e,2020-05,Durham Constabulary,Durham Constabulary,-1.648875,54.643822,On or near Millbank Terrace,E01020880,County Durham 055D,Drugs,Offender given a drugs possession warning,
4622f02ead03b58b29692230541eacdae481616f086a3e5a388138677fbdaaa1,2020-05,Durham Constabulary,Durham Constabulary,-1.642775,54.646833,On or near Heslop Street,E01020880,County Durham 055D,Other theft,Unable to prosecute suspect,
20f7165e29deb4217906ecace20f43f3cbc9fcb5df34b53e7c4e649d7d735f3e,2020-05,Durham Constabulary,Durham Constabulary,-1.651201,54.645501,On or near Oxford Street,E01020880,County Durham 055D,Other theft,Unable to prosecute suspect,
112872c014f2172e4718d5aec0c5e4e29e1b7b863598f7239bd56e6d72c11c3a,2020-05,Durham Constabulary,Durham Constabulary,-1.642109,54.646732,On or near Stanley Street,E01020880,County Durham 055D,Public order,Unable to prosecute suspect,
c425eebfca7ff5ac4d24c77aa4d8ed0215ca565173286a0bd51249837773888f,2020-05,Durham Constabulary,Durham Constabulary,-1.651201,54.645501,On or near Oxford Street,E01020880,County Durham 055D,Public order,Investigation complete; no suspect identified,
81710062633b9210c31865bca6f4ea6c497ca586dc310380790a8123da0fcacf,2020-05,Durham Constabulary,Durham Constabulary,-1.642109,54.646732,On or near Stanley Street,E01020880,County Durham 055D,Public order,Unable to prosecute suspect,
517ecae18fefa40e19184c1cd8ee8dd7340d08e7a403346485e90271502e4ee5,2020-05,Durham Constabulary,Durham Constabulary,-1.642109,54.646732,On or near Stanley Street,E01020880,County Durham 055D,Public order,Unable to prosecute suspect,
f69acee5611886692d038da9eb16b82cd8dcc4f46f6dbe612b671b88e45c9455,2020-05,Durham Constabulary,Durham Constabulary,-1.642109,54.646732,On or near Stanley Street,E01020880,County Durham 055D,Public order,Unable to prosecute suspect,
171abe3f0cacf1a1cd8b3e42787cbd48a888306c581ef57e43f7c33e057e61c1,2020-05,Durham Constabulary,Durham Constabulary,-1.642109,54.646732,On or near Stanley Street,E01020880,County Durham 055D,Public order,Unable to prosecute suspect,
cfd49db21a3e895032fe2cd30024a3f2c20ac1b93d0124204128cff56232598b,2020-05,Durham Constabulary,Durham Constabulary,-1.651201,54.645501,On or near Oxford Street,E01020880,County Durham 055D,Public order,Court result unavailable,
fa228a803b89794c624790e1ddb2ab34ab15d42d8bef6bde3c732b4c22f6835d,2020-05,Durham Constabulary,Durham Constabulary,-1.642775,54.646833,On or near Heslop Street,E01020880,County Durham 055D,Violence and sexual offences,Unable to prosecute suspect,
77386ec87645f0bf8e780a72fb0091b29190c0c305bb0731a1785cf5aa8e180e,2020-05,Durham Constabulary,Durham Constabulary,-1.641344,54.647431,On or near Close House,E01020880,County Durham 055D,Violence and sexual offences,Investigation complete; no suspect identified,
9370deec50075426171018f4aa884aa344ef361e28ec78c4adf79c2fddd125af,2020-05,Durham Constabulary,Durham Constabulary,-1.647128,54.646954,On or near Brook Street,E01020880,County Durham 055D,Violence and sexual offences,Investigation complete; no suspect identified,
94b20c03c38140238d5526a516e3e505d1e78df060d0cf6a1e581676f38b8021,2020-05,Durham Constabulary,Durham Constabulary,-1.651201,54.645501,On or near Oxford Street,E01020880,County Durham 055D,Violence and sexual offences,Unable to prosecute suspect,
f75092f510718ffd7e2807343ff2e962d56b0e9772a5f04e9217105d988295de,2020-05,Durham Constabulary,Durham Constabulary,-1.653680,54.645481,On or near High Street,E01020880,County Durham 055D,Violence and sexual offences,Unable to prosecute suspect,
14990c7230cfca26915789088df9cfd95a8d42bd6388460a470a928477582239,2020-05,Durham Constabulary,Durham Constabulary,-1.642109,54.646732,On or near Stanley Street,E01020880,County Durham 055D,Violence and sexual offences,Unable to prosecute suspect,
a242478a8139733ef6010ccf83af697afdc62371400cd182131ec9be840e02da,2020-05,Durham Constabulary,Durham Constabulary,-1.642775,54.646833,On or near Heslop Street,E01020880,County Durham 055D,Violence and sexual offences,Unable to prosecute suspect,
b6ea6ea0a07987bee38ba55245e2a3e474516ae01973cdec40a7dab279ca51b3,2020-05,Durham Constabulary,Durham Constabulary,-1.642109,54.646732,On or near Stanley Street,E01020880,County Durham 055D,Violence and sexual offences,Unable to prosecute suspect,
db4098bf2809c3dcf1e5af58827cecc50e3471c898cadac1a6a0ec85de093eb6,2020-05,Durham Constabulary,Durham Constabulary,-1.651201,54.645501,On or near Oxford Street,E01020880,County Durham 055D,Violence and sexual offences,Unable to prosecute suspect,
854aa6a4166c3aa3038c86c1f80231a28d9a5d0bf7c2dc9308e2ea2240057244,2020-05,Durham Constabulary,Durham Constabulary,-1.651201,54.645501,On or near Oxford Street,E01020880,County Durham 055D,Violence and sexual offences,Unable to prosecute suspect,
f7535eaafe79a200c18d43dc6ab9e060e70ce5dfaa0e7766be90a217eeaa2f3e,2020-05,Durham Constabulary,Durham Constabulary,-1.651201,54.645501,On or near Oxford Street,E01020880,County Durham 055D,Violence and sexual offences,Unable to prosecute suspect,
be1f794dd6c4a5acf2d03aee2d31c1742bbd9d4ac8e108a8d21c7b571a212e6a,2020-05,Durham Constabulary,Durham Constabulary,-1.648875,54.643822,On or near Millbank Terrace,E01020880,County Durham 055D,Other crime,Unable to prosecute suspect,
41c18273aebaaa8cb1c889749f7c65f828eb3ec2868475c3c9fcac6aa6e70d12,2020-05,Durham Constabulary,Durham Constabulary,-1.642109,54.646732,On or near Stanley Street,E01020880,County Durham 055D,Other crime,Unable to prosecute suspect,
,2020-05,Durham Constabulary,Durham Constabulary,-1.665527,54.650223,On or near Mill Lane,E01020881,County Durham 055E,Anti-social behaviour,,
,2020-05,Durham Constabulary,Durham Constabulary,-1.661829,54.649539,On or near Main Street,E01020881,County Durham 055E,Anti-social behaviour,,
,2020-05,Durham Constabulary,Durham Constabulary,-1.681590,54.641297,On or near Green Lane,E01020881,County Durham 055E,Anti-social behaviour,,
,2020-05,Durham Constabulary,Durham Constabulary,-1.660441,54.654271,On or near Talbot Court,E01020881,County Durham 055E,Anti-social behaviour,,
,2020-05,Durham Constabulary,Durham Constabulary,-1.681590,54.641297,On or near Green Lane,E01020881,County Durham 055E,Anti-social behaviour,,
,2020-05,Durham Constabulary,Durham Constabulary,-1.673155,54.647835,On or near A688,E01020881,County Durham 055E,Anti-social behaviour,,
bb32f6fbed86e514d663e9e3ede9dfa09c2805778f17002eea9bed5a500566f9,2020-05,Durham Constabulary,Durham Constabulary,-1.671331,54.645404,On or near Henson Close,E01020881,County Durham 055E,Burglary,Further action is not in the public interest,
177cbfe510bdcca8288473a75b868b62ca366386c0b543afab216b2d2768074e,2020-05,Durham Constabulary,Durham Constabulary,-1.671331,54.645404,On or near Henson Close,E01020881,County Durham 055E,Burglary,Further action is not in the public interest,
a2696e40803e9d119ff45b31e5c7fa9dec9fcd72c49e84fc1b6e4266aba6912e,2020-05,Durham Constabulary,Durham Constabulary,-1.663963,54.650057,On or near Main Street,E01020881,County Durham 055E,Other theft,Unable to prosecute suspect,
87768ff81927dc307fedb264321bf414398ed5938fa1b67846d735dc0e590890,2020-05,Durham Constabulary,Durham Constabulary,-1.681590,54.641297,On or near Green Lane,E01020881,County Durham 055E,Other theft,Investigation complete; no suspect identified,
50d0062f7d04d83fa6fbfd39e6e281c2a3414f492de87db5e4bc72fbbdd36a3e,2020-05,Durham Constabulary,Durham Constabulary,-1.681590,54.641297,On or near Green Lane,E01020881,County Durham 055E,Public order,Further investigation is not in the public interest,
aad1f8e8bec50db52d733009ace2fe0a6e423872d53b8294439aa215e9d09aa3,2020-05,Durham Constabulary,Durham Constabulary,-1.660946,54.645663,On or near Milford Meadow,E01020881,County Durham 055E,Public order,Investigation complete; no suspect identified,
a60f8eae7b372f34cf456cda485455063c35a7bbd2e1aa37ef81765aa134e2be,2020-05,Durham Constabulary,Durham Constabulary,-1.673155,54.647835,On or near A688,E01020881,County Durham 055E,Public order,Unable to prosecute suspect,
7db53b534d18c00d9883c8d2fb1bf9d4fe3d201b8819d3968222ec8ac6238d16,2020-05,Durham Constabulary,Durham Constabulary,-1.681590,54.641297,On or near Green Lane,E01020881,County Durham 055E,Shoplifting,Court result unavailable,
77e2095fd556c2882705fc2e1108fc3d9f5f70e0959bb8c7e61dafedb05e99b1,2020-05,Durham Constabulary,Durham Constabulary,-1.681590,54.641297,On or near Green Lane,E01020881,County Durham 055E,Shoplifting,Local resolution,
eb1f73760b60fbcb5878dfe4c528b81fcc544be74c52d6f5854983ad9da97d0f,2020-05,Durham Constabulary,Durham Constabulary,-1.681590,54.641297,On or near Green Lane,E01020881,County Durham 055E,Shoplifting,Investigation complete; no suspect identified,
9b9648addde875e3fd88f07efc28f0da269a8131c54177fc54533a4266bb12d3,2020-05,Durham Constabulary,Durham Constabulary,-1.681590,54.641297,On or near Green Lane,E01020881,County Durham 055E,Shoplifting,Court result unavailable,
f9173ad9e7b336b8b3643747d5e73362a26b49d2b00473bafa9d35e6bc67b728,2020-05,Durham Constabulary,Durham Constabulary,-1.665913,54.650323,On or near Hillbeck Street,E01020881,County Durham 055E,Violence and sexual offences,Status update unavailable,
a7b2359be98304bbf23bb99c9d0a66941a0f9eedc1fd5fab890fa5c855af4747,2020-05,Durham Constabulary,Durham Constabulary,-1.665913,54.650323,On or near Hillbeck Street,E01020881,County Durham 055E,Violence and sexual offences,Status update unavailable,
,2020-05,Durham Constabulary,Durham Constabulary,-1.689126,54.650780,On or near Woodhouse Lane,E01020870,County Durham 056A,Anti-social behaviour,,
,2020-05,Durham Constabulary,Durham Constabulary,-1.689060,54.653278,On or near Lambton Drive,E01020870,County Durham 056A,Anti-social behaviour,,
,2020-05,Durham Constabulary,Durham Constabulary,-1.679296,54.653271,On or near Tivoli Place,E01020871,County Durham 056B,Anti-social behaviour,,
,2020-05,Durham Constabulary,Durham Constabulary,-1.680049,54.652068,On or near Rutland Avenue,E01020871,County Durham 056B,Anti-social behaviour,,
,2020-05,Durham Constabulary,Durham Constabulary,-1.679296,54.653271,On or near Tivoli Place,E01020871,County Durham 056B,Anti-social behaviour,,
,2020-05,Durham Constabulary,Durham Constabulary,-1.678628,54.653404,On or near Brewer Street,E01020871,County Durham 056B,Anti-social behaviour,,
,2020-05,Durham Constabulary,Durham Constabulary,-1.681705,54.652360,On or near Wordsworth Avenue,E01020871,County Durham 056B,Anti-social behaviour,,
,2020-05,Durham Constabulary,Durham Constabulary,-1.678628,54.653404,On or near Brewer Street,E01020871,County Durham 056B,Anti-social behaviour,,
,2020-05,Durham Constabulary,Durham Constabulary,-1.679296,54.653271,On or near Tivoli Place,E01020871,County Durham 056B,Anti-social behaviour,,
,2020-05,Durham Constabulary,Durham Constabulary,-1.680549,54.653517,On or near Byron Avenue,E01020871,County Durham 056B,Anti-social behaviour,,
,2020-05,Durham Constabulary,Durham Constabulary,-1.679812,54.650729,On or near Percy Street,E01020871,County Durham 056B,Anti-social behaviour,,
,2020-05,Durham Constabulary,Durham Constabulary,-1.678628,54.653404,On or near Brewer Street,E01020871,County Durham 056B,Anti-social behaviour,,
,2020-05,Durham Constabulary,Durham Constabulary,-1.679296,54.653271,On or near Tivoli Place,E01020871,County Durham 056B,Anti-social behaviour,,
,2020-05,Durham Constabulary,Durham Constabulary,-1.678628,54.653404,On or near Brewer Street,E01020871,County Durham 056B,Anti-social behaviour,,
,2020-05,Durham Constabulary,Durham Constabulary,-1.679296,54.653271,On or near Tivoli Place,E01020871,County Durham 056B,Anti-social behaviour,,
,2020-05,Durham Constabulary,Durham Constabulary,-1.679296,54.653271,On or near Tivoli Place,E01020871,County Durham 056B,Anti-social behaviour,,
,2020-05,Durham Constabulary,Durham Constabulary,-1.679296,54.653271,On or near Tivoli Place,E01020871,County Durham 056B,Anti-social behaviour,,
,2020-05,Durham Constabulary,Durham Constabulary,-1.679296,54.653271,On or near Tivoli Place,E01020871,County Durham 056B,Anti-social behaviour,,
,2020-05,Durham Constabulary,Durham Constabulary,-1.679296,54.653271,On or near Tivoli Place,E01020871,County Durham 056B,Anti-social behaviour,,
,2020-05,Durham Constabulary,Durham Constabulary,-1.679296,54.653271,On or near Tivoli Place,E01020871,County Durham 056B,Anti-social behaviour,,
,2020-05,Durham Constabulary,Durham Constabulary,-1.679296,54.653271,On or near Tivoli Place,E01020871,County Durham 056B,Anti-social behaviour,,
,2020-05,Durham Constabulary,Durham Constabulary,-1.679296,54.653271,On or near Tivoli Place,E01020871,County Durham 056B,Anti-social behaviour,,
7fe901ea517e9228b22286683cf03902b665b457e87b9cbe51ff172f497b3d33,2020-05,Durham Constabulary,Durham Constabulary,-1.680049,54.652068,On or near Rutland Avenue,E01020871,County Durham 056B,Burglary,Investigation complete; no suspect identified,
949fbd94770819b0b4888edff37bf44b9f5bb6ebb63dcc662a773e3606527015,2020-05,Durham Constabulary,Durham Constabulary,-1.678628,54.653404,On or near Brewer Street,E01020871,County Durham 056B,Burglary,Investigation complete; no suspect identified,
2c17c9c795ab3c22b19eaf0161eb418eb3d560caa62438f41bfb979a8211dc03,2020-05,Durham Constabulary,Durham Constabulary,-1.682055,54.651247,On or near Helena Terrace,E01020871,County Durham 056B,Criminal damage and arson,Investigation complete; no suspect identified,
587bb17ac24a8aab6a53182a144958f22ab140f7a8f453700389ce658f5cd44b,2020-05,Durham Constabulary,Durham Constabulary,-1.679296,54.653271,On or near Tivoli Place,E01020871,County Durham 056B,Criminal damage and arson,Investigation complete; no suspect identified,
0bec9db76e37536ccf00a9cbf552893669b459f50f633df06adbd63c4610cfad,2020-05,Durham Constabulary,Durham Constabulary,-1.678417,54.654670,On or near Raby Gardens,E01020871,County Durham 056B,Criminal damage and arson,Investigation complete; no suspect identified,
92d3e6493e2f80c97de990e858fb9d8826c8bcaeb0a49753a7b83e6f157bdbad,2020-05,Durham Constabulary,Durham Constabulary,-1.678628,54.653404,On or near Brewer Street,E01020871,County Durham 056B,Criminal damage and arson,Investigation complete; no suspect identified,
05e148461d1374145fb6663d3139d01c9f4d5be9a5c0dca19e41ffded47ccda2,2020-05,Durham Constabulary,Durham Constabulary,-1.679296,54.653271,On or near Tivoli Place,E01020871,County Durham 056B,Criminal damage and arson,Investigation complete; no suspect identified,
8ae32a694a5a86cb55bf621ab539b954e0bf47302606f036388ac77a8b975898,2020-05,Durham Constabulary,Durham Constabulary,-1.682055,54.651247,On or near Helena Terrace,E01020871,County Durham 056B,Other theft,Investigation complete; no suspect identified,
1d833bf2a73819c581b9d5b3ede8e625dfce8806b22a7979facb941a9d4113ba,2020-05,Durham Constabulary,Durham Constabulary,-1.682055,54.651247,On or near Helena Terrace,E01020871,County Durham 056B,Other theft,Investigation complete; no suspect identified,
24361aced23dbe2c48204b6918dba2780a4b231318ff65949adc8f265bba6029,2020-05,Durham Constabulary,Durham Constabulary,-1.681705,54.652360,On or near Wordsworth Avenue,E01020871,County Durham 056B,Public order,Investigation complete; no suspect identified,
35181133d7cbc91cf63796401bfa990c2598a2030676c8a6bad8de50b4f1c416,2020-05,Durham Constabulary,Durham Constabulary,-1.679238,54.654699,On or near Barnard Avenue,E01020871,County Durham 056B,Violence and sexual offences,Unable to prosecute suspect,
3c8cf103583ad96103bda951b49fb6d3b123510fe81666419d8b41e0f4b28bc7,2020-05,Durham Constabulary,Durham Constabulary,-1.679238,54.654699,On or near Barnard Avenue,E01020871,County Durham 056B,Violence and sexual offences,Unable to prosecute suspect,
,2020-05,Durham Constabulary,Durham Constabulary,-1.679965,54.660821,On or near Nelson Street,E01020872,County Durham 056C,Anti-social behaviour,,
,2020-05,Durham Constabulary,Durham Constabulary,-1.683645,54.658000,On or near The Copse,E01020872,County Durham 056C,Anti-social behaviour,,
,2020-05,Durham Constabulary,Durham Constabulary,-1.685688,54.656442,On or near Grove Road,E01020872,County Durham 056C,Anti-social behaviour,,
,2020-05,Durham Constabulary,Durham Constabulary,-1.677641,54.660689,On or near Oxford Terrace,E01020872,County Durham 056C,Anti-social behaviour,,
,2020-05,Durham Constabulary,Durham Constabulary,-1.679965,54.660821,On or near Nelson Street,E01020872,County Durham 056C,Anti-social behaviour,,
,2020-05,Durham Constabulary,Durham Constabulary,-1.678753,54.661187,On or near Durham Street,E01020872,County Durham 056C,Anti-social behaviour,,
,2020-05,Durham Constabulary,Durham Constabulary,-1.681331,54.658578,On or near Sports/Recreation Area,E01020872,County Durham 056C,Anti-social behaviour,,
16cb23508ee43d710cd8a7b63bef1cb2bbd59595bf03610ed31d9c65add14e83,2020-05,Durham Constabulary,Durham Constabulary,-1.679469,54.658897,On or near Wesley Grove,E01020872,County Durham 056C,Burglary,Court result unavailable,
be77816f3d5b29cc16d753441a6dad9700e84d0d9315b3fd5343faa467d50b3c,2020-05,Durham Constabulary,Durham Constabulary,-1.679469,54.658897,On or near Wesley Grove,E01020872,County Durham 056C,Burglary,Investigation complete; no suspect identified,
29583c3fc4cd3d040eaa8f3ee9bf058103f6c0a84ef6205d0d9080745c3974bc,2020-05,Durham Constabulary,Durham Constabulary,-1.677641,54.660689,On or near Oxford Terrace,E01020872,County Durham 056C,Criminal damage and arson,Court result unavailable,
ac1298f9ef6969315f9c20ef7cd0ee17b05af68e35d88d2ed274a8f2b3a82622,2020-05,Durham Constabulary,Durham Constabulary,-1.679469,54.658897,On or near Wesley Grove,E01020872,County Durham 056C,Other theft,Unable to prosecute suspect,
77832e69f4e99c4ee2afed86f855686669c7fad03539ac0810643348a86b9f74,2020-05,Durham Constabulary,Durham Constabulary,-1.679469,54.658897,On or near Wesley Grove,E01020872,County Durham 056C,Public order,Further investigation is not in the public interest,
be693cbb43bd266599847bcef82c967c4e24a59f8607d330d5c0e7f246db0c1c,2020-05,Durham Constabulary,Durham Constabulary,-1.679469,54.658897,On or near Wesley Grove,E01020872,County Durham 056C,Public order,Unable to prosecute suspect,
81b77601011fd6859fe2b0dc7c3865489368270ccedccf6d6493c16ae872e567,2020-05,Durham Constabulary,Durham Constabulary,-1.679469,54.658897,On or near Wesley Grove,E01020872,County Durham 056C,Shoplifting,Court result unavailable,
8fd46a107f64d8b9bd56dfb38787b2b6919450869f6134dfe62f2612689b5e32,2020-05,Durham Constabulary,Durham Constabulary,-1.679469,54.658897,On or near Wesley Grove,E01020872,County Durham 056C,Shoplifting,Investigation complete; no suspect identified,
56e07a27f472084ea401f058aa2f0baca25db1891d944edaee36553223fed778,2020-05,Durham Constabulary,Durham Constabulary,-1.679469,54.658897,On or near Wesley Grove,E01020872,County Durham 056C,Shoplifting,Investigation complete; no suspect identified,
ed4886f255b9898a554aeed71f6b56130518a7ce82ce31f8f2cec9b0a430e9ac,2020-05,Durham Constabulary,Durham Constabulary,-1.685260,54.655641,On or near Deerness Road,E01020872,County Durham 056C,Violence and sexual offences,Unable to prosecute suspect,
3310525644d34b739e4070eca1ffefde1c2b1bc5040895ad6f574c80a4322cde,2020-05,Durham Constabulary,Durham Constabulary,-1.681331,54.658578,On or near Sports/Recreation Area,E01020872,County Durham 056C,Violence and sexual offences,Investigation complete; no suspect identified,
7925cc2e3307759441b1be6dc8496b67ac3cdc8c1dcab74e11551cfe021165b6,2020-05,Durham Constabulary,Durham Constabulary,-1.678753,54.661187,On or near Durham Street,E01020872,County Durham 056C,Violence and sexual offences,Local resolution,
1220e3a46007499c3254da672b8bd8283db84de644095cb4a15769b7f4bcf694,2020-05,Durham Constabulary,Durham Constabulary,-1.679892,54.660246,On or near Windsor Court,E01020872,County Durham 056C,Violence and sexual offences,Investigation complete; no suspect identified,
adb15ac648fed09c47787e4c14836f03f2970f97b85ea57d578b02b83244be7e,2020-05,Durham Constabulary,Durham Constabulary,-1.679965,54.660821,On or near Nelson Street,E01020872,County Durham 056C,Violence and sexual offences,Unable to prosecute suspect,
4ec279ce6dc99046dfd3b883c8d91e3a362551e10851969cb663e30f7e5e758b,2020-05,Durham Constabulary,Durham Constabulary,-1.679469,54.658897,On or near Wesley Grove,E01020872,County Durham 056C,Violence and sexual offences,Unable to prosecute suspect,
1aa62c6396b692919f26a77f4b94c9642c324f6448264c14b295b37ad12a546d,2020-05,Durham Constabulary,Durham Constabulary,-1.679266,54.660963,On or near Bishop Street,E01020872,County Durham 056C,Violence and sexual offences,Investigation complete; no suspect identified,
159722fe3c6bde7564d8fbd7e8683b5a5135c5288933314660ad05b3ed87c209,2020-05,Durham Constabulary,Durham Constabulary,-1.681331,54.658578,On or near Sports/Recreation Area,E01020872,County Durham 056C,Violence and sexual offences,Investigation complete; no suspect identified,
ce0a54c63b9293f3aa38c6d6a5f79937e94f381e72aaf1ef4be292bf4c324c78,2020-05,Durham Constabulary,Durham Constabulary,-1.679469,54.658897,On or near Wesley Grove,E01020872,County Durham 056C,Violence and sexual offences,Unable to prosecute suspect,
43a080d556d75fea2beb9dd865dc6a881db0617fd35ea7b4cd84a4708f90925d,2020-05,Durham Constabulary,Durham Constabulary,-1.679965,54.660821,On or near Nelson Street,E01020872,County Durham 056C,Other crime,Unable to prosecute suspect,
,2020-05,Durham Constabulary,Durham Constabulary,-1.699208,54.655955,On or near Lupin Close,E01020883,County Durham 056D,Anti-social behaviour,,
10069f86ec8e4b096d8e4e4807de422ade049dd84ff31101d79f90ff929d5e8e,2020-05,Durham Constabulary,Durham Constabulary,-1.702558,54.649304,On or near Rockingham Drive,E01020883,County Durham 056D,Public order,Investigation complete; no suspect identified,
26486792e9dc1aa69954c216083277f86003a4517a925b24ac035919afe98cc4,2020-05,Durham Constabulary,Durham Constabulary,-1.699208,54.655955,On or near Lupin Close,E01020883,County Durham 056D,Vehicle crime,Investigation complete; no suspect identified,
1a674472046b8f3a9934abb28ab964116d7cb4d5f374a638123d0b5c0e35572a,2020-05,Durham Constabulary,Durham Constabulary,-1.699208,54.655955,On or near Lupin Close,E01020883,County Durham 056D,Vehicle crime,Investigation complete; no suspect identified,
658136a8f6841e84fd4f8fe925d8a86450f97bb9953cdc8f852ae1992ce85368,2020-05,Durham Constabulary,Durham Constabulary,-1.699208,54.655955,On or near Lupin Close,E01020883,County Durham 056D,Vehicle crime,Investigation complete; no suspect identified,
5a356d251077202189cdf4d69476f246a3a5f148ac985d89554809e0ed7cd358,2020-05,Durham Constabulary,Durham Constabulary,-1.702502,54.650616,On or near Brinkburn Close,E01020883,County Durham 056D,Violence and sexual offences,Unable to prosecute suspect,
,2020-05,Durham Constabulary,Durham Constabulary,-1.673432,54.655906,On or near Hawthorn Road,E01020886,County Durham 056E,Anti-social behaviour,,
,2020-05,Durham Constabulary,Durham Constabulary,-1.673432,54.655906,On or near Hawthorn Road,E01020886,County Durham 056E,Anti-social behaviour,,
,2020-05,Durham Constabulary,Durham Constabulary,-1.676693,54.657020,On or near Newgate Street,E01020886,County Durham 056E,Anti-social behaviour,,
,2020-05,Durham Constabulary,Durham Constabulary,-1.675148,54.656396,On or near Leopold Place,E01020886,County Durham 056E,Anti-social behaviour,,
,2020-05,Durham Constabulary,Durham Constabulary,-1.676535,54.653488,On or near James Street,E01020886,County Durham 056E,Anti-social behaviour,,
,2020-05,Durham Constabulary,Durham Constabulary,-1.671789,54.655821,On or near Dene Grove,E01020886,County Durham 056E,Anti-social behaviour,,
,2020-05,Durham Constabulary,Durham Constabulary,-1.675148,54.656396,On or near Leopold Place,E01020886,County Durham 056E,Anti-social behaviour,,
,2020-05,Durham Constabulary,Durham Constabulary,-1.675837,54.655589,On or near Linden Road,E01020886,County Durham 056E,Anti-social behaviour,,
,2020-05,Durham Constabulary,Durham Constabulary,-1.673432,54.655906,On or near Hawthorn Road,E01020886,County Durham 056E,Anti-social behaviour,,
,2020-05,Durham Constabulary,Durham Constabulary,-1.671789,54.655821,On or near Dene Grove,E01020886,County Durham 056E,Anti-social behaviour,,
,2020-05,Durham Constabulary,Durham Constabulary,-1.675382,54.654276,On or near Ashcroft Gardens,E01020886,County Durham 056E,Anti-social behaviour,,
,2020-05,Durham Constabulary,Durham Constabulary,-1.673432,54.655906,On or near Hawthorn Road,E01020886,County Durham 056E,Anti-social behaviour,,
,2020-05,Durham Constabulary,Durham Constabulary,-1.671789,54.655821,On or near Dene Grove,E01020886,County Durham 056E,Anti-social behaviour,,
,2020-05,Durham Constabulary,Durham Constabulary,-1.675382,54.654276,On or near Ashcroft Gardens,E01020886,County Durham 056E,Anti-social behaviour,,
,2020-05,Durham Constabulary,Durham Constabulary,-1.675837,54.655589,On or near Linden Road,E01020886,County Durham 056E,Anti-social behaviour,,
,2020-05,Durham Constabulary,Durham Constabulary,-1.675837,54.655589,On or near Linden Road,E01020886,County Durham 056E,Anti-social behaviour,,
1fb33567fe4d5507ce905ee06a8f0fd4dcc0cc831107bc06640977ec950d9bbf,2020-05,Durham Constabulary,Durham Constabulary,-1.676146,54.653739,On or near Fleet Street,E01020886,County Durham 056E,Criminal damage and arson,Investigation complete; no suspect identified,
60fbde3d7894bfc76924bd8c6b01f9c3f823123ed84ecda5fcb72730dbd73ad2,2020-05,Durham Constabulary,Durham Constabulary,-1.675837,54.655589,On or near Linden Road,E01020886,County Durham 056E,Criminal damage and arson,Investigation complete; no suspect identified,
e9f5c788fd92ef6d108835b4769c5cee0be1afa90cbab13416c5d5ad0c4f1e90,2020-05,Durham Constabulary,Durham Constabulary,-1.675246,54.655785,On or near Beech Road,E01020886,County Durham 056E,Drugs,Unable to prosecute suspect,
318eb5af70f6ed749a3cb4d9962070eca04d63c22f6d01ce44c18a503950126b,2020-05,Durham Constabulary,Durham Constabulary,-1.675837,54.655589,On or near Linden Road,E01020886,County Durham 056E,Public order,Court result unavailable,
7333ccb47c276dde351766db44e9e172bcc070acb17d404b09a20d39a593bf8e,2020-05,Durham Constabulary,Durham Constabulary,-1.674515,54.654121,On or near Sports/Recreation Area,E01020886,County Durham 056E,Public order,Unable to prosecute suspect,
edf554c479e7a70ca53b051a40229a396d56ee5a5e65f671d8dc675070809b4e,2020-05,Durham Constabulary,Durham Constabulary,-1.674515,54.654121,On or near Sports/Recreation Area,E01020886,County Durham 056E,Public order,Investigation complete; no suspect identified,
b693a12e2ef644c9d1ebd5df96f8d98e995fa09ee75b8a290d2b3c4b5cdbb2fe,2020-05,Durham Constabulary,Durham Constabulary,-1.673432,54.655906,On or near Hawthorn Road,E01020886,County Durham 056E,Public order,Investigation complete; no suspect identified,
6ccfa9f5f9c953cc5062e66108be4273cd8b7ce9416bdd4938e1c025a7d51c90,2020-05,Durham Constabulary,Durham Constabulary,-1.674515,54.654121,On or near Sports/Recreation Area,E01020886,County Durham 056E,Public order,Unable to prosecute suspect,
9adb19cea3f10b6253cb27a63326982718ea4b9795ac61dddae5641d1e4dc8ed,2020-05,Durham Constabulary,Durham Constabulary,-1.676870,54.654253,On or near Oaklea Terrace,E01020886,County Durham 056E,Public order,Unable to prosecute suspect,
b7e88b6cc43d1cdc01c5f60376869b9e2efd4da050444c9645f078f68d4eac68,2020-05,Durham Constabulary,Durham Constabulary,-1.676693,54.657020,On or near Newgate Street,E01020886,County Durham 056E,Theft from the person,Investigation complete; no suspect identified,
a6eab855ebea110a02141201266394a1a3738207101cf8357cb73198212f11fc,2020-05,Durham Constabulary,Durham Constabulary,-1.676870,54.654253,On or near Oaklea Terrace,E01020886,County Durham 056E,Violence and sexual offences,Unable to prosecute suspect,
117a58f62480943858167f25e5aec59d47d68861a3ec4535fabd03b299910e47,2020-05,Durham Constabulary,Durham Constabulary,-1.676535,54.653488,On or near James Street,E01020886,County Durham 056E,Violence and sexual offences,Unable to prosecute suspect,
e9445b5af27a018a96f5f71e10a361fb9c07332ecb239360179f551063c1ac6a,2020-05,Durham Constabulary,Durham Constabulary,-1.675891,54.656542,On or near Albion Terrace,E01020886,County Durham 056E,Violence and sexual offences,Unable to prosecute suspect,
73c47f24633af0b131c453599a8eaa69090b186033deedbeaf7995d2e8ad359f,2020-05,Durham Constabulary,Durham Constabulary,-1.676146,54.653739,On or near Fleet Street,E01020886,County Durham 056E,Violence and sexual offences,Unable to prosecute suspect,
a656f0561bf2212aa94a7e316ca01edc06d627cfe42be10fc64527e6680e6cc3,2020-05,Durham Constabulary,Durham Constabulary,-1.673432,54.655906,On or near Hawthorn Road,E01020886,County Durham 056E,Violence and sexual offences,Unable to prosecute suspect,
7eeff8bfd3b60e5246d6562dddb2065e87998e15253468a5a55b0605409c8e29,2020-05,Durham Constabulary,Durham Constabulary,-1.673290,54.654180,On or near Westlea Avenue,E01020886,County Durham 056E,Violence and sexual offences,Unable to prosecute suspect,
1314017dc88b4db332b46d9e1d8cccd309a401b15da338140587870dc8fbaff6,2020-05,Durham Constabulary,Durham Constabulary,-1.676693,54.657020,On or near Newgate Street,E01020886,County Durham 056E,Violence and sexual offences,Unable to prosecute suspect,
ffa6ae9fc74f517e038f1d97854d193cceb6585371dc9917fcfad902c10a44dd,2020-05,Durham Constabulary,Durham Constabulary,-1.674833,54.655155,On or near Cradock Street,E01020886,County Durham 056E,Violence and sexual offences,Unable to prosecute suspect,
67c25d55c2372436dcee334b7e48199f844618fbb80e88490704916bd7f404fb,2020-05,Durham Constabulary,Durham Constabulary,-1.676693,54.657020,On or near Newgate Street,E01020886,County Durham 056E,Violence and sexual offences,Unable to prosecute suspect,
9fe08c5f7448e391372d376d5a1c2039814641268898835bfbe6ff83857fe80a,2020-05,Durham Constabulary,Durham Constabulary,-1.674833,54.655155,On or near Cradock Street,E01020886,County Durham 056E,Violence and sexual offences,Unable to prosecute suspect,
963b76c75ac861ca6c7a1439a049f05b41b641eebb540a766cb53833fa97c071,2020-05,Durham Constabulary,Durham Constabulary,-1.676693,54.657020,On or near Newgate Street,E01020886,County Durham 056E,Violence and sexual offences,Unable to prosecute suspect,
d5d158248ca6c638336801adc00630cf578a4e681e96179f5a28b8098b0c3ee1,2020-05,Durham Constabulary,Durham Constabulary,-1.676693,54.657020,On or near Newgate Street,E01020886,County Durham 056E,Violence and sexual offences,Unable to prosecute suspect,
a4bcfa3c2d04a5655917c86245ddf91e8bddfa8844ea1b39ec14af5822db00ef,2020-05,Durham Constabulary,Durham Constabulary,-1.676693,54.657020,On or near Newgate Street,E01020886,County Durham 056E,Violence and sexual offences,Unable to prosecute suspect,
75ae79ddbfc517cf31b93961004b23f0a75fa04955c778ddb8d482c90abc60ba,2020-05,Durham Constabulary,Durham Constabulary,-1.673432,54.655906,On or near Hawthorn Road,E01020886,County Durham 056E,Violence and sexual offences,Investigation complete; no suspect identified,
3be0c97ebace060520bb477ee872dbef39e6c34b1624c9391aaf9dd2f9975450,2020-05,Durham Constabulary,Durham Constabulary,-1.677081,54.653112,On or near Alderson Street,E01020886,County Durham 056E,Violence and sexual offences,Offender given a caution,
87b8469c61007fc91b69ae7477599b987e149ea0ce62ebfcf5afc82f0289e453,2020-05,Durham Constabulary,Durham Constabulary,-1.674833,54.655155,On or near Cradock Street,E01020886,County Durham 056E,Violence and sexual offences,Unable to prosecute suspect,
164ad62cfaf69d264a11d7be86fbc34038503ebe70a56af5b6015249f5c212df,2020-05,Durham Constabulary,Durham Constabulary,-1.675837,54.655589,On or near Linden Road,E01020886,County Durham 056E,Violence and sexual offences,Unable to prosecute suspect,
0abaec919dccf6d2145058a34b82f5c8cfcb5928ec845b02aa8ce4a193ed1468,2020-05,Durham Constabulary,Durham Constabulary,-1.677081,54.653112,On or near Alderson Street,E01020886,County Durham 056E,Violence and sexual offences,Offender given a caution,
,2020-05,Durham Constabulary,Durham Constabulary,-1.708041,54.647538,On or near Greenfields Road,E01020882,County Durham 057A,Anti-social behaviour,,
,2020-05,Durham Constabulary,Durham Constabulary,-1.707911,54.654871,On or near Croft Side,E01020882,County Durham 057A,Anti-social behaviour,,
,2020-05,Durham Constabulary,Durham Constabulary,-1.734555,54.666696,On or near Beddow Court,E01020882,County Durham 057A,Anti-social behaviour,,
,2020-05,Durham Constabulary,Durham Constabulary,-1.708548,54.665486,On or near Saxon Green,E01020882,County Durham 057A,Anti-social behaviour,,
3e944477e21055d85a788d74299ef9ef821f494af84c0c603332c6e69ebffe35,2020-05,Durham Constabulary,Durham Constabulary,-1.706525,54.666487,On or near Dunelm Chare,E01020882,County Durham 057A,Public order,Investigation complete; no suspect identified,
f3b299f35e830c980b81cc7f589da83ac5de6428011cc7a39dba72402f8c6257,2020-05,Durham Constabulary,Durham Constabulary,-1.708548,54.665486,On or near Saxon Green,E01020882,County Durham 057A,Public order,Local resolution,
b60ce9fcd91c2253c39eab8e9af0cc64c20e23a874e51751d78447b0c78d0cba,2020-05,Durham Constabulary,Durham Constabulary,-1.735315,54.664289,On or near Park Road,E01020882,County Durham 057A,Violence and sexual offences,Investigation complete; no suspect identified,
ab14e7f7beffec73b81a6e8afa7c894eac3addd74047cc4aadc606b6e1387f9b,2020-05,Durham Constabulary,Durham Constabulary,-1.730297,54.663532,On or near St Pauls Gardens,E01020882,County Durham 057A,Violence and sexual offences,Unable to prosecute suspect,
622bf559927283836611ceef0dbd3241eb5017df0bd7d2a5debb3f12ebacf152,2020-05,Durham Constabulary,Durham Constabulary,-1.709127,54.664795,On or near St John'S Walk,E01020882,County Durham 057A,Violence and sexual offences,Local resolution,
1080a83c913051c4a7f24a0fffa61c7833a9a4688ed76b6b25285185685f7328,2020-05,Durham Constabulary,Durham Constabulary,-1.707911,54.654871,On or near Croft Side,E01020882,County Durham 057A,Violence and sexual offences,Unable to prosecute suspect,
3b660139e917d33c59b02efcbe773e251f60be86f783b01e578458e8c6c3a9c8,2020-05,Durham Constabulary,Durham Constabulary,-1.707911,54.654871,On or near Croft Side,E01020882,County Durham 057A,Violence and sexual offences,Unable to prosecute suspect,
666c7dc798e3c4bf8ac2c2062a20f14710391ae1a769235eabd1c1e6ce7753e0,2020-05,Durham Constabulary,Durham Constabulary,-1.730297,54.663532,On or near St Pauls Gardens,E01020882,County Durham 057A,Violence and sexual offences,Unable to prosecute suspect,
,2020-05,Durham Constabulary,Durham Constabulary,-1.693373,54.687735,On or near Railway Terrace,E01020888,County Durham 057B,Anti-social behaviour,,
,2020-05,Durham Constabulary,Durham Constabulary,-1.705293,54.691054,On or near Rokeby Terrace,E01020888,County Durham 057B,Anti-social behaviour,,
,2020-05,Durham Constabulary,Durham Constabulary,-1.739406,54.679090,On or near Low Lane,E01020888,County Durham 057B,Anti-social behaviour,,
d21d6713cfc4615523da78ac267ddbf9a2138402552a696f0d548234f858ef49,2020-05,Durham Constabulary,Durham Constabulary,-1.710932,54.685594,On or near St Paul'S Way,E01020888,County Durham 057B,Burglary,Investigation complete; no suspect identified,
bc6b98bbd209391dec7e34a19f62742e5124265ca0a38491c46a7d2ae7aafa3d,2020-05,Durham Constabulary,Durham Constabulary,-1.739406,54.679090,On or near Low Lane,E01020888,County Durham 057B,Burglary,Investigation complete; no suspect identified,
e8eef0aa8c2238403f73a3c83afe7f446375e8b813c4baf7b87124d50014ab3a,2020-05,Durham Constabulary,Durham Constabulary,-1.693373,54.687735,On or near Railway Terrace,E01020888,County Durham 057B,Burglary,Investigation complete; no suspect identified,
49d11c8b27e1618459b38aeb394c17a35390b9dce8ef70135239d800160b4801,2020-05,Durham Constabulary,Durham Constabulary,-1.706837,54.692181,On or near West View,E01020888,County Durham 057B,Violence and sexual offences,Unable to prosecute suspect,
0673820f62b50d1fe9f30bfdd5c370de74911d0e951090dd9cde15fd06fd0234,2020-05,Durham Constabulary,Durham Constabulary,-1.711630,54.692219,On or near Birch Meadows,E01020888,County Durham 057B,Violence and sexual offences,Local resolution,
63e16e762eb5ef56656a6ce4ad17e04227c5d214abc9674ab13521ecd1bf1ea3,2020-05,Durham Constabulary,Durham Constabulary,-1.704931,54.687476,On or near Firwood Grove,E01020888,County Durham 057B,Violence and sexual offences,Unable to prosecute suspect,
5883826bd456208b9d0cae83607bda3a7ae9a211314e34b117e734f293c0453c,2020-05,Durham Constabulary,Durham Constabulary,-1.693373,54.687735,On or near Railway Terrace,E01020888,County Durham 057B,Other crime,Investigation complete; no suspect identified,
,2020-05,Durham Constabulary,Durham Constabulary,-1.719621,54.633429,On or near Station View,E01020895,County Durham 057C,Anti-social behaviour,,
,2020-05,Durham Constabulary,Durham Constabulary,-1.719621,54.633429,On or near Station View,E01020895,County Durham 057C,Anti-social behaviour,,
,2020-05,Durham Constabulary,Durham Constabulary,-1.717531,54.633281,On or near Arnold Street,E01020895,County Durham 057C,Anti-social behaviour,,
,2020-05,Durham Constabulary,Durham Constabulary,-1.719621,54.633429,On or near Station View,E01020895,County Durham 057C,Anti-social behaviour,,
,2020-05,Durham Constabulary,Durham Constabulary,-1.716924,54.633666,On or near Meadow View,E01020895,County Durham 057C,Anti-social behaviour,,
,2020-05,Durham Constabulary,Durham Constabulary,-1.724881,54.632246,On or near Eden Grove,E01020895,County Durham 057C,Anti-social behaviour,,
,2020-05,Durham Constabulary,Durham Constabulary,-1.717531,54.633281,On or near Arnold Street,E01020895,County Durham 057C,Anti-social behaviour,,
,2020-05,Durham Constabulary,Durham Constabulary,-1.715703,54.633249,On or near Fieldon Drive,E01020895,County Durham 057C,Anti-social behaviour,,
,2020-05,Durham Constabulary,Durham Constabulary,-1.724881,54.632246,On or near Eden Grove,E01020895,County Durham 057C,Anti-social behaviour,,
584e039c70e77bb7f17b3543d2046e73610d435e4f7851dfd88625030d81cbee,2020-05,Durham Constabulary,Durham Constabulary,-1.716924,54.633666,On or near Meadow View,E01020895,County Durham 057C,Criminal damage and arson,Investigation complete; no suspect identified,
c43c4f4fb1b6c4c9a9ea12c69924087728bb89bf6cdfd02f75f0c21b15db99ce,2020-05,Durham Constabulary,Durham Constabulary,-1.716924,54.633666,On or near Meadow View,E01020895,County Durham 057C,Criminal damage and arson,Investigation complete; no suspect identified,
5fdc56a10692b6aef5278411b55e455248e1cc6567e1e9e81934f94a727ba704,2020-05,Durham Constabulary,Durham Constabulary,-1.719560,54.631048,On or near Chapel Street,E01020895,County Durham 057C,Public order,Action to be taken by another organisation,
f6b45bea76a3a1af79b3745cebdaded1018204f649372a14eba9398b5de66dbe,2020-05,Durham Constabulary,Durham Constabulary,-1.715703,54.633249,On or near Fieldon Drive,E01020895,County Durham 057C,Public order,Court result unavailable,
371f8e3c4bd16a2f650b46568857476f671ddd44bf02b163a1d3ba1accc41a32,2020-05,Durham Constabulary,Durham Constabulary,-1.719560,54.631048,On or near Chapel Street,E01020895,County Durham 057C,Public order,Unable to prosecute suspect,
77643b7468efa61a3b1874e205d6c5b0f8d49ac8ce7c5885fd3f5ac8d8abfec1,2020-05,Durham Constabulary,Durham Constabulary,-1.719560,54.631048,On or near Chapel Street,E01020895,County Durham 057C,Public order,Unable to prosecute suspect,
e9dbb28f23105466909bd5b9664eb8a631574292a518056b8f7c376024a4d44a,2020-05,Durham Constabulary,Durham Constabulary,-1.724881,54.632246,On or near Eden Grove,E01020895,County Durham 057C,Public order,Unable to prosecute suspect,
636e4a0b330a84d4814f6bc3a92de467275f4c6fc8e20c2738d9cf1a85cd9e50,2020-05,Durham Constabulary,Durham Constabulary,-1.718709,54.633157,On or near Station Road,E01020895,County Durham 057C,Public order,Unable to prosecute suspect,
cdd88d75c83b07b26ce77300879688efd3fccf4a78c6ab18d7de1dfa1d831bd7,2020-05,Durham Constabulary,Durham Constabulary,-1.715703,54.633249,On or near Fieldon Drive,E01020895,County Durham 057C,Public order,Unable to prosecute suspect,
632db99940fba2279b445217c8dab46dd7c955c0af5b90db20254f0e7cda18b3,2020-05,Durham Constabulary,Durham Constabulary,-1.722406,54.631701,On or near Staindrop Road,E01020895,County Durham 057C,Violence and sexual offences,Further investigation is not in the public interest,
dc3d1206e21df6fb0fa04936ceefc6f756fcb46e1e14145ad59c85ab5895f56a,2020-05,Durham Constabulary,Durham Constabulary,-1.719560,54.631048,On or near Chapel Street,E01020895,County Durham 057C,Violence and sexual offences,Unable to prosecute suspect,
6bb39510629ac4151723f4a442bb90630a6290ccd79818f20353ff5a05fddd92,2020-05,Durham Constabulary,Durham Constabulary,-1.713754,54.635033,On or near South View,E01020895,County Durham 057C,Violence and sexual offences,Unable to prosecute suspect,
6b118574aab69aa5cab389b7b06f58372c7e5a734afcb4141ea69be92cd7911d,2020-05,Durham Constabulary,Durham Constabulary,-1.719560,54.631048,On or near Chapel Street,E01020895,County Durham 057C,Violence and sexual offences,Unable to prosecute suspect,
b6d183852b29f93e7114cb330505990a4d684ff0e4bfd113abfdd7ba3f8256a1,2020-05,Durham Constabulary,Durham Constabulary,-1.719560,54.631048,On or near Chapel Street,E01020895,County Durham 057C,Violence and sexual offences,Unable to prosecute suspect,
e51bb617ea75216b620ad41335af3da67dd8e8e8eb2635d473291a942c5e7383,2020-05,Durham Constabulary,Durham Constabulary,-1.715703,54.633249,On or near Fieldon Drive,E01020895,County Durham 057C,Violence and sexual offences,Unable to prosecute suspect,
41c8b1dfc85041f8368422c3e7a6f072fb1fd66eeac1e20d44cf8f01b4bc5a77,2020-05,Durham Constabulary,Durham Constabulary,-1.722406,54.631701,On or near Staindrop Road,E01020895,County Durham 057C,Violence and sexual offences,Further investigation is not in the public interest,
7b9bbde4605c0418ac82d04dfec345de3ebe0771540e15cf43bcf0708953cc79,2020-05,Durham Constabulary,Durham Constabulary,-1.715603,54.632027,On or near Oakley Green,E01020895,County Durham 057C,Other crime,Further investigation is not in the public interest,
,2020-05,Durham Constabulary,Durham Constabulary,-1.729243,54.628508,On or near Simpson Road,E01020896,County Durham 057D,Anti-social behaviour,,
,2020-05,Durham Constabulary,Durham Constabulary,-1.722740,54.630363,On or near Leven Road,E01020896,County Durham 057D,Anti-social behaviour,,
,2020-05,Durham Constabulary,Durham Constabulary,-1.722740,54.630363,On or near Leven Road,E01020896,County Durham 057D,Anti-social behaviour,,
,2020-05,Durham Constabulary,Durham Constabulary,-1.730699,54.628485,On or near Dickenson Road,E01020896,County Durham 057D,Anti-social behaviour,,
,2020-05,Durham Constabulary,Durham Constabulary,-1.725254,54.629722,On or near Staindrop Road,E01020896,County Durham 057D,Anti-social behaviour,,
bc66032a7162063ca7de33ea31521f722249631e36136563ff2fe86133757d2f,2020-05,Durham Constabulary,Durham Constabulary,-1.730699,54.628485,On or near Dickenson Road,E01020896,County Durham 057D,Criminal damage and arson,Unable to prosecute suspect,
4c078516d584433b044c029bbfb2d41e1c970e13a9068388ae495686203be2c8,2020-05,Durham Constabulary,Durham Constabulary,-1.729243,54.628508,On or near Simpson Road,E01020896,County Durham 057D,Public order,Local resolution,
fdf07bcb6150680c6ea0b9382b9a8b7561c920e6c053e2b2b4013a4fc96b3804,2020-05,Durham Constabulary,Durham Constabulary,-1.722740,54.630363,On or near Leven Road,E01020896,County Durham 057D,Vehicle crime,Investigation complete; no suspect identified,
eb239f10fbdfa202b9b8e21f05224ba171f8611dcf05635a78c329e4d9b3c34e,2020-05,Durham Constabulary,Durham Constabulary,-1.730699,54.628485,On or near Dickenson Road,E01020896,County Durham 057D,Violence and sexual offences,Unable to prosecute suspect,
,2020-05,Durham Constabulary,Durham Constabulary,-1.686189,54.637616,On or near West Auckland Road,E01020897,County Durham 057E,Anti-social behaviour,,
,2020-05,Durham Constabulary,Durham Constabulary,-1.709554,54.637467,On or near Maben Avenue,E01020897,County Durham 057E,Anti-social behaviour,,
,2020-05,Durham Constabulary,Durham Constabulary,-1.686189,54.637616,On or near West Auckland Road,E01020897,County Durham 057E,Anti-social behaviour,,
,2020-05,Durham Constabulary,Durham Constabulary,-1.717502,54.637360,On or near Boyden Close,E01020897,County Durham 057E,Anti-social behaviour,,
,2020-05,Durham Constabulary,Durham Constabulary,-1.686189,54.637616,On or near West Auckland Road,E01020897,County Durham 057E,Anti-social behaviour,,
,2020-05,Durham Constabulary,Durham Constabulary,-1.706681,54.638332,On or near Central Avenue,E01020897,County Durham 057E,Anti-social behaviour,,
,2020-05,Durham Constabulary,Durham Constabulary,-1.705415,54.637808,On or near Davis Avenue,E01020897,County Durham 057E,Anti-social behaviour,,
,2020-05,Durham Constabulary,Durham Constabulary,-1.701887,54.639354,On or near Primrose Gardens,E01020897,County Durham 057E,Anti-social behaviour,,
,2020-05,Durham Constabulary,Durham Constabulary,-1.717502,54.637360,On or near Boyden Close,E01020897,County Durham 057E,Anti-social behaviour,,
,2020-05,Durham Constabulary,Durham Constabulary,-1.705121,54.635570,On or near Warner Avenue,E01020897,County Durham 057E,Anti-social behaviour,,
,2020-05,Durham Constabulary,Durham Constabulary,-1.717502,54.637360,On or near Boyden Close,E01020897,County Durham 057E,Anti-social behaviour,,
,2020-05,Durham Constabulary,Durham Constabulary,-1.708908,54.634644,On or near Mayfield Walk,E01020897,County Durham 057E,Anti-social behaviour,,
,2020-05,Durham Constabulary,Durham Constabulary,-1.705121,54.635570,On or near Warner Avenue,E01020897,County Durham 057E,Anti-social behaviour,,
,2020-05,Durham Constabulary,Durham Constabulary,-1.711535,54.637787,On or near Finchale Square,E01020897,County Durham 057E,Anti-social behaviour,,
,2020-05,Durham Constabulary,Durham Constabulary,-1.717502,54.637360,On or near Boyden Close,E01020897,County Durham 057E,Anti-social behaviour,,
,2020-05,Durham Constabulary,Durham Constabulary,-1.708908,54.634644,On or near Mayfield Walk,E01020897,County Durham 057E,Anti-social behaviour,,
,2020-05,Durham Constabulary,Durham Constabulary,-1.708908,54.634644,On or near Mayfield Walk,E01020897,County Durham 057E,Anti-social behaviour,,
,2020-05,Durham Constabulary,Durham Constabulary,-1.708908,54.634644,On or near Mayfield Walk,E01020897,County Durham 057E,Anti-social behaviour,,
,2020-05,Durham Constabulary,Durham Constabulary,-1.711535,54.637787,On or near Finchale Square,E01020897,County Durham 057E,Anti-social behaviour,,
,2020-05,Durham Constabulary,Durham Constabulary,-1.711992,54.636718,On or near Melrose Drive,E01020897,County Durham 057E,Anti-social behaviour,,
,2020-05,Durham Constabulary,Durham Constabulary,-1.705282,54.634752,On or near Elliott Way,E01020897,County Durham 057E,Anti-social behaviour,,
,2020-05,Durham Constabulary,Durham Constabulary,-1.686189,54.637616,On or near West Auckland Road,E01020897,County Durham 057E,Anti-social behaviour,,
8c498792563406c4d3b34724c0be2b89cafd4564cefac1a8a9ac22545cf6b8ac,2020-05,Durham Constabulary,Durham Constabulary,-1.711535,54.637787,On or near Finchale Square,E01020897,County Durham 057E,Burglary,Investigation complete; no suspect identified,
57ef85e7d7468cc745b877e1db38a18290082bd823046b81e2b52713840d8740,2020-05,Durham Constabulary,Durham Constabulary,-1.706277,54.634251,On or near Walton Crescent,E01020897,County Durham 057E,Criminal damage and arson,Investigation complete; no suspect identified,
c247b81d4eb4bda5f1c9180f391b3a8672fba7101b9d9f9468d2e114e50879d0,2020-05,Durham Constabulary,Durham Constabulary,-1.701887,54.639354,On or near Primrose Gardens,E01020897,County Durham 057E,Drugs,Court result unavailable,
e27019cccb7cc3521455a029bfe0c71085b75aa89bf98824fbe5d2b8347d91a2,2020-05,Durham Constabulary,Durham Constabulary,-1.711535,54.637787,On or near Finchale Square,E01020897,County Durham 057E,Public order,Unable to prosecute suspect,
e73e07e6db0bc091baeb92fb21f18af9e5ed90b802ae2f469a7eef5acb97db2c,2020-05,Durham Constabulary,Durham Constabulary,-1.708908,54.634644,On or near Mayfield Walk,E01020897,County Durham 057E,Public order,Unable to prosecute suspect,
9bd216f44ca5063017515a32ea9ae2abe44e7cb4f3a4b4000257d4dfa550a61b,2020-05,Durham Constabulary,Durham Constabulary,-1.707292,54.637444,On or near Middlewood Avenue,E01020897,County Durham 057E,Public order,Court result unavailable,
8da63f94e5d3988880bfd6b7cd4ff0073ac5c2b8e1ce78c7b68e601782f2d5e6,2020-05,Durham Constabulary,Durham Constabulary,-1.701887,54.639354,On or near Primrose Gardens,E01020897,County Durham 057E,Shoplifting,Investigation complete; no suspect identified,
8202a856111e50a58e0f11678335713074eacd04575d5b2e1013722bc023f46e,2020-05,Durham Constabulary,Durham Constabulary,-1.704314,54.637913,On or near Dalton Avenue,E01020897,County Durham 057E,Vehicle crime,Unable to prosecute suspect,
4b29c2e015aa2c47a4de6fef8acc10de20e167b66fd3c3851bebbf647188675f,2020-05,Durham Constabulary,Durham Constabulary,-1.686189,54.637616,On or near West Auckland Road,E01020897,County Durham 057E,Vehicle crime,Unable to prosecute suspect,
f568dbd0574b1b656b201339413ce33221d41df1823726e0803375050906b7fd,2020-05,Durham Constabulary,Durham Constabulary,-1.714010,54.636139,On or near Tintern Road,E01020897,County Durham 057E,Violence and sexual offences,Unable to prosecute suspect,
6a2924aaf67f0869745d9452f5fe90279f084005783c82c4827efe0c2fc46b73,2020-05,Durham Constabulary,Durham Constabulary,-1.702048,54.638429,On or near Louisa Terrace,E01020897,County Durham 057E,Violence and sexual offences,Unable to prosecute suspect,
908eab56b11f73f7f80b9eb7bf29d5d27f6fdbd83b452ffd6e3e6274542b6c62,2020-05,Durham Constabulary,Durham Constabulary,-1.714010,54.636139,On or near Tintern Road,E01020897,County Durham 057E,Violence and sexual offences,Unable to prosecute suspect,
15f07e24c730d854414c88f93ea1a3e7f2614d7e87e7e7cfda98e11fa5c4eca2,2020-05,Durham Constabulary,Durham Constabulary,-1.717564,54.635249,On or near Northbridge Park,E01020897,County Durham 057E,Violence and sexual offences,Unable to prosecute suspect,
f1f302319d60cf256cf712332b248c8193fe7d1f37e6c2bee1fba64b5a90beeb,2020-05,Durham Constabulary,Durham Constabulary,-1.700653,54.638488,On or near Musgrave Street,E01020897,County Durham 057E,Violence and sexual offences,Unable to prosecute suspect,
a4bcdb542dce56dbe7fabbbd9f56be95951733fc067d2497df3192be12d55303,2020-05,Durham Constabulary,Durham Constabulary,-1.714010,54.636139,On or near Tintern Road,E01020897,County Durham 057E,Violence and sexual offences,Action to be taken by another organisation,
,2020-05,Durham Constabulary,Durham Constabulary,-1.674554,54.647291,On or near Sports/Recreation Area,E01020884,County Durham 058A,Anti-social behaviour,,
,2020-05,Durham Constabulary,Durham Constabulary,-1.677930,54.649610,On or near Clifford Avenue,E01020884,County Durham 058A,Anti-social behaviour,,
,2020-05,Durham Constabulary,Durham Constabulary,-1.677822,54.653420,On or near Cockton Hill Road,E01020884,County Durham 058A,Anti-social behaviour,,
,2020-05,Durham Constabulary,Durham Constabulary,-1.676743,54.654702,On or near Waddington Street,E01020884,County Durham 058A,Anti-social behaviour,,
,2020-05,Durham Constabulary,Durham Constabulary,-1.676110,54.650449,On or near Peacock Court,E01020884,County Durham 058A,Anti-social behaviour,,
3aca13b5adfb21561b0a574e98c6ab589e2f2f7b33dd4849941e036dd2e54739,2020-05,Durham Constabulary,Durham Constabulary,-1.676743,54.654702,On or near Waddington Street,E01020884,County Durham 058A,Criminal damage and arson,Investigation complete; no suspect identified,
c24937365db8a3d8426e9450beb87cd664d6b59b6c56a08fff3dd080f2c089e7,2020-05,Durham Constabulary,Durham Constabulary,-1.674554,54.647291,On or near Sports/Recreation Area,E01020884,County Durham 058A,Criminal damage and arson,Court result unavailable,
06c831304dbff6124beb35c21d8706efb74017d07b777deea74e39133c5da05a,2020-05,Durham Constabulary,Durham Constabulary,-1.678338,54.650968,On or near Morland Street,E01020884,County Durham 058A,Other theft,Investigation complete; no suspect identified,
826ee87be26bda30acf2d2c4195b76e3f8d2462c5fee870863ffe005e8fb175f,2020-05,Durham Constabulary,Durham Constabulary,-1.676858,54.646066,On or near Aldhun Close,E01020884,County Durham 058A,Public order,Local resolution,
af2bfdb49cbab4f02ac36ccd31032543fd116c475c5b7401b3c4f687bee7aeb8,2020-05,Durham Constabulary,Durham Constabulary,-1.677822,54.653420,On or near Cockton Hill Road,E01020884,County Durham 058A,Public order,Investigation complete; no suspect identified,
3b7aca8856b278013fa837924198abb0715bed30a7d65aa22b38f374e9586894,2020-05,Durham Constabulary,Durham Constabulary,-1.674981,54.650186,On or near St Andrew'S Road,E01020884,County Durham 058A,Violence and sexual offences,Unable to prosecute suspect,
58845a70da8eb9f22c94fe997a7fd735de96a30b01ea91fff2691f2856f215c4,2020-05,Durham Constabulary,Durham Constabulary,-1.680668,54.644315,On or near Watling Road,E01020884,County Durham 058A,Violence and sexual offences,Investigation complete; no suspect identified,
87011d56153c61e3014ddf4eb10cabd4e0402bbf6fd8ca38fd034938c0c1bf2d,2020-05,Durham Constabulary,Durham Constabulary,-1.679953,54.646604,On or near Watling Road,E01020884,County Durham 058A,Violence and sexual offences,Court result unavailable,
d08ca13086ec0bd7fe03892bee8371a5b91c3f9d86eb27701eb276e58fe01d34,2020-05,Durham Constabulary,Durham Constabulary,-1.677822,54.653420,On or near Cockton Hill Road,E01020884,County Durham 058A,Violence and sexual offences,Unable to prosecute suspect,
624781262a34dbb057c3a9519d50ac63ad59bfc7bbbf2f0ea03463c643fdcec7,2020-05,Durham Constabulary,Durham Constabulary,-1.678338,54.650968,On or near Morland Street,E01020884,County Durham 058A,Violence and sexual offences,Unable to prosecute suspect,
03a068af6b1c9c7438204427a2a01ffe059724823d61e3c7d49902799cd5a6e4,2020-05,Durham Constabulary,Durham Constabulary,-1.679953,54.646604,On or near Watling Road,E01020884,County Durham 058A,Violence and sexual offences,Unable to prosecute suspect,
c80eddb5faef328061115ac7cb3542d4c6466c9b123b82d64961617f3f2e12ad,2020-05,Durham Constabulary,Durham Constabulary,-1.676858,54.646066,On or near Aldhun Close,E01020884,County Durham 058A,Violence and sexual offences,Local resolution,
88acf6c56f5c6af5399ae4ba76de4398c602934791b13a76d4f63ebc7402a53c,2020-05,Durham Constabulary,Durham Constabulary,-1.679953,54.646604,On or near Watling Road,E01020884,County Durham 058A,Violence and sexual offences,Unable to prosecute suspect,
,2020-05,Durham Constabulary,Durham Constabulary,-1.674889,54.651929,On or near Orchard Court,E01020885,County Durham 058B,Anti-social behaviour,,
,2020-05,Durham Constabulary,Durham Constabulary,-1.675734,54.649029,On or near Parking Area,E01020885,County Durham 058B,Anti-social behaviour,,
,2020-05,Durham Constabulary,Durham Constabulary,-1.671664,54.652163,On or near Gent Road,E01020885,County Durham 058B,Anti-social behaviour,,
,2020-05,Durham Constabulary,Durham Constabulary,-1.675734,54.649029,On or near Parking Area,E01020885,County Durham 058B,Anti-social behaviour,,
,2020-05,Durham Constabulary,Durham Constabulary,-1.676262,54.652741,On or near Mcintyre Terrace,E01020885,County Durham 058B,Anti-social behaviour,,
,2020-05,Durham Constabulary,Durham Constabulary,-1.675734,54.649029,On or near Parking Area,E01020885,County Durham 058B,Anti-social behaviour,,
,2020-05,Durham Constabulary,Durham Constabulary,-1.672111,54.652497,On or near Taylor Road,E01020885,County Durham 058B,Anti-social behaviour,,
,2020-05,Durham Constabulary,Durham Constabulary,-1.674889,54.651929,On or near Orchard Court,E01020885,County Durham 058B,Anti-social behaviour,,
,2020-05,Durham Constabulary,Durham Constabulary,-1.671664,54.652163,On or near Gent Road,E01020885,County Durham 058B,Anti-social behaviour,,
,2020-05,Durham Constabulary,Durham Constabulary,-1.671664,54.652163,On or near Gent Road,E01020885,County Durham 058B,Anti-social behaviour,,
,2020-05,Durham Constabulary,Durham Constabulary,-1.674889,54.651929,On or near Orchard Court,E01020885,County Durham 058B,Anti-social behaviour,,
,2020-05,Durham Constabulary,Durham Constabulary,-1.671664,54.652163,On or near Gent Road,E01020885,County Durham 058B,Anti-social behaviour,,
8c06228e1ec92590e353847ab887c909827082ab2190ef581ab404783bb6fac1,2020-05,Durham Constabulary,Durham Constabulary,-1.676262,54.652741,On or near Mcintyre Terrace,E01020885,County Durham 058B,Criminal damage and arson,Investigation complete; no suspect identified,
342fb38e86edb6abde2c3465fda25fa035fbaa42a3c2de7d0099035dc9f27d81,2020-05,Durham Constabulary,Durham Constabulary,-1.675734,54.649029,On or near Parking Area,E01020885,County Durham 058B,Other theft,Unable to prosecute suspect,
ce99f9cc80931e7361054306cc822455b5d5edd115b04dea5c5f9ca3dbc57825,2020-05,Durham Constabulary,Durham Constabulary,-1.671664,54.652163,On or near Gent Road,E01020885,County Durham 058B,Violence and sexual offences,Investigation complete; no suspect identified,
dc8d84772a83d721bedb0cc9370a9a8d96534f9f497982e4ce04e3e8500f7c4e,2020-05,Durham Constabulary,Durham Constabulary,-1.675734,54.649029,On or near Parking Area,E01020885,County Durham 058B,Violence and sexual offences,Unable to prosecute suspect,
bc7f95295df7f9cc1de7cf90711a7264438919fa700a2b307e1bc10bdf269545,2020-05,Durham Constabulary,Durham Constabulary,-1.675734,54.649029,On or near Parking Area,E01020885,County Durham 058B,Violence and sexual offences,Unable to prosecute suspect,
d98d23a414ab1272c57406c36faf8a88267ebe61d7b5c62189934ccee0b60ca4,2020-05,Durham Constabulary,Durham Constabulary,-1.672413,54.649577,On or near Beechwood Drive,E01020885,County Durham 058B,Violence and sexual offences,Unable to prosecute suspect,
5d3c77d727ea510d13e04f37835cbd35b01bbf9b72f91508cf538e2c7c55b422,2020-05,Durham Constabulary,Durham Constabulary,-1.672413,54.649577,On or near Beechwood Drive,E01020885,County Durham 058B,Violence and sexual offences,Unable to prosecute suspect,
cc59f203afc4a632337fe9c2c46f842ba98575a9d681938e88127d54bf69512b,2020-05,Durham Constabulary,Durham Constabulary,-1.672413,54.649577,On or near Beechwood Drive,E01020885,County Durham 058B,Violence and sexual offences,Unable to prosecute suspect,
b868981d424dad5b6a6d30aca1b85773fe7eadd0066bbadbd22c54bd2123eea6,2020-05,Durham Constabulary,Durham Constabulary,-1.675734,54.649029,On or near Parking Area,E01020885,County Durham 058B,Violence and sexual offences,Unable to prosecute suspect,
9e07ce26987bc396115f213336b04942fad16cf60b5ecb9f523042f51293813f,2020-05,Durham Constabulary,Durham Constabulary,-1.675734,54.649029,On or near Parking Area,E01020885,County Durham 058B,Other crime,Unable to prosecute suspect,
,2020-05,Durham Constabulary,Durham Constabulary,-1.683000,54.647358,On or near Abbey Road,E01020907,County Durham 058C,Anti-social behaviour,,
,2020-05,Durham Constabulary,Durham Constabulary,-1.689794,54.640285,On or near Dent Street,E01020907,County Durham 058C,Anti-social behaviour,,
,2020-05,Durham Constabulary,Durham Constabulary,-1.690732,54.641240,On or near Dilks Street,E01020907,County Durham 058C,Anti-social behaviour,,
,2020-05,Durham Constabulary,Durham Constabulary,-1.682605,54.646243,On or near Aclet Close,E01020907,County Durham 058C,Anti-social behaviour,,
,2020-05,Durham Constabulary,Durham Constabulary,-1.683000,54.647358,On or near Abbey Road,E01020907,County Durham 058C,Anti-social behaviour,,
,2020-05,Durham Constabulary,Durham Constabulary,-1.685128,54.642709,On or near Sports/Recreation Area,E01020907,County Durham 058C,Anti-social behaviour,,
9f6f9f48d6f6ff36c64966831dae0f950c09e7d40195659f6e865cfc8e002215,2020-05,Durham Constabulary,Durham Constabulary,-1.684307,54.648584,On or near Hardisty Crescent,E01020907,County Durham 058C,Burglary,Investigation complete; no suspect identified,
e59b246b2d94e858b95e359adfa664786e5c7339e2794253cc444a74a9cb68a5,2020-05,Durham Constabulary,Durham Constabulary,-1.690732,54.641240,On or near Dilks Street,E01020907,County Durham 058C,Burglary,Status update unavailable,
dba9e99faf7cb2ad433afac48d20116c5b76d811a457f4120d008a2c3edc912f,2020-05,Durham Constabulary,Durham Constabulary,-1.682605,54.646243,On or near Aclet Close,E01020907,County Durham 058C,Criminal damage and arson,Unable to prosecute suspect,
ebc201cb603bceadcbae17718f47ffd836c03709a48668a4bf3d67861bdc8d41,2020-05,Durham Constabulary,Durham Constabulary,-1.690844,54.640764,On or near Boddy Street,E01020907,County Durham 058C,Public order,Local resolution,
9a07e0a8b06142683b62d69f77171aaef27f74a452da63f6862a8c945d8d4993,2020-05,Durham Constabulary,Durham Constabulary,-1.682605,54.646243,On or near Aclet Close,E01020907,County Durham 058C,Public order,Court result unavailable,
1597401cfc632b8a4dd5d2ce47fe086d74f2fd3d9275a75c8c5608e29b4371dc,2020-05,Durham Constabulary,Durham Constabulary,-1.690844,54.640764,On or near Boddy Street,E01020907,County Durham 058C,Public order,Unable to prosecute suspect,
136538c0a8127c8e144eb42a77cae6747a69475eb61dcb9ab3fa79f5ef3905b3,2020-05,Durham Constabulary,Durham Constabulary,-1.690844,54.640764,On or near Boddy Street,E01020907,County Durham 058C,Violence and sexual offences,Unable to prosecute suspect,
947d001b6881d416b9001dfa7f790732b657c927150f4fae0022988d0ab95ee7,2020-05,Durham Constabulary,Durham Constabulary,-1.690732,54.641240,On or near Dilks Street,E01020907,County Durham 058C,Violence and sexual offences,Unable to prosecute suspect,
76c55a3ad0d3bb729327d018189c2b24b6d175a4145da96e3583745f3cc3c449,2020-05,Durham Constabulary,Durham Constabulary,-1.689794,54.640285,On or near Dent Street,E01020907,County Durham 058C,Violence and sexual offences,Unable to prosecute suspect,
a99abf93c855c30d655749a2cb0b1b02b774ca22c462633762ed92aff34e4caa,2020-05,Durham Constabulary,Durham Constabulary,-1.690732,54.641240,On or near Dilks Street,E01020907,County Durham 058C,Violence and sexual offences,Unable to prosecute suspect,
268b7ca9d3b2ac87729b7a8ce183780b6135df8b505a92681b3d594cf2d6f4d7,2020-05,Durham Constabulary,Durham Constabulary,-1.683802,54.647756,On or near St Mary'S Close,E01020907,County Durham 058C,Violence and sexual offences,Local resolution,
13a882f067494ccb27344d03e1a8c94f0449a2a8e891d8163ac60dd237d41a65,2020-05,Durham Constabulary,Durham Constabulary,-1.682605,54.646243,On or near Aclet Close,E01020907,County Durham 058C,Violence and sexual offences,Unable to prosecute suspect,
c91a3678badfdaa0e2ab27790f39826b8d7f233c8ed2fa445c77056811886e53,2020-05,Durham Constabulary,Durham Constabulary,-1.682605,54.646243,On or near Aclet Close,E01020907,County Durham 058C,Violence and sexual offences,Unable to prosecute suspect,
f7736e6302381d65b96acff11443750d98e1722b1ae0d73e8847e7b849027291,2020-05,Durham Constabulary,Durham Constabulary,-1.683802,54.647756,On or near St Mary'S Close,E01020907,County Durham 058C,Violence and sexual offences,Action to be taken by another organisation,
d68908e9ce9af5b44d76e6125b8ce0a6d6ecb6979209fe8a51c0ab93f3273925,2020-05,Durham Constabulary,Durham Constabulary,-1.682605,54.646243,On or near Aclet Close,E01020907,County Durham 058C,Violence and sexual offences,Court result unavailable,
409e8e65452b930c5ac1443109dac9d028b2c5fdcb02e13a87c279a6b9eb69bc,2020-05,Durham Constabulary,Durham Constabulary,-1.682605,54.646243,On or near Aclet Close,E01020907,County Durham 058C,Violence and sexual offences,Unable to prosecute suspect,
d3e9aacaf0b7163a3256620e4c74818ef6e96b051e1ccdb8418e6a06fbf2f421,2020-05,Durham Constabulary,Durham Constabulary,-1.682605,54.646243,On or near Aclet Close,E01020907,County Durham 058C,Violence and sexual offences,Unable to prosecute suspect,
,2020-05,Durham Constabulary,Durham Constabulary,-1.686529,54.649884,On or near Irvin Avenue,E01020908,County Durham 058D,Anti-social behaviour,,
,2020-05,Durham Constabulary,Durham Constabulary,-1.691833,54.647264,On or near Cheesmond Avenue,E01020908,County Durham 058D,Anti-social behaviour,,
,2020-05,Durham Constabulary,Durham Constabulary,-1.695047,54.646454,On or near Weardale Drive,E01020908,County Durham 058D,Anti-social behaviour,,
,2020-05,Durham Constabulary,Durham Constabulary,-1.691833,54.647264,On or near Cheesmond Avenue,E01020908,County Durham 058D,Anti-social behaviour,,
,2020-05,Durham Constabulary,Durham Constabulary,-1.695047,54.646454,On or near Weardale Drive,E01020908,County Durham 058D,Anti-social behaviour,,
,2020-05,Durham Constabulary,Durham Constabulary,-1.695753,54.647436,On or near Shipley Grove,E01020908,County Durham 058D,Anti-social behaviour,,
72fb1d79e0f02143b59545b1afe79d4e2bd52117f82bef3f6b18dd348d13e0bd,2020-05,Durham Constabulary,Durham Constabulary,-1.686529,54.649884,On or near Irvin Avenue,E01020908,County Durham 058D,Burglary,Unable to prosecute suspect,
ea37c8c97d460af9a1aea91cbfa81d64033c8af55e4c52d5be3fdca9dae5b863,2020-05,Durham Constabulary,Durham Constabulary,-1.687880,54.649483,On or near Murphy Crescent,E01020908,County Durham 058D,Criminal damage and arson,Investigation complete; no suspect identified,
2b6bcf4ba8b56a176cd7af119bd327bbce862a0d03beace0e53507ddbcea4390,2020-05,Durham Constabulary,Durham Constabulary,-1.687880,54.649483,On or near Murphy Crescent,E01020908,County Durham 058D,Other theft,Investigation complete; no suspect identified,
ba77ebc018c91a93bd8132d566dbc7109e4bb5012be83ce9de723dda9f0e95e9,2020-05,Durham Constabulary,Durham Constabulary,-1.686330,54.649488,On or near Wood Square,E01020908,County Durham 058D,Vehicle crime,Investigation complete; no suspect identified,
847b3c7682c0a4f44c59f12f91aaae44618211f27ecc370eecb755124878f9b4,2020-05,Durham Constabulary,Durham Constabulary,-1.687880,54.649483,On or near Murphy Crescent,E01020908,County Durham 058D,Violence and sexual offences,Awaiting court outcome,
1a82f08115749677c9d16819888b71f6a308b109c0140d4ae0139f309c53f0ee,2020-05,Durham Constabulary,Durham Constabulary,-1.687880,54.649483,On or near Murphy Crescent,E01020908,County Durham 058D,Violence and sexual offences,Unable to prosecute suspect,
86b5313fbdd1b8e7874854e885da9d1dbc80c0d45959edfa92ac588e2863c974,2020-05,Durham Constabulary,Durham Constabulary,-1.698524,54.647793,On or near Linburn Drive,E01020908,County Durham 058D,Violence and sexual offences,Unable to prosecute suspect,
867eae5ca04b81d6de5171387c2d8998793270601181588e5aff06ef2b12361f,2020-05,Durham Constabulary,Durham Constabulary,-1.687880,54.649483,On or near Murphy Crescent,E01020908,County Durham 058D,Violence and sexual offences,Awaiting court outcome,
75fbbf7e69d0d11bd6597bf98ba70924fa4cb9285b863856c6fb0bc702b3dccd,2020-05,Durham Constabulary,Durham Constabulary,-1.698412,54.648233,On or near Harthope Grove,E01020908,County Durham 058D,Violence and sexual offences,Unable to prosecute suspect,
,2020-05,Durham Constabulary,Durham Constabulary,-1.687718,54.644369,On or near Price Avenue,E01020909,County Durham 058E,Anti-social behaviour,,
,2020-05,Durham Constabulary,Durham Constabulary,-1.690605,54.647746,On or near Kitchen Avenue,E01020909,County Durham 058E,Anti-social behaviour,,
,2020-05,Durham Constabulary,Durham Constabulary,-1.687718,54.644369,On or near Price Avenue,E01020909,County Durham 058E,Anti-social behaviour,,
,2020-05,Durham Constabulary,Durham Constabulary,-1.690639,54.645401,On or near Walker Drive,E01020909,County Durham 058E,Anti-social behaviour,,
,2020-05,Durham Constabulary,Durham Constabulary,-1.687718,54.644369,On or near Price Avenue,E01020909,County Durham 058E,Anti-social behaviour,,
,2020-05,Durham Constabulary,Durham Constabulary,-1.690605,54.647746,On or near Kitchen Avenue,E01020909,County Durham 058E,Anti-social behaviour,,
cea81598892d4dfa7192bf238ecdce0819fdfcc954bdc26426d14180ca33ffe3,2020-05,Durham Constabulary,Durham Constabulary,-1.691000,54.646822,On or near Taylor Square,E01020909,County Durham 058E,Criminal damage and arson,Unable to prosecute suspect,
17ee236c33a7576c75ea48349264268b00ce12532e93ba1d6ce35e030a905b35,2020-05,Durham Constabulary,Durham Constabulary,-1.690639,54.645401,On or near Walker Drive,E01020909,County Durham 058E,Criminal damage and arson,Investigation complete; no suspect identified,
e1885fe0b7075984d62432416c20a7064f5a79b1524878532c91b81e268d7903,2020-05,Durham Constabulary,Durham Constabulary,-1.692071,54.644497,On or near Lusby Crescent,E01020909,County Durham 058E,Criminal damage and arson,Unable to prosecute suspect,
0b00a81345f6d8499d6ee4d88fb40c9a57a38fffe0013b6e02d3f69b71c5907d,2020-05,Durham Constabulary,Durham Constabulary,-1.692732,54.643186,On or near Snowdon Crescent,E01020909,County Durham 058E,Criminal damage and arson,Investigation complete; no suspect identified,
8bc9650b62116cde9768d40665a4b50a1d60fbc3e9f1b1ea58890cbfbf618807,2020-05,Durham Constabulary,Durham Constabulary,-1.688523,54.646528,On or near Howard Close,E01020909,County Durham 058E,Criminal damage and arson,Investigation complete; no suspect identified,
32bd363a8f356a9f975427a4cc5ceb4c0ef5fe354b76520377587c1707ea941c,2020-05,Durham Constabulary,Durham Constabulary,-1.688523,54.646528,On or near Howard Close,E01020909,County Durham 058E,Drugs,Offender given a drugs possession warning,
8acb3484cc112d4586e4fcd1c85cb809d808a2ad4555a87af149e5546b3299d2,2020-05,Durham Constabulary,Durham Constabulary,-1.688330,54.645449,On or near Lowther Road,E01020909,County Durham 058E,Drugs,Offender given penalty notice,
b3328dcb7291cef81dc55f425be1c93a6240901728e8ee420a0d72a7b6313c89,2020-05,Durham Constabulary,Durham Constabulary,-1.690605,54.647746,On or near Kitchen Avenue,E01020909,County Durham 058E,Other theft,Investigation complete; no suspect identified,
a5923716f2f783f6212a460456ecc2dd4f1d6ea5e6420ac709b0a926d367b426,2020-05,Durham Constabulary,Durham Constabulary,-1.690605,54.647746,On or near Kitchen Avenue,E01020909,County Durham 058E,Other theft,Investigation complete; no suspect identified,
4e4aed76d6def081f52561cf5da21d80e13223029f16a15b3d0a8b6ee75ab4b8,2020-05,Durham Constabulary,Durham Constabulary,-1.687718,54.644369,On or near Price Avenue,E01020909,County Durham 058E,Public order,Unable to prosecute suspect,
547b63551d6b6c73e1ec7d7e4febd4a4e77755e210f5475433e1ffc6868251d0,2020-05,Durham Constabulary,Durham Constabulary,-1.692732,54.643186,On or near Snowdon Crescent,E01020909,County Durham 058E,Public order,Unable to prosecute suspect,
f89968c2ac2ea4f19dd65f1c34118594239ebb08f50438d61a9a957f2be9592d,2020-05,Durham Constabulary,Durham Constabulary,-1.692732,54.643186,On or near Snowdon Crescent,E01020909,County Durham 058E,Shoplifting,Offender given penalty notice,
c4683af6c91c0e3bfef847f4d928746a1ec2f1bb5cdf210ac94da72ef2163129,2020-05,Durham Constabulary,Durham Constabulary,-1.692732,54.643186,On or near Snowdon Crescent,E01020909,County Durham 058E,Shoplifting,Court result unavailable,
3e37d8992c135f491441126f162920778e0d12d26dfbac97802dc1a24f67457a,2020-05,Durham Constabulary,Durham Constabulary,-1.690639,54.645401,On or near Walker Drive,E01020909,County Durham 058E,Violence and sexual offences,Investigation complete; no suspect identified,
55675dc49fd25179f96613ae46050c35d6ae605484b5493e509e6874ae37c04b,2020-05,Durham Constabulary,Durham Constabulary,-1.690639,54.645401,On or near Walker Drive,E01020909,County Durham 058E,Violence and sexual offences,Unable to prosecute suspect,
124a6f2237ee128ab5d1a9e211268d0abc2451b1960dbcac9956c215c9cd431e,2020-05,Durham Constabulary,Durham Constabulary,-1.691571,54.643022,On or near Gudmunsen Avenue,E01020909,County Durham 058E,Violence and sexual offences,Action to be taken by another organisation,
186e1105211deae96a35877dc3e637d44120e39906b437205b7444f27ba5f77f,2020-05,Durham Constabulary,Durham Constabulary,-1.687718,54.644369,On or near Price Avenue,E01020909,County Durham 058E,Violence and sexual offences,Unable to prosecute suspect,
1e5720dda317b976a86f83ff7fb2e114f89cb06770611824bad23e716f7a23dc,2020-05,Durham Constabulary,Durham Constabulary,-1.687718,54.644369,On or near Price Avenue,E01020909,County Durham 058E,Violence and sexual offences,Unable to prosecute suspect,
5c382da3a7b5f59049955bfeb9f69dc6d72a718883a6d184da31abbeed20298b,2020-05,Durham Constabulary,Durham Constabulary,-1.690605,54.647746,On or near Kitchen Avenue,E01020909,County Durham 058E,Violence and sexual offences,Unable to prosecute suspect,
dcc25d06994d36f67848c290a95702e12322c9ff088f300e5d4cdef0c212ae13,2020-05,Durham Constabulary,Durham Constabulary,-1.687578,54.646435,On or near Douthwaite Road,E01020909,County Durham 058E,Violence and sexual offences,Unable to prosecute suspect,
ecab1e77fd8d60b19bc644c99708fab1ed685de94b9c5ae3d24f946a69a01c27,2020-05,Durham Constabulary,Durham Constabulary,-1.687578,54.646435,On or near Douthwaite Road,E01020909,County Durham 058E,Violence and sexual offences,Unable to prosecute suspect,
9fb1bfbea750151df4700b09b389b242f4f689e6db795514aa15d9bb1ec7a053,2020-05,Durham Constabulary,Durham Constabulary,-1.690639,54.645401,On or near Walker Drive,E01020909,County Durham 058E,Violence and sexual offences,Investigation complete; no suspect identified,
761382eaa841e90389eee40923cdffdff35292f376653371cdb0af04d91f99ae,2020-05,Durham Constabulary,Durham Constabulary,-1.694787,54.643911,On or near Ramsey Crescent,E01020909,County Durham 058E,Violence and sexual offences,Unable to prosecute suspect,
dd81f9062f3fae6e44c08aed901ba8ec0a9e854bcfa5e1284f0ff83f3d18d913,2020-05,Durham Constabulary,Durham Constabulary,-1.692732,54.643186,On or near Snowdon Crescent,E01020909,County Durham 058E,Other crime,Investigation complete; no suspect identified,
,2020-05,Durham Constabulary,Durham Constabulary,-1.646485,54.630030,On or near Sports/Recreation Area,E01020801,County Durham 059A,Anti-social behaviour,,
,2020-05,Durham Constabulary,Durham Constabulary,-1.646606,54.626732,On or near Richmond Close,E01020801,County Durham 059A,Anti-social behaviour,,
,2020-05,Durham Constabulary,Durham Constabulary,-1.651394,54.628300,On or near Byerley Road,E01020801,County Durham 059A,Anti-social behaviour,,
7848544d35e4a186f4cfa322ec8c63619ed64440555af883ea5d4a46dda44c42,2020-05,Durham Constabulary,Durham Constabulary,-1.652695,54.630209,On or near Regent Street,E01020801,County Durham 059A,Drugs,Court result unavailable,
95268e2c091f423aa0ed78cd34377dcac2ac93ea4010b8dedcdab622a48ae363,2020-05,Durham Constabulary,Durham Constabulary,-1.653032,54.630588,On or near Osborne Street,E01020801,County Durham 059A,Other theft,Unable to prosecute suspect,
20d2619ba154819ce9cd05360ab7954721d04e0849cfa0d5c6835dbe97a1fe35,2020-05,Durham Constabulary,Durham Constabulary,-1.651394,54.628300,On or near Byerley Road,E01020801,County Durham 059A,Public order,Unable to prosecute suspect,
80af9fd5a3ca2b303bb776c2229d01451f9d8e2631d907c05828a38e7054ba72,2020-05,Durham Constabulary,Durham Constabulary,-1.652695,54.630209,On or near Regent Street,E01020801,County Durham 059A,Public order,Investigation complete; no suspect identified,
04369816fa425d6a0afb0983a04b0c0ec04bd3d3660748c08b129e0962ce987d,2020-05,Durham Constabulary,Durham Constabulary,-1.652377,54.631071,On or near Henry Street,E01020801,County Durham 059A,Public order,Local resolution,
d21af1f397db77727d09d6e12c1a55b21c3c63fc21a6d4f3c78718afaac48483,2020-05,Durham Constabulary,Durham Constabulary,-1.652377,54.631071,On or near Henry Street,E01020801,County Durham 059A,Theft from the person,Unable to prosecute suspect,
b39323307d38a60fefca52509ffe4058d4fd6dd722b8a7a0810beaf526f92f2d,2020-05,Durham Constabulary,Durham Constabulary,-1.652901,54.631441,On or near Salisbury Terrace,E01020801,County Durham 059A,Violence and sexual offences,Unable to prosecute suspect,
86c66fbfad9a5d330a25b7016361d695d3dd0a743c9e9bea3c3c9f03dcd25fce,2020-05,Durham Constabulary,Durham Constabulary,-1.652901,54.631441,On or near Salisbury Terrace,E01020801,County Durham 059A,Violence and sexual offences,Unable to prosecute suspect,
397b3a0727e8d10c730f00821c2210bd65557a975c7acaa576ab0edf49fe7820,2020-05,Durham Constabulary,Durham Constabulary,-1.653177,54.631729,On or near George Street,E01020801,County Durham 059A,Violence and sexual offences,Unable to prosecute suspect,
2470e28df5f042ed64e612bf6326c4a10d03654832010cb26dbb1bb9085941c9,2020-05,Durham Constabulary,Durham Constabulary,-1.652901,54.631441,On or near Salisbury Terrace,E01020801,County Durham 059A,Violence and sexual offences,Unable to prosecute suspect,
2b64b6d382e6706a0f537a46a98b34aca42ba29c5e52dc2162c1dfcec6e35b8d,2020-05,Durham Constabulary,Durham Constabulary,-1.647693,54.626376,On or near Chapel Street,E01020801,County Durham 059A,Violence and sexual offences,Unable to prosecute suspect,
74081388f5cb3c04e1caa0b77b254d2d7859f8c250409623fc856723def9f2bc,2020-05,Durham Constabulary,Durham Constabulary,-1.652888,54.629356,On or near Ruby Street,E01020801,County Durham 059A,Violence and sexual offences,Unable to prosecute suspect,
609ccd91d6293025e1082707fd03e2a14d6aa8e476190774866e051d91132870,2020-05,Durham Constabulary,Durham Constabulary,-1.652901,54.631441,On or near Salisbury Terrace,E01020801,County Durham 059A,Violence and sexual offences,Local resolution,
e2a4e226da90a4c072d4e1284284483945110904e1d2ba5a2f917057c00fb8f3,2020-05,Durham Constabulary,Durham Constabulary,-1.652901,54.631441,On or near Salisbury Terrace,E01020801,County Durham 059A,Violence and sexual offences,Unable to prosecute suspect,
cc714df4142b1f33814b581051b2d2cf4e2d708fe4a12b726c25904917cf9035,2020-05,Durham Constabulary,Durham Constabulary,-1.652888,54.629356,On or near Ruby Street,E01020801,County Durham 059A,Violence and sexual offences,Unable to prosecute suspect,
,2020-05,Durham Constabulary,Durham Constabulary,-1.642249,54.627267,On or near Wylam Close,E01020802,County Durham 059B,Anti-social behaviour,,
,2020-05,Durham Constabulary,Durham Constabulary,-1.639104,54.620320,On or near Petrol Station,E01020802,County Durham 059B,Anti-social behaviour,,
,2020-05,Durham Constabulary,Durham Constabulary,-1.646660,54.624099,On or near Bluebell Walk,E01020802,County Durham 059B,Anti-social behaviour,,
,2020-05,Durham Constabulary,Durham Constabulary,-1.642249,54.627267,On or near Wylam Close,E01020802,County Durham 059B,Anti-social behaviour,,
,2020-05,Durham Constabulary,Durham Constabulary,-1.673606,54.624498,On or near Brusselton Lane,E01020802,County Durham 059B,Anti-social behaviour,,
,2020-05,Durham Constabulary,Durham Constabulary,-1.644278,54.627282,On or near Alma Road,E01020802,County Durham 059B,Anti-social behaviour,,
,2020-05,Durham Constabulary,Durham Constabulary,-1.639104,54.620320,On or near Petrol Station,E01020802,County Durham 059B,Anti-social behaviour,,
,2020-05,Durham Constabulary,Durham Constabulary,-1.641449,54.623077,On or near All Saints' Road,E01020802,County Durham 059B,Anti-social behaviour,,
,2020-05,Durham Constabulary,Durham Constabulary,-1.646737,54.625932,On or near Maddison Street,E01020802,County Durham 059B,Anti-social behaviour,,
,2020-05,Durham Constabulary,Durham Constabulary,-1.642036,54.623294,On or near Bouch Street,E01020802,County Durham 059B,Anti-social behaviour,,
,2020-05,Durham Constabulary,Durham Constabulary,-1.642036,54.623294,On or near Bouch Street,E01020802,County Durham 059B,Anti-social behaviour,,
,2020-05,Durham Constabulary,Durham Constabulary,-1.642249,54.627267,On or near Wylam Close,E01020802,County Durham 059B,Anti-social behaviour,,
,2020-05,Durham Constabulary,Durham Constabulary,-1.639610,54.622703,On or near Walter Street,E01020802,County Durham 059B,Anti-social behaviour,,
,2020-05,Durham Constabulary,Durham Constabulary,-1.642249,54.627267,On or near Wylam Close,E01020802,County Durham 059B,Anti-social behaviour,,
,2020-05,Durham Constabulary,Durham Constabulary,-1.639610,54.622703,On or near Walter Street,E01020802,County Durham 059B,Anti-social behaviour,,
,2020-05,Durham Constabulary,Durham Constabulary,-1.642249,54.627267,On or near Wylam Close,E01020802,County Durham 059B,Anti-social behaviour,,
,2020-05,Durham Constabulary,Durham Constabulary,-1.642249,54.627267,On or near Wylam Close,E01020802,County Durham 059B,Anti-social behaviour,,
,2020-05,Durham Constabulary,Durham Constabulary,-1.643466,54.626309,On or near Cross Street,E01020802,County Durham 059B,Anti-social behaviour,,
,2020-05,Durham Constabulary,Durham Constabulary,-1.657829,54.640478,On or near Adelaide Bank,E01020802,County Durham 059B,Anti-social behaviour,,
,2020-05,Durham Constabulary,Durham Constabulary,-1.642249,54.627267,On or near Wylam Close,E01020802,County Durham 059B,Anti-social behaviour,,
,2020-05,Durham Constabulary,Durham Constabulary,-1.640710,54.627928,On or near Sports/Recreation Area,E01020802,County Durham 059B,Anti-social behaviour,,
,2020-05,Durham Constabulary,Durham Constabulary,-1.655281,54.632122,On or near Clarendon Court,E01020802,County Durham 059B,Anti-social behaviour,,
361af772aa4e1c8f02734fc9ebe821dcde8cd703bd0ea0799532f5c7e8800e8d,2020-05,Durham Constabulary,Durham Constabulary,-1.643475,54.623416,On or near Harrison Close,E01020802,County Durham 059B,Burglary,Investigation complete; no suspect identified,
3a125ac68937b1e8c9cdb72d8957696a1a1c90a7cd64213c9e6010874c235487,2020-05,Durham Constabulary,Durham Constabulary,-1.639104,54.620320,On or near Petrol Station,E01020802,County Durham 059B,Burglary,Investigation complete; no suspect identified,
e6b3a53c1bd8ff7bf28ae35d27de8e1a0bb2d23afe9a060e5dc80c481d14511f,2020-05,Durham Constabulary,Durham Constabulary,-1.673606,54.624498,On or near Brusselton Lane,E01020802,County Durham 059B,Criminal damage and arson,Investigation complete; no suspect identified,
9d5917df8e62e4f12204f2d2656c1c49f5e3d1034adc7b217e2a150a7ed77f4a,2020-05,Durham Constabulary,Durham Constabulary,-1.639610,54.622703,On or near Walter Street,E01020802,County Durham 059B,Criminal damage and arson,Local resolution,
6abaff0f97ecb2387ce48c08a09fff5674441360f418d8b3962c8905d734a7bc,2020-05,Durham Constabulary,Durham Constabulary,-1.644136,54.625862,On or near Station Street,E01020802,County Durham 059B,Criminal damage and arson,Investigation complete; no suspect identified,
3b5b1ae82de47b344d47ad26b046fe31b2f4b91cbcdf8787c644f2ebd48b1b88,2020-05,Durham Constabulary,Durham Constabulary,-1.644364,54.624479,On or near Woodland View,E01020802,County Durham 059B,Criminal damage and arson,Investigation complete; no suspect identified,
46939b5375a5416491bf72b3c71566e0de4b2958a2ddec554ebc5e6abde172b5,2020-05,Durham Constabulary,Durham Constabulary,-1.642659,54.626397,On or near Victoria Street,E01020802,County Durham 059B,Criminal damage and arson,Investigation complete; no suspect identified,
b8ca2a61c64d590bf4bc722d5120d850d0a1f606f0563306ede4301443c66d7c,2020-05,Durham Constabulary,Durham Constabulary,-1.640182,54.622813,On or near Kilburn Street,E01020802,County Durham 059B,Criminal damage and arson,Unable to prosecute suspect,
81855506eaa391b00665aea2a2071110ae337e466b49b7c36225d762152d74a2,2020-05,Durham Constabulary,Durham Constabulary,-1.657829,54.640478,On or near Adelaide Bank,E01020802,County Durham 059B,Other theft,Investigation complete; no suspect identified,
b11d58f1e10ecdaa5feaeaab5dd3d687ae0f9bbd2dc54dbaf1d4f5d51f792113,2020-05,Durham Constabulary,Durham Constabulary,-1.639104,54.620320,On or near Petrol Station,E01020802,County Durham 059B,Other theft,Local resolution,
1fce8730cb2423687754802b3af3a2f24e5e283bd2b662740c84cf162ff56bba,2020-05,Durham Constabulary,Durham Constabulary,-1.643475,54.623416,On or near Harrison Close,E01020802,County Durham 059B,Other theft,Unable to prosecute suspect,
53aec38a7043ae913507fbbeeb2585e05f09946c18c3c4ebd7e4c2da8e09b701,2020-05,Durham Constabulary,Durham Constabulary,-1.644278,54.627282,On or near Alma Road,E01020802,County Durham 059B,Other theft,Investigation complete; no suspect identified,
ab335e80239828428cf6f88f6af2f6d17f8146260646cf51aef732967406edc4,2020-05,Durham Constabulary,Durham Constabulary,-1.642036,54.623294,On or near Bouch Street,E01020802,County Durham 059B,Public order,Unable to prosecute suspect,
20f3871ecc21cf245acb590e2c3e682f2c1a12cb29d8f90b2a282e8007906694,2020-05,Durham Constabulary,Durham Constabulary,-1.639610,54.622703,On or near Walter Street,E01020802,County Durham 059B,Public order,Investigation complete; no suspect identified,
0b3e0a3ce016da594598d2fe600ad0b365cb79f50f92b3e5db22d8aed4e0beaa,2020-05,Durham Constabulary,Durham Constabulary,-1.642659,54.626397,On or near Victoria Street,E01020802,County Durham 059B,Violence and sexual offences,Unable to prosecute suspect,
2d8b69108f7396ae63d179778af09e2fa0445af36e9275923bfc5a03601c91f9,2020-05,Durham Constabulary,Durham Constabulary,-1.639610,54.622703,On or near Walter Street,E01020802,County Durham 059B,Violence and sexual offences,Unable to prosecute suspect,
26a5669f7aafb23efe9c0ef7c3515121203e6d5325e234d938268f30bd941151,2020-05,Durham Constabulary,Durham Constabulary,-1.642659,54.626397,On or near Victoria Street,E01020802,County Durham 059B,Violence and sexual offences,Unable to prosecute suspect,
7ef098a986f002deb8ce6813c6d846d3ecb55aab6442a2fd33c85492e225e814,2020-05,Durham Constabulary,Durham Constabulary,-1.642659,54.626397,On or near Victoria Street,E01020802,County Durham 059B,Violence and sexual offences,Unable to prosecute suspect,
27593fab1941ed92056dedd9c525e67485413e190c4b347148962ad262e69533,2020-05,Durham Constabulary,Durham Constabulary,-1.639610,54.622703,On or near Walter Street,E01020802,County Durham 059B,Violence and sexual offences,Local resolution,
903318f8e683601a0597446e8dae143783f13cbaf34e2e0bc9d4a0616787432b,2020-05,Durham Constabulary,Durham Constabulary,-1.657829,54.640478,On or near Adelaide Bank,E01020802,County Durham 059B,Violence and sexual offences,Unable to prosecute suspect,
f3abb51b54a21ee83d418204ac29d9e0c3bf6f36279b6c496c938c490d9d3169,2020-05,Durham Constabulary,Durham Constabulary,-1.646052,54.624591,On or near Scott Street,E01020802,County Durham 059B,Violence and sexual offences,Unable to prosecute suspect,
f5ea32454566ef1144154880a125711f2e5576c4ccfdf4c4d1dfaf218de0f199,2020-05,Durham Constabulary,Durham Constabulary,-1.642561,54.623467,On or near Adamson Street,E01020802,County Durham 059B,Violence and sexual offences,Investigation complete; no suspect identified,
a07f199aef2b84302ab81772d80b58600583bfbbdf909d6a56e068a5ce0632fc,2020-05,Durham Constabulary,Durham Constabulary,-1.640785,54.622931,On or near Thomas Street,E01020802,County Durham 059B,Violence and sexual offences,Unable to prosecute suspect,
b430ca7d365995772d6f1e16d59059764a7c5fe372ff7306f7e7bad92f706880,2020-05,Durham Constabulary,Durham Constabulary,-1.640785,54.622931,On or near Thomas Street,E01020802,County Durham 059B,Violence and sexual offences,Unable to prosecute suspect,
02ab6b96258f0bd3bc5e53aae66c59b69050ee817cae3eea6ed0427aaab85e58,2020-05,Durham Constabulary,Durham Constabulary,-1.642036,54.623294,On or near Bouch Street,E01020802,County Durham 059B,Violence and sexual offences,Unable to prosecute suspect,
2de828515d3e630bde0d721b286860631ddb9efc263daebd79400e33885dc4e9,2020-05,Durham Constabulary,Durham Constabulary,-1.657829,54.640478,On or near Adelaide Bank,E01020802,County Durham 059B,Violence and sexual offences,Unable to prosecute suspect,
,2020-05,Durham Constabulary,Durham Constabulary,-1.641113,54.642020,On or near Eldon Bank,E01020838,County Durham 059C,Anti-social behaviour,,
,2020-05,Durham Constabulary,Durham Constabulary,-1.641113,54.642020,On or near Eldon Bank,E01020838,County Durham 059C,Anti-social behaviour,,
,2020-05,Durham Constabulary,Durham Constabulary,-1.645410,54.634286,On or near Spencely Street,E01020838,County Durham 059C,Anti-social behaviour,,
,2020-05,Durham Constabulary,Durham Constabulary,-1.641113,54.642020,On or near Eldon Bank,E01020838,County Durham 059C,Anti-social behaviour,,
,2020-05,Durham Constabulary,Durham Constabulary,-1.641113,54.642020,On or near Eldon Bank,E01020838,County Durham 059C,Anti-social behaviour,,
,2020-05,Durham Constabulary,Durham Constabulary,-1.640764,54.635854,On or near Foundry Street,E01020838,County Durham 059C,Anti-social behaviour,,
,2020-05,Durham Constabulary,Durham Constabulary,-1.643859,54.636214,On or near Temperance Avenue,E01020838,County Durham 059C,Anti-social behaviour,,
,2020-05,Durham Constabulary,Durham Constabulary,-1.643859,54.636214,On or near Temperance Avenue,E01020838,County Durham 059C,Anti-social behaviour,,
,2020-05,Durham Constabulary,Durham Constabulary,-1.655260,54.636391,On or near Elm Road,E01020838,County Durham 059C,Anti-social behaviour,,
,2020-05,Durham Constabulary,Durham Constabulary,-1.641113,54.642020,On or near Eldon Bank,E01020838,County Durham 059C,Anti-social behaviour,,
,2020-05,Durham Constabulary,Durham Constabulary,-1.644462,54.634562,On or near Robson Street,E01020838,County Durham 059C,Anti-social behaviour,,
,2020-05,Durham Constabulary,Durham Constabulary,-1.644462,54.634562,On or near Robson Street,E01020838,County Durham 059C,Anti-social behaviour,,
,2020-05,Durham Constabulary,Durham Constabulary,-1.647844,54.634051,On or near Parking Area,E01020838,County Durham 059C,Anti-social behaviour,,
,2020-05,Durham Constabulary,Durham Constabulary,-1.639574,54.644253,On or near Main Road,E01020838,County Durham 059C,Anti-social behaviour,,
,2020-05,Durham Constabulary,Durham Constabulary,-1.643859,54.636214,On or near Temperance Avenue,E01020838,County Durham 059C,Anti-social behaviour,,
,2020-05,Durham Constabulary,Durham Constabulary,-1.643379,54.638028,On or near Eldon Bank Top,E01020838,County Durham 059C,Anti-social behaviour,,
,2020-05,Durham Constabulary,Durham Constabulary,-1.655260,54.636391,On or near Elm Road,E01020838,County Durham 059C,Anti-social behaviour,,
,2020-05,Durham Constabulary,Durham Constabulary,-1.643859,54.636214,On or near Temperance Avenue,E01020838,County Durham 059C,Anti-social behaviour,,
,2020-05,Durham Constabulary,Durham Constabulary,-1.644462,54.634562,On or near Robson Street,E01020838,County Durham 059C,Anti-social behaviour,,
502ac13bfbb32fee5118cb455262fcad176ddff014fabd587fab75a571166e04,2020-05,Durham Constabulary,Durham Constabulary,-1.643859,54.636214,On or near Temperance Avenue,E01020838,County Durham 059C,Burglary,Investigation complete; no suspect identified,
8fd655c078c4db66f04e0cefaeab49431b834f02eba4f38046fe297ed7d45a0e,2020-05,Durham Constabulary,Durham Constabulary,-1.648577,54.633460,On or near Primitive Street,E01020838,County Durham 059C,Burglary,Unable to prosecute suspect,
72863546eb7356f1ed756ea72ff8cc3bbdb368c7b367f1053cc1477d3875771e,2020-05,Durham Constabulary,Durham Constabulary,-1.645410,54.634286,On or near Spencely Street,E01020838,County Durham 059C,Burglary,Investigation complete; no suspect identified,
64438a750ea8a22f6628fd4f573e50e5bb638c0492722c5ea9331059a1848590,2020-05,Durham Constabulary,Durham Constabulary,-1.645410,54.634286,On or near Spencely Street,E01020838,County Durham 059C,Burglary,Investigation complete; no suspect identified,
286e6c520e56339b9bf46d9304fe0e743a56db180e46672f81a1c88d1334b3b0,2020-05,Durham Constabulary,Durham Constabulary,-1.648577,54.633460,On or near Primitive Street,E01020838,County Durham 059C,Burglary,Investigation complete; no suspect identified,
0247dd0d0407570726639bb470ef224c4271ee8fd316f9cf8e79ca6ff850bd55,2020-05,Durham Constabulary,Durham Constabulary,-1.613170,54.639337,On or near Moor Lane,E01020838,County Durham 059C,Drugs,Investigation complete; no suspect identified,
42960079645f757f1c2027c9be11a3f63c9b9b3d2960af9e267e76c9794820a4,2020-05,Durham Constabulary,Durham Constabulary,-1.639574,54.644253,On or near Main Road,E01020838,County Durham 059C,Public order,Local resolution,
fca4d759d671f9ee796e21d86bb681df345ed7e8e7fe12c14ea8e8101342ff8d,2020-05,Durham Constabulary,Durham Constabulary,-1.651179,54.635417,On or near The Oval,E01020838,County Durham 059C,Public order,Further investigation is not in the public interest,
aa10c8bf601e01b3b770a74179a3d533797292271edd99cbf9e0b87a9cd5612f,2020-05,Durham Constabulary,Durham Constabulary,-1.643859,54.636214,On or near Temperance Avenue,E01020838,County Durham 059C,Violence and sexual offences,Unable to prosecute suspect,
729d626c50f11aa555972d56ea6f73c2bac905d9755c8c992b14be6f8282c5ba,2020-05,Durham Constabulary,Durham Constabulary,-1.649350,54.633624,On or near Dean Street,E01020838,County Durham 059C,Violence and sexual offences,Investigation complete; no suspect identified,
c43d3372883864f7553ac631e2da6dd50f74ead959378c6c2cccc732e94b3bf5,2020-05,Durham Constabulary,Durham Constabulary,-1.643859,54.636214,On or near Temperance Avenue,E01020838,County Durham 059C,Violence and sexual offences,Court result unavailable,
17119c8f23a110a2daf832221c33a51fdbaefb96f4f6f21dd78d48770536d5b9,2020-05,Durham Constabulary,Durham Constabulary,-1.641016,54.635433,On or near King Edward Street,E01020838,County Durham 059C,Violence and sexual offences,Unable to prosecute suspect,
7d845d6160505ec4838d5bb01893551252c798529a0c76f3a0a3b7976984e654,2020-05,Durham Constabulary,Durham Constabulary,-1.641016,54.635433,On or near King Edward Street,E01020838,County Durham 059C,Violence and sexual offences,Unable to prosecute suspect,
25ffeeb8c399a1937ddec1041b9c8aa0cf73b2b1314185f43433a4521ae7e32b,2020-05,Durham Constabulary,Durham Constabulary,-1.652341,54.635358,On or near Thornhill Gardens,E01020838,County Durham 059C,Violence and sexual offences,Unable to prosecute suspect,
a575be4707bd79743d01e886f4c01339bffa8bc0a80900f306b6a6b7c14fe8aa,2020-05,Durham Constabulary,Durham Constabulary,-1.649350,54.633624,On or near Dean Street,E01020838,County Durham 059C,Violence and sexual offences,Unable to prosecute suspect,
72b0e38d37ab87b70eacf33891a72051a4f76306d42d1e33755c18693493e7b6,2020-05,Durham Constabulary,Durham Constabulary,-1.652341,54.635358,On or near Thornhill Gardens,E01020838,County Durham 059C,Violence and sexual offences,Investigation complete; no suspect identified,
cccb0f67975c873b9471d0a0c8ee2d3c9c0500b2cf92e63ea6354025da8bf494,2020-05,Durham Constabulary,Durham Constabulary,-1.639574,54.644253,On or near Main Road,E01020838,County Durham 059C,Violence and sexual offences,Unable to prosecute suspect,
4d327b7e091f5c5e89597211112f2953e4848ead1dcf5afa1eb942e4b5f7efda,2020-05,Durham Constabulary,Durham Constabulary,-1.652616,54.634028,On or near Albion Avenue,E01020838,County Durham 059C,Violence and sexual offences,Unable to prosecute suspect,
,2020-05,Durham Constabulary,Durham Constabulary,-1.643046,54.635331,On or near Queen Street,E01020839,County Durham 059D,Anti-social behaviour,,
,2020-05,Durham Constabulary,Durham Constabulary,-1.651293,54.632856,On or near Cottage Road,E01020839,County Durham 059D,Anti-social behaviour,,
,2020-05,Durham Constabulary,Durham Constabulary,-1.641723,54.634230,On or near Albert Street,E01020839,County Durham 059D,Anti-social behaviour,,
,2020-05,Durham Constabulary,Durham Constabulary,-1.642393,54.633828,On or near Dent Street,E01020839,County Durham 059D,Anti-social behaviour,,
01f7cfa05272702d87846ab3e188b837b718e48c8714bc2fa0e4736a85e8b595,2020-05,Durham Constabulary,Durham Constabulary,-1.642928,54.634611,On or near Market Place,E01020839,County Durham 059D,Burglary,Investigation complete; no suspect identified,
7d1cdb12f5b583a58da074f7e2c24b22fbe04e0c7fc30963b78bd25cf29e43e5,2020-05,Durham Constabulary,Durham Constabulary,-1.646284,54.633561,On or near John Street,E01020839,County Durham 059D,Burglary,Investigation complete; no suspect identified,
e3f914b95abf8ade7a15d2f730a12ba5492cd987b5b1f7d5bd56b20189958286,2020-05,Durham Constabulary,Durham Constabulary,-1.640849,54.635001,On or near Alexandra Street,E01020839,County Durham 059D,Criminal damage and arson,Unable to prosecute suspect,
d79924ffa9fb1fb2104ee4f82918b81f91a006e5fb6893c7514f86fa7d8ebd28,2020-05,Durham Constabulary,Durham Constabulary,-1.646284,54.633561,On or near John Street,E01020839,County Durham 059D,Criminal damage and arson,Investigation complete; no suspect identified,
2b8e3922731bb038099f4423511c838d8e0230e4ac8b205cab94e22c625933d4,2020-05,Durham Constabulary,Durham Constabulary,-1.643046,54.635331,On or near Queen Street,E01020839,County Durham 059D,Criminal damage and arson,Unable to prosecute suspect,
1d6d31ae976a48b10f2b9b416685818b3b732f67e5379bbeb2090a8936a491d7,2020-05,Durham Constabulary,Durham Constabulary,-1.641723,54.634230,On or near Albert Street,E01020839,County Durham 059D,Public order,Unable to prosecute suspect,
2d79f8d5c51680c330d805ea95998ac1540249a2c24c05f01d94ae422a73adcb,2020-05,Durham Constabulary,Durham Constabulary,-1.654099,54.634446,On or near Auckland Wynd,E01020839,County Durham 059D,Public order,Unable to prosecute suspect,
4ee19b9fc400f496382f76c2be3eb2996e2aed674122dfc3db9039a7a2d460a3,2020-05,Durham Constabulary,Durham Constabulary,-1.643046,54.635331,On or near Queen Street,E01020839,County Durham 059D,Violence and sexual offences,Further investigation is not in the public interest,
5aa435df597712e839d898d13c587d6a913216015074eb92aa9f18dcc6baeb4b,2020-05,Durham Constabulary,Durham Constabulary,-1.655590,54.635852,On or near Elm Drive,E01020839,County Durham 059D,Violence and sexual offences,Court result unavailable,
a135523f13f2b48fb56da130a4067e398ed7a86ae9f1b78d50b7c63598068d52,2020-05,Durham Constabulary,Durham Constabulary,-1.641723,54.634230,On or near Albert Street,E01020839,County Durham 059D,Violence and sexual offences,Investigation complete; no suspect identified,
5dba92ddba3116130c974f7579b29f5ece00083d5c3f963820133c3004b8f558,2020-05,Durham Constabulary,Durham Constabulary,-1.643046,54.635331,On or near Queen Street,E01020839,County Durham 059D,Violence and sexual offences,Unable to prosecute suspect,
39814bcf82ef237ea4f4262b45c4f8f6b7abd2bc56136d98d0b7d0794b8b7f23,2020-05,Durham Constabulary,Durham Constabulary,-1.643046,54.635331,On or near Queen Street,E01020839,County Durham 059D,Violence and sexual offences,Unable to prosecute suspect,
79f212b7cd74b401946d80b5578b9404efe6f93f20aa3e53a0e80f50914c3194,2020-05,Durham Constabulary,Durham Constabulary,-1.654099,54.634446,On or near Auckland Wynd,E01020839,County Durham 059D,Violence and sexual offences,Unable to prosecute suspect,
59d9cf5e18ffe483dbea1fdbae312ac8a977b1481364a079318eea054843a206,2020-05,Durham Constabulary,Durham Constabulary,-1.643046,54.635331,On or near Queen Street,E01020839,County Durham 059D,Violence and sexual offences,Unable to prosecute suspect,
5e0180ab66ee6a3bdd06bd824b9217ebfe0721d95f4f5e29e92b6d64ce46e833,2020-05,Durham Constabulary,Durham Constabulary,-1.655590,54.635852,On or near Elm Drive,E01020839,County Durham 059D,Violence and sexual offences,Court result unavailable,
1c0f8701be9f476334819144e2ecf62c6953536486ddce898e6ad6f64f3846b4,2020-05,Durham Constabulary,Durham Constabulary,-1.643046,54.635331,On or near Queen Street,E01020839,County Durham 059D,Violence and sexual offences,Unable to prosecute suspect,
75816dfabe1967d95450f833be8cb78195089417fc5ba1d223a161c4e83c1851,2020-05,Durham Constabulary,Durham Constabulary,-1.655590,54.635852,On or near Elm Drive,E01020839,County Durham 059D,Violence and sexual offences,Unable to prosecute suspect,
13464e12015bea79d5f5a528cdc31fcce30bd3358287842c024aa98bdef81a0b,2020-05,Durham Constabulary,Durham Constabulary,-1.655590,54.635852,On or near Elm Drive,E01020839,County Durham 059D,Violence and sexual offences,Court result unavailable,
17878c8f107af55d94bf457d4b26f71d626ee0ba08008cda0f1e7be00c07e23b,2020-05,Durham Constabulary,Durham Constabulary,-1.651518,54.631958,On or near Burke Street,E01020839,County Durham 059D,Violence and sexual offences,Unable to prosecute suspect,
,2020-05,Durham Constabulary,Durham Constabulary,-1.635446,54.624209,On or near Dale Grove,E01020840,County Durham 059E,Anti-social behaviour,,
,2020-05,Durham Constabulary,Durham Constabulary,-1.633467,54.627205,On or near Linden Close,E01020840,County Durham 059E,Anti-social behaviour,,
,2020-05,Durham Constabulary,Durham Constabulary,-1.634317,54.625743,On or near Parking Area,E01020840,County Durham 059E,Anti-social behaviour,,
,2020-05,Durham Constabulary,Durham Constabulary,-1.633467,54.627205,On or near Linden Close,E01020840,County Durham 059E,Anti-social behaviour,,
,2020-05,Durham Constabulary,Durham Constabulary,-1.632382,54.629044,On or near Weardale Walk,E01020840,County Durham 059E,Anti-social behaviour,,
5907bbe9239394e8931d15b3cbbe469c4c5be118f0775d51336ead56a5412eaf,2020-05,Durham Constabulary,Durham Constabulary,-1.633319,54.629892,On or near Hazeldale Avenue,E01020840,County Durham 059E,Criminal damage and arson,Unable to prosecute suspect,
62c5652aab731a069b92166cd9353001c025a8f0062c553282e522387a59275b,2020-05,Durham Constabulary,Durham Constabulary,-1.633319,54.629892,On or near Hazeldale Avenue,E01020840,County Durham 059E,Drugs,Unable to prosecute suspect,
1a06e8a2466108a385d921db3572c9e180fea89b146fb242c1ac25313ab98603,2020-05,Durham Constabulary,Durham Constabulary,-1.634317,54.625743,On or near Parking Area,E01020840,County Durham 059E,Other theft,Unable to prosecute suspect,
cee6674aaefdad82fec4213de91a59e1a77604d80cea2183c93b9c5b37242743,2020-05,Durham Constabulary,Durham Constabulary,-1.635446,54.624209,On or near Dale Grove,E01020840,County Durham 059E,Other theft,Investigation complete; no suspect identified,
e8bfcf1d665f6f09b5a4ab5ea40e5e99eca51466d1dd03f9d854e6ee055b94ba,2020-05,Durham Constabulary,Durham Constabulary,-1.634317,54.625743,On or near Parking Area,E01020840,County Durham 059E,Public order,Unable to prosecute suspect,
80f45af0adda2c0276f0768932e00bc839e48342bb2bef18b4415518b7770575,2020-05,Durham Constabulary,Durham Constabulary,-1.632382,54.629044,On or near Weardale Walk,E01020840,County Durham 059E,Public order,Unable to prosecute suspect,
49960d23d9cfe0001463047c5da16a8c3a1dab64f1e487a90f9ce760f54990b2,2020-05,Durham Constabulary,Durham Constabulary,-1.630994,54.630091,On or near Glaisdale Gardens,E01020840,County Durham 059E,Public order,Unable to prosecute suspect,
2ed89e5810953d0323caa4d2c55adf7545ff7a4fa58fe65501c8f97368525a88,2020-05,Durham Constabulary,Durham Constabulary,-1.630994,54.630091,On or near Glaisdale Gardens,E01020840,County Durham 059E,Public order,Further action is not in the public interest,
581b693519b554c2817309f7893291ead2e711f98b87c81fa71f937a9f0bf855,2020-05,Durham Constabulary,Durham Constabulary,-1.630994,54.630091,On or near Glaisdale Gardens,E01020840,County Durham 059E,Vehicle crime,Investigation complete; no suspect identified,
daed44b7ed6aa57e61c081fcaf655a7cb5d0609453a64bfd19ce8c1d5db154dc,2020-05,Durham Constabulary,Durham Constabulary,-1.637320,54.627639,On or near Sports/Recreation Area,E01020840,County Durham 059E,Violence and sexual offences,Unable to prosecute suspect,
4a23555385a6d981e5a8e598c6dfd9a873bc5e5ca2493788a94f7c0fab82e8f0,2020-05,Durham Constabulary,Durham Constabulary,-1.633943,54.627665,On or near Hilsdon Drive,E01020840,County Durham 059E,Violence and sexual offences,Unable to prosecute suspect,
511ace37f6dab75890f911679637f0cd1144bc99e1c3bc92d7645167f5b60df2,2020-05,Durham Constabulary,Durham Constabulary,-1.634317,54.625743,On or near Parking Area,E01020840,County Durham 059E,Violence and sexual offences,Unable to prosecute suspect,
16ea4b5213f8b1bb7ec71139e784b52b484cd05dea4e187bd9c8b6c05e0d52ff,2020-05,Durham Constabulary,Durham Constabulary,-1.630994,54.630091,On or near Glaisdale Gardens,E01020840,County Durham 059E,Violence and sexual offences,Further action is not in the public interest,
cc603b5bc6b0cb5e331c1d1476d3e23cb4a812f043c640036907558467bd41d4,2020-05,Durham Constabulary,Durham Constabulary,-1.630994,54.630091,On or near Glaisdale Gardens,E01020840,County Durham 059E,Violence and sexual offences,Further action is not in the public interest,
973c04268fec259d4a2cbed134fad01c7987bc62b6dded4b46f4e60c25a098dd,2020-05,Durham Constabulary,Durham Constabulary,-1.633319,54.629892,On or near Hazeldale Avenue,E01020840,County Durham 059E,Violence and sexual offences,Court result unavailable,
65aab6b402c5aae352d64fcc8809639dc06d595f62f5049f5ee2f5c7c05a3580,2020-05,Durham Constabulary,Durham Constabulary,-1.637320,54.627639,On or near Sports/Recreation Area,E01020840,County Durham 059E,Violence and sexual offences,Unable to prosecute suspect,
fa576fc43c3b5091b01aa7490e5d7a279568fa33ac4140b979c2bd34852a7cc5,2020-05,Durham Constabulary,Durham Constabulary,-1.630994,54.630091,On or near Glaisdale Gardens,E01020840,County Durham 059E,Violence and sexual offences,Unable to prosecute suspect,
981c69ef8b14ddd34fba946d6f00dfa98f86cff3bbaed0fca535965a38156d58,2020-05,Durham Constabulary,Durham Constabulary,-1.632382,54.629044,On or near Weardale Walk,E01020840,County Durham 059E,Other crime,Unable to prosecute suspect,
,2020-05,Durham Constabulary,Durham Constabulary,-1.635131,54.629996,On or near Rowan Avenue,E01020841,County Durham 059F,Anti-social behaviour,,
,2020-05,Durham Constabulary,Durham Constabulary,-1.635139,54.630841,On or near Pine Tree Crescent,E01020841,County Durham 059F,Anti-social behaviour,,
,2020-05,Durham Constabulary,Durham Constabulary,-1.635139,54.630841,On or near Pine Tree Crescent,E01020841,County Durham 059F,Anti-social behaviour,,
,2020-05,Durham Constabulary,Durham Constabulary,-1.635131,54.629996,On or near Rowan Avenue,E01020841,County Durham 059F,Anti-social behaviour,,
,2020-05,Durham Constabulary,Durham Constabulary,-1.635131,54.629996,On or near Rowan Avenue,E01020841,County Durham 059F,Anti-social behaviour,,
,2020-05,Durham Constabulary,Durham Constabulary,-1.635131,54.629996,On or near Rowan Avenue,E01020841,County Durham 059F,Anti-social behaviour,,
,2020-05,Durham Constabulary,Durham Constabulary,-1.636474,54.630485,On or near Maple Avenue,E01020841,County Durham 059F,Anti-social behaviour,,
,2020-05,Durham Constabulary,Durham Constabulary,-1.641613,54.632684,On or near Sycamore Square,E01020841,County Durham 059F,Anti-social behaviour,,
,2020-05,Durham Constabulary,Durham Constabulary,-1.636988,54.631925,On or near Coronation Avenue,E01020841,County Durham 059F,Anti-social behaviour,,
,2020-05,Durham Constabulary,Durham Constabulary,-1.637192,54.629876,On or near Magnolia Way,E01020841,County Durham 059F,Anti-social behaviour,,
,2020-05,Durham Constabulary,Durham Constabulary,-1.635131,54.629996,On or near Rowan Avenue,E01020841,County Durham 059F,Anti-social behaviour,,
,2020-05,Durham Constabulary,Durham Constabulary,-1.636474,54.630485,On or near Maple Avenue,E01020841,County Durham 059F,Anti-social behaviour,,
,2020-05,Durham Constabulary,Durham Constabulary,-1.636209,54.632417,On or near Holly Hill,E01020841,County Durham 059F,Anti-social behaviour,,
,2020-05,Durham Constabulary,Durham Constabulary,-1.637952,54.629726,On or near Jasmine Avenue,E01020841,County Durham 059F,Anti-social behaviour,,
,2020-05,Durham Constabulary,Durham Constabulary,-1.635131,54.629996,On or near Rowan Avenue,E01020841,County Durham 059F,Anti-social behaviour,,
,2020-05,Durham Constabulary,Durham Constabulary,-1.635131,54.629996,On or near Rowan Avenue,E01020841,County Durham 059F,Anti-social behaviour,,
,2020-05,Durham Constabulary,Durham Constabulary,-1.640187,54.630991,On or near Cedar Grove,E01020841,County Durham 059F,Anti-social behaviour,,
7956978f7790900e49249c37c1ced2e00e506edba4444da183c49ce6adc17cba,2020-05,Durham Constabulary,Durham Constabulary,-1.636209,54.632417,On or near Holly Hill,E01020841,County Durham 059F,Burglary,Investigation complete; no suspect identified,
8240b7e003cd675e7e93e29f83ee0624e4f2ac726c56e8f5a17faa072f3a7278,2020-05,Durham Constabulary,Durham Constabulary,-1.638096,54.631038,On or near Firtree,E01020841,County Durham 059F,Criminal damage and arson,Investigation complete; no suspect identified,
d7ff4b73e8b05632cdc338700976d7c47fae5ddd4db70532b48541d86ddff03d,2020-05,Durham Constabulary,Durham Constabulary,-1.639688,54.631439,On or near Jubilee Road,E01020841,County Durham 059F,Criminal damage and arson,Investigation complete; no suspect identified,
2f5cd9552b62811556b75f60cfee179b777472888b402ff8ff3fcad40e8d26ae,2020-05,Durham Constabulary,Durham Constabulary,-1.639688,54.631439,On or near Jubilee Road,E01020841,County Durham 059F,Criminal damage and arson,Investigation complete; no suspect identified,
d16b077dbf5dee5632687cae55f5ffc1f9a083bcdf25e8218fb879da22406024,2020-05,Durham Constabulary,Durham Constabulary,-1.632622,54.631651,On or near Lime Grove,E01020841,County Durham 059F,Criminal damage and arson,Investigation complete; no suspect identified,
57ce6923dce0d1babd26cc2a1ec15da5e2c798ac9d1a17fedf81b59437becbde,2020-05,Durham Constabulary,Durham Constabulary,-1.633298,54.632309,On or near Oak Lea,E01020841,County Durham 059F,Criminal damage and arson,Court result unavailable,
4d84e2f810fc0f0090af0d7fa036e01579ef4ca8030f10ae9d3f1cc77966edd3,2020-05,Durham Constabulary,Durham Constabulary,-1.636209,54.632417,On or near Holly Hill,E01020841,County Durham 059F,Criminal damage and arson,Investigation complete; no suspect identified,
07ea54df4ddbc8a2e95bd3be89fa49f8f2b5cf70ad6eeb199df4a5bfa6e37d76,2020-05,Durham Constabulary,Durham Constabulary,-1.633776,54.632508,On or near Larch Avenue,E01020841,County Durham 059F,Other theft,Investigation complete; no suspect identified,
8a75d5de7e5fb1e9c16ba2dc4c9deac8fc32d6f70bf8d8e0f8e82ecb4339bafa,2020-05,Durham Constabulary,Durham Constabulary,-1.639533,54.629623,On or near Chestnut Close,E01020841,County Durham 059F,Other theft,Investigation complete; no suspect identified,
dde05cd09822e65b456b4832ebd5fc7e8d83bbf5aa53dc5b2c175729070bde22,2020-05,Durham Constabulary,Durham Constabulary,-1.640187,54.630991,On or near Cedar Grove,E01020841,County Durham 059F,Public order,Unable to prosecute suspect,
6cf9e640c60ceabd00b4bf34f4db444c1ed39d72cf7e592b5a1514fc5d0a29fe,2020-05,Durham Constabulary,Durham Constabulary,-1.640921,54.632125,On or near Birch Avenue,E01020841,County Durham 059F,Public order,Unable to prosecute suspect,
7d7cce9520a3746fc42cd5d4cabb7a68c8de3b0c01c4f1cde13bb1eb5402bd07,2020-05,Durham Constabulary,Durham Constabulary,-1.640921,54.632125,On or near Birch Avenue,E01020841,County Durham 059F,Violence and sexual offences,Unable to prosecute suspect,
04db6873fe5490e22c0cad75577d2d1efefd687a8a2398281a3abc132e1a5aa4,2020-05,Durham Constabulary,Durham Constabulary,-1.635139,54.630841,On or near Pine Tree Crescent,E01020841,County Durham 059F,Violence and sexual offences,Court result unavailable,
b120735ee27d06c613b95016b3c3867f9ec36559bdfd11cc1340735b2499eea8,2020-05,Durham Constabulary,Durham Constabulary,-1.636474,54.630485,On or near Maple Avenue,E01020841,County Durham 059F,Violence and sexual offences,Local resolution,
d7560d3323f79280b82a8f8b401a755028c7c815b33788d20463f072f2144235,2020-05,Durham Constabulary,Durham Constabulary,-1.635139,54.630841,On or near Pine Tree Crescent,E01020841,County Durham 059F,Violence and sexual offences,Unable to prosecute suspect,
284d585967fbf9db4748ef87011ec8a738cfa2399100dac00120064c27239dfd,2020-05,Durham Constabulary,Durham Constabulary,-1.635139,54.630841,On or near Pine Tree Crescent,E01020841,County Durham 059F,Violence and sexual offences,Unable to prosecute suspect,
11ac90f54df7e2088cdda74ee088cfd0e5cdc7bcf5c4c350b7ea0d83b3951642,2020-05,Durham Constabulary,Durham Constabulary,-1.635139,54.630841,On or near Pine Tree Crescent,E01020841,County Durham 059F,Violence and sexual offences,Unable to prosecute suspect,
cea4bb74197b2d11a7edcf8e0b7d6cf63249a09837a3527030415d7a624080fe,2020-05,Durham Constabulary,Durham Constabulary,-1.641613,54.632684,On or near Sycamore Square,E01020841,County Durham 059F,Violence and sexual offences,Unable to prosecute suspect,
def70c9f4e21a83155ead6e4a75790a4f244feec3acccf41194c88e472551f33,2020-05,Durham Constabulary,Durham Constabulary,-1.635131,54.629996,On or near Rowan Avenue,E01020841,County Durham 059F,Violence and sexual offences,Unable to prosecute suspect,
43c17bcace32b193841651f812b5cb00982335fafb15a9f9380ac23e3683fea4,2020-05,Durham Constabulary,Durham Constabulary,-1.641613,54.632684,On or near Sycamore Square,E01020841,County Durham 059F,Violence and sexual offences,Unable to prosecute suspect,
a4b67657ae5efdc5b822f19dba3cbd8b3243e1668f6998b38ef4abb17674a978,2020-05,Durham Constabulary,Durham Constabulary,-1.635131,54.629996,On or near Rowan Avenue,E01020841,County Durham 059F,Violence and sexual offences,Unable to prosecute suspect,
2e0ce5e0835cd9266127d169b840c0f996dd7fb592d176238fdfb180bb285fc7,2020-05,Durham Constabulary,Durham Constabulary,-1.633298,54.632309,On or near Oak Lea,E01020841,County Durham 059F,Violence and sexual offences,Court result unavailable,
f55c007046785f0a7f6cb7554b61946bfdc11ff5de904499e5504e1bea9b8158,2020-05,Durham Constabulary,Durham Constabulary,-1.635139,54.630841,On or near Pine Tree Crescent,E01020841,County Durham 059F,Violence and sexual offences,Unable to prosecute suspect,
b2bdc2a79888865b6e8697757c6cd6b7620397f942733c3d36ed27c714d5beb1,2020-05,Durham Constabulary,Durham Constabulary,-1.632622,54.631651,On or near Lime Grove,E01020841,County Durham 059F,Violence and sexual offences,Unable to prosecute suspect,
479c62d791006b195622544a5ce8a683da965acb46659274cd2aaebecff8e40a,2020-05,Durham Constabulary,Durham Constabulary,-1.640921,54.632125,On or near Birch Avenue,E01020841,County Durham 059F,Violence and sexual offences,Investigation complete; no suspect identified,
3e392d80528c8a8174427bbb8ef4c83cc3eaf9121bfca3ab9a04c0961b0b7a98,2020-05,Durham Constabulary,Durham Constabulary,-1.635131,54.629996,On or near Rowan Avenue,E01020841,County Durham 059F,Other crime,Unable to prosecute suspect,
,2020-05,Durham Constabulary,Durham Constabulary,-1.588694,54.628203,On or near Alverton Drive,E01020813,County Durham 060A,Anti-social behaviour,,
,2020-05,Durham Constabulary,Durham Constabulary,-1.599201,54.624490,On or near Zetland Hunt,E01020813,County Durham 060A,Anti-social behaviour,,
061efab97e1e7d25d09f2d1af895f77777011b9fc5e8acc142900208af115ee9,2020-05,Durham Constabulary,Durham Constabulary,-1.593587,54.628408,On or near Russell Court,E01020813,County Durham 060A,Criminal damage and arson,Investigation complete; no suspect identified,
59f7d084287a6dbb539d8d9eeba43a308327f843b50778f948c5146dd94958a4,2020-05,Durham Constabulary,Durham Constabulary,-1.598621,54.625207,On or near Rookwood Hunt,E01020813,County Durham 060A,Public order,Investigation complete; no suspect identified,
2481b8b902514b1d38351c3aa791ea318f26605f2d2c36b0d467d3c717e2a7bb,2020-05,Durham Constabulary,Durham Constabulary,-1.597127,54.627530,On or near Ranulf Court,E01020813,County Durham 060A,Violence and sexual offences,Action to be taken by another organisation,
84a2321d075fdd9ce1f0a4e0910b0d2df7f768a90139933024c66f6ef6993d08,2020-05,Durham Constabulary,Durham Constabulary,-1.588694,54.628203,On or near Alverton Drive,E01020813,County Durham 060A,Violence and sexual offences,Unable to prosecute suspect,
,2020-05,Durham Constabulary,Durham Constabulary,-1.592686,54.623965,On or near Meadowfield Way,E01020814,County Durham 060B,Anti-social behaviour,,
,2020-05,Durham Constabulary,Durham Constabulary,-1.592686,54.623965,On or near Meadowfield Way,E01020814,County Durham 060B,Anti-social behaviour,,
,2020-05,Durham Constabulary,Durham Constabulary,-1.584716,54.629411,On or near Eade Close,E01020814,County Durham 060B,Anti-social behaviour,,
f9722e6c74ea059fa60d2034e5e66001047185e50a4607c593d26eeed5ae6ca8,2020-05,Durham Constabulary,Durham Constabulary,-1.587353,54.626050,On or near Bluebell Close,E01020814,County Durham 060B,Drugs,Offender given a caution,
351e2fbf7d5fbbc49a9f4c878693c17da44cdfe6fd0e262678cb31447ae86264,2020-05,Durham Constabulary,Durham Constabulary,-1.590267,54.624245,On or near Lockyer Close,E01020814,County Durham 060B,Violence and sexual offences,Unable to prosecute suspect,
524f058bcb26640a13d33a2d0b1be7ad730948c7f4631d34f83640f00e554682,2020-05,Durham Constabulary,Durham Constabulary,-1.591064,54.625047,On or near Hoode Close,E01020814,County Durham 060B,Violence and sexual offences,Unable to prosecute suspect,
4483eb7d5555703a6a09be47d9ad425413b0ee65f0d2888140bb6181ccd10a9b,2020-05,Durham Constabulary,Durham Constabulary,-1.592686,54.623965,On or near Meadowfield Way,E01020814,County Durham 060B,Violence and sexual offences,Unable to prosecute suspect,
05a6d3bc494adb34eb8df05bc211db8b5aa639ca82bf0ddd0b2acc6e0853724f,2020-05,Durham Constabulary,Durham Constabulary,-1.590267,54.624245,On or near Lockyer Close,E01020814,County Durham 060B,Violence and sexual offences,Unable to prosecute suspect,
107530b47725e0324f83435b29410ffefdaf3c85adf1533f4c156f403fc57b82,2020-05,Durham Constabulary,Durham Constabulary,-1.586142,54.627835,On or near Hamsterley Road,E01020814,County Durham 060B,Violence and sexual offences,Status update unavailable,
fb432393b1668dd69575d345f1b9021973cfa77b08b10eff355a764b07c4319d,2020-05,Durham Constabulary,Durham Constabulary,-1.586236,54.630729,On or near Lancelot Close,E01020814,County Durham 060B,Violence and sexual offences,Local resolution,
,2020-05,Durham Constabulary,Durham Constabulary,-1.611815,54.628710,On or near Eden Grove,E01020815,County Durham 060C,Anti-social behaviour,,
,2020-05,Durham Constabulary,Durham Constabulary,-1.600473,54.621143,On or near Pedestrian Subway,E01020815,County Durham 060C,Anti-social behaviour,,
,2020-05,Durham Constabulary,Durham Constabulary,-1.597658,54.622364,On or near Stocks Green,E01020815,County Durham 060C,Anti-social behaviour,,
,2020-05,Durham Constabulary,Durham Constabulary,-1.599127,54.622594,On or near Fewston Close,E01020815,County Durham 060C,Anti-social behaviour,,
,2020-05,Durham Constabulary,Durham Constabulary,-1.610568,54.624608,On or near Walker'S Lane,E01020815,County Durham 060C,Anti-social behaviour,,
a14774799fe6755957e97adf8c5efb9c1dcd801846263f6dfc9d20d9525a5dac,2020-05,Durham Constabulary,Durham Constabulary,-1.600473,54.621143,On or near Pedestrian Subway,E01020815,County Durham 060C,Burglary,Unable to prosecute suspect,
d463df907d05743f2c4bb1ca88b0d49c0f0b7fec541d3a23fdbcab57e4be425e,2020-05,Durham Constabulary,Durham Constabulary,-1.603054,54.621699,On or near Colwell Court,E01020815,County Durham 060C,Burglary,Investigation complete; no suspect identified,
a51c89edd0fdc16119b1c2c599c8b5b9383f79342e545404712a90d96dac9c5d,2020-05,Durham Constabulary,Durham Constabulary,-1.600473,54.621143,On or near Pedestrian Subway,E01020815,County Durham 060C,Criminal damage and arson,Unable to prosecute suspect,
bc9020d528d87bb247858a585a1a5a169164ac1ea32b00b94f38fbd434e8ca79,2020-05,Durham Constabulary,Durham Constabulary,-1.610568,54.624608,On or near Walker'S Lane,E01020815,County Durham 060C,Criminal damage and arson,Investigation complete; no suspect identified,
30544899c7c61cab7004a2b483439c731e18ae1cb4e183357ce3d0c77c4d8f7b,2020-05,Durham Constabulary,Durham Constabulary,-1.600473,54.621143,On or near Pedestrian Subway,E01020815,County Durham 060C,Public order,Investigation complete; no suspect identified,
996be22755dba0a9b89598593ab422c6a26d92443501e1f2b499bdae52e3023f,2020-05,Durham Constabulary,Durham Constabulary,-1.599127,54.622594,On or near Fewston Close,E01020815,County Durham 060C,Violence and sexual offences,Unable to prosecute suspect,
aa113cb2e96b96fc136c0856f1da0d31491e0b72927381fcbdc3752485d49adc,2020-05,Durham Constabulary,Durham Constabulary,-1.610568,54.624608,On or near Walker'S Lane,E01020815,County Durham 060C,Violence and sexual offences,Investigation complete; no suspect identified,
53bebe38e9551dcd3cc51ef892c6c48a01c90c34a51ac809b3e445c054f3e62f,2020-05,Durham Constabulary,Durham Constabulary,-1.600473,54.621143,On or near Pedestrian Subway,E01020815,County Durham 060C,Other crime,Unable to prosecute suspect,
,2020-05,Durham Constabulary,Durham Constabulary,-1.573627,54.629301,On or near Morrison Close,E01020848,County Durham 060D,Anti-social behaviour,,
,2020-05,Durham Constabulary,Durham Constabulary,-1.573739,54.628906,On or near Agnew Way,E01020848,County Durham 060D,Anti-social behaviour,,
,2020-05,Durham Constabulary,Durham Constabulary,-1.573627,54.629301,On or near Morrison Close,E01020848,County Durham 060D,Anti-social behaviour,,
b87c950aafcb42819dc865c70ad2929afdab6b511704679b06e03679e4e89d1c,2020-05,Durham Constabulary,Durham Constabulary,-1.567868,54.631932,On or near Beaumont Close,E01020848,County Durham 060D,Other theft,Investigation complete; no suspect identified,
f8787369a73e9195d256ad464012cfb4aa79dba24b5f0163d78a9034e4726c1a,2020-05,Durham Constabulary,Durham Constabulary,-1.573739,54.628906,On or near Agnew Way,E01020848,County Durham 060D,Violence and sexual offences,Unable to prosecute suspect,
f509e4102d168928b2f3cfeb50d3a7fa15300be2e1e819b135325d9ea169daf4,2020-05,Durham Constabulary,Durham Constabulary,-1.573739,54.628906,On or near Agnew Way,E01020848,County Durham 060D,Violence and sexual offences,Unable to prosecute suspect,
e9139509337e6fe2e42fe89b352afac8e2a2750cfeb5803e0ae2f4961cc24c27,2020-05,Durham Constabulary,Durham Constabulary,-1.570099,54.633279,On or near Clover Court,E01020848,County Durham 060D,Violence and sexual offences,Unable to prosecute suspect,
cc243a72bba5ef4d2e210051cb0542802b54348b9c8004638903b4550d637877,2020-05,Durham Constabulary,Durham Constabulary,-1.570099,54.633279,On or near Clover Court,E01020848,County Durham 060D,Violence and sexual offences,Unable to prosecute suspect,
2fa141f639515097efbb380f60307c9882ba14ebec46687b605c237683ea5607,2020-05,Durham Constabulary,Durham Constabulary,-1.573739,54.628906,On or near Agnew Way,E01020848,County Durham 060D,Violence and sexual offences,Unable to prosecute suspect,
,2020-05,Durham Constabulary,Durham Constabulary,-1.583654,54.631807,On or near Ashtree Close,E01020850,County Durham 060E,Anti-social behaviour,,
,2020-05,Durham Constabulary,Durham Constabulary,-1.583654,54.631807,On or near Ashtree Close,E01020850,County Durham 060E,Anti-social behaviour,,
,2020-05,Durham Constabulary,Durham Constabulary,-1.572643,54.630079,On or near Stargate Close,E01020850,County Durham 060E,Anti-social behaviour,,
7b3fee45c18182a47f133fd1ff276ead7ecab153afa1cb66eb7ac182672b2419,2020-05,Durham Constabulary,Durham Constabulary,-1.572643,54.630079,On or near Stargate Close,E01020850,County Durham 060E,Criminal damage and arson,Investigation complete; no suspect identified,
494ae9ed959e2f60a3214b81fd9fc9e1e8e5556f1692ddadeb4664cf7cdd575c,2020-05,Durham Constabulary,Durham Constabulary,-1.572643,54.630079,On or near Stargate Close,E01020850,County Durham 060E,Criminal damage and arson,Investigation complete; no suspect identified,
ddeac94460866a4596347fdebd18f0e13859cd29c5b0a091c96dc76c551ea32b,2020-05,Durham Constabulary,Durham Constabulary,-1.583759,54.630594,On or near Pinewood Close,E01020850,County Durham 060E,Violence and sexual offences,Unable to prosecute suspect,
111db2628137838edfcfa3373a04bdec23f69410d85e7e4f05593280da7855c2,2020-05,Durham Constabulary,Durham Constabulary,-1.583759,54.630594,On or near Pinewood Close,E01020850,County Durham 060E,Violence and sexual offences,Unable to prosecute suspect,
c5e3342be12f4c1c4a245129e2ffe42c634463f3e82f465c0ebffb3ea6ced4fb,2020-05,Durham Constabulary,Durham Constabulary,-1.572643,54.630079,On or near Stargate Close,E01020850,County Durham 060E,Violence and sexual offences,Unable to prosecute suspect,
279e883c277dfcddc52e45b998d3234b89943e12602218c3cde5f1eeba23aaa9,2020-05,Durham Constabulary,Durham Constabulary,-1.572643,54.630079,On or near Stargate Close,E01020850,County Durham 060E,Violence and sexual offences,Unable to prosecute suspect,
a1c7d146eeb01c1208d9c8f254a34ba40e72524e1ed84a2c3d39050d1d453b43,2020-05,Durham Constabulary,Durham Constabulary,-1.582328,54.637213,On or near Annand Way,E01020850,County Durham 060E,Other crime,Court result unavailable,
,2020-05,Durham Constabulary,Durham Constabulary,-1.563716,54.630506,On or near Helmsley Court,E01020851,County Durham 060F,Anti-social behaviour,,
49967cb7a946f417a70e8e2b821dd0fc00dc2ba012fd8ae22ceef65b28adfb8e,2020-05,Durham Constabulary,Durham Constabulary,-1.559424,54.634921,On or near Cowdray Close,E01020851,County Durham 060F,Burglary,Investigation complete; no suspect identified,
,2020-05,Durham Constabulary,Durham Constabulary,-1.595888,54.624390,On or near Greenlee Garth,E01020816,County Durham 061A,Anti-social behaviour,,
,2020-05,Durham Constabulary,Durham Constabulary,-1.594271,54.623396,On or near Stainmore Crescent,E01020816,County Durham 061A,Anti-social behaviour,,
,2020-05,Durham Constabulary,Durham Constabulary,-1.593633,54.617543,On or near Eskdale Place,E01020816,County Durham 061A,Anti-social behaviour,,
,2020-05,Durham Constabulary,Durham Constabulary,-1.593633,54.617543,On or near Eskdale Place,E01020816,County Durham 061A,Anti-social behaviour,,
,2020-05,Durham Constabulary,Durham Constabulary,-1.592503,54.625205,On or near Hareson Road,E01020816,County Durham 061A,Anti-social behaviour,,
,2020-05,Durham Constabulary,Durham Constabulary,-1.596751,54.620151,On or near Sports/Recreation Area,E01020816,County Durham 061A,Anti-social behaviour,,
,2020-05,Durham Constabulary,Durham Constabulary,-1.595888,54.624390,On or near Greenlee Garth,E01020816,County Durham 061A,Anti-social behaviour,,
,2020-05,Durham Constabulary,Durham Constabulary,-1.593633,54.617543,On or near Eskdale Place,E01020816,County Durham 061A,Anti-social behaviour,,
,2020-05,Durham Constabulary,Durham Constabulary,-1.593633,54.617543,On or near Eskdale Place,E01020816,County Durham 061A,Anti-social behaviour,,
,2020-05,Durham Constabulary,Durham Constabulary,-1.595888,54.624390,On or near Greenlee Garth,E01020816,County Durham 061A,Anti-social behaviour,,
,2020-05,Durham Constabulary,Durham Constabulary,-1.593633,54.617543,On or near Eskdale Place,E01020816,County Durham 061A,Anti-social behaviour,,
b594d095514d1165284897cf220feb5625c9559ee616038dc91692c1b7b39f58,2020-05,Durham Constabulary,Durham Constabulary,-1.594271,54.623396,On or near Stainmore Crescent,E01020816,County Durham 061A,Bicycle theft,Investigation complete; no suspect identified,
0faaca56d60e0904f7dfc4c40a0a887fa44a6b1e6bbea16d17906bebafbd510d,2020-05,Durham Constabulary,Durham Constabulary,-1.592256,54.620513,On or near Silverdale Place,E01020816,County Durham 061A,Burglary,Unable to prosecute suspect,
7e88e8893c506c57cb7c4e5d50af4f7fbf0dda49eeccf3ced368396f06275acc,2020-05,Durham Constabulary,Durham Constabulary,-1.592908,54.618826,On or near Langdale Place,E01020816,County Durham 061A,Criminal damage and arson,Investigation complete; no suspect identified,
3d613e2213b35b26b66483646948daa885f37b58824aa4a9be8f8ee5c664f544,2020-05,Durham Constabulary,Durham Constabulary,-1.592908,54.618826,On or near Langdale Place,E01020816,County Durham 061A,Criminal damage and arson,Investigation complete; no suspect identified,
e981ac1a7b2d42773d2c4ddaf26ee8f8a3b95349ec0787191b933d2706d2f248,2020-05,Durham Constabulary,Durham Constabulary,-1.594271,54.623396,On or near Stainmore Crescent,E01020816,County Durham 061A,Criminal damage and arson,Offender given penalty notice,
370f40939b32ad3b9fffe5cfb2e984ff660d59e2bc8f078a3998618e943c60e7,2020-05,Durham Constabulary,Durham Constabulary,-1.594271,54.623396,On or near Stainmore Crescent,E01020816,County Durham 061A,Other theft,Unable to prosecute suspect,
00a64b57f1f4d4a39844a75df1c00eaf45390980128cce9d1f791b039b52b672,2020-05,Durham Constabulary,Durham Constabulary,-1.594271,54.623396,On or near Stainmore Crescent,E01020816,County Durham 061A,Violence and sexual offences,Unable to prosecute suspect,
123a0ce1ed6208264bfc09bf34c3a8d58c855a531fda25369ac2fdfc6081faee,2020-05,Durham Constabulary,Durham Constabulary,-1.595888,54.624390,On or near Greenlee Garth,E01020816,County Durham 061A,Violence and sexual offences,Investigation complete; no suspect identified,
aae5a6e89ff86a08736e010e3b4075e816692549ed542c215a093b2ce68f4506,2020-05,Durham Constabulary,Durham Constabulary,-1.595888,54.624390,On or near Greenlee Garth,E01020816,County Durham 061A,Violence and sexual offences,Unable to prosecute suspect,
b274f28d0cef45ef7ac4c084314e0cd424adbeeb44deb55da38eee34b4f96c6b,2020-05,Durham Constabulary,Durham Constabulary,-1.594271,54.623396,On or near Stainmore Crescent,E01020816,County Durham 061A,Violence and sexual offences,Local resolution,
7528bc4bb4b0280731b61b849a02ee7801b3f3cb177aef49e584f09c8cd2282b,2020-05,Durham Constabulary,Durham Constabulary,-1.596826,54.621948,On or near Alston Crescent,E01020816,County Durham 061A,Violence and sexual offences,Unable to prosecute suspect,
bf027a5fc097ebecd8ef7fd0333bd2641d543c2ba17bb77859dd830397442724,2020-05,Durham Constabulary,Durham Constabulary,-1.594271,54.623396,On or near Stainmore Crescent,E01020816,County Durham 061A,Violence and sexual offences,Unable to prosecute suspect,
6c583f9b6c72560b4092154ddabc25322573e733f6e3263342f0b0b003885c46,2020-05,Durham Constabulary,Durham Constabulary,-1.594271,54.623396,On or near Stainmore Crescent,E01020816,County Durham 061A,Violence and sexual offences,Investigation complete; no suspect identified,
,2020-05,Durham Constabulary,Durham Constabulary,-1.589688,54.618635,On or near Kirkstone Place,E01020844,County Durham 061B,Anti-social behaviour,,
,2020-05,Durham Constabulary,Durham Constabulary,-1.590922,54.619179,On or near Pedestrian Subway,E01020844,County Durham 061B,Anti-social behaviour,,
,2020-05,Durham Constabulary,Durham Constabulary,-1.590922,54.619179,On or near Pedestrian Subway,E01020844,County Durham 061B,Anti-social behaviour,,
,2020-05,Durham Constabulary,Durham Constabulary,-1.591485,54.618587,On or near Williamfield Way,E01020844,County Durham 061B,Anti-social behaviour,,
,2020-05,Durham Constabulary,Durham Constabulary,-1.591419,54.617482,On or near Whinlatter Place,E01020844,County Durham 061B,Anti-social behaviour,,
,2020-05,Durham Constabulary,Durham Constabulary,-1.589688,54.618635,On or near Kirkstone Place,E01020844,County Durham 061B,Anti-social behaviour,,
,2020-05,Durham Constabulary,Durham Constabulary,-1.587120,54.621484,On or near Garburn Place,E01020844,County Durham 061B,Anti-social behaviour,,
,2020-05,Durham Constabulary,Durham Constabulary,-1.590922,54.619179,On or near Pedestrian Subway,E01020844,County Durham 061B,Anti-social behaviour,,
,2020-05,Durham Constabulary,Durham Constabulary,-1.590922,54.619179,On or near Pedestrian Subway,E01020844,County Durham 061B,Anti-social behaviour,,
,2020-05,Durham Constabulary,Durham Constabulary,-1.588449,54.615602,On or near Rowan Place,E01020844,County Durham 061B,Anti-social behaviour,,
,2020-05,Durham Constabulary,Durham Constabulary,-1.588449,54.615602,On or near Rowan Place,E01020844,County Durham 061B,Anti-social behaviour,,
,2020-05,Durham Constabulary,Durham Constabulary,-1.591485,54.618587,On or near Williamfield Way,E01020844,County Durham 061B,Anti-social behaviour,,
,2020-05,Durham Constabulary,Durham Constabulary,-1.589688,54.618635,On or near Kirkstone Place,E01020844,County Durham 061B,Anti-social behaviour,,
,2020-05,Durham Constabulary,Durham Constabulary,-1.584126,54.615920,On or near Oakfield,E01020844,County Durham 061B,Anti-social behaviour,,
,2020-05,Durham Constabulary,Durham Constabulary,-1.589688,54.618635,On or near Kirkstone Place,E01020844,County Durham 061B,Anti-social behaviour,,
,2020-05,Durham Constabulary,Durham Constabulary,-1.589688,54.618635,On or near Kirkstone Place,E01020844,County Durham 061B,Anti-social behaviour,,
c465a76fe932a77b64c0832cafc743d6474ccb9a4b2e55df186662a6d7375020,2020-05,Durham Constabulary,Durham Constabulary,-1.590922,54.619179,On or near Pedestrian Subway,E01020844,County Durham 061B,Criminal damage and arson,Investigation complete; no suspect identified,
33ab6e75c226f40580acdf410211102deca9b206ad8f246fa0501701e3e72aa1,2020-05,Durham Constabulary,Durham Constabulary,-1.589688,54.618635,On or near Kirkstone Place,E01020844,County Durham 061B,Criminal damage and arson,Unable to prosecute suspect,
2fb8d48a5947bd614be41c47d45fd46a8e2e1d3a11ce101ba3910d5a4db13c23,2020-05,Durham Constabulary,Durham Constabulary,-1.589688,54.618635,On or near Kirkstone Place,E01020844,County Durham 061B,Criminal damage and arson,Investigation complete; no suspect identified,
859d3e858dd406073039a02fcd8a9735f3bbdf0da082b07ebba2bc52eef41366,2020-05,Durham Constabulary,Durham Constabulary,-1.584126,54.615920,On or near Oakfield,E01020844,County Durham 061B,Criminal damage and arson,Investigation complete; no suspect identified,
755decf959ced6f1ac4d0b0d43d5a9fc2b795de588147babbe7ad943f60d0ea1,2020-05,Durham Constabulary,Durham Constabulary,-1.589688,54.618635,On or near Kirkstone Place,E01020844,County Durham 061B,Criminal damage and arson,Unable to prosecute suspect,
3f53920d3d9ccd9bd29ea4156251bd36822f4e6e311174613d78cc22775b91af,2020-05,Durham Constabulary,Durham Constabulary,-1.590922,54.619179,On or near Pedestrian Subway,E01020844,County Durham 061B,Other theft,Investigation complete; no suspect identified,
b2571e38bfd8d221ade0ebf8a401aac70d4f2adf3212dbc4351756a9d7a9ca90,2020-05,Durham Constabulary,Durham Constabulary,-1.591419,54.617482,On or near Whinlatter Place,E01020844,County Durham 061B,Public order,Unable to prosecute suspect,
70fa1cb92e0f564055fc59ef8c89ffd802905769b55e29c4d3b775160dc66670,2020-05,Durham Constabulary,Durham Constabulary,-1.590922,54.619179,On or near Pedestrian Subway,E01020844,County Durham 061B,Shoplifting,Unable to prosecute suspect,
a1e15c80e7d2fa5f1704b3ad8903c65e4c643178a83cbf5836d286084e473bde,2020-05,Durham Constabulary,Durham Constabulary,-1.587120,54.621484,On or near Garburn Place,E01020844,County Durham 061B,Vehicle crime,Investigation complete; no suspect identified,
2ea55279a58d69883c408060deebac56bedafbea9d5e05cceb2dcad60d3f7e7a,2020-05,Durham Constabulary,Durham Constabulary,-1.588815,54.622353,On or near Hawkshead Place,E01020844,County Durham 061B,Violence and sexual offences,Local resolution,
d3a26966ffd0e1083f18e88d7507320171f853cde2d2ef065dacff5c56cf8d03,2020-05,Durham Constabulary,Durham Constabulary,-1.588815,54.622353,On or near Hawkshead Place,E01020844,County Durham 061B,Violence and sexual offences,Local resolution,
5b0e3dad3fc0337e0c96245a4f70e0478acb07f3d5cf11ecd182eea279fd69f3,2020-05,Durham Constabulary,Durham Constabulary,-1.590922,54.619179,On or near Pedestrian Subway,E01020844,County Durham 061B,Violence and sexual offences,Unable to prosecute suspect,
be58cfecb4afc3d8410e658e035e334146e8080b2b369ef38359bd8df7d7c8c5,2020-05,Durham Constabulary,Durham Constabulary,-1.591419,54.617482,On or near Whinlatter Place,E01020844,County Durham 061B,Violence and sexual offences,Unable to prosecute suspect,
086f80a45dccbf65088ba082e7d9648ded409dd3430a7b39e9dd677b6a1255da,2020-05,Durham Constabulary,Durham Constabulary,-1.591419,54.617482,On or near Whinlatter Place,E01020844,County Durham 061B,Violence and sexual offences,Unable to prosecute suspect,
debbac8e68c9d7e7e026e1ba9c043fc94fcd206303fad90d25c711e003f354f5,2020-05,Durham Constabulary,Durham Constabulary,-1.590922,54.619179,On or near Pedestrian Subway,E01020844,County Durham 061B,Violence and sexual offences,Unable to prosecute suspect,
,2020-05,Durham Constabulary,Durham Constabulary,-1.580133,54.626241,On or near Sid Chaplin Drive,E01020847,County Durham 061C,Anti-social behaviour,,
,2020-05,Durham Constabulary,Durham Constabulary,-1.584459,54.625771,On or near Pedestrian Subway,E01020847,County Durham 061C,Anti-social behaviour,,
,2020-05,Durham Constabulary,Durham Constabulary,-1.576968,54.626742,On or near Burn Lane,E01020847,County Durham 061C,Anti-social behaviour,,
,2020-05,Durham Constabulary,Durham Constabulary,-1.585274,54.623311,On or near Keld Road,E01020847,County Durham 061C,Anti-social behaviour,,
,2020-05,Durham Constabulary,Durham Constabulary,-1.585274,54.623311,On or near Keld Road,E01020847,County Durham 061C,Anti-social behaviour,,
,2020-05,Durham Constabulary,Durham Constabulary,-1.580123,54.627239,On or near Bates Close,E01020847,County Durham 061C,Anti-social behaviour,,
,2020-05,Durham Constabulary,Durham Constabulary,-1.576745,54.625825,On or near Brockett Close,E01020847,County Durham 061C,Anti-social behaviour,,
,2020-05,Durham Constabulary,Durham Constabulary,-1.583146,54.623951,On or near Askrigg Close,E01020847,County Durham 061C,Anti-social behaviour,,
d3be1f53dbba72f8bfc3e0ea555a912dd9388158d02a69b50d58d64fb71980e3,2020-05,Durham Constabulary,Durham Constabulary,-1.583941,54.623388,On or near Malham Crescent,E01020847,County Durham 061C,Criminal damage and arson,Unable to prosecute suspect,
caf1732abb065e5374eee8900e499ef80b29195c4852edbec171335c754ac422,2020-05,Durham Constabulary,Durham Constabulary,-1.585274,54.623311,On or near Keld Road,E01020847,County Durham 061C,Criminal damage and arson,Investigation complete; no suspect identified,
a906c6b4fa36659c5c491e82db26d17f4ff45d7d7ee49aa7fdae6b126ca762d1,2020-05,Durham Constabulary,Durham Constabulary,-1.583941,54.623388,On or near Malham Crescent,E01020847,County Durham 061C,Criminal damage and arson,Investigation complete; no suspect identified,
9355f3e6945cbe7c27440b1eb512567eee318e61e144d2831c1301613f748e2e,2020-05,Durham Constabulary,Durham Constabulary,-1.580123,54.627239,On or near Bates Close,E01020847,County Durham 061C,Criminal damage and arson,Investigation complete; no suspect identified,
28db69d269ed523fbbc01be2261c430eba36c7ad319dc69e017a5909e9640d72,2020-05,Durham Constabulary,Durham Constabulary,-1.576745,54.625825,On or near Brockett Close,E01020847,County Durham 061C,Criminal damage and arson,Local resolution,
c056db1ad1dd204350936bd29266cdcbda89373ab37ba0d77eac078a9c5e8022,2020-05,Durham Constabulary,Durham Constabulary,-1.580123,54.627239,On or near Bates Close,E01020847,County Durham 061C,Criminal damage and arson,Investigation complete; no suspect identified,
9ae1f78c539fddc8700304a1524c3d2fc4d165056b9060bba554eaee7a493791,2020-05,Durham Constabulary,Durham Constabulary,-1.580123,54.627239,On or near Bates Close,E01020847,County Durham 061C,Criminal damage and arson,Unable to prosecute suspect,
f9ba1265ca1e9f664b519fd83a622ed7f6c6a331782d30f4b5b1c6567a1d624b,2020-05,Durham Constabulary,Durham Constabulary,-1.580133,54.626241,On or near Sid Chaplin Drive,E01020847,County Durham 061C,Public order,Unable to prosecute suspect,
f9623faee53c44873e84f651a49a5a85731bf8fb770867e2be7a9ce7c565143d,2020-05,Durham Constabulary,Durham Constabulary,-1.576968,54.626742,On or near Burn Lane,E01020847,County Durham 061C,Public order,Unable to prosecute suspect,
1253e4ae9705aef0a290bd0801190ff02aee2437ff49c89831adb12eb4d9221d,2020-05,Durham Constabulary,Durham Constabulary,-1.583941,54.623388,On or near Malham Crescent,E01020847,County Durham 061C,Public order,Further investigation is not in the public interest,
adccc7ea43c48dcf1fc04297cd21f0296aa3c2993850f6e96cbc5234168828f3,2020-05,Durham Constabulary,Durham Constabulary,-1.576968,54.626742,On or near Burn Lane,E01020847,County Durham 061C,Violence and sexual offences,Unable to prosecute suspect,
5689389dec4468fe7c1779a4093b09f1230c1a2f81a99216128a4f844fee594f,2020-05,Durham Constabulary,Durham Constabulary,-1.585274,54.623311,On or near Keld Road,E01020847,County Durham 061C,Violence and sexual offences,Local resolution,
b354626f4b3969df0da7a78a9d6facd6df8aad3c88bb3368b8eec7c8e7c8ae88,2020-05,Durham Constabulary,Durham Constabulary,-1.585274,54.623311,On or near Keld Road,E01020847,County Durham 061C,Violence and sexual offences,Local resolution,
0a1f1ac1095aa71dfe5487470082bddab126ce5a635aae959d926c12098fdebc,2020-05,Durham Constabulary,Durham Constabulary,-1.576745,54.625825,On or near Brockett Close,E01020847,County Durham 061C,Violence and sexual offences,Investigation complete; no suspect identified,
0a04987c57f8991943828beb4fce90d19cb883525c575634253f9c9dc1e097f5,2020-05,Durham Constabulary,Durham Constabulary,-1.585274,54.623311,On or near Keld Road,E01020847,County Durham 061C,Violence and sexual offences,Further action is not in the public interest,
64f358865937df96a56e0f1d0fac8c1859b9194ff3edf2b70cf67f72004c149c,2020-05,Durham Constabulary,Durham Constabulary,-1.576968,54.626742,On or near Burn Lane,E01020847,County Durham 061C,Violence and sexual offences,Local resolution,
30945a954579f4d0c5558afa18950cca679514f83464841d350a201ddad5091e,2020-05,Durham Constabulary,Durham Constabulary,-1.576745,54.625825,On or near Brockett Close,E01020847,County Durham 061C,Violence and sexual offences,Unable to prosecute suspect,
f6102b437aa57c468c5cbd3df6b9692c2e22330a25914e8627a21e3128b7f09a,2020-05,Durham Constabulary,Durham Constabulary,-1.576968,54.626742,On or near Burn Lane,E01020847,County Durham 061C,Violence and sexual offences,Action to be taken by another organisation,
aef13f326f65b0df67f104e516740bdbe81be5f04aaffca96c4c165b90607c50,2020-05,Durham Constabulary,Durham Constabulary,-1.583941,54.623388,On or near Malham Crescent,E01020847,County Durham 061C,Violence and sexual offences,Unable to prosecute suspect,
9dd262e427ee5376729d020d65fd3c96c3ebed3932c0011aa504ba5f82e29c3d,2020-05,Durham Constabulary,Durham Constabulary,-1.580133,54.626241,On or near Sid Chaplin Drive,E01020847,County Durham 061C,Violence and sexual offences,Unable to prosecute suspect,
5a77f199cf77f45dcf9d04d7bc5d009c02b19f9898674dac42a5a661f6ef2cd1,2020-05,Durham Constabulary,Durham Constabulary,-1.583941,54.623388,On or near Malham Crescent,E01020847,County Durham 061C,Violence and sexual offences,Action to be taken by another organisation,
42bd40a3802336e8c8fcc96c02cfff3e00530dfb2aa4368d34cf77bda1752e6c,2020-05,Durham Constabulary,Durham Constabulary,-1.583941,54.623388,On or near Malham Crescent,E01020847,County Durham 061C,Violence and sexual offences,Action to be taken by another organisation,
048a003f2522db75d63274b3d6bc8a2ef0016f0b3959c442e296ddbd200029c1,2020-05,Durham Constabulary,Durham Constabulary,-1.576745,54.625825,On or near Brockett Close,E01020847,County Durham 061C,Violence and sexual offences,Local resolution,
5aca399ee88355386002465bc896972390f7c7a49ce9931d4eff25563a9392b9,2020-05,Durham Constabulary,Durham Constabulary,-1.576745,54.625825,On or near Brockett Close,E01020847,County Durham 061C,Violence and sexual offences,Local resolution,
cc8ba695de7ccc24df4ad747024df2e28fd7ee8b13200d92191c97bf60b2053d,2020-05,Durham Constabulary,Durham Constabulary,-1.576745,54.625825,On or near Brockett Close,E01020847,County Durham 061C,Violence and sexual offences,Unable to prosecute suspect,
77f0255974247323e8a8c9da28ff60293c280cffddc0b484ea57e498f7709306,2020-05,Durham Constabulary,Durham Constabulary,-1.576745,54.625825,On or near Brockett Close,E01020847,County Durham 061C,Violence and sexual offences,Unable to prosecute suspect,
06f01921c532b5e964f58bbadef54ebedd24da71492649a14be0a8829d7617da,2020-05,Durham Constabulary,Durham Constabulary,-1.580123,54.627239,On or near Bates Close,E01020847,County Durham 061C,Violence and sexual offences,Unable to prosecute suspect,
7078bb66c373dfbd99ca1a90e3b9bafa36ab31ba3b94b5e89c08e060c3bd7630,2020-05,Durham Constabulary,Durham Constabulary,-1.583572,54.626226,On or near Burnhill Way,E01020847,County Durham 061C,Violence and sexual offences,Unable to prosecute suspect,
7f58b6aed708a7f6b3e32f219896eeb3926c1f20fd260c0e6e2cca8a78bec4ab,2020-05,Durham Constabulary,Durham Constabulary,-1.580123,54.627239,On or near Bates Close,E01020847,County Durham 061C,Violence and sexual offences,Investigation complete; no suspect identified,
f8a7edcdea24698cf8d1be53e8e710d68ea20a4291f1ccafa3d4e0d6ba775e87,2020-05,Durham Constabulary,Durham Constabulary,-1.583941,54.623388,On or near Malham Crescent,E01020847,County Durham 061C,Violence and sexual offences,Unable to prosecute suspect,
ee4868193e352752ee0f996ce9a9d505004b0deee923028b3a9b556846043477,2020-05,Durham Constabulary,Durham Constabulary,-1.576745,54.625825,On or near Brockett Close,E01020847,County Durham 061C,Violence and sexual offences,Further investigation is not in the public interest,
9786cf2cbc66caea4ed376f61aa9eda94c5bd27fae48edfbcfbce94da742d9a5,2020-05,Durham Constabulary,Durham Constabulary,-1.583941,54.623388,On or near Malham Crescent,E01020847,County Durham 061C,Violence and sexual offences,Unable to prosecute suspect,
40af3a46969b756d65c31812787e8cd2116a4f9ee331f9b0f21bf72f86e4cf16,2020-05,Durham Constabulary,Durham Constabulary,-1.576968,54.626742,On or near Burn Lane,E01020847,County Durham 061C,Violence and sexual offences,Action to be taken by another organisation,
1946494b879e4a7093b1a3812bb0316e1324d507cd159986786c0302f6c0bbeb,2020-05,Durham Constabulary,Durham Constabulary,-1.576968,54.626742,On or near Burn Lane,E01020847,County Durham 061C,Violence and sexual offences,Unable to prosecute suspect,
4cdbaaf74dc15f3dbdd4b0670c9cabc9e2cb33333f0d240ae47c64d011e6bcbc,2020-05,Durham Constabulary,Durham Constabulary,-1.583941,54.623388,On or near Malham Crescent,E01020847,County Durham 061C,Other crime,Unable to prosecute suspect,
,2020-05,Durham Constabulary,Durham Constabulary,-1.578987,54.629221,On or near Petrol Station,E01020849,County Durham 061D,Anti-social behaviour,,
,2020-05,Durham Constabulary,Durham Constabulary,-1.576271,54.628268,On or near Kings Drive,E01020849,County Durham 061D,Anti-social behaviour,,
,2020-05,Durham Constabulary,Durham Constabulary,-1.572760,54.627788,On or near Heatherburn Court,E01020849,County Durham 061D,Anti-social behaviour,,
,2020-05,Durham Constabulary,Durham Constabulary,-1.576271,54.628268,On or near Kings Drive,E01020849,County Durham 061D,Anti-social behaviour,,
,2020-05,Durham Constabulary,Durham Constabulary,-1.576546,54.630102,On or near Brockwell Close,E01020849,County Durham 061D,Anti-social behaviour,,
,2020-05,Durham Constabulary,Durham Constabulary,-1.576135,54.630909,On or near Well House Drive,E01020849,County Durham 061D,Anti-social behaviour,,
706e641be24b2279178f05ca3b812abc468f801464b9a5a02a8c1feb818d935b,2020-05,Durham Constabulary,Durham Constabulary,-1.576271,54.628268,On or near Kings Drive,E01020849,County Durham 061D,Burglary,Unable to prosecute suspect,
618fe6ee3b0447a5c7cb0c84725a8765ae5ce4e012db76f5786abf510940c0bd,2020-05,Durham Constabulary,Durham Constabulary,-1.576271,54.628268,On or near Kings Drive,E01020849,County Durham 061D,Criminal damage and arson,Unable to prosecute suspect,
135c5dd7ae7a8a4fec95820cb2e87af73d172a3e84372f58dca17579741ca886,2020-05,Durham Constabulary,Durham Constabulary,-1.577499,54.629306,On or near Ida Place,E01020849,County Durham 061D,Criminal damage and arson,Investigation complete; no suspect identified,
bdc0cdae4fbc7ad92dcf2e0ca449dd29489791d7ef7304bb43f9359a4df97b18,2020-05,Durham Constabulary,Durham Constabulary,-1.577499,54.629306,On or near Ida Place,E01020849,County Durham 061D,Public order,Investigation complete; no suspect identified,
920b2041ec1f5cad2424de5b3a5d27c45e53defc2f5d3c0e3d17f0fd048244c1,2020-05,Durham Constabulary,Durham Constabulary,-1.576135,54.630909,On or near Well House Drive,E01020849,County Durham 061D,Public order,Unable to prosecute suspect,
4b276cb5cc8e2f2ee0a8f8d180487b46cb3c5f9b014439320e3d45ed0299b824,2020-05,Durham Constabulary,Durham Constabulary,-1.576135,54.630909,On or near Well House Drive,E01020849,County Durham 061D,Violence and sexual offences,Unable to prosecute suspect,
8039f1a115987852e399651d0d782a87f2c6bc7ab4375b4b940faedcf1537d8b,2020-05,Durham Constabulary,Durham Constabulary,-1.572760,54.627788,On or near Heatherburn Court,E01020849,County Durham 061D,Violence and sexual offences,Unable to prosecute suspect,
0545136963faf8a6b614a77b64c44e6304b524d004bac5fbaffb1cff0bdf00f6,2020-05,Durham Constabulary,Durham Constabulary,-1.574145,54.630067,On or near Well House Ride,E01020849,County Durham 061D,Violence and sexual offences,Unable to prosecute suspect,
3a9728077e9921c04a50077c910f673f0ab04fa8f323a21a4192a9ba106e2cdb,2020-05,Durham Constabulary,Durham Constabulary,-1.574145,54.630067,On or near Well House Ride,E01020849,County Durham 061D,Violence and sexual offences,Unable to prosecute suspect,
d251ba6b1c4902c513e334ebe12264a7780741f7e814fe1b6f2581b863fecad9,2020-05,Durham Constabulary,Durham Constabulary,-1.576135,54.630909,On or near Well House Drive,E01020849,County Durham 061D,Violence and sexual offences,Unable to prosecute suspect,
f3b31a6cf030b61951b7e8295eb5bd21a6ed8a0dcf68673908b1e27f3f32ee00,2020-05,Durham Constabulary,Durham Constabulary,-1.576271,54.628268,On or near Kings Drive,E01020849,County Durham 061D,Violence and sexual offences,Local resolution,
187bb7b48ade4d2028df684b0550813f23120c163ecc493fba666557b980d5aa,2020-05,Durham Constabulary,Durham Constabulary,-1.576135,54.630909,On or near Well House Drive,E01020849,County Durham 061D,Violence and sexual offences,Unable to prosecute suspect,
e3de26e2ba3ee74c96704443de7aa172e6abdc49e14eb55abf6bc05a445462b1,2020-05,Durham Constabulary,Durham Constabulary,-1.577566,54.630294,On or near Phoenix Place,E01020849,County Durham 061D,Violence and sexual offences,Unable to prosecute suspect,
,2020-05,Durham Constabulary,Durham Constabulary,-1.574812,54.618090,On or near Lyon Walk,E01020825,County Durham 062A,Anti-social behaviour,,
,2020-05,Durham Constabulary,Durham Constabulary,-1.564337,54.615887,On or near Supermarket,E01020825,County Durham 062A,Anti-social behaviour,,
,2020-05,Durham Constabulary,Durham Constabulary,-1.562129,54.613839,On or near Clanny Road,E01020825,County Durham 062A,Anti-social behaviour,,
,2020-05,Durham Constabulary,Durham Constabulary,-1.561860,54.617190,On or near Greathead Crescent,E01020825,County Durham 062A,Anti-social behaviour,,
,2020-05,Durham Constabulary,Durham Constabulary,-1.561506,54.614169,On or near Gilpin Road,E01020825,County Durham 062A,Anti-social behaviour,,
cd518193d6f55223bea56ae8f3d457df8d1f098390596c3ffb233e71a17c4488,2020-05,Durham Constabulary,Durham Constabulary,-1.561747,54.616246,On or near Van Mildert Road,E01020825,County Durham 062A,Criminal damage and arson,Investigation complete; no suspect identified,
8418579bce1d1be117d4472ae279a39a6e8a1cd63feac1d9a4856d65aef93bd8,2020-05,Durham Constabulary,Durham Constabulary,-1.561506,54.614169,On or near Gilpin Road,E01020825,County Durham 062A,Public order,Unable to prosecute suspect,
f67fea35d8759d321584d72feb0822db3d168f967b392b5723c79643d5b294e5,2020-05,Durham Constabulary,Durham Constabulary,-1.564337,54.615887,On or near Supermarket,E01020825,County Durham 062A,Public order,Unable to prosecute suspect,
9017fb7770d5ae64fa962118178dd9714523a69f6a802a452ded16ce70ae6da6,2020-05,Durham Constabulary,Durham Constabulary,-1.572613,54.616689,On or near Wallas Road,E01020825,County Durham 062A,Violence and sexual offences,Local resolution,
a7f65e3d3750f8dfc14aca68b509de2c026b72980349717bdbd081faf6e540ea,2020-05,Durham Constabulary,Durham Constabulary,-1.572613,54.616689,On or near Wallas Road,E01020825,County Durham 062A,Violence and sexual offences,Unable to prosecute suspect,
,2020-05,Durham Constabulary,Durham Constabulary,-1.567740,54.623511,On or near Chapman Close,E01020831,County Durham 062B,Anti-social behaviour,,
,2020-05,Durham Constabulary,Durham Constabulary,-1.568366,54.621464,On or near Supermarket,E01020831,County Durham 062B,Anti-social behaviour,,
,2020-05,Durham Constabulary,Durham Constabulary,-1.565182,54.623717,On or near Bellasis Close,E01020831,County Durham 062B,Anti-social behaviour,,
,2020-05,Durham Constabulary,Durham Constabulary,-1.562315,54.625324,On or near Neile Road,E01020831,County Durham 062B,Anti-social behaviour,,
87198183ea9f9ec53ab7aeb9da63970e1c81a129c3f80322fae48523bc5aaf5e,2020-05,Durham Constabulary,Durham Constabulary,-1.568366,54.621464,On or near Supermarket,E01020831,County Durham 062B,Violence and sexual offences,Unable to prosecute suspect,
8cc9fcf549e54bcef08033a69f6000f5ca8224057e5074c5788dd2e29a2fb99d,2020-05,Durham Constabulary,Durham Constabulary,-1.568366,54.621464,On or near Supermarket,E01020831,County Durham 062B,Violence and sexual offences,Court result unavailable,
e426840407fb2dcfa1b20de3072c0436b99a69785a30d7c716cc69b911c64437,2020-05,Durham Constabulary,Durham Constabulary,-1.568366,54.621464,On or near Supermarket,E01020831,County Durham 062B,Violence and sexual offences,Unable to prosecute suspect,
4bfdb813adf6a3a234fe36b7bd1be8aa8b597c6b51aee7e8b0cf224748b8c328,2020-05,Durham Constabulary,Durham Constabulary,-1.568366,54.621464,On or near Supermarket,E01020831,County Durham 062B,Violence and sexual offences,Court result unavailable,
0efb0b5c7f3bc5b15f3e9ad9400d877e43786a0c01ebeb4f3189032dffff4221,2020-05,Durham Constabulary,Durham Constabulary,-1.567740,54.623511,On or near Chapman Close,E01020831,County Durham 062B,Violence and sexual offences,Unable to prosecute suspect,
681fa98018219e4ee809675595b8cb9b3185860445642655ee35fc109689d126,2020-05,Durham Constabulary,Durham Constabulary,-1.568366,54.621464,On or near Supermarket,E01020831,County Durham 062B,Violence and sexual offences,Unable to prosecute suspect,
0798506ad5742ae621f8234b303b1a50456dcdb8ba93c9181bb0f1315981ca15,2020-05,Durham Constabulary,Durham Constabulary,-1.561644,54.624342,On or near Felton Close,E01020831,County Durham 062B,Violence and sexual offences,Unable to prosecute suspect,
ffc2bdb95d11d33fbad8e6fa09967a798f6438dc135b2eae3b52b36f8f4dc99c,2020-05,Durham Constabulary,Durham Constabulary,-1.564813,54.622026,On or near Shield Walk,E01020831,County Durham 062B,Other crime,Unable to prosecute suspect,
,2020-05,Durham Constabulary,Durham Constabulary,-1.559224,54.627578,On or near Sports/Recreation Area,E01020833,County Durham 062C,Anti-social behaviour,,
,2020-05,Durham Constabulary,Durham Constabulary,-1.555518,54.623709,On or near St Oswalds Court,E01020833,County Durham 062C,Anti-social behaviour,,
,2020-05,Durham Constabulary,Durham Constabulary,-1.556974,54.626527,On or near Hylton Close,E01020833,County Durham 062C,Anti-social behaviour,,
,2020-05,Durham Constabulary,Durham Constabulary,-1.556974,54.626527,On or near Hylton Close,E01020833,County Durham 062C,Anti-social behaviour,,
e264c96242964e7a7e0399bd0ed525b9b74467149a5ed618a1a7231b39413519,2020-05,Durham Constabulary,Durham Constabulary,-1.558903,54.624297,On or near Wycliffe Close,E01020833,County Durham 062C,Criminal damage and arson,Investigation complete; no suspect identified,
5cf9b397aed2a4337d1e603a70bb70280c30bc36826e9bfcdea733ea2eea0939,2020-05,Durham Constabulary,Durham Constabulary,-1.551578,54.622850,On or near Prison,E01020833,County Durham 062C,Possession of weapons,Further investigation is not in the public interest,
06ab43e8fc024b6135710a45f06f05378a4e9192117a7c7479f949b136174703,2020-05,Durham Constabulary,Durham Constabulary,-1.551578,54.622850,On or near Prison,E01020833,County Durham 062C,Violence and sexual offences,Unable to prosecute suspect,
526ede34210f2618322d51a0a16a82aedfa81c05b8575114e7b2f5506b4eea28,2020-05,Durham Constabulary,Durham Constabulary,-1.559275,54.625736,On or near Matthew Close,E01020833,County Durham 062C,Violence and sexual offences,Unable to prosecute suspect,
ba6634376de0f82c108c9477428c1caa8169566215c4a78cd893d8467e142a94,2020-05,Durham Constabulary,Durham Constabulary,-1.556135,54.622516,On or near Welbury Grove,E01020833,County Durham 062C,Violence and sexual offences,Unable to prosecute suspect,
c2ac30dca55daee38c9371b0d609fbbb53f75f16e1948197429b0a84f0c6fddd,2020-05,Durham Constabulary,Durham Constabulary,-1.559275,54.625736,On or near Matthew Close,E01020833,County Durham 062C,Violence and sexual offences,Unable to prosecute suspect,
4770d84294ec85f018c84078107f5178df746be48151f2987c0e118b3d6596a3,2020-05,Durham Constabulary,Durham Constabulary,-1.559275,54.625736,On or near Matthew Close,E01020833,County Durham 062C,Other crime,Unable to prosecute suspect,
,2020-05,Durham Constabulary,Durham Constabulary,-1.560115,54.618217,On or near Swan Walk,E01020834,County Durham 062D,Anti-social behaviour,,
,2020-05,Durham Constabulary,Durham Constabulary,-1.560929,54.618885,On or near Creighton Road,E01020834,County Durham 062D,Anti-social behaviour,,
,2020-05,Durham Constabulary,Durham Constabulary,-1.558402,54.619100,On or near Liddell Close,E01020834,County Durham 062D,Anti-social behaviour,,
,2020-05,Durham Constabulary,Durham Constabulary,-1.560929,54.618885,On or near Creighton Road,E01020834,County Durham 062D,Anti-social behaviour,,
,2020-05,Durham Constabulary,Durham Constabulary,-1.561577,54.620541,On or near Auckland Place,E01020834,County Durham 062D,Anti-social behaviour,,
9b49e78440bf261e16c3a36fe4655b8d549e6663ff99afac32945a45f885e1e5,2020-05,Durham Constabulary,Durham Constabulary,-1.562631,54.618981,On or near Flynn Court,E01020834,County Durham 062D,Criminal damage and arson,Unable to prosecute suspect,
dd4addde5ef189afd5d4959c5ff591342e205a21ffde698b1cbdea9e8d0def72,2020-05,Durham Constabulary,Durham Constabulary,-1.560929,54.618885,On or near Creighton Road,E01020834,County Durham 062D,Criminal damage and arson,Action to be taken by another organisation,
faceeae181703f470ad302cd998e819716ede1f54f5aa9a72bbefe80bff62930,2020-05,Durham Constabulary,Durham Constabulary,-1.563430,54.621060,On or near Shafto Way,E01020834,County Durham 062D,Other theft,Investigation complete; no suspect identified,
78ffaad8461debb11c1e3196f7862925e8e2344f6854c3b97abf25d0847e3ed3,2020-05,Durham Constabulary,Durham Constabulary,-1.558138,54.620609,On or near Mellanby Crescent,E01020834,County Durham 062D,Vehicle crime,Court result unavailable,
f455e93e3acf81fa4561297ab0999a148335ce45f97ec5b3e58ecaf596cacd2c,2020-05,Durham Constabulary,Durham Constabulary,-1.563729,54.617709,On or near Shafto Road,E01020834,County Durham 062D,Violence and sexual offences,Further investigation is not in the public interest,
423835645f79d89a22ed860eafb95d6af3401575e1a6c5b170d8616a2a7bf431,2020-05,Durham Constabulary,Durham Constabulary,-1.567287,54.618045,On or near Sheraton Road,E01020834,County Durham 062D,Violence and sexual offences,Unable to prosecute suspect,
1181f9b4c5cad50af56c52fc5dd450d50dfa20f605cb2ed61f532caa5269669c,2020-05,Durham Constabulary,Durham Constabulary,-1.560424,54.619773,On or near Fowler Road,E01020834,County Durham 062D,Violence and sexual offences,Unable to prosecute suspect,
5d93939df426a954c5790e1dcea537fe98069e15deb90e275586cef3675f6128,2020-05,Durham Constabulary,Durham Constabulary,-1.558402,54.619100,On or near Liddell Close,E01020834,County Durham 062D,Violence and sexual offences,Unable to prosecute suspect,
21be975bacb00d06df47447e44b1cafb040c2e624749f70cfcad717d4f9be383,2020-05,Durham Constabulary,Durham Constabulary,-1.563430,54.621060,On or near Shafto Way,E01020834,County Durham 062D,Violence and sexual offences,Unable to prosecute suspect,
ea303f6f0e3151090c5a82f92f01ec6016919c3990c7197c3292f5f9997a96b6,2020-05,Durham Constabulary,Durham Constabulary,-1.563729,54.617709,On or near Shafto Road,E01020834,County Durham 062D,Violence and sexual offences,Further investigation is not in the public interest,
2d30da4b97ca26c66322436c76782194c2464e3a2759028eebdb0fa5678905ca,2020-05,Durham Constabulary,Durham Constabulary,-1.563729,54.617709,On or near Shafto Road,E01020834,County Durham 062D,Violence and sexual offences,Further investigation is not in the public interest,
c81601556cc77a3843e6eb13f4df6512307790762624b2e602d6f944d996d176,2020-05,Durham Constabulary,Durham Constabulary,-1.560115,54.618217,On or near Swan Walk,E01020834,County Durham 062D,Violence and sexual offences,Unable to prosecute suspect,
aaa9b33fc664145dd62b28464f620a4923254d01ea133b711422ba726427f005,2020-05,Durham Constabulary,Durham Constabulary,-1.567287,54.618045,On or near Sheraton Road,E01020834,County Durham 062D,Violence and sexual offences,Unable to prosecute suspect,
,2020-05,Durham Constabulary,Durham Constabulary,-1.581583,54.614716,On or near Crosby Road,E01020824,County Durham 063A,Anti-social behaviour,,
4a6cfdf51b5ee43443ab60aac1a3ce2972bc3b6fd3c5892bc46b385d4649028c,2020-05,Durham Constabulary,Durham Constabulary,-1.580112,54.611727,On or near Northfield Way,E01020824,County Durham 063A,Burglary,Further action is not in the public interest,
37bf4860c403d77fe22a120bebd0c3096415a76cdbb7d5bdf275813180c90a59,2020-05,Durham Constabulary,Durham Constabulary,-1.571521,54.614420,On or near Lee Green,E01020824,County Durham 063A,Public order,Unable to prosecute suspect,
b83b269a7edba227fd45666bc4a0bd9d5f9a3c0ab65758f3bbd45f98bed067e8,2020-05,Durham Constabulary,Durham Constabulary,-1.581583,54.614716,On or near Crosby Road,E01020824,County Durham 063A,Public order,Unable to prosecute suspect,
c5fb522eafeebaaa41ceb21ed2ee34b50c772a361c64963e1dfa4dbf10235281,2020-05,Durham Constabulary,Durham Constabulary,-1.572416,54.616239,On or near Marley Road,E01020824,County Durham 063A,Violence and sexual offences,Unable to prosecute suspect,
93382fb991ca942157a4f3a80eeb96f51d50f7dd53622325d750f2f53addb379,2020-05,Durham Constabulary,Durham Constabulary,-1.576928,54.615706,On or near Castlereagh Close,E01020824,County Durham 063A,Violence and sexual offences,Unable to prosecute suspect,
ea7ccad87506cbd92f7078681810f5bd5514e2a7b192a9eb1334947b8da38085,2020-05,Durham Constabulary,Durham Constabulary,-1.576928,54.615706,On or near Castlereagh Close,E01020824,County Durham 063A,Violence and sexual offences,Unable to prosecute suspect,
89235f105bd26ad5fbfeca81ada640a9ab89a54f50fd8de9e1d774064e663196,2020-05,Durham Constabulary,Durham Constabulary,-1.573790,54.613629,On or near Dixon Road,E01020824,County Durham 063A,Violence and sexual offences,Formal action is not in the public interest,
77629ec9d27f39821954a2c5e2ac18cf3763a52688cd8788be3d1f34bdfc386e,2020-05,Durham Constabulary,Durham Constabulary,-1.576225,54.613323,On or near Moule Close,E01020824,County Durham 063A,Violence and sexual offences,Unable to prosecute suspect,
,2020-05,Durham Constabulary,Durham Constabulary,-1.562642,54.612178,On or near Travellers' Green,E01020826,County Durham 063B,Anti-social behaviour,,
,2020-05,Durham Constabulary,Durham Constabulary,-1.560021,54.599686,On or near Atkinson Gardens,E01020826,County Durham 063B,Anti-social behaviour,,
,2020-05,Durham Constabulary,Durham Constabulary,-1.572308,54.610262,On or near Leaside North,E01020826,County Durham 063B,Anti-social behaviour,,
,2020-05,Durham Constabulary,Durham Constabulary,-1.574047,54.609819,On or near Warren Road,E01020826,County Durham 063B,Anti-social behaviour,,
,2020-05,Durham Constabulary,Durham Constabulary,-1.580641,54.606975,On or near Hurworth Road,E01020826,County Durham 063B,Anti-social behaviour,,
,2020-05,Durham Constabulary,Durham Constabulary,-1.568269,54.614508,On or near Bede Crescent,E01020826,County Durham 063B,Anti-social behaviour,,
67805387e341740583d11131d710a94770c05a08654f8aefcea1017ba3fa7314,2020-05,Durham Constabulary,Durham Constabulary,-1.578371,54.594395,On or near Long Tens Way,E01020826,County Durham 063B,Burglary,Court result unavailable,
e388a0aae28f554f5140fa1e490573eeb6508244f8e2d870fa8aed78544834ed,2020-05,Durham Constabulary,Durham Constabulary,-1.565192,54.598132,On or near Congreve Terrace,E01020826,County Durham 063B,Criminal damage and arson,Unable to prosecute suspect,
0b4907516e407c6f2a69e05f5321a1fb309fcfe505678d11b1e1d589e5e1e6dc,2020-05,Durham Constabulary,Durham Constabulary,-1.568666,54.604731,On or near Woodham Road,E01020826,County Durham 063B,Criminal damage and arson,Offender given penalty notice,
f7b2caf78e4d7b8d764d16c4f0978cc05874eab6955247bb4e6b3dc06cdda755,2020-05,Durham Constabulary,Durham Constabulary,-1.589765,54.600266,On or near Sports/Recreation Area,E01020826,County Durham 063B,Other theft,Status update unavailable,
aa9dfed3b4607e25abfda0af4d90b8543974a66fe1cfcd64104db62119f505ac,2020-05,Durham Constabulary,Durham Constabulary,-1.578371,54.594395,On or near Long Tens Way,E01020826,County Durham 063B,Other theft,Court result unavailable,
873c3a5a3a959d85bbdc3a58609c6a28a75fab0cb8865364ab61d2e58df1e732,2020-05,Durham Constabulary,Durham Constabulary,-1.569259,54.614583,On or near Surtees Walk,E01020826,County Durham 063B,Other theft,Investigation complete; no suspect identified,
09db8be4feeb237e0581f15a9992527823e10411e1c3fd873188e34ff011f562,2020-05,Durham Constabulary,Durham Constabulary,-1.569259,54.614583,On or near Surtees Walk,E01020826,County Durham 063B,Other theft,Investigation complete; no suspect identified,
741114ec0b784e31818ecaa23f30b0186ce5d348a5703f500b6d75325ad72634,2020-05,Durham Constabulary,Durham Constabulary,-1.589765,54.600266,On or near Sports/Recreation Area,E01020826,County Durham 063B,Other theft,Investigation complete; no suspect identified,
cfdc06c177ed122d6f04fca814ed79c893d9edde9d30cb2f8e6135f3bf4327a5,2020-05,Durham Constabulary,Durham Constabulary,-1.573686,54.602853,On or near Whitworth Drive,E01020826,County Durham 063B,Public order,Unable to prosecute suspect,
193945da202f1da84045960db9d242b27d8d74afc93fe4627d099abbc26a52fb,2020-05,Durham Constabulary,Durham Constabulary,-1.572308,54.610262,On or near Leaside North,E01020826,County Durham 063B,Violence and sexual offences,Unable to prosecute suspect,
42e45be1b1fc093f4dbf91eaf77d36915de08ac26563d24245a1381fc3f5ca0d,2020-05,Durham Constabulary,Durham Constabulary,-1.580641,54.606975,On or near Hurworth Road,E01020826,County Durham 063B,Violence and sexual offences,Unable to prosecute suspect,
e18db704a37ca260a3a431e52afc45d15f851a2b734ab66d62abc0c77e949305,2020-05,Durham Constabulary,Durham Constabulary,-1.562642,54.612178,On or near Travellers' Green,E01020826,County Durham 063B,Violence and sexual offences,Unable to prosecute suspect,
f9c2eaf3b124719de78d2b952d3983a760e0f277ed82f6f50b03ea6b59345444,2020-05,Durham Constabulary,Durham Constabulary,-1.572308,54.610262,On or near Leaside North,E01020826,County Durham 063B,Violence and sexual offences,Unable to prosecute suspect,
4e9e1464d8632d4cc416de0c992d9f49c405c90335c07815a888832cb0d944b0,2020-05,Durham Constabulary,Durham Constabulary,-1.569546,54.612373,On or near St Cuthbert'S Way,E01020826,County Durham 063B,Violence and sexual offences,Unable to prosecute suspect,
a602d85355d6fb70dc1b9c0ab9300d5e582e9ba6f5808b9102bf27b4d3a0486c,2020-05,Durham Constabulary,Durham Constabulary,-1.564198,54.612911,On or near Clarence Chare,E01020826,County Durham 063B,Violence and sexual offences,Unable to prosecute suspect,
cd3626207939aaadc3c42373f91d46bd09c4586f9466bdf18d3f5930f15c5b0a,2020-05,Durham Constabulary,Durham Constabulary,-1.564198,54.612911,On or near Clarence Chare,E01020826,County Durham 063B,Violence and sexual offences,Unable to prosecute suspect,
396341cd68ed6790d16f709a2240a58ecba89d0c0d76ad202bda1c76694b825a,2020-05,Durham Constabulary,Durham Constabulary,-1.565192,54.598132,On or near Congreve Terrace,E01020826,County Durham 063B,Violence and sexual offences,Unable to prosecute suspect,
6339aefa1fb73434a269938d32a18e1b250e8be0f32c23758d3d229bf2a439fb,2020-05,Durham Constabulary,Durham Constabulary,-1.574011,54.608839,On or near Gurney Way,E01020826,County Durham 063B,Violence and sexual offences,Unable to prosecute suspect,
dbbed5037233528ad6c1001508aa42fcaf0ac6e9e9724f022e2258b998bf228e,2020-05,Durham Constabulary,Durham Constabulary,-1.566546,54.613468,On or near Clarence Close,E01020826,County Durham 063B,Violence and sexual offences,Unable to prosecute suspect,
9b55f0685d7ca11250b36cb4114e3723da1508853a0e80b69b8c60b838dec3a8,2020-05,Durham Constabulary,Durham Constabulary,-1.564198,54.612911,On or near Clarence Chare,E01020826,County Durham 063B,Violence and sexual offences,Further investigation is not in the public interest,
,2020-05,Durham Constabulary,Durham Constabulary,-1.571807,54.622626,On or near Faulkner Road,E01020832,County Durham 063C,Anti-social behaviour,,
,2020-05,Durham Constabulary,Durham Constabulary,-1.572384,54.620732,On or near Parking Area,E01020832,County Durham 063C,Anti-social behaviour,,
,2020-05,Durham Constabulary,Durham Constabulary,-1.571807,54.622626,On or near Faulkner Road,E01020832,County Durham 063C,Anti-social behaviour,,
,2020-05,Durham Constabulary,Durham Constabulary,-1.571807,54.622626,On or near Faulkner Road,E01020832,County Durham 063C,Anti-social behaviour,,
,2020-05,Durham Constabulary,Durham Constabulary,-1.574957,54.619079,On or near Parking Area,E01020832,County Durham 063C,Anti-social behaviour,,
,2020-05,Durham Constabulary,Durham Constabulary,-1.574957,54.619079,On or near Parking Area,E01020832,County Durham 063C,Anti-social behaviour,,
41e82d00876b9febeddcf49ad6b6fa8bfc95732c46ab523f808db07e020f8a16,2020-05,Durham Constabulary,Durham Constabulary,-1.570579,54.620079,On or near Parking Area,E01020832,County Durham 063C,Bicycle theft,Investigation complete; no suspect identified,
aa3d5625c66e00955f107252d04ac4661bf640bafd6ac3154e26805d3d301dd3,2020-05,Durham Constabulary,Durham Constabulary,-1.573911,54.619857,On or near Parking Area,E01020832,County Durham 063C,Burglary,Unable to prosecute suspect,
05fcba2ee2f2adc6de2d8f7216ca5a94adc3759a1a11ccc822b7319c4871cf3f,2020-05,Durham Constabulary,Durham Constabulary,-1.574957,54.619079,On or near Parking Area,E01020832,County Durham 063C,Criminal damage and arson,Investigation complete; no suspect identified,
982f58e5ca949258455401debddd0322398e47927755a718a6348187f1310211,2020-05,Durham Constabulary,Durham Constabulary,-1.572225,54.619680,On or near Shopping Area,E01020832,County Durham 063C,Other theft,Investigation complete; no suspect identified,
856525da7cc0616dc2402c9469f2d1051608a019b54a47170eb00f71a5e1d2b9,2020-05,Durham Constabulary,Durham Constabulary,-1.570579,54.620079,On or near Parking Area,E01020832,County Durham 063C,Shoplifting,Court result unavailable,
2822953552c2af8397bb3f0b965ecb11a8f1b3d49c1d99114f062735e6b17bf7,2020-05,Durham Constabulary,Durham Constabulary,-1.570579,54.620079,On or near Parking Area,E01020832,County Durham 063C,Shoplifting,Investigation complete; no suspect identified,
aff512d07ff3896c05a5ce3c72f76189fb305aae33643605d475478671b1c91b,2020-05,Durham Constabulary,Durham Constabulary,-1.574957,54.619079,On or near Parking Area,E01020832,County Durham 063C,Violence and sexual offences,Local resolution,
fe0c2a4efa88877ac434f2c21bbbfc1b71f77d3f076566807e3ecb4bc20dbee0,2020-05,Durham Constabulary,Durham Constabulary,-1.578701,54.622462,On or near Newburn Court,E01020832,County Durham 063C,Violence and sexual offences,Unable to prosecute suspect,
32822f260a3feca43bd8e6aed9f128432d013d964c30d1100bfc04a543348617,2020-05,Durham Constabulary,Durham Constabulary,-1.571807,54.622626,On or near Faulkner Road,E01020832,County Durham 063C,Violence and sexual offences,Unable to prosecute suspect,
2166c1945b71afb362145ac7b11f50104292c0db2dcc18192f10c2a9dbe52af0,2020-05,Durham Constabulary,Durham Constabulary,-1.574957,54.619079,On or near Parking Area,E01020832,County Durham 063C,Violence and sexual offences,Further action is not in the public interest,
872dfb710bb6efc522d6506b2691cb1e99d3e7aa82a9a29a384ec2cabce361a5,2020-05,Durham Constabulary,Durham Constabulary,-1.571807,54.622626,On or near Faulkner Road,E01020832,County Durham 063C,Violence and sexual offences,Unable to prosecute suspect,
facceda80ffb7c843af08f5e13c03eca83038a7a9170a04d7479f1a17d3271bf,2020-05,Durham Constabulary,Durham Constabulary,-1.574957,54.619079,On or near Parking Area,E01020832,County Durham 063C,Violence and sexual offences,Further action is not in the public interest,
073a633c4eba501c97547a1efc9007c2005b98929a3a1a3bf9910c04e1a1784e,2020-05,Durham Constabulary,Durham Constabulary,-1.573565,54.621860,On or near Dalton Way,E01020832,County Durham 063C,Violence and sexual offences,Court result unavailable,
,2020-05,Durham Constabulary,Durham Constabulary,-1.580181,54.620094,On or near Silkin Way,E01020845,County Durham 063D,Anti-social behaviour,,
,2020-05,Durham Constabulary,Durham Constabulary,-1.576482,54.619857,On or near Burdon Close,E01020845,County Durham 063D,Anti-social behaviour,,
,2020-05,Durham Constabulary,Durham Constabulary,-1.578659,54.617465,On or near Paulinus Road,E01020845,County Durham 063D,Anti-social behaviour,,
,2020-05,Durham Constabulary,Durham Constabulary,-1.578265,54.618129,On or near Carileph Close,E01020845,County Durham 063D,Anti-social behaviour,,
edd58cbbe8721cfe579632a4d82fd7254663f27192c98cbe984f77c928e3d809,2020-05,Durham Constabulary,Durham Constabulary,-1.579367,54.619400,On or near Wright Close,E01020845,County Durham 063D,Criminal damage and arson,Investigation complete; no suspect identified,
28d0019e9e8bb8eac8311e9f892fcb5e4f1cebde73adc3b31fcf49f3e0b443bd,2020-05,Durham Constabulary,Durham Constabulary,-1.583081,54.619691,On or near Stephenson Way,E01020845,County Durham 063D,Criminal damage and arson,Investigation complete; no suspect identified,
da0e44b93a8cf34975f2824498b69ed972e6169924de05b28ee3bb48b96ac664,2020-05,Durham Constabulary,Durham Constabulary,-1.577535,54.618333,On or near Ebba Close,E01020845,County Durham 063D,Other theft,Investigation complete; no suspect identified,
42f14f115a491c9d1494a194a61a409e5771dede90593fd9eeaca535f20a241a,2020-05,Durham Constabulary,Durham Constabulary,-1.578974,54.619964,On or near Priestman Road,E01020845,County Durham 063D,Violence and sexual offences,Unable to prosecute suspect,
585892f2aeec08a3884f382e98f9fb228a7a18edd2d52296b2fded71210810e1,2020-05,Durham Constabulary,Durham Constabulary,-1.578974,54.619964,On or near Priestman Road,E01020845,County Durham 063D,Violence and sexual offences,Unable to prosecute suspect,
05aa6afce8bbaaf79414db093320beda59b7fe039fa3a2c84bd54713328b950a,2020-05,Durham Constabulary,Durham Constabulary,-1.576998,54.617900,On or near Bruce Road,E01020845,County Durham 063D,Violence and sexual offences,Unable to prosecute suspect,
e073ecbc63f683052e5469da056695c6bf55d14bb4c016c1f598f9305f83cdba,2020-05,Durham Constabulary,Durham Constabulary,-1.576482,54.619857,On or near Burdon Close,E01020845,County Durham 063D,Violence and sexual offences,Court result unavailable,
1f96a3631a6ff5fc7f1c4a9f035d435065e53a61037468a3cd54f283c2bd5fab,2020-05,Durham Constabulary,Durham Constabulary,-1.576482,54.619857,On or near Burdon Close,E01020845,County Durham 063D,Violence and sexual offences,Unable to prosecute suspect,
01f2142a35f4c31445d6497360b39db0867a766bff83a90e0a94db4b812992e1,2020-05,Durham Constabulary,Durham Constabulary,-1.576482,54.619857,On or near Burdon Close,E01020845,County Durham 063D,Violence and sexual offences,Unable to prosecute suspect,
d4fd8e99b040a5c6032547733ea37c2ada5cf1d20218790374b1ae252ed5f09d,2020-05,Durham Constabulary,Durham Constabulary,-1.580181,54.620094,On or near Silkin Way,E01020845,County Durham 063D,Violence and sexual offences,Unable to prosecute suspect,
,2020-05,Durham Constabulary,Durham Constabulary,-1.587637,54.614755,On or near Elmfield Place,E01020846,County Durham 063E,Anti-social behaviour,,
,2020-05,Durham Constabulary,Durham Constabulary,-1.586238,54.615298,On or near Beechfield,E01020846,County Durham 063E,Anti-social behaviour,,
,2020-05,Durham Constabulary,Durham Constabulary,-1.591623,54.615694,On or near Linden Place,E01020846,County Durham 063E,Anti-social behaviour,,
,2020-05,Durham Constabulary,Durham Constabulary,-1.586238,54.615298,On or near Beechfield,E01020846,County Durham 063E,Anti-social behaviour,,
,2020-05,Durham Constabulary,Durham Constabulary,-1.586238,54.615298,On or near Beechfield,E01020846,County Durham 063E,Anti-social behaviour,,
,2020-05,Durham Constabulary,Durham Constabulary,-1.586238,54.615298,On or near Beechfield,E01020846,County Durham 063E,Anti-social behaviour,,
256514710d40cf0d28c9c9e7bf6672f36dbd3bdbc8be57f4728f9775b2564943,2020-05,Durham Constabulary,Durham Constabulary,-1.591623,54.615694,On or near Linden Place,E01020846,County Durham 063E,Drugs,Local resolution,
,2020-05,Durham Constabulary,Durham Constabulary,-1.810697,54.612882,On or near Petrol Station,E01020856,County Durham 064A,Anti-social behaviour,,
,2020-05,Durham Constabulary,Durham Constabulary,-1.810067,54.615209,On or near Meadowcroft,E01020856,County Durham 064A,Anti-social behaviour,,
,2020-05,Durham Constabulary,Durham Constabulary,-1.807678,54.612734,On or near Supermarket,E01020856,County Durham 064A,Anti-social behaviour,,
ade62b4b659c503cd89db486821da215cc8b88b97f49a51d7d56454d1cfdabd7,2020-05,Durham Constabulary,Durham Constabulary,-1.807583,54.610073,On or near Sports/Recreation Area,E01020856,County Durham 064A,Burglary,Investigation complete; no suspect identified,
4c9e73732db8e041cccdf420f9babc98e9ce6aab58c7345efde1dd0dc638856f,2020-05,Durham Constabulary,Durham Constabulary,-1.807678,54.612734,On or near Supermarket,E01020856,County Durham 064A,Criminal damage and arson,Unable to prosecute suspect,
3f70bfbac637685b7e4ef54990975c1940d60d6d9984cc1a2aa8342871f30d55,2020-05,Durham Constabulary,Durham Constabulary,-1.807583,54.610073,On or near Sports/Recreation Area,E01020856,County Durham 064A,Other theft,Investigation complete; no suspect identified,
b32d00da8f3423bc9194036ebe12ac39131ac7e7424d399c773caf6489436416,2020-05,Durham Constabulary,Durham Constabulary,-1.812573,54.612346,On or near Garden House Lane,E01020856,County Durham 064A,Violence and sexual offences,Unable to prosecute suspect,
ef97741bef2a459fe11752decaeb77ccd5b01bd8559c64ceb6b4da2471940ece,2020-05,Durham Constabulary,Durham Constabulary,-1.807678,54.612734,On or near Supermarket,E01020856,County Durham 064A,Violence and sexual offences,Unable to prosecute suspect,
77077038ad2ac185165774efe226702829aebdccee71c0be9af8fe89d380f808,2020-05,Durham Constabulary,Durham Constabulary,-1.751775,54.649738,On or near Chestnut Court,E01020858,County Durham 064B,Public order,Unable to prosecute suspect,
,2020-05,Durham Constabulary,Durham Constabulary,-1.711974,54.626069,On or near A68,E01020859,County Durham 064C,Anti-social behaviour,,
,2020-05,Durham Constabulary,Durham Constabulary,-1.738735,54.636141,On or near Etherley Bank,E01020859,County Durham 064C,Anti-social behaviour,,
1e93c2dcaf4d96150fb9cc40956c57d33094fbd826ec4bbacc483be9d75f128d,2020-05,Durham Constabulary,Durham Constabulary,-1.711974,54.626069,On or near A68,E01020859,County Durham 064C,Vehicle crime,Investigation complete; no suspect identified,
7f8cb7bd1b91009b88b865f4f202d886d8ebb61b280ed7a0735be3610164e8da,2020-05,Durham Constabulary,Durham Constabulary,-1.750460,54.649340,On or near Southfield Drive,E01020859,County Durham 064C,Vehicle crime,Investigation complete; no suspect identified,
08fc6a96e28f885c0e6099530ee0670900892be65965fc44752480fbcc12dd4f,2020-05,Durham Constabulary,Durham Constabulary,-1.742264,54.653906,On or near B6282,E01020859,County Durham 064C,Violence and sexual offences,Unable to prosecute suspect,
,2020-05,Durham Constabulary,Durham Constabulary,-1.763824,54.624348,On or near Osborne Terrace,E01020860,County Durham 064D,Anti-social behaviour,,
,2020-05,Durham Constabulary,Durham Constabulary,-1.758650,54.619359,On or near Manor Court,E01020860,County Durham 064D,Anti-social behaviour,,
,2020-05,Durham Constabulary,Durham Constabulary,-1.764019,54.622767,On or near Swan Street,E01020860,County Durham 064D,Anti-social behaviour,,
,2020-05,Durham Constabulary,Durham Constabulary,-1.763824,54.624348,On or near Osborne Terrace,E01020860,County Durham 064D,Anti-social behaviour,,
dc579af3ba0426b77f3dcfa7ef179077602d1205cc50a93760ada56c0bc4156a,2020-05,Durham Constabulary,Durham Constabulary,-1.764019,54.622767,On or near Swan Street,E01020860,County Durham 064D,Criminal damage and arson,Further investigation is not in the public interest,
33f972c0ad4013f45e1186a73232ef17522b07c9371f87751b6baef1c0db1473,2020-05,Durham Constabulary,Durham Constabulary,-1.761529,54.619562,On or near South View,E01020860,County Durham 064D,Criminal damage and arson,Unable to prosecute suspect,
1a0a7d91e59c43c6d3a53f1cd1074ba4a36e3ca77b7efb0601a366ebeba0584e,2020-05,Durham Constabulary,Durham Constabulary,-1.764019,54.622767,On or near Swan Street,E01020860,County Durham 064D,Other theft,Investigation complete; no suspect identified,
d495cbce0e7cabd89c9e0626e513c25f53a7e8b5ed88a8c23187cf95a5d02880,2020-05,Durham Constabulary,Durham Constabulary,-1.761001,54.622446,On or near Shirley Close,E01020860,County Durham 064D,Violence and sexual offences,Further investigation is not in the public interest,
cdd4fb59959fff3bbb96574d7762c133ea91558e36fd9c313c7d0c85beb5dc04,2020-05,Durham Constabulary,Durham Constabulary,-1.759230,54.618003,On or near Victoria Street,E01020860,County Durham 064D,Violence and sexual offences,Unable to prosecute suspect,
abb2386a15511bfdba3619e85fd99b74ef77fa2b50b0654bc7eba164d49be415,2020-05,Durham Constabulary,Durham Constabulary,-1.764019,54.622767,On or near Swan Street,E01020860,County Durham 064D,Violence and sexual offences,Unable to prosecute suspect,
15b4e477f7e4498b78b241811e4d4ddb6be1163351b837e90eebbc4bd994a99f,2020-05,Durham Constabulary,Durham Constabulary,-1.759230,54.618003,On or near Victoria Street,E01020860,County Durham 064D,Violence and sexual offences,Court result unavailable,
00173e7771607a64690e1606e84f31fae9320d5bbc4325ebfaf76f2f8a6e279b,2020-05,Durham Constabulary,Durham Constabulary,-1.761001,54.622446,On or near Shirley Close,E01020860,County Durham 064D,Violence and sexual offences,Unable to prosecute suspect,
27399b4a5055443c66cf5b9c090a8b66678dc8b2f42cb32ef28f7eccfbdfba2c,2020-05,Durham Constabulary,Durham Constabulary,-1.759230,54.618003,On or near Victoria Street,E01020860,County Durham 064D,Violence and sexual offences,Unable to prosecute suspect,
41e05d889b088d749c2e759739b0bdddc6cebfacff7ef63a72b02787d1461943,2020-05,Durham Constabulary,Durham Constabulary,-1.759230,54.618003,On or near Victoria Street,E01020860,County Durham 064D,Violence and sexual offences,Unable to prosecute suspect,
a9a843898ca253e2611c7fc11ae7e623d0b3f03e3055102f2d38557077414d82,2020-05,Durham Constabulary,Durham Constabulary,-1.764019,54.622767,On or near Swan Street,E01020860,County Durham 064D,Other crime,Unable to prosecute suspect,
,2020-05,Durham Constabulary,Durham Constabulary,-1.769963,54.628835,On or near Gordon Lane,E01020861,County Durham 064E,Anti-social behaviour,,
,2020-05,Durham Constabulary,Durham Constabulary,-1.765947,54.626877,On or near Oaks Bank,E01020861,County Durham 064E,Anti-social behaviour,,
,2020-05,Durham Constabulary,Durham Constabulary,-1.752430,54.610701,On or near A688,E01020861,County Durham 064E,Anti-social behaviour,,
,2020-05,Durham Constabulary,Durham Constabulary,-1.752430,54.610701,On or near A688,E01020861,County Durham 064E,Anti-social behaviour,,
,2020-05,Durham Constabulary,Durham Constabulary,-1.804203,54.630459,On or near Lands Road,E01020861,County Durham 064E,Anti-social behaviour,,
10927ced58d5c57a6984ff2b03c2c8bb5a32438479c9b962ea2c40a096e9f835,2020-05,Durham Constabulary,Durham Constabulary,-1.767663,54.622010,On or near Sports/Recreation Area,E01020861,County Durham 064E,Burglary,Investigation complete; no suspect identified,
86d07278c5ec3e3a24e8f905c114742e3b3e64cae12b23567e882d62d0ffe44e,2020-05,Durham Constabulary,Durham Constabulary,-1.765404,54.624306,On or near Rochdale Street,E01020861,County Durham 064E,Criminal damage and arson,Investigation complete; no suspect identified,
f5b240c6707fbb7108719e9b8a51aa04696f7c12607b13be6ac3f096cd4cccd4,2020-05,Durham Constabulary,Durham Constabulary,-1.752430,54.610701,On or near A688,E01020861,County Durham 064E,Criminal damage and arson,Investigation complete; no suspect identified,
30247cdf2d3d5bb70820fbccf2b3ac5a20ad401d55ddf242e2f4e9f4f4e88165,2020-05,Durham Constabulary,Durham Constabulary,-1.758139,54.616608,On or near Alexandra Terrace,E01020861,County Durham 064E,Criminal damage and arson,Unable to prosecute suspect,
ae2200460a770c1aaafafc366eaffbce3d9b7baa295a50cad2eab7a58da21927,2020-05,Durham Constabulary,Durham Constabulary,-1.762577,54.636280,On or near Ramshaw Lane,E01020861,County Durham 064E,Other theft,Investigation complete; no suspect identified,
2520df36fd28d56dd45ea6550b1fc8fb4b5a07eeb061099da7c616ab28f033e1,2020-05,Durham Constabulary,Durham Constabulary,-1.769963,54.628835,On or near Gordon Lane,E01020861,County Durham 064E,Public order,Unable to prosecute suspect,
e77b014255023decf7994a3b12000ade73f01f7d63a5d791234ab78150db0c52,2020-05,Durham Constabulary,Durham Constabulary,-1.765107,54.624737,On or near Provident Terrace,E01020861,County Durham 064E,Violence and sexual offences,Unable to prosecute suspect,
4b2dc06ef54f1656484040dc2ad225d909188be6bd8dbae31029da64890cdc1e,2020-05,Durham Constabulary,Durham Constabulary,-1.758139,54.616608,On or near Alexandra Terrace,E01020861,County Durham 064E,Violence and sexual offences,Unable to prosecute suspect,
b1edf3b1676f6887aee61dca5929cfe2c566fea453fc1a92be29bfb5113b33e5,2020-05,Durham Constabulary,Durham Constabulary,-1.769963,54.628835,On or near Gordon Lane,E01020861,County Durham 064E,Violence and sexual offences,Investigation complete; no suspect identified,
bdf65cb3e78d8a71f7b652c747225075fd3522871a9de731aca85b4c97c3c449,2020-05,Durham Constabulary,Durham Constabulary,-1.800943,54.647600,On or near Nettlebed Lane,E01020861,County Durham 064E,Violence and sexual offences,Unable to prosecute suspect,
6033de66056f4c6d3dd4843a8a100966c1a44535cd402fbf87a3797eb9b1d34c,2020-05,Durham Constabulary,Durham Constabulary,-1.765107,54.624737,On or near Provident Terrace,E01020861,County Durham 064E,Violence and sexual offences,Unable to prosecute suspect,
175e7234a1987dd7ead7eddd6f8761e4496b81efe6e43020f7d657792ed745f0,2020-05,Durham Constabulary,Durham Constabulary,-1.765947,54.626877,On or near Oaks Bank,E01020861,County Durham 064E,Violence and sexual offences,Action to be taken by another organisation,
680e7d041b44444595cbec2ebf738592839d967aa8a2c78a705219e1f1be0c94,2020-05,Durham Constabulary,Durham Constabulary,-1.800943,54.647600,On or near Nettlebed Lane,E01020861,County Durham 064E,Violence and sexual offences,Unable to prosecute suspect,
,2020-05,Durham Constabulary,Durham Constabulary,-1.729529,54.578318,On or near Gainford Road,E01020862,County Durham 064F,Anti-social behaviour,,
,2020-05,Durham Constabulary,Durham Constabulary,-1.737849,54.549857,On or near Balmer Hill,E01020862,County Durham 064F,Anti-social behaviour,,
5b2ee78d348659f365c0c113165ed6a159bb1f763c5574301e377988989a906e,2020-05,Durham Constabulary,Durham Constabulary,-1.772880,54.558384,On or near Alwent Mill Lane,E01020862,County Durham 064F,Burglary,Investigation complete; no suspect identified,
5dc0f63b6712890dc585a49340851449faeb11e94e514a807c95b15eb43061aa,2020-05,Durham Constabulary,Durham Constabulary,-1.744589,54.596953,On or near Moor Lane,E01020862,County Durham 064F,Other theft,Investigation complete; no suspect identified,
db76bd3d182f375943a5247ab0b02faf11e62b7c51c52f09254866ef0343d351,2020-05,Durham Constabulary,Durham Constabulary,-1.739441,54.547497,On or near Spa Road,E01020862,County Durham 064F,Shoplifting,Investigation complete; no suspect identified,
f97e5efe2018446fab6b01329f718097d6ef639aed6038e0afbff559ad289df6,2020-05,Durham Constabulary,Durham Constabulary,-1.733958,54.580017,On or near Hillside,E01020862,County Durham 064F,Violence and sexual offences,Court result unavailable,
,2020-05,Durham Constabulary,Durham Constabulary,-1.852898,54.679334,On or near Redford Lane,E01020864,County Durham 064G,Anti-social behaviour,,
,2020-05,Durham Constabulary,Durham Constabulary,-1.852898,54.679334,On or near Redford Lane,E01020864,County Durham 064G,Anti-social behaviour,,
,2020-05,Durham Constabulary,Durham Constabulary,-1.877523,54.664830,On or near Windy Bank Road,E01020864,County Durham 064G,Anti-social behaviour,,
,2020-05,Durham Constabulary,Durham Constabulary,-1.830305,54.678523,On or near Howlea Lane,E01020864,County Durham 064G,Anti-social behaviour,,
,2020-05,Durham Constabulary,Durham Constabulary,-1.813317,54.673178,On or near Ladywell,E01020864,County Durham 064G,Anti-social behaviour,,
240362a8818230d81bc2d7fe9c6d3ff19c18f4ac2a92628a3d4c07caf83dd0a3,2020-05,Durham Constabulary,Durham Constabulary,-1.877523,54.664830,On or near Windy Bank Road,E01020864,County Durham 064G,Criminal damage and arson,Investigation complete; no suspect identified,
3442083199bc9277e101a2c88b2d7ff505556c8e5aa3428fa63c65f3965a60e4,2020-05,Durham Constabulary,Durham Constabulary,-1.851346,54.654143,On or near Emms Hill Lane,E01020864,County Durham 064G,Public order,Unable to prosecute suspect,
af811f6cddc9c03167c4977afaa95b22497d16938b081aa323b1625474db7a78,2020-05,Durham Constabulary,Durham Constabulary,-1.813317,54.673178,On or near Ladywell,E01020864,County Durham 064G,Other crime,Further investigation is not in the public interest,
e296e934cb363bc8c0f6a81ee39e9f4d5513106af3755c70533d4d1e13fcf73b,2020-05,Durham Constabulary,Durham Constabulary,-1.813317,54.673178,On or near Ladywell,E01020864,County Durham 064G,Other crime,Unable to prosecute suspect,
f68878662b18289e49de4581958d38dbc7f1d2dd02a80a9d84b69c477ede8941,2020-05,Durham Constabulary,Durham Constabulary,-1.808516,54.579394,On or near Ruddock'S Wynd,E01020867,County Durham 064H,Criminal damage and arson,Investigation complete; no suspect identified,
193f9501f15fde765c9054766166aa40df2c3b14831ecc7173dd848e58b291fd,2020-05,Durham Constabulary,Durham Constabulary,-1.793649,54.579361,On or near Winston Road,E01020867,County Durham 064H,Criminal damage and arson,Unable to prosecute suspect,
5d72fab2ee2a78ef0aecd597f214b0286a2737deed6623378158be920980a680,2020-05,Durham Constabulary,Durham Constabulary,-1.797425,54.585271,On or near Parking Area,E01020867,County Durham 064H,Drugs,Formal action is not in the public interest,
36e242e9feaa0e5670c84a379ebb84dd4ae3d0a774eacf05dee1d32fcf955113,2020-05,Durham Constabulary,Durham Constabulary,-1.799353,54.580296,On or near Church Street,E01020867,County Durham 064H,Drugs,Further action is not in the public interest,
323a9d7b4b5ca36391718a1d9ab5ca5f3f5dc551ca8d7fd5bf347526d9437e1b,2020-05,Durham Constabulary,Durham Constabulary,-1.891762,54.556868,On or near The Green,E01020867,County Durham 064H,Drugs,Court result unavailable,
53a90f350c46abee2e074de7395dad14e46a16243519fd1b5e41c8fc2129738c,2020-05,Durham Constabulary,Durham Constabulary,-1.799353,54.580296,On or near Church Street,E01020867,County Durham 064H,Possession of weapons,Further action is not in the public interest,
23baa2f69d9acb97baeb6a6b08de4bcc795f5f22101a940b013100a56bd11dc7,2020-05,Durham Constabulary,Durham Constabulary,-1.797930,54.580240,On or near Swan Wynd,E01020867,County Durham 064H,Violence and sexual offences,Unable to prosecute suspect,
1881fa0c39020c4cdd578cdbf4af15bb1adf6bfa36c6641d62222c01cacd6452,2020-05,Durham Constabulary,Durham Constabulary,-1.891762,54.556868,On or near The Green,E01020867,County Durham 064H,Violence and sexual offences,Unable to prosecute suspect,
e86db6b4522ce2f5217611437992da7a3c3d31234e4117519472e1445bdded4a,2020-05,Durham Constabulary,Durham Constabulary,-1.797425,54.585271,On or near Parking Area,E01020867,County Durham 064H,Violence and sexual offences,Court result unavailable,
53d72c89f96df572c4a501e055d049a36cf69a1ac6d41d4b430e4c3f0b853047,2020-05,Durham Constabulary,Durham Constabulary,-1.797425,54.585271,On or near Parking Area,E01020867,County Durham 064H,Violence and sexual offences,Court result unavailable,
386aacc67dfa4eaced64076235200d75f418999c6b6f8bc0f883c5bbeec1dc69,2020-05,Durham Constabulary,Durham Constabulary,-1.797425,54.585271,On or near Parking Area,E01020867,County Durham 064H,Other crime,Court result unavailable,
a7fd98f81f4c8eb1b90912e0f6153fb23442671c8c2777ee45a2fd7c719b6165,2020-05,Durham Constabulary,Durham Constabulary,-1.797425,54.585271,On or near Parking Area,E01020867,County Durham 064H,Other crime,Court result unavailable,
8b367f13caec4447034dcfe713ce7ddc4b06defab6dc01c8e63685ebe8a42e2d,2020-05,Durham Constabulary,Durham Constabulary,-1.981083,54.568148,On or near Fitzhugh Court,E01020857,County Durham 065A,Violence and sexual offences,Action to be taken by another organisation,
e671ac8a146458a6a57c02e696c87f041d485173c899581c698b6a15580b80a6,2020-05,Durham Constabulary,Durham Constabulary,-1.981083,54.568148,On or near Fitzhugh Court,E01020857,County Durham 065A,Violence and sexual offences,Action to be taken by another organisation,
0297b69b7e2c1e2d20111be1e3eef9551d1c23d118503b1479f40054ab9acfbf,2020-05,Durham Constabulary,Durham Constabulary,-2.009677,54.620075,On or near B6278,E01020857,County Durham 065A,Violence and sexual offences,Unable to prosecute suspect,
47dbaa5d78e421b07867ad3a10b69d4e1309218e886b35c9415671a37e4bb620,2020-05,Durham Constabulary,Durham Constabulary,-1.852155,54.507650,On or near A66,E01020863,County Durham 065B,Burglary,Investigation complete; no suspect identified,
c4f737ccae48659de4690d3a0e8d0eebaa350293965c36b0ea6615c15a7c7c06,2020-05,Durham Constabulary,Durham Constabulary,-2.017749,54.521731,On or near Clint Lane,E01020863,County Durham 065B,Criminal damage and arson,Investigation complete; no suspect identified,
56bbdf837262610cda62bfb6669993dd67327cd3886824a67bdbd82d7da76176,2020-05,Durham Constabulary,Durham Constabulary,-1.834851,54.524928,On or near Park/Open Space,E01020863,County Durham 065B,Criminal damage and arson,Investigation complete; no suspect identified,
d4fcbc1806a36e070db05f8428796c1babc244fbf75a630ff744402f292d1381,2020-05,Durham Constabulary,Durham Constabulary,-1.816425,54.499288,On or near Lanehead Lane,E01020863,County Durham 065B,Other theft,Investigation complete; no suspect identified,
54b91eac93ba06e28f8021d859636ba652291ddd1bd46ac114660164845ce6d7,2020-05,Durham Constabulary,Durham Constabulary,-1.834851,54.524928,On or near Park/Open Space,E01020863,County Durham 065B,Violence and sexual offences,Investigation complete; no suspect identified,
ddd3b51f4d76bc434129af91f9d7474e56698903b0b9d7c6731e82d42d9810fa,2020-05,Durham Constabulary,Durham Constabulary,-1.870741,54.490857,On or near Norbeck Bank,E01020863,County Durham 065B,Other crime,Unable to prosecute suspect,
,2020-05,Durham Constabulary,Durham Constabulary,-2.078907,54.623096,On or near Town End,E01020865,County Durham 065C,Anti-social behaviour,,
,2020-05,Durham Constabulary,Durham Constabulary,-2.044849,54.608546,On or near Low Side,E01020865,County Durham 065C,Anti-social behaviour,,
,2020-05,Durham Constabulary,Durham Constabulary,-2.010584,54.592692,On or near B6277,E01020865,County Durham 065C,Anti-social behaviour,,
,2020-05,Durham Constabulary,Durham Constabulary,-2.083432,54.624666,On or near Market Place,E01020865,County Durham 065C,Anti-social behaviour,,
9de520e94eb29dcda94d9f4f3047b004ea11638a86874035152e9f6464552773,2020-05,Durham Constabulary,Durham Constabulary,-2.083134,54.622814,On or near Victoria Terrace,E01020865,County Durham 065C,Other theft,Investigation complete; no suspect identified,
02964737b60cdc16eb0f1df397558b658a7116a20ca0dd3f816cc5c112196f84,2020-05,Durham Constabulary,Durham Constabulary,-2.058258,54.609349,On or near Jubilee Terrace,E01020865,County Durham 065C,Other theft,Investigation complete; no suspect identified,
98b7032946efd89381e51d20c4bbcb0a20fa3b8618c227a583880611374bba80,2020-05,Durham Constabulary,Durham Constabulary,-2.083602,54.624099,On or near Goodburn Place,E01020865,County Durham 065C,Public order,Unable to prosecute suspect,
9552203d9b965283ac9545d42ca567a475c5daa8948c36a97ee0bac29f48f66e,2020-05,Durham Constabulary,Durham Constabulary,-2.008959,54.593591,On or near Sennings Lane,E01020865,County Durham 065C,Violence and sexual offences,Unable to prosecute suspect,
,2020-05,Durham Constabulary,Durham Constabulary,-2.144016,54.649376,On or near Parking Area,E01020866,County Durham 065D,Anti-social behaviour,,
,2020-05,Durham Constabulary,Durham Constabulary,-2.074338,54.622964,On or near Leekworth Gardens,E01020866,County Durham 065D,Anti-social behaviour,,
,2020-05,Durham Constabulary,Durham Constabulary,-2.178930,54.652457,On or near Parking Area,E01020866,County Durham 065D,Anti-social behaviour,,
,2020-05,Durham Constabulary,Durham Constabulary,-2.178930,54.652457,On or near Parking Area,E01020866,County Durham 065D,Anti-social behaviour,,
,2020-05,Durham Constabulary,Durham Constabulary,-2.178930,54.652457,On or near Parking Area,E01020866,County Durham 065D,Anti-social behaviour,,
,2020-05,Durham Constabulary,Durham Constabulary,-2.144016,54.649376,On or near Parking Area,E01020866,County Durham 065D,Anti-social behaviour,,
2e6251b6e1548ba2c1f8e909614df6056789d65ad34caf30dca948a2273a25dd,2020-05,Durham Constabulary,Durham Constabulary,-2.178930,54.652457,On or near Parking Area,E01020866,County Durham 065D,Criminal damage and arson,Investigation complete; no suspect identified,
f05dba687bb0a7e1201571c301fc8bd8d982b7bfa2600c90ad9a4db72a287615,2020-05,Durham Constabulary,Durham Constabulary,-2.144016,54.649376,On or near Parking Area,E01020866,County Durham 065D,Criminal damage and arson,Investigation complete; no suspect identified,
eda9a134711966c786a8ce3641d2f46c87b5c80c1be6210dd3495f2abd5ecb08,2020-05,Durham Constabulary,Durham Constabulary,-2.139213,54.681428,On or near Park/Open Space,E01020866,County Durham 065D,Criminal damage and arson,Investigation complete; no suspect identified,
21dc4e0409311765d22fb525f50cf752cb3245bad2f811dbdad13aaa28585521,2020-05,Durham Constabulary,Durham Constabulary,-2.178930,54.652457,On or near Parking Area,E01020866,County Durham 065D,Violence and sexual offences,Unable to prosecute suspect,
,2020-05,Durham Constabulary,Durham Constabulary,-1.922789,54.543501,On or near Hall Street,E01020852,County Durham 066A,Anti-social behaviour,,
,2020-05,Durham Constabulary,Durham Constabulary,-1.911594,54.545237,On or near Bartlemere,E01020852,County Durham 066A,Anti-social behaviour,,
,2020-05,Durham Constabulary,Durham Constabulary,-1.918199,54.543076,On or near Wilson Street,E01020852,County Durham 066A,Anti-social behaviour,,
,2020-05,Durham Constabulary,Durham Constabulary,-1.922601,54.544679,On or near Parking Area,E01020852,County Durham 066A,Anti-social behaviour,,
,2020-05,Durham Constabulary,Durham Constabulary,-1.922124,54.543869,On or near Ware Street,E01020852,County Durham 066A,Anti-social behaviour,,
,2020-05,Durham Constabulary,Durham Constabulary,-1.915413,54.545078,On or near Zetland Road,E01020852,County Durham 066A,Anti-social behaviour,,
,2020-05,Durham Constabulary,Durham Constabulary,-1.919571,54.545171,On or near Albert Close,E01020852,County Durham 066A,Anti-social behaviour,,
5770c56d97259fce5ece043842fce9bb7d2fab3bc2ffeac5442f3001401bcd1b,2020-05,Durham Constabulary,Durham Constabulary,-1.916818,54.545798,On or near Richardson Fields,E01020852,County Durham 066A,Burglary,Court result unavailable,
d64fcceb60d42d12042e63a39119c3921c70d5cf0be8b7c53f5105c62e23a9b5,2020-05,Durham Constabulary,Durham Constabulary,-1.922077,54.544103,On or near Pearson Terrace,E01020852,County Durham 066A,Criminal damage and arson,Investigation complete; no suspect identified,
8a4d09df1dde9cef58403f3fff5f56242335745630b3420e8ef7289567000721,2020-05,Durham Constabulary,Durham Constabulary,-1.914719,54.544323,On or near Kalafat,E01020852,County Durham 066A,Public order,Unable to prosecute suspect,
1347eece481d8f314d9d8107144ffd3224e42b43c731bcfffc868cadfbd8ccc0,2020-05,Durham Constabulary,Durham Constabulary,-1.921424,54.546197,On or near Galgate,E01020852,County Durham 066A,Public order,Unable to prosecute suspect,
cedb0248e639023b45f3cea9d1e9a2a718c19bce190eafa9ac9e90fef59796bb,2020-05,Durham Constabulary,Durham Constabulary,-1.916558,54.544540,On or near Dawson Road,E01020852,County Durham 066A,Public order,Investigation complete; no suspect identified,
bfd89b4207021c21d7fce441544cfb96f630078b5217b80bc71bd870079d2f95,2020-05,Durham Constabulary,Durham Constabulary,-1.916558,54.544540,On or near Dawson Road,E01020852,County Durham 066A,Violence and sexual offences,Unable to prosecute suspect,
3e574a9418c303f7f6f33f4cca6b7ae3381b207204a0fe180a3a13968d45a58b,2020-05,Durham Constabulary,Durham Constabulary,-1.915413,54.545078,On or near Zetland Road,E01020852,County Durham 066A,Violence and sexual offences,Unable to prosecute suspect,
e6f805ff0c445e7da691fb178c83e44a664aa02487fede3928fb0bd270700b57,2020-05,Durham Constabulary,Durham Constabulary,-1.915413,54.545078,On or near Zetland Road,E01020852,County Durham 066A,Violence and sexual offences,Unable to prosecute suspect,
b0b6ec21b8fe77e04630dbce8d2c9f07121e6c6f222617ea5c774d825eaa7dbd,2020-05,Durham Constabulary,Durham Constabulary,-1.916558,54.544540,On or near Dawson Road,E01020852,County Durham 066A,Violence and sexual offences,Unable to prosecute suspect,
6b5c96a4821b1850495c372fd50f6e728cec0bd92e839aa27aa73f3efac33726,2020-05,Durham Constabulary,Durham Constabulary,-1.916818,54.545798,On or near Richardson Fields,E01020852,County Durham 066A,Violence and sexual offences,Unable to prosecute suspect,
,2020-05,Durham Constabulary,Durham Constabulary,-1.920324,54.555138,On or near Redwell Court,E01020853,County Durham 066B,Anti-social behaviour,,
718331c14568e2fa5a0b037d4648e1db0db32058362f535a1fb1fefc504f0f27,2020-05,Durham Constabulary,Durham Constabulary,-1.915174,54.548421,On or near Bede Road,E01020853,County Durham 066B,Burglary,Investigation complete; no suspect identified,
b46404e237021facb57d4b131442460498b7e8127813f1b88c0b39c37db4ebd5,2020-05,Durham Constabulary,Durham Constabulary,-1.908401,54.549126,On or near High Riggs,E01020853,County Durham 066B,Burglary,Investigation complete; no suspect identified,
b235435f5a6e2364e272217817cc2b4bd8c7dc62aeb95e8e3eeb9f315ca7158f,2020-05,Durham Constabulary,Durham Constabulary,-1.917898,54.547093,On or near Beaconsfield Court,E01020853,County Durham 066B,Criminal damage and arson,Investigation complete; no suspect identified,
29556f8a3a177fa709c3795923ab8b238f52d6ce31eb9b2baa6b09afcced1cf1,2020-05,Durham Constabulary,Durham Constabulary,-1.917638,54.553177,On or near Harmire Road,E01020853,County Durham 066B,Criminal damage and arson,Unable to prosecute suspect,
e5176438eb49963b5300becc90b2b9de66269f8dbbbcfc28a0b9af03726de407,2020-05,Durham Constabulary,Durham Constabulary,-1.913318,54.548833,On or near Kyles Yard,E01020853,County Durham 066B,Violence and sexual offences,Status update unavailable,
f6fd236e7401972f3fe7e8ccd80326265a4a148e45f4fd41e1f916221c77dc34,2020-05,Durham Constabulary,Durham Constabulary,-1.908401,54.549126,On or near High Riggs,E01020853,County Durham 066B,Violence and sexual offences,Investigation complete; no suspect identified,
0ab6556c306ecb3fdc2458c16aafd909d15b25672860bbc2e1a69167d4b20d3b,2020-05,Durham Constabulary,Durham Constabulary,-1.920324,54.555138,On or near Redwell Court,E01020853,County Durham 066B,Violence and sexual offences,Unable to prosecute suspect,
d4676b8837ecfcb9e8f1783d45c1a382db603cab649e178d69b5bf29559668ed,2020-05,Durham Constabulary,Durham Constabulary,-1.912501,54.547682,On or near Hilton Road,E01020853,County Durham 066B,Violence and sexual offences,Unable to prosecute suspect,
d7d19bbaafd59da665dc8726ec9f1001bcac795691a7945a7eeb964dee72a988,2020-05,Durham Constabulary,Durham Constabulary,-1.912501,54.547682,On or near Hilton Road,E01020853,County Durham 066B,Violence and sexual offences,Unable to prosecute suspect,
ae350283d39ab9c8e9ad5318f4718b968d239331593aaca04c8555045c1ac8d6,2020-05,Durham Constabulary,Durham Constabulary,-1.918269,54.546680,On or near John Street,E01020853,County Durham 066B,Violence and sexual offences,Further investigation is not in the public interest,
5b74976c624d18f6085eb299c30fedb3a5b54bf310deee751c9420c7079d3412,2020-05,Durham Constabulary,Durham Constabulary,-1.908401,54.549126,On or near High Riggs,E01020853,County Durham 066B,Violence and sexual offences,Investigation complete; no suspect identified,
d31c6c70ae10b19c26f22910d655ecb876470c922577ee0fef29bd474d602dd4,2020-05,Durham Constabulary,Durham Constabulary,-1.918269,54.546680,On or near John Street,E01020853,County Durham 066B,Violence and sexual offences,Further investigation is not in the public interest,
,2020-05,Durham Constabulary,Durham Constabulary,-1.925994,54.540376,On or near Thorngate Wynd,E01020854,County Durham 066C,Anti-social behaviour,,
,2020-05,Durham Constabulary,Durham Constabulary,-1.925677,54.545121,On or near Flatts Road,E01020854,County Durham 066C,Anti-social behaviour,,
,2020-05,Durham Constabulary,Durham Constabulary,-1.924580,54.544914,On or near Flatts Road,E01020854,County Durham 066C,Anti-social behaviour,,
874f6e016d911c1f76f52e9148efa18bc585cbd8713546acf619439ccb1664c6,2020-05,Durham Constabulary,Durham Constabulary,-1.921218,54.540499,On or near Old School Close,E01020854,County Durham 066C,Public order,Investigation complete; no suspect identified,
3bb90b04495b74d5686175215d0ad359ebad73a29718ab1a032a32397c8327cc,2020-05,Durham Constabulary,Durham Constabulary,-1.923821,54.545542,On or near Supermarket,E01020854,County Durham 066C,Public order,Investigation complete; no suspect identified,
b1e873aeff1077c732af059723a1307101a184f311866eec18f974ad7b02a783,2020-05,Durham Constabulary,Durham Constabulary,-1.924547,54.545875,On or near Farmers Way,E01020854,County Durham 066C,Public order,Unable to prosecute suspect,
7520a87564e2d2d604c0f1b54712022dd9c6c4d723698873bf5e5868ba145f38,2020-05,Durham Constabulary,Durham Constabulary,-1.934851,54.540192,On or near Dark Lane,E01020854,County Durham 066C,Vehicle crime,Court result unavailable,
28e0d90c7b84a7c37f832f382c6e8b264a3535fe31e491fc55c467e8a5805ea6,2020-05,Durham Constabulary,Durham Constabulary,-1.936700,54.544022,On or near Prison,E01020854,County Durham 066C,Violence and sexual offences,Unable to prosecute suspect,
3a47a20efe0d5a4c926609282a72fe6959f2ee6a2823a8a81d8288f7bab16b9d,2020-05,Durham Constabulary,Durham Constabulary,-1.936700,54.544022,On or near Prison,E01020854,County Durham 066C,Violence and sexual offences,Unable to prosecute suspect,
ff0e326134c48b8cbbdbe1b134466b7467b7eda8260fd594be9520eb2481d2cf,2020-05,Durham Constabulary,Durham Constabulary,-1.936700,54.544022,On or near Prison,E01020854,County Durham 066C,Violence and sexual offences,Unable to prosecute suspect,
fce2844dd8c77eea4c167e23c1f9feab73246b494208318c2e24b72d6c6d4a44,2020-05,Durham Constabulary,Durham Constabulary,-1.936700,54.544022,On or near Prison,E01020854,County Durham 066C,Violence and sexual offences,Unable to prosecute suspect,
b800c2df79e78d17a2ff3486ecb764164b5086a9d90cc7835951debd20e7e58f,2020-05,Durham Constabulary,Durham Constabulary,-1.923919,54.542747,On or near Market Place,E01020854,County Durham 066C,Violence and sexual offences,Unable to prosecute suspect,
,2020-05,Durham Constabulary,Durham Constabulary,-1.927762,54.546111,On or near Raby Avenue,E01020855,County Durham 066D,Anti-social behaviour,,
60b396e3a10de3c6119f38966285c8803b9bf65a3e4f1f771937b2ca0deea9ed,2020-05,Durham Constabulary,Durham Constabulary,-1.917501,54.551901,On or near Harmire Close,E01020855,County Durham 066D,Criminal damage and arson,Unable to prosecute suspect,
e3c2108fb2dad1bd14cd82bc097f1ee0dd49b5152def3a516b28b9bf34d27fa4,2020-05,Durham Constabulary,Durham Constabulary,-1.918571,54.550481,On or near Marwood Drive,E01020855,County Durham 066D,Violence and sexual offences,Unable to prosecute suspect,
,2020-05,Durham Constabulary,Durham Constabulary,-1.636889,54.547287,On or near B6279,E01012334,Darlington 001B,Anti-social behaviour,,
,2020-05,Durham Constabulary,Durham Constabulary,-1.624354,54.525203,On or near A67,E01012334,Darlington 001B,Anti-social behaviour,,
,2020-05,Durham Constabulary,Durham Constabulary,-1.615411,54.519954,On or near Gate Lane,E01012334,Darlington 001B,Anti-social behaviour,,
,2020-05,Durham Constabulary,Durham Constabulary,-1.615226,54.519836,On or near Well Bank,E01012334,Darlington 001B,Anti-social behaviour,,
,2020-05,Durham Constabulary,Durham Constabulary,-1.599303,54.604621,On or near Jasmin Grove,E01012334,Darlington 001B,Anti-social behaviour,,
,2020-05,Durham Constabulary,Durham Constabulary,-1.624354,54.525203,On or near A67,E01012334,Darlington 001B,Anti-social behaviour,,
,2020-05,Durham Constabulary,Durham Constabulary,-1.624354,54.525203,On or near A67,E01012334,Darlington 001B,Anti-social behaviour,,
,2020-05,Durham Constabulary,Durham Constabulary,-1.599123,54.607262,On or near Eastfields Road,E01012334,Darlington 001B,Anti-social behaviour,,
,2020-05,Durham Constabulary,Durham Constabulary,-1.650851,54.532418,On or near St Edwin'S Close,E01012334,Darlington 001B,Anti-social behaviour,,
4bf713073ad39873281142fb4024ba1db03d08d025ebf8bb1e1f33514c58fab4,2020-05,Durham Constabulary,Durham Constabulary,-1.705178,54.576212,On or near Kiln Lane,E01012334,Darlington 001B,Burglary,Investigation complete; no suspect identified,
10a6b6c171808c9e02720daf464a22790aa4f14e28e4fee4a8dd1ee65b212402,2020-05,Durham Constabulary,Durham Constabulary,-1.666622,54.563665,On or near New Lane,E01012334,Darlington 001B,Burglary,Investigation complete; no suspect identified,
e046caf3c000d15e6c2ef284ab060da4f5da9720487c5c3383e125903d73515a,2020-05,Durham Constabulary,Durham Constabulary,-1.640052,54.574266,On or near Walworth Road,E01012334,Darlington 001B,Other theft,Investigation complete; no suspect identified,
e05b19d8d2f6af5f82154faf6d7d02035c56eb4fba0edc542e96f021be1c7d7b,2020-05,Durham Constabulary,Durham Constabulary,-1.655871,54.534572,On or near Lawson'S Court,E01012334,Darlington 001B,Other theft,Unable to prosecute suspect,
f9a98beb7cdb33b1e31c2018ded9202bf3c453ade549336f8b79eff0a289a051,2020-05,Durham Constabulary,Durham Constabulary,-1.615914,54.523955,On or near Merrybent Drive,E01012334,Darlington 001B,Vehicle crime,Investigation complete; no suspect identified,
e34a68b0720b404d00acd65de43ed7f94d635139b53d806c2a0b13191291759b,2020-05,Durham Constabulary,Durham Constabulary,-1.597797,54.534402,On or near Staindrop Road,E01012334,Darlington 001B,Violence and sexual offences,Investigation complete; no suspect identified,
c64ca2c5a5e2a1833468786dabb041e068fec52d5b1bc8a5a7d7e17c6e2f93f9,2020-05,Durham Constabulary,Durham Constabulary,-1.641300,54.604815,On or near Stony Bank,E01012334,Darlington 001B,Violence and sexual offences,Unable to prosecute suspect,
300fcd0b00aca1ee3235eba19e4be01db9fcce45089dcaebf9561de2407bd623,2020-05,Durham Constabulary,Durham Constabulary,-1.691186,54.546467,On or near Cock Lane,E01012334,Darlington 001B,Violence and sexual offences,Unable to prosecute suspect,
b3e39c77dfd5bc5a30b00e7d04fb110b2b819b5754ac64b70f73219830df68f4,2020-05,Durham Constabulary,Durham Constabulary,-1.615914,54.523955,On or near Merrybent Drive,E01012334,Darlington 001B,Other crime,Unable to prosecute suspect,
,2020-05,Durham Constabulary,Durham Constabulary,-1.620183,54.596699,On or near Hopelands,E01012335,Darlington 001C,Anti-social behaviour,,
,2020-05,Durham Constabulary,Durham Constabulary,-1.615668,54.594546,On or near Vicarage Court,E01012335,Darlington 001C,Anti-social behaviour,,
47a8d14e0a7cf5c052f80bb9ec84ff21a2f7e1da5ee8d2b652605d10998ddd4b,2020-05,Durham Constabulary,Durham Constabulary,-1.620262,54.594830,On or near Twinsburn Close,E01012335,Darlington 001C,Violence and sexual offences,Unable to prosecute suspect,
51ec5f9386e656ed0c92d7c7c77ad67561289fc1ff40e8dae3ddecd5d44039a0,2020-05,Durham Constabulary,Durham Constabulary,-1.620262,54.594830,On or near Twinsburn Close,E01012335,Darlington 001C,Violence and sexual offences,Unable to prosecute suspect,
841aa31743fc7bb5719c8e428dbc3fde7b4a6315d7dfee99b94cd7cb072484f8,2020-05,Durham Constabulary,Durham Constabulary,-1.620262,54.594830,On or near Twinsburn Close,E01012335,Darlington 001C,Violence and sexual offences,Unable to prosecute suspect,
be23cdfb01d586c6607bcc75c84579adfe9b6187c48c9f40564541cfbba4734a,2020-05,Durham Constabulary,Durham Constabulary,-1.620262,54.594830,On or near Twinsburn Close,E01012335,Darlington 001C,Violence and sexual offences,Unable to prosecute suspect,
,2020-05,Durham Constabulary,Durham Constabulary,-1.513409,54.554627,On or near Barmpton Lane,E01012366,Darlington 001D,Anti-social behaviour,,
,2020-05,Durham Constabulary,Durham Constabulary,-1.501229,54.531553,On or near B6279,E01012366,Darlington 001D,Anti-social behaviour,,
,2020-05,Durham Constabulary,Durham Constabulary,-1.437326,54.585832,On or near Town Farm Close,E01012366,Darlington 001D,Anti-social behaviour,,
,2020-05,Durham Constabulary,Durham Constabulary,-1.439605,54.585492,On or near Anesty Court,E01012366,Darlington 001D,Anti-social behaviour,,
,2020-05,Durham Constabulary,Durham Constabulary,-1.480747,54.543069,On or near Parking Area,E01012366,Darlington 001D,Anti-social behaviour,,
7a90180663c9a537d0e773e2832b13d69c7bcf7504bb0ef8c9f92c64e80181af,2020-05,Durham Constabulary,Durham Constabulary,-1.440376,54.585712,On or near The Green,E01012366,Darlington 001D,Criminal damage and arson,Unable to prosecute suspect,
5262338c7c646da242e8668c692c4c79d440432d362f61fc0ec445857dbd4120,2020-05,Durham Constabulary,Durham Constabulary,-1.570547,54.561296,On or near Burtree Lane,E01012366,Darlington 001D,Drugs,Offender given a drugs possession warning,
65ee79784c03a5050423f2fb375c7d0390d3ceb0b8bcb9f860de558b706591fa,2020-05,Durham Constabulary,Durham Constabulary,-1.474606,54.567487,On or near Bishopton Lane,E01012366,Darlington 001D,Other theft,Investigation complete; no suspect identified,
f32c032363f679134c0d84044907956ff6b11806cfe5537e1df31976d2ce80d7,2020-05,Durham Constabulary,Durham Constabulary,-1.570602,54.578209,On or near Coatham Lane,E01012366,Darlington 001D,Other theft,Investigation complete; no suspect identified,
52e125ae0256f876f081c9c9ffb2e4e546a091c858feea00f6cef78700fa2aa1,2020-05,Durham Constabulary,Durham Constabulary,-1.501408,54.520607,On or near Conference/Exhibition Centre,E01012366,Darlington 001D,Other theft,Further investigation is not in the public interest,
30e104397e18ad8aa28a321afceef280df7938224bf49d9d3bf9339c3396ff8a,2020-05,Durham Constabulary,Durham Constabulary,-1.501408,54.520607,On or near Conference/Exhibition Centre,E01012366,Darlington 001D,Other theft,Investigation complete; no suspect identified,
910a0b87ad01eda37889c7cbefbdef1665d97b34cb05f591c41e1304be6fa039,2020-05,Durham Constabulary,Durham Constabulary,-1.501408,54.520607,On or near Conference/Exhibition Centre,E01012366,Darlington 001D,Other theft,Investigation complete; no suspect identified,
49863678db05681cf7f1a827f4599a71d3bc02bde3c90c4bf36afa2d35948206,2020-05,Durham Constabulary,Durham Constabulary,-1.501408,54.520607,On or near Conference/Exhibition Centre,E01012366,Darlington 001D,Other theft,Status update unavailable,
00bef6612c339134c0e90153e6e80eb5a3f1a1a586ea7d0f5dd26e0bb518ad98,2020-05,Durham Constabulary,Durham Constabulary,-1.558133,54.580986,On or near A167,E01012366,Darlington 001D,Other theft,Status update unavailable,
a674ab7bddd798f6c6823bc31ce6d2c9c8b815005a4171574fe621fc928e272c,2020-05,Durham Constabulary,Durham Constabulary,-1.502991,54.522609,On or near Palms Court,E01012366,Darlington 001D,Public order,Unable to prosecute suspect,
f542456a5011f7eb59714e2054f776f99a9b715e8d43b79ac01de586547c54bb,2020-05,Durham Constabulary,Durham Constabulary,-1.570547,54.561296,On or near Burtree Lane,E01012366,Darlington 001D,Vehicle crime,Unable to prosecute suspect,
b8f0267b153fb5888214710e1193d23726b9091d60f645b965e204b7f32972e1,2020-05,Durham Constabulary,Durham Constabulary,-1.570602,54.578209,On or near Coatham Lane,E01012366,Darlington 001D,Violence and sexual offences,Unable to prosecute suspect,
de2ceffd9602da8946b1f5645a34a982d2416be827b09250c479bf37d3475013,2020-05,Durham Constabulary,Durham Constabulary,-1.497795,54.523010,On or near Parking Area,E01012366,Darlington 001D,Violence and sexual offences,Unable to prosecute suspect,
1db47ee95760b87931edf0a78ea751548d9b1c9397ce3b5fb198b23fea4ee1ca,2020-05,Durham Constabulary,Durham Constabulary,-1.489641,54.542522,On or near Parking Area,E01012366,Darlington 001D,Violence and sexual offences,Unable to prosecute suspect,
eb6160744a25dbd9fd88600196f6d634bda38cdc0ba4e82cb9e0462b1a38074e,2020-05,Durham Constabulary,Durham Constabulary,-1.439605,54.585492,On or near Anesty Court,E01012366,Darlington 001D,Violence and sexual offences,Further investigation is not in the public interest,
619edc84f6dd72199044b0ea249f7ff2fe69c9d318eac749e0fa3ffedd401dfc,2020-05,Durham Constabulary,Durham Constabulary,-1.472221,54.547328,On or near Hillhouse Lane,E01012366,Darlington 001D,Violence and sexual offences,Court result unavailable,
f89f26e1968db7821e4b151fe253bdea9cf6d3dac3baad6a28733a932ec2273d,2020-05,Durham Constabulary,Durham Constabulary,-1.472221,54.547328,On or near Hillhouse Lane,E01012366,Darlington 001D,Violence and sexual offences,Court result unavailable,
9b6a3257efe609765c2fabb9bf1c71ad4329ca0e030957e387736cb481f66d25,2020-05,Durham Constabulary,Durham Constabulary,-1.549140,54.570133,On or near Durham Road,E01012366,Darlington 001D,Other crime,Unable to prosecute suspect,
,2020-05,Durham Constabulary,Durham Constabulary,-1.583111,54.542413,On or near Timothy Hackworth Drive,E01033481,Darlington 001E,Anti-social behaviour,,
,2020-05,Durham Constabulary,Durham Constabulary,-1.591279,54.547905,On or near Steam Plough Place,E01033481,Darlington 001E,Anti-social behaviour,,
,2020-05,Durham Constabulary,Durham Constabulary,-1.590667,54.544218,On or near Teeswater Drive,E01033481,Darlington 001E,Anti-social behaviour,,
,2020-05,Durham Constabulary,Durham Constabulary,-1.582161,54.543165,On or near Rainhill Way,E01033481,Darlington 001E,Anti-social behaviour,,
,2020-05,Durham Constabulary,Durham Constabulary,-1.582161,54.543165,On or near Rainhill Way,E01033481,Darlington 001E,Anti-social behaviour,,
,2020-05,Durham Constabulary,Durham Constabulary,-1.586020,54.549738,On or near Amberley Grove,E01033481,Darlington 001E,Anti-social behaviour,,
c059db27a2cd7714ef0c9a8ba146742cd2ca24285d919264dd68aee73e5cf4e0,2020-05,Durham Constabulary,Durham Constabulary,-1.590667,54.544218,On or near Teeswater Drive,E01033481,Darlington 001E,Criminal damage and arson,Further investigation is not in the public interest,
a1bd31c9a9b2bccce9439f5535c7b42670a832363cfa4f2c8b7096793924edff,2020-05,Durham Constabulary,Durham Constabulary,-1.590667,54.544218,On or near Teeswater Drive,E01033481,Darlington 001E,Drugs,Investigation complete; no suspect identified,
ff62f09e8c44be00203f10ba846fffe48f89f5c46ab34698cd799d7de8e7faaa,2020-05,Durham Constabulary,Durham Constabulary,-1.591279,54.547905,On or near Steam Plough Place,E01033481,Darlington 001E,Other theft,Investigation complete; no suspect identified,
a1d36dade961b082a426bbd366e2e1b28de318ee9855266f691033022212cf49,2020-05,Durham Constabulary,Durham Constabulary,-1.592837,54.546715,On or near Edward Pease Way,E01033481,Darlington 001E,Other theft,Court result unavailable,
d435c51f261579dcadec1692f012ff471cfd36c972375604844a264489b09f7c,2020-05,Durham Constabulary,Durham Constabulary,-1.586860,54.547692,On or near John Fowler Way,E01033481,Darlington 001E,Shoplifting,Court result unavailable,
4b86d163ebdba6559225e6129b93a0d6ba468454b8978fda472bbe16a44c0d30,2020-05,Durham Constabulary,Durham Constabulary,-1.587107,54.549248,On or near A68,E01033481,Darlington 001E,Shoplifting,Investigation complete; no suspect identified,
e1a98ebc7d94b239d90a9f5f33c2f90f20a486b658fb5fbab3ed03b869f5ccc2,2020-05,Durham Constabulary,Durham Constabulary,-1.590667,54.544218,On or near Teeswater Drive,E01033481,Darlington 001E,Violence and sexual offences,Further investigation is not in the public interest,
67ca9c1682381317c849256de42edccd48fdac1aa330e0af882a79bdd6bce183,2020-05,Durham Constabulary,Durham Constabulary,-1.591299,54.547465,On or near Hunt Mews,E01033481,Darlington 001E,Violence and sexual offences,Investigation complete; no suspect identified,
346eba6e29c21e5d316f8407717a45992452b60b5c146b073fbeddad44a2cd55,2020-05,Durham Constabulary,Durham Constabulary,-1.591299,54.547465,On or near Hunt Mews,E01033481,Darlington 001E,Violence and sexual offences,Investigation complete; no suspect identified,
c1e96b0b538fba73d2630213652d69838a95a01f380aac667ac1e69bd2e81df4,2020-05,Durham Constabulary,Durham Constabulary,-1.579779,54.546293,On or near Faversham Park,E01033481,Darlington 001E,Violence and sexual offences,Unable to prosecute suspect,
4fd0a01962c13a5fa2e9f8137447e19ea5b11c3cceaa5fc10c7f2e93ede65c6d,2020-05,Durham Constabulary,Durham Constabulary,-1.590667,54.544218,On or near Teeswater Drive,E01033481,Darlington 001E,Violence and sexual offences,Unable to prosecute suspect,
ac4ae4dbbd718f8a5ce5cd459c9b99c24ae9c933489aa7b1dd22da22b0761a19,2020-05,Durham Constabulary,Durham Constabulary,-1.590667,54.544218,On or near Teeswater Drive,E01033481,Darlington 001E,Violence and sexual offences,Unable to prosecute suspect,
0cfc564218154d2dc998f918f5330d21061a4c3290f387f0d7552b8be87d0662,2020-05,Durham Constabulary,Durham Constabulary,-1.590667,54.544218,On or near Teeswater Drive,E01033481,Darlington 001E,Violence and sexual offences,Further investigation is not in the public interest,
94b4b49e53cdd256d2a967e5dc560f0a2eebefe043da14367adcb3251cc187aa,2020-05,Durham Constabulary,Durham Constabulary,-1.590667,54.544218,On or near Teeswater Drive,E01033481,Darlington 001E,Violence and sexual offences,Unable to prosecute suspect,
1173c6a37a53b975c906a1e1a9ed532abcea534c10f9ea33f694e534ce14267d,2020-05,Durham Constabulary,Durham Constabulary,-1.590667,54.544218,On or near Teeswater Drive,E01033481,Darlington 001E,Violence and sexual offences,Unable to prosecute suspect,
31b5b2b94f42994a280c9ec03d71d6a7c8d65e9e897336a4083f80cabf2fe20c,2020-05,Durham Constabulary,Durham Constabulary,-1.590667,54.544218,On or near Teeswater Drive,E01033481,Darlington 001E,Violence and sexual offences,Unable to prosecute suspect,
bc1d1e9bbdaeee04dabfee08079963ae0491f9936a7979026088326358f176c4,2020-05,Durham Constabulary,Durham Constabulary,-1.582161,54.543165,On or near Rainhill Way,E01033481,Darlington 001E,Violence and sexual offences,Unable to prosecute suspect,
ad8c95d6316ae1902051f60b0d24f1b51da422d2aed9784017f47ca73d13c1ad,2020-05,Durham Constabulary,Durham Constabulary,-1.590667,54.544218,On or near Teeswater Drive,E01033481,Darlington 001E,Violence and sexual offences,Unable to prosecute suspect,
b2854f368b9b89e9a36ac9da2ae79dcf06b0a0b32442c67df53c8434d56ce593,2020-05,Durham Constabulary,Durham Constabulary,-1.582161,54.543165,On or near Rainhill Way,E01033481,Darlington 001E,Violence and sexual offences,Unable to prosecute suspect,
342a38eb03b152cbcd2446962e0de74abdb59d7edda6f12ac4c6622c339ac349,2020-05,Durham Constabulary,Durham Constabulary,-1.582161,54.543165,On or near Rainhill Way,E01033481,Darlington 001E,Violence and sexual offences,Unable to prosecute suspect,
426d2b293eb1915ce575da2271aa9a9e7ef54d31eedd66758fbca056158bdaf0,2020-05,Durham Constabulary,Durham Constabulary,-1.578327,54.547645,On or near Curlew Close,E01033482,Darlington 001F,Violence and sexual offences,Unable to prosecute suspect,
b9d9ca8d59bf3299304c1f966240a567d10640a7845cc86c2e29a409aaf04a8e,2020-05,Durham Constabulary,Durham Constabulary,-1.580515,54.549926,On or near Greensfield Close,E01033482,Darlington 001F,Violence and sexual offences,Unable to prosecute suspect,
c5d9e0b4b6c0058ccc73d0f9040c362bba68ef28e1ea909f27be059d87623a74,2020-05,Durham Constabulary,Durham Constabulary,-1.584282,54.548906,On or near Abbotsfield Way,E01033482,Darlington 001F,Violence and sexual offences,Unable to prosecute suspect,
bcebe80bea83faa8bc902cb22d6d8b3a340332d73e25b73011c44415df4dcf19,2020-05,Durham Constabulary,Durham Constabulary,-1.581265,54.543099,On or near Paradise Way,E01033482,Darlington 001F,Violence and sexual offences,Unable to prosecute suspect,
286b920d496e0467ce6d3e5e2a6ac2aa9ec57f9d551ebe272e739d43a49a351b,2020-05,Durham Constabulary,Durham Constabulary,-1.581829,54.542346,On or near Sans Pareil Square,E01033482,Darlington 001F,Other crime,Further investigation is not in the public interest,
,2020-05,Durham Constabulary,Durham Constabulary,-1.558799,54.546515,On or near Percy Road,E01012323,Darlington 002C,Anti-social behaviour,,
,2020-05,Durham Constabulary,Durham Constabulary,-1.553314,54.547726,On or near Longfield Road,E01012323,Darlington 002C,Anti-social behaviour,,
fa8cdbb3864ce44cbeebe2bf1d1c41484502129bac9ccc53546752887514936a,2020-05,Durham Constabulary,Durham Constabulary,-1.558799,54.546515,On or near Percy Road,E01012323,Darlington 002C,Burglary,Investigation complete; no suspect identified,
7c46d7c350a42df4bf956f85f95e47c02ebe5f3adb41728c2677621cd3dba411,2020-05,Durham Constabulary,Durham Constabulary,-1.558799,54.546515,On or near Percy Road,E01012323,Darlington 002C,Other theft,Investigation complete; no suspect identified,
850e8b69e388e1d1ea5246449ab8de80f2468f8519458f10819de243970bcf19,2020-05,Durham Constabulary,Durham Constabulary,-1.558799,54.546515,On or near Percy Road,E01012323,Darlington 002C,Public order,Investigation complete; no suspect identified,
f489d39e8a9ec9669db5fbe04e9657172fb3320e3e7a530a241e9033a823f13d,2020-05,Durham Constabulary,Durham Constabulary,-1.551746,54.549715,On or near Sutcliffe Court,E01012323,Darlington 002C,Public order,Unable to prosecute suspect,
78894ca388ad6d217206c44822d072452af6f267f1f57c719844ff73ead2caab,2020-05,Durham Constabulary,Durham Constabulary,-1.560880,54.551384,On or near Mewburn Road,E01012323,Darlington 002C,Vehicle crime,Unable to prosecute suspect,
8f5987beb5765cb58b1f6f33229ff69602497aeb234837160a135ec9b51e0f5c,2020-05,Durham Constabulary,Durham Constabulary,-1.557566,54.547625,On or near Stockley Close,E01012323,Darlington 002C,Violence and sexual offences,Local resolution,
024ca370856a487c3e822433aeb9d46d2294db986717d852002a7a4b74129b17,2020-05,Durham Constabulary,Durham Constabulary,-1.553314,54.547726,On or near Longfield Road,E01012323,Darlington 002C,Violence and sexual offences,Unable to prosecute suspect,
f84e58b3a6856bd6d6236ec78ce577a0f5f3def8855871b5a4028893d562ee8b,2020-05,Durham Constabulary,Durham Constabulary,-1.551746,54.549715,On or near Sutcliffe Court,E01012323,Darlington 002C,Other crime,Unable to prosecute suspect,
,2020-05,Durham Constabulary,Durham Constabulary,-1.541209,54.547735,On or near Davison Road,E01012324,Darlington 002D,Anti-social behaviour,,
,2020-05,Durham Constabulary,Durham Constabulary,-1.545604,54.547311,On or near The Leas,E01012324,Darlington 002D,Anti-social behaviour,,
6410fb5d16b533aee1c709e07752ced09290e9bec495588414b92c2a388d9696,2020-05,Durham Constabulary,Durham Constabulary,-1.546801,54.549544,On or near North Road,E01012324,Darlington 002D,Criminal damage and arson,Investigation complete; no suspect identified,
cc5fa2533a40c1478cbf5f664dd1045aa9f30ad8b039556c341b0db02a698098,2020-05,Durham Constabulary,Durham Constabulary,-1.546801,54.549544,On or near North Road,E01012324,Darlington 002D,Drugs,Further investigation is not in the public interest,
a5064fd86a7b0005e3df8276493944bdc4f98a9b50f9df32481fdab70daa4343,2020-05,Durham Constabulary,Durham Constabulary,-1.547637,54.548001,On or near Supermarket,E01012324,Darlington 002D,Shoplifting,Investigation complete; no suspect identified,
ecc4f1e7c5cefa58766e51f23ee46f817868174150582af5d1123b762af124bb,2020-05,Durham Constabulary,Durham Constabulary,-1.547637,54.548001,On or near Supermarket,E01012324,Darlington 002D,Shoplifting,Court result unavailable,
4ac4379e1b38149df93bf3ef0682bcc2d0db8445eb4c5bb209560dcc312e59d7,2020-05,Durham Constabulary,Durham Constabulary,-1.546409,54.545867,On or near Thompson Street East,E01012324,Darlington 002D,Violence and sexual offences,Unable to prosecute suspect,
,2020-05,Durham Constabulary,Durham Constabulary,-1.545311,54.551417,On or near Oakland Gardens,E01032545,Darlington 002E,Anti-social behaviour,,
,2020-05,Durham Constabulary,Durham Constabulary,-1.546309,54.552112,On or near Holmwood Grove,E01032545,Darlington 002E,Anti-social behaviour,,
,2020-05,Durham Constabulary,Durham Constabulary,-1.541123,54.552659,On or near Green Lane,E01032545,Darlington 002E,Anti-social behaviour,,
87bf5e6e8fede1afd8b31a02a8b33b61162c74edbad2de21e3697a33d47bfc5b,2020-05,Durham Constabulary,Durham Constabulary,-1.545947,54.552659,On or near Bay Tree Road,E01032545,Darlington 002E,Criminal damage and arson,Local resolution,
02b135ac0eff287e37a6d1978e73baa560a49ddd1e3c2d84157b260d8154f044,2020-05,Durham Constabulary,Durham Constabulary,-1.545947,54.552659,On or near Bay Tree Road,E01032545,Darlington 002E,Criminal damage and arson,Unable to prosecute suspect,
155d0937836aa5716c13b913d84a606719453a8ba8554b8454f83c49b4c81fc6,2020-05,Durham Constabulary,Durham Constabulary,-1.545947,54.552659,On or near Bay Tree Road,E01032545,Darlington 002E,Criminal damage and arson,Unable to prosecute suspect,
b4d44d5d3a0b0b8b5991133905a7cc62c99d31a53a9e12f70bf36771ea5f3e9c,2020-05,Durham Constabulary,Durham Constabulary,-1.545311,54.551417,On or near Oakland Gardens,E01032545,Darlington 002E,Violence and sexual offences,Unable to prosecute suspect,
83978cba28ed82727cf428cd4d24c7dedec175df958a8f4584831544c75ef519,2020-05,Durham Constabulary,Durham Constabulary,-1.543358,54.553261,On or near Birch Road,E01032545,Darlington 002E,Violence and sexual offences,Unable to prosecute suspect,
7ac40babf1b557230f7a9a5c4a19de1fa46039e9b32e1d426118d3b329740967,2020-05,Durham Constabulary,Durham Constabulary,-1.544404,54.552357,On or near Myrtle Gardens,E01032545,Darlington 002E,Violence and sexual offences,Court result unavailable,
d91f9b74caabdd21bda21b9d719b371c241a26e0e8fc46015e98e9dba768e636,2020-05,Durham Constabulary,Durham Constabulary,-1.545311,54.551417,On or near Oakland Gardens,E01032545,Darlington 002E,Violence and sexual offences,Unable to prosecute suspect,
9e9717c398a9d0aed6ea1c075269672ada845c153f259ee5a47f690abe9e72e4,2020-05,Durham Constabulary,Durham Constabulary,-1.545947,54.552659,On or near Bay Tree Road,E01032545,Darlington 002E,Violence and sexual offences,Unable to prosecute suspect,
7bff39f04c034fbbd0976a5aff37e2d5c80a59c6eec19eb0c45e9201aa55a74e,2020-05,Durham Constabulary,Durham Constabulary,-1.544858,54.551882,On or near Vernon Gardens,E01032545,Darlington 002E,Violence and sexual offences,Unable to prosecute suspect,
3ffc9415d857e9d48d1a9bb79c561a94ed598725c29a3cbc7848219c6008a689,2020-05,Durham Constabulary,Durham Constabulary,-1.541123,54.552659,On or near Green Lane,E01032545,Darlington 002E,Violence and sexual offences,Unable to prosecute suspect,
5beb4d8b84a3352668e9a2ee7d8621ff4e5970e45d954fe6db5b4c23ca4c6cf3,2020-05,Durham Constabulary,Durham Constabulary,-1.544404,54.552357,On or near Myrtle Gardens,E01032545,Darlington 002E,Violence and sexual offences,Investigation complete; no suspect identified,
6e1e390a8a447e5ae2588b8bd752dd0e851de03a5ccb56c16fea31b095c3c048,2020-05,Durham Constabulary,Durham Constabulary,-1.544897,54.553958,On or near Sports/Recreation Area,E01032545,Darlington 002E,Violence and sexual offences,Unable to prosecute suspect,
a09361289be7ed841cb4398da0f1cdeea1f3616fa4f14f6786571ac295f9d951,2020-05,Durham Constabulary,Durham Constabulary,-1.545311,54.551417,On or near Oakland Gardens,E01032545,Darlington 002E,Violence and sexual offences,Unable to prosecute suspect,
2ee222e487283b56cc43016131bbd5a612f4d310296088b094b40cb0f68a01c8,2020-05,Durham Constabulary,Durham Constabulary,-1.541123,54.552659,On or near Green Lane,E01032545,Darlington 002E,Violence and sexual offences,Unable to prosecute suspect,
68d1e90839ee23d41e6104031e33d600f8b3ae09220f0dfc5d79977742d6a8fb,2020-05,Durham Constabulary,Durham Constabulary,-1.541398,54.550234,On or near Tempest Court,E01032545,Darlington 002E,Violence and sexual offences,Unable to prosecute suspect,
0f5bae901d805dbca5cee7a763ee085741f103d562e9a1b4a910b88bf6fb9fba,2020-05,Durham Constabulary,Durham Constabulary,-1.541398,54.550234,On or near Tempest Court,E01032545,Darlington 002E,Violence and sexual offences,Unable to prosecute suspect,
684cb5ce4b4b3968c79fe32d5d98d9e604b4fb5d9882e259660165e65974dff2,2020-05,Durham Constabulary,Durham Constabulary,-1.541123,54.552659,On or near Green Lane,E01032545,Darlington 002E,Violence and sexual offences,Unable to prosecute suspect,
,2020-05,Durham Constabulary,Durham Constabulary,-1.549395,54.551207,On or near Alwyn Road,E01032546,Darlington 002F,Anti-social behaviour,,
,2020-05,Durham Constabulary,Durham Constabulary,-1.553920,54.553066,On or near Newlyn Drive,E01032546,Darlington 002F,Anti-social behaviour,,
,2020-05,Durham Constabulary,Durham Constabulary,-1.550919,54.553262,On or near Kent Close,E01032546,Darlington 002F,Anti-social behaviour,,
2035588ece6d4e7248cf6ff2bce47e3b3075fd866a266c7add5921575ddcfd56,2020-05,Durham Constabulary,Durham Constabulary,-1.549418,54.553373,On or near Marina Road,E01032546,Darlington 002F,Drugs,Offender given a drugs possession warning,
d99d0e18df4c9e3d48231b7698d77755becb5268024a220e331e9bc5b72d342b,2020-05,Durham Constabulary,Durham Constabulary,-1.548074,54.553278,On or near Burtree Lane,E01032546,Darlington 002F,Violence and sexual offences,Unable to prosecute suspect,
,2020-05,Durham Constabulary,Durham Constabulary,-1.523397,54.549346,On or near Ardmore Drive,E01012328,Darlington 003A,Anti-social behaviour,,
,2020-05,Durham Constabulary,Durham Constabulary,-1.522290,54.548884,On or near Shetland Drive,E01012328,Darlington 003A,Anti-social behaviour,,
,2020-05,Durham Constabulary,Durham Constabulary,-1.519311,54.548432,On or near Elgin Court,E01012328,Darlington 003A,Anti-social behaviour,,
,2020-05,Durham Constabulary,Durham Constabulary,-1.522898,54.548455,On or near Lismore Drive,E01012328,Darlington 003A,Anti-social behaviour,,
,2020-05,Durham Constabulary,Durham Constabulary,-1.519960,54.549809,On or near Inveraray Close,E01012328,Darlington 003A,Anti-social behaviour,,
,2020-05,Durham Constabulary,Durham Constabulary,-1.522290,54.548884,On or near Shetland Drive,E01012328,Darlington 003A,Anti-social behaviour,,
,2020-05,Durham Constabulary,Durham Constabulary,-1.519960,54.549809,On or near Inveraray Close,E01012328,Darlington 003A,Anti-social behaviour,,
,2020-05,Durham Constabulary,Durham Constabulary,-1.523094,54.548824,On or near Jura Drive,E01012328,Darlington 003A,Anti-social behaviour,,
,2020-05,Durham Constabulary,Durham Constabulary,-1.522898,54.548455,On or near Lismore Drive,E01012328,Darlington 003A,Anti-social behaviour,,
,2020-05,Durham Constabulary,Durham Constabulary,-1.519406,54.549582,On or near Fotheringhay Drive,E01012328,Darlington 003A,Anti-social behaviour,,
,2020-05,Durham Constabulary,Durham Constabulary,-1.519110,54.545798,On or near Cloverdale,E01012328,Darlington 003A,Anti-social behaviour,,
,2020-05,Durham Constabulary,Durham Constabulary,-1.526402,54.548873,On or near Argyll Close,E01012328,Darlington 003A,Anti-social behaviour,,
,2020-05,Durham Constabulary,Durham Constabulary,-1.526402,54.548873,On or near Argyll Close,E01012328,Darlington 003A,Anti-social behaviour,,
,2020-05,Durham Constabulary,Durham Constabulary,-1.522898,54.548455,On or near Lismore Drive,E01012328,Darlington 003A,Anti-social behaviour,,
,2020-05,Durham Constabulary,Durham Constabulary,-1.523397,54.549346,On or near Ardmore Drive,E01012328,Darlington 003A,Anti-social behaviour,,
73f0498da1573d60f899db1418191b7048ae29feb23d87e76b10cbd882a48275,2020-05,Durham Constabulary,Durham Constabulary,-1.523397,54.549346,On or near Ardmore Drive,E01012328,Darlington 003A,Vehicle crime,Investigation complete; no suspect identified,
aff0f7557d9c08e83612b5ace1d53bfdb996f887f991c5f2fe58af649f198e92,2020-05,Durham Constabulary,Durham Constabulary,-1.520776,54.544780,On or near Augusta Close,E01012328,Darlington 003A,Violence and sexual offences,Action to be taken by another organisation,
0af98f5056c6c8c1eb0eeb9a62feff72786ab9d2ef607164d57c80866c14ff4a,2020-05,Durham Constabulary,Durham Constabulary,-1.523397,54.549346,On or near Ardmore Drive,E01012328,Darlington 003A,Violence and sexual offences,Local resolution,
3e75eb03eb51b00ddbe4c57af86247cc8bec2ea1ea127f896852d3d0aadfcedb,2020-05,Durham Constabulary,Durham Constabulary,-1.519110,54.545798,On or near Cloverdale,E01012328,Darlington 003A,Violence and sexual offences,Court result unavailable,
9ae5b30a28c79239a1ff4984778a528c5f85ca7ca7d67be928e1d928825c29ff,2020-05,Durham Constabulary,Durham Constabulary,-1.519110,54.545798,On or near Cloverdale,E01012328,Darlington 003A,Violence and sexual offences,Unable to prosecute suspect,
,2020-05,Durham Constabulary,Durham Constabulary,-1.522026,54.545018,On or near Sunningdale Green,E01012329,Darlington 003B,Anti-social behaviour,,
,2020-05,Durham Constabulary,Durham Constabulary,-1.518834,54.544341,On or near Jesmond Road,E01012329,Darlington 003B,Anti-social behaviour,,
730da6d6eff8a9a3fd220ee41d79a3a8649c30d1891a194fcb2321fe76772a6c,2020-05,Durham Constabulary,Durham Constabulary,-1.522026,54.545018,On or near Sunningdale Green,E01012329,Darlington 003B,Other theft,Investigation complete; no suspect identified,
40b40bdb1336104f2f50888a7a86b064d8074de390d22e8479caf7f6325b3f30,2020-05,Durham Constabulary,Durham Constabulary,-1.521923,54.544542,On or near Chantilly Avenue,E01012329,Darlington 003B,Public order,Unable to prosecute suspect,
7e80b47947854c96fef9f33d7e84b75cc25187c57826b4fee77b458c9d3b155a,2020-05,Durham Constabulary,Durham Constabulary,-1.516715,54.543137,On or near Harley Grove,E01012329,Darlington 003B,Vehicle crime,Investigation complete; no suspect identified,
2e90fa01b652fcdd98468e758727c1424693d1d4d8aab4290726d31f6855a8e2,2020-05,Durham Constabulary,Durham Constabulary,-1.517031,54.550382,On or near Galloway,E01012329,Darlington 003B,Violence and sexual offences,Unable to prosecute suspect,
c690991ac08af8db04302855a6f554bca166cb1d4e6826c68585c3b408bb2c62,2020-05,Durham Constabulary,Durham Constabulary,-1.515000,54.543094,On or near Gatehouse Close,E01012329,Darlington 003B,Other crime,Status update unavailable,
,2020-05,Durham Constabulary,Durham Constabulary,-1.535863,54.548901,On or near Hamilton Drive,E01012330,Darlington 003C,Anti-social behaviour,,
66468ec1fb7034bd83e10d17e5ed728254439ca97534d488a6fde0cb5da907d7,2020-05,Durham Constabulary,Durham Constabulary,-1.537430,54.547046,On or near Kingsway,E01012330,Darlington 003C,Criminal damage and arson,Investigation complete; no suspect identified,
,2020-05,Durham Constabulary,Durham Constabulary,-1.528256,54.546247,On or near Glamis Road,E01012331,Darlington 003D,Anti-social behaviour,,
,2020-05,Durham Constabulary,Durham Constabulary,-1.534995,54.545024,On or near Hercules Street,E01012331,Darlington 003D,Anti-social behaviour,,
8b610ff3aa390eff81108a7470652e386d39cb70a8eb7413188c16a00d621441,2020-05,Durham Constabulary,Durham Constabulary,-1.530803,54.547928,On or near Carnoustie Grove,E01012331,Darlington 003D,Other theft,Investigation complete; no suspect identified,
a18b95388d0104ba17a77bfd2a5651f260cd5b2a4e4e762a6ee5f2675029294a,2020-05,Durham Constabulary,Durham Constabulary,-1.526524,54.546339,On or near Killin Road,E01012331,Darlington 003D,Violence and sexual offences,Further investigation is not in the public interest,
affe1988195404e821ac525b32fd7cf27281a80639ab33b85663f8b98189fe3a,2020-05,Durham Constabulary,Durham Constabulary,-1.533688,54.545738,On or near Warkworth Way,E01012331,Darlington 003D,Violence and sexual offences,Local resolution,
c3e8ec779749097dfd6c88b6f60eea5b241c47ed7fb1928346586ce4166327a9,2020-05,Durham Constabulary,Durham Constabulary,-1.535660,54.544990,On or near Locomotive Street,E01012331,Darlington 003D,Violence and sexual offences,Unable to prosecute suspect,
,2020-05,Durham Constabulary,Durham Constabulary,-1.551638,54.536971,On or near Havelock Street,E01012349,Darlington 004A,Anti-social behaviour,,
,2020-05,Durham Constabulary,Durham Constabulary,-1.551273,54.540745,On or near Mellor Court,E01012349,Darlington 004A,Anti-social behaviour,,
,2020-05,Durham Constabulary,Durham Constabulary,-1.552489,54.539734,On or near Wales Street,E01012349,Darlington 004A,Anti-social behaviour,,
,2020-05,Durham Constabulary,Durham Constabulary,-1.550253,54.537847,On or near Gurney Street,E01012349,Darlington 004A,Anti-social behaviour,,
,2020-05,Durham Constabulary,Durham Constabulary,-1.552003,54.541790,On or near Zetland Street,E01012349,Darlington 004A,Anti-social behaviour,,
,2020-05,Durham Constabulary,Durham Constabulary,-1.551273,54.540745,On or near Mellor Court,E01012349,Darlington 004A,Anti-social behaviour,,
,2020-05,Durham Constabulary,Durham Constabulary,-1.551265,54.535820,On or near Windsor Street,E01012349,Darlington 004A,Anti-social behaviour,,
,2020-05,Durham Constabulary,Durham Constabulary,-1.551619,54.537367,On or near Katherine Street,E01012349,Darlington 004A,Anti-social behaviour,,
,2020-05,Durham Constabulary,Durham Constabulary,-1.552877,54.538180,On or near Supermarket,E01012349,Darlington 004A,Anti-social behaviour,,
,2020-05,Durham Constabulary,Durham Constabulary,-1.551273,54.540745,On or near Mellor Court,E01012349,Darlington 004A,Anti-social behaviour,,
,2020-05,Durham Constabulary,Durham Constabulary,-1.551265,54.535820,On or near Windsor Street,E01012349,Darlington 004A,Anti-social behaviour,,
,2020-05,Durham Constabulary,Durham Constabulary,-1.551619,54.537367,On or near Katherine Street,E01012349,Darlington 004A,Anti-social behaviour,,
,2020-05,Durham Constabulary,Durham Constabulary,-1.551265,54.535820,On or near Windsor Street,E01012349,Darlington 004A,Anti-social behaviour,,
1c3e3e8cca7c4b21d31937f488ff9ca62996b8567a2881a563f40b153c97a24b,2020-05,Durham Constabulary,Durham Constabulary,-1.551882,54.535921,On or near Southampton Street,E01012349,Darlington 004A,Criminal damage and arson,Investigation complete; no suspect identified,
7ad2500b86f1d3206073848bc9f87f4983d3738a53e0d250daf9fd4b40d87ce3,2020-05,Durham Constabulary,Durham Constabulary,-1.552003,54.541790,On or near Zetland Street,E01012349,Darlington 004A,Drugs,Court result unavailable,
98ed08df22f2ed5a79f367cb3d43cf2d977df878d64674c67aa58d77c4e71a6a,2020-05,Durham Constabulary,Durham Constabulary,-1.552877,54.538180,On or near Supermarket,E01012349,Darlington 004A,Other theft,Court result unavailable,
db679d1466fbc413cef377d2bacdf369ad1584eae31d095606a69dc6c8eb3154,2020-05,Durham Constabulary,Durham Constabulary,-1.552877,54.538180,On or near Supermarket,E01012349,Darlington 004A,Other theft,Unable to prosecute suspect,
e12ec4fc0cba166a81aee2c384ecd3e1207e7af88e7e04f1b935266916098ba2,2020-05,Durham Constabulary,Durham Constabulary,-1.552003,54.541790,On or near Zetland Street,E01012349,Darlington 004A,Public order,Unable to prosecute suspect,
11ce7721e4d216908321bd58f131130494265aade6b41d7adb13b9ba1fb62b03,2020-05,Durham Constabulary,Durham Constabulary,-1.552673,54.537065,On or near North Road,E01012349,Darlington 004A,Public order,Local resolution,
b319f24007f22d4eacd5cfe12397654ec93b45be856db4ab2072fc6ba3913be3,2020-05,Durham Constabulary,Durham Constabulary,-1.551882,54.535921,On or near Southampton Street,E01012349,Darlington 004A,Shoplifting,Investigation complete; no suspect identified,
0f408efeb1a8d887fd469651d5019f5963608ef71f491366d112e1f736ff9f82,2020-05,Durham Constabulary,Durham Constabulary,-1.551882,54.535921,On or near Southampton Street,E01012349,Darlington 004A,Shoplifting,Investigation complete; no suspect identified,
637d38abd83df47b8dd27706422f2ae775cbe33382aac7587b4ae188ce911551,2020-05,Durham Constabulary,Durham Constabulary,-1.550289,54.538809,On or near Henry Street,E01012349,Darlington 004A,Theft from the person,Court result unavailable,
ca438b3fed5d020c671ec344d7bc1d7bd1681a24e863a1cc5e6f4365ac5ff5e4,2020-05,Durham Constabulary,Durham Constabulary,-1.550648,54.538469,On or near Shildon Street,E01012349,Darlington 004A,Violence and sexual offences,Unable to prosecute suspect,
f21f8679802368bacccc98c18e7332384a09c976e6eaa459fa0ad41cd8d59593,2020-05,Durham Constabulary,Durham Constabulary,-1.552877,54.538180,On or near Supermarket,E01012349,Darlington 004A,Violence and sexual offences,Unable to prosecute suspect,
0d4cd5910555c7f8ac0b73cefe509bde697648f1754e93251368eb9e2dcec3a8,2020-05,Durham Constabulary,Durham Constabulary,-1.552003,54.541790,On or near Zetland Street,E01012349,Darlington 004A,Violence and sexual offences,Unable to prosecute suspect,
b68bf6bb3315b5257f93cb8081f5e70aaba00bd25773505134575100cf31b0a1,2020-05,Durham Constabulary,Durham Constabulary,-1.552003,54.541790,On or near Zetland Street,E01012349,Darlington 004A,Violence and sexual offences,Unable to prosecute suspect,
c5b798f96480f82d170d03ca0c41977919aa69dac98a3497961b364d7300538e,2020-05,Durham Constabulary,Durham Constabulary,-1.552671,54.541478,On or near Lansdowne Street,E01012349,Darlington 004A,Violence and sexual offences,Unable to prosecute suspect,
ce008e85130d009bf0ecf2855d2222d06bb5e3d25bc5c59b725c6c45380a8223,2020-05,Durham Constabulary,Durham Constabulary,-1.552881,54.539241,On or near Denmark Street,E01012349,Darlington 004A,Violence and sexual offences,Unable to prosecute suspect,
195ba68112e7ea9f91ec0cad15e016a67422fffb351ab5c576d9c8863fd8e377,2020-05,Durham Constabulary,Durham Constabulary,-1.550253,54.537847,On or near Gurney Street,E01012349,Darlington 004A,Violence and sexual offences,Unable to prosecute suspect,
67846f2d914224d46464993de85aa88c0c8f08f537b0b0e1be8f02046a0a7211,2020-05,Durham Constabulary,Durham Constabulary,-1.552877,54.538180,On or near Supermarket,E01012349,Darlington 004A,Violence and sexual offences,Local resolution,
3147177aedc6ff69a95e657568f0ad148127be51350e514b88bdbe4c3582f95b,2020-05,Durham Constabulary,Durham Constabulary,-1.552671,54.541478,On or near Lansdowne Street,E01012349,Darlington 004A,Violence and sexual offences,Unable to prosecute suspect,
d0051fe591ce0e82d694998d38d489be80880729c1a38937798c95f5b1f7a901,2020-05,Durham Constabulary,Durham Constabulary,-1.552673,54.537065,On or near North Road,E01012349,Darlington 004A,Violence and sexual offences,Unable to prosecute suspect,
596ec541094e0f6813091d9b185565f4d748c05723c6ea89c4cc80462b8f784d,2020-05,Durham Constabulary,Durham Constabulary,-1.552671,54.541478,On or near Lansdowne Street,E01012349,Darlington 004A,Violence and sexual offences,Unable to prosecute suspect,
,2020-05,Durham Constabulary,Durham Constabulary,-1.551751,54.542211,On or near Brougham Street,E01012350,Darlington 004B,Anti-social behaviour,,
,2020-05,Durham Constabulary,Durham Constabulary,-1.548809,54.545525,On or near Ruby Street,E01012350,Darlington 004B,Anti-social behaviour,,
,2020-05,Durham Constabulary,Durham Constabulary,-1.549531,54.537494,On or near Stephen Court,E01012350,Darlington 004B,Anti-social behaviour,,
,2020-05,Durham Constabulary,Durham Constabulary,-1.548958,54.544591,On or near Dublin Street,E01012350,Darlington 004B,Anti-social behaviour,,
,2020-05,Durham Constabulary,Durham Constabulary,-1.548461,54.542028,On or near Wensleydale Road,E01012350,Darlington 004B,Anti-social behaviour,,
,2020-05,Durham Constabulary,Durham Constabulary,-1.551849,54.545959,On or near Thompson Street West,E01012350,Darlington 004B,Anti-social behaviour,,
bc82ac3b66299fc5e0467d419ed4dee0a9eefa15870ac116d7ad0dd3e69c29fe,2020-05,Durham Constabulary,Durham Constabulary,-1.547287,54.543372,On or near Leyburn Road,E01012350,Darlington 004B,Burglary,Investigation complete; no suspect identified,
7c39e31cf1182ac997e7aa954a518411f87852bf3a7e06ebf0ad343696c2f1f9,2020-05,Durham Constabulary,Durham Constabulary,-1.548958,54.544591,On or near Dublin Street,E01012350,Darlington 004B,Burglary,Investigation complete; no suspect identified,
e09357153ad0eaa30e1e1dab991a06c10037e1fe068d4361eb699ef927969267,2020-05,Durham Constabulary,Durham Constabulary,-1.549830,54.542599,On or near North Rise,E01012350,Darlington 004B,Criminal damage and arson,Court result unavailable,
6c19a3e4399b4538533e3abcc03b6df16c1a95056a988ab8b2eb9ca195210b25,2020-05,Durham Constabulary,Durham Constabulary,-1.551530,54.542633,On or near Cumberland Street,E01012350,Darlington 004B,Criminal damage and arson,Investigation complete; no suspect identified,
5eb0e85fe83dcc43492ab33e476e7f82c42b61084c907d8e2a507bcfc80048f5,2020-05,Durham Constabulary,Durham Constabulary,-1.551530,54.542633,On or near Cumberland Street,E01012350,Darlington 004B,Criminal damage and arson,Investigation complete; no suspect identified,
e23d55df9a8fe96e7a7b3dd45c9b809c6a6f10bf71e0719e81767892a7ea644d,2020-05,Durham Constabulary,Durham Constabulary,-1.548843,54.545211,On or near Peabody Street,E01012350,Darlington 004B,Other theft,Unable to prosecute suspect,
52775c35fdd306f9fcf1a2b117d531641d45f6bbd5ce471a36f649c99a11346e,2020-05,Durham Constabulary,Durham Constabulary,-1.548968,54.542300,On or near North Road,E01012350,Darlington 004B,Other theft,Investigation complete; no suspect identified,
485cfdc6b466d29692f38f77c02c3cc1c7493ddd3f76d7525c39c4b9109a05d3,2020-05,Durham Constabulary,Durham Constabulary,-1.549531,54.537494,On or near Stephen Court,E01012350,Darlington 004B,Other theft,Investigation complete; no suspect identified,
c8789bb70e34777eb579033592c7cd037d6f101ea61c42da19b93f380549e33c,2020-05,Durham Constabulary,Durham Constabulary,-1.548843,54.545211,On or near Peabody Street,E01012350,Darlington 004B,Possession of weapons,Unable to prosecute suspect,
7d06286eb412aaaaa8cb8dbaa80300327bac954b03b544ec5dcc2ce0e362617d,2020-05,Durham Constabulary,Durham Constabulary,-1.551751,54.542211,On or near Brougham Street,E01012350,Darlington 004B,Public order,Local resolution,
822280919c9cac218e5d2041de4cdcf29b7aafa22803bc530c5cc53e0e3be408,2020-05,Durham Constabulary,Durham Constabulary,-1.549531,54.537494,On or near Stephen Court,E01012350,Darlington 004B,Public order,Unable to prosecute suspect,
2fde39122c29d66b22b755128290ce04379c9624c46b417bae09840e7dad9284,2020-05,Durham Constabulary,Durham Constabulary,-1.551751,54.542211,On or near Brougham Street,E01012350,Darlington 004B,Public order,Unable to prosecute suspect,
a0ebf2ec7c4f1b3ff36da68031fb9e321c9e0a4a16c5cdb9e312b61d5648fcfe,2020-05,Durham Constabulary,Durham Constabulary,-1.552045,54.546400,On or near Fulford Place,E01012350,Darlington 004B,Vehicle crime,Unable to prosecute suspect,
3bd0dbe1413a3fe10872965a44c69df67df94a6af6ab5e9e0d61d9232cebb439,2020-05,Durham Constabulary,Durham Constabulary,-1.548809,54.545525,On or near Ruby Street,E01012350,Darlington 004B,Vehicle crime,Investigation complete; no suspect identified,
8a9216a2a6c7f142517c46c655d337f57daaa055e40f8fa557235eecf8cc997a,2020-05,Durham Constabulary,Durham Constabulary,-1.549531,54.537494,On or near Stephen Court,E01012350,Darlington 004B,Violence and sexual offences,Unable to prosecute suspect,
34de3bb3d91f210404bb13f659b2878d140128910db86921c19b60d59911fbac,2020-05,Durham Constabulary,Durham Constabulary,-1.549531,54.537494,On or near Stephen Court,E01012350,Darlington 004B,Violence and sexual offences,Investigation complete; no suspect identified,
1f16d0d126baa5807f16f8a89f82fbd89a56efc2b0fee496f42fc834ebac1590,2020-05,Durham Constabulary,Durham Constabulary,-1.549830,54.542599,On or near North Rise,E01012350,Darlington 004B,Violence and sexual offences,Unable to prosecute suspect,
190198293235a49c040bab062aeb0a35a2c8f73bfaf10b0f66ffc9c72cbe64bb,2020-05,Durham Constabulary,Durham Constabulary,-1.549531,54.537494,On or near Stephen Court,E01012350,Darlington 004B,Violence and sexual offences,Unable to prosecute suspect,
798aa2ca49310f738a8d4899892e5ea3af067ee52e33a837566824e87ac2b28f,2020-05,Durham Constabulary,Durham Constabulary,-1.548958,54.544591,On or near Dublin Street,E01012350,Darlington 004B,Violence and sexual offences,Unable to prosecute suspect,
816574c137d186dffa7e0e6f184ad5f0779f4d97fbc2d3f21e38efe669a62451,2020-05,Durham Constabulary,Durham Constabulary,-1.551751,54.542211,On or near Brougham Street,E01012350,Darlington 004B,Violence and sexual offences,Local resolution,
527206216693a16d58d765a24484ac8a975d7c38bfd111345aad35dda69a9aea,2020-05,Durham Constabulary,Durham Constabulary,-1.549830,54.542599,On or near North Rise,E01012350,Darlington 004B,Violence and sexual offences,Unable to prosecute suspect,
c284a936e85ed34f73dd6ebbb4e221f266c591df3ea050bb05ae2a78006083ee,2020-05,Durham Constabulary,Durham Constabulary,-1.549830,54.542599,On or near North Rise,E01012350,Darlington 004B,Violence and sexual offences,Unable to prosecute suspect,
aa66b720c7a2db84fc42bd2cb930e26c1ca52d139e1e30c97195850aebb28df3,2020-05,Durham Constabulary,Durham Constabulary,-1.548958,54.544591,On or near Dublin Street,E01012350,Darlington 004B,Violence and sexual offences,Unable to prosecute suspect,
84f0b40e7fa57a12e9ff396e742c4dba63752bf935cdee93ed15ec29edad58b9,2020-05,Durham Constabulary,Durham Constabulary,-1.548809,54.545525,On or near Ruby Street,E01012350,Darlington 004B,Violence and sexual offences,Unable to prosecute suspect,
9506846f7bd4471b5a57678e80c9149c5fd5029fc6baea54eb0902982d94c75a,2020-05,Durham Constabulary,Durham Constabulary,-1.548809,54.545525,On or near Ruby Street,E01012350,Darlington 004B,Violence and sexual offences,Unable to prosecute suspect,
,2020-05,Durham Constabulary,Durham Constabulary,-1.543574,54.542279,On or near Emmanuel Close,E01012351,Darlington 004C,Anti-social behaviour,,
,2020-05,Durham Constabulary,Durham Constabulary,-1.546736,54.540054,On or near Redmire Close,E01012351,Darlington 004C,Anti-social behaviour,,
,2020-05,Durham Constabulary,Durham Constabulary,-1.546736,54.540054,On or near Redmire Close,E01012351,Darlington 004C,Anti-social behaviour,,
e1cb6e67b4b6d55f4786c539c9142f4a1551a37f3da9c16e13282e0922544e45,2020-05,Durham Constabulary,Durham Constabulary,-1.543718,54.544545,On or near Christchurch Close,E01012351,Darlington 004C,Bicycle theft,Investigation complete; no suspect identified,
b34ef5448685fe2f8e6cbb8db1ea84e6c7a2b9450e16106155accd5c37d675b9,2020-05,Durham Constabulary,Durham Constabulary,-1.542826,54.542816,On or near Downing Court,E01012351,Darlington 004C,Burglary,Investigation complete; no suspect identified,
fa49bd7d44f0deb3571de28218cec7730058036c84bd33e29c98511de1695671,2020-05,Durham Constabulary,Durham Constabulary,-1.543657,54.540366,On or near Peterhouse Close,E01012351,Darlington 004C,Violence and sexual offences,Investigation complete; no suspect identified,
f86dc8fb6db1c19e6efd6d36894e90aba77302f1242d12b6ad229b42c2a0f2a3,2020-05,Durham Constabulary,Durham Constabulary,-1.545302,54.543913,On or near Wadham Grove,E01012351,Darlington 004C,Violence and sexual offences,Unable to prosecute suspect,
,2020-05,Durham Constabulary,Durham Constabulary,-1.558451,54.542982,On or near Spring Hill,E01012352,Darlington 004D,Anti-social behaviour,,
,2020-05,Durham Constabulary,Durham Constabulary,-1.555826,54.542729,On or near Sports/Recreation Area,E01012352,Darlington 004D,Anti-social behaviour,,
,2020-05,Durham Constabulary,Durham Constabulary,-1.558337,54.543494,On or near I'Anson Street,E01012352,Darlington 004D,Anti-social behaviour,,
,2020-05,Durham Constabulary,Durham Constabulary,-1.557561,54.540920,On or near Harry Street,E01012352,Darlington 004D,Anti-social behaviour,,
,2020-05,Durham Constabulary,Durham Constabulary,-1.555526,54.541911,On or near Eldon Place,E01012352,Darlington 004D,Anti-social behaviour,,
,2020-05,Durham Constabulary,Durham Constabulary,-1.554409,54.540855,On or near Westmoreland Street,E01012352,Darlington 004D,Anti-social behaviour,,
,2020-05,Durham Constabulary,Durham Constabulary,-1.558451,54.542982,On or near Spring Hill,E01012352,Darlington 004D,Anti-social behaviour,,
,2020-05,Durham Constabulary,Durham Constabulary,-1.555526,54.541911,On or near Eldon Place,E01012352,Darlington 004D,Anti-social behaviour,,
,2020-05,Durham Constabulary,Durham Constabulary,-1.555526,54.541911,On or near Eldon Place,E01012352,Darlington 004D,Anti-social behaviour,,
,2020-05,Durham Constabulary,Durham Constabulary,-1.558479,54.541805,On or near Whessoe Road,E01012352,Darlington 004D,Anti-social behaviour,,
,2020-05,Durham Constabulary,Durham Constabulary,-1.555826,54.542729,On or near Sports/Recreation Area,E01012352,Darlington 004D,Anti-social behaviour,,
,2020-05,Durham Constabulary,Durham Constabulary,-1.555826,54.542729,On or near Sports/Recreation Area,E01012352,Darlington 004D,Anti-social behaviour,,
,2020-05,Durham Constabulary,Durham Constabulary,-1.557561,54.540920,On or near Harry Street,E01012352,Darlington 004D,Anti-social behaviour,,
a2f59c15c1df0b845b3da768a40fc438c57cb5647aa8311b6de39c12ace9bd0a,2020-05,Durham Constabulary,Durham Constabulary,-1.558451,54.542982,On or near Spring Hill,E01012352,Darlington 004D,Burglary,Court result unavailable,
cee0dac47ec6e5c584f3386513ff968867168849bdf93ded025036edb0c4c660,2020-05,Durham Constabulary,Durham Constabulary,-1.557561,54.540920,On or near Harry Street,E01012352,Darlington 004D,Criminal damage and arson,Investigation complete; no suspect identified,
82aa2afe36fa0c0bccfd51fd895fb9749717bfa30e25437f0a1dcc14f6202aff,2020-05,Durham Constabulary,Durham Constabulary,-1.553589,54.540888,On or near Derby Street,E01012352,Darlington 004D,Criminal damage and arson,Investigation complete; no suspect identified,
e31ccfd1b83ea4c172e508fff9c0a8b51c77682a87d0f6b1cfa9d829c2bc6411,2020-05,Durham Constabulary,Durham Constabulary,-1.557518,54.540660,On or near Sheraton Street,E01012352,Darlington 004D,Criminal damage and arson,Investigation complete; no suspect identified,
b61483ce424c68735b58b883c5cdfb6d60b7ec27d42890538a9eed6f28be9d5c,2020-05,Durham Constabulary,Durham Constabulary,-1.557561,54.540920,On or near Harry Street,E01012352,Darlington 004D,Criminal damage and arson,Investigation complete; no suspect identified,
fa140b9ebbf2bf79f4e2078ab0f8d67a551d6c9859f3794b9a9ca5efefd455e6,2020-05,Durham Constabulary,Durham Constabulary,-1.558337,54.543494,On or near I'Anson Street,E01012352,Darlington 004D,Other theft,Unable to prosecute suspect,
f9b85bf4efe1f4a2263e373d568d52d9912ac889b5025d4c09e61eed13ca7dd1,2020-05,Durham Constabulary,Durham Constabulary,-1.557561,54.540920,On or near Harry Street,E01012352,Darlington 004D,Other theft,Unable to prosecute suspect,
1fab7393e26fd84d73bf5cb006601f25c26c5b91eedcfdcbb456691e0801ff49,2020-05,Durham Constabulary,Durham Constabulary,-1.554157,54.541285,On or near Eldon Street,E01012352,Darlington 004D,Public order,Unable to prosecute suspect,
bdaeb50663471905fc05056a87965aecf75c0a5271963dce6245a7de39319149,2020-05,Durham Constabulary,Durham Constabulary,-1.553589,54.540888,On or near Derby Street,E01012352,Darlington 004D,Public order,Unable to prosecute suspect,
0565e677056bea13238d620239a692230d5f4dd4cd05ffc57849145d5507e688,2020-05,Durham Constabulary,Durham Constabulary,-1.557561,54.540920,On or near Harry Street,E01012352,Darlington 004D,Public order,Court result unavailable,
da59f38672ffda77b1f28b47e1eabbcd88000ad1798cd72afb31177a640ddb8f,2020-05,Durham Constabulary,Durham Constabulary,-1.557561,54.540920,On or near Harry Street,E01012352,Darlington 004D,Violence and sexual offences,Action to be taken by another organisation,
3d1f39dddb45f808b8d46ce22363a540d4753fd231b05506cfe1e8ae1c96a98b,2020-05,Durham Constabulary,Durham Constabulary,-1.557561,54.540920,On or near Harry Street,E01012352,Darlington 004D,Violence and sexual offences,Further investigation is not in the public interest,
4a19b7ec9ff2b786fc3ed5535e04367ca8013f807d29c6528754b3262c2a824c,2020-05,Durham Constabulary,Durham Constabulary,-1.555526,54.541911,On or near Eldon Place,E01012352,Darlington 004D,Violence and sexual offences,Unable to prosecute suspect,
6ce3544750db04b63dba2114769224c501884c4123e02aab17323dbcd193ddad,2020-05,Durham Constabulary,Durham Constabulary,-1.558479,54.541805,On or near Whessoe Road,E01012352,Darlington 004D,Violence and sexual offences,Investigation complete; no suspect identified,
506ae09bb3911ad54d605769f274fce4df0b691d728f7eaadba3447e3efdcf66,2020-05,Durham Constabulary,Durham Constabulary,-1.558479,54.541805,On or near Whessoe Road,E01012352,Darlington 004D,Violence and sexual offences,Investigation complete; no suspect identified,
492bc3eeb82dae2da722b26b3c8ba0ed67cc247edfb71e40dc1b893d12276f06,2020-05,Durham Constabulary,Durham Constabulary,-1.554157,54.541285,On or near Eldon Street,E01012352,Darlington 004D,Violence and sexual offences,Unable to prosecute suspect,
d45ac3eec333d91e280888501953957ecd9ddd49cd580f9f8ccf4f67bbd8828d,2020-05,Durham Constabulary,Durham Constabulary,-1.553589,54.540888,On or near Derby Street,E01012352,Darlington 004D,Violence and sexual offences,Unable to prosecute suspect,
19b29c419fa10fa651dd0a4a5d624a8f1581b960a4010a87c4370330ffa06100,2020-05,Durham Constabulary,Durham Constabulary,-1.557561,54.540920,On or near Harry Street,E01012352,Darlington 004D,Violence and sexual offences,Unable to prosecute suspect,
8722472646621e503dda79eabdbc13d640c8e06e63484bd29b401896ce88c310,2020-05,Durham Constabulary,Durham Constabulary,-1.554362,54.542374,On or near Haig Street,E01012352,Darlington 004D,Violence and sexual offences,Unable to prosecute suspect,
9344b5dec777af6fcc35553795ca80ac0987e5839d2a9848cf03ffb15a4554df,2020-05,Durham Constabulary,Durham Constabulary,-1.557518,54.540660,On or near Sheraton Street,E01012352,Darlington 004D,Violence and sexual offences,Unable to prosecute suspect,
f9730b6630b5acc284d166a00a0b211afd1d9e14f63fbe151e73133ef2967b16,2020-05,Durham Constabulary,Durham Constabulary,-1.558337,54.543494,On or near I'Anson Street,E01012352,Darlington 004D,Violence and sexual offences,Unable to prosecute suspect,
43ee3b5ce538fbade17ded1aa81b8b66eeeb688319b2d079c65a94219bacd1af,2020-05,Durham Constabulary,Durham Constabulary,-1.557518,54.540660,On or near Sheraton Street,E01012352,Darlington 004D,Violence and sexual offences,Unable to prosecute suspect,
38ce9064c51c1285ee8541eb231b9eb614cc733588d00d0a576002f91a58c185,2020-05,Durham Constabulary,Durham Constabulary,-1.557561,54.540920,On or near Harry Street,E01012352,Darlington 004D,Violence and sexual offences,Local resolution,
979bba934891801085ef6abecf3cf8308648db28114532702c3b2300083884ba,2020-05,Durham Constabulary,Durham Constabulary,-1.558337,54.543494,On or near I'Anson Street,E01012352,Darlington 004D,Violence and sexual offences,Unable to prosecute suspect,
9e038e92414135457326cf85d8aa009557eab55cd75c540813f213c2c6a045e9,2020-05,Durham Constabulary,Durham Constabulary,-1.557561,54.540920,On or near Harry Street,E01012352,Darlington 004D,Other crime,Further investigation is not in the public interest,
,2020-05,Durham Constabulary,Durham Constabulary,-1.514638,54.541026,On or near Norwich Grove,E01012325,Darlington 005A,Anti-social behaviour,,
,2020-05,Durham Constabulary,Durham Constabulary,-1.516841,54.537646,On or near Newport Court,E01012325,Darlington 005A,Anti-social behaviour,,
,2020-05,Durham Constabulary,Durham Constabulary,-1.522212,54.538279,On or near Rymers Court,E01012325,Darlington 005A,Anti-social behaviour,,
6d90018abea518dfa9e1fe54cec729f5b1789930faafe380fdd4fdc6832d6ed6,2020-05,Durham Constabulary,Durham Constabulary,-1.514046,54.538812,On or near St David'S Green,E01012325,Darlington 005A,Criminal damage and arson,Investigation complete; no suspect identified,
3b45260e4f299cb153839655c5e8dac1aff57380ff91391907d9b8f65d873330,2020-05,Durham Constabulary,Durham Constabulary,-1.517448,54.539967,On or near Stockton Road,E01012325,Darlington 005A,Violence and sexual offences,Unable to prosecute suspect,
,2020-05,Durham Constabulary,Durham Constabulary,-1.529623,54.539000,On or near Springwell Terrace,E01012326,Darlington 005B,Anti-social behaviour,,
,2020-05,Durham Constabulary,Durham Constabulary,-1.524407,54.539626,On or near Bishop Close,E01012326,Darlington 005B,Anti-social behaviour,,
,2020-05,Durham Constabulary,Durham Constabulary,-1.530654,54.538060,On or near Hutton Avenue,E01012326,Darlington 005B,Anti-social behaviour,,
,2020-05,Durham Constabulary,Durham Constabulary,-1.530654,54.538060,On or near Hutton Avenue,E01012326,Darlington 005B,Anti-social behaviour,,
,2020-05,Durham Constabulary,Durham Constabulary,-1.529623,54.539000,On or near Springwell Terrace,E01012326,Darlington 005B,Anti-social behaviour,,
,2020-05,Durham Constabulary,Durham Constabulary,-1.529623,54.539000,On or near Springwell Terrace,E01012326,Darlington 005B,Anti-social behaviour,,
,2020-05,Durham Constabulary,Durham Constabulary,-1.524407,54.539626,On or near Bishop Close,E01012326,Darlington 005B,Anti-social behaviour,,
,2020-05,Durham Constabulary,Durham Constabulary,-1.529623,54.539000,On or near Springwell Terrace,E01012326,Darlington 005B,Anti-social behaviour,,
623633ab5a394d637d680e6544e57d91c03dbf563197c02146ebc273bd6e8b35,2020-05,Durham Constabulary,Durham Constabulary,-1.527060,54.537426,On or near Cottage Mews,E01012326,Darlington 005B,Public order,Unable to prosecute suspect,
3eb0455f74cb080acc0c76c338288e8b6f493c827ef9cc4494e9cddd996d38b3,2020-05,Durham Constabulary,Durham Constabulary,-1.524407,54.539626,On or near Bishop Close,E01012326,Darlington 005B,Public order,Unable to prosecute suspect,
95b7b4d299731116bb99ca4e6ba14f7c8c1b9dd077a510698198909505fceaa4,2020-05,Durham Constabulary,Durham Constabulary,-1.525520,54.539577,On or near Dunelm Walk,E01012326,Darlington 005B,Violence and sexual offences,Unable to prosecute suspect,
8e2f7269b6960dd32f565d794940e393de25c07e00e41ab9bc099d423f3dcec3,2020-05,Durham Constabulary,Durham Constabulary,-1.527060,54.537426,On or near Cottage Mews,E01012326,Darlington 005B,Violence and sexual offences,Court result unavailable,
5bfd45f56d18b037f206468652a8fbe1779dc75a8621c0b13ad1f5b718c04522,2020-05,Durham Constabulary,Durham Constabulary,-1.527060,54.537426,On or near Cottage Mews,E01012326,Darlington 005B,Violence and sexual offences,Unable to prosecute suspect,
f6d2e65c890c96e7ed9ccb422fcd101eac978ad2d3debdfef949f5d02db215d1,2020-05,Durham Constabulary,Durham Constabulary,-1.521757,54.537621,On or near Haughton Green,E01012326,Darlington 005B,Other crime,Court result unavailable,
,2020-05,Durham Constabulary,Durham Constabulary,-1.526297,54.543229,On or near Rockwell Avenue,E01012332,Darlington 005C,Anti-social behaviour,,
,2020-05,Durham Constabulary,Durham Constabulary,-1.526919,54.544256,On or near Hardwick Close,E01012332,Darlington 005C,Anti-social behaviour,,
,2020-05,Durham Constabulary,Durham Constabulary,-1.531793,54.542531,On or near Corbridge Crescent,E01012332,Darlington 005C,Anti-social behaviour,,
f651978d4bedcf05e79f0bb3e729d5beb2754f00213cb7cbbd9d3b3994243f2d,2020-05,Durham Constabulary,Durham Constabulary,-1.531793,54.542531,On or near Corbridge Crescent,E01012332,Darlington 005C,Drugs,Court result unavailable,
601c4c44a7f4a11c6368b6c7fb123f59d3326bb96f6ad13125c7b15abeee3f63,2020-05,Durham Constabulary,Durham Constabulary,-1.533948,54.544633,On or near Otterburn Close,E01012332,Darlington 005C,Violence and sexual offences,Unable to prosecute suspect,
9397766e2f7cb0d4be7b2fd3f14ce5fe304f637e95b7e8135b66609e90d8535f,2020-05,Durham Constabulary,Durham Constabulary,-1.531195,54.543409,On or near Belsay Walk,E01012332,Darlington 005C,Violence and sexual offences,Unable to prosecute suspect,
4c3cb09b97c4037e4e7dd74977945bf3c5d91da99f933304b8b49fb6c4457ffb,2020-05,Durham Constabulary,Durham Constabulary,-1.534494,54.544222,On or near Ajax Street,E01012332,Darlington 005C,Violence and sexual offences,Unable to prosecute suspect,
3a221f1fa8a9054f8423e0407bb6f32a91de60942236008648b5e9f575430b0b,2020-05,Durham Constabulary,Durham Constabulary,-1.533948,54.544633,On or near Otterburn Close,E01012332,Darlington 005C,Violence and sexual offences,Unable to prosecute suspect,
1f4bf2235c2bafec9c17efe223f47bb22ca6d2e0d24fea55a9e2a6d8b5791075,2020-05,Durham Constabulary,Durham Constabulary,-1.528982,54.545001,On or near Lyonette Road,E01012332,Darlington 005C,Violence and sexual offences,Unable to prosecute suspect,
34fb44c2c8babf499c99ec915bfabe556e02d6fa8c2cb8393921474ef0b1ca67,2020-05,Durham Constabulary,Durham Constabulary,-1.528982,54.545001,On or near Lyonette Road,E01012332,Darlington 005C,Violence and sexual offences,Local resolution,
7462c275d9cf06ee78ed394f9aedd34e04e444b16783d4be853ffb81e3d5d6f7,2020-05,Durham Constabulary,Durham Constabulary,-1.531195,54.543409,On or near Belsay Walk,E01012332,Darlington 005C,Violence and sexual offences,Unable to prosecute suspect,
d36f538a5afae31ea47e92c2d1c627b30a41261848f564b6e5029b7b11b850ca,2020-05,Durham Constabulary,Durham Constabulary,-1.534494,54.544222,On or near Ajax Street,E01012332,Darlington 005C,Violence and sexual offences,Unable to prosecute suspect,
8f18dabe3520c5da9cb86bf11a9f8c8969696914cbc7f4aef5cfab11dee4231b,2020-05,Durham Constabulary,Durham Constabulary,-1.533948,54.544633,On or near Otterburn Close,E01012332,Darlington 005C,Violence and sexual offences,Unable to prosecute suspect,
31a7e09b5ff93502bbcb5c4a855c98084421d7ad703e363d687457d773c55f73,2020-05,Durham Constabulary,Durham Constabulary,-1.528982,54.545001,On or near Lyonette Road,E01012332,Darlington 005C,Violence and sexual offences,Unable to prosecute suspect,
bc0abee6921787fdc8f1116a3ff5c411fcea246b7cc9d09d1eb2bc0561eed6a6,2020-05,Durham Constabulary,Durham Constabulary,-1.534494,54.544222,On or near Ajax Street,E01012332,Darlington 005C,Violence and sexual offences,Unable to prosecute suspect,
f6d7ec60597b6fe171e3061a4692f317fef13eb5f8b7f32cbb7750d17785b09b,2020-05,Durham Constabulary,Durham Constabulary,-1.531983,54.540734,On or near Bamburgh Place,E01012333,Darlington 005D,Criminal damage and arson,Investigation complete; no suspect identified,
bdd3a5c95af817dbb7b1be1cc0df18d970dd1002e336b45acc137bd40cb3b402,2020-05,Durham Constabulary,Durham Constabulary,-1.534231,54.541516,On or near Mossbank Grove,E01012333,Darlington 005D,Criminal damage and arson,Investigation complete; no suspect identified,
5f114879b7bfae4298b7371c795e5314f69766b76a0a87f0a9d3e5cde4719b4b,2020-05,Durham Constabulary,Durham Constabulary,-1.533251,54.539301,On or near Wheeldale Close,E01012333,Darlington 005D,Criminal damage and arson,Investigation complete; no suspect identified,
3bcad1340863fb5f8fa3033c5d546e0948864e9e2caec2332f5ab658545b0419,2020-05,Durham Constabulary,Durham Constabulary,-1.537988,54.541378,On or near Inglewood Close,E01012333,Darlington 005D,Other theft,Investigation complete; no suspect identified,
5144ddbcb515b695dc6558bf14e61ef04d3c2c911a3fa312372a4d00efc998d4,2020-05,Durham Constabulary,Durham Constabulary,-1.537988,54.541378,On or near Inglewood Close,E01012333,Darlington 005D,Vehicle crime,Investigation complete; no suspect identified,
,2020-05,Durham Constabulary,Durham Constabulary,-1.566621,54.540702,On or near Tristram Avenue,E01012309,Darlington 006A,Anti-social behaviour,,
,2020-05,Durham Constabulary,Durham Constabulary,-1.566621,54.540702,On or near Tristram Avenue,E01012309,Darlington 006A,Anti-social behaviour,,
,2020-05,Durham Constabulary,Durham Constabulary,-1.565348,54.536869,On or near Desmond Way,E01012309,Darlington 006A,Anti-social behaviour,,
,2020-05,Durham Constabulary,Durham Constabulary,-1.561765,54.539480,On or near Hensfield Grove,E01012309,Darlington 006A,Anti-social behaviour,,
,2020-05,Durham Constabulary,Durham Constabulary,-1.566621,54.540702,On or near Tristram Avenue,E01012309,Darlington 006A,Anti-social behaviour,,
,2020-05,Durham Constabulary,Durham Constabulary,-1.565348,54.536869,On or near Desmond Way,E01012309,Darlington 006A,Anti-social behaviour,,
,2020-05,Durham Constabulary,Durham Constabulary,-1.566621,54.540702,On or near Tristram Avenue,E01012309,Darlington 006A,Anti-social behaviour,,
,2020-05,Durham Constabulary,Durham Constabulary,-1.566621,54.540702,On or near Tristram Avenue,E01012309,Darlington 006A,Anti-social behaviour,,
,2020-05,Durham Constabulary,Durham Constabulary,-1.566621,54.540702,On or near Tristram Avenue,E01012309,Darlington 006A,Anti-social behaviour,,
,2020-05,Durham Constabulary,Durham Constabulary,-1.561765,54.539480,On or near Hensfield Grove,E01012309,Darlington 006A,Anti-social behaviour,,
,2020-05,Durham Constabulary,Durham Constabulary,-1.565348,54.536869,On or near Desmond Way,E01012309,Darlington 006A,Anti-social behaviour,,
a250a270fd2e0a6430b9330b1e90702635c52be25205de839f6d10a05b7e67c2,2020-05,Durham Constabulary,Durham Constabulary,-1.570001,54.539734,On or near Marwood Crescent,E01012309,Darlington 006A,Burglary,Investigation complete; no suspect identified,
ff6894a0c3ac6e2881db041a7fba8ac7bf8b03405478e8fc5094bc421820ab7f,2020-05,Durham Constabulary,Durham Constabulary,-1.565348,54.536869,On or near Desmond Way,E01012309,Darlington 006A,Criminal damage and arson,Investigation complete; no suspect identified,
b80276e0cf3477b9ca65658b69b765a3fae5f9835d158e0747c48a7e24c93280,2020-05,Durham Constabulary,Durham Constabulary,-1.563367,54.540043,On or near Aldgrove Way,E01012309,Darlington 006A,Public order,Unable to prosecute suspect,
86bd2768e154eab8b63dc5e6ac3d659a8f12888711e357130e112c4fb4c2f165,2020-05,Durham Constabulary,Durham Constabulary,-1.565348,54.536869,On or near Desmond Way,E01012309,Darlington 006A,Public order,Court result unavailable,
1bbaea5f3b0e3081322a29cf8536c34aa016cb9db42d49d3fd3e35d9aa47a0df,2020-05,Durham Constabulary,Durham Constabulary,-1.565348,54.536869,On or near Desmond Way,E01012309,Darlington 006A,Public order,Status update unavailable,
5ff50ebace7bef44bf2cac73acac0be66c32e359b1194b912c30205280f4d766,2020-05,Durham Constabulary,Durham Constabulary,-1.565348,54.536869,On or near Desmond Way,E01012309,Darlington 006A,Shoplifting,Investigation complete; no suspect identified,
dfcf9e6ffa312d7a8cf9d6510007df5f15cf49b9d994bd44aa0069d45f915170,2020-05,Durham Constabulary,Durham Constabulary,-1.565348,54.536869,On or near Desmond Way,E01012309,Darlington 006A,Violence and sexual offences,Court result unavailable,
5ebd0302e2034c6280a9665412af46d5c34c4ab7db7a6ff018b594240a730656,2020-05,Durham Constabulary,Durham Constabulary,-1.566621,54.540702,On or near Tristram Avenue,E01012309,Darlington 006A,Violence and sexual offences,Status update unavailable,
d309441afbaf88074619051ca17d744f50e974557f2a53f491b8875813ef6dc3,2020-05,Durham Constabulary,Durham Constabulary,-1.565348,54.536869,On or near Desmond Way,E01012309,Darlington 006A,Violence and sexual offences,Court result unavailable,
943d333b033c75726a31101a2395c2d31608f09cca2cc1363c6982ed55db8a5c,2020-05,Durham Constabulary,Durham Constabulary,-1.565348,54.536869,On or near Desmond Way,E01012309,Darlington 006A,Violence and sexual offences,Unable to prosecute suspect,
,2020-05,Durham Constabulary,Durham Constabulary,-1.579433,54.536298,On or near Prior Dene,E01012310,Darlington 006B,Anti-social behaviour,,
,2020-05,Durham Constabulary,Durham Constabulary,-1.580561,54.539322,On or near Leach Grove,E01012310,Darlington 006B,Anti-social behaviour,,
,2020-05,Durham Constabulary,Durham Constabulary,-1.579433,54.536298,On or near Prior Dene,E01012310,Darlington 006B,Anti-social behaviour,,
0d930ffd8466a0eaa7bb24c88a62f129d6c8f1806282a0b081e6acd5c5330c10,2020-05,Durham Constabulary,Durham Constabulary,-1.579433,54.536298,On or near Prior Dene,E01012310,Darlington 006B,Criminal damage and arson,Unable to prosecute suspect,
7d9251baba0a5d91f88d337a7c9c5247745e435d1bbe01dc242b86f8ff6ea9a9,2020-05,Durham Constabulary,Durham Constabulary,-1.587101,54.539174,On or near Nickstream Lane,E01012310,Darlington 006B,Other theft,Investigation complete; no suspect identified,
c65ea49611da16bc8f67b72ab72ec592e07ec572093d73c58fe38ca0a0e1b1f9,2020-05,Durham Constabulary,Durham Constabulary,-1.585835,54.540544,On or near Meadowfield Road,E01012310,Darlington 006B,Other theft,Investigation complete; no suspect identified,
1208a04152fa152948f7aff5d772b6fc2ddf0007928389141f260fdfa3717c2e,2020-05,Durham Constabulary,Durham Constabulary,-1.585835,54.540544,On or near Meadowfield Road,E01012310,Darlington 006B,Shoplifting,Investigation complete; no suspect identified,
9df60e00f891c3b42f956eea785cba52ec6c85386d9acd697e49ea07cf6149b8,2020-05,Durham Constabulary,Durham Constabulary,-1.581160,54.541274,On or near Mulheim Close,E01012310,Darlington 006B,Violence and sexual offences,Unable to prosecute suspect,
,2020-05,Durham Constabulary,Durham Constabulary,-1.576276,54.538210,On or near Laing Street,E01012311,Darlington 006C,Anti-social behaviour,,
,2020-05,Durham Constabulary,Durham Constabulary,-1.576276,54.538210,On or near Laing Street,E01012311,Darlington 006C,Anti-social behaviour,,
,2020-05,Durham Constabulary,Durham Constabulary,-1.573507,54.539935,On or near Auckland Oval,E01012311,Darlington 006C,Anti-social behaviour,,
,2020-05,Durham Constabulary,Durham Constabulary,-1.576276,54.538210,On or near Laing Street,E01012311,Darlington 006C,Anti-social behaviour,,
31567d764887d08818a7e80148b42ca0cd868d88f8a2393b7c7b4d5c218f35f8,2020-05,Durham Constabulary,Durham Constabulary,-1.576976,54.540756,On or near Spring Court,E01012311,Darlington 006C,Drugs,Court result unavailable,
a3cc1c297524e058c9ef49f147d29fbba2cbe53aa54c440b48fb193c56eb8a6b,2020-05,Durham Constabulary,Durham Constabulary,-1.568320,54.536457,On or near Brinkburn Road,E01012311,Darlington 006C,Other theft,Further action is not in the public interest,
884beaa503f08cdc7a32ddc92a04cfd033f28c554dbd09bf6dccb5221412d242,2020-05,Durham Constabulary,Durham Constabulary,-1.576276,54.538210,On or near Laing Street,E01012311,Darlington 006C,Violence and sexual offences,Local resolution,
9801e3476c1cd3e97bac1fe0cbe460eb13e96de2324ab3410e55d044552b1ed5,2020-05,Durham Constabulary,Durham Constabulary,-1.576038,54.535882,On or near Brinkburn Road,E01012311,Darlington 006C,Violence and sexual offences,Unable to prosecute suspect,
b638153d12bb9becdc178cf132dd1469ea65e836aa3885f34285bd435eae0b33,2020-05,Durham Constabulary,Durham Constabulary,-1.576976,54.540756,On or near Spring Court,E01012311,Darlington 006C,Violence and sexual offences,Unable to prosecute suspect,
a164eaded27fd6b323faac0a505bf2301d426b651f852dfdd54e5b3cf87ed641,2020-05,Durham Constabulary,Durham Constabulary,-1.573651,54.536548,On or near Sports/Recreation Area,E01012311,Darlington 006C,Violence and sexual offences,Unable to prosecute suspect,
,2020-05,Durham Constabulary,Durham Constabulary,-1.591249,54.541623,On or near Arundel Drive,E01012312,Darlington 006D,Anti-social behaviour,,
,2020-05,Durham Constabulary,Durham Constabulary,-1.593213,54.541585,On or near Wentworth Way,E01012312,Darlington 006D,Anti-social behaviour,,
,2020-05,Durham Constabulary,Durham Constabulary,-1.588052,54.541397,On or near Warwick Square,E01012312,Darlington 006D,Anti-social behaviour,,
,2020-05,Durham Constabulary,Durham Constabulary,-1.588052,54.541397,On or near Warwick Square,E01012312,Darlington 006D,Anti-social behaviour,,
,2020-05,Durham Constabulary,Durham Constabulary,-1.588052,54.541397,On or near Warwick Square,E01012312,Darlington 006D,Anti-social behaviour,,
,2020-05,Durham Constabulary,Durham Constabulary,-1.593213,54.541585,On or near Wentworth Way,E01012312,Darlington 006D,Anti-social behaviour,,
,2020-05,Durham Constabulary,Durham Constabulary,-1.588305,54.540876,On or near Witton Crescent,E01012312,Darlington 006D,Anti-social behaviour,,
d3fa2923ba3929d15321b60a433c95366d1bd4452afc0c35faa33d232626fc30,2020-05,Durham Constabulary,Durham Constabulary,-1.588305,54.540876,On or near Witton Crescent,E01012312,Darlington 006D,Burglary,Investigation complete; no suspect identified,
2354947fa9d7235872702da928aeb07ba32977cad77604a06558c6a799f8b8a6,2020-05,Durham Constabulary,Durham Constabulary,-1.593213,54.541585,On or near Wentworth Way,E01012312,Darlington 006D,Vehicle crime,Investigation complete; no suspect identified,
12f8141f8083094c54d0454b50dabd92da74437586e253c883a6c3c1afb846f1,2020-05,Durham Constabulary,Durham Constabulary,-1.588305,54.540876,On or near Witton Crescent,E01012312,Darlington 006D,Violence and sexual offences,Unable to prosecute suspect,
ccb7a285a1b44ba1f064074a59c76adc584223aa2be4db7af72d329b13bbc4c7,2020-05,Durham Constabulary,Durham Constabulary,-1.590148,54.542015,On or near Minors Crescent,E01012312,Darlington 006D,Violence and sexual offences,Unable to prosecute suspect,
c1534ee2aa7814925dc7996e00d0af8865b0ce80820af29dd3274557174cb6df,2020-05,Durham Constabulary,Durham Constabulary,-1.596373,54.539340,On or near Selby Crescent,E01012312,Darlington 006D,Violence and sexual offences,Unable to prosecute suspect,
,2020-05,Durham Constabulary,Durham Constabulary,-1.590208,54.539112,On or near Newton Lane,E01012313,Darlington 006E,Anti-social behaviour,,
,2020-05,Durham Constabulary,Durham Constabulary,-1.590208,54.539112,On or near Newton Lane,E01012313,Darlington 006E,Anti-social behaviour,,
,2020-05,Durham Constabulary,Durham Constabulary,-1.591419,54.540105,On or near Berwick Road,E01012313,Darlington 006E,Anti-social behaviour,,
,2020-05,Durham Constabulary,Durham Constabulary,-1.588292,54.535969,On or near Dryburgh View,E01012313,Darlington 006E,Anti-social behaviour,,
bf3db7c54486ad6bda8bdef8645467ba993a032bf83b7e0fe0cba8cf1fc91b7c,2020-05,Durham Constabulary,Durham Constabulary,-1.591419,54.540105,On or near Berwick Road,E01012313,Darlington 006E,Criminal damage and arson,Court result unavailable,
0e41e576d5fae84b6347f321eb3d512277e1862e9f603fc38609682aa04912ed,2020-05,Durham Constabulary,Durham Constabulary,-1.587434,54.538294,On or near Denton Close,E01012313,Darlington 006E,Other theft,Investigation complete; no suspect identified,
9a718910218726a8478d9cf778beb8d647d116de329e926c05c93a8c27e3ad4a,2020-05,Durham Constabulary,Durham Constabulary,-1.578905,54.533528,On or near Supermarket,E01012313,Darlington 006E,Public order,Investigation complete; no suspect identified,
b49352cb9ebd8edb007f1bfc8fc73fc3fe2ab0e7cbff1c5b10f9d019e50cf6a2,2020-05,Durham Constabulary,Durham Constabulary,-1.593976,54.537867,On or near Bylands Way,E01012313,Darlington 006E,Robbery,Investigation complete; no suspect identified,
ae98a92dfe90eb20994d91f749cf04cd7185372242b704b3de183645e763de05,2020-05,Durham Constabulary,Durham Constabulary,-1.591419,54.540105,On or near Berwick Road,E01012313,Darlington 006E,Vehicle crime,Unable to prosecute suspect,
f4ee2d78399a9781599d6cef042d984fed9088520e344d11de0caf0aeb2618c2,2020-05,Durham Constabulary,Durham Constabulary,-1.591419,54.540105,On or near Berwick Road,E01012313,Darlington 006E,Violence and sexual offences,Unable to prosecute suspect,
75b9e580386807a99ddfe6d35abad07617a4ceb1675aabc00aa662b7f1570a51,2020-05,Durham Constabulary,Durham Constabulary,-1.593976,54.537867,On or near Bylands Way,E01012313,Darlington 006E,Violence and sexual offences,Unable to prosecute suspect,
,2020-05,Durham Constabulary,Durham Constabulary,-1.600668,54.540998,On or near Tintern Avenue,E01012314,Darlington 006F,Anti-social behaviour,,
,2020-05,Durham Constabulary,Durham Constabulary,-1.601982,54.541057,On or near Marrick Avenue,E01012314,Darlington 006F,Anti-social behaviour,,
,2020-05,Durham Constabulary,Durham Constabulary,-1.597049,54.541247,On or near Wimborne Close,E01012314,Darlington 006F,Anti-social behaviour,,
,2020-05,Durham Constabulary,Durham Constabulary,-1.598397,54.539355,On or near Atherstone Way,E01012314,Darlington 006F,Anti-social behaviour,,
,2020-05,Durham Constabulary,Durham Constabulary,-1.598440,54.541243,On or near Hexham Way,E01012314,Darlington 006F,Anti-social behaviour,,
,2020-05,Durham Constabulary,Durham Constabulary,-1.598397,54.539355,On or near Atherstone Way,E01012314,Darlington 006F,Anti-social behaviour,,
,2020-05,Durham Constabulary,Durham Constabulary,-1.601824,54.538180,On or near Sherborne Close,E01012314,Darlington 006F,Anti-social behaviour,,
,2020-05,Durham Constabulary,Durham Constabulary,-1.599037,54.538755,On or near Dunster Close,E01012314,Darlington 006F,Anti-social behaviour,,
,2020-05,Durham Constabulary,Durham Constabulary,-1.596750,54.538631,On or near Ampleforth Way,E01012314,Darlington 006F,Anti-social behaviour,,
,2020-05,Durham Constabulary,Durham Constabulary,-1.601824,54.538180,On or near Sherborne Close,E01012314,Darlington 006F,Anti-social behaviour,,
,2020-05,Durham Constabulary,Durham Constabulary,-1.601824,54.538180,On or near Sherborne Close,E01012314,Darlington 006F,Anti-social behaviour,,
,2020-05,Durham Constabulary,Durham Constabulary,-1.598397,54.539355,On or near Atherstone Way,E01012314,Darlington 006F,Anti-social behaviour,,
7bf8aca9ace07210571511bce3a558a931dfb9e95470c2ccee641d2537042faa,2020-05,Durham Constabulary,Durham Constabulary,-1.598440,54.541243,On or near Hexham Way,E01012314,Darlington 006F,Other theft,Investigation complete; no suspect identified,
5e62abeee98a9792b3f080127680c6a071d7bd526f22324318120416d6850968,2020-05,Durham Constabulary,Durham Constabulary,-1.596750,54.538631,On or near Ampleforth Way,E01012314,Darlington 006F,Vehicle crime,Investigation complete; no suspect identified,
c636bb94d0ec3bda5c675f5bb0a48e4679296d93c70069475bce52f677498e30,2020-05,Durham Constabulary,Durham Constabulary,-1.598397,54.539355,On or near Atherstone Way,E01012314,Darlington 006F,Violence and sexual offences,Unable to prosecute suspect,
49a80166c26bb0c2b1bd6b7603e8d4683c93a2689c80f11b6c0b5c90ab510c66,2020-05,Durham Constabulary,Durham Constabulary,-1.601824,54.538180,On or near Sherborne Close,E01012314,Darlington 006F,Violence and sexual offences,Unable to prosecute suspect,
0a6ceb7566b2edcb752a589113ba563f44918f2669bdce9ac22711d81991808b,2020-05,Durham Constabulary,Durham Constabulary,-1.598397,54.539355,On or near Atherstone Way,E01012314,Darlington 006F,Violence and sexual offences,Further investigation is not in the public interest,
,2020-05,Durham Constabulary,Durham Constabulary,-1.560233,54.536805,On or near Brinkburn Road,E01012362,Darlington 007A,Anti-social behaviour,,
,2020-05,Durham Constabulary,Durham Constabulary,-1.560352,54.535790,On or near Wilson Street,E01012362,Darlington 007A,Anti-social behaviour,,
,2020-05,Durham Constabulary,Durham Constabulary,-1.558063,54.534578,On or near Bartlett Street,E01012362,Darlington 007A,Anti-social behaviour,,
,2020-05,Durham Constabulary,Durham Constabulary,-1.559624,54.535958,On or near Barron Street,E01012362,Darlington 007A,Anti-social behaviour,,
,2020-05,Durham Constabulary,Durham Constabulary,-1.559624,54.535958,On or near Barron Street,E01012362,Darlington 007A,Anti-social behaviour,,
,2020-05,Durham Constabulary,Durham Constabulary,-1.560352,54.535790,On or near Wilson Street,E01012362,Darlington 007A,Anti-social behaviour,,
1f7d0f0fbbf1ba574b977244163dc02da22565d31fabc7c5f0707ae05f3301bd,2020-05,Durham Constabulary,Durham Constabulary,-1.557519,54.534872,On or near Brook Terrace,E01012362,Darlington 007A,Burglary,Unable to prosecute suspect,
04a43d15b8be29e2e709acf797f06fe987dd137614f3dae7a49ef4c6cd5f6088,2020-05,Durham Constabulary,Durham Constabulary,-1.561693,54.534744,On or near Northcote Terrace,E01012362,Darlington 007A,Criminal damage and arson,Investigation complete; no suspect identified,
bba3c93875fff2243f7819551cf7bfaddf92f78d41f44b28b2bb44e41bcdaafc,2020-05,Durham Constabulary,Durham Constabulary,-1.557251,54.536749,On or near Otley Terrace,E01012362,Darlington 007A,Other theft,Investigation complete; no suspect identified,
821b903aab2ad95c4e5b059d3675a70519d1d43169875b4ae5f896f2990b24a7,2020-05,Durham Constabulary,Durham Constabulary,-1.559624,54.535958,On or near Barron Street,E01012362,Darlington 007A,Other theft,Investigation complete; no suspect identified,
d5fe9faf9e23124d3f727bf5094e8c8d7cc83675298bf556850f4ecafeb4d9b3,2020-05,Durham Constabulary,Durham Constabulary,-1.561693,54.534744,On or near Northcote Terrace,E01012362,Darlington 007A,Public order,Offender given penalty notice,
2e4d497f98a4d35fac48e98d4aedea959905374d8e2102b453effa86b1a9951c,2020-05,Durham Constabulary,Durham Constabulary,-1.561693,54.534744,On or near Northcote Terrace,E01012362,Darlington 007A,Violence and sexual offences,Unable to prosecute suspect,
ecd6d55fca7988b882e03e7cca9de0c0ce923978a2a4a523ed6549781d59e754,2020-05,Durham Constabulary,Durham Constabulary,-1.557801,54.535934,On or near Farrer Street,E01012362,Darlington 007A,Violence and sexual offences,Unable to prosecute suspect,
ed0a7f91cb55e51bc65eea84b82f5a9b06be631584f214a62ce9e411751a1d7d,2020-05,Durham Constabulary,Durham Constabulary,-1.558765,54.535326,On or near Surtees Street,E01012362,Darlington 007A,Violence and sexual offences,Court result unavailable,
7c0c909550ed43ae55a5aedfd1a21611f85f9d0a779a8f525ac94e24f8ebe297,2020-05,Durham Constabulary,Durham Constabulary,-1.557801,54.535934,On or near Farrer Street,E01012362,Darlington 007A,Violence and sexual offences,Unable to prosecute suspect,
731089543386967eca3405b88ad4c8cea5c865ea42c43140f18397e25b681fde,2020-05,Durham Constabulary,Durham Constabulary,-1.559624,54.535958,On or near Barron Street,E01012362,Darlington 007A,Violence and sexual offences,Unable to prosecute suspect,
243398af3640bbec4cd9c2dfb0abf5f99b2408ef9c6028a7ebdd81c9cab1d76b,2020-05,Durham Constabulary,Durham Constabulary,-1.557251,54.536749,On or near Otley Terrace,E01012362,Darlington 007A,Violence and sexual offences,Court result unavailable,
ef594262005af2e6bb2eb9b1ff0ebf7df6146ced5c036bdee752bc34be511d6b,2020-05,Durham Constabulary,Durham Constabulary,-1.557251,54.536749,On or near Otley Terrace,E01012362,Darlington 007A,Violence and sexual offences,Court result unavailable,
9ed1a0cf6f556eb3f6a1a94069f4d52edd99e7d54499cdc7412c943e7edf9791,2020-05,Durham Constabulary,Durham Constabulary,-1.558913,54.535965,On or near Harcourt Street,E01012362,Darlington 007A,Violence and sexual offences,Unable to prosecute suspect,
59c9938c0afbbd017197c937eb3fe93fec9414afc56cfe434934d657fbd0651c,2020-05,Durham Constabulary,Durham Constabulary,-1.561032,54.535802,On or near Chandos Street,E01012362,Darlington 007A,Violence and sexual offences,Unable to prosecute suspect,
2bf0dd3e12e0eb3e82ff7a8bd85c69e47f3970836b1530eebf4ed7d40ed2ba6b,2020-05,Durham Constabulary,Durham Constabulary,-1.561032,54.535802,On or near Chandos Street,E01012362,Darlington 007A,Violence and sexual offences,Unable to prosecute suspect,
,2020-05,Durham Constabulary,Durham Constabulary,-1.565519,54.535297,On or near Willow Road,E01012363,Darlington 007B,Anti-social behaviour,,
,2020-05,Durham Constabulary,Durham Constabulary,-1.566843,54.535840,On or near Hazel Avenue,E01012363,Darlington 007B,Anti-social behaviour,,
,2020-05,Durham Constabulary,Durham Constabulary,-1.566843,54.535840,On or near Hazel Avenue,E01012363,Darlington 007B,Anti-social behaviour,,
a0c5ebd428aabd8a8b49dbe2401dd2d7c048ba36fa3d6e777609cfdf51204bbb,2020-05,Durham Constabulary,Durham Constabulary,-1.565249,54.535979,On or near Major Street,E01012363,Darlington 007B,Criminal damage and arson,Investigation complete; no suspect identified,
72e3d0e56fddbc830e953cbe5a9580fb864ce21f399239c3e458c884103500ba,2020-05,Durham Constabulary,Durham Constabulary,-1.566843,54.535840,On or near Hazel Avenue,E01012363,Darlington 007B,Other theft,Unable to prosecute suspect,
2f8f598865398a4b94a0a069982e7b66d154bb8ce201ac456b000675bb1640f8,2020-05,Durham Constabulary,Durham Constabulary,-1.563496,54.535199,On or near Willow Road East,E01012363,Darlington 007B,Possession of weapons,Court result unavailable,
b888ba4874f4cee7dd98cd860cf79184da40fff78690c22935f4812db9f56e02,2020-05,Durham Constabulary,Durham Constabulary,-1.564306,54.536002,On or near Trafalgar Terrace,E01012363,Darlington 007B,Public order,Unable to prosecute suspect,
46a2035f3082fce5b19869b8c7d503a34b7dd682d67c4594361d36d41d609ed4,2020-05,Durham Constabulary,Durham Constabulary,-1.568360,54.535612,On or near Acacia Street,E01012363,Darlington 007B,Public order,Unable to prosecute suspect,
6bd4c38b42257f2de8bfd994ef657f0b841e5a9cf401746f9d465ec1533541aa,2020-05,Durham Constabulary,Durham Constabulary,-1.565249,54.535979,On or near Major Street,E01012363,Darlington 007B,Public order,Court result unavailable,
44f531e09c1912d8b51b7919d81a5746bb512d509cfa20d6ae453aeacfabf09f,2020-05,Durham Constabulary,Durham Constabulary,-1.563610,54.536045,On or near Harrison Terrace,E01012363,Darlington 007B,Public order,Unable to prosecute suspect,
85f1ba10ef13d8f44d59f31826d2f159b6114c3c44ba82adb5d94a1ff846480c,2020-05,Durham Constabulary,Durham Constabulary,-1.569907,54.535438,On or near Olympic Street,E01012363,Darlington 007B,Violence and sexual offences,Unable to prosecute suspect,
e203e96c447a3363c3fea2c7176a04646148402ae5f0fc116413dc78ed6fb535,2020-05,Durham Constabulary,Durham Constabulary,-1.571577,54.535291,On or near Cedar Road,E01012363,Darlington 007B,Violence and sexual offences,Unable to prosecute suspect,
65f148411bad808aabfbbce28aaff5400eced5139ed716fe4d60e98e9f7d4f11,2020-05,Durham Constabulary,Durham Constabulary,-1.566843,54.535840,On or near Hazel Avenue,E01012363,Darlington 007B,Violence and sexual offences,Unable to prosecute suspect,
fdc6795f3c99baed836105391a26369bca88e26339c3a9f3f7d6fd515696f60c,2020-05,Durham Constabulary,Durham Constabulary,-1.563496,54.535199,On or near Willow Road East,E01012363,Darlington 007B,Violence and sexual offences,Unable to prosecute suspect,
9c17d95226e446defa65a34e4218551bbd2bbd02d9c6b3572559aef9ffe8e694,2020-05,Durham Constabulary,Durham Constabulary,-1.568598,54.536404,On or near Acacia Street,E01012363,Darlington 007B,Violence and sexual offences,Unable to prosecute suspect,
789a1511831e7dd34dfee21f4941dc49402b95e8f90d6ae66456a5996039cafa,2020-05,Durham Constabulary,Durham Constabulary,-1.568598,54.536404,On or near Acacia Street,E01012363,Darlington 007B,Violence and sexual offences,Unable to prosecute suspect,
abb14338de05d4999b64759710e7ccefa030b6efecc81e8f6b93c9ef77e064b9,2020-05,Durham Constabulary,Durham Constabulary,-1.564306,54.536002,On or near Trafalgar Terrace,E01012363,Darlington 007B,Violence and sexual offences,Court result unavailable,
5de7c5cee1900433e74cb46b30928a282822bcd737ec2c583f582e7f1062d3ad,2020-05,Durham Constabulary,Durham Constabulary,-1.569907,54.535438,On or near Olympic Street,E01012363,Darlington 007B,Violence and sexual offences,Unable to prosecute suspect,
7c91c58715614703538c4aa17a19af2995c365126c517568b47d1b48744ef26d,2020-05,Durham Constabulary,Durham Constabulary,-1.566843,54.535840,On or near Hazel Avenue,E01012363,Darlington 007B,Violence and sexual offences,Unable to prosecute suspect,
8cfc65809dfbd54e93cd1c8b175d5f115a0888a4280db6a9da2de6b01effe915,2020-05,Durham Constabulary,Durham Constabulary,-1.569907,54.535438,On or near Olympic Street,E01012363,Darlington 007B,Violence and sexual offences,Unable to prosecute suspect,
,2020-05,Durham Constabulary,Durham Constabulary,-1.567062,54.534098,On or near Harding Terrace,E01012364,Darlington 007C,Anti-social behaviour,,
,2020-05,Durham Constabulary,Durham Constabulary,-1.568462,54.533213,On or near Vine Street,E01012364,Darlington 007C,Anti-social behaviour,,
9b2382f21e8db4c3ea6a2f65bb98187eaaf49683befa9d94bfd4ed37ba739b1c,2020-05,Durham Constabulary,Durham Constabulary,-1.570515,54.533409,On or near Pierremont Road,E01012364,Darlington 007C,Bicycle theft,Local resolution,
273886ed38ced79babd129693c0f226284db1092625d79cc75de0f2814725936,2020-05,Durham Constabulary,Durham Constabulary,-1.566342,54.533529,On or near Vancouver Street,E01012364,Darlington 007C,Criminal damage and arson,Investigation complete; no suspect identified,
d5d9b8246c8601b05305eac631b2c26cccb9530aaaaae35c74f2feec3329622a,2020-05,Durham Constabulary,Durham Constabulary,-1.563104,54.532852,On or near Rosebery Street,E01012364,Darlington 007C,Criminal damage and arson,Investigation complete; no suspect identified,
40a1df35472858aaed71610a17b3e039289c91c2b0c600068cf70a70464e0722,2020-05,Durham Constabulary,Durham Constabulary,-1.563104,54.532852,On or near Rosebery Street,E01012364,Darlington 007C,Criminal damage and arson,Investigation complete; no suspect identified,
22848a6ce404561a977cb21ccdd6a5afd164703669e31217a9bc8d16903f3cd9,2020-05,Durham Constabulary,Durham Constabulary,-1.563996,54.533242,On or near Reid Street,E01012364,Darlington 007C,Criminal damage and arson,Investigation complete; no suspect identified,
a815afd78451a145adcabf1476283898a67c1b798c652259d180b0fe08d88e1d,2020-05,Durham Constabulary,Durham Constabulary,-1.570988,54.531101,On or near Pierremont Drive,E01012364,Darlington 007C,Drugs,Offender given a drugs possession warning,
c991ed78b54123d9eea80993c4a9663ba72214136a6e0de01c7c11f6ec551cf1,2020-05,Durham Constabulary,Durham Constabulary,-1.568462,54.533213,On or near Vine Street,E01012364,Darlington 007C,Other theft,Investigation complete; no suspect identified,
85b4eaf3b8c0d6b8ddca357ffece4bf10dc030d60f56c3954afa93a08172cf61,2020-05,Durham Constabulary,Durham Constabulary,-1.568462,54.533213,On or near Vine Street,E01012364,Darlington 007C,Violence and sexual offences,Offender given a caution,
3db5fc7e9c1803fb9a3e00974532e5d18ee7a4b7686c96ad64c94c94ea231e3a,2020-05,Durham Constabulary,Durham Constabulary,-1.563996,54.533242,On or near Reid Street,E01012364,Darlington 007C,Violence and sexual offences,Offender given a caution,
7d19f7e61376362227915b6f84c706d9f3a006a00b4e19724f5a71f7fc890b06,2020-05,Durham Constabulary,Durham Constabulary,-1.567659,54.531691,On or near Limehurst Road,E01012364,Darlington 007C,Other crime,Investigation complete; no suspect identified,
,2020-05,Durham Constabulary,Durham Constabulary,-1.573282,54.533329,On or near Deneside Road,E01012365,Darlington 007D,Anti-social behaviour,,
,2020-05,Durham Constabulary,Durham Constabulary,-1.573282,54.533329,On or near Deneside Road,E01012365,Darlington 007D,Anti-social behaviour,,
,2020-05,Durham Constabulary,Durham Constabulary,-1.577574,54.535240,On or near Moorlands Road,E01012365,Darlington 007D,Anti-social behaviour,,
,2020-05,Durham Constabulary,Durham Constabulary,-1.577969,54.534451,On or near Police Station,E01012365,Darlington 007D,Anti-social behaviour,,
c7f2a6f08fc6286a406ac1a906c9e6f7a36c59fe213aba4dfd524d141f67e3a9,2020-05,Durham Constabulary,Durham Constabulary,-1.573481,54.532054,On or near Dene Grove,E01012365,Darlington 007D,Criminal damage and arson,Investigation complete; no suspect identified,
e26cb33f6d9bfd2fe5a584e8bf5f47160f8c1aedf5241e87195b0720de44c027,2020-05,Durham Constabulary,Durham Constabulary,-1.573098,54.534730,On or near Banklands Road,E01012365,Darlington 007D,Public order,Unable to prosecute suspect,
34c8ea901119de71eaf122e2a012b359b64fe9b32708fd6b1b3fbd4f6962d38a,2020-05,Durham Constabulary,Durham Constabulary,-1.578413,54.534857,On or near West Auckland Road,E01012365,Darlington 007D,Shoplifting,Court result unavailable,
81390c3496d3788710a00268df7b0813db3772a98dd11fb43e03860eb803dc8f,2020-05,Durham Constabulary,Durham Constabulary,-1.577969,54.534451,On or near Police Station,E01012365,Darlington 007D,Shoplifting,Investigation complete; no suspect identified,
930b03dc8d9839f3a3117faafd7b67f6697d5a46e505bbc275cdf74579f20da5,2020-05,Durham Constabulary,Durham Constabulary,-1.574260,54.534402,On or near Holmlands Road,E01012365,Darlington 007D,Vehicle crime,Investigation complete; no suspect identified,
ffe5d0d6805dfa6190ef0486d3af646fa834ca93abe2457b77da10239935290c,2020-05,Durham Constabulary,Durham Constabulary,-1.576994,54.533019,On or near Woodland Road,E01012365,Darlington 007D,Vehicle crime,Investigation complete; no suspect identified,
1a3e66fa4ec41df748813240c509c8abec089b42c81208702ecbbf65966ac409,2020-05,Durham Constabulary,Durham Constabulary,-1.573481,54.532054,On or near Dene Grove,E01012365,Darlington 007D,Violence and sexual offences,Investigation complete; no suspect identified,
a8dcaf30c6e8adebe066873b0220eada5b67e1b56365220d62390fe94acab5a0,2020-05,Durham Constabulary,Durham Constabulary,-1.578413,54.534857,On or near West Auckland Road,E01012365,Darlington 007D,Violence and sexual offences,Unable to prosecute suspect,
,2020-05,Durham Constabulary,Durham Constabulary,-1.557319,54.533317,On or near Mildred Street,E01012353,Darlington 008B,Anti-social behaviour,,
,2020-05,Durham Constabulary,Durham Constabulary,-1.561622,54.532631,On or near Beaconsfield Street,E01012353,Darlington 008B,Anti-social behaviour,,
,2020-05,Durham Constabulary,Durham Constabulary,-1.560880,54.534120,On or near Surtees Street,E01012353,Darlington 008B,Anti-social behaviour,,
,2020-05,Durham Constabulary,Durham Constabulary,-1.559462,54.530934,On or near Oaklands Terrace,E01012353,Darlington 008B,Anti-social behaviour,,
,2020-05,Durham Constabulary,Durham Constabulary,-1.559272,54.531320,On or near Kingston Street,E01012353,Darlington 008B,Anti-social behaviour,,
,2020-05,Durham Constabulary,Durham Constabulary,-1.559272,54.531320,On or near Kingston Street,E01012353,Darlington 008B,Anti-social behaviour,,
,2020-05,Durham Constabulary,Durham Constabulary,-1.559272,54.531320,On or near Kingston Street,E01012353,Darlington 008B,Anti-social behaviour,,
e4f310aef68a8172ce173ab15a1c0a8fcf40c44f588d58e3b58b625ebc0248c5,2020-05,Durham Constabulary,Durham Constabulary,-1.560880,54.534120,On or near Surtees Street,E01012353,Darlington 008B,Burglary,Investigation complete; no suspect identified,
0f53d3a436ba336df790ca8af35a0de159281b64c5d2e0a4d490c2f87c80c112,2020-05,Durham Constabulary,Durham Constabulary,-1.562383,54.533748,On or near Widdowfield Street,E01012353,Darlington 008B,Criminal damage and arson,Investigation complete; no suspect identified,
7482805d3489f71fca010d072f3be48a3d20e1b54b444b0e09bb235fe87de8d6,2020-05,Durham Constabulary,Durham Constabulary,-1.561588,54.531508,On or near Warren Street,E01012353,Darlington 008B,Criminal damage and arson,Unable to prosecute suspect,
3cad1abaad25b0752ae25d871b9391f00295005586af5b242ccd8a85654e3096,2020-05,Durham Constabulary,Durham Constabulary,-1.561622,54.532631,On or near Beaconsfield Street,E01012353,Darlington 008B,Drugs,Further investigation is not in the public interest,
658ebcc8204ed40a1f1b4b4f44ebb6fadd3590685ea6a75abd7ae44a92aec1ba,2020-05,Durham Constabulary,Durham Constabulary,-1.561622,54.532631,On or near Beaconsfield Street,E01012353,Darlington 008B,Drugs,Status update unavailable,
2cb6c42361d8fe169f778f14df3a34b8e3006692a1ad5b51868fb404ed83fe95,2020-05,Durham Constabulary,Durham Constabulary,-1.557319,54.533317,On or near Mildred Street,E01012353,Darlington 008B,Other theft,Investigation complete; no suspect identified,
f9275977564847b31f089ac90328b6cd629a3bbf811da9b07d352df2f256412a,2020-05,Durham Constabulary,Durham Constabulary,-1.560199,54.532806,On or near Barningham Street,E01012353,Darlington 008B,Other theft,Unable to prosecute suspect,
f32c0793f4135670332f16704cb6edb3e44a54a65d6fa7ab764b6fd9240f94a9,2020-05,Durham Constabulary,Durham Constabulary,-1.560889,54.531901,On or near Salisbury Terrace,E01012353,Darlington 008B,Other theft,Investigation complete; no suspect identified,
d3dc7c08b5b310e8b6f6917a967f8abb74b7195fe202e5e51ba72d087ad7e44b,2020-05,Durham Constabulary,Durham Constabulary,-1.560889,54.531901,On or near Salisbury Terrace,E01012353,Darlington 008B,Other theft,Investigation complete; no suspect identified,
39f096b6096ff4d2d6c26e6dbe0c672e0ab0b355a1ca915de50ccc42e0c6f0c9,2020-05,Durham Constabulary,Durham Constabulary,-1.558048,54.533068,On or near Bartlett Street,E01012353,Darlington 008B,Possession of weapons,Formal action is not in the public interest,
75620e0f3b27eec8666fe33862009e8f71e6aa2e4f5bf418d0caa59ad1a8a9d1,2020-05,Durham Constabulary,Durham Constabulary,-1.559462,54.530934,On or near Oaklands Terrace,E01012353,Darlington 008B,Public order,Unable to prosecute suspect,
61ab33b38e73faed5258c8b0f5a6a4df3128f604bc5733910362475fbf5ce91a,2020-05,Durham Constabulary,Durham Constabulary,-1.560889,54.531901,On or near Salisbury Terrace,E01012353,Darlington 008B,Public order,Unable to prosecute suspect,
41a0eb2f36301960ddcc725a25e12ca66bed4dc41db88018c3efcebc4df8b34b,2020-05,Durham Constabulary,Durham Constabulary,-1.562383,54.533748,On or near Widdowfield Street,E01012353,Darlington 008B,Public order,Investigation complete; no suspect identified,
0d6f2ba825ea8044a2adc55c04e9e8451575d4b3149b76f57981b6e9d793511d,2020-05,Durham Constabulary,Durham Constabulary,-1.561588,54.531508,On or near Warren Street,E01012353,Darlington 008B,Vehicle crime,Investigation complete; no suspect identified,
f34e02e3c1bb86ca7fe2d18301be1c43786b54f1946399d4409c332c40b37fba,2020-05,Durham Constabulary,Durham Constabulary,-1.561588,54.531508,On or near Warren Street,E01012353,Darlington 008B,Vehicle crime,Court result unavailable,
ce320d7c35ea63b62a6b9314807c568f96ba747907c35699ac73081254b60cc0,2020-05,Durham Constabulary,Durham Constabulary,-1.561588,54.531508,On or near Warren Street,E01012353,Darlington 008B,Vehicle crime,Investigation complete; no suspect identified,
d8816fb9f05915247dec6c68783ed969c248d1e2e67ad1bc677925b6f86cf46a,2020-05,Durham Constabulary,Durham Constabulary,-1.560889,54.531901,On or near Salisbury Terrace,E01012353,Darlington 008B,Vehicle crime,Court result unavailable,
2eb53b70a7da7563cd9f9c9aef0e184b4af3182085ed12fbb2365aae377e2156,2020-05,Durham Constabulary,Durham Constabulary,-1.558746,54.532855,On or near Kitchener Street,E01012353,Darlington 008B,Violence and sexual offences,Further investigation is not in the public interest,
fd67c639e9c47b4d51e9bc51e0e1850d4aabf7402819ee56817f1c93400047de,2020-05,Durham Constabulary,Durham Constabulary,-1.559462,54.530934,On or near Oaklands Terrace,E01012353,Darlington 008B,Violence and sexual offences,Investigation complete; no suspect identified,
5aa4e998b8de559d34ad06b18c87aae242d6e28bfc53d56d2c5a48f105a7e1bc,2020-05,Durham Constabulary,Durham Constabulary,-1.559472,54.532839,On or near Marshall Street,E01012353,Darlington 008B,Violence and sexual offences,Unable to prosecute suspect,
cb5ae97397f3c09c1171335b9146ebdfb0fdf34ba767e36fdd216dc6d53dcffe,2020-05,Durham Constabulary,Durham Constabulary,-1.560199,54.532806,On or near Barningham Street,E01012353,Darlington 008B,Violence and sexual offences,Unable to prosecute suspect,
8138797b1df61b06bb42ddbccb09fd844523340d4ae0577077d92b7799560c3f,2020-05,Durham Constabulary,Durham Constabulary,-1.560199,54.532806,On or near Barningham Street,E01012353,Darlington 008B,Violence and sexual offences,Unable to prosecute suspect,
fce8e68cd9f8417e5a6a3b22a765a94ddd4287a9441d3e24b6e1713557ff52ba,2020-05,Durham Constabulary,Durham Constabulary,-1.559272,54.531320,On or near Kingston Street,E01012353,Darlington 008B,Violence and sexual offences,Unable to prosecute suspect,
b6bff718c7fa74a2407aeb50425707bfa9b730566625d0201817698254570f5d,2020-05,Durham Constabulary,Durham Constabulary,-1.560199,54.532806,On or near Barningham Street,E01012353,Darlington 008B,Violence and sexual offences,Unable to prosecute suspect,
4e407da5b7a6c91af5735e85370f6657b7f1d1a739bd6f6609fccde6ef33abfe,2020-05,Durham Constabulary,Durham Constabulary,-1.560889,54.531901,On or near Salisbury Terrace,E01012353,Darlington 008B,Violence and sexual offences,Court result unavailable,
f846b4ed1f00be205455f38f8e995008b5927c762e240060193c49668df70327,2020-05,Durham Constabulary,Durham Constabulary,-1.561622,54.532631,On or near Beaconsfield Street,E01012353,Darlington 008B,Violence and sexual offences,Local resolution,
4fddccd02f572681807447e5c47a4bd8ddd88806e76edb211df5cd6bf6bc44ee,2020-05,Durham Constabulary,Durham Constabulary,-1.561588,54.531508,On or near Warren Street,E01012353,Darlington 008B,Violence and sexual offences,Court result unavailable,
c0551107ece29d0c4e64fdf98aa1b598d453397593cb29e7cb89fd19d8ce67ef,2020-05,Durham Constabulary,Durham Constabulary,-1.560889,54.531901,On or near Salisbury Terrace,E01012353,Darlington 008B,Violence and sexual offences,Court result unavailable,
2d717f0be5ab3942abe34aaf959516699ab3f2bd623a5dbd379f07be6c7247bf,2020-05,Durham Constabulary,Durham Constabulary,-1.560199,54.532806,On or near Barningham Street,E01012353,Darlington 008B,Other crime,Unable to prosecute suspect,
22bb47853420aed97be96dcaae584dd810d9c1a03a5e46ef43f5100a3238153d,2020-05,Durham Constabulary,Durham Constabulary,-1.560880,54.534120,On or near Surtees Street,E01012353,Darlington 008B,Other crime,Unable to prosecute suspect,
,2020-05,Durham Constabulary,Durham Constabulary,-1.554968,54.532122,On or near Mowden Terrace,E01012354,Darlington 008C,Anti-social behaviour,,
,2020-05,Durham Constabulary,Durham Constabulary,-1.556002,54.532188,On or near Wilkes Street,E01012354,Darlington 008C,Anti-social behaviour,,
,2020-05,Durham Constabulary,Durham Constabulary,-1.554968,54.532122,On or near Mowden Terrace,E01012354,Darlington 008C,Anti-social behaviour,,
,2020-05,Durham Constabulary,Durham Constabulary,-1.556687,54.531760,On or near Corporation Road,E01012354,Darlington 008C,Anti-social behaviour,,
,2020-05,Durham Constabulary,Durham Constabulary,-1.556002,54.532188,On or near Wilkes Street,E01012354,Darlington 008C,Anti-social behaviour,,
,2020-05,Durham Constabulary,Durham Constabulary,-1.555843,54.531217,On or near Elmfield Terrace,E01012354,Darlington 008C,Anti-social behaviour,,
6242ef5671d0267ebe3d9ffee5af7f2554318b45b8ed69c6e4a564feb9503a54,2020-05,Durham Constabulary,Durham Constabulary,-1.553844,54.534544,On or near Stephenson Street,E01012354,Darlington 008C,Burglary,Unable to prosecute suspect,
3edb2ad66b342e5b84d9fec44384a5ef3b294b94f2df4d51f2ab8639a2f9a4f1,2020-05,Durham Constabulary,Durham Constabulary,-1.553834,54.534059,On or near Arthur Street,E01012354,Darlington 008C,Criminal damage and arson,Unable to prosecute suspect,
549e4c4bafa080e11fe2ce5320d503b596909c88cf442149c93eff49c5659cdc,2020-05,Durham Constabulary,Durham Constabulary,-1.554760,54.534179,On or near Station Road,E01012354,Darlington 008C,Criminal damage and arson,Investigation complete; no suspect identified,
d920ec0c791683da0a8909145c52daf0e3e0bc0fe389056be298bb08f2e5e80a,2020-05,Durham Constabulary,Durham Constabulary,-1.554389,54.531356,On or near Elmfield Street,E01012354,Darlington 008C,Criminal damage and arson,Investigation complete; no suspect identified,
f0015de8ff77670a9d2a01e8aba2a73c7f364ee458b520bf544f5faa4815e134,2020-05,Durham Constabulary,Durham Constabulary,-1.553037,54.533454,On or near High Northgate,E01012354,Darlington 008C,Criminal damage and arson,Court result unavailable,
55aa6527a012cf7db3d6eda12789e3c52aa61c202fd63ad107dec91a755835fc,2020-05,Durham Constabulary,Durham Constabulary,-1.553037,54.533454,On or near High Northgate,E01012354,Darlington 008C,Other theft,Unable to prosecute suspect,
e2d33936827f838c999df62946897a51b17799b6413fd795723c2421b1e0b7c8,2020-05,Durham Constabulary,Durham Constabulary,-1.553834,54.534059,On or near Arthur Street,E01012354,Darlington 008C,Public order,Unable to prosecute suspect,
ad3d16d6b1af1ce5a763f36d8df00393876063473315576257e6f0e0090bbbfd,2020-05,Durham Constabulary,Durham Constabulary,-1.553454,54.532062,On or near Westbrook Terrace,E01012354,Darlington 008C,Public order,Unable to prosecute suspect,
93f2522746010ea3c710ed11dd04701b77b0a77ee3a715e203621aa3dfe9d352,2020-05,Durham Constabulary,Durham Constabulary,-1.557228,54.530333,On or near Thornton Street,E01012354,Darlington 008C,Public order,Unable to prosecute suspect,
a1aa0b08470940bf97c5f0a8957e45a7f0e9a2ae326ed555d2ed553a465ee4b7,2020-05,Durham Constabulary,Durham Constabulary,-1.553841,54.534814,On or near Mcnay Street,E01012354,Darlington 008C,Public order,Unable to prosecute suspect,
baa774dd1dd0eab5f2a840c8756963f2e3722a86f903876620cb68014a447a27,2020-05,Durham Constabulary,Durham Constabulary,-1.553844,54.534544,On or near Stephenson Street,E01012354,Darlington 008C,Public order,Court result unavailable,
f9570d20b64adc40e4157e3eb0b549ddc1d55a400c9d08d0c990dd563bc7286d,2020-05,Durham Constabulary,Durham Constabulary,-1.553197,54.532924,On or near Petrol Station,E01012354,Darlington 008C,Public order,Investigation complete; no suspect identified,
73311ef8754e7a62df6d5866537b1a5ee608ca578605303330fec2ac80fff295,2020-05,Durham Constabulary,Durham Constabulary,-1.552485,54.531600,On or near High Northgate,E01012354,Darlington 008C,Public order,Unable to prosecute suspect,
9ce4b3ba80b05703f1a6cf3ac34e3cba40472838d97fd2a3de99b9ce63166300,2020-05,Durham Constabulary,Durham Constabulary,-1.553841,54.534814,On or near Mcnay Street,E01012354,Darlington 008C,Robbery,Investigation complete; no suspect identified,
c8c6e5029d9feaf2f16636aa683ff0e103498fc4e3008f92aab0a65bb1e55204,2020-05,Durham Constabulary,Durham Constabulary,-1.553844,54.534544,On or near Stephenson Street,E01012354,Darlington 008C,Violence and sexual offences,Court result unavailable,
a439f704cc7d615edf9821e90d1dba3312a1b256d7d470504b8e519d2e3cc434,2020-05,Durham Constabulary,Durham Constabulary,-1.553834,54.534059,On or near Arthur Street,E01012354,Darlington 008C,Violence and sexual offences,Unable to prosecute suspect,
17d00c1153a8b194aa290f7fade9c6c2ebbfff7438fc85ae63ebcaa4785f3daf,2020-05,Durham Constabulary,Durham Constabulary,-1.553037,54.533454,On or near High Northgate,E01012354,Darlington 008C,Violence and sexual offences,Court result unavailable,
7df10b51e2a801e1246f4b4460f26a1cb3c99a2f578e4370b12c77a815cd7e8c,2020-05,Durham Constabulary,Durham Constabulary,-1.554760,54.534179,On or near Station Road,E01012354,Darlington 008C,Violence and sexual offences,Unable to prosecute suspect,
37db857629844950a582f9b552e8110e2dbe0e2a309fcb90aaf132e8693eb4aa,2020-05,Durham Constabulary,Durham Constabulary,-1.553834,54.534059,On or near Arthur Street,E01012354,Darlington 008C,Violence and sexual offences,Unable to prosecute suspect,
86e62fb856caeb91fa75d6325f5ced7ef0b11f4ff9503318fdb11bde16c84a55,2020-05,Durham Constabulary,Durham Constabulary,-1.556378,54.528892,On or near Gladstone Street,E01012354,Darlington 008C,Violence and sexual offences,Status update unavailable,
32b9f3206b51604778f3ec36e7af44b675c970ca2da605ff8fc72bce6d0b586d,2020-05,Durham Constabulary,Durham Constabulary,-1.556414,54.532657,On or near Pendower Street,E01012354,Darlington 008C,Violence and sexual offences,Unable to prosecute suspect,
82291c15585ebaafe74be7c865dee170bed788f7864b4b65440a9bd253f505f5,2020-05,Durham Constabulary,Durham Constabulary,-1.553841,54.534814,On or near Mcnay Street,E01012354,Darlington 008C,Violence and sexual offences,Unable to prosecute suspect,
a0267824ff6da552dda8d282ca158de900d16affce14e86bc3e2d33783399e37,2020-05,Durham Constabulary,Durham Constabulary,-1.553874,54.533205,On or near Marburn Place,E01012354,Darlington 008C,Violence and sexual offences,Unable to prosecute suspect,
,2020-05,Durham Constabulary,Durham Constabulary,-1.559630,54.528247,On or near Greenbank Road,E01012355,Darlington 008D,Anti-social behaviour,,
,2020-05,Durham Constabulary,Durham Constabulary,-1.565752,54.532260,On or near Hollyhurst Road,E01012355,Darlington 008D,Anti-social behaviour,,
,2020-05,Durham Constabulary,Durham Constabulary,-1.558537,54.529295,On or near Lowe Street,E01012355,Darlington 008D,Anti-social behaviour,,
,2020-05,Durham Constabulary,Durham Constabulary,-1.565752,54.532260,On or near Hollyhurst Road,E01012355,Darlington 008D,Anti-social behaviour,,
,2020-05,Durham Constabulary,Durham Constabulary,-1.565752,54.532260,On or near Hollyhurst Road,E01012355,Darlington 008D,Anti-social behaviour,,
,2020-05,Durham Constabulary,Durham Constabulary,-1.565752,54.532260,On or near Hollyhurst Road,E01012355,Darlington 008D,Anti-social behaviour,,
,2020-05,Durham Constabulary,Durham Constabulary,-1.559208,54.530106,On or near Dodds Street,E01012355,Darlington 008D,Anti-social behaviour,,
,2020-05,Durham Constabulary,Durham Constabulary,-1.565752,54.532260,On or near Hollyhurst Road,E01012355,Darlington 008D,Anti-social behaviour,,
,2020-05,Durham Constabulary,Durham Constabulary,-1.565752,54.532260,On or near Hollyhurst Road,E01012355,Darlington 008D,Anti-social behaviour,,
,2020-05,Durham Constabulary,Durham Constabulary,-1.565752,54.532260,On or near Hollyhurst Road,E01012355,Darlington 008D,Anti-social behaviour,,
,2020-05,Durham Constabulary,Durham Constabulary,-1.559308,54.529469,On or near Selbourne Terrace,E01012355,Darlington 008D,Anti-social behaviour,,
,2020-05,Durham Constabulary,Durham Constabulary,-1.565752,54.532260,On or near Hollyhurst Road,E01012355,Darlington 008D,Anti-social behaviour,,
125e8e7207f6b33123ae3ccd293d985467e5e8ce497d103ea823f93e4c9a0049,2020-05,Durham Constabulary,Durham Constabulary,-1.563209,54.528737,On or near Elms Road,E01012355,Darlington 008D,Bicycle theft,Investigation complete; no suspect identified,
a9199bb8427a970a0e6f3bf1f12dc88ae8ccec19e08d078523b897a18140ca07,2020-05,Durham Constabulary,Durham Constabulary,-1.565752,54.532260,On or near Hollyhurst Road,E01012355,Darlington 008D,Burglary,Court result unavailable,
ad831707812d1b8e1794503553796c639690195c205943f23aa63a535ea26aaa,2020-05,Durham Constabulary,Durham Constabulary,-1.558749,54.529682,On or near Forster Street,E01012355,Darlington 008D,Criminal damage and arson,Investigation complete; no suspect identified,
759a5aff168cdf121298371a9929ee584b8643802deb1e8239bbeb65b02f1f0e,2020-05,Durham Constabulary,Durham Constabulary,-1.560589,54.528107,On or near Maude Street,E01012355,Darlington 008D,Criminal damage and arson,Investigation complete; no suspect identified,
833a623e10cf254cc8b89e731139822da14cd5e9372cfee9080da6c65413c6c3,2020-05,Durham Constabulary,Durham Constabulary,-1.563209,54.528737,On or near Elms Road,E01012355,Darlington 008D,Criminal damage and arson,Unable to prosecute suspect,
b325b6541bb658183bfbaafecff97dcfd64604bfb73d50a58543d894b4e57469,2020-05,Durham Constabulary,Durham Constabulary,-1.558537,54.529295,On or near Lowe Street,E01012355,Darlington 008D,Drugs,Further investigation is not in the public interest,
ccac7bbc65e3361b14dc8b3c666fe4dfa49711b3b88c454a2091426ad8212e0b,2020-05,Durham Constabulary,Durham Constabulary,-1.559308,54.529469,On or near Selbourne Terrace,E01012355,Darlington 008D,Other theft,Unable to prosecute suspect,
353fd359e71d08d96d6c0dd2b73063c778c8b9c7602ab7fcdfbf0baebc7139d3,2020-05,Durham Constabulary,Durham Constabulary,-1.565752,54.532260,On or near Hollyhurst Road,E01012355,Darlington 008D,Other theft,Investigation complete; no suspect identified,
48f12ef4d19b427de97e1f57caafef3f53401873779ed1194c009273f567e684,2020-05,Durham Constabulary,Durham Constabulary,-1.563209,54.528737,On or near Elms Road,E01012355,Darlington 008D,Other theft,Court result unavailable,
fbfd7e244891a4eca175f98ef900d882e9ebc8ec13dba8fdc98519fa4882f085,2020-05,Durham Constabulary,Durham Constabulary,-1.559308,54.529469,On or near Selbourne Terrace,E01012355,Darlington 008D,Public order,Court result unavailable,
45d365c317428584a5fed372cc8c5fc64be3243b51fff5c68c6d7c88c0a35b51,2020-05,Durham Constabulary,Durham Constabulary,-1.565752,54.532260,On or near Hollyhurst Road,E01012355,Darlington 008D,Public order,Unable to prosecute suspect,
041065cb354a4e5b4f274eef57fd2399289a77b618815791806f9d3ec692ff6b,2020-05,Durham Constabulary,Durham Constabulary,-1.559308,54.529469,On or near Selbourne Terrace,E01012355,Darlington 008D,Public order,Unable to prosecute suspect,
661e88cb27a82df7e55f5fdf40dd1ebd0b6dbc45d8e1c9b4a59e5d75b7e3695f,2020-05,Durham Constabulary,Durham Constabulary,-1.561523,54.530420,On or near Greenbank Road,E01012355,Darlington 008D,Public order,Unable to prosecute suspect,
4a7e4cc6e8da960297e5df83a816259ab3d1a44061d0272794d36eff3eb39616,2020-05,Durham Constabulary,Durham Constabulary,-1.558963,54.527050,On or near Woodland Road,E01012355,Darlington 008D,Public order,Investigation complete; no suspect identified,
5f3717c05b5192f40c3a2eeddbe3f5a48561b7b33a70906843f5ec355195fc0b,2020-05,Durham Constabulary,Durham Constabulary,-1.563209,54.528737,On or near Elms Road,E01012355,Darlington 008D,Public order,Court result unavailable,
621c31c5bf23b60fa875718a7a561e907f71fe0b51cf95a2523e34f380dfe408,2020-05,Durham Constabulary,Durham Constabulary,-1.562265,54.528913,On or near West Crescent,E01012355,Darlington 008D,Violence and sexual offences,Unable to prosecute suspect,
e687823198e8a30e80d7c3136b84cb8c886f0a657c6c1b49852c3722cb1c6eb3,2020-05,Durham Constabulary,Durham Constabulary,-1.561523,54.530420,On or near Greenbank Road,E01012355,Darlington 008D,Violence and sexual offences,Court result unavailable,
d426ce02e807375f7a19ac822220044b073a243f1733bb2f270dbbbb9b356d9f,2020-05,Durham Constabulary,Durham Constabulary,-1.558537,54.529295,On or near Lowe Street,E01012355,Darlington 008D,Violence and sexual offences,Unable to prosecute suspect,
5d507bdc0a76b4f72b6a49b6970099dc33d431ff498f49c638925c03e2458bba,2020-05,Durham Constabulary,Durham Constabulary,-1.559208,54.530106,On or near Dodds Street,E01012355,Darlington 008D,Violence and sexual offences,Unable to prosecute suspect,
55c977707f838e84f2e06f7387586332241205b15d2f7dde8a366388f934d9c0,2020-05,Durham Constabulary,Durham Constabulary,-1.565752,54.532260,On or near Hollyhurst Road,E01012355,Darlington 008D,Violence and sexual offences,Unable to prosecute suspect,
bfd31d94b09143dbc84bd2e168cd2027b451552762739910cc4d6a3b9c0e5639,2020-05,Durham Constabulary,Durham Constabulary,-1.561523,54.530420,On or near Greenbank Road,E01012355,Darlington 008D,Violence and sexual offences,Investigation complete; no suspect identified,
01c6306ab75f3953f18e7c0e2135cc0d867564a3533eb7b4fee012546df686ce,2020-05,Durham Constabulary,Durham Constabulary,-1.559308,54.529469,On or near Selbourne Terrace,E01012355,Darlington 008D,Other crime,Court result unavailable,
d132c790500d6e0c7347e5b22c2e0afec82e6cddae07664baf2891a9f220e5f9,2020-05,Durham Constabulary,Durham Constabulary,-1.563209,54.528737,On or near Elms Road,E01012355,Darlington 008D,Other crime,Court result unavailable,
,2020-05,Durham Constabulary,Durham Constabulary,-1.547808,54.524196,On or near Parkgate,E01033483,Darlington 008E,Anti-social behaviour,,
,2020-05,Durham Constabulary,Durham Constabulary,-1.548053,54.527180,On or near Hilda Street,E01033483,Darlington 008E,Anti-social behaviour,,
,2020-05,Durham Constabulary,Durham Constabulary,-1.547873,54.522506,On or near Hargreave Terrace,E01033483,Darlington 008E,Anti-social behaviour,,
,2020-05,Durham Constabulary,Durham Constabulary,-1.547071,54.522378,On or near Pensbury Street,E01033483,Darlington 008E,Anti-social behaviour,,
,2020-05,Durham Constabulary,Durham Constabulary,-1.547133,54.525101,On or near Sanderson Street,E01033483,Darlington 008E,Anti-social behaviour,,
,2020-05,Durham Constabulary,Durham Constabulary,-1.551863,54.530547,On or near Beck Road,E01033483,Darlington 008E,Anti-social behaviour,,
,2020-05,Durham Constabulary,Durham Constabulary,-1.548053,54.527180,On or near Hilda Street,E01033483,Darlington 008E,Anti-social behaviour,,
,2020-05,Durham Constabulary,Durham Constabulary,-1.552799,54.529768,On or near Northgate,E01033483,Darlington 008E,Anti-social behaviour,,
,2020-05,Durham Constabulary,Durham Constabulary,-1.547808,54.524196,On or near Parkgate,E01033483,Darlington 008E,Anti-social behaviour,,
,2020-05,Durham Constabulary,Durham Constabulary,-1.548484,54.524513,On or near Theatre/Concert Hall,E01033483,Darlington 008E,Anti-social behaviour,,
,2020-05,Durham Constabulary,Durham Constabulary,-1.546531,54.523661,On or near North Eastern Terrace,E01033483,Darlington 008E,Anti-social behaviour,,
,2020-05,Durham Constabulary,Durham Constabulary,-1.546000,54.522796,On or near Parking Area,E01033483,Darlington 008E,Anti-social behaviour,,
,2020-05,Durham Constabulary,Durham Constabulary,-1.552799,54.529768,On or near Northgate,E01033483,Darlington 008E,Anti-social behaviour,,
,2020-05,Durham Constabulary,Durham Constabulary,-1.548696,54.526293,On or near Brunswick Street North,E01033483,Darlington 008E,Anti-social behaviour,,
,2020-05,Durham Constabulary,Durham Constabulary,-1.547808,54.524196,On or near Parkgate,E01033483,Darlington 008E,Anti-social behaviour,,
,2020-05,Durham Constabulary,Durham Constabulary,-1.547808,54.524196,On or near Parkgate,E01033483,Darlington 008E,Anti-social behaviour,,
,2020-05,Durham Constabulary,Durham Constabulary,-1.548696,54.526293,On or near Brunswick Street North,E01033483,Darlington 008E,Anti-social behaviour,,
10f8eb488a6e4f44d40aa000d70ca2e51adfa77f01ec3a08f04c71c37d930c17,2020-05,Durham Constabulary,Durham Constabulary,-1.548271,54.528376,On or near Lodge Street,E01033483,Darlington 008E,Burglary,Investigation complete; no suspect identified,
cdfe5d74c3f30bb05e1cb5f24ffe2359605e667cf9f5bf7ea80aa08563349d3d,2020-05,Durham Constabulary,Durham Constabulary,-1.547873,54.522506,On or near Hargreave Terrace,E01033483,Darlington 008E,Burglary,Unable to prosecute suspect,
137026f0cf3e0399ea0dcd8d1c8e754fc0ef3b78c88d24fc8050c7fa7f1a3e67,2020-05,Durham Constabulary,Durham Constabulary,-1.548696,54.526293,On or near Brunswick Street North,E01033483,Darlington 008E,Burglary,Court result unavailable,
5a633792a2986a3c9a3957a077a597d32f2e8883a3bba2acd0e331844d478600,2020-05,Durham Constabulary,Durham Constabulary,-1.548696,54.526293,On or near Brunswick Street North,E01033483,Darlington 008E,Burglary,Investigation complete; no suspect identified,
821b6dcc145e511d7333ce12deff8e924e5cfdae5163d2fc442e33f4592f01bd,2020-05,Durham Constabulary,Durham Constabulary,-1.548484,54.524513,On or near Theatre/Concert Hall,E01033483,Darlington 008E,Criminal damage and arson,Court result unavailable,
3001bcf030d098c6f4ced98dfb450f2d64b57c6198a53b2e5d511409cdae0972,2020-05,Durham Constabulary,Durham Constabulary,-1.550433,54.532761,On or near John Street,E01033483,Darlington 008E,Criminal damage and arson,Unable to prosecute suspect,
c4a833052d6546d68776a5b2bbdcd0295fc3f308a2a4fffcd5db725c678ab05e,2020-05,Durham Constabulary,Durham Constabulary,-1.547190,54.525604,On or near Middleton Street,E01033483,Darlington 008E,Criminal damage and arson,Local resolution,
992443521146a1981d2353d71dc9af83aaceeae6079bff32f197fe8141330ad7,2020-05,Durham Constabulary,Durham Constabulary,-1.548484,54.524513,On or near Theatre/Concert Hall,E01033483,Darlington 008E,Drugs,Further investigation is not in the public interest,
02cf56a6e6900cbe504b213164fda24d443e115b778a6ef528039c81f8c7e643,2020-05,Durham Constabulary,Durham Constabulary,-1.548484,54.524513,On or near Theatre/Concert Hall,E01033483,Darlington 008E,Drugs,Formal action is not in the public interest,
aca81bb34727a32902d6d41122fc5620e5c144a80c3e84d1a521432c4a6cb0c6,2020-05,Durham Constabulary,Durham Constabulary,-1.548484,54.524513,On or near Theatre/Concert Hall,E01033483,Darlington 008E,Drugs,Offender given a drugs possession warning,
4156385367b1ff654bf7bc575c9db673059aebd2980a6516e3fed74aee86f569,2020-05,Durham Constabulary,Durham Constabulary,-1.548484,54.524513,On or near Theatre/Concert Hall,E01033483,Darlington 008E,Drugs,Unable to prosecute suspect,
dd3763b2c0a8823407fb2204a5b5e187ba41c35702a525bf7c4c01c1ab597a97,2020-05,Durham Constabulary,Durham Constabulary,-1.548696,54.526293,On or near Brunswick Street North,E01033483,Darlington 008E,Other theft,Investigation complete; no suspect identified,
f2f5dd67da1ec03eda63efeadbcff65500e5f68eecdaab8548da6336e29c41d4,2020-05,Durham Constabulary,Durham Constabulary,-1.547894,54.527539,On or near Upper Russell Street,E01033483,Darlington 008E,Other theft,Unable to prosecute suspect,
a7cf9e4c73ad7d87ae580466b81cd26426e8ab8b99f3f63435c7d89be9d53cc8,2020-05,Durham Constabulary,Durham Constabulary,-1.547133,54.525101,On or near Sanderson Street,E01033483,Darlington 008E,Other theft,Investigation complete; no suspect identified,
a5ce28f6751764d1ef683e8bdccffee51983f549706a50ba0dc494911c8dacd5,2020-05,Durham Constabulary,Durham Constabulary,-1.548696,54.526293,On or near Brunswick Street North,E01033483,Darlington 008E,Other theft,Investigation complete; no suspect identified,
6706404da13effc095864567d6daa36018f3df7e11c6a251c240c9e39e07f49f,2020-05,Durham Constabulary,Durham Constabulary,-1.547615,54.526217,On or near Borough Road,E01033483,Darlington 008E,Public order,Court result unavailable,
affa1cb132f9ad9a98b61e9a858275bac9b099e43d0dbbc8221e3256958e46cd,2020-05,Durham Constabulary,Durham Constabulary,-1.548696,54.526293,On or near Brunswick Street North,E01033483,Darlington 008E,Public order,Investigation complete; no suspect identified,
78885440f4cc4e00fd466eedc1c628e9a7b94b707516cf9c0e13d888472ace3e,2020-05,Durham Constabulary,Durham Constabulary,-1.548696,54.526293,On or near Brunswick Street North,E01033483,Darlington 008E,Public order,Investigation complete; no suspect identified,
90edb9473fb656afdbc280b669977b4fd313a9ff5d34799c7f35fc0c7aba7f36,2020-05,Durham Constabulary,Durham Constabulary,-1.547873,54.522506,On or near Hargreave Terrace,E01033483,Darlington 008E,Public order,Formal action is not in the public interest,
aec9e0ce2f015e83527918e939c3fa7ae0082c0f079fef5dea78795bc2747be1,2020-05,Durham Constabulary,Durham Constabulary,-1.547808,54.524196,On or near Parkgate,E01033483,Darlington 008E,Public order,Court result unavailable,
9594d95132aa0fbb2fa33d02627452b403849045f03d6327299bafa69b49cac0,2020-05,Durham Constabulary,Durham Constabulary,-1.552799,54.529768,On or near Northgate,E01033483,Darlington 008E,Public order,Investigation complete; no suspect identified,
a48f0d6b84f97c7280bf091d86e6c41b03cb419b75701f1aa64ab845f07d60ea,2020-05,Durham Constabulary,Durham Constabulary,-1.548696,54.526293,On or near Brunswick Street North,E01033483,Darlington 008E,Robbery,Unable to prosecute suspect,
b1510cfa17860c4e788ee093a469f39e30d1795ca131d5655eb5921df0020d14,2020-05,Durham Constabulary,Durham Constabulary,-1.547894,54.527539,On or near Upper Russell Street,E01033483,Darlington 008E,Vehicle crime,Investigation complete; no suspect identified,
1e0eddd722b6d8e98f5dfc4bfe65f5aa9645178cdd0b0c8ddfb051ce6e277fc3,2020-05,Durham Constabulary,Durham Constabulary,-1.546588,54.531084,On or near East Mount Road,E01033483,Darlington 008E,Vehicle crime,Investigation complete; no suspect identified,
070128b3045f4661d7f1df97d7b39b4f94ee886ecc8fb6fd73e7deb787adc35b,2020-05,Durham Constabulary,Durham Constabulary,-1.546000,54.522796,On or near Parking Area,E01033483,Darlington 008E,Violence and sexual offences,Local resolution,
b668469ffca85a6500cf7552ba8764f1bf35a807cf03aa7d207359b9be4d30a5,2020-05,Durham Constabulary,Durham Constabulary,-1.547190,54.525604,On or near Middleton Street,E01033483,Darlington 008E,Violence and sexual offences,Unable to prosecute suspect,
69bb266de36923c471652c48a594273c3f2762c44e3c5fbdc8f7a5e7ed59629c,2020-05,Durham Constabulary,Durham Constabulary,-1.548484,54.524513,On or near Theatre/Concert Hall,E01033483,Darlington 008E,Violence and sexual offences,Court result unavailable,
086fa99759359595c8463f42a501655da6beafad387d53937f5506665de183aa,2020-05,Durham Constabulary,Durham Constabulary,-1.547982,54.525239,On or near Theatre/Concert Hall,E01033483,Darlington 008E,Violence and sexual offences,Unable to prosecute suspect,
7de34909a6eb3d5f0ab1d7d66e15dd7b093222eafd262e60cdb39d7c86489932,2020-05,Durham Constabulary,Durham Constabulary,-1.548696,54.526293,On or near Brunswick Street North,E01033483,Darlington 008E,Violence and sexual offences,Unable to prosecute suspect,
5b358513fcb6b0c889bc72949d19bf038aaaf7c750d919a8536422e29ed52ed6,2020-05,Durham Constabulary,Durham Constabulary,-1.548696,54.526293,On or near Brunswick Street North,E01033483,Darlington 008E,Violence and sexual offences,Unable to prosecute suspect,
d8646893434f3375781ce5a58c8c58b83a8ffc7548d4ccc1a7447886d1404986,2020-05,Durham Constabulary,Durham Constabulary,-1.546000,54.522796,On or near Parking Area,E01033483,Darlington 008E,Violence and sexual offences,Unable to prosecute suspect,
8309a06c66e2996d4c70c24328af264d3a4377878042a9e9bb8545edabd87f46,2020-05,Durham Constabulary,Durham Constabulary,-1.547873,54.522506,On or near Hargreave Terrace,E01033483,Darlington 008E,Violence and sexual offences,Further action is not in the public interest,
66c1fe63cdce02677d41b9fe2fc66cd62879c78ac2f8033cefa1ada10835fae1,2020-05,Durham Constabulary,Durham Constabulary,-1.552799,54.529768,On or near Northgate,E01033483,Darlington 008E,Violence and sexual offences,Unable to prosecute suspect,
577cfba47e3eac4ab6232be4d9e1188a59b43b02b22c88a6a3dda4e1e20e76d2,2020-05,Durham Constabulary,Durham Constabulary,-1.547982,54.525239,On or near Theatre/Concert Hall,E01033483,Darlington 008E,Violence and sexual offences,Unable to prosecute suspect,
98e9be5750a2c4ded05617ccb767dd2e8a2bb8ce1ca3b97f9d5a47ab0df4a65e,2020-05,Durham Constabulary,Durham Constabulary,-1.547873,54.522506,On or near Hargreave Terrace,E01033483,Darlington 008E,Violence and sexual offences,Further action is not in the public interest,
c44891e83eb79fa7b9b57165af9a723502db138b5e39cc97e06dda9dcdd4737a,2020-05,Durham Constabulary,Durham Constabulary,-1.547071,54.522378,On or near Pensbury Street,E01033483,Darlington 008E,Violence and sexual offences,Unable to prosecute suspect,
,2020-05,Durham Constabulary,Durham Constabulary,-1.558686,54.526923,On or near Woodland Road,E01033484,Darlington 008F,Anti-social behaviour,,
,2020-05,Durham Constabulary,Durham Constabulary,-1.561950,54.526566,On or near Outram Street,E01033484,Darlington 008F,Anti-social behaviour,,
,2020-05,Durham Constabulary,Durham Constabulary,-1.561512,54.522790,On or near Stanhope Road South,E01033484,Darlington 008F,Anti-social behaviour,,
,2020-05,Durham Constabulary,Durham Constabulary,-1.561746,54.525397,On or near Duke Street,E01033484,Darlington 008F,Anti-social behaviour,,
,2020-05,Durham Constabulary,Durham Constabulary,-1.560230,54.527072,On or near Portland Place,E01033484,Darlington 008F,Anti-social behaviour,,
,2020-05,Durham Constabulary,Durham Constabulary,-1.561746,54.525397,On or near Duke Street,E01033484,Darlington 008F,Anti-social behaviour,,
,2020-05,Durham Constabulary,Durham Constabulary,-1.554747,54.522559,On or near Beaumont Street,E01033484,Darlington 008F,Anti-social behaviour,,
,2020-05,Durham Constabulary,Durham Constabulary,-1.560027,54.522902,On or near West Street,E01033484,Darlington 008F,Anti-social behaviour,,
,2020-05,Durham Constabulary,Durham Constabulary,-1.555164,54.526811,On or near Supermarket,E01033484,Darlington 008F,Anti-social behaviour,,
,2020-05,Durham Constabulary,Durham Constabulary,-1.558489,54.525170,On or near Raby Terrace,E01033484,Darlington 008F,Anti-social behaviour,,
,2020-05,Durham Constabulary,Durham Constabulary,-1.556382,54.525683,On or near Parking Area,E01033484,Darlington 008F,Anti-social behaviour,,
6cfc22812061355b7cf41dfdd46cda7380061414efe08fc2c4c7caaeee91c24c,2020-05,Durham Constabulary,Durham Constabulary,-1.555570,54.527909,On or near Pedestrian Subway,E01033484,Darlington 008F,Burglary,Investigation complete; no suspect identified,
75e912b25a0332d69c2089c46783235805bcb7582cd1b533b04b0b73f5ac4f02,2020-05,Durham Constabulary,Durham Constabulary,-1.558111,54.522967,On or near Grange Road,E01033484,Darlington 008F,Burglary,Investigation complete; no suspect identified,
88a04667a9022da522417f3d48b8dcaa9973223bcd34b53b43d87871d62c25d9,2020-05,Durham Constabulary,Durham Constabulary,-1.551446,54.524937,On or near Stonebridge,E01033484,Darlington 008F,Burglary,Investigation complete; no suspect identified,
2003d32e752ef9118b54e9452e146ada9654b0905cb7ea7b864c43bae875ccd1,2020-05,Durham Constabulary,Durham Constabulary,-1.555737,54.523919,On or near Shopping Area,E01033484,Darlington 008F,Burglary,Investigation complete; no suspect identified,
006be1c3b917474bf0fc311bf12d0143fff7117ac19d8e9b93f9c08b54041840,2020-05,Durham Constabulary,Durham Constabulary,-1.553749,54.524856,On or near Tubwell Row,E01033484,Darlington 008F,Criminal damage and arson,Investigation complete; no suspect identified,
853d5eedbe43fb25038b7ff8d9f9bc3d7325b16f18e2da66e687772ce819f513,2020-05,Durham Constabulary,Durham Constabulary,-1.556042,54.524244,On or near Shopping Area,E01033484,Darlington 008F,Criminal damage and arson,Unable to prosecute suspect,
334d70b315f0f1a10de9ea32e53b66cf1775f6fbd955379f83f50d2397c32b2e,2020-05,Durham Constabulary,Durham Constabulary,-1.555570,54.527909,On or near Pedestrian Subway,E01033484,Darlington 008F,Criminal damage and arson,Investigation complete; no suspect identified,
8b946f65951f07314210eb6d73f358b375464d7beab19c247da1bb45b7708685,2020-05,Durham Constabulary,Durham Constabulary,-1.551343,54.521648,On or near Backhouse Street,E01033484,Darlington 008F,Criminal damage and arson,Further action is not in the public interest,
d90f46637fee4d1bca38056cbba751915942c77a5aab8fea7046f17f190c46cf,2020-05,Durham Constabulary,Durham Constabulary,-1.557170,54.525704,On or near Bell'S Place,E01033484,Darlington 008F,Criminal damage and arson,Investigation complete; no suspect identified,
ea13c901051937355a34765fb5b83c2f6b0f561b70aaf337c0986e671d3f7151,2020-05,Durham Constabulary,Durham Constabulary,-1.561628,54.526376,On or near Eskdale Street,E01033484,Darlington 008F,Criminal damage and arson,Action to be taken by another organisation,
64506fb0807b051ff4fff6bba520bb954c47d335f58e7fc550ff56da7eb262b3,2020-05,Durham Constabulary,Durham Constabulary,-1.558489,54.525170,On or near Raby Terrace,E01033484,Darlington 008F,Drugs,Offender given a drugs possession warning,
431dcaf09ddc99986bbbd3a1a6791d80368213e105e7231c5319a59d05e43bf3,2020-05,Durham Constabulary,Durham Constabulary,-1.558489,54.525170,On or near Raby Terrace,E01033484,Darlington 008F,Drugs,Offender given a drugs possession warning,
90b0966a6bd8e443ec2f960b8d2257f4c458197021cb61888d8a9aad1d6f958e,2020-05,Durham Constabulary,Durham Constabulary,-1.557577,54.526631,On or near Pedestrian Subway,E01033484,Darlington 008F,Other theft,Investigation complete; no suspect identified,
20ac7e1557859ca0a4af86bcd82a2b42d6954f8df250edf2a10531478dcd0a03,2020-05,Durham Constabulary,Durham Constabulary,-1.561530,54.526798,On or near Outram Court,E01033484,Darlington 008F,Other theft,Unable to prosecute suspect,
d840c61e3ca35ab43157b15ee01509a7e3fd7dc2921f7b685132a945b1df8528,2020-05,Durham Constabulary,Durham Constabulary,-1.555149,54.525382,On or near Prebend Row,E01033484,Darlington 008F,Other theft,Unable to prosecute suspect,
0e5568e50a194880228c91bb250cd57e2bae3ad3d1dde49e3a7a5c5a049b41ad,2020-05,Durham Constabulary,Durham Constabulary,-1.556382,54.525683,On or near Parking Area,E01033484,Darlington 008F,Other theft,Investigation complete; no suspect identified,
ae0bc3b1c360a366306a058eb8f9c19849e71a059d7c7c2831dc83fb9d623c08,2020-05,Durham Constabulary,Durham Constabulary,-1.556401,54.526807,On or near King Street,E01033484,Darlington 008F,Possession of weapons,Court result unavailable,
149443ecc01fb7f5a503ed4f538b2131857c11d771c597de20cc02e7708cd56f,2020-05,Durham Constabulary,Durham Constabulary,-1.553737,54.524532,On or near Church Row,E01033484,Darlington 008F,Public order,Court result unavailable,
2455af6ee635b18b7e1115397c4d4685e1e8e4fd3a530694e5b7584ba8af9791,2020-05,Durham Constabulary,Durham Constabulary,-1.553749,54.524856,On or near Tubwell Row,E01033484,Darlington 008F,Public order,Investigation complete; no suspect identified,
bc998865efc6616eb203694915483bec697274fd59adacfcdd52631a89dd5bef,2020-05,Durham Constabulary,Durham Constabulary,-1.553749,54.524856,On or near Tubwell Row,E01033484,Darlington 008F,Public order,Unable to prosecute suspect,
f1f9bb18cadae261f6975421a31852bcd9085a52a88af3a5ff6ccde127478d2b,2020-05,Durham Constabulary,Durham Constabulary,-1.553749,54.524856,On or near Tubwell Row,E01033484,Darlington 008F,Public order,Unable to prosecute suspect,
ef5169fc367f523942a64497416db29af41a506e148d0657fdcfebd0452b80cb,2020-05,Durham Constabulary,Durham Constabulary,-1.556042,54.524244,On or near Shopping Area,E01033484,Darlington 008F,Shoplifting,Investigation complete; no suspect identified,
2f17010d5925775e34f93d7423c05765998b1eb667de625c6a2b9ceee1370a76,2020-05,Durham Constabulary,Durham Constabulary,-1.556042,54.524244,On or near Shopping Area,E01033484,Darlington 008F,Shoplifting,Investigation complete; no suspect identified,
494c505fb8ba64e1cd98891710b7a1c2d247df7d6f596109593a6fde7eab88e4,2020-05,Durham Constabulary,Durham Constabulary,-1.552924,54.526776,On or near Quebec Street,E01033484,Darlington 008F,Shoplifting,Court result unavailable,
bf36f48366bb42d82a3e3711f06ed22000b9fd4e2d1914703f7bd346a3da23c0,2020-05,Durham Constabulary,Durham Constabulary,-1.552924,54.526776,On or near Quebec Street,E01033484,Darlington 008F,Shoplifting,Investigation complete; no suspect identified,
0c2590cfa5bcaf3e102576a3f9afdf5bf3e502a10eeb1c0982d8e68c6e2ee109,2020-05,Durham Constabulary,Durham Constabulary,-1.561746,54.525397,On or near Duke Street,E01033484,Darlington 008F,Theft from the person,Investigation complete; no suspect identified,
12dc0fcaa7ad370e544ce43a307b17629b99dba447ad088d4bfdc00dfaebf140,2020-05,Durham Constabulary,Durham Constabulary,-1.558489,54.525170,On or near Raby Terrace,E01033484,Darlington 008F,Violence and sexual offences,Unable to prosecute suspect,
77c83c69047db116219584d123c2b43ac0a2e6f0a58d3d1fb6ab48e0b86eeda7,2020-05,Durham Constabulary,Durham Constabulary,-1.551343,54.521648,On or near Backhouse Street,E01033484,Darlington 008F,Violence and sexual offences,Further action is not in the public interest,
b0e5cf8589e9da21527c72d23c0a17ccf3cf154a987b2bce81b1c2cc8e0dddec,2020-05,Durham Constabulary,Durham Constabulary,-1.561555,54.525963,On or near Napier Street,E01033484,Darlington 008F,Violence and sexual offences,Unable to prosecute suspect,
661d52a4f53f9ee90217adb6fd7bab7352c1210fb8baf968ed8fae00d465d37b,2020-05,Durham Constabulary,Durham Constabulary,-1.558489,54.525170,On or near Raby Terrace,E01033484,Darlington 008F,Violence and sexual offences,Unable to prosecute suspect,
4740233045d7c22b782b3ae9bcd70426a8ab2db9ddaec00441db0b545c23dc39,2020-05,Durham Constabulary,Durham Constabulary,-1.560230,54.527072,On or near Portland Place,E01033484,Darlington 008F,Violence and sexual offences,Court result unavailable,
5138b9fba8b1d105b33fbe75edb9f3c932d34e9d88ec3f7e9e09f98978cad271,2020-05,Durham Constabulary,Durham Constabulary,-1.551986,54.523618,On or near Parking Area,E01033484,Darlington 008F,Violence and sexual offences,Investigation complete; no suspect identified,
bda8518f777cb0b014fca3f362eeffe76e5a3061a2d948a221faf980cb648cad,2020-05,Durham Constabulary,Durham Constabulary,-1.555164,54.526811,On or near Supermarket,E01033484,Darlington 008F,Violence and sexual offences,Unable to prosecute suspect,
98752221e7f3bedccebbbddf1955bf9a1da459c1d75125a3ca4044dfdb36c70d,2020-05,Durham Constabulary,Durham Constabulary,-1.561555,54.525963,On or near Napier Street,E01033484,Darlington 008F,Violence and sexual offences,Unable to prosecute suspect,
59ca9824c044e29e3613f2894ad07f9ec8a278d71469a4d251db5b7737f464b2,2020-05,Durham Constabulary,Durham Constabulary,-1.559778,54.524518,On or near Powlett Street,E01033484,Darlington 008F,Violence and sexual offences,Unable to prosecute suspect,
e33e0dd56e5a1b39795f30ebf120e1535f18083819f208da64a8e9ed8a8a4ab7,2020-05,Durham Constabulary,Durham Constabulary,-1.561555,54.525963,On or near Napier Street,E01033484,Darlington 008F,Violence and sexual offences,Unable to prosecute suspect,
a47ed61dcf6047d57ec69384f329abc50181df968091ee0b73aefa913bfd08de,2020-05,Durham Constabulary,Durham Constabulary,-1.561555,54.525963,On or near Napier Street,E01033484,Darlington 008F,Violence and sexual offences,Unable to prosecute suspect,
35bfb32b424d506da78820ec78f0e4e6cb631f8758b3a19d5ef196d535ca99df,2020-05,Durham Constabulary,Durham Constabulary,-1.560230,54.527072,On or near Portland Place,E01033484,Darlington 008F,Violence and sexual offences,Court result unavailable,
,2020-05,Durham Constabulary,Durham Constabulary,-1.541719,54.533960,On or near Lucknow Street,E01012307,Darlington 009A,Anti-social behaviour,,
,2020-05,Durham Constabulary,Durham Constabulary,-1.535923,54.532697,On or near Westgarth Terrace,E01012307,Darlington 009A,Anti-social behaviour,,
,2020-05,Durham Constabulary,Durham Constabulary,-1.541057,54.533732,On or near Killinghall Street,E01012307,Darlington 009A,Anti-social behaviour,,
,2020-05,Durham Constabulary,Durham Constabulary,-1.541057,54.533732,On or near Killinghall Street,E01012307,Darlington 009A,Anti-social behaviour,,
,2020-05,Durham Constabulary,Durham Constabulary,-1.543382,54.530362,On or near Haughton Road,E01012307,Darlington 009A,Anti-social behaviour,,
,2020-05,Durham Constabulary,Durham Constabulary,-1.545640,54.530200,On or near Dundee Street,E01012307,Darlington 009A,Anti-social behaviour,,
,2020-05,Durham Constabulary,Durham Constabulary,-1.535923,54.532697,On or near Westgarth Terrace,E01012307,Darlington 009A,Anti-social behaviour,,
,2020-05,Durham Constabulary,Durham Constabulary,-1.537505,54.534959,On or near Church Close,E01012307,Darlington 009A,Anti-social behaviour,,
,2020-05,Durham Constabulary,Durham Constabulary,-1.537505,54.534959,On or near Church Close,E01012307,Darlington 009A,Anti-social behaviour,,
,2020-05,Durham Constabulary,Durham Constabulary,-1.539575,54.533610,On or near Prescott Street,E01012307,Darlington 009A,Anti-social behaviour,,
4c06613627ab16228f96f4487bbfda848ebb40dc57df1faab63bc2cdfdcac190,2020-05,Durham Constabulary,Durham Constabulary,-1.541719,54.533960,On or near Lucknow Street,E01012307,Darlington 009A,Burglary,Investigation complete; no suspect identified,
df74cc643d8418d597bc6a5aa086f9906f44e7fa5287a647855468ad1f09a5af,2020-05,Durham Constabulary,Durham Constabulary,-1.543372,54.536806,On or near Shopping Area,E01012307,Darlington 009A,Criminal damage and arson,Court result unavailable,
fe1eacc57454517937246adae032f4ec09783c4c77731cdd503231789e8ae04f,2020-05,Durham Constabulary,Durham Constabulary,-1.538790,54.534667,On or near Nestfield Street,E01012307,Darlington 009A,Criminal damage and arson,Investigation complete; no suspect identified,
25e708549f94a562ba80d316d9e35e76341b982afdb1ad7eb0f5d807a91275ed,2020-05,Durham Constabulary,Durham Constabulary,-1.541719,54.533960,On or near Lucknow Street,E01012307,Darlington 009A,Criminal damage and arson,Unable to prosecute suspect,
be8ff043289fdc2f2b4ef8a340bc284ce1d0dd0053a5175cbd7435067db3ecb0,2020-05,Durham Constabulary,Durham Constabulary,-1.541719,54.533960,On or near Lucknow Street,E01012307,Darlington 009A,Criminal damage and arson,Action to be taken by another organisation,
ae24e8e1b472a6b46534376af2a3e410d1bc7640ed7feacef357d1a6512b74be,2020-05,Durham Constabulary,Durham Constabulary,-1.532788,54.533880,On or near Throstlenest Avenue,E01012307,Darlington 009A,Other theft,Investigation complete; no suspect identified,
2ca4d404fa0334c528c5f0a41006e5e68fe7f1e7528eb4fef0ef23800ebaf5cf,2020-05,Durham Constabulary,Durham Constabulary,-1.545142,54.530548,On or near Montrose Street,E01012307,Darlington 009A,Other theft,Investigation complete; no suspect identified,
d50fce9015275e47710e6ea25b6a327a943e9c4e44157bfeadf61e1db9676414,2020-05,Durham Constabulary,Durham Constabulary,-1.541348,54.532619,On or near Bowes Court,E01012307,Darlington 009A,Other theft,Investigation complete; no suspect identified,
46ef371c5d94b359495d928d74ea347152ac454cd054965c910936fc3989f8d7,2020-05,Durham Constabulary,Durham Constabulary,-1.534380,54.533887,On or near Haughton Road,E01012307,Darlington 009A,Public order,Unable to prosecute suspect,
abaadf8810cb6e6a2556f28e83605b1930ab966092e929295f70559c4d93ba89,2020-05,Durham Constabulary,Durham Constabulary,-1.532788,54.533880,On or near Throstlenest Avenue,E01012307,Darlington 009A,Public order,Unable to prosecute suspect,
96de12adf0734110f89057cb8943be0d95d88b03c0a433db5a4e03fbac30a407,2020-05,Durham Constabulary,Durham Constabulary,-1.545640,54.530200,On or near Dundee Street,E01012307,Darlington 009A,Vehicle crime,Investigation complete; no suspect identified,
ab7cd5b2195c6ef1d660c83d4853ca59b94e2cde4b72e7bf727c1c6c139a6c47,2020-05,Durham Constabulary,Durham Constabulary,-1.541719,54.533960,On or near Lucknow Street,E01012307,Darlington 009A,Violence and sexual offences,Status update unavailable,
2aee7aca41c73403c5a2780f1d5887e81e159fffdcb0b331c650924727e0bdb3,2020-05,Durham Constabulary,Durham Constabulary,-1.532788,54.533880,On or near Throstlenest Avenue,E01012307,Darlington 009A,Violence and sexual offences,Unable to prosecute suspect,
498728b7a7783cc0e8a320299922c863565f8509dc4b16f7159ac783a4cdafb3,2020-05,Durham Constabulary,Durham Constabulary,-1.534380,54.533887,On or near Haughton Road,E01012307,Darlington 009A,Violence and sexual offences,Unable to prosecute suspect,
eec8327d4a9eb3330b18dfd521e59bdfb0a3db42c110782ad16af3447bf76a45,2020-05,Durham Constabulary,Durham Constabulary,-1.538790,54.534667,On or near Nestfield Street,E01012307,Darlington 009A,Violence and sexual offences,Unable to prosecute suspect,
57cb5756baf7371e2b7a984884a16c5774a1b63e19616a35959fc18c1c683361,2020-05,Durham Constabulary,Durham Constabulary,-1.541719,54.533960,On or near Lucknow Street,E01012307,Darlington 009A,Violence and sexual offences,Unable to prosecute suspect,
c39718e24fe841baa0bf86746f23d1d1594cc99f006425da07fc28367dcc7019,2020-05,Durham Constabulary,Durham Constabulary,-1.537505,54.534959,On or near Church Close,E01012307,Darlington 009A,Violence and sexual offences,Further investigation is not in the public interest,
84edb6a3e0b2af3751840063d82e4a5043ab29f73abdc087e9e25556b150ca7b,2020-05,Durham Constabulary,Durham Constabulary,-1.541719,54.533960,On or near Lucknow Street,E01012307,Darlington 009A,Violence and sexual offences,Further action is not in the public interest,
e6b46e09f8f5caf65fc468f4c5f7ef8c2085a62d61d6a29a854a974824e2b174,2020-05,Durham Constabulary,Durham Constabulary,-1.541719,54.533960,On or near Lucknow Street,E01012307,Darlington 009A,Violence and sexual offences,Local resolution,
5ec8dcc619be88ce451b0fae2bde075da8ee41c1779dbf5dd057e79d74961213,2020-05,Durham Constabulary,Durham Constabulary,-1.540174,54.535320,On or near Dodsworth Street,E01012307,Darlington 009A,Violence and sexual offences,Unable to prosecute suspect,
dc1bb439e6d479ed583172a8336f600ef11aa6c969f1b16defbb7660a48cb367,2020-05,Durham Constabulary,Durham Constabulary,-1.532788,54.533880,On or near Throstlenest Avenue,E01012307,Darlington 009A,Violence and sexual offences,Unable to prosecute suspect,
fcd73ff0ad9fb2dddadd7e2d94fab7cf32b1c7a9fc2faa4fcebe6376b5edce18,2020-05,Durham Constabulary,Durham Constabulary,-1.538247,54.533488,On or near Barton Street,E01012307,Darlington 009A,Violence and sexual offences,Investigation complete; no suspect identified,
a99aa244e6eeb6bcfca0702c1b0690a4e41f026b88ea02b91bf242601fcf3b35,2020-05,Durham Constabulary,Durham Constabulary,-1.538790,54.534667,On or near Nestfield Street,E01012307,Darlington 009A,Violence and sexual offences,Court result unavailable,
e7c671da58465163d730144ce04872a26034ccf9d8350a7e3e6d767d020c19c1,2020-05,Durham Constabulary,Durham Constabulary,-1.532788,54.533880,On or near Throstlenest Avenue,E01012307,Darlington 009A,Violence and sexual offences,Unable to prosecute suspect,
b8e4a3f9588c2311dbe7d1f9359b966f3cd9c195556c7a792716c7eb781ff2e3,2020-05,Durham Constabulary,Durham Constabulary,-1.541719,54.533960,On or near Lucknow Street,E01012307,Darlington 009A,Violence and sexual offences,Unable to prosecute suspect,
bdc8704a15e0319a930ca175c2fe6a160167d03dcdf353a51b4b7910088267f6,2020-05,Durham Constabulary,Durham Constabulary,-1.539575,54.533610,On or near Prescott Street,E01012307,Darlington 009A,Violence and sexual offences,Unable to prosecute suspect,
b74fe71f0568e43f36e9c53a218e9fe250fb2fa96c08de33b1f04023a33a45c1,2020-05,Durham Constabulary,Durham Constabulary,-1.539575,54.533610,On or near Prescott Street,E01012307,Darlington 009A,Violence and sexual offences,Unable to prosecute suspect,
bee2d9fae3e8b8d4215cb4f4103b70f6e782180f794969c116a3cab704d4d0b0,2020-05,Durham Constabulary,Durham Constabulary,-1.532788,54.533880,On or near Throstlenest Avenue,E01012307,Darlington 009A,Violence and sexual offences,Unable to prosecute suspect,
d9cfe2fb8c9a89a574eb7af1fe8de781e4a471e9469472f14f5ee5dad901dcb9,2020-05,Durham Constabulary,Durham Constabulary,-1.534380,54.533887,On or near Haughton Road,E01012307,Darlington 009A,Violence and sexual offences,Unable to prosecute suspect,
,2020-05,Durham Constabulary,Durham Constabulary,-1.520764,54.532620,On or near Wimbledon Close,E01012327,Darlington 009B,Anti-social behaviour,,
,2020-05,Durham Constabulary,Durham Constabulary,-1.513835,54.534444,On or near Kempton Court,E01012327,Darlington 009B,Anti-social behaviour,,
,2020-05,Durham Constabulary,Durham Constabulary,-1.521826,54.533002,On or near Roker Close,E01012327,Darlington 009B,Anti-social behaviour,,
,2020-05,Durham Constabulary,Durham Constabulary,-1.513699,54.532880,On or near Deepdale Way,E01012327,Darlington 009B,Anti-social behaviour,,
,2020-05,Durham Constabulary,Durham Constabulary,-1.518898,54.533592,On or near Headingley Crescent,E01012327,Darlington 009B,Anti-social behaviour,,
,2020-05,Durham Constabulary,Durham Constabulary,-1.510628,54.533811,On or near Bisley Court,E01012327,Darlington 009B,Anti-social behaviour,,
,2020-05,Durham Constabulary,Durham Constabulary,-1.521826,54.533002,On or near Roker Close,E01012327,Darlington 009B,Anti-social behaviour,,
,2020-05,Durham Constabulary,Durham Constabulary,-1.523056,54.533555,On or near Ayresome Way,E01012327,Darlington 009B,Anti-social behaviour,,
,2020-05,Durham Constabulary,Durham Constabulary,-1.524820,54.533319,On or near Red Barnes Way,E01012327,Darlington 009B,Anti-social behaviour,,
,2020-05,Durham Constabulary,Durham Constabulary,-1.523056,54.533555,On or near Ayresome Way,E01012327,Darlington 009B,Anti-social behaviour,,
,2020-05,Durham Constabulary,Durham Constabulary,-1.516820,54.532937,On or near White Hart Crescent,E01012327,Darlington 009B,Anti-social behaviour,,
,2020-05,Durham Constabulary,Durham Constabulary,-1.518614,54.532818,On or near Goodison Way,E01012327,Darlington 009B,Anti-social behaviour,,
,2020-05,Durham Constabulary,Durham Constabulary,-1.523056,54.533555,On or near Ayresome Way,E01012327,Darlington 009B,Anti-social behaviour,,
,2020-05,Durham Constabulary,Durham Constabulary,-1.516530,54.532630,On or near Murrayfield Way,E01012327,Darlington 009B,Anti-social behaviour,,
a2d4b47dca2ee93ef821fda8fdf80e882365190818221f2f00d159f26d4a861d,2020-05,Durham Constabulary,Durham Constabulary,-1.519267,54.533738,On or near Trafford Close,E01012327,Darlington 009B,Burglary,Investigation complete; no suspect identified,
807c6bea663e9c709b36e5106191d38621598e79aded4f843c794feb6d2225d3,2020-05,Durham Constabulary,Durham Constabulary,-1.516530,54.532630,On or near Murrayfield Way,E01012327,Darlington 009B,Burglary,Status update unavailable,
3a84f0fef648d4360dda290143fdb021b1dbd14e0c9faf47cc51eb9edb359401,2020-05,Durham Constabulary,Durham Constabulary,-1.518898,54.533592,On or near Headingley Crescent,E01012327,Darlington 009B,Burglary,Investigation complete; no suspect identified,
40bcb525d5833a5f6f81f0422eb91caed268bb3249627c23625a41bcdd8f49ae,2020-05,Durham Constabulary,Durham Constabulary,-1.511709,54.533878,On or near Chepstow Court,E01012327,Darlington 009B,Burglary,Investigation complete; no suspect identified,
c96b9a18a96db57be57a901f3ca2be0b35316953a12ef03dbaa70f28a438b3d1,2020-05,Durham Constabulary,Durham Constabulary,-1.519267,54.533738,On or near Trafford Close,E01012327,Darlington 009B,Criminal damage and arson,Unable to prosecute suspect,
eaacab165fb17830d58dcd8bb4ea20dcf7a99844f8b49e6d2a23651813ef312e,2020-05,Durham Constabulary,Durham Constabulary,-1.516820,54.532937,On or near White Hart Crescent,E01012327,Darlington 009B,Other theft,Investigation complete; no suspect identified,
f2b838b03907a21607ab0c3ad3ac3c7ea85982ec0b4604fb12e14185f8238d04,2020-05,Durham Constabulary,Durham Constabulary,-1.515147,54.534557,On or near Mallory Court,E01012327,Darlington 009B,Public order,Unable to prosecute suspect,
25f1212ae6b30c8d8cfb0949ae0ae9acef4c2f18688df1cec651edf2d8b14cb9,2020-05,Durham Constabulary,Durham Constabulary,-1.514488,54.534078,On or near Badminton Close,E01012327,Darlington 009B,Public order,Local resolution,
136869b710d7179f08c19014fd0902d86824ac8b2471600111bd36299f60cd2a,2020-05,Durham Constabulary,Durham Constabulary,-1.514592,54.533189,On or near Bramall Lane,E01012327,Darlington 009B,Public order,Unable to prosecute suspect,
f837160435c6ccd458f6ec2681853b6a93b7a61017d903978a23f4d7dcecca4e,2020-05,Durham Constabulary,Durham Constabulary,-1.516820,54.532937,On or near White Hart Crescent,E01012327,Darlington 009B,Public order,Investigation complete; no suspect identified,
0ccb83b063b8445d282586a44779d21fd807a1c9d81d6471f7d588915abaa5a9,2020-05,Durham Constabulary,Durham Constabulary,-1.514592,54.533189,On or near Bramall Lane,E01012327,Darlington 009B,Public order,Unable to prosecute suspect,
6035d3a8c8171c0b9bb24000891a5a1e86b257ef4de51bae4d3c56efc61c445b,2020-05,Durham Constabulary,Durham Constabulary,-1.510628,54.533811,On or near Bisley Court,E01012327,Darlington 009B,Public order,Court result unavailable,
50d25fd3d3c2429ca8059a99cc48c9cd57bf01486dcbb6ab8bce4035c6a2ab87,2020-05,Durham Constabulary,Durham Constabulary,-1.510628,54.533811,On or near Bisley Court,E01012327,Darlington 009B,Vehicle crime,Court result unavailable,
08b4cc24efab9729ed355ed65359d7c804bfdb257dff7b3c4249682d4b835a0b,2020-05,Durham Constabulary,Durham Constabulary,-1.511709,54.533878,On or near Chepstow Court,E01012327,Darlington 009B,Violence and sexual offences,Unable to prosecute suspect,
608598293ba54a3ee9c97f5fd4cceea51d0ddb112818af1a92bea4c087c32c6b,2020-05,Durham Constabulary,Durham Constabulary,-1.514592,54.533189,On or near Bramall Lane,E01012327,Darlington 009B,Violence and sexual offences,Unable to prosecute suspect,
bf606589e2c2089b7a2a1987786c1229fb4a7fc6bd3ac16b03b64759a7803d5a,2020-05,Durham Constabulary,Durham Constabulary,-1.519267,54.533738,On or near Trafford Close,E01012327,Darlington 009B,Violence and sexual offences,Unable to prosecute suspect,
5c9a39e24d537f52d79bb01718a22db924426bc1c3063b7641c98ab7eea10114,2020-05,Durham Constabulary,Durham Constabulary,-1.519267,54.533738,On or near Trafford Close,E01012327,Darlington 009B,Violence and sexual offences,Unable to prosecute suspect,
b2b54124c73c09f089fc0bc99f1a86276f8c306fd37a9f0dfb3bc21257c2f4b1,2020-05,Durham Constabulary,Durham Constabulary,-1.513835,54.534444,On or near Kempton Court,E01012327,Darlington 009B,Violence and sexual offences,Unable to prosecute suspect,
077ba7c6d89b8202e752ffa0610d8eeec37492f33969e4fb0e23394f193c790b,2020-05,Durham Constabulary,Durham Constabulary,-1.514592,54.533189,On or near Bramall Lane,E01012327,Darlington 009B,Violence and sexual offences,Unable to prosecute suspect,
f598a11a3d531526ad6f9c384434fca7033077b246598714cda76ddb499421fd,2020-05,Durham Constabulary,Durham Constabulary,-1.518898,54.533592,On or near Headingley Crescent,E01012327,Darlington 009B,Violence and sexual offences,Unable to prosecute suspect,
a4ca11996c8f66cc65ef54b5a9966e95bcdea63ea102a3ce681cffdf8742acee,2020-05,Durham Constabulary,Durham Constabulary,-1.519267,54.533738,On or near Trafford Close,E01012327,Darlington 009B,Violence and sexual offences,Unable to prosecute suspect,
7767042c2a774112f9f434e5d110baf3a74b35cd302f09daca18e2263ce28e10,2020-05,Durham Constabulary,Durham Constabulary,-1.519267,54.533738,On or near Trafford Close,E01012327,Darlington 009B,Violence and sexual offences,Action to be taken by another organisation,
82810dc67caf28fbc3860bc662e0ea92b542acb90255555742185a2627e62f72,2020-05,Durham Constabulary,Durham Constabulary,-1.514592,54.533189,On or near Bramall Lane,E01012327,Darlington 009B,Violence and sexual offences,Unable to prosecute suspect,
,2020-05,Durham Constabulary,Durham Constabulary,-1.536977,54.531030,On or near Shelley Road,E01012342,Darlington 009C,Anti-social behaviour,,
,2020-05,Durham Constabulary,Durham Constabulary,-1.536764,54.523956,On or near Dinsdale Crescent,E01012342,Darlington 009C,Anti-social behaviour,,
,2020-05,Durham Constabulary,Durham Constabulary,-1.535999,54.527314,On or near Yellowley Court,E01012342,Darlington 009C,Anti-social behaviour,,
,2020-05,Durham Constabulary,Durham Constabulary,-1.528969,54.525957,On or near The Causeway,E01012342,Darlington 009C,Anti-social behaviour,,
,2020-05,Durham Constabulary,Durham Constabulary,-1.539829,54.531661,On or near Haughton Road,E01012342,Darlington 009C,Anti-social behaviour,,
,2020-05,Durham Constabulary,Durham Constabulary,-1.528969,54.525957,On or near The Causeway,E01012342,Darlington 009C,Anti-social behaviour,,
,2020-05,Durham Constabulary,Durham Constabulary,-1.536764,54.523956,On or near Dinsdale Crescent,E01012342,Darlington 009C,Anti-social behaviour,,
,2020-05,Durham Constabulary,Durham Constabulary,-1.541652,54.530338,On or near Further/Higher Educational Building,E01012342,Darlington 009C,Anti-social behaviour,,
,2020-05,Durham Constabulary,Durham Constabulary,-1.535366,54.530071,On or near Arnold Road,E01012342,Darlington 009C,Anti-social behaviour,,
,2020-05,Durham Constabulary,Durham Constabulary,-1.538770,54.525492,On or near Rennie Close,E01012342,Darlington 009C,Anti-social behaviour,,
,2020-05,Durham Constabulary,Durham Constabulary,-1.541652,54.530338,On or near Further/Higher Educational Building,E01012342,Darlington 009C,Anti-social behaviour,,
,2020-05,Durham Constabulary,Durham Constabulary,-1.536833,54.527389,On or near Hundens Lane,E01012342,Darlington 009C,Anti-social behaviour,,
,2020-05,Durham Constabulary,Durham Constabulary,-1.533344,54.527089,On or near Sports/Recreation Area,E01012342,Darlington 009C,Anti-social behaviour,,
,2020-05,Durham Constabulary,Durham Constabulary,-1.534662,54.526743,On or near Pond View,E01012342,Darlington 009C,Anti-social behaviour,,
,2020-05,Durham Constabulary,Durham Constabulary,-1.533344,54.527089,On or near Sports/Recreation Area,E01012342,Darlington 009C,Anti-social behaviour,,
,2020-05,Durham Constabulary,Durham Constabulary,-1.535999,54.527314,On or near Yellowley Court,E01012342,Darlington 009C,Anti-social behaviour,,
,2020-05,Durham Constabulary,Durham Constabulary,-1.528969,54.525957,On or near The Causeway,E01012342,Darlington 009C,Anti-social behaviour,,
,2020-05,Durham Constabulary,Durham Constabulary,-1.536833,54.527389,On or near Hundens Lane,E01012342,Darlington 009C,Anti-social behaviour,,
,2020-05,Durham Constabulary,Durham Constabulary,-1.533344,54.527089,On or near Sports/Recreation Area,E01012342,Darlington 009C,Anti-social behaviour,,
,2020-05,Durham Constabulary,Durham Constabulary,-1.535882,54.526775,On or near Poplar Grove,E01012342,Darlington 009C,Anti-social behaviour,,
1de25e77105baa93e915c8767e4223ea83da51b2175ab221c48758ca371651d6,2020-05,Durham Constabulary,Durham Constabulary,-1.523681,54.530286,On or near Bus/Coach Station,E01012342,Darlington 009C,Burglary,Unable to prosecute suspect,
982b9966912cca1b6b5505424e842350082652aca8d55568dc779feffe928965,2020-05,Durham Constabulary,Durham Constabulary,-1.534662,54.526743,On or near Pond View,E01012342,Darlington 009C,Criminal damage and arson,Investigation complete; no suspect identified,
cd02abaa074447e2afbaecd3b7aae8d5d102b2cabd14bfdffb85062397d05d86,2020-05,Durham Constabulary,Durham Constabulary,-1.535366,54.530071,On or near Arnold Road,E01012342,Darlington 009C,Drugs,Offender given a drugs possession warning,
a51dc59c6a3cfc3b2c0045527d50324406fbac9bcc703ce5b16ff46c16b3d531,2020-05,Durham Constabulary,Durham Constabulary,-1.536833,54.527389,On or near Hundens Lane,E01012342,Darlington 009C,Other theft,Unable to prosecute suspect,
29043ef02b6aae823d725fce5c72b6a790df1efce8ecc5c5cc7ffc578585733b,2020-05,Durham Constabulary,Durham Constabulary,-1.535366,54.530071,On or near Arnold Road,E01012342,Darlington 009C,Public order,Unable to prosecute suspect,
d3063a7e92b407e23ea18a30566bf8c0e7537536b39722faa4fc1042d0833bd3,2020-05,Durham Constabulary,Durham Constabulary,-1.539829,54.531661,On or near Haughton Road,E01012342,Darlington 009C,Public order,Investigation complete; no suspect identified,
9d177db2eda97fdd37b6b2759fb562e1d8f8d4c5586f94c26590c60475f33e2b,2020-05,Durham Constabulary,Durham Constabulary,-1.539829,54.531661,On or near Haughton Road,E01012342,Darlington 009C,Public order,Unable to prosecute suspect,
dbd39655510d7f9762c4a5260778a6472532537ba43ba15fa180db32cf9271c6,2020-05,Durham Constabulary,Durham Constabulary,-1.528969,54.525957,On or near The Causeway,E01012342,Darlington 009C,Public order,Local resolution,
b2d0fdd0483d180b4ba26f28067cfc8ea0e3b510568d3bfca25c75fb43ab05f7,2020-05,Durham Constabulary,Durham Constabulary,-1.523681,54.530286,On or near Bus/Coach Station,E01012342,Darlington 009C,Vehicle crime,Investigation complete; no suspect identified,
64cdb8882f2d9b516b7d158c5a49afb7cc86fba129f3e9acc1cc9fe0daad7cd6,2020-05,Durham Constabulary,Durham Constabulary,-1.535999,54.527314,On or near Yellowley Court,E01012342,Darlington 009C,Violence and sexual offences,Unable to prosecute suspect,
3dfbaab0dde827f4f7940c3f3958cc4472da08861fd9ab6149f12126a3095748,2020-05,Durham Constabulary,Durham Constabulary,-1.533344,54.527089,On or near Sports/Recreation Area,E01012342,Darlington 009C,Violence and sexual offences,Court result unavailable,
acdd91842d2704204479688da8cc5d9994d8faa99eaea20f4aa9501ff1efdbd5,2020-05,Durham Constabulary,Durham Constabulary,-1.536977,54.531030,On or near Shelley Road,E01012342,Darlington 009C,Violence and sexual offences,Unable to prosecute suspect,
d7ad775c2758545ae14ee8fdc36eafa5403270edb58bac12758c03335543f2f6,2020-05,Durham Constabulary,Durham Constabulary,-1.533344,54.527089,On or near Sports/Recreation Area,E01012342,Darlington 009C,Violence and sexual offences,Court result unavailable,
62eef981094a33b7054c5d1946160efe13146b0811f1dc2b7e186ead3635dd57,2020-05,Durham Constabulary,Durham Constabulary,-1.535999,54.527314,On or near Yellowley Court,E01012342,Darlington 009C,Violence and sexual offences,Unable to prosecute suspect,
4c5d6e35e1266f5beb5e3fe363dc97188c4421a30ebdc29a5cc892cad7596d6c,2020-05,Durham Constabulary,Durham Constabulary,-1.538770,54.525492,On or near Rennie Close,E01012342,Darlington 009C,Violence and sexual offences,Status update unavailable,
b6a18ad037766d1d3f669d05a02c2a756f3ef965aa19ddf4707cd09947295ef1,2020-05,Durham Constabulary,Durham Constabulary,-1.533237,54.524320,On or near The Mead,E01012342,Darlington 009C,Violence and sexual offences,Unable to prosecute suspect,
222e0ac011dbddcbed332370de22970bf4b9283cf9435fb19c8b62409acfad63,2020-05,Durham Constabulary,Durham Constabulary,-1.539829,54.531661,On or near Haughton Road,E01012342,Darlington 009C,Violence and sexual offences,Unable to prosecute suspect,
f2bcdc0217ca9126584f87f1cd155a5b6982f05a0f603f3b4673d885890edea5,2020-05,Durham Constabulary,Durham Constabulary,-1.538770,54.525492,On or near Rennie Close,E01012342,Darlington 009C,Violence and sexual offences,Unable to prosecute suspect,
1f1370511e02a3a82f6418c0dd2c7876323dbc9fab2c6f6c8e1550153ec7ed9a,2020-05,Durham Constabulary,Durham Constabulary,-1.536833,54.527389,On or near Hundens Lane,E01012342,Darlington 009C,Other crime,Investigation complete; no suspect identified,
e63ddc9b86b5c20f179221a7b81b1c3c845f770994788cba747ee850b26153f6,2020-05,Durham Constabulary,Durham Constabulary,-1.536833,54.527389,On or near Hundens Lane,E01012342,Darlington 009C,Other crime,Unable to prosecute suspect,
,2020-05,Durham Constabulary,Durham Constabulary,-1.529535,54.525160,On or near The Crossway,E01012343,Darlington 009D,Anti-social behaviour,,
,2020-05,Durham Constabulary,Durham Constabulary,-1.519915,54.528600,On or near Sports/Recreation Area,E01012343,Darlington 009D,Anti-social behaviour,,
,2020-05,Durham Constabulary,Durham Constabulary,-1.524452,54.526425,On or near The Broadway,E01012343,Darlington 009D,Anti-social behaviour,,
,2020-05,Durham Constabulary,Durham Constabulary,-1.521787,54.525794,On or near Falcon Road,E01012343,Darlington 009D,Anti-social behaviour,,
,2020-05,Durham Constabulary,Durham Constabulary,-1.521787,54.525794,On or near Falcon Road,E01012343,Darlington 009D,Anti-social behaviour,,
,2020-05,Durham Constabulary,Durham Constabulary,-1.516896,54.522557,On or near Shopping Area,E01012343,Darlington 009D,Anti-social behaviour,,
e5159259ffffd8d460d3953a9d7125cb17d68150b53601e0c24e67f127d195e9,2020-05,Durham Constabulary,Durham Constabulary,-1.520786,54.525485,On or near The Broadway South,E01012343,Darlington 009D,Criminal damage and arson,Status update unavailable,
53558e4c36a0443dbb5883cbce582844e81443ea7f000031ccea906fa49d1cf8,2020-05,Durham Constabulary,Durham Constabulary,-1.505552,54.525477,On or near Dudley Road,E01012343,Darlington 009D,Other theft,Investigation complete; no suspect identified,
21bb6dfce70e070cd773bec55bc56471e01e745834feb9790788324ab195385b,2020-05,Durham Constabulary,Durham Constabulary,-1.532490,54.523437,On or near The Mead,E01012343,Darlington 009D,Other theft,Unable to prosecute suspect,
3317863c155c708eca8222730b032c5fb770f61ca64695034f4ed0b56ed86847,2020-05,Durham Constabulary,Durham Constabulary,-1.505552,54.525477,On or near Dudley Road,E01012343,Darlington 009D,Public order,Investigation complete; no suspect identified,
60d56687247d5af405f590cf15a6af0d9d69a6f1d447c85d7efa613435113813,2020-05,Durham Constabulary,Durham Constabulary,-1.520184,54.522822,On or near Widgeon Road,E01012343,Darlington 009D,Public order,Unable to prosecute suspect,
979fb51c49cd8ab10a693b78b7508e34fb794a9b0608c4161aabb28bd42cf106,2020-05,Durham Constabulary,Durham Constabulary,-1.520184,54.522822,On or near Widgeon Road,E01012343,Darlington 009D,Public order,Unable to prosecute suspect,
4c87c54351023ac10e6d23a339a0e9c9b0ad341dc74d36b72e3b68471a6d29d9,2020-05,Durham Constabulary,Durham Constabulary,-1.521787,54.525794,On or near Falcon Road,E01012343,Darlington 009D,Public order,Unable to prosecute suspect,
61f9b8af92135646ad76204e0bcdf4ee5fa206ecb24fae79cb30b01c1c0a629c,2020-05,Durham Constabulary,Durham Constabulary,-1.522881,54.523318,On or near Flamingo Close,E01012343,Darlington 009D,Public order,Unable to prosecute suspect,
1b468fc904cd748f4f1e44b66b820d98f33f7607e228dfcb2ed21d1a32ecbd96,2020-05,Durham Constabulary,Durham Constabulary,-1.530916,54.523260,On or near The Fairway,E01012343,Darlington 009D,Shoplifting,Unable to prosecute suspect,
cbe6f7c5973a44bcf126e1f6f03edebcbd9367d2d24dd20f11308eae5ca3b2a8,2020-05,Durham Constabulary,Durham Constabulary,-1.516896,54.522557,On or near Shopping Area,E01012343,Darlington 009D,Shoplifting,Investigation complete; no suspect identified,
044eb4fdcd4e3ab7b7b3c0b41ba4b2510f50785fbfa059fa61529a07d07e81f0,2020-05,Durham Constabulary,Durham Constabulary,-1.530916,54.523260,On or near The Fairway,E01012343,Darlington 009D,Shoplifting,Investigation complete; no suspect identified,
2c045ea69ef6aeb816071f4ac6f3c806dc5faf0ce6419b82b6941e16e5d9afb4,2020-05,Durham Constabulary,Durham Constabulary,-1.526019,54.523205,On or near Supermarket,E01012343,Darlington 009D,Shoplifting,Court result unavailable,
04fb39267ee19487de8576ce0fc8051967211e211b52b108680d6c5286ac2cc4,2020-05,Durham Constabulary,Durham Constabulary,-1.530916,54.523260,On or near The Fairway,E01012343,Darlington 009D,Shoplifting,Investigation complete; no suspect identified,
8ea8aa520801a1f3bcb7dd8b0ad6b748dfdba1256b8e7727f72818b19db310c4,2020-05,Durham Constabulary,Durham Constabulary,-1.520362,54.524710,On or near Lingfield Green,E01012343,Darlington 009D,Theft from the person,Investigation complete; no suspect identified,
2dc534e4293e0205d27b3a81b2e38fb1df76e3bac0a92b78ec265b7bae0cb95d,2020-05,Durham Constabulary,Durham Constabulary,-1.505552,54.525477,On or near Dudley Road,E01012343,Darlington 009D,Vehicle crime,Investigation complete; no suspect identified,
145052f4f62e15839d86b0528721434dd9f8c4f54583ebb22e50b350418e5210,2020-05,Durham Constabulary,Durham Constabulary,-1.509257,54.525681,On or near Henson Road,E01012343,Darlington 009D,Vehicle crime,Investigation complete; no suspect identified,
01e7dd18081685d5cd194d34573936fd07346cbefd86f5e49e8d1fd3e8eb107f,2020-05,Durham Constabulary,Durham Constabulary,-1.519380,54.530772,On or near Sports/Recreation Area,E01012343,Darlington 009D,Violence and sexual offences,Unable to prosecute suspect,
dc96eb8a3a2dbd23bd5fde5dec355806bc429f26716fe4716b93bf6c6c76cbf7,2020-05,Durham Constabulary,Durham Constabulary,-1.520786,54.525485,On or near The Broadway South,E01012343,Darlington 009D,Violence and sexual offences,Unable to prosecute suspect,
bdb3b7ef98bf44623371d7620f8189812e25a8857f2e575b62317165fd3e1a11,2020-05,Durham Constabulary,Durham Constabulary,-1.530916,54.523260,On or near The Fairway,E01012343,Darlington 009D,Violence and sexual offences,Unable to prosecute suspect,
b3ac180b501936e48bb83da3ecb5175dbba5e962a541a6a70f389e4b23b99cfc,2020-05,Durham Constabulary,Durham Constabulary,-1.520184,54.522822,On or near Widgeon Road,E01012343,Darlington 009D,Violence and sexual offences,Unable to prosecute suspect,
56939ec37d76dc0d24bb12a03dda2b572720fb4ebe2124f2076857a3f0ddcd1b,2020-05,Durham Constabulary,Durham Constabulary,-1.521787,54.525794,On or near Falcon Road,E01012343,Darlington 009D,Other crime,Investigation complete; no suspect identified,
,2020-05,Durham Constabulary,Durham Constabulary,-1.574746,54.529272,On or near Woodland Terrace,E01012315,Darlington 010A,Anti-social behaviour,,
0081f81e856fe03c6f533ef675c47c299e89d4f2e96e4f3936cd385321bc1f26,2020-05,Durham Constabulary,Durham Constabulary,-1.571591,54.522197,On or near Elton Grove,E01012315,Darlington 010A,Bicycle theft,Investigation complete; no suspect identified,
2b0b412cd7b83067a397ac2c2caba262d2960c609c8e8bb31d64f478f4179d58,2020-05,Durham Constabulary,Durham Constabulary,-1.577207,54.527411,On or near Milbank Court,E01012315,Darlington 010A,Criminal damage and arson,Investigation complete; no suspect identified,
663308bd8352c7fc7d2fd8fbf323f8dd7a6e82d9acca06069f5d43b739bdcfef,2020-05,Durham Constabulary,Durham Constabulary,-1.571591,54.522197,On or near Elton Grove,E01012315,Darlington 010A,Shoplifting,Court result unavailable,
7c24ec4a19d00b1f72800e79fa4f685ffbafddcabe3459bb76c4771d53b99284,2020-05,Durham Constabulary,Durham Constabulary,-1.571591,54.522197,On or near Elton Grove,E01012315,Darlington 010A,Shoplifting,Investigation complete; no suspect identified,
0b3e7f4ce252b2740191f3ccdab01facada42b365893469fa51379ff93905e7c,2020-05,Durham Constabulary,Durham Constabulary,-1.571591,54.522197,On or near Elton Grove,E01012315,Darlington 010A,Shoplifting,Formal action is not in the public interest,
8ed40a804ae2b62c5c3dd588acbfb8ca43dda00f483ad4616baf29af0d32063b,2020-05,Durham Constabulary,Durham Constabulary,-1.574746,54.529272,On or near Woodland Terrace,E01012315,Darlington 010A,Vehicle crime,Investigation complete; no suspect identified,
,2020-05,Durham Constabulary,Durham Constabulary,-1.566836,54.526206,On or near Scholars Park,E01012316,Darlington 010B,Anti-social behaviour,,
,2020-05,Durham Constabulary,Durham Constabulary,-1.566836,54.526206,On or near Scholars Park,E01012316,Darlington 010B,Anti-social behaviour,,
,2020-05,Durham Constabulary,Durham Constabulary,-1.565035,54.522668,On or near Langholm Crescent,E01012316,Darlington 010B,Anti-social behaviour,,
,2020-05,Durham Constabulary,Durham Constabulary,-1.566749,54.525658,On or near Sports/Recreation Area,E01012316,Darlington 010B,Anti-social behaviour,,
,2020-05,Durham Constabulary,Durham Constabulary,-1.566138,54.523544,On or near Fife Road,E01012316,Darlington 010B,Anti-social behaviour,,
,2020-05,Durham Constabulary,Durham Constabulary,-1.569849,54.526244,On or near Glaisdale Court,E01012316,Darlington 010B,Anti-social behaviour,,
,2020-05,Durham Constabulary,Durham Constabulary,-1.565035,54.522668,On or near Langholm Crescent,E01012316,Darlington 010B,Anti-social behaviour,,
,2020-05,Durham Constabulary,Durham Constabulary,-1.565035,54.522668,On or near Langholm Crescent,E01012316,Darlington 010B,Anti-social behaviour,,
,2020-05,Durham Constabulary,Durham Constabulary,-1.565035,54.522668,On or near Langholm Crescent,E01012316,Darlington 010B,Anti-social behaviour,,
7958d5ec6ebffb79f39d47e94809a1f5d8cd273acaf00fff0fe9ad5bbda86737,2020-05,Durham Constabulary,Durham Constabulary,-1.566749,54.525658,On or near Sports/Recreation Area,E01012316,Darlington 010B,Bicycle theft,Investigation complete; no suspect identified,
0344d21b0799f89206834e9b1ffd872b918801ae72fe5915e8e77d30e079574e,2020-05,Durham Constabulary,Durham Constabulary,-1.567431,54.528383,On or near Milbank Road,E01012316,Darlington 010B,Bicycle theft,Investigation complete; no suspect identified,
ca49d3889a5dbb3c60d6d3c5746544e7cb6e3b4db967d56ad587a3547b7cf2ff,2020-05,Durham Constabulary,Durham Constabulary,-1.566138,54.523544,On or near Fife Road,E01012316,Darlington 010B,Criminal damage and arson,Investigation complete; no suspect identified,
8ff1074df8084d6fdc8ebb2187d1d6e7ec9a3ae716afd942aee8fb3fda4a5620,2020-05,Durham Constabulary,Durham Constabulary,-1.574129,54.530654,On or near Heatherwood Grove,E01012316,Darlington 010B,Other theft,Investigation complete; no suspect identified,
890f89bbb1d94389e5f19edbf869d5138b970ff7c9c64c49ac175088971f26b8,2020-05,Durham Constabulary,Durham Constabulary,-1.568893,54.527490,On or near Stonedale Crescent,E01012316,Darlington 010B,Public order,Local resolution,
9a33b19636b0e83217940e63cab1b045fce7c1b1d878b5c82562b6c1d23844cf,2020-05,Durham Constabulary,Durham Constabulary,-1.574129,54.530654,On or near Heatherwood Grove,E01012316,Darlington 010B,Public order,Court result unavailable,
f49895610cbfdee3743435da4bc64d68ccb2dad7fdcf81ae8f30df3a4f28753f,2020-05,Durham Constabulary,Durham Constabulary,-1.568893,54.527490,On or near Stonedale Crescent,E01012316,Darlington 010B,Public order,Local resolution,
5072ad00fc2e931a72d0985e9599ae12a0292884964a1176da861633024d1df5,2020-05,Durham Constabulary,Durham Constabulary,-1.570349,54.530128,On or near Petrol Station,E01012316,Darlington 010B,Shoplifting,Investigation complete; no suspect identified,
549b2dfb4d82503bbbf6827febf7560a966a3f56c9639909d15770181d014927,2020-05,Durham Constabulary,Durham Constabulary,-1.568893,54.527490,On or near Stonedale Crescent,E01012316,Darlington 010B,Violence and sexual offences,Unable to prosecute suspect,
a43fc486ee01f999a3c7cf689351a4db5ef0465905c3f7ef8fdbaff1c8432bf2,2020-05,Durham Constabulary,Durham Constabulary,-1.569849,54.526244,On or near Glaisdale Court,E01012316,Darlington 010B,Violence and sexual offences,Unable to prosecute suspect,
7cebc2509624ea57cb9c9af14a0e698b34932d30dff2196b62062b95baba77f9,2020-05,Durham Constabulary,Durham Constabulary,-1.574129,54.530654,On or near Heatherwood Grove,E01012316,Darlington 010B,Violence and sexual offences,Unable to prosecute suspect,
,2020-05,Durham Constabulary,Durham Constabulary,-1.566585,54.519259,On or near Greenmount Road,E01012360,Darlington 010C,Anti-social behaviour,,
,2020-05,Durham Constabulary,Durham Constabulary,-1.563564,54.517253,On or near Petrol Station,E01012360,Darlington 010C,Anti-social behaviour,,
5c4c40ec3d0e630efe609d414517e5ee5082b22fdcb859a453a044ba923eb8c7,2020-05,Durham Constabulary,Durham Constabulary,-1.563412,54.518465,On or near Harewood Terrace,E01012360,Darlington 010C,Burglary,Investigation complete; no suspect identified,
a2cf4135ab16a4c492edfbd88b5a3115d3a86e1ebe07bb474d40a3f8a94e8e3a,2020-05,Durham Constabulary,Durham Constabulary,-1.564469,54.517804,On or near Hadrian Court,E01012360,Darlington 010C,Burglary,Court result unavailable,
9e804136b1ebf9a08cc9da62ab92a411456fbe3c292bcacf29dc3cc8147ea388,2020-05,Durham Constabulary,Durham Constabulary,-1.577967,54.519667,On or near Carmel Road North,E01012360,Darlington 010C,Criminal damage and arson,Unable to prosecute suspect,
770e5095eb592c1969f122ce3abd9956a26e5f96fd0140ea7a27d7f080837d7f,2020-05,Durham Constabulary,Durham Constabulary,-1.563412,54.518465,On or near Harewood Terrace,E01012360,Darlington 010C,Drugs,Offender given a drugs possession warning,
9043fbe8de06a64c45a68a532aab57639591003aadd92b9a564b17194eced7ff,2020-05,Durham Constabulary,Durham Constabulary,-1.563564,54.517253,On or near Petrol Station,E01012360,Darlington 010C,Other theft,Local resolution,
bd637f079dcad28bd449c845099900dc3f476430bbe9789be57eaba6e50250c9,2020-05,Durham Constabulary,Durham Constabulary,-1.574292,54.520967,On or near Sylvan Grove,E01012360,Darlington 010C,Violence and sexual offences,Unable to prosecute suspect,
,2020-05,Durham Constabulary,Durham Constabulary,-1.600000,54.525566,On or near Shawbrow View,E01012336,Darlington 011A,Anti-social behaviour,,
,2020-05,Durham Constabulary,Durham Constabulary,-1.598816,54.525005,On or near Ettersgill Drive,E01012336,Darlington 011A,Anti-social behaviour,,
,2020-05,Durham Constabulary,Durham Constabulary,-1.600000,54.525566,On or near Shawbrow View,E01012336,Darlington 011A,Anti-social behaviour,,
,2020-05,Durham Constabulary,Durham Constabulary,-1.601037,54.525425,On or near Arncliffe Grove,E01012336,Darlington 011A,Anti-social behaviour,,
,2020-05,Durham Constabulary,Durham Constabulary,-1.601838,54.524098,On or near Craig Miller Park,E01012336,Darlington 011A,Anti-social behaviour,,
2443afe5722a8d4398fa665a7c445c4d7f983b47bc57d649a1bc676056ad2255,2020-05,Durham Constabulary,Durham Constabulary,-1.592717,54.523025,On or near St Giles Close,E01012336,Darlington 011A,Other theft,Investigation complete; no suspect identified,
8057b1a1072e81d8c0924c106b2dc51f8478b187f7cd5f82cac5235d73ad53fa,2020-05,Durham Constabulary,Durham Constabulary,-1.593268,54.522038,On or near Edinburgh Drive,E01012336,Darlington 011A,Violence and sexual offences,Unable to prosecute suspect,
,2020-05,Durham Constabulary,Durham Constabulary,-1.587189,54.518117,On or near Salutation Road,E01012337,Darlington 011B,Anti-social behaviour,,
74ce46aca1f2c4346e37574228480ee46ede59c12eb0964f8b70cdc4948595a1,2020-05,Durham Constabulary,Durham Constabulary,-1.587189,54.518117,On or near Salutation Road,E01012337,Darlington 011B,Criminal damage and arson,Investigation complete; no suspect identified,
0e34c47c315f321777300ea182e7502a3fa37499f50879b4d4103a1d3d75dc39,2020-05,Durham Constabulary,Durham Constabulary,-1.580486,54.522507,On or near Cannobie Close,E01012337,Darlington 011B,Vehicle crime,Investigation complete; no suspect identified,
2d8b5138217b15534c2559aa371fc4892421f00d968212ab65848dae9c04543e,2020-05,Durham Constabulary,Durham Constabulary,-1.584893,54.522154,On or near Hummersknott Avenue,E01012337,Darlington 011B,Violence and sexual offences,Unable to prosecute suspect,
,2020-05,Durham Constabulary,Durham Constabulary,-1.593272,54.534054,On or near Chase Close,E01012347,Darlington 011C,Anti-social behaviour,,
,2020-05,Durham Constabulary,Durham Constabulary,-1.580067,54.528760,On or near Osborne Close,E01012347,Darlington 011C,Anti-social behaviour,,
,2020-05,Durham Constabulary,Durham Constabulary,-1.593272,54.534054,On or near Chase Close,E01012347,Darlington 011C,Anti-social behaviour,,
2731502141c21bc3c4291b85842a16bad9991ac70e2addcc018cd58eb39a8026,2020-05,Durham Constabulary,Durham Constabulary,-1.579227,54.530807,On or near Greystones Drive,E01012347,Darlington 011C,Criminal damage and arson,Investigation complete; no suspect identified,
39aa6b95e24d66c1bb2118bad9aa590527108a98752e27e993077eb3e501a020,2020-05,Durham Constabulary,Durham Constabulary,-1.586586,54.533510,On or near Staindrop Road,E01012347,Darlington 011C,Other theft,Investigation complete; no suspect identified,
30720e4031ec367821a5f6c9ecdc18c9c75cc7c3ee4e9fd899172e6363a84ced,2020-05,Durham Constabulary,Durham Constabulary,-1.581365,54.531812,On or near Staindrop Crescent,E01012347,Darlington 011C,Vehicle crime,Investigation complete; no suspect identified,
884bd577d1a968a794a1d19b0defb27c7545ac580b99f98c08deaa56763b2306,2020-05,Durham Constabulary,Durham Constabulary,-1.583013,54.530784,On or near Yoredale Avenue,E01012347,Darlington 011C,Violence and sexual offences,Investigation complete; no suspect identified,
a8581313f3dc8618f402b158bf9bb2f37943b8ddfe0c622bb0fd9b0cbb9fccaa,2020-05,Durham Constabulary,Durham Constabulary,-1.578813,54.529017,On or near Carmel Road North,E01012347,Darlington 011C,Violence and sexual offences,Local resolution,
d9898e7d254e1c684693ac9170c70d33067132e51880a62c256e882e5ea1572d,2020-05,Durham Constabulary,Durham Constabulary,-1.578813,54.529017,On or near Carmel Road North,E01012347,Darlington 011C,Violence and sexual offences,Local resolution,
240e71ecdf3fba9548c9fecd2517c4a4c191a6855274657215c87984c518c847,2020-05,Durham Constabulary,Durham Constabulary,-1.583013,54.530784,On or near Yoredale Avenue,E01012347,Darlington 011C,Violence and sexual offences,Investigation complete; no suspect identified,
,2020-05,Durham Constabulary,Durham Constabulary,-1.586115,54.529698,On or near Lazenby Close,E01012348,Darlington 011D,Anti-social behaviour,,
cc05b791f1e64e32adddba9c3e090a3ff933d8e1984a1291d701b8cf29963186,2020-05,Durham Constabulary,Durham Constabulary,-1.594656,54.526950,On or near Supermarket,E01012348,Darlington 011D,Public order,Unable to prosecute suspect,
4724d17a11579acf3080c08a79d4d5ec62421eba5c7bf2c08d7558ea754dff36,2020-05,Durham Constabulary,Durham Constabulary,-1.594656,54.526950,On or near Supermarket,E01012348,Darlington 011D,Shoplifting,Unable to prosecute suspect,
,2020-05,Durham Constabulary,Durham Constabulary,-1.575527,54.515111,On or near Ayton Drive,E01012361,Darlington 011E,Anti-social behaviour,,
,2020-05,Durham Constabulary,Durham Constabulary,-1.576983,54.511657,On or near Blackwell Grove,E01012361,Darlington 011E,Anti-social behaviour,,
,2020-05,Durham Constabulary,Durham Constabulary,-1.601068,54.519036,On or near Parking Area,E01012361,Darlington 011E,Anti-social behaviour,,
,2020-05,Durham Constabulary,Durham Constabulary,-1.572737,54.511507,On or near The Spinney,E01012361,Darlington 011E,Anti-social behaviour,,
,2020-05,Durham Constabulary,Durham Constabulary,-1.601068,54.519036,On or near Parking Area,E01012361,Darlington 011E,Anti-social behaviour,,
,2020-05,Durham Constabulary,Durham Constabulary,-1.601068,54.519036,On or near Parking Area,E01012361,Darlington 011E,Anti-social behaviour,,
,2020-05,Durham Constabulary,Durham Constabulary,-1.601068,54.519036,On or near Parking Area,E01012361,Darlington 011E,Anti-social behaviour,,
ae2e9d2077d591599bd8a8af2005d67a08b1d6f1be85e87b29db28391223e885,2020-05,Durham Constabulary,Durham Constabulary,-1.570692,54.507770,On or near Snipe Lane,E01012361,Darlington 011E,Burglary,Investigation complete; no suspect identified,
24d32039075176209567866a682e8411668e4c10d4ed130b37835ca767466a0a,2020-05,Durham Constabulary,Durham Constabulary,-1.601068,54.519036,On or near Parking Area,E01012361,Darlington 011E,Public order,Investigation complete; no suspect identified,
40f88a64a79b94072a0fb2f443a979783be7f2a464e37ad731333d418469e373,2020-05,Durham Constabulary,Durham Constabulary,-1.570692,54.507770,On or near Snipe Lane,E01012361,Darlington 011E,Vehicle crime,Investigation complete; no suspect identified,
fec2601d0c31a15a51ac90d2c64031d65ff4c6b29038e4ceceef5db01ad7eed5,2020-05,Durham Constabulary,Durham Constabulary,-1.570692,54.507770,On or near Snipe Lane,E01012361,Darlington 011E,Violence and sexual offences,Unable to prosecute suspect,
8ad38c0370784e494209f6b9e237c8dd8b4a8aeb5b8212aba722d3df5dfb4808,2020-05,Durham Constabulary,Durham Constabulary,-1.601068,54.519036,On or near Parking Area,E01012361,Darlington 011E,Violence and sexual offences,Offender given a caution,
,2020-05,Durham Constabulary,Durham Constabulary,-1.541730,54.523319,On or near Wesley Street,E01012304,Darlington 012A,Anti-social behaviour,,
,2020-05,Durham Constabulary,Durham Constabulary,-1.541443,54.524127,On or near Rocket Street,E01012304,Darlington 012A,Anti-social behaviour,,
,2020-05,Durham Constabulary,Durham Constabulary,-1.542821,54.522514,On or near St John'S Crescent,E01012304,Darlington 012A,Anti-social behaviour,,
,2020-05,Durham Constabulary,Durham Constabulary,-1.539814,54.524741,On or near Telford Drive,E01012304,Darlington 012A,Anti-social behaviour,,
,2020-05,Durham Constabulary,Durham Constabulary,-1.540458,54.523764,On or near Stanley Street,E01012304,Darlington 012A,Anti-social behaviour,,
,2020-05,Durham Constabulary,Durham Constabulary,-1.539280,54.522798,On or near Lawrence Street,E01012304,Darlington 012A,Anti-social behaviour,,
dac1d25180edbf8b19a5de60461beff844ec4ea37f133a6d5d46f19f51df74ba,2020-05,Durham Constabulary,Durham Constabulary,-1.539280,54.522798,On or near Lawrence Street,E01012304,Darlington 012A,Other theft,Unable to prosecute suspect,
a3562f9184e0354c1bb284df8a87253573e4d5d535d5e77cf686c32ce3ab64a2,2020-05,Durham Constabulary,Durham Constabulary,-1.543615,54.523299,On or near Bridge Terrace,E01012304,Darlington 012A,Public order,Investigation complete; no suspect identified,
eabe3be9eaf636699465a31047dc003cb03610d2807f42a5a07ece30b5634269,2020-05,Durham Constabulary,Durham Constabulary,-1.539814,54.524741,On or near Telford Drive,E01012304,Darlington 012A,Public order,Investigation complete; no suspect identified,
f63d895bcc3de72268682b2b6b88f9e496d423396e7adbced6d64380c70c8171,2020-05,Durham Constabulary,Durham Constabulary,-1.541730,54.523319,On or near Wesley Street,E01012304,Darlington 012A,Shoplifting,Investigation complete; no suspect identified,
ea32fab35bf98b2f3971327684d09e7b6fa4cb46f06c2369f55e3388f030ac04,2020-05,Durham Constabulary,Durham Constabulary,-1.539280,54.522798,On or near Lawrence Street,E01012304,Darlington 012A,Vehicle crime,Investigation complete; no suspect identified,
5dafcf8e63bea30718c09c8ba4bacfec6bec081ae2dac8523746ca97d22864d2,2020-05,Durham Constabulary,Durham Constabulary,-1.539280,54.522798,On or near Lawrence Street,E01012304,Darlington 012A,Violence and sexual offences,Investigation complete; no suspect identified,
52a97f5345646b4354740495b1ee797821afc3b3b72789b877387c1d2b95175c,2020-05,Durham Constabulary,Durham Constabulary,-1.542821,54.522514,On or near St John'S Crescent,E01012304,Darlington 012A,Violence and sexual offences,Unable to prosecute suspect,
af3158fac5ac09bcced049e68c9866e372e92d4cef4db3b582689d9508644b57,2020-05,Durham Constabulary,Durham Constabulary,-1.543615,54.523299,On or near Bridge Terrace,E01012304,Darlington 012A,Violence and sexual offences,Investigation complete; no suspect identified,
b485777bd5dbad22a4d2e5533047b142e8f34832abcdbf1badd18882d0203d58,2020-05,Durham Constabulary,Durham Constabulary,-1.542821,54.522514,On or near St John'S Crescent,E01012304,Darlington 012A,Violence and sexual offences,Unable to prosecute suspect,
e1daf354dfa2f197f08a3fc3803b827ee84a91870589347b8354f840344b9b6b,2020-05,Durham Constabulary,Durham Constabulary,-1.539346,54.525134,On or near Brunel Way,E01012304,Darlington 012A,Violence and sexual offences,Unable to prosecute suspect,
49c390b5c368959819ca30860e5b231da9a9619120d4ab54f74caf8ea33ed4e6,2020-05,Durham Constabulary,Durham Constabulary,-1.541730,54.523319,On or near Wesley Street,E01012304,Darlington 012A,Violence and sexual offences,Further investigation is not in the public interest,
eacde72c6dd04bd5c612eccedd024702395a24f5e24a89b3a6afbee366be28e8,2020-05,Durham Constabulary,Durham Constabulary,-1.542821,54.522514,On or near St John'S Crescent,E01012304,Darlington 012A,Violence and sexual offences,Unable to prosecute suspect,
515a711c305810610cb3602b1790144f279c67f180a3e01937cc1eee3246ff79,2020-05,Durham Constabulary,Durham Constabulary,-1.542821,54.522514,On or near St John'S Crescent,E01012304,Darlington 012A,Violence and sexual offences,Unable to prosecute suspect,
f1792717434a93e194e2accd731fd3ca74a6dd7e54b8d50c017503b91fe08796,2020-05,Durham Constabulary,Durham Constabulary,-1.538965,54.524630,On or near Trevithick Close,E01012304,Darlington 012A,Violence and sexual offences,Status update unavailable,
2a8a44b21da27b826255b19f4a21ffbc3f90e0f2ca161e67b765c2feac919f3c,2020-05,Durham Constabulary,Durham Constabulary,-1.539814,54.524741,On or near Telford Drive,E01012304,Darlington 012A,Violence and sexual offences,Investigation complete; no suspect identified,
1ce3298544a85adf4d56712f5d5e97c5de4381c1c9e1ebd31cdd29f40b302d8f,2020-05,Durham Constabulary,Durham Constabulary,-1.539280,54.522798,On or near Lawrence Street,E01012304,Darlington 012A,Violence and sexual offences,Unable to prosecute suspect,
13a4914482982acc5c6e6cb6de89fa7b75d909a6c690393f99a03b2162b843c7,2020-05,Durham Constabulary,Durham Constabulary,-1.541443,54.524127,On or near Rocket Street,E01012304,Darlington 012A,Other crime,Status update unavailable,
,2020-05,Durham Constabulary,Durham Constabulary,-1.544653,54.520319,On or near Supermarket,E01012305,Darlington 012B,Anti-social behaviour,,
,2020-05,Durham Constabulary,Durham Constabulary,-1.541146,54.520333,On or near Belgrave Street,E01012305,Darlington 012B,Anti-social behaviour,,
,2020-05,Durham Constabulary,Durham Constabulary,-1.544175,54.521612,On or near Garbutt Square,E01012305,Darlington 012B,Anti-social behaviour,,
,2020-05,Durham Constabulary,Durham Constabulary,-1.544653,54.520319,On or near Supermarket,E01012305,Darlington 012B,Anti-social behaviour,,
,2020-05,Durham Constabulary,Durham Constabulary,-1.544653,54.520319,On or near Supermarket,E01012305,Darlington 012B,Anti-social behaviour,,
,2020-05,Durham Constabulary,Durham Constabulary,-1.543192,54.521078,On or near Neasham Road,E01012305,Darlington 012B,Anti-social behaviour,,
,2020-05,Durham Constabulary,Durham Constabulary,-1.540877,54.519460,On or near Lewes Road,E01012305,Darlington 012B,Anti-social behaviour,,
bfcb0c5521d27076e997fc4f280cc47caddb96e46db401ea0ee58bf5d3bc7107,2020-05,Durham Constabulary,Durham Constabulary,-1.539853,54.521245,On or near Louisa Street,E01012305,Darlington 012B,Bicycle theft,Investigation complete; no suspect identified,
d3c464d1dcfd240d117ecac0dfc4da6c2540d053def6e89ee9e960773c09d94b,2020-05,Durham Constabulary,Durham Constabulary,-1.541146,54.520333,On or near Belgrave Street,E01012305,Darlington 012B,Burglary,Unable to prosecute suspect,
1723f0c09275b67147e2707774b090e17f35bdffb034295d45afe59245a6f1d3,2020-05,Durham Constabulary,Durham Constabulary,-1.539853,54.521245,On or near Louisa Street,E01012305,Darlington 012B,Criminal damage and arson,Investigation complete; no suspect identified,
d6ca4c7c8561539dbb8877997e504c10a853857045342e59713bcc9e1ab8037c,2020-05,Durham Constabulary,Durham Constabulary,-1.543192,54.521078,On or near Neasham Road,E01012305,Darlington 012B,Criminal damage and arson,Investigation complete; no suspect identified,
891af4323dd929f026b4836ddfb3a89e9df00aace3ce97461c2e64360d48e221,2020-05,Durham Constabulary,Durham Constabulary,-1.543492,54.519102,On or near Leonard Street,E01012305,Darlington 012B,Criminal damage and arson,Investigation complete; no suspect identified,
eb6e8212684b2ed6e70e71889e24a319255d3dc703ef921ca571febf30fee38a,2020-05,Durham Constabulary,Durham Constabulary,-1.539853,54.521245,On or near Louisa Street,E01012305,Darlington 012B,Public order,Investigation complete; no suspect identified,
c22fb2c4587afaefbf4154f3929aba8e06f2b20c0c41918fb2d78c7cc652c7f2,2020-05,Durham Constabulary,Durham Constabulary,-1.544653,54.520319,On or near Supermarket,E01012305,Darlington 012B,Public order,Investigation complete; no suspect identified,
5d3549effd63f1f46a807a0894ab7d86112b09051348bd478347176aaaf540a7,2020-05,Durham Constabulary,Durham Constabulary,-1.544653,54.520319,On or near Supermarket,E01012305,Darlington 012B,Shoplifting,Local resolution,
157545f51861e74ef52af1524e65162c6dddc41769a14f5a04f4ae9a3b2262d8,2020-05,Durham Constabulary,Durham Constabulary,-1.544175,54.521612,On or near Garbutt Square,E01012305,Darlington 012B,Violence and sexual offences,Unable to prosecute suspect,
50e353bf2ac77c04b6987d687b91353bf4db1f8d802ca484060023dbe2a76ed5,2020-05,Durham Constabulary,Durham Constabulary,-1.544175,54.521612,On or near Garbutt Square,E01012305,Darlington 012B,Violence and sexual offences,Unable to prosecute suspect,
bab2a88d1ede939f1f5a0c6d1e257751d69b9ac6b0b1b6d482d32d4ba63e6036,2020-05,Durham Constabulary,Durham Constabulary,-1.541146,54.520333,On or near Belgrave Street,E01012305,Darlington 012B,Violence and sexual offences,Unable to prosecute suspect,
a34bd1172567bfe90a8c221d7576803140ca24ec140e9f860b132f7667512063,2020-05,Durham Constabulary,Durham Constabulary,-1.540877,54.519460,On or near Lewes Road,E01012305,Darlington 012B,Violence and sexual offences,Unable to prosecute suspect,
0990d1b21302894c8b275c14118f7753e12e484f9a91983e214d6ee059d0b6f6,2020-05,Durham Constabulary,Durham Constabulary,-1.541146,54.520333,On or near Belgrave Street,E01012305,Darlington 012B,Violence and sexual offences,Unable to prosecute suspect,
ba3f1b8d07c964ea24cebc0b1d027c8e2dca07ef1be95d2b43834bd45c4fe443,2020-05,Durham Constabulary,Durham Constabulary,-1.541146,54.520333,On or near Belgrave Street,E01012305,Darlington 012B,Violence and sexual offences,Unable to prosecute suspect,
77677c5536ef4b609c3c7d7f781971c806f3238612fdcd691c7eaacda6784318,2020-05,Durham Constabulary,Durham Constabulary,-1.540877,54.519460,On or near Lewes Road,E01012305,Darlington 012B,Violence and sexual offences,Unable to prosecute suspect,
a54242d5f4ddbd0aa3eab23a5920bec0a01780d66238cbdbcca0fb22361bc744,2020-05,Durham Constabulary,Durham Constabulary,-1.540877,54.519460,On or near Lewes Road,E01012305,Darlington 012B,Violence and sexual offences,Unable to prosecute suspect,
8a05816c2b8cb6f5bf9a6f4ee85db8391303810c93b1c92773186a4571ff7ec8,2020-05,Durham Constabulary,Durham Constabulary,-1.540877,54.519460,On or near Lewes Road,E01012305,Darlington 012B,Violence and sexual offences,Unable to prosecute suspect,
95ee4c7384c77fe6d397f342173705cb5611e25bf359590546dbac9a23bd9d9b,2020-05,Durham Constabulary,Durham Constabulary,-1.541146,54.520333,On or near Belgrave Street,E01012305,Darlington 012B,Violence and sexual offences,Unable to prosecute suspect,
574d5ef6e959137f15445307b7f1754ee7c8997584de66555e857154e7bb60c3,2020-05,Durham Constabulary,Durham Constabulary,-1.539853,54.521245,On or near Louisa Street,E01012305,Darlington 012B,Violence and sexual offences,Court result unavailable,
6156022bbe23da4d08b03aa03cb5dfa8c620734abf707e46bbae73cf64bf716b,2020-05,Durham Constabulary,Durham Constabulary,-1.540877,54.519460,On or near Lewes Road,E01012305,Darlington 012B,Violence and sexual offences,Unable to prosecute suspect,
e2afef107c27d0c8ffea9809345ec8cf97a094067572e82fc4ec994950daf65f,2020-05,Durham Constabulary,Durham Constabulary,-1.539853,54.521245,On or near Louisa Street,E01012305,Darlington 012B,Violence and sexual offences,Court result unavailable,
,2020-05,Durham Constabulary,Durham Constabulary,-1.532343,54.521387,On or near Cobden Street,E01012306,Darlington 012C,Anti-social behaviour,,
,2020-05,Durham Constabulary,Durham Constabulary,-1.537709,54.520985,On or near Eastbourne Road,E01012306,Darlington 012C,Anti-social behaviour,,
,2020-05,Durham Constabulary,Durham Constabulary,-1.532343,54.521387,On or near Cobden Street,E01012306,Darlington 012C,Anti-social behaviour,,
,2020-05,Durham Constabulary,Durham Constabulary,-1.530805,54.519422,On or near Harris Street,E01012306,Darlington 012C,Anti-social behaviour,,
cbb210899fc61a2b080001f5a122c162abd2a6ab74915f51cb6ad95422f22ec1,2020-05,Durham Constabulary,Durham Constabulary,-1.529733,54.519966,On or near Maxwell Close,E01012306,Darlington 012C,Burglary,Court result unavailable,
6fe3e86c378997c05c4539652e1710789f2452518cd0b9b11c4c885941e02a66,2020-05,Durham Constabulary,Durham Constabulary,-1.538499,54.522121,On or near Ridsdale Street,E01012306,Darlington 012C,Criminal damage and arson,Unable to prosecute suspect,
f4525cfb7ad1b06c75578df117925ec321c7afbe5873bc6f5eaa62ec1c0f1bac,2020-05,Durham Constabulary,Durham Constabulary,-1.529733,54.519966,On or near Maxwell Close,E01012306,Darlington 012C,Criminal damage and arson,Local resolution,
4e21bbeba8e917f253d5a57afa8e03f82c8c0cb5d24190b84c65922a59965329,2020-05,Durham Constabulary,Durham Constabulary,-1.533949,54.518769,On or near Keats Court,E01012306,Darlington 012C,Criminal damage and arson,Investigation complete; no suspect identified,
52cde98c81e0f39a4747f87d746baf523b6704e4cf2568f4917bc313c4f00116,2020-05,Durham Constabulary,Durham Constabulary,-1.533949,54.518769,On or near Keats Court,E01012306,Darlington 012C,Other theft,Investigation complete; no suspect identified,
222daacc934c0876c5fbd96aba3fc03a8bba2c76ec56fbad12475aa62063b369,2020-05,Durham Constabulary,Durham Constabulary,-1.533949,54.518769,On or near Keats Court,E01012306,Darlington 012C,Public order,Investigation complete; no suspect identified,
d5713cde87d3b9122cc8808e395378c081271b77e6dc7f9ade36f4c71fe52a7f,2020-05,Durham Constabulary,Durham Constabulary,-1.534188,54.522185,On or near Pease Street,E01012306,Darlington 012C,Public order,Unable to prosecute suspect,
d6683ebfd0b85857ec98caf9d4c1f7241fd6c5d4ea0ab8394a10b9bf74b057f2,2020-05,Durham Constabulary,Durham Constabulary,-1.534188,54.522185,On or near Pease Street,E01012306,Darlington 012C,Violence and sexual offences,Unable to prosecute suspect,
390e8f3119f5a0b89f6636b73e03e0b5187a63290e12237f9e5604d2641bd4a6,2020-05,Durham Constabulary,Durham Constabulary,-1.536850,54.523175,On or near Yarm Road,E01012306,Darlington 012C,Violence and sexual offences,Unable to prosecute suspect,
e8bc363b6171ddd93f6878f271264fb5c7d60cbe05665f4c8abd69252b265d66,2020-05,Durham Constabulary,Durham Constabulary,-1.533949,54.518769,On or near Keats Court,E01012306,Darlington 012C,Violence and sexual offences,Unable to prosecute suspect,
0526d03ca31ca7ac503ad43000bb5ac77076fdd3c5aee91d360a3c93d5851b42,2020-05,Durham Constabulary,Durham Constabulary,-1.533857,54.520018,On or near Milton Street,E01012306,Darlington 012C,Other crime,Further investigation is not in the public interest,
,2020-05,Durham Constabulary,Durham Constabulary,-1.541627,54.514583,On or near Fernlea Court,E01012340,Darlington 012D,Anti-social behaviour,,
,2020-05,Durham Constabulary,Durham Constabulary,-1.541145,54.519021,On or near Falmer Road,E01012340,Darlington 012D,Anti-social behaviour,,
,2020-05,Durham Constabulary,Durham Constabulary,-1.541145,54.519021,On or near Falmer Road,E01012340,Darlington 012D,Anti-social behaviour,,
,2020-05,Durham Constabulary,Durham Constabulary,-1.537294,54.516697,On or near Headlam Road,E01012340,Darlington 012D,Anti-social behaviour,,
,2020-05,Durham Constabulary,Durham Constabulary,-1.537294,54.516697,On or near Headlam Road,E01012340,Darlington 012D,Anti-social behaviour,,
,2020-05,Durham Constabulary,Durham Constabulary,-1.537294,54.516697,On or near Headlam Road,E01012340,Darlington 012D,Anti-social behaviour,,
,2020-05,Durham Constabulary,Durham Constabulary,-1.542973,54.514400,On or near Geneva Lane,E01012340,Darlington 012D,Anti-social behaviour,,
,2020-05,Durham Constabulary,Durham Constabulary,-1.544519,54.517039,On or near Smithfield Road,E01012340,Darlington 012D,Anti-social behaviour,,
,2020-05,Durham Constabulary,Durham Constabulary,-1.540746,54.517384,On or near Aysgarth Road,E01012340,Darlington 012D,Anti-social behaviour,,
392c0269aa3791e44f849acd970aa821b3398575697d0d69df0a43471f27c305,2020-05,Durham Constabulary,Durham Constabulary,-1.540746,54.517384,On or near Aysgarth Road,E01012340,Darlington 012D,Public order,Court result unavailable,
31b7a859e1a7bcca35e73b1bd278f4d99d08b0af92076c6680117a3178bfbac2,2020-05,Durham Constabulary,Durham Constabulary,-1.540746,54.517384,On or near Aysgarth Road,E01012340,Darlington 012D,Public order,Unable to prosecute suspect,
2a58ba7cfd6417eef293c8b671b5645e1ed0dc8c9c0d96c5bcc51647ed760c73,2020-05,Durham Constabulary,Durham Constabulary,-1.540746,54.517384,On or near Aysgarth Road,E01012340,Darlington 012D,Public order,Unable to prosecute suspect,
7487bc2e744fb88a7dc11d0f6a48a04070db8916fdba8a49ad560c3deedf7663,2020-05,Durham Constabulary,Durham Constabulary,-1.537294,54.516697,On or near Headlam Road,E01012340,Darlington 012D,Public order,Unable to prosecute suspect,
da8d30921dab4e0931dbdcdf9a88db7651ae30d95c651a2115bee286a9067255,2020-05,Durham Constabulary,Durham Constabulary,-1.540746,54.517384,On or near Aysgarth Road,E01012340,Darlington 012D,Public order,Unable to prosecute suspect,
4890f7349dad24dcbdd8ecfdc696aef3c08249d73229e858310999f36c63811c,2020-05,Durham Constabulary,Durham Constabulary,-1.537294,54.516697,On or near Headlam Road,E01012340,Darlington 012D,Violence and sexual offences,Unable to prosecute suspect,
c61e08d4e592e8d7b2fd428be9edecd61acae9e99b59b5fc9d7a99765fd29dfa,2020-05,Durham Constabulary,Durham Constabulary,-1.540746,54.517384,On or near Aysgarth Road,E01012340,Darlington 012D,Violence and sexual offences,Unable to prosecute suspect,
ef5125d18df1f915c9c9bc97274c522780c21ef91b0f91876b7c4e071aa6b410,2020-05,Durham Constabulary,Durham Constabulary,-1.539415,54.518997,On or near Rydal Road,E01012340,Darlington 012D,Violence and sexual offences,Unable to prosecute suspect,
202d2f077459904e02da5bb634fd6feddfa9a59c46399c7021339132b2fe9a45,2020-05,Durham Constabulary,Durham Constabulary,-1.540746,54.517384,On or near Aysgarth Road,E01012340,Darlington 012D,Violence and sexual offences,Unable to prosecute suspect,
b7aae0ba18c6bc9d13870561502206594c97a864d9fb958edf0c99a2f3676dc3,2020-05,Durham Constabulary,Durham Constabulary,-1.540746,54.517384,On or near Aysgarth Road,E01012340,Darlington 012D,Violence and sexual offences,Unable to prosecute suspect,
948474dfebc2fcf9b75c158c608ec18ce67c2bb65c5c9154d12c3428079a2a85,2020-05,Durham Constabulary,Durham Constabulary,-1.539415,54.518997,On or near Rydal Road,E01012340,Darlington 012D,Violence and sexual offences,Unable to prosecute suspect,
7a55fe85b8c59797a62fbd4dd3c6ea6efc1027ab532d85fa5bf7cadaa43b914a,2020-05,Durham Constabulary,Durham Constabulary,-1.541948,54.516301,On or near Neasham Road,E01012340,Darlington 012D,Other crime,Unable to prosecute suspect,
73f86c77eec02a9d604033df37d2efa4efb857ba141ac52edcb724e6015d17e8,2020-05,Durham Constabulary,Durham Constabulary,-1.539261,54.516219,On or near Skeeby Road,E01012340,Darlington 012D,Other crime,Unable to prosecute suspect,
,2020-05,Durham Constabulary,Durham Constabulary,-1.532027,54.516605,On or near Cliffe Way,E01012341,Darlington 012E,Anti-social behaviour,,
,2020-05,Durham Constabulary,Durham Constabulary,-1.533712,54.519244,On or near Harris Street,E01012341,Darlington 012E,Anti-social behaviour,,
,2020-05,Durham Constabulary,Durham Constabulary,-1.531180,54.517725,On or near Gilling Crescent,E01012341,Darlington 012E,Anti-social behaviour,,
,2020-05,Durham Constabulary,Durham Constabulary,-1.536067,54.515928,On or near Scargill,E01012341,Darlington 012E,Anti-social behaviour,,
,2020-05,Durham Constabulary,Durham Constabulary,-1.537922,54.515756,On or near Coxwold Drive,E01012341,Darlington 012E,Anti-social behaviour,,
,2020-05,Durham Constabulary,Durham Constabulary,-1.537583,54.515736,On or near Ramsgill,E01012341,Darlington 012E,Anti-social behaviour,,
,2020-05,Durham Constabulary,Durham Constabulary,-1.537583,54.515736,On or near Ramsgill,E01012341,Darlington 012E,Anti-social behaviour,,
1c5a4a13534b9ceb15353bb492f15bad76de9ec8c472d2e2788cdc78a8e0060a,2020-05,Durham Constabulary,Durham Constabulary,-1.537583,54.515736,On or near Ramsgill,E01012341,Darlington 012E,Other theft,Investigation complete; no suspect identified,
ac04f46e840c43ad53a884fa27716926f00e71cd9a0ce8e6947e317dc645ed98,2020-05,Durham Constabulary,Durham Constabulary,-1.537922,54.515756,On or near Coxwold Drive,E01012341,Darlington 012E,Other theft,Investigation complete; no suspect identified,
859e4dc5df709b4e0548b105256990b7d2cd9c3cf6afe5aa7c65b6c8a5367a70,2020-05,Durham Constabulary,Durham Constabulary,-1.536067,54.515928,On or near Scargill,E01012341,Darlington 012E,Public order,Unable to prosecute suspect,
6e6d7b07203582de4f8c4a54b7f5b3a795aaf097b7a644bdc2a5cbb1c67ca3b4,2020-05,Durham Constabulary,Durham Constabulary,-1.531180,54.517725,On or near Gilling Crescent,E01012341,Darlington 012E,Vehicle crime,Investigation complete; no suspect identified,
299b7ef8061430c7e23782960dde835abdfe5cc5ccf01b129ef2daaa56e01938,2020-05,Durham Constabulary,Durham Constabulary,-1.531933,54.518069,On or near Melsonby Crescent,E01012341,Darlington 012E,Violence and sexual offences,Unable to prosecute suspect,
e448131eaee584781401aa49c7981d7f071e84415c5d30767c512e8a7a025d46,2020-05,Durham Constabulary,Durham Constabulary,-1.531933,54.518069,On or near Melsonby Crescent,E01012341,Darlington 012E,Violence and sexual offences,Unable to prosecute suspect,
,2020-05,Durham Constabulary,Durham Constabulary,-1.541062,54.512604,On or near Geneva Drive,E01012317,Darlington 013A,Anti-social behaviour,,
,2020-05,Durham Constabulary,Durham Constabulary,-1.537333,54.511808,On or near Neasham Drive,E01012317,Darlington 013A,Anti-social behaviour,,
,2020-05,Durham Constabulary,Durham Constabulary,-1.537333,54.511808,On or near Neasham Drive,E01012317,Darlington 013A,Anti-social behaviour,,
,2020-05,Durham Constabulary,Durham Constabulary,-1.537333,54.511808,On or near Neasham Drive,E01012317,Darlington 013A,Anti-social behaviour,,
,2020-05,Durham Constabulary,Durham Constabulary,-1.537128,54.513551,On or near Claremont Road,E01012317,Darlington 013A,Anti-social behaviour,,
,2020-05,Durham Constabulary,Durham Constabulary,-1.536269,54.511687,On or near Hildon Drive,E01012317,Darlington 013A,Anti-social behaviour,,
,2020-05,Durham Constabulary,Durham Constabulary,-1.537333,54.511808,On or near Neasham Drive,E01012317,Darlington 013A,Anti-social behaviour,,
,2020-05,Durham Constabulary,Durham Constabulary,-1.537128,54.513551,On or near Claremont Road,E01012317,Darlington 013A,Anti-social behaviour,,
ac1084bb669c558fc2cdd11b8388d8dc1cdd47a52fd497d44c98382e5294169a,2020-05,Durham Constabulary,Durham Constabulary,-1.537306,54.511484,On or near Brankin Road,E01012317,Darlington 013A,Burglary,Investigation complete; no suspect identified,
ccfd1c62f4c7a6b6c1ac507da7e34c8653db640b40a69f6c93704abb6d99499b,2020-05,Durham Constabulary,Durham Constabulary,-1.537333,54.511808,On or near Neasham Drive,E01012317,Darlington 013A,Public order,Unable to prosecute suspect,
2f29451dd467a51de01043c683613e6cf946fdeb49f5b46ffc89703cf6238764,2020-05,Durham Constabulary,Durham Constabulary,-1.543256,54.512603,On or near Worton Drive,E01012317,Darlington 013A,Violence and sexual offences,Investigation complete; no suspect identified,
,2020-05,Durham Constabulary,Durham Constabulary,-1.522126,54.512621,On or near Redwood Close,E01012318,Darlington 013B,Anti-social behaviour,,
,2020-05,Durham Constabulary,Durham Constabulary,-1.527517,54.515257,On or near Burnside Road,E01012318,Darlington 013B,Anti-social behaviour,,
,2020-05,Durham Constabulary,Durham Constabulary,-1.527719,54.512490,On or near Buxton Moor Crescent,E01012318,Darlington 013B,Anti-social behaviour,,
,2020-05,Durham Constabulary,Durham Constabulary,-1.531159,54.511443,On or near Pateley Moor Crescent,E01012318,Darlington 013B,Anti-social behaviour,,
,2020-05,Durham Constabulary,Durham Constabulary,-1.525577,54.512032,On or near Kexwith Moor Close,E01012318,Darlington 013B,Anti-social behaviour,,
,2020-05,Durham Constabulary,Durham Constabulary,-1.528593,54.514309,On or near Holgate Moor Green,E01012318,Darlington 013B,Anti-social behaviour,,
,2020-05,Durham Constabulary,Durham Constabulary,-1.530862,54.513140,On or near Stocksmoor Close,E01012318,Darlington 013B,Anti-social behaviour,,
,2020-05,Durham Constabulary,Durham Constabulary,-1.528770,54.515091,On or near Westminster Road,E01012318,Darlington 013B,Anti-social behaviour,,
,2020-05,Durham Constabulary,Durham Constabulary,-1.531159,54.511443,On or near Pateley Moor Crescent,E01012318,Darlington 013B,Anti-social behaviour,,
,2020-05,Durham Constabulary,Durham Constabulary,-1.526590,54.513905,On or near Carlton Moor Crescent,E01012318,Darlington 013B,Anti-social behaviour,,
,2020-05,Durham Constabulary,Durham Constabulary,-1.528162,54.511503,On or near Skipton Moor Close,E01012318,Darlington 013B,Anti-social behaviour,,
,2020-05,Durham Constabulary,Durham Constabulary,-1.528770,54.515091,On or near Westminster Road,E01012318,Darlington 013B,Anti-social behaviour,,
,2020-05,Durham Constabulary,Durham Constabulary,-1.528162,54.511503,On or near Skipton Moor Close,E01012318,Darlington 013B,Anti-social behaviour,,
,2020-05,Durham Constabulary,Durham Constabulary,-1.528162,54.511503,On or near Skipton Moor Close,E01012318,Darlington 013B,Anti-social behaviour,,
,2020-05,Durham Constabulary,Durham Constabulary,-1.525577,54.512032,On or near Kexwith Moor Close,E01012318,Darlington 013B,Anti-social behaviour,,
,2020-05,Durham Constabulary,Durham Constabulary,-1.533797,54.511794,On or near West Moor Road,E01012318,Darlington 013B,Anti-social behaviour,,
a90a8681e73a717d049b4b6ef97922eef5ff086822db7442ea875aac0cb8d745,2020-05,Durham Constabulary,Durham Constabulary,-1.529489,54.513027,On or near Emley Moor Road,E01012318,Darlington 013B,Bicycle theft,Investigation complete; no suspect identified,
2fca8abbcdcc5be0f5d546e007515f80dce9c98dc4d0ad044b6ed46fe89c4a3c,2020-05,Durham Constabulary,Durham Constabulary,-1.531167,54.512099,On or near Barden Moor Road,E01012318,Darlington 013B,Burglary,Investigation complete; no suspect identified,
3e64664f13aa2cd9bc4b893d44365de22410430e0155563c979d2ef305c60382,2020-05,Durham Constabulary,Durham Constabulary,-1.531159,54.511443,On or near Pateley Moor Crescent,E01012318,Darlington 013B,Criminal damage and arson,Unable to prosecute suspect,
ad331629b44e68fcf7b873f5bd325d7783ef8fc3e8a1f4130a12092ba6c629c6,2020-05,Durham Constabulary,Durham Constabulary,-1.531159,54.511443,On or near Pateley Moor Crescent,E01012318,Darlington 013B,Criminal damage and arson,Investigation complete; no suspect identified,
6bf5dfdf53a3d59b59fc3e65c13eaf05b7257f304c2b1bfd83431fa9b421fa2a,2020-05,Durham Constabulary,Durham Constabulary,-1.528162,54.511503,On or near Skipton Moor Close,E01012318,Darlington 013B,Criminal damage and arson,Court result unavailable,
2749e79ebe088bd5587fdbfcfbb221b25fe3d5acf321fab7a2944959e8bd38f5,2020-05,Durham Constabulary,Durham Constabulary,-1.530862,54.513140,On or near Stocksmoor Close,E01012318,Darlington 013B,Other theft,Unable to prosecute suspect,
bf334107a8528b51fe98ab4779a08cedb412b1565e16c7c5ef035044bab267a0,2020-05,Durham Constabulary,Durham Constabulary,-1.528593,54.514309,On or near Holgate Moor Green,E01012318,Darlington 013B,Other theft,Investigation complete; no suspect identified,
8b190dce1a983744b86e50536208683ae622103bc25badc4b733ca2ac699595f,2020-05,Durham Constabulary,Durham Constabulary,-1.533797,54.511794,On or near West Moor Road,E01012318,Darlington 013B,Other theft,Investigation complete; no suspect identified,
62a1da0f41dc906e9eb6f300c93dfd8f40e990379c6023c8a9f0645bfc954520,2020-05,Durham Constabulary,Durham Constabulary,-1.527066,54.511445,On or near Edgemoor Road,E01012318,Darlington 013B,Public order,Unable to prosecute suspect,
59ec16bcb82037fe157c7f53f78a1b58ae78e2068679b7f50e220255b12546cc,2020-05,Durham Constabulary,Durham Constabulary,-1.528770,54.515091,On or near Westminster Road,E01012318,Darlington 013B,Public order,Unable to prosecute suspect,
2ea3eb429f69f366634a193f5faad5f2e4cbf9b98042d52f77dd9c91f76b255f,2020-05,Durham Constabulary,Durham Constabulary,-1.528162,54.511503,On or near Skipton Moor Close,E01012318,Darlington 013B,Vehicle crime,Investigation complete; no suspect identified,
8a7a23e727e9d434ee2fd63cae6c03dacbc124ceab9534048c54e1fe8e4e7dcc,2020-05,Durham Constabulary,Durham Constabulary,-1.527719,54.512490,On or near Buxton Moor Crescent,E01012318,Darlington 013B,Violence and sexual offences,Investigation complete; no suspect identified,
79ca43cf4f4f1da94bdd2470bc400a43f5a8a756cd5ae860659030f82827fdeb,2020-05,Durham Constabulary,Durham Constabulary,-1.528770,54.515091,On or near Westminster Road,E01012318,Darlington 013B,Violence and sexual offences,Further action is not in the public interest,
9a00a7deb0e3e0b4c5f35ab2597ad38fe01aa46d69c66e44340ac1f38551cc7d,2020-05,Durham Constabulary,Durham Constabulary,-1.528770,54.515091,On or near Westminster Road,E01012318,Darlington 013B,Violence and sexual offences,Unable to prosecute suspect,
67cf238ea7c84b1be30a0f0641c8ddded8aa869fc1de1c63d2e71b4ca3c35b9b,2020-05,Durham Constabulary,Durham Constabulary,-1.527719,54.512490,On or near Buxton Moor Crescent,E01012318,Darlington 013B,Violence and sexual offences,Investigation complete; no suspect identified,
f7542531a987456b9a973d7565059d903467b90b7830d6b6125c475d30367786,2020-05,Durham Constabulary,Durham Constabulary,-1.528770,54.515091,On or near Westminster Road,E01012318,Darlington 013B,Violence and sexual offences,Unable to prosecute suspect,
35f3d3fe6edcbbf9a4df68ce02b5319f3ec53e5c10a7b3f8ef8db4511fa5e52c,2020-05,Durham Constabulary,Durham Constabulary,-1.528770,54.515091,On or near Westminster Road,E01012318,Darlington 013B,Violence and sexual offences,Further action is not in the public interest,
347cd6013244da7ede03d8205d5ae503f158984e82dc17d549aac3218c70c59c,2020-05,Durham Constabulary,Durham Constabulary,-1.526769,54.513106,On or near Helmsley Moor Way,E01012318,Darlington 013B,Violence and sexual offences,Investigation complete; no suspect identified,
1b5f8c207e4cf88f2c3fdc74d3ce863fb291e7db3177c3d32a662e1040907dcc,2020-05,Durham Constabulary,Durham Constabulary,-1.526771,54.515596,On or near Roxby Moor Avenue,E01012318,Darlington 013B,Violence and sexual offences,Unable to prosecute suspect,
f5124b0fabac1dc7f1d6b6e2bffa5fae1964fe9b5eefbf5f8590a9ba04b9fcaf,2020-05,Durham Constabulary,Durham Constabulary,-1.528770,54.515091,On or near Westminster Road,E01012318,Darlington 013B,Violence and sexual offences,Unable to prosecute suspect,
c7245358f9d87a41ddd29e7f9897618f174271f69c603ea61817ffe6de1a5df9,2020-05,Durham Constabulary,Durham Constabulary,-1.528162,54.511503,On or near Skipton Moor Close,E01012318,Darlington 013B,Violence and sexual offences,Investigation complete; no suspect identified,
d495ccdca18068b00895a44eb8309bd6689b8a11b1ab8226fd9de0793c53903d,2020-05,Durham Constabulary,Durham Constabulary,-1.528162,54.511503,On or near Skipton Moor Close,E01012318,Darlington 013B,Violence and sexual offences,Investigation complete; no suspect identified,
13a9eee3767bdcb0f6803d7dc2cade84794eeb826a5b71a71fa1cfe90592a6fb,2020-05,Durham Constabulary,Durham Constabulary,-1.526769,54.513106,On or near Helmsley Moor Way,E01012318,Darlington 013B,Violence and sexual offences,Court result unavailable,
a7f8483eccbe8cec25c0577f96011cd3c25e64869b5de12fc9ec9cfa61f9b99d,2020-05,Durham Constabulary,Durham Constabulary,-1.531167,54.512099,On or near Barden Moor Road,E01012318,Darlington 013B,Violence and sexual offences,Unable to prosecute suspect,
c67244f73037bf937645761a13420a1ae972dc5dacef44e777685565221d7825,2020-05,Durham Constabulary,Durham Constabulary,-1.529489,54.513027,On or near Emley Moor Road,E01012318,Darlington 013B,Violence and sexual offences,Unable to prosecute suspect,
b43888d8ba92bf16fc105bcc5927cccdbb0376c285e0ccb2590a1e33ad8fd8a1,2020-05,Durham Constabulary,Durham Constabulary,-1.528770,54.515091,On or near Westminster Road,E01012318,Darlington 013B,Other crime,Court result unavailable,
,2020-05,Durham Constabulary,Durham Constabulary,-1.522002,54.513941,On or near Chestnut Drive,E01012319,Darlington 013C,Anti-social behaviour,,
,2020-05,Durham Constabulary,Durham Constabulary,-1.526150,54.517229,On or near Lanethorpe Road,E01012319,Darlington 013C,Anti-social behaviour,,
,2020-05,Durham Constabulary,Durham Constabulary,-1.528329,54.521210,On or near Geneva Road,E01012319,Darlington 013C,Anti-social behaviour,,
,2020-05,Durham Constabulary,Durham Constabulary,-1.520683,54.514475,On or near Swallow Close,E01012319,Darlington 013C,Anti-social behaviour,,
,2020-05,Durham Constabulary,Durham Constabulary,-1.521324,54.517785,On or near Estoril Road South,E01012319,Darlington 013C,Anti-social behaviour,,
,2020-05,Durham Constabulary,Durham Constabulary,-1.524574,54.515893,On or near Burnside Road,E01012319,Darlington 013C,Anti-social behaviour,,
,2020-05,Durham Constabulary,Durham Constabulary,-1.520858,54.515357,On or near Warren Close,E01012319,Darlington 013C,Anti-social behaviour,,
,2020-05,Durham Constabulary,Durham Constabulary,-1.520858,54.515357,On or near Warren Close,E01012319,Darlington 013C,Anti-social behaviour,,
dc33a0e1cf157086b63cc1ed32ffd80ad0cce172c573f467c760f5c19dbcd8bc,2020-05,Durham Constabulary,Durham Constabulary,-1.521324,54.517785,On or near Estoril Road South,E01012319,Darlington 013C,Bicycle theft,Investigation complete; no suspect identified,
86438ba949fe7457b25c61dde5e8e3737ad5a01a470487d07a6aada595af74c6,2020-05,Durham Constabulary,Durham Constabulary,-1.522042,54.513195,On or near Larch Court,E01012319,Darlington 013C,Other theft,Investigation complete; no suspect identified,
355464741cbaa7729344f0a41c48666b837a14713e3269e8bae309e706e57435,2020-05,Durham Constabulary,Durham Constabulary,-1.526639,54.520385,On or near Audrey Grove,E01012319,Darlington 013C,Violence and sexual offences,Unable to prosecute suspect,
2ca9f379ee28b72d38befb498b41a4bf629a55a00a5bb4a7502d5110fbc904c0,2020-05,Durham Constabulary,Durham Constabulary,-1.523647,54.514604,On or near Ingleby Moor Crescent,E01012319,Darlington 013C,Violence and sexual offences,Investigation complete; no suspect identified,
78feba15073c96dbd5f093c560d8fe5e18316d68243719f672cc0e51fe53ef78,2020-05,Durham Constabulary,Durham Constabulary,-1.522274,54.515830,On or near Firthmoor Crescent,E01012319,Darlington 013C,Violence and sexual offences,Unable to prosecute suspect,
b33771cbd66d5c1312dedd136cc03cb0654b1ff03da7e3fe616db577750bd5a6,2020-05,Durham Constabulary,Durham Constabulary,-1.522498,54.517790,On or near Reeth Moor Close,E01012319,Darlington 013C,Violence and sexual offences,Unable to prosecute suspect,
c63597b5104b8c116d734e76d5c25f7da3a566417c493e8723ac43f798c2f14a,2020-05,Durham Constabulary,Durham Constabulary,-1.525201,54.517809,On or near Brignall Moor Crescent,E01012319,Darlington 013C,Violence and sexual offences,Unable to prosecute suspect,
75e88a3a606babad6064c28457a14474a8b3d1b9d57669447831b70d105bd620,2020-05,Durham Constabulary,Durham Constabulary,-1.525201,54.517809,On or near Brignall Moor Crescent,E01012319,Darlington 013C,Violence and sexual offences,Unable to prosecute suspect,
20c9ef3eb618345ef113665aa8af3c4f6d87ff5d3742720e4b66ad3d2f23fb85,2020-05,Durham Constabulary,Durham Constabulary,-1.528329,54.521210,On or near Geneva Road,E01012319,Darlington 013C,Violence and sexual offences,Unable to prosecute suspect,
108442a1b3d255211d6011b417d9b1a1dbc8607eb58fdf63ea26495a523bbcea,2020-05,Durham Constabulary,Durham Constabulary,-1.525201,54.517809,On or near Brignall Moor Crescent,E01012319,Darlington 013C,Violence and sexual offences,Unable to prosecute suspect,
,2020-05,Durham Constabulary,Durham Constabulary,-1.557454,54.520861,On or near Supermarket,E01012356,Darlington 014A,Anti-social behaviour,,
,2020-05,Durham Constabulary,Durham Constabulary,-1.550376,54.521078,On or near Supermarket,E01012356,Darlington 014A,Anti-social behaviour,,
,2020-05,Durham Constabulary,Durham Constabulary,-1.552058,54.519835,On or near Greenwell Street,E01012356,Darlington 014A,Anti-social behaviour,,
,2020-05,Durham Constabulary,Durham Constabulary,-1.553015,54.519874,On or near Bedford Street,E01012356,Darlington 014A,Anti-social behaviour,,
,2020-05,Durham Constabulary,Durham Constabulary,-1.557454,54.520861,On or near Supermarket,E01012356,Darlington 014A,Anti-social behaviour,,
,2020-05,Durham Constabulary,Durham Constabulary,-1.550376,54.521078,On or near Supermarket,E01012356,Darlington 014A,Anti-social behaviour,,
,2020-05,Durham Constabulary,Durham Constabulary,-1.550376,54.521078,On or near Supermarket,E01012356,Darlington 014A,Anti-social behaviour,,
,2020-05,Durham Constabulary,Durham Constabulary,-1.550376,54.521078,On or near Supermarket,E01012356,Darlington 014A,Anti-social behaviour,,
,2020-05,Durham Constabulary,Durham Constabulary,-1.551493,54.520633,On or near George Street,E01012356,Darlington 014A,Anti-social behaviour,,
,2020-05,Durham Constabulary,Durham Constabulary,-1.550376,54.521078,On or near Supermarket,E01012356,Darlington 014A,Anti-social behaviour,,
98f977c7450194194411b96deb44307d177065759897791e7105b045b6144272,2020-05,Durham Constabulary,Durham Constabulary,-1.558036,54.519848,On or near Polam Lane,E01012356,Darlington 014A,Burglary,Investigation complete; no suspect identified,
497655988fb3958f53a211e61fdb5e3cc87338e0a0cbe162c343d5ecedba06b7,2020-05,Durham Constabulary,Durham Constabulary,-1.551775,54.520238,On or near Rockingham Street,E01012356,Darlington 014A,Burglary,Investigation complete; no suspect identified,
4cdb11ead5de200246545379db02b2ce6f1edce846bcd9e92176c757cd2fda36,2020-05,Durham Constabulary,Durham Constabulary,-1.553015,54.519874,On or near Bedford Street,E01012356,Darlington 014A,Burglary,Unable to prosecute suspect,
0b68aff6130b30cece3c62d2c7e5749963374fc6913dc8924a5c29a0c9b0859b,2020-05,Durham Constabulary,Durham Constabulary,-1.551493,54.520633,On or near George Street,E01012356,Darlington 014A,Criminal damage and arson,Unable to prosecute suspect,
59deebef406adba6016d3bbbca67af96478bdcf9e47898ad8e4c8f9333779b85,2020-05,Durham Constabulary,Durham Constabulary,-1.550376,54.521078,On or near Supermarket,E01012356,Darlington 014A,Drugs,Court result unavailable,
0d2722ec2d82eeba32be4177714b1bc24ac163904ebc820b9c76894d92a8b3f0,2020-05,Durham Constabulary,Durham Constabulary,-1.550376,54.521078,On or near Supermarket,E01012356,Darlington 014A,Drugs,Further investigation is not in the public interest,
cd0903239964783a3b2917d68718a2ed0b59d5130ac02ee6caedeb4a812334b6,2020-05,Durham Constabulary,Durham Constabulary,-1.557454,54.520861,On or near Supermarket,E01012356,Darlington 014A,Possession of weapons,Court result unavailable,
c0c8e04fd4877297c548d4ff5cbaae7fb2bcfc8fb5e90e8d77aad1eb5303fa20,2020-05,Durham Constabulary,Durham Constabulary,-1.557454,54.520861,On or near Supermarket,E01012356,Darlington 014A,Possession of weapons,Court result unavailable,
6bba9100975ff79f3201e0cc0bce48d3f0452408d104459a412d82a2fa93a5c2,2020-05,Durham Constabulary,Durham Constabulary,-1.557454,54.520861,On or near Supermarket,E01012356,Darlington 014A,Public order,Court result unavailable,
9c96ba0e978deb0974e9dfe3f9db3ae91b99b79ccb6f45e8ab712ed7d833f8df,2020-05,Durham Constabulary,Durham Constabulary,-1.550376,54.521078,On or near Supermarket,E01012356,Darlington 014A,Public order,Court result unavailable,
cea78dc0ad40020ad5c3b30d5a7e2d1a41b5bb6f721d5ae9ccef4a29feda948d,2020-05,Durham Constabulary,Durham Constabulary,-1.551493,54.520633,On or near George Street,E01012356,Darlington 014A,Public order,Unable to prosecute suspect,
2d5d59f102736bab060bb057b788b919316f5ca587c18446d06db5664c70b193,2020-05,Durham Constabulary,Durham Constabulary,-1.557454,54.520861,On or near Supermarket,E01012356,Darlington 014A,Public order,Unable to prosecute suspect,
0accb58809865fcd79d17a06626f025dde84a0190d13c4380e9d437e66df808c,2020-05,Durham Constabulary,Durham Constabulary,-1.550376,54.521078,On or near Supermarket,E01012356,Darlington 014A,Public order,Court result unavailable,
1ea3e887ec615ddb1e7055ad973ad5178cabaec0bdb084d03c535bd8dd85368a,2020-05,Durham Constabulary,Durham Constabulary,-1.557454,54.520861,On or near Supermarket,E01012356,Darlington 014A,Shoplifting,Court result unavailable,
ae5017d445da9daf17266a929dff3b84297dff5a9242acdb9f68de78e577a047,2020-05,Durham Constabulary,Durham Constabulary,-1.557454,54.520861,On or near Supermarket,E01012356,Darlington 014A,Shoplifting,Unable to prosecute suspect,
dc83c71b0f79a9790aa1b2db9ebbe8f030aaddd15ffbf98b13c1f1a51019c054,2020-05,Durham Constabulary,Durham Constabulary,-1.557454,54.520861,On or near Supermarket,E01012356,Darlington 014A,Shoplifting,Court result unavailable,
63a412a23ed145b6e4b260804e92b62ccac98a16a8c548b0dbeb57088395e7bb,2020-05,Durham Constabulary,Durham Constabulary,-1.553015,54.519874,On or near Bedford Street,E01012356,Darlington 014A,Theft from the person,Investigation complete; no suspect identified,
ee7d5b1b5a1bd67f284f39cc44bb84fe04d4cab044b1ca4e0dc88bf39d6f2223,2020-05,Durham Constabulary,Durham Constabulary,-1.557454,54.520861,On or near Supermarket,E01012356,Darlington 014A,Vehicle crime,Investigation complete; no suspect identified,
81c5c79a7bf475d39a2691de02040a7116701f87b563641ca58e7bff29bafe91,2020-05,Durham Constabulary,Durham Constabulary,-1.550376,54.521078,On or near Supermarket,E01012356,Darlington 014A,Violence and sexual offences,Court result unavailable,
757fc0025cdcf073e65ee5ea380eb4b46590521de52f110b7aa61e3c5d25f6ae,2020-05,Durham Constabulary,Durham Constabulary,-1.551493,54.520633,On or near George Street,E01012356,Darlington 014A,Violence and sexual offences,Unable to prosecute suspect,
4175b247b00ed00b734a9f3e95cad0cf791bff1234682b7b95e4a5dd595f5803,2020-05,Durham Constabulary,Durham Constabulary,-1.550376,54.521078,On or near Supermarket,E01012356,Darlington 014A,Violence and sexual offences,Unable to prosecute suspect,
e4c9deee254b393844b6a9a9dff6a97fd3648b9a762a7351e26d9a8575095510,2020-05,Durham Constabulary,Durham Constabulary,-1.551493,54.520633,On or near George Street,E01012356,Darlington 014A,Violence and sexual offences,Unable to prosecute suspect,
c7663df3ecfcad10c728f744130fa93f72c69858d3d191ef2ad5be518ddb4865,2020-05,Durham Constabulary,Durham Constabulary,-1.559672,54.520052,On or near Polam Road,E01012356,Darlington 014A,Violence and sexual offences,Unable to prosecute suspect,
823a03eafc6b831603fe57dd1c47798686a27406d76833e4f312d93e11f4cfc1,2020-05,Durham Constabulary,Durham Constabulary,-1.551493,54.520633,On or near George Street,E01012356,Darlington 014A,Violence and sexual offences,Court result unavailable,
5e9e2f0b351ff856ea3c43a906340b7ff54c0e440075eeaef9153a0298d4c955,2020-05,Durham Constabulary,Durham Constabulary,-1.553015,54.519874,On or near Bedford Street,E01012356,Darlington 014A,Violence and sexual offences,Unable to prosecute suspect,
42c4f1abf290ea79e3a110cf607f0cad70527907b519d9414952e3191bb19ba5,2020-05,Durham Constabulary,Durham Constabulary,-1.563391,54.520389,On or near Oakdene Avenue,E01012356,Darlington 014A,Other crime,Status update unavailable,
,2020-05,Durham Constabulary,Durham Constabulary,-1.548843,54.517217,On or near Park Lane,E01012357,Darlington 014B,Anti-social behaviour,,
,2020-05,Durham Constabulary,Durham Constabulary,-1.549718,54.519062,On or near Nelson Terrace,E01012357,Darlington 014B,Anti-social behaviour,,
,2020-05,Durham Constabulary,Durham Constabulary,-1.548843,54.517217,On or near Park Lane,E01012357,Darlington 014B,Anti-social behaviour,,
,2020-05,Durham Constabulary,Durham Constabulary,-1.552682,54.519226,On or near Roslyn Street,E01012357,Darlington 014B,Anti-social behaviour,,
,2020-05,Durham Constabulary,Durham Constabulary,-1.551697,54.517533,On or near Clifton Road,E01012357,Darlington 014B,Anti-social behaviour,,
,2020-05,Durham Constabulary,Durham Constabulary,-1.549718,54.519062,On or near Nelson Terrace,E01012357,Darlington 014B,Anti-social behaviour,,
58d58f2406693e6c643c46cc0feaa8c644f08287131260bce74aab16dd9b9790,2020-05,Durham Constabulary,Durham Constabulary,-1.549718,54.519062,On or near Nelson Terrace,E01012357,Darlington 014B,Criminal damage and arson,Investigation complete; no suspect identified,
561458c62a9226c1df17130ed45c6e1f9bd8e42f7e30ec42fc8c0c0765f2b282,2020-05,Durham Constabulary,Durham Constabulary,-1.550623,54.518212,On or near Belvedere Road,E01012357,Darlington 014B,Vehicle crime,Investigation complete; no suspect identified,
d8c3f2ccebe5f88cc61c6cd96546e6581a8040a83856e1a69dfb0c47a66758fe,2020-05,Durham Constabulary,Durham Constabulary,-1.550623,54.518212,On or near Belvedere Road,E01012357,Darlington 014B,Vehicle crime,Investigation complete; no suspect identified,
3d837bae8ad23f865f8f7c942543cddaf8b4b4aaa5d459f5245fa47f38c87066,2020-05,Durham Constabulary,Durham Constabulary,-1.547857,54.516961,On or near Smithfield Road,E01012357,Darlington 014B,Violence and sexual offences,Investigation complete; no suspect identified,
a55635e69247133576588ef91fb36f8de05d3881e8df0a01a474340867b71b1c,2020-05,Durham Constabulary,Durham Constabulary,-1.551697,54.517533,On or near Clifton Road,E01012357,Darlington 014B,Violence and sexual offences,Unable to prosecute suspect,
4683b52274b76d1ab73e8ac9a5e4151b4f1cef01f836cc65b69e29b6e980e49e,2020-05,Durham Constabulary,Durham Constabulary,-1.552682,54.519226,On or near Roslyn Street,E01012357,Darlington 014B,Violence and sexual offences,Unable to prosecute suspect,
a7165d46dfc15a710ae59e30aa5414785a44962963a37b49dd9941bfaf22f4e5,2020-05,Durham Constabulary,Durham Constabulary,-1.549718,54.519062,On or near Nelson Terrace,E01012357,Darlington 014B,Violence and sexual offences,Unable to prosecute suspect,
,2020-05,Durham Constabulary,Durham Constabulary,-1.552677,54.514068,On or near Kingsbury Mews,E01012358,Darlington 014C,Anti-social behaviour,,
,2020-05,Durham Constabulary,Durham Constabulary,-1.561153,54.512957,On or near Lakeside,E01012358,Darlington 014C,Anti-social behaviour,,
,2020-05,Durham Constabulary,Durham Constabulary,-1.558135,54.510664,On or near Hammond Drive,E01012358,Darlington 014C,Anti-social behaviour,,
,2020-05,Durham Constabulary,Durham Constabulary,-1.555414,54.510923,On or near Ribble Drive,E01012358,Darlington 014C,Anti-social behaviour,,
,2020-05,Durham Constabulary,Durham Constabulary,-1.552677,54.514068,On or near Kingsbury Mews,E01012358,Darlington 014C,Anti-social behaviour,,
,2020-05,Durham Constabulary,Durham Constabulary,-1.557618,54.511336,On or near Humber Place,E01012358,Darlington 014C,Anti-social behaviour,,
,2020-05,Durham Constabulary,Durham Constabulary,-1.558135,54.510664,On or near Hammond Drive,E01012358,Darlington 014C,Anti-social behaviour,,
,2020-05,Durham Constabulary,Durham Constabulary,-1.559297,54.516123,On or near Park/Open Space,E01012358,Darlington 014C,Anti-social behaviour,,
,2020-05,Durham Constabulary,Durham Constabulary,-1.558135,54.510664,On or near Hammond Drive,E01012358,Darlington 014C,Anti-social behaviour,,
,2020-05,Durham Constabulary,Durham Constabulary,-1.552677,54.514068,On or near Kingsbury Mews,E01012358,Darlington 014C,Anti-social behaviour,,
,2020-05,Durham Constabulary,Durham Constabulary,-1.558017,54.513045,On or near Loraine Crescent,E01012358,Darlington 014C,Anti-social behaviour,,
,2020-05,Durham Constabulary,Durham Constabulary,-1.557618,54.511336,On or near Humber Place,E01012358,Darlington 014C,Anti-social behaviour,,
,2020-05,Durham Constabulary,Durham Constabulary,-1.558061,54.516082,On or near Park/Open Space,E01012358,Darlington 014C,Anti-social behaviour,,
,2020-05,Durham Constabulary,Durham Constabulary,-1.561153,54.512957,On or near Lakeside,E01012358,Darlington 014C,Anti-social behaviour,,
,2020-05,Durham Constabulary,Durham Constabulary,-1.549570,54.514236,On or near Clifton Avenue,E01012358,Darlington 014C,Anti-social behaviour,,
,2020-05,Durham Constabulary,Durham Constabulary,-1.557618,54.511336,On or near Humber Place,E01012358,Darlington 014C,Anti-social behaviour,,
,2020-05,Durham Constabulary,Durham Constabulary,-1.561153,54.512957,On or near Lakeside,E01012358,Darlington 014C,Anti-social behaviour,,
,2020-05,Durham Constabulary,Durham Constabulary,-1.558813,54.513749,On or near Heslop Drive,E01012358,Darlington 014C,Anti-social behaviour,,
,2020-05,Durham Constabulary,Durham Constabulary,-1.558135,54.510664,On or near Hammond Drive,E01012358,Darlington 014C,Anti-social behaviour,,
,2020-05,Durham Constabulary,Durham Constabulary,-1.557618,54.511336,On or near Humber Place,E01012358,Darlington 014C,Anti-social behaviour,,
,2020-05,Durham Constabulary,Durham Constabulary,-1.558135,54.510664,On or near Hammond Drive,E01012358,Darlington 014C,Anti-social behaviour,,
,2020-05,Durham Constabulary,Durham Constabulary,-1.558135,54.510664,On or near Hammond Drive,E01012358,Darlington 014C,Anti-social behaviour,,
,2020-05,Durham Constabulary,Durham Constabulary,-1.552677,54.514068,On or near Kingsbury Mews,E01012358,Darlington 014C,Anti-social behaviour,,
,2020-05,Durham Constabulary,Durham Constabulary,-1.558135,54.510664,On or near Hammond Drive,E01012358,Darlington 014C,Anti-social behaviour,,
,2020-05,Durham Constabulary,Durham Constabulary,-1.558135,54.510664,On or near Hammond Drive,E01012358,Darlington 014C,Anti-social behaviour,,
,2020-05,Durham Constabulary,Durham Constabulary,-1.557618,54.511336,On or near Humber Place,E01012358,Darlington 014C,Anti-social behaviour,,
,2020-05,Durham Constabulary,Durham Constabulary,-1.557618,54.511336,On or near Humber Place,E01012358,Darlington 014C,Anti-social behaviour,,
,2020-05,Durham Constabulary,Durham Constabulary,-1.552677,54.514068,On or near Kingsbury Mews,E01012358,Darlington 014C,Anti-social behaviour,,
bf983e465d276a1455d6898b4371de7d486f108eb2cea0b8281545dc663f4154,2020-05,Durham Constabulary,Durham Constabulary,-1.557618,54.511336,On or near Humber Place,E01012358,Darlington 014C,Bicycle theft,Investigation complete; no suspect identified,
5ab506570beaf37b3e76fa244ce3d15cc5ae8517de23006bad5ca75f941d823d,2020-05,Durham Constabulary,Durham Constabulary,-1.561153,54.512957,On or near Lakeside,E01012358,Darlington 014C,Burglary,Unable to prosecute suspect,
fe6720680bec018ac4c7ee3c8aaf0a04fab76166bc0cd445fb7a657cbdc115d1,2020-05,Durham Constabulary,Durham Constabulary,-1.558135,54.510664,On or near Hammond Drive,E01012358,Darlington 014C,Burglary,Investigation complete; no suspect identified,
869a0395d0491d3be1acef8ced3bda2a9deb3100310144d0391627730a4f052b,2020-05,Durham Constabulary,Durham Constabulary,-1.551293,54.514880,On or near Berkeley Road,E01012358,Darlington 014C,Criminal damage and arson,Investigation complete; no suspect identified,
409df2c9dcab254d7bb9e250ce5bdbdb3c58d2147733eec762954faf8bae040f,2020-05,Durham Constabulary,Durham Constabulary,-1.557618,54.511336,On or near Humber Place,E01012358,Darlington 014C,Criminal damage and arson,Unable to prosecute suspect,
e1d662af47575fd83b217daf241588da7ca91f26a6a31a0d5a61ee9937393936,2020-05,Durham Constabulary,Durham Constabulary,-1.551293,54.514880,On or near Berkeley Road,E01012358,Darlington 014C,Drugs,Offender given a drugs possession warning,
5d74e380803a6fa2f7c05f268bac1da5686a517921ad89e4d64da2b8f529d7b7,2020-05,Durham Constabulary,Durham Constabulary,-1.557618,54.511336,On or near Humber Place,E01012358,Darlington 014C,Public order,Unable to prosecute suspect,
b1405241553ace9781ee597deed2cbc3bad0f83937628058f9035ff8a0cdedcf,2020-05,Durham Constabulary,Durham Constabulary,-1.557618,54.511336,On or near Humber Place,E01012358,Darlington 014C,Public order,Investigation complete; no suspect identified,
5edbd5675e436816aeec5798b98bbb33a9bc32fe0f4eace52f36886144401e2d,2020-05,Durham Constabulary,Durham Constabulary,-1.551242,54.516722,On or near Geneva Terrace,E01012358,Darlington 014C,Theft from the person,Investigation complete; no suspect identified,
6a09f4be4c9c7b90b7ab03f918c9edd040731a2c655f98ea7213fbecc67dc4ab,2020-05,Durham Constabulary,Durham Constabulary,-1.549591,54.515215,On or near Park Crescent,E01012358,Darlington 014C,Vehicle crime,Investigation complete; no suspect identified,
099eb1158f684c1debd204184647b20aa9d6e0793b7120a7266905d2804f7d75,2020-05,Durham Constabulary,Durham Constabulary,-1.557618,54.511336,On or near Humber Place,E01012358,Darlington 014C,Violence and sexual offences,Unable to prosecute suspect,
6735be3406aa7ba8daa5e7bfb6b3d803f0866639fc8f41202050885ff21861c7,2020-05,Durham Constabulary,Durham Constabulary,-1.558061,54.516082,On or near Park/Open Space,E01012358,Darlington 014C,Violence and sexual offences,Unable to prosecute suspect,
8d299173e8595a9426c8369eb49bc9b5f444222a5bab24fd2a4fe2c69436c7a8,2020-05,Durham Constabulary,Durham Constabulary,-1.557618,54.511336,On or near Humber Place,E01012358,Darlington 014C,Violence and sexual offences,Unable to prosecute suspect,
e20bef98a2f858fcff804a49cebef2f858c814ff04d2ead1dcc18c5fe309c9d9,2020-05,Durham Constabulary,Durham Constabulary,-1.558061,54.516082,On or near Park/Open Space,E01012358,Darlington 014C,Violence and sexual offences,Local resolution,
0bfbac46ce5bf34410640bce80fff78c0d67391abcaa13d593aeade327f94844,2020-05,Durham Constabulary,Durham Constabulary,-1.551293,54.514880,On or near Berkeley Road,E01012358,Darlington 014C,Violence and sexual offences,Offender given a caution,
e208e85ad8bcd7def1e2dc71f8f2229edcb11b9cd58aa2df3a1fa431d96b034b,2020-05,Durham Constabulary,Durham Constabulary,-1.557618,54.511336,On or near Humber Place,E01012358,Darlington 014C,Violence and sexual offences,Unable to prosecute suspect,
d5e765764ffeb100e90da046bf3449b1be704e8bbd88f2cb421d22440af212b6,2020-05,Durham Constabulary,Durham Constabulary,-1.563355,54.516560,On or near Penny Lane,E01012358,Darlington 014C,Violence and sexual offences,Status update unavailable,
4c6d28c85e883951e680d3b318dc32cce772aaa846940817c3f8a8e87af94b59,2020-05,Durham Constabulary,Durham Constabulary,-1.549570,54.514236,On or near Clifton Avenue,E01012358,Darlington 014C,Violence and sexual offences,Unable to prosecute suspect,
,2020-05,Durham Constabulary,Durham Constabulary,-1.552536,54.508603,On or near Paddock Lane,E01012359,Darlington 014D,Anti-social behaviour,,
,2020-05,Durham Constabulary,Durham Constabulary,-1.555018,54.510454,On or near Trent Place,E01012359,Darlington 014D,Anti-social behaviour,,
,2020-05,Durham Constabulary,Durham Constabulary,-1.552536,54.508603,On or near Paddock Lane,E01012359,Darlington 014D,Anti-social behaviour,,
,2020-05,Durham Constabulary,Durham Constabulary,-1.549120,54.513084,On or near Chaucer Road,E01012359,Darlington 014D,Anti-social behaviour,,
,2020-05,Durham Constabulary,Durham Constabulary,-1.551676,54.509588,On or near Tyne Crescent,E01012359,Darlington 014D,Anti-social behaviour,,
,2020-05,Durham Constabulary,Durham Constabulary,-1.552536,54.508603,On or near Paddock Lane,E01012359,Darlington 014D,Anti-social behaviour,,
,2020-05,Durham Constabulary,Durham Constabulary,-1.549295,54.509750,On or near Esk Road,E01012359,Darlington 014D,Anti-social behaviour,,
,2020-05,Durham Constabulary,Durham Constabulary,-1.550966,54.512309,On or near Wordsworth Road,E01012359,Darlington 014D,Anti-social behaviour,,
,2020-05,Durham Constabulary,Durham Constabulary,-1.554722,54.509276,On or near Thames Way,E01012359,Darlington 014D,Anti-social behaviour,,
07eae67bdd0f2422b0bccf2d84e082e709c8f252ce8b680be045635a558cf9d8,2020-05,Durham Constabulary,Durham Constabulary,-1.555683,54.510340,On or near Shannon Way,E01012359,Darlington 014D,Burglary,Investigation complete; no suspect identified,
9238e5f9387447616044dec9901dfe8e2488fcf4b76529e76d329386b569ba80,2020-05,Durham Constabulary,Durham Constabulary,-1.551676,54.509588,On or near Tyne Crescent,E01012359,Darlington 014D,Criminal damage and arson,Unable to prosecute suspect,
40f9c1b05389066be298eedee520ba5fd101a74356f93b87c58afef62c34fc14,2020-05,Durham Constabulary,Durham Constabulary,-1.550987,54.510431,On or near Avon Way,E01012359,Darlington 014D,Criminal damage and arson,Unable to prosecute suspect,
d3567954492553abec4ec53ad1e5c68fbbea359c8bc3c811ea16c37c858aa630,2020-05,Durham Constabulary,Durham Constabulary,-1.550147,54.512342,On or near Tennyson Gardens,E01012359,Darlington 014D,Criminal damage and arson,Unable to prosecute suspect,
829b2e6956c923debffcac18ac036c94901d2afad38717bae3724d46764121b9,2020-05,Durham Constabulary,Durham Constabulary,-1.554666,54.508719,On or near Arkle Crescent,E01012359,Darlington 014D,Criminal damage and arson,Investigation complete; no suspect identified,
e111de8a92cd0b559354db97772ef4f00db8edc76245dbe28ebe08e4815233c3,2020-05,Durham Constabulary,Durham Constabulary,-1.550453,54.509808,On or near Tweed Place,E01012359,Darlington 014D,Drugs,Formal action is not in the public interest,
ef829ad0838c9e7de6bef8806490e7f4638a3b8c3ab5e2a9250d5304736dc634,2020-05,Durham Constabulary,Durham Constabulary,-1.550552,54.510663,On or near Severn Way,E01012359,Darlington 014D,Other theft,Unable to prosecute suspect,
b9af5346c5027865c6346c7ea923415ce4dc9173d80a7da5e1d79d02bde24cdc,2020-05,Durham Constabulary,Durham Constabulary,-1.555683,54.510340,On or near Shannon Way,E01012359,Darlington 014D,Public order,Unable to prosecute suspect,
d54dc278d3643c2932567c7ed38d64b7d7766f1b07beb2cbf7f9872c2183bcbf,2020-05,Durham Constabulary,Durham Constabulary,-1.549295,54.509750,On or near Esk Road,E01012359,Darlington 014D,Public order,Unable to prosecute suspect,
77d061253c54c89c78b3d5d365124370b6babeb4cfce7680b0647f3f85517b7c,2020-05,Durham Constabulary,Durham Constabulary,-1.549120,54.513084,On or near Chaucer Road,E01012359,Darlington 014D,Vehicle crime,Investigation complete; no suspect identified,
e97a2570f1d425ea698fdd09c72a0b303437fbc40c221640624c60e1651f1eda,2020-05,Durham Constabulary,Durham Constabulary,-1.549295,54.509750,On or near Esk Road,E01012359,Darlington 014D,Vehicle crime,Investigation complete; no suspect identified,
d8a4f6ec6ad0b8ed843b08ebf3a4020b79de71449078ecc99038d83a6af3b0a7,2020-05,Durham Constabulary,Durham Constabulary,-1.555683,54.510340,On or near Shannon Way,E01012359,Darlington 014D,Violence and sexual offences,Local resolution,
e74a2e4640273123ae05c8281031b409b033e21f70123fd461d8f831d6010c10,2020-05,Durham Constabulary,Durham Constabulary,-1.549295,54.509750,On or near Esk Road,E01012359,Darlington 014D,Violence and sexual offences,Unable to prosecute suspect,
40b407fbf89f21658742d5eb48fe120777eb2f28fa1a082fad4e01a1c858b4ae,2020-05,Durham Constabulary,Durham Constabulary,-1.549295,54.509750,On or near Esk Road,E01012359,Darlington 014D,Violence and sexual offences,Unable to prosecute suspect,
2df96351a960c7238d9047814bb768b0a9c5f0a8acf5c2cf282cc9dd3a0a94f3,2020-05,Durham Constabulary,Durham Constabulary,-1.550966,54.512309,On or near Wordsworth Road,E01012359,Darlington 014D,Violence and sexual offences,Unable to prosecute suspect,
5f2668faababd2df394d2ebe09617c2911b459561a7833596f297c5f5fd5dca2,2020-05,Durham Constabulary,Durham Constabulary,-1.549120,54.513084,On or near Chaucer Road,E01012359,Darlington 014D,Violence and sexual offences,Unable to prosecute suspect,
6fb44e241d63501e0eb73d865d2d7b5a375acff3d51c3251e308b5900d95e7ba,2020-05,Durham Constabulary,Durham Constabulary,-1.550966,54.512309,On or near Wordsworth Road,E01012359,Darlington 014D,Violence and sexual offences,Court result unavailable,
,2020-05,Durham Constabulary,Durham Constabulary,-1.553488,54.485007,On or near Tees View,E01012338,Darlington 015A,Anti-social behaviour,,
,2020-05,Durham Constabulary,Durham Constabulary,-1.522988,54.487622,On or near The Oval,E01012338,Darlington 015A,Anti-social behaviour,,
,2020-05,Durham Constabulary,Durham Constabulary,-1.552828,54.507337,On or near Foss Court,E01012338,Darlington 015A,Anti-social behaviour,,
,2020-05,Durham Constabulary,Durham Constabulary,-1.554009,54.508078,On or near Skerne Way,E01012338,Darlington 015A,Anti-social behaviour,,
,2020-05,Durham Constabulary,Durham Constabulary,-1.548274,54.508506,On or near Pedestrian Subway,E01012338,Darlington 015A,Anti-social behaviour,,
358e6e5a040323d1f2060b880cd9f28db00c8ab1a8364dc8dcf92f835335043c,2020-05,Durham Constabulary,Durham Constabulary,-1.548274,54.508506,On or near Pedestrian Subway,E01012338,Darlington 015A,Burglary,Unable to prosecute suspect,
a0770501565c722cc309f3dc927db8a7196417da1c7e8c51ddf0ff5acd15303e,2020-05,Durham Constabulary,Durham Constabulary,-1.554216,54.507495,On or near The Lanes,E01012338,Darlington 015A,Burglary,Investigation complete; no suspect identified,
2e688dfba76977961fe43dec1ec63433e6b1d241489e4167594a2d274b7d444b,2020-05,Durham Constabulary,Durham Constabulary,-1.518197,54.496033,On or near Petrol Station,E01012338,Darlington 015A,Drugs,Offender given a drugs possession warning,
4f791bcf26a2b6ff02c0b3ceb566157312b99a8a89bb7d956c29a55bae57748f,2020-05,Durham Constabulary,Durham Constabulary,-1.526121,54.486340,On or near Coach Lane,E01012338,Darlington 015A,Public order,Court result unavailable,
d891cb70f11cd229aa5070873e02af18063874ad714be459a4b2f219355cd953,2020-05,Durham Constabulary,Durham Constabulary,-1.548274,54.508506,On or near Pedestrian Subway,E01012338,Darlington 015A,Violence and sexual offences,Unable to prosecute suspect,
5f514bb504abce6e1dd20edde7bb46f8627dfe6f8f0d4588c3a330bd8a1f4937,2020-05,Durham Constabulary,Durham Constabulary,-1.552828,54.507337,On or near Foss Court,E01012338,Darlington 015A,Violence and sexual offences,Investigation complete; no suspect identified,
,2020-05,Durham Constabulary,Durham Constabulary,-1.525372,54.485735,On or near Church View,E01012339,Darlington 015B,Anti-social behaviour,,
,2020-05,Durham Constabulary,Durham Constabulary,-1.538851,54.484053,On or near Elmfield Road,E01012339,Darlington 015B,Anti-social behaviour,,
,2020-05,Durham Constabulary,Durham Constabulary,-1.530035,54.489591,On or near Emery Close,E01012339,Darlington 015B,Anti-social behaviour,,
,2020-05,Durham Constabulary,Durham Constabulary,-1.544931,54.484175,On or near Avon Road,E01012339,Darlington 015B,Anti-social behaviour,,
,2020-05,Durham Constabulary,Durham Constabulary,-1.525372,54.485735,On or near Church View,E01012339,Darlington 015B,Anti-social behaviour,,
,2020-05,Durham Constabulary,Durham Constabulary,-1.525372,54.485735,On or near Church View,E01012339,Darlington 015B,Anti-social behaviour,,
f66042435052c672ee340015031aa7a3714a7e72a89758ad6b13722699c5ee00,2020-05,Durham Constabulary,Durham Constabulary,-1.542223,54.479258,On or near Pilmore Mews,E01012339,Darlington 015B,Criminal damage and arson,Investigation complete; no suspect identified,
284b5b260119e730f81765804419159afcb22958f9da484f1fa2d1296a21fdf1,2020-05,Durham Constabulary,Durham Constabulary,-1.531577,54.489804,On or near Greenfield Close,E01012339,Darlington 015B,Other theft,Investigation complete; no suspect identified,
53cbf7bee1642e57ec5220fac8a707f6d47e9f0594adc33c63f9906230e3a00c,2020-05,Durham Constabulary,Durham Constabulary,-1.532245,54.489402,On or near Mowbray Drive,E01012339,Darlington 015B,Other theft,Investigation complete; no suspect identified,
261dabedafe5ec3fd96f470976315e07bc355014f6e9c609703d80f6f4edc4f4,2020-05,Durham Constabulary,Durham Constabulary,-1.525372,54.485735,On or near Church View,E01012339,Darlington 015B,Public order,Unable to prosecute suspect,
c87f8192ce864c59aaeac4acd2cfe4cf7440efb54c85ecc1f85ebebd4893d188,2020-05,Durham Constabulary,Durham Constabulary,-1.551806,54.483509,On or near Baxby Terrace,E01012339,Darlington 015B,Other crime,Unable to prosecute suspect,
,2020-05,Durham Constabulary,Durham Constabulary,-1.468559,54.518652,On or near Sports/Recreation Area,E01012344,Darlington 015C,Anti-social behaviour,,
,2020-05,Durham Constabulary,Durham Constabulary,-1.475738,54.503271,On or near Park/Open Space,E01012344,Darlington 015C,Anti-social behaviour,,
,2020-05,Durham Constabulary,Durham Constabulary,-1.475738,54.503271,On or near Park/Open Space,E01012344,Darlington 015C,Anti-social behaviour,,
,2020-05,Durham Constabulary,Durham Constabulary,-1.459087,54.516507,On or near Yarm Road,E01012344,Darlington 015C,Anti-social behaviour,,
bae442410b729b8e6af56729c08ecacfba6708adb611f536034d146d9c0d82d3,2020-05,Durham Constabulary,Durham Constabulary,-1.466784,54.493607,On or near Park/Open Space,E01012344,Darlington 015C,Criminal damage and arson,Investigation complete; no suspect identified,
ed764c7678c830088422118919ae4751fbca61f9eb523b4b219c88b4a7ea3b38,2020-05,Durham Constabulary,Durham Constabulary,-1.475738,54.503271,On or near Park/Open Space,E01012344,Darlington 015C,Public order,Unable to prosecute suspect,
a358dde91df34415e0438eaa80f4e25093a067230301d5f782c4e16e756339e5,2020-05,Durham Constabulary,Durham Constabulary,-1.465274,54.512275,On or near Pinetree Grove,E01012344,Darlington 015C,Violence and sexual offences,Investigation complete; no suspect identified,
,2020-05,Durham Constabulary,Durham Constabulary,-1.441508,54.514172,On or near Ashdale Close,E01012345,Darlington 015D,Anti-social behaviour,,
d6843998534eeb622caef3411077a7ff092395bf32f8c7349caaa7bdb694e667,2020-05,Durham Constabulary,Durham Constabulary,-1.463063,54.506549,On or near Ropner Gardens,E01012345,Darlington 015D,Burglary,Investigation complete; no suspect identified,
5dbd651041379c54dba17eee1f8c16e7481e86f1e0d8b20010efe6a7e98f5da6,2020-05,Durham Constabulary,Durham Constabulary,-1.468545,54.506592,On or near Hunters Green,E01012345,Darlington 015D,Criminal damage and arson,Investigation complete; no suspect identified,
6e37cf8084306fa661bfc4c4badf66199b6913f8578f74b98d48dd025c4bef01,2020-05,Durham Constabulary,Durham Constabulary,-1.430631,54.515505,On or near Aviation Way,E01012345,Darlington 015D,Violence and sexual offences,Unable to prosecute suspect,
5a53712316e2e59981690d123e12e7cd900968de6dccdf4ff6dec66ed8c30229,2020-05,Durham Constabulary,Durham Constabulary,-1.430631,54.515505,On or near Aviation Way,E01012345,Darlington 015D,Violence and sexual offences,Unable to prosecute suspect,
0f91ea4ff4c6e920465590cc58f55d54eb41535efc55dd09c4876b8d8dcc7bda,2020-05,Durham Constabulary,Durham Constabulary,-1.430631,54.515505,On or near Aviation Way,E01012345,Darlington 015D,Violence and sexual offences,Further investigation is not in the public interest,
8c3fb4b46627833cd0e430aad82027f629ac3224ce1ccdaa006d7dda388101a4,2020-05,Durham Constabulary,Durham Constabulary,-1.430631,54.515505,On or near Aviation Way,E01012345,Darlington 015D,Violence and sexual offences,Unable to prosecute suspect,
7b436673395ada7c45229e260f3503a7c5099b2da58edad5efe9ea2460df7858,2020-05,Durham Constabulary,Durham Constabulary,-1.430631,54.515505,On or near Aviation Way,E01012345,Darlington 015D,Violence and sexual offences,Unable to prosecute suspect,
2c2727296ad9df489755bc710380fa4fbb423a1e1f72e0093d059cafcdf00aee,2020-05,Durham Constabulary,Durham Constabulary,-1.430631,54.515505,On or near Aviation Way,E01012345,Darlington 015D,Violence and sexual offences,Unable to prosecute suspect,
3b37fb6747a6dae46388d4c8027b3dc13d2803bbc7a54ec02ea379a3ff8f4ffc,2020-05,Durham Constabulary,Durham Constabulary,-1.430631,54.515505,On or near Aviation Way,E01012345,Darlington 015D,Violence and sexual offences,Unable to prosecute suspect,
6b7c13aa2a84fa12666e2cea777dc93371c11072eec22c06f80d54f5f0477c23,2020-05,Durham Constabulary,Durham Constabulary,-1.430631,54.515505,On or near Aviation Way,E01012345,Darlington 015D,Violence and sexual offences,Further investigation is not in the public interest,
e074a9ab404df481190fc4371c54887931288b7137e8934e53f8842ce9931301,2020-05,Durham Constabulary,Durham Constabulary,-1.430631,54.515505,On or near Aviation Way,E01012345,Darlington 015D,Violence and sexual offences,Unable to prosecute suspect,
2a39b2f85e906078ffe2ca9121745f24e8c40b41bf5950b196fb1bc8f51fa2e3,2020-05,Durham Constabulary,Durham Constabulary,-1.430631,54.515505,On or near Aviation Way,E01012345,Darlington 015D,Violence and sexual offences,Unable to prosecute suspect,
b05c0a8b9d473ba2644f7641c5d36ec43c08f1c2cff2847dd56f4d5ecd2f42c6,2020-05,Durham Constabulary,Durham Constabulary,-1.430631,54.515505,On or near Aviation Way,E01012345,Darlington 015D,Violence and sexual offences,Further investigation is not in the public interest,
83b3d083b86056ab11981635002693b79d59a0461f3df6eb37998e8f344a7372,2020-05,Durham Constabulary,Durham Constabulary,-1.430631,54.515505,On or near Aviation Way,E01012345,Darlington 015D,Violence and sexual offences,Unable to prosecute suspect,
82d7a3d08aec1ab18f097f10dcbdfe80a3bc92b03d732ba726aef7798f730197,2020-05,Durham Constabulary,Durham Constabulary,-1.430631,54.515505,On or near Aviation Way,E01012345,Darlington 015D,Violence and sexual offences,Unable to prosecute suspect,
274c8e94d0a0317539e2e12b460af858f810fbd41fb4e9afcbd93f5659573422,2020-05,Durham Constabulary,Durham Constabulary,-1.430631,54.515505,On or near Aviation Way,E01012345,Darlington 015D,Violence and sexual offences,Action to be taken by another organisation,
816c869a8faf7641d8ff673b0cb0d87da72fd5b63e3a6e05bdaab57b4fc0a12d,2020-05,Durham Constabulary,Durham Constabulary,-1.430631,54.515505,On or near Aviation Way,E01012345,Darlington 015D,Violence and sexual offences,Action to be taken by another organisation,
09df551133146262ae66135efee14695fdbaccf775799840dd497cd13217a8bd,2020-05,Durham Constabulary,Durham Constabulary,-1.430631,54.515505,On or near Aviation Way,E01012345,Darlington 015D,Violence and sexual offences,Unable to prosecute suspect,
6a96c7474876e1e91bb4b184c5dd45b7084b641740afc9596151e71f6482f0a1,2020-05,Durham Constabulary,Durham Constabulary,-1.430631,54.515505,On or near Aviation Way,E01012345,Darlington 015D,Violence and sexual offences,Unable to prosecute suspect,
,2020-05,Durham Constabulary,Durham Constabulary,-1.471639,54.519385,On or near Station Road,E01012346,Darlington 015E,Anti-social behaviour,,
,2020-05,Durham Constabulary,Durham Constabulary,-1.469697,54.515422,On or near The Greenway,E01012346,Darlington 015E,Anti-social behaviour,,
,2020-05,Durham Constabulary,Durham Constabulary,-1.466274,54.517312,On or near Woodlands Green,E01012346,Darlington 015E,Anti-social behaviour,,
,2020-05,Durham Constabulary,Durham Constabulary,-1.472227,54.524069,On or near Sadberge Road,E01012346,Darlington 015E,Anti-social behaviour,,
,2020-05,Durham Constabulary,Durham Constabulary,-1.466274,54.517312,On or near Woodlands Green,E01012346,Darlington 015E,Anti-social behaviour,,
,2020-05,Durham Constabulary,Durham Constabulary,-1.474586,54.522031,On or near Cheltenham Court,E01012346,Darlington 015E,Anti-social behaviour,,
,2020-05,Durham Constabulary,Durham Constabulary,-1.471639,54.519385,On or near Station Road,E01012346,Darlington 015E,Anti-social behaviour,,
,2020-05,Durham Constabulary,Durham Constabulary,-1.472086,54.513437,On or near Thorntree Gardens,E01012346,Darlington 015E,Anti-social behaviour,,
,2020-05,Durham Constabulary,Durham Constabulary,-1.462470,54.517673,On or near Manston Court,E01012346,Darlington 015E,Anti-social behaviour,,
70d7e5f0fef32e6b660e5fd348f8d3a060fe9ec69362efe52a0c00c031b6da2c,2020-05,Durham Constabulary,Durham Constabulary,-1.472842,54.520720,On or near Heathfield Park,E01012346,Darlington 015E,Criminal damage and arson,Investigation complete; no suspect identified,
258de1e16ce33418913c21b6843e59b9912c3bb25a803eaef37dbc3345e41bb4,2020-05,Durham Constabulary,Durham Constabulary,-1.466274,54.517312,On or near Woodlands Green,E01012346,Darlington 015E,Violence and sexual offences,Unable to prosecute suspect,
734b1b2ef7f543027fdfcd30385f5c98cb46abdad55f41182b7eee8db9823a67,2020-05,Durham Constabulary,Durham Constabulary,-1.476196,54.523053,On or near St George'S Gate,E01012346,Darlington 015E,Violence and sexual offences,Unable to prosecute suspect,
a0c0d048c59ceb2745db387d7ed9f1876195de2060d266692c1dea0362c35e5e,2020-05,Durham Constabulary,Durham Constabulary,-1.466274,54.517312,On or near Woodlands Green,E01012346,Darlington 015E,Violence and sexual offences,Unable to prosecute suspect,
0507aa4f43527305febf4954da0819775cbbc2320efbbfaf7daa67e759860d84,2020-05,Durham Constabulary,Durham Constabulary,-1.462889,54.516282,On or near The Beeches,E01012346,Darlington 015E,Violence and sexual offences,Further investigation is not in the public interest,
13cf4ab56660a3ea3bcd6ed040067d3ce93247be02673a311f2b4dbe66c0e7ae,2020-05,Durham Constabulary,Durham Constabulary,-1.466274,54.517312,On or near Woodlands Green,E01012346,Darlington 015E,Violence and sexual offences,Unable to prosecute suspect,
6b5e9e30fe9d0c0c1e68b3251da426318daaed17d3b79a0fa607156311c7adb6,2020-05,Durham Constabulary,Durham Constabulary,-1.462889,54.516282,On or near The Beeches,E01012346,Darlington 015E,Violence and sexual offences,Unable to prosecute suspect,
,2020-05,Durham Constabulary,Durham Constabulary,-1.704281,54.913350,On or near Lobleyhill Road,E01008273,Gateshead 019F,Anti-social behaviour,,
,2020-05,Durham Constabulary,Durham Constabulary,-1.577021,54.900555,On or near Jacksons Place,E01008223,Gateshead 025B,Anti-social behaviour,,
30fcaf5c8c1e5fe0374c72f7b47ea1654528a58498bd1183197a925cae7c98f3,2020-05,Durham Constabulary,Durham Constabulary,-1.642594,54.884482,On or near Hammer Square Bank,E01008226,Gateshead 025D,Violence and sexual offences,Unable to prosecute suspect,
7b6afda0da894d45906eed94120da8b160ec1e9c6968112d2a4b349409ba643b,2020-05,Durham Constabulary,Durham Constabulary,-1.159467,53.082717,On or near Duncan Avenue,E01028198,Gedling 001B,Violence and sexual offences,Status update unavailable,
7551d88b36e3d2d89e892ec628a0e4e9704e20012af8d13ccf250a87e98ff045,2020-05,Durham Constabulary,Durham Constabulary,-1.241072,54.694977,On or near Taunton Grove,E01032541,Hartlepool 003H,Criminal damage and arson,Status update unavailable,
b5aced658f2789d97b327cc44520b7d6249b19b12d01e09ee1d339c5276d46ce,2020-05,Durham Constabulary,Durham Constabulary,-1.246965,54.655741,On or near Moffat Road,E01011962,Hartlepool 012B,Violence and sexual offences,Further investigation is not in the public interest,
4cb7de1c5eb01a92156ec9184bf9c4bbd3a0f03afb34189a6c88808e5ede0d11,2020-05,Durham Constabulary,Durham Constabulary,-1.246965,54.655741,On or near Moffat Road,E01011962,Hartlepool 012B,Violence and sexual offences,Unable to prosecute suspect,
,2020-05,Durham Constabulary,Durham Constabulary,-1.254972,54.718807,On or near Easington Road,E01011959,Hartlepool 014A,Anti-social behaviour,,
02b9b7f907d087267cf029788ccdf48c617b80e97826bb35b6cfe914bc238d79,2020-05,Durham Constabulary,Durham Constabulary,-1.541180,54.986074,On or near Eastfield Avenue,E01008436,Newcastle upon Tyne 020F,Other crime,Unable to prosecute suspect,
27ca73180061b7109fa6e7608a1d3c19256a61592573a2dec4b2764a227ecc88,2020-05,Durham Constabulary,Durham Constabulary,-1.702580,54.974848,On or near Ordley Close,E01008387,Newcastle upon Tyne 021G,Other theft,Unable to prosecute suspect,
dc4f76cfd6bc24b6dd5b904f4a079194c83e4f8b171e05c3526b28a510f4d67c,2020-05,Durham Constabulary,Durham Constabulary,-1.538530,55.124460,On or near Malton Close,E01027393,Northumberland 022B,Violence and sexual offences,Status update unavailable,
a9b1429bb13ccc63ba88d999910d745a5b5adaa0814b13ab0b2ebdba598fc6c0,2020-05,Durham Constabulary,Durham Constabulary,-1.882174,54.954396,On or near Riding Dene,E01027508,Northumberland 036C,Violence and sexual offences,Unable to prosecute suspect,
d3173f15da4b7f39349e14f6e1a23316b0e1e410948045b8d3f8b14e3f0d1e8f,2020-05,Durham Constabulary,Durham Constabulary,-1.692741,54.471133,On or near Church Row,E01027759,Richmondshire 001D,Violence and sexual offences,Unable to prosecute suspect,
4b016bafd8219fe61cb07bcb058e03e3cc6d880db0487226f4c11248fd13f552,2020-05,Durham Constabulary,Durham Constabulary,-1.440763,54.541650,On or near Parking Area,E01012269,Stockton-on-Tees 005B,Other theft,Local resolution,
49ab9bd58b6b83eb232b20c623555d3ce74ffda12af0d09b754178045b8cfbfb,2020-05,Durham Constabulary,Durham Constabulary,-1.440763,54.541650,On or near Parking Area,E01012269,Stockton-on-Tees 005B,Other theft,Further investigation is not in the public interest,
e10a0cceb688b4e1395cb130594c72320e3643cb8289a7cec32ba996b86f6721,2020-05,Durham Constabulary,Durham Constabulary,-1.440763,54.541650,On or near Parking Area,E01012269,Stockton-on-Tees 005B,Shoplifting,Investigation complete; no suspect identified,
,2020-05,Durham Constabulary,Durham Constabulary,-1.419319,54.606237,On or near Forest Park,E01012295,Stockton-on-Tees 005E,Anti-social behaviour,,
a2caa5d2be7844dc29f5d8dd50e2eeaab7ac5003b564a27351e35d012275795b,2020-05,Durham Constabulary,Durham Constabulary,-1.320203,54.560005,On or near Shaftesbury Street,E01033477,Stockton-on-Tees 014G,Violence and sexual offences,Unable to prosecute suspect,
6d2916c75f54cf63a92c290bc225ea30cb79663a0423a6340a17a5b4d7dd1ae6,2020-05,Durham Constabulary,Durham Constabulary,-1.463994,54.930088,On or near Boston Crescent,E01008840,Sunderland 003E,Possession of weapons,Status update unavailable,
bc46e74ab26a8dec259a10f126f97dfa6af6bc3259129571624e33d7b39caf76,2020-05,Durham Constabulary,Durham Constabulary,-1.523781,54.917962,On or near Heathlea Place,E01008856,Sunderland 007B,Violence and sexual offences,Unable to prosecute suspect,
8898be246caac5a057987dbee37c1e2f31dbc1fb8f2c91da07b8e7ce83562870,2020-05,Durham Constabulary,Durham Constabulary,-1.496245,54.847955,On or near Sedgeletch Road,E01008752,Sunderland 033C,Burglary,Action to be taken by another organisation,
,2020-05,Durham Constabulary,Durham Constabulary,-1.497293,54.842630,On or near Front Street,E01008755,Sunderland 033E,Anti-social behaviour,,
44c5837d50312d9ff97d571e2da267a1ea52f7582c68a43ba2461f4aedda1d2b,2020-05,Durham Constabulary,Durham Constabulary,-1.503676,54.840212,On or near Railway Cottages,E01008755,Sunderland 033E,Violence and sexual offences,Unable to prosecute suspect,
574ff097a99a62e4dca5f02a94343286f2714176d148b1a01e5d7d5ed3a6b4e9,2020-05,Durham Constabulary,Durham Constabulary,-1.461331,54.843177,On or near Market Place,E01008714,Sunderland 034A,Drugs,Offender given a drugs possession warning,
,2020-05,Durham Constabulary,Durham Constabulary,-1.473777,54.808121,On or near Moorsley Road,E01008744,Sunderland 036B,Anti-social behaviour,,
,2020-05,Durham Constabulary,Durham Constabulary,-1.423499,54.803283,On or near Salter'S Lane,E01008746,Sunderland 036D,Anti-social behaviour,,
,2020-05,Durham Constabulary,Durham Constabulary,-1.423499,54.803283,On or near Salter'S Lane,E01008746,Sunderland 036D,Anti-social behaviour,,
,2020-05,Durham Constabulary,Durham Constabulary,-1.423499,54.803283,On or near Salter'S Lane,E01008746,Sunderland 036D,Anti-social behaviour,,
,2020-05,Durham Constabulary,Durham Constabulary,-1.423499,54.803283,On or near Salter'S Lane,E01008746,Sunderland 036D,Anti-social behaviour,,
,2020-05,Durham Constabulary,Durham Constabulary,-1.423499,54.803283,On or near Salter'S Lane,E01008746,Sunderland 036D,Anti-social behaviour,,
ac9610c402512d0890b87b0e9cf99be07b06d2a69358be52d1faa4d7bf4bfe6d,2020-05,Durham Constabulary,Durham Constabulary,-1.433955,54.803170,On or near Ruskin Avenue,E01008746,Sunderland 036D,Criminal damage and arson,Investigation complete; no suspect identified,
319e32e1b245b329171931421c9c4e6d4483bea94dc2ce20f9276b165cf9df47,2020-05,Durham Constabulary,Durham Constabulary,-1.423499,54.803283,On or near Salter'S Lane,E01008746,Sunderland 036D,Criminal damage and arson,Court result unavailable,
98d4e618a4c08753b2cb6f97904f5da4becf23c82f5e12ee17db85a73b083a39,2020-05,Durham Constabulary,Durham Constabulary,-1.423499,54.803283,On or near Salter'S Lane,E01008746,Sunderland 036D,Criminal damage and arson,Court result unavailable,
ffe9dbd5d9c5decc2694ce2521069b2ba32f45bcd4102946bcd9a927bcd6a31a,2020-05,Durham Constabulary,Durham Constabulary,-1.423499,54.803283,On or near Salter'S Lane,E01008746,Sunderland 036D,Other theft,Court result unavailable,
51f981c7196c62d9fc08208a4edc013a7f7803b3059b6aebb14f8ee17fcf1b02,2020-05,Durham Constabulary,Durham Constabulary,-1.504749,53.708764,On or near Princess Street,E01011897,Wakefield 008E,Violence and sexual offences,Unable to prosecute suspect,
8e2a1ec60a3b142e5163a731c544458417200c47b6379a281f018aa1e6a994a4,2020-05,Durham Constabulary,Durham Constabulary,-0.715901,51.520707,On or near Fotherby Court,E01032734,Windsor and Maidenhead 005H,Violence and sexual offences,Status update unavailable,
a36cdb7b55e18e2494ebabb9641d3eabe341f19fd407e9821618c0518cbae175,2020-05,Durham Constabulary,Durham Constabulary,-1.062882,53.937670,On or near Heath Croft,E01013365,York 023A,Violence and sexual offences,Action to be taken by another organisation,
