Crime ID,Month,Reported by,Falls within,Longitude,Latitude,Location,LSOA code,LSOA name,Outcome type
cda47ea6634b83494aae356d80339698c1abb0fe670edd92776ab77bcd421e91,2022-11,Wiltshire Police,Wiltshire Police,-2.207869,51.318016,On or near ,E01032086,Wiltshire 031B,Investigation complete; no suspect identified
2b4aca4ee17986031f37ea7a014e7b40a817ff2491aa55665d2bc40db0602f28,2022-11,Wiltshire Police,Wiltshire Police,-1.781110,51.598695,On or near Farmer Crescent,E01015472,Swindon 028B,Investigation complete; no suspect identified
8c176a9f0a03567f5d1e80a206730336422d336102ec5a1515e8c8dd73ff55f4,2022-11,Wiltshire Police,Wiltshire Police,-2.188108,51.198215,On or near Wylye Close,E01032106,Wiltshire 044B,Unable to prosecute suspect
2b75cb3b2f48be24e4218085814280e4f6fa5b41c51b96207aa6e6f1f35edf84,2022-11,Wiltshire Police,Wiltshire Police,-1.800792,51.597767,On or near Colbert Park,E01015518,Swindon 028D,Investigation complete; no suspect identified
be1b222029c778f0cd900358d81763d978db3d6a3532c504f5d4faf6f7c31740,2022-11,Wiltshire Police,Wiltshire Police,-2.203914,51.316053,On or near Bridge Street,E01032094,Wiltshire 035C,Investigation complete; no suspect identified
8526c3f6115386189d49cbf72bf8ab3b580a7bfbd9d938de20fcd31d3b3dce15,2022-11,Wiltshire Police,Wiltshire Police,-1.780840,51.555796,On or near Western Street,E01015497,Swindon 019D,Unable to prosecute suspect
033d5ba26e665e83a1f950cf45d5b3fe0bc36ecdf57940aac83556e09d9207c1,2022-11,Wiltshire Police,Wiltshire Police,-1.780627,51.555086,On or near North Street,E01015497,Swindon 019D,Investigation complete; no suspect identified
eff7da82eb4763aba8bb78c7371a1caafe6b2fd2f5f0cec523e8a17a9bb034f0,2022-11,Wiltshire Police,Wiltshire Police,-1.788520,51.579206,On or near WAVELL ROAD,E01015580,Swindon 007D,Unable to prosecute suspect
0b42a740b77ef97f9505a3c3a45a353044cdaded0d231dad099a982714655249,2022-11,Wiltshire Police,Wiltshire Police,-1.598750,51.500467,On or near Downsmead,E01031873,Wiltshire 012C,Unable to prosecute suspect
02ce9f77f940b95ff1fccb89ecea629afc3f14cf4786c54d0863490a207dabdc,2022-11,Wiltshire Police,Wiltshire Police,-2.212436,51.318907,On or near ,E01032086,Wiltshire 031B,Suspect charged
4150e97f6247bced457df065495a76d14ffa5a8195d4e129ab5081de43501c17,2022-11,Wiltshire Police,Wiltshire Police,-1.783686,51.579287,On or near Pinehurst Road,E01015508,Swindon 010A,Investigation complete; no suspect identified
2707f1453844f71197f0cdac5b3ce623502393bc5706e363ea8ea7291fc8a9ab,2022-11,Wiltshire Police,Wiltshire Police,-2.200696,51.315232,On or near Cheviot Close,E01032093,Wiltshire 035B,Unable to prosecute suspect
c5be29c92177f5c8542d97be099dc49e3f7a0ed3da00974695a48d1637cef39a,2022-11,Wiltshire Police,Wiltshire Police,-2.201613,51.196978,On or near Cannimore Road,E01032110,Wiltshire 043A,Investigation complete; no suspect identified
2a023e3a334c9e7b1c7d06126869aefe745c6ddce9740089604c3cd4e5dba249,2022-11,Wiltshire Police,Wiltshire Police,-1.804871,51.602702,On or near Rainham Road,E01032702,Swindon 027B,Unable to prosecute suspect
172107f9e5527a4d2aaeb46c40e025d66cc743d9d2c066a756c5bb2d4ee315d3,2022-11,Wiltshire Police,Wiltshire Police,-1.792783,51.071018,On or near ,E01032014,Wiltshire 056A,Investigation complete; no suspect identified
6cba577f8d538f467f0abdc1af4402a7069e75da35685a13d2cd61377c4a92b9,2022-11,Wiltshire Police,Wiltshire Police,-1.785302,51.560868,On or near ,E01015494,Swindon 019A,Investigation complete; no suspect identified
ea3a74d7a65db5b933b7c995182a5df056a80953c95c7ded57da3c3f72ca66a7,2022-11,Wiltshire Police,Wiltshire Police,-2.186928,51.260243,On or near The Avenue,E01032117,Wiltshire 040C,Investigation complete; no suspect identified
598ee4393bddabee05a92f8159a6885c138323018bbdbce262250efa495f401f,2022-11,Wiltshire Police,Wiltshire Police,-1.782422,51.064633,On or near Farley Road,E01032021,Wiltshire 056D,Investigation complete; no suspect identified
f685f8d7658ec83ae5b021de1e07c189f58ca0a67a24c7c7a811478ca6598438,2022-11,Wiltshire Police,Wiltshire Police,-1.835333,51.082110,On or near Hazel Close,E01031981,Wiltshire 052B,Suspect charged
460f6fd8c9260ac9a8226ae8c3112bcfeb0f5ed41a1f6167fb601c0da9a62347,2022-11,Wiltshire Police,Wiltshire Police,-1.771515,51.562990,On or near A4259,E01015479,Swindon 017A,Investigation complete; no suspect identified
63726649d91abd38976d1e17f5994bcb29f799c6ec2c56a8619dc6a74b3dac4c,2022-11,Wiltshire Police,Wiltshire Police,-1.830370,51.552237,On or near Tintagel Close,E01015569,Swindon 022D,Further investigation is not in the public interest
195bdb3c3b5acf120fcbd71b8902c3cdd66847a0e3a4a1f9dc751ad6e488e1e0,2022-11,Wiltshire Police,Wiltshire Police,-2.002574,51.282260,On or near Cheverell Road,E01031858,Wiltshire 034C,Unable to prosecute suspect
c1cc2ceb2ffd17dad56d5b21c9d2710fd9cc49ff249a90caa9e2cbe1f9537193,2022-11,Wiltshire Police,Wiltshire Police,-1.791903,51.552579,On or near Bowood Road,E01015498,Swindon 021B,Unable to prosecute suspect
7886cbb704d1d5a495984ce1af8486005c89d2be669be49b322180461ece6cbb,2022-11,Wiltshire Police,Wiltshire Police,-1.821160,51.609534,On or near Toynbee Avenue,E01015474,Swindon 008B,Unable to prosecute suspect
5cd5f4afc01ffcbf2bee8d52d7a0db0f0e4b12e490ab8e64ebc2d1c069c40a88,2022-11,Wiltshire Police,Wiltshire Police,-1.786621,51.562631,On or near Fleet Street,E01015476,Swindon 015B,Investigation complete; no suspect identified
627ee19a53483ad57eaf3868c168226a6af05c4971b12132a8de09b85e46f50c,2022-11,Wiltshire Police,Wiltshire Police,-2.131236,51.365064,On or near Burnet Close,E01032069,Wiltshire 022E,Unable to prosecute suspect
51dd2e92607d7e1f981fbe07cba0665d03d5bd5596e0704ad991bc42f44070ff,2022-11,Wiltshire Police,Wiltshire Police,-2.195279,51.357241,On or near The Gravel,E01032058,Wiltshire 023A,Investigation complete; no suspect identified
14870f1a68784c690803f1e2a414d27714652c3a46a5545721d49567637d45e5,2022-11,Wiltshire Police,Wiltshire Police,-1.778273,51.555738,On or near Victoria Road,E01032715,Swindon 019F,Unable to prosecute suspect
e92884f6a97ccf6ed8676b7aca4cf6fb7303f93223909125ef4257684dae4b8a,2022-11,Wiltshire Police,Wiltshire Police,-2.188160,51.319793,On or near LYNEHAM WAY,E01032102,Wiltshire 032D,Unable to prosecute suspect
60c54d91411843b2512f942f484f167e406911851545a731635c16e1cd21e968,2022-11,Wiltshire Police,Wiltshire Police,-2.251913,51.337504,On or near Spencers Orchard,E01032049,Wiltshire 027E,Investigation complete; no suspect identified
4c77c4eff515c88f8a4fa290ef8bc9b6d7ea970cb71096b3db00a6634592cedf,2022-11,Wiltshire Police,Wiltshire Police,-1.854946,51.561297,On or near Park/Open Space,E01015504,Swindon 018C,Investigation complete; no suspect identified
7856dc31f3e2c9139da963afc852c1d24992990f219b22f684ca3d04261e3d28,2022-11,Wiltshire Police,Wiltshire Police,-1.730882,51.420164,On or near ,E01031863,Wiltshire 019C,Investigation complete; no suspect identified
0576616158754542244b65a49962f99cfeda5484d301d692b78df9d6a9d12ee2,2022-11,Wiltshire Police,Wiltshire Police,-2.221258,51.428418,On or near Broadwood Avenue,E01031889,Wiltshire 017B,Unable to prosecute suspect
95bebbdb65bf2fd99a60b9f0f1a6489b7b57b0970860a8154159ddbfe78f48d8,2022-11,Wiltshire Police,Wiltshire Police,-1.807435,51.597446,On or near ,E01032710,Swindon 028E,Suspect charged
04557b6229c871391b3736b1753584ea66c4083428a969e3cc7f2cb77467db55,2022-11,Wiltshire Police,Wiltshire Police,-1.992283,51.352450,On or near Monday Market Street,E01031854,Wiltshire 026B,Investigation complete; no suspect identified
6d907c14d1fda2387b4476a2301a748a7201c8905133bfd34d57edfeea878381,2022-11,Wiltshire Police,Wiltshire Police,-1.766997,51.195213,On or near Heron Walk,E01031997,Wiltshire 046C,Unable to prosecute suspect
7bf3e4f3b00dc4e3005b6bee26856a033edd025f67763c27f18db8111129d08c,2022-11,Wiltshire Police,Wiltshire Police,-1.771011,51.338128,On or near The Crescent,E01031869,Wiltshire 024B,Offender given a caution
c30a131aa5456eb213824b1ca0fec7fccf94c246fa4d88dc273694f44283850a,2022-11,Wiltshire Police,Wiltshire Police,-2.138081,51.372465,On or near WATSON'S COURT,E01032068,Wiltshire 022D,Unable to prosecute suspect
88fdb525e2e793dc290a48b6693d37411b1de6dab6897be348abf8543ab1b282,2022-11,Wiltshire Police,Wiltshire Police,-2.261724,51.351249,On or near BEAR CLOSE,E01032045,Wiltshire 027A,Suspect charged
a1c5d698b5305c589a12dd09cff2844b969a5a354cfe37a929c679bc465698ca,2022-11,Wiltshire Police,Wiltshire Police,-1.782749,51.560898,On or near Edgeware Road,E01032714,Swindon 019E,Investigation complete; no suspect identified
f51a841330e9f146b3f8698f750e383fc925ed140f4b3869f934312b016a8fda,2022-11,Wiltshire Police,Wiltshire Police,-1.802142,51.559503,On or near St Austell Way,E01032708,Swindon 012F,Investigation complete; no suspect identified
87378b9255e9f3c08ead00610a521d541588a74c560b724095c2b64808e60e54,2022-11,Wiltshire Police,Wiltshire Police,-2.164209,51.202918,On or near Woodcock Road,E01032108,Wiltshire 042D,Investigation complete; no suspect identified
e9afadb02ed5b0c12c6828019457bafe4b90af1596e17f2674ed7ee9f23d8682,2022-11,Wiltshire Police,Wiltshire Police,-2.182708,51.204311,On or near ,E01032103,Wiltshire 044A,Unable to prosecute suspect
bcc6fbd73f3d06be1fdeb2210b8010cab91b3a8a17e8a71888f2f540ee8dc5cb,2022-11,Wiltshire Police,Wiltshire Police,-1.828149,51.559094,On or near ,E01015569,Swindon 022D,Local resolution
773261bcac111c3f4f4722c45d530db48fc4379e277fee7b068d1b0a139592a9,2022-11,Wiltshire Police,Wiltshire Police,-2.198503,51.411968,On or near Damy Green,E01031941,Wiltshire 018D,Investigation complete; no suspect identified
b50d664d29614a4017929768b84bacd1ad1ed517f8e1a77117b7ba9f37c13fdb,2022-11,Wiltshire Police,Wiltshire Police,-1.948407,51.230898,On or near ,E01032696,Wiltshire 045F,Unable to prosecute suspect
3b4d26fd237aa14315707498fd331cf2e1278b01945dcbbaecb915818d969315,2022-11,Wiltshire Police,Wiltshire Police,-1.784788,51.562772,On or near ,E01015476,Swindon 015B,Investigation complete; no suspect identified
66a738512765107a6bdcda639d5605c4b80761fcf05c95a155a0632b67b46ab5,2022-11,Wiltshire Police,Wiltshire Police,-1.787880,51.561770,On or near ,E01015476,Swindon 015B,Investigation complete; no suspect identified
551549b73f7649c09361f1fe963d1ff05f9829a963fb3643f4dd2f830b962f70,2022-11,Wiltshire Police,Wiltshire Police,-2.175030,51.342329,On or near WHADDON LANE,E01032077,Wiltshire 030A,Unable to prosecute suspect
964cd18633e7e28f9eb352903b90f66da9ad03d591ba07a1129a73e64b7d9552,2022-11,Wiltshire Police,Wiltshire Police,-1.777362,51.556185,On or near HUNT STREET,E01032715,Swindon 019F,Unable to prosecute suspect
d5a712fe82c230c9135f02987ad188c69f11713f2501da94fb2a3e5996bdb02d,2022-11,Wiltshire Police,Wiltshire Police,-1.813426,51.583474,On or near Jubilee Road,E01015528,Swindon 006B,Investigation complete; no suspect identified
2a76b48a8f6a7d5d4023645ac35f217c977a6baac0b1a827fcb9e8298070f723,2022-11,Wiltshire Police,Wiltshire Police,-1.795690,51.344198,On or near Hare Street,E01031871,Wiltshire 024D,Investigation complete; no suspect identified
06261fedfd7725a120b700f8eb0b0172a389354499b9654120bec109f573197d,2022-11,Wiltshire Police,Wiltshire Police,-2.193059,51.263074,On or near Newfield Close,E01032118,Wiltshire 040D,Unable to prosecute suspect
9a1bbf0e0f3e29abf1dd82331f99ca53bab1ed40c0d20c20d640ac7c0f89f895,2022-11,Wiltshire Police,Wiltshire Police,-2.190976,51.254877,On or near Leigh Road,E01032695,Wiltshire 040H,Unable to prosecute suspect
1821adbe069ff7f8789f6cde220169017ef4942b4b43c711683a0769c0666374,2022-11,Wiltshire Police,Wiltshire Police,-1.995771,51.530824,On or near Sodom Lane,E01031893,Wiltshire 004C,Unable to prosecute suspect
e4ebaa3d9ee5834debd347507ddc36ff7dc96a6da821a0d6f793a39e2385f64f,2022-11,Wiltshire Police,Wiltshire Police,-1.799809,51.608106,On or near NOLAN CLOSE,E01015471,Swindon 028A,Unable to prosecute suspect
4cbb4796306eadf5412c0a603918f63d72b8e66eb94ee2b873ea2d94b3510c80,2022-11,Wiltshire Police,Wiltshire Police,-2.209996,51.321977,On or near Back Street,E01032086,Wiltshire 031B,Unable to prosecute suspect
34c54cd5c61c4795cb207727575e9c974909ae9619dd1a76f401133f42e732f4,2022-11,Wiltshire Police,Wiltshire Police,-1.770271,51.074726,On or near Pilgrims Court,E01032011,Wiltshire 057B,Unable to prosecute suspect
ef1e62c64271d5a68f6e7c37da47016e00a6889d53117e0424c0e214edb2b4d8,2022-11,Wiltshire Police,Wiltshire Police,-2.206861,51.320355,On or near Park Road,E01032086,Wiltshire 031B,Investigation complete; no suspect identified
d6fba022245640aee3b4a05dd5609bc2d196a85078aad626dbeadd349aa0ad2e,2022-11,Wiltshire Police,Wiltshire Police,-2.126064,51.427516,On or near Mons Lane,E01031942,Wiltshire 018E,Unable to prosecute suspect
96ad793fa06608db42b40e71323d40bd7d8b72a1694ac9cb96f6743bae29303f,2022-11,Wiltshire Police,Wiltshire Police,-2.005446,51.430983,On or near Silver Street,E01031900,Wiltshire 016A,Investigation complete; no suspect identified
577fc5b1bea64a63514cfc0af1a7407dea0fa8e69eb1ffaadcb49521043c4126,2022-11,Wiltshire Police,Wiltshire Police,-1.803347,51.070587,On or near DEW'S ROAD,E01032014,Wiltshire 056A,Unable to prosecute suspect
407e42dfbf83923fd17e1eb7b001a419e0f25c2f7e3703f12e26275f89e0d787,2022-11,Wiltshire Police,Wiltshire Police,-1.743561,51.191594,On or near Victoria Drive,E01031988,Wiltshire 045B,Unable to prosecute suspect
80fb796dc72378568e7c978f4f3f5f443257fe41ce144df37b387688ec49c528,2022-11,Wiltshire Police,Wiltshire Police,-1.779047,51.577552,On or near Firethorn Close,E01015508,Swindon 010A,Unable to prosecute suspect
2a8ae74b4f2dccc677441e134173c16646ed0a6effceba4321c69e8ab16b2b19,2022-11,Wiltshire Police,Wiltshire Police,-1.946353,51.135779,On or near The Wirr,E01032027,Wiltshire 054C,Investigation complete; no suspect identified
6d62c2d8e2b1e9e67d13ca045b01d89d61a91d9c098dcd5083f88589b3feec43,2022-11,Wiltshire Police,Wiltshire Police,-2.135861,51.466816,On or near Old Hardenhuish Lane,E01031907,Wiltshire 009A,Unable to prosecute suspect
5806500efaf9aba20fc4308b7e696a489d29e06ec6186b61db0ab59ac85628cd,2022-11,Wiltshire Police,Wiltshire Police,-2.232015,51.311604,On or near Waterford Beck,E01032096,Wiltshire 033A,Unable to prosecute suspect
89580abad39d102aec5064941748bc0c2bf773abb302db9ac403be74ecc976ff,2022-11,Wiltshire Police,Wiltshire Police,-1.808656,51.602312,On or near Claydon Road,E01032702,Swindon 027B,Unable to prosecute suspect
4d52ddfec3f043bdee70de603fd4af90c22e45b7f734f6b5c81277f118c5095f,2022-11,Wiltshire Police,Wiltshire Police,-1.645119,51.285410,On or near Cadley Road,E01031849,Wiltshire 029C,Investigation complete; no suspect identified
120d80f09127ba75952fad52407f27a6132c32e536b25a29ea77ec3b37ffd645,2022-11,Wiltshire Police,Wiltshire Police,-1.973699,51.432527,On or near Gloucester Road,E01031938,Wiltshire 013D,Investigation complete; no suspect identified
be476ce65bcd19e61f93e328477c66add80e7b7027bdbfb4b3a1c43c1063d129,2022-11,Wiltshire Police,Wiltshire Police,-1.752471,51.555353,On or near Axbridge Close,E01015540,Swindon 020C,Unable to prosecute suspect
880541001fb1e0df2b5f8ee0488154bb8ef74ed768cbf5fcadb795133dd1daa3,2022-11,Wiltshire Police,Wiltshire Police,-1.559546,51.363187,On or near Carvers Hill,E01031877,Wiltshire 029D,Unable to prosecute suspect
97c78427931b5c9382ba70b4fa783fc1891e168d61b8831d65ebd094bf5ecca5,2022-11,Wiltshire Police,Wiltshire Police,-1.800230,51.590951,On or near CALDER CLOSE,E01015514,Swindon 004B,Unable to prosecute suspect
0b120af9d62686dc53ded6d2a2e8942f0e5dc354263b9758d5b18b14baff5022,2022-11,Wiltshire Police,Wiltshire Police,-1.672101,51.352460,On or near Well Meadow,E01031847,Wiltshire 029B,Investigation complete; no suspect identified
60dbba2e34b3fb54f59f58b0de63555f6af4ebdf2761d167910538c32161f60b,2022-11,Wiltshire Police,Wiltshire Police,-2.101847,51.448913,On or near Danes Close,E01031923,Wiltshire 014D,Investigation complete; no suspect identified
efb98e64b2849ab28e55933d6f8a9d0b4cae688a3d5ec66a373a6f2018c55c45,2022-11,Wiltshire Police,Wiltshire Police,-1.752320,51.569928,On or near A4312,E01015550,Swindon 009B,Investigation complete; no suspect identified
7fe722b189b99d60d8d0bff565cd8bcba2bd5b8ab26955f837a84728677dc7e2,2022-11,Wiltshire Police,Wiltshire Police,-1.999908,51.445711,On or near William Street,E01031895,Wiltshire 015A,Unable to prosecute suspect
52bf82ca7861c174fd6d631cc0f27f00a13e9cfcda8f79f74f771d9fbac15406,2022-11,Wiltshire Police,Wiltshire Police,-1.735918,51.541929,On or near Stowell Road,E01015583,Swindon 025A,Unable to prosecute suspect
d44d6ac566e9a28a6bffb0a9a928bce998ee830d4594dc944e6d9c1914f373c1,2022-11,Wiltshire Police,Wiltshire Police,-1.993621,51.435542,On or near Purbeck Place,E01031902,Wiltshire 016C,Unable to prosecute suspect
2a187d86026880e1111e12599ffd576907b3980769aba29e8766f5ed9cd2f444,2022-11,Wiltshire Police,Wiltshire Police,-1.733819,51.572936,On or near Capitol Close,E01015483,Swindon 013C,Unable to prosecute suspect
7ec44f2cf466b5a97cabba39b5bed71df62e61946c31437231051e3a8cccf161,2022-11,Wiltshire Police,Wiltshire Police,-1.777728,51.569808,On or near HANDEL STREET,E01015510,Swindon 010C,Suspect charged
e395adc3b6aa8c7e99f5a77d1b0fe1b13fb0939e21d7f1b05b78531a54f83186,2022-11,Wiltshire Police,Wiltshire Police,-2.197067,51.295294,On or near ,E01032052,Wiltshire 039A,Investigation complete; no suspect identified
46b98c7f6c9cf16defbd6db199666c1a29d13bbfdd2d301bbf68c7b37feb520f,2022-11,Wiltshire Police,Wiltshire Police,-1.708699,51.635968,On or near VORDA ROAD,E01015519,Swindon 001A,Offender given a caution
ebae248f905899d0fe5907185c1f8bbdedb8693e6c123264abbdb77a6908baef,2022-11,Wiltshire Police,Wiltshire Police,-2.248579,51.347573,On or near Mill Lane,E01032050,Wiltshire 027F,Investigation complete; no suspect identified
cc84bbbecf3bdcfe567bb0113f3383fb8cc6e5ec3d1c66cbbedec1e09d926ca3,2022-11,Wiltshire Police,Wiltshire Police,-2.138161,51.375342,On or near ,E01032062,Wiltshire 022A,Investigation complete; no suspect identified
b42181c4a468ce1e4c10238f1048a173c1dd83cd311ade979162e384de8706c2,2022-11,Wiltshire Police,Wiltshire Police,-1.718690,51.637260,On or near KILDA ROAD,E01015521,Swindon 001C,Unable to prosecute suspect
c9cdc0fd4cd055791ffad6492c10fd25a3aefd632f806daf6fa311ad2232958d,2022-11,Wiltshire Police,Wiltshire Police,-1.791283,51.055486,On or near Ancient Way,E01032005,Wiltshire 059A,Investigation complete; no suspect identified
3a9da1d550a9528506d50f4bc099447cc8b82ff9ba99f16c85e0c6be7c0caf3b,2022-11,Wiltshire Police,Wiltshire Police,-2.148070,51.280512,On or near Capps Lane,E01032056,Wiltshire 039D,Investigation complete; no suspect identified
b8868ad33a3dd0a1a21e941fe689d9615ffe4975833c2a9b07a3504136ee584e,2022-11,Wiltshire Police,Wiltshire Police,-1.775963,51.561964,On or near Newcastle Street,E01015493,Swindon 017B,Unable to prosecute suspect
db367d9e96e02e3117f37b73dcc3e4076fd68b462671cf22587cbbbef240fc3a,2022-11,Wiltshire Police,Wiltshire Police,-2.177632,51.320898,On or near Hutton Close,E01032084,Wiltshire 037C,Unable to prosecute suspect
47d2125ecfbdcb6ea4380a758147ff097dedff96c916abf48eb2b7ddd1acd4b7,2022-11,Wiltshire Police,Wiltshire Police,-1.784240,51.596282,On or near Amesbury Close,E01015545,Swindon 003C,Unable to prosecute suspect
806ea718b71a24531159083395d6bcd8b59e44f45d0ec10e85b479fbc2fdc760,2022-11,Wiltshire Police,Wiltshire Police,-1.746833,51.557571,On or near Fareham Close,E01015537,Swindon 020A,Investigation complete; no suspect identified
6e23e75cd453294ae209d83142d8af7fdf70db62d515389330583bd296618bd8,2022-11,Wiltshire Police,Wiltshire Police,-1.784788,51.562772,On or near ,E01015476,Swindon 015B,Investigation complete; no suspect identified
489c65bf11d7068bdb6499ad891ebc8d85acd18852a380fb6530f747521fd424,2022-11,Wiltshire Police,Wiltshire Police,-1.804876,51.567833,On or near Mannington Park,E01015578,Swindon 012B,Investigation complete; no suspect identified
c16e4f2110d7011d9b24fe9630649dfdf3616a66dc1df8a346fea942f6432da7,2022-11,Wiltshire Police,Wiltshire Police,-2.190937,51.169364,On or near Church Street,E01032082,Wiltshire 047E,Unable to prosecute suspect
77565a852837b1fc930a2a4b4981e28cae698df0a48ed516482b4308d1537d5d,2022-11,Wiltshire Police,Wiltshire Police,-2.174676,51.268175,On or near Coach Road,E01032121,Wiltshire 039E,Unable to prosecute suspect
2f4718cd0a14176c2669d9d1d17ab4e1a2939bc2f3a12e7b75055bbce010e38a,2022-11,Wiltshire Police,Wiltshire Police,-1.795554,51.070447,On or near Chipper Lane,E01032014,Wiltshire 056A,Investigation complete; no suspect identified
ffd46e12466b2f33c3f0348857f46cd1d2b73acc02c40c8d6f7778f33ea3edd9,2022-11,Wiltshire Police,Wiltshire Police,-1.782903,51.592044,On or near Durrington Walk,E01015546,Swindon 003D,Unable to prosecute suspect
33e6e7031f185452ce6bf8ba0f9feb9a2c3e335b6a82107518ec2642c9578320,2022-11,Wiltshire Police,Wiltshire Police,-1.764842,51.589807,On or near ,E01015559,Swindon 005E,Investigation complete; no suspect identified
576d1420233fe5225152e91f5c82d2a31cc1b4a753561b948377db4ec8fa4bd2,2022-11,Wiltshire Police,Wiltshire Police,-1.733233,51.555777,On or near ,E01015491,Swindon 023E,Unable to prosecute suspect
8baa2932218756b58229e5fe6d7fa9d0ae0d98bf11a5749f55ab3c89740009d6,2022-11,Wiltshire Police,Wiltshire Police,-2.008009,51.444758,On or near North Cote,E01032691,Wiltshire 015G,Investigation complete; no suspect identified
7b344c42b742f781cd209056e8dd68dc13adf5403fb29dd2fac93763e287d3f6,2022-11,Wiltshire Police,Wiltshire Police,-1.793215,51.556026,On or near Radnor Street,E01015494,Swindon 019A,Investigation complete; no suspect identified
34fc508cfa9de75a87f29fa67e2b4aba8d24320671469e999b8cbf713e13d3cb,2022-11,Wiltshire Police,Wiltshire Police,-2.271678,51.405041,On or near Lower Kingsdown Road,E01031888,Wiltshire 017A,Investigation complete; no suspect identified
4040c614d4c6916d332b01691181652f84f002be722d9eed7dd8f088ac0f313f,2022-11,Wiltshire Police,Wiltshire Police,-2.206993,51.319504,On or near ,E01032101,Wiltshire 032C,Investigation complete; no suspect identified
53752ee0fc9bf572e7b9b3b6fe3431cc8f9d92377793b78c23bfa140ff21836b,2022-11,Wiltshire Police,Wiltshire Police,-1.772515,51.196455,On or near PADDOCK WOOD,E01031996,Wiltshire 046B,Unable to prosecute suspect
0d982572c26c3d9f6ee3197f05210dcd7f40a21fbd6733f1ad10be7d3d669ebb,2022-11,Wiltshire Police,Wiltshire Police,-1.829747,51.603262,On or near Ursa Way,E01032709,Swindon 026E,Unable to prosecute suspect
15007b0537a0bfe6f02e5ae5d5bea2d4bb7997e2c108c7c4b12a9a906ec0958f,2022-11,Wiltshire Police,Wiltshire Police,-1.801383,51.075952,On or near ,E01032024,Wiltshire 055D,Investigation complete; no suspect identified
7d0c1903a3d6f4cb69f00ad18e5c7fd1568be8a34708de442105c83852f8c18f,2022-11,Wiltshire Police,Wiltshire Police,-1.948734,51.374154,On or near Oak Close,E01031844,Wiltshire 034A,Unable to prosecute suspect
38ff1e6056964ec1787f5a6b1f3db09500aa971b003011028653540dc6fdbfcb,2022-11,Wiltshire Police,Wiltshire Police,-1.992828,51.352333,On or near Maryport Street,E01031854,Wiltshire 026B,Investigation complete; no suspect identified
488171f7d822f76169878ceca0a71fff1f9bd85736ad862deab89007fb4f68db,2022-11,Wiltshire Police,Wiltshire Police,-1.782085,51.521532,On or near Brimble Hill,E01015583,Swindon 025A,Investigation complete; no suspect identified
4c56487f1b61d729527fb3f6e774530e694e22a3439b89219d3e0d48397b2ba1,2022-11,Wiltshire Police,Wiltshire Police,-1.902867,51.541439,On or near Tanners Close,E01031967,Wiltshire 006C,Unable to prosecute suspect
5c6e1def29cd2118729dbff6472a81d6ba904f3427ca95f1b257043cde52b62d,2022-11,Wiltshire Police,Wiltshire Police,-1.611226,51.444429,On or near Knowledge Hill,E01031874,Wiltshire 012D,Unable to prosecute suspect
8d88a0c19bfcb28dd83dd4cd0601630fdfe471f86e3965fb17654a42b160f107,2022-11,Wiltshire Police,Wiltshire Police,-1.989175,51.439246,On or near James Avenue,E01031938,Wiltshire 013D,Unable to prosecute suspect
be0863b418e0c472d907c701a346a50c3c5a2e05a9173f9d32d94cd161ae2daf,2022-11,Wiltshire Police,Wiltshire Police,-1.738709,51.543068,On or near Boyton Close,E01015583,Swindon 025A,Investigation complete; no suspect identified
911876739a01e55c1b678ab286a27098bfa1269f7bf864cf33245c46ba9be4df,2022-11,Wiltshire Police,Wiltshire Police,-2.203914,51.316053,On or near Bridge Street,E01032094,Wiltshire 035C,Unable to prosecute suspect
95fe78c0caa01c7ee18f5d0077a859429cb5669b0aa3b0ec28db4d33314ffdd1,2022-11,Wiltshire Police,Wiltshire Police,-1.786473,51.594245,On or near Allington Road,E01015545,Swindon 003C,Unable to prosecute suspect
59c3c0484c667f052a4e60f1ba051bb89bb0de3eb0fe466a14e2260f232ea710,2022-11,Wiltshire Police,Wiltshire Police,-2.125107,51.356052,On or near MALLARD CLOSE,E01032071,Wiltshire 021E,Unable to prosecute suspect
63f763f6809fac6ddec54780068b850f60687c7733418e97c440a73f40e8137c,2022-11,Wiltshire Police,Wiltshire Police,-1.788725,51.100199,On or near LAFRANC CLOSE,E01032011,Wiltshire 057B,Unable to prosecute suspect
b9414e730ab4dc4bf6406746a30fd8d1bcec1986d78ef920c7ca07d57b711c23,2022-11,Wiltshire Police,Wiltshire Police,-1.770855,51.567797,On or near ,E01015479,Swindon 017A,Unable to prosecute suspect
b4ede3005f93aa392fc85fe84c41553065d8fa0431ed28e552b69f7a633af44d,2022-11,Wiltshire Police,Wiltshire Police,-2.008009,51.444758,On or near North Cote,E01032691,Wiltshire 015G,Unable to prosecute suspect
a76f128bb58524b61483e2b163aa4bb0eb7efa6e737205e1173eb852b800773a,2022-11,Wiltshire Police,Wiltshire Police,-2.187969,51.336114,On or near NEWLEAZE,E01032079,Wiltshire 030C,Unable to prosecute suspect
6463e9a9e43f75bb84bf1f76e2602b6bc81888903d1aa4e15df6f9edccde8832,2022-11,Wiltshire Police,Wiltshire Police,-2.117047,51.456074,On or near Westmead Lane,E01031912,Wiltshire 011B,Investigation complete; no suspect identified
e814f6157d212d9e47cb38d27c85f508d2787bf32e4110703c5e5602d40313b3,2022-11,Wiltshire Police,Wiltshire Police,-1.784331,51.564767,On or near Wellington Street,E01015476,Swindon 015B,Investigation complete; no suspect identified
51909755f8beb7ad4810089c1384f3f4735cd29b31f96c1c74254b4b919c5587,2022-11,Wiltshire Police,Wiltshire Police,-2.130006,51.372231,On or near Queensway,E01032066,Wiltshire 022B,Unable to prosecute suspect
f64f2de8472d46b16f5692e75afe272701a3abd5fadf43f474022e2c6692cfa8,2022-11,Wiltshire Police,Wiltshire Police,-1.802735,51.585947,On or near Arun Road,E01015516,Swindon 004D,Unable to prosecute suspect
e6c33261abb3d097b789428c841f2e7f47a7f3b73cbcd9196c285a594c28019a,2022-11,Wiltshire Police,Wiltshire Police,-1.966409,51.506732,On or near CHURCH END CLOSE,E01032699,Wiltshire 007I,Unable to prosecute suspect
c7d4f5ec94b47c28777b77d1b39b3ec39c5e261c3a6fd96fbe3bdc09a8a67b16,2022-11,Wiltshire Police,Wiltshire Police,-1.781092,51.599531,On or near Haywain Close,E01015472,Swindon 028B,Investigation complete; no suspect identified
119c7d54f415b0f855a97860ee1ee2d27154fdf1b31ecc6fb40e93ada321f17f,2022-11,Wiltshire Police,Wiltshire Police,-1.772397,51.197192,On or near New Road,E01031996,Wiltshire 046B,Unable to prosecute suspect
ed515fdc2cded7040dedeb998368df68257e0e3aea8013c578a7d25b425d08be,2022-11,Wiltshire Police,Wiltshire Police,-1.788781,51.560289,On or near Farnsby Street,E01015476,Swindon 015B,Unable to prosecute suspect
023ff3670ee25b8bb3ce8e9572fc602b963f7e7888aeef70ccc51a8efbc3ea88,2022-11,Wiltshire Police,Wiltshire Police,-2.113385,51.459062,On or near Emery Lane,E01031912,Wiltshire 011B,Investigation complete; no suspect identified
9e07d010c39479e7b0c1bb29bea686b1e513b9c333dd483807645db99c971cba,2022-11,Wiltshire Police,Wiltshire Police,-2.232163,51.309635,On or near Cavendish Drive,E01032096,Wiltshire 033A,Investigation complete; no suspect identified
39acb45ec7af1f3e528180851f85673f550062346f2566297060938e167be9e4,2022-11,Wiltshire Police,Wiltshire Police,-1.784788,51.562772,On or near ,E01015476,Swindon 015B,Investigation complete; no suspect identified
d4d55f57348069bae18fa13e61ee63dc0f46ae732e00e8651d05ad670e2592d7,2022-11,Wiltshire Police,Wiltshire Police,-1.809907,51.071649,On or near ,E01032003,Wiltshire 055C,Unable to prosecute suspect
7c55900d98382379d5d7ce6e5a9c9b63ed89059dc67820559802c722e9e62a00,2022-11,Wiltshire Police,Wiltshire Police,-1.822451,51.585907,On or near PURTON ROAD,E01015525,Swindon 026A,Unable to prosecute suspect
a26234d1faa61a0b5e80c480e17347e660ee2980648a5276164f49919a057b2f,2022-11,Wiltshire Police,Wiltshire Police,-1.757498,51.559338,On or near SHREWSBURY ROAD,E01015573,Swindon 016C,Unable to prosecute suspect
5dfa6ec7bd3c43303331f53e05998ade4a969ac8c205b92d188dc607b14abec2,2022-11,Wiltshire Police,Wiltshire Police,-2.213940,51.432181,On or near Sandown Crescent,E01031889,Wiltshire 017B,Investigation complete; no suspect identified
245a52edcf5bc95b9585dc4b97b2319f6bc5331520483e70ed545d79c0ca1000,2022-11,Wiltshire Police,Wiltshire Police,-1.813460,51.599658,On or near Artus Close,E01032701,Swindon 027A,Investigation complete; no suspect identified
6440452e87145a25f500802b8d9ccf00977ecf06c8f64ab5425919634da6a809,2022-11,Wiltshire Police,Wiltshire Police,-1.836981,51.550709,On or near Cottington Close,E01015503,Swindon 022C,Unable to prosecute suspect
d875aab46d6649c572d30c42d786cd15e8ada7ef80260025d74ebe3813dbc923,2022-11,Wiltshire Police,Wiltshire Police,-1.777984,51.558857,On or near LINCOLN STREET,E01032714,Swindon 019E,Unable to prosecute suspect
f1b18c9ab8e17c7e1c3f56f69983283e63eec4aeeaaef7f7fe9d74fa2f67313d,2022-11,Wiltshire Police,Wiltshire Police,-1.810106,51.075489,On or near Russell Road,E01032003,Wiltshire 055C,Unable to prosecute suspect
f04bfb70ff0a2390e99f7b33d562dce9fdeaf84ea991d41e983298d50ba561e0,2022-11,Wiltshire Police,Wiltshire Police,-1.796845,51.579661,On or near Holly Close,E01015527,Swindon 007C,Unable to prosecute suspect
00fa84415184cb102dc78b4d9909a58b15946ad2205c4a543af50d4e0934f13b,2022-11,Wiltshire Police,Wiltshire Police,-1.899975,51.544653,On or near ,E01031963,Wiltshire 006A,Investigation complete; no suspect identified
95efdd3106b6247b9b635843f4be4edc65eced0f3676e07b87520bf928fc3edc,2022-11,Wiltshire Police,Wiltshire Police,-2.252358,51.345380,On or near Station Approach,E01032050,Wiltshire 027F,Investigation complete; no suspect identified
8c0090c4b24a402f19a2f98161ed2ddec0cb54a50c8914698b55408327c29e89,2022-11,Wiltshire Police,Wiltshire Police,-1.787812,51.557760,On or near Deacon Street,E01015494,Swindon 019A,Investigation complete; no suspect identified
0f887af26e5b5cf01d5ff69ab6c29dc44ab47c20e316d70baf248eb7fc84aeed,2022-11,Wiltshire Police,Wiltshire Police,-1.765545,51.165455,On or near Diddledown Road,E01031976,Wiltshire 048C,Unable to prosecute suspect
6b37f6606c32cb1929d1c80391367d183b4d36653d96309c5e449c6e284a9ec9,2022-11,Wiltshire Police,Wiltshire Police,-2.000381,51.347253,On or near ADLAM CLOSE,E01031856,Wiltshire 026D,Unable to prosecute suspect
89a952750a3267f64de223b850c6e524d8dd182e550f5c225d2440e6a69892f2,2022-11,Wiltshire Police,Wiltshire Police,-2.181234,51.204421,On or near ,E01032103,Wiltshire 044A,Investigation complete; no suspect identified
aeb9892ef03a4712cbb95893f6bcbb96d40e53194f82eb94388cf506d54f4618,2022-11,Wiltshire Police,Wiltshire Police,-1.773204,51.172610,On or near Antrobus Road,E01031974,Wiltshire 048A,Action to be taken by another organisation
dbd5fa42982d731564d594c696861f277045796f9c9d7e7b46f3cf3c1d0360df,2022-11,Wiltshire Police,Wiltshire Police,-1.790676,51.521431,On or near Manor Close,E01015585,Swindon 025C,Unable to prosecute suspect
0bb846eae46f2fe27431570c8931d2b4fbca9e910bac77fb412c1e30d64f0639,2022-11,Wiltshire Police,Wiltshire Police,-1.783730,51.554705,On or near Pembroke Street,E01015496,Swindon 019C,Unable to prosecute suspect
d9ddaed7821f7d822d8998a4aa2df7faad4b6e34712a1dcf6370aa9488dfbb69,2022-11,Wiltshire Police,Wiltshire Police,-2.180219,51.204710,On or near Market Place,E01032103,Wiltshire 044A,Unable to prosecute suspect
8912c87b7b2c846067f072c24c82dbe95e915756026efbcca0cb82c60216d438,2022-11,Wiltshire Police,Wiltshire Police,-2.251913,51.337504,On or near Spencers Orchard,E01032049,Wiltshire 027E,Unable to prosecute suspect
d57e11dc90788cc58fd41f9043ce4b2961772e5dccf080cb67c75632f5c925ea,2022-11,Wiltshire Police,Wiltshire Police,-2.143639,51.358359,On or near Semington Road,E01032070,Wiltshire 021D,Investigation complete; no suspect identified
386f7b5255caff5df826b0f4d5fc71fc9399bcbbe9f09974ed911be8bcfe0901,2022-11,Wiltshire Police,Wiltshire Police,-1.994498,51.445657,On or near The Kilns,E01031895,Wiltshire 015A,Investigation complete; no suspect identified
4940ce3e6e53c1204f43d19a8290f9d30a314454692a3ccbb4995eabfc3c0e86,2022-11,Wiltshire Police,Wiltshire Police,-1.619853,51.485090,On or near Cook Road,E01031841,Wiltshire 012A,Investigation complete; no suspect identified
be79c18c0c55e4673c34f414bba2892f05203bbaf00524f29acc2fa09f16976e,2022-11,Wiltshire Police,Wiltshire Police,-1.806005,51.553575,On or near Redbridge Close,E01015478,Swindon 021A,Unable to prosecute suspect
f59170864b6799c2b65b4185a8cce8767d51e64868fedbf64393a569daaeacb0,2022-11,Wiltshire Police,Wiltshire Police,-1.782979,51.083050,On or near BURGESS GREEN,E01031986,Wiltshire 051C,Unable to prosecute suspect
a017b5e020d972869a773b1b3d91df99aec6bad5528528b5b43754a3163252bd,2022-11,Wiltshire Police,Wiltshire Police,-2.035938,51.153940,On or near Malmpit Hill,E01032075,Wiltshire 047B,Investigation complete; no suspect identified
c024bb241067ea616f5d8f51d2713dd103e278dc0ed8a4c5f8763eb158050cac,2022-11,Wiltshire Police,Wiltshire Police,-1.737499,51.565337,On or near Pentridge Close,E01015484,Swindon 013D,Unable to prosecute suspect
c59a43b9dc2f70ee19a1311269782b8daf5187d769c4d865e02f5228451aad98,2022-11,Wiltshire Police,Wiltshire Police,-1.774559,51.565837,On or near County Road,E01015475,Swindon 015A,Investigation complete; no suspect identified
4fbe18ef64f90c15bfeca24afbd3c49aa0f63d06c8aae1c8002540b897fd1cf7,2022-11,Wiltshire Police,Wiltshire Police,-1.992283,51.352450,On or near Monday Market Street,E01031854,Wiltshire 026B,Suspect charged
d1b7154d49dcb27afd5c864c8811914da823689bb8e46251f740b53091d6245f,2022-11,Wiltshire Police,Wiltshire Police,-1.810567,51.597622,On or near Mazurek Way,E01032710,Swindon 028E,Unable to prosecute suspect
cb59292d3a8c88c48ad980f8849e8c9e611f9dfca3a0099a60e9adfe964906ab,2022-11,Wiltshire Police,Wiltshire Police,-1.803525,51.082447,On or near Hudson Road,E01032019,Wiltshire 053B,Unable to prosecute suspect
d2e830b0f8834761f12715913720ed21f776b35249517a42af8708a591be2505,2022-11,Wiltshire Police,Wiltshire Police,-1.781188,51.603541,On or near A4311,E01015472,Swindon 028B,Further action is not in the public interest
c516fea13b7969cf0a42183bebc6326c1df79be6b3192c7fc294bf261ef729e6,2022-11,Wiltshire Police,Wiltshire Police,-2.203554,51.309328,On or near Marden Walk,E01032095,Wiltshire 035D,Unable to prosecute suspect
c3be555681133ef94e8578141281758f3ac77da397e0e5f905966dbfa73a9234,2022-11,Wiltshire Police,Wiltshire Police,-1.785302,51.560868,On or near ,E01015494,Swindon 019A,Unable to prosecute suspect
74f5734463accd24cfdb11f4f2ce18568a070fbb179874ceacc42541efae1e6b,2022-11,Wiltshire Police,Wiltshire Police,-1.771881,51.561839,On or near ,E01015493,Swindon 017B,Investigation complete; no suspect identified
f020e9e24ae9cfd6bca4f702547169896d62e9591bfec3cf5a29e187445c22ea,2022-11,Wiltshire Police,Wiltshire Police,-1.757462,51.590484,On or near Sanders Close,E01015557,Swindon 005C,Unable to prosecute suspect
d1beb4e107c1aa9aae03ec6af84919a8e764bb8b433ab3ceee02783bb809a53c,2022-11,Wiltshire Police,Wiltshire Police,-1.844715,51.562345,On or near Wilmot Close,E01015504,Swindon 018C,Unable to prosecute suspect
f2e86ead96d47f66dd829de6f4e80e4b4510cfdd95e74d10a2fac6c9c346ea21,2022-11,Wiltshire Police,Wiltshire Police,-1.788211,51.561843,On or near Catherine Street,E01015476,Swindon 015B,Unable to prosecute suspect
2c8d2f9ff4911b4c630e749c4bece80f8f2a6e733c40064e99fb8cec08480f8c,2022-11,Wiltshire Police,Wiltshire Police,-1.820656,51.613049,On or near Image Road,E01015474,Swindon 008B,Suspect charged
8051ce70013bcbbdabcc83e233397b9ebeed7f8e2d9ee5fc2575881b6149cc1b,2022-11,Wiltshire Police,Wiltshire Police,-1.778825,51.082808,On or near Seth Ward Drive,E01031986,Wiltshire 051C,Investigation complete; no suspect identified
b5759e6f5cf1168d0f4902f7b48e2f00f85d1684428b36782d429f75e1911597,2022-11,Wiltshire Police,Wiltshire Police,-1.763789,51.567380,On or near Eddleston Road,E01015479,Swindon 017A,Investigation complete; no suspect identified
f47d90162ff93f703e4f9f769b49b79c322a4f612d48ca53e79eb37e3bc6927e,2022-11,Wiltshire Police,Wiltshire Police,-1.715767,51.633414,On or near Rivers Way,E01015519,Swindon 001A,Investigation complete; no suspect identified
0fae6127f9155c9c3e3c7e09724ce611e30a1f6fa019f0ef9f3a1c0c3437a38f,2022-11,Wiltshire Police,Wiltshire Police,-1.789823,51.043946,On or near ,E01032000,Wiltshire 057A,Investigation complete; no suspect identified
885fa940c8a7005ef972c48c3e95173f215cd681b27789e76f256b6c072d86d8,2022-11,Wiltshire Police,Wiltshire Police,-1.776541,51.553028,On or near Albert Street,E01032715,Swindon 019F,Offender given a caution
e157ae3c0bd61160e248ae5e206b44855771877017ad6bc167c157daef4c8436,2022-11,Wiltshire Police,Wiltshire Police,-1.790333,51.066724,On or near Barnard Street,E01032023,Wiltshire 059D,Suspect charged
b115cf40ac50c144ce4f7704139336eec4481bd2de5f93000e1283a386fe1ec9,2022-11,Wiltshire Police,Wiltshire Police,-1.809356,51.070426,On or near CHURCHFIELDS ROAD,E01032003,Wiltshire 055C,Unable to prosecute suspect
cb1dea2592f3e6fc8ab68a39adc6ddf3e7b0ea8c67fd036734237792045a7a35,2022-11,Wiltshire Police,Wiltshire Police,-2.202589,51.321442,On or near Yerbury Street,E01032101,Wiltshire 032C,Unable to prosecute suspect
b57cee1e39842a19c8c2e30e048652f9ca6765180abc830c383124eed0c4fe63,2022-11,Wiltshire Police,Wiltshire Police,-2.138813,51.396103,On or near Chapel Lane,E01032071,Wiltshire 021E,Unable to prosecute suspect
acdfa6f2dc15e3921dffa7e867c2c77dc2ae6dc521141e999f292b0958f90b97,2022-11,Wiltshire Police,Wiltshire Police,-1.894747,51.548329,On or near Swinburne Place,E01031965,Wiltshire 007F,Unable to prosecute suspect
6b2e5b425cc015dcd78837a61d6a9de23f2fe8978044bedae5eb1a7bf1ba180c,2022-11,Wiltshire Police,Wiltshire Police,-2.209886,51.322967,On or near ,E01032086,Wiltshire 031B,Suspect charged
7d61f63bb81dc4d2e9fba7da78738cafe73e8284dad41b4f5919312b8038d143,2022-11,Wiltshire Police,Wiltshire Police,-2.005159,51.440244,On or near Wood Street,E01031898,Wiltshire 015D,Investigation complete; no suspect identified
542610c3213d3466860b19381ad556ab488c57b054a735f85e198c1a3b8e9206,2022-11,Wiltshire Police,Wiltshire Police,-1.777362,51.556185,On or near HUNT STREET,E01032715,Swindon 019F,Unable to prosecute suspect
58897bb36caef04ee5a0f04079cc873f48b65d5dabe1ba54075f268dc8d5d2b0,2022-11,Wiltshire Police,Wiltshire Police,-2.162847,51.509419,On or near ,E01031940,Wiltshire 008B,Investigation complete; no suspect identified
4924e584c6bfed78a6f778ed9c58c861dece6f5417520da4b806ea99c1ff5282,2022-11,Wiltshire Police,Wiltshire Police,-1.789182,51.068898,On or near HILL VIEW ROAD,E01032022,Wiltshire 058C,Unable to prosecute suspect
467f871fb3c249076c64d59850c1c8cb6fb17afe749097633336e7d265afec4f,2022-11,Wiltshire Police,Wiltshire Police,-2.118597,51.459992,On or near Foghamshire,E01031912,Wiltshire 011B,Unable to prosecute suspect
73e745f0fdd61b07305d8f3be5d5d5878a0cc053cd1bc8bf580810a92cd2921b,2022-11,Wiltshire Police,Wiltshire Police,-1.715289,51.631291,On or near STAPLETON CLOSE,E01015519,Swindon 001A,Unable to prosecute suspect
5a9d8ed35cd1c2b2e80a3017c2ef24fc276e64cf99d8e3a5e9b1603629d83c40,2022-11,Wiltshire Police,Wiltshire Police,-1.765436,51.566925,On or near Selwood Close,E01015479,Swindon 017A,Unable to prosecute suspect
af0973f1d1176036744c38ce3c3ee1cef033bc1ca012b4b85230ef89c3552b15,2022-11,Wiltshire Police,Wiltshire Police,-1.791740,51.597869,On or near Stewart Close,E01015472,Swindon 028B,Investigation complete; no suspect identified
171f80ec3fd1a47ac7c0b6cb5151218dbb3fda6ecc6b93f7acedfeb03cf9c412,2022-11,Wiltshire Police,Wiltshire Police,-1.999678,51.356334,On or near Waiblingen Way,E01031854,Wiltshire 026B,Unable to prosecute suspect
80baf461bb34cc41a9a6bb2ce18a59009fe4ec0511301977ea5f313e40bae82b,2022-11,Wiltshire Police,Wiltshire Police,-1.970735,51.364720,On or near ,E01031844,Wiltshire 034A,Investigation complete; no suspect identified
ae483d57578763fdfdf9c0319f99f77c9fc104a82821934964de81f57e7bb41f,2022-11,Wiltshire Police,Wiltshire Police,-1.733193,51.541896,On or near Landford Crescent,E01015583,Swindon 025A,Investigation complete; no suspect identified
a543b53a18610bec55aa7b70daf9e2c42d11557416f9e59da80e750a7c30c87c,2022-11,Wiltshire Police,Wiltshire Police,-1.767653,51.565050,On or near Marsh Farm Lane,E01015479,Swindon 017A,Investigation complete; no suspect identified
830966b512069158cd916f314d9c3eda71e2ad69b029f65ea4d0a20559447773,2022-11,Wiltshire Police,Wiltshire Police,-1.798509,51.552600,On or near Valleyside,E01015498,Swindon 021B,Investigation complete; no suspect identified
4d9a3da55aa625d7b1b46738904cb2742ddf0598f92a1a9d9a93b1a891697c8a,2022-11,Wiltshire Police,Wiltshire Police,-2.118666,51.464155,On or near Parkside,E01031920,Wiltshire 009F,Investigation complete; no suspect identified
43bdf72f3a07a6bd27837513bafe13e10ab82a196a7b56c26bb5565378cfd691,2022-11,Wiltshire Police,Wiltshire Police,-1.798818,51.554471,On or near ,E01015498,Swindon 021B,Investigation complete; no suspect identified
215a81cb186b554e7a66cbff5f247af8ae3daa5e13dbfe9fabc3b8ae180de356,2022-11,Wiltshire Police,Wiltshire Police,-1.990861,51.352944,On or near GAINS LANE,E01031854,Wiltshire 026B,Unable to prosecute suspect
7880f246629ed3264cbe19920276572cd86482c8a09ae114a6f47c4ae6bcc44a,2022-11,Wiltshire Police,Wiltshire Police,-1.733817,51.553550,On or near KENNEDY DRIVE,E01015491,Swindon 023E,Suspect charged
ed6830715df4f9a087789cdfe50b104dda1bfb196e201d3beb4c11f700310236,2022-11,Wiltshire Police,Wiltshire Police,-2.144015,51.381926,On or near FOUNDRY CLOSE,E01032063,Wiltshire 020A,Offender given a caution
2040fa73db4b21a8f0fcd6bfc535d820cb6173604deb2ef90a0e12053b4dc94c,2022-11,Wiltshire Police,Wiltshire Police,-1.763168,51.163292,On or near POUNCETTE CLOSE,E01031976,Wiltshire 048C,Suspect charged
2b8e9bec109a1fbf93ace0675048ed84f276862e95aa894c0ad4cfc944af2ba8,2022-11,Wiltshire Police,Wiltshire Police,-2.200444,51.313254,On or near HEWITT CLOSE,E01032093,Wiltshire 035B,Suspect charged
96f1ff938588df38ff0a49f0f552dac116be6a599fbfbdaf7867cd902cc349c6,2022-11,Wiltshire Police,Wiltshire Police,-1.817347,51.555787,On or near MANNINGTON LANE,E01015568,Swindon 014D,Unable to prosecute suspect
72499c6ea7bba05420db882dea1f140d6182d36dd52d12b42461a56869068ede,2022-11,Wiltshire Police,Wiltshire Police,-2.214991,51.312976,On or near Centenary Court,E01032094,Wiltshire 035C,Suspect charged
390513abbbaf63c7ff9494c0e61fc29b8cad5df82c047ecf24399552fa8052dd,2022-11,Wiltshire Police,Wiltshire Police,-1.783767,51.562051,On or near Supermarket,E01032714,Swindon 019E,Suspect charged
8a6e27c5284e17f047a1987f12f8c7c068bc23a52adce2e8b4c8d0dd06727738,2022-11,Wiltshire Police,Wiltshire Police,-1.784788,51.562772,On or near ,E01015476,Swindon 015B,Suspect charged
ced42b81dc6bf645a8e64cadfa3a442d0b9dbc211d54c22de51d770e3db172b2,2022-11,Wiltshire Police,Wiltshire Police,-1.797541,51.562706,On or near ,E01032716,Swindon 012G,Suspect charged
e1ca7b94d94fc6f37ef9bca693da5d4a2761e2b37797364c6326bb82255a2eb3,2022-11,Wiltshire Police,Wiltshire Police,-1.785866,51.560508,On or near ,E01015494,Swindon 019A,Suspect charged
01d3642c53d4aa39251c93dc6ec492579e5166af376a05160ab1058c4df41f05,2022-11,Wiltshire Police,Wiltshire Police,-2.112972,51.455367,On or near Parking Area,E01031917,Wiltshire 011D,Offender given a caution
830a85fe32690591b9d1356474c3665cc9472a439f487f0e0f536e1d3fd9bd65,2022-11,Wiltshire Police,Wiltshire Police,-1.793285,51.070524,On or near Rollestone Street,E01032014,Wiltshire 056A,Unable to prosecute suspect
f5180200dbc4751d587bf075d496d560f728773a1c35d12d3551f2042bdeead3,2022-11,Wiltshire Police,Wiltshire Police,-2.186406,51.431913,On or near ,E01031952,Wiltshire 018F,Investigation complete; no suspect identified
04376143d2d3325e2c186558353b7ebe783d4226156dcfb96dfdccdf8f355c43,2022-11,Wiltshire Police,Wiltshire Police,-2.182708,51.204311,On or near ,E01032103,Wiltshire 044A,Unable to prosecute suspect
15b076ee6b7e559fc4659a325003912c6079840e4187df3ace2c2739485e08bc,2022-11,Wiltshire Police,Wiltshire Police,-2.117080,51.463276,On or near Old Road,E01031912,Wiltshire 011B,Unable to prosecute suspect
0e496da8d3356e2347c122b7b689df1b553fa708b5c48304c89a11f3e0cd2bdd,2022-11,Wiltshire Police,Wiltshire Police,-2.232677,51.309247,On or near Greenbank View,E01032096,Wiltshire 033A,Unable to prosecute suspect
f609fee0e3d59e00332010b5f2216d9277618657742f49090938f764fbe0f480,2022-11,Wiltshire Police,Wiltshire Police,-1.609789,50.973053,On or near ,E01031973,Wiltshire 062A,Investigation complete; no suspect identified
532b4e4a9540668038aaddf51cda6ab574f72fbf9788de5a0980dcb4e2844f68,2022-11,Wiltshire Police,Wiltshire Police,-2.131730,51.372184,On or near Pembroke Road,E01032062,Wiltshire 022A,Investigation complete; no suspect identified
160ee87f026bf8516f242be7c9a83bbdde0230bb08af3a210ae80c369a5c3363,2022-11,Wiltshire Police,Wiltshire Police,-2.134332,51.460857,On or near Wessex Road,E01031925,Wiltshire 010E,Unable to prosecute suspect
c7311526a95fddcd650c60ecc04e6bcf40af4d8162e9ba60e2301e1adc5cc348,2022-11,Wiltshire Police,Wiltshire Police,-1.778459,51.573811,On or near Tiverton Road,E01015508,Swindon 010A,Investigation complete; no suspect identified
f55aa9374ca106b060a97293469b9ce6ba27f48ba9219cd40c66b07de50e3e1c,2022-11,Wiltshire Police,Wiltshire Police,-1.785350,51.563016,On or near ,E01015476,Swindon 015B,Investigation complete; no suspect identified
5f04a026f8908c1d23c75e4162a078cca0232957b0bafda416e853b28800cacf,2022-11,Wiltshire Police,Wiltshire Police,-2.101440,51.589341,On or near ,E01031948,Wiltshire 002C,Investigation complete; no suspect identified
3fc3c891e1076630c447c1d0cd4db657a0f84f89712c843d6595971cf8a29f32,2022-11,Wiltshire Police,Wiltshire Police,-2.130097,51.358672,On or near Avro Way,E01032071,Wiltshire 021E,Investigation complete; no suspect identified
94581bfa3d982e3d094f9916d22b677b315df50b4ee3ae30cf96e9ad6fb3d0e3,2022-11,Wiltshire Police,Wiltshire Police,-1.785909,51.076041,On or near Bower Hill Road,E01032020,Wiltshire 053C,Investigation complete; no suspect identified
ffde4277e7ad7a17f205641af338c74dbb8886cc534e5f3291ad0ec0fc00eae5,2022-11,Wiltshire Police,Wiltshire Police,-1.662484,51.097143,On or near Roman Road,E01032041,Wiltshire 060D,Investigation complete; no suspect identified
877771ccc414c0f8ff25dbc8e7b066f9b74f9503c76c424f01e0c2e22e808a24,2022-11,Wiltshire Police,Wiltshire Police,-1.840987,51.568193,On or near Rye Close,E01015565,Swindon 011C,Investigation complete; no suspect identified
1ace508d75af5fa9854e50c7e4d8f4396bde35b610356b501baf0652d8c8c8b3,2022-11,Wiltshire Police,Wiltshire Police,-1.772691,51.090566,On or near Cook Court,E01031984,Wiltshire 051A,Unable to prosecute suspect
6459c54251bc63cb941eaea452d661197c34c9bcac2152923b012117d0ac39ae,2022-11,Wiltshire Police,Wiltshire Police,-1.784922,51.558852,On or near Granville Street,E01015496,Swindon 019C,Unable to prosecute suspect
b27ea9d86739216e9a3844c8ce7b1a29a7d19f44802b2a2c758a9c164161f25d,2022-11,Wiltshire Police,Wiltshire Police,-1.806712,51.601023,On or near Buscot Close,E01032702,Swindon 027B,Investigation complete; no suspect identified
6d9b063dc6bea6bd72d353c6742f6be0663f7d2b82d115ba46b518225225af0a,2022-11,Wiltshire Police,Wiltshire Police,-1.615489,51.255176,On or near Fleming Close,E01031859,Wiltshire 041A,Unable to prosecute suspect
f85498a7a193c25c1844129254fb9f489c6655746a92c4d2785f44bb05164aec,2022-11,Wiltshire Police,Wiltshire Police,-1.828420,51.553052,On or near Westminster Road,E01015570,Swindon 022E,Unable to prosecute suspect
ee93736fc5772f1b69eda63fba798b54e428c8b60c1876479a126f36b48c7d3c,2022-11,Wiltshire Police,Wiltshire Police,-2.251913,51.337504,On or near Spencers Orchard,E01032049,Wiltshire 027E,Investigation complete; no suspect identified
a45af0128216ea0d8da1e19d2c6814805d53d708013da45e80b3f4ed0dd0cb59,2022-11,Wiltshire Police,Wiltshire Police,-2.212630,51.314222,On or near Ashleigh Grove,E01032089,Wiltshire 036B,Investigation complete; no suspect identified
197d049449e5adaf246042e248aeec0608eca803730dc1d062dd0a15f8ea6522,2022-11,Wiltshire Police,Wiltshire Police,-1.651003,51.613387,On or near Lancaster Green,E01028747,Vale of White Horse 016C,Unable to prosecute suspect
d6fbfb0d91ee97aad2f443dbb9ab38714317b6bd641b3dd6e1785f0941088ba0,2022-11,Wiltshire Police,Wiltshire Police,-2.146312,51.448722,On or near ,E01031906,Wiltshire 010B,Investigation complete; no suspect identified
7b075ae62716f47b7b49e062e70c0f563980bff8a9c4c35733cbb5b1a1c012a3,2022-11,Wiltshire Police,Wiltshire Police,-2.207334,51.317055,On or near County Way,E01032094,Wiltshire 035C,Investigation complete; no suspect identified
f4a081260e71158944fada96ebee63d15870627c7b7924a8989bf994a8da6764,2022-11,Wiltshire Police,Wiltshire Police,-2.129380,51.384443,On or near Meadow Road,E01032064,Wiltshire 020B,Unable to prosecute suspect
334842e1dd84eb713c6ca2f1b8ee771bf9f0dbca2b50655146cb7754de2c8952,2022-11,Wiltshire Police,Wiltshire Police,-1.829090,51.582077,On or near Eriskay Place,E01031954,Wiltshire 003A,Investigation complete; no suspect identified
506aadc0adea4a5035a068720ec9b749d3dcee9054de952c37c557a35e853bd0,2022-11,Wiltshire Police,Wiltshire Police,-1.822429,51.074286,On or near Skew Bridge Road,E01032001,Wiltshire 055A,Investigation complete; no suspect identified
718f24c3d3fac78c6a0b30343c2a0fe84a94b82a3c8371fe93575da0b25a9a9b,2022-11,Wiltshire Police,Wiltshire Police,-1.797004,51.075027,On or near Hamilton Road,E01032016,Wiltshire 056C,Investigation complete; no suspect identified
1335540b20ec91d47fe4c295d834dcebd28fe83d383506c7158df61856836842,2022-11,Wiltshire Police,Wiltshire Police,-1.764871,51.587010,On or near Farrfield,E01015559,Swindon 005E,Unable to prosecute suspect
56f4edf643b8838d997fdb9338a1622b0d8a1d7195d1799339bbe70fe022c784,2022-11,Wiltshire Police,Wiltshire Police,-1.972283,51.513486,On or near ,E01032699,Wiltshire 007I,Investigation complete; no suspect identified
0d78394d7d142d9cbecc07e65c457f17e944a525aa3b08a18d151802a905144c,2022-11,Wiltshire Police,Wiltshire Police,-2.138115,51.374326,On or near Bank Street,E01032062,Wiltshire 022A,Unable to prosecute suspect
88ae98821fb2f0eba44ac796b99e75993eff7ece0d9c062259cdf47527aa9aff,2022-11,Wiltshire Police,Wiltshire Police,-1.997874,51.563454,On or near B4042,E01031893,Wiltshire 004C,Unable to prosecute suspect
6b61818ba8db059aee15ddac6bc40e2b12bdb62a987bc05bafc5aca4079bb6b5,2022-11,Wiltshire Police,Wiltshire Police,-2.317257,51.085481,On or near Portnell's Lane,E01032036,Wiltshire 050C,Unable to prosecute suspect
5edf6705bd075e0a2085d15cd5a10bdbb4d63b59945d557bd62b92f404286211,2022-11,Wiltshire Police,Wiltshire Police,-1.767653,51.565050,On or near Marsh Farm Lane,E01015479,Swindon 017A,Investigation complete; no suspect identified
f206b2bdb15b07017a46353776d6e8586ff36f0757e39200c33a9e91e1a3023e,2022-11,Wiltshire Police,Wiltshire Police,-1.817789,51.557055,On or near Fox Wood,E01015568,Swindon 014D,Unable to prosecute suspect
9766b9e5500ecbf62ba9cd4dd267dc95296c4c58faa0ad9ecdf26ddea79a6538,2022-11,Wiltshire Police,Wiltshire Police,-1.780794,51.592337,On or near Fyfield Avenue,E01015544,Swindon 003B,Unable to prosecute suspect
26d6ac1e1fe60e0ea416f4425db59a56ac2a907bdbd6005713081dccd31366fb,2022-11,Wiltshire Police,Wiltshire Police,-2.022813,51.639671,On or near The Green,E01031885,Wiltshire 002A,Unable to prosecute suspect
11ed8313f8bc0e613648d3cb88587c688bdbc6412eaafc62a2922c5e1e9c41c9,2022-11,Wiltshire Police,Wiltshire Police,-1.711044,51.633025,On or near Westrop,E01015519,Swindon 001A,Unable to prosecute suspect
c8241feedf230da7ce8cd043e5bcb5a4d8a4c7e6e558a0fecaea34ad13d9f779,2022-11,Wiltshire Police,Wiltshire Police,-1.773054,51.080693,On or near Elm Close,E01032012,Wiltshire 057C,Investigation complete; no suspect identified
321e692aa8526f3ebe5beb6c3623e8be790dd7f8a31a7d29de50d81ca0cebf62,2022-11,Wiltshire Police,Wiltshire Police,-1.758928,51.192076,On or near St Leonards Close,E01031989,Wiltshire 046A,Unable to prosecute suspect
5e2d935a59b92a631224c53f4a743eb2f68335073c49788e7a5a12b03dd72e0f,2022-11,Wiltshire Police,Wiltshire Police,-2.129380,51.384443,On or near Meadow Road,E01032064,Wiltshire 020B,Unable to prosecute suspect
898d60965d75bfd77ee13e0dc22c3957571dcc2457a3f5e55e344c6f7f4ca9f4,2022-11,Wiltshire Police,Wiltshire Police,-1.777045,51.591458,On or near Pewsham Road,E01015544,Swindon 003B,Unable to prosecute suspect
a0244ec3b08e7976f3a3d88c64d55e9f2d2f53bbfc82abe7a7eb0ec8f84a5ba3,2022-11,Wiltshire Police,Wiltshire Police,-1.596906,51.500470,On or near Baydon Road,E01031873,Wiltshire 012C,Investigation complete; no suspect identified
6cead588d07c5a2fac5ea17e92002978bf2efc7aec2e45fd1bc5a573dc6a3da2,2022-11,Wiltshire Police,Wiltshire Police,-1.749490,51.111542,On or near Paddock Close,E01032034,Wiltshire 049D,Unable to prosecute suspect
38718051df3e79d37a39cf3b9ffe1ae1d11478e23d385b4e0acd7b3133799c48,2022-11,Wiltshire Police,Wiltshire Police,-1.762927,51.176717,On or near ,E01031977,Wiltshire 048D,Further investigation is not in the public interest
999454b57e0c9dd529f28175123263d85cb6c6795672f719da8721d7c6c95e7d,2022-11,Wiltshire Police,Wiltshire Police,-1.776131,51.571864,On or near ,E01015510,Swindon 010C,Investigation complete; no suspect identified
d7a9bf01797789884085107541115a4fd09542ec97e53e079cc0c25bfd4213ef,2022-11,Wiltshire Police,Wiltshire Police,-2.198970,51.317420,On or near Clarendon Avenue,E01032101,Wiltshire 032C,Investigation complete; no suspect identified
335ba30ad4619a2e51958d2ffd0863593b185f636c971bf921714eefc8c43fd1,2022-11,Wiltshire Police,Wiltshire Police,-1.718096,51.628304,On or near Wrde Hill,E01015520,Swindon 001B,Investigation complete; no suspect identified
1332148897da3812e5c202f54ed82a03c3cc3716bcd0ea42763b6594937c9a35,2022-11,Wiltshire Police,Wiltshire Police,-1.770754,51.176328,On or near ,E01031974,Wiltshire 048A,Investigation complete; no suspect identified
9d896039bcdb8ae43e3a00da6927dffb332cf8db3f1b090391dab62092c3a02c,2022-11,Wiltshire Police,Wiltshire Police,-1.840323,51.572589,On or near Woodbury Close,E01015563,Swindon 011B,Unable to prosecute suspect
6a2af52c54e79c1226467554ac7e9700f35ab3492588321016e7d8ddb26c6012,2022-11,Wiltshire Police,Wiltshire Police,-1.792159,51.066853,On or near Trinity Street,E01032023,Wiltshire 059D,Unable to prosecute suspect
7ceee7ccf309cd0cfbc2002b52ca75c9c6976a3ec016a1ce8526c39042fe4011,2022-11,Wiltshire Police,Wiltshire Police,-1.559546,51.363187,On or near Carvers Hill,E01031877,Wiltshire 029D,Unable to prosecute suspect
25df9a6ec059fa90ac936265d0be2bb542853e1b2dc3f11cd07cc9b7d2d81d53,2022-11,Wiltshire Police,Wiltshire Police,-1.812078,51.588300,On or near Wheatlands,E01015515,Swindon 004C,Unable to prosecute suspect
1a140bb3ca9a1fe7de094f56efb74428dbe18c90bd3766fa4d41f6446bf15582,2022-11,Wiltshire Police,Wiltshire Police,-1.782234,51.089711,On or near Sycamore Drive,E01031984,Wiltshire 051A,Unable to prosecute suspect
42f08971bbce3f6d028d65e297d5f244acfc748dbfe8a36b27bee8a62a5a3445,2022-11,Wiltshire Police,Wiltshire Police,-2.133252,51.371679,On or near Sangster Avenue,E01032062,Wiltshire 022A,Unable to prosecute suspect
e6bad7bacc73cd2a3c92950add3a671befb7a6d1b3d9cc42d7bcc53d73377ec4,2022-11,Wiltshire Police,Wiltshire Police,-1.667124,51.547662,On or near Church Row,E01015548,Swindon 008D,Unable to prosecute suspect
aa16b7c80bafe55f4c4f623cba5fb7181fbf91613d9118a37cf90ac2c9bed7d3,2022-11,Wiltshire Police,Wiltshire Police,-1.787100,51.560817,On or near ,E01015476,Swindon 015B,Unable to prosecute suspect
7c877c359ad146c597dc9d468dd7b33517a83bbe31c723947e60682880c7041d,2022-11,Wiltshire Police,Wiltshire Police,-1.668897,51.350733,On or near Blackman's Lane,E01031847,Wiltshire 029B,Unable to prosecute suspect
afd7b02c1c783842ad07e9f3239a7411ec15c92a473f8d8af7878a0526a7ec2d,2022-11,Wiltshire Police,Wiltshire Police,-1.711044,51.633025,On or near Westrop,E01015519,Swindon 001A,Unable to prosecute suspect
4ed33ae7f4493e9e5f7714de45c4861298d5715382990412fabe4ce85f8728d7,2022-11,Wiltshire Police,Wiltshire Police,-1.798818,51.554471,On or near ,E01015498,Swindon 021B,Investigation complete; no suspect identified
87a67ecde620b0cac20145accc9caa6fdcc99442c8b9a7879195713aeaa58acc,2022-11,Wiltshire Police,Wiltshire Police,-1.786621,51.562631,On or near Fleet Street,E01015476,Swindon 015B,Investigation complete; no suspect identified
34947965978fcd399c85592e4133dc2be43cb0d268898b5bd7bdde500e74de10,2022-11,Wiltshire Police,Wiltshire Police,-1.730057,51.547859,On or near Supermarket,E01015488,Swindon 023B,Unable to prosecute suspect
19214ed41ae0d22f408e7995c6cbd8a36579a4ec741c2f2bf6396b0b840f4ddd,2022-11,Wiltshire Police,Wiltshire Police,-1.794817,51.549303,On or near Pasteur Drive,E01032706,Swindon 021E,Unable to prosecute suspect
c4bf7340873c3e6f2ec6b866e09f535583d5918b69271ddded82f10186bc2733,2022-11,Wiltshire Police,Wiltshire Police,-2.206575,51.432194,On or near Silman Close,E01031953,Wiltshire 018G,Unable to prosecute suspect
3344edd91e18d63c521e2b790df22c5a090867e48b49ae7a0a80e40abd6272bc,2022-11,Wiltshire Police,Wiltshire Police,-2.117016,51.460956,On or near St Mary's Place,E01031912,Wiltshire 011B,Suspect charged
a08c4d6b4431543f9e16fe33c8a6fbe6ae4678479730f45982b81bf586b0d95c,2022-11,Wiltshire Police,Wiltshire Police,-1.730896,51.420164,On or near Supermarket,E01031863,Wiltshire 019C,Investigation complete; no suspect identified
fa54c96eb64d34c8dd816fdf6f48cfe92f2992a19bbdcc736efc77cb1f807635,2022-11,Wiltshire Police,Wiltshire Police,-2.162847,51.509419,On or near ,E01031940,Wiltshire 008B,Investigation complete; no suspect identified
c2bc0c603aefabbe31fbbe01559024185e2fbd5bcdafb1668c377e78ca22a6ff,2022-11,Wiltshire Police,Wiltshire Police,-1.994264,51.351821,On or near ,E01031854,Wiltshire 026B,Investigation complete; no suspect identified
0ba4160ac82cd002e0bcfd32f7f0b5b92a8c0cd2ad062b7297af272023a6efc7,2022-11,Wiltshire Police,Wiltshire Police,-1.775525,51.551461,On or near ,E01015534,Swindon 024B,Investigation complete; no suspect identified
82eda9618cac09c15971c3864ed1b9bab59119acc8c5b5c5b4607c0b2c3fd905,2022-11,Wiltshire Police,Wiltshire Police,-2.165483,51.202709,On or near Downs View,E01032105,Wiltshire 042B,Unable to prosecute suspect
fffad02f56291f070c84ee982f6fc3b0fb3684e979f63c7cb9d3c8c87c507495,2022-11,Wiltshire Police,Wiltshire Police,-1.784788,51.562772,On or near ,E01015476,Swindon 015B,Investigation complete; no suspect identified
9dfa3fdd2273d20688ad268447c72d483069062b471a3973a73b2d11c266030f,2022-11,Wiltshire Police,Wiltshire Police,-2.108131,51.459211,On or near Parking Area,E01031918,Wiltshire 011E,Suspect charged
ab0381f2d704db57a27e7bd9e53ca67dfb1a5761d3db8c7962c0a4be033cfaf0,2022-11,Wiltshire Police,Wiltshire Police,-2.174699,51.202336,On or near B3414,E01032105,Wiltshire 042B,Investigation complete; no suspect identified
02fe6d7bd04b20f1ce60c5c02e58a6ac0b7c3463741f941bdf3e6f44ee4a34c2,2022-11,Wiltshire Police,Wiltshire Police,-1.834670,51.551694,On or near Gainsborough Way,E01015501,Swindon 022A,Investigation complete; no suspect identified
9c0143c8d976ac5b6cb348727470506d0b301ac2bd9d7e28fedfa01b345c5d24,2022-11,Wiltshire Police,Wiltshire Police,-2.187962,51.436047,On or near Light Close,E01031952,Wiltshire 018F,Unable to prosecute suspect
bf678f30bb6333dbd1468ebbde1fe7f37281868bc5aaee0d9e4a176fdb97f61c,2022-11,Wiltshire Police,Wiltshire Police,-1.757340,51.559131,On or near Shrewsbury Road,E01015573,Swindon 016C,Unable to prosecute suspect
6bf0e94c95f0f35c63a97e8bb90376a4c80430699c35aacfb5cb259f58180ea6,2022-11,Wiltshire Police,Wiltshire Police,-1.987946,51.352396,On or near Estcourt Street,E01031850,Wiltshire 025A,Unable to prosecute suspect
c6baad0ef44db9b7fdd69e4be976bb99e9d97eb7d70e3c23d2cb8a47aff7d1d6,2022-11,Wiltshire Police,Wiltshire Police,-2.207869,51.318016,On or near ,E01032086,Wiltshire 031B,Investigation complete; no suspect identified
7c05af88eff14598e3fdcddda06c98cd257d96ee59d1fa9f78f9473ad33edc50,2022-11,Wiltshire Police,Wiltshire Police,-1.785302,51.560868,On or near ,E01015494,Swindon 019A,Unable to prosecute suspect
c060ea51c7af05796a7d85d64a67bae9814306c06910dc00f9327749435ca081,2022-11,Wiltshire Police,Wiltshire Police,-2.202589,51.321442,On or near Yerbury Street,E01032101,Wiltshire 032C,Unable to prosecute suspect
aff985936550ff09c285c869a39fb6e6fb37c04d1514a7775fd2c355fb12b695,2022-11,Wiltshire Police,Wiltshire Police,-2.135832,51.452259,On or near Litherland Close,E01031928,Wiltshire 011F,Unable to prosecute suspect
c48ecd165b753e3e03513153835b17e7a171038474a7a1bc11c3f2bd9ee9e4a5,2022-11,Wiltshire Police,Wiltshire Police,-1.736946,51.551246,On or near Beresford Close,E01015487,Swindon 023A,Unable to prosecute suspect
a46b7c7eefa3963b7b3b415f04bba769e992654c60a6cf54f76a228be6d226fa,2022-11,Wiltshire Police,Wiltshire Police,-2.251913,51.337504,On or near Spencers Orchard,E01032049,Wiltshire 027E,Investigation complete; no suspect identified
5427a41dcdf298172723da7536483c5e4359a972cb5b9b2fab6fc1ac94192a06,2022-11,Wiltshire Police,Wiltshire Police,-1.815244,51.583594,On or near ELBOROUGH ROAD,E01015526,Swindon 006A,Unable to prosecute suspect
5135bd8051fe8a14bdf1b68f59edfd804fbbbaa1591d85a8d73f6a1ae88b714b,2022-11,Wiltshire Police,Wiltshire Police,-1.794106,51.550300,On or near Bacon Close,E01032706,Swindon 021E,Investigation complete; no suspect identified
8420559ae098d1e41ff0c2e2cdcaa7600cff345318313231bdc77a3beb0fa9d2,2022-11,Wiltshire Police,Wiltshire Police,-1.796257,51.598173,On or near Timandra Close,E01015518,Swindon 028D,Investigation complete; no suspect identified
06cb1d6f7303fcba1f1f4c2ea9a62c5b91f2202df496161a4d37cf93e30d6f85,2022-11,Wiltshire Police,Wiltshire Police,-1.976422,51.025797,On or near High Lane,E01031990,Wiltshire 054A,Investigation complete; no suspect identified
be277a41d8165f457b8e9dda928a859b672d47605d0d45424e7b8e0214729f4a,2022-11,Wiltshire Police,Wiltshire Police,-2.203236,51.178911,On or near Clay Street,E01032081,Wiltshire 047D,Investigation complete; no suspect identified
09a3c4bb6b8f747845df6f102214ea799c3cf0d6a5eb860ec817705de8d87b07,2022-11,Wiltshire Police,Wiltshire Police,-2.166898,51.000241,On or near Salisbury Road,E01031991,Wiltshire 061A,Investigation complete; no suspect identified
75be2929abb6f3bc6a187ea9fae3d8274b54ff47dc2ed04d0aa847187ff22ac6,2022-11,Wiltshire Police,Wiltshire Police,-1.830767,51.561786,On or near Carronbridge Road,E01015561,Swindon 014A,Investigation complete; no suspect identified
e0f5e1bbcd5507b0909afde4c89fbc8ae4227e706b8981e4d3bd6edfa189cbf4,2022-11,Wiltshire Police,Wiltshire Police,-1.784788,51.562772,On or near ,E01015476,Swindon 015B,Unable to prosecute suspect
25117529241317e9607b5350234e2b9936eb1eb9e514de2977fab4cf669ed801,2022-11,Wiltshire Police,Wiltshire Police,-1.773022,51.547222,On or near Evelyn Street,E01015536,Swindon 024D,Investigation complete; no suspect identified
81330138312f422e99118c0e9a8bee143629f8af41afaf9976045320449ca0e1,2022-11,Wiltshire Police,Wiltshire Police,-1.784788,51.562772,On or near ,E01015476,Swindon 015B,Investigation complete; no suspect identified
0e187f5866a4a91adf401ceb5855c68ea5f663e758f37fb49b34c6f72406c021,2022-11,Wiltshire Police,Wiltshire Police,-1.791990,51.107920,On or near Hawker Avenue,E01032011,Wiltshire 057B,Investigation complete; no suspect identified
72855cdd789d643e93212752663a7fd64b93ba380a3847978eab863ed96b57c1,2022-11,Wiltshire Police,Wiltshire Police,-1.774445,51.565675,On or near COUNTY ROAD,E01015475,Swindon 015A,Further investigation is not in the public interest
cbb44b615cfc73d3d05142e9ffe329bd06c9e6a43b0a5cef38fd144183efd780,2022-11,Wiltshire Police,Wiltshire Police,-1.784355,51.559849,On or near ,E01015494,Swindon 019A,Investigation complete; no suspect identified
1e4563cc0fd4b48538b75f54772e18063d1df71553759e7d5ef07a38822b6607,2022-11,Wiltshire Police,Wiltshire Police,-1.600902,51.443711,On or near Union Street,E01031874,Wiltshire 012D,Unable to prosecute suspect
5b97a2003b7036da74cc91348662d54b35ad7ae9dcfe59b5c001a99ed2073e0b,2022-11,Wiltshire Police,Wiltshire Police,-1.793158,51.070173,On or near BROWN STREET,E01032014,Wiltshire 056A,Suspect charged
2131202c53a7785c9cdb30dac6e06ea754684042afb37ee66fc01504fa418d04,2022-11,Wiltshire Police,Wiltshire Police,-1.786886,51.561517,On or near Queen Street,E01015476,Swindon 015B,Unable to prosecute suspect
87f6f927f6060f07cfcc8e7a60d13b5ed6cde24e9986684ad54f97748756d457,2022-11,Wiltshire Police,Wiltshire Police,-1.810285,51.073628,On or near Sports/Recreation Area,E01032003,Wiltshire 055C,Unable to prosecute suspect
8f01736f3eba3a699669c1c08b4950e83ae70ca98100a9a53d6c437a55935e1e,2022-11,Wiltshire Police,Wiltshire Police,-2.001808,51.450153,On or near Linnet Road,E01032690,Wiltshire 015F,Unable to prosecute suspect
650ac6703dc66b4251b29a3169e8cb82238401aa1c71622f8d2c396315ff0ad7,2022-11,Wiltshire Police,Wiltshire Police,-1.797580,51.067465,On or near High Street,E01032022,Wiltshire 058C,Investigation complete; no suspect identified
bc9614d7d0cf9cefe0e8e9e9bf9c3d63904cd8b6d53c5d90c8602cd8c961c4b2,2022-11,Wiltshire Police,Wiltshire Police,-2.251913,51.337504,On or near Spencers Orchard,E01032049,Wiltshire 027E,Investigation complete; no suspect identified
e5455f6c04e8f4da1865e3c7b7b01fef2c5ba950b28ebe5865cca800bc4a5632,2022-11,Wiltshire Police,Wiltshire Police,-2.142859,51.356867,On or near Shails Lane,E01032070,Wiltshire 021D,Formal action is not in the public interest
3b5f528c381fe1c9873a868445f8d4b1121288f57ff561c1ae4613acd7b97adf,2022-11,Wiltshire Police,Wiltshire Police,-1.800756,51.570510,On or near ,E01015578,Swindon 012B,Investigation complete; no suspect identified
ae4406410c27e5e6230ec9d0bc4674d2ebd729b535a9e5986decd4b16ebde719,2022-11,Wiltshire Police,Wiltshire Police,-1.783482,51.558301,On or near Whitney Street,E01015496,Swindon 019C,Investigation complete; no suspect identified
0a727e36639477fa684e59e37db994d35c059300ed951dc357b9bb988b5a6c03,2022-11,Wiltshire Police,Wiltshire Police,-1.815876,51.060140,On or near Essex Square,E01032008,Wiltshire 058A,Unable to prosecute suspect
63250f5b10337972d207ee375c463d9db1b752ad8d0d3a155988d9655923ce32,2022-11,Wiltshire Police,Wiltshire Police,-2.116080,51.375627,On or near Lapwing Road,E01032071,Wiltshire 021E,Investigation complete; no suspect identified
fe6d2762b20d8737c826f73e3ce5891b43c5662e9de8061ca54214e1aebffcb3,2022-11,Wiltshire Police,Wiltshire Police,-2.131143,51.372814,On or near Williams Close,E01032062,Wiltshire 022A,Investigation complete; no suspect identified
e77d0acc8a7ad2a1b41db140ef7d1fc582b0c91d7dab0366f080e4989873eac8,2022-11,Wiltshire Police,Wiltshire Police,-1.794935,51.071705,On or near Fulford Place,E01032014,Wiltshire 056A,Investigation complete; no suspect identified
fb74c2495ac2ba0e65148e5a913cad760dcd02287fb7d280170e95c5675076da,2022-11,Wiltshire Police,Wiltshire Police,-1.773204,51.172610,On or near Antrobus Road,E01031974,Wiltshire 048A,Unable to prosecute suspect
24d1fac78556cb5778fe53c3a0a4094545a6d36a28a5971f62bb47689314eabe,2022-11,Wiltshire Police,Wiltshire Police,-1.789431,51.080058,On or near Somerset Road,E01032020,Wiltshire 053C,Unable to prosecute suspect
dc0d293ab0b1b3fc717c9501e9ce48c698bdb4f5db0f715fd1a2b6c2423a9157,2022-11,Wiltshire Police,Wiltshire Police,-1.774559,51.565837,On or near County Road,E01015475,Swindon 015A,Investigation complete; no suspect identified
619c43c4aff2787b1831941b62a057cf38e105cb4c5061634e352f7219db5b5d,2022-11,Wiltshire Police,Wiltshire Police,-2.220293,51.317552,On or near ST AUGUSTINE'S ROAD,E01032085,Wiltshire 031A,Unable to prosecute suspect
50275469b0e6cde69fadaa4a69bb7d257a71100d63fb9b0d53ffaf05a0abe3f5,2022-11,Wiltshire Police,Wiltshire Police,-1.794949,51.555201,On or near Stanmore Street,E01015477,Swindon 015C,Investigation complete; no suspect identified
0323cb2240543a7878643e3561bf058c0d5c599d7beff697e4f6e11eb349fe4e,2022-11,Wiltshire Police,Wiltshire Police,-1.737587,51.567702,On or near Larksfield,E01015481,Swindon 013A,Investigation complete; no suspect identified
b37182fe4610475708cc04ed741a39c0a19f4d10f06f45f0598e0133201889a9,2022-11,Wiltshire Police,Wiltshire Police,-1.765539,51.338764,On or near Phoenix Square,E01031870,Wiltshire 024C,Unable to prosecute suspect
59f1347fa2bf9ef06ec543b8a92a5be9ca325a5dffedd24ba02e26fa397d1ca5,2022-11,Wiltshire Police,Wiltshire Police,-2.058275,51.438099,On or near Petty Lane,E01031904,Wiltshire 013B,Investigation complete; no suspect identified
a805f9ca8155d0114bc36a1f709027b12d84aa38002b993057fb62e13359fbd3,2022-11,Wiltshire Police,Wiltshire Police,-1.669105,51.235845,On or near Lowa Road,E01031879,Wiltshire 041D,Unable to prosecute suspect
e7ca5166781a651c24977cd0403ffc8c9901640370057c7071f6c5159a93fc1a,2022-11,Wiltshire Police,Wiltshire Police,-2.208256,51.321126,On or near Fore Street,E01032086,Wiltshire 031B,Unable to prosecute suspect
e1ac6dd4d38223e172e57c59b94a00ecf52cea165f636c23fd28125dd4297587,2022-11,Wiltshire Police,Wiltshire Police,-2.052644,51.508379,On or near Station Road,E01031891,Wiltshire 013A,Unable to prosecute suspect
93a92e2a851396631fd73523a6d2fd61d2706f0ff173e5b8a768fbfe71bec1bc,2022-11,Wiltshire Police,Wiltshire Police,-1.805112,51.597226,On or near Supermarket,E01032710,Swindon 028E,Unable to prosecute suspect
b3cbbf9b2b85d28a853d6d7b2a951cba14e5980da96e43e048090583d1423530,2022-11,Wiltshire Police,Wiltshire Police,-2.096895,51.448018,On or near Buckingham Road,E01031922,Wiltshire 014C,Investigation complete; no suspect identified
1a3ebbd83eb2bbc1583bce82dca6bdb121d5e58cb5462692e36ef12784f6f02c,2022-11,Wiltshire Police,Wiltshire Police,-2.214991,51.312976,On or near Centenary Court,E01032094,Wiltshire 035C,Action to be taken by another organisation
d6e6447e72e3b3e111d91e0aa679634fa38f61442dcf22891b859861ce2fd1ce,2022-11,Wiltshire Police,Wiltshire Police,-1.894747,51.548329,On or near Swinburne Place,E01031965,Wiltshire 007F,Unable to prosecute suspect
2191172ac4a4c6ebfd02eb8f4acea4d464834c6c3a769af6a21a947d0f0ae42f,2022-11,Wiltshire Police,Wiltshire Police,-2.113668,51.457255,On or near Lord's Lane,E01031912,Wiltshire 011B,Investigation complete; no suspect identified
2aada2ab0ed5a7a4ef3b969fbc75874d55b10098892b2a4baa1be1c705e02f39,2022-11,Wiltshire Police,Wiltshire Police,-1.762205,51.161456,On or near Haragon Drive,E01031976,Wiltshire 048C,Unable to prosecute suspect
aceba91354f5176af0c7456c75242c2394d5a917f75cf857be127ebd6eed34d3,2022-11,Wiltshire Police,Wiltshire Police,-2.216041,51.316598,On or near GLOUCESTER ROAD,E01032089,Wiltshire 036B,Unable to prosecute suspect
a4ff9f83932a0dcc01febc18e655e7715922f26def604191db3c363a5557d57c,2022-11,Wiltshire Police,Wiltshire Police,-1.902979,51.536233,On or near Morstone Road,E01031968,Wiltshire 007H,Investigation complete; no suspect identified
de5f651af9d08f5e5ba71035f0f36d6e773bd92682d59d6c132c0a5aab6f2f03,2022-11,Wiltshire Police,Wiltshire Police,-1.815817,51.075121,On or near Montgomery Gardens,E01032002,Wiltshire 055B,Unable to prosecute suspect
4ad337da9b8bb0dc5162e3bc0ae0eb2519b5e48bbd3b205b673ef7431f729403,2022-11,Wiltshire Police,Wiltshire Police,-1.773155,51.062916,On or near ,E01032021,Wiltshire 056D,Investigation complete; no suspect identified
03336bb4f226417f6161b2b4d95aebb0545e9449d285f88c190074c5312afc06,2022-11,Wiltshire Police,Wiltshire Police,-1.791577,51.595639,On or near Latton Close,E01015546,Swindon 003D,Unable to prosecute suspect
ddd08a0d5ba9f5e19e13cefb1b600bb5e633dce2ce1b180ace160dd512316550,2022-11,Wiltshire Police,Wiltshire Police,-1.757462,51.590484,On or near Sanders Close,E01015557,Swindon 005C,Unable to prosecute suspect
6dfbbcb8a1a9b265591b1782e898e8d693f043df970fc76df178b557f0fc46b0,2022-11,Wiltshire Police,Wiltshire Police,-2.184454,51.261515,On or near ,E01032115,Wiltshire 040A,Investigation complete; no suspect identified
04d66f9423fa7874a3c812181bbfb0fe255a1428376cd7d95ef1be26b7cdb91a,2022-11,Wiltshire Police,Wiltshire Police,-1.807435,51.597446,On or near ,E01032710,Swindon 028E,Investigation complete; no suspect identified
3c7d283f956611dab21b8f5fc90dc8e519a8e5d6f5257477de40c80344404cd3,2022-11,Wiltshire Police,Wiltshire Police,-2.005159,51.440244,On or near Wood Street,E01031898,Wiltshire 015D,Unable to prosecute suspect
c30553063bc8efdf0a122702bfee1cc0f3091a86867336446826b683118684c5,2022-11,Wiltshire Police,Wiltshire Police,-1.625736,51.253213,On or near Simonds Road,E01031878,Wiltshire 041C,Unable to prosecute suspect
5a8083bfd71e3ff1950450442c0534210a0d2d9c08f7f9eb9af76490d82cc4d7,2022-11,Wiltshire Police,Wiltshire Police,-1.785159,51.102333,On or near Partridge Way,E01032011,Wiltshire 057B,Investigation complete; no suspect identified
53ad4c03f8e4011c082bcce215fb8278e1b7f18d5e30ee5fb8edcce6c93ad6f1,2022-11,Wiltshire Police,Wiltshire Police,-1.851773,51.084092,On or near Buckeridge Road,E01032039,Wiltshire 054E,Unable to prosecute suspect
73adbe2082a40b9a862b30ba6557c42c045294a6802e85b664badf7eb5847515,2022-11,Wiltshire Police,Wiltshire Police,-1.820656,51.613049,On or near Image Road,E01015474,Swindon 008B,Suspect charged
7bb2448de3622b4dff2ec1500ac78d3ba76bb4b30e66922f355558c1552d2b30,2022-11,Wiltshire Police,Wiltshire Police,-2.184823,51.431799,On or near ,E01031952,Wiltshire 018F,Unable to prosecute suspect
bfaa68b6ad25e90b86479037fdd090dae899123df7fb3db55cbfc42612b818f2,2022-11,Wiltshire Police,Wiltshire Police,-1.806948,51.189584,On or near Fargo Road,E01031998,Wiltshire 045C,Investigation complete; no suspect identified
61e2ba3cfed22102b09f7a2cc52584163be7db5f161a05c4ae9510e308adaec6,2022-11,Wiltshire Police,Wiltshire Police,-1.795252,51.067893,On or near ,E01032022,Wiltshire 058C,Unable to prosecute suspect
e84d9970b0bf3f00f02f21db25bf72f303dcd3259ad774767177de075d60c1da,2022-11,Wiltshire Police,Wiltshire Police,-1.743599,50.988354,On or near Moot Close,E01031993,Wiltshire 062C,Investigation complete; no suspect identified
6dba52fb694d5128e4a8a3dd993bfe3750905b48acc93e864f7ef6a8c93f1294,2022-11,Wiltshire Police,Wiltshire Police,-2.195441,51.422089,On or near Brewer Mews,E01031933,Wiltshire 018C,Unable to prosecute suspect
bc1e1926d54242ca2f654da10d3e03b96609e56521ff40c1ea1fd2dcf85f5d37,2022-11,Wiltshire Police,Wiltshire Police,-1.807467,51.586315,On or near Boscombe Road,E01015528,Swindon 006B,Action to be taken by another organisation
383b46738a12e956a874afaa5d86041430f0ae608a27da70dd9a43b5d1c61d08,2022-11,Wiltshire Police,Wiltshire Police,-1.787856,51.613543,On or near The Ridge,E01015473,Swindon 008A,Unable to prosecute suspect
c01393c60df5d11cb91214d98b6c319090023ac2be1b8693847a02c4090c0a3f,2022-11,Wiltshire Police,Wiltshire Police,-1.828308,51.582867,On or near PURTON ROAD,E01031954,Wiltshire 003A,Suspect charged
617fcbf3a28c5a94e1f341b9ef0e613c764b6233c570dd6f71864ffc6f9cba13,2022-11,Wiltshire Police,Wiltshire Police,-1.777324,51.566858,On or near Elmina Road,E01015480,Swindon 015D,Suspect charged
8d62d62dc12e3847fa0772e3b5af3b98fcb4cb4aafe3460665bd61fd0c5bdf55,2022-11,Wiltshire Police,Wiltshire Police,-1.863760,51.081103,On or near Crow Lane,E01032039,Wiltshire 054E,Investigation complete; no suspect identified
298275e14fe035856a49dd97981d0d10a63f7ecb6dd7a00a2fafa3caaffde3d9,2022-11,Wiltshire Police,Wiltshire Police,-1.814473,51.595704,On or near WHITE EAGLE ROAD,E01032710,Swindon 028E,Local resolution
9add5b159a070cc6fc81ffe00c3e616e8eb7c2d2472d80070afdc928cf30bfe9,2022-11,Wiltshire Police,Wiltshire Police,-1.773865,51.551710,On or near High Street,E01015534,Swindon 024B,Unable to prosecute suspect
ceddcb8766937a6846dfcf5f6ce94735329e0a35f8e66c89da7a84c80ccf3457,2022-11,Wiltshire Police,Wiltshire Police,-1.798637,51.582461,On or near ,E01015529,Swindon 006C,Investigation complete; no suspect identified
f10d4b15cf4e10b5ecfedc50b7d60c714a626ed4fffa6385ef37d73d1c4fa1f0,2022-11,Wiltshire Police,Wiltshire Police,-1.711044,51.633025,On or near Westrop,E01015519,Swindon 001A,Unable to prosecute suspect
6428dccbaa970ffdb38e942bf051bea4d9366d8a4ddfcce0b8d39279d01e2ce1,2022-11,Wiltshire Police,Wiltshire Police,-2.184714,51.319098,On or near Leisler Gardens,E01032102,Wiltshire 032D,Unable to prosecute suspect
2d5d679c55c4c203c08d2372c7692e74ddd80a4802e31e7f19b1106bd486f643,2022-11,Wiltshire Police,Wiltshire Police,-1.779716,51.558617,On or near Clarence Street,E01032714,Swindon 019E,Suspect charged
5400c17ca4f4fc76de6053e239ed43658e14948d97d4c7886a3c79f6e227e3f2,2022-11,Wiltshire Police,Wiltshire Police,-1.748260,51.544663,On or near The Birches,E01015535,Swindon 024C,Unable to prosecute suspect
7743e3cc3ff83ca4ee7dd1ae9634e1a19bbdd1c49ee279c28201dbaf76a3b90f,2022-11,Wiltshire Police,Wiltshire Police,-2.162847,51.509419,On or near ,E01031940,Wiltshire 008B,Investigation complete; no suspect identified
2cd9ce64739811dae9715cf2d9487104a894166359025d20671af66c4cf53a7d,2022-11,Wiltshire Police,Wiltshire Police,-1.755805,51.571050,On or near ,E01015549,Swindon 009A,Investigation complete; no suspect identified
aab99c9dadaffc453398115168ae266fac46c3137c8216334e775c224f25969b,2022-11,Wiltshire Police,Wiltshire Police,-2.198791,51.249505,On or near Parking Area,E01032694,Wiltshire 040G,Investigation complete; no suspect identified
9c7898da2ffb15c31efbe26ad458c57dbd615a3572c1b555872dc63557650595,2022-11,Wiltshire Police,Wiltshire Police,-1.650409,51.009029,On or near CROFT HEIGHTS,E01031972,Wiltshire 060C,Unable to prosecute suspect
8b63ea4bbb24147ed0ab1bcee492a625f8edcad8d0711d900a05393281a8215d,2022-11,Wiltshire Police,Wiltshire Police,-1.826458,51.598743,On or near DOWLAIS CLOSE,E01032703,Swindon 026C,Suspect charged
f40c1c00e6aebc38a7f07716b174fbb2fe079290795e68d081c0d43b6b48594f,2022-11,Wiltshire Police,Wiltshire Police,-2.144015,51.381926,On or near FOUNDRY CLOSE,E01032063,Wiltshire 020A,Offender given a caution
abbe847007fd10418e0b09dffbaf2e7b0042507e773f727e2eb76a742a4219e1,2022-11,Wiltshire Police,Wiltshire Police,-1.881906,51.573052,On or near LYDIARD GREEN,E01031962,Wiltshire 003D,Unable to prosecute suspect
47e7999f69c229aa6e715dc40b238ebde769e1010f77da59a88dc9da892d228b,2022-11,Wiltshire Police,Wiltshire Police,-1.667886,51.232092,On or near Kohat Road,E01031880,Wiltshire 041E,Suspect charged
a21a250df12add511ee9ef81cce7f60cba5b6795a15974e16801516500fdcecb,2022-11,Wiltshire Police,Wiltshire Police,-1.719963,51.039283,On or near ,E01031971,Wiltshire 060B,Offender given a caution
8355eefda800123d814b9b94abd43e16b3905eb5267133d6bbc90f5132900f47,2022-11,Wiltshire Police,Wiltshire Police,-2.184487,51.433931,On or near High Street,E01031952,Wiltshire 018F,Suspect charged
a352a45011af07a08d9bff5989549831638e78b0b6e3e6f8560ce81491247943,2022-11,Wiltshire Police,Wiltshire Police,-1.765436,51.566925,On or near Selwood Close,E01015479,Swindon 017A,Unable to prosecute suspect
de1604ef44e7bd72a4bbe99c99acefdc7b7aa317bac5c4339170473e7345f51d,2022-11,Wiltshire Police,Wiltshire Police,-1.902832,51.544317,On or near Coxstalls,E01031963,Wiltshire 006A,Further action is not in the public interest
72066bac3a260f73a99a9e45afbc35531dcd0b7c73fbd098dfabdfe9ead1cb74,2022-11,Wiltshire Police,Wiltshire Police,-1.892749,51.539704,On or near BRANSCOMBE DRIVE,E01031966,Wiltshire 007G,Suspect charged
b06b50e827749ed7baf41c5caf91997ab71c61fd90bac06c4e50ab4aa44de25e,2022-11,Wiltshire Police,Wiltshire Police,-1.790333,51.066724,On or near Barnard Street,E01032023,Wiltshire 059D,Suspect charged
3223c3520c0f2b827710df221ca8890f6de0e4309b98dedad04ffe5e31060ec1,2022-11,Wiltshire Police,Wiltshire Police,-1.792159,51.066853,On or near Trinity Street,E01032023,Wiltshire 059D,Suspect charged
cf736285bbec68fefc35f525c8e40043f68913523dfcdfd7ada6ed06df453f7a,2022-11,Wiltshire Police,Wiltshire Police,-2.247732,51.347620,On or near WOOLLEY STREET,E01032050,Wiltshire 027F,Suspect charged
3dbd81c5f9de849c9186bb46a3a273e8a249b8568d36c16d6243441f73c4ac76,2022-11,Wiltshire Police,Wiltshire Police,-2.006066,51.442141,On or near North Street,E01031898,Wiltshire 015D,Suspect charged
a14fbb11de4000ce8538ac962a2a0d4eb4cb923e087e4d447d624a6633d69551,2022-11,Wiltshire Police,Wiltshire Police,-1.752232,51.596713,On or near KINGSDOWN ROAD,E01015557,Swindon 005C,Offender given a caution
5a09bbee8a9452462c8dcb9c43b01aacbccdac247de70cea99f7aa551756a127,2022-11,Wiltshire Police,Wiltshire Police,-1.754882,51.587179,On or near Briery Close,E01015552,Swindon 009D,Suspect charged
87162b7fe6d0b216e64394ddcf6b08f92c1d74b2af0eb8fbaac36a2d1f54915d,2022-11,Wiltshire Police,Wiltshire Police,-1.663853,51.235228,On or near PENNINGS ROAD,E01031880,Wiltshire 041E,Suspect charged
498dbd7ba15a4cd5f85b040f6ec549e286dc9e292d406b2a8c18f0321460d2af,2022-11,Wiltshire Police,Wiltshire Police,-1.778701,51.171658,On or near ,E01031979,Wiltshire 048F,Suspect charged
c4e9401709fc0f7da1dcc09e6179c6d404e0526bddb41f6afc06499d0cd463bf,2022-11,Wiltshire Police,Wiltshire Police,-1.666761,51.233195,On or near Lady Godley Close,E01031880,Wiltshire 041E,Unable to prosecute suspect
c7e9ea66597fbc5e3455b7985227997a7ae082e53edeef2c15bdd1f95c7edc53,2022-11,Wiltshire Police,Wiltshire Police,-2.129480,51.460403,On or near Marshall Street,E01031911,Wiltshire 011A,Suspect charged
610923f4abae1e56557d43032638371dcc432ab0500fe234cc327f99ae6cbc93,2022-11,Wiltshire Police,Wiltshire Police,-1.820419,51.552051,On or near Beaulieu Close,E01015570,Swindon 022E,Suspect charged
6d983dddfff7dbc9c17c250f87cbef8a5e41addaf1e59826437d784f29668c45,2022-11,Wiltshire Police,Wiltshire Police,-1.722598,51.562785,On or near OSPREY CLOSE,E01015485,Swindon 013E,Unable to prosecute suspect
fbd4582172dd78f992be51c512739260ebf89d6b7e3ca08df148875c1382f397,2022-11,Wiltshire Police,Wiltshire Police,-1.723736,51.546253,On or near Edale Moor,E01015490,Swindon 023D,Suspect charged
b6706a627063e8b06951cc5dfae1005949c675bb4d9e504793df1438646c02c1,2022-11,Wiltshire Police,Wiltshire Police,-2.184637,51.260750,On or near HIGH STREET,E01032119,Wiltshire 040E,Unable to prosecute suspect
d2c7ae1acf8567b6d5e3eb51681fbdad430301867aa7a087b5139826f275bb58,2022-11,Wiltshire Police,Wiltshire Police,-2.133138,51.475820,On or near Honeysuckle Close,E01031907,Wiltshire 009A,Unable to prosecute suspect
ac6327e157583b506077641d25f4bec950c70fec49bbe3626c686b7aa99b8d67,2022-11,Wiltshire Police,Wiltshire Police,-1.788483,51.562464,On or near Henry Street,E01015476,Swindon 015B,Suspect charged
ffff135b252ee5602bb5219564600f949097dd0ad8b6fc06dd8bd8cc9d174d16,2022-11,Wiltshire Police,Wiltshire Police,-2.256974,51.349326,On or near Budbury Circle,E01032047,Wiltshire 027C,Unable to prosecute suspect
610923f4abae1e56557d43032638371dcc432ab0500fe234cc327f99ae6cbc93,2022-11,Wiltshire Police,Wiltshire Police,-1.820419,51.552051,On or near Beaulieu Close,E01015570,Swindon 022E,Suspect charged
794f1d68042fc6c5f66bf299962e666ae8f3e662e77dbea02b4c5cda9b75986f,2022-11,Wiltshire Police,Wiltshire Police,-1.835808,51.560040,On or near Gerard Walk,E01015505,Swindon 018D,Suspect charged
208ffcca690d3b8599c4aad1242122d55e3ec1c55fd2a537f317f193174c6a7b,2022-11,Wiltshire Police,Wiltshire Police,-1.993388,51.352765,On or near Shopping Area,E01031854,Wiltshire 026B,Suspect charged
d8c894e67a3677efa67b753c27cf0dda4e662d68f601daf848fd9ddaa59cf9ae,2022-11,Wiltshire Police,Wiltshire Police,-2.114868,51.470687,On or near Hill Rise,E01031914,Wiltshire 009C,Suspect charged
75fc4bca7284fa00781e271d6f0854d2498b80038ca1a35ce7c92670e15c5278,2022-11,Wiltshire Police,Wiltshire Police,-2.140587,51.374701,On or near ,E01032062,Wiltshire 022A,Suspect charged
a5b459de9fec7041ceab540e66b909d447db2035cbb1310a5094d4e1b6aa8985,2022-11,Wiltshire Police,Wiltshire Police,-1.761879,51.562845,On or near Douglas Road,E01015575,Swindon 016D,Suspect charged
c401db652b6e65e8869af4d95abf1f953ddcfd25280e488327daac19b2545540,2022-11,Wiltshire Police,Wiltshire Police,-2.004787,51.329081,On or near Blackberry Lane,E01031872,Wiltshire 028D,Unable to prosecute suspect
11ca19857220f356fd43bdcdde56d94f34355db23caf6168be8a0bcfaa90c458,2022-11,Wiltshire Police,Wiltshire Police,-1.775963,51.561964,On or near Newcastle Street,E01015493,Swindon 017B,Unable to prosecute suspect
1f6b634763cefde635c45e7788f65fbae23fdf319df7ed31245c6afe2243dcbc,2022-11,Wiltshire Police,Wiltshire Police,-2.113174,51.455331,On or near ,E01031917,Wiltshire 011D,Unable to prosecute suspect
0037c1b73dc4a0ad6ba1e5ae65a183d1201269e065e352fc268f0e50066e30b6,2022-11,Wiltshire Police,Wiltshire Police,-1.785215,51.591635,On or near Winterslow Road,E01015543,Swindon 003A,Unable to prosecute suspect
c7448512178b1ae3c78ad2075a87cf9e23ec476e81511cd6d9fe2990edb9036b,2022-11,Wiltshire Police,Wiltshire Police,-1.767085,51.585792,On or near Clays Close,E01015558,Swindon 005D,Suspect charged
d05b453e289317baf7f89f2d67d376a7f6e246f00fb81d7c9a573d703765f150,2022-11,Wiltshire Police,Wiltshire Police,-2.199142,51.201515,On or near Masefield Road,E01032113,Wiltshire 043D,Suspect charged
55051292670c25b55705264c593ca59c82e9708f3a739cac212fd43b20c995bc,2022-11,Wiltshire Police,Wiltshire Police,-2.202066,51.323322,On or near Bellefield Crescent,E01032101,Wiltshire 032C,Unable to prosecute suspect
11ca19857220f356fd43bdcdde56d94f34355db23caf6168be8a0bcfaa90c458,2022-11,Wiltshire Police,Wiltshire Police,-1.775963,51.561964,On or near Newcastle Street,E01015493,Swindon 017B,Unable to prosecute suspect
87fd470795a7f2a8c52b272570f58e7acaf432c177da8d3316c4bd7f95676d9c,2022-11,Wiltshire Police,Wiltshire Police,-1.788781,51.560289,On or near Farnsby Street,E01015476,Swindon 015B,Unable to prosecute suspect
d175b34e4ccabb70e6eb10717131cf432a9575f11f64bd6154727b5cf1bc84ac,2022-11,Wiltshire Police,Wiltshire Police,-1.825047,51.083929,On or near St Michael's Road,E01031982,Wiltshire 052C,Unable to prosecute suspect
862c0d65dc3024ea9937ec7504f749733c80a78003c00b036cde4fc3485e2f8b,2022-11,Wiltshire Police,Wiltshire Police,-2.194443,51.315872,On or near Magnolia Rise,E01032102,Wiltshire 032D,Suspect charged
3b8f510742a2810d857fc86e37d5c9182f36a8bff5d49f11b53ce7751c5af21d,2022-11,Wiltshire Police,Wiltshire Police,-1.780635,51.580459,On or near CHERRY TREE GROVE,E01015507,Swindon 007B,Unable to prosecute suspect
83ca1c2786cded40be52bd5758e9592fe5e7fd51e657568b1a25ad547cab99d2,2022-11,Wiltshire Police,Wiltshire Police,-1.905056,51.542835,On or near Supermarket,E01031967,Wiltshire 006C,Unable to prosecute suspect
ed72fce36f93c53f37ed66894f2b5c3cc4a687bd94a67771a393f4b2a496e9dc,2022-11,Wiltshire Police,Wiltshire Police,-1.615489,51.255176,On or near Fleming Close,E01031859,Wiltshire 041A,Suspect charged
1c25eeace8d24285dac80fa07faf173d6bccca6f99ee3bca74e02eacaa4b2009,2022-11,Wiltshire Police,Wiltshire Police,-1.832429,51.087645,On or near Maryland Close,E01031980,Wiltshire 052A,Suspect charged
ebd3b9277f24af9b25d20770338f127a04262e8fa968276207ec483a8afa2560,2022-11,Wiltshire Police,Wiltshire Police,-2.130525,51.377833,On or near Fuller's Close,E01032065,Wiltshire 020C,Suspect charged
5399dcd5416c26ec5e2345bae6f643723fbb9e69f90e5ac8b18101a839c851be,2022-11,Wiltshire Police,Wiltshire Police,-1.781019,51.572664,On or near Norman Road,E01015511,Swindon 010D,Suspect charged
1f0b9da755e7c17fdacefc4f4c5ae67bd167fc1f19dffdf46128d1e57a61bf38,2022-11,Wiltshire Police,Wiltshire Police,-1.790398,51.068235,On or near CULVER STREET,E01032022,Wiltshire 058C,Further investigation is not in the public interest
9f006d13720eedda1ba8cad3e3bdf8b756a7fd55816ed80e974c33cf52511d8b,2022-11,Wiltshire Police,Wiltshire Police,-1.790130,51.593253,On or near Avebury Road,E01015546,Swindon 003D,Unable to prosecute suspect
a12ec5c01b9c84cd25ad087eaf72a05eee34c31090cb2a5594fc58a6a808d608,2022-11,Wiltshire Police,Wiltshire Police,-1.785159,51.102333,On or near Partridge Way,E01032011,Wiltshire 057B,Further investigation is not in the public interest
813ea9aca2a3847ff459b4776d2e2c31f500ab0f697d9bb0538b1f3df58872f8,2022-11,Wiltshire Police,Wiltshire Police,-1.666441,51.239776,On or near Bayeux Mews,E01031879,Wiltshire 041D,Investigation complete; no suspect identified
1a407da77a8c1e69195247cf0d5b1e14a2daac2ebe0d006e85969137b142849a,2022-11,Wiltshire Police,Wiltshire Police,-1.747775,51.588063,On or near Hospital,E01015552,Swindon 009D,Unable to prosecute suspect
5c82071f374c27ad814069a7ab48f94681c0a5de7ff537878b8604339abacecb,2022-11,Wiltshire Police,Wiltshire Police,-1.797620,51.557984,On or near Birch Street,E01015477,Swindon 015C,Unable to prosecute suspect
cffe9fa33b4e73506e5ba6180175d6059f94b7b15a131327da5686bdda9dcf4c,2022-11,Wiltshire Police,Wiltshire Police,-1.820285,51.060372,On or near Halfpenny Road,E01032000,Wiltshire 057A,Investigation complete; no suspect identified
1ff8ae7b248cd17c7cb227b53b08254de04521a23a88300d16f730eba85105ea,2022-11,Wiltshire Police,Wiltshire Police,-2.040988,51.157347,On or near Oxyard,E01032075,Wiltshire 047B,Investigation complete; no suspect identified
b82b7e9c5d199ee70754e9fb092577169ff52d930d4ad527ca6b64714cd7cee5,2022-11,Wiltshire Police,Wiltshire Police,-1.777728,51.569799,On or near Handel Street,E01015510,Swindon 010C,Unable to prosecute suspect
ba3385d7d82e3a67193a692b043b6348d3b3b71485f9cf2484a8d0cdf8b4f7e0,2022-11,Wiltshire Police,Wiltshire Police,-2.176903,51.209895,On or near Orchard Close,E01032108,Wiltshire 042D,Investigation complete; no suspect identified
caf6947bfc8cdd9292b51e45240c82d81cc61ef77313575448d65d52d05ff6c8,2022-11,Wiltshire Police,Wiltshire Police,-1.743653,50.988903,On or near MOOT CLOSE,E01031993,Wiltshire 062C,Unable to prosecute suspect
bbfc5be55826853b5dcc04242dd69c7a7d737011a02040d63d2966d448187d24,2022-11,Wiltshire Police,Wiltshire Police,-1.852054,51.085351,On or near Jones Close,E01032039,Wiltshire 054E,Investigation complete; no suspect identified
42657f5cae4eccb84fd6d1bd1044ee48817ab285aeda8508ef098afdbe48e7c0,2022-11,Wiltshire Police,Wiltshire Police,-2.135012,51.420096,On or near ,E01031942,Wiltshire 018E,Local resolution
35dd7601dfa21b0d69395b8bcf577394c2350b003cfee8893f282af1508cb8f0,2022-11,Wiltshire Police,Wiltshire Police,-1.817724,51.555230,On or near Bodiam Drive North,E01015568,Swindon 014D,Investigation complete; no suspect identified
db3a2c11daa4ff77d88a5522fe0402029fb8c0ef5fbdfe7973f2be00dafe5bc9,2022-11,Wiltshire Police,Wiltshire Police,-1.780357,51.563312,On or near Volta Road,E01015475,Swindon 015A,Unable to prosecute suspect
49c6598328fb67c4980e8f8edb675faceca77c8d6846e34e2cf0592331e2f547,2022-11,Wiltshire Police,Wiltshire Police,-1.785866,51.560508,On or near ,E01015494,Swindon 019A,Unable to prosecute suspect
9daa5a9fdc5949c0124c91637c064628b95153e2c48fd1eeecc90d0b532d6f37,2022-11,Wiltshire Police,Wiltshire Police,-1.828542,51.597506,On or near Callington Road,E01032705,Swindon 026D,Investigation complete; no suspect identified
3732ebacb0555d4a3eced048f8c4579c9e57f2024c3277a374765ba469ad27b5,2022-11,Wiltshire Police,Wiltshire Police,-2.221173,51.428751,On or near Westwood Road,E01031889,Wiltshire 017B,Unable to prosecute suspect
2d20b75084ea679d3b58e1fa17430c0b9c1a858f953123b16ef7fca31673cfca,2022-11,Wiltshire Police,Wiltshire Police,-1.783797,51.051318,On or near ,E01032000,Wiltshire 057A,Investigation complete; no suspect identified
8e155a410fd434438907cf9cb44aa3803afee18f026b70d1357e1ab52abcdbf7,2022-11,Wiltshire Police,Wiltshire Police,-1.778459,51.573811,On or near Tiverton Road,E01015508,Swindon 010A,Unable to prosecute suspect
d6451af1dc6882b097b19a4f177099899271db947e1ff2c987031d910efec3b0,2022-11,Wiltshire Police,Wiltshire Police,-1.747912,51.552907,On or near Lesley Anne Skeete Court,E01015541,Swindon 020D,Investigation complete; no suspect identified
d4619deb0a63b80722c8e27e8a1d850a3dd624416dbadcfb637a7b852cb3405b,2022-11,Wiltshire Police,Wiltshire Police,-1.827155,51.559515,On or near ,E01015569,Swindon 022D,Unable to prosecute suspect
e482d4f7fd95a23a3bcac85bf7961a6d4279dc46061a7ad1bef8de7e95a4b371,2022-11,Wiltshire Police,Wiltshire Police,-1.796302,51.069154,On or near Minster Street,E01032022,Wiltshire 058C,Investigation complete; no suspect identified
ffea7def926047df4425cab704d79b6f0781877941e938d7a5baa47d01b1c415,2022-11,Wiltshire Police,Wiltshire Police,-1.805855,51.558205,On or near Saltash Road,E01032708,Swindon 012F,Investigation complete; no suspect identified
04aa6d8925f3d10f53a8bd8185866c07f3ed9e0a4ab63fe2122ecace351b8795,2022-11,Wiltshire Police,Wiltshire Police,-1.828149,51.559094,On or near ,E01015569,Swindon 022D,Local resolution
50e7197631b827f683930b8200ddd390d12b90b5e0984c3a981c106d4a26dcac,2022-11,Wiltshire Police,Wiltshire Police,-2.077913,51.505721,On or near Queens Close,E01031939,Wiltshire 008A,Investigation complete; no suspect identified
825c905e904b9cc8089afc513ecfe86553f64b59965c3e653c47cb102fb58c6c,2022-11,Wiltshire Police,Wiltshire Police,-1.776315,51.552074,On or near JOINER LANE,E01015534,Swindon 024B,Unable to prosecute suspect
216c0a5c55252c78bcef2b3c243041a0aca2a23db3a225b3f1dd5a729862db92,2022-11,Wiltshire Police,Wiltshire Police,-1.763445,51.032741,On or near ,E01032000,Wiltshire 057A,Investigation complete; no suspect identified
19c210b33b220445fbd15e43a7cb6c13da0bf5e3259634318e34e40c06737e4b,2022-11,Wiltshire Police,Wiltshire Police,-1.817696,51.072768,On or near Cherry Orchard Lane,E01032002,Wiltshire 055B,Unable to prosecute suspect
c0eedae14ea2ac2d7d7c9253cfd35a951f30e19d52b6ca6681ed82fbd09439ff,2022-11,Wiltshire Police,Wiltshire Police,-2.158247,51.200669,On or near BOREHAM FIELD,E01032104,Wiltshire 042A,Unable to prosecute suspect
015886612e6fda4f7455584d1c3b4c7c73d5422ca88956ae9be97ce801ffa0b1,2022-11,Wiltshire Police,Wiltshire Police,-2.214827,51.308481,On or near Pine Grove,E01032090,Wiltshire 036C,Unable to prosecute suspect
e26f90d5754ff8a53be57988428fbf30eb0d97c5b567f16278018f544b44f8c8,2022-11,Wiltshire Police,Wiltshire Police,-2.216871,51.303999,On or near Winterslow Road,E01032088,Wiltshire 036A,Further action is not in the public interest
7104378064232f9ec1d1f16eecbfdf3ed8ec12b718b94fc05bdf5bf704ee528b,2022-11,Wiltshire Police,Wiltshire Police,-2.183981,51.265229,On or near The Paddocks,E01032115,Wiltshire 040A,Unable to prosecute suspect
cc1fcddcc3099cb1c851ec42e7fa12da2809a0528660d860d12dfd66747f90fe,2022-11,Wiltshire Police,Wiltshire Police,-2.206492,51.318126,On or near ,E01032101,Wiltshire 032C,Unable to prosecute suspect
32963f5aff0940e54ac8ae5170d9142c17b205c5495809eb8c922f6143511c37,2022-11,Wiltshire Police,Wiltshire Police,-1.664437,51.247521,On or near Franklin Close,E01032698,Wiltshire 041H,Unable to prosecute suspect
60925170add32c3ce431f3a008a7bf9d4532334d57893f69f0844b3b444f5e09,2022-11,Wiltshire Police,Wiltshire Police,-1.617905,51.257522,On or near Recreation Road,E01031859,Wiltshire 041A,Unable to prosecute suspect
8c46caf2de1123c9e8446eb793dc134712e78b7da161a38c3b39114e64fb974e,2022-11,Wiltshire Police,Wiltshire Police,-2.040241,51.283342,On or near Victoria Park,E01031848,Wiltshire 028C,Unable to prosecute suspect
d869cb36e1deb2e32a0ec32c43b40b296b7e3a341088c2bf1c3960f66a092e54,2022-11,Wiltshire Police,Wiltshire Police,-2.113174,51.455331,On or near ,E01031917,Wiltshire 011D,Unable to prosecute suspect
108b5af5cfc4c225797e8b4a53970bf100837121d7c775a18c42bd1b76d20a1f,2022-11,Wiltshire Police,Wiltshire Police,-1.793158,51.070173,On or near BROWN STREET,E01032014,Wiltshire 056A,Unable to prosecute suspect
2554d76cd6832076f1cf64e27d67f44a83f806e8b9fe1ed676c47cbf80bf680b,2022-11,Wiltshire Police,Wiltshire Police,-1.802295,51.069506,On or near EAST STREET,E01032022,Wiltshire 058C,Unable to prosecute suspect
2554d76cd6832076f1cf64e27d67f44a83f806e8b9fe1ed676c47cbf80bf680b,2022-11,Wiltshire Police,Wiltshire Police,-1.802295,51.069506,On or near EAST STREET,E01032022,Wiltshire 058C,Unable to prosecute suspect
2554d76cd6832076f1cf64e27d67f44a83f806e8b9fe1ed676c47cbf80bf680b,2022-11,Wiltshire Police,Wiltshire Police,-1.802295,51.069506,On or near EAST STREET,E01032022,Wiltshire 058C,Unable to prosecute suspect
2554d76cd6832076f1cf64e27d67f44a83f806e8b9fe1ed676c47cbf80bf680b,2022-11,Wiltshire Police,Wiltshire Police,-1.802295,51.069506,On or near EAST STREET,E01032022,Wiltshire 058C,Unable to prosecute suspect
cb8bbde989e8dc5bc100bd1dce9a3c610bc0a5e610016d057a318483a16484e0,2022-11,Wiltshire Police,Wiltshire Police,-1.775207,51.560371,On or near YORK ROAD,E01015493,Swindon 017B,Unable to prosecute suspect
cb8bbde989e8dc5bc100bd1dce9a3c610bc0a5e610016d057a318483a16484e0,2022-11,Wiltshire Police,Wiltshire Police,-1.775207,51.560371,On or near YORK ROAD,E01015493,Swindon 017B,Unable to prosecute suspect
cb8bbde989e8dc5bc100bd1dce9a3c610bc0a5e610016d057a318483a16484e0,2022-11,Wiltshire Police,Wiltshire Police,-1.775207,51.560371,On or near YORK ROAD,E01015493,Swindon 017B,Unable to prosecute suspect
2554d76cd6832076f1cf64e27d67f44a83f806e8b9fe1ed676c47cbf80bf680b,2022-11,Wiltshire Police,Wiltshire Police,-1.802295,51.069506,On or near EAST STREET,E01032022,Wiltshire 058C,Unable to prosecute suspect
8d6aaedc409b61440350f17ab64cac36c661e00b15b6dabde02565450a781e31,2022-11,Wiltshire Police,Wiltshire Police,-2.200375,51.258035,On or near PENLEIGH ROAD,E01032117,Wiltshire 040C,Unable to prosecute suspect
8a03b16da54d65faf38c1dfee8069832770bbb47d90bd51d377ad4c84237a217,2022-11,Wiltshire Police,Wiltshire Police,-1.770565,51.176876,On or near OAK PLACE,E01031974,Wiltshire 048A,Unable to prosecute suspect
108b5af5cfc4c225797e8b4a53970bf100837121d7c775a18c42bd1b76d20a1f,2022-11,Wiltshire Police,Wiltshire Police,-1.793158,51.070173,On or near BROWN STREET,E01032014,Wiltshire 056A,Unable to prosecute suspect
217d4bc1ee1798a0aff872920c785a1fa3d75893e3b8903b1a445d417ff640bc,2022-11,Wiltshire Police,Wiltshire Police,-1.804891,51.567896,On or near MANNINGTON PARK,E01015578,Swindon 012B,Suspect charged
fe797077798033e4a8df8bf7693dbd378d2f46f813c8e9a78f67527fdbe9c243,2022-11,Wiltshire Police,Wiltshire Police,-1.745783,51.562217,On or near MARLOWE AVENUE,E01015538,Swindon 016A,Unable to prosecute suspect
81e55c7c7c043a25e536983fa77a21b1c9d85ee150eb8226932688deec34e3fc,2022-11,Wiltshire Police,Wiltshire Police,-1.775189,51.587399,On or near OKUS GROVE,E01015543,Swindon 003A,Unable to prosecute suspect
108b5af5cfc4c225797e8b4a53970bf100837121d7c775a18c42bd1b76d20a1f,2022-11,Wiltshire Police,Wiltshire Police,-1.793158,51.070173,On or near BROWN STREET,E01032014,Wiltshire 056A,Unable to prosecute suspect
80ce5c65f739278e090a6991de30474e6f237bff56759b3bbaafb32e3296e39a,2022-11,Wiltshire Police,Wiltshire Police,-2.204039,51.321466,On or near Roundstone Street,E01032101,Wiltshire 032C,Unable to prosecute suspect
5b04ef35f795c707c5d0453791fa81938bd808bfe3d3dd630124fa984003f01b,2022-11,Wiltshire Police,Wiltshire Police,-2.201199,51.253098,On or near A3098,E01032117,Wiltshire 040C,Unable to prosecute suspect
e262f94ce11f878293293489c0594476914abd9f3686b119045332554317e284,2022-11,Wiltshire Police,Wiltshire Police,-1.777267,51.566867,On or near ELMINA ROAD,E01015480,Swindon 015D,Suspect charged
8064771a5454e374b51995a9d0b29a183abacc94bef13402cf446454a29a0533,2022-11,Wiltshire Police,Wiltshire Police,-1.785821,51.104366,On or near Sports/Recreation Area,E01032011,Wiltshire 057B,Unable to prosecute suspect
c1faf9bd67f959387a04c5e847a26a21ac204cd45005da20db3bff949088b89b,2022-11,Wiltshire Police,Wiltshire Police,-1.619827,51.257357,On or near Deweys Lane,E01031859,Wiltshire 041A,Unable to prosecute suspect
06e54fe2f40b2c571caddc5f17c978f536bb7cd41d2fc0639c9e1e6d05cdf0b0,2022-11,Wiltshire Police,Wiltshire Police,-2.230999,51.309430,On or near Regents Place,E01032096,Wiltshire 033A,Unable to prosecute suspect
ec2f57a9031fedcd24b5bcc1785887080143591d1267eabbe57e6b1b0cd1ccbc,2022-11,Wiltshire Police,Wiltshire Police,-1.992283,51.352450,On or near Monday Market Street,E01031854,Wiltshire 026B,Unable to prosecute suspect
b833a38497ee9912015af98791b07740a3d5c1b7bb70512795cd2d24b667db14,2022-11,Wiltshire Police,Wiltshire Police,-1.816891,51.554276,On or near Markenfield,E01015568,Swindon 014D,Unable to prosecute suspect
38dc9d783d2a5928741e9eed0af39dfd8cb789410f6eefdf72ace6ebeb19d7ca,2022-11,Wiltshire Police,Wiltshire Police,-2.209645,51.320530,On or near Shopping Area,E01032086,Wiltshire 031B,Unable to prosecute suspect
e262f94ce11f878293293489c0594476914abd9f3686b119045332554317e284,2022-11,Wiltshire Police,Wiltshire Police,-1.777267,51.566867,On or near ELMINA ROAD,E01015480,Swindon 015D,Unable to prosecute suspect
917a3639aaf2d9317a31bc408e5e62dfcae31c11b1c1f6cb7a036eaa664eba3e,2022-11,Wiltshire Police,Wiltshire Police,-2.004541,51.443904,On or near Dixon Way,E01031898,Wiltshire 015D,Suspect charged
80ce5c65f739278e090a6991de30474e6f237bff56759b3bbaafb32e3296e39a,2022-11,Wiltshire Police,Wiltshire Police,-2.204039,51.321466,On or near Roundstone Street,E01032101,Wiltshire 032C,Unable to prosecute suspect
b30150c5d7a2d0d5b0f09d15120a4e01ab9c0fedb1e7a1fb799f7108f851e4a1,2022-11,Wiltshire Police,Wiltshire Police,-1.725815,51.586764,On or near ASH GARDENS,E01015473,Swindon 008A,Suspect charged
fc839aa5c14dc958ad58e0af234bb8873c7873575b9701f5a054d9ca3060d0e0,2022-11,Wiltshire Police,Wiltshire Police,-2.128538,51.366029,On or near Rosebrock Gardens,E01032069,Wiltshire 022E,Suspect charged
4fd440eea373e43417f19941d94288d5ae8c47274ace3a7fcefe5cb7abb5761e,2022-11,Wiltshire Police,Wiltshire Police,-1.754990,51.588456,On or near OAK GARDEN,E01015557,Swindon 005C,Suspect charged
c22df926dc4a9c2449af2dafb93cd6335aa8ace35422c4f3cce91657caf0b46d,2022-11,Wiltshire Police,Wiltshire Police,-2.185606,51.259481,On or near Jubilee Close,E01032117,Wiltshire 040C,Suspect charged
9ddb7887bf51229c42d22f03de3e1c9fbd5f1b0f68d498688122f722dcd43179,2022-11,Wiltshire Police,Wiltshire Police,-1.996662,51.352135,On or near Parking Area,E01031854,Wiltshire 026B,Unable to prosecute suspect
f10719c4345e16f004ba4da162efbdc0bd47b3ecc9739fd2c5240fb85c11a78c,2022-11,Wiltshire Police,Wiltshire Police,-1.784297,51.590482,On or near WESTBURY ROAD,E01015543,Swindon 003A,Suspect charged
d72da493150a93910ef1328c995820124636adb21313b79ebc07dac8b44b1863,2022-11,Wiltshire Police,Wiltshire Police,-1.796322,51.071150,On or near Scots Lane,E01032014,Wiltshire 056A,Suspect charged
b1310a78148751df4645e3b4abb4fd062fa15a1a93bbf00e924fd7cbc4b3484a,2022-11,Wiltshire Police,Wiltshire Police,-1.790730,51.541729,On or near ,E01015536,Swindon 024D,Suspect charged
f5a619f4ed4e43ae2991fbecc8580d7b1b0be1ed3b612c0e0428d26127b4667f,2022-11,Wiltshire Police,Wiltshire Police,-1.759166,51.190260,On or near Crescent Road,E01031989,Wiltshire 046A,Suspect charged
fd6813f3279a3b4960d17feb0c3a0d6dfbc4d29a775441a834dfcb1109e9e4b1,2022-11,Wiltshire Police,Wiltshire Police,-1.812306,51.589038,On or near Holmleigh,E01015515,Swindon 004C,Unable to prosecute suspect
ced42b81dc6bf645a8e64cadfa3a442d0b9dbc211d54c22de51d770e3db172b2,2022-11,Wiltshire Police,Wiltshire Police,-1.797541,51.562706,On or near ,E01032716,Swindon 012G,Suspect charged
4b91db920d82be537a0e408cb91ecbf129a324f13560eee9b7d7a31824160147,2022-11,Wiltshire Police,Wiltshire Police,-1.784494,51.564003,On or near Milford Street,E01015475,Swindon 015A,Suspect charged
369ccc17cc777fdbb1f34beadc26a51c16bc9d46770a3a072c4bacfdae7d0756,2022-11,Wiltshire Police,Wiltshire Police,-1.775525,51.551461,On or near ,E01015534,Swindon 024B,Unable to prosecute suspect
aea7423e3b226c922936675c2c5cb452ddc7d817763f04315d990f735de629ac,2022-11,Wiltshire Police,Wiltshire Police,-1.774098,51.577354,On or near A4311,E01015509,Swindon 010B,Unable to prosecute suspect
5b3125b3167126f075f6d1973d49d9a822b5378663a8eff191bf203c544ab7af,2022-11,Wiltshire Police,Wiltshire Police,-1.726366,51.420180,On or near Petrol Station,E01031865,Wiltshire 019E,Unable to prosecute suspect
3be81d9e441e7f3aa7e7082f64d8ae5a17a05628a266bf4d5fb454e83e69ebf9,2022-11,Wiltshire Police,Wiltshire Police,-1.733819,51.417077,On or near PEWSEY ROAD,E01031865,Wiltshire 019E,Unable to prosecute suspect
c9cb1b98407b5d2c2fc182577cb5f359eb23ef65887b9fc38007f92f4568d4c7,2022-11,Wiltshire Police,Wiltshire Police,-1.840337,51.556189,On or near Sudeley Way,E01015502,Swindon 022B,Suspect charged
e00f67754849f81c812a999d62d8cf053a03dae652f8c1eab351a8e779929c32,2022-11,Wiltshire Police,Wiltshire Police,-2.122851,51.462748,On or near MARSHFIELD ROAD,E01031910,Wiltshire 009B,Suspect charged
3a828842b529279323a4d69f0f102130b1d69f98518d8f2c01fe6815c0762089,2022-11,Wiltshire Police,Wiltshire Police,-1.766297,51.163757,On or near Keel Close,E01031977,Wiltshire 048D,Unable to prosecute suspect
f72c9f2a5865e00b2a2dfa90018e163b172c2840a466a804e6deb7f49b36a2d5,2022-11,Wiltshire Police,Wiltshire Police,-1.779498,51.088519,On or near ST DAVIDS CLOSE,E01031984,Wiltshire 051A,Unable to prosecute suspect
262edeb8ae3d1fd0f97fd7a888ca8577b229cd84f52cfc77cadab6194886a221,2022-11,Wiltshire Police,Wiltshire Police,-2.208016,51.318762,On or near MILL STREET,E01032086,Wiltshire 031B,Unable to prosecute suspect
06386b0bd0cfa10e34fb71742822104036dcd14e9256b23fc9ce64463d7af2c2,2022-11,Wiltshire Police,Wiltshire Police,-1.773919,51.567040,On or near AMBER COURT,E01015479,Swindon 017A,Unable to prosecute suspect
1cf70165d8e715e818c5e9a1cafd3601406debdd082a44df62c224445ad6e572,2022-11,Wiltshire Police,Wiltshire Police,-1.625133,51.251575,On or near JOHNSON WAY,E01031878,Wiltshire 041C,Suspect charged
01d3642c53d4aa39251c93dc6ec492579e5166af376a05160ab1058c4df41f05,2022-11,Wiltshire Police,Wiltshire Police,-2.112972,51.455367,On or near Parking Area,E01031917,Wiltshire 011D,Offender given a caution
3b74b25aa2db46b0a0c50ae7bc9a8b879d9c43b5aaa02d9700ef7abd6ac43f2f,2022-11,Wiltshire Police,Wiltshire Police,-1.792801,51.659892,On or near Mill Lane,E01015474,Swindon 008B,Suspect charged
65ff69d269fd26f07ffca5483c274035bc70e9cb3d44667a4934f045f8327a5e,2022-11,Wiltshire Police,Wiltshire Police,-1.872014,51.586232,On or near THE PEAK,E01031956,Wiltshire 003C,Offender given a caution
dfdefb88d16bcbb693bd0cb1149f878af81739de7daecc84e6b9f34f9c18ec8f,2022-11,Wiltshire Police,Wiltshire Police,-1.995132,51.434633,On or near Priestley Grove,E01031901,Wiltshire 016B,Suspect charged
5319149bbe3337e8f1248b888a087c3984c3c6d6e7c6129460fc600675ef0f7a,2022-11,Wiltshire Police,Wiltshire Police,-1.743994,51.554652,On or near Beaufort Green,E01015539,Swindon 020B,Local resolution
5b3125b3167126f075f6d1973d49d9a822b5378663a8eff191bf203c544ab7af,2022-11,Wiltshire Police,Wiltshire Police,-1.726366,51.420180,On or near Petrol Station,E01031865,Wiltshire 019E,Unable to prosecute suspect
b8dedc9c8fcfefe554c6fd870d44101487c63b71edd37cdd2df706b42022a32a,2022-11,Wiltshire Police,Wiltshire Police,-1.788082,51.595839,On or near Ramsbury Avenue,E01015546,Swindon 003D,Suspect charged
dfcc39d2b28cf111f47a57cfc882ceeb2712bc7766757127995b2264085149e7,2022-11,Wiltshire Police,Wiltshire Police,-1.832911,51.547547,On or near Grantham Close,E01015501,Swindon 022A,Suspect charged
f2e7fa29c140296520a9968f32f362f34910436ec731564985aae4505560f595,2022-11,Wiltshire Police,Wiltshire Police,-1.828308,51.582867,On or near PURTON ROAD,E01031954,Wiltshire 003A,Suspect charged
0f81d81887dfbcf1afebf9b62ebbabdff0d10566b9f6014770fa5e1c86c3918f,2022-11,Wiltshire Police,Wiltshire Police,-1.786886,51.561517,On or near Queen Street,E01015476,Swindon 015B,Offender given a caution
6e2d49b822e6c8d796f6bfc765e02a0afe939f6ae533e9d9ad0b41ffdad8414e,2022-11,Wiltshire Police,Wiltshire Police,-1.807435,51.597446,On or near ,E01032710,Swindon 028E,Suspect charged
28cd203732ddb66c1ca9c76d564ce463aef12301c7ad59540974d437b5f2f26a,2022-11,Wiltshire Police,Wiltshire Police,-2.262669,51.089393,On or near LYNCH CLOSE,E01032037,Wiltshire 050D,Suspect charged
acb13507d7826f6f5652e0d36bfae9c2ca6a5d34c892699e5a67cbbeaa4e3c67,2022-11,Wiltshire Police,Wiltshire Police,-2.149236,51.383583,On or near ADDISON ROAD,E01032063,Wiltshire 020A,Unable to prosecute suspect
317bc17a2ad91488a85e106ead7f82431650127a2b84ba0a81bcfd4f29f99b72,2022-11,Wiltshire Police,Wiltshire Police,-2.206861,51.320355,On or near Park Road,E01032086,Wiltshire 031B,Suspect charged
4e30d49aa18db77805c5404daa70ebb8c4b74e31e170c66579b11ab841c57bf3,2022-11,Wiltshire Police,Wiltshire Police,-1.755959,51.550307,On or near HENLEY ROAD,E01015542,Swindon 020E,Unable to prosecute suspect
905203f46d0d148c93c734ae7bdcceea3075cdfb2e8d4a8aeae63b43f92d5c75,2022-11,Wiltshire Police,Wiltshire Police,-2.210883,51.318262,On or near Bythesea Road,E01032086,Wiltshire 031B,Suspect charged
d9c7da05909f399dfdd1981fd81929f2c7ff7484fa59dfe3589392409bdc052b,2022-11,Wiltshire Police,Wiltshire Police,-2.175551,51.204448,On or near Cotton House Gardens,E01032103,Wiltshire 044A,Suspect charged
a9ecc09849fc0f7ebc2c13c3e69fc76924ebf5bb9e63ff45648c583f563245bd,2022-11,Wiltshire Police,Wiltshire Police,-1.775125,51.550490,On or near Newport Street,E01015534,Swindon 024B,Offender given a caution
b1e1450ca6bdea56b18dfc707807e6d70ef1351306786c8a32ef82fb1cb30fa7,2022-11,Wiltshire Police,Wiltshire Police,-1.754622,51.552310,On or near Kimberley Road,E01015542,Swindon 020E,Suspect charged
358c66620f126a440a4fe044054a7da8f4cd77410997ccfd42e66ebd3ba680eb,2022-11,Wiltshire Police,Wiltshire Police,-2.250938,51.345698,On or near St Margaret's Hill,E01032050,Wiltshire 027F,Unable to prosecute suspect
06f823fc131c8a5bc3e5e96904d97dd2d8d89b67d68c4596a4f468761df58bb0,2022-11,Wiltshire Police,Wiltshire Police,-1.797541,51.562706,On or near ,E01032716,Swindon 012G,Suspect charged
568d904e6553cbd737987c8fc2a19034d96169687c9b0161e809d598f1f9a511,2022-11,Wiltshire Police,Wiltshire Police,-1.810586,51.596498,On or near Pencarrow Close,E01032710,Swindon 028E,Unable to prosecute suspect
40f211653f0bfa9302856d50018aba8de10462aeb54546a5a8e1781fcf0e911c,2022-11,Wiltshire Police,Wiltshire Police,-1.735918,51.541929,On or near Stowell Road,E01015583,Swindon 025A,Unable to prosecute suspect
83ec383ea86e3369cd8ed88f0455f25aca8ccb548c5848fe99678ce292a2d998,2022-11,Wiltshire Police,Wiltshire Police,-1.790113,51.055421,On or near ROWBARROW CLOSE,E01032005,Wiltshire 059A,Unable to prosecute suspect
06f823fc131c8a5bc3e5e96904d97dd2d8d89b67d68c4596a4f468761df58bb0,2022-11,Wiltshire Police,Wiltshire Police,-1.797541,51.562706,On or near ,E01032716,Swindon 012G,Suspect charged
d7e661a0020ca72ef50fd2157ce1f0bbc55885d9a8fa5e03600e7d92a3fcb78d,2022-11,Wiltshire Police,Wiltshire Police,-1.773228,51.586892,On or near Merton Avenue,E01015555,Swindon 005A,Suspect charged
529e6703d2ed16843bf8addb95657d79934234f24212a76363efb77d9dc001c3,2022-11,Wiltshire Police,Wiltshire Police,-2.137578,51.372429,On or near Watson's Court,E01032068,Wiltshire 022D,Unable to prosecute suspect
8da08b736667979aaf8bc95a7b93791e5e9320e28db6b6d0b26af5f061b25765,2022-11,Wiltshire Police,Wiltshire Police,-1.834404,51.581401,On or near Lower Mill,E01031954,Wiltshire 003A,Unable to prosecute suspect
4d1d36fdcf67459072a4fe674ba5dad6b80f06b58d6a61284ecbdd9333cd5a0a,2022-11,Wiltshire Police,Wiltshire Police,-1.779326,51.561746,On or near Spring Close,E01032714,Swindon 019E,Unable to prosecute suspect
eaa1751acadc625c2a127d2b5d0f73c5b11018c403caec1e87d2b157d181f191,2022-11,Wiltshire Police,Wiltshire Police,-1.777091,51.551723,On or near ,E01015534,Swindon 024B,Unable to prosecute suspect
e142191d20a9d908cea79ee3b6b10ee9f56ac1d6124a0c3ad550bee703ede534,2022-11,Wiltshire Police,Wiltshire Police,-2.204333,51.432747,On or near Chestnut Grange,E01031953,Wiltshire 018G,Unable to prosecute suspect
fa0618255ef3d1cba3580108e34139e0506c8a94c91699e089f2899d1ad22d47,2022-11,Wiltshire Police,Wiltshire Police,-1.781509,51.091904,On or near Saunders Avenue,E01031984,Wiltshire 051A,Unable to prosecute suspect
c70c6f74b9c838618917b1207b21624d90a021ff5b8c611b3f4b43c3eab84204,2022-11,Wiltshire Police,Wiltshire Police,-2.261912,51.084251,On or near Bristle Grove,E01032035,Wiltshire 050B,Unable to prosecute suspect
031b035067066e63e58d5d3c972eb92f9fb3c95d92353d6847ccaf5ee66de177,2022-11,Wiltshire Police,Wiltshire Police,-1.792838,51.049068,On or near Odstock Road,E01032000,Wiltshire 057A,Unable to prosecute suspect
eb0d4be32d1049c650a65f77b46e31008a477be8bd108e7e7ba52253a9e4959e,2022-11,Wiltshire Police,Wiltshire Police,-2.007503,51.434444,On or near Wenhill Heights,E01031900,Wiltshire 016A,Unable to prosecute suspect
2f1c1c5afb30fcac4d91f3cff65c6c37b06b270563474790e3579da455cdb060,2022-11,Wiltshire Police,Wiltshire Police,-1.795582,51.077236,On or near Victoria Road,E01032020,Wiltshire 053C,Suspect charged
7bc0b01d83c5259db13073f111a5b61bd35fbe735350b7debab892e57d1902ea,2022-11,Wiltshire Police,Wiltshire Police,-2.186080,51.433011,On or near ,E01031952,Wiltshire 018F,Unable to prosecute suspect
62ef4460a976ed7fdd3814d6f29f8c67dba6952aebbf761d8aedde2a2404d402,2022-11,Wiltshire Police,Wiltshire Police,-2.185303,51.080675,On or near Wise Lane,E01032010,Wiltshire 050A,Unable to prosecute suspect
834c70eb5df42aa41ef51f64b7b643ae450f05868ae6e1ee3dc4364fb61bf8b9,2022-11,Wiltshire Police,Wiltshire Police,-1.894947,51.542889,On or near Eveleigh Road,E01031963,Wiltshire 006A,Unable to prosecute suspect
5bf9360b2f9f0fe674062ccda9ace48378ae8571ea5c0c8bd173be9ba6cd4bcc,2022-11,Wiltshire Police,Wiltshire Police,-1.787622,51.511823,On or near Thorney Park,E01015583,Swindon 025A,Unable to prosecute suspect
f3e7e91fd2d72e1c9631c97b13cac5e8ce827e37b8b812712005e2fbba29df7e,2022-11,Wiltshire Police,Wiltshire Police,-1.779385,51.561350,On or near Parking Area,E01032714,Swindon 019E,Unable to prosecute suspect
cf45f104ca6ab88bc7c8c2d79c2257907b28f7afd52eea368c06bde41148a507,2022-11,Wiltshire Police,Wiltshire Police,-1.757340,51.559131,On or near Shrewsbury Road,E01015573,Swindon 016C,Suspect charged
64a7d9b773492327e312527cdcf1f6a8e7a8e6f2bf909c535077044279d05ad9,2022-11,Wiltshire Police,Wiltshire Police,-2.176799,51.328129,On or near Lacock Gardens,E01032080,Wiltshire 030D,Suspect charged
f11e7969ff1fe008569c1930dac1ab89bad67f0a735774b0fa81764e8e1874bf,2022-11,Wiltshire Police,Wiltshire Police,-2.176799,51.328129,On or near Lacock Gardens,E01032080,Wiltshire 030D,Unable to prosecute suspect
a45b9f4c3a0bf7a62d9a794573caaf37daf9f2979f771e12b2351110e2820195,2022-11,Wiltshire Police,Wiltshire Police,-1.782903,51.592044,On or near Durrington Walk,E01015546,Swindon 003D,Suspect charged
f9cbc6567d87b3ff756c7339035758462182391e76e742ceed7451680422d1b3,2022-11,Wiltshire Police,Wiltshire Police,-1.820350,51.599040,On or near Eyre Close,E01032704,Swindon 027C,Unable to prosecute suspect
9c62f7817af1b2c22b09429984e9225fc7464be6118d2a6c83de00a43dace5a0,2022-11,Wiltshire Police,Wiltshire Police,-1.784735,51.082936,On or near Talbot Close,E01031986,Wiltshire 051C,Unable to prosecute suspect
0b690b863032f4a0c1245294cb67e9332484613803e96bdecb261540ce247505,2022-11,Wiltshire Police,Wiltshire Police,-1.790333,51.066724,On or near Barnard Street,E01032023,Wiltshire 059D,Unable to prosecute suspect
ae29659b666b19cf7ad0e243d8d264b540d99c0813596dc22cf9ce121c1ae96e,2022-11,Wiltshire Police,Wiltshire Police,-1.797993,51.610396,On or near Emerald Crescent,E01015474,Swindon 008B,Unable to prosecute suspect
7c92414d5baff9aa782e3171dc0343be4b016c137ccad1e22d397f6ddb46cce0,2022-11,Wiltshire Police,Wiltshire Police,-2.113813,51.457713,On or near Market Place,E01031912,Wiltshire 011B,Suspect charged
0e8cbc100f54f80752fcb71fe56accbc050543779acf00a667228643080e70e1,2022-11,Wiltshire Police,Wiltshire Police,-2.073675,51.504807,On or near Sharplands,E01031939,Wiltshire 008A,Unable to prosecute suspect
8672ef5a19e873859d2cce71a47045308b21e026522b4e30bd370c798535261d,2022-11,Wiltshire Police,Wiltshire Police,-2.233175,51.308500,On or near Lambrok Close,E01032096,Wiltshire 033A,Unable to prosecute suspect
fc8c2076491db93e19e74f7b28ed27aa03c18b2bb5434f05e921697775dfcfc3,2022-11,Wiltshire Police,Wiltshire Police,-2.117553,51.462502,On or near Union Road,E01031912,Wiltshire 011B,Unable to prosecute suspect
9a514d3bead2e97ad0fde49cd94d3e26a3280c93924f133d58d173efc27201bd,2022-11,Wiltshire Police,Wiltshire Police,-1.802291,51.070378,On or near Fisherton Street,E01032014,Wiltshire 056A,Suspect charged
d52e7c9adc5567d53d558309a30f9b0be61ee578b4a16ec0a9000cc01c4abee1,2022-11,Wiltshire Police,Wiltshire Police,-1.767424,51.544864,On or near BRUDDEL GROVE,E01015533,Swindon 024A,Suspect charged
3f40a2305e7da22cb61a43400c1efb51f9df70c0e172f24b16c445764ed8f958,2022-11,Wiltshire Police,Wiltshire Police,-1.740928,51.563592,On or near Tyneham Road,E01015486,Swindon 013F,Further action is not in the public interest
07d2be7984be4bc56fc2e7f8f4fed27364f358b44908103f2b638fc372ea34ff,2022-11,Wiltshire Police,Wiltshire Police,-2.141306,51.449375,On or near Cheltenham Drive,E01031906,Wiltshire 010B,Suspect charged
86f26aa903b9f2e50b6df501224a9ae99d1e597979fadcd6291d9fea3059cdba,2022-11,Wiltshire Police,Wiltshire Police,-1.753677,51.561713,On or near Hunsdon Close,E01015572,Swindon 016B,Unable to prosecute suspect
75c461ebbd3d8a94937d5e15f907d3a4f00f672d873992b1897614e21f58c62a,2022-11,Wiltshire Police,Wiltshire Police,-2.138282,51.372474,On or near High Street,E01032068,Wiltshire 022D,Suspect charged
89cbb1052731189d6d00b0c7cb91273680e48019323c073e504763e0c74a8bef,2022-11,Wiltshire Police,Wiltshire Police,-2.187998,51.336141,On or near Newleaze,E01032079,Wiltshire 030C,Unable to prosecute suspect
d65242a8308419c7abab036ab0febffb3ab4ea2874f5829e720540cdf62bdd48,2022-11,Wiltshire Police,Wiltshire Police,-2.201129,51.319071,On or near Pedestrian Subway,E01032101,Wiltshire 032C,Suspect charged
0795c516619a7e6458ecedf249e96c0f0fea535f0225d9755d4a04c34db638e6,2022-11,Wiltshire Police,Wiltshire Police,-1.827559,51.555667,On or near Pevensey Way,E01015570,Swindon 022E,Unable to prosecute suspect
f6690b8e26f50cd52085c70d9826e3fc0d1c319f7b92ddb95dd66e0e635acadb,2022-11,Wiltshire Police,Wiltshire Police,-2.214991,51.312976,On or near Centenary Court,E01032094,Wiltshire 035C,Unable to prosecute suspect
1564bd468b4b8c129be2d9907ec38e11128996f81d697b8385941083ceb3c67e,2022-11,Wiltshire Police,Wiltshire Police,-1.992412,51.351515,On or near Rendells Court,E01031856,Wiltshire 026D,Suspect charged
a5255ee6b542a9671953094aeeff11a657bf85d38045afbf48497f5442417060,2022-11,Wiltshire Police,Wiltshire Police,-1.816733,51.604474,On or near Wharncliffe Street,E01032712,Swindon 027E,Unable to prosecute suspect
09ba378f95a986c4ccfd92a6758da72eb859a188a0538fae28492913ff15af88,2022-11,Wiltshire Police,Wiltshire Police,-2.126875,51.362029,On or near Newall Road,E01032070,Wiltshire 021D,Unable to prosecute suspect
28014dfd9d3a24ff9340411df91ad1728a8da703fc3c930d5faed3c484cac10e,2022-11,Wiltshire Police,Wiltshire Police,-2.206348,51.314835,On or near Orchard Road,E01032093,Wiltshire 035B,Unable to prosecute suspect
262edeb8ae3d1fd0f97fd7a888ca8577b229cd84f52cfc77cadab6194886a221,2022-11,Wiltshire Police,Wiltshire Police,-2.208016,51.318762,On or near MILL STREET,E01032086,Wiltshire 031B,Unable to prosecute suspect
262edeb8ae3d1fd0f97fd7a888ca8577b229cd84f52cfc77cadab6194886a221,2022-11,Wiltshire Police,Wiltshire Police,-2.208016,51.318762,On or near MILL STREET,E01032086,Wiltshire 031B,Unable to prosecute suspect
262edeb8ae3d1fd0f97fd7a888ca8577b229cd84f52cfc77cadab6194886a221,2022-11,Wiltshire Police,Wiltshire Police,-2.208016,51.318762,On or near MILL STREET,E01032086,Wiltshire 031B,Unable to prosecute suspect
262edeb8ae3d1fd0f97fd7a888ca8577b229cd84f52cfc77cadab6194886a221,2022-11,Wiltshire Police,Wiltshire Police,-2.208016,51.318762,On or near MILL STREET,E01032086,Wiltshire 031B,Unable to prosecute suspect
d92e3c139bb7e70a1e327c23b3c00774ec012b40a4f6c066cc6da3a923b75277,2022-11,Wiltshire Police,Wiltshire Police,-1.780712,51.564473,On or near Lagos Street,E01015480,Swindon 015D,Local resolution
4daa064dc0e20827562e3f5b14e1bcd59cd5659e9b711aa7f9a732ae07936af0,2022-11,Wiltshire Police,Wiltshire Police,-1.772606,51.558208,On or near Drove Road,E01015574,Swindon 017C,Suspect charged
83ead7e6a880eb6c44bed87a837f49b8d55903227a39b9876641328dc858c6e3,2022-11,Wiltshire Police,Wiltshire Police,-1.778790,51.571087,On or near Whiteman Street,E01015510,Swindon 010C,Suspect charged
075fa8b6b97a5f9649cd939a0ffca93a57eb6487d7260137b5339940f6fb0228,2022-11,Wiltshire Police,Wiltshire Police,-1.742979,51.558084,On or near DAWLISH ROAD,E01015537,Swindon 020A,Action to be taken by another organisation
e7f44c2ad49971c84e7956812fa8573cbd31fa7f19da8abee08208817bd71899,2022-11,Wiltshire Police,Wiltshire Police,-1.787628,51.563209,On or near Bridge Street,E01015476,Swindon 015B,Unable to prosecute suspect
a9fb54b36f6862bbe6a81e892ac0401520e0f3fc16aea6b3c958bf73a117c6fa,2022-11,Wiltshire Police,Wiltshire Police,-1.807513,51.599379,On or near ,E01032710,Swindon 028E,Further action is not in the public interest
cdbeea9daa21c34a978e573a72452cee40c54c1997f530f23fb7db2e987cd76e,2022-11,Wiltshire Police,Wiltshire Police,-0.673249,50.834394,On or near Bowley Mead,E01031396,Arun 003D,Investigation complete; no suspect identified
d557bc867f8c11aa5760a4e7c53bd5f4055c7962002923a864411fe642a75efc,2022-11,Wiltshire Police,Wiltshire Police,-2.184862,51.430702,On or near South Place,E01031931,Wiltshire 018A,Unable to prosecute suspect
5bca6eab21feb96b8a99290e21d2aba94f943523190fb4ee21226998708221ea,2022-11,Wiltshire Police,Wiltshire Police,-2.169708,51.199745,On or near Canons Close,E01032105,Wiltshire 042B,Unable to prosecute suspect
bfc1838be09b89acfabac49e3feade337f9e6ed06bd42b6a913e8a8d9934ad44,2022-11,Wiltshire Police,Wiltshire Police,-1.744356,51.559391,On or near Tavistock Road,E01015538,Swindon 016A,Unable to prosecute suspect
8dd950f615f3f4e08b17abc12224367752211f3e9c32de22d165863583a3a54b,2022-11,Wiltshire Police,Wiltshire Police,-1.777961,51.578431,On or near Wilcox Close,E01015508,Swindon 010A,Local resolution
05914021b22561c07e232ec52c9de4db7127ee1a745607ed9bf1cb234eaad51f,2022-11,Wiltshire Police,Wiltshire Police,-1.849316,51.356688,On or near Rectory Close,E01031871,Wiltshire 024D,Unable to prosecute suspect
516d5349eb6c86c3ce5347077162a978d6a45b6fb749371881c64f31203f1b12,2022-11,Wiltshire Police,Wiltshire Police,-1.791378,51.065971,On or near St Ann Street,E01032023,Wiltshire 059D,Investigation complete; no suspect identified
5ca368fb89360a6505ff566176c98a3643129cab4751ceb4d0be92be3a03495f,2022-11,Wiltshire Police,Wiltshire Police,-1.807435,51.597446,On or near ,E01032710,Swindon 028E,Unable to prosecute suspect
18364021c8329189f1ff86732fbef621ecf648a7337163a302e64892f83d561f,2022-11,Wiltshire Police,Wiltshire Police,-2.160200,51.514935,On or near The Chase Park,E01031951,Wiltshire 008D,Investigation complete; no suspect identified
6514f6d156261edaed5fbafe8402826945dac8254f3246d2f15ebd5c1d43fdc5,2022-11,Wiltshire Police,Wiltshire Police,-1.803961,51.582829,On or near Lewisham Close,E01015530,Swindon 006D,Unable to prosecute suspect
cae24eea96b79cca658b6285ae6ad3cc42d885a8230a53a62940e19c2f4bdb81,2022-11,Wiltshire Police,Wiltshire Police,-1.841963,51.548908,On or near Godolphin Close,E01015503,Swindon 022C,Unable to prosecute suspect
9a12669052df909f8cc7dac7ec8431ee6d84c796a5348c3b4fb874731cc75835,2022-11,Wiltshire Police,Wiltshire Police,-1.789823,51.043946,On or near ,E01032000,Wiltshire 057A,Unable to prosecute suspect
261f6aa1b22b919e7503b87e2fd74580bb8a81b0172a473c169e3caa650249c3,2022-11,Wiltshire Police,Wiltshire Police,-1.989641,51.349959,On or near LONG STREET,E01031852,Wiltshire 025C,Further action is not in the public interest
84e29593354876b90988631b13dc732b16110ac19d467c1a52303c178575a59d,2022-11,Wiltshire Police,Wiltshire Police,-1.817412,51.604259,On or near Isambard Way,E01032712,Swindon 027E,Investigation complete; no suspect identified
6f90942ef57924cdb10f252edb69b24bad112ad65f07e5865baecade39a8c455,2022-11,Wiltshire Police,Wiltshire Police,-1.844636,51.543247,On or near M4,E01031961,Wiltshire 007E,Action to be taken by another organisation
c4b34bca7280b7fc51acdbdce4bae80de69794a4143430fcbd4bd5511658b936,2022-11,Wiltshire Police,Wiltshire Police,-1.782765,51.551295,On or near Penfold Gardens,E01015532,Swindon 021D,Unable to prosecute suspect
516682743f8f9d1278a02a8106685936adf905a5bf36a507a84cfe06cc225388,2022-11,Wiltshire Police,Wiltshire Police,-2.129290,51.382977,On or near Littlejohn Avenue,E01032064,Wiltshire 020B,Unable to prosecute suspect
1c37cdad41a79b778aa1f80db6522107e5c80a58d939202a9749eb416ca26c88,2022-11,Wiltshire Police,Wiltshire Police,-2.251913,51.337504,On or near Spencers Orchard,E01032049,Wiltshire 027E,Investigation complete; no suspect identified
56331b3f6ab50c7265ccb46017114cc1c83d4eabc87553e11c18d1be4338e645,2022-11,Wiltshire Police,Wiltshire Police,-1.625133,51.251575,On or near JOHNSON WAY,E01031878,Wiltshire 041C,Suspect charged
b8e5af0127af23f427851901272d7ecfaeea4b6a87f83c82541d6337f634414a,2022-11,Wiltshire Police,Wiltshire Police,-1.784788,51.562772,On or near ,E01015476,Swindon 015B,Investigation complete; no suspect identified
c60b2311cd497a3f6f6f8a9954e35f256ae696813be1a07b44c2151931bfac85,2022-11,Wiltshire Police,Wiltshire Police,-1.784788,51.562772,On or near ,E01015476,Swindon 015B,Suspect charged
221f2d8fcab82b22e915d0c7f074e90e2441c7d5fef2af0901fc57915cde63b8,2022-11,Wiltshire Police,Wiltshire Police,-1.626543,51.250941,On or near STABLE CLOSE,E01031878,Wiltshire 041C,Unable to prosecute suspect
ae76e28009fca92e82fdb6bdc88a4a7514e6dd7af016f2b8593269c3ff4f5b7d,2022-11,Wiltshire Police,Wiltshire Police,-2.158204,51.200660,On or near Boreham Field,E01032104,Wiltshire 042A,Investigation complete; no suspect identified
ba2285644b1ebc850f218210e3c353769363a1a535f62532e908713dfd541e74,2022-11,Wiltshire Police,Wiltshire Police,-2.150153,51.382602,On or near Caretakers Close,E01032063,Wiltshire 020A,Unable to prosecute suspect
d54f6514b215597b473fa2672abd7a4e593e35bc36a2f911e1c2283d1e742068,2022-11,Wiltshire Police,Wiltshire Police,-2.004599,51.450180,On or near Nuthatch Road,E01032690,Wiltshire 015F,Investigation complete; no suspect identified
423be6b91f013c3fce83401075ef05cd3bd9ac18be25c73eb9ce3bf454269523,2022-11,Wiltshire Police,Wiltshire Police,-1.611226,51.444429,On or near Knowledge Hill,E01031874,Wiltshire 012D,Unable to prosecute suspect
c1f0c9ae48c474395d6ebaa5a723559ae2b2d014a5af851eb91c42ea5e92ba2d,2022-11,Wiltshire Police,Wiltshire Police,-1.786097,51.072400,On or near Fairview Road,E01032015,Wiltshire 056B,Investigation complete; no suspect identified
812eacb52c8f6fff4db591ddc7a9907f05354466e6f7167683fa96ba1113afee,2022-11,Wiltshire Police,Wiltshire Police,-1.966409,51.506714,On or near Church End Close,E01032699,Wiltshire 007I,Investigation complete; no suspect identified
2926f6277d1d6ca872c697cb9e0a98b4942a84f86b0d961cadd861005467fa45,2022-11,Wiltshire Police,Wiltshire Police,-2.188292,51.166561,On or near ,E01032082,Wiltshire 047E,Investigation complete; no suspect identified
74eb4dc8cd04962e1962ce77039efdc93c0dc6a7ff551b71ea54f4fa5c9e11e1,2022-11,Wiltshire Police,Wiltshire Police,-2.257068,51.350693,On or near Elmfield,E01032047,Wiltshire 027C,Investigation complete; no suspect identified
57cc175afe440fa4d1ac195d4bde17da274794ac84a376b62f71441b5c832b83,2022-11,Wiltshire Police,Wiltshire Police,-2.108375,51.464813,On or near Cowleaze,E01031918,Wiltshire 011E,Investigation complete; no suspect identified
a8c0f6c32a1c6a474d640edfec6c3a08e754264b7adaa35893acb7fb05061da7,2022-11,Wiltshire Police,Wiltshire Police,-1.764649,51.554533,On or near BRIXHAM AVENUE,E01015576,Swindon 017D,Local resolution
b68e275acc94fe584fee2bcfc6e32b1a9f0ae1437d0d76d65ecff45a07c65172,2022-11,Wiltshire Police,Wiltshire Police,-1.992211,51.349653,On or near Bridewell Street,E01031856,Wiltshire 026D,Investigation complete; no suspect identified
ccaacb8915f9305f901837f87acc581fa76fabb609e5a52fdfb87ab7e1c5a49f,2022-11,Wiltshire Police,Wiltshire Police,-2.108375,51.464813,On or near Cowleaze,E01031918,Wiltshire 011E,Investigation complete; no suspect identified
7b072a9d46026c9d173866d0c42e0944b114fcd9bf96131f4bc887ed7742a22e,2022-11,Wiltshire Police,Wiltshire Police,-2.182185,51.205993,On or near THE CLOSE,E01032103,Wiltshire 044A,Unable to prosecute suspect
ec7d62fc63731f20189785f27620b554e9901e452b02c39322aeb34b7c244110,2022-11,Wiltshire Police,Wiltshire Police,-1.827239,51.081918,On or near Glyndebourne Close,E01031983,Wiltshire 052D,Unable to prosecute suspect
0543b4fe8a32a81887c4431e9263f38146e0b2ee34eb1efafd1701eaa412e34e,2022-11,Wiltshire Police,Wiltshire Police,-1.789823,51.043946,On or near ,E01032000,Wiltshire 057A,Investigation complete; no suspect identified
0f1f1727c61d228d54fe526856b9efc390db01cf68cc3625ba7f4721d5f8c037,2022-11,Wiltshire Police,Wiltshire Police,-1.832429,51.087645,On or near Maryland Close,E01031980,Wiltshire 052A,Suspect charged
4475262df470d3d2e473892eed62b0022eebef80f74fdea138c55ff08161598f,2022-11,Wiltshire Police,Wiltshire Police,-2.176097,51.204932,On or near Fairfield Road,E01032103,Wiltshire 044A,Unable to prosecute suspect
437d453eb257e780af27a9b0b4892dacba5fd55a7863770835f6419ae3958dc5,2022-11,Wiltshire Police,Wiltshire Police,-1.781110,51.598695,On or near Farmer Crescent,E01015472,Swindon 028B,Investigation complete; no suspect identified
7a717c6ab7b0710bd094d29b59a4dd34c7c4f0f56b7ad2bd663cf1a90d146114,2022-11,Wiltshire Police,Wiltshire Police,-1.783049,51.092447,On or near Fulton Road,E01031984,Wiltshire 051A,Unable to prosecute suspect
30780cd167472472a55d51d46edf50ad6828b0527186f6f03f340be9fdb3b224,2022-11,Wiltshire Police,Wiltshire Police,-1.660518,51.234975,On or near Drummer Lane,E01031880,Wiltshire 041E,Suspect charged as part of another case
fe998693110aea2ace322dbcbb487f87f206ed3adf35374fe782ad671630330f,2022-11,Wiltshire Police,Wiltshire Police,-1.617905,51.257522,On or near Recreation Road,E01031859,Wiltshire 041A,Unable to prosecute suspect
e22333437cf5080a185ac35130c6d3540ce0f9dc8540e5c913555c5c2e26f65c,2022-11,Wiltshire Police,Wiltshire Police,-1.784297,51.590482,On or near WESTBURY ROAD,E01015543,Swindon 003A,Suspect charged
7b9d4984c382f25dbb6681c129c94721a5a3c45cd78cc24cfe8f1c8aff4942bf,2022-11,Wiltshire Police,Wiltshire Police,-2.213215,51.316810,On or near NEWTOWN,E01032089,Wiltshire 036B,Further action is not in the public interest
fc839aa5c14dc958ad58e0af234bb8873c7873575b9701f5a054d9ca3060d0e0,2022-11,Wiltshire Police,Wiltshire Police,-2.128538,51.366029,On or near Rosebrock Gardens,E01032069,Wiltshire 022E,Suspect charged
60bb75762e04afc8331069c42b07ca88bc1c0136fbf57b2a6d92f3d23120e08e,2022-11,Wiltshire Police,Wiltshire Police,-2.214901,51.318318,On or near NEWTOWN,E01032086,Wiltshire 031B,Suspect charged
1d15431a2af71d6511b3757fe1925feae19119be01d37b30f0691a8798afc084,2022-11,Wiltshire Police,Wiltshire Police,-2.184714,51.319098,On or near Leisler Gardens,E01032102,Wiltshire 032D,Suspect charged
f0dee3842063b295d0ec4c043aaacbe9cee0b1de6d2e5922b8966284287ba40b,2022-11,Wiltshire Police,Wiltshire Police,-1.624160,51.254943,On or near ASTOR CRESCENT,E01031878,Wiltshire 041C,Unable to prosecute suspect
60bb75762e04afc8331069c42b07ca88bc1c0136fbf57b2a6d92f3d23120e08e,2022-11,Wiltshire Police,Wiltshire Police,-2.214901,51.318318,On or near NEWTOWN,E01032086,Wiltshire 031B,Suspect charged
399cca6e7ffd9ca83627f6147287ea42d4482608f24bef69613cd890ae937aad,2022-11,Wiltshire Police,Wiltshire Police,-1.906761,51.625808,On or near MALMESBURY ROAD,E01031887,Wiltshire 001A,Unable to prosecute suspect
2999ef0375cc44051b5e675df044146302a9d67ba5af0d726c43664ca79ce5de,2022-11,Wiltshire Police,Wiltshire Police,-1.756543,51.177459,On or near Petrol Station,E01031977,Wiltshire 048D,Unable to prosecute suspect
7eb5f77e76aaf1181d69dc8423450449b021f8d23a36b58b47a8d5749dd47418,2022-11,Wiltshire Police,Wiltshire Police,-1.873860,51.544927,On or near SWINDON ROAD,E01031961,Wiltshire 007E,Suspect charged
46e1affdccf57d8cc88cb384a1271300165d7d29a2ca29910a480ca5ccebf895,2022-11,Wiltshire Police,Wiltshire Police,-1.758181,51.550141,On or near Cambridge Close,E01015533,Swindon 024A,Suspect charged
68a3167d48198595b4eeff99ce37d2c1f4acd7e3ad0ac493f6e5f8244e7e65ab,2022-11,Wiltshire Police,Wiltshire Police,-1.797541,51.562706,On or near ,E01032716,Swindon 012G,Suspect charged
605e3966b62b7ccea4352a62d4b8421622cdba70db645571db2068aca10e36aa,2022-11,Wiltshire Police,Wiltshire Police,-2.186666,51.262653,On or near SAXON CLOSE,E01032115,Wiltshire 040A,Unable to prosecute suspect
22eeaecef3d0b0b3d80a86ea9c2668918a7294bff98107dd42cb63a4fae45aaf,2022-11,Wiltshire Police,Wiltshire Police,-1.835335,51.579254,On or near Stockbridge Copse,E01015562,Swindon 011A,Suspect charged
e262f94ce11f878293293489c0594476914abd9f3686b119045332554317e284,2022-11,Wiltshire Police,Wiltshire Police,-1.777267,51.566867,On or near ELMINA ROAD,E01015480,Swindon 015D,Suspect charged
dff10fcb91bd5fefd4f221d750a60b8feb797ae527967800bd57857c71e7d94b,2022-11,Wiltshire Police,Wiltshire Police,-1.774369,51.554777,On or near Chandler Close,E01015576,Swindon 017D,Offender given a caution
1b6f1399894cd9e5f23d55136b6f0654223794e07793dd928b33995b03a56410,2022-11,Wiltshire Police,Wiltshire Police,-1.785302,51.560868,On or near ,E01015494,Swindon 019A,Suspect charged
1d5cfdbbde01c27e2ffe552ac7d8364d17a1e6a4eb927434e97919c9a8d6a797,2022-11,Wiltshire Police,Wiltshire Police,-1.806727,51.601014,On or near BUSCOT CLOSE,E01032702,Swindon 027B,Local resolution
2999ef0375cc44051b5e675df044146302a9d67ba5af0d726c43664ca79ce5de,2022-11,Wiltshire Police,Wiltshire Police,-1.756543,51.177459,On or near Petrol Station,E01031977,Wiltshire 048D,Unable to prosecute suspect
c1faf9bd67f959387a04c5e847a26a21ac204cd45005da20db3bff949088b89b,2022-11,Wiltshire Police,Wiltshire Police,-1.619827,51.257357,On or near Deweys Lane,E01031859,Wiltshire 041A,Unable to prosecute suspect
46e1affdccf57d8cc88cb384a1271300165d7d29a2ca29910a480ca5ccebf895,2022-11,Wiltshire Police,Wiltshire Police,-1.758181,51.550141,On or near Cambridge Close,E01015533,Swindon 024A,Suspect charged
2501381b0f99d6031d156873391eaadb0b79143e9de6242199558bfabc731a59,2022-11,Wiltshire Police,Wiltshire Police,-1.822733,51.606165,On or near TADPOLE LANE,E01015474,Swindon 008B,Unable to prosecute suspect
7eb5f77e76aaf1181d69dc8423450449b021f8d23a36b58b47a8d5749dd47418,2022-11,Wiltshire Police,Wiltshire Police,-1.873860,51.544927,On or near SWINDON ROAD,E01031961,Wiltshire 007E,Suspect charged
e70020521131329e061b3b42d9689e8a653ab2e96d0ea1969c184dc16e7c518f,2022-11,Wiltshire Police,Wiltshire Police,-1.669846,51.246476,On or near COLLINS COURT,E01032698,Wiltshire 041H,Offender given a caution
624b7f614aa105d2208956beedca8696af94d46ce19dead618748e2c4a517120,2022-11,Wiltshire Police,Wiltshire Police,-2.176350,51.327167,On or near Hilperton Drive,E01032080,Wiltshire 030D,Unable to prosecute suspect
a7b94f50f6ccf072586dfb5e7b268be46690e86439afdff254ee557d989418f2,2022-11,Wiltshire Police,Wiltshire Police,-1.776111,51.552443,On or near Wood Street,E01015534,Swindon 024B,Suspect charged
aea52f5621b75aaf9754484b65125beaf38f632b4f547f0cf16d57c6b14ca0a6,2022-11,Wiltshire Police,Wiltshire Police,-2.126224,51.459166,On or near Kingham Close,E01031911,Wiltshire 011A,Unable to prosecute suspect
6cdfec0de9751329acd7617b7de8c917d43cd9f6043e383d779e99de9e3ede6f,2022-11,Wiltshire Police,Wiltshire Police,-1.775722,51.552442,On or near WOOD STREET,E01015534,Swindon 024B,Investigation complete; no suspect identified
aa221f91318418c7e7ec3ccb00a4e2abb5d72800ba22de06ca86b5d582e8790f,2022-11,Wiltshire Police,Wiltshire Police,-1.733233,51.555777,On or near ,E01015491,Swindon 023E,Local resolution
de36d027007169dc7ef29b9604e331e399190065d27eb304a3d90b2674f7e34a,2022-11,Wiltshire Police,Wiltshire Police,-1.749429,51.544512,On or near Petrol Station,E01015535,Swindon 024C,Suspect charged
c4efcb0468501e9dcb166b75b191c441a186ede07701dcb71356b0138eb14c22,2022-11,Wiltshire Police,Wiltshire Police,-1.727200,51.538528,On or near ,E01015547,Swindon 008C,Suspect charged
db03fb0d51aabfc41415d5e2ea35820a316657851cb4d969886e69add0703973,2022-11,Wiltshire Police,Wiltshire Police,-1.776315,51.552074,On or near JOINER LANE,E01015534,Swindon 024B,Suspect charged
e40c9ab4843dc76fbe649335d3090cf5468d03dbf26ee7d7492c7b488e0913f2,2022-11,Wiltshire Police,Wiltshire Police,-1.790613,51.579156,On or near POUND LANE,E01015580,Swindon 007D,Unable to prosecute suspect
c4ae87a9c5d26a91a478164c8db9a30311ee7c7ff7560b4dc40cf058a6e9caf6,2022-11,Wiltshire Police,Wiltshire Police,-1.794681,51.196982,On or near Parking Area,E01031999,Wiltshire 046D,Unable to prosecute suspect
4aabc7bf4c0b24c63c5fb6aa6f81980f4d1647c86dadd7db9e833c8f194c7ad5,2022-11,Wiltshire Police,Wiltshire Police,-1.779389,51.171498,On or near Bus/Coach Station,E01031979,Wiltshire 048F,Suspect charged
661da961a5ce00fde93968a64765cdf5e067335acf9ef34f1154b316bcd3fd15,2022-11,Wiltshire Police,Wiltshire Police,-1.786886,51.561517,On or near Queen Street,E01015476,Swindon 015B,Suspect charged
aa36b4138c55b23ab015c37c9d4448858cac405e66f9a1852357b38bf1941cd8,2022-11,Wiltshire Police,Wiltshire Police,-1.756065,51.560315,On or near BURGHLEY CLOSE,E01015572,Swindon 016B,Unable to prosecute suspect
cc4413c809eda2d3fe6e158621fe01d41fd31394af38a9d2e25da049613b4695,2022-11,Wiltshire Police,Wiltshire Police,-2.184046,51.324395,On or near LEAP GATE,E01032080,Wiltshire 030D,Suspect charged
20b7ea66623cff019fabb00ef4a41d2c906190e1995fb631ee35590006913761,2022-11,Wiltshire Police,Wiltshire Police,-2.245892,51.416859,On or near Quarry Hill,E01031890,Wiltshire 017C,Unable to prosecute suspect
c23e22e34767b30bcfcdf1fda0d513a5f7c4e7e7092124150721e63d48eff7fb,2022-11,Wiltshire Police,Wiltshire Police,-2.133166,51.371823,On or near SANGSTER AVENUE,E01032062,Wiltshire 022A,Suspect charged
7ad311b66708f2aa253dd9d068776ef47853373d9f032655c5670d1bc0edbd87,2022-11,Wiltshire Police,Wiltshire Police,-1.781289,51.588436,On or near Inglesham Road,E01015544,Swindon 003B,Unable to prosecute suspect
f879e1346e8a633e4244cccea9efcdd2824d89229b4b142e788713bb2d9d7f71,2022-11,Wiltshire Police,Wiltshire Police,-1.770025,51.167613,On or near PAINS WAY,E01031979,Wiltshire 048F,Offender given a caution
06d87d75bb7445dc4bf8c46da87a55f56f547b1549f4fdd4cdc0008a9d9f4036,2022-11,Wiltshire Police,Wiltshire Police,-2.208412,51.346123,On or near New Terrace,E01032078,Wiltshire 030B,Unable to prosecute suspect
14d707629e110e465e07199060acf8f4fb1753c0ba1778abb51f0f86c8661250,2022-11,Wiltshire Police,Wiltshire Police,-2.101450,51.587462,On or near Gloucester Road,E01031949,Wiltshire 002D,Suspect charged
9bdd915ab45c3399f681849bbd3edf607023c06a31506cde6f5212ed7635c2ca,2022-11,Wiltshire Police,Wiltshire Police,-1.751981,51.552574,On or near Horsham Road,E01015541,Swindon 020D,Investigation complete; no suspect identified
496c8089eb61475846ec67c9e7c003c317e5f8c69c41ae8396c30741351e238e,2022-11,Wiltshire Police,Wiltshire Police,-1.760101,51.585616,On or near Shakespeare Path,E01015558,Swindon 005D,Unable to prosecute suspect
953af7e8f7f91f7dad1f725bc636a49972dc320a211482b0a35f9719ce7ca33a,2022-11,Wiltshire Police,Wiltshire Police,-1.790120,51.053802,On or near The Crescent,E01032007,Wiltshire 059C,Unable to prosecute suspect
338f5d562833ee17afc71f983cd18755f8a5dca59f711c333ca0e1d661889631,2022-11,Wiltshire Police,Wiltshire Police,-1.745440,51.582447,On or near Walnut Tree Close,E01015553,Swindon 009E,Unable to prosecute suspect
926568b8bdd35b47ec09e3206944e587133c835b64eb8fff066b43da7bd248f5,2022-11,Wiltshire Police,Wiltshire Police,-2.014009,51.443930,On or near Corfe Crescent,E01031897,Wiltshire 015C,Unable to prosecute suspect
58f7b27e981f69baca8be9571e50ce55f7e488936da7ca3c6a0618c7cad8164a,2022-11,Wiltshire Police,Wiltshire Police,-2.200329,51.329592,On or near Downside Park,E01032087,Wiltshire 031C,Unable to prosecute suspect
887ac84c151f8fe8f27d6ae3199de8b4bef8932a481c852cb142d01d8a92a013,2022-11,Wiltshire Police,Wiltshire Police,-2.103521,51.450674,On or near Cricketts Lane,E01031916,Wiltshire 014A,Unable to prosecute suspect
b7cc2cb118334597565c67ee54813d3823097b773c0d40760562a590f6fdd7db,2022-11,Wiltshire Police,Wiltshire Police,-1.787856,51.613543,On or near The Ridge,E01015473,Swindon 008A,Suspect charged
62a61a13efe2bda0e3b17000934a89857dc6b49e8c0bb740a5de9263667998d2,2022-11,Wiltshire Police,Wiltshire Police,-2.182222,51.262507,On or near Market Place,E01032115,Wiltshire 040A,Unable to prosecute suspect
64a7a2d8948e9f2ac4f8e7740f1c02b52842b59b219202f15814e5459afd3276,2022-11,Wiltshire Police,Wiltshire Police,-1.777362,51.556185,On or near HUNT STREET,E01032715,Swindon 019F,Suspect charged
e9cf1078e1a16d3b6be223a09cfc7821c20c3e5e5ff7a261056087d236808ba3,2022-11,Wiltshire Police,Wiltshire Police,-2.142795,51.456144,On or near ,E01031909,Wiltshire 010D,Unable to prosecute suspect
df01b6236e6f8c00e9eb61d0eadd445f20fa5da2adc2ddd75ffe03931d0b4660,2022-11,Wiltshire Police,Wiltshire Police,-1.744443,51.551614,On or near Pakenham Road,E01015539,Swindon 020B,Unable to prosecute suspect
f40918187c9adb5a5ce90c674ab67ff15f38af5a72b32109bde277ef802778b9,2022-11,Wiltshire Police,Wiltshire Police,-2.114993,51.469059,On or near Cedar Grove,E01031915,Wiltshire 009D,Unable to prosecute suspect
1ad70595e9532479f07b354a58c9362c64e959280c563e85ec8b9583e0b4cb4a,2022-11,Wiltshire Police,Wiltshire Police,-1.770485,51.581456,On or near Wheeler Avenue,E01015560,Swindon 005F,Unable to prosecute suspect
f35bdcbbeebdc1ff370e4975ecddb354c5ecfc1ba9ae7096764f09a3f03d2ca3,2022-11,Wiltshire Police,Wiltshire Police,-2.202636,51.201796,On or near Sassoon Close,E01032113,Wiltshire 043D,Suspect charged
d5ee93db6dcc8a0639919938e2e8386f5239bb4a1e0145b64159de5705a94037,2022-11,Wiltshire Police,Wiltshire Police,-1.817435,51.073784,On or near The Malverns,E01032002,Wiltshire 055B,Unable to prosecute suspect
292301a218c3d005df696a9de587021563cdc0d6ae32e4fe04743010563280e7,2022-11,Wiltshire Police,Wiltshire Police,-2.215361,51.318461,On or near A363,E01032086,Wiltshire 031B,Unable to prosecute suspect
ed04c643a9400c01cfbe1b109b565067e8d721dc0d8336e968f39a0a75033320,2022-11,Wiltshire Police,Wiltshire Police,-1.996174,51.354221,On or near A361,E01031854,Wiltshire 026B,Suspect charged
ed04c643a9400c01cfbe1b109b565067e8d721dc0d8336e968f39a0a75033320,2022-11,Wiltshire Police,Wiltshire Police,-1.996174,51.354221,On or near A361,E01031854,Wiltshire 026B,Suspect charged
d99d1bb8d47187660e4b5895dc78543e740242f03e18f991f176f00ac12800ac,2022-11,Wiltshire Police,Wiltshire Police,-1.798097,51.587054,On or near Corfe Close,E01015514,Swindon 004B,Further action is not in the public interest
51e328046ce139e613614fbd5badcc52a9799244f22fa7992d93aa3c64b6004e,2022-11,Wiltshire Police,Wiltshire Police,-1.957505,51.506252,On or near Sycamore Close,E01031944,Wiltshire 007B,Unable to prosecute suspect
af556eb860bdee65f0fd11185f899697e2915a485f0ff2bd14ad887edff23541,2022-11,Wiltshire Police,Wiltshire Police,-1.793411,51.067791,On or near ,E01032023,Wiltshire 059D,Unable to prosecute suspect
64d08b10da8f3e4b6c07191fa9d214870fb8e3c173284b5442db13b573d83dae,2022-11,Wiltshire Police,Wiltshire Police,-1.753104,51.584891,On or near Parsonage Road,E01015552,Swindon 009D,Suspect charged
31e424ef88b512edeec4267a6038881f9bd37271543df66d4dfb1716c28148d0,2022-11,Wiltshire Police,Wiltshire Police,-1.828109,51.551307,On or near Rhuddlan,E01015571,Swindon 022F,Unable to prosecute suspect
e9cf1078e1a16d3b6be223a09cfc7821c20c3e5e5ff7a261056087d236808ba3,2022-11,Wiltshire Police,Wiltshire Police,-2.142795,51.456144,On or near ,E01031909,Wiltshire 010D,Unable to prosecute suspect
5b6493a3cbceff18fa2976a3b65507731a50e12fe7df58eea8918f146e1eb9ef,2022-11,Wiltshire Police,Wiltshire Police,-1.775401,51.564759,On or near Rosebery Street,E01015475,Swindon 015A,Unable to prosecute suspect
46bd282868c3d31fa78cd3a5b5f2f0f66d4d1da7ba5909d444c8918b277d71c5,2022-11,Wiltshire Police,Wiltshire Police,-1.996978,51.353826,On or near ,E01031854,Wiltshire 026B,Suspect charged
fd4b91b7eb17779c9f7527d847e36b1ffaccc35e237a54aa8c347abece80fc37,2022-11,Wiltshire Police,Wiltshire Police,-1.691943,51.425795,On or near Werg,E01031868,Wiltshire 012B,Suspect charged
f9e6e831c87f932bd17417363aa66f4150dea4f9d8ff1d80d25769d2f0574b18,2022-11,Wiltshire Police,Wiltshire Police,-1.999894,51.432583,On or near Thomas Court,E01031903,Wiltshire 016D,Unable to prosecute suspect
b5773b116799ea22994785ad291afce06829f1021be81d88be448d2f965d148b,2022-11,Wiltshire Police,Wiltshire Police,-1.721646,51.040486,On or near WINDWHISTLE WAY,E01031971,Wiltshire 060B,Unable to prosecute suspect
5effd31782b01af21ed9ba50dc71e5c6269f3356b1924837352b90edfbafdd49,2022-11,Wiltshire Police,Wiltshire Police,-2.071371,51.569663,On or near The Crescent,E01031894,Wiltshire 004D,Unable to prosecute suspect
a230553081c5d53d2111676a59cfb29a366ad96502869002cd66cf3035974117,2022-11,Wiltshire Police,Wiltshire Police,-1.749180,51.582069,On or near Parkside,E01015552,Swindon 009D,Unable to prosecute suspect
a4174062cd1cba60cce68bfbe2b780dc6dca866f37b3e4476f2e68f03aef4977,2022-11,Wiltshire Police,Wiltshire Police,-2.213345,51.310758,On or near ,E01032095,Wiltshire 035D,Suspect charged
8f69097e187c757db63b1ddff2256e4ebfc5137a9b398f5c83e38845bbabd7e2,2022-11,Wiltshire Police,Wiltshire Police,-1.854894,51.641221,On or near HAMMONDS,E01031936,Wiltshire 001D,Unable to prosecute suspect
0696af6d4721b838dd10677eec73e68a4d4223c92aba63491a7922c7383e1a47,2022-11,Wiltshire Police,Wiltshire Police,-2.206290,51.317911,On or near ,E01032101,Wiltshire 032C,Suspect charged
fd4b91b7eb17779c9f7527d847e36b1ffaccc35e237a54aa8c347abece80fc37,2022-11,Wiltshire Police,Wiltshire Police,-1.691943,51.425795,On or near Werg,E01031868,Wiltshire 012B,Suspect charged
c179fafe93e107f58305901e05a9fb02037c82212149ffd4f7b66046a4cd7ff6,2022-11,Wiltshire Police,Wiltshire Police,-2.207029,51.319546,On or near ,E01032101,Wiltshire 032C,Offender given a caution
469a69ede9e38f710c6d29a3db1fbc39164a0eece0732c5309d2a92efa5d6a21,2022-11,Wiltshire Police,Wiltshire Police,-1.784355,51.559849,On or near ,E01015494,Swindon 019A,Unable to prosecute suspect
8d2384aeae8c59f7a8619d3b1d7b9258f6d06046cab1678369ceb455e14803ad,2022-11,Wiltshire Police,Wiltshire Police,-1.791093,51.072355,On or near ,E01032014,Wiltshire 056A,Suspect charged
5ade07e8a6f48f4e079aab2e8e58039143be5f442d1624b71adda4ec6ce1421a,2022-11,Wiltshire Police,Wiltshire Police,-1.787454,51.563379,On or near Holbrook Way,E01015476,Swindon 015B,Unable to prosecute suspect
819f221b33fea498596350d6fd11f0d7d5e6b0fb0b3401e11f1f787f6e0e7eef,2022-11,Wiltshire Police,Wiltshire Police,-2.204329,51.322275,On or near Taylors View,E01032101,Wiltshire 032C,Investigation complete; no suspect identified
78547af75dfb2047b3c3dde71dddb59588447d57c62020ca09d37ec627e21aff,2022-11,Wiltshire Police,Wiltshire Police,-1.709393,51.629217,On or near BREWERY STREET,E01015520,Swindon 001B,Unable to prosecute suspect
ea519762e1f82c27a5707bff82fe89897aa123145862f440801762e8c4c7fa89,2022-11,Wiltshire Police,Wiltshire Police,-2.103521,51.450674,On or near Cricketts Lane,E01031916,Wiltshire 014A,Investigation complete; no suspect identified
f1c9feb610beb0677d9919d6b227716c994df1f5e7f09615effa2bf1b6fc5509,2022-11,Wiltshire Police,Wiltshire Police,-1.751190,51.544300,On or near The Oaks,E01015536,Swindon 024D,Unable to prosecute suspect
1015385c1f5ce815502cc5929ab720066dc7f1f242b3b2f0326572fec972ce13,2022-11,Wiltshire Police,Wiltshire Police,-1.794374,51.082432,On or near Feversham Road,E01032017,Wiltshire 051D,Unable to prosecute suspect
ba1dfc6cccac8f1e99ecbb75dc1082e9aec1b2514df8fa67e5a379466cc314e2,2022-11,Wiltshire Police,Wiltshire Police,-1.816147,51.078305,On or near Harper Road,E01032025,Wiltshire 053D,Unable to prosecute suspect
fe35bf202ba1d1a64b6e5807828cb17869bc219f1b8f3c883f32b2ce51e6822e,2022-11,Wiltshire Police,Wiltshire Police,-1.815384,51.097852,On or near New Bottom Road,E01032013,Wiltshire 049A,Investigation complete; no suspect identified
a50cb83a0c578fe667b040d8e61cc22d77ce8f364737e126a7d92f8355d24920,2022-11,Wiltshire Police,Wiltshire Police,-1.844636,51.543247,On or near M4,E01031961,Wiltshire 007E,Unable to prosecute suspect
d9adeede88b4de05eef8d9f726e8edad89da3f5d38713c352cd91edfc69993fd,2022-11,Wiltshire Police,Wiltshire Police,-1.604222,51.254005,On or near Abbatt Close,E01031860,Wiltshire 041B,Investigation complete; no suspect identified
ff570d5f90a6db59ed76e5991c7cd54303f499168199c7d2170827dccb013f9e,2022-11,Wiltshire Police,Wiltshire Police,-1.748118,51.353124,On or near ,E01031866,Wiltshire 024A,Investigation complete; no suspect identified
b1c0b4483c88e3a6b9dd5ad2a45a33ad33d9d8ef278c191f292e77ecadc59a5d,2022-11,Wiltshire Police,Wiltshire Police,-1.784331,51.564767,On or near Wellington Street,E01015476,Swindon 015B,Investigation complete; no suspect identified
5fb4e104d6860da64558027e57ad0c3278b911a5fceb3c94b144f32622ca4045,2022-11,Wiltshire Police,Wiltshire Police,-1.719055,51.580463,On or near ,E01015473,Swindon 008A,Unable to prosecute suspect
d507854ddff44b95f3fce27c726d5309ea7cc2baa59930bde24b1d9243ac7fe8,2022-11,Wiltshire Police,Wiltshire Police,-2.208187,51.324804,On or near Adcroft Drive,E01032086,Wiltshire 031B,Investigation complete; no suspect identified
8ccae274c020b81508ff0d6c10a59ae2e8a7c2dfd18cb1873a7fb896f4bff129,2022-11,Wiltshire Police,Wiltshire Police,-1.771864,51.171699,On or near Devereux Road,E01031975,Wiltshire 048B,Investigation complete; no suspect identified
04243b67c0d4ee6c325d84b5796da0bc25f6e3a11bf19c234ad89ed8c77f00a7,2022-11,Wiltshire Police,Wiltshire Police,-1.784041,51.559030,On or near Morley Street,E01032714,Swindon 019E,Investigation complete; no suspect identified
b0f572587c7667f56e05229fcdd2602ddd9cd247d013478eeb19aaa150974e6a,2022-11,Wiltshire Police,Wiltshire Police,-2.040241,51.283342,On or near Victoria Park,E01031848,Wiltshire 028C,Unable to prosecute suspect
bf0c976196c4f544ba43e160af83037f06b21772147309ffa616f021121853c1,2022-11,Wiltshire Police,Wiltshire Police,-1.784788,51.562772,On or near ,E01015476,Swindon 015B,Suspect charged
327c38288bedaf59263836e513af34a04f22121013d25af044428a45cfc1581f,2022-11,Wiltshire Police,Wiltshire Police,-1.729574,51.427273,On or near Purlyn Acre,E01031862,Wiltshire 019B,Suspect charged
a764d2db13dfb553e89adf10d856ec4ab5421d76de9b19a873cef03b4f57ca51,2022-11,Wiltshire Police,Wiltshire Police,-2.160200,51.514935,On or near The Chase Park,E01031951,Wiltshire 008D,Investigation complete; no suspect identified
8a62c4695fc6873f3db7464949932a3f2834ce19f9fd0faa5cb8b7d6d52988b3,2022-11,Wiltshire Police,Wiltshire Police,-1.788232,51.597710,On or near Woodsman Road,E01015472,Swindon 028B,Investigation complete; no suspect identified
a658c1b37824c0bc85d9d3b4b7a515279424bcec7295fac4bdf407320c69838e,2022-11,Wiltshire Police,Wiltshire Police,-2.188308,51.432585,On or near Alexander Terrace,E01031952,Wiltshire 018F,Unable to prosecute suspect
0282d340ea44953dcfcbf7042401c0bcae7bac1ff978fbc91ff5eb4091e1d6ba,2022-11,Wiltshire Police,Wiltshire Police,-1.779716,51.558617,On or near Clarence Street,E01032714,Swindon 019E,Investigation complete; no suspect identified
1a0a91fcb8cf6f5e1e44bb6658186706ce84cd700be48913d79873f158d075e5,2022-11,Wiltshire Police,Wiltshire Police,-2.131805,51.458153,On or near Parliament Street,E01031926,Wiltshire 010F,Unable to prosecute suspect
e0e04b18de9ab2bedb8f36b5152a9e4597d59b01804e8d4229154ad95416f4d6,2022-11,Wiltshire Police,Wiltshire Police,-1.793087,51.066927,On or near IVY STREET,E01032023,Wiltshire 059D,Unable to prosecute suspect
cd6bd20e9dd72260162557a4ac4b1d8952be75148360893f1828fa6dc7705282,2022-11,Wiltshire Police,Wiltshire Police,-1.894747,51.548329,On or near Swinburne Place,E01031965,Wiltshire 007F,Unable to prosecute suspect
c21a0d81769fcf8ef816e98986314b5d3cf1d11bf6d1b4adf683108b11b0c014,2022-11,Wiltshire Police,Wiltshire Police,-1.826908,51.563902,On or near EASTLEAZE ROAD,E01015561,Swindon 014A,Unable to prosecute suspect
c2baf444771aa1cbaf6445dee23d4daaa2c380da008e29834403c59fe7a546ae,2022-11,Wiltshire Police,Wiltshire Police,-1.991492,51.436584,On or near Mallard Close,E01031902,Wiltshire 016C,Unable to prosecute suspect
6e405ea18a03027f1b51bbf6c161d2b7f09d5c9dce91c4e760cf696c73288927,2022-11,Wiltshire Police,Wiltshire Police,-1.718760,51.637602,On or near Skye Close,E01015521,Swindon 001C,Unable to prosecute suspect
f3aa0281f6f0e568f52dea07dff97752de2fc781b62a447eee67921de08f5f1b,2022-11,Wiltshire Police,Wiltshire Police,-2.207639,51.311695,On or near STUDLEY RISE,E01032094,Wiltshire 035C,Unable to prosecute suspect
4e9f3f7ebc27216dc6d8c9d432671522a7133bbbaa6f215b473e66f3b59ac2a3,2022-11,Wiltshire Police,Wiltshire Police,-1.786621,51.562631,On or near Fleet Street,E01015476,Swindon 015B,Investigation complete; no suspect identified
a31408fed9722feb6bee9083ce6e46983013916fd140cf08a9c82628b5de5a11,2022-11,Wiltshire Police,Wiltshire Police,-1.765165,51.164303,On or near Margarets Close,E01031977,Wiltshire 048D,Unable to prosecute suspect
9e041a9815c01a818a605973fee02c17199f3c0b8b69cd241af0df1a38d2a41d,2022-11,Wiltshire Police,Wiltshire Police,-1.653101,51.240322,On or near Forest Drive,E01031880,Wiltshire 041E,Unable to prosecute suspect
a7c9f929e88ca0ef50387f9c1170c15d0923fedc267509dcc19b15544fdc481a,2022-11,Wiltshire Police,Wiltshire Police,-2.182708,51.204311,On or near ,E01032103,Wiltshire 044A,Unable to prosecute suspect
02290ac2fb6c65d0cda5e844e10fa347fa29b60f38363b2844a5161601c06076,2022-11,Wiltshire Police,Wiltshire Police,-1.652815,51.282124,On or near Penny Hill,E01031849,Wiltshire 029C,Unable to prosecute suspect
b92065bac60d27881c28c605f112297d218528a9aa4e41c5295eee9eea71a39a,2022-11,Wiltshire Police,Wiltshire Police,-1.775544,51.559293,On or near ,E01015493,Swindon 017B,Investigation complete; no suspect identified
947acb3c4804532c98e3511b385e0fb230fcbfcf7639a240caa4f17385a85f3f,2022-11,Wiltshire Police,Wiltshire Police,-2.203231,52.513724,On or near The Close,E01029645,South Staffordshire 013A,Investigation complete; no suspect identified
7ac086f6767193cb3ce2fec3aa03ff43d186b5af8e022ac6cb49111ee7505da2,2022-11,Wiltshire Police,Wiltshire Police,-2.228836,51.310082,On or near Summerleaze,E01032096,Wiltshire 033A,Unable to prosecute suspect
bbbe5dcec2d2d75585d0fb12aca21f05eeeb21845d748330ec95901f3a39709a,2022-11,Wiltshire Police,Wiltshire Police,-2.197182,51.261880,On or near Great Roc Road,E01032118,Wiltshire 040D,Investigation complete; no suspect identified
a251add2f14b8632512b5f5647177995c90775555e7c2142030cfc7e7876b15c,2022-11,Wiltshire Police,Wiltshire Police,-1.709601,51.630585,On or near High Street,E01015520,Swindon 001B,Investigation complete; no suspect identified
badf6671b47adb11df5aa1fda8aa112a6c7f7ae04641f894c5a74ce605cd4b63,2022-11,Wiltshire Police,Wiltshire Police,-1.779352,51.595140,On or near Warminster Avenue,E01015545,Swindon 003C,Unable to prosecute suspect
c84c02f42ccb7f196bf5c1b0fab2ac133eca32740935e93fadfe80157e798e0e,2022-11,Wiltshire Police,Wiltshire Police,-1.758859,51.585712,On or near RUSKIN AVENUE,E01015558,Swindon 005D,Unable to prosecute suspect
157a6dcdec6968267c8ef18cd5ddf5447694f44f7e9d684616a1c6670184987b,2022-11,Wiltshire Police,Wiltshire Police,-1.815969,51.069042,On or near Mitchell Road,E01032003,Wiltshire 055C,Investigation complete; no suspect identified
cbbe54d19718278e1a5d29e3892effbbe418b8c14a52530c1ab6da06f45a27f5,2022-11,Wiltshire Police,Wiltshire Police,-2.210569,51.319199,On or near ,E01032086,Wiltshire 031B,Local resolution
4ae60099ddafc042bdff57c40d5ef8a1a447f000c06b313b9d41b86f49ba6e86,2022-11,Wiltshire Police,Wiltshire Police,-1.754611,51.551644,On or near Charfield Close,E01015542,Swindon 020E,Unable to prosecute suspect
1e8f8331ea3e2fdf9eb51221b6dbcdb97c07eaa7c6e629b63c6d6589ea4a0879,2022-11,Wiltshire Police,Wiltshire Police,-1.784788,51.562772,On or near ,E01015476,Swindon 015B,Investigation complete; no suspect identified
fb22927895a523fca7a6764d2ae49ca5b6e17fff61f0f175412fe524ba9acbc8,2022-11,Wiltshire Police,Wiltshire Police,-2.162847,51.509419,On or near ,E01031940,Wiltshire 008B,Further investigation is not in the public interest
f0bafa13cd7fa752928fc9aa72e030384a33773447cca082ec63912ac9c97012,2022-11,Wiltshire Police,Wiltshire Police,-1.823931,51.554070,On or near Oakham Close,E01015570,Swindon 022E,Investigation complete; no suspect identified
8b4a9c844a74fe4bb8a232e2bf318c8de0cd836385a154917f2530f3a11a626d,2022-11,Wiltshire Police,Wiltshire Police,-2.178718,51.208885,On or near BEECHGROVE,E01032108,Wiltshire 042D,Unable to prosecute suspect
98de5408daf15ca36ee90239523f5cbc0a0c0256a6c401344655f58e9a46516e,2022-11,Wiltshire Police,Wiltshire Police,-1.754882,51.587179,On or near Briery Close,E01015552,Swindon 009D,Suspect charged
ed791f658307659eb8a249e43b2081cfbc90cae10cf3fac6fd066b2609206b65,2022-11,Wiltshire Police,Wiltshire Police,-1.754082,51.572171,On or near ,E01015549,Swindon 009A,Unable to prosecute suspect
49293cb1d090af91161d58383ba33a8085ad81dcd175443b12c07279ad5929cf,2022-11,Wiltshire Police,Wiltshire Police,-2.094496,51.380160,On or near Sandridge Hill,E01032071,Wiltshire 021E,Unable to prosecute suspect
4ecc56bfe6fe5af9f6ab328ef2fbc9ebd78c0ad756b94ea665972f44df855365,2022-11,Wiltshire Police,Wiltshire Police,-1.794190,51.069150,On or near Queen Street,E01032022,Wiltshire 058C,Investigation complete; no suspect identified
db3c281674f2adbfa433fc0f5d40afbc37544f0b699b8bf29a9c49c096047f62,2022-11,Wiltshire Police,Wiltshire Police,-1.744732,51.551614,On or near PAKENHAM ROAD,E01015539,Swindon 020B,Investigation complete; no suspect identified
eb71a70e90c18a4634a79c19653878ba6a7250474e68d62efb4e16c4a2f6c0b2,2022-11,Wiltshire Police,Wiltshire Police,-1.794235,51.033208,On or near Shepherds Close,E01032000,Wiltshire 057A,Unable to prosecute suspect
fa28d3906d64e617761fc41aebca4c368c24e1457f1e1f8bc6e44f0224a32fb8,2022-11,Wiltshire Police,Wiltshire Police,-1.784252,51.070049,On or near Laverstock Road,E01032015,Wiltshire 056B,Unable to prosecute suspect
0a8391d39e308cbe3343903d7d79ee751335ea3b473a986b743b3f62d3e997ba,2022-11,Wiltshire Police,Wiltshire Police,-2.183020,51.261229,On or near ALL SAINTS CRESCENT,E01032119,Wiltshire 040E,Suspect charged
04900954d5be32d9d2bb3ec865f050f97b96a9d3fa39e17303fc54b1bf0bfd7c,2022-11,Wiltshire Police,Wiltshire Police,-2.136859,51.473046,On or near Selions Close,E01031907,Wiltshire 009A,Unable to prosecute suspect
6380bce709d2882970f95f72e3a8312bbd52616e96c8bfd5dadd1b8218c97211,2022-11,Wiltshire Police,Wiltshire Police,-1.619938,51.252628,On or near Mcevoy Gardens,E01031878,Wiltshire 041C,Unable to prosecute suspect
09596fdf104ba598caa4163259bceb6d7e19edbd73731cef1c9c7bea011acf35,2022-11,Wiltshire Police,Wiltshire Police,-1.801847,51.600880,On or near Lady Lane,E01032710,Swindon 028E,Investigation complete; no suspect identified
09c843cd2f19396af1c2f77f3717517674b47b2b5782ef2a51f874a7873b4178,2022-11,Wiltshire Police,Wiltshire Police,-1.708835,51.635159,On or near Turnpike Road,E01015519,Swindon 001A,Unable to prosecute suspect
591c8a6683ad1427ffa36a5d7a36b689e7399f16593d0790ba898384e7bcf17c,2022-11,Wiltshire Police,Wiltshire Police,-2.149236,51.383583,On or near ADDISON ROAD,E01032063,Wiltshire 020A,Unable to prosecute suspect
ee2597e6de718146255bf53765447c7ffa4466e48469c2050fff554fd43a34f5,2022-11,Wiltshire Police,Wiltshire Police,-2.119040,51.370427,On or near Blueberry Road,E01032071,Wiltshire 021E,Unable to prosecute suspect
c61af6e9486ff9ade3d21a98d5b8e11b3d003a566b007b6ca819eb1834e97992,2022-11,Wiltshire Police,Wiltshire Police,-2.208256,51.321126,On or near Fore Street,E01032086,Wiltshire 031B,Investigation complete; no suspect identified
3f75965d99e17de5c01caa8b088118fddf70cccf874dc4646d4e68f20080f9ff,2022-11,Wiltshire Police,Wiltshire Police,-1.790412,51.068271,On or near Culver Street,E01032022,Wiltshire 058C,Investigation complete; no suspect identified
1bdea67a971f2a0ce3a517e71963d5d1b93dda1a24a3d404dd055302c56f288d,2022-11,Wiltshire Police,Wiltshire Police,-2.082962,51.064697,On or near Churchill Close,E01032030,Wiltshire 061C,Investigation complete; no suspect identified
a62170739e73540380dd2ff3c211efe149c0a87a4a4c250cdd99f9c97efb9d1b,2022-11,Wiltshire Police,Wiltshire Police,-2.149581,51.449392,On or near Ayr Close,E01031906,Wiltshire 010B,Investigation complete; no suspect identified
1380e8d030b2bb5e10324af1688213077671d68a1bceb5c1511821c9e7ca72a0,2022-11,Wiltshire Police,Wiltshire Police,-1.754829,51.556779,On or near Helston Road,E01015540,Swindon 020C,Investigation complete; no suspect identified
b65998699335cfdcbabed36398053ebcd4ab83f7eeb4adf59d7cadbd11141d04,2022-11,Wiltshire Police,Wiltshire Police,-1.751221,51.567651,On or near CRAMPTON ROAD,E01015550,Swindon 009B,Investigation complete; no suspect identified
2902083a715bb19aafd5ce8b059f2f35f41315de79410f8e1d1644e0ec58dabb,2022-11,Wiltshire Police,Wiltshire Police,-1.807435,51.597446,On or near ,E01032710,Swindon 028E,Investigation complete; no suspect identified
768f899dd18bbcabb12bbce0bb8fc305076d2a2e8368f31fed538ab45aff5d03,2022-11,Wiltshire Police,Wiltshire Police,-1.785821,51.104366,On or near Sports/Recreation Area,E01032011,Wiltshire 057B,Unable to prosecute suspect
b73ce04209b59cc58fb41c12b6082f43964cd990ba5637420630dea1c6c8ef4d,2022-11,Wiltshire Police,Wiltshire Police,-1.801441,51.289160,On or near Casterley Close,E01031882,Wiltshire 038C,Unable to prosecute suspect
14b565ecb777b8b09fa54aa7e631bbc002ff15947ce9aaf5be56a262bdb79d63,2022-11,Wiltshire Police,Wiltshire Police,-1.797580,51.067465,On or near High Street,E01032022,Wiltshire 058C,Unable to prosecute suspect
f28bc24747c1bcf52219aca395d570ccaa1e3aa2bab79cda07c9135afe8aec2e,2022-11,Wiltshire Police,Wiltshire Police,-2.174764,51.204395,On or near ,E01032103,Wiltshire 044A,Suspect charged
c51fb6b497abc15059c31e74982f6df101255f3247035d2e53f1b06edf34eb73,2022-11,Wiltshire Police,Wiltshire Police,-1.763695,51.166396,On or near Underwood Drive,E01031976,Wiltshire 048C,Unable to prosecute suspect
7dce7d2c4d696d4bad9d2da70375359ff2c58a7b63cb40d3bcb83ac3c0155dd1,2022-11,Wiltshire Police,Wiltshire Police,-1.790333,51.066724,On or near Barnard Street,E01032023,Wiltshire 059D,Unable to prosecute suspect
ab2d0848851a7e693fba9a9366779e735c10b2651152e1be45602d02f48cbfae,2022-11,Wiltshire Police,Wiltshire Police,-1.779351,51.565360,On or near Manchester Road,E01015480,Swindon 015D,Unable to prosecute suspect
1632c722ba05d8847724747e7785d12d9634c09dc6dfcbd6ad5d5ee5a5621168,2022-11,Wiltshire Police,Wiltshire Police,-1.809056,51.063609,On or near Town Path,E01032009,Wiltshire 058B,Unable to prosecute suspect
245434f8c6798b5dda2598bc5ddf9701bae15e5d77f459635a345fce35f48995,2022-11,Wiltshire Police,Wiltshire Police,-2.254834,51.351786,On or near Huntingdon Street,E01032045,Wiltshire 027A,Unable to prosecute suspect
54a3f7695663ffa8576b171279b03bf9d8166ed376fbd22819f5b5847bf9e284,2022-11,Wiltshire Police,Wiltshire Police,-1.946165,51.531963,On or near ,E01031968,Wiltshire 007H,Unable to prosecute suspect
f6656239c306b14346bac7bb2bb0927eadf96a98b461a1865bacdb75398fb4b3,2022-11,Wiltshire Police,Wiltshire Police,-2.121076,51.379470,On or near Bream Close,E01032074,Wiltshire 020E,Unable to prosecute suspect
6a49b55c0f388faeb427225a3b81c760699488dbf6f6a20bb1aa9c8d7a6872cc,2022-11,Wiltshire Police,Wiltshire Police,-1.894747,51.548329,On or near Swinburne Place,E01031965,Wiltshire 007F,Unable to prosecute suspect
a51c7a8c949b961e6749565c8e3ac873ef585a935d204d3285fa3db5c46fb5a3,2022-11,Wiltshire Police,Wiltshire Police,-1.803600,51.596280,On or near Shipley Drive,E01015513,Swindon 004A,Investigation complete; no suspect identified
586af36c526c21b466b75ae1af5857d8da18fcd23c2467987a0d37ca02435a0f,2022-11,Wiltshire Police,Wiltshire Police,-1.770754,51.176328,On or near ,E01031974,Wiltshire 048A,Investigation complete; no suspect identified
d5faa7c435b1744f07fe7b3cf15674c273fb7da50aac4b59c0ae52f0104ded05,2022-11,Wiltshire Police,Wiltshire Police,-1.753434,51.588048,On or near Wildern Square,E01015552,Swindon 009D,Unable to prosecute suspect
0ebcdb8a912cf20d726f8469a94159e119ff62b3d53d98bf42c627e865b81064,2022-11,Wiltshire Police,Wiltshire Police,-1.784732,51.565577,On or near Swindon,E01015476,Swindon 015B,Investigation complete; no suspect identified
881dba8ef0b90c4acc83883f1826c460db84dbec4061e3822914fe37ed5aa96b,2022-11,Wiltshire Police,Wiltshire Police,-1.779716,51.558617,On or near Clarence Street,E01032714,Swindon 019E,Unable to prosecute suspect
a61849661bfd26f0bd58cf6afc3a59a3211231d5582545c1a6938e4ec3783b36,2022-11,Wiltshire Police,Wiltshire Police,-2.229502,51.319765,On or near Meadway,E01032097,Wiltshire 033B,Investigation complete; no suspect identified
f6cc2edb2507e2f13fc0afd6f1a1cea03a588b16736add242894cffede9d6600,2022-11,Wiltshire Police,Wiltshire Police,-1.664912,51.528836,On or near The Gallops,E01015547,Swindon 008C,Offender given a caution
89ddabef4670f37872dfaf5efa407e67c544afe35b7a8080460a70957bb62eb0,2022-11,Wiltshire Police,Wiltshire Police,-1.773360,51.592440,On or near Queensfield,E01015555,Swindon 005A,Unable to prosecute suspect
e2b2ddaf4a240a4cad8d77e61748d739878936451f1e803347c8708aec732f78,2022-11,Wiltshire Police,Wiltshire Police,-1.786621,51.562631,On or near Fleet Street,E01015476,Swindon 015B,Investigation complete; no suspect identified
a1798b5fc89a0001ff77b59e52680d2b953fedb3723e2a99e9af5566cbbd24d0,2022-11,Wiltshire Police,Wiltshire Police,-1.817412,51.604259,On or near Isambard Way,E01032712,Swindon 027E,Investigation complete; no suspect identified
e22aa93843dbb4616cf240d6f38a40de23421a46d361aecf893cce317e3c0140,2022-11,Wiltshire Police,Wiltshire Police,-2.108255,51.493082,On or near Silver Street,E01031939,Wiltshire 008A,Unable to prosecute suspect
88ece23272ddb96c9326c82ca60955f65904f8d1b2bf413240197a19c09cf364,2022-11,Wiltshire Police,Wiltshire Police,-1.796752,51.070737,On or near Supermarket,E01032014,Wiltshire 056A,Unable to prosecute suspect
c50088c3382a628b93e66a5f8033ac71392342dbfb3b988764b9a2aba84c3034,2022-11,Wiltshire Police,Wiltshire Police,-2.113056,51.587883,On or near PARKLANDS,E01031947,Wiltshire 002B,Suspect charged
86c9cc21965d13c538bcae4152fe069dbb895e251d093bd8ed63b55b7c50e91a,2022-11,Wiltshire Police,Wiltshire Police,-1.708200,51.632694,On or near ORANGE CLOSE,E01015523,Swindon 001E,Unable to prosecute suspect
6c68d64b5d5a38020b24b970242a64f934d83589fb36762906bf4ff82560a230,2022-11,Wiltshire Police,Wiltshire Police,-2.185606,51.259481,On or near Jubilee Close,E01032117,Wiltshire 040C,Suspect charged
76cbce816ab4a1c8a92b0c32ec9d07be684a0092d0e5a640d45624b62c5c50f1,2022-11,Wiltshire Police,Wiltshire Police,-1.800450,51.530898,On or near Maunsell Way,E01015586,Swindon 025D,Unable to prosecute suspect
5f4f9efba0bae0bd08a25117898058feea85ee83df3ef140872b64561c0f5b70,2022-11,Wiltshire Police,Wiltshire Police,-1.786886,51.561517,On or near Queen Street,E01015476,Swindon 015B,Unable to prosecute suspect
fb815f3c01d872d380f36b591d37dbbe44c16c6d697fb68de68d6cc923535618,2022-11,Wiltshire Police,Wiltshire Police,-2.146312,51.448722,On or near ,E01031906,Wiltshire 010B,Investigation complete; no suspect identified
e67d0693beca768552f701b440bca2d994fcf630f2ac7e7285934843714fda00,2022-11,Wiltshire Police,Wiltshire Police,-1.719055,51.580463,On or near ,E01015473,Swindon 008A,Investigation complete; no suspect identified
be25f049aa34036928b0971268482d7d5abb72e5ef6b4140a2376c42f5cae99c,2022-11,Wiltshire Police,Wiltshire Police,-1.775317,51.584864,On or near A4311,E01015506,Swindon 007A,Investigation complete; no suspect identified
320cd54dc81f94201d9e10cb27f2996f6eafac945c5fc08594ac2368e5b1f4fb,2022-11,Wiltshire Police,Wiltshire Police,-1.805855,51.558205,On or near Saltash Road,E01032708,Swindon 012F,Unable to prosecute suspect
4dc63436463e75fa01b691c90963b1470addaa26d8433e75d9f46b0f70c43631,2022-11,Wiltshire Police,Wiltshire Police,-1.835802,51.081096,On or near ,E01031981,Wiltshire 052B,Suspect charged
af6adf7351fe09c7beaa71610aeaded365e8c0a46a131f05a1c5f575d7b3cf0e,2022-11,Wiltshire Police,Wiltshire Police,-1.744382,51.585817,On or near Browning Close,E01015553,Swindon 009E,Investigation complete; no suspect identified
f10663cdad9f79ee2010e516c7ced7a4f0e4649cc2707abe89b9f17d5a556578,2022-11,Wiltshire Police,Wiltshire Police,-2.180219,51.204710,On or near Market Place,E01032103,Wiltshire 044A,Investigation complete; no suspect identified
954ee8e0af7db4fcd17d9eaaf48c894243a4192ff6ea6459496d2839b80ea252,2022-11,Wiltshire Police,Wiltshire Police,-2.146281,51.376150,On or near ,E01032062,Wiltshire 022A,Investigation complete; no suspect identified
dc98d41ee271e57b11cc4f764739c553989cfe9710d65c2d96c5c5433c405d48,2022-11,Wiltshire Police,Wiltshire Police,-1.991045,51.443984,On or near Ceres Place,E01031896,Wiltshire 015B,Unable to prosecute suspect
c2ecc0988235e52f079cbd7bf7191149b60782b2937698af2315e22b19c73da3,2022-11,Wiltshire Police,Wiltshire Police,-1.814482,51.059194,On or near Sussex Road,E01032008,Wiltshire 058A,Investigation complete; no suspect identified
440894f6abc52cca6e76bfc80f4dffa98d56b7fefebc76fc345c44d647578e60,2022-11,Wiltshire Police,Wiltshire Police,-1.836356,51.552146,On or near Crawford Close,E01015502,Swindon 022B,Investigation complete; no suspect identified
08437ea3c2849007a60d636d0c64607db346bff70d28ab5089b1bcda9d6dc609,2022-11,Wiltshire Police,Wiltshire Police,-1.781653,51.590792,On or near Penhill Drive,E01015544,Swindon 003B,Unable to prosecute suspect
06feb9f1c94bc8a346a91e186be80fd59dc516bd57617fb8f9d6b0fcbaf23d7c,2022-11,Wiltshire Police,Wiltshire Police,-1.658094,51.244994,On or near Landsbury Drive,E01032698,Wiltshire 041H,Unable to prosecute suspect
4a3f93c8b14e46f06864fc0fd43e71757e0f174939453fe2ead7f1022d170b32,2022-11,Wiltshire Police,Wiltshire Police,-2.147127,51.451652,On or near Catterick Close,E01031906,Wiltshire 010B,Unable to prosecute suspect
a2048fe6fc9c57e513623c2366099b3b00e535f152a506cb970c30e076b04f3b,2022-11,Wiltshire Police,Wiltshire Police,-2.130976,51.379594,On or near MURRAY WALK,E01032065,Wiltshire 020C,Unable to prosecute suspect
f9b582311426ef8b01eea4e0d5646558ab69027791a9ffb909f6e67551cae907,2022-11,Wiltshire Police,Wiltshire Police,-2.122471,51.353330,On or near St Athan Close,E01032072,Wiltshire 021F,Unable to prosecute suspect
b2d2ec7240422febe216f252fd79136b116eb6cf8058800c1edf02a42de1f8e2,2022-11,Wiltshire Police,Wiltshire Police,-1.773962,51.567094,On or near Amber Court,E01015479,Swindon 017A,Unable to prosecute suspect
44b3aa66d5e9e26611dd7c52c90f5f4b8614c82eee50db62e465a62cd0bd65e8,2022-11,Wiltshire Police,Wiltshire Police,-2.009086,51.434885,On or near Station Road,E01031900,Wiltshire 016A,Formal action is not in the public interest
17d3ca2a36f600cdf22d1fdd3c3c24f27fceef7fde598bb34bf7df9821c4a2e3,2022-11,Wiltshire Police,Wiltshire Police,-1.797609,51.067385,On or near HIGH STREET,E01032022,Wiltshire 058C,Unable to prosecute suspect
fefc75b4f27fdf52e485a9ac289354e4bfab8959436bbc4cc32a9d1c1309b80d,2022-11,Wiltshire Police,Wiltshire Police,-1.836981,51.550709,On or near Cottington Close,E01015503,Swindon 022C,Unable to prosecute suspect
f8949487ea12d08e3c9672a2dff93605167f15a96ee57279815411ae3fd30bbd,2022-11,Wiltshire Police,Wiltshire Police,-1.790050,51.560354,On or near Milton Road,E01015476,Swindon 015B,Unable to prosecute suspect
2a3e74c78ee61e44eb6c8e90c20f91e631b0b1e8b6bdec7972f3f88f21e1404a,2022-11,Wiltshire Police,Wiltshire Police,-2.139277,51.373677,On or near ,E01032067,Wiltshire 022C,Unable to prosecute suspect
df22d1c50698e16261fbfa743f455fddd16450f166034db1f97fa08cdabb4f47,2022-11,Wiltshire Police,Wiltshire Police,-1.783492,51.595777,On or near Odstock Road,E01015545,Swindon 003C,Unable to prosecute suspect
4ecf0ad0c13dac9c797c5d90d519eb5a8955249e32ebf63c633e9130365ab0a9,2022-11,Wiltshire Police,Wiltshire Police,-1.779811,51.592749,On or near Everleigh Road,E01015544,Swindon 003B,Unable to prosecute suspect
19766d240e253d48591f6b9552fb3e7a42f825238aa9f32f94a1bf36d71d932d,2022-11,Wiltshire Police,Wiltshire Police,-2.017462,51.442824,On or near Rosemary Close,E01031897,Wiltshire 015C,Investigation complete; no suspect identified
153a4e513f93767890279392e165d33028180e7016b945b745857ea031b1908c,2022-11,Wiltshire Police,Wiltshire Police,-1.796099,51.588489,On or near Trent Road,E01015517,Swindon 004E,Unable to prosecute suspect
138dca7927950031abc006600f90027ac450daf28b92f68367c97cfefc652ca6,2022-11,Wiltshire Police,Wiltshire Police,-1.726366,51.420180,On or near Petrol Station,E01031865,Wiltshire 019E,Unable to prosecute suspect
4e2d5b220893c66ee052ad32d4b0b7f10d12d80ab79c94936e28ad22eb05a682,2022-11,Wiltshire Police,Wiltshire Police,-2.201513,51.249410,On or near Oldenburg Road,E01032694,Wiltshire 040G,Unable to prosecute suspect
e5ddb594980947bb416b7c3b373c56d4de2eaa7003ca14e97c5bb617cf6eaefb,2022-11,Wiltshire Police,Wiltshire Police,-2.181234,51.204421,On or near ,E01032103,Wiltshire 044A,Investigation complete; no suspect identified
c9433aeb26dd786e67f01e801755a5e8ca447c73892b4edbaf27c1d919dfe801,2022-11,Wiltshire Police,Wiltshire Police,-2.131648,51.458666,On or near Sheldon Road,E01031926,Wiltshire 010F,Unable to prosecute suspect
068077e63a91182e5f1864fa56a9f6cb9db7433f91a7c55ac9e04cc1a1a45e6d,2022-11,Wiltshire Police,Wiltshire Police,-1.801383,51.075952,On or near ,E01032024,Wiltshire 055D,Investigation complete; no suspect identified
7f7343d7b6fe88215dd3e8f3e7463a6ba408358ab78f59d2d6eb3872eb82f610,2022-11,Wiltshire Police,Wiltshire Police,-1.787628,51.563209,On or near Bridge Street,E01015476,Swindon 015B,Suspect charged
7f596ad1f70aab7a2dbc184b6adcaae0570c56b9c28f16697af829a26f04dae0,2022-11,Wiltshire Police,Wiltshire Police,-1.787214,51.562219,On or near Shopping Area,E01015476,Swindon 015B,Offender given a caution
24b78fdb799e081cf8bcfb1441fbcb2f17431f85d1df50d3a514389ed7c8ffe2,2022-11,Wiltshire Police,Wiltshire Police,-1.789930,51.558375,On or near CURTIS STREET,E01015494,Swindon 019A,Unable to prosecute suspect
23274600d61d58aee6a2ee9e4927ccdeaf0cc79a5b3e8ce7c7a663dd7ca90d22,2022-11,Wiltshire Police,Wiltshire Police,-1.730882,51.420164,On or near ,E01031863,Wiltshire 019C,Suspect charged
7a77b4048080ef8b4638eeda97ffdf110526bafe1149e5704a0c0ff4cb0e7e47,2022-11,Wiltshire Police,Wiltshire Police,-1.779252,51.577004,On or near MAY CLOSE,E01015509,Swindon 010B,Further action is not in the public interest
e76d63aa7341e09cbdd8c0c495d079ccac60bcbb04bf62269b9080837ed20717,2022-11,Wiltshire Police,Wiltshire Police,-1.787890,51.559505,On or near FARNSBY STREET,E01015494,Swindon 019A,Suspect charged
2578052654a0dff69e5424fd6708d6fbf45501e1a82abf95817651a7f442af3f,2022-11,Wiltshire Police,Wiltshire Police,-2.200372,51.411767,On or near Locks Cross,E01031941,Wiltshire 018D,Further action is not in the public interest
6c479bf4e09a59110c6487c7269abae4d0f17fdd8102632216e3f0c242191607,2022-11,Wiltshire Police,Wiltshire Police,-2.116676,51.457423,On or near Parking Area,E01031912,Wiltshire 011B,Suspect charged
2578052654a0dff69e5424fd6708d6fbf45501e1a82abf95817651a7f442af3f,2022-11,Wiltshire Police,Wiltshire Police,-2.200372,51.411767,On or near Locks Cross,E01031941,Wiltshire 018D,Further action is not in the public interest
6d75096d3528f390599318e6487fc1162f46936d023e240451856eaf9a2a575a,2022-11,Wiltshire Police,Wiltshire Police,-1.784922,51.558852,On or near Granville Street,E01015496,Swindon 019C,Suspect charged
99506d8b47b9d576c652491ea90a9d68b28ed5e8a084f1338d4c2fac0b53b511,2022-11,Wiltshire Police,Wiltshire Police,-1.786799,51.561544,On or near QUEEN STREET,E01015476,Swindon 015B,Unable to prosecute suspect
ef1ca6b80b12378936ff465fc86801e99e1f20506314646a2c2f98ff64236b4d,2022-11,Wiltshire Police,Wiltshire Police,-1.838715,51.554011,On or near Wentworth Park,E01015500,Swindon 018B,Suspect charged
0603381e2e8a2b38ceab2973c77c298ac064a0cbdb19e2fac4fdb640e849a917,2022-11,Wiltshire Police,Wiltshire Police,-1.781431,51.558845,On or near Regent Circus,E01032714,Swindon 019E,Unable to prosecute suspect
80f42a2bc3d64b51aade38758489b43ad527ecc491fcadf6863cd5bc2abca4f8,2022-11,Wiltshire Police,Wiltshire Police,-2.215533,51.321473,On or near Pedestrian Subway,E01032085,Wiltshire 031A,Investigation complete; no suspect identified
8c48b10c52ca9c81fd9a53e03136a65a1e9ae1c03bb6ec2d9206012c1501c81c,2022-11,Wiltshire Police,Wiltshire Police,-1.765518,51.168027,On or near ,E01031978,Wiltshire 048E,Further investigation is not in the public interest
31a4155d760a7fc9c06bc0eebb468009ebc09b26904c8983ffd5435343db7848,2022-11,Wiltshire Police,Wiltshire Police,-1.777324,51.566858,On or near Elmina Road,E01015480,Swindon 015D,Unable to prosecute suspect
b60525be3699250f7aa2fb0160f6265fe97683e19e5d7e7148ba13ed0e71194e,2022-11,Wiltshire Police,Wiltshire Police,-2.198658,51.321565,On or near Eastbourne Gardens,E01032100,Wiltshire 032B,Unable to prosecute suspect
307e7ce87bed091194bc28718cb3a98e126cf010e155f3604584afef0b7c96b2,2022-11,Wiltshire Police,Wiltshire Police,-1.801710,51.562748,On or near Linslade Street,E01032716,Swindon 012G,Unable to prosecute suspect
28639e0c6e6dc29b6a02de7d1f0176ca747575f1443f71c4899b976296109ccd,2022-11,Wiltshire Police,Wiltshire Police,-1.773228,51.586892,On or near Merton Avenue,E01015555,Swindon 005A,Unable to prosecute suspect
9495842a26853391e061a931d862b3ccfcec56b84e52e9e291949fdae9a8a376,2022-11,Wiltshire Police,Wiltshire Police,-1.802736,51.565672,On or near Summers Street,E01032716,Swindon 012G,Unable to prosecute suspect
84f7951dc313c4720dff358860b02792d7e2dea37c25d5f20c5ef4f71bbccdff,2022-11,Wiltshire Police,Wiltshire Police,-1.784331,51.564767,On or near Wellington Street,E01015476,Swindon 015B,Unable to prosecute suspect
807632ff16fcbf20d2e76dea8d034a9f4aee6bb6c06f2be13f9373a496e5629b,2022-11,Wiltshire Police,Wiltshire Police,-2.211041,51.321445,On or near Hill Street,E01032086,Wiltshire 031B,Unable to prosecute suspect
24cc2bd76601bf401cfcc94129601ea9d32705035332797d4c92fbcffee2c336,2022-11,Wiltshire Police,Wiltshire Police,-1.775525,51.551461,On or near ,E01015534,Swindon 024B,Unable to prosecute suspect
efec1cbef5fa4f4e28dbea4032733755a041fe5792ff9b3f35ea2b8676b0ae77,2022-11,Wiltshire Police,Wiltshire Police,-2.147589,51.460975,On or near Noyes Close,E01031905,Wiltshire 010A,Unable to prosecute suspect
37ce61366d6920e44f7b60ba05c26896bca057f365c284d5b428878b39ced463,2022-11,Wiltshire Police,Wiltshire Police,-2.205656,51.342945,On or near New Terrace,E01032078,Wiltshire 030B,Suspect charged
45f56110fd8c741caf48ac94f2ad89466828906d1c206ac9a33b79f0fa43cc72,2022-11,Wiltshire Police,Wiltshire Police,-2.211476,51.312938,On or near Abraham Close,E01032094,Wiltshire 035C,Unable to prosecute suspect
3187bb0e6e9186a374cb7030d570c0236d653229fd5eaa098da28dae280fca00,2022-11,Wiltshire Police,Wiltshire Police,-1.757282,51.572735,On or near Stratton Road,E01015549,Swindon 009A,Unable to prosecute suspect
49ab59ae5c1e58553c47ee490d1f7965675d267f04938c7f1be6dc22d5199bbe,2022-11,Wiltshire Police,Wiltshire Police,-2.108601,51.462960,On or near Market Mead,E01031918,Wiltshire 011E,Unable to prosecute suspect
a6edd05f39876c716897566485d809ed63398b392e0a497935e9a9a116043b0f,2022-11,Wiltshire Police,Wiltshire Police,-1.862178,51.574325,On or near Stone Lane,E01031962,Wiltshire 003D,Unable to prosecute suspect
be18ac93fa5e32c13045dbdab5a1d66c9e18e281cb457b1da23cc5289fdbbe1b,2022-11,Wiltshire Police,Wiltshire Police,-2.030372,51.384708,On or near Orchard Grove,E01031846,Wiltshire 028B,Unable to prosecute suspect
ebebb7c6a2ffecb151a2730880f9107d9826fc066e679031d434e6fe545c2375,2022-11,Wiltshire Police,Wiltshire Police,-1.810730,51.603538,On or near HEBDEN CLOSE,E01032711,Swindon 027D,Unable to prosecute suspect
975577d52affb489da0e7ec19613d6c3bd217537033467efd7f90c729976169e,2022-11,Wiltshire Police,Wiltshire Police,-1.724440,51.565775,On or near Totterdown Close,E01015482,Swindon 013B,Unable to prosecute suspect
8d7e47c249a449eb7e95a9a443a0cadba3af6fcb1525e88d13d4c4699757c385,2022-11,Wiltshire Police,Wiltshire Police,-1.743312,51.557788,On or near Yeovil Close,E01015537,Swindon 020A,Unable to prosecute suspect
d6fe8c4f00b3d91c928607b3b267636362fab502a25167c8190a5e8963ec7cfa,2022-11,Wiltshire Police,Wiltshire Police,-2.201028,51.318954,On or near A361,E01032101,Wiltshire 032C,Suspect charged
aab6e5b7b1df58578830acc172d9903732610261f1a601d4ae68a45ad57a83db,2022-11,Wiltshire Police,Wiltshire Police,-1.775210,51.553736,On or near Cricklade Street,E01032715,Swindon 019F,Unable to prosecute suspect
e010abee18abb5980d27e319afc92f0adbbd572da2d32c25e5bde0729386848b,2022-11,Wiltshire Police,Wiltshire Police,-2.185367,51.320958,On or near Cornbrash Rise,E01032099,Wiltshire 032A,Unable to prosecute suspect
0b4ec5b1b2596df47c02e90b6a5cc593da5b3967041c032539a22f8c2bd6b1cf,2022-11,Wiltshire Police,Wiltshire Police,-1.655111,51.239671,On or near Kennet Road,E01032697,Wiltshire 041G,Unable to prosecute suspect
7377c3a1d27701df4e9bab7375d19260e9a1ba1df6f7d5374712488ad997a184,2022-11,Wiltshire Police,Wiltshire Police,-1.773405,51.562966,On or near Gambia Street,E01015475,Swindon 015A,Unable to prosecute suspect
eda371410738f72b168a010f66335fe3c6d3c635a383953735490b00017fdb8e,2022-11,Wiltshire Police,Wiltshire Police,-1.739101,51.567885,On or near ,E01015481,Swindon 013A,Unable to prosecute suspect
ffd0fd25791db0c979809c3e46e665f40a68697e0ca9001989e09791d52b203f,2022-11,Wiltshire Police,Wiltshire Police,-1.778459,51.573811,On or near Tiverton Road,E01015508,Swindon 010A,Suspect charged
7600e13a1190a8affa26a4ec376db1b591596a7f3298dd28809cecee1cc04116,2022-11,Wiltshire Police,Wiltshire Police,-1.746075,51.577198,On or near Grange Drive,E01015554,Swindon 009F,Investigation complete; no suspect identified
8e53b36d96967153256e27348b8ad137db3b64fa0fa323408ceb7b52a5c422c9,2022-11,Wiltshire Police,Wiltshire Police,-1.787856,51.613543,On or near The Ridge,E01015473,Swindon 008A,Suspect charged
177568a27afbfd33b1b5eb19dc19fa75b163a6ffc305cc9612062bdd5189a0dd,2022-11,Wiltshire Police,Wiltshire Police,-1.611240,51.254344,On or near Meade Road,E01031859,Wiltshire 041A,Unable to prosecute suspect
64a677ba22a979f358cce6104a8f5ed4d7863ba0e43917ec7c79d527761d6056,2022-11,Wiltshire Police,Wiltshire Police,-1.768469,51.061027,On or near Petersfinger Farm,E01032011,Wiltshire 057B,Unable to prosecute suspect
a744c4ec3c1e1f78e5fdbdfbf9d02b79c3f73e482b9ebb3014319f9688087c46,2022-11,Wiltshire Police,Wiltshire Police,-1.997179,51.357117,On or near DYEHOUSE LANE,E01032693,Wiltshire 025H,Unable to prosecute suspect
d18d6c7611d1791c74f12a080e3a3170932f9013e42d17a640a579acbcc6ab02,2022-11,Wiltshire Police,Wiltshire Police,-1.841927,51.078495,On or near Lock's Lane,E01032040,Wiltshire 054F,Investigation complete; no suspect identified
4fbfafff1d7f633550aff0626a7ac20962bcc4f87e350de08ea324a0a37516a1,2022-11,Wiltshire Police,Wiltshire Police,-1.841715,51.065043,On or near Netherhampton Road,E01032000,Wiltshire 057A,Investigation complete; no suspect identified
011e31c6a6830e40a4289b420a457cc363202fc4802e813e7572015c27f45f94,2022-11,Wiltshire Police,Wiltshire Police,-1.992211,51.349653,On or near Bridewell Street,E01031856,Wiltshire 026D,Unable to prosecute suspect
a2eafc27e15427c0359f0ea04002d329e3056b6a0d55a012a71b3776df7af9de,2022-11,Wiltshire Police,Wiltshire Police,-2.199952,51.309101,On or near Kyte Way,E01032093,Wiltshire 035B,Unable to prosecute suspect
ab45e838c7718b0190dd2e0f4af4845090fba64fc3d1d11db1aafe0ef3a95d4d,2022-11,Wiltshire Police,Wiltshire Police,-2.176216,51.265906,On or near Bitham Park,E01032121,Wiltshire 039E,Further action is not in the public interest
f16fb3f29787d4c31aa7829111fe1cdd705e94a9150de65142d2d4a4e707d07c,2022-11,Wiltshire Police,Wiltshire Police,-1.789840,51.055753,On or near Downton Road,E01032005,Wiltshire 059A,Investigation complete; no suspect identified
4b332ec201b8369ba4a4b33b809cfc5a1b77e1652a8346918449a7cf7f3f216a,2022-11,Wiltshire Police,Wiltshire Police,-2.127411,51.384256,On or near Lincoln Green,E01032064,Wiltshire 020B,Unable to prosecute suspect
cfbbe785c74f9c842d63a9ea897a617fbcb8cb11a71e1f5c804e76a5b73101d4,2022-11,Wiltshire Police,Wiltshire Police,-2.132697,51.368614,On or near ,E01032068,Wiltshire 022D,Unable to prosecute suspect
5c24d15b864e8aa4a1c89eadf76c1500344440de53e33fc79dac1f5fa9541a05,2022-11,Wiltshire Police,Wiltshire Police,-1.619827,51.257357,On or near Deweys Lane,E01031859,Wiltshire 041A,Unable to prosecute suspect
4d9fa8ad397a0cd78c4a95c9dd543ede136c404834f6af09a51b909c1022ccee,2022-11,Wiltshire Police,Wiltshire Police,-1.784788,51.562772,On or near ,E01015476,Swindon 015B,Suspect charged
5438525e8dcd5483f0a877e3bd9e4891b20ee864d13b000b6dea11b396e6091d,2022-11,Wiltshire Police,Wiltshire Police,-1.723367,51.189749,On or near Canberra Drive,E01032696,Wiltshire 045F,Unable to prosecute suspect
57ac37c78ae1d20eb3fb0dc78b5e02a7bf2ba4e483e49e551db036da7f72f962,2022-11,Wiltshire Police,Wiltshire Police,-2.234163,51.296709,On or near Frome Road,E01032083,Wiltshire 037B,Unable to prosecute suspect
7f84488128030464713605d65315aa74be3033a7cf9cd90b0ccac85d0bbcc4f4,2022-11,Wiltshire Police,Wiltshire Police,-1.671522,51.242497,On or near Abbotts Road,E01031879,Wiltshire 041D,Unable to prosecute suspect
d0bf8324bb4c4dbd95ef0bae9b6b92661e724cdf7f5ff0baf82b9286c5641108,2022-11,Wiltshire Police,Wiltshire Police,-2.168837,51.203999,On or near Woodcock Park,E01032108,Wiltshire 042D,Unable to prosecute suspect
d0a9d9ec4d8a51bc6b12f5988d1e585590a9d7ce94d784d5b2800505d464208b,2022-11,Wiltshire Police,Wiltshire Police,-1.805855,51.558205,On or near Saltash Road,E01032708,Swindon 012F,Unable to prosecute suspect
6b0517164eedae5510ba81f9ddc65e6d3489a43e1a68e65a9a1d4fdf113380df,2022-11,Wiltshire Police,Wiltshire Police,-1.807435,51.597446,On or near ,E01032710,Swindon 028E,Investigation complete; no suspect identified
c4f076e536aa9b826ec087095be96afb61145d3bf3182bb06bfd3fdfe3ce59ce,2022-11,Wiltshire Police,Wiltshire Police,-1.991507,51.351020,On or near Sheep Street,E01031856,Wiltshire 026D,Unable to prosecute suspect
d698334aa5349472cc814c6213bd0412cc2710793009080fed00ace2c108ee6f,2022-11,Wiltshire Police,Wiltshire Police,-1.783422,51.561915,On or near College Street,E01032714,Swindon 019E,Unable to prosecute suspect
bf39fb419099508ab0a95cd62cd95f4343cc1281802b4c5018e9ec2f3003ae94,2022-11,Wiltshire Police,Wiltshire Police,-2.207334,51.317055,On or near County Way,E01032094,Wiltshire 035C,Unable to prosecute suspect
dedcf645e2d92b815d539f7ec82838b09554b3af2be86ef17984259134512146,2022-11,Wiltshire Police,Wiltshire Police,-1.795582,51.077236,On or near Victoria Road,E01032020,Wiltshire 053C,Unable to prosecute suspect
8c117bba60c85286b23be2308cf1a4bda8e81a6b1c00d214c04cbcba9ea08158,2022-11,Wiltshire Police,Wiltshire Police,-1.662372,51.228219,On or near Sports/Recreation Area,E01031880,Wiltshire 041E,Suspect charged
90f5502ef83ed8a671edef94ed67c7967f4399d1fb0b434ec2c466a0f0754d73,2022-11,Wiltshire Police,Wiltshire Police,-2.180092,51.267474,On or near TROWBRIDGE ROAD,E01032116,Wiltshire 040B,Unable to prosecute suspect
727c3f223ef13f610ec828388d6b0d4179a597eacebe495252598775c4e284c4,2022-11,Wiltshire Police,Wiltshire Police,-1.807467,51.586315,On or near Boscombe Road,E01015528,Swindon 006B,Investigation complete; no suspect identified
9e423b96cd30278003cdb536f0df82052dec36f3476c59d0d983ba2024629d0e,2022-11,Wiltshire Police,Wiltshire Police,-1.679231,51.052301,On or near Grimstead Road,E01031971,Wiltshire 060B,Investigation complete; no suspect identified
c85c0c7aa5a712c93745d7d6314ddaaa7ff7d435334196fda3b460e39dd495bb,2022-11,Wiltshire Police,Wiltshire Police,-1.649269,51.011278,On or near ,E01031972,Wiltshire 060C,Unable to prosecute suspect
e2f4625ffd833e9545cbc7e743faf7eab039f0540037a0959a1eb9a4635ba879,2022-11,Wiltshire Police,Wiltshire Police,-1.668347,51.245716,On or near HILL TOP AVENUE,E01032698,Wiltshire 041H,Unable to prosecute suspect
e6eb300933fb50db639b9d498bd94bd36d95e236f983eb9af7f691f06ecd65a3,2022-11,Wiltshire Police,Wiltshire Police,-1.788272,51.582955,On or near Pinetree Rise,E01015527,Swindon 007C,Action to be taken by another organisation
120b7e7c2821d82221975ab3eb17dcccb43def53347eb83843437bfe1800fdc9,2022-11,Wiltshire Police,Wiltshire Police,-1.767406,51.167986,On or near Beaulieu Road,E01031978,Wiltshire 048E,Offender given a caution
c74ef1a5a0a2ba0fbd37bfa60d08a825167f5bd977da353997476377df13d939,2022-11,Wiltshire Police,Wiltshire Police,-2.002973,51.441719,On or near Bryans Close Road,E01031895,Wiltshire 015A,Investigation complete; no suspect identified
7fca3ad7d4a6694ae8eff3e5907385c94c602468edb9cbf448734f62a2e56954,2022-11,Wiltshire Police,Wiltshire Police,-2.139848,51.367201,On or near ,E01032067,Wiltshire 022C,Investigation complete; no suspect identified
980f20854978cba8c06378ac91ec1d7eee627acefca55d54ee23198e641ffe8b,2022-11,Wiltshire Police,Wiltshire Police,-2.204354,51.205264,On or near Jacob Way,E01032110,Wiltshire 043A,Unable to prosecute suspect
8952828d10d37525142eb92e00a294887cffdfd76504ca9da37a1ab3643e8f76,2022-11,Wiltshire Police,Wiltshire Police,-1.794437,51.591975,On or near Henman Close,E01015512,Swindon 028C,Investigation complete; no suspect identified
ab1f571ee0d6eb450571fc4c6d9cb69c285d27d1ed2e7342cd0cfb3725a3baea,2022-11,Wiltshire Police,Wiltshire Police,-1.785456,51.574201,On or near Sports/Recreation Area,E01015508,Swindon 010A,Suspect charged
7b5b7818c3cd73eaf647fc8a3b86719875aeebb93746cd0d3d5015af06f8a4dd,2022-11,Wiltshire Police,Wiltshire Police,-2.117616,51.458325,On or near ,E01031912,Wiltshire 011B,Unable to prosecute suspect
6fa8c454f8997c3b75f1c3d251e55fef3e0eb4ffbfcb75a4feae698a259d671d,2022-11,Wiltshire Police,Wiltshire Police,-1.795058,51.572744,On or near Richmond Road,E01015582,Swindon 012E,Unable to prosecute suspect
6ec6e33592370fff1937faefcd60011be39d4130dc0456fcf2d1022991b6d0d2,2022-11,Wiltshire Police,Wiltshire Police,-1.788718,51.559281,On or near ,E01015494,Swindon 019A,Investigation complete; no suspect identified
b4283a8934e94dcf99f7d46823ae8b0dcef9bfe3ee23ef7f5f2deaa5889f7b3f,2022-11,Wiltshire Police,Wiltshire Police,-1.820813,51.550901,On or near STANSFIELD CLOSE,E01015571,Swindon 022F,Suspect charged
56ea85e6e3761db0a33a18bd9f9f5517410127bb806f4eb82a169ac96c8b665d,2022-11,Wiltshire Police,Wiltshire Police,-2.204276,51.274879,On or near Quartermaster Road,E01032056,Wiltshire 039D,Investigation complete; no suspect identified
c27b57a25f8674ad5d8fca8e3c5855364cb35dbdb29de4397f8f9edda305af33,2022-11,Wiltshire Police,Wiltshire Police,-1.993893,51.444785,On or near Comet Crescent,E01031895,Wiltshire 015A,Unable to prosecute suspect
40fe4d360c9dd7e547d0a98c57246f1641fb1691f823a1315dd13fdbef6a31a9,2022-11,Wiltshire Police,Wiltshire Police,-1.806298,51.589747,On or near Dewberry Close,E01015516,Swindon 004D,Unable to prosecute suspect
b5098b177456a668f46fb6734547a7367f0db72eaf278753e79abfc09a411cbf,2022-11,Wiltshire Police,Wiltshire Police,-2.129156,51.376162,On or near A3102,E01032065,Wiltshire 020C,Investigation complete; no suspect identified
f56d857ad20ec546d900c3edef8ab92c8fc58bc8caf7757b0773be4b6152d33f,2022-11,Wiltshire Police,Wiltshire Police,-1.790045,51.558313,On or near Curtis Street,E01015494,Swindon 019A,Unable to prosecute suspect
7c0577d07a0eaa23386f2a1ba2e0eaebb013367568d8305b1518fee94d958810,2022-11,Wiltshire Police,Wiltshire Police,-1.783686,51.579287,On or near Pinehurst Road,E01015508,Swindon 010A,Unable to prosecute suspect
d09a7fb603326162bb8c86bd676eb6c39b2ddfd2cc460b527bf358fe1e457afe,2022-11,Wiltshire Police,Wiltshire Police,-1.753580,51.569005,On or near Drake's Way,E01015550,Swindon 009B,Investigation complete; no suspect identified
6dd319425e5efd77d1fbbceee873a7cf58fe52988af9bf426336d518ae0a4705,2022-11,Wiltshire Police,Wiltshire Police,-2.184949,51.259958,On or near Haynes Road,E01032115,Wiltshire 040A,Investigation complete; no suspect identified
e19f2202559ccb5b8be7b07c7384af0e368a4d27a1c0f992a1dd6bf112bba54b,2022-11,Wiltshire Police,Wiltshire Police,-1.741348,51.568448,On or near Dragonfly Road,E01015481,Swindon 013A,Unable to prosecute suspect
bcabe55ac013548d3435e2a0696064a3a4f707cfa9bf641379f71c7af26ea5bd,2022-11,Wiltshire Police,Wiltshire Police,-2.045780,51.316600,On or near Whatleys Close,E01031848,Wiltshire 028C,Investigation complete; no suspect identified
bd76b8f15b928e1d76d9ef15951ea4d68cb02e1f3da6fae93721def8641b1a54,2022-11,Wiltshire Police,Wiltshire Police,-1.830370,51.552237,On or near Tintagel Close,E01015569,Swindon 022D,Investigation complete; no suspect identified
27ba7fc4f42618801f484d3530fa31e9fc23f23fea68840bda829cb4b331ae2f,2022-11,Wiltshire Police,Wiltshire Police,-1.762545,51.571517,On or near ,E01015479,Swindon 017A,Unable to prosecute suspect
1a6a720a2c7902f21618be8a9aebcdbab23b65c31efcf6e368578ddd52bf2cee,2022-11,Wiltshire Police,Wiltshire Police,-2.004440,51.436405,On or near New Road,E01031901,Wiltshire 016B,Unable to prosecute suspect
b2bacb2f79a98a0961245e0b39e43b92b2c7f57f270e6694ec3001331232c2c5,2022-11,Wiltshire Police,Wiltshire Police,-1.817412,51.604259,On or near Isambard Way,E01032712,Swindon 027E,Investigation complete; no suspect identified
05387a665bd8b60ae1c0abdddbd214347a9160cd0043b283dbd91bb51e5a229a,2022-11,Wiltshire Police,Wiltshire Police,-1.997395,51.353403,On or near NORTHGATE STREET,E01031854,Wiltshire 026B,Unable to prosecute suspect
0b4994965ed1741d5ed84346e5c65d81d12efcf8a69978226e8a157077693060,2022-11,Wiltshire Police,Wiltshire Police,-1.663868,51.246971,On or near Oatway Road,E01032698,Wiltshire 041H,Investigation complete; no suspect identified
175a03fdb93cfd96be4cb8cda88f99a5c39a76771b5bf29381c9293b73728995,2022-11,Wiltshire Police,Wiltshire Police,-2.197965,51.253984,On or near Connemara Close,E01032117,Wiltshire 040C,Unable to prosecute suspect
9bb0e60eb6dadb1a57e80d76ab8cb20fc4a023beb7dc5f4cd5ca0395e965c74e,2022-11,Wiltshire Police,Wiltshire Police,-1.736202,51.572572,On or near Corinium Way,E01015483,Swindon 013C,Unable to prosecute suspect
911de9ae33c0c41ed7fb4e747e5f760fd68b7db7595283487b09cb48812140f6,2022-11,Wiltshire Police,Wiltshire Police,-1.765518,51.168027,On or near ,E01031978,Wiltshire 048E,Unable to prosecute suspect
d328408d88084e184eeaf6ffa5b6ca64d3c481ddf09451a7d4d4557f27f0416b,2022-11,Wiltshire Police,Wiltshire Police,-1.807132,51.544825,On or near ,E01015585,Swindon 025C,Unable to prosecute suspect
f4048215b7f1ea91c16145757803658d0eb222fdb75675e78e741a1214887611,2022-11,Wiltshire Police,Wiltshire Police,-2.245892,51.416859,On or near Quarry Hill,E01031890,Wiltshire 017C,Investigation complete; no suspect identified
cd2e5626667de8e01bcd066cef2b6f0a23c1ba0ec32e692627efe38753da4de8,2022-11,Wiltshire Police,Wiltshire Police,-1.768357,51.160893,On or near Hambrook Court,E01031977,Wiltshire 048D,Unable to prosecute suspect
9786db9ecab3c6c1ebdd971635d7dd03a63bd386073ccc5341c0da759b792a9c,2022-11,Wiltshire Police,Wiltshire Police,-1.772638,51.171341,On or near Finnis Road,E01031975,Wiltshire 048B,Investigation complete; no suspect identified
4692233a81ba54a05014f5483a27b4f82e314951cb298fcd6849956c0d55a110,2022-11,Wiltshire Police,Wiltshire Police,-2.193563,51.229525,On or near The Orchard,E01032054,Wiltshire 039B,Investigation complete; no suspect identified
e55ee45c6057fcca918f1288b46350107121efd0950ab1964bb3b0f7de43c410,2022-11,Wiltshire Police,Wiltshire Police,-2.250479,51.227331,On or near Huntenhull Lane,E01032051,Wiltshire 047A,Investigation complete; no suspect identified
20bd650c40907a8956fa0372ac0600e5d7258ad10289cbfa38b746a7de727b17,2022-11,Wiltshire Police,Wiltshire Police,-1.709291,51.629244,On or near Brewery Street,E01015520,Swindon 001B,Unable to prosecute suspect
1c77a8ac2f94167cbc98d42052505f6eff2e47ecc7303fa952a28642f22cec1b,2022-11,Wiltshire Police,Wiltshire Police,-2.119118,51.356022,On or near Chadwick Close,E01032072,Wiltshire 021F,Unable to prosecute suspect
b06e54bfd1298b807deb97224f10b81944b451db0293fdcd280889f23ce0bdbd,2022-11,Wiltshire Police,Wiltshire Police,-2.116515,51.461748,On or near ,E01031912,Wiltshire 011B,Unable to prosecute suspect
6f3eeae8a6ab2b93758c13ae69475f66180e6d21bf8c34e4ccc16fd8b7c6fa2e,2022-11,Wiltshire Police,Wiltshire Police,-1.754829,51.556779,On or near Helston Road,E01015540,Swindon 020C,Investigation complete; no suspect identified
66fc1791be33d0054905ca4c3a4f85a1774ecbf7a4a080777f84526f377232b2,2022-11,Wiltshire Police,Wiltshire Police,-2.135861,51.466816,On or near Old Hardenhuish Lane,E01031907,Wiltshire 009A,Unable to prosecute suspect
b5e7ac3d5fe9a3813169cb4e37e95fa3aaa69a3f98afc7d0bdbd7d5626178a9e,2022-11,Wiltshire Police,Wiltshire Police,-2.108767,51.454068,On or near Royal Oak Close,E01031917,Wiltshire 011D,Investigation complete; no suspect identified
34f8ab760076bc53d8b63b99312e9d2632e2a3e4921d38486a13625155585ab0,2022-11,Wiltshire Police,Wiltshire Police,-2.217656,51.303090,On or near Westmead Crescent,E01032088,Wiltshire 036A,Investigation complete; no suspect identified
6e3ee05f0d46034ab96234f7c67630ab6b26c1e5a7885592162e2a7192148481,2022-11,Wiltshire Police,Wiltshire Police,-1.784788,51.562772,On or near ,E01015476,Swindon 015B,Investigation complete; no suspect identified
243885230d7b2f6634671f0da5edb6b3a258804fa6f99573cd9b9a393e76aced,2022-11,Wiltshire Police,Wiltshire Police,-1.774559,51.565837,On or near County Road,E01015475,Swindon 015A,Investigation complete; no suspect identified
e51bb4950ea6b71e3f5b5a8f8f5e331e8f3dd62dba2475e33ddfa95c1179678c,2022-11,Wiltshire Police,Wiltshire Police,-1.770754,51.176328,On or near ,E01031974,Wiltshire 048A,Investigation complete; no suspect identified
197967b133a461adb140c7c6941188ce12b2c2e2ad6877400efe24c82f8c6a14,2022-11,Wiltshire Police,Wiltshire Police,-2.101440,51.589341,On or near ,E01031948,Wiltshire 002C,Unable to prosecute suspect
147046074b8ce4930dec786eb93e9fa667343db2b814a61b3163f47d91ae68b6,2022-11,Wiltshire Police,Wiltshire Police,-1.828149,51.559094,On or near ,E01015569,Swindon 022D,Investigation complete; no suspect identified
4aff763e44be22b6aacc3ee90fd6cdc24ec7bcca1aa3d3f10b045e69349782a0,2022-11,Wiltshire Police,Wiltshire Police,-2.184435,51.253359,On or near ,E01032695,Wiltshire 040H,Unable to prosecute suspect
55f6d1e06ea087bf763816b20249d825d4962fbf14d58f6899897864711a0aa8,2022-11,Wiltshire Police,Wiltshire Police,-1.790258,51.562233,On or near Oxford Street,E01015476,Swindon 015B,Unable to prosecute suspect
bd9b7b2a5b8af1cd64c4b87aed893be712434e91873eb86dfa640b0098ba7d6f,2022-11,Wiltshire Police,Wiltshire Police,-1.992283,51.352450,On or near Monday Market Street,E01031854,Wiltshire 026B,Unable to prosecute suspect
0dd0928a90483bbc8b8276fa161ce1638a83ce1ffeb625a8a44d8ce8c2657cd3,2022-11,Wiltshire Police,Wiltshire Police,-1.786886,51.561517,On or near Queen Street,E01015476,Swindon 015B,Unable to prosecute suspect
1ee7bc63fbc66bb8e1723e1a9d56fee8b2f8cd9060f96db571204d06031301df,2022-11,Wiltshire Police,Wiltshire Police,-1.721646,51.040486,On or near WINDWHISTLE WAY,E01031971,Wiltshire 060B,Unable to prosecute suspect
7727842fda7bd6820a6ef7d23041dfd2350eed33c432d8611dcb29c83d498b12,2022-11,Wiltshire Police,Wiltshire Police,-2.175534,51.327582,On or near HILPERTON DRIVE,E01032080,Wiltshire 030D,Unable to prosecute suspect
e4ec5dcb03d028310f499bdb39d33f597ba1d6c0d0d1a2156671ae821cbe74b1,2022-11,Wiltshire Police,Wiltshire Police,-1.838566,51.526605,On or near Hay Lane,E01015585,Swindon 025C,Investigation complete; no suspect identified
81b097a5c3f25cb1c29ae89f4bb34e66fa07fa03b88230c0def12d3966760cbc,2022-11,Wiltshire Police,Wiltshire Police,-1.832911,51.547547,On or near Grantham Close,E01015501,Swindon 022A,Investigation complete; no suspect identified
90c3e276098549efc9451ea87033e98abf53185aa144763c3d75da0cfef1ac10,2022-11,Wiltshire Police,Wiltshire Police,-1.785302,51.560868,On or near ,E01015494,Swindon 019A,Investigation complete; no suspect identified
0fe69a98c3bad2b3115137b9c1703fb1bc504567e7f2a65342cb3ffbd9940efc,2022-11,Wiltshire Police,Wiltshire Police,-2.113174,51.455331,On or near ,E01031917,Wiltshire 011D,Unable to prosecute suspect
093b34fbc172276d21b175b9b8c74f77284109d15087e024ad97494120278aa2,2022-11,Wiltshire Police,Wiltshire Police,-2.024422,51.463647,On or near Turf House Lane,E01031891,Wiltshire 013A,Investigation complete; no suspect identified
2c1ce56cfdc9ca6ebd742fc0b7564810505cbb34ba564759bf3b97d4a78e18da,2022-11,Wiltshire Police,Wiltshire Police,-1.821611,51.597828,On or near Braxton Road,E01032704,Swindon 027C,Unable to prosecute suspect
e4697bc5bb10fe1aab4445498fec023aa18574bb10df242d18b51929319c2522,2022-11,Wiltshire Police,Wiltshire Police,-1.786799,51.561544,On or near QUEEN STREET,E01015476,Swindon 015B,Unable to prosecute suspect
e19f668ea2c8398dcfa1e5a7c3ed4e784ab79dd93505b9b735bf01551fb64240,2022-11,Wiltshire Police,Wiltshire Police,-1.759761,51.562409,On or near Raleigh Avenue,E01015575,Swindon 016D,Investigation complete; no suspect identified
00ea81884d8aa91e7a1c76fa305a2b6a97b8f2526ffb465a6f95782e80428e1c,2022-11,Wiltshire Police,Wiltshire Police,-1.797765,51.557697,On or near Courtsknap Court,E01015477,Swindon 015C,Unable to prosecute suspect
491b74df2bb1286c91684dc2a7e6dbfe88ac22e1fa6a343f412b77b68be092e0,2022-11,Wiltshire Police,Wiltshire Police,-2.111335,51.456529,On or near Ladds Lane,E01031917,Wiltshire 011D,Investigation complete; no suspect identified
ffe828c27f82d69f04eef99152413ebfd6d23f8f23d02cac09aa51b2f898f79e,2022-11,Wiltshire Police,Wiltshire Police,-1.637471,50.979198,On or near Pound Hill,E01031973,Wiltshire 062A,Investigation complete; no suspect identified
f9529bc3fc0fe3d11aebf9806c67e37e9220aecdb8d6e6a7a22f7dfd44983e11,2022-11,Wiltshire Police,Wiltshire Police,-2.130525,51.377833,On or near Fuller's Close,E01032065,Wiltshire 020C,Suspect charged
f41535b2f0ef7f461b1da4d713d71bfcfa63163757a8e119e2f2d45e18e96b22,2022-11,Wiltshire Police,Wiltshire Police,-1.801383,51.075952,On or near ,E01032024,Wiltshire 055D,Investigation complete; no suspect identified
030e147425896d18f38e04d564cfdd896591492e6f2a2dc1290a788385b57833,2022-11,Wiltshire Police,Wiltshire Police,-1.833865,51.085552,On or near Westwood Road,E01031981,Wiltshire 052B,Investigation complete; no suspect identified
4bfd1e3b9e2c1a11d53029e5d6afbc2badfd53b8a3c1acb367fcdf63c4afa47b,2022-11,Wiltshire Police,Wiltshire Police,-1.977979,51.142380,On or near Nettlemead Lane,E01032027,Wiltshire 054C,Investigation complete; no suspect identified
20d0f308afcdcf25e5f5179d1f32af68b66678887cc6ed88ed540fa411a0829f,2022-11,Wiltshire Police,Wiltshire Police,-2.097066,51.595702,On or near Jenner Lane,E01031948,Wiltshire 002C,Investigation complete; no suspect identified
1e89e9b422f83e2fee8c868a9900ead6ea0a555ba349b57b19e2b61ab6a5ae4b,2022-11,Wiltshire Police,Wiltshire Police,-1.792909,51.071612,On or near BEDWIN STREET,E01032014,Wiltshire 056A,Investigation complete; no suspect identified
dcc58d03f6ad4abe1fe8d92001badf08a9a31985e3a1e421d252fcd49b011539,2022-11,Wiltshire Police,Wiltshire Police,-2.005159,51.440244,On or near Wood Street,E01031898,Wiltshire 015D,Unable to prosecute suspect
8ddc7b5e6add57c6cdc3e46afcd53e7df7fe8b4eac8c8065555d6606594fb378,2022-11,Wiltshire Police,Wiltshire Police,-2.149491,51.545007,On or near Brookside,E01031958,Wiltshire 005B,Investigation complete; no suspect identified
2e0136af706171be3cae3685969d433b2dee262ca243a5149354c29334b5e7a6,2022-11,Wiltshire Police,Wiltshire Police,-2.187237,51.318437,On or near Sports/Recreation Area,E01032102,Wiltshire 032D,Unable to prosecute suspect
285e9055c6c4784a527a2bdc5c2bf6a1e0e19d531049082a8b2ef1a6191e874f,2022-11,Wiltshire Police,Wiltshire Police,-2.193977,51.436334,On or near Dairy Mews,E01031952,Wiltshire 018F,Investigation complete; no suspect identified
3040503bde72d7602080fa9b6edf472e7cdd43b927fa65044e2240eebb24f907,2022-11,Wiltshire Police,Wiltshire Police,-1.766009,51.592947,On or near Birdbrook Road,E01015556,Swindon 005B,Unable to prosecute suspect
b25aea0b78de0cd97f660796f0941c0aa9d1412c4165213d2594dde91f7a08ac,2022-11,Wiltshire Police,Wiltshire Police,-2.158247,51.200669,On or near BOREHAM FIELD,E01032104,Wiltshire 042A,Offender given a caution
8343fcf63440a5fd6a5ce3055f659a0d9ed894d91356be03bce851566678921c,2022-11,Wiltshire Police,Wiltshire Police,-2.000539,51.348736,On or near West View Crescent,E01031856,Wiltshire 026D,Unable to prosecute suspect
37238d09b3efb5449a37c56fde212409d1d1ef0e8ff869f57a5ee8687138f98d,2022-11,Wiltshire Police,Wiltshire Police,-1.780627,51.555086,On or near North Street,E01015497,Swindon 019D,Unable to prosecute suspect
6f87da5983d48b9944aac80e32b100033cc4b17e61b5828c61f7a4ac2573fb97,2022-11,Wiltshire Police,Wiltshire Police,-2.203110,51.338642,On or near Hammond Way,E01032078,Wiltshire 030B,Suspect charged
e935366cb6487e5ddf133a4527bdce3038682842810069d41d4fdd90ae6d919d,2022-11,Wiltshire Police,Wiltshire Police,-2.032613,51.523950,On or near Dodford Lane,E01031891,Wiltshire 013A,Investigation complete; no suspect identified
b0392fac1ad721a5203e509c0e06451a558af781774a0f1edbd18c416b8dfea4,2022-11,Wiltshire Police,Wiltshire Police,-1.784252,51.070049,On or near Laverstock Road,E01032015,Wiltshire 056B,Unable to prosecute suspect
ed568697fc0dd966f6f4faf86a53006ba937da0de7c39505ef761efe98452eba,2022-11,Wiltshire Police,Wiltshire Police,-1.732597,51.419448,On or near High Street,E01031863,Wiltshire 019C,Investigation complete; no suspect identified
9e7b6ad75311f270f86a71fcc45d6847c81f1d3a008ddee79122acb1454e914b,2022-11,Wiltshire Police,Wiltshire Police,-1.803525,51.082447,On or near Hudson Road,E01032019,Wiltshire 053B,Unable to prosecute suspect
1c3d27f5a089c3f6bb57745ea4302095b87a3fcdcf8d735debaec9eb4bf4e95d,2022-11,Wiltshire Police,Wiltshire Police,-1.771881,51.561839,On or near ,E01015493,Swindon 017B,Investigation complete; no suspect identified
97e8b9feeb5d37ab5e1a7fba165982135c24c469eb4c155477b7524b40788d99,2022-11,Wiltshire Police,Wiltshire Police,-1.786578,51.593373,On or near Bratton Close,E01015546,Swindon 003D,Unable to prosecute suspect
76a4455289795c78eeb555a5fbc02ff760c88994f59ab436656b852ced76f216,2022-11,Wiltshire Police,Wiltshire Police,-1.762534,51.561839,On or near Lennox Drive,E01015573,Swindon 016C,Unable to prosecute suspect
ec53f5eb79d3255c3e7cb262fb1b8111ca2efba2fe4d2de8adef258dfd883c48,2022-11,Wiltshire Police,Wiltshire Police,-1.824618,51.604180,On or near Tortworth Road,E01032713,Swindon 026F,Investigation complete; no suspect identified
64fe9ada43fcd90da8a64d9b5edb86d257279e34ff1447474a890c42a2035ca4,2022-11,Wiltshire Police,Wiltshire Police,-1.785940,51.560184,On or near Supermarket,E01015494,Swindon 019A,Unable to prosecute suspect
19aca06102fabeb179d1adc06830ee308a6566dd0b4aa65f92a4acecc7e6d7b4,2022-11,Wiltshire Police,Wiltshire Police,-1.983657,51.338116,On or near ,E01031855,Wiltshire 026C,Unable to prosecute suspect
3b72143021ba47c6d0394e5b37fab69d4f09886c11f954fa50e7f8c8f436d824,2022-11,Wiltshire Police,Wiltshire Police,-1.780627,51.555086,On or near North Street,E01015497,Swindon 019D,Unable to prosecute suspect
489582b67bc621a6e017f9e55476123acc38422f7525478e8c16c64f2a76e100,2022-11,Wiltshire Police,Wiltshire Police,-2.131066,51.370890,On or near SOMERSET CRESCENT,E01032066,Wiltshire 022B,Unable to prosecute suspect
f39c0aff8e3c0f685d0df83fde4d8f3aed3fb900bbd6f0daad89ba60b6e4c412,2022-11,Wiltshire Police,Wiltshire Police,-2.140474,51.361294,On or near Smeaton Way,E01032070,Wiltshire 021D,Investigation complete; no suspect identified
474a076c694e8648465e5ebe1a10f79391ca42f147c99fee3b05ddab9308a774,2022-11,Wiltshire Police,Wiltshire Police,-1.772314,51.077337,On or near Woodland Way,E01032012,Wiltshire 057C,Investigation complete; no suspect identified
a066622a8d460f4ed409062928d11f5bcdc9339c1ee0544f06a79bd2fad84225,2022-11,Wiltshire Police,Wiltshire Police,-2.124703,51.487473,On or near Moors Close,E01031939,Wiltshire 008A,Unable to prosecute suspect
b112f8ffb08db0a9f50672255383f6117f62fef756797a853730d28a84f58072,2022-11,Wiltshire Police,Wiltshire Police,-1.827239,51.081918,On or near Glyndebourne Close,E01031983,Wiltshire 052D,Unable to prosecute suspect
d2710542669003b43fe5bb2b2b94cde8c888897c1f282c0af7809050594088f3,2022-11,Wiltshire Police,Wiltshire Police,-1.779047,51.577552,On or near Firethorn Close,E01015508,Swindon 010A,Unable to prosecute suspect
f8328771126c8bb7779fde469cdc1c0752af7a582f2d4c494c03f057a850ce44,2022-11,Wiltshire Police,Wiltshire Police,-1.723467,51.038827,On or near Eyres Drive,E01031970,Wiltshire 060A,Unable to prosecute suspect
1d195ec972508f8dcdd0c11db95476d977f28557ac59a6fb56c3020d1322a08c,2022-11,Wiltshire Police,Wiltshire Police,-1.774494,51.561584,On or near Plymouth Street,E01015493,Swindon 017B,Unable to prosecute suspect
0150ce133a1198f47899444d158775d38a0d6cb8db6b7744bd9a7dd4cb44445e,2022-11,Wiltshire Police,Wiltshire Police,-2.042377,51.283170,On or near Prison,E01031848,Wiltshire 028C,Investigation complete; no suspect identified
51bc2facf351325576673c4868ae0bd613496c7dac169cb8c7d8619964fc0625,2022-11,Wiltshire Police,Wiltshire Police,-1.757593,51.555094,On or near Welbeck Close,E01015573,Swindon 016C,Unable to prosecute suspect
4796efaa6213669fbd6644bcc1f130eb87c9964570ce6239e4abca9115dac942,2022-11,Wiltshire Police,Wiltshire Police,-2.132095,51.458728,On or near SHELDON ROAD,E01031926,Wiltshire 010F,Unable to prosecute suspect
aa07c337768e33682429209970fdc61559dbd3f50f8b064395c80f0bfbb8fe86,2022-11,Wiltshire Police,Wiltshire Police,-2.114084,51.456553,On or near Bakehouse Close,E01031912,Wiltshire 011B,Investigation complete; no suspect identified
e9451986cfde503c60afa06e0c748c9d620060aa3defe7bb80c4dc0d5b8a12a3,2022-11,Wiltshire Police,Wiltshire Police,-1.734375,51.556869,On or near STUBSMEAD,E01015492,Swindon 023F,Unable to prosecute suspect
09bed0e5d37bde888f67bd75d967432525379a84f346eb01a6c9515d47d5a71c,2022-11,Wiltshire Police,Wiltshire Police,-2.094020,51.449135,On or near The Turnpike,E01031922,Wiltshire 014C,Unable to prosecute suspect
30c88726c549eb13048827c28ab42d74af9043f1699f5dc3afe186b920cf8420,2022-11,Wiltshire Police,Wiltshire Police,-1.790730,51.541729,On or near ,E01015536,Swindon 024D,Investigation complete; no suspect identified
06cf78ceb4ee14925f9bd14ffd71ae07bff2c8f3e57ad24c6e8654b61b31f9f1,2022-11,Wiltshire Police,Wiltshire Police,-2.002857,51.434651,On or near South Place,E01031900,Wiltshire 016A,Unable to prosecute suspect
cad646ba3e7ddc4597347130e03ed47c3aab925a595bfeda410e23dd8462dd26,2022-11,Wiltshire Police,Wiltshire Police,-2.155606,51.511443,On or near Petrol Station,E01031951,Wiltshire 008D,Unable to prosecute suspect
3cca1a4b8ae5aa46cf50c09ef0ef6bb77ec48608dada33d6e47a18b79fd02bf0,2022-11,Wiltshire Police,Wiltshire Police,-2.216788,51.574682,On or near Butlers Close,E01031957,Wiltshire 005A,Unable to prosecute suspect
b4fe5662b33183518c7d28726e1a9516b31a60be86732c56a508a9e6b586ad77,2022-11,Wiltshire Police,Wiltshire Police,-2.040241,51.283342,On or near Victoria Park,E01031848,Wiltshire 028C,Unable to prosecute suspect
3f29e101377e4dbae6fa3f70246ce85d646496c9575bf674e52fe8e10b588d07,2022-11,Wiltshire Police,Wiltshire Police,-1.802801,51.583996,On or near Coombe Road,E01015529,Swindon 006C,Investigation complete; no suspect identified
91ecac55b5ece14fced13b28300fafffaae1d33d5d63c2d73bb3564718c87ec9,2022-11,Wiltshire Police,Wiltshire Police,-1.817034,51.074071,On or near ,E01032002,Wiltshire 055B,Investigation complete; no suspect identified
705f1a1ec91e31d49115189a7e05039280ec8bfe53357b1d1966b6418ceb0673,2022-11,Wiltshire Police,Wiltshire Police,-2.268971,51.090323,On or near The Square,E01032037,Wiltshire 050D,Investigation complete; no suspect identified
cee6715df51ed40d7ad71d4b711eb7164bbc8ca4c30482c56d0ad615a928ede2,2022-11,Wiltshire Police,Wiltshire Police,-1.836356,51.552146,On or near Crawford Close,E01015502,Swindon 022B,Unable to prosecute suspect
4f4206a639dcd177b94a4f0b4c1460035ef3020610ab90f69358e4736570b73d,2022-11,Wiltshire Police,Wiltshire Police,-1.785302,51.560868,On or near ,E01015494,Swindon 019A,Unable to prosecute suspect
dda19b589ad7ccfd9b3c7c4b6f9b4a4f7f56e34c7237f763465221eb3ffaf556,2022-11,Wiltshire Police,Wiltshire Police,-1.770663,51.338918,On or near Stratton Road,E01031869,Wiltshire 024B,Unable to prosecute suspect
a533c8a336c07d200158398bd311584bb644ab7934c32fbdbbc9aa93c192255c,2022-11,Wiltshire Police,Wiltshire Police,-2.138236,51.381025,On or near Riverside Drive,E01032063,Wiltshire 020A,Unable to prosecute suspect
f5b958de855a7d4ea8218898d2f06f2544b5817d451fa40b71befc8e3eeddf57,2022-11,Wiltshire Police,Wiltshire Police,-2.194452,51.321348,On or near Barn Glebe,E01032100,Wiltshire 032B,Unable to prosecute suspect
6dfcd43724e50ac3c60a8b9466621bef11b0b2e4b6bc12f4702fc2cc0baf941b,2022-11,Wiltshire Police,Wiltshire Police,-1.770392,51.548161,On or near Carlisle Avenue,E01015533,Swindon 024A,Unable to prosecute suspect
035ab1ad95bf61710942f413e5ca199f897937746b61def9c43dfc758658160d,2022-11,Wiltshire Police,Wiltshire Police,-1.784355,51.559849,On or near ,E01015494,Swindon 019A,Suspect charged
3ed0efe29f6286fd7c9e406735f80a4c71007f216557442510c4dc5b2f34b309,2022-11,Wiltshire Police,Wiltshire Police,-2.197501,51.256152,On or near Morgan Walk,E01032117,Wiltshire 040C,Unable to prosecute suspect
b54ee249cdf7563352c6c45a514f12cb70101f1ee4d4b8c39a6476fbd0c4ed74,2022-11,Wiltshire Police,Wiltshire Police,-1.761699,51.586213,On or near ,E01015558,Swindon 005D,Investigation complete; no suspect identified
64bc097089fd0fc3fea7f4c215b5aa275b78698bd2fe73b2eaacdcdb4715f7a0,2022-11,Wiltshire Police,Wiltshire Police,-1.725189,51.561254,On or near Firecrest View,E01015485,Swindon 013E,Investigation complete; no suspect identified
c32276272587f9b5bc7de6dd54bf644300368d47f1a8e6cecd44ccdd4be71c91,2022-11,Wiltshire Police,Wiltshire Police,-2.201852,51.427833,On or near Bluebell Mead,E01031953,Wiltshire 018G,Unable to prosecute suspect
fd1a3848cc47e1af4ca4e3ad30bca8bd6046d6dfad0759e4ed9fec7c30f50b38,2022-11,Wiltshire Police,Wiltshire Police,-2.098496,51.476205,On or near Maud Heath's Causeway,E01031891,Wiltshire 013A,Investigation complete; no suspect identified
a7f16004232236c330c659e9dbafe4eca5126e2893167c8558a94a45eb94e3bc,2022-11,Wiltshire Police,Wiltshire Police,-1.785302,51.560868,On or near ,E01015494,Swindon 019A,Investigation complete; no suspect identified
d93857c8417ede33ab93da0f9e45cfb4466699c2f24cf423ff4f4ec588ecec37,2022-11,Wiltshire Police,Wiltshire Police,-2.162847,51.509419,On or near ,E01031940,Wiltshire 008B,Investigation complete; no suspect identified
ed3dd1a90f8e0f6e4e07fa576225d94afebf6f1b71c687b12a546c85288dce48,2022-11,Wiltshire Police,Wiltshire Police,-1.825422,51.548822,On or near Tattershall,E01015571,Swindon 022F,Unable to prosecute suspect
3cfba8b6a59d6e7ef213f7ce05388a87ca849a8e1d0cc0936c269f91b1cc6d7a,2022-11,Wiltshire Police,Wiltshire Police,-2.031658,51.457090,On or near LODOWICKS,E01031891,Wiltshire 013A,Unable to prosecute suspect
e34c1ba7c9856decad0637bd6641225b22f3d7a8a0f6c7c55fd15e4b87f0c554,2022-11,Wiltshire Police,Wiltshire Police,-1.611911,51.443433,On or near Knowledge Crescent,E01031874,Wiltshire 012D,Investigation complete; no suspect identified
ddce10aaf4a53ccdacd91761ac3ceb087d84e75917cdcb6fa8ccbf95b480e1ff,2022-11,Wiltshire Police,Wiltshire Police,-2.162847,51.509419,On or near ,E01031940,Wiltshire 008B,Investigation complete; no suspect identified
abec26b398f744b7b6c65492522639946ee1891a8ab6baccf2753046d8814f28,2022-11,Wiltshire Police,Wiltshire Police,-2.005289,51.441026,On or near Alma Terrace,E01031898,Wiltshire 015D,Unable to prosecute suspect
aafb85643a2acc77ce6750922810b86ce4e2f1064c8c63370a3bf501dc24e7b6,2022-11,Wiltshire Police,Wiltshire Police,-1.830452,51.604090,On or near Giotto Close,E01032709,Swindon 026E,Unable to prosecute suspect
865012a68839dbee74e4b919962b40f64578169b3fdf7400bdc0fe98265f9b9d,2022-11,Wiltshire Police,Wiltshire Police,-1.591568,51.456141,On or near ,E01031873,Wiltshire 012C,Investigation complete; no suspect identified
a8e5768b1472a332264e2d604a202db7523fe539d6c654fc4df7e2bd68d640ed,2022-11,Wiltshire Police,Wiltshire Police,-2.213345,51.310758,On or near ,E01032095,Wiltshire 035D,Suspect charged
606541812a26b66852d6f31583cc7455b7282813d769aa84ba87975054f92e0a,2022-11,Wiltshire Police,Wiltshire Police,-2.118666,51.464155,On or near Parkside,E01031920,Wiltshire 009F,Unable to prosecute suspect
2b11fc5c6c194b53b088db66344e8da2fdd00ee1040695a2bbb1fa6fc9414632,2022-11,Wiltshire Police,Wiltshire Police,-2.222510,51.308079,On or near ,E01032090,Wiltshire 036C,Further action is not in the public interest
cf4a9638963f6d1eabd862cbb3a11c81817aa29087c0bffedba26daad55d6265,2022-11,Wiltshire Police,Wiltshire Police,-1.810730,51.603538,On or near HEBDEN CLOSE,E01032711,Swindon 027D,Unable to prosecute suspect
2822dc3c6753181c16c94fce778a06356470b1cb7a389f1da98ea8a98f474dbf,2022-11,Wiltshire Police,Wiltshire Police,-2.143486,51.359744,On or near SEMINGTON ROAD,E01032070,Wiltshire 021D,Action to be taken by another organisation
c99ca925c418493fc5b908f7bc5b50cd881fe886bc5364dd55ee23be33475b34,2022-11,Wiltshire Police,Wiltshire Police,-1.849135,51.337679,On or near Smithy Lane,E01031871,Wiltshire 024D,Investigation complete; no suspect identified
ece5fb6039434978017bec76eb257ad58bdf600ccbc4e564c5a663281e0df4b0,2022-11,Wiltshire Police,Wiltshire Police,-1.740928,51.563592,On or near Tyneham Road,E01015486,Swindon 013F,Unable to prosecute suspect
3b0abb20c6d8868eb71ff973664395629dcf500abba7b672b8d90b609dcf13a3,2022-11,Wiltshire Police,Wiltshire Police,-1.770855,51.567797,On or near ,E01015479,Swindon 017A,Investigation complete; no suspect identified
afa9298b78e2002602d33cec6578a54a1499aacee5b443ad63847c25edf22c80,2022-11,Wiltshire Police,Wiltshire Police,-1.794190,51.069150,On or near Queen Street,E01032022,Wiltshire 058C,Investigation complete; no suspect identified
ebfbe2e9cdb474f9f11e287cfe6ea9fc7c360828ca97cb8e6f0676529cd28be6,2022-11,Wiltshire Police,Wiltshire Police,-1.758301,51.557469,On or near ,E01015573,Swindon 016C,Investigation complete; no suspect identified
033232fc785aa45d5ea14703049e8dfff38946bcc0b4af5a56bfe10a6faafa04,2022-11,Wiltshire Police,Wiltshire Police,-2.206245,51.320707,On or near Silver Street,E01032086,Wiltshire 031B,Investigation complete; no suspect identified
4293df76a5ff380c6c13029a96db509d4bb6f91036973a27dcf5cf42cfd8d457,2022-11,Wiltshire Police,Wiltshire Police,-1.790200,51.559239,On or near Tennyson Street,E01015476,Swindon 015B,Suspect charged
16082915d509a410ce7c1b6f274f7b2c21d8dbafcf60367d88732b86c5344684,2022-11,Wiltshire Police,Wiltshire Police,-2.127336,51.357461,On or near Beverley Close,E01032070,Wiltshire 021D,Formal action is not in the public interest
1cc46822355f9c5664a27e4f8babaa0a29ebb4129e2ca991a884c741768c9c89,2022-11,Wiltshire Police,Wiltshire Police,-1.990790,51.350220,On or near Hare And Hounds Street,E01031856,Wiltshire 026D,Unable to prosecute suspect
21fb111884d49b99cacfff7cc1617d8f3e073a9631187225a44fec0590f2c18d,2022-11,Wiltshire Police,Wiltshire Police,-1.732255,51.551829,On or near Carroll Close,E01015489,Swindon 023C,Unable to prosecute suspect
21c9e37eae1fc28095cc35a8c8fd8dda56b96d14df219ce8f8ae8faeb5b6a2b5,2022-11,Wiltshire Police,Wiltshire Police,-2.000325,51.442924,On or near ERNLE ROAD,E01031895,Wiltshire 015A,Unable to prosecute suspect
7dabdde6f0d37927f1f13cb00b0facc5c5b23836cd8ae0b7ebc905c8369a9b7f,2022-11,Wiltshire Police,Wiltshire Police,-2.043926,51.492180,On or near Hare Street,E01031891,Wiltshire 013A,Unable to prosecute suspect
5b62f7ef4cce6ec763b0419759a68259d5a00ee8d15ff2b8d6fbe12f610612d1,2022-11,Wiltshire Police,Wiltshire Police,-2.113240,51.458928,On or near EMERY LANE,E01031912,Wiltshire 011B,Unable to prosecute suspect
336729f2e249b235dd1d2bb961a1237980acc45612c8bddb4ee9832ab116f116,2022-11,Wiltshire Police,Wiltshire Police,-1.793187,51.066936,On or near Ivy Street,E01032022,Wiltshire 058C,Investigation complete; no suspect identified
e8ceb0dfce90e760c671a33c1a9afb0830489b75c05f1c08f2ed678f122c43aa,2022-11,Wiltshire Police,Wiltshire Police,-2.002685,51.449452,On or near MERLIN ROAD,E01032690,Wiltshire 015F,Suspect charged
83e66ac677e0ff612f647a202465f880fd67b5f3c8d3309ee1f1ff136c1fc8c7,2022-11,Wiltshire Police,Wiltshire Police,-1.785276,51.581664,On or near Limes Avenue,E01015507,Swindon 007B,Suspect charged
e0f251374449ed941e53d3505a94d470874769cd0e910e470d347cf3d7c5fe5b,2022-11,Wiltshire Police,Wiltshire Police,-2.151893,51.539007,On or near GREENS CLOSE,E01031960,Wiltshire 005D,Unable to prosecute suspect
2c5fb2a022d0e132345023de8e2e4386147850a56b6fde2a1e44a8d92dd93c29,2022-11,Wiltshire Police,Wiltshire Police,-1.757983,50.992242,On or near THE HEADLANDS,E01031995,Wiltshire 062E,Suspect charged
66858893f3d2a73e9c0ab1d218cbf5c900d5cae554f3459398003e0274b7fdff,2022-11,Wiltshire Police,Wiltshire Police,-1.836290,51.578644,On or near WEBBS WOOD,E01015563,Swindon 011B,Unable to prosecute suspect
6d0e482f24bdfd689dd7c0a59c668f17e4cea896cef066ba621f7de7f988bae7,2022-11,Wiltshire Police,Wiltshire Police,-1.781431,51.558845,On or near Regent Circus,E01032714,Swindon 019E,Suspect charged
c65be5db5d688c853ef3e11cc2a6281dbcd376bff8e90d58c78919a7a5e15f56,2022-11,Wiltshire Police,Wiltshire Police,-1.733303,51.542849,On or near Wilbury Close,E01015583,Swindon 025A,Suspect charged
32a775e9b005ba66ef22ae7341095e7a6c200fcdfc9f347118d9867550f09b8e,2022-11,Wiltshire Police,Wiltshire Police,-1.805037,51.587524,On or near HELMSDALE,E01015516,Swindon 004D,Suspect charged
ee1ad6bdd725fd32d3b4c6ff025f003df1538fb1a4e86f8a8d1588cef40e212a,2022-11,Wiltshire Police,Wiltshire Police,-1.781428,51.544504,On or near FITZROY ROAD,E01015536,Swindon 024D,Unable to prosecute suspect
4679dfdd541e031ed02defc50b53a6395f25c417257a77883fb62735b3630357,2022-11,Wiltshire Police,Wiltshire Police,-1.797541,51.562706,On or near ,E01032716,Swindon 012G,Suspect charged
b4036487cf88d26404c4e0563a9b6da4fd1f8ae855f5c691dabb484d6d57b9e5,2022-11,Wiltshire Police,Wiltshire Police,-1.667199,51.245947,On or near George Vi Road,E01032698,Wiltshire 041H,Suspect charged
a7f3c3d7125caf8b0e35b73fe2d422664611aa8a0d763545fcd5dff35630b886,2022-11,Wiltshire Police,Wiltshire Police,-1.794190,51.069150,On or near Queen Street,E01032022,Wiltshire 058C,Suspect charged
8e76ba72114e8a140d6d622299429508cdd23eac4239f25ae4649f1ec517378f,2022-11,Wiltshire Police,Wiltshire Police,-2.252942,51.347168,On or near CHURCH STREET,E01032050,Wiltshire 027F,Suspect charged
ba6309c18a1630a105c8b4a84d4c982c652a2756ad37212157bb2defa0250843,2022-11,Wiltshire Police,Wiltshire Police,-1.784788,51.562772,On or near ,E01015476,Swindon 015B,Suspect charged
411042b431bd895f75454d14e40ca9a7003b00bbc05019b398fb1262eaa0bf1f,2022-11,Wiltshire Police,Wiltshire Police,-1.777767,51.570698,On or near ,E01015510,Swindon 010C,Suspect charged
0b51b69a0447fdac654e00f15052e589a8568d5378b631995e26834035f95659,2022-11,Wiltshire Police,Wiltshire Police,-1.782798,51.103389,On or near Herman Way,E01032011,Wiltshire 057B,Suspect charged
25ad645e2aba50c4bc32ce11c5e9d589139550364aaf9645eecc78c3ddbff745,2022-11,Wiltshire Police,Wiltshire Police,-1.781312,51.571775,On or near FERNDALE ROAD,E01015511,Swindon 010D,Suspect charged
e8ceb0dfce90e760c671a33c1a9afb0830489b75c05f1c08f2ed678f122c43aa,2022-11,Wiltshire Police,Wiltshire Police,-2.002685,51.449452,On or near MERLIN ROAD,E01032690,Wiltshire 015F,Suspect charged
3ebd033955efa8e8d0c562951474e51e1a32b9951b5e278dcc055b3b120476f8,2022-11,Wiltshire Police,Wiltshire Police,-1.771275,51.340035,On or near RAWLINS ROAD,E01031869,Wiltshire 024B,Suspect charged
8215921b73697f75e0a3896f02a552d31806d784182b4c28641a98e035d2da2f,2022-11,Wiltshire Police,Wiltshire Police,-1.756018,51.550137,On or near Eaton Close,E01015542,Swindon 020E,Suspect charged
1bd0496b9c24791df7e0bf5ffc16462a0fc9d7cc4f134196674887c465db7f4f,2022-11,Wiltshire Police,Wiltshire Police,-1.625133,51.251575,On or near JOHNSON WAY,E01031878,Wiltshire 041C,Unable to prosecute suspect
fb130a6b554389a69071fbe3bfe2d396dc724c6ba60094d5f40d5bb640a98525,2022-11,Wiltshire Police,Wiltshire Police,-2.212170,51.323367,On or near SHAILS LANE,E01032086,Wiltshire 031B,Unable to prosecute suspect
314f51d326e60a7f0b0250566af2824ae554b94e6a0a914c9346d071d76f0d9e,2022-11,Wiltshire Police,Wiltshire Police,-1.784355,51.559849,On or near ,E01015494,Swindon 019A,Suspect charged
314f51d326e60a7f0b0250566af2824ae554b94e6a0a914c9346d071d76f0d9e,2022-11,Wiltshire Police,Wiltshire Police,-1.784355,51.559849,On or near ,E01015494,Swindon 019A,Suspect charged
fb130a6b554389a69071fbe3bfe2d396dc724c6ba60094d5f40d5bb640a98525,2022-11,Wiltshire Police,Wiltshire Police,-2.212170,51.323367,On or near SHAILS LANE,E01032086,Wiltshire 031B,Unable to prosecute suspect
940ed28a3bb5bce2080e287db9e73886cd66eb0ddd00bf4dac6d15131214877a,2022-11,Wiltshire Police,Wiltshire Police,-2.207434,51.320165,On or near MARKET STREET,E01032086,Wiltshire 031B,Unable to prosecute suspect
204f170060a3ef52981769a043fb99b21c8f86bac1bf9395dd315dd7c5bede53,2022-11,Wiltshire Police,Wiltshire Police,-1.836290,51.578644,On or near WEBBS WOOD,E01015563,Swindon 011B,Unable to prosecute suspect
940ed28a3bb5bce2080e287db9e73886cd66eb0ddd00bf4dac6d15131214877a,2022-11,Wiltshire Police,Wiltshire Police,-2.207434,51.320165,On or near MARKET STREET,E01032086,Wiltshire 031B,Unable to prosecute suspect
7ca1c6ea9cbe6623437c000c2b7ae430e34113d7d5f1a770f71d7e9d17c3d08d,2022-11,Wiltshire Police,Wiltshire Police,-1.804439,51.072135,On or near Pedestrian Subway,E01032024,Wiltshire 055D,Suspect charged
940ed28a3bb5bce2080e287db9e73886cd66eb0ddd00bf4dac6d15131214877a,2022-11,Wiltshire Police,Wiltshire Police,-2.207434,51.320165,On or near MARKET STREET,E01032086,Wiltshire 031B,Unable to prosecute suspect
fb130a6b554389a69071fbe3bfe2d396dc724c6ba60094d5f40d5bb640a98525,2022-11,Wiltshire Police,Wiltshire Police,-2.212170,51.323367,On or near SHAILS LANE,E01032086,Wiltshire 031B,Unable to prosecute suspect
eb10efd0c7826c3ff5ccc7392e3266edd7c086d28e6b8083da934771ec80a97d,2022-11,Wiltshire Police,Wiltshire Police,-1.749605,51.111362,On or near PADDOCK CLOSE,E01032034,Wiltshire 049D,Unable to prosecute suspect
95a04afbe480059ea4378820d702d08555ad88683bc7cfa0d2381a13d6801896,2022-11,Wiltshire Police,Wiltshire Police,-1.785302,51.560868,On or near ,E01015494,Swindon 019A,Suspect charged
96e633fa0463b97d91e23f3c7c0a31471bd9f63881ce17bde3b7d46a894216d5,2022-11,Wiltshire Police,Wiltshire Police,-1.862272,51.643450,On or near LADY MEAD,E01031936,Wiltshire 001D,Further action is not in the public interest
4a9c54d6ff134c96bb25b239cf539df5de7fec281ac872d8789afa2f51e7d5f5,2022-11,Wiltshire Police,Wiltshire Police,-1.776315,51.552074,On or near JOINER LANE,E01015534,Swindon 024B,Suspect charged
8513b5e91f40a002a3f113f2f4e61cbb8cec14fc50035a06cb66510a6bc45b88,2022-11,Wiltshire Police,Wiltshire Police,-1.752214,51.549553,On or near LAWTON CLOSE,E01015541,Swindon 020D,Unable to prosecute suspect
1e91359e900ec129a6d7ed21c524d102c22daef834a431911e37f0ea44ee411a,2022-11,Wiltshire Police,Wiltshire Police,-2.207639,51.311695,On or near STUDLEY RISE,E01032094,Wiltshire 035C,Unable to prosecute suspect
4068c12a8ef2782d206a6224ea37868ecd4a192921179565c544ac70beb0290c,2022-11,Wiltshire Police,Wiltshire Police,-2.203096,51.338660,On or near HAMMOND WAY,E01032078,Wiltshire 030B,Unable to prosecute suspect
f57ee9d988b42b893da60d50778d0e18fe598339fd079bb9be152856224d4781,2022-11,Wiltshire Police,Wiltshire Police,-1.800230,51.590951,On or near CALDER CLOSE,E01015514,Swindon 004B,Unable to prosecute suspect
dec3b9423f4abdff4c3b9516faae61f198f922858182459d1a6a444950351abd,2022-11,Wiltshire Police,Wiltshire Police,-1.821160,51.609534,On or near Toynbee Avenue,E01015474,Swindon 008B,Unable to prosecute suspect
61e22386a83c598d78d65543ca7f212477d0dc68afd7b0f5c7f7acd3aeb9b4e9,2022-11,Wiltshire Police,Wiltshire Police,-1.801478,51.083766,On or near Fairfield Road,E01032019,Wiltshire 053B,Unable to prosecute suspect
b5ddfc180a46a96a4ae0cc0eb51a783c6601a8d774e62458ae2c39ae70ee6665,2022-11,Wiltshire Police,Wiltshire Police,-1.740986,51.563574,On or near TYNEHAM ROAD,E01015486,Swindon 013F,Unable to prosecute suspect
2544dba58e7817e44d6c585b00733a6ce4c64e09e8eb30727a133286445cf4a7,2022-11,Wiltshire Police,Wiltshire Police,-2.233993,51.511025,On or near Summer Lane,E01031951,Wiltshire 008D,Unable to prosecute suspect
e898dc9a357196024dc94c0fda54778244d06c3e5330cf4003c19d9e1eb5a585,2022-11,Wiltshire Police,Wiltshire Police,-1.834670,51.551694,On or near Gainsborough Way,E01015501,Swindon 022A,Unable to prosecute suspect
644c17ef8a6af2f88823515104ccdd607fad4111dc01bbf099fc3dbd881625ef,2022-11,Wiltshire Police,Wiltshire Police,-1.650738,51.285598,On or near West Farm Close,E01031849,Wiltshire 029C,Offender given a caution
db7efa364f053952949d1d5e66512998110080229ed987bc1151adf85ebf74cb,2022-11,Wiltshire Police,Wiltshire Police,-2.128152,51.371649,On or near Dorset Crescent,E01032066,Wiltshire 022B,Suspect charged
af8cd60f7d162be0ed8012de76dcd09c3da5b1031548cf9dae03a60aa72042b8,2022-11,Wiltshire Police,Wiltshire Police,-1.785878,51.067256,On or near Byways Close,E01032021,Wiltshire 056D,Unable to prosecute suspect
89aa09c8181703a5567f01278999c33c18a009a70dfd1066b2e768e8a9c34636,2022-11,Wiltshire Police,Wiltshire Police,-1.790858,51.070646,On or near Greencroft Street,E01032014,Wiltshire 056A,Unable to prosecute suspect
9afc2451c50624007c5a0569bdc5e087d640c23aa1907ae5fc77e294367665d3,2022-11,Wiltshire Police,Wiltshire Police,-1.822886,51.585287,On or near Purslane Close,E01015526,Swindon 006A,Unable to prosecute suspect
39d61e3533f2949e3fc982f9b39aba092ff7fc7652f9dce7bc379683c63a00c8,2022-11,Wiltshire Police,Wiltshire Police,-1.775335,51.563662,On or near Bathurst Road,E01015475,Swindon 015A,Unable to prosecute suspect
43161af5724cbeb50989b699a2aa2018662656644ff64f208acace0a578604fb,2022-11,Wiltshire Police,Wiltshire Police,-1.734967,51.576580,On or near A420,E01015551,Swindon 009C,Unable to prosecute suspect
3873382b66ab06728e9c1b3e4d4ad589d76ae7b41a11dcc218236ebeca2ed99b,2022-11,Wiltshire Police,Wiltshire Police,-1.793082,51.550316,On or near Celsus Grove,E01032706,Swindon 021E,Suspect charged
6eea4aee9a9e150891d0851430dfa72ccb477f1a91a3177a725280694f9d7837,2022-11,Wiltshire Police,Wiltshire Police,-1.756018,51.550137,On or near Eaton Close,E01015542,Swindon 020E,Unable to prosecute suspect
f1876a829855378e10e11d6b8cacbe9b4922fba4ab1c2deda138223922082761,2022-11,Wiltshire Police,Wiltshire Police,-1.656348,51.242840,On or near Cherry Tree Avenue,E01032698,Wiltshire 041H,Suspect charged
486d7dc09f9eecde9bec6079c082f9e407e761ca33aa5983349074fab180ebbd,2022-11,Wiltshire Police,Wiltshire Police,-1.970080,51.489694,On or near Harts Close,E01031937,Wiltshire 013C,Unable to prosecute suspect
5f0b5b021e838f8c0b3ed1337ba65ad80e280dd98ad961949b4f222ed2067628,2022-11,Wiltshire Police,Wiltshire Police,-1.749667,51.558935,On or near Draycott Close,E01015537,Swindon 020A,Unable to prosecute suspect
8cc19896d46c3d6e19c3b1077377aaeedba9f195106351e65648ff446f6067b4,2022-11,Wiltshire Police,Wiltshire Police,-2.187237,51.318437,On or near Sports/Recreation Area,E01032102,Wiltshire 032D,Unable to prosecute suspect
fa164f0e7388ebbc3bcd6f4d14ef9f44b0b358ec40f9a4e656b84e837ff99ce0,2022-11,Wiltshire Police,Wiltshire Police,-1.754829,51.556779,On or near Helston Road,E01015540,Swindon 020C,Unable to prosecute suspect
b3d7295738d5c444aa51b43609e491d21bdb98d33883f90e9691583c6e4074c7,2022-11,Wiltshire Police,Wiltshire Police,-1.747930,51.583666,On or near Frank Warman Court,E01015553,Swindon 009E,Unable to prosecute suspect
9082f2c775a69f2690ac239ea0d71b74880c2ca2e505da181aebad1029ca7ec5,2022-11,Wiltshire Police,Wiltshire Police,-1.732597,51.419448,On or near High Street,E01031863,Wiltshire 019C,Unable to prosecute suspect
8cc19896d46c3d6e19c3b1077377aaeedba9f195106351e65648ff446f6067b4,2022-11,Wiltshire Police,Wiltshire Police,-2.187237,51.318437,On or near Sports/Recreation Area,E01032102,Wiltshire 032D,Unable to prosecute suspect
eb9b1e55034545b4cbd2ef796e4c3f0587e9f7d1907421fec82b24f6f216bc6f,2022-11,Wiltshire Police,Wiltshire Police,-1.779392,51.595742,On or near Woodford Close,E01015545,Swindon 003C,Unable to prosecute suspect
e3679c3e20ccb6bc882070e91717dee106d39eb0cee71c99ccee5b2b0d21a9ca,2022-11,Wiltshire Police,Wiltshire Police,-2.184679,51.392434,On or near Mount Pleasant,E01032043,Wiltshire 021A,Unable to prosecute suspect
0d8c65b066c59195f62cc84750cb7ea647336fee52e817ece1d07de0fad78dbd,2022-11,Wiltshire Police,Wiltshire Police,-2.187998,51.336141,On or near Newleaze,E01032079,Wiltshire 030C,Unable to prosecute suspect
49b6d01a6e4c2bf0abdc1e3178d2664cf5fee366a53c66cb3573b912a0d8b135,2022-11,Wiltshire Police,Wiltshire Police,-2.192825,51.292730,On or near Hawkeridge Road,E01032053,Wiltshire 037A,Suspect charged
1a36fa9345e2ca4225c22c797e0e5fbb4ab249730187dca788b922eab4a15dd3,2022-11,Wiltshire Police,Wiltshire Police,-1.857621,51.582484,On or near ,E01031954,Wiltshire 003A,Unable to prosecute suspect
b6877ad000d1d6e6e2691c83462206f3a23c527044bb4042c932b057ddfc8ed9,2022-11,Wiltshire Police,Wiltshire Police,-1.991717,51.137832,On or near Dyer Lane,E01032027,Wiltshire 054C,Unable to prosecute suspect
3873382b66ab06728e9c1b3e4d4ad589d76ae7b41a11dcc218236ebeca2ed99b,2022-11,Wiltshire Police,Wiltshire Police,-1.793082,51.550316,On or near Celsus Grove,E01032706,Swindon 021E,Suspect charged
d501c5c984480b8b5b1eddc545192d8ecf6bc9fb8331c052709401a68310f72c,2022-11,Wiltshire Police,Wiltshire Police,-1.775270,51.091775,On or near Holmes Road,E01031984,Wiltshire 051A,Suspect charged
a84e39b6f22be3f6a0523f38ccc97893279b7567f1aa2c2820d391f7e069c3fb,2022-11,Wiltshire Police,Wiltshire Police,-1.766921,51.335009,On or near Petrol Station,E01031869,Wiltshire 024B,Unable to prosecute suspect
c677c615e2845506c6b7c694501e20c6650549fcb1e962a9ba6d2c063a190323,2022-11,Wiltshire Police,Wiltshire Police,-2.196856,51.199646,On or near ,E01032110,Wiltshire 043A,Unable to prosecute suspect
cd86481dcdc9d858523dc24793044a221f4d11908757d013904e9777c347dbfd,2022-11,Wiltshire Police,Wiltshire Police,-2.187352,51.318644,On or near Barons Crescent,E01032102,Wiltshire 032D,Unable to prosecute suspect
cfefb1566eca5e99763914a4c5582cc41e40518dbeaedea33a5f392dc23846e1,2022-11,Wiltshire Police,Wiltshire Police,-2.127411,51.384256,On or near Lincoln Green,E01032064,Wiltshire 020B,Unable to prosecute suspect
0e603a9ee7634e3f466f6a247e55ee78566451e630ad7dc8dd9da69a8ad954b0,2022-11,Wiltshire Police,Wiltshire Police,-2.195483,51.260031,On or near Willow Grove,E01032118,Wiltshire 040D,Unable to prosecute suspect
e5b2cf97e500f7d716dc7710f83116d79d355f8a9c04d6ff62a75fc1c4dc9e55,2022-11,Wiltshire Police,Wiltshire Police,-1.830625,51.081213,On or near Rawlence Road,E01031981,Wiltshire 052B,Unable to prosecute suspect
a05c7996b7feac602d8fcee3c847b42b470536955f5607c2107958813b6d4f6b,2022-11,Wiltshire Police,Wiltshire Police,-1.992828,51.352333,On or near Maryport Street,E01031854,Wiltshire 026B,Unable to prosecute suspect
6cfd3e91cc59412f20af3bca17f50876ec36defffaecbef3d96caba5ba3165a0,2022-11,Wiltshire Police,Wiltshire Police,-2.083533,51.576875,On or near Cole Close,E01031959,Wiltshire 005C,Unable to prosecute suspect
09debbc772cdf65e23a007c7e99f459ff278a3f82596ae3c46bbbbad00db4fb2,2022-11,Wiltshire Police,Wiltshire Police,-1.782025,51.200870,On or near Primrose Place,E01031999,Wiltshire 046D,Unable to prosecute suspect
1d1067c14cce64436710a4433843c2971f5829b93c4e1735bfea777711bc4687,2022-11,Wiltshire Police,Wiltshire Police,-1.835333,51.082110,On or near Hazel Close,E01031981,Wiltshire 052B,Unable to prosecute suspect
42d0b6a9ac6b33a324a4a467ee0a12916abfba6246dc55f13000d12b4589ce44,2022-11,Wiltshire Police,Wiltshire Police,-1.765040,51.338044,On or near Dewey Mews,E01031870,Wiltshire 024C,Suspect charged
d03f389382997c91ca9ac179f5a6b1cfd3fe502f690a9c5afbba9a5b13ed9c0e,2022-11,Wiltshire Police,Wiltshire Police,-1.752471,51.555353,On or near Axbridge Close,E01015540,Swindon 020C,Unable to prosecute suspect
169d68387986b1894ad439a0de7778b7c67f6347c1cb28d2936f783ed7093608,2022-11,Wiltshire Police,Wiltshire Police,-1.790813,51.064801,On or near Friar's Orchard,E01032023,Wiltshire 059D,Unable to prosecute suspect
5790c5ce2e1f22223a8e4bc5cef5b500d09a6d5f298778c0c63781998fc2868c,2022-11,Wiltshire Police,Wiltshire Police,-1.771065,51.072911,On or near Buroughs Hill,E01032011,Wiltshire 057B,Unable to prosecute suspect
55884ce064edabcc965d072f3fd131690480cc258e0b280837a58dccfcd7c009,2022-11,Wiltshire Police,Wiltshire Police,-1.994336,51.353340,On or near ,E01031854,Wiltshire 026B,Unable to prosecute suspect
e66d9835d15fcca5a4581fdf4f6af6ab656150c225980cf25bdce95f7e2ac069,2022-11,Wiltshire Police,Wiltshire Police,-1.797541,51.562706,On or near ,E01032716,Swindon 012G,Suspect charged
03035515dd13656444704fd26d58ee3fe0fbc320e9d55693ab64a8bfe1d95215,2022-11,Wiltshire Police,Wiltshire Police,-2.224671,51.247444,On or near SHEPHERDS MEAD,E01032052,Wiltshire 039A,Suspect charged
2c5fb2a022d0e132345023de8e2e4386147850a56b6fde2a1e44a8d92dd93c29,2022-11,Wiltshire Police,Wiltshire Police,-1.757983,50.992242,On or near THE HEADLANDS,E01031995,Wiltshire 062E,Suspect charged
940ed28a3bb5bce2080e287db9e73886cd66eb0ddd00bf4dac6d15131214877a,2022-11,Wiltshire Police,Wiltshire Police,-2.207434,51.320165,On or near MARKET STREET,E01032086,Wiltshire 031B,Unable to prosecute suspect
aea9eae9dfeab72f13bb766f682b87ccd04a5d1eee4679b0fbd86f3a47a22dec,2022-11,Wiltshire Police,Wiltshire Police,-2.120218,51.468766,On or near ASHE CLOSE,E01031919,Wiltshire 009E,Unable to prosecute suspect
da4d93425b5eeef9daec58cd4399a9f339e56a17f67c87ba5b261ef33de32c8f,2022-11,Wiltshire Police,Wiltshire Police,-2.138547,51.002931,On or near CORONATION DRIVE,E01031991,Wiltshire 061A,Suspect charged
f9321b074c4857fbe6defcdf51eb8a30b18b2cb7b848b95256a634a4ac43f9ba,2022-11,Wiltshire Police,Wiltshire Police,-2.195496,51.434884,On or near Tupman Road,E01031952,Wiltshire 018F,Unable to prosecute suspect
36f78736cd78a973d8d1700823feb3da23f249a97f70c9f11e09c2b8bcd4573a,2022-11,Wiltshire Police,Wiltshire Police,-2.017489,51.439838,On or near Chilvester Hill,E01031904,Wiltshire 013B,Investigation complete; no suspect identified
03665dffd1ab50190a9f54a2b88c876cde43c941ee28e828b3bd6ae8f722b9af,2022-11,Wiltshire Police,Wiltshire Police,-2.129598,51.278412,On or near Bonnie Park,E01032056,Wiltshire 039D,Investigation complete; no suspect identified
dccc12a23e31015257cf63db290e0916354d8197232130cf610e141fabf9a68a,2022-11,Wiltshire Police,Wiltshire Police,-1.796471,51.199835,On or near Gosling Road,E01031998,Wiltshire 045C,Investigation complete; no suspect identified
023866a7fd397d9dcba8ec8b607b25cb5554781e32558456d2b20106c04ffe8d,2022-11,Wiltshire Police,Wiltshire Police,-1.734744,51.575231,On or near Cosway Court,E01015551,Swindon 009C,Investigation complete; no suspect identified
180d958ccdde09330cae106b4384a4e83615a6636b978a9a53365a79696ff546,2022-11,Wiltshire Police,Wiltshire Police,-1.825316,51.565186,On or near Austin Road,E01015561,Swindon 014A,Investigation complete; no suspect identified
f09888fc587c5290f735cda96ee2e49574b7fb2e782d96305893a72b9aeea254,2022-11,Wiltshire Police,Wiltshire Police,-2.146312,51.448722,On or near ,E01031906,Wiltshire 010B,Investigation complete; no suspect identified
0e950fd54ee221a764840f2d14a612f1b1106c6462e893657ff78fd9b5c14251,2022-11,Wiltshire Police,Wiltshire Police,-2.146312,51.448722,On or near ,E01031906,Wiltshire 010B,Investigation complete; no suspect identified
77d7e9b2fb6db017cceabe42e46e49a9c8b97bd73ee695c83dbed238443f2f73,2022-11,Wiltshire Police,Wiltshire Police,-1.784788,51.562772,On or near ,E01015476,Swindon 015B,Investigation complete; no suspect identified
119420372d01c0fa7716ea7296405368c853666de545f38b19af4c7df866c6ea,2022-11,Wiltshire Police,Wiltshire Police,-2.162847,51.509419,On or near ,E01031940,Wiltshire 008B,Further investigation is not in the public interest
50000e7906ad04f1ff177069503dd356b7a76441adcfde7febeb2fe8e5a4d8e6,2022-11,Wiltshire Police,Wiltshire Police,-1.787832,51.054940,On or near Downton Road,E01032007,Wiltshire 059C,Investigation complete; no suspect identified
1b19e698c369d0ea2e44d1a777e6e3ecf747ba54e5bfd0d2bf815671e93c082b,2022-11,Wiltshire Police,Wiltshire Police,-1.719963,51.039283,On or near ,E01031971,Wiltshire 060B,Investigation complete; no suspect identified
eba7cec39da256c0c4b935ffed25a6add51bef5238f0d6453674a81c9f8dc03d,2022-11,Wiltshire Police,Wiltshire Police,-1.784788,51.562772,On or near ,E01015476,Swindon 015B,Investigation complete; no suspect identified
93ae7fa0ed39a63fcdb2b1cd3a52563ddf9d9d0965ae1259f5e3b0c1b0179f13,2022-11,Wiltshire Police,Wiltshire Police,-1.807435,51.597446,On or near ,E01032710,Swindon 028E,Investigation complete; no suspect identified
5e670b6e79b0c52673abe60695cd6b7094c950cea6465343731391bed63f8c72,2022-11,Wiltshire Police,Wiltshire Police,-1.786621,51.562631,On or near Fleet Street,E01015476,Swindon 015B,Investigation complete; no suspect identified
0ba5520259b695b708086b81d796341bbff73141f56c759d5e575d1c0cc7396f,2022-11,Wiltshire Police,Wiltshire Police,-1.773360,51.592440,On or near Queensfield,E01015555,Swindon 005A,Investigation complete; no suspect identified
7d09497d8d59de32e90a04ddafc1a20b434246ab55095f8d94374eca003538b2,2022-11,Wiltshire Police,Wiltshire Police,-2.191465,51.203712,On or near The Maltings,E01032114,Wiltshire 044D,Investigation complete; no suspect identified
d69861af9d89f5fd9f056e11624810f8612aed3028053ff954872fc97ba54590,2022-11,Wiltshire Police,Wiltshire Police,-1.179760,50.827281,On or near Nursery Close,E01022800,Gosport 001A,Suspect charged
9e6bf3f5993fbf2731a9d285fbeb89b4807ed708ebe5bcdcb45298f858654261,2022-11,Wiltshire Police,Wiltshire Police,-1.995686,51.353439,On or near Snuff Street,E01031854,Wiltshire 026B,Investigation complete; no suspect identified
26ad8d29dab3bbe3025b57d3d6d51c5dc3d17beda903b636f292f39e5b33edb2,2022-11,Wiltshire Police,Wiltshire Police,-1.778269,51.085729,On or near Hoadley Green,E01031985,Wiltshire 051B,Investigation complete; no suspect identified
f73fd94dcfad9a5a635cce61b6d79deaadfe3c2d70d9c4bab46ac0a13ea6cd56,2022-11,Wiltshire Police,Wiltshire Police,-1.865889,51.356699,On or near Fowlers Lane,E01031871,Wiltshire 024D,Investigation complete; no suspect identified
d772ec135b389b408419b79d60c1def5f61fa257309c0fd527fbe056a8f18ec7,2022-11,Wiltshire Police,Wiltshire Police,-2.203110,51.338642,On or near Hammond Way,E01032078,Wiltshire 030B,Unable to prosecute suspect
270811bf070e7cae16cfdedcc6b34a8976aed49527a4bf2c6633a02eb428dc94,2022-11,Wiltshire Police,Wiltshire Police,-2.189336,51.260239,On or near Abbotts Court,E01032117,Wiltshire 040C,Investigation complete; no suspect identified
0b48afcaa86c9a7e77eee46589af1c24ed1b2d9b3afb83669c3c138bc5758726,2022-11,Wiltshire Police,Wiltshire Police,-2.116515,51.461748,On or near ,E01031912,Wiltshire 011B,Investigation complete; no suspect identified
86e5ae492d7f581ba6859e30fb3ef8634ccd42742ffac0344d54f5c79f1f38dd,2022-11,Wiltshire Police,Wiltshire Police,-2.229121,51.493511,On or near Market Place,E01031951,Wiltshire 008D,Investigation complete; no suspect identified
c6d706018c20c6c3d3814e3803b637e37b12c33d98887d60e82cb4754e091bd1,2022-11,Wiltshire Police,Wiltshire Police,-1.795965,51.605411,On or near Reynolds Way,E01015472,Swindon 028B,Investigation complete; no suspect identified
d66448dc1c2e18a48fd37f25ad2f04353e3a20876f4ac1a48bc5fc0e2bd484c5,2022-11,Wiltshire Police,Wiltshire Police,-2.100524,51.462419,On or near Carrick Close,E01031918,Wiltshire 011E,Investigation complete; no suspect identified
9f9dd70740b8b15713f8a597cc91119ff520cd8249e809d3557e59b2d21971fe,2022-11,Wiltshire Police,Wiltshire Police,-1.787721,51.552437,On or near A4289,E01015497,Swindon 019D,Investigation complete; no suspect identified
977e70bb518bc88b7bf48e656f4c6abea89225084f0d04f13d1cfdb9c8c54ca7,2022-11,Wiltshire Police,Wiltshire Police,-1.995549,51.439318,On or near George Close,E01031902,Wiltshire 016C,Investigation complete; no suspect identified
e2e7e26299e4dbc3a91cd10a874b0e4f83688d7760e5594e63857b9ad63d8647,2022-11,Wiltshire Police,Wiltshire Police,-2.126224,51.459166,On or near Kingham Close,E01031911,Wiltshire 011A,Investigation complete; no suspect identified
ad287a4270baca1db78ed9944740f35dae91d82924f9bb42d82ee30e031b561b,2022-11,Wiltshire Police,Wiltshire Police,-1.786886,51.561517,On or near Queen Street,E01015476,Swindon 015B,Investigation complete; no suspect identified
084f7f22abbe28582f93b8c705df48e970724cbc77d20c172e69805a0843933f,2022-11,Wiltshire Police,Wiltshire Police,-2.213345,51.310758,On or near ,E01032095,Wiltshire 035D,Investigation complete; no suspect identified
506a1145922a96a1137635db7bda95c9c21121c52a5e187381e5c39966b0f42d,2022-11,Wiltshire Police,Wiltshire Police,-1.795649,51.068397,On or near New Canal,E01032022,Wiltshire 058C,Investigation complete; no suspect identified
f06adb4255275a980c7e4057fa70257b1204c3568fb9aed6e5ad22232c1e9df0,2022-11,Wiltshire Police,Wiltshire Police,-1.826951,51.563903,On or near Eastleaze Road,E01015561,Swindon 014A,Investigation complete; no suspect identified
d32ddfd9b30be880414f1a6189c0ed92f5a809e8376c3abd7d2f46928da4c882,2022-11,Wiltshire Police,Wiltshire Police,-2.182570,51.259953,On or near Oxford Mews,E01032119,Wiltshire 040E,Investigation complete; no suspect identified
c0e7c28fa2f29de85bfefd4c6f5da50873c483f474208ed1e924a64c14d01322,2022-11,Wiltshire Police,Wiltshire Police,-1.878253,51.008768,On or near ,E01031990,Wiltshire 054A,Investigation complete; no suspect identified
295bec287d42e6f50410aea69d27f00ab43c5061115c76651510636ae0f15748,2022-11,Wiltshire Police,Wiltshire Police,-1.826226,51.598968,On or near Dowlais Close,E01032703,Swindon 026C,Investigation complete; no suspect identified
9ae010ad55da8e74ed4e7cf34b010ed41995d19c65372261652cee580ff47e92,2022-11,Wiltshire Police,Wiltshire Police,-1.793285,51.070524,On or near Rollestone Street,E01032014,Wiltshire 056A,Unable to prosecute suspect
14eabc41d72ee672a9be8c618749c9c494495eb0ee556095f9e04bdf4310288a,2022-11,Wiltshire Police,Wiltshire Police,-1.784788,51.562772,On or near ,E01015476,Swindon 015B,Investigation complete; no suspect identified
b1b1e016d402523e3040ef0c3da53e7681ea35a7494fa5d5cd093320fbe7af49,2022-11,Wiltshire Police,Wiltshire Police,-1.784788,51.562772,On or near ,E01015476,Swindon 015B,Investigation complete; no suspect identified
8fe31262ee718e9d659dbb2012b306ad12189e3f3cbab9612c9877ee205faf2f,2022-11,Wiltshire Police,Wiltshire Police,-1.532241,51.340637,On or near Ashley Drove,E01031877,Wiltshire 029D,Investigation complete; no suspect identified
46e6df4a27be00af29a918e9667d80ba921e01270415eda0e795d82eae2518fb,2022-11,Wiltshire Police,Wiltshire Police,-1.784788,51.562772,On or near ,E01015476,Swindon 015B,Investigation complete; no suspect identified
a97448f63d2f8d3acb9690c5c16f35d76c4028f2939d1c67514b0a9847d8cc84,2022-11,Wiltshire Police,Wiltshire Police,-2.137841,51.459711,On or near ,E01031908,Wiltshire 010C,Investigation complete; no suspect identified
1b10be40c7dda823fc18acb0eaab46c38aafe5ab0cd6ff79464a6086de0962dd,2022-11,Wiltshire Police,Wiltshire Police,-2.079249,51.063522,On or near Nadder Close,E01032030,Wiltshire 061C,Investigation complete; no suspect identified
6c57c38eaed111e05ea1611d3c819d4ea6674802e0fd929d1215845cc700257f,2022-11,Wiltshire Police,Wiltshire Police,-2.211306,51.319619,On or near ,E01032086,Wiltshire 031B,Investigation complete; no suspect identified
b817dbf57048d62fcd0c811394279d921539ed398a8bde6036362af331fb69e1,2022-11,Wiltshire Police,Wiltshire Police,-1.790730,51.541729,On or near ,E01015536,Swindon 024D,Investigation complete; no suspect identified
bc3e46a2bc1a05d889bdc4ac5bdcabe8c9abdc5bc29ee3f8eed32258b5034227,2022-11,Wiltshire Police,Wiltshire Police,-1.763178,51.582260,On or near Dave Watkins Court,E01015558,Swindon 005D,Investigation complete; no suspect identified
601bd5f2ff3f65daa1955cab9f7f7e1090a56b040e81a0c477b37ff4eee2f222,2022-11,Wiltshire Police,Wiltshire Police,-1.559546,51.363187,On or near Carvers Hill,E01031877,Wiltshire 029D,Investigation complete; no suspect identified
147b76725ccadc500ec9e60501d75c30c46e33424a2255a06156516a711e1be1,2022-11,Wiltshire Police,Wiltshire Police,-1.804193,51.059267,On or near Gawthorne Drive,E01032009,Wiltshire 058B,Investigation complete; no suspect identified
fc39cbd7b50472292da93f4fa8bd075f32ba74248bf9b308065b1c75b1cfa8ba,2022-11,Wiltshire Police,Wiltshire Police,-1.723736,51.546253,On or near Edale Moor,E01015490,Swindon 023D,Suspect charged
376b78079c386c9879fb6d591d5ffca93f497102a81ef2fad819cf84699d035d,2022-11,Wiltshire Police,Wiltshire Police,-1.867178,51.427761,On or near Bray Street,E01031884,Wiltshire 012E,Investigation complete; no suspect identified
4adfe2f4e9abc97bce485ba8989786fcb828dd1bd18b82b2395c589ba54dfa5a,2022-11,Wiltshire Police,Wiltshire Police,-1.537580,51.377920,On or near Daniel's Lane,E01031877,Wiltshire 029D,Investigation complete; no suspect identified
3432f54e1a68ddaa720f36a88602c4c0fc86f6095db5f0c7191dedfb546f626e,2022-11,Wiltshire Police,Wiltshire Police,-2.104263,51.448326,On or near Fortune Way,E01031924,Wiltshire 014E,Investigation complete; no suspect identified
a8703b1d80e2414a35099f9fcf9c6b649c6a706671171367d1ea14cceb47af03,2022-11,Wiltshire Police,Wiltshire Police,-1.821310,51.600840,On or near Augusta Close,E01032712,Swindon 027E,Investigation complete; no suspect identified
45a2d1624b1544c6bada315333567ca77b7569a11389018b90f98bf13d7a38a9,2022-11,Wiltshire Police,Wiltshire Police,-2.212436,51.318907,On or near ,E01032086,Wiltshire 031B,Investigation complete; no suspect identified
89f86f0e3c179c087f075e8513b1a1cf1aeed402c5839eb4d9d2e99efe785d20,2022-11,Wiltshire Police,Wiltshire Police,-2.193204,51.202001,On or near Pound Street,E01032113,Wiltshire 043D,Investigation complete; no suspect identified
611a31d267f103bd609c690ca4d37ee2898eba40332ec0f141aae45df48ae9f4,2022-11,Wiltshire Police,Wiltshire Police,-1.996008,51.452958,On or near Redman Road,E01032690,Wiltshire 015F,Investigation complete; no suspect identified
ebfa6f730d589803d5c75fdf691aa6d021346e2e573741d8faf85aac1c599dec,2022-11,Wiltshire Police,Wiltshire Police,-2.131898,51.375727,On or near Hampshire Place,E01032062,Wiltshire 022A,Investigation complete; no suspect identified
38680df5459acfb4b492abc0e44a86057c2fa97254308284008a46202866c60f,2022-11,Wiltshire Police,Wiltshire Police,-2.131898,51.375727,On or near Hampshire Place,E01032062,Wiltshire 022A,Investigation complete; no suspect identified
70c54190efaf3296e29c67e3580bd9ce29e4c5a56d3a2720fc45a29e7e4aefa3,2022-11,Wiltshire Police,Wiltshire Police,-1.784788,51.562772,On or near ,E01015476,Swindon 015B,Investigation complete; no suspect identified
91fbe79e0bbf01f77a01a7209777c35d9f6cec67e4748dadc94d639b18530937,2022-11,Wiltshire Police,Wiltshire Police,-1.784788,51.562772,On or near ,E01015476,Swindon 015B,Investigation complete; no suspect identified
1d88d627d078d43db05e58dcce43074857c46bf7d5fe2c9f69717301abed503b,2022-11,Wiltshire Police,Wiltshire Police,-1.784788,51.562772,On or near ,E01015476,Swindon 015B,Investigation complete; no suspect identified
5959ad054440d48bf4ed4958dcc8e5f434830d8069da39ee84f53b342a24868d,2022-11,Wiltshire Police,Wiltshire Police,-1.784041,51.559030,On or near Morley Street,E01032714,Swindon 019E,Investigation complete; no suspect identified
70ec26e613c6fa4f2644feda4f2c26d923a2e88151516f8a8454f7fcc2fee6ee,2022-11,Wiltshire Police,Wiltshire Police,-1.824618,51.604180,On or near Tortworth Road,E01032713,Swindon 026F,Investigation complete; no suspect identified
2e5cc0b12470c026ff832866fe2ce598931334de0869f9ca6535e37e09e43ec4,2022-11,Wiltshire Police,Wiltshire Police,-1.821264,51.553527,On or near ,E01015570,Swindon 022E,Investigation complete; no suspect identified
7ba7158451bb4c7b8be23859b2a3c1d3cc9a9b332084f10ffd130ae9d21ad4b4,2022-11,Wiltshire Police,Wiltshire Police,-1.752783,51.561612,On or near Courtenay Road,E01015572,Swindon 016B,Unable to prosecute suspect
251b6553edd919543150c8e9a96aefafb42ed50e79bed70429ffb67431c7fb67,2022-11,Wiltshire Police,Wiltshire Police,-1.971409,51.367130,On or near Hopton Road,E01032693,Wiltshire 025H,Investigation complete; no suspect identified
3d2bdf30245d80a78e742cbd66fbb6c517473a4c2806315fb0044a6d83dcbbf3,2022-11,Wiltshire Police,Wiltshire Police,-2.251913,51.337504,On or near Spencers Orchard,E01032049,Wiltshire 027E,Investigation complete; no suspect identified
9967611139590547bbe0ae21e75c185a9293c32e3abbeb9669f9a202a89c4554,2022-11,Wiltshire Police,Wiltshire Police,-1.770754,51.176328,On or near ,E01031974,Wiltshire 048A,Investigation complete; no suspect identified
f960055251507ee78601e1c3cae772e2f4b7a8c4ee039d47815033c711a47e9b,2022-11,Wiltshire Police,Wiltshire Police,-2.075865,51.505625,On or near ,E01031939,Wiltshire 008A,Investigation complete; no suspect identified
761d52dac0696d3a3506e6e13277a6665fd8cf8e7326f3061b3bee50381bb0cb,2022-11,Wiltshire Police,Wiltshire Police,-1.752783,51.561612,On or near Courtenay Road,E01015572,Swindon 016B,Suspect charged
787f6ec30cbf855b3d480a7e759a3bb7ab149210b84db458c4d72ffa50b20fce,2022-11,Wiltshire Police,Wiltshire Police,-2.075865,51.505625,On or near ,E01031939,Wiltshire 008A,Investigation complete; no suspect identified
b6727a3120e1e6b84d2bc5acc79601f3456bfa73966ad5f7446083cad92b108e,2022-11,Wiltshire Police,Wiltshire Police,-2.015503,51.438957,On or near Oak Close,E01031900,Wiltshire 016A,Investigation complete; no suspect identified
e2f7540733e13a3365c30d8c03c99e8797a370e0f83295977b58dc53dcaad690,2022-11,Wiltshire Police,Wiltshire Police,-1.763468,51.559894,On or near ,E01015573,Swindon 016C,Investigation complete; no suspect identified
0311084bcbb333b6d540be4cf073615cc75452b56d51ce15358c5accbc0d101c,2022-11,Wiltshire Police,Wiltshire Police,-1.981655,51.355641,On or near Wadworth Road,E01031850,Wiltshire 025A,Investigation complete; no suspect identified
98bbfc613d879ed31c65a3d9fbe1d646f6c59b0dba70c5738019b7fbf9ce3a23,2022-11,Wiltshire Police,Wiltshire Police,-2.001390,51.451286,On or near Brunel Way,E01032690,Wiltshire 015F,Investigation complete; no suspect identified
ed4e135fdb686c8bf32e4057ecb7a0fb0f8b5716fa40810c244db09f922a8384,2022-11,Wiltshire Police,Wiltshire Police,-1.638553,50.975676,On or near Hamptworth Road,E01031973,Wiltshire 062A,Investigation complete; no suspect identified
0cca6eccf96f799bf911710dd0d3ffb6812c907c7a6be288729cb5c24378ee2e,2022-11,Wiltshire Police,Wiltshire Police,-2.164209,51.202918,On or near Woodcock Road,E01032108,Wiltshire 042D,Investigation complete; no suspect identified
67e15c6da2c45bce7b462fcb7167abc4f146f7276f995387cbbb05eb841bf166,2022-11,Wiltshire Police,Wiltshire Police,-2.311673,51.343798,On or near Cliffe Drive,E01032060,Wiltshire 023C,Investigation complete; no suspect identified
a48bffc8fb6ba89b31a924bfe0efcfc926de68188c7c695088ce1d00e577758a,2022-11,Wiltshire Police,Wiltshire Police,-2.266499,51.414441,On or near Littlemead,E01031888,Wiltshire 017A,Investigation complete; no suspect identified
24b80a7c1fe7075ba7655f683c4922c6b34732ce56a87369f7b95a8faaa7e795,2022-11,Wiltshire Police,Wiltshire Police,-1.608727,51.254938,On or near Challis Court,E01031859,Wiltshire 041A,Suspect charged
6f0d6f7be59d1eadfc75b44865f1d3397aac42600442a1b66d1aeea0036d4d2f,2022-11,Wiltshire Police,Wiltshire Police,-1.717037,50.989228,On or near The Ridge,E01031992,Wiltshire 062B,Unable to prosecute suspect
c2e1de7b9e6b49ad1855fc786ed82a956fdd17f49e1c81e2a6a154dc80d73efc,2022-11,Wiltshire Police,Wiltshire Police,-1.992283,51.352450,On or near Monday Market Street,E01031854,Wiltshire 026B,Investigation complete; no suspect identified
9138920fd1d76bb201533b453e8ffb709df469ee584bfe3e54fed67e6e68732c,2022-11,Wiltshire Police,Wiltshire Police,-1.785866,51.560508,On or near ,E01015494,Swindon 019A,Suspect charged
5f61b9f9f032c407ae4c848668f49dbb4f9e9ee05b85f7af16a8825154a37191,2022-11,Wiltshire Police,Wiltshire Police,-1.813107,51.573295,On or near Brindley Close,E01015581,Swindon 012D,Investigation complete; no suspect identified
5050743080ab28d9179ad2c63a34b241736f6e3b0eb86711898c77dfa1f338bc,2022-11,Wiltshire Police,Wiltshire Police,-2.003102,51.439588,On or near ,E01031896,Wiltshire 015B,Investigation complete; no suspect identified
d18c4676fe2b9606013133789f0e712e915dfbf5f145fe6921e85ffa70efba88,2022-11,Wiltshire Police,Wiltshire Police,-1.974218,51.365168,On or near ,E01032693,Wiltshire 025H,Investigation complete; no suspect identified
698df875f646bf149048bba46d8244a50a9278a8b81801162886167b01f40e39,2022-11,Wiltshire Police,Wiltshire Police,-1.780057,51.178396,On or near ,E01031974,Wiltshire 048A,Investigation complete; no suspect identified
8845bb83cf402815f596bf4621073e8229c5ba559ee877e01676112680112ec8,2022-11,Wiltshire Police,Wiltshire Police,-1.815135,51.471363,On or near ,E01031884,Wiltshire 012E,Further action is not in the public interest
dd1bc075ce54d7ab6d761988176346315dbb31a7c34adf3e19da012f112c97e0,2022-11,Wiltshire Police,Wiltshire Police,-1.751915,51.559506,On or near CHICKERELL ROAD,E01015538,Swindon 016A,Unable to prosecute suspect
7f22bc34e9719ce32de1505e52b88f84350feaad704e2c5aa9fb9391c20de4e5,2022-11,Wiltshire Police,Wiltshire Police,-1.757330,51.555705,On or near Bilborough Drive,E01015573,Swindon 016C,Investigation complete; no suspect identified
3f530b7627f6ed61fd1eab5362773994aae5aa5fe3af1ed106fdf66d3feff678,2022-11,Wiltshire Police,Wiltshire Police,-1.786438,51.580164,On or near Doris Archer Court,E01015507,Swindon 007B,Investigation complete; no suspect identified
c6a6077b4c09447fc32aadfe83296e7249a1eade67872db59e9d46a09c3dfc4a,2022-11,Wiltshire Police,Wiltshire Police,-2.142934,51.380920,On or near ,E01032063,Wiltshire 020A,Investigation complete; no suspect identified
a0db2781e007073d9ef7290395a03a37f8dcee72dc2d1466220f891d376fb960,2022-11,Wiltshire Police,Wiltshire Police,-1.817412,51.604259,On or near Isambard Way,E01032712,Swindon 027E,Action to be taken by another organisation
39de06d42e815db0384b41f26bffdf3cb5d7798872df3f4dcf04823ce4d6b5df,2022-11,Wiltshire Police,Wiltshire Police,-1.805855,51.558205,On or near Saltash Road,E01032708,Swindon 012F,Investigation complete; no suspect identified
d384e2d75051f0a8191e7d94ced6f16f6e8ab5744a4d924b7cb889bc95423266,2022-11,Wiltshire Police,Wiltshire Police,-1.969273,51.511201,On or near WEBBS COURT,E01032699,Wiltshire 007I,Unable to prosecute suspect
09b5f00b2498659ee5eda8691ccd75f2b276b13589f80098d6d824383160f8ca,2022-11,Wiltshire Police,Wiltshire Police,-1.791233,51.579211,On or near Pound Lane,E01015580,Swindon 007D,Local resolution
12ed648b83270d1a0b4c484f7268668283f4d27cfad7b32527cf676d9a4e439d,2022-11,Wiltshire Police,Wiltshire Police,-1.777157,51.553838,On or near Union Row,E01032715,Swindon 019F,Unable to prosecute suspect
184680e1bfbe8b14ff844904c837711ac6908b4cdfa285fe40b26a5cb4b1874c,2022-11,Wiltshire Police,Wiltshire Police,-2.115983,51.371302,On or near Greenfinch Close,E01032071,Wiltshire 021E,Unable to prosecute suspect
9a3f2a3b222eb2ca6e4e78db851893299f6151d9ceede2d9748549f2b11d7eaa,2022-11,Wiltshire Police,Wiltshire Police,-1.789672,51.595572,On or near Melksham Close,E01015546,Swindon 003D,Unable to prosecute suspect
fd1a04c826e2267ff24e3b657d312c4dc71c2d3e69809008c716ac8fe9a96ba8,2022-11,Wiltshire Police,Wiltshire Police,-1.998788,51.347478,On or near The Moorlands,E01031856,Wiltshire 026D,Investigation complete; no suspect identified
29e9fe1e5a7a98b2ab09f5c75828d43d788b913279a93686182f1d3720a4f931,2022-11,Wiltshire Police,Wiltshire Police,-1.847825,51.486326,On or near Summers Lane,E01031884,Wiltshire 012E,Unable to prosecute suspect
e9bb84f4fedc3b29489e8f6a622e8a34d02dfc674d9434f23f1673bbadaa5506,2022-11,Wiltshire Police,Wiltshire Police,-1.796599,51.599298,On or near Baxter Close,E01015518,Swindon 028D,Unable to prosecute suspect
d8ff6e8d3c4751dd1bb3b289d83ae0c7ca2d28bc755bd86239ded785fb47e6be,2022-11,Wiltshire Police,Wiltshire Police,-1.783017,51.559046,On or near Temple Street,E01032714,Swindon 019E,Unable to prosecute suspect
95bc8e3537a91510178a9406878e86acc3ecd3904917cc5d139511110a62d34d,2022-11,Wiltshire Police,Wiltshire Police,-1.832664,51.548122,On or near Lambert Close,E01015501,Swindon 022A,Investigation complete; no suspect identified
94f9eefa0b56c60cec384b5242154b5605339cc71313852a6e03cf29352357a9,2022-11,Wiltshire Police,Wiltshire Police,-1.986036,51.352126,On or near John Rumble Close,E01031850,Wiltshire 025A,Investigation complete; no suspect identified
8e922d6ec6d368219b1d25b6243997cf11b82063a89ed9207c861b6733a56d4f,2022-11,Wiltshire Police,Wiltshire Police,-1.780342,51.569399,On or near Beatrice Street,E01015510,Swindon 010C,Investigation complete; no suspect identified
0822ccd884b3b81ffa2d13fc072d95f97235a5dcb4e6d32d9fd08d3891f177eb,2022-11,Wiltshire Police,Wiltshire Police,-1.792571,51.057718,On or near Chichester Close,E01032005,Wiltshire 059A,Investigation complete; no suspect identified
667763a43b640b2cb2fca39559de937ca0099a9a8588668bd6d4d7a962411d8c,2022-11,Wiltshire Police,Wiltshire Police,-1.778350,51.551692,On or near Bradford Road,E01015532,Swindon 021D,Investigation complete; no suspect identified
7e3baa2dece926686dee9e588b8e3966cdba3297cf7f3cb772f75473835abced,2022-11,Wiltshire Police,Wiltshire Police,-1.898324,51.548260,On or near Fairfield,E01031963,Wiltshire 006A,Unable to prosecute suspect
7c46ccb000e59170a962d65308049fa10fa7586095e11492289381b8c958fc8a,2022-11,Wiltshire Police,Wiltshire Police,-1.980190,51.288409,On or near Bouverie Drive,E01031858,Wiltshire 034C,Investigation complete; no suspect identified
6603b8c4338121e133dc0b1a46ac6167b8434b8ccf6e1fd288ec6bb891c027e4,2022-11,Wiltshire Police,Wiltshire Police,-1.980088,51.359345,On or near Flax Mill Park,E01032693,Wiltshire 025H,Investigation complete; no suspect identified
cdae30962f4facd741236739c4259fc248265232588d5f7ff5398dded95a3120,2022-11,Wiltshire Police,Wiltshire Police,-1.874145,51.073337,On or near St Michael's Close,E01032040,Wiltshire 054F,Investigation complete; no suspect identified
5162e43861ff6d7367ea139037dc358720a3ce9632bc40552844b7a81545e506,2022-11,Wiltshire Police,Wiltshire Police,-1.824132,51.080520,On or near Heath View Drive,E01031983,Wiltshire 052D,Unable to prosecute suspect
fb3b80fe385a0128a1573ad857876fabd2a66560887f8a0df8a1f4b6d1e33a1e,2022-11,Wiltshire Police,Wiltshire Police,-1.592770,51.443899,On or near Halfway Lane,E01031874,Wiltshire 012D,Investigation complete; no suspect identified
f6f8c4326e854622eff10fa1d72cdeb274b0b22e9e4c87295d937058ee35b317,2022-11,Wiltshire Police,Wiltshire Police,-2.138282,51.372474,On or near High Street,E01032068,Wiltshire 022D,Investigation complete; no suspect identified
f35cc039f48c2daf1d8637dd310e57322bcc1d80f76c3a7bb5bf735def3ad138,2022-11,Wiltshire Police,Wiltshire Police,-1.783289,51.601467,On or near ,E01015472,Swindon 028B,Investigation complete; no suspect identified
f4400a684c08ac96bfbce4c5699bc3c2695c644171b20135f09a5bf9e25a9c11,2022-11,Wiltshire Police,Wiltshire Police,-1.662191,51.235313,On or near ,E01031880,Wiltshire 041E,Investigation complete; no suspect identified
d4bfce97c4c149876ed9f421edb5637c819cdbba15346ad72cea2b56b4e03158,2022-11,Wiltshire Police,Wiltshire Police,-1.782189,51.566247,On or near Station Road,E01015480,Swindon 015D,Investigation complete; no suspect identified
66921c4836f2a960cbb15dd4a223d969769fda08610581c31d4a1656e3f05a47,2022-11,Wiltshire Police,Wiltshire Police,-2.211306,51.319619,On or near ,E01032086,Wiltshire 031B,Further investigation is not in the public interest
e8ea8d29f0621dba97dc4cb88a723c5771f07bc854dc37b8c5697b8b8da47565,2022-11,Wiltshire Police,Wiltshire Police,-2.251913,51.337504,On or near Spencers Orchard,E01032049,Wiltshire 027E,Investigation complete; no suspect identified
3542880f12bc2769fdab21fbc19cd76ac3ae6215e247a94941fa6177582ebe13,2022-11,Wiltshire Police,Wiltshire Police,-1.849865,51.342553,On or near Hurst's Lane,E01031871,Wiltshire 024D,Investigation complete; no suspect identified
67e45bc2decc6baf0adafe34895e4bfeca453bb0527b2b45c59a71a3a95156e0,2022-11,Wiltshire Police,Wiltshire Police,-1.888137,51.544744,On or near Blain Place,E01031964,Wiltshire 006B,Investigation complete; no suspect identified
bddbeab89865a4a49eb9b60c248088041f02fd2022a36ac9595964251dedff63,2022-11,Wiltshire Police,Wiltshire Police,-1.784788,51.562772,On or near ,E01015476,Swindon 015B,Investigation complete; no suspect identified
726e667ad2c7ead443532e05242b641ce14f38d516dff191113c0129257ea88a,2022-11,Wiltshire Police,Wiltshire Police,-1.619749,51.478562,On or near Glebe Close,E01031841,Wiltshire 012A,Investigation complete; no suspect identified
f024123cb3445f6348965134f4bb869147e25d97bc2436a54d6826df99d1da70,2022-11,Wiltshire Police,Wiltshire Police,-1.865515,51.081105,On or near West Street,E01032039,Wiltshire 054E,Investigation complete; no suspect identified
239474f62e731212a94d2858fbd0d8317fb04e2230cc12332ca201fe0b6bc426,2022-11,Wiltshire Police,Wiltshire Police,-1.905012,51.542889,On or near ,E01031967,Wiltshire 006C,Investigation complete; no suspect identified
090cb019ce0fe91ed2f92fbca2785e9f6060c122f4ecc035ed35640588fdfd06,2022-11,Wiltshire Police,Wiltshire Police,-1.938194,51.381054,On or near Bourton Lane,E01031844,Wiltshire 034A,Investigation complete; no suspect identified
90afd61a2fed56a8257291e5ae675d5881fbcaa9d609ee13cb39e2b47c460f4e,2022-11,Wiltshire Police,Wiltshire Police,-1.821310,51.600840,On or near Augusta Close,E01032712,Swindon 027E,Investigation complete; no suspect identified
4ee69126b4e3afe7f6caca1eb16bc53c6591f43c9ec0fc417aef9a8207601d46,2022-11,Wiltshire Police,Wiltshire Police,-2.171160,51.070140,On or near Gauns Court,E01032010,Wiltshire 050A,Investigation complete; no suspect identified
0222354ef560824bd8815184ea0b295c3e749add0d9674400319903bc8d3aa5f,2022-11,Wiltshire Police,Wiltshire Police,-1.815215,51.583585,On or near Elborough Road,E01015528,Swindon 006B,Investigation complete; no suspect identified
65ce091d4e2263b7cb87600a420a5a0812d819cb64c5736f83425f0d795e4dcc,2022-11,Wiltshire Police,Wiltshire Police,-1.995557,51.352612,On or near ,E01031854,Wiltshire 026B,Investigation complete; no suspect identified
9a8f2c140f1dabe37d278f7144c2ba58d83a90c6a5512e8252be289ec6e698ad,2022-11,Wiltshire Police,Wiltshire Police,-2.214991,51.312976,On or near Centenary Court,E01032094,Wiltshire 035C,Suspect charged
93b59f6fee05b8130e1d7652af2461095a0532caec406c2d0d206c0eb2f5eabe,2022-11,Wiltshire Police,Wiltshire Police,-1.784788,51.562772,On or near ,E01015476,Swindon 015B,Investigation complete; no suspect identified
8ae150ad4eb8e537b756c4cec409aaadc68f7d217cd157a915e59948d01c1e27,2022-11,Wiltshire Police,Wiltshire Police,-2.160200,51.514935,On or near The Chase Park,E01031951,Wiltshire 008D,Investigation complete; no suspect identified
a950012f6ab32c7e95b492cfcc14521df7b8b8f79fdeeda87c77440a550d08e7,2022-11,Wiltshire Police,Wiltshire Police,-1.971222,51.621760,On or near The Moor,E01031886,Wiltshire 004A,Investigation complete; no suspect identified
23ad05a8ebc855653e1f39f6551355dbb6806cd9e1a4154339fbb95114a49aee,2022-11,Wiltshire Police,Wiltshire Police,-1.791903,51.552579,On or near Bowood Road,E01015498,Swindon 021B,Unable to prosecute suspect
31309572bb83a58b7579d7d1f0bda12f0add7dd613ddd67e8e6b70c30cf2e38a,2022-11,Wiltshire Police,Wiltshire Police,-1.777324,51.566858,On or near Elmina Road,E01015480,Swindon 015D,Investigation complete; no suspect identified
f1f47b0081a7cd4892252d23975dd706490bed82116f2837655e0d2dedd94c73,2022-11,Wiltshire Police,Wiltshire Police,-1.816891,51.554276,On or near Markenfield,E01015568,Swindon 014D,Investigation complete; no suspect identified
635a1818cb0e4396fcc2b485064ff50ed3beab1fff4c7d45d722d228642ddd17,2022-11,Wiltshire Police,Wiltshire Police,-1.798915,51.091890,On or near Old Castle Road,E01032018,Wiltshire 053A,Investigation complete; no suspect identified
5d37a2cc99db503c74404a07bde3b0b288bf5ce450e79551445ba163facc6b4c,2022-11,Wiltshire Police,Wiltshire Police,-2.137094,51.374040,On or near ,E01032062,Wiltshire 022A,Investigation complete; no suspect identified
6f590620728212f81a8db0530e57e4d71f8c49d053c2f90e4fdfd651a7354ce2,2022-11,Wiltshire Police,Wiltshire Police,-1.787832,51.054940,On or near Downton Road,E01032007,Wiltshire 059C,Investigation complete; no suspect identified
8fe15583e244e764f1d6e1ba826256729ff4266efe5c7b627d61236123ca3bee,2022-11,Wiltshire Police,Wiltshire Police,-1.787832,51.054940,On or near Downton Road,E01032007,Wiltshire 059C,Investigation complete; no suspect identified
bdb250decfc2bf1cfe6ddfc833df2b8386cf619f437bdad883b266500f64ceeb,2022-11,Wiltshire Police,Wiltshire Police,-1.787832,51.054940,On or near Downton Road,E01032007,Wiltshire 059C,Investigation complete; no suspect identified
6fd05da395f41f89677403be05a56b0ef1afd70bc73626059159f2a84a9a3112,2022-11,Wiltshire Police,Wiltshire Police,-2.188292,51.166561,On or near ,E01032082,Wiltshire 047E,Investigation complete; no suspect identified
37c7e78b3f43519d9bda17c8ea000ff21dd2c8f4e3701cf082b8bd8b4834cd57,2022-11,Wiltshire Police,Wiltshire Police,-1.754082,51.572171,On or near ,E01015549,Swindon 009A,Investigation complete; no suspect identified
5d640d57f53827017be0f8da387ca2fab669567b391f03e0f5a594c71c9d2b8c,2022-11,Wiltshire Police,Wiltshire Police,-1.663171,51.228662,On or near Nery Road,E01031880,Wiltshire 041E,Investigation complete; no suspect identified
1d4085b65f14f664de367ead506a00c7181cdbc8dc0c536666f74b44dfffd2db,2022-11,Wiltshire Police,Wiltshire Police,-1.810460,51.567815,On or near Barnfield Road,E01015581,Swindon 012D,Investigation complete; no suspect identified
282aaa866fede654d9dba3a108b34ea80a280ecf1560051c593170d3aa382404,2022-11,Wiltshire Police,Wiltshire Police,-1.754882,51.587179,On or near Briery Close,E01015552,Swindon 009D,Investigation complete; no suspect identified
1c1079699319cc9788ef3df27d41e3ceb697b93f2eef00cc7f9e5619e9e2dadd,2022-11,Wiltshire Police,Wiltshire Police,-1.715168,50.989655,On or near Bowers Hill,E01031994,Wiltshire 062D,Investigation complete; no suspect identified
17a3f667799f437d644a222971c007c1b6add4c5d05c797c918d9caab1933ef6,2022-11,Wiltshire Police,Wiltshire Police,-1.784788,51.562772,On or near ,E01015476,Swindon 015B,Investigation complete; no suspect identified
c66d62c9011bb78875fbf2fa0d9c07025d28a1a9008207be2e3eced5b4a3fe88,2022-11,Wiltshire Police,Wiltshire Police,-1.784788,51.562772,On or near ,E01015476,Swindon 015B,Investigation complete; no suspect identified
762a108935d9ad101b2f798524f66b1a002d258146286626884611a2d6e2cf98,2022-11,Wiltshire Police,Wiltshire Police,-1.800756,51.570510,On or near ,E01015578,Swindon 012B,Investigation complete; no suspect identified
088ddd63408e2ce08c08add5b90348dc45b99c8383fb32a81d9056bdce97edb8,2022-11,Wiltshire Police,Wiltshire Police,-1.796037,51.054766,On or near Swiftdown,E01032007,Wiltshire 059C,Investigation complete; no suspect identified
14e1f2e5aa093b8fe74326d3e3e9d08baf291380808e2a7852e06cb7db76f8f1,2022-11,Wiltshire Police,Wiltshire Police,-1.808656,51.602312,On or near Claydon Road,E01032702,Swindon 027B,Investigation complete; no suspect identified
d7bbc3404e3492d08367e382efebbba1a5d80b1f04e19ef9f6f1c7ecc646392c,2022-11,Wiltshire Police,Wiltshire Police,-1.662400,51.238128,On or near Ordnance Road,E01032697,Wiltshire 041G,Investigation complete; no suspect identified
c455432e3ebcb8b484a4bc7f67861fc5c79d7e9acda22d88527fd5e0ba51fff4,2022-11,Wiltshire Police,Wiltshire Police,-1.748118,51.353124,On or near ,E01031866,Wiltshire 024A,Investigation complete; no suspect identified
f316ecc7833a28315a32295ff87aec6fc89d15a479bc60866ecd0b2fbb2083c0,2022-11,Wiltshire Police,Wiltshire Police,-2.201459,51.043727,On or near Butterstake Lane,E01032010,Wiltshire 050A,Unable to prosecute suspect
3a780451be08b7c750b47bec90ea6667ac1dd68565ae9e936c11709ae1d45b18,2022-11,Wiltshire Police,Wiltshire Police,-1.788428,51.105783,On or near Mannock Field,E01032011,Wiltshire 057B,Investigation complete; no suspect identified
749590b969703b9c61bf23a4d5201831c57b70e8b49dc9f49a6b4db6e84a0950,2022-11,Wiltshire Police,Wiltshire Police,-2.094738,51.358562,On or near Bath Road,E01031876,Wiltshire 028E,Investigation complete; no suspect identified
75feaa2513f5ededdf6c40a4843c5c11e1a4006d901c32232b1bfd89b3c0b3d3,2022-11,Wiltshire Police,Wiltshire Police,-1.822930,51.081390,On or near Herbert Road,E01031982,Wiltshire 052C,Investigation complete; no suspect identified
149334eca07dd2bc76d9722238758693b1ee6499eae7e2e586933e19459c4546,2022-11,Wiltshire Police,Wiltshire Police,-1.756233,51.561152,On or near Frobisher Drive,E01015572,Swindon 016B,Investigation complete; no suspect identified
1fc79d5e31810aafcd09dbdb6d29cb76ff7cf368530579775a9dd8644139a23e,2022-11,Wiltshire Police,Wiltshire Police,-1.792533,51.056693,On or near ,E01032005,Wiltshire 059A,Investigation complete; no suspect identified
b73962793802f6e7dc73b213c7d81cee5a325c355968092ef200c2ad0db4600f,2022-11,Wiltshire Police,Wiltshire Police,-1.775544,51.559293,On or near ,E01015493,Swindon 017B,Investigation complete; no suspect identified
7cdba9549e459cdcabf014c87cee86213aa2eab1807bf925a469194d7560f1ec,2022-11,Wiltshire Police,Wiltshire Police,-2.160200,51.514935,On or near The Chase Park,E01031951,Wiltshire 008D,Investigation complete; no suspect identified
4ec8c23035c3bb21f23aaf327639ff54cb236f59c0d73cec1f6f23416d8195f9,2022-11,Wiltshire Police,Wiltshire Police,-1.895030,51.550946,On or near Elm Close,E01031965,Wiltshire 007F,Investigation complete; no suspect identified
397800eb98e3c4df78a98029465966e05b513a9202cbfa23341915431d440a34,2022-11,Wiltshire Police,Wiltshire Police,-2.136719,51.469818,On or near Fallow Field Close,E01031907,Wiltshire 009A,Unable to prosecute suspect
42af85f47ddce97521ab1b8c69c6dfb08319c743acc46af5aa8c715c0f3f2e53,2022-11,Wiltshire Police,Wiltshire Police,-1.834670,51.551694,On or near Gainsborough Way,E01015501,Swindon 022A,Investigation complete; no suspect identified
f5b68b61a10b554c0808e003eab5006239da5e6ea9b3ce921d8dcd876076a0e3,2022-11,Wiltshire Police,Wiltshire Police,-1.710988,51.148734,On or near Bourne View,E01032033,Wiltshire 049C,Investigation complete; no suspect identified
15995f8b358bb1d01284a31d8109fe990d53c54dd6b3f2731f8b7396ae1de1ce,2022-11,Wiltshire Police,Wiltshire Police,-2.131730,51.372184,On or near Pembroke Road,E01032062,Wiltshire 022A,Investigation complete; no suspect identified
95954f8356b9a91455614411ae676b87f4c8cc5a58344803b8303d5cb21bba3b,2022-11,Wiltshire Police,Wiltshire Police,-1.782102,51.172474,On or near Abbey Lane,E01031979,Wiltshire 048F,Investigation complete; no suspect identified
be04bebfe966d00163b97f8e00bf45750efb7de8188d29cc8f8c958e52cd99eb,2022-11,Wiltshire Police,Wiltshire Police,-1.787721,51.552437,On or near A4289,E01015497,Swindon 019D,Investigation complete; no suspect identified
9d693b800d2c78f580992cac558da9b31234ea0de0a6cfe761c3b5b0c7257daa,2022-11,Wiltshire Police,Wiltshire Police,-1.996297,51.438878,On or near Forman Street,E01031902,Wiltshire 016C,Investigation complete; no suspect identified
36b1e68de128d15c25fe029299ddb2ceca1ea2d2dd9b1d9326fadebb85201410,2022-11,Wiltshire Police,Wiltshire Police,-1.843048,51.413327,On or near Gunsite Road,E01031884,Wiltshire 012E,Investigation complete; no suspect identified
0a363608d8c352d9e7e21a7f203aaf83a794b02debc55b83a1b1ff781542fdc3,2022-11,Wiltshire Police,Wiltshire Police,-1.761600,51.560992,On or near Somerville Road,E01015573,Swindon 016C,Investigation complete; no suspect identified
7753474793f7da8535dd0c0adc2f3aaf5777f1beb96cbe2bdf3bbac075abaf04,2022-11,Wiltshire Police,Wiltshire Police,-2.237018,51.191229,On or near Longcombe Drive,E01032051,Wiltshire 047A,Investigation complete; no suspect identified
63f4d4c31a9cda7197187d98a3324641582df0e0e38912fa41d9a090ae4b2cbb,2022-11,Wiltshire Police,Wiltshire Police,-2.146312,51.448722,On or near ,E01031906,Wiltshire 010B,Further action is not in the public interest
7e96102d808f469237db52da5ec5395f85a58b5972188f9664e5e20d43747fc1,2022-11,Wiltshire Police,Wiltshire Police,-1.820775,51.553346,On or near Dunwich Drive,E01015571,Swindon 022F,Investigation complete; no suspect identified
7a0b4730f0243effd6c4447193e94a0d9f8cf6e4c972ee7814ea3a1a35393def,2022-11,Wiltshire Police,Wiltshire Police,-1.781334,51.171474,On or near Seymour Gardens,E01031979,Wiltshire 048F,Investigation complete; no suspect identified
a678b7cee4f5ba55dd595cd887c17ca4ff6fb4a11f3110dfaa38af523c31c846,2022-11,Wiltshire Police,Wiltshire Police,-1.780342,51.569399,On or near Beatrice Street,E01015510,Swindon 010C,Investigation complete; no suspect identified
47b4de899234be3cac6f9f08d95e8fe300ce20edca04075a78067bb15e454f2e,2022-11,Wiltshire Police,Wiltshire Police,-1.780698,51.173011,On or near High Street,E01031979,Wiltshire 048F,Investigation complete; no suspect identified
06670f36c8c8ae4ac80b00e44df5e2a53a4d96fc04530e0f0a44483399fd449a,2022-11,Wiltshire Police,Wiltshire Police,-2.254724,51.347452,On or near Newtown,E01032050,Wiltshire 027F,Investigation complete; no suspect identified
5a8a1f3dd775102d28d55a1d91a55cfd20bbec1a3e4c53ba80a7a1340a8f46fa,2022-11,Wiltshire Police,Wiltshire Police,-1.903127,51.192967,On or near ,E01032026,Wiltshire 045D,Investigation complete; no suspect identified
b7dedefde6a7b66a288627585912fd8ab7053b38f6c5acf79142653fd3b5fb85,2022-11,Wiltshire Police,Wiltshire Police,-1.743222,51.561043,On or near Kilve Close,E01015538,Swindon 016A,Unable to prosecute suspect
b563fdb45cbcfc37590611778411a545a93afb7454a2b8beda551a5abe0ce353,2022-11,Wiltshire Police,Wiltshire Police,-1.778978,51.293310,On or near York Road,E01031882,Wiltshire 038C,Investigation complete; no suspect identified
de0104cb7fc0a580ae909e5bf79b75bc5df640e95de2ec837c2f2920721d97e2,2022-11,Wiltshire Police,Wiltshire Police,-1.879389,51.586572,On or near Hoggs Lane,E01031955,Wiltshire 003B,Unable to prosecute suspect
256df5a8f5a3071d726863ee44afab8bd9366f9bedada4a148ec4dd98ec3c5b2,2022-11,Wiltshire Police,Wiltshire Police,-1.754426,51.564547,On or near Spenser Close,E01015572,Swindon 016B,Investigation complete; no suspect identified
ddd183c26e810f6970f9c494da6e397dd9a9e61b31f36c97ff8b8cbafdaaaf07,2022-11,Wiltshire Police,Wiltshire Police,-1.756146,51.563921,On or near Dalton Close,E01015572,Swindon 016B,Unable to prosecute suspect
f351f889bc6bc2193712189c6bd82fdeb954d01fd85a58ab8c13398a7a72b861,2022-11,Wiltshire Police,Wiltshire Police,-2.106042,51.464257,On or near Darcy Close,E01031918,Wiltshire 011E,Investigation complete; no suspect identified
416b4b14a547c68e3a37f73a24b0816d5fc93503254c726beafc57d593556d39,2022-11,Wiltshire Police,Wiltshire Police,-2.183674,51.260095,On or near ,E01032119,Wiltshire 040E,Investigation complete; no suspect identified
dfd5e023b929e5c9c121f9e1b4993fee4cb18390eb1fd06a091c1654e140c112,2022-11,Wiltshire Police,Wiltshire Police,-1.792038,51.068499,On or near ,E01032023,Wiltshire 059D,Investigation complete; no suspect identified
f21601d288b9356499b4459bc8f0fd9adccd040e2f7fd6baf4a654a9646e18e7,2022-11,Wiltshire Police,Wiltshire Police,-2.216156,51.316517,On or near Gloucester Road,E01032089,Wiltshire 036B,Investigation complete; no suspect identified
cde827be0eed7a4897f500bc01983a25efae5073e0ab84fead24d9de04d038ed,2022-11,Wiltshire Police,Wiltshire Police,-1.986465,51.359706,On or near Coppers Road,E01032693,Wiltshire 025H,Investigation complete; no suspect identified
a8649078a29104a32b8c56e11b2710a0494256d551191febdd89059c81474e15,2022-11,Wiltshire Police,Wiltshire Police,-2.211306,51.319619,On or near ,E01032086,Wiltshire 031B,Investigation complete; no suspect identified
e3f0cd96802fa8538c594bcb2a9f230ee2001e2bf7967e2f869f2a4c06c688a7,2022-11,Wiltshire Police,Wiltshire Police,-1.750954,50.992992,On or near The Borough,E01031995,Wiltshire 062E,Investigation complete; no suspect identified
6d2c2a17cd268e0a747f99e2295a06305cb952fdf7b4ec52a4e1bb074b4f7b59,2022-11,Wiltshire Police,Wiltshire Police,-1.734967,51.576580,On or near A420,E01015551,Swindon 009C,Investigation complete; no suspect identified
b21491a29b3304473d8ab05af1daca9b5797c1bc0dee2c6f957ba2efb496c76a,2022-11,Wiltshire Police,Wiltshire Police,-1.825010,51.584832,On or near Purton Road,E01032700,Swindon 026B,Investigation complete; no suspect identified
5e38544fbc81e384da833b453e782a1f75b82d92de986a2a855d0e7912b70a97,2022-11,Wiltshire Police,Wiltshire Police,-2.118597,51.459992,On or near Foghamshire,E01031912,Wiltshire 011B,Investigation complete; no suspect identified
deb677302088a1eedacf8a6b237b89ba25fb3c34607ce439ff2759062c2939f9,2022-11,Wiltshire Police,Wiltshire Police,-1.784788,51.562772,On or near ,E01015476,Swindon 015B,Investigation complete; no suspect identified
79e9316f4038d1acd67be3b5abe9f1c8ae8afdcabdb36ad5b48a8dbe3ac422aa,2022-11,Wiltshire Police,Wiltshire Police,-1.784788,51.562772,On or near ,E01015476,Swindon 015B,Investigation complete; no suspect identified
c94ed0ca8bcfd439912ffab62e2d3aba9e7438b6be05c11bb4fbcceb7f871859,2022-11,Wiltshire Police,Wiltshire Police,-1.784788,51.562772,On or near ,E01015476,Swindon 015B,Investigation complete; no suspect identified
34b169e07a89cb374394ffab01419eb39dc4172593524d09d8716aecc040470e,2022-11,Wiltshire Police,Wiltshire Police,-1.786886,51.561517,On or near Queen Street,E01015476,Swindon 015B,Investigation complete; no suspect identified
38f1e64f281c5060a635fc7408b4c34ae674f7d56ea8737ba79caa6e7e061a81,2022-11,Wiltshire Police,Wiltshire Police,-1.784788,51.562772,On or near ,E01015476,Swindon 015B,Investigation complete; no suspect identified
fba6426df525f90d66ca3f61be237461c40a12df839b4122790a7639671ecd87,2022-11,Wiltshire Police,Wiltshire Police,-1.739570,51.041273,On or near School Hill,E01031970,Wiltshire 060A,Investigation complete; no suspect identified
9a9685929d05523c147978ca8a9c2824f99e4cf246695ec7bd65eb6e7a94601e,2022-11,Wiltshire Police,Wiltshire Police,-1.779326,51.561746,On or near Spring Close,E01032714,Swindon 019E,Investigation complete; no suspect identified
d215b68d9a0c0e9db99d2cefca0cd0d9a5afd8d31dc8befaffa2061b6c2001f9,2022-11,Wiltshire Police,Wiltshire Police,-1.797806,51.558317,On or near Butterworth Street,E01015477,Swindon 015C,Investigation complete; no suspect identified
78aee661f8c00f1c4b16597d21edacb58bf81a6f18563d496cfea87eba7a744a,2022-11,Wiltshire Police,Wiltshire Police,-2.146312,51.448722,On or near ,E01031906,Wiltshire 010B,Investigation complete; no suspect identified
7f8a13d0a2540b69950bfd211d2c82a4bdeb51abed389accd7524363a0db3f18,2022-11,Wiltshire Police,Wiltshire Police,-1.819715,51.074740,On or near Gramshaw Road,E01032001,Wiltshire 055A,Investigation complete; no suspect identified
b2776ea4e199093d8279193584172fa524f7aa1bee42dacb55b915b0094d949a,2022-11,Wiltshire Police,Wiltshire Police,-2.137841,51.459711,On or near ,E01031908,Wiltshire 010C,Further investigation is not in the public interest
0594bd041331ab0b5234708e8e52d0181dd263cd66f0f466331cd76198b7705f,2022-11,Wiltshire Police,Wiltshire Police,-1.732207,51.041778,On or near Oak Drive,E01031970,Wiltshire 060A,Investigation complete; no suspect identified
6b00be368c37102c5c1c83ff716d619ff37ea86f5efe594c48f33084f817b53b,2022-11,Wiltshire Police,Wiltshire Police,-2.227186,51.324436,On or near Clipsham Rise,E01032097,Wiltshire 033B,Investigation complete; no suspect identified
73b63e4fc60b8a8db0b1d36ed5a294134bb94565f10d55f3d15f42a2ed7b1dda,2022-11,Wiltshire Police,Wiltshire Police,-1.619827,51.257357,On or near Deweys Lane,E01031859,Wiltshire 041A,Unable to prosecute suspect
167c9652bbac708742b1613317521d68299b26b5bc268a3e681c1217b6bb3ccb,2022-11,Wiltshire Police,Wiltshire Police,-2.120473,51.368825,On or near Lovage Lane,E01032071,Wiltshire 021E,Investigation complete; no suspect identified
96f0f58d44d213ebe1cb1be6da58a84bfbd32d8143ac2739f9fcdac6a3c633d2,2022-11,Wiltshire Police,Wiltshire Police,-1.841715,51.065043,On or near Netherhampton Road,E01032000,Wiltshire 057A,Investigation complete; no suspect identified
4de8ebc84712545b1f82d309a995dbeaa61f7fcf0718e2a8bafc61c977caf980,2022-11,Wiltshire Police,Wiltshire Police,-2.160448,51.051299,On or near Tokes Lane,E01032029,Wiltshire 061B,Investigation complete; no suspect identified
1b07cffd3b868cafd6c327a853a71d1b28d06169432932abda9a292607168dcd,2022-11,Wiltshire Police,Wiltshire Police,-1.619827,51.257357,On or near Deweys Lane,E01031859,Wiltshire 041A,Suspect charged
f8c9edd629426d56deb70d9b62132476829568652feebe16d5b6832cde01146d,2022-11,Wiltshire Police,Wiltshire Police,-2.211306,51.319619,On or near ,E01032086,Wiltshire 031B,Investigation complete; no suspect identified
84d317deda469efdd7f6289c0768ca12b01256bff76265ace9a08b6ec271b673,2022-11,Wiltshire Police,Wiltshire Police,-1.806495,51.078548,On or near ,E01032024,Wiltshire 055D,Investigation complete; no suspect identified
f6e2aa7a0efe974ed4a7d53c82463b2cebbf6f6106d7d850106f82431b6fad30,2022-11,Wiltshire Police,Wiltshire Police,-1.900643,51.549476,On or near Showfield,E01031965,Wiltshire 007F,Investigation complete; no suspect identified
9e835b46f7a6c44fded6f4b58b4d7caa36f9e384ad5e3bd00aaaad6e9d157357,2022-11,Wiltshire Police,Wiltshire Police,-1.771881,51.561839,On or near ,E01015493,Swindon 017B,Investigation complete; no suspect identified
6830b82fc1d7fa2f692a116fdcc3ddc5413cac3212f3dde29148d6241fcdeaa4,2022-11,Wiltshire Police,Wiltshire Police,-1.784252,51.070049,On or near Laverstock Road,E01032015,Wiltshire 056B,Investigation complete; no suspect identified
5c61aa21e2884dd4fd1d20f26f7f734478238b66b5f16bed7ba982bbce13851e,2022-11,Wiltshire Police,Wiltshire Police,-2.251913,51.337504,On or near Spencers Orchard,E01032049,Wiltshire 027E,Investigation complete; no suspect identified
e1c60a6ebd9c8a9149582951352672092542b18bc33addef0ca45ca2b0b90c71,2022-11,Wiltshire Police,Wiltshire Police,-1.795649,51.068397,On or near New Canal,E01032022,Wiltshire 058C,Investigation complete; no suspect identified
6e9b6afa1b84654686c38ff0df8152abd5322cd86c3cf37ad8ad5f5b5ee4e388,2022-11,Wiltshire Police,Wiltshire Police,-1.840061,51.564964,On or near Friesian Close,E01015566,Swindon 011D,Investigation complete; no suspect identified
eb7bd24916c484a284114c6aff440285b09aab57d8d47a87c245f5f777b6917d,2022-11,Wiltshire Police,Wiltshire Police,-1.754882,51.587179,On or near Briery Close,E01015552,Swindon 009D,Suspect charged
2ad47ccb10f6802e6555dd10c02ac02d2ad4dee7349b327c233b457248505e27,2022-11,Wiltshire Police,Wiltshire Police,-1.754882,51.587179,On or near Briery Close,E01015552,Swindon 009D,Suspect charged
f4fbcab91d62c85008f2b74997064fbaaf28e07983006c97caf4f0718bf38e17,2022-11,Wiltshire Police,Wiltshire Police,-1.758301,51.557469,On or near ,E01015573,Swindon 016C,Investigation complete; no suspect identified
fd8035f3ca106899aca14d3caf2304349609fbf5496a83c9d3a0cfba18299566,2022-11,Wiltshire Police,Wiltshire Police,-1.792229,51.105628,On or near Davies Road,E01032011,Wiltshire 057B,Investigation complete; no suspect identified
59f77930c050f03d32b202f978d291100d764ddc72b551b979a4274cdfe7d9d2,2022-11,Wiltshire Police,Wiltshire Police,-1.762927,51.176717,On or near ,E01031977,Wiltshire 048D,Investigation complete; no suspect identified
6026cd65a3aef7676cd2c08c29f57ca7a318224cee8e3692f00fe919d85719ba,2022-11,Wiltshire Police,Wiltshire Police,-1.790676,51.521431,On or near Manor Close,E01015585,Swindon 025C,Unable to prosecute suspect
c44efa5952a4c7945787ac21e3dc155af6c5d26b3347144952ed8b3848e9c331,2022-11,Wiltshire Police,Wiltshire Police,-2.220777,51.430073,On or near Kings Lea Avenue,E01031889,Wiltshire 017B,Investigation complete; no suspect identified
94202196704cfa4ac46808ae8380b673fe0b65ad3733fa01535bbeb2f9652080,2022-11,Wiltshire Police,Wiltshire Police,-2.098142,51.445706,On or near Provis Mead,E01031923,Wiltshire 014D,Investigation complete; no suspect identified
bce3165fd786ce40181608848023a7ece7815dca1009b86811cd8262bb2d8e42,2022-11,Wiltshire Police,Wiltshire Police,-1.805500,51.563734,On or near Montagu Street,E01015579,Swindon 012C,Investigation complete; no suspect identified
c49b910f720f1f1a4549434999be562739e8646e767c15437163f7c37e0c0fb1,2022-11,Wiltshire Police,Wiltshire Police,-1.759022,50.994660,On or near ,E01031995,Wiltshire 062E,Investigation complete; no suspect identified
142097a485284dd8fa9f70c2ed5ca65d6f70cf058f33c209b3aaa5c353d13403,2022-11,Wiltshire Police,Wiltshire Police,-1.719433,51.368651,On or near South Bank,E01031866,Wiltshire 024A,Investigation complete; no suspect identified
fdcca1b48470d6d70a44f72f6eb94b67bd44e0d06986cb215ee5a477356cd6a5,2022-11,Wiltshire Police,Wiltshire Police,-1.990545,51.352378,On or near Gains Lane,E01031854,Wiltshire 026B,Investigation complete; no suspect identified
b65391579470162a74974d07616bfb05b8f7fc34dd9a03c3a74d52e99ff14990,2022-11,Wiltshire Police,Wiltshire Police,-2.160200,51.514935,On or near The Chase Park,E01031951,Wiltshire 008D,Investigation complete; no suspect identified
6d0c531a8583d0cb13db82a6ae092c0d0aac6f160473fee9e9cb668050d287d8,2022-11,Wiltshire Police,Wiltshire Police,-1.806069,51.071526,On or near Windsor Road,E01032003,Wiltshire 055C,Investigation complete; no suspect identified
5fc938c14f2a375662855649dcff14a4e9b41b149308489e8e6954c0125072d1,2022-11,Wiltshire Police,Wiltshire Police,-1.797541,51.562706,On or near ,E01032716,Swindon 012G,Investigation complete; no suspect identified
b421727abdcc5cbd0b1a660d39484629faa516012750fafe34e3cd9512191f31,2022-11,Wiltshire Police,Wiltshire Police,-1.793285,51.070524,On or near Rollestone Street,E01032014,Wiltshire 056A,Unable to prosecute suspect
8e1eb158bc19956bbf8674ed3783d006df326b499a68e63fc52603a965655ea4,2022-11,Wiltshire Police,Wiltshire Police,-2.195483,51.260031,On or near Willow Grove,E01032118,Wiltshire 040D,Investigation complete; no suspect identified
c20a27d7c05676dead1707d24381a8411ef3574997a0e9671252a522a6e790a2,2022-11,Wiltshire Police,Wiltshire Police,-1.827239,51.081918,On or near Glyndebourne Close,E01031983,Wiltshire 052D,Suspect charged
b093a1a0127eb7ff59ccfa1481ec5ab657007ee07ce59fd99640727ba4e6d3c9,2022-11,Wiltshire Police,Wiltshire Police,-2.141770,51.464230,On or near ,E01031908,Wiltshire 010C,Investigation complete; no suspect identified
909bc4ee08fd722aa26e731302295973c44dcc159b127ce77fdaa68ed4bece9b,2022-11,Wiltshire Police,Wiltshire Police,-1.783049,51.092447,On or near Fulton Road,E01031984,Wiltshire 051A,Investigation complete; no suspect identified
26dfdeaa5fecc79c0402549827c5d97de1d35ab73e637653837e69a06c110ebe,2022-11,Wiltshire Police,Wiltshire Police,-2.209415,51.320414,On or near ,E01032086,Wiltshire 031B,Investigation complete; no suspect identified
a6b5ce3f532f836f4776d5070d5fed18bfcda5dd0f1e0eec3d598e5a6b10976b,2022-11,Wiltshire Police,Wiltshire Police,-1.769422,51.568875,On or near ,E01015479,Swindon 017A,Investigation complete; no suspect identified
19776f7d2929f2f6f5a02ff99cffe4e48e0bbee054120214b6a0706bcea0f65b,2022-11,Wiltshire Police,Wiltshire Police,-2.193545,51.354727,On or near Station Road,E01032058,Wiltshire 023A,Investigation complete; no suspect identified
e56b7dcb683edc10f35a292fd74c30e0a99692521cd37539d2c5d492d52fecf5,2022-11,Wiltshire Police,Wiltshire Police,-1.825493,51.086942,On or near The Valley,E01031982,Wiltshire 052C,Investigation complete; no suspect identified
1186270e6c0875e38fafb2d5fdeaf54b023af1900f18d86183c08b0092df1008,2022-11,Wiltshire Police,Wiltshire Police,-2.208256,51.321126,On or near Fore Street,E01032086,Wiltshire 031B,Investigation complete; no suspect identified
eabffaf045600b831fc61f9767b589974bd9912b259b8d68d629d13dd63a8c07,2022-11,Wiltshire Police,Wiltshire Police,-1.826209,51.565529,On or near Dennis Street,E01015561,Swindon 014A,Investigation complete; no suspect identified
8555fd29d5c8d4533dcbca1b68e671591b7c7303ebaaf992fb5af20d0d584f52,2022-11,Wiltshire Police,Wiltshire Police,-1.792228,51.560412,On or near Taunton Street,E01015476,Swindon 015B,Unable to prosecute suspect
a776d5307d2f313071991f97ea1843ca5522d1757cfc2303401f44fb9d2fadf7,2022-11,Wiltshire Police,Wiltshire Police,-2.262187,51.356832,On or near Ashley Road,E01032045,Wiltshire 027A,Investigation complete; no suspect identified
fedbd68e8c1da9d91a350c4e5f382909abf96f30811b440845ba5cd1af362583,2022-11,Wiltshire Police,Wiltshire Police,-2.245892,51.416859,On or near Quarry Hill,E01031890,Wiltshire 017C,Unable to prosecute suspect
e43f5244be0d53178f7720b24bae990f6d12e5a5a81bb7a030666683c4a074d8,2022-11,Wiltshire Police,Wiltshire Police,-2.105537,51.588223,On or near Hobbes Close,E01031947,Wiltshire 002B,Unable to prosecute suspect
c9a6a9d09b2e531976cc753d86ee6ede65fbc5fbc95f3d1433000de85bb8a1bd,2022-11,Wiltshire Police,Wiltshire Police,-1.757042,51.552845,On or near Blakesley Close,E01015540,Swindon 020C,Unable to prosecute suspect
f44b7182fe2d75b69b09bd68f9cb93f2d30be3b1adbc32163a8df72a0d10a081,2022-11,Wiltshire Police,Wiltshire Police,-2.206071,51.339491,On or near Marina Drive,E01032078,Wiltshire 030B,Investigation complete; no suspect identified
105c7bae9cc06aaba1c3c9ad76b25ae34c278ddfb50dc1767f21aeb0856f424c,2022-11,Wiltshire Police,Wiltshire Police,-2.203231,52.513724,On or near The Close,E01029645,South Staffordshire 013A,Investigation complete; no suspect identified
48831fda9fdafa12aa9b22a2224beac9cd6cf9ec47c689de70f4fb22eb19f3b1,2022-11,Wiltshire Police,Wiltshire Police,-1.788272,51.582955,On or near Pinetree Rise,E01015527,Swindon 007C,Action to be taken by another organisation
d051ed3c66ae7173436c9cd1bdb43e2c31458dcd7bc4a1ebfeae8e3c1c07bc6a,2022-11,Wiltshire Police,Wiltshire Police,-1.830272,51.555437,On or near Beaumaris Road,E01015569,Swindon 022D,Unable to prosecute suspect
842c43f7ce98f13545515dab8a9bd05228b8470ad16e075d884cb1a964132dbf,2022-11,Wiltshire Police,Wiltshire Police,-1.862178,51.574325,On or near Stone Lane,E01031962,Wiltshire 003D,Unable to prosecute suspect
f42865dcf03e8aebfff27988cbd1162621ea8020a0e2360faf42eb8f73a3f77e,2022-11,Wiltshire Police,Wiltshire Police,-1.862178,51.574325,On or near Stone Lane,E01031962,Wiltshire 003D,Unable to prosecute suspect
947b671d9dcfc88a6c37c0a6d72dee18e194b7c182d4439fb5495b229924a6b8,2022-11,Wiltshire Police,Wiltshire Police,-1.797687,51.075523,On or near Nelson Road,E01032020,Wiltshire 053C,Suspect charged
d6f35e3cfc6b95fb3d2098a02b4931e53de9b15a7ddf0ba41d92349f8c8049c4,2022-11,Wiltshire Police,Wiltshire Police,-1.763468,51.559894,On or near ,E01015573,Swindon 016C,Investigation complete; no suspect identified
4534880d660ad19ce35b64db5bbc9c541040a7782d75c3e74ac91eddcbed3ae4,2022-11,Wiltshire Police,Wiltshire Police,-1.778934,51.559173,On or near Wells Street,E01032714,Swindon 019E,Investigation complete; no suspect identified
f7176794bcaef5048b182108b388a7e02f389b0252f198213984156033966697,2022-11,Wiltshire Police,Wiltshire Police,-2.251913,51.337504,On or near Spencers Orchard,E01032049,Wiltshire 027E,Investigation complete; no suspect identified
72898eb57763bbb7ed4bb375e1da4ba940bfa593361501227e9779801d7138e0,2022-11,Wiltshire Police,Wiltshire Police,-1.809056,51.063609,On or near Town Path,E01032009,Wiltshire 058B,Investigation complete; no suspect identified
f4e3f80d3e92e35c70c391c653a499839a1a72529fecf65f73269f118a3c167b,2022-11,Wiltshire Police,Wiltshire Police,-2.154867,51.199873,On or near The Dene,E01032104,Wiltshire 042A,Unable to prosecute suspect
763e69a823a0b69c27d052d11988c437dc84a249f5cb3bd8c31e8d95c87938f7,2022-11,Wiltshire Police,Wiltshire Police,-1.791577,51.595639,On or near Latton Close,E01015546,Swindon 003D,Unable to prosecute suspect
8be159b58ad74132af883fc28b86ad539e1c8c33f2eeeab999d200a02e3d84ec,2022-11,Wiltshire Police,Wiltshire Police,-1.831780,51.600244,On or near Cassini Drive,E01032705,Swindon 026D,Action to be taken by another organisation
af4bcfdb70a072bee2c010ef13675a4707461a38336338e7e6eeea84782bbcb5,2022-11,Wiltshire Police,Wiltshire Police,-1.874711,51.545090,On or near Swindon Road,E01031966,Wiltshire 007G,Unable to prosecute suspect
44cb1fe925c7e1d184c8355730958afcc8a24f1b3f8f00ac3d57c0b0780a174c,2022-11,Wiltshire Police,Wiltshire Police,-1.666132,51.242904,On or near Kimber Close,E01032697,Wiltshire 041G,Unable to prosecute suspect
02495b0f8a7bc70ea8c68f0020f89b464781127679b03b86b2ff08b66e2a1d65,2022-11,Wiltshire Police,Wiltshire Police,-2.246490,51.340888,On or near Poulton,E01032049,Wiltshire 027E,Offender given a caution
22fa148ac3f66adc85301307341c5fd5c0639c1bae485aee16696b606e5710e0,2022-11,Wiltshire Police,Wiltshire Police,-1.784788,51.562772,On or near ,E01015476,Swindon 015B,Investigation complete; no suspect identified
f94c198af58fc5fc18cddeb5c873e8474d3d233059ad0e0a2b0154ea38505ccd,2022-11,Wiltshire Police,Wiltshire Police,-1.821156,51.074841,On or near ,E01032001,Wiltshire 055A,Unable to prosecute suspect
2f9d530e40582a89850db8ebdd71d078db9c8118d70f6a1cc47c9ae91ae6eda3,2022-11,Wiltshire Police,Wiltshire Police,-1.710647,51.629616,On or near Blandford Alley,E01015520,Swindon 001B,Investigation complete; no suspect identified
fedae729fd91dc21d1400d8341348937289393efe7d1c3b63d1d84c9caf4548a,2022-11,Wiltshire Police,Wiltshire Police,-1.831498,51.602275,On or near Beagle Close,E01032705,Swindon 026D,Unable to prosecute suspect
6c836f4987899a8b777776c5e9445e0e2e522987f29f57aefa9fcb0fdda1a5ba,2022-11,Wiltshire Police,Wiltshire Police,-1.776846,51.582116,On or near Bedwyn Close,E01015506,Swindon 007A,Unable to prosecute suspect
1af0284c6995eb16ffafbade10dae475571cb43ef1a9b6bca6cd65f9fb19893f,2022-11,Wiltshire Police,Wiltshire Police,-2.153576,51.199057,On or near Grange Lane,E01032104,Wiltshire 042A,Unable to prosecute suspect
1d85211d9a6885abfd8945dff8d2cd761dd97d6213bce8cdd423ccbdcbb1e58e,2022-11,Wiltshire Police,Wiltshire Police,-2.203231,52.513724,On or near The Close,E01029645,South Staffordshire 013A,Unable to prosecute suspect
f9085cfd40fb9b5a292e6911dd1536c5ba85d92c2030c7435c3a11639e756c6a,2022-11,Wiltshire Police,Wiltshire Police,-1.772736,51.562679,On or near ,E01015475,Swindon 015A,Unable to prosecute suspect
a9805aca179a3325426746db5a0ebbed792cc1da74f110200466012d0398800f,2022-11,Wiltshire Police,Wiltshire Police,-2.195168,51.320942,On or near Lark Down,E01032100,Wiltshire 032B,Further investigation is not in the public interest
7ce96ee56184600236982ad8af753811dc6fcd967cee353be20ff277104ff827,2022-11,Wiltshire Police,Wiltshire Police,-1.774360,51.196657,On or near Philip Road,E01031996,Wiltshire 046B,Unable to prosecute suspect
5b1f3303070f05a613d8d81c978e84c6c756195fbaac8e4fd78134765b348c94,2022-11,Wiltshire Police,Wiltshire Police,-2.239439,51.340363,On or near Southville Road,E01032048,Wiltshire 027D,Unable to prosecute suspect
25ffc00ee54631f07561b8a733926fd2185457ba29ab0a1aab43f03eca92630f,2022-11,Wiltshire Police,Wiltshire Police,-1.777519,51.032788,On or near ,E01032000,Wiltshire 057A,Investigation complete; no suspect identified
a14bd95e7f652faa87cbbdce02e1c061d9f1053c6d8aa67e5535dfed3fd22609,2022-11,Wiltshire Police,Wiltshire Police,-1.743718,51.560091,On or near Shoscombe Green,E01015537,Swindon 020A,Unable to prosecute suspect
9be47734ab70acacbff6efc776f81c5bf489df08cc9898dfada77bf686af7e29,2022-11,Wiltshire Police,Wiltshire Police,-1.783686,51.579287,On or near Pinehurst Road,E01015508,Swindon 010A,Investigation complete; no suspect identified
51d986755d9c920b38c7118f09c192e8eccaf674b5a275d6356776e41fbd9630,2022-11,Wiltshire Police,Wiltshire Police,-1.820856,51.554596,On or near Ely Close,E01015570,Swindon 022E,Investigation complete; no suspect identified
cc7573584e3a0c3ee9b2f3f3041b8605b43e1615600529ecd37330aa67b405fd,2022-11,Wiltshire Police,Wiltshire Police,-1.902832,51.544317,On or near Coxstalls,E01031963,Wiltshire 006A,Unable to prosecute suspect
c637f72e1d4b3a8ec196732c03a3b78129f28a7deb454c1e5acfe356e85d5166,2022-11,Wiltshire Police,Wiltshire Police,-1.809158,51.073393,On or near Shapland Close,E01032003,Wiltshire 055C,Unable to prosecute suspect
e85a9a1de13298d5e2bdef37917ba5c060cec44ea5a0eff1f9491df9848bba2b,2022-11,Wiltshire Police,Wiltshire Police,-1.797667,51.083571,On or near ,E01032019,Wiltshire 053B,Unable to prosecute suspect
2c14d922932302785977b9918e5fa70ea5757a109b4bf36eb18d217864c900bf,2022-11,Wiltshire Police,Wiltshire Police,-1.797667,51.083571,On or near ,E01032019,Wiltshire 053B,Unable to prosecute suspect
a6318257e51df825f059fd8d1f8e543730e63c6f50af5c5cead3a2435111a0ca,2022-11,Wiltshire Police,Wiltshire Police,-2.096546,51.446417,On or near Sherington Mead,E01031922,Wiltshire 014C,Unable to prosecute suspect
26c514eaab9af1e1801ce97691e3054130d3004fc25531318f4ac060b8fa22c1,2022-11,Wiltshire Police,Wiltshire Police,-1.751531,51.194452,On or near Dorset Close,E01031989,Wiltshire 046A,Offender given a caution
dd766c4631d22666dd657482dc8c433309651b0286a941ad64a23e02ad8da949,2022-11,Wiltshire Police,Wiltshire Police,-2.135786,51.465872,On or near Bristol Road,E01031919,Wiltshire 009E,Unable to prosecute suspect
c50f917f78fa415ffaffaad0553f14c4006d48f00b125743d7f226f199afcebe,2022-11,Wiltshire Police,Wiltshire Police,-1.710647,51.629616,On or near Blandford Alley,E01015520,Swindon 001B,Investigation complete; no suspect identified
630eb022075f98755cadddcbbfbba631f7d13f06a29bfaaddbb21020ed9d45aa,2022-11,Wiltshire Police,Wiltshire Police,-1.800594,51.557369,On or near Newburn Crescent,E01015478,Swindon 021A,Unable to prosecute suspect
0c8a327ce8ffc7358a23dace3da152c1ad82959fca214d20be6d409ecb7e5729,2022-11,Wiltshire Police,Wiltshire Police,-2.140587,51.374701,On or near ,E01032062,Wiltshire 022A,Unable to prosecute suspect
3230e8bb609b7a705d8f68951dafbe3dc726033858417240e9adfa7d09aa5550,2022-11,Wiltshire Police,Wiltshire Police,-1.789755,51.577419,On or near Tedder Close,E01015580,Swindon 007D,Unable to prosecute suspect
0644c459597e12dc7bbd6f946966dbdafc20a1765e4defcaeb76a34e8f395664,2022-11,Wiltshire Police,Wiltshire Police,-2.178972,51.329654,On or near Centenary Close,E01032080,Wiltshire 030D,Offender given a caution
faccaf8344e98ae5368b97af7a2142f284a1e7305ec39c2c453438e364bfc585,2022-11,Wiltshire Police,Wiltshire Police,-1.713694,51.632114,On or near The Archers,E01015519,Swindon 001A,Suspect charged
67157d0c516d3fc4e2511224f64cbf6576db7c73d46c19f47b3e03aa231f3503,2022-11,Wiltshire Police,Wiltshire Police,-1.999894,51.432583,On or near Thomas Court,E01031903,Wiltshire 016D,Unable to prosecute suspect
7338d68e3da0f77c5d384d668bdf664e0b4a047e2372b7e20bdc7754857e35eb,2022-11,Wiltshire Police,Wiltshire Police,-2.146281,51.376150,On or near ,E01032062,Wiltshire 022A,Unable to prosecute suspect
2c7cea4454556552ec07f9e52a952984b90ba4a37a5bc36e56c061cd414356c9,2022-11,Wiltshire Police,Wiltshire Police,-1.813884,51.601970,On or near Wade Road,E01032711,Swindon 027D,Unable to prosecute suspect
7919d6b2dc9adff8d3e9fc0459fc111920d457587bffa28d629401d984f00e92,2022-11,Wiltshire Police,Wiltshire Police,-1.779281,51.576995,On or near May Close,E01015509,Swindon 010B,Unable to prosecute suspect
fae9904e618bd7c811f4a87142973ae9a0bb604f0c2b4ab708547746167ed609,2022-11,Wiltshire Police,Wiltshire Police,-1.729853,51.548272,On or near Grundys,E01015488,Swindon 023B,Unable to prosecute suspect
d3f95aa3f44a8a9c33dbba5cf3bf783e7f67b797c76d96a9692e19a969a28fdc,2022-11,Wiltshire Police,Wiltshire Police,-1.781008,51.092308,On or near Hensler Drive,E01031984,Wiltshire 051A,Unable to prosecute suspect
6659e85dc13a002bda4e174671427af3d6d8a469b41c44d1ca0f67b98d1b4ab3,2022-11,Wiltshire Police,Wiltshire Police,-2.211694,51.322990,On or near ,E01032086,Wiltshire 031B,Investigation complete; no suspect identified
f4b11f0dbd848948cb9df0170a07c45dabe5c53b3dbcf61a14b1f39bb48249c0,2022-11,Wiltshire Police,Wiltshire Police,-1.834598,51.567582,On or near Angus Close,E01015564,Swindon 014B,Unable to prosecute suspect
2df52ce395307d3aacf3f581273226ea59d9d37d9b3d5318f26f05a838601e2a,2022-11,Wiltshire Police,Wiltshire Police,-1.727519,51.562347,On or near Gilling Way,E01015482,Swindon 013B,Unable to prosecute suspect
4873011e8358c08536277665602dcbb0057b0ac16bbcf19281bf52f18a7c63d1,2022-11,Wiltshire Police,Wiltshire Police,-2.206290,51.317911,On or near ,E01032101,Wiltshire 032C,Investigation complete; no suspect identified
c0dfdfd87a43977aa2de7c7fadc12aec8ac97dbde0c2b709f23d505bdc464da7,2022-11,Wiltshire Police,Wiltshire Police,-2.203675,51.249110,On or near Ludborne Place,E01032694,Wiltshire 040G,Unable to prosecute suspect
1dd6c84ab934f61ee1a731258983ea3f796669d15d7b0e007f0e25c378b8503e,2022-11,Wiltshire Police,Wiltshire Police,-2.127466,51.383312,On or near Bowden Crescent,E01032064,Wiltshire 020B,Unable to prosecute suspect
820b46f703df96c9f8d4c47acef2e2482b41046d220c4528b4f194382ab152b9,2022-11,Wiltshire Police,Wiltshire Police,-1.775544,51.559293,On or near ,E01015493,Swindon 017B,Suspect charged
fac4f0a3d901f7257e070f10187b85eba53b743384217709fb5208f9260c99c8,2022-11,Wiltshire Police,Wiltshire Police,-1.810567,51.597622,On or near Mazurek Way,E01032710,Swindon 028E,Unable to prosecute suspect
2779d69c0f3b4ce49350211f7238c546893238b47539fc4572b176be61bf522a,2022-11,Wiltshire Police,Wiltshire Police,-1.802618,51.084199,On or near Chatham Close,E01032019,Wiltshire 053B,Unable to prosecute suspect
32275523b1dcb1baa6ab72fc652185165f2397dac26a847032c5e2029b1578f4,2022-11,Wiltshire Police,Wiltshire Police,-1.797667,51.083571,On or near ,E01032019,Wiltshire 053B,Unable to prosecute suspect
6a1506e7c1269d54556e909d3235f6c4bbaa6dd828141a62445067ffb5939fb5,2022-11,Wiltshire Police,Wiltshire Police,-1.796627,51.589776,On or near Emmanuel Close,E01015514,Swindon 004B,Unable to prosecute suspect
b558b1b2c1ca86d0567ce6c03d23b99ebb7a7ee83ab0108ec3d06aee5d0e3038,2022-11,Wiltshire Police,Wiltshire Police,-2.126422,51.463266,On or near Oak Lodge Close,E01031910,Wiltshire 009B,Investigation complete; no suspect identified
3e4babdccdebb721a61d6f80a397e13bf1855feeb3833c6be6ac10e48108a0e7,2022-11,Wiltshire Police,Wiltshire Police,-1.768782,51.164428,On or near Redworth Walk,E01031977,Wiltshire 048D,Unable to prosecute suspect
7c61a39136aaf609bcd02f951b24cf81c36a19eb0d57f362bdbd3db43f361b9e,2022-11,Wiltshire Police,Wiltshire Police,-1.718986,50.985006,On or near Mitchells Close,E01031994,Wiltshire 062D,Investigation complete; no suspect identified
8282387da6b37d2526caa5478980ac088a034e788d98692ec73963ee3c18ec7f,2022-11,Wiltshire Police,Wiltshire Police,-2.137841,51.459711,On or near ,E01031908,Wiltshire 010C,Further investigation is not in the public interest
d5bbf76b655342f45e85b9d41625ae383f86b4683fbc650088120ab8359e282c,2022-11,Wiltshire Police,Wiltshire Police,-2.177070,51.391043,On or near Folly Lane,E01032044,Wiltshire 021B,Investigation complete; no suspect identified
8193da518443fe9fbd6096e9e0f7c7e97ec7481cf93d109831856451554e439e,2022-11,Wiltshire Police,Wiltshire Police,-1.759022,50.994660,On or near ,E01031995,Wiltshire 062E,Investigation complete; no suspect identified
637d0a6c5060cae2c4b5ec7853cf75d60e2e6f7b915251b597c23f7b11973192,2022-11,Wiltshire Police,Wiltshire Police,-1.835977,51.565345,On or near Shetland Close,E01015566,Swindon 011D,Investigation complete; no suspect identified
d130019b086adceaeb757ab50023607d29cac9d17b86e42072e72f895ac1b33e,2022-11,Wiltshire Police,Wiltshire Police,-2.162847,51.509419,On or near ,E01031940,Wiltshire 008B,Investigation complete; no suspect identified
cd10f2c6ef181fa7055342a7af7907a19c2a9b6ce9ae4fc079e75aaff8ae2f81,2022-11,Wiltshire Police,Wiltshire Police,-2.008009,51.444758,On or near North Cote,E01032691,Wiltshire 015G,Investigation complete; no suspect identified
3ac96913a8a37ff4e1fa953535314ec005173a548c8cdc6cbf7524016830e80d,2022-11,Wiltshire Police,Wiltshire Police,-2.207454,51.311929,On or near Studley Rise,E01032094,Wiltshire 035C,Investigation complete; no suspect identified
51ee3d2337e00094c407c88e82a1c18020ff1873354462ba709683328905d9c7,2022-11,Wiltshire Police,Wiltshire Police,-1.779351,51.565360,On or near Manchester Road,E01015480,Swindon 015D,Investigation complete; no suspect identified
cdae3ae5ea987c58fcf1c1fa43f31d330eb812f696658c7763e70c1cd215d821,2022-11,Wiltshire Police,Wiltshire Police,-1.840657,51.551082,On or near Winstanley Close,E01015500,Swindon 018B,Investigation complete; no suspect identified
55a08cde577b302778187cfeff928d88ee7aa566ba4795146e6d954188279836,2022-11,Wiltshire Police,Wiltshire Police,-1.767503,51.597230,On or near ,E01015556,Swindon 005B,Investigation complete; no suspect identified
ca2d939d18f39ebd8cbd588ebe7b4cf1329c3ea74710c6a522093ad512528b34,2022-11,Wiltshire Police,Wiltshire Police,-1.781798,51.088299,On or near Manning Close,E01031985,Wiltshire 051B,Investigation complete; no suspect identified
9c74bf9f1b7c24dfd429e5d4a20a56a1f026ad85c3c4cccd3c58624f830a22c9,2022-11,Wiltshire Police,Wiltshire Police,-2.197127,51.265738,On or near ,E01032118,Wiltshire 040D,Investigation complete; no suspect identified
74e8fe0e76b1b6508bf2e1a8175005752a24f85b4c0f396c6ef11a7f7310f884,2022-11,Wiltshire Police,Wiltshire Police,-2.044804,51.316052,On or near Mill Head,E01031848,Wiltshire 028C,Investigation complete; no suspect identified
5ec1b1888ccc19ce843a2e11cfef1cfb1046a6d5316e6d116a47be94ef3a39d2,2022-11,Wiltshire Police,Wiltshire Police,-2.209886,51.322967,On or near ,E01032086,Wiltshire 031B,Suspect charged
6731e605e77d3f55d9ded529cd2dd5bc214b4d26e115fb472c323aa240332017,2022-11,Wiltshire Police,Wiltshire Police,-2.137841,51.459711,On or near ,E01031908,Wiltshire 010C,Investigation complete; no suspect identified
fc87e845fa0c83843a6e1607672090ca3c619cece9d497a466b1b4d3dda6724f,2022-11,Wiltshire Police,Wiltshire Police,-1.780408,51.083261,On or near Neville Close,E01031986,Wiltshire 051C,Investigation complete; no suspect identified
5bea59c669b7218e740a926a00cccc0f36e6b7fa7c346b240fd3e06eae8e161e,2022-11,Wiltshire Police,Wiltshire Police,-1.767503,51.597230,On or near ,E01015556,Swindon 005B,Investigation complete; no suspect identified
fddbad1cf212de9c8d6f0a6762c1c06112f5b9ec517f96be4decf136b733215c,2022-11,Wiltshire Police,Wiltshire Police,-2.200770,51.204003,On or near Pampas Court,E01032112,Wiltshire 043C,Investigation complete; no suspect identified
bc342918b31ef473cfbbae2be37718057d12d09f12eece86279bc33de65be302,2022-11,Wiltshire Police,Wiltshire Police,-1.994336,51.353340,On or near ,E01031854,Wiltshire 026B,Investigation complete; no suspect identified
2e10d740c5d848ca302ddb064f526d484a71f6c894969361859138e13e476641,2022-11,Wiltshire Police,Wiltshire Police,-1.754057,51.550079,On or near Crosswood Road,E01015542,Swindon 020E,Investigation complete; no suspect identified
84647e822224f6ace0a392a440d6315737b93cba060e5dc83d4e4d4f1d8a8715,2022-11,Wiltshire Police,Wiltshire Police,-2.129598,51.278412,On or near Bonnie Park,E01032056,Wiltshire 039D,Investigation complete; no suspect identified
68fb7f04cad127388311d5eccd0e35724084d4216761b654eafd2ab7cc02a747,2022-11,Wiltshire Police,Wiltshire Police,-1.752783,51.561612,On or near Courtenay Road,E01015572,Swindon 016B,Suspect charged
87a0c2ee2330f403bf8ef4650133ba475743f975f272121504c997a0f97482a7,2022-11,Wiltshire Police,Wiltshire Police,-1.752783,51.561612,On or near Courtenay Road,E01015572,Swindon 016B,Suspect charged
650ad0a6c124a6b5fcfc214419f5109d37981e73f14a7d650cb5a0245bd18549,2022-11,Wiltshire Police,Wiltshire Police,-2.002574,51.282260,On or near Cheverell Road,E01031858,Wiltshire 034C,Investigation complete; no suspect identified
cbfdb1ebd57386c0ee5258a09dc57195a95fe0a5028a0d5c88b66d8a899f9c3f,2022-11,Wiltshire Police,Wiltshire Police,-1.752783,51.561612,On or near Courtenay Road,E01015572,Swindon 016B,Suspect charged
5b4562148dfdb13a23e31bce7a5fd8a9820898ec769a6a2f8d13538e1f8cc1b7,2022-11,Wiltshire Police,Wiltshire Police,-1.794190,51.069150,On or near Queen Street,E01032022,Wiltshire 058C,Investigation complete; no suspect identified
9f72ec469c8542283568dc5939e385f69b76faa51c391b9958a03b6b098f6e5e,2022-11,Wiltshire Police,Wiltshire Police,-1.775575,51.549933,On or near Station Approach,E01015534,Swindon 024B,Investigation complete; no suspect identified
81e00142f8f83d594ef99f463ea0bb4e95cbc233bfad4db2bcd55af011db78c9,2022-11,Wiltshire Police,Wiltshire Police,-1.831090,51.552516,On or near Cowdrey Close,E01015569,Swindon 022D,Investigation complete; no suspect identified
ee0d20efe8bc9ca6b9a74d4f2ac540c4f9ad528ec1283271ae3515f0215bc23e,2022-11,Wiltshire Police,Wiltshire Police,-1.802735,51.585947,On or near Arun Road,E01015516,Swindon 004D,Unable to prosecute suspect
68cd45fc78d31d347d54fffe376ee3c915229ebb6751ae60d02a225ad03909e1,2022-11,Wiltshire Police,Wiltshire Police,-2.118597,51.459992,On or near Foghamshire,E01031912,Wiltshire 011B,Investigation complete; no suspect identified
72493f5c984aa7a5eee3a5cb31028dd6fb5e6bc4cd2a5c916a6d4170365299c9,2022-11,Wiltshire Police,Wiltshire Police,-2.261912,51.084251,On or near Bristle Grove,E01032035,Wiltshire 050B,Investigation complete; no suspect identified
416acb094112b900c6100f390dad065012d22bd04a0a2fd14269b9be9209137c,2022-11,Wiltshire Police,Wiltshire Police,-1.992297,51.351416,On or near ,E01031856,Wiltshire 026D,Unable to prosecute suspect
f96aba9658265ed05a595ff4f150c76e43c79edb01984a7254f3cac59ed4370a,2022-11,Wiltshire Police,Wiltshire Police,-1.786886,51.561517,On or near Queen Street,E01015476,Swindon 015B,Unable to prosecute suspect
bd1fd0971f9192e2b2e2c6718a33a139c1567770e54f05b4cb1ede20df5aa676,2022-11,Wiltshire Police,Wiltshire Police,-1.754246,51.552561,On or near Knowsley Road,E01015542,Swindon 020E,Unable to prosecute suspect
5b362f3ba6343f51445935b43cf786b0e748a94aaa3761cff191b0fc1586e3a2,2022-11,Wiltshire Police,Wiltshire Police,-1.781431,51.558845,On or near Regent Circus,E01032714,Swindon 019E,Investigation complete; no suspect identified
1160e1374633441d9c4986103a65751f1c4a4abddbafd553c9c64acb10201e19,2022-11,Wiltshire Police,Wiltshire Police,-1.573439,51.283750,On or near Tibb's Meadow,E01031877,Wiltshire 029D,Unable to prosecute suspect
a18c9a2a618288c6dc9235ec6866bdecd8088d55a9ba727dc8c071952c0790a9,2022-11,Wiltshire Police,Wiltshire Police,-1.789823,51.043946,On or near ,E01032000,Wiltshire 057A,Unable to prosecute suspect
bbe019b1ec2d2d5c8645c3df453dd3178f093279a41154095bd57e4c9e3b19f8,2022-11,Wiltshire Police,Wiltshire Police,-1.761845,51.172956,On or near Carpenter Drive,E01031977,Wiltshire 048D,Unable to prosecute suspect
0a8261af66bf9d48156e4e97c8f481550afd6bc20e369ca8aff10658381b4306,2022-11,Wiltshire Police,Wiltshire Police,-1.795554,51.070447,On or near Chipper Lane,E01032014,Wiltshire 056A,Unable to prosecute suspect
d79742ba99c0c1c4013b7cac08c4eb4baed573649a8e6647933eefe783f7b8b0,2022-11,Wiltshire Police,Wiltshire Police,-1.793433,51.200738,On or near Wallace Road,E01031999,Wiltshire 046D,Investigation complete; no suspect identified
68d7c419c85f59cd7288e14b4c853dd8fae920063d183df8b7a3b7a05607c497,2022-11,Wiltshire Police,Wiltshire Police,-1.859336,51.639563,On or near Parsonage Farm,E01031936,Wiltshire 001D,Unable to prosecute suspect
6cda67825f88d592490c1a63ce161f76b2ec6fb4d25ebfd83afa12914ded41ce,2022-11,Wiltshire Police,Wiltshire Police,-1.841679,51.547748,On or near ,E01015503,Swindon 022C,Unable to prosecute suspect
f7e17a63d52d2cf60397fe2cd5f780dbc65b25885af3f82290aa0204bf4437a6,2022-11,Wiltshire Police,Wiltshire Police,-2.114930,51.455392,On or near Fuller Close,E01031917,Wiltshire 011D,Investigation complete; no suspect identified
2f2eb0a167145db1839bdd883a7dfa2adb4456bec34e2725e002cbc897bce68e,2022-11,Wiltshire Police,Wiltshire Police,-1.665367,51.580754,On or near Silver Street,E01028746,Vale of White Horse 016B,Investigation complete; no suspect identified
638ffbb3b334dcd355d22aa3cfaea16389b7444a6a8a1455bcc7f14c371bbb11,2022-11,Wiltshire Police,Wiltshire Police,-1.623875,51.479349,On or near West Street,E01031841,Wiltshire 012A,Investigation complete; no suspect identified
50ded3a57f8f9e6817424225210c8cec1d33858a0bb1dd21b19b256e16dd31c6,2022-11,Wiltshire Police,Wiltshire Police,-1.776111,51.552443,On or near Wood Street,E01015534,Swindon 024B,Investigation complete; no suspect identified
5d375576373c56836ac6f0f9dd3de831fa2d84b02630dd0eecea83a5aaf0c8fb,2022-11,Wiltshire Police,Wiltshire Police,-2.178826,51.203598,On or near Carsons Yard,E01032103,Wiltshire 044A,Unable to prosecute suspect
e1a69fc0f3129f661e1fd9aec754f8c9cf1dfd3c83042887c14d12bbb82d552f,2022-11,Wiltshire Police,Wiltshire Police,-2.135568,51.455514,On or near Lackham Circus,E01031928,Wiltshire 011F,Unable to prosecute suspect
fe9978bc81e4b20814913ee0ab88b7a5bfe929625ae587377ec53d902a554422,2022-11,Wiltshire Police,Wiltshire Police,-1.779630,51.573435,On or near Malvern Road,E01015508,Swindon 010A,Investigation complete; no suspect identified
d9fe2510b2f09c69ac95aa7477bbdfa7bf49c10a0a8e4ba3411f4d98f721cf4d,2022-11,Wiltshire Police,Wiltshire Police,-2.184487,51.433931,On or near High Street,E01031952,Wiltshire 018F,Investigation complete; no suspect identified
663289fe7822410d89cce93009e47be964ca76a20c41f24108a8eba8e1ceb8e2,2022-11,Wiltshire Police,Wiltshire Police,-1.750833,51.419210,On or near Macneice Drive,E01031864,Wiltshire 019D,Unable to prosecute suspect
99a893135eaae02d9261c94467bd0854c75a6302d24c40c7a76c83443f6a69c4,2022-11,Wiltshire Police,Wiltshire Police,-1.795252,51.067893,On or near ,E01032022,Wiltshire 058C,Unable to prosecute suspect
bb1aaed9e037de05f5009166b3f52b29c6e47ea803b68b92cb158a1fb3c65636,2022-11,Wiltshire Police,Wiltshire Police,-1.948387,51.312039,On or near Blackboard Lane,E01031883,Wiltshire 034D,Unable to prosecute suspect
585f86d12fa957def1d05642b57fde049abb10b8b14f7989305d02bb3fcfe0a0,2022-11,Wiltshire Police,Wiltshire Police,-1.820797,51.562419,On or near Frost Close,E01015567,Swindon 014C,Unable to prosecute suspect
ed112b1208817b05fd9d020a915580bb68523863a171028ac5c6ac8e9c8f16f4,2022-11,Wiltshire Police,Wiltshire Police,-1.707720,51.635426,On or near Queens Avenue,E01015519,Swindon 001A,Unable to prosecute suspect
36dcde2c146e113bb8fc48db0dde93e0fbae73d39e5a3addf11a7efb2139856f,2022-11,Wiltshire Police,Wiltshire Police,-1.788272,51.582955,On or near Pinetree Rise,E01015527,Swindon 007C,Action to be taken by another organisation
22aeb39e7ac2f4eedd3f4c2c1e625ced8abb84e6f85ff592fc99726df2eae568,2022-11,Wiltshire Police,Wiltshire Police,-1.751496,51.548859,On or near Trinity Close,E01015541,Swindon 020D,Unable to prosecute suspect
81bf54197d565a97c438e24d51d8e469af408cf781acf2c564c69ef57edaa78b,2022-11,Wiltshire Police,Wiltshire Police,-1.992412,51.351515,On or near Rendells Court,E01031856,Wiltshire 026D,Unable to prosecute suspect
c93fc2518e421477e6e8aac0809684c58bf42996a0d6a3157ecdd886c8fe4922,2022-11,Wiltshire Police,Wiltshire Police,-2.114639,51.465778,On or near Hawthorn Road,E01031915,Wiltshire 009D,Unable to prosecute suspect
578a14a3c9e4c05fa25e34f1143f26c520b283eb176e1e603d2eb90637b11ba5,2022-11,Wiltshire Police,Wiltshire Police,-1.990029,51.349950,On or near Southbroom Road,E01031855,Wiltshire 026C,Further action is not in the public interest
8055c83651714f226e102efab8c8671a051709270f1cb16a556c6c4d03dd6275,2022-11,Wiltshire Police,Wiltshire Police,-1.776541,51.553028,On or near Albert Street,E01032715,Swindon 019F,Unable to prosecute suspect
1503267168cb1a63809c1f25c36ec74a1a6a1fed982385a2ae6caf1da37826b9,2022-11,Wiltshire Police,Wiltshire Police,-2.114639,51.465778,On or near Hawthorn Road,E01031915,Wiltshire 009D,Unable to prosecute suspect
e1bf8ee8763441d51b8d2b0f82774e24bc634a6ebb81b57d6f31c6aa15e63d5a,2022-11,Wiltshire Police,Wiltshire Police,-2.206861,51.320355,On or near Park Road,E01032086,Wiltshire 031B,Investigation complete; no suspect identified
9b97bda52eff6a155c8a9612bc07dd048d514ea9177e48e0e1a568e671e8bdb7,2022-11,Wiltshire Police,Wiltshire Police,-2.216189,51.314467,On or near Waterworks Road,E01032089,Wiltshire 036B,Unable to prosecute suspect
1fe4468c1c23e8755b3facdbeaf32c638064a1d9c4601d33cc31b4b51fb12d44,2022-11,Wiltshire Police,Wiltshire Police,-2.256974,51.349326,On or near Budbury Circle,E01032047,Wiltshire 027C,Unable to prosecute suspect
374a16b7187a748992a3e8c2b970435b59900ac0326de837d63df2478a934918,2022-11,Wiltshire Police,Wiltshire Police,-1.730511,51.194091,On or near Harrington Drive,E01031988,Wiltshire 045B,Investigation complete; no suspect identified
f50f42824857ff43c1082367751904893b472bdd5bd6a9ddc96fad69c8c5fcca,2022-11,Wiltshire Police,Wiltshire Police,-1.730511,51.194091,On or near Harrington Drive,E01031988,Wiltshire 045B,Investigation complete; no suspect identified
22fc5942e91ff1459d7da855985c46386801339777abed5c0ed0916d7518cc2d,2022-11,Wiltshire Police,Wiltshire Police,-1.788355,51.608724,On or near Lady Lane,E01015472,Swindon 028B,Unable to prosecute suspect
05a06922028a1fc11ca54cd08973174dab818b74a791c33764a36f9557746d73,2022-11,Wiltshire Police,Wiltshire Police,-1.816969,51.603270,On or near Greenwood Place,E01032712,Swindon 027E,Investigation complete; no suspect identified
0a5288e2623d73e46181576d47aab936fcdcfa9ad57e66422daf5566b89ddb6c,2022-11,Wiltshire Police,Wiltshire Police,-2.220905,51.313604,On or near Pitman Avenue,E01032098,Wiltshire 033C,Unable to prosecute suspect
9604bd80e035c2ea91a1df31f7592008040ef21e8f157623920c1355fc3e954c,2022-11,Wiltshire Police,Wiltshire Police,-1.826106,51.596459,On or near Markton Close,E01032703,Swindon 026C,Further investigation is not in the public interest
2c0bd42f4cc224920e9f090481afc6b0b3a2527360f57457015cb8b1d1eff8ef,2022-11,Wiltshire Police,Wiltshire Police,-1.821611,51.597828,On or near Braxton Road,E01032704,Swindon 027C,Unable to prosecute suspect
64aaf1dadfd7267962cb6bd4a3751f26f93511300662f20f9edd545b96c8321d,2022-11,Wiltshire Police,Wiltshire Police,-1.998459,51.282917,On or near Wheatsheaf Mews,E01031858,Wiltshire 034C,Unable to prosecute suspect
3ac1c6b18a2c40506c30a6861027c59b8c5acf3db764e3aa6d90deeb9a978354,2022-11,Wiltshire Police,Wiltshire Police,-2.256652,51.438057,On or near Watergates,E01031929,Wiltshire 017D,Unable to prosecute suspect
97eb3f244a01819d4bbfb5b0e92e0b75ebd8cf7097f6199e40c0ff0ce3b0ba45,2022-11,Wiltshire Police,Wiltshire Police,-1.771549,51.564923,On or near ,E01015479,Swindon 017A,Investigation complete; no suspect identified
873458f48bf6007cc3b717382954bc807a4bae827c926fc427acb7d98e3ea422,2022-11,Wiltshire Police,Wiltshire Police,-1.760262,51.166631,On or near Ashley Walk,E01031976,Wiltshire 048C,Investigation complete; no suspect identified
82674f7689373543cfcb667fa17a44a2085e6211a0d2d36f98cb32207faca8bc,2022-11,Wiltshire Police,Wiltshire Police,-1.987561,51.286207,On or near Park Road,E01031858,Wiltshire 034C,Unable to prosecute suspect
4ce791e0fbe70390848dc9bcdd3edd2825db5c0784671817179e9259d4deebfd,2022-11,Wiltshire Police,Wiltshire Police,-1.992727,51.354365,On or near New Park Road,E01031854,Wiltshire 026B,Unable to prosecute suspect
7ceba2c149c662082be8a8a62e45b47981f2d91716d759845ebd31c2549461ad,2022-11,Wiltshire Police,Wiltshire Police,-2.186724,51.432290,On or near ,E01031952,Wiltshire 018F,Unable to prosecute suspect
4f18bebe2c3e46b8c4f88d2d0eb8cb5b863e5ecc85259672f8172f020c2e970c,2022-11,Wiltshire Police,Wiltshire Police,-1.860533,51.640256,On or near Saxon Close,E01031936,Wiltshire 001D,Unable to prosecute suspect
905ac8f94eb10ab89f33d3de19356bd33f0b787cf6adf2b99418fa63e5a2a0c2,2022-11,Wiltshire Police,Wiltshire Police,-1.841238,51.566548,On or near Juliana Close,E01015566,Swindon 011D,Unable to prosecute suspect
8486d56d3797920be29f63804a97783661159d3c47faad204f2222b9af2838f1,2022-11,Wiltshire Police,Wiltshire Police,-2.221173,51.428751,On or near Westwood Road,E01031889,Wiltshire 017B,Unable to prosecute suspect
cf699dd3527f09875009b804be6b397bc60925943c8379c8c8e25d07aaf5a1ed,2022-11,Wiltshire Police,Wiltshire Police,-1.787454,51.563379,On or near Holbrook Way,E01015476,Swindon 015B,Unable to prosecute suspect
fe63b77a137593b055d3aa13ef242dfd43fee4a7f6f901c82aa1142cb2afb46d,2022-11,Wiltshire Police,Wiltshire Police,-2.232163,51.309635,On or near Cavendish Drive,E01032096,Wiltshire 033A,Unable to prosecute suspect
03f39840272830f46c2b80997fa8c4bd2ed16671648840a10b7212097e56839d,2022-11,Wiltshire Police,Wiltshire Police,-1.791577,51.595639,On or near Latton Close,E01015546,Swindon 003D,Unable to prosecute suspect
b173dd0d7ec9d6276142bf215c0544277498e1cbc8632aa9004bea05cfbbf595,2022-11,Wiltshire Police,Wiltshire Police,-2.245892,51.416859,On or near Quarry Hill,E01031890,Wiltshire 017C,Unable to prosecute suspect
4911cae318ed10e331fc5df544bddb581968eb5a9bcf8eb2367c3532f1dbf3bf,2022-11,Wiltshire Police,Wiltshire Police,-1.814559,51.585238,On or near Moredon Park,E01015528,Swindon 006B,Unable to prosecute suspect
3f008f2905dbd418d9c3a86cf75c7cb65fd087bbfff457de0113bc409b381153,2022-11,Wiltshire Police,Wiltshire Police,-1.841963,51.548908,On or near Godolphin Close,E01015503,Swindon 022C,Unable to prosecute suspect
34f089b23de2686195cd135f3216c0126edce606a5b778192c7a5e4cb12ad053,2022-11,Wiltshire Police,Wiltshire Police,-1.797510,51.598895,On or near Gaynor Close,E01015518,Swindon 028D,Investigation complete; no suspect identified
6c27abe80efa32e3153f6ce42a6776e38b67b5163886883a1003769015aeb948,2022-11,Wiltshire Police,Wiltshire Police,-1.992412,51.351515,On or near Rendells Court,E01031856,Wiltshire 026D,Unable to prosecute suspect
649aafad6b34f990e8c13b52a51de2162de87d789d64098e08e531c231c95501,2022-11,Wiltshire Police,Wiltshire Police,-1.794937,51.525835,On or near Hicks Close,E01015584,Swindon 025B,Offender given a caution
948a898233033518b29d0eafecf68d1aabd78fc42b0c12b010d6de58c61e49ae,2022-11,Wiltshire Police,Wiltshire Police,-2.150185,51.339936,On or near ,E01032077,Wiltshire 030A,Unable to prosecute suspect
657146f6fcf6fde9ac22239c973da721632c21c2c0c9826cd18b3b95bb9b420f,2022-11,Wiltshire Police,Wiltshire Police,-1.767296,51.555842,On or near Upham Road,E01015576,Swindon 017D,Investigation complete; no suspect identified
367662545dc863354e6c161c48576e21db13fbc5fad81e6d9185af49c4643977,2022-11,Wiltshire Police,Wiltshire Police,-2.185428,51.257871,On or near ,E01032115,Wiltshire 040A,Investigation complete; no suspect identified
d1588167e742c0b46919b155c96e9c49644164f6d5c68e1ad50e650d9820c465,2022-11,Wiltshire Police,Wiltshire Police,-2.202830,51.320794,On or near ,E01032101,Wiltshire 032C,Unable to prosecute suspect
3ea0a3ec73258403e87ce1c130ffd958b4a1d2a954bb5e4b86d5a0d8301bf697,2022-11,Wiltshire Police,Wiltshire Police,-1.791577,51.595639,On or near Latton Close,E01015546,Swindon 003D,Unable to prosecute suspect
ddb666acf77fce19d00e4fa3a2366a28143b6b28ad84f76fc521f017cedccf66,2022-11,Wiltshire Police,Wiltshire Police,-1.776317,51.063031,On or near ,E01032021,Wiltshire 056D,Unable to prosecute suspect
9b4b8e3884ce7e71e669a73bbafc6787315d75d701cef7ffedd461c1915a8158,2022-11,Wiltshire Police,Wiltshire Police,-2.203231,52.513724,On or near The Close,E01029645,South Staffordshire 013A,Unable to prosecute suspect
b1006b1211c5d6c0fbe51953faf14ebfa2f6c0d9ab9ef7d80f77398cacd58e3e,2022-11,Wiltshire Police,Wiltshire Police,-1.798637,51.582461,On or near ,E01015529,Swindon 006C,Investigation complete; no suspect identified
6b940dc4cc993a01b4fd4e6b68d4eeb2abf0e29bae5b546c34d6fcebebf8d7cc,2022-11,Wiltshire Police,Wiltshire Police,-1.783422,51.561915,On or near College Street,E01032714,Swindon 019E,Investigation complete; no suspect identified
1c5ed2f4ba7b79002b8ce86ee414556191903a22c9f594545e39af2b9a2ec285,2022-11,Wiltshire Police,Wiltshire Police,-1.719055,51.580463,On or near ,E01015473,Swindon 008A,Unable to prosecute suspect
cfc8817596c599a91930d8127ecc934ed2c2c18759d01cdfe0a3c650a38fca46,2022-11,Wiltshire Police,Wiltshire Police,-2.134580,51.369241,On or near Warwick Crescent,E01032068,Wiltshire 022D,Action to be taken by another organisation
95f077c1f18dce2c08d196fff03e70910262dd9e1054a873e9c703328561f1be,2022-11,Wiltshire Police,Wiltshire Police,-1.926552,51.085197,On or near Dairy Road,E01032004,Wiltshire 054B,Unable to prosecute suspect
861161645d6b22c3b14e1fb5f22cc2dd4d75b4881e37da9496d003ea79f76517,2022-11,Wiltshire Police,Wiltshire Police,-2.211783,51.323575,On or near Manley Close,E01032086,Wiltshire 031B,Unable to prosecute suspect
0a388897163a06796270170226886c46f7d6b5eeb9e438c4778278ac97257260,2022-11,Wiltshire Police,Wiltshire Police,-1.729853,51.548272,On or near Grundys,E01015488,Swindon 023B,Suspect charged
6726c17a44635968de8639a5b59d9f813c79ba4805959a3863eb4b26ef6fbbf0,2022-11,Wiltshire Police,Wiltshire Police,-1.795361,51.543819,On or near Trecastle Road,E01015536,Swindon 024D,Unable to prosecute suspect
dcd5c734479ce6438e4e43565532d5797c354adb86c9fcaa15d3dc047448ea62,2022-11,Wiltshire Police,Wiltshire Police,-1.786886,51.561517,On or near Queen Street,E01015476,Swindon 015B,Unable to prosecute suspect
9bd2acc5c61745e33a19750992af3a0f44137d12b2244ec1c4b71302b7a2b1bb,2022-11,Wiltshire Police,Wiltshire Police,-2.211783,51.323575,On or near Manley Close,E01032086,Wiltshire 031B,Unable to prosecute suspect
d120956e4eae36f8698a148481454f50b8e89a84eaa44444bc63104c3329d52a,2022-11,Wiltshire Police,Wiltshire Police,-1.750954,50.992992,On or near The Borough,E01031995,Wiltshire 062E,Unable to prosecute suspect
716d0196abde73e19180d86190472a2f390b8c4fd0745b585223b343d6245fe2,2022-11,Wiltshire Police,Wiltshire Police,-1.782030,51.596511,On or near Staverton Way,E01015545,Swindon 003C,Unable to prosecute suspect
4513e72b6278694d9fdc4805863b09b63d4f5d90aad0325fdb1c7e0ffe3c0780,2022-11,Wiltshire Police,Wiltshire Police,-2.189866,51.326328,On or near Halfway Close,E01032099,Wiltshire 032A,Unable to prosecute suspect
c311e3a871c22bc3acfcc8540b3a10276787f07cde8ee8d563e29131d2d1156f,2022-11,Wiltshire Police,Wiltshire Police,-2.003462,51.445459,On or near Baydon Grove,E01031898,Wiltshire 015D,Unable to prosecute suspect
bf9efe547bba102764a3b62942f9f5f28814cfe47989f2296914796a50e0bb6a,2022-11,Wiltshire Police,Wiltshire Police,-2.195483,51.260031,On or near Willow Grove,E01032118,Wiltshire 040D,Unable to prosecute suspect
2ef02295be728bb9579154f69012e3c4fd98d0903808bf959e86a72e85e90388,2022-11,Wiltshire Police,Wiltshire Police,-1.782030,51.596511,On or near Staverton Way,E01015545,Swindon 003C,Unable to prosecute suspect
541c615fe83a8ff215242df61c69fdce7a9b5e6a96fcc6aef2feef1f3c2fd924,2022-11,Wiltshire Police,Wiltshire Police,-2.165483,51.202709,On or near Downs View,E01032105,Wiltshire 042B,Unable to prosecute suspect
385aa562f17af86b4a70377ede8beb32b8bab8956e04f87e3e21ad75dc24583d,2022-11,Wiltshire Police,Wiltshire Police,-1.784788,51.562772,On or near ,E01015476,Swindon 015B,Unable to prosecute suspect
0435c17990a295b4b61b074e085b9f695ce4dde5ce39f73ca43476f287551938,2022-11,Wiltshire Police,Wiltshire Police,-1.926552,51.085197,On or near Dairy Road,E01032004,Wiltshire 054B,Unable to prosecute suspect
413bf5361ad812880e6186f678d2791f1d1ab937b789aa5a0a391be02d530651,2022-11,Wiltshire Police,Wiltshire Police,-1.727698,51.549256,On or near Buttermere,E01015488,Swindon 023B,Unable to prosecute suspect
c61721f8112233614d8e411b140f66d9e898bf25c4016cb3f2caa7c4c9e9f309,2022-11,Wiltshire Police,Wiltshire Police,-1.667380,51.240768,On or near Chandlers Court,E01031879,Wiltshire 041D,Suspect charged as part of another case
7aa22889250f85c1d5f2a5b31e80bd588e2ead25f5b89974d4419abf3910317a,2022-11,Wiltshire Police,Wiltshire Police,-2.094880,51.579196,On or near Barley Close,E01031959,Wiltshire 005C,Action to be taken by another organisation
42d8db2d318476f3ece589ec2be3b41ad534705ef2f80091283ab05b54d2a2bd,2022-11,Wiltshire Police,Wiltshire Police,-1.822268,51.555084,On or near Affleck Close,E01015570,Swindon 022E,Investigation complete; no suspect identified
868b15a43849091fbdd3cec18b4bb363abb1c0504f8bc6329dac436bd56e7b12,2022-11,Wiltshire Police,Wiltshire Police,-1.760860,51.559138,On or near Dudley Road,E01015573,Swindon 016C,Unable to prosecute suspect
53de46962557fef3c4aee57c5848376226a99ba6b5e82b0bcecb0e17f8eb8040,2022-11,Wiltshire Police,Wiltshire Police,-1.825699,51.081547,On or near Gainsborough Close,E01031983,Wiltshire 052D,Unable to prosecute suspect
e3e102e22cd4b0323946bd90f8dcd97d0f99de6aa04b5b7cc927d4384afc3fab,2022-11,Wiltshire Police,Wiltshire Police,-1.617905,51.257522,On or near Recreation Road,E01031859,Wiltshire 041A,Unable to prosecute suspect
b64dd0e34cadcf72141fa90e0c3b9568aa5791f0a1f95b2c8cdbe3f20fc01de5,2022-11,Wiltshire Police,Wiltshire Police,-1.760425,51.551378,On or near Highclere Avenue,E01015534,Swindon 024B,Unable to prosecute suspect
0109f634e37802b85c353fd278615762627c30842f792a37b1e9483114c3d7eb,2022-11,Wiltshire Police,Wiltshire Police,-1.624554,51.252310,On or near Drovers View,E01031878,Wiltshire 041C,Unable to prosecute suspect
ba016205cf784da6edf088ae76607cbef268d778c6d94b95a18169c314f3a40c,2022-11,Wiltshire Police,Wiltshire Police,-1.773204,51.172610,On or near Antrobus Road,E01031974,Wiltshire 048A,Unable to prosecute suspect
2ba87f5196ddefd7f01c6aa050a247df04c3ce347be4b2443c9e51ebd11c2794,2022-11,Wiltshire Police,Wiltshire Police,-1.779385,51.561350,On or near ,E01032714,Swindon 019E,Unable to prosecute suspect
21469cfa50048d1203a65fe8f05d615faa9b7af98619c18ae496737f42c9752a,2022-11,Wiltshire Police,Wiltshire Police,-1.715275,51.633440,On or near Newburgh Place,E01015519,Swindon 001A,Unable to prosecute suspect
c3956aa9e8e3ecc5c5a929c510e6d7efc0b5901a4601cb8b6c087e6c68bf5df0,2022-11,Wiltshire Police,Wiltshire Police,-1.776317,51.073029,On or near William Close,E01032011,Wiltshire 057B,Unable to prosecute suspect
fc7300d80608f4b8429e602e297f07b549bb95a43dd8d6cdfd128038fb5d481b,2022-11,Wiltshire Police,Wiltshire Police,-2.202285,51.428200,On or near Cowslip Bank,E01031953,Wiltshire 018G,Unable to prosecute suspect
41d7d9efcc00b807fa1892c513b0dd87180a433760cbb6aaa5ebc19e0e7a6a80,2022-11,Wiltshire Police,Wiltshire Police,-1.760425,51.551378,On or near Highclere Avenue,E01015534,Swindon 024B,Unable to prosecute suspect
986ef33f4b5dedcbf00d1aa8d8451d72d0c39b7ba73e9a19cfa7d1ae816b9c7c,2022-11,Wiltshire Police,Wiltshire Police,-1.624554,51.252310,On or near Drovers View,E01031878,Wiltshire 041C,Unable to prosecute suspect
caba9157026343409c24bd0bef179a6689205b66a7d11e689e3e8dc9bae99c17,2022-11,Wiltshire Police,Wiltshire Police,-1.832488,51.556807,On or near Hexham Close,E01015569,Swindon 022D,Unable to prosecute suspect
0c6d881b4a14d47c1560be030f64fb0a5e59305eddb29953068a8460db1a09ba,2022-11,Wiltshire Police,Wiltshire Police,-1.792365,51.543130,On or near Stonehenge Road,E01015536,Swindon 024D,Unable to prosecute suspect
3f764baceaae38e3bbc683a4a292092b623a8fc8c9b92da22bb2358043dc13e2,2022-11,Wiltshire Police,Wiltshire Police,-2.208256,51.321126,On or near Fore Street,E01032086,Wiltshire 031B,Unable to prosecute suspect
8e4a4bd2c7cf6d09f5d3921fd630bad3a35da5cf16ca48dbddae0221a11a0cb5,2022-11,Wiltshire Police,Wiltshire Police,-2.247338,51.228956,On or near Southcroft Drive,E01032051,Wiltshire 047A,Unable to prosecute suspect
b3fd9afeb398012abffec7a183964e2f3cd8c21b94a1c6f8b483c2e58056ed7f,2022-11,Wiltshire Police,Wiltshire Police,-1.783891,51.596847,On or near Aldbourne Close,E01015545,Swindon 003C,Unable to prosecute suspect
3756336fa9bf6a045315bbddf2f30797555506e8e04ef96628e1a7edec3b87c5,2022-11,Wiltshire Police,Wiltshire Police,-1.754870,51.107201,On or near Tanners Close,E01032034,Wiltshire 049D,Unable to prosecute suspect
f0629383a7674b9985676c049f9984a17d83f59b2dfbd338959f647a1fcaabee,2022-11,Wiltshire Police,Wiltshire Police,-1.948407,51.230898,On or near ,E01032696,Wiltshire 045F,Unable to prosecute suspect
804f00d64caac2cc8efa8690160fb5ca94aacd2818d15811c1786758e5c48c88,2022-11,Wiltshire Police,Wiltshire Police,-1.789406,51.066696,On or near Payne's Hill,E01032023,Wiltshire 059D,Unable to prosecute suspect
fb64bf2408183696563c20fbdd96a26bef151153139e87d0e6f35c1ae4499c6d,2022-11,Wiltshire Police,Wiltshire Police,-1.894747,51.548329,On or near Swinburne Place,E01031965,Wiltshire 007F,Unable to prosecute suspect
b737056b6f093095bbcfc3033e1797c0ae2ad98d586356dcd237c92f5bf5a3d4,2022-11,Wiltshire Police,Wiltshire Police,-1.770598,51.558798,On or near Norton Grove,E01015574,Swindon 017C,Unable to prosecute suspect
91ca8d1ccf2379b2d6e32e11fcb14ee16280c1cb7d7e3d55ce7d1e4ab53e6e7a,2022-11,Wiltshire Police,Wiltshire Police,-2.121783,51.526301,On or near Seagry Road,E01031951,Wiltshire 008D,Formal action is not in the public interest
fe6c73337774b27100ee332d56c899d7e5233046a8e8f34a30e2c85930aa8c06,2022-11,Wiltshire Police,Wiltshire Police,-1.789406,51.066696,On or near Payne's Hill,E01032023,Wiltshire 059D,Unable to prosecute suspect
5901ad677f27e1dd0db5b7ac52eac56444980d632d918440cbcb8e029291f8b5,2022-11,Wiltshire Police,Wiltshire Police,-2.210875,51.322821,On or near ,E01032086,Wiltshire 031B,Unable to prosecute suspect
0825612de0601dce4d2bfc3007818fd8fccdf344042f93a5d9b78228d862c3df,2022-11,Wiltshire Police,Wiltshire Police,-1.797687,51.075523,On or near Nelson Road,E01032020,Wiltshire 053C,Unable to prosecute suspect
1367be70d2b61fe4055e7763708d43b06e58f1a2b78dfc0b25942cbfffa9a60e,2022-11,Wiltshire Police,Wiltshire Police,-1.661462,51.225294,On or near Alamein Close,E01031880,Wiltshire 041E,Unable to prosecute suspect
bc6f96f4c2c0c7f243b5fb0ee5ed53c1cffdf5ab1e82818662246a087701a881,2022-11,Wiltshire Police,Wiltshire Police,-1.658268,51.242882,On or near A3026,E01032697,Wiltshire 041G,Unable to prosecute suspect
83535871220c8b7cb7407e241db3b91c82b899140ac626730ecb45bd6fc4957e,2022-11,Wiltshire Police,Wiltshire Police,-1.780357,51.563312,On or near Volta Road,E01015475,Swindon 015A,Unable to prosecute suspect
f1a3ec12aeb12c62f7f316f28e0ef7c637521567400221974737bc7e88744924,2022-11,Wiltshire Police,Wiltshire Police,-2.113174,51.455331,On or near ,E01031917,Wiltshire 011D,Unable to prosecute suspect
1a5fff1eaaa11b4a3e84ea09f61285de6e6e446fdd2a599e1f22e58d97c470a8,2022-11,Wiltshire Police,Wiltshire Police,-2.138236,51.381025,On or near Riverside Drive,E01032063,Wiltshire 020A,Unable to prosecute suspect
fbdf1ff9bb79f563f2a2251b444e08db5ec36c1a1969cc7b3fdc01c65722361c,2022-11,Wiltshire Police,Wiltshire Police,-1.776707,51.089926,On or near Appleshaw Way,E01031984,Wiltshire 051A,Unable to prosecute suspect
591dd5b8a47bbac5b9734b326bab2454bbada058cfbd86f63fb4deb4e0c2f3ee,2022-11,Wiltshire Police,Wiltshire Police,-1.809217,51.589096,On or near The Brow,E01015516,Swindon 004D,Unable to prosecute suspect
26b543540cff0db7ee3685c30cc569c87fde7155f9c01efd8eaaed8397c5c552,2022-11,Wiltshire Police,Wiltshire Police,-1.791313,51.067733,On or near Gigant Street,E01032022,Wiltshire 058C,Unable to prosecute suspect
428f44953482e611717ef5d95a0c6afff3b70d8a45b38b5142881569ad25f25e,2022-11,Wiltshire Police,Wiltshire Police,-1.723211,51.628109,On or near Cricklade Road,E01015521,Swindon 001C,Investigation complete; no suspect identified
e9bca4c878602fb4b3e69668ec4832976ab72aaf15339b1584d61dd10809526f,2022-11,Wiltshire Police,Wiltshire Police,-1.894747,51.548329,On or near Swinburne Place,E01031965,Wiltshire 007F,Unable to prosecute suspect
c02758d71d06d875756e8fc3a60dad63f31d8bc49eb44d4242027e3c8d7fc8b5,2022-11,Wiltshire Police,Wiltshire Police,-1.784922,51.558852,On or near Granville Street,E01015496,Swindon 019C,Investigation complete; no suspect identified
357242b70ab4ffcb5414f4901b95a3c0317ddfbade5da4005b1682763c05a7f8,2022-11,Wiltshire Police,Wiltshire Police,-1.757873,51.553944,On or near Caxton Close,E01015540,Swindon 020C,Unable to prosecute suspect
f44754fbc28da271801764b4810b24514cba1c7188eea261559c11f98bf8bed5,2022-11,Wiltshire Police,Wiltshire Police,-1.782030,51.596511,On or near Staverton Way,E01015545,Swindon 003C,Unable to prosecute suspect
8792bde25e98f8732e3e74166161c7fd906e7c85bfe9be7dfcc0a1eda2b1e38b,2022-11,Wiltshire Police,Wiltshire Police,-2.208256,51.321126,On or near Fore Street,E01032086,Wiltshire 031B,Unable to prosecute suspect
dddb3348391753956f8e24a431d2812ce84c8c67642c52f539716009918f7afb,2022-11,Wiltshire Police,Wiltshire Police,-1.770754,51.176328,On or near ,E01031974,Wiltshire 048A,Investigation complete; no suspect identified
1439e46d6dbbb53b358ba8ef2d4b284c3daa83487dffe667c7e078e4d32fe01d,2022-11,Wiltshire Police,Wiltshire Police,-1.773405,51.562966,On or near Gambia Street,E01015475,Swindon 015A,Unable to prosecute suspect
fa16d9637c88cbc4f26909c736d97b7bd67dc7dbaa6fefff77cc42ad4ed7b65f,2022-11,Wiltshire Police,Wiltshire Police,-1.899084,51.537363,On or near Daisy Brook,E01031967,Wiltshire 006C,Unable to prosecute suspect
f217eb836000450a06b1f40aec2967f9b0d9a4ebfb7918cb0aab8d25b479ae13,2022-11,Wiltshire Police,Wiltshire Police,-2.108375,51.464813,On or near Cowleaze,E01031918,Wiltshire 011E,Unable to prosecute suspect
5b8aa11d88793832954d12b90a4fa0feb1b731d57886118acd46e28a7b4a95a7,2022-11,Wiltshire Police,Wiltshire Police,-2.208256,51.321126,On or near Fore Street,E01032086,Wiltshire 031B,Investigation complete; no suspect identified
99da1125931ee6abb31b9eecf000d72d06df5d870e50300efb3be5949e36fac0,2022-11,Wiltshire Police,Wiltshire Police,-1.790333,51.066724,On or near Barnard Street,E01032023,Wiltshire 059D,Unable to prosecute suspect
d2b820ca473c3a76aec49d431f25d021e4275e879a4c1e3796a9bad0e71fb0df,2022-11,Wiltshire Police,Wiltshire Police,-1.776111,51.552443,On or near Wood Street,E01015534,Swindon 024B,Unable to prosecute suspect
2202a26cd8c84c3ace9e7ccc7093dd799432b3cb7f886a58eef9f3373725a838,2022-11,Wiltshire Police,Wiltshire Police,-1.992412,51.351515,On or near Rendells Court,E01031856,Wiltshire 026D,Unable to prosecute suspect
163b89bb44fbc7e8e39463f93bfbe0943e69afaf97516709fd83e20fc57dcd54,2022-11,Wiltshire Police,Wiltshire Police,-2.208256,51.321126,On or near Fore Street,E01032086,Wiltshire 031B,Unable to prosecute suspect
e70623631b6e79c77d804cb33905c3205e27e998de959f27491e60f24aff7ea2,2022-11,Wiltshire Police,Wiltshire Police,-2.099839,51.590062,On or near Reeds Farm Road,E01031948,Wiltshire 002C,Unable to prosecute suspect
eae7dc743842df63493d0bc2f15b19607687bf578e37effc6ca8639f3a005d7e,2022-11,Wiltshire Police,Wiltshire Police,-1.980896,51.350273,On or near Kingsley Road,E01031851,Wiltshire 025B,Investigation complete; no suspect identified
aaa72c73d64a5a21c622b392f6d0be2f74dd8753d47b69ab865fa0236422d45f,2022-11,Wiltshire Police,Wiltshire Police,-1.991507,51.351020,On or near Sheep Street,E01031856,Wiltshire 026D,Unable to prosecute suspect
ffece2d507f48df5d28d587de87f6daeffdced54b7810b283d3604446d62f74e,2022-11,Wiltshire Police,Wiltshire Police,-1.656454,51.245952,On or near Northeast Drive,E01032698,Wiltshire 041H,Investigation complete; no suspect identified
c633cabc9ec67434848f416daea8e934e1a54307379a0e5a31b7af6cc2a29e6a,2022-11,Wiltshire Police,Wiltshire Police,-1.785866,51.560508,On or near ,E01015494,Swindon 019A,Investigation complete; no suspect identified
4dc60a02f8e6cded848e6fd8874fd8d8d0f1928413e0acc0a4e4a675cbbd7197,2022-11,Wiltshire Police,Wiltshire Police,-1.915499,51.204109,On or near Elston Lane,E01032696,Wiltshire 045F,Action to be taken by another organisation
653dd7b7707f336f202aa5ff6f541f44a9ee2c729206ed674ba0285a941d3992,2022-11,Wiltshire Police,Wiltshire Police,-2.146213,51.498616,On or near Town Close,E01031940,Wiltshire 008B,Unable to prosecute suspect
61831741919feb3f71b81cab3606338a67a99677914b106296050c826d2a500f,2022-11,Wiltshire Police,Wiltshire Police,-2.261861,51.438081,On or near Chapel Path,E01031929,Wiltshire 017D,Unable to prosecute suspect
f1a40f4fb9fc7ecb959c6b325d8e3fded5adee4fe2d184447e30e579498f8763,2022-11,Wiltshire Police,Wiltshire Police,-1.827640,51.602953,On or near Rigel Close,E01032709,Swindon 026E,Unable to prosecute suspect
ac7c15db6c9b93ae0cd1eb78153f075bb8d2ef28d80917401f04b571d1447615,2022-11,Wiltshire Police,Wiltshire Police,-1.838660,51.553013,On or near Leslie Close,E01015500,Swindon 018B,Unable to prosecute suspect
29e32489ab132bdd47e407506cd6ab3f445634e69b8dbdb5a5d7bfb706c32d96,2022-11,Wiltshire Police,Wiltshire Police,-1.800756,51.570510,On or near ,E01015578,Swindon 012B,Suspect charged
538249a3e80fcd43687090111247c54183793da37b4f7c78c0fc5bd0fb0df2b0,2022-11,Wiltshire Police,Wiltshire Police,-1.800756,51.570510,On or near ,E01015578,Swindon 012B,Suspect charged
2db9dbd8f2950c2a095c3c1dcd80a113e9ccf404bd2012c0bf3a9d40698b606a,2022-11,Wiltshire Police,Wiltshire Police,-2.071371,51.569663,On or near The Crescent,E01031894,Wiltshire 004D,Unable to prosecute suspect
fe41a5f58b1b536c42a66750eb964444c1bcb9d7ab6b3e80557c775360b3daf2,2022-11,Wiltshire Police,Wiltshire Police,-2.114930,51.455392,On or near Fuller Close,E01031917,Wiltshire 011D,Unable to prosecute suspect
3cbf4f34c727b3c6a88254541e965d4cd9e3f4f4b40d3ee70d249663c900cb23,2022-11,Wiltshire Police,Wiltshire Police,-1.946353,51.135779,On or near The Wirr,E01032027,Wiltshire 054C,Unable to prosecute suspect
68a1def6a16a73d0313b35e8228b36e5a4e1fa50b3dc01a571dd1ba002f30e75,2022-11,Wiltshire Police,Wiltshire Police,-2.071371,51.569663,On or near The Crescent,E01031894,Wiltshire 004D,Unable to prosecute suspect
05cfdfffffeea29248dbe1aa4bc1ee77fcb4ca325b87dd333844c0d5695394bc,2022-11,Wiltshire Police,Wiltshire Police,-1.811648,51.075348,On or near Jay Rise,E01032003,Wiltshire 055C,Unable to prosecute suspect
2061cc191358b4b31bd316c1c8e61639d42536ccbef3a15bb48146055494828f,2022-11,Wiltshire Police,Wiltshire Police,-1.789929,51.102494,On or near Castle Well Drive,E01032011,Wiltshire 057B,Unable to prosecute suspect
d97dc716f2ae965158000fa6e5ff01f36dbf4afe15f0291a3f3359104fb72fdf,2022-11,Wiltshire Police,Wiltshire Police,-1.637546,50.989674,On or near Stock Lane,E01031973,Wiltshire 062A,Unable to prosecute suspect
eb141750eecdf3cdd55215aa25cf429194c55aa2fcea039fcc0dd43bf481eb7f,2022-11,Wiltshire Police,Wiltshire Police,-1.796668,51.580479,On or near Mulberry Grove,E01015529,Swindon 006C,Unable to prosecute suspect
92d1e0ada52f4c5b3835130646e25be7826b49479e30a135b479a58fb9c8dca3,2022-11,Wiltshire Police,Wiltshire Police,-1.805548,51.083287,On or near Capulet Road,E01032018,Wiltshire 053A,Unable to prosecute suspect
8e9dd1f1256da1dc4f4e21b96a42d9844fac41da052cab7d243236c88e5f9c56,2022-11,Wiltshire Police,Wiltshire Police,-1.764181,51.566931,On or near Culverhouse Road,E01015479,Swindon 017A,Unable to prosecute suspect
ffdacad722847deac0ca4dacfebf32b9613e164e3c3e43300643b24d98bf710d,2022-11,Wiltshire Police,Wiltshire Police,-2.042288,51.342246,On or near Sillington Lane,E01031876,Wiltshire 028E,Unable to prosecute suspect
e1a2e8f3e1fc685c7a0bfca3ea7273f8f0e8bf7a1120f636c636b86d644e89a7,2022-11,Wiltshire Police,Wiltshire Police,-1.786886,51.561517,On or near Queen Street,E01015476,Swindon 015B,Unable to prosecute suspect
eaf886fc8be6ca3aab27fa64cc088d7aa6d4bd21763f1f9a43590b0542685f68,2022-11,Wiltshire Police,Wiltshire Police,-1.752320,51.569928,On or near A4312,E01015550,Swindon 009B,Unable to prosecute suspect
10391a475cb2f777c0f5445e73e9a56f0253bf3cf4a209ac640caabf25c783f1,2022-11,Wiltshire Police,Wiltshire Police,-2.135536,51.464119,On or near Patchway,E01031925,Wiltshire 010E,Unable to prosecute suspect
d77ad792f5341905df421446c6be1dd5428cec840cd8ee9c7ff78a5e88d4222b,2022-11,Wiltshire Police,Wiltshire Police,-1.797541,51.562706,On or near ,E01032716,Swindon 012G,Suspect charged
4df5edbdcd1ab663a645e621f3cd1b587e65971493db8003e9ce4528e7e77238,2022-11,Wiltshire Police,Wiltshire Police,-1.795582,51.077236,On or near Victoria Road,E01032020,Wiltshire 053C,Unable to prosecute suspect
30115450328ca43f346ae0db27b5815bf0dd7a9a668d6b8e6fd4045d0622941d,2022-11,Wiltshire Police,Wiltshire Police,-1.802751,51.562084,On or near Groves Street,E01032716,Swindon 012G,Unable to prosecute suspect
160bd6fec2875a674cb49d477e6cdad2b016e7e9e44726359aa106daec6bdbb6,2022-11,Wiltshire Police,Wiltshire Police,-1.720856,51.415716,On or near Woodstock Court,E01031861,Wiltshire 019A,Unable to prosecute suspect
d051c45e9d446b89bfaeedf08135e08a6f7279932ba03958b3f094a629dbb394,2022-11,Wiltshire Police,Wiltshire Police,-1.787622,51.511823,On or near Thorney Park,E01015583,Swindon 025A,Unable to prosecute suspect
fa8be1d5f52c4d62bb6b07dd53600cf9e73a33ef799d3c2a29b0fe5499f32c92,2022-11,Wiltshire Police,Wiltshire Police,-2.268133,51.091098,On or near North Street,E01032037,Wiltshire 050D,Unable to prosecute suspect
68cc0d7e971922b1df6a5f802f0142a3d18567d10cfc71c45a851a84f80ba343,2022-11,Wiltshire Police,Wiltshire Police,-1.625736,51.253213,On or near Simonds Road,E01031878,Wiltshire 041C,Unable to prosecute suspect
a4f7618ecb145e7fc9aec10cc7add0f6866df6e4fa812b4b315a4f6c40ed7da8,2022-11,Wiltshire Police,Wiltshire Police,-2.136859,51.473046,On or near Selions Close,E01031907,Wiltshire 009A,Unable to prosecute suspect
0ee2e9b66f4c9bea55764d37c298cef1aeaf2a2a37f3abcd33717b44f4dab03f,2022-11,Wiltshire Police,Wiltshire Police,-1.776814,51.572292,On or near ,E01015510,Swindon 010C,Unable to prosecute suspect
847f9e52c9f46a54a7bfaa595452bdcb3434033fd66ebdbfbc7ea728d5d6153d,2022-11,Wiltshire Police,Wiltshire Police,-2.183674,51.260095,On or near ,E01032119,Wiltshire 040E,Unable to prosecute suspect
dc54ae997f0745a68419f82e4b50bef2b8899e9bdd67679c5798f5101bb754ba,2022-11,Wiltshire Police,Wiltshire Police,-1.776814,51.572292,On or near ,E01015510,Swindon 010C,Unable to prosecute suspect
858a57a4b6193b4f6619dcef0a358c4ef581791b669328bbb7b08723f14359e7,2022-11,Wiltshire Police,Wiltshire Police,-2.118745,51.461611,On or near New Road,E01031912,Wiltshire 011B,Investigation complete; no suspect identified
071dd762211f82250218546acc8e8b0fa849ce4653494b3b1caae8d9fb0fb6af,2022-11,Wiltshire Police,Wiltshire Police,-1.785302,51.560868,On or near ,E01015494,Swindon 019A,Unable to prosecute suspect
79990c073891602301773a20568aecfd93cf86f7b99f06a457d33f0bd79831b0,2022-11,Wiltshire Police,Wiltshire Police,-2.203231,52.513724,On or near The Close,E01029645,South Staffordshire 013A,Unable to prosecute suspect
f973895a7ca2b4d2070b20777125905324c193a67d94e590b789d3750548fbbf,2022-11,Wiltshire Police,Wiltshire Police,-1.801158,51.563709,On or near Guppy Street,E01032716,Swindon 012G,Unable to prosecute suspect
56b063f01fedf56823ff7ecbcf8159eb05c0bab5f837f1bfe97537cf80750ff5,2022-11,Wiltshire Police,Wiltshire Police,-1.784640,51.072577,On or near Wain-A-Long Road,E01032015,Wiltshire 056B,Unable to prosecute suspect
d48e21c2b345ab4bac9841eae7affb0f39148afc9dadb6cd3988ab00e73b37b1,2022-11,Wiltshire Police,Wiltshire Police,-1.880536,51.572997,On or near Lydiard Green,E01031962,Wiltshire 003D,Investigation complete; no suspect identified
57b1ab30439a3c3e97dca6b46f477dbef29a4810afc159337d8ced210d934539,2022-11,Wiltshire Police,Wiltshire Police,-1.983657,51.338116,On or near ,E01031855,Wiltshire 026C,Unable to prosecute suspect
3f26aa961f1d4836d050061504282a1ad02405f52609c940334de58bfe6343ed,2022-11,Wiltshire Police,Wiltshire Police,-2.094738,51.358562,On or near Bath Road,E01031876,Wiltshire 028E,Offender given a caution
24d06959ef90d0af917cc2aa5d59ed8833eddf472f2dd0c32833d37c99b67d8f,2022-11,Wiltshire Police,Wiltshire Police,-1.814140,51.581650,On or near ,E01015581,Swindon 012D,Unable to prosecute suspect
dad47033d1bf7a63db4cc9b82b3838ec2e4f9342a74d85ae1d1316819fcdf93a,2022-11,Wiltshire Police,Wiltshire Police,-1.793411,51.067791,On or near ,E01032023,Wiltshire 059D,Investigation complete; no suspect identified
2227f73f9be8588acf0570ff3c9c8e3071790bb1a49a5e5484c9cef7af0e5ea0,2022-11,Wiltshire Police,Wiltshire Police,-2.228424,51.313805,On or near Azalea Drive,E01032098,Wiltshire 033C,Unable to prosecute suspect
0ed54e6eec41efa4d73faab885729d5420da3d59e5dba3fb174a51c3801f6bc7,2022-11,Wiltshire Police,Wiltshire Police,-1.795554,51.070447,On or near Chipper Lane,E01032014,Wiltshire 056A,Suspect charged
45092c763e7016fb6d1a69454da5f6f1cdc597ad6d956528e5cddfc56392fd55,2022-11,Wiltshire Police,Wiltshire Police,-1.980118,51.356863,On or near Brickham Road,E01031850,Wiltshire 025A,Investigation complete; no suspect identified
c24df4e7d857a89f9e3637c6695517f1788607ecd72b8dda770a94a7c3f98195,2022-11,Wiltshire Police,Wiltshire Police,-1.733193,51.541896,On or near Landford Crescent,E01015583,Swindon 025A,Unable to prosecute suspect
c43c880929787b793d4410b28d47af6ee4528a44ad34942e89092bd7b73446ab,2022-11,Wiltshire Police,Wiltshire Police,-1.619943,51.255514,On or near Rawlings Court,E01031859,Wiltshire 041A,Investigation complete; no suspect identified
7333dcb80cbd4445b656612f6e8a47e6a0f7c058a596bbc5f105e5207818ff91,2022-11,Wiltshire Police,Wiltshire Police,-1.776814,51.572292,On or near ,E01015510,Swindon 010C,Unable to prosecute suspect
673879292d49238035b84938806b9bbfdfe61884f71300a438e8ee5b781bd811,2022-11,Wiltshire Police,Wiltshire Police,-1.821488,51.559057,On or near Moresby Close,E01015568,Swindon 014D,Unable to prosecute suspect
ed2bdc8e5165e51fa95ab8947121d5aa0ed688546cd68c811ed1ed3244a75a54,2022-11,Wiltshire Police,Wiltshire Police,-2.178464,51.265435,On or near Nightingale Drive,E01032119,Wiltshire 040E,Unable to prosecute suspect
0e0f47aa31e5a590f1f9315a3e3ed76e51f9d1162b3eb8467aa978bd08f53f5e,2022-11,Wiltshire Police,Wiltshire Police,-1.808555,51.585184,On or near Cheddar Road,E01015528,Swindon 006B,Investigation complete; no suspect identified
2d87cf4d3827ddfecff2567e3081eb7976d641e46d6c6553a5b2d674e3d7f694,2022-11,Wiltshire Police,Wiltshire Police,-2.116322,51.470847,On or near Northwood,E01031914,Wiltshire 009C,Unable to prosecute suspect
94ff8ba680c4afa47f5deb4b106c40f4ddc8efa9d37f448d6480995e6e93427a,2022-11,Wiltshire Police,Wiltshire Police,-1.785449,51.569508,On or near Brunel Crescent,E01015582,Swindon 012E,Unable to prosecute suspect
39e0b5bf0674cf1b7ab3d659e7941eb4faaaf9153e6d559df34f7977ff3a5fa4,2022-11,Wiltshire Police,Wiltshire Police,-2.197182,51.261880,On or near Great Roc Road,E01032118,Wiltshire 040D,Investigation complete; no suspect identified
776510f4936a0ad8855f0f0007447c3a00deb9acf642255784e153b02a2634d3,2022-11,Wiltshire Police,Wiltshire Police,-2.181912,51.329119,On or near Ashton Rise,E01032080,Wiltshire 030D,Unable to prosecute suspect
4f7749943b10587f8bf115e9f1392c0efc18ca15d4bf674dc0b290baffd2f20a,2022-11,Wiltshire Police,Wiltshire Police,-2.044680,51.336544,On or near Poulshot Road,E01031876,Wiltshire 028E,Investigation complete; no suspect identified
0395799b218976d34fd2b138f554b31c7c88f2b207ec6293dd269fbd5e7810fd,2022-11,Wiltshire Police,Wiltshire Police,-1.779351,51.565360,On or near Manchester Road,E01015480,Swindon 015D,Unable to prosecute suspect
38712aba4ada7ccad7787cb8d8025127f51ce0168ec01651cf399c9c93f13aef,2022-11,Wiltshire Police,Wiltshire Police,-1.988030,51.362035,On or near Roundway Gardens,E01032693,Wiltshire 025H,Unable to prosecute suspect
5bda19153962f2c42437bcc8041db5a7d2528089c91eebc0fa9ef50de43dc8cb,2022-11,Wiltshire Police,Wiltshire Police,-1.805660,51.603908,On or near Brean Road,E01015471,Swindon 028A,Unable to prosecute suspect
2ec4f7cdf3cc82133c4a40f86682322e7089ecdaa7dfb7a64e64225e073a9304,2022-11,Wiltshire Police,Wiltshire Police,-1.775386,51.585458,On or near Cricklade Road,E01015543,Swindon 003A,Unable to prosecute suspect
16031bc7143916c2086d9722579490c72437955ca9769b65977a614770efe9e9,2022-11,Wiltshire Police,Wiltshire Police,-1.733817,51.553550,On or near Kennedy Drive,E01015491,Swindon 023E,Unable to prosecute suspect
685c98bac36d332ff1195140d7d697f89f1efd89b0dcba1136306145f3703802,2022-11,Wiltshire Police,Wiltshire Police,-1.748260,51.544663,On or near The Birches,E01015535,Swindon 024C,Unable to prosecute suspect
4b9bb830cbabe0884a5495e81c84511191a6a78f36dc7ba9516a9b75b0ad3efa,2022-11,Wiltshire Police,Wiltshire Police,-1.776111,51.552443,On or near Wood Street,E01015534,Swindon 024B,Unable to prosecute suspect
e4c0cf9e85a04ffbd4372b2fe93659f338f1896272610651c9380f01393acd75,2022-11,Wiltshire Police,Wiltshire Police,-2.008009,51.444758,On or near North Cote,E01032691,Wiltshire 015G,Unable to prosecute suspect
3a7f3aaea58000a7309d6857f70be37ce1eac1551cf5884be08476ce6e9d6d61,2022-11,Wiltshire Police,Wiltshire Police,-1.773865,51.551710,On or near High Street,E01015534,Swindon 024B,Unable to prosecute suspect
f57f2e25ac11bd588ac1f2fcb127f7117034b3651c1b383ca1b983e20e4b0a44,2022-11,Wiltshire Police,Wiltshire Police,-1.988030,51.362035,On or near Roundway Gardens,E01032693,Wiltshire 025H,Unable to prosecute suspect
eeb4bef389543c9af304d8f03f0bbe287e00bb37ccb3dcb44358196a7140d6b9,2022-11,Wiltshire Police,Wiltshire Police,-1.809414,51.579970,On or near Beaney View,E01015530,Swindon 006D,Investigation complete; no suspect identified
c8d17e9ef56a085c2a6f21e409cb025c8ff75b3aac76a9afa5b6f05930d61a25,2022-11,Wiltshire Police,Wiltshire Police,-1.809414,51.579970,On or near Beaney View,E01015530,Swindon 006D,Investigation complete; no suspect identified
28cbe4bdc2b19d27a2c6fc789d0242375b6d255d448f850c3610f32211026ba8,2022-11,Wiltshire Police,Wiltshire Police,-2.114852,51.458611,On or near Chapel Lane,E01031912,Wiltshire 011B,Investigation complete; no suspect identified
29fda9f27ea7895841061555a841cffdf8d35011a2d5dd39131867cca3ae65f5,2022-11,Wiltshire Police,Wiltshire Police,-1.777491,51.048694,On or near ,E01032000,Wiltshire 057A,Investigation complete; no suspect identified
bb770aa1820e9c01b0ae345be840e6b4c8ed94127f5f7952eee2001c782385bb,2022-11,Wiltshire Police,Wiltshire Police,-1.795474,51.563564,On or near Fire Fly Avenue,E01032716,Swindon 012G,Investigation complete; no suspect identified
70935a2465a297d1652f621d0928cd20e99b1995a2da8907554aef62026484ef,2022-11,Wiltshire Police,Wiltshire Police,-2.245892,51.416859,On or near Quarry Hill,E01031890,Wiltshire 017C,Investigation complete; no suspect identified
edd6e1bc8338c974a7a684e63ed5f2c1c48fd8b6abbfc3c2d53fcde11dd0fb58,2022-11,Wiltshire Police,Wiltshire Police,-1.792229,51.105628,On or near Davies Road,E01032011,Wiltshire 057B,Investigation complete; no suspect identified
4c975900544c9b3724dda7d14511cf4af1d7477d8e3d54fe5e8be42b83f83671,2022-11,Wiltshire Police,Wiltshire Police,-1.767045,51.559708,On or near Ashkirk Close,E01015574,Swindon 017C,Investigation complete; no suspect identified
73080ab475b82f17995667510f3c6661c6a2eda02a750f8bfb51d70023908ca7,2022-11,Wiltshire Police,Wiltshire Police,-1.805277,51.551676,On or near Rhine Close,E01015478,Swindon 021A,Investigation complete; no suspect identified
77c9c552b1bac8fb388d538713e043462e089b631192c2276e45e433fe8295e0,2022-11,Wiltshire Police,Wiltshire Police,-1.805431,51.546039,On or near Chaddington Strand,E01015585,Swindon 025C,Investigation complete; no suspect identified
6298e6304cf70be7c9171187a19efcf4a71928c7b5f9291f8cb05f43797dfb5f,2022-11,Wiltshire Police,Wiltshire Police,-2.286224,51.469045,On or near Richards Drive,E01031950,Wiltshire 008C,Investigation complete; no suspect identified
bde9bb4bbb270aa72301c02dc890fdc1f8dda23216cb263dd27d899a52f0c678,2022-11,Wiltshire Police,Wiltshire Police,-2.162847,51.509419,On or near ,E01031940,Wiltshire 008B,Investigation complete; no suspect identified
a52fb794b7faa91d029b430ee7831e54320ec07ed2b28f6bc374e783bb331a09,2022-11,Wiltshire Police,Wiltshire Police,-1.783797,51.051318,On or near ,E01032000,Wiltshire 057A,Investigation complete; no suspect identified
a549f783b52dced1fb0cc7a07d2290824e882b7ab017ce96abc761626e84f1ca,2022-11,Wiltshire Police,Wiltshire Police,-2.170226,51.204321,On or near Whitfield Close,E01032108,Wiltshire 042D,Investigation complete; no suspect identified
5c18ff1268eb48f6e7be0a84bc937721c86ccb14ae66be77cc024d6d2295ab71,2022-11,Wiltshire Police,Wiltshire Police,-1.805590,51.552657,On or near Tidworth Close,E01015478,Swindon 021A,Investigation complete; no suspect identified
838e7bd2dbcbed989130ad4ca441bea6f31345095e2d1d8d5f72f891344b98c0,2022-11,Wiltshire Police,Wiltshire Police,-1.777767,51.570698,On or near ,E01015510,Swindon 010C,Investigation complete; no suspect identified
5491675bcabfd74fc881099d3f21896ece8173dbf1fe867e0c4623d41622885b,2022-11,Wiltshire Police,Wiltshire Police,-1.799024,51.070184,On or near ,E01032014,Wiltshire 056A,Investigation complete; no suspect identified
b4c8ba0102aea8fd9b6e7cd4865a2056de1531197500609e7c4fa40f4dcccd5a,2022-11,Wiltshire Police,Wiltshire Police,-1.787832,51.054940,On or near Downton Road,E01032007,Wiltshire 059C,Investigation complete; no suspect identified
78eb8344f8868fb82f8f40ccb0d181495494261b33cfd2d036f61be7ea12c809,2022-11,Wiltshire Police,Wiltshire Police,-1.787983,51.056370,On or near Milton Road,E01032005,Wiltshire 059A,Investigation complete; no suspect identified
0b2e2668219c5c2b9e66b0ed73db909781442d055a623121bf42efa3fa452ad5,2022-11,Wiltshire Police,Wiltshire Police,-1.778617,51.585850,On or near Crossways Avenue,E01015543,Swindon 003A,Investigation complete; no suspect identified
54162bb6528cbf78f471371a79efdbfdaa8a123dc88199406d77175dd4738aef,2022-11,Wiltshire Police,Wiltshire Police,-1.974218,51.365168,On or near ,E01032693,Wiltshire 025H,Investigation complete; no suspect identified
e3b902f26e5a75badce3fb000997f8cba1f294edf9a0c82001327ad1acf8f66b,2022-11,Wiltshire Police,Wiltshire Police,-1.788718,51.559281,On or near ,E01015494,Swindon 019A,Investigation complete; no suspect identified
31814c2c09a971947f7e98199172077b9a2aa1048f3e9265e95946b6312a25fa,2022-11,Wiltshire Police,Wiltshire Police,-1.729273,51.422273,On or near Silverless Street,E01031863,Wiltshire 019C,Investigation complete; no suspect identified
da956e1827c30ae9b463237a1014c3fc87aa195b78ce77a59d5398602c0eea54,2022-11,Wiltshire Police,Wiltshire Police,-1.774512,51.086208,On or near ,E01031985,Wiltshire 051B,Investigation complete; no suspect identified
d8eef6ef16e0384545cb495e7b9e587b27c731744d4001787a012155edae9ad1,2022-11,Wiltshire Police,Wiltshire Police,-2.209415,51.320414,On or near ,E01032086,Wiltshire 031B,Investigation complete; no suspect identified
be9e1ce319ef2fbcbd135c19dd318fd9ac8ea10639bbef8aa37ffd87e13464a7,2022-11,Wiltshire Police,Wiltshire Police,-1.778350,51.551692,On or near Bradford Road,E01015532,Swindon 021D,Unable to prosecute suspect
6feb76a7c354ac7fc1f67b55b6573ad1785a2059a3305b1908c1bfd9cdf22dc5,2022-11,Wiltshire Police,Wiltshire Police,-2.146281,51.376150,On or near ,E01032062,Wiltshire 022A,Investigation complete; no suspect identified
91367c9f9947d2a1275c9d7fb8f767b840ca16b5dbdf2bb423d42d63f493ba79,2022-11,Wiltshire Police,Wiltshire Police,-1.749429,51.120084,On or near Mill Close,E01032032,Wiltshire 049B,Investigation complete; no suspect identified
2923f5d6d5c135af37a199dfeaaa6b889a37d2bb7cc5627641c41dafa07d1aaa,2022-11,Wiltshire Police,Wiltshire Police,-1.902792,51.542923,On or near High Street,E01031967,Wiltshire 006C,Investigation complete; no suspect identified
bde2d061893c9c7a75ccee07834cb1f8125c9c04e3b90c61a82a6b0f3da6533a,2022-11,Wiltshire Police,Wiltshire Police,-1.729180,51.425734,On or near North View Place,E01031862,Wiltshire 019B,Investigation complete; no suspect identified
4de95d3423cf056750b792597af8ec44c5f8c8a8d745f59d99c83335b4ac8c9e,2022-11,Wiltshire Police,Wiltshire Police,-1.764451,51.570537,On or near Copse Avenue,E01015479,Swindon 017A,Investigation complete; no suspect identified
e1ffde434062f310a04f4b1a451c21e6345f37db551f896ec9b2853d3065b679,2022-11,Wiltshire Police,Wiltshire Police,-1.751376,51.557716,On or near Malmesbury Gardens,E01015538,Swindon 016A,Investigation complete; no suspect identified
69a7b4e27327d9118cc99f5ea7a8600bd65ee4cb7506078fb972f9e78275fef4,2022-11,Wiltshire Police,Wiltshire Police,-1.793285,51.070524,On or near Rollestone Street,E01032014,Wiltshire 056A,Investigation complete; no suspect identified
0f86065a6a6c2c897067e31c709497c81d6aad392c18053c8f17b1db282da12c,2022-11,Wiltshire Police,Wiltshire Police,-1.719963,51.039283,On or near ,E01031971,Wiltshire 060B,Offender given a caution
56b20b8333334f0d5eec63c1305f90e6a86cfdf9ac6e46561c4a71622106c4f3,2022-11,Wiltshire Police,Wiltshire Police,-2.228027,51.311684,On or near Westfield Road,E01032096,Wiltshire 033A,Investigation complete; no suspect identified
372a0e1e9f8c378ba23e5bdb553fc396100e042f18bd59cc408c800444918ff8,2022-11,Wiltshire Police,Wiltshire Police,-1.979211,51.361386,On or near Combe Walk,E01032693,Wiltshire 025H,Investigation complete; no suspect identified
1fdf73307fb86b58528624fde6cf4f59500ad210c2df0d447e98de9727ac6aa0,2022-11,Wiltshire Police,Wiltshire Police,-1.796139,51.550465,On or near Curie Avenue,E01032707,Swindon 021F,Unable to prosecute suspect
6526860014c006ca4087366d8afed0c315fd404182b9b79c690f3e68902abbf9,2022-11,Wiltshire Police,Wiltshire Police,-1.804923,51.553627,On or near Fry Close,E01015478,Swindon 021A,Investigation complete; no suspect identified
094b0c1e4200d0c3589c4b0ad4deb6bb67302dcc49f0324aecb737de3c15b437,2022-11,Wiltshire Police,Wiltshire Police,-1.782903,51.592044,On or near Durrington Walk,E01015546,Swindon 003D,Investigation complete; no suspect identified
07b53b9ad7c6a10206d615f09da7dc14feb409cace6f3c503fd8c3aba12d348f,2022-11,Wiltshire Police,Wiltshire Police,-2.124700,51.459869,On or near Farnewell Close,E01031911,Wiltshire 011A,Investigation complete; no suspect identified
8702ed67d80e37ff68d9beefea796d2062bbc17b8e15ac58521e35d1cc65a368,2022-11,Wiltshire Police,Wiltshire Police,-2.128550,51.375506,On or near Devonshire Place,E01032065,Wiltshire 020C,Investigation complete; no suspect identified
ca3c16c14f470de34b13a4da1ba49d67c9e58832c859fd5e12f452431e054734,2022-11,Wiltshire Police,Wiltshire Police,-1.805277,51.551676,On or near Rhine Close,E01015478,Swindon 021A,Investigation complete; no suspect identified
c48d0953bdd13f9354f932e2e3e751aeefcdd579f60f6a708a82ac08ecf73f02,2022-11,Wiltshire Police,Wiltshire Police,-2.160200,51.514935,On or near The Chase Park,E01031951,Wiltshire 008D,Investigation complete; no suspect identified
62014eeb5bcaf0a8bc1a046da9cf4b1ef75634218288e1d5e16c0fc89bb25edb,2022-11,Wiltshire Police,Wiltshire Police,-2.160200,51.514935,On or near The Chase Park,E01031951,Wiltshire 008D,Investigation complete; no suspect identified
90416a956dec31f47265caecfc1fb8d780f1ddeb65099ef96eeb9bbd069af588,2022-11,Wiltshire Police,Wiltshire Police,-1.602364,51.379597,On or near High Street,E01031843,Wiltshire 029A,Investigation complete; no suspect identified
bb80b20d02156e61e7c9b97bf021a3e3ba66e323585c0d68764549e112471d9a,2022-11,Wiltshire Police,Wiltshire Police,-2.208194,51.313870,On or near Dursley Road,E01032094,Wiltshire 035C,Unable to prosecute suspect
b52a1ab3c3b941d7ee1986065764bd8321fa19f8cdaf8b7723530a8ffde21fa2,2022-11,Wiltshire Police,Wiltshire Police,-2.245892,51.416859,On or near Quarry Hill,E01031890,Wiltshire 017C,Suspect charged
c1cae0ca29dc9d9293a793e8f4b210f34e0398fd14f3084c21080aa4274f4245,2022-11,Wiltshire Police,Wiltshire Police,-2.090031,51.409747,On or near ,E01031942,Wiltshire 018E,Investigation complete; no suspect identified
3f912168007a2f9d840e2c4852c5971f0442923fe50e7e336d50ae7f0b6f58a1,2022-11,Wiltshire Police,Wiltshire Police,-2.203231,52.513724,On or near The Close,E01029645,South Staffordshire 013A,Further investigation is not in the public interest
c5e03d321f034657f3bb14bbb89f03e0543f5358c89073a191eaf2277c0ee957,2022-11,Wiltshire Police,Wiltshire Police,-1.781431,51.558845,On or near Regent Circus,E01032714,Swindon 019E,Unable to prosecute suspect
93f66d46ea52f9eb090cd7e3ac2531d9eea9b0043e525da0fc896ef0551532d9,2022-11,Wiltshire Police,Wiltshire Police,-1.789153,51.100452,On or near Ramsbury Drive,E01032011,Wiltshire 057B,Investigation complete; no suspect identified
88b03422137aaa4ec8cfac0d89a7defc9a12f3db099fe1a29d19aa091848fc07,2022-11,Wiltshire Police,Wiltshire Police,-1.980088,51.359345,On or near Flax Mill Park,E01032693,Wiltshire 025H,Investigation complete; no suspect identified
57ea103d0515f456a674839735c031562b96d1b586db2078618eb4a06eb62f3d,2022-11,Wiltshire Police,Wiltshire Police,-2.168997,51.415323,On or near The Close,E01031941,Wiltshire 018D,Investigation complete; no suspect identified
8f408eb2c2fd0f19317d116611624a1fb53481c8cb2fc27b3834dfdfc2fdae31,2022-11,Wiltshire Police,Wiltshire Police,-1.754872,51.562129,On or near Ken Savage Close,E01015572,Swindon 016B,Investigation complete; no suspect identified
6405e3b8943f4cf4abdf1554a7420126b6e9588a212a61b20ebe91cb832b4d89,2022-11,Wiltshire Police,Wiltshire Police,-1.784788,51.562772,On or near ,E01015476,Swindon 015B,Investigation complete; no suspect identified
59467870647a01afa92a61652959b79a861f86a1e00c3bb8a08bf1c788e28479,2022-11,Wiltshire Police,Wiltshire Police,-1.782903,51.592044,On or near Durrington Walk,E01015546,Swindon 003D,Investigation complete; no suspect identified
1cd556cec081c520aa4ddccf697c49026b8d63089f2f21551721076ecfc889f9,2022-11,Wiltshire Police,Wiltshire Police,-2.216622,51.318117,On or near West Street,E01032085,Wiltshire 031A,Investigation complete; no suspect identified
221c2f4db768baa209295703cc52c5079942ab5e543c187fa74be9687a3e399d,2022-11,Wiltshire Police,Wiltshire Police,-1.730244,51.569933,On or near Merlin Way,E01015482,Swindon 013B,Investigation complete; no suspect identified
31e603678e5f25b9cefc09875dbfd98a349dcc5569bbf99d5c68459d1596cf77,2022-11,Wiltshire Police,Wiltshire Police,-1.787721,51.552437,On or near A4289,E01015497,Swindon 019D,Unable to prosecute suspect
1a28e0fe62cb2a0eb6e08ac0907f5573d31ccd4908dbf6d781e368a84e351782,2022-11,Wiltshire Police,Wiltshire Police,-1.789094,51.561251,On or near Villett Street,E01015476,Swindon 015B,Investigation complete; no suspect identified
41c67f51e9b4364eb2d762d6e96637a4856976b928b7584b190ba5772c05d4da,2022-11,Wiltshire Police,Wiltshire Police,-1.784788,51.562772,On or near ,E01015476,Swindon 015B,Investigation complete; no suspect identified
43fef06615bd7739ca4831d73385b78e077f023eea95c45a46b8fedb893a6b34,2022-11,Wiltshire Police,Wiltshire Police,-1.776082,51.068406,On or near Riverbourne Road,E01032012,Wiltshire 057C,Investigation complete; no suspect identified
c25f9f2251d8306ab9305339c39cb1bb342cd357238309ff9454a3ea55a6a947,2022-11,Wiltshire Police,Wiltshire Police,-2.136109,51.308455,On or near Acreshort Lane,E01032084,Wiltshire 037C,Further investigation is not in the public interest
3cf948a84d52706ad90c040271a6fb37388574e3ff8b7510c453650a8d66b098,2022-11,Wiltshire Police,Wiltshire Police,-1.788181,51.066154,On or near St Martin's Church Street,E01032023,Wiltshire 059D,Investigation complete; no suspect identified
5c94c91929e1701f11b526cbf325643267f8c9b9aab450f6b6b033fe21616883,2022-11,Wiltshire Police,Wiltshire Police,-1.791093,51.072355,On or near ,E01032014,Wiltshire 056A,Investigation complete; no suspect identified
12a53a61e5cf0f56c7e97c11ad67e138b008bbd54bbdf513f20452716937d13f,2022-11,Wiltshire Police,Wiltshire Police,-1.731883,51.541461,On or near Polesdon Avenue,E01015583,Swindon 025A,Investigation complete; no suspect identified
a89d80bbb8d61398a5380142a47ebe399036668ba739f0fd90b9252ab69be503,2022-11,Wiltshire Police,Wiltshire Police,-1.744797,51.552891,On or near Sherwood Road,E01015539,Swindon 020B,Investigation complete; no suspect identified
d7e9b5971e4a397b1a8a83ef766b53da29bb243edbcda9b57a21fc98b048934a,2022-11,Wiltshire Police,Wiltshire Police,-2.001808,51.450153,On or near Linnet Road,E01032690,Wiltshire 015F,Suspect charged
c354a4bd3cc65b415b60579878309c9d58fdf99691ef90c5c3ed3e31a748f67e,2022-11,Wiltshire Police,Wiltshire Police,-2.109370,51.471609,On or near Maud Heath's Causeway,E01031915,Wiltshire 009D,Investigation complete; no suspect identified
a1674662a41fcfebced223f4b2d2fa7e81d1f20d0a38ac2eb865a15e386d757c,2022-11,Wiltshire Police,Wiltshire Police,-1.722959,51.565034,On or near Popplechurch Drive,E01015482,Swindon 013B,Local resolution
d65d0ebc266c794bc7ed7580f5a2d59efb858c39efefa1ed079c37c8217439f8,2022-11,Wiltshire Police,Wiltshire Police,-1.719055,51.580463,On or near ,E01015473,Swindon 008A,Offender given a caution
e318e2b171ef9c3de471ee7029c734c8ed7cf88ea16bf2582b0ee2d6791568bc,2022-11,Wiltshire Police,Wiltshire Police,-2.203110,51.338642,On or near Hammond Way,E01032078,Wiltshire 030B,Investigation complete; no suspect identified
23219cbb585562b682deb8e0e3e8496273eb221f85c03240b5a1e024ce36dad2,2022-11,Wiltshire Police,Wiltshire Police,-1.775544,51.559293,On or near ,E01015493,Swindon 017B,Investigation complete; no suspect identified
daf25746f152d0cf3b977031a146f88855cd8f14ce6c845f6778bb8e338a335a,2022-11,Wiltshire Police,Wiltshire Police,-1.807132,51.544825,On or near ,E01015585,Swindon 025C,Investigation complete; no suspect identified
929c71686b0b179e1ec5fd12f5fae295bf1ac801eac2e2ef951fc0e324c6b3b1,2022-11,Wiltshire Police,Wiltshire Police,-1.998038,51.435605,On or near Anchor Road,E01031901,Wiltshire 016B,Unable to prosecute suspect
a62d6fb659bed37e1120fe5d21d2891d2738557f626165a0df3b517bba0bdadc,2022-11,Wiltshire Police,Wiltshire Police,-2.140587,51.374701,On or near ,E01032062,Wiltshire 022A,Investigation complete; no suspect identified
e9334c4bb144e3f351ed8a6b975baea95dd208bce7b344c34ff2dbc2c0eb761b,2022-11,Wiltshire Police,Wiltshire Police,-1.974931,51.360936,On or near Le Marchant Close,E01032693,Wiltshire 025H,Further investigation is not in the public interest
d78362bea902420e4804fb03204339cb78c2f723e90b4c53e7a6f68e8846cbc5,2022-11,Wiltshire Police,Wiltshire Police,-2.140587,51.374701,On or near ,E01032062,Wiltshire 022A,Investigation complete; no suspect identified
1d7a4948ad87b6a6ff9a1689c8c984c7d5f267aad7584282af4d7700d316868a,2022-11,Wiltshire Police,Wiltshire Police,-1.886672,51.536534,On or near Hawthorn Close,E01031966,Wiltshire 007G,Investigation complete; no suspect identified
275eb02ea96d8cf8cb10c64474da439c5a7e7d9fd41f77e294467be5d2f9215c,2022-11,Wiltshire Police,Wiltshire Police,-2.004311,51.449254,On or near Buzzard Road,E01032690,Wiltshire 015F,Investigation complete; no suspect identified
32e773d31da99d291f18c5ae330c02c24014402d6328160a3895706a37e4f2f3,2022-11,Wiltshire Police,Wiltshire Police,-1.776622,51.586557,On or near Fairford Crescent,E01015543,Swindon 003A,Investigation complete; no suspect identified
06519a479bb9bb9385d41d36fd0a5dbf5df7a2b2d5711daa4065b49007e232fe,2022-11,Wiltshire Police,Wiltshire Police,-2.040241,51.283342,On or near Victoria Park,E01031848,Wiltshire 028C,Investigation complete; no suspect identified
77996649e52d78bbc493eb59929714727087c20195019b6b858040faffaad058,2022-11,Wiltshire Police,Wiltshire Police,-1.794434,51.056031,On or near Woodbury Gardens,E01032005,Wiltshire 059A,Investigation complete; no suspect identified
d305461ded24095d8566a5c5840f89c7040e2697c8511b661fa1825c2b60699e,2022-11,Wiltshire Police,Wiltshire Police,-1.783422,51.561915,On or near College Street,E01032714,Swindon 019E,Investigation complete; no suspect identified
8f74de6920384608744b142e4562dbd360529cea3881ec21537db214a9452869,2022-11,Wiltshire Police,Wiltshire Police,-1.779716,51.558617,On or near Clarence Street,E01032714,Swindon 019E,Unable to prosecute suspect
3ecc5dd215dfa7ca7b6aaf1cfa6f8570f5b02ca8f0202512dc54915bdfb83ff9,2022-11,Wiltshire Police,Wiltshire Police,-1.779716,51.558617,On or near Clarence Street,E01032714,Swindon 019E,Suspect charged
95ffb7c539f8e4b672184fa426b7af3e7188b406c46d7e8e418efc024938dde9,2022-11,Wiltshire Police,Wiltshire Police,-2.220290,51.421559,On or near Neston Gardens,E01031890,Wiltshire 017C,Investigation complete; no suspect identified
4d8cd95816238394e06ac615d5398b5d2d7b793a58492db853795d60a4b3757d,2022-11,Wiltshire Police,Wiltshire Police,-2.188108,51.198215,On or near Wylye Close,E01032106,Wiltshire 044B,Further investigation is not in the public interest
0bddcb4b0bf1a126ed1307fba3e3e630bcf48ccede036c2b7624f1146be5026d,2022-11,Wiltshire Police,Wiltshire Police,-1.780408,51.083261,On or near Neville Close,E01031986,Wiltshire 051C,Investigation complete; no suspect identified
b4aa5ae2df0364a56dc49f619c0c143d2542c710044d1a2bd05a8d73492998c5,2022-11,Wiltshire Police,Wiltshire Police,-1.722959,51.565034,On or near Popplechurch Drive,E01015482,Swindon 013B,Local resolution
be6ef63162b3aa5366aa8731f726ae3b7f811d7dbc66d518b5ce0195f0548c67,2022-11,Wiltshire Police,Wiltshire Police,-1.666761,51.233195,On or near Lady Godley Close,E01031880,Wiltshire 041E,Suspect charged
14f1bb89914b0792ec45bd0b43b6fb2ab69d28c0fb61c9589563129c1c7c9e3d,2022-11,Wiltshire Police,Wiltshire Police,-1.754829,51.556779,On or near Helston Road,E01015540,Swindon 020C,Investigation complete; no suspect identified
9badc4e8311415988a6c4291453f68eecdbc1617f87fd6d74f0a271269c877e4,2022-11,Wiltshire Police,Wiltshire Police,-1.754829,51.556779,On or near Helston Road,E01015540,Swindon 020C,Investigation complete; no suspect identified
3c3bd1b8350397e1f3c09f4eaa7981eabf436bb2ef883074da9f8dd09230311a,2022-11,Wiltshire Police,Wiltshire Police,-1.777224,51.483822,On or near ,E01015585,Swindon 025C,Formal action is not in the public interest
324940d842d214e2c89ecc3ad1b0b310b3d23a45f519a3281c21b09d6b250257,2022-11,Wiltshire Police,Wiltshire Police,-1.740375,50.991548,On or near Saxonhurst,E01031993,Wiltshire 062C,Investigation complete; no suspect identified
ecd463bc4bbba655d98ed2d2fc0380e46e40191f1ac441c168437c79a1664543,2022-11,Wiltshire Police,Wiltshire Police,-2.141770,51.464230,On or near ,E01031908,Wiltshire 010C,Investigation complete; no suspect identified
530b437f7b24307f3bbe7dd66bf79106137d04efca4b1f3c58d3d16530b39fb6,2022-11,Wiltshire Police,Wiltshire Police,-1.779675,51.582076,On or near The Circle,E01015506,Swindon 007A,Investigation complete; no suspect identified
f3db154bd80d6023d6f3be19761dae952759c0ae874e2b7cf1b996df279bfb86,2022-11,Wiltshire Police,Wiltshire Police,-1.787100,51.560817,On or near ,E01015476,Swindon 015B,Suspect charged
10f65f8df63c428bc48ab71b1e093d9fec4fb276be6c97376a47ab6835c5c571,2022-11,Wiltshire Police,Wiltshire Police,-2.207334,51.317055,On or near County Way,E01032094,Wiltshire 035C,Investigation complete; no suspect identified
02d2db06ac6094a7b4800d7ea492334e3f857a6ffb89b99285cc52750d078d54,2022-11,Wiltshire Police,Wiltshire Police,-1.779675,51.582076,On or near The Circle,E01015506,Swindon 007A,Investigation complete; no suspect identified
2233c86764cae9e42322bc4c466cc1f9d9282ac49629975737bd1c8a13465194,2022-11,Wiltshire Police,Wiltshire Police,-1.777767,51.570698,On or near ,E01015510,Swindon 010C,Investigation complete; no suspect identified
bbba76e07e45690583da66190ff5905b64d6cb9e10ba9bd686161f2670f49dfb,2022-11,Wiltshire Police,Wiltshire Police,-2.207369,51.302587,On or near ,E01032092,Wiltshire 035A,Investigation complete; no suspect identified
3b689bd7f3c982965d1689efc655282d37ed765b36825f60ee411c40c3dae6d1,2022-11,Wiltshire Police,Wiltshire Police,-1.796668,51.580479,On or near Mulberry Grove,E01015529,Swindon 006C,Investigation complete; no suspect identified
e32f64c49ea344ce7c1c03f35682cae12aa29c10cc61450c3db0cb750204ad98,2022-11,Wiltshire Police,Wiltshire Police,-1.664912,51.528836,On or near The Gallops,E01015547,Swindon 008C,Investigation complete; no suspect identified
ee6a623976dd643ed3a28f210f3248f7b0f4c1b66a1b07d8f014c2cafb2d26cd,2022-11,Wiltshire Police,Wiltshire Police,-1.775787,51.061671,On or near ,E01032021,Wiltshire 056D,Investigation complete; no suspect identified
efca53e9fd4d86a5bb88da6f4e5a253e7cf903569be5de258d197f3635147603,2022-11,Wiltshire Police,Wiltshire Police,-1.771556,51.569257,On or near ,E01015479,Swindon 017A,Investigation complete; no suspect identified
32d489534ba15dded72c12fae00a8f91be61c33103468bce293b9fc4f2f0bc2c,2022-11,Wiltshire Police,Wiltshire Police,-1.781431,51.558845,On or near Regent Circus,E01032714,Swindon 019E,Unable to prosecute suspect
8b631dbd5f9dacf3c999089166847d7cde86de3091d82f9984d84155c0a4fea6,2022-11,Wiltshire Police,Wiltshire Police,-1.805905,51.086660,On or near Portway,E01032018,Wiltshire 053A,Investigation complete; no suspect identified
f7fc45776fc0e52dbe4f1071b13b7970217c6c193a7d78c5a9d6a1c20e926e62,2022-11,Wiltshire Police,Wiltshire Police,-1.815384,51.097852,On or near New Bottom Road,E01032013,Wiltshire 049A,Investigation complete; no suspect identified
69ce60cd90d46b5c33dbb6db4f2a091194871b363a382a51ca5e204513b33624,2022-11,Wiltshire Police,Wiltshire Police,-1.764451,51.570537,On or near Copse Avenue,E01015479,Swindon 017A,Investigation complete; no suspect identified
b5bbc7ea6ec37cc3cbfdb52461d4ca9f916bbb9c7bafbfeaea6e65d4922edb65,2022-11,Wiltshire Police,Wiltshire Police,-2.209996,51.321977,On or near Back Street,E01032086,Wiltshire 031B,Investigation complete; no suspect identified
1d0bae3c7f5cbd9a9d214a382fc8cb57ce353ccc25ee5dbd3f2611d3ed6356ce,2022-11,Wiltshire Police,Wiltshire Police,-1.756233,51.561152,On or near Frobisher Drive,E01015572,Swindon 016B,Investigation complete; no suspect identified
6bc53e652f09f7f4de53d38401b4dce1a72a4086f3db3afeb3ecd05c5e39f2cb,2022-11,Wiltshire Police,Wiltshire Police,-2.286224,51.469045,On or near Richards Drive,E01031950,Wiltshire 008C,Investigation complete; no suspect identified
fa3e9c2ec18208ecd2cde1977a90773b845298f6eeac049248b4b7448cb1b3a4,2022-11,Wiltshire Police,Wiltshire Police,-2.251913,51.337504,On or near Spencers Orchard,E01032049,Wiltshire 027E,Investigation complete; no suspect identified
ce326150ec68b7a34f2cf4f05a7219e1985d7fb9c689648ee484efe8d3b9c6fa,2022-11,Wiltshire Police,Wiltshire Police,-2.251913,51.337504,On or near Spencers Orchard,E01032049,Wiltshire 027E,Investigation complete; no suspect identified
5cbcd3842bae5378d3e9912cf0b4b542531fab57e92925483651bc5583d60202,2022-11,Wiltshire Police,Wiltshire Police,-1.968582,51.363164,On or near Lochem Road,E01031844,Wiltshire 034A,Unable to prosecute suspect
6807c4b95c0c14dcf0183dacacd669be9f1ddee2a78fd60ca06fcfe16e6e2908,2022-11,Wiltshire Police,Wiltshire Police,-1.780580,51.591914,On or near Corsham Road,E01015544,Swindon 003B,Investigation complete; no suspect identified
e90450a2bf801c86ec1798d2cefa7530071a62acfcaa5500d9e39485223e1eff,2022-11,Wiltshire Police,Wiltshire Police,-1.795649,51.068397,On or near New Canal,E01032022,Wiltshire 058C,Investigation complete; no suspect identified
cb49b1a93094b0b865c37439cd385405f51b124546140eda3c500fe8ef1b68dd,2022-11,Wiltshire Police,Wiltshire Police,-1.786886,51.561517,On or near Queen Street,E01015476,Swindon 015B,Unable to prosecute suspect
7d2a98b367bd1a94c33461c89ddbc006a12116082e65906d5271fac28adb7e7e,2022-11,Wiltshire Police,Wiltshire Police,-1.786886,51.561517,On or near Queen Street,E01015476,Swindon 015B,Suspect charged
e35910c6f01cae05c1453fc745f807871bfbb248952a90458da923e95442dc14,2022-11,Wiltshire Police,Wiltshire Police,-1.816891,51.554276,On or near Markenfield,E01015568,Swindon 014D,Suspect charged
f5f5e566a3ba55c3ec0956113c0a11b236a36a5ad76ea420e01a56a0ccc50696,2022-11,Wiltshire Police,Wiltshire Police,-1.788781,51.560289,On or near Farnsby Street,E01015476,Swindon 015B,Investigation complete; no suspect identified
a11c53139a3925b451c190b074da898a481a8a488fed82734ccdfd2689df5ba4,2022-11,Wiltshire Police,Wiltshire Police,-2.205714,51.320708,On or near Pitman Mews,E01032086,Wiltshire 031B,Investigation complete; no suspect identified
533e32f69c8fb29cd173ac9ba19a64205b6a8b95d58a59368b6ea5538ad1ad6c,2022-11,Wiltshire Police,Wiltshire Police,-1.991257,51.619866,On or near Tellings Orchard,E01031886,Wiltshire 004A,Investigation complete; no suspect identified
15bfabef9c2ce5011493c46bcdd530dba2b80648c479b4afa2f0216be542e102,2022-11,Wiltshire Police,Wiltshire Police,-2.118739,51.359619,On or near Belvedere Road,E01032071,Wiltshire 021E,Investigation complete; no suspect identified
f8a6743aec5c1436e6b1177b15e08b3a4b8c3b2add33311803146393db037d48,2022-11,Wiltshire Police,Wiltshire Police,-1.785302,51.560868,On or near ,E01015494,Swindon 019A,Investigation complete; no suspect identified
7f03503ffbfde2054560465e02b536c519e930bacb8cafe6282eaf79f4d7b9fe,2022-11,Wiltshire Police,Wiltshire Police,-2.182984,51.205336,On or near High Street,E01032103,Wiltshire 044A,Investigation complete; no suspect identified
e63bdda1cfd168ab085a8e036153ec5b1fa4becd3100618a36fa416960088164,2022-11,Wiltshire Police,Wiltshire Police,-1.949689,51.011186,On or near Howgare Road,E01031990,Wiltshire 054A,Investigation complete; no suspect identified
295b959cc909b56e639ff3d5033fb7811581392e1c5f0f8503b7596553ff4c4b,2022-11,Wiltshire Police,Wiltshire Police,-1.704560,51.552365,On or near Burycroft,E01015548,Swindon 008D,Investigation complete; no suspect identified
469c3fd3a3e02292c2d639349cadb4908aed4fc55dfb5339d410438a27c849c6,2022-11,Wiltshire Police,Wiltshire Police,-2.078754,51.525322,On or near Broadleaze,E01031939,Wiltshire 008A,Investigation complete; no suspect identified
2c8c9d64914e0ae0a09802cd188431bde3defc161f5d0e9d80cfcb8b2a7d6e3e,2022-11,Wiltshire Police,Wiltshire Police,-1.794817,51.549303,On or near Pasteur Drive,E01032706,Swindon 021E,Investigation complete; no suspect identified
ff8b72bcf26b7915ff3dfab1844248a0906295728850831807cf3e0a1655a8b5,2022-11,Wiltshire Police,Wiltshire Police,-1.795928,51.549071,On or near Seacole Crescent,E01032707,Swindon 021F,Investigation complete; no suspect identified
7ecc378a2c29cadc6690447d9fa1ce5203fb5209f1f4ed93412c06a65e73b1e1,2022-11,Wiltshire Police,Wiltshire Police,-2.127411,51.384256,On or near Lincoln Green,E01032064,Wiltshire 020B,Unable to prosecute suspect
4928205159765e16e17dd652c83f89b3545931790cfe259eef6352a6b3f76944,2022-11,Wiltshire Police,Wiltshire Police,-1.788698,51.547035,On or near Belmont Crescent,E01032707,Swindon 021F,Investigation complete; no suspect identified
48cb5f11dd8168c11601d3cbfb442e1be03e39e927cc545cb0e3982754d112ee,2022-11,Wiltshire Police,Wiltshire Police,-1.720082,51.415373,On or near Blenheim Road,E01031861,Wiltshire 019A,Investigation complete; no suspect identified
603dc007b6358f07b8a772d45705dab9a5b8f826a1950232ffe771c94a15c1df,2022-11,Wiltshire Police,Wiltshire Police,-2.180581,51.205744,On or near Three Horseshoes Walk,E01032103,Wiltshire 044A,Investigation complete; no suspect identified
1ccb555e13ee927cea7536f83db37916003f2f47899bf046263f2696c5bf1281,2022-11,Wiltshire Police,Wiltshire Police,-1.787832,51.054940,On or near Downton Road,E01032007,Wiltshire 059C,Investigation complete; no suspect identified
395d66552e1047aa13c913d762a83aef9b9f62fa1e85faac64f115fa806480f6,2022-11,Wiltshire Police,Wiltshire Police,-1.850894,51.086555,On or near Thornton Crescent,E01032039,Wiltshire 054E,Investigation complete; no suspect identified
e9cd296a23ae8f713d57d7255981d53574b54f30bf98f12a6c274dd47f277c4b,2022-11,Wiltshire Police,Wiltshire Police,-1.816969,51.603270,On or near Greenwood Place,E01032712,Swindon 027E,Investigation complete; no suspect identified
45be737d2fb3df59e828268f273c64799671e0619232912c357ae7647cf7aa4e,2022-11,Wiltshire Police,Wiltshire Police,-2.209886,51.322967,On or near ,E01032086,Wiltshire 031B,Investigation complete; no suspect identified
fae55a93c712767877dc92ffbf199b4fda76bd5b7a0186be07112484934dab99,2022-11,Wiltshire Police,Wiltshire Police,-1.799754,51.558177,On or near Nelson Street,E01015478,Swindon 021A,Investigation complete; no suspect identified
fe325c82dc99531ee33bb3a4df8f0c5d192570406e7f1ba2cc5e6cb839014a6f,2022-11,Wiltshire Police,Wiltshire Police,-1.772899,51.551537,On or near ,E01015534,Swindon 024B,Investigation complete; no suspect identified
9f2ee6f39436f32fc169798c0c8e460143b7ceab4f2a53cf5b122e5247a91046,2022-11,Wiltshire Police,Wiltshire Police,-1.755319,51.189919,On or near Langemarck Close,E01031989,Wiltshire 046A,Investigation complete; no suspect identified
3f147890803cba10143dd572a06d2e12ec44f70787d132851ca43495257a7e77,2022-11,Wiltshire Police,Wiltshire Police,-1.819066,51.072716,On or near Cecil Terrace,E01032001,Wiltshire 055A,Investigation complete; no suspect identified
7f292943fecb80811859301a57ffff9924b6edc91efc004bd732db76a1079545,2022-11,Wiltshire Police,Wiltshire Police,-1.975507,51.358364,On or near Harebell Way,E01032692,Wiltshire 025G,Investigation complete; no suspect identified
1e8b911f0b7318f47f525a34d498159ed7dcbc90f6ab7a6ef3cab3fb1fccfcbb,2022-11,Wiltshire Police,Wiltshire Police,-2.251913,51.337504,On or near Spencers Orchard,E01032049,Wiltshire 027E,Investigation complete; no suspect identified
672d9309c6ce2c6bd2643664236fc07e3f6ba318ded3b31f48815028d40d88ea,2022-11,Wiltshire Police,Wiltshire Police,-1.775348,51.587256,On or near A4311,E01015543,Swindon 003A,Investigation complete; no suspect identified
b6c081cee06be03171a729cadd4b17708312e7bab94cee947532c6c5e1602b55,2022-11,Wiltshire Police,Wiltshire Police,-1.767870,51.561993,On or near Munro Close,E01015574,Swindon 017C,Unable to prosecute suspect
98f0d21f5ff93ac424b2829de4ce97c5ff9535f7d86b9fa6db25cbe908091daa,2022-11,Wiltshire Police,Wiltshire Police,-2.122643,51.412216,On or near Melksham Road,E01031942,Wiltshire 018E,Investigation complete; no suspect identified
fd6a89ef62942c8d55bf569856b235be6ba274ca8c1aea17f4bf6be71af925d7,2022-11,Wiltshire Police,Wiltshire Police,-1.992412,51.351515,On or near Rendells Court,E01031856,Wiltshire 026D,Investigation complete; no suspect identified
673622f62f14e01efe9ecbba15a9c84107d341433d36f5bb487563db106652fa,2022-11,Wiltshire Police,Wiltshire Police,-1.819171,51.196087,On or near Gore Road,E01031998,Wiltshire 045C,Suspect charged as part of another case
11a736320a2ee581351c81ebc09f3db1301cb67b32f922dd26c6ba4097961f83,2022-11,Wiltshire Police,Wiltshire Police,-1.826925,51.567031,On or near Winlaw Close,E01015561,Swindon 014A,Investigation complete; no suspect identified
a19e5d42dd04bdb84c155804bf08eaa82c31550dce9a626e1088e5d7811793f2,2022-11,Wiltshire Police,Wiltshire Police,-2.001491,51.439237,On or near Grierson Close,E01031896,Wiltshire 015B,Unable to prosecute suspect
742788a90e5a4062a2daed1323282904b6f3a359f63ec788521b8898ec73d3be,2022-11,Wiltshire Police,Wiltshire Police,-1.794631,51.523254,On or near Zoar Close,E01015587,Swindon 025E,Investigation complete; no suspect identified
c25ff7bffa6f2dc54a776df2b1755736375a4dd514f8ddb0a21b14b09d1afc19,2022-11,Wiltshire Police,Wiltshire Police,-2.180931,51.203981,On or near ,E01032103,Wiltshire 044A,Investigation complete; no suspect identified
7abc3de530d26a0f4087588e085d4d4501d9fd0f87afd3320ab0e8c721c8f2a1,2022-11,Wiltshire Police,Wiltshire Police,-1.839760,51.552016,On or near Kimbolton Close,E01015500,Swindon 018B,Investigation complete; no suspect identified
6c135e584b64ee2f023543298a492bd5e41e906608cca843f6096a6789b0157e,2022-11,Wiltshire Police,Wiltshire Police,-1.794434,51.056031,On or near Woodbury Gardens,E01032005,Wiltshire 059A,Unable to prosecute suspect
a73c37bdac88419171b0f16d8c88aa22318a6a3e4012f6da9ac24541da922a95,2022-11,Wiltshire Police,Wiltshire Police,-2.128456,51.459730,On or near Loyalty Street,E01031910,Wiltshire 009B,Further investigation is not in the public interest
5c04e67e261b3050dbd6d0e1ca95dc44a6a5fc6d607033a04810bc81a18cefea,2022-11,Wiltshire Police,Wiltshire Police,-2.203231,52.513724,On or near The Close,E01029645,South Staffordshire 013A,Investigation complete; no suspect identified
3b995b7f11a43a2215f35123bbf1abcbafd4d6eb5d973db2d46ae6be7d877d3f,2022-11,Wiltshire Police,Wiltshire Police,-1.787721,51.552437,On or near A4289,E01015497,Swindon 019D,Unable to prosecute suspect
bee264f64201b8f53c366511473125f894539518617255c22c640ef200d949f5,2022-11,Wiltshire Police,Wiltshire Police,-1.785302,51.560868,On or near ,E01015494,Swindon 019A,Investigation complete; no suspect identified
c21f40293af0042fac8b213a4b99cdcc13697c7982a2bfa7a3c5836d2ece9aa2,2022-11,Wiltshire Police,Wiltshire Police,-1.998038,51.435605,On or near Anchor Road,E01031901,Wiltshire 016B,Investigation complete; no suspect identified
47c76846d83974bacabb31c4515d026ec590893d2defaa7fd401bfee7569aacd,2022-11,Wiltshire Police,Wiltshire Police,-1.821612,51.196643,On or near ,E01031998,Wiltshire 045C,Suspect charged
e26d60c6015534c83e4a88aef3ec4063c71bc3a47afcdc9a0ff6eccb0305387f,2022-11,Wiltshire Police,Wiltshire Police,-1.795252,51.067893,On or near ,E01032022,Wiltshire 058C,Investigation complete; no suspect identified
bb37fbb3a4751da7bf5a651fc79982496ceca9b9842ef111ad75f059228acaaf,2022-11,Wiltshire Police,Wiltshire Police,-1.832429,51.087645,On or near Maryland Close,E01031980,Wiltshire 052A,Unable to prosecute suspect
1628b6adc78c4bd012998bb32ab435c2e1720f369c2a66367036f2db0c190111,2022-11,Wiltshire Police,Wiltshire Police,-1.843048,51.413327,On or near Gunsite Road,E01031884,Wiltshire 012E,Investigation complete; no suspect identified
df0c30b242f7dce48c9647facfea153611db2c492eec2da6d25554e8f084d986,2022-11,Wiltshire Police,Wiltshire Police,-1.790708,51.561596,On or near Emlyn Square,E01015476,Swindon 015B,Unable to prosecute suspect
b74e35e21d67f3a6eb3c2411a018a07dad9cb144e2a97c0c0456cd4881f08809,2022-11,Wiltshire Police,Wiltshire Police,-2.118597,51.459992,On or near Foghamshire,E01031912,Wiltshire 011B,Unable to prosecute suspect
ff972db0001e455bcc6e07036fe9334604810abb8169fdfd283aa4148cc069c6,2022-11,Wiltshire Police,Wiltshire Police,-1.790050,51.560354,On or near Milton Road,E01015476,Swindon 015B,Investigation complete; no suspect identified
e6297b02a1b97400e3ab5942a4217339fe35a2f49aa19c67352f385df2ad7318,2022-11,Wiltshire Police,Wiltshire Police,-1.827003,51.083932,On or near Woodside Road,E01031983,Wiltshire 052D,Investigation complete; no suspect identified
d54e1bdb19e027170d2a0feaf207f79270f5f91d42b16b12062336d00ad6ae3e,2022-11,Wiltshire Police,Wiltshire Police,-1.843048,51.413327,On or near Gunsite Road,E01031884,Wiltshire 012E,Investigation complete; no suspect identified
412aa96ca2fd14f99c463b26d8197c3d1682ab3d4bcf20ffbdf5ac31f4177d00,2022-11,Wiltshire Police,Wiltshire Police,-1.843048,51.413327,On or near Gunsite Road,E01031884,Wiltshire 012E,Investigation complete; no suspect identified
2bdfc7cedb0c08d22e7faba408e8c74c8e8f7eca2593f72859639cbcaf010123,2022-11,Wiltshire Police,Wiltshire Police,-1.798915,51.091890,On or near Old Castle Road,E01032018,Wiltshire 053A,Investigation complete; no suspect identified
a209c54ce828132e1cb2cf2d5d56ef53e14c3628debbf4d10fc31b8593fa14e3,2022-11,Wiltshire Police,Wiltshire Police,-1.775575,51.549933,On or near Station Approach,E01015534,Swindon 024B,Investigation complete; no suspect identified
0a89d5b1e511c7d0d92d7b4d6cc6e8d3ab940661ad6577a4cc6134ff0fcd220f,2022-11,Wiltshire Police,Wiltshire Police,-2.128456,51.459730,On or near Loyalty Street,E01031910,Wiltshire 009B,Investigation complete; no suspect identified
8032423ff5839d0535171eef87446c79e047115d25a8e341806a903254de5d64,2022-11,Wiltshire Police,Wiltshire Police,-1.790552,51.554699,On or near Clifton Street,E01015494,Swindon 019A,Investigation complete; no suspect identified
7cc73032e69b03427fb4b52b1c859f53e5853d387a69abd4aaedcf0545eb91cc,2022-11,Wiltshire Police,Wiltshire Police,-1.991831,51.053298,On or near ,E01032031,Wiltshire 061D,Investigation complete; no suspect identified
b811f5b4ac232189f1606b43c3629876334d24d0dda4e3122e8d3fb90f48eaf1,2022-11,Wiltshire Police,Wiltshire Police,-1.805500,51.563734,On or near Montagu Street,E01015579,Swindon 012C,Investigation complete; no suspect identified
b2fcc47b9cb2834e0061d7560dd03e5bcbc0088d145bc14f701faa2fac470a28,2022-11,Wiltshire Police,Wiltshire Police,-1.749052,51.192325,On or near Cambrai Road,E01031989,Wiltshire 046A,Investigation complete; no suspect identified
f3908cbc900a23a63164a96f5dcfdeb6af6f43251e39576d14687c17991f19a7,2022-11,Wiltshire Police,Wiltshire Police,-2.097066,51.595702,On or near Jenner Lane,E01031948,Wiltshire 002C,Investigation complete; no suspect identified
60b91c9ef95af65e650ec2e4370d52a7fecfcc0095c098fa31eba7e7a0c90de6,2022-11,Wiltshire Police,Wiltshire Police,-1.743934,51.583262,On or near Azelin Court,E01015553,Swindon 009E,Investigation complete; no suspect identified
fe5987104860cf957f70346a02bfb31fd4bd611aa76e6337d572141ee06dfeec,2022-11,Wiltshire Police,Wiltshire Police,-2.251913,51.337504,On or near Spencers Orchard,E01032049,Wiltshire 027E,Investigation complete; no suspect identified
b6f05408fd1033cb100a2fcdca3c95cff613fe3a802e4a513a36f90813645919,2022-11,Wiltshire Police,Wiltshire Police,-2.160200,51.514935,On or near The Chase Park,E01031951,Wiltshire 008D,Investigation complete; no suspect identified
ab0a51142c22f88092a273587617766041af5a78dffecb914c1b7e900948bed8,2022-11,Wiltshire Police,Wiltshire Police,-1.790708,51.561596,On or near Emlyn Square,E01015476,Swindon 015B,Unable to prosecute suspect
068d627fe91957c6460cc21479003aa3fd3a4e6b583e359e55b28655127a2f27,2022-11,Wiltshire Police,Wiltshire Police,-1.795021,51.558564,On or near B4289,E01015476,Swindon 015B,Investigation complete; no suspect identified
490643a4bbfafb2761ef173e66f43c13cde0037123ae3b523c5666348d1edcc1,2022-11,Wiltshire Police,Wiltshire Police,-2.111335,51.456529,On or near Ladds Lane,E01031917,Wiltshire 011D,Investigation complete; no suspect identified
3d6a88da3a7d9de3e5869e19f617e7a4bd731c09b195c458c214cbe0b41c7c93,2022-11,Wiltshire Police,Wiltshire Police,-1.790333,51.066724,On or near Barnard Street,E01032023,Wiltshire 059D,Suspect charged
02cd1a5ef69a5cf405f4b1e3d9664688dbf2378d0ed09231a475dc9d5b78815d,2022-11,Wiltshire Police,Wiltshire Police,-1.784331,51.564767,On or near Wellington Street,E01015476,Swindon 015B,Unable to prosecute suspect
d29eb609181afa28b7f8dbfb6f276ff86b41ed8ac31d9668931e1b5b3f4d3a83,2022-11,Wiltshire Police,Wiltshire Police,-1.628555,51.251891,On or near Wellesley Road,E01031878,Wiltshire 041C,Investigation complete; no suspect identified
bf1974358c948beeff114f2e60575265ac6ba9708713f37df395a607517362d7,2022-11,Wiltshire Police,Wiltshire Police,-1.784331,51.564767,On or near Wellington Street,E01015476,Swindon 015B,Unable to prosecute suspect
01fac7454b8f11166308cc141d211d9f9777c1328c94a3c23be401dcaa2cbea2,2022-11,Wiltshire Police,Wiltshire Police,-1.770754,51.176328,On or near ,E01031974,Wiltshire 048A,Investigation complete; no suspect identified
31ffa2beb5022085f9dc795791ae713aa2037068099886609b857552ba0149c6,2022-11,Wiltshire Police,Wiltshire Police,-1.962735,51.506722,On or near St Josephs Way,E01031946,Wiltshire 007D,Investigation complete; no suspect identified
7c60260b60e87639437fdb25bcd19953ad4ea2c41966f78f2fe86c7f2b929948,2022-11,Wiltshire Police,Wiltshire Police,-1.810567,51.597622,On or near Mazurek Way,E01032710,Swindon 028E,Investigation complete; no suspect identified
b751dedc9d4a2ffb9c2bf3e9fdd86f1acf6027bb6946c3fc569d11a5820e79f1,2022-11,Wiltshire Police,Wiltshire Police,-1.664318,51.244140,On or near Baker Close,E01032698,Wiltshire 041H,Investigation complete; no suspect identified
d54ede6117e91b9a7c27d8a8ac8af8fb05100d292f2dfadb6675f8daf181bf88,2022-11,Wiltshire Police,Wiltshire Police,-0.090576,51.473580,On or near Jephson Street,E01003921,Southwark 021C,Investigation complete; no suspect identified
f1c8b1e0623f64e5eebb45fb621656ceeba640b74ec169b416ce2ca037f4fd4e,2022-11,Wiltshire Police,Wiltshire Police,-1.756018,51.550137,On or near Eaton Close,E01015542,Swindon 020E,Suspect charged
13f157c667ef9e2521acc05e193263dc7984a8389a21690ec505ba9cc01bb527,2022-11,Wiltshire Police,Wiltshire Police,-2.183374,51.202628,On or near Weymouth Street,E01032106,Wiltshire 044B,Investigation complete; no suspect identified
5fab332fe88258b239c374a5ae75fa48859a000ac7aa871646ba8922bc0efa43,2022-11,Wiltshire Police,Wiltshire Police,-2.181234,51.204421,On or near ,E01032103,Wiltshire 044A,Unable to prosecute suspect
b1e16dfea7434fe382c2e48919ef40bb57a32b0050e083d1e3f447788cbdc1ba,2022-11,Wiltshire Police,Wiltshire Police,-1.875986,51.110602,On or near Sutton Close,E01032013,Wiltshire 049A,Unable to prosecute suspect
632a1576114066f8e1cf440d8faadb3690ef9ca1a1fa594c6c3e4361ba662984,2022-11,Wiltshire Police,Wiltshire Police,-1.780698,51.173011,On or near High Street,E01031979,Wiltshire 048F,Investigation complete; no suspect identified
e1760bc6937e8592e9e7d917f52afe07da2560aaf6bb8887913d2c5a62a4541c,2022-11,Wiltshire Police,Wiltshire Police,-1.793187,51.066936,On or near Ivy Street,E01032022,Wiltshire 058C,Investigation complete; no suspect identified
350fe83cae829dee744457c887d423bb752ab67379c6c434f0ff0431b2faa0bf,2022-11,Wiltshire Police,Wiltshire Police,-1.992211,51.349653,On or near Bridewell Street,E01031856,Wiltshire 026D,Investigation complete; no suspect identified
df98aafefa87df41d3a8e42fb0bf7e67e5fb691bff48af6dd092f02789890aa9,2022-11,Wiltshire Police,Wiltshire Police,-1.980896,51.350273,On or near Kingsley Road,E01031851,Wiltshire 025B,Unable to prosecute suspect
ae99b614909d1e8903bf12bc8c15c10d5ece650ccac75554463fc988db79add0,2022-11,Wiltshire Police,Wiltshire Police,-1.991120,51.351694,On or near ,E01031856,Wiltshire 026D,Investigation complete; no suspect identified
098d8901057e4369647ade6da3b27b1ca0efa9778ec43aa831f8488a63450dd4,2022-11,Wiltshire Police,Wiltshire Police,-2.004787,51.329081,On or near Blackberry Lane,E01031872,Wiltshire 028D,Investigation complete; no suspect identified
7ffd7611d64b2be4958c0f9b3b144340d8697cbacc9ac317354ffc89c65349e8,2022-11,Wiltshire Police,Wiltshire Police,-1.799153,51.524080,On or near Markham Place,E01015587,Swindon 025E,Investigation complete; no suspect identified
8b9b79a6b3cfb18e1bb52a07594dc79cc85190f51defc48e648881b91c48cde9,2022-11,Wiltshire Police,Wiltshire Police,-1.738562,51.553534,On or near Lawrence Close,E01015487,Swindon 023A,Investigation complete; no suspect identified
93cf4c838f5633bc2303808db9a896915aff679616bbc259eee863ffece6a386,2022-11,Wiltshire Police,Wiltshire Police,-2.246490,51.340888,On or near Poulton,E01032049,Wiltshire 027E,Investigation complete; no suspect identified
c156059f4c530546e6778f2870c53a776de90cec802358e0b2ba5c13cb2e1311,2022-11,Wiltshire Police,Wiltshire Police,-1.799622,51.555308,On or near ,E01015478,Swindon 021A,Unable to prosecute suspect
1f738091fc6f6a7658578b6e6d8d184f73fedaf06cd0272e267e86cb757ae058,2022-11,Wiltshire Police,Wiltshire Police,-2.142335,51.442271,On or near Deere Avenue,E01031931,Wiltshire 018A,Investigation complete; no suspect identified
25fd3575c89f43075d6044e76cef8692cfe7b4b541928017689f7485d80a1f6e,2022-11,Wiltshire Police,Wiltshire Police,-1.799004,51.561314,On or near ,E01032708,Swindon 012F,Investigation complete; no suspect identified
cf2356dab23768fd3b69bc146a0e592eb80d5f6f281ea2c7a40dc6917af441d9,2022-11,Wiltshire Police,Wiltshire Police,-1.595504,51.377073,On or near Brook Street,E01031843,Wiltshire 029A,Investigation complete; no suspect identified
17347c6a3ff4858a2426264ae091cbb9234622d4ba1e5b0164237af7cdbc110e,2022-11,Wiltshire Police,Wiltshire Police,-1.793411,51.067791,On or near ,E01032023,Wiltshire 059D,Investigation complete; no suspect identified
e4cb6b337fe0b03d2a25fdb9caaf83738e4bd28586a96bb51adf95bb43b26565,2022-11,Wiltshire Police,Wiltshire Police,-1.999908,51.445711,On or near William Street,E01031895,Wiltshire 015A,Investigation complete; no suspect identified
956ac769246ae917a37f1ca396166c5a3c0406c549098015f40f1aade3e2d4f4,2022-11,Wiltshire Police,Wiltshire Police,-1.727200,51.538528,On or near ,E01015547,Swindon 008C,Investigation complete; no suspect identified
e1b792b105848bea8eb198fec8d8dca051f8a5ad2aab4abc31980ed6308da310,2022-11,Wiltshire Police,Wiltshire Police,-1.764004,51.335614,On or near Raffin Lane,E01031869,Wiltshire 024B,Investigation complete; no suspect identified
e0d7518cc8eb229844b6a0208ea545eb5195d280e288b5f10e1bdf11c9c7e431,2022-11,Wiltshire Police,Wiltshire Police,-1.786886,51.561517,On or near Queen Street,E01015476,Swindon 015B,Investigation complete; no suspect identified
4de95688b5d548a6af09bb2aa9e0c6ce43a8769950a8f2f9f182bd8bfb4f265f,2022-11,Wiltshire Police,Wiltshire Police,-1.774800,51.435155,On or near ,E01031868,Wiltshire 012B,Unable to prosecute suspect
94e43c305161680eaff91f4f43b5fb2fae0c9fe29f60738ff7242324620c0091,2022-11,Wiltshire Police,Wiltshire Police,-1.800756,51.570510,On or near ,E01015578,Swindon 012B,Investigation complete; no suspect identified
17a9b67bedb965e54c9aa3abbbb4f8315a442432b3a1f7cf9b706b6e0691757b,2022-11,Wiltshire Police,Wiltshire Police,-1.787279,51.560707,On or near ,E01015476,Swindon 015B,Unable to prosecute suspect
8f0ea95327586279d325cc79d69a95e2de5f0971f4a1a0a23d556a46ee5b2f83,2022-11,Wiltshire Police,Wiltshire Police,-2.127219,51.361777,On or near Tedder Gardens,E01032070,Wiltshire 021D,Investigation complete; no suspect identified
bc0dc1cb5ff19d39fb5ffa457b726de52803494087e7bb9cfb010885b32123ed,2022-11,Wiltshire Police,Wiltshire Police,-2.251913,51.337504,On or near Spencers Orchard,E01032049,Wiltshire 027E,Investigation complete; no suspect identified
bf0de6ec1387a337fa943cf77c31ce6bf1995885b328cca32eeff73dd4e1a0a1,2022-11,Wiltshire Police,Wiltshire Police,-1.711044,51.633025,On or near Westrop,E01015519,Swindon 001A,Unable to prosecute suspect
e24d03c28d3b381fc39daffe931d874086cb323cdf4dc1b9159ae7e8eb2ba22b,2022-11,Wiltshire Police,Wiltshire Police,-1.750954,50.992992,On or near The Borough,E01031995,Wiltshire 062E,Investigation complete; no suspect identified
19d149aa47d10f84b67c7ed9e02758dd4e65ecf726789177eacb9c012074e180,2022-11,Wiltshire Police,Wiltshire Police,-1.797427,51.529805,On or near Halifax Close,E01015586,Swindon 025D,Investigation complete; no suspect identified
cadab8d5701e2d8029cf832e911299e9bf24b246fa0cdcee1f7d71a18124a237,2022-11,Wiltshire Police,Wiltshire Police,-1.830918,51.556158,On or near Edington Close,E01015569,Swindon 022D,Investigation complete; no suspect identified
a9cd058c0abfab0b95c066ccdf7570697067c2d810d376f7253bccfd39c6f9dd,2022-11,Wiltshire Police,Wiltshire Police,-2.251913,51.337504,On or near Spencers Orchard,E01032049,Wiltshire 027E,Investigation complete; no suspect identified
7d8baf8eac3fb0c53a951e7f17146985c61fd972a731d3ff549e13c5d8484e84,2022-11,Wiltshire Police,Wiltshire Police,-2.197641,51.261916,On or near Phoenix Rise,E01032118,Wiltshire 040D,Investigation complete; no suspect identified
c79628181e03414288585ed876d89324928a88beec84328fd8815fdf3d46311e,2022-11,Wiltshire Police,Wiltshire Police,-1.783422,51.561915,On or near College Street,E01032714,Swindon 019E,Unable to prosecute suspect
7d2fae80bb237dc0beabcc65f896ab86191a7ec8ff722909b35e63652cea7cfe,2022-11,Wiltshire Police,Wiltshire Police,-1.772343,51.196446,On or near Paddock Wood,E01031996,Wiltshire 046B,Unable to prosecute suspect
4ec1de3a57e27febcfd865f395c5860cb2f5bb17890512df26ba4c046b46eb81,2022-11,Wiltshire Police,Wiltshire Police,-2.188292,51.166561,On or near ,E01032082,Wiltshire 047E,Investigation complete; no suspect identified
d0d09fc6bc4f6fdb285d587ded5430bbe1f7cc4f798763a4deafb95c441215e5,2022-11,Wiltshire Police,Wiltshire Police,-2.251913,51.337504,On or near Spencers Orchard,E01032049,Wiltshire 027E,Investigation complete; no suspect identified
e9ae545fecb38bcdd07124914a12ac94c857b8e58ff2e909ca08c0328fd9efec,2022-11,Wiltshire Police,Wiltshire Police,-1.825661,51.599416,On or near Lampeter Road,E01032703,Swindon 026C,Investigation complete; no suspect identified
13a0e1b5e7f9535376a592994e519216e5be16b6b10678b1e8b77b964a0bfa5c,2022-11,Wiltshire Police,Wiltshire Police,-1.786369,51.069145,On or near The Avenue,E01032015,Wiltshire 056B,Investigation complete; no suspect identified
529c3d313468d4641c1efb7692966c62cbe5dd39ce1378e5b305aa047148e985,2022-11,Wiltshire Police,Wiltshire Police,-1.786621,51.562631,On or near Fleet Street,E01015476,Swindon 015B,Investigation complete; no suspect identified
a1ff45ebda6193a10d0543edfa43356b16d9059b14e639d21b5230ee420960e8,2022-11,Wiltshire Police,Wiltshire Police,-1.719055,51.580463,On or near ,E01015473,Swindon 008A,Unable to prosecute suspect
36a6f72c40d6e19b9a7a624db48b7667b439e4c6236abf2d580ea482fd19ab37,2022-11,Wiltshire Police,Wiltshire Police,-2.251913,51.337504,On or near Spencers Orchard,E01032049,Wiltshire 027E,Investigation complete; no suspect identified
433297cc6a1495cf4ac98310f54eaa9b1646ebbbc2af49f94aa137d1cd7896ad,2022-11,Wiltshire Police,Wiltshire Police,-1.982273,51.354202,On or near Dowse Road,E01031850,Wiltshire 025A,Investigation complete; no suspect identified
686dc45241286072c3f530cd02606c8f372b303b3707f33bec5eea4cc4cdc2d6,2022-11,Wiltshire Police,Wiltshire Police,-1.802874,51.590398,On or near Tweed Close,E01015514,Swindon 004B,Investigation complete; no suspect identified
1b5116adc03c4501a8de7592bdd70e498db9724662f78259d1783279592ebbd2,2022-11,Wiltshire Police,Wiltshire Police,-1.810946,51.589818,On or near Brookdene,E01015515,Swindon 004C,Unable to prosecute suspect
b8548c5103251d19ea42e8e8b99f7ff071e1e06c54bb17229e79712bd4c8e47b,2022-11,Wiltshire Police,Wiltshire Police,-2.099199,51.448843,On or near Hancock Close,E01031923,Wiltshire 014D,Investigation complete; no suspect identified
091111d93539073ba0bad3f26c6e1f42153ab06358da89ddc302272e7e6a9884,2022-11,Wiltshire Police,Wiltshire Police,-1.806513,51.603765,On or near Fontmell Close,E01015471,Swindon 028A,Investigation complete; no suspect identified
b0b866a161dc5783fc26eefcde03c4bb6e060da6e1441aefbd559e065c02f011,2022-11,Wiltshire Police,Wiltshire Police,-1.800355,51.072587,On or near Spire View,E01032024,Wiltshire 055D,Investigation complete; no suspect identified
874202cbf18b8127c459331652039ad2553932a88cbc42f010d58b4ead5e6c49,2022-11,Wiltshire Police,Wiltshire Police,-2.094020,51.449135,On or near The Turnpike,E01031922,Wiltshire 014C,Investigation complete; no suspect identified
2379730292d630b0131c713b734a3de91c62bd6e98f490b3ffabc5349078f772,2022-11,Wiltshire Police,Wiltshire Police,-1.730882,51.420164,On or near ,E01031863,Wiltshire 019C,Investigation complete; no suspect identified
6cf023d0b794a4ed0d3d95b1d0b9cb7cca697281af8a13faaebcc345c439cf4a,2022-11,Wiltshire Police,Wiltshire Police,-2.138282,51.372474,On or near High Street,E01032068,Wiltshire 022D,Investigation complete; no suspect identified
d48072b31e9c7db79ca5af14ea8ce3df6c64e0d9b8b1ff957f8a38e0b564fcfd,2022-11,Wiltshire Police,Wiltshire Police,-1.985531,51.360928,On or near Golden Road,E01032693,Wiltshire 025H,Further investigation is not in the public interest
fdd3948049bfc88d9b148ac8e3cc4442cfde9c3d285c6d060f7280734c302abf,2022-11,Wiltshire Police,Wiltshire Police,-1.835489,51.564697,On or near Ancona Close,E01015566,Swindon 011D,Investigation complete; no suspect identified
5d8ec2e089fb90bbef0544208c5193d4b846d0491c672df8f193498d728207b6,2022-11,Wiltshire Police,Wiltshire Police,-1.863760,51.081103,On or near Crow Lane,E01032039,Wiltshire 054E,Investigation complete; no suspect identified
6e2a03a7be0c6a4a9a6f09de2123543175d54acb0ad9093218814e6565dd6b5f,2022-11,Wiltshire Police,Wiltshire Police,-1.744382,51.585817,On or near Browning Close,E01015553,Swindon 009E,Local resolution
e5ddb363118fc500386c4eae148fcedba8fa926a797e943d6d80de7dda3a0327,2022-11,Wiltshire Police,Wiltshire Police,-1.734967,51.576580,On or near A420,E01015551,Swindon 009C,Investigation complete; no suspect identified
a890cff007242604fcfe3fd587632e082fa8c69ef782fad8602297d5dbf1395d,2022-11,Wiltshire Police,Wiltshire Police,-1.792783,51.071018,On or near ,E01032014,Wiltshire 056A,Investigation complete; no suspect identified
9e96923f00380dcc0563663e44a0e11d5550d11f70cba7b47b468045bb538e4e,2022-11,Wiltshire Police,Wiltshire Police,-1.816641,51.191758,On or near Fargo Road,E01031998,Wiltshire 045C,Investigation complete; no suspect identified
937761cb56b04eaa122d84d3ef5c1d207dfd10a937c8eab6d8a387205c861b32,2022-11,Wiltshire Police,Wiltshire Police,-1.736281,51.496541,On or near Quebec Road,E01015583,Swindon 025A,Investigation complete; no suspect identified
f54622f6f9ac326066c81babd1f075c14fc98ef25292af626f708bc527e49566,2022-11,Wiltshire Police,Wiltshire Police,-2.004544,51.061732,On or near The Elms,E01032031,Wiltshire 061D,Investigation complete; no suspect identified
f7348cabf887b4a6531ca02abfa01e49ce62be58eaadcfb2b18aab3c2d486c63,2022-11,Wiltshire Police,Wiltshire Police,-1.763121,51.559844,On or near Sussex Place,E01015573,Swindon 016C,Investigation complete; no suspect identified
a856a1cb1e9206cdeaf9f0912f73dc4ed245623619974deb653f832a4682b1a7,2022-11,Wiltshire Police,Wiltshire Police,-1.950393,51.501232,On or near Preston Lane,E01031944,Wiltshire 007B,Investigation complete; no suspect identified
0450a4c006e370c664f3774a3829373ce9fc40de80afaf83e70883cdefb258e8,2022-11,Wiltshire Police,Wiltshire Police,-2.040384,51.315469,On or near Cedar Close,E01031848,Wiltshire 028C,Investigation complete; no suspect identified
5d50a50f71a3ff6636fdf6e805832b2deced3252071469af02b1e173162db48d,2022-11,Wiltshire Police,Wiltshire Police,-1.798516,51.068744,On or near Bridge Street,E01032022,Wiltshire 058C,Investigation complete; no suspect identified
84790f07123d8710f107a8573ccb48e730bacb64a3b683a3a6ddbb5776151d98,2022-11,Wiltshire Police,Wiltshire Police,-1.708835,51.635159,On or near Turnpike Road,E01015519,Swindon 001A,Unable to prosecute suspect
400008b6b3eddf66a441061a9a05f4476f32c86c4ccaee855408a780d0138a1c,2022-11,Wiltshire Police,Wiltshire Police,-1.784788,51.562772,On or near ,E01015476,Swindon 015B,Investigation complete; no suspect identified
cf343eb301baa716612ce6f9d664128e7b1fdcac87236c918b96411a3da3a810,2022-11,Wiltshire Police,Wiltshire Police,-1.758424,51.340476,On or near St Johns Close,E01031870,Wiltshire 024C,Suspect charged
eca43b2226a579a9c90a9fe7ed9ba423c77b948c30d1277b3fb3992cf08de135,2022-11,Wiltshire Police,Wiltshire Police,-1.672432,51.243399,On or near Daunch Close,E01031879,Wiltshire 041D,Investigation complete; no suspect identified
270f036f4c6abb6df5970cb084a233cc69779e9019f9a4fbd14abc6e55b42593,2022-11,Wiltshire Police,Wiltshire Police,-1.826106,51.596459,On or near Markton Close,E01032703,Swindon 026C,Further investigation is not in the public interest
45113f40dcb625c270176531dd56c96cdd3cfcf69a65c25613762bc7fceda803,2022-11,Wiltshire Police,Wiltshire Police,-1.826106,51.596459,On or near Markton Close,E01032703,Swindon 026C,Further investigation is not in the public interest
ffbe1a8685462f0f0b83a31491fb022e2f0f37cd2d715d216a6439193393b54b,2022-11,Wiltshire Police,Wiltshire Police,-1.792756,51.609352,On or near Robinscroft,E01015474,Swindon 008B,Investigation complete; no suspect identified
beb5344bfa5f1173a50011684297db9ff2cf5f8b3969c5bbab2a210aefa0c8c0,2022-11,Wiltshire Police,Wiltshire Police,-1.796845,51.579661,On or near Holly Close,E01015527,Swindon 007C,Investigation complete; no suspect identified
7f79305a3aafc80bbb061ca5048b212a3d01367fad32751580d486a791de3aa1,2022-11,Wiltshire Police,Wiltshire Police,-2.046667,51.091258,On or near ,E01032004,Wiltshire 054B,Investigation complete; no suspect identified
edd3eb4c69b773571c7439e9a3bb55b65cb05af5ff2ccbbafa5102d4594eb5fa,2022-11,Wiltshire Police,Wiltshire Police,-1.749656,51.553153,On or near Royston Road,E01015541,Swindon 020D,Action to be taken by another organisation
2669ae709135b84699562438db5a8a5ed26774e99f2a8a0804190b4365caec39,2022-11,Wiltshire Police,Wiltshire Police,-1.749656,51.553153,On or near Royston Road,E01015541,Swindon 020D,Action to be taken by another organisation
7c8d0fc79eaaa73aa5e538a5f623749d76574d9d2aa3cb95b0fa0a284c73bf48,2022-11,Wiltshire Police,Wiltshire Police,-1.792462,51.578853,On or near Cunningham Road,E01015580,Swindon 007D,Investigation complete; no suspect identified
93ca52092630410c4f6b12659b8ae06ab0a54a71f7f12708a04edc0085bb8f87,2022-11,Wiltshire Police,Wiltshire Police,-1.749656,51.553153,On or near Royston Road,E01015541,Swindon 020D,Action to be taken by another organisation
a822b9c1f73b64d60cb40bb4a62e7405656d1ad0cc3843d79d55fb5c65933e9c,2022-11,Wiltshire Police,Wiltshire Police,-1.796668,51.580479,On or near Mulberry Grove,E01015529,Swindon 006C,Investigation complete; no suspect identified
969506023efe879863a2105818420b797840ef7c13d0edd15b11a6b9c895e9d9,2022-11,Wiltshire Police,Wiltshire Police,-1.788354,51.103355,On or near Grouse Road,E01032011,Wiltshire 057B,Investigation complete; no suspect identified
096b6e8bda9263933aec058cad932f49332d72f819da566e1da647301eba9dd0,2022-11,Wiltshire Police,Wiltshire Police,-1.781431,51.558845,On or near Regent Circus,E01032714,Swindon 019E,Local resolution
d03de142750fc6c3a93e754ccf2b76d6d27a807025b2428f34893354ae4c521d,2022-11,Wiltshire Police,Wiltshire Police,-2.012717,51.352207,On or near Beauclerc Street,E01031853,Wiltshire 026A,Investigation complete; no suspect identified
998e741b10115bb8ded7f80fb6992ece0b7f51b7710063f41583526f68609394,2022-11,Wiltshire Police,Wiltshire Police,-1.943899,51.356996,On or near Coate Lane,E01031844,Wiltshire 034A,Investigation complete; no suspect identified
8b5c7672a98b3e7990890dbf28fbb7470b2fbe1a7056a7536edf02109e57caab,2022-11,Wiltshire Police,Wiltshire Police,-1.815255,51.594995,On or near Winterbourne Road,E01032700,Swindon 026B,Investigation complete; no suspect identified
c66a806d41c5cd80a0f9448fed28fb91b2070ae795ac2405374f8b4ca96190b8,2022-11,Wiltshire Police,Wiltshire Police,-2.187998,51.336141,On or near Newleaze,E01032079,Wiltshire 030C,Unable to prosecute suspect
b2f265ba9b6587c3de7e2ed28b4c60ee807b1a47d75cf150e1f0191c144e6c96,2022-11,Wiltshire Police,Wiltshire Police,-1.619353,51.254065,On or near Lady Jane Walk,E01031878,Wiltshire 041C,Investigation complete; no suspect identified
cd4418b7c88e77edd6e5ffe0f979c3c3c180ef85b9365e9153e2f5e7e1bfbbd6,2022-11,Wiltshire Police,Wiltshire Police,-2.002907,51.327354,On or near Mead Close,E01031872,Wiltshire 028D,Unable to prosecute suspect
d4c2f36ce07cebc5c1a86463ba7442bec5447ed154d3fa26bb4a8f8ff7e58bec,2022-11,Wiltshire Police,Wiltshire Police,-1.791401,51.057806,On or near Burford Avenue,E01032005,Wiltshire 059A,Investigation complete; no suspect identified
fc4df5b4b2ffa1432118f05a80401019c60ccab38abb45de86176e1c8d8bc212,2022-11,Wiltshire Police,Wiltshire Police,-2.203914,51.316053,On or near Bridge Street,E01032094,Wiltshire 035C,Investigation complete; no suspect identified
7712f95de8a0b122518951c8bda68453e212f20bad45f73375757429427a0f23,2022-11,Wiltshire Police,Wiltshire Police,-1.777806,51.559738,On or near Euclid Street,E01015493,Swindon 017B,Investigation complete; no suspect identified
63a179ae3526bd862b87d460ffd10d0a705247b46b19132af54549fbc637f7c1,2022-11,Wiltshire Police,Wiltshire Police,-1.738317,51.121894,On or near Gomeldon Road,E01032034,Wiltshire 049D,Investigation complete; no suspect identified
2671358530e606e94b61e571154413d4c65e483064caf69ffafa547a2b6ce241,2022-11,Wiltshire Police,Wiltshire Police,-1.796722,51.555546,On or near The Moorings,E01015478,Swindon 021A,Investigation complete; no suspect identified
2de16da4499c1dee2ba789232b39850206fde2ed898b950fe85ccd4a49540513,2022-11,Wiltshire Police,Wiltshire Police,-1.871665,51.504823,On or near Redhills,E01031961,Wiltshire 007E,Local resolution
eba004c83f075a56259a677de2493633ea08b170e99f49d35beb036ebcac67ea,2022-11,Wiltshire Police,Wiltshire Police,-1.722959,51.565034,On or near Popplechurch Drive,E01015482,Swindon 013B,Investigation complete; no suspect identified
fc10f4440ec836ba8a207325cd99fd838d027ea843e9dc6174e58b1b1767894f,2022-11,Wiltshire Police,Wiltshire Police,-1.764010,51.340173,On or near Saint Francis Close,E01031870,Wiltshire 024C,Investigation complete; no suspect identified
24dd67f5a1363da88856efb2715e0ef7c5b3362e905e113a7c90ed25726e1a8b,2022-11,Wiltshire Police,Wiltshire Police,-2.142934,51.380920,On or near ,E01032063,Wiltshire 020A,Investigation complete; no suspect identified
c54974ed418afd33856e2d5c3f677b756a1cb48289fccc39562b5914a98a0e13,2022-11,Wiltshire Police,Wiltshire Police,-1.762534,51.561839,On or near Lennox Drive,E01015573,Swindon 016C,Unable to prosecute suspect
f435e645eccba856c2f3b65c83d5190c3be5adcce06e060bb05b3dfa6271d53c,2022-11,Wiltshire Police,Wiltshire Police,-1.784788,51.562772,On or near ,E01015476,Swindon 015B,Investigation complete; no suspect identified
fc3a3264a05cacd782e1cc494d2ae9cb3fdacf60cef39c6aca59d32bbaca8f41,2022-11,Wiltshire Police,Wiltshire Police,-1.793736,51.577840,On or near Wingate Parade,E01015580,Swindon 007D,Investigation complete; no suspect identified
9e107158eb7552ac56862a8363e0eaa46d9544010964563da3c45a8679ddeab9,2022-11,Wiltshire Police,Wiltshire Police,-2.094503,51.578288,On or near Copse View,E01031959,Wiltshire 005C,Investigation complete; no suspect identified
92c288774789ec85481273af42985041b371dfa577566ed0e1e8737146df7e93,2022-11,Wiltshire Police,Wiltshire Police,-2.049477,51.311779,On or near Close Lane,E01031848,Wiltshire 028C,Investigation complete; no suspect identified
30027abab0b9a2d7c721039cf90ee45b493c7819b74441b6e6102b91330ed10e,2022-11,Wiltshire Police,Wiltshire Police,-2.144368,51.379785,On or near ,E01032062,Wiltshire 022A,Investigation complete; no suspect identified
5dc3872267bad89e2b9070f88a9451ac1a140a7acfae8fbde1eb1ed131eadd85,2022-11,Wiltshire Police,Wiltshire Police,-2.217029,51.085000,On or near Sawpit Hill,E01032010,Wiltshire 050A,Investigation complete; no suspect identified
e94ea191dda988c616f6014efb260f8572f864e64b28a3ced0bb2d7c59fb632a,2022-11,Wiltshire Police,Wiltshire Police,-1.704560,51.552365,On or near Burycroft,E01015548,Swindon 008D,Investigation complete; no suspect identified
ec3ab9576650aab61509bb16194ff75c934d1f6724de879876367cad789cb453,2022-11,Wiltshire Police,Wiltshire Police,-1.837283,51.603704,On or near Boatman Close,E01032709,Swindon 026E,Investigation complete; no suspect identified
c3b325ab67183d7f439dd7ee32b68241db90786d491464413db09b42363b3ac5,2022-11,Wiltshire Police,Wiltshire Police,-1.962074,51.364987,On or near Horse Leaze,E01031844,Wiltshire 034A,Unable to prosecute suspect
4b6203aeee6ca9575ff5daa6cb4fcfc7b04e3a1d246ad4f6c8bc6e8d6aadfe93,2022-11,Wiltshire Police,Wiltshire Police,-1.796685,51.072940,On or near Mill Stream Approach,E01032014,Wiltshire 056A,Investigation complete; no suspect identified
1b4bc84caf9a2b75a817428ead124e758b03e28b210e3ef8b6f79dbca2ec9a86,2022-11,Wiltshire Police,Wiltshire Police,-1.825047,51.083929,On or near St Michael's Road,E01031982,Wiltshire 052C,Investigation complete; no suspect identified
4fe569a6dd4e9b895c6454eb2068014ba97c15304969202eb288008eea7066e9,2022-11,Wiltshire Police,Wiltshire Police,-2.075640,51.629156,On or near Gooselands,E01031885,Wiltshire 002A,Investigation complete; no suspect identified
4104b0da6bd99f904afc062e347c510bc90f6da2e9db0e9c1fafe5456e563837,2022-11,Wiltshire Police,Wiltshire Police,-1.637471,50.979198,On or near Pound Hill,E01031973,Wiltshire 062A,Investigation complete; no suspect identified
b25bced48492a4c10a4a2b6c60e156ad2b88baa58964f2be733ea188c9f5eeac,2022-11,Wiltshire Police,Wiltshire Police,-1.824503,51.607669,On or near Rackham Close,E01015474,Swindon 008B,Investigation complete; no suspect identified
ee8ca8c737e709386f07b36e84bb3681ae19d383b2e4721310dd053d9e9cd687,2022-11,Wiltshire Police,Wiltshire Police,-1.777806,51.559738,On or near Euclid Street,E01015493,Swindon 017B,Investigation complete; no suspect identified
62d33532ee241ae81a395b3628f6225a664c9aee795cbf1f6664c5d600782a98,2022-11,Wiltshire Police,Wiltshire Police,-2.237018,51.191229,On or near Longcombe Drive,E01032051,Wiltshire 047A,Investigation complete; no suspect identified
d45cf6b998015a6090237f56e714342a41acc1672d403503f812d10ca999fe89,2022-11,Wiltshire Police,Wiltshire Police,-1.798509,51.552600,On or near Valleyside,E01015498,Swindon 021B,Investigation complete; no suspect identified
93bc933abf37b390a03511a074720242f6a92c6036ab21280cf13f185528413c,2022-11,Wiltshire Police,Wiltshire Police,-2.002907,51.327354,On or near Mead Close,E01031872,Wiltshire 028D,Investigation complete; no suspect identified
4d663c0e40acb545395d4821c5f327103866b50dfd5109e677cbd52e0d3a66b9,2022-11,Wiltshire Police,Wiltshire Police,-2.049477,51.311779,On or near Close Lane,E01031848,Wiltshire 028C,Investigation complete; no suspect identified
9fbfcb7b7197fea38b1a195dc9a35bc22b450b39fb8aafd07f112bf26a844770,2022-11,Wiltshire Police,Wiltshire Police,-2.052644,51.508379,On or near Station Road,E01031891,Wiltshire 013A,Unable to prosecute suspect
7974da4632c3104f5c8c925a3211d163dfe8d316b761d62db392025c9dcf2d78,2022-11,Wiltshire Police,Wiltshire Police,-2.052644,51.508379,On or near Station Road,E01031891,Wiltshire 013A,Suspect charged
659653afdd5167428301171b293f86d9dc4c55854e4e8feacede3fcc4d2966ef,2022-11,Wiltshire Police,Wiltshire Police,-1.781019,51.572664,On or near Norman Road,E01015511,Swindon 010D,Suspect charged
98b1bfcb9370ab002b3f8acf1086baed50fbf2e4944fda45a88d3edd43326a31,2022-11,Wiltshire Police,Wiltshire Police,-1.789755,51.577419,On or near Tedder Close,E01015580,Swindon 007D,Investigation complete; no suspect identified
a70eeefd4bd2851c67d00eb6a52d049b8a3651c5620242e9a342093bd4c5a38e,2022-11,Wiltshire Police,Wiltshire Police,-1.991753,51.092755,On or near Marshwood,E01032004,Wiltshire 054B,Investigation complete; no suspect identified
79646a0e3c9ea493029e2d4b4d8db348dab62922d2681457f4271af09139ce01,2022-11,Wiltshire Police,Wiltshire Police,-2.266700,51.092729,On or near The Yews,E01032037,Wiltshire 050D,Unable to prosecute suspect
3bf6e40496fcd2f5a8659f898806b0e5691f719bee1b37ee0435cc851d63824f,2022-11,Wiltshire Police,Wiltshire Police,-1.809266,51.085334,On or near Castle Keep,E01032018,Wiltshire 053A,Investigation complete; no suspect identified
24fc92b2878dd0330323e9ed3d583b3744ad7e81d45ee21ea7a654f52a3007ff,2022-11,Wiltshire Police,Wiltshire Police,-2.210883,51.318262,On or near Bythesea Road,E01032086,Wiltshire 031B,Suspect charged
74d43c08bf9795a6a5d6aec6592c0a53fbeb5ce960005e1d1429b909bc9db004,2022-11,Wiltshire Police,Wiltshire Police,-2.163232,51.209780,On or near Firbank Crescent,E01032107,Wiltshire 042C,Investigation complete; no suspect identified
c909ac7e5c8687a192adb61a0a8d21e411c227416f005f2b63ff4fc9682d2def,2022-11,Wiltshire Police,Wiltshire Police,-1.762927,51.176717,On or near ,E01031977,Wiltshire 048D,Investigation complete; no suspect identified
99344165243519b9980e29bf5e82df2f766906745513ebe7621383630404e62f,2022-11,Wiltshire Police,Wiltshire Police,-1.719055,51.580463,On or near ,E01015473,Swindon 008A,Local resolution
0817b9eb805e9dee04fc91166379667e79eb05067a323284a5919fd095875d7f,2022-11,Wiltshire Police,Wiltshire Police,-2.217029,51.085000,On or near Sawpit Hill,E01032010,Wiltshire 050A,Investigation complete; no suspect identified
17c041199f4b972588cc7f898d6a6150925f6fbaace79ac501bff01caa6c87fe,2022-11,Wiltshire Police,Wiltshire Police,-2.133138,51.475820,On or near Honeysuckle Close,E01031907,Wiltshire 009A,Investigation complete; no suspect identified
acea9c45cbb3bf9ee5cb69434dc494af5ba681514747194d1f9d7cdf385c8158,2022-11,Wiltshire Police,Wiltshire Police,-1.665376,51.349096,On or near Eastcourt Road,E01031847,Wiltshire 029B,Investigation complete; no suspect identified
87c9fefa437df30b35794861e33575c0b5bd7be315ab2ce48764bc9b9b4bbbda,2022-11,Wiltshire Police,Wiltshire Police,-2.207788,51.319221,On or near Castle Street,E01032086,Wiltshire 031B,Investigation complete; no suspect identified
6f3c540bc5b0d5d533aed79c6dd208a48bbc3d240974206e3e87897fc5e6c8eb,2022-11,Wiltshire Police,Wiltshire Police,-1.830267,51.089404,On or near Grace Close,E01031980,Wiltshire 052A,Investigation complete; no suspect identified
d6392d6eb7d3d1129c531dbc46c1b015837aad7369ca651be1c4bab5f9258830,2022-11,Wiltshire Police,Wiltshire Police,-1.808862,51.597570,On or near ,E01032710,Swindon 028E,Investigation complete; no suspect identified
8294f991fbaa60c3103ad306bf3e6ef5f27f8bbb7d6cacfb342a3654a4bd3635,2022-11,Wiltshire Police,Wiltshire Police,-1.816891,51.554276,On or near Markenfield,E01015568,Swindon 014D,Investigation complete; no suspect identified
2c8186918dfabdf6128153a7b43f49c91a0cc27975bd9b360817d447fd48ae96,2022-11,Wiltshire Police,Wiltshire Police,-2.212436,51.318907,On or near ,E01032086,Wiltshire 031B,Suspect charged
12cbc350e5a50b7a3237d97e97b1dd72ad7a79f6b090d246f701be13432ce7fc,2022-11,Wiltshire Police,Wiltshire Police,-1.807187,51.591259,On or near Wicks Close,E01015516,Swindon 004D,Investigation complete; no suspect identified
b64026a07141810e62f2a39fcd9435133114faf72e9e08a58d1413d8e67c45a8,2022-11,Wiltshire Police,Wiltshire Police,-1.778471,51.553580,On or near ,E01032715,Swindon 019F,Unable to prosecute suspect
9ae96ed0fa14187f2dd404fdb0b5d9696092623e515e99c6d2e7aa98670a4cea,2022-11,Wiltshire Police,Wiltshire Police,-1.832955,51.083671,On or near ,E01031981,Wiltshire 052B,Investigation complete; no suspect identified
9767360b22932b08a97b4a87f08ea288b6ae59b78a55c4a66591c2550dc61c45,2022-11,Wiltshire Police,Wiltshire Police,-1.810946,51.589818,On or near Brookdene,E01015515,Swindon 004C,Unable to prosecute suspect
e009051f785aaa646c34c94ca405cb023eded0abdb7c0bd2ceaa923a01ee2ef8,2022-11,Wiltshire Police,Wiltshire Police,-1.722959,51.565034,On or near Popplechurch Drive,E01015482,Swindon 013B,Investigation complete; no suspect identified
147dfa074c17940e75e456962d36f322ca329f18a35a183822ad6f75fb19b5cc,2022-11,Wiltshire Police,Wiltshire Police,-2.008978,51.398478,On or near Scotts Close,E01031904,Wiltshire 013B,Investigation complete; no suspect identified
e2cd617964b85457bca451d4c4b4f729ecb12c4b04ac6c0e7654e8533cc3e4aa,2022-11,Wiltshire Police,Wiltshire Police,-1.783231,51.083967,On or near Bishopdown Road,E01031986,Wiltshire 051C,Investigation complete; no suspect identified
6293d2907909a9ae13392cdc95f3eb99de2ff8a0c5a883f40984001979df29b1,2022-11,Wiltshire Police,Wiltshire Police,-1.762343,51.562378,On or near Stanley Honey Court,E01015573,Swindon 016C,Investigation complete; no suspect identified
6f4a396cb8983152b1bc9877b351cb21a67a4484b38a0eb782e5afd1db027d71,2022-11,Wiltshire Police,Wiltshire Police,-2.142859,51.356867,On or near Shails Lane,E01032070,Wiltshire 021D,Further investigation is not in the public interest
341fa037b14e5956d4bdebaf4d250af2436cdd55a62b39860f5785279bb3d371,2022-11,Wiltshire Police,Wiltshire Police,-1.828775,51.091353,On or near Whitbred Road,E01031980,Wiltshire 052A,Investigation complete; no suspect identified
018d9437de501cfc618c9eb9b4306a49459f38fa7c384e86db52ef8cbc7480c4,2022-11,Wiltshire Police,Wiltshire Police,-1.709291,51.629244,On or near Brewery Street,E01015520,Swindon 001B,Unable to prosecute suspect
99dda80a6baee0194b29239e26fedcd1ce042da00f07fe7357f557742731cc53,2022-11,Wiltshire Police,Wiltshire Police,-2.210569,51.319199,On or near ,E01032086,Wiltshire 031B,Investigation complete; no suspect identified
c00d32ca39474ec3414437e3c835b776c298bd7adf68b5f12a04593e85fc0752,2022-11,Wiltshire Police,Wiltshire Police,-2.311673,51.343798,On or near Cliffe Drive,E01032060,Wiltshire 023C,Investigation complete; no suspect identified
6db1df09526930124cc754c5204eaa93231af549528f88761d827a25fc05c018,2022-11,Wiltshire Police,Wiltshire Police,-1.786886,51.561517,On or near Queen Street,E01015476,Swindon 015B,Investigation complete; no suspect identified
54b803d25a17374b34432358689460644fa1c0154e5f0ec7a2a07b0a5fca8adc,2022-11,Wiltshire Police,Wiltshire Police,-1.794949,51.555201,On or near Stanmore Street,E01015477,Swindon 015C,Investigation complete; no suspect identified
2c3fe159b1c79ad80daf113c84b0104a7b4d97641835c1b2f313da9e06341f5a,2022-11,Wiltshire Police,Wiltshire Police,-1.781431,51.558845,On or near Regent Circus,E01032714,Swindon 019E,Investigation complete; no suspect identified
dc9011296065aa88150cdab7d0247e3cb9b1e10d793fbe21e56ac08509bceffc,2022-11,Wiltshire Police,Wiltshire Police,-1.763445,51.032741,On or near ,E01032000,Wiltshire 057A,Investigation complete; no suspect identified
e23e5465cae6ca676844eb1cbc117e62e66394f851bbc0e81e4ff962726d2d45,2022-11,Wiltshire Police,Wiltshire Police,-1.722737,50.977102,On or near Lodge Drove,E01031992,Wiltshire 062B,Investigation complete; no suspect identified
52f5f5385cdc5f998cb12ec1c8e874c6fb0d98c3390636fa8029fe8d683919d6,2022-11,Wiltshire Police,Wiltshire Police,-1.678545,51.227518,On or near Bulford Road,E01031880,Wiltshire 041E,Investigation complete; no suspect identified
5d0974b3c7189bf03bcb106e76f62939565aa89c2684c4830c36b2d42ac67c10,2022-11,Wiltshire Police,Wiltshire Police,-1.784024,51.553554,On or near Lansdown Road,E01015497,Swindon 019D,Investigation complete; no suspect identified
6e663f35d48735c9b1918f92d842c344d82aff7cfcd8939dd6d186f3fa62f794,2022-11,Wiltshire Police,Wiltshire Police,-2.153576,51.199057,On or near Grange Lane,E01032104,Wiltshire 042A,Investigation complete; no suspect identified
c86b329cabc69ec5165c496e781319c78c95a89e5056f8ca5034d6c7dc0b8aba,2022-11,Wiltshire Police,Wiltshire Police,-1.788698,51.547035,On or near Belmont Crescent,E01032707,Swindon 021F,Investigation complete; no suspect identified
8539132879a3b77f8e7dd4f03a956b69f5b584b78542d870718146be84b16b1f,2022-11,Wiltshire Police,Wiltshire Police,-2.251913,51.337504,On or near Spencers Orchard,E01032049,Wiltshire 027E,Investigation complete; no suspect identified
a8d0124f918ebca70b4027a368090899e141125c6cc3b8e451e72fdfb533a2ec,2022-11,Wiltshire Police,Wiltshire Police,-1.775544,51.559293,On or near ,E01015493,Swindon 017B,Investigation complete; no suspect identified
f8e38148c351e473bdfbe6377cfdbb65d797cb4775177ea54e6c1c367da305f6,2022-11,Wiltshire Police,Wiltshire Police,-2.008978,51.398478,On or near Scotts Close,E01031904,Wiltshire 013B,Investigation complete; no suspect identified
f29c270984cd2834490181b1f49eb0f22012d29983b0db567faf0efb6a9d7ce5,2022-11,Wiltshire Police,Wiltshire Police,-2.008978,51.398478,On or near Scotts Close,E01031904,Wiltshire 013B,Investigation complete; no suspect identified
8d795d14cb823f58f283e27faa6ff33fdbee0585dec15de6a81db5f6aceb1d71,2022-11,Wiltshire Police,Wiltshire Police,-1.769505,51.561124,On or near Langford Grove,E01015574,Swindon 017C,Suspect charged
3fafefef1cd92884d70f6d1a569dc8bc14dd03bbf9456c64fa4f77553c8c16c8,2022-11,Wiltshire Police,Wiltshire Police,-1.797600,51.236345,On or near Wexland Avenue,E01031867,Wiltshire 038B,Investigation complete; no suspect identified
c08f9c494495da3f4e65f5065d1bac0937ad3a305f7493b3620f47bce9b45c02,2022-11,Wiltshire Police,Wiltshire Police,-1.719055,51.580463,On or near ,E01015473,Swindon 008A,Suspect charged
73a8b0be4b0819d79bdcd4a65b083d0f3af27231301aef1d9853980ae7c928d0,2022-11,Wiltshire Police,Wiltshire Police,-1.759761,51.562409,On or near Raleigh Avenue,E01015575,Swindon 016D,Investigation complete; no suspect identified
7053ca851d61d8b3c150a86d394da4a836298358bfebcb6c364de4465239cdfa,2022-11,Wiltshire Police,Wiltshire Police,-2.177370,51.260384,On or near Hillside Park,E01032119,Wiltshire 040E,Investigation complete; no suspect identified
f3c52dbe2f612704a79fe07fa8655ce17e9a1ea13b45eeba0237455c9cf54afe,2022-11,Wiltshire Police,Wiltshire Police,-1.994882,51.351964,On or near Wine Street,E01031854,Wiltshire 026B,Investigation complete; no suspect identified
30e780a100f805e447804b3fc033e4ef6b0758a3c040ee90cd51d81735d71c9d,2022-11,Wiltshire Police,Wiltshire Police,-1.766297,51.163757,On or near Keel Close,E01031977,Wiltshire 048D,Investigation complete; no suspect identified
c0179b0cbe1cee4f14eb2a2961ba56145a3bb462dab3afa662ffc2a980937378,2022-11,Wiltshire Police,Wiltshire Police,-1.671101,51.353662,On or near The Cleavers,E01031847,Wiltshire 029B,Investigation complete; no suspect identified
cc48c1b04b46b55e99b651e33e1a8a7f7d389aafb8e203f0d0b2889a806ba1f5,2022-11,Wiltshire Police,Wiltshire Police,-1.653455,50.973221,On or near Latchmoor Drove,E01031992,Wiltshire 062B,Investigation complete; no suspect identified
da14237bee2ad9315ee75a56b9b1936d79064d78e4070702582e4b1e68ee1715,2022-11,Wiltshire Police,Wiltshire Police,-1.721646,51.040495,On or near Windwhistle Way,E01031971,Wiltshire 060B,Investigation complete; no suspect identified
4998e97919c5804920a24bccc0aac9b9a60e551abe5e256ee3ec8442dd9c6d57,2022-11,Wiltshire Police,Wiltshire Police,-1.719055,51.580463,On or near ,E01015473,Swindon 008A,Suspect charged
bb06c258a8469fb8a8978453aefe7ab2fc20be10c7ba341e27708eab4f3ae6d5,2022-11,Wiltshire Police,Wiltshire Police,-2.209886,51.322967,On or near ,E01032086,Wiltshire 031B,Suspect charged
bf254cb54fbfa6fe2ccf1f860849e5ef27ce035773da17e38ef28a13947f8f9f,2022-11,Wiltshire Police,Wiltshire Police,-1.826460,51.552681,On or near Luddesdown Road,E01015570,Swindon 022E,Investigation complete; no suspect identified
77e5689e4b256ec2aab92834c997e2c24ebc987e091471beaa369111e2149684,2022-11,Wiltshire Police,Wiltshire Police,-1.813932,51.600837,On or near Spode Close,E01032702,Swindon 027B,Investigation complete; no suspect identified
ea4a5d48e98a0f8d77bba95b5a0acceac5372cbf77ea099cb4548dc796c368cf,2022-11,Wiltshire Police,Wiltshire Police,-1.804135,51.565818,On or near Hughes Street,E01015579,Swindon 012C,Investigation complete; no suspect identified
1a959f1e27d6006e1c60784c62bd80c27019ee3c23e3c8287e73fd26e46a1968,2022-11,Wiltshire Police,Wiltshire Police,-1.822726,51.567241,On or near Rivermead Drive,E01015561,Swindon 014A,Investigation complete; no suspect identified
0a34e5dafb7d7845866e55da3c48260b7108834ee2f5049eaa45c87de3e76278,2022-11,Wiltshire Police,Wiltshire Police,-2.162847,51.509419,On or near ,E01031940,Wiltshire 008B,Investigation complete; no suspect identified
9548337a37c3b83c286ff6e85f7c932189dce2fd37ebdcb1d5bc7902f5957f43,2022-11,Wiltshire Police,Wiltshire Police,-2.162847,51.509419,On or near ,E01031940,Wiltshire 008B,Investigation complete; no suspect identified
ae9b476702d4b7fa2d366dde714d807d82f157e2fc5b99747613b6173a98f9dd,2022-11,Wiltshire Police,Wiltshire Police,-1.768151,51.543652,On or near Hayman Crescent,E01015535,Swindon 024C,Investigation complete; no suspect identified
65ed6fbcaedb352cfa240c318f39c12653cd36958652f0f33be30e7522b149da,2022-11,Wiltshire Police,Wiltshire Police,-2.009715,51.018282,On or near Pound Street,E01031990,Wiltshire 054A,Investigation complete; no suspect identified
21bc91494a9636cb60462171cda0a49bd2b73cabf6caa623839a8d89b0aeedb4,2022-11,Wiltshire Police,Wiltshire Police,-1.811506,51.562145,On or near ,E01015579,Swindon 012C,Investigation complete; no suspect identified
66fbe4fd9c7a7456710e57fae7e59fe8d6ece079a70c1989824b93970f69708f,2022-11,Wiltshire Police,Wiltshire Police,-1.745511,51.611031,On or near Hossil Lane,E01015473,Swindon 008A,Investigation complete; no suspect identified
07472b57b282376dd155518530f6490b1b58822a1adde224b907a73823d1d648,2022-11,Wiltshire Police,Wiltshire Police,-1.762205,51.161456,On or near Haragon Drive,E01031976,Wiltshire 048C,Unable to prosecute suspect
8f0502211d1976a3226d3914c4b7dd3d3810c0a3c07bb11dc7ffb857f9923ca4,2022-11,Wiltshire Police,Wiltshire Police,-1.773814,51.558948,On or near Westmorland Road,E01015493,Swindon 017B,Investigation complete; no suspect identified
11310519292231d088de8c070eebe773caa454bc92c44b5002e2a8d22c072363,2022-11,Wiltshire Police,Wiltshire Police,-2.209886,51.322967,On or near ,E01032086,Wiltshire 031B,Unable to prosecute suspect
eaa9696a9e5518240b5ffa938635e9cedb090056406819c596ddb5f190bcb01f,2022-11,Wiltshire Police,Wiltshire Police,-2.212630,51.314222,On or near Ashleigh Grove,E01032089,Wiltshire 036B,Investigation complete; no suspect identified
059d82329bdafb52c02a24b7df86202b6a474a58214c7a5f85fa078b0ea7b382,2022-11,Wiltshire Police,Wiltshire Police,-1.805611,51.584936,On or near Abbey View Road,E01015529,Swindon 006C,Local resolution
33d9b39b9991a8e5d73f13c6e34c36d9d8aa0b9e9f5bcf4df32aa17e9c323d5d,2022-11,Wiltshire Police,Wiltshire Police,-2.044971,51.616755,On or near Follyfield,E01031894,Wiltshire 004D,Investigation complete; no suspect identified
60425db16ef1678399a0cfde068d476daaa208ab6f2eccda3b9f655062b35848,2022-11,Wiltshire Police,Wiltshire Police,-1.737555,51.044515,On or near High Street,E01031970,Wiltshire 060A,Investigation complete; no suspect identified
ebdb95e34ef138905e91f33fe877fd3ad116ab3f835a6473bdf7201ab0b5e751,2022-11,Wiltshire Police,Wiltshire Police,-2.213345,51.310758,On or near ,E01032095,Wiltshire 035D,Investigation complete; no suspect identified
1e1dd361d7ba973c4b00b947deadae27681016686e83128922a53d66df346468,2022-11,Wiltshire Police,Wiltshire Police,-1.789823,51.043946,On or near ,E01032000,Wiltshire 057A,Investigation complete; no suspect identified
446937ff64bbdaff76b8bb92f4d876441acde96cd48ca5629d4a12ca048d77d1,2022-11,Wiltshire Police,Wiltshire Police,-2.118739,51.359619,On or near Belvedere Road,E01032071,Wiltshire 021E,Investigation complete; no suspect identified
c4bb20c298a29d0c427927261f99de79805f32b7325392d6a8a29953033fcf37,2022-11,Wiltshire Police,Wiltshire Police,-1.793082,51.550316,On or near Celsus Grove,E01032706,Swindon 021E,Investigation complete; no suspect identified
eef88a16ee2ee7cc29f043c19550e5808ca92b5ec86fea9dc584e503433a56a6,2022-11,Wiltshire Police,Wiltshire Police,-1.999894,51.432583,On or near Thomas Court,E01031903,Wiltshire 016D,Investigation complete; no suspect identified
c1fd36903d1fcb514d461da047b367d4c39b14bb98f285f5806be6b8176321ee,2022-11,Wiltshire Police,Wiltshire Police,-1.793082,51.550316,On or near Celsus Grove,E01032706,Swindon 021E,Investigation complete; no suspect identified
7f39695e2d7bb5638ac0f716fcd8f927d4934463f6ddb1246184eb0747e12a17,2022-11,Wiltshire Police,Wiltshire Police,-2.184660,51.262962,On or near Summerdown Court,E01032115,Wiltshire 040A,Unable to prosecute suspect
fe8dbcc31420397799472ccdc9e62324291e4edb012e9baaf4761f98470674b6,2022-11,Wiltshire Police,Wiltshire Police,-1.784788,51.562772,On or near ,E01015476,Swindon 015B,Suspect charged
f9a12f2ff52c548e2b52b2f147fcb92301ff4c101f2bd3ea9f71d1699758ab3b,2022-11,Wiltshire Police,Wiltshire Police,-1.833808,51.582507,On or near Cob Hill,E01031954,Wiltshire 003A,Investigation complete; no suspect identified
a297b78a81602bd805a4bbb9d39e03510a57a1ecfc839a18da915ca842a9b8bb,2022-11,Wiltshire Police,Wiltshire Police,-2.063642,51.511278,On or near Avonweir Lane,E01031891,Wiltshire 013A,Investigation complete; no suspect identified
033478e87fe5546f7a1159a3fde428e342e89718457565e1dc1c155a4c79f8a5,2022-11,Wiltshire Police,Wiltshire Police,-2.063642,51.511278,On or near Avonweir Lane,E01031891,Wiltshire 013A,Investigation complete; no suspect identified
f59f23c3edb5477cd4be466847107fd2b03e534a024d21b470832c635208a29a,2022-11,Wiltshire Police,Wiltshire Police,-1.737604,51.572207,On or near Hadrians Close,E01015481,Swindon 013A,Investigation complete; no suspect identified
a44d584d69a82404fa72213027d84d6ed0d9e8d3be20289c4c2005d9e73a0311,2022-11,Wiltshire Police,Wiltshire Police,-2.063642,51.511278,On or near Avonweir Lane,E01031891,Wiltshire 013A,Investigation complete; no suspect identified
6e9db997a00fd0c2d2b5881830ef6fdde04b0abd8e3eb0b954e0bf63f97523e0,2022-11,Wiltshire Police,Wiltshire Police,-1.828136,51.078754,On or near Jubilee Close,E01031983,Wiltshire 052D,Investigation complete; no suspect identified
952bd9e6c4e4f35094e0c9ada76bed9416775cfdafb2e18cd9c296b90698797c,2022-11,Wiltshire Police,Wiltshire Police,-2.000539,51.348736,On or near West View Crescent,E01031856,Wiltshire 026D,Further investigation is not in the public interest
3cf8c1ce93fffea9feef711c8a5b8b8820bea8b0da45cad5ddd65d26a18809e6,2022-11,Wiltshire Police,Wiltshire Police,-1.790945,51.598128,On or near Milland Close,E01015472,Swindon 028B,Investigation complete; no suspect identified
a96abdb652f0a76cde8ea875ca550e0b43f5b2edcd664df1e4efcbc8cddcdeb0,2022-11,Wiltshire Police,Wiltshire Police,-1.734533,51.556870,On or near Stubsmead,E01015492,Swindon 023F,Investigation complete; no suspect identified
e5f32d4a6c3e6e43e4ec7ab82c7b323bc77da8c992fe0ca0b570caef81509d42,2022-11,Wiltshire Police,Wiltshire Police,-1.765518,51.168027,On or near ,E01031978,Wiltshire 048E,Investigation complete; no suspect identified
9da2e3bc5eff4ce3df84f61f0f71fd6f3e8525022e6cbdd86e3bc24e6a0045c9,2022-11,Wiltshire Police,Wiltshire Police,-1.787741,51.526488,On or near Moormead Road,E01015585,Swindon 025C,Investigation complete; no suspect identified
36a7e11346444518787d2ed88229f5e9be40bf98165bfc6fc469c774563d7f66,2022-11,Wiltshire Police,Wiltshire Police,-2.136449,51.519056,On or near Bouverie Park,E01031951,Wiltshire 008D,Unable to prosecute suspect
49125213e1903cf4019dd0e13a5acc92eb563dff46b5b340ec63af086a5b3f84,2022-11,Wiltshire Police,Wiltshire Police,-1.782422,51.064633,On or near Farley Road,E01032021,Wiltshire 056D,Investigation complete; no suspect identified
477e9aa83ea0b1bae6cadacad442d631919baa357e9f2de5ff9c906966e8824f,2022-11,Wiltshire Police,Wiltshire Police,-2.208818,51.573770,On or near Field View,E01031958,Wiltshire 005B,Unable to prosecute suspect
abe2703947052c0f3d7f7da80980721ed3eafeb4d802b5f84ec66b01c5587a67,2022-11,Wiltshire Police,Wiltshire Police,-1.784788,51.562772,On or near ,E01015476,Swindon 015B,Suspect charged
6d3614520e5e911488ef633d1f38a1f30d11c97d65fe1b89056aa450c6233d23,2022-11,Wiltshire Police,Wiltshire Police,-1.783730,51.554705,On or near Pembroke Street,E01015496,Swindon 019C,Investigation complete; no suspect identified
c0b6b9f5303bb82bc15602fd3b3f9bd04d7c0fe35617137ce0480e222867b399,2022-11,Wiltshire Police,Wiltshire Police,-2.268694,51.513990,On or near Toll Down Way,E01031950,Wiltshire 008C,Investigation complete; no suspect identified
5b4e0834e761a085da8bfb10ab2f980a70b2592895cfb192d3722e05a65b244b,2022-11,Wiltshire Police,Wiltshire Police,-1.776111,51.552443,On or near Wood Street,E01015534,Swindon 024B,Investigation complete; no suspect identified
97b3a457c72f7ae2246326e460ee66b073927017f18897249996c7d1bc185efa,2022-11,Wiltshire Police,Wiltshire Police,-1.708280,51.633764,On or near Downs View,E01015519,Swindon 001A,Investigation complete; no suspect identified
3503d623c62b1e5064b514c04158177d595aa85b3ae4e6c514a00860b38eabb9,2022-11,Wiltshire Police,Wiltshire Police,-1.777324,51.566858,On or near Elmina Road,E01015480,Swindon 015D,Investigation complete; no suspect identified
1f865f2fed966a20a34740e407512ae677f0326a8a81b02f66d9d6d3ada93f1d,2022-11,Wiltshire Police,Wiltshire Police,-2.192319,51.360276,On or near Gipsy Lane,E01032057,Wiltshire 021C,Investigation complete; no suspect identified
a6e2cf5580b3715d7b70bf4fa2991ab024f1d53aecb25fd91a5feb2d734c8635,2022-11,Wiltshire Police,Wiltshire Police,-1.754426,51.564547,On or near Spenser Close,E01015572,Swindon 016B,Investigation complete; no suspect identified
1a05027c7fd60eaf85fd35c12705d35f7b28c6ad4cad891af8c912533498f153,2022-11,Wiltshire Police,Wiltshire Police,-2.176718,51.206262,On or near ,E01032108,Wiltshire 042D,Further investigation is not in the public interest
0b9263419aee8dd3114e692496f5bae8b5a5f32d4bfa62539777da9060b719d0,2022-11,Wiltshire Police,Wiltshire Police,-1.783501,51.599922,On or near The Thatchers,E01015472,Swindon 028B,Investigation complete; no suspect identified
851d1a646598cc6bdddce171465c285ffed621504c62003872c3c30f65b2f5cc,2022-11,Wiltshire Police,Wiltshire Police,-1.781431,51.558845,On or near Regent Circus,E01032714,Swindon 019E,Unable to prosecute suspect
125a10ac1364f22c553c453943958af810ada578a70796856fd19dfa1b9583d1,2022-11,Wiltshire Police,Wiltshire Police,-1.805500,51.563734,On or near Montagu Street,E01015579,Swindon 012C,Suspect charged
78bceae77e5d9d11438aedf0dc49682d5f72e9d0c414cdff4eb6b5a5b78f4453,2022-11,Wiltshire Police,Wiltshire Police,-1.775839,51.584281,On or near Clive Parade,E01015506,Swindon 007A,Investigation complete; no suspect identified
30f1857d8c864fd9dc01e25a7ca1ec70ac0fd78cb951ed96d1bc6846581772f9,2022-11,Wiltshire Police,Wiltshire Police,-1.784788,51.562772,On or near ,E01015476,Swindon 015B,Suspect charged
dda4338157da5015e63c3ac7c8374f1aec0e16e55c0d24693f377116a2c05f54,2022-11,Wiltshire Police,Wiltshire Police,-1.800594,51.557369,On or near Newburn Crescent,E01015478,Swindon 021A,Investigation complete; no suspect identified
47951b3cd437250fb79a45817477439e0106f513c2cf58ea89ad024b9cf6aaf0,2022-11,Wiltshire Police,Wiltshire Police,-2.280221,51.335066,On or near Chestnut Grove,E01032061,Wiltshire 023D,Investigation complete; no suspect identified
f32aaad8819d8437e7b39ae5d0507561e1cd726bb218a5b6de42938671f77716,2022-11,Wiltshire Police,Wiltshire Police,-1.772606,51.558208,On or near Drove Road,E01015574,Swindon 017C,Investigation complete; no suspect identified
121147cfe5153df83f1a36ac8431f06d54d3f586efcbb21c0140e991bf5f7ac4,2022-11,Wiltshire Police,Wiltshire Police,-1.789720,51.578741,On or near Montgomery Avenue,E01015580,Swindon 007D,Investigation complete; no suspect identified
6c3ea8c4e72a05692de1afa9318fb1d43b521955e26b8500af6516d1e5931ce6,2022-11,Wiltshire Police,Wiltshire Police,-1.789720,51.578741,On or near Montgomery Avenue,E01015580,Swindon 007D,Investigation complete; no suspect identified
34b152036ae4a5304cc71676b1be02f1ab2ee9c45e42b28cc97c06a2f2ea17b0,2022-11,Wiltshire Police,Wiltshire Police,-1.752364,51.590914,On or near Walwayne Field,E01015557,Swindon 005C,Investigation complete; no suspect identified
6dd1a298ded6d24c565e28140a161e04ddfa1a58c7c78dcc0fda3b85075c2003,2022-11,Wiltshire Police,Wiltshire Police,-2.117997,51.372577,On or near Cranesbill Road,E01032071,Wiltshire 021E,Investigation complete; no suspect identified
d685cb400fafc49a2db073e3f40457a37ada69c029a0785c4088795a488ae524,2022-11,Wiltshire Police,Wiltshire Police,-1.779326,51.561746,On or near Spring Close,E01032714,Swindon 019E,Investigation complete; no suspect identified
4450571da6f98628f7b486945a3606d65c97e6c74402ddc1013318ff1ca0e48f,2022-11,Wiltshire Police,Wiltshire Police,-2.208112,51.292560,On or near Churchlands,E01032052,Wiltshire 039A,Investigation complete; no suspect identified
34535f6aed88816dca656d24b33920c74f5d97942dac16cb073b7133472a5d5f,2022-11,Wiltshire Police,Wiltshire Police,-1.752364,51.590914,On or near Walwayne Field,E01015557,Swindon 005C,Investigation complete; no suspect identified
854ded8649ad816737a85366aaee7812c2fc0bc492e2b1e482bfbae239a5610c,2022-11,Wiltshire Police,Wiltshire Police,-1.764649,51.554542,On or near Brixham Avenue,E01015576,Swindon 017D,Local resolution
9582299b6d758d53ecf273d27632f59b20b3bd76d6b1cf186f87bfe54d622cee,2022-11,Wiltshire Police,Wiltshire Police,-1.788354,51.103355,On or near Grouse Road,E01032011,Wiltshire 057B,Unable to prosecute suspect
26379d74690f7086dd0e75f6d51196267ca018523b84d340d9195fd9edb8519a,2022-11,Wiltshire Police,Wiltshire Police,-1.798090,51.523422,On or near Markham Road,E01015587,Swindon 025E,Investigation complete; no suspect identified
f34dffcef5c2935a43718703994080defb91bea567891b3167454034fb27cd0c,2022-11,Wiltshire Police,Wiltshire Police,-2.030042,51.363236,On or near High Street,E01031846,Wiltshire 028B,Investigation complete; no suspect identified
7252bd891c3648e2baecf48632462e7ded548d44b01f7f0e1199ec2b9ac0d85f,2022-11,Wiltshire Police,Wiltshire Police,-1.748274,51.550120,On or near Denholme Road,E01015541,Swindon 020D,Investigation complete; no suspect identified
6f2b8aa368de247be3e7ae14838cc910149e28767f5ad7659483af9ffc8ced3c,2022-11,Wiltshire Police,Wiltshire Police,-1.804616,51.581437,On or near Ridgeway Close,E01015530,Swindon 006D,Investigation complete; no suspect identified
93a92e23d37c4c062fe28a60016d928be2c0a4d92b38dfc7bf25a7f43a3aded8,2022-11,Wiltshire Police,Wiltshire Police,-1.784355,51.559849,On or near ,E01015494,Swindon 019A,Suspect charged
1bfdb2ea4e8ae4c4e964724c200176095bd3e8a2ab717433c7d26ba14cc120bb,2022-11,Wiltshire Police,Wiltshire Police,-2.004599,51.450180,On or near Nuthatch Road,E01032690,Wiltshire 015F,Investigation complete; no suspect identified
922fbc06750469a166ae8fa6f2f413df9ca96c3be95ec6e903624f94b8c4b26b,2022-11,Wiltshire Police,Wiltshire Police,-1.781727,51.557291,On or near Edmund Street,E01032714,Swindon 019E,Investigation complete; no suspect identified
571331fab12bb7d1b12190032b90d1e322772d6a5b62ff76623fbaf8131bd5c1,2022-11,Wiltshire Police,Wiltshire Police,-1.792367,51.526784,On or near Perry's Lane,E01015587,Swindon 025E,Unable to prosecute suspect
59a51a65b1304544b9a2f817c09dc4de3830180ae311bbddcac1177a2234be02,2022-11,Wiltshire Police,Wiltshire Police,-1.799153,51.524080,On or near Markham Place,E01015587,Swindon 025E,Investigation complete; no suspect identified
a3eb4271e8be9a34f4f314a144df886f572fb4b9fac41fb6bbccbf3c0b23c093,2022-11,Wiltshire Police,Wiltshire Police,-2.125847,51.364053,On or near Bath Road,E01032071,Wiltshire 021E,Investigation complete; no suspect identified
4eb8011c88a1588bfe9b95d0580ddfdf2b23e5caf230b790c84545a3b0c40d47,2022-11,Wiltshire Police,Wiltshire Police,-1.767116,51.554394,On or near Merrivale Grove,E01015576,Swindon 017D,Investigation complete; no suspect identified
a69d781f4ff4ee206741e06e8aeefb4ca6c4e4eafddd44d54034cd7c404af48b,2022-11,Wiltshire Police,Wiltshire Police,-1.826050,51.550450,On or near White Castle,E01015571,Swindon 022F,Investigation complete; no suspect identified
0c93f27e41f00cb06c2cd20b0223a678df12c673f192b6037ed515e386c770d7,2022-11,Wiltshire Police,Wiltshire Police,-1.790708,51.561596,On or near Emlyn Square,E01015476,Swindon 015B,Investigation complete; no suspect identified
1b4013865b7b73665d44f568fb689fa5b47a3e073bbf7de22a8a418f4b05d43c,2022-11,Wiltshire Police,Wiltshire Police,-1.755347,51.564953,On or near Maitland Road,E01015575,Swindon 016D,Investigation complete; no suspect identified
172edf85cc37c5f63ba952725276da03ae6ba34d63c68372757add6ca421b9c1,2022-11,Wiltshire Police,Wiltshire Police,-1.831630,51.578269,On or near Melfort Close,E01015562,Swindon 011A,Investigation complete; no suspect identified
1ec8ca49002ad3f5eda5e26f464f9f7f71de960c9e3119175ee50b49cfd39dcc,2022-11,Wiltshire Police,Wiltshire Police,-1.755805,51.571050,On or near ,E01015549,Swindon 009A,Investigation complete; no suspect identified
57ef96ca630114ea14b3d7882a407cc31340d912346e045f624154f90b5e4778,2022-11,Wiltshire Police,Wiltshire Police,-2.184660,51.262962,On or near Summerdown Court,E01032115,Wiltshire 040A,Unable to prosecute suspect
299bfd080202d5de229cf1be32fddf0b27d36e8412453a6753dcc0654b3074b5,2022-11,Wiltshire Police,Wiltshire Police,-2.261591,51.085682,On or near Oak Lane,E01032035,Wiltshire 050B,Investigation complete; no suspect identified
a7441c251d62a3c4a5ad1832e4ebb14fc4339b11187fddda6a9aa01a369748e2,2022-11,Wiltshire Police,Wiltshire Police,-2.126224,51.459166,On or near Kingham Close,E01031911,Wiltshire 011A,Investigation complete; no suspect identified
b01ea2135255b1ef30d60feed0e2959b85def2e6179832c505bd576ce99dedb3,2022-11,Wiltshire Police,Wiltshire Police,-1.785302,51.560868,On or near ,E01015494,Swindon 019A,Investigation complete; no suspect identified
eca94035b4dec98654cf72b34cd44c36f795c909b5144d98a9248714b620bbca,2022-11,Wiltshire Police,Wiltshire Police,-1.815817,51.075121,On or near Montgomery Gardens,E01032002,Wiltshire 055B,Unable to prosecute suspect
dea0ec97abf8da0f3627e3c6789fc370e6957b684e6e806091faa11013bd2f78,2022-11,Wiltshire Police,Wiltshire Police,-1.796099,51.559366,On or near Park Lane,E01015476,Swindon 015B,Investigation complete; no suspect identified
4942c63b861586dc79999ea9eb87e6c18356680f56f92c987d478d8936d4f0b6,2022-11,Wiltshire Police,Wiltshire Police,-2.207528,51.321982,On or near Church Street,E01032086,Wiltshire 031B,Investigation complete; no suspect identified
3375cdf1fb7a9fc8790086abb2cbf6fc07e88bcf7147a481887e08f3ddbae949,2022-11,Wiltshire Police,Wiltshire Police,-2.125847,51.364053,On or near Bath Road,E01032071,Wiltshire 021E,Investigation complete; no suspect identified
95051103f08ed82d17240cb788a6f5d0c95bf3e503153c7cc16e157cdd289e50,2022-11,Wiltshire Police,Wiltshire Police,-2.184383,51.258260,On or near ,E01032119,Wiltshire 040E,Investigation complete; no suspect identified
5eb21d9b73eaab869a071cd38fc69b8b0665b3281e3abaee9d16622eee00272f,2022-11,Wiltshire Police,Wiltshire Police,-1.671303,50.976349,On or near ,E01031992,Wiltshire 062B,Investigation complete; no suspect identified
999781d805887006132d82a1b74b1dd38442255a2afb0dc8086aeb69363c48ce,2022-11,Wiltshire Police,Wiltshire Police,-1.725745,51.420646,On or near Plume Of Feathers Lane,E01031862,Wiltshire 019B,Investigation complete; no suspect identified
f4ba8a12c078e21d9f1f741448587a7151aca241783f52ed8565252adfcb8bcd,2022-11,Wiltshire Police,Wiltshire Police,-1.892438,51.548974,On or near Masefield,E01031964,Wiltshire 006B,Investigation complete; no suspect identified
d17079a44c8e2104e2c2fb1c2979651cec4325927113cab339539aae4145b51f,2022-11,Wiltshire Police,Wiltshire Police,-1.795318,51.598405,On or near Exbury Close,E01015518,Swindon 028D,Investigation complete; no suspect identified
854be3e1ca4bef3776e3feeb00ac66a6d9f2c76b6efa55f77384a8426e703135,2022-11,Wiltshire Police,Wiltshire Police,-2.203231,52.513724,On or near The Close,E01029645,South Staffordshire 013A,Investigation complete; no suspect identified
67fe9b502d30f81afc3dfd2f6a22c5f0ee39961742cfb87e7d8da51cc021d592,2022-11,Wiltshire Police,Wiltshire Police,-1.784788,51.562772,On or near ,E01015476,Swindon 015B,Suspect charged
3277ba9bf54fd31bb2b2d14777f9e5bbbebea845f87cedfeb584d66a5c3f7923,2022-11,Wiltshire Police,Wiltshire Police,-2.251913,51.337504,On or near Spencers Orchard,E01032049,Wiltshire 027E,Investigation complete; no suspect identified
416f827adfdf9906540b989186cf5beb9b32656ccbcedeef28fe6bc7943b9871,2022-11,Wiltshire Police,Wiltshire Police,-2.009715,51.018282,On or near Pound Street,E01031990,Wiltshire 054A,Investigation complete; no suspect identified
f5023c38b34e9ba1f54989986e90613ad808065f9d62a3ef0c69aeaac92f6fd2,2022-11,Wiltshire Police,Wiltshire Police,-1.737134,51.194529,On or near Kashmir Road,E01031988,Wiltshire 045B,Suspect charged as part of another case
d9e698f1362ff19bcd514192404b79320aeb9c51b006cdc4c8bda8d806523244,2022-11,Wiltshire Police,Wiltshire Police,-1.609912,51.255436,On or near Linden Close,E01031859,Wiltshire 041A,Unable to prosecute suspect
9b69ab3b73f184bed605ac82d8d491f54f738eafacc93ea3e49f88691cf89446,2022-11,Wiltshire Police,Wiltshire Police,-1.852054,51.085351,On or near Jones Close,E01032039,Wiltshire 054E,Investigation complete; no suspect identified
b38a73d6ae094d066e700d3db54d5e588f0d60cf5284fae152b753f13ae33ebe,2022-11,Wiltshire Police,Wiltshire Police,-1.784355,51.559849,On or near ,E01015494,Swindon 019A,Suspect charged
bb04f07400728f9dc8bbf71cb279ca86a7b1158b694540278729fb1bd7ce97b3,2022-11,Wiltshire Police,Wiltshire Police,-1.661154,51.234168,On or near ,E01031880,Wiltshire 041E,Local resolution
142db2f4c8f9dd5f20c986d42445ab0a89e751ebf888d19e134846c4bcb8c7e2,2022-11,Wiltshire Police,Wiltshire Police,-2.207369,51.302587,On or near ,E01032092,Wiltshire 035A,Investigation complete; no suspect identified
c03b79fe6746781a84719a02d5711e762b2b31ce20302cb9953521b83b51bb91,2022-11,Wiltshire Police,Wiltshire Police,-2.203231,52.513724,On or near The Close,E01029645,South Staffordshire 013A,Investigation complete; no suspect identified
de67db8d19c092b87af7f19f4eb5592a4e0b6afa97abced12602a6ede1b2e0dd,2022-11,Wiltshire Police,Wiltshire Police,-1.730511,51.194091,On or near Harrington Drive,E01031988,Wiltshire 045B,Investigation complete; no suspect identified
ac67ab5f4b35a15536e8dd2a4f8ce64ab528fb520d2586741388d1219428693f,2022-11,Wiltshire Police,Wiltshire Police,-1.754204,51.562937,On or near Cecil Road,E01015572,Swindon 016B,Investigation complete; no suspect identified
29a6b37627646029e7dc4b7ee805c1caf396b1b7057a9576b6216e61929a396b,2022-11,Wiltshire Police,Wiltshire Police,-1.738995,51.566132,On or near Radley Close,E01015484,Swindon 013D,Investigation complete; no suspect identified
a4125d4c82dcb0981833d31cab7e93257e2a70d10d2b18153d3914d49227e1ad,2022-11,Wiltshire Police,Wiltshire Police,-1.818401,51.060270,On or near Montague Road,E01032008,Wiltshire 058A,Investigation complete; no suspect identified
fa8ec652808e1d6fa4839747940a623c46b333d2c70cb357ad219e95775c7d39,2022-11,Wiltshire Police,Wiltshire Police,-1.761790,51.191947,On or near Camilla Close,E01031989,Wiltshire 046A,Investigation complete; no suspect identified
6322d6eb032707c302937edd8fbf9427eda9f80a0c14854ef18b7065efafc1a8,2022-11,Wiltshire Police,Wiltshire Police,-1.793082,51.550316,On or near Celsus Grove,E01032706,Swindon 021E,Investigation complete; no suspect identified
30fad292a5449588b3d5c30713b2d92944ccddb6e94d7f86167294e1d6c47f96,2022-11,Wiltshire Police,Wiltshire Police,-2.208256,51.321126,On or near Fore Street,E01032086,Wiltshire 031B,Investigation complete; no suspect identified
897a907e75a241aa4ae5bb8250c5fababe8bad1c9774f82af96b05b5c188745d,2022-11,Wiltshire Police,Wiltshire Police,-2.208256,51.321126,On or near Fore Street,E01032086,Wiltshire 031B,Investigation complete; no suspect identified
2ddb8c8e8c8acb4ed4e0e3c9395a2ce6883c4e7810fc6efbbe6b656785154496,2022-11,Wiltshire Police,Wiltshire Police,-1.829773,51.607874,On or near Augustus Close,E01015474,Swindon 008B,Unable to prosecute suspect
d09f2e2de33af7f7b9da9d6f28eb7229b58c2f92df563569d1265564803c1a5d,2022-11,Wiltshire Police,Wiltshire Police,-2.208256,51.321126,On or near Fore Street,E01032086,Wiltshire 031B,Investigation complete; no suspect identified
2bef4f6989d828069b62be4829a2ed4465e2505c3586631b52df54de675d2d4f,2022-11,Wiltshire Police,Wiltshire Police,-1.746425,51.581748,On or near Church Way,E01015553,Swindon 009E,Suspect charged
6c22deff510d05f24b7793fa91c28508b115322cd45c72748567c43e2b662971,2022-11,Wiltshire Police,Wiltshire Police,-1.790333,51.066724,On or near Barnard Street,E01032023,Wiltshire 059D,Investigation complete; no suspect identified
7d9da7f973a0cfa95a067fb7adb824fe9d4d3dce496462ca1dc9f4b7c4ceabac,2022-11,Wiltshire Police,Wiltshire Police,-1.760718,51.172450,On or near Porton Road,E01031977,Wiltshire 048D,Unable to prosecute suspect
d40da0975eca3984210029bc8e758b9a854320a4520bfd5c101e305f64dc2151,2022-11,Wiltshire Police,Wiltshire Police,-1.736946,51.551246,On or near Beresford Close,E01015487,Swindon 023A,Unable to prosecute suspect
b353e97d0b038286b2b43de43659a5cb1ead06366948d877d6e6e99b9d2c6d78,2022-11,Wiltshire Police,Wiltshire Police,-1.771124,51.075501,On or near Hill Road,E01032011,Wiltshire 057B,Investigation complete; no suspect identified
29760bfefa579393f0a94aa84c0cf7b8664727e00494f719d98e32cc720052a5,2022-11,Wiltshire Police,Wiltshire Police,-1.782853,51.569768,On or near ,E01015511,Swindon 010D,Further action is not in the public interest
d9e66de73304bc911e9ae1621d86e6107630caebf19d20728e7e6112731e8dc4,2022-11,Wiltshire Police,Wiltshire Police,-2.135832,51.452259,On or near Litherland Close,E01031928,Wiltshire 011F,Unable to prosecute suspect
e2023b3fb214443dbe77ff80cf1181514f24eb714ec1c4aa9f2144a265bd4f05,2022-11,Wiltshire Police,Wiltshire Police,-2.135832,51.452259,On or near Litherland Close,E01031928,Wiltshire 011F,Unable to prosecute suspect
667a79f3bce4c2a256a5967a169e53c9cf7902dd8967b2bbd4d7c48c955f3b87,2022-11,Wiltshire Police,Wiltshire Police,-1.611415,51.254012,On or near Andover Road,E01031860,Wiltshire 041B,Investigation complete; no suspect identified
5e9700e0ea8f73eed563d077ede71c0975fbf0204e79d1cfa7216ad5d2cc8107,2022-11,Wiltshire Police,Wiltshire Police,-1.734297,51.565240,On or near The Harriers,E01015486,Swindon 013F,Investigation complete; no suspect identified
d50a7670a936304b215f4b70a5748faa91e11ab78444fd812727bea093b1b263,2022-11,Wiltshire Police,Wiltshire Police,-2.199142,51.201515,On or near Masefield Road,E01032113,Wiltshire 043D,Further investigation is not in the public interest
4c0eb07c59f02e58491256246c5eb6380493e87577c5ba48620fa2a1cb9e9986,2022-11,Wiltshire Police,Wiltshire Police,-1.788483,51.562464,On or near Henry Street,E01015476,Swindon 015B,Suspect charged
9dc61ab6c828e7f3b25933911b445b9283df9b2c7fb2e7b4589acf3523a41384,2022-11,Wiltshire Police,Wiltshire Police,-1.795252,51.067893,On or near ,E01032022,Wiltshire 058C,Investigation complete; no suspect identified
4721e180b1c69424543b7d0008addd0fc4fee83bee1215342dc797362886c099,2022-11,Wiltshire Police,Wiltshire Police,-1.757462,51.590484,On or near Sanders Close,E01015557,Swindon 005C,Investigation complete; no suspect identified
bc2fb6e14690af4c5c74f3a0052330ca5dabcb4f0266ac63c1c50e8b498a25c8,2022-11,Wiltshire Police,Wiltshire Police,-1.794709,51.242148,On or near Pigott Close,E01031867,Wiltshire 038B,Investigation complete; no suspect identified
e62178f3f05c786824a9d0b463a6f7d9859d0064393d026358bc036823d9c4f6,2022-11,Wiltshire Police,Wiltshire Police,-2.206250,51.296231,On or near Mead Court,E01032053,Wiltshire 037A,Investigation complete; no suspect identified
fe38c602e804ae66f080a4bd4d3fc4a16ec2cf607bb1b4f99ddc843a54f65f44,2022-11,Wiltshire Police,Wiltshire Police,-1.765156,51.582075,On or near Wise Close,E01015560,Swindon 005F,Investigation complete; no suspect identified
576f7dfd50e52a1da8915cbca028ba9a6aa9af4817fb527b6ff260cce5210b69,2022-11,Wiltshire Police,Wiltshire Police,-2.245512,51.348596,On or near Kingsfield,E01032046,Wiltshire 027B,Investigation complete; no suspect identified
01c62c68a29a442e0702580235fc46f26df54959682abafe8aea219d609d648b,2022-11,Wiltshire Police,Wiltshire Police,-1.820656,51.613049,On or near Image Road,E01015474,Swindon 008B,Suspect charged
e29fdf740587d7c04b91baf86ce515f9da78c21547a9562ca0c24110a0c583b2,2022-11,Wiltshire Police,Wiltshire Police,-1.820656,51.613049,On or near Image Road,E01015474,Swindon 008B,Suspect charged
0f59e98ec9574c38028d338204ebdd1f33bfc24f34e5ccc8cc58aaf5a2391a46,2022-11,Wiltshire Police,Wiltshire Police,-1.800985,51.616497,On or near Blunsdon Hill,E01015474,Swindon 008B,Investigation complete; no suspect identified
fbbe084fd5bcb92e70013186709d90cb38b72d61c5fc11168d74b4365d2726f7,2022-11,Wiltshire Police,Wiltshire Police,-2.217657,51.318492,On or near Westbourne Gardens,E01032085,Wiltshire 031A,Unable to prosecute suspect
8d5228f04544af25caec344230c1434ace9d3b549e3ecafcc526631a156386b3,2022-11,Wiltshire Police,Wiltshire Police,-1.733817,51.553550,On or near Kennedy Drive,E01015491,Swindon 023E,Unable to prosecute suspect
e45c972ff2d7418e176d1dddd18ddd7c4af0a8b2e5faa2736e596bd6290d6512,2022-11,Wiltshire Police,Wiltshire Police,-2.217657,51.318492,On or near Westbourne Gardens,E01032085,Wiltshire 031A,Unable to prosecute suspect
3cc4875e46402ff8638814d9ce111c83110ce27fdc18539a3133ab0da2f9d0ad,2022-11,Wiltshire Police,Wiltshire Police,-1.825133,51.609117,On or near Woolner Road,E01015474,Swindon 008B,Unable to prosecute suspect
20d93bf345381f6884b95885656d951c1e1e625c6ba9c96bc39415171e1b1fae,2022-11,Wiltshire Police,Wiltshire Police,-2.101440,51.589341,On or near ,E01031948,Wiltshire 002C,Investigation complete; no suspect identified
44a5f254d12b3226f5400fa4c06bedeb703bdf313ae5e94ea70b9905a605ae04,2022-11,Wiltshire Police,Wiltshire Police,-2.211306,51.319619,On or near ,E01032086,Wiltshire 031B,Investigation complete; no suspect identified
eb0e7054f16d6fd21a7884e9488c6aab0a399bcd55e1ac7def15c8ee09a73e61,2022-11,Wiltshire Police,Wiltshire Police,-1.981655,51.355641,On or near Wadworth Road,E01031850,Wiltshire 025A,Investigation complete; no suspect identified
12ad32115e7a09fb620609297259ee7792d332cee46265b7ce26d78b29fe214a,2022-11,Wiltshire Police,Wiltshire Police,-1.820929,51.561933,On or near Shaw Road,E01015567,Swindon 014C,Unable to prosecute suspect
65fe7ab7ef3109db48cddc0a415df99909049b3886e838b04fb2ccef98f0d771,2022-11,Wiltshire Police,Wiltshire Police,-1.763069,51.163013,On or near Pouncette Close,E01031976,Wiltshire 048C,Unable to prosecute suspect
63598403721cadf24efd89df1c7a3aa447d3a7aac54dc193298bf46d9e0e3350,2022-11,Wiltshire Police,Wiltshire Police,-1.889333,51.539135,On or near Hyde Road,E01031966,Wiltshire 007G,Unable to prosecute suspect
f25dcab2e45f8a3f2331f3804085c68c6aaa9a24354b7b31a9411ae1802c6ada,2022-11,Wiltshire Police,Wiltshire Police,-1.788272,51.582955,On or near Pinetree Rise,E01015527,Swindon 007C,Investigation complete; no suspect identified
756bdf0476dde3bab43b77509da1651e3c53b04e1e33c368cff899b6fcd5c044,2022-11,Wiltshire Police,Wiltshire Police,-1.659349,51.230260,On or near Deans Close,E01031880,Wiltshire 041E,Formal action is not in the public interest
b76da10695acd468242aaaae857ae3af7f47c7c1641cf180a509b745a59b3a91,2022-11,Wiltshire Police,Wiltshire Police,-1.989669,51.351452,On or near A342,E01031852,Wiltshire 025C,Investigation complete; no suspect identified
61fe55c76c292713e5c46b7ebf88bc712b68d2c96d6ed789168e5346a9598b30,2022-11,Wiltshire Police,Wiltshire Police,-2.114852,51.458611,On or near Chapel Lane,E01031912,Wiltshire 011B,Investigation complete; no suspect identified
76204cfdd88d6e77e27a8576c220fa182206a2bcb4b30b265783e0a41da399f1,2022-11,Wiltshire Police,Wiltshire Police,-1.617413,51.474639,On or near ,E01031841,Wiltshire 012A,Unable to prosecute suspect
6867e338a04d1666a584c99bc3d919c1c510017efc65bd16a2d8149d263c06ef,2022-11,Wiltshire Police,Wiltshire Police,-1.788272,51.582955,On or near Pinetree Rise,E01015527,Swindon 007C,Investigation complete; no suspect identified
88d526c6a6010f76c49465d574ee6224d38b0dd6cd31de9005e74117b7fa057e,2022-11,Wiltshire Police,Wiltshire Police,-1.791233,51.579211,On or near Pound Lane,E01015580,Swindon 007D,Local resolution
feba4c285ac17b0c1560613231d9b5f442519aa69761c2d09a4a906c86da148f,2022-11,Wiltshire Police,Wiltshire Police,-1.807580,51.576793,On or near Lynton Road,E01015581,Swindon 012D,Investigation complete; no suspect identified
c057897fd71cbdd4b3324990766ceb66aaf61c1cfb59893f3b424f8e703a610b,2022-11,Wiltshire Police,Wiltshire Police,-1.796302,51.069154,On or near Minster Street,E01032022,Wiltshire 058C,Suspect charged
b39cf71c31d9c27514c52bf0b036890bf4ec6f6c35bbd1f41b976ff3aa39c917,2022-11,Wiltshire Police,Wiltshire Police,-1.659349,51.230260,On or near Deans Close,E01031880,Wiltshire 041E,Formal action is not in the public interest
639e8802204053b0346c8c9f46752a74eeda987bc20b62dd75e6bb5d200857c9,2022-11,Wiltshire Police,Wiltshire Police,-1.750977,51.554172,On or near Whitbourne Avenue,E01015540,Swindon 020C,Investigation complete; no suspect identified
8629f1f0faf4417fa9ba3bfd1748c9320ca5ca48929e43b88c181247cd313bb9,2022-11,Wiltshire Police,Wiltshire Police,-1.992412,51.351515,On or near Rendells Court,E01031856,Wiltshire 026D,Unable to prosecute suspect
558b494bfc5e1f57a8c89f12ca16aeae59f345be9a9840129f29350010cdb19b,2022-11,Wiltshire Police,Wiltshire Police,-1.754454,51.575435,On or near Cameron Close,E01015549,Swindon 009A,Investigation complete; no suspect identified
0639147c7acea9a580df61a2ba3654248a46e074f72353a6feaae6884fae1a7f,2022-11,Wiltshire Police,Wiltshire Police,-1.770485,51.581456,On or near Wheeler Avenue,E01015560,Swindon 005F,Unable to prosecute suspect
4bd245c1610e161c806b8718cbfedd1bb00cd8913280b4e6fe2f5026cfc708c8,2022-11,Wiltshire Police,Wiltshire Police,-2.013707,51.350813,On or near Salisbury Street,E01031853,Wiltshire 026A,Investigation complete; no suspect identified
3fa1e7b57c32a8ab537789cabed85de902f3c7725c904fb386d1e667ef84b258,2022-11,Wiltshire Police,Wiltshire Police,-2.212044,51.327279,On or near Langford Road,E01032086,Wiltshire 031B,Investigation complete; no suspect identified
2d0d8d7bd93f6d0ce87193140d4be27a3c550cced32538d7242e62fc81339dfa,2022-11,Wiltshire Police,Wiltshire Police,-1.784788,51.562772,On or near ,E01015476,Swindon 015B,Unable to prosecute suspect
05c8c7d984c337b72166bfe1b4c7e45554aad1eb6a0cd292115b5479b2a4cb81,2022-11,Wiltshire Police,Wiltshire Police,-2.191465,51.203712,On or near The Maltings,E01032114,Wiltshire 044D,Investigation complete; no suspect identified
399f4a13fff518ac7814b1224b53e5cd8c268b1b36c1efd5cfff217dc913aab0,2022-11,Wiltshire Police,Wiltshire Police,-1.796845,51.579661,On or near Holly Close,E01015527,Swindon 007C,Unable to prosecute suspect
ef9966af29b12138321a8ee3d8d031fb4aa0318b254ea2902a58f35712b47398,2022-11,Wiltshire Police,Wiltshire Police,-1.762534,51.561839,On or near Lennox Drive,E01015573,Swindon 016C,Unable to prosecute suspect
fc3f0b66191ed61e066dea8fabdaaa95a0410678fd06674580366795d3210ce3,2022-11,Wiltshire Police,Wiltshire Police,-1.774896,51.556109,On or near Hilton Close,E01015493,Swindon 017B,Investigation complete; no suspect identified
5b6cac3735e6bef4de1379e888e4d287d2cd324733ca0540605d5c76bc3adcbf,2022-11,Wiltshire Police,Wiltshire Police,-2.004787,51.329081,On or near Blackberry Lane,E01031872,Wiltshire 028D,Unable to prosecute suspect
bb8206c0551e5bfe3c7fe27eda59685db9979ab84a4ef416e26c27c359461f45,2022-11,Wiltshire Police,Wiltshire Police,-1.774559,51.565837,On or near County Road,E01015475,Swindon 015A,Investigation complete; no suspect identified
fa5aa5601410e563571bce6eb94b4fdfe8601ff13b98d327aa14266eaea53432,2022-11,Wiltshire Police,Wiltshire Police,-2.078706,51.062178,On or near ,E01032030,Wiltshire 061C,Unable to prosecute suspect
29eb3bcc67859e3abeffb0aba35d9eb3e8292c7bad477707511a80c73c43f504,2022-11,Wiltshire Police,Wiltshire Police,-1.968784,51.361869,On or near Mallard Close,E01032692,Wiltshire 025G,Unable to prosecute suspect
84d39bae94c6e9236bb1625d92ece2ad16de691a047a29c4f34d08ba19e9db2b,2022-11,Wiltshire Police,Wiltshire Police,-2.224783,51.431522,On or near Bath Road,E01031889,Wiltshire 017B,Unable to prosecute suspect
166c38fff2fe68a439ad4c710d7f6c9d390092b08d124b370cdd45d2eb52a3ba,2022-11,Wiltshire Police,Wiltshire Police,-2.127924,51.362226,On or near Pathfinder Way,E01032071,Wiltshire 021E,Investigation complete; no suspect identified
0decb70f35984805f7384e02c9b4598018961cd2c30d8a8eff04209cbcc71202,2022-11,Wiltshire Police,Wiltshire Police,-1.767512,51.340234,On or near Goddard Road,E01031869,Wiltshire 024B,Unable to prosecute suspect
aa123cef20a062edf3d43c2c7381823193f09145c76ad1237b8bd7b9ad1b3fb4,2022-11,Wiltshire Police,Wiltshire Police,-1.783839,51.088303,On or near The Oakbournes,E01031985,Wiltshire 051B,Investigation complete; no suspect identified
646a29430f6df2ff571968e83b1acbf30bc606169dcf6aa08314875901d82d14,2022-11,Wiltshire Police,Wiltshire Police,-1.821495,51.612672,On or near Lumb Close,E01015474,Swindon 008B,Unable to prosecute suspect
797c0b14a86df36b63d67053e6fd7123e84ef2138f9e22ba3396b1bbeec0d935,2022-11,Wiltshire Police,Wiltshire Police,-1.983657,51.338116,On or near ,E01031855,Wiltshire 026C,Unable to prosecute suspect
bfa04b9d500c9b8e1f6351802826a6a4a56585916c1eace3a749d9a6737d0b2f,2022-11,Wiltshire Police,Wiltshire Police,-1.814140,51.581650,On or near ,E01015581,Swindon 012D,Unable to prosecute suspect
aab05a066d135cf6366cbaf3de59a21459dfe77889dcd14f1be6d951429575b8,2022-11,Wiltshire Police,Wiltshire Police,-1.718760,51.637602,On or near Skye Close,E01015521,Swindon 001C,Unable to prosecute suspect
edb3df95403c0eca5d5bcd9c2b65f6695d9f937c35c1125c71744ea3caf77b33,2022-11,Wiltshire Police,Wiltshire Police,-2.251338,51.413458,On or near Devizes Road,E01031890,Wiltshire 017C,Action to be taken by another organisation
121592185cc87298608de3c1854814aad0c2e01a62bba5e97510ba9763bafbeb,2022-11,Wiltshire Police,Wiltshire Police,-1.708280,51.633764,On or near Downs View,E01015519,Swindon 001A,Action to be taken by another organisation
96399bf642d12647748526e5d05c9cfbc7e87fa2f1d35051f1582273d4a4be5a,2022-11,Wiltshire Police,Wiltshire Police,-2.209574,51.571862,On or near The Tarters,E01031958,Wiltshire 005B,Unable to prosecute suspect
95ea00c14e0fec19c1971d931325d6eef006d9d239d397a9026f0042090459d7,2022-11,Wiltshire Police,Wiltshire Police,-2.097170,51.583869,On or near Oxford Street,E01031949,Wiltshire 002D,Unable to prosecute suspect
5f5ccf948237b99402a62170ace4070475f877160d19e6c73da1655afe5620bc,2022-11,Wiltshire Police,Wiltshire Police,-1.749656,51.553153,On or near Royston Road,E01015541,Swindon 020D,Unable to prosecute suspect
6f636e5912e7759ea1c53b025eb822e08fd0ce703f887f536585a9fdd2a63953,2022-11,Wiltshire Police,Wiltshire Police,-1.830272,51.555437,On or near Beaumaris Road,E01015569,Swindon 022D,Unable to prosecute suspect
d12978ab1d47e5d5b32642ace882afe47d415765729225ee49f5854ae3a3b3d5,2022-11,Wiltshire Police,Wiltshire Police,-1.774095,51.581013,On or near Jefferies Avenue,E01015509,Swindon 010B,Action to be taken by another organisation
eeb16fb952d5bffcf17dcfcae15ad5f51ca870716f8c5c52a7020f4137eb3edb,2022-11,Wiltshire Police,Wiltshire Police,-2.209574,51.571862,On or near The Tarters,E01031958,Wiltshire 005B,Unable to prosecute suspect
734cbc78ec3c31022190ced2aad947a6c68402136652a337eca3e96dc3850e1a,2022-11,Wiltshire Police,Wiltshire Police,-2.119040,51.370427,On or near Blueberry Road,E01032071,Wiltshire 021E,Unable to prosecute suspect
b92cd6f09b4443b539b5cb6cfdc850b97ba9642f10a26dead467dd85199f6c29,2022-11,Wiltshire Police,Wiltshire Police,-2.138236,51.381025,On or near Riverside Drive,E01032063,Wiltshire 020A,Unable to prosecute suspect
7db5c6686a9b34850d16fdee8620ac1a04a2baf7ffb1d807a3b77e9570fe7970,2022-11,Wiltshire Police,Wiltshire Police,-2.131236,51.365064,On or near Burnet Close,E01032069,Wiltshire 022E,Unable to prosecute suspect
c18b6c329ad185d7f987ac42a11dcdfbf8fe9531f75d1a3e05517ff2d1d41f1e,2022-11,Wiltshire Police,Wiltshire Police,-1.732970,51.543082,On or near Woodbine Terrace,E01015583,Swindon 025A,Investigation complete; no suspect identified
a64b35adac5f332714a10997329a6a29c9187422ccf4b2302408602abf71a718,2022-11,Wiltshire Police,Wiltshire Police,-1.816770,51.609536,On or near De Morgan Crescent,E01015474,Swindon 008B,Investigation complete; no suspect identified
967841f5f9c2c7cbf12f19309fa94e3169a54d79882365df5ea411811d1b023e,2022-11,Wiltshire Police,Wiltshire Police,-2.194452,51.321348,On or near Barn Glebe,E01032100,Wiltshire 032B,Unable to prosecute suspect
9f0430abb62b530cbccdf6fb91fc4bd8b81c34d2f34186a0fcee40326d86ddf0,2022-11,Wiltshire Police,Wiltshire Police,-1.749656,51.553153,On or near Royston Road,E01015541,Swindon 020D,Unable to prosecute suspect
3132356d69acf9c402cc925fd48e1156d0e6dab0231fc02b8ed3b05799cbf434,2022-11,Wiltshire Police,Wiltshire Police,-1.750954,50.992992,On or near The Borough,E01031995,Wiltshire 062E,Investigation complete; no suspect identified
cfec3b6efd2313bd9b7f9c9afb01292de954a33e981197176dc5be7a4a413f09,2022-11,Wiltshire Police,Wiltshire Police,-1.840230,51.487818,On or near A4361,E01031884,Wiltshire 012E,Investigation complete; no suspect identified
fd9798358db68ef36761b0609d8b833e39e593adb5e8d42b02de5407653f9b91,2022-11,Wiltshire Police,Wiltshire Police,-1.796174,51.059424,On or near Ayleswade Road,E01032006,Wiltshire 059B,Investigation complete; no suspect identified
21735381adc8b32f5161bd906586f455ddc16a6b312f89d134cec1e65247d9fd,2022-11,Wiltshire Police,Wiltshire Police,-2.051097,51.040617,On or near Loder's Lane,E01032031,Wiltshire 061D,Investigation complete; no suspect identified
397e3ac4b518a3c44c9191a357ad0501e68f6f3436035dcce996d82d1a080691,2022-11,Wiltshire Police,Wiltshire Police,-2.024205,51.057180,On or near Sutton Hill,E01032031,Wiltshire 061D,Investigation complete; no suspect identified
a1622892616c86cc5414bfd94766ff7c74cfd2f85c1f7e55b9982e74b1878aeb,2022-11,Wiltshire Police,Wiltshire Police,-1.780259,51.613475,On or near Churchill Avenue,E01015474,Swindon 008B,Investigation complete; no suspect identified
e2f3efadd8a2a991368ff7ab0c54ea81a22c488e7df7a6ea290e242114804979,2022-11,Wiltshire Police,Wiltshire Police,-2.194635,51.317085,On or near ,E01032102,Wiltshire 032D,Investigation complete; no suspect identified
bbd510a896f3393765c8127630bc05ad56d93dbf0b0fa9779f4cf397823ce5c9,2022-11,Wiltshire Police,Wiltshire Police,-1.793285,51.070524,On or near Rollestone Street,E01032014,Wiltshire 056A,Investigation complete; no suspect identified
b9cb32ed318223f43ed9758314547917c22aec540424b5281ac854da39d4ef88,2022-11,Wiltshire Police,Wiltshire Police,-1.719055,51.580463,On or near ,E01015473,Swindon 008A,Suspect charged
a9bca2123f05884ec20da7ba971db2169bcb994b67bdb84114e5cd7ae0b403ad,2022-11,Wiltshire Police,Wiltshire Police,-1.769832,51.163216,On or near Eyres Road,E01031977,Wiltshire 048D,Investigation complete; no suspect identified
b82aaf727b8f90f842e5299b59116f3680c447725bb5653c2685ee9ee9ac7e1a,2022-11,Wiltshire Police,Wiltshire Police,-1.738709,51.543068,On or near Boyton Close,E01015583,Swindon 025A,Investigation complete; no suspect identified
0954a4da506090933c61eb1f1e5796df18ea9f2b7ef667b0f180c717e7979c0e,2022-11,Wiltshire Police,Wiltshire Police,-1.772185,51.170369,On or near Solstice Rise,E01031975,Wiltshire 048B,Investigation complete; no suspect identified
80c30b44c2b20055d45cc395ef70403a4b134f5aa9de6fc77b526c439e0abf10,2022-11,Wiltshire Police,Wiltshire Police,-1.833865,51.085552,On or near Westwood Road,E01031981,Wiltshire 052B,Investigation complete; no suspect identified
2aab7ee821958eb61888c7c4cbbab29502e536bb2ace939b4d8402ee063fa965,2022-11,Wiltshire Police,Wiltshire Police,-1.667199,51.245947,On or near George Vi Road,E01032698,Wiltshire 041H,Suspect charged
0acd60b07d3eab7a98781398af46f687cbec1ffdc0a3bc75ac11c617d4ffc21e,2022-11,Wiltshire Police,Wiltshire Police,-1.786886,51.561517,On or near Queen Street,E01015476,Swindon 015B,Investigation complete; no suspect identified
b05f94a3e389043b41169bf7ed1e7d4f0fbd6a08f1aa649141b609aaf2b82827,2022-11,Wiltshire Police,Wiltshire Police,-1.772159,51.172725,On or near Lanfear Close,E01031974,Wiltshire 048A,Investigation complete; no suspect identified
0a70c9d1b92171a46cf377bc89c0c2d379b9eb563809c4e7b3c26db9da339605,2022-11,Wiltshire Police,Wiltshire Police,-1.730882,51.420164,On or near ,E01031863,Wiltshire 019C,Investigation complete; no suspect identified
ad28627784ee4ea964a39e2fb42303849908c73339ebd4bb4035425017b46e81,2022-11,Wiltshire Police,Wiltshire Police,-1.795554,51.070447,On or near Chipper Lane,E01032014,Wiltshire 056A,Investigation complete; no suspect identified
a6421a53f4781771534e066c35c1ae47a5bdc4d1690606e858be3ecaaac09cc5,2022-11,Wiltshire Police,Wiltshire Police,-1.934872,51.342050,On or near ,E01031844,Wiltshire 034A,Investigation complete; no suspect identified
a2f8301cf1c2f4f451486144d8b1163ddb3360b02b7c354d7b3619b8f363fe69,2022-11,Wiltshire Police,Wiltshire Police,-1.992727,51.354365,On or near New Park Road,E01031854,Wiltshire 026B,Investigation complete; no suspect identified
9bcb5bcf819f1caeff1299019727e24590ac77470f718f7a26f3df05c9872816,2022-11,Wiltshire Police,Wiltshire Police,-1.801383,51.075952,On or near ,E01032024,Wiltshire 055D,Investigation complete; no suspect identified
33869d7e3f6263214610b748ba87e0acd3f3ffbc3e6a52df6787bfb873f4eb35,2022-11,Wiltshire Police,Wiltshire Police,-1.730882,51.420164,On or near ,E01031863,Wiltshire 019C,Suspect charged
4a06861502b4012501a853249e18a4535af822fd752a6071f83c19912f777b06,2022-11,Wiltshire Police,Wiltshire Police,-2.220317,51.308264,On or near ,E01032090,Wiltshire 036C,Investigation complete; no suspect identified
b31333843521f17c5471ed6aaf83828416793bff8d9925cd0d363c46aebf0fbf,2022-11,Wiltshire Police,Wiltshire Police,-2.195396,51.418411,On or near Elley Green,E01031941,Wiltshire 018D,Investigation complete; no suspect identified
4bd295efd4d6787cb70bde67b84ce4a9ee254f99ad1008927a8c9026332428eb,2022-11,Wiltshire Police,Wiltshire Police,-1.792533,51.056693,On or near ,E01032005,Wiltshire 059A,Investigation complete; no suspect identified
296536e07ce6a873fba7dd19e2ed906a2bb386869d0642eb64cf444a79bfe015,2022-11,Wiltshire Police,Wiltshire Police,-1.779794,51.605193,On or near Kingsdown Lane,E01015473,Swindon 008A,Investigation complete; no suspect identified
47cc005cfe1d083694d694fc6ac2da074653cab5d5e2264e8ed88e6f51b5e727,2022-11,Wiltshire Police,Wiltshire Police,-2.004411,51.438023,On or near The Strand,E01031901,Wiltshire 016B,Unable to prosecute suspect
a3e6852dbc2f8ae9ce4c51435074f2824c3137e64f7ec70e51609f727a653aa5,2022-11,Wiltshire Police,Wiltshire Police,-2.209415,51.320414,On or near ,E01032086,Wiltshire 031B,Investigation complete; no suspect identified
a5653a0fe9e255e15b465fedf24276aaf6d4905845bd2837b1262b87bb16e0ff,2022-11,Wiltshire Police,Wiltshire Police,-2.127005,51.377684,On or near The Crays,E01032065,Wiltshire 020C,Investigation complete; no suspect identified
04ddfc1210249ea6310c39b80c4533fd243a368dc5199abfe4a9c34dacdb1be3,2022-11,Wiltshire Police,Wiltshire Police,-2.000349,51.060815,On or near Mill Lane,E01032031,Wiltshire 061D,Investigation complete; no suspect identified
fc667fdb9bf37b751335bbd650e8676e3c0ba33791a274321eb747fbb913cbf3,2022-11,Wiltshire Police,Wiltshire Police,-2.000349,51.060815,On or near Mill Lane,E01032031,Wiltshire 061D,Investigation complete; no suspect identified
5d9631565e81b4ee615e923bfbbeb6ef9af41f0e02551b3014a5bbc7aaf0eb08,2022-11,Wiltshire Police,Wiltshire Police,-1.801383,51.075952,On or near ,E01032024,Wiltshire 055D,Investigation complete; no suspect identified
1a13a49f8ee40516470dfd578123bdd95c7b9dce38743e9a73e66c902409781f,2022-11,Wiltshire Police,Wiltshire Police,-2.282364,51.338136,On or near ,E01032061,Wiltshire 023D,Investigation complete; no suspect identified
d66eb310be3dd95b8c87e0a427dd3913b8445fb3d16906021b93bea13dba3249,2022-11,Wiltshire Police,Wiltshire Police,-1.788272,51.582955,On or near Pinetree Rise,E01015527,Swindon 007C,Investigation complete; no suspect identified
f458a4a3b7ef8c7dd4877aa3c07911c996373f67854163477eefb1225ae609ea,2022-11,Wiltshire Police,Wiltshire Police,-1.974931,51.360936,On or near Le Marchant Close,E01032693,Wiltshire 025H,Further investigation is not in the public interest
6c6ee98abca523dd1603a2af11a52024417f190dac12766cd35c3a33a325ad37,2022-11,Wiltshire Police,Wiltshire Police,-2.138282,51.372474,On or near High Street,E01032068,Wiltshire 022D,Investigation complete; no suspect identified
c1cf0240bc88a1c78db4c960c776911f11b7d39379d19fb80a08721040e5cbf5,2022-11,Wiltshire Police,Wiltshire Police,-2.004411,51.438023,On or near The Strand,E01031901,Wiltshire 016B,Unable to prosecute suspect
c535ac13951d8d817fb501f5c4bef3df94eae96dac4ed6bde800e5415bdf5780,2022-11,Wiltshire Police,Wiltshire Police,-1.794437,51.591975,On or near Henman Close,E01015512,Swindon 028C,Investigation complete; no suspect identified
abedb32fc3e5e98e4bb7d1f561da6eabd3f3d639e5588dfd3646efb7d5d30b79,2022-11,Wiltshire Police,Wiltshire Police,-2.160200,51.514935,On or near The Chase Park,E01031951,Wiltshire 008D,Investigation complete; no suspect identified
b9ec1a97b5c4dc6a3cde004609d4d83a3c40fd5cf8d9c385a1d688bd059418c5,2022-11,Wiltshire Police,Wiltshire Police,-1.949689,51.011186,On or near Howgare Road,E01031990,Wiltshire 054A,Investigation complete; no suspect identified
e79584e1210a8973b2317e33d6ec8f3c905fae3f7aba4d3cfc5893fdd2754e09,2022-11,Wiltshire Police,Wiltshire Police,-2.191465,51.203712,On or near The Maltings,E01032114,Wiltshire 044D,Investigation complete; no suspect identified
6a0a2b5b8992added1aa477123ca9ae2ff8c185b64434739a2f21e638f3aecf0,2022-11,Wiltshire Police,Wiltshire Police,-1.787534,51.524554,On or near ,E01015587,Swindon 025E,Investigation complete; no suspect identified
a0afeec230c0b8a6ffda1f4839d35452166ecc67f0effcbd9ca112576646f784,2022-11,Wiltshire Police,Wiltshire Police,-2.162847,51.509419,On or near ,E01031940,Wiltshire 008B,Further investigation is not in the public interest
a17025b692e1b8a494ecc870a887864641764dfcedb017214ee408012b83df23,2022-11,Wiltshire Police,Wiltshire Police,-1.839353,51.548707,On or near Worsley Road,E01015503,Swindon 022C,Investigation complete; no suspect identified
cfaf8f207b2cf55b017cb7d57225ffa9187f5d14df738146b1809ee85a89b11a,2022-11,Wiltshire Police,Wiltshire Police,-2.202914,51.320344,On or near Polebarn Road,E01032101,Wiltshire 032C,Investigation complete; no suspect identified
759c8623ce7213569a4df098901c496e0fbf228b073acde8c89947c2e9526567,2022-11,Wiltshire Police,Wiltshire Police,-1.828262,51.079510,On or near Festival Avenue,E01031983,Wiltshire 052D,Unable to prosecute suspect
910fd885b80353daf1b74f51fc95cd33b3382f045500ea77f87a425f1120220f,2022-11,Wiltshire Police,Wiltshire Police,-1.828262,51.079510,On or near Festival Avenue,E01031983,Wiltshire 052D,Unable to prosecute suspect
4d50a5c9237143a5dcd6e2fed921e36cfe390da55aaa2a13df8255c7d08e3cb6,2022-11,Wiltshire Police,Wiltshire Police,-1.859336,51.639563,On or near Parsonage Farm,E01031936,Wiltshire 001D,Investigation complete; no suspect identified
490aa9a9d7fb2f619474edbb99c031489e6faa1e22770c1cd797083f3717dd2e,2022-11,Wiltshire Police,Wiltshire Police,-1.754829,51.556779,On or near Helston Road,E01015540,Swindon 020C,Investigation complete; no suspect identified
d1bc13ece13cbfec5572bad684c273818d3eb96f52e0329d28516efb532e8bf4,2022-11,Wiltshire Police,Wiltshire Police,-2.004411,51.438023,On or near The Strand,E01031901,Wiltshire 016B,Unable to prosecute suspect
e8fd5f097ba8559abea2ecf3e8134b0145bc2e081cbef6db79a9f00945e37d3b,2022-11,Wiltshire Police,Wiltshire Police,-2.219402,51.308310,On or near Laburnum Grove,E01032090,Wiltshire 036C,Investigation complete; no suspect identified
29e634ab65c8c8e2f2a8e37139aac90665d917dedcb0ba0b77ff69c3fb25909b,2022-11,Wiltshire Police,Wiltshire Police,-1.795853,51.057742,On or near Highlands Road,E01032005,Wiltshire 059A,Investigation complete; no suspect identified
01474d2a9f3aca0232d6fcde4b7a73c13d625ea690d448caffdea0fd3b365383,2022-11,Wiltshire Police,Wiltshire Police,-1.770754,51.176328,On or near ,E01031974,Wiltshire 048A,Suspect charged
f12b3ae1aaae3f9376cdffa6be2c959a826ef9622a69a578ffef3a8b170a0ff2,2022-11,Wiltshire Police,Wiltshire Police,-1.814190,51.068024,On or near Telford Road,E01032003,Wiltshire 055C,Investigation complete; no suspect identified
c7450b414f420279ee82e2728cbd367433470a33d398cad85acb4f5214561c17,2022-11,Wiltshire Police,Wiltshire Police,-1.728574,51.545032,On or near Tryon Close,E01015489,Swindon 023C,Investigation complete; no suspect identified
de0ca966dc11e1c36f27a1c961058422ec74013418d661131a4139dc10a66ba0,2022-11,Wiltshire Police,Wiltshire Police,-1.795554,51.070447,On or near Chipper Lane,E01032014,Wiltshire 056A,Investigation complete; no suspect identified
f66986a225bfc3563dcf7c5c0608e53ba594e2d4ebae8d656e333cbb12ca188f,2022-11,Wiltshire Police,Wiltshire Police,-2.210949,51.326265,On or near Melton Road,E01032086,Wiltshire 031B,Suspect charged
92867f5f441b40bb8f1e1cabd9424704ea033481b21b29ab8723698955bb8d7e,2022-11,Wiltshire Police,Wiltshire Police,-2.003102,51.439588,On or near ,E01031896,Wiltshire 015B,Unable to prosecute suspect
85282dc32355f08e950573a5829c4d92d2e29f345c4cc88f3650c67a48b0d882,2022-11,Wiltshire Police,Wiltshire Police,-2.003102,51.439588,On or near ,E01031896,Wiltshire 015B,Investigation complete; no suspect identified
42322654496f9219de7a6586c58d3104b5d64683d35d62b934068d47621a1175,2022-11,Wiltshire Police,Wiltshire Police,-1.829336,51.090257,On or near Ayrshire Close,E01031980,Wiltshire 052A,Investigation complete; no suspect identified
aa4b7eaa12bf0d5989cd8d9535c2416b4e11738a522d2b5bcb1b2521aca09ce8,2022-11,Wiltshire Police,Wiltshire Police,-2.136109,51.308455,On or near Acreshort Lane,E01032084,Wiltshire 037C,Investigation complete; no suspect identified
66aa0d5ec1e2915c3a1a12673fd6b49390d4292ebeb01bbc99934943b287f8af,2022-11,Wiltshire Police,Wiltshire Police,-1.703798,51.583213,On or near ,E01015473,Swindon 008A,Local resolution
9fc4e9168fbc4c0b14f70ac1f08007db347342731fde18c20e4ec13593c19e6f,2022-11,Wiltshire Police,Wiltshire Police,-2.189581,51.427430,On or near Southerwicks,E01031933,Wiltshire 018C,Investigation complete; no suspect identified
26765aa6bf07d5275c40d7e334e21ae1f6663fe6d084deeb92214d0c242648f5,2022-11,Wiltshire Police,Wiltshire Police,-2.004411,51.438023,On or near The Strand,E01031901,Wiltshire 016B,Investigation complete; no suspect identified
335ac7a6150eaa66ecc57cae0636a7e64e091631dc663abdaa9c98680a52a536,2022-11,Wiltshire Police,Wiltshire Police,-1.822434,51.601408,On or near Gaveller Road,E01032712,Swindon 027E,Investigation complete; no suspect identified
62c2622009703b4848636e8df1418066d8c8434137b56ccee78759b85f499ad3,2022-11,Wiltshire Police,Wiltshire Police,-1.884568,51.541675,On or near Swallows Mead,E01031969,Wiltshire 006D,Investigation complete; no suspect identified
37a4e19885a843a80d7b68cf7377bb59df687ae55af61a7b421f36c0e91087d4,2022-11,Wiltshire Police,Wiltshire Police,-2.195829,51.213309,On or near Bath Road,E01032111,Wiltshire 043B,Further investigation is not in the public interest
14f4454a131fbb8f3c38c77a941aac78609fa1c04b20a8aa5e1a4e1e8dc6b975,2022-11,Wiltshire Police,Wiltshire Police,-1.782422,51.064633,On or near Farley Road,E01032021,Wiltshire 056D,Investigation complete; no suspect identified
daec2f534a166f732b2867608760bcdcdcc3061f14ef692e6b6e0e8d611f2f12,2022-11,Wiltshire Police,Wiltshire Police,-1.773155,51.062916,On or near ,E01032021,Wiltshire 056D,Investigation complete; no suspect identified
671152b5e2c845abb59b54d9053f549862f311a500bcd99162ec1e6eca2a30ec,2022-11,Wiltshire Police,Wiltshire Police,-2.231145,51.312604,On or near Sandford Park,E01032096,Wiltshire 033A,Investigation complete; no suspect identified
fadbdaaa0c942f1f7607b81c4fec11e78580f8b53f44a2dd04b2ff0fc988b832,2022-11,Wiltshire Police,Wiltshire Police,-1.781431,51.558845,On or near Regent Circus,E01032714,Swindon 019E,Investigation complete; no suspect identified
4812952184efdba628615b0d52236f10b0414ae82a9efac20c5d68156516e2d8,2022-11,Wiltshire Police,Wiltshire Police,-2.013750,51.446367,On or near Harrier Close,E01031897,Wiltshire 015C,Investigation complete; no suspect identified
19274cea70ba4d1812308a45642a26eac497c8cf7b7ecaee68665070dcaf64c8,2022-11,Wiltshire Police,Wiltshire Police,-1.974931,51.360936,On or near Le Marchant Close,E01032693,Wiltshire 025H,Investigation complete; no suspect identified
21d34fd0c0d546df687884205ad65f9112296f846e11e61b1ab00726e07d5f7b,2022-11,Wiltshire Police,Wiltshire Police,-2.117997,51.372577,On or near Cranesbill Road,E01032071,Wiltshire 021E,Investigation complete; no suspect identified
8a7206cc0010e4182fc195cdd57604ba67f9531818cc150f96e7722d7b0c6982,2022-11,Wiltshire Police,Wiltshire Police,-2.247750,51.342836,On or near ,E01032050,Wiltshire 027F,Investigation complete; no suspect identified
d49b110df344652f425a6d742836afe61d0539d385bd6599ae2bc60821c95215,2022-11,Wiltshire Police,Wiltshire Police,-2.016769,51.089670,On or near Hindon Road,E01032004,Wiltshire 054B,Investigation complete; no suspect identified
d0e3cab5fad13bf9542932a878aedceb6977218d62aaa7b1f0df384b40e6ecc7,2022-11,Wiltshire Police,Wiltshire Police,-1.780627,51.555086,On or near North Street,E01015497,Swindon 019D,Action to be taken by another organisation
7af5c6fbf5560817f9bcbf5c5e3f1156b9d9b286f8cf2f155122d83bbc1d71d5,2022-11,Wiltshire Police,Wiltshire Police,-2.005807,51.438635,On or near Market Hill,E01031900,Wiltshire 016A,Suspect charged
011741d803bec0fd3dbd3f8f1c331c57eb93b10a264124d572f0d917697b37ef,2022-11,Wiltshire Police,Wiltshire Police,-1.764181,51.566931,On or near Culverhouse Road,E01015479,Swindon 017A,Investigation complete; no suspect identified
849b956d41f1afe0c2d79d6a744b6c6799a5df6d50fe00a5968986db10011781,2022-11,Wiltshire Police,Wiltshire Police,-2.210002,51.417343,On or near Tawny Close,E01031941,Wiltshire 018D,Unable to prosecute suspect
caa0f93a5f673d22f6b9a8903f808e7c2c8555f782dd34323472e9ed4a616c24,2022-11,Wiltshire Police,Wiltshire Police,-1.980088,51.359345,On or near Flax Mill Park,E01032693,Wiltshire 025H,Investigation complete; no suspect identified
dbcffb98af39dc91206258ec3a61c1e3a3aba58adaee3830a60dc1c92c5233b7,2022-11,Wiltshire Police,Wiltshire Police,-1.532241,51.340637,On or near Ashley Drove,E01031877,Wiltshire 029D,Investigation complete; no suspect identified
fe46e9ef0959ab6657899c56bc479fbfb07cccde474aa4ad94a3526d58c78ccc,2022-11,Wiltshire Police,Wiltshire Police,-1.781431,51.558845,On or near Regent Circus,E01032714,Swindon 019E,Investigation complete; no suspect identified
58b1d0f9a8b538082513668b791eddb897b9af54f117a207aca06d681f277f53,2022-11,Wiltshire Police,Wiltshire Police,-1.815816,51.599231,On or near Polonez Court,E01032702,Swindon 027B,Investigation complete; no suspect identified
01418a25eb11bb6febf6a173bf3931b0c1ff95f934416de569c4608876119f19,2022-11,Wiltshire Police,Wiltshire Police,-1.840657,51.551082,On or near Winstanley Close,E01015500,Swindon 018B,Investigation complete; no suspect identified
29e7a561bd4a90c8bc9fe3ff01b10ee1a80af6ca08801a384ee262bac83c7943,2022-11,Wiltshire Police,Wiltshire Police,-1.843777,51.558208,On or near Babington Park,E01015499,Swindon 018A,Investigation complete; no suspect identified
682df5374f8bd9162f850e0a62cee5185f511ea1f2226977d6900a9ca9320c42,2022-11,Wiltshire Police,Wiltshire Police,-2.002177,51.354608,On or near The Nursery,E01031854,Wiltshire 026B,Investigation complete; no suspect identified
b4faf8cb890291eb78dbc5d533257e16332ac8c09319d2bc8171c3acbd676be8,2022-11,Wiltshire Police,Wiltshire Police,-1.780357,51.560336,On or near Princes Street,E01015493,Swindon 017B,Investigation complete; no suspect identified
671897305d0ea968c83db17d78a1d7f01a5d3595953ff1130c5794ec6d2a7f88,2022-11,Wiltshire Police,Wiltshire Police,-2.044680,51.336544,On or near Poulshot Road,E01031876,Wiltshire 028E,Investigation complete; no suspect identified
16caf77c975dfd47ca5a8ce15c44cbd0a25609ec61393a8324e5af942fe27307,2022-11,Wiltshire Police,Wiltshire Police,-1.794937,51.525835,On or near Hicks Close,E01015584,Swindon 025B,Unable to prosecute suspect
8dc242aa6752c3251417ccd30180e8e053968a0746ae8bda5f07095e0d5de75d,2022-11,Wiltshire Police,Wiltshire Police,-1.784788,51.562772,On or near ,E01015476,Swindon 015B,Suspect charged
72447bfae9f3ca0a33c4a0474b7928c5b65b15ba18ed2bfcfe43fb923925b8ac,2022-11,Wiltshire Police,Wiltshire Police,-1.805611,51.584936,On or near Abbey View Road,E01015529,Swindon 006C,Investigation complete; no suspect identified
8fcbe068ef4805afc4f6c2a13ab9431dd9d7d95763a0774a7c918e0c4f467402,2022-11,Wiltshire Police,Wiltshire Police,-1.789823,51.043946,On or near ,E01032000,Wiltshire 057A,Investigation complete; no suspect identified
1902d70955240db48d83400c6bd826476f13107994053f1e08fc60292a7a5166,2022-11,Wiltshire Police,Wiltshire Police,-1.782422,51.064633,On or near Farley Road,E01032021,Wiltshire 056D,Investigation complete; no suspect identified
66c2a2b2eea976ef97c8947651876c8ee2ebaa474c3132c7d7f794653c68b2a6,2022-11,Wiltshire Police,Wiltshire Police,-1.983657,51.338116,On or near ,E01031855,Wiltshire 026C,Unable to prosecute suspect
1be6fbfcefa7084964a636c094d456e381ef38bf63f37aa308fb20e5f047c47b,2022-11,Wiltshire Police,Wiltshire Police,-1.619933,51.478904,On or near B4192,E01031841,Wiltshire 012A,Unable to prosecute suspect
67b1b85bd28ce0cd665397ccff27922e3da78eb8d0f719af3678e81fc3fd317a,2022-11,Wiltshire Police,Wiltshire Police,-2.199142,51.201515,On or near Masefield Road,E01032113,Wiltshire 043D,Unable to prosecute suspect
451c691d282640e4238585b760f7a4c38a7d67bb4a1dbff757e580be33a7e0c3,2022-11,Wiltshire Police,Wiltshire Police,-1.787856,51.613543,On or near The Ridge,E01015473,Swindon 008A,Unable to prosecute suspect
54e0e966d80f766220091a8fb08ab8bc22fa089ccc082092922a1f4bf0b80fba,2022-11,Wiltshire Police,Wiltshire Police,-1.771050,51.200364,On or near Recreation Road,E01031997,Wiltshire 046C,Unable to prosecute suspect
b884372e793ff5d9408cb4fac20f0ef6502a3c33e08cfe809371151cb0cb32fe,2022-11,Wiltshire Police,Wiltshire Police,-1.748260,51.544663,On or near The Birches,E01015535,Swindon 024C,Unable to prosecute suspect
b9113ef18c8f3bad89ddb853629da80bb95dd6ac057487e5f5b2c79b1c5914b5,2022-11,Wiltshire Police,Wiltshire Police,-1.794509,51.556918,On or near Albion Street,E01015477,Swindon 015C,Unable to prosecute suspect
64bd9a2893d505901b9c1281dad9fb785bb0fdb8a7890ef0abdb75204b8943ce,2022-11,Wiltshire Police,Wiltshire Police,-1.780342,51.569399,On or near Beatrice Street,E01015510,Swindon 010C,Investigation complete; no suspect identified
dbf586ae74e1d838b0813af2cee0fa53a6e7e71401cee50615fc67655800ba5f,2022-11,Wiltshire Police,Wiltshire Police,-1.786886,51.561517,On or near Queen Street,E01015476,Swindon 015B,Unable to prosecute suspect
90ec5b1f88479415786adf86cd5c1263bfa0dfae6697c54b28c2be08033a2029,2022-11,Wiltshire Police,Wiltshire Police,-1.786886,51.561517,On or near Queen Street,E01015476,Swindon 015B,Unable to prosecute suspect
364f15a82293a0f0f5425489f4e13915184e9e986a6eb329bce3911057b28b00,2022-11,Wiltshire Police,Wiltshire Police,-1.786886,51.561517,On or near Queen Street,E01015476,Swindon 015B,Unable to prosecute suspect
7372108d5a93800ea7c3d87ebc23ad8f73d7b5166d6bd9bd548812776720b8c3,2022-11,Wiltshire Police,Wiltshire Police,-1.619943,51.255514,On or near Rawlings Court,E01031859,Wiltshire 041A,Investigation complete; no suspect identified
3172336ab3840c3caf302140d0f959739616613873e77e8808f2f62c04bdd0ad,2022-11,Wiltshire Police,Wiltshire Police,-2.186737,51.262698,On or near Saxon Close,E01032115,Wiltshire 040A,Unable to prosecute suspect
d5d45858eaa226f76564215e81901c0f06e6406acbba48d9ff1582b767d90510,2022-11,Wiltshire Police,Wiltshire Police,-2.042288,51.342246,On or near Sillington Lane,E01031876,Wiltshire 028E,Unable to prosecute suspect
65b6cefcf7d687a0c6682c4ca9eb89eef29839599ddfc1dabbf9787436c3c88e,2022-11,Wiltshire Police,Wiltshire Police,-2.209886,51.322967,On or near ,E01032086,Wiltshire 031B,Unable to prosecute suspect
7cfe887562975c9bb45f362fccc86ed98dc6c801ad06d96087cd1aa4232b5a15,2022-11,Wiltshire Police,Wiltshire Police,-1.852054,51.085351,On or near Jones Close,E01032039,Wiltshire 054E,Unable to prosecute suspect
8eb4c34d2e5deedbb7181ecc5d5891b27e671dd23e58323009fedd851cef3469,2022-11,Wiltshire Police,Wiltshire Police,-1.807435,51.597446,On or near ,E01032710,Swindon 028E,Unable to prosecute suspect
94a5962eae165c54251d45a4bff785887554e355a4ab32e847b28af30bee464e,2022-11,Wiltshire Police,Wiltshire Police,-1.769832,51.163216,On or near Eyres Road,E01031977,Wiltshire 048D,Unable to prosecute suspect
65c3570faffad7b41197214af976203153af89fd96d3d7d41739bbbba23d0591,2022-11,Wiltshire Police,Wiltshire Police,-1.619353,51.254065,On or near Lady Jane Walk,E01031878,Wiltshire 041C,Investigation complete; no suspect identified
048c230fc0a50cf8f4615f8aabeea04a4e9e1a9ba0f9ff523a8371ad3dccfa17,2022-11,Wiltshire Police,Wiltshire Police,-1.764809,51.158287,On or near Banting Close,E01031977,Wiltshire 048D,Unable to prosecute suspect
a19cf99c15382aba2a3d17c61302eafbed7d631a9ba423af34ea05c593bcd701,2022-11,Wiltshire Police,Wiltshire Police,-1.788520,51.579233,On or near Wavell Road,E01015580,Swindon 007D,Unable to prosecute suspect
ca1c0a6d8501a58ed6c1dc30a444638888d77bea66400240919e6bc159e27869,2022-11,Wiltshire Police,Wiltshire Police,-1.840898,51.552512,On or near Basingstoke Close,E01015500,Swindon 018B,Unable to prosecute suspect
172970ea7b4a8e0c768f1108d36654ed493b5d016bc531979a37850fd8624010,2022-11,Wiltshire Police,Wiltshire Police,-2.121660,51.464107,On or near Fleet Road,E01031919,Wiltshire 009E,Investigation complete; no suspect identified
9c7fa99a4e37f2039238e664440727fa442dc7cec3719fbd7d9f4f28875d4aae,2022-11,Wiltshire Police,Wiltshire Police,-1.788043,51.529779,On or near Berkeley Road,E01015584,Swindon 025B,Unable to prosecute suspect
5cb37329c18ed3c3ab13429f0e362b1ac01d868f56e367847409ce3cae2ec5aa,2022-11,Wiltshire Police,Wiltshire Police,-1.732597,51.419448,On or near High Street,E01031863,Wiltshire 019C,Unable to prosecute suspect
96f70f040a2566e6acff6c2c9c281577a66d74a14d0586038c3bd0cacd9c66d5,2022-11,Wiltshire Police,Wiltshire Police,-1.861146,51.081523,On or near Churchill Court,E01032039,Wiltshire 054E,Investigation complete; no suspect identified
8752e879b1abbade41f6fe0613ea7d8b461cba1db13ca29a55ab2e5c6f663205,2022-11,Wiltshire Police,Wiltshire Police,-1.731746,51.537855,On or near Homington Avenue,E01015583,Swindon 025A,Investigation complete; no suspect identified
fbb03e2ba9adca382f188ee256cfd8ccc8091c60709a9d297cc4d420c89ccbfc,2022-11,Wiltshire Police,Wiltshire Police,-1.775525,51.551461,On or near ,E01015534,Swindon 024B,Unable to prosecute suspect
5575766f52573b96a062acfea89a09c00e2fccea57390237de5cc29434482e87,2022-11,Wiltshire Police,Wiltshire Police,-1.787603,51.531379,On or near Marine Close,E01015585,Swindon 025C,Unable to prosecute suspect
d74cc9ae1e5c1cccf98039802e3c2f5add3e1abaeadf95d57d626090182efc25,2022-11,Wiltshire Police,Wiltshire Police,-1.941010,51.313690,On or near The Ham,E01031883,Wiltshire 034D,Unable to prosecute suspect
fd11157da4bc4128e3bc1a9ccfd8050fe8a46bb3b6653904521a171268763af2,2022-11,Wiltshire Police,Wiltshire Police,-1.808219,51.565510,On or near Pasture Close,E01015579,Swindon 012C,Unable to prosecute suspect
aadaa6d9aa13cf07da4e98b3f6ba9d24197f869e6c5308c5eea4fda496694d2a,2022-11,Wiltshire Police,Wiltshire Police,-1.783492,51.595777,On or near Odstock Road,E01015545,Swindon 003C,Unable to prosecute suspect
27d9a5921cabcecda81abc0886b0407839f39706028b93392dbea387fa474467,2022-11,Wiltshire Police,Wiltshire Police,-1.941010,51.313690,On or near The Ham,E01031883,Wiltshire 034D,Unable to prosecute suspect
0a5d284d582ac5895c702b31412091e8f69eee2f0006103949ea6a27a6f335bc,2022-11,Wiltshire Police,Wiltshire Police,-1.785396,51.069674,On or near Millbrook,E01032015,Wiltshire 056B,Investigation complete; no suspect identified
5417f06177b66439cf1f1657270112cf0e9f0e82469c517b98bed3af0b3bad87,2022-11,Wiltshire Police,Wiltshire Police,-2.096333,51.549748,On or near Church Lane,E01031960,Wiltshire 005D,Suspect charged
e0c5050e711f7998df10c290114512218a8c784247c63f6b7e7e7eb0f4fe3cf4,2022-11,Wiltshire Police,Wiltshire Police,-1.806097,51.552100,On or near Ludgershall Road,E01015478,Swindon 021A,Unable to prosecute suspect
281ef174bc38c63143af90ef88f5b79d83c5bae3701a98174f17142973f790a4,2022-11,Wiltshire Police,Wiltshire Police,-1.898334,51.543935,On or near The Rosary,E01031963,Wiltshire 006A,Unable to prosecute suspect
f8c903d4fd7f15e01c0fea9122221dd2e56bfce1184c94476e3d18a44e755fa0,2022-11,Wiltshire Police,Wiltshire Police,-1.797245,51.068913,On or near St Thomas Square,E01032022,Wiltshire 058C,Unable to prosecute suspect
837a44ecf2f51a4422d033eabf450530b48072d3c92e90dc13475ef8aed03214,2022-11,Wiltshire Police,Wiltshire Police,-2.002627,51.443472,On or near Stokes Croft,E01031895,Wiltshire 015A,Unable to prosecute suspect
281eebf4890ba5699dfec6fb9670db51f020730e7a63e1ea50949ea67008d846,2022-11,Wiltshire Police,Wiltshire Police,-1.719717,51.421028,On or near Stonebridge Close,E01031861,Wiltshire 019A,Unable to prosecute suspect
3b6ce94f88aef4faf94e0cfcb5dd43093c7e95c0cde6f3b29b6a7ca0bb41ca62,2022-11,Wiltshire Police,Wiltshire Police,-1.898661,51.545851,On or near A3102,E01031963,Wiltshire 006A,Unable to prosecute suspect
ca50da11dab0c4b1793385b8f478a5788ea80348a5bd7b94001813264f60191c,2022-11,Wiltshire Police,Wiltshire Police,-1.783492,51.595777,On or near Odstock Road,E01015545,Swindon 003C,Unable to prosecute suspect
63afd3a9490e5c9f05b064fa0df1d8835bdbf511dda8edc3e8d881b882840fe5,2022-11,Wiltshire Police,Wiltshire Police,-1.828971,51.559994,On or near ,E01015569,Swindon 022D,Unable to prosecute suspect
0ec409d461cd427077eda8e31f57a37cd2ca18490ba449f13ac835aae61ee341,2022-11,Wiltshire Police,Wiltshire Police,-2.005866,51.450387,On or near Stickleback Road,E01032690,Wiltshire 015F,Unable to prosecute suspect
a7fc8134a521cbe1c509216e3b6305c070cff2e943427fc3b36b7d373b07e9e1,2022-11,Wiltshire Police,Wiltshire Police,-1.797993,51.610396,On or near Emerald Crescent,E01015474,Swindon 008B,Unable to prosecute suspect
aee34ac3f13b712e4823ad04c4d410f5bdf2775f0042a80c657a8891fb68caaf,2022-11,Wiltshire Police,Wiltshire Police,-1.752471,51.555353,On or near Axbridge Close,E01015540,Swindon 020C,Unable to prosecute suspect
88150ccad35ea8c3d9370e8cd8eec193cd2898f03bf80b26f01155dc8ff8b18a,2022-11,Wiltshire Police,Wiltshire Police,-2.137864,51.371211,On or near ,E01032068,Wiltshire 022D,Investigation complete; no suspect identified
9a9b946a0791083d3606692ad1462e5ebabe2b8078af7585f63f0679aab177cb,2022-11,Wiltshire Police,Wiltshire Police,-2.004586,51.326266,On or near Ryeleaze,E01031872,Wiltshire 028D,Unable to prosecute suspect
7b2697b551eb0232dbaacb13fcc218a89f11fc24379f232b24262a017fc868c9,2022-11,Wiltshire Police,Wiltshire Police,-1.771864,51.171699,On or near Devereux Road,E01031975,Wiltshire 048B,Unable to prosecute suspect
52e137a72db3a794b949b9f78e5807beda153e1b84e5167c0cff8f43267ca5cf,2022-11,Wiltshire Police,Wiltshire Police,-2.208513,51.336672,On or near Maddocks Road,E01032078,Wiltshire 030B,Investigation complete; no suspect identified
4f894e47e3db08cb9a0a819d406cac423bdf5a0164b40ac2a66555905fdba625,2022-11,Wiltshire Police,Wiltshire Police,-2.181234,51.204421,On or near ,E01032103,Wiltshire 044A,Unable to prosecute suspect
0d4760fa5fb50b531f3d4b08450fd64d11e8778e2a066a68b83b8b68a319e6e6,2022-11,Wiltshire Police,Wiltshire Police,-2.210883,51.318262,On or near Bythesea Road,E01032086,Wiltshire 031B,Unable to prosecute suspect
52b8d4c43ae5458cd7b1e6d51a647b4cf9034f6564feecd56e5483990ea30cc1,2022-11,Wiltshire Police,Wiltshire Police,-1.757330,51.555705,On or near Bilborough Drive,E01015573,Swindon 016C,Action to be taken by another organisation
a132310ffd51325d07a5caef6a7a6b74b0c04c129978d3c59c35ffecb086c93e,2022-11,Wiltshire Police,Wiltshire Police,-1.795087,51.263469,On or near Grants Road,E01031867,Wiltshire 038B,Investigation complete; no suspect identified
80372144aac277220e0f3de950bfb200331d9e7bfd69367e8771714fac354d65,2022-11,Wiltshire Police,Wiltshire Police,-1.670750,51.358633,On or near Manor Gardens,E01031847,Wiltshire 029B,Unable to prosecute suspect
615520034d7c0e46d7555166f575b5aff9d5647272c90819564657b44fb682a9,2022-11,Wiltshire Police,Wiltshire Police,-1.776707,51.089926,On or near Appleshaw Way,E01031984,Wiltshire 051A,Unable to prosecute suspect
04739a0d12afa9588bfdd96807b23c53006a7b5fef3e41dd7d3849b7693c486f,2022-11,Wiltshire Police,Wiltshire Police,-1.841679,51.547748,On or near ,E01015503,Swindon 022C,Unable to prosecute suspect
dedac10cd132ef2ab270c44608a9578d1dbcf2b98459690164af9b56fc013815,2022-11,Wiltshire Police,Wiltshire Police,-2.131236,51.365064,On or near Burnet Close,E01032069,Wiltshire 022E,Unable to prosecute suspect
7e869ec3cb7a1d69200482b191307b89d7ddbff1ef45300e1115a7c340538d2e,2022-11,Wiltshire Police,Wiltshire Police,-2.205930,51.324116,On or near Timbrell Street,E01032087,Wiltshire 031C,Unable to prosecute suspect
9a834757f11535f7478f8ec63596a6f1d2933f5766dd4a155abe4736dad56e53,2022-11,Wiltshire Police,Wiltshire Police,-2.197272,51.433271,On or near Mayo Close,E01031932,Wiltshire 018B,Unable to prosecute suspect
0ca0260006ff7c9f5a1a44ca4ca0ce1263add8168a1c074b40ba688d19b93f9e,2022-11,Wiltshire Police,Wiltshire Police,-1.992412,51.351515,On or near Rendells Court,E01031856,Wiltshire 026D,Unable to prosecute suspect
c43477d1a3a8a21fd74096e587d3bb771b8cb2484a73efc0203453cb3fae520b,2022-11,Wiltshire Police,Wiltshire Police,-1.784331,51.564767,On or near Wellington Street,E01015476,Swindon 015B,Investigation complete; no suspect identified
0d024a4b101ba74c59b5a2e7b4803a3de10ab1be77277f8f0df512ed70bc4e5a,2022-11,Wiltshire Police,Wiltshire Police,-1.937127,51.646733,On or near Church Lane,E01031887,Wiltshire 001A,Investigation complete; no suspect identified
6cdc860860a213e8f78c6594fcd0f084a2afc31467defe5261c27362ecd118cb,2022-11,Wiltshire Police,Wiltshire Police,-2.203231,52.513724,On or near The Close,E01029645,South Staffordshire 013A,Unable to prosecute suspect
1de695447de926ac7c4b51b3631dc767dabf9b2baa79905ea346c4d760101317,2022-11,Wiltshire Police,Wiltshire Police,-1.786473,51.594245,On or near Allington Road,E01015545,Swindon 003C,Unable to prosecute suspect
30860e9b3991bb1a1f411f5b1ecaf37f33a5caeb46919fcc911c1e728c3e3a73,2022-11,Wiltshire Police,Wiltshire Police,-1.842839,51.078838,On or near Lower Road,E01032040,Wiltshire 054F,Investigation complete; no suspect identified
fc5daaa14ec89c655d3b9c56837d50e187c30c91e71512bc5703abd834e600a7,2022-11,Wiltshire Police,Wiltshire Police,-1.770832,51.172255,On or near Coltsfoot Close,E01031975,Wiltshire 048B,Local resolution
64e84dae00f56ea2accbb5ff2d3ef706a08879184fdfecc16d27306a3ac0858f,2022-11,Wiltshire Police,Wiltshire Police,-1.802790,51.553264,On or near Dartmoor Close,E01015478,Swindon 021A,Unable to prosecute suspect
a72acd41052900733881269595cf59d792cd836127440168c206671721318b1a,2022-11,Wiltshire Police,Wiltshire Police,-2.208412,51.346123,On or near New Terrace,E01032078,Wiltshire 030B,Unable to prosecute suspect
0e2e407f3a47942b1d33c97c8e40fd5bb41793eae53e4e4d070011fc4d7e73e6,2022-11,Wiltshire Police,Wiltshire Police,-1.780892,51.201516,On or near Clover Lane,E01031999,Wiltshire 046D,Unable to prosecute suspect
7f2ad54d37461a5b6d5e5a6a8f4e491f0e778e8b452cf657a260d43f02b2b76a,2022-11,Wiltshire Police,Wiltshire Police,-2.186724,51.432290,On or near ,E01031952,Wiltshire 018F,Unable to prosecute suspect
2b5a048a915025ab75035c6c4db30afa9f26e4e23f0754f37c347077b208dfe2,2022-11,Wiltshire Police,Wiltshire Police,-1.764649,51.554542,On or near Brixham Avenue,E01015576,Swindon 017D,Unable to prosecute suspect
5e530ff08ba0855f6edb0a85ab62484b14f2c19e1cbb4d44c5655ae4b99276c0,2022-11,Wiltshire Police,Wiltshire Police,-1.992828,51.352333,On or near Maryport Street,E01031854,Wiltshire 026B,Investigation complete; no suspect identified
d668130922c7e1d016e235b891e92b57a64cbcabd1665723a2e22958f2b06e36,2022-11,Wiltshire Police,Wiltshire Police,-1.783289,51.601467,On or near ,E01015472,Swindon 028B,Unable to prosecute suspect
df9fb8e4e15748972a36347c1c802db18f6cd37369b9f80e8792771efb426443,2022-11,Wiltshire Police,Wiltshire Police,-2.003102,51.439588,On or near ,E01031896,Wiltshire 015B,Unable to prosecute suspect
dffe1901a8dbcad1bab07e48f583b7110c27b03b372c5b68869ef999e2871c42,2022-11,Wiltshire Police,Wiltshire Police,-1.731414,51.550110,On or near Dickens Close,E01015489,Swindon 023C,Unable to prosecute suspect
cbff2d9b07865bdf62c728fd5439293d3071bd87d0d4305136ff9c392604a915,2022-11,Wiltshire Police,Wiltshire Police,-2.110193,51.472418,On or near Hickory Way,E01031915,Wiltshire 009D,Unable to prosecute suspect
cd705403da0b1747120fb9822fd6e348bcce67a0add0282df89ea1639fc2188d,2022-11,Wiltshire Police,Wiltshire Police,-1.826338,51.562067,On or near Chesterfield Close,E01015567,Swindon 014C,Investigation complete; no suspect identified
4c059ef470e1e09d8ad14e19ac7daab5eeaf7c70e270f764ea3b416fd936557b,2022-11,Wiltshire Police,Wiltshire Police,-1.772159,51.172725,On or near Lanfear Close,E01031974,Wiltshire 048A,Unable to prosecute suspect
9d2b2fd918984915763723e40bfdee9862e0eaf2493a952300d947a4fd11d194,2022-11,Wiltshire Police,Wiltshire Police,-1.772736,51.562679,On or near ,E01015475,Swindon 015A,Unable to prosecute suspect
0414d980cfc93b1576fc8bb13c19102131b805d2ac3ea5e358d8bcfde8b4918a,2022-11,Wiltshire Police,Wiltshire Police,-2.175698,51.261726,On or near Castle View,E01032121,Wiltshire 039E,Investigation complete; no suspect identified
7f7407650483c359f04ca0a5e7833ca7ebfd6faf891a2ef1b0ae8edcd8871ef7,2022-11,Wiltshire Police,Wiltshire Police,-2.137676,51.376395,On or near ,E01032062,Wiltshire 022A,Unable to prosecute suspect
b217755e418edb52eb59982fd1c23942df97556fb0aa6a9cedeea8c50b0bd392,2022-11,Wiltshire Police,Wiltshire Police,-1.995105,51.417783,On or near Stockley Lane,E01031904,Wiltshire 013B,Investigation complete; no suspect identified
1a341df9f79c2092c088ec03f83c154f93fbbf09777fbc1c841555b2df203465,2022-11,Wiltshire Police,Wiltshire Police,-1.784331,51.564767,On or near Wellington Street,E01015476,Swindon 015B,Unable to prosecute suspect
bdb62b4ac0b1095bad57cbde480440fc90188545a27609344f944ceb7184dba1,2022-11,Wiltshire Police,Wiltshire Police,-2.200329,51.329592,On or near Downside Park,E01032087,Wiltshire 031C,Unable to prosecute suspect
390e9e9e4880aaae1b127be29bb72a1c1c9f64a2c1eeaab646ab251474717abc,2022-11,Wiltshire Police,Wiltshire Police,-1.905012,51.542889,On or near ,E01031967,Wiltshire 006C,Unable to prosecute suspect
3215da4f233fe88157ed34b1686542fe6441ecc7cea1a4710292b62552e58e38,2022-11,Wiltshire Police,Wiltshire Police,-1.777324,51.566858,On or near Elmina Road,E01015480,Swindon 015D,Unable to prosecute suspect
a4327ea42960025fc1a4faed2688a2b8b18e263b725f1a8c282490f6fb6a5036,2022-11,Wiltshire Police,Wiltshire Police,-1.792462,51.578853,On or near Cunningham Road,E01015580,Swindon 007D,Suspect charged
154e358502ae2fae9f14f50cbc7ecb3234f5d50d8158f57a1060041abb7b6c6c,2022-11,Wiltshire Police,Wiltshire Police,-1.751190,51.544300,On or near The Oaks,E01015536,Swindon 024D,Unable to prosecute suspect
200459c42b7a73c146ee4fd18650609be85ab3eb1864dce9fc6ac161e1a6ef33,2022-11,Wiltshire Police,Wiltshire Police,-2.195635,51.423806,On or near Pockeridge Road,E01031933,Wiltshire 018C,Action to be taken by another organisation
7167bf070636be45997a42601a622831177b8d046e5687a7ddc3f419a9808d90,2022-11,Wiltshire Police,Wiltshire Police,-2.162847,51.509419,On or near ,E01031940,Wiltshire 008B,Investigation complete; no suspect identified
ed0fa84b0a79bae9ad5cdc191ccfefb245d9dfdc3ebe9004ab8c77d4d8b373bd,2022-11,Wiltshire Police,Wiltshire Police,-1.818515,51.559511,On or near Cleasby Close,E01015568,Swindon 014D,Unable to prosecute suspect
fc3eb02914d54fd5f2c0810fe67f876bd624543e009ecd00a01155ccd051412c,2022-11,Wiltshire Police,Wiltshire Police,-1.798545,51.075182,On or near Scamell's Road,E01032024,Wiltshire 055D,Unable to prosecute suspect
75a51a30defb0c6b36e68bc10b88ebccc5537309ae28143f0df7532255da4de2,2022-11,Wiltshire Police,Wiltshire Police,-2.045257,51.396905,On or near Devizes Road,E01031845,Wiltshire 028A,Unable to prosecute suspect
5c88aee12212846c1e3e4368b4208ffe834bf7b1a4fc103c1bfd137562e14345,2022-11,Wiltshire Police,Wiltshire Police,-1.980118,51.356863,On or near Brickham Road,E01031850,Wiltshire 025A,Unable to prosecute suspect
104417d37f0e0fd87353539971ac72bc9b87bbcf3f9c37f7ddbc55ab83fba055,2022-11,Wiltshire Police,Wiltshire Police,-1.782215,51.579078,On or near Tulip Tree Close,E01015508,Swindon 010A,Unable to prosecute suspect
3e82ebd0c68f711fdeb1ed46fc9d90a085fb80c237bb698e4117c0a2ffda42f3,2022-11,Wiltshire Police,Wiltshire Police,-1.937127,51.646733,On or near Church Lane,E01031887,Wiltshire 001A,Investigation complete; no suspect identified
43103fc3ba978ae3e6b074fbfb21aa03da3cbdee3d6ff34d4a43635f48f1a9f2,2022-11,Wiltshire Police,Wiltshire Police,-1.799480,51.525223,On or near Elcombe Avenue,E01015587,Swindon 025E,Unable to prosecute suspect
09dbfcfce9280eca072deb3cac857c7bd831c07ed81ea1884c332342c16bb37a,2022-11,Wiltshire Police,Wiltshire Police,-1.781399,51.583743,On or near Hazel Grove,E01015506,Swindon 007A,Unable to prosecute suspect
e3bb4c85bfe32c001f517dd7b369325ebad930be49ae98b0e3b9fe52dad30d06,2022-11,Wiltshire Police,Wiltshire Police,-2.129560,51.478386,On or near ,E01031891,Wiltshire 013A,Unable to prosecute suspect
17c139e58e8105ba3ebe1e59251bf7b26449425867048267d0977844bac09ac0,2022-11,Wiltshire Police,Wiltshire Police,-2.129560,51.478386,On or near ,E01031891,Wiltshire 013A,Unable to prosecute suspect
58006122d25babf16cb32c9bfd0e0377ee3a1069fb5c0abe9217061f5b9b041b,2022-11,Wiltshire Police,Wiltshire Police,-1.759018,51.585587,On or near Ruskin Avenue,E01015558,Swindon 005D,Unable to prosecute suspect
3a90c2aaac53be0745b7c3fda7166b81e6cb3ebc7001c093f7e66d41f858f098,2022-11,Wiltshire Police,Wiltshire Police,-2.205310,51.329853,On or near ,E01032087,Wiltshire 031C,Unable to prosecute suspect
726c37bfe3ea1f476a105d0900ac6efcca606c551726566406431e5d8fb58670,2022-11,Wiltshire Police,Wiltshire Police,-1.765497,51.577580,On or near Aspen Close,E01015509,Swindon 010B,Investigation complete; no suspect identified
c45f490ec5bf8c0d7001b14821e71f79df01d01d4eb711fb04858ef354212a29,2022-11,Wiltshire Police,Wiltshire Police,-2.182665,51.200705,On or near Stuart Green,E01032103,Wiltshire 044A,Unable to prosecute suspect
70dfd1f2b7f2187aa431a645548d5710a1579c6141ac7231ed29219e88d346a6,2022-11,Wiltshire Police,Wiltshire Police,-1.723211,51.628109,On or near Cricklade Road,E01015521,Swindon 001C,Unable to prosecute suspect
1bdaca7c1c10972bf16f51cb17f527be69669577d852486f5e5aadfeb6ba89a1,2022-11,Wiltshire Police,Wiltshire Police,-1.785302,51.560868,On or near ,E01015494,Swindon 019A,Formal action is not in the public interest
bca8bbac006620826eb14e0dab8c7e0c70364eb3a232deb20f4fbbb36962b2dd,2022-11,Wiltshire Police,Wiltshire Police,-1.799480,51.525223,On or near Elcombe Avenue,E01015587,Swindon 025E,Unable to prosecute suspect
8c2a306b1f4e3a5f6c17a7d7415c071dcb740652c518b511aaa996fb9d1eea4f,2022-11,Wiltshire Police,Wiltshire Police,-1.811061,51.070121,On or near ,E01032003,Wiltshire 055C,Investigation complete; no suspect identified
ef6e9d0d4ffce5034d86931fbe964d957bd96644a65042b1cccb3aaffc8fc894,2022-11,Wiltshire Police,Wiltshire Police,-2.248682,51.228548,On or near Huntenhull Lane,E01032051,Wiltshire 047A,Unable to prosecute suspect
84bd3dff0ad52dfdc34216aecf9d6f124d4f0ee28477b04c4b5aca85b983ba8c,2022-11,Wiltshire Police,Wiltshire Police,-1.726203,51.413661,On or near Charles Wood Close,E01031865,Wiltshire 019E,Unable to prosecute suspect
36dc4b6c9d056dc8ebd505f71d290a6e2e205ca4b53856c05ccd507827046ad2,2022-11,Wiltshire Police,Wiltshire Police,-1.608727,51.254938,On or near Challis Court,E01031859,Wiltshire 041A,Unable to prosecute suspect
d26f1b00dd63e719593cb266e9d163dc207c34e3182f1d0cc09534ec1ecf6d5e,2022-11,Wiltshire Police,Wiltshire Police,-1.797541,51.562706,On or near ,E01032716,Swindon 012G,Unable to prosecute suspect
f491950622fcbe40206351ef24580392765aa0cd49ab9ba288c6dffa91af6a49,2022-11,Wiltshire Police,Wiltshire Police,-2.006312,51.450450,On or near Nightingale Way,E01032690,Wiltshire 015F,Unable to prosecute suspect
13bf6c5520e86158d34477015da6f49ee2592f8b0834ba389c5658bb7834c70b,2022-11,Wiltshire Police,Wiltshire Police,-2.142767,51.382593,On or near ,E01032063,Wiltshire 020A,Unable to prosecute suspect
ef9dda7cc2d9fc402948300a51a47f7cb1b0942fa65c6d3ec663260b24f6e3b1,2022-11,Wiltshire Police,Wiltshire Police,-1.765497,51.577580,On or near Aspen Close,E01015509,Swindon 010B,Investigation complete; no suspect identified
91070405ea1a8cf09e70c570d7a5f2cb7385865beba75967e615cf6df5d5458d,2022-11,Wiltshire Police,Wiltshire Police,-1.832231,51.603148,On or near Herschel Close,E01032705,Swindon 026D,Unable to prosecute suspect
e7a5b6db43173127bd04b679939a8179764753a9f38aec0ce3d2432bc8238ab2,2022-11,Wiltshire Police,Wiltshire Police,-1.797765,51.557697,On or near Courtsknap Court,E01015477,Swindon 015C,Unable to prosecute suspect
bc4d55439f462ce91d58642be9e04f5b28d26ed704e1eae971b33e72461ad313,2022-11,Wiltshire Police,Wiltshire Police,-1.723211,51.628109,On or near Cricklade Road,E01015521,Swindon 001C,Unable to prosecute suspect
b5577fd6e239d32da25f458d1fe8e84f582a8c720f054ced437805ac8d483dbe,2022-11,Wiltshire Police,Wiltshire Police,-1.796685,51.072940,On or near Mill Stream Approach,E01032014,Wiltshire 056A,Unable to prosecute suspect
d17851e5372c0fb97cc873f8b560ab4c0f94690570f74caf1245c58bdf9cb670,2022-11,Wiltshire Police,Wiltshire Police,-1.751981,51.552574,On or near Horsham Road,E01015541,Swindon 020D,Unable to prosecute suspect
d5b580467ca30c8b9713006000bfb91ea30ccc6560297907915b0ea9a57efe8e,2022-11,Wiltshire Police,Wiltshire Police,-1.820423,51.609821,On or near Barber Place,E01015474,Swindon 008B,Unable to prosecute suspect
7b4f7180b554a4a9cbfe7b80d7c79181a8a17b4f4bd0dd02c67c9b32c1c93951,2022-11,Wiltshire Police,Wiltshire Police,-2.183374,51.202628,On or near Weymouth Street,E01032106,Wiltshire 044B,Investigation complete; no suspect identified
23e38d89e3830719262a033992aece6df26907582400a9b122a866848a3ce88c,2022-11,Wiltshire Police,Wiltshire Police,-1.768379,51.339256,On or near Aston Close,E01031869,Wiltshire 024B,Unable to prosecute suspect
3b726a8a0a458b54cfa5f98087f6dc412760d0e0233814f6f112ec387ae1f039,2022-11,Wiltshire Police,Wiltshire Police,-2.198987,51.258469,On or near Hackney Way,E01032117,Wiltshire 040C,Unable to prosecute suspect
a9ff478b5f1d8d4d717e1c8cc7040baef5928f6b36949c83369f0ef3790c2564,2022-11,Wiltshire Police,Wiltshire Police,-1.996232,51.352288,On or near ,E01031854,Wiltshire 026B,Unable to prosecute suspect
fba3d9a97f82154ddcb45d1bbabae9ee243b5dd89de0cd4103ad80bcefd269eb,2022-11,Wiltshire Police,Wiltshire Police,-2.198987,51.258469,On or near Hackney Way,E01032117,Wiltshire 040C,Unable to prosecute suspect
422955e5039b85b324de7f0cbef3cde182a97f4eba034d8612654fa7653e1aed,2022-11,Wiltshire Police,Wiltshire Police,-1.754870,51.107201,On or near Tanners Close,E01032034,Wiltshire 049D,Investigation complete; no suspect identified
0a716b3e841326c59ef6598d40794c2ed4bdbcf8b086cb52061624431ea39e9b,2022-11,Wiltshire Police,Wiltshire Police,-1.813429,51.603785,On or near Fitkin Court,E01032712,Swindon 027E,Unable to prosecute suspect
e8bee87afa1ea2cbbb8fe0786ff80a1197f9db592ff5b77e88024ebcbfd50938,2022-11,Wiltshire Police,Wiltshire Police,-1.794530,51.612997,On or near Hillside Way,E01015474,Swindon 008B,Unable to prosecute suspect
5fa44f158aef788bf8a4bbbf4d1d094cd4b28aa8552af985b7eb08917e2db7b1,2022-11,Wiltshire Police,Wiltshire Police,-1.793736,51.577840,On or near Wingate Parade,E01015580,Swindon 007D,Investigation complete; no suspect identified
76324e25a118375d1e74fd6fe58c23b93ee785677fcf8eec1870e22527cec60a,2022-11,Wiltshire Police,Wiltshire Police,-1.740690,51.572582,On or near Waverley Road,E01015550,Swindon 009B,Investigation complete; no suspect identified
6d387f60c494fbb2f79c3453c31493c6ca4730b1d840666508051c4eb4faf6a9,2022-11,Wiltshire Police,Wiltshire Police,-2.118597,51.459992,On or near Foghamshire,E01031912,Wiltshire 011B,Unable to prosecute suspect
45bdcee8971ca0fb5c321b4b0a2390b195b8c2d46adf1709856cf906783a9711,2022-11,Wiltshire Police,Wiltshire Police,-1.975851,51.359048,On or near Cranesbill Road,E01032692,Wiltshire 025G,Unable to prosecute suspect
ac4bbdc73fd4d04f6bc84166977247b5ab09cfba360b159a7cc40774e0b3e496,2022-11,Wiltshire Police,Wiltshire Police,-1.802962,51.566688,On or near Ausden Terrace,E01015579,Swindon 012C,Unable to prosecute suspect
eeb5a17908573057e21aee9c07448b524047b17a54297790c97cf3f03befb301,2022-11,Wiltshire Police,Wiltshire Police,-1.664647,51.240248,On or near Rectory Close,E01032697,Wiltshire 041G,Further action is not in the public interest
a1bd33bf7885c7811f49f1b9ed38ff871bd6dd9b7c4a50fbe3930fc091acb182,2022-11,Wiltshire Police,Wiltshire Police,-1.760403,51.563759,On or near Shirley Close,E01015575,Swindon 016D,Unable to prosecute suspect
7c684a9f9136ff0a3352f38dfc4ddf4031e3203b6a2d49d4257ab396affa0ed6,2022-11,Wiltshire Police,Wiltshire Police,-2.209886,51.322967,On or near ,E01032086,Wiltshire 031B,Suspect charged
2fdf0bb2b1a92b2530124c1c4d68dad1ac820bdbae623932115a3a245d89edde,2022-11,Wiltshire Police,Wiltshire Police,-2.205714,51.320708,On or near Pitman Mews,E01032086,Wiltshire 031B,Unable to prosecute suspect
82ef9580a3f58f9301bc55128bdfea4362e06245a19e5a305c3ffde724cf197d,2022-11,Wiltshire Police,Wiltshire Police,-1.925266,51.085951,On or near St Martins Close,E01032004,Wiltshire 054B,Unable to prosecute suspect
baf80c1d7f06bf760054148cdba6c29727c231717b7e6f9ac0bfb74cb5b01674,2022-11,Wiltshire Police,Wiltshire Police,-2.263186,51.092413,On or near Queens Road,E01032037,Wiltshire 050D,Unable to prosecute suspect
b66953b1c3962b7d5e7f1eecd989f0f59910d61054819a347fcad7d7ccbf94b6,2022-11,Wiltshire Police,Wiltshire Police,-1.796408,51.061214,On or near St Nicholas' Road,E01032023,Wiltshire 059D,Unable to prosecute suspect
c9ab1301c3296d50cbe595438fe5926a179af12c8047608da120d20761ff8573,2022-11,Wiltshire Police,Wiltshire Police,-1.826925,51.567031,On or near Winlaw Close,E01015561,Swindon 014A,Suspect charged
eb56d357affeb1ac836edf85d9a060dd6e57fcd5afc4e69ce7e642b00cc5b233,2022-11,Wiltshire Police,Wiltshire Police,-1.744443,51.551614,On or near Pakenham Road,E01015539,Swindon 020B,Unable to prosecute suspect
0b0b0e723a42b1b3444da24c5090ee865549df89deb8198aee3a4c9292a83f02,2022-11,Wiltshire Police,Wiltshire Police,-1.841337,51.554644,On or near Bradenham Road,E01015500,Swindon 018B,Further investigation is not in the public interest
22e26909ac38ac784e68d5b56798a574e9d29788325dd7e888c651607aefc67b,2022-11,Wiltshire Police,Wiltshire Police,-2.222510,51.308079,On or near ,E01032090,Wiltshire 036C,Unable to prosecute suspect
0d2513e3b9a95fb948889f7f025580baf811e096105833486a54e5169e203aeb,2022-11,Wiltshire Police,Wiltshire Police,-1.787721,51.552437,On or near A4289,E01015497,Swindon 019D,Unable to prosecute suspect
2f87a3e90b55808b72d0b9dbc58277988919af72b5971849a0d7d5f9c494356f,2022-11,Wiltshire Police,Wiltshire Police,-2.207029,51.319546,On or near ,E01032101,Wiltshire 032C,Unable to prosecute suspect
5dacfb950c9cbaac149f51d9105ab6a9c47da860265d5754080cea9605dd217c,2022-11,Wiltshire Police,Wiltshire Police,-1.795361,51.543819,On or near Trecastle Road,E01015536,Swindon 024D,Unable to prosecute suspect
84c6ae8524e04f60cd131f92df4dd63c1053f9c9fe52f9f085ecbec8935530f2,2022-11,Wiltshire Police,Wiltshire Police,-2.209886,51.322967,On or near ,E01032086,Wiltshire 031B,Unable to prosecute suspect
eb5f88d933a7005b7288d26c7e3a37af5800b38dd3915423a2eb9a01cdef8497,2022-11,Wiltshire Police,Wiltshire Police,-2.094965,51.093157,On or near ,E01032004,Wiltshire 054B,Suspect charged
463016e901aefaf045391096574093117b3c2701e65d63fb24db5f4a2d5d0b43,2022-11,Wiltshire Police,Wiltshire Police,-1.782014,51.084864,On or near Gilbert Way,E01031986,Wiltshire 051C,Unable to prosecute suspect
3b74e2f1493d7b6ebfd4c5c813fc24c70fe8c9d9e69ff23a3c6300bf08f6bebc,2022-11,Wiltshire Police,Wiltshire Police,-1.776416,51.090959,On or near Pearce Way,E01031984,Wiltshire 051A,Unable to prosecute suspect
f2531d4b9f3b2b8b42f6cc35f86498977b2d57a74bffdecde297a131dab6a5ab,2022-11,Wiltshire Police,Wiltshire Police,-2.201727,51.311319,On or near Lamb Ale Green,E01032093,Wiltshire 035B,Unable to prosecute suspect
8e73d37581514e99837576442d73b94bcfcb170bf6f269ca3746a6162b17695a,2022-11,Wiltshire Police,Wiltshire Police,-1.779593,51.092413,On or near Howes Crescent,E01031984,Wiltshire 051A,Unable to prosecute suspect
a228ce9a83b2b0702189b655cfdb5cc36749bab22fa539de5912016920736aa3,2022-11,Wiltshire Police,Wiltshire Police,-1.824323,51.594451,On or near ,E01032704,Swindon 027C,Investigation complete; no suspect identified
790a44045dcd8c7b8a66940dadfcfbe9509fd7b1684294f856de741f02d6edf7,2022-11,Wiltshire Police,Wiltshire Police,-2.097066,51.595702,On or near Jenner Lane,E01031948,Wiltshire 002C,Unable to prosecute suspect
89ea1700eae6beeeb3d9928ab6520f9ec0d0fb9d2d44ee2eb14f25f43ba18fe2,2022-11,Wiltshire Police,Wiltshire Police,-1.790458,51.540618,On or near Mattocks Path,E01015536,Swindon 024D,Investigation complete; no suspect identified
fe01747834bae1850b8d6cce96eff88a70bbce5d77d5c480fa27dcb728d3d266,2022-11,Wiltshire Police,Wiltshire Police,-1.790458,51.540618,On or near Mattocks Path,E01015536,Swindon 024D,Unable to prosecute suspect
5a4ec65ffe8d30911d032953b58d091dc52e929a7bd6068f1d0d61ff43ff953c,2022-11,Wiltshire Police,Wiltshire Police,-2.184663,51.209973,On or near Portway Lane,E01032111,Wiltshire 043B,Unable to prosecute suspect
22966269789300c58b1a36c6e753d4d19f2ca4c9a39a2b081b4a9366bb0afb67,2022-11,Wiltshire Police,Wiltshire Police,-1.780587,51.548450,On or near Quarry Mews,E01015534,Swindon 024B,Unable to prosecute suspect
f8075e00cfd70e5d0a0efdf0085f405b8648aaf40472990fc31b552322279ee2,2022-11,Wiltshire Police,Wiltshire Police,-2.187998,51.336141,On or near Newleaze,E01032079,Wiltshire 030C,Unable to prosecute suspect
00af73a37a2d6515d73f531f0d442937c5b3fb4b325b8d1f637d06bbded1785b,2022-11,Wiltshire Police,Wiltshire Police,-2.124665,51.272932,On or near Pear Tree Orchard,E01032055,Wiltshire 039C,Unable to prosecute suspect
7d5170a131b3b9f01d69adf6cb74d76fcdb04d6d10673f6268bdca301664ef40,2022-11,Wiltshire Police,Wiltshire Police,-2.200979,51.314260,On or near Broadcloth Lane,E01032093,Wiltshire 035B,Unable to prosecute suspect
692997a98625fde4ec72416d148f06e6806725d0720cd588d34990a8f5653357,2022-11,Wiltshire Police,Wiltshire Police,-1.745196,51.576899,On or near Crawley Avenue,E01015549,Swindon 009A,Investigation complete; no suspect identified
726dca0a688e1a0565ab05337f979e2eea487bd5535fd14e071528486edc5065,2022-11,Wiltshire Police,Wiltshire Police,-2.130525,51.377833,On or near Fuller's Close,E01032065,Wiltshire 020C,Unable to prosecute suspect
eceba7d2be874cbadb07658d430377a473ef46d1eb6be54743f1ba2be63090d1,2022-11,Wiltshire Police,Wiltshire Police,-1.800450,51.530898,On or near Maunsell Way,E01015586,Swindon 025D,Unable to prosecute suspect
76f3ffd31a5fde12a9273693169b11e8d202cd0eb3423dfea3afe6a3f479f82e,2022-11,Wiltshire Police,Wiltshire Police,-1.748260,51.544663,On or near The Birches,E01015535,Swindon 024C,Unable to prosecute suspect
23cf7828f08a766b4c0c01f40fa26634f3a0c0b457a1d97c655745daae5170aa,2022-11,Wiltshire Police,Wiltshire Police,-2.114320,51.459151,On or near ,E01031912,Wiltshire 011B,Unable to prosecute suspect
d333fa1381e3b5c7f6485b755282c85594c08ce14231342b5f3ba0d86682f913,2022-11,Wiltshire Police,Wiltshire Police,-1.706186,51.638147,On or near Knowlands,E01015522,Swindon 001D,Unable to prosecute suspect
3d31e9f88f23091044724ee599ad8e67d57b141a132f052ff85085a6fb0a03f1,2022-11,Wiltshire Police,Wiltshire Police,-1.802756,51.561032,On or near Redcliffe Street,E01032708,Swindon 012F,Investigation complete; no suspect identified
9c1e9896c06155ca2814ee172844c3ec7508b48a347401c60154338c2c8e259b,2022-11,Wiltshire Police,Wiltshire Police,-1.805855,51.558205,On or near Saltash Road,E01032708,Swindon 012F,Investigation complete; no suspect identified
2cc8fd18288df4d7efb27f8aac4c981ab125a68415c03d9a6a68af715742cdc3,2022-11,Wiltshire Police,Wiltshire Police,-1.772922,51.512092,On or near ,E01015583,Swindon 025A,Unable to prosecute suspect
bbc0c3794745702ef84d6a79b5dd382fd2b609ff9a0f7887791480f7c61b31c8,2022-11,Wiltshire Police,Wiltshire Police,-1.786315,51.600314,On or near Warrener Close,E01015472,Swindon 028B,Action to be taken by another organisation
f03b91daf770b9b9a7692f345b7d5d52dde2c5a1e44e8ada04c895870bee5e4a,2022-11,Wiltshire Police,Wiltshire Police,-1.765165,51.164303,On or near Margarets Close,E01031977,Wiltshire 048D,Unable to prosecute suspect
50fdb9043ebcdf904c05d82a27dbff138f2fe680b11384c4869f8f7a4e620473,2022-11,Wiltshire Police,Wiltshire Police,-2.095926,51.582351,On or near Silver Street,E01031949,Wiltshire 002D,Unable to prosecute suspect
cf2aa7961497007b74b71a652528e329217483c72f9d77e7674c003bbbb6500d,2022-11,Wiltshire Police,Wiltshire Police,-2.186737,51.262698,On or near Saxon Close,E01032115,Wiltshire 040A,Unable to prosecute suspect
6e48502d2b7495c34a31b94f83ff102f7e6391b7ef90b3af63ef101aa9919c3c,2022-11,Wiltshire Police,Wiltshire Police,-1.783017,51.559046,On or near Temple Street,E01032714,Swindon 019E,Unable to prosecute suspect
a4bc6142134cc73d6c73113cd2641bbf710b9fb186a2a79e3454def0512e9faa,2022-11,Wiltshire Police,Wiltshire Police,-1.786778,51.101248,On or near Crosier Close,E01032011,Wiltshire 057B,Unable to prosecute suspect
45889964a46b3e1c78045bb602dc76570dde94c52c69e25004e452fe199af5d1,2022-11,Wiltshire Police,Wiltshire Police,-2.192825,51.292730,On or near Hawkeridge Road,E01032053,Wiltshire 037A,Investigation complete; no suspect identified
34f9a487505b82501cbc28e501d7083f6a02eed0e0fe7af9c6fdf8684fdb298f,2022-11,Wiltshire Police,Wiltshire Police,-1.622991,51.256001,On or near ,E01031859,Wiltshire 041A,Unable to prosecute suspect
5e6d896a0c650b289a41554a54278b6d7d5353a843ac0aa8c63b154fabf1fef7,2022-11,Wiltshire Police,Wiltshire Police,-1.978528,51.285684,On or near White Street,E01031858,Wiltshire 034C,Unable to prosecute suspect
17db47d2a368feb7f9d058b10665b20d1a50abb6b10d2fab73f9d2c2b4e64c61,2022-11,Wiltshire Police,Wiltshire Police,-1.784788,51.562772,On or near ,E01015476,Swindon 015B,Unable to prosecute suspect
30e578e863e33e338806dd16173492d70d813c3e2bd6ba7f99cd5952a6f80200,2022-11,Wiltshire Police,Wiltshire Police,-1.784089,51.570215,On or near ,E01015511,Swindon 010D,Suspect charged
2435168ddd87e397a811d022092c8235c2f03f9d1a5383eb278d532d8e4255fa,2022-11,Wiltshire Police,Wiltshire Police,-1.798624,51.559137,On or near Dean Street,E01015478,Swindon 021A,Unable to prosecute suspect
8e4ac0d638cf215e7fc8ac0e4e3a55df0384c81895f19bc922e02b52aef9ef92,2022-11,Wiltshire Police,Wiltshire Police,-1.751190,51.544300,On or near The Oaks,E01015536,Swindon 024D,Unable to prosecute suspect
778c6371371d0a67cd2da753c0c7653771c46a29cc461074f47d1235c5fa3236,2022-11,Wiltshire Police,Wiltshire Police,-2.002722,51.352855,On or near Moyne Close,E01031854,Wiltshire 026B,Unable to prosecute suspect
0e74fb39f9b4b160a60361e1c358b2a303c8997b887cd3a098f42615e5298ed7,2022-11,Wiltshire Police,Wiltshire Police,-2.002722,51.352855,On or near Moyne Close,E01031854,Wiltshire 026B,Unable to prosecute suspect
996ddffbd5048ffdd482f1586007836d786c65df7d9b26d96102939590ab9faa,2022-11,Wiltshire Police,Wiltshire Police,-1.995361,51.442609,On or near The Slades,E01031895,Wiltshire 015A,Unable to prosecute suspect
979b8f16c6d43015c6a45e4b7618c7bfd957a8fdfac31a483a1f5f5a1841ced8,2022-11,Wiltshire Police,Wiltshire Police,-1.788930,51.540535,On or near Yelland Walk,E01015536,Swindon 024D,Unable to prosecute suspect
6715330c6952c9aa701c4e0752534ddd89ac36a8fdce00b3ec5210c0dd952d8e,2022-11,Wiltshire Police,Wiltshire Police,-2.161154,51.200989,On or near Queensway,E01032104,Wiltshire 042A,Unable to prosecute suspect
03aa81e7d2985776344047ebcab33313bbb97a1f74ca3590204d54611df105dc,2022-11,Wiltshire Police,Wiltshire Police,-1.826181,51.557661,On or near The Forum,E01015567,Swindon 014C,Unable to prosecute suspect
1e815d3030e7f48e71016b398c305f6c247d26681a4477ed5f41ac92a91503d6,2022-11,Wiltshire Police,Wiltshire Police,-1.789929,51.102494,On or near Castle Well Drive,E01032011,Wiltshire 057B,Unable to prosecute suspect
63ea7a8349771920300e364e2125a6d91d8ab877779b6ff2a3ea91a867e294d7,2022-11,Wiltshire Police,Wiltshire Police,-2.208412,51.346123,On or near New Terrace,E01032078,Wiltshire 030B,Unable to prosecute suspect
40c46be9eba63f02c42c2e653c1196c0448bfafe4d12fa08130732d7f63a24ce,2022-11,Wiltshire Police,Wiltshire Police,-2.190563,51.196592,On or near Khyro Close,E01032109,Wiltshire 044C,Unable to prosecute suspect
25eacb5202fcd6bd3a24b794c64cbc1b352fe8386cc3c5c0cf2bfcf4636b9d88,2022-11,Wiltshire Police,Wiltshire Police,-1.791903,51.552579,On or near Bowood Road,E01015498,Swindon 021B,Unable to prosecute suspect
7cb9bda690aa50c0b1f43bfcb39f095c50436267f0c6704cb4489dcc37c63a38,2022-11,Wiltshire Police,Wiltshire Police,-1.785915,51.556228,On or near Stafford Street,E01015496,Swindon 019C,Suspect charged
33c969356eb1e2e3c91dd0691d7c1eecdc400b945de17e62616e8650daf353f0,2022-11,Wiltshire Police,Wiltshire Police,-2.117553,51.462502,On or near Union Road,E01031912,Wiltshire 011B,Investigation complete; no suspect identified
a75016cdabfbfe6901de3309157cdaf8300e86964f08c287e3ec45bef5e5783a,2022-11,Wiltshire Police,Wiltshire Police,-1.989175,51.439246,On or near James Avenue,E01031938,Wiltshire 013D,Investigation complete; no suspect identified
ca2b6e61dc908b7b9844d0eae45d4760c2b73f31f8460e272eb38c9562708755,2022-11,Wiltshire Police,Wiltshire Police,-2.205656,51.342945,On or near New Terrace,E01032078,Wiltshire 030B,Suspect charged
63fdd62349bc5c11964f57a31bf3991bb5f465b487ecaf231dc9e391d7509aa8,2022-11,Wiltshire Police,Wiltshire Police,-1.780118,51.585970,On or near Tenzing Gardens,E01015543,Swindon 003A,Local resolution
86f936b8daca1707a0aec170e55ce40e3acd07d9dd58c2715d918eaa596bcd01,2022-11,Wiltshire Police,Wiltshire Police,-1.981872,51.351550,On or near Middle Field Close,E01031851,Wiltshire 025B,Unable to prosecute suspect
86c7f2145b0c8f0bbda8bb50ca1c92b816ae0cd84881ed53a5b6470742ebcdfc,2022-11,Wiltshire Police,Wiltshire Police,-1.750977,51.554172,On or near Whitbourne Avenue,E01015540,Swindon 020C,Unable to prosecute suspect
b62a1e6e20b0573d686f33e609fcfa2319efb439db883d2affc166598e26b373,2022-11,Wiltshire Police,Wiltshire Police,-1.799024,51.070184,On or near ,E01032014,Wiltshire 056A,Investigation complete; no suspect identified
9ab834667cb48fe11b853b9c5f41ffb5787ca18d9c59debf9115987c5e5e099f,2022-11,Wiltshire Police,Wiltshire Police,-2.147309,51.450105,On or near Warwick Close,E01031906,Wiltshire 010B,Unable to prosecute suspect
9d4dda0bc4fe78df4337d6c59d73f9deb054303f50f09b567830ed9a1231087e,2022-11,Wiltshire Police,Wiltshire Police,-1.787721,51.552437,On or near A4289,E01015497,Swindon 019D,Unable to prosecute suspect
08b31c45c5541957d1cfed0685acfee89d1fab6337ce4141711c7668f01a402c,2022-11,Wiltshire Police,Wiltshire Police,-1.787721,51.552437,On or near A4289,E01015497,Swindon 019D,Unable to prosecute suspect
bdd6f566cd7b5adf6f14ce90b49e4ce1d9818e5094c395b31ba5d6e597c8d8b5,2022-11,Wiltshire Police,Wiltshire Police,-1.815595,51.593089,On or near Primrose Close,E01015513,Swindon 004A,Investigation complete; no suspect identified
62c7f69c004965714a93794432515026fd93111a45289a592232ff0d45b884e2,2022-11,Wiltshire Police,Wiltshire Police,-2.263141,51.438123,On or near Ogbourne,E01031929,Wiltshire 017D,Unable to prosecute suspect
096374e11073a301f97c3b437351eba449f79ccb811812c4788ac17fb4c003ad,2022-11,Wiltshire Police,Wiltshire Police,-1.791887,51.238879,On or near Vicarage Gardens,E01031867,Wiltshire 038B,Unable to prosecute suspect
d1ee9b367536dd38a837204151914889c7350ff6b34eadeba33088218d2dd7b3,2022-11,Wiltshire Police,Wiltshire Police,-1.786578,51.593373,On or near Bratton Close,E01015546,Swindon 003D,Unable to prosecute suspect
2dfd33ffdd4e33217c921394d8d6a55f693d586f712a01b9f3a77180ad3ed243,2022-11,Wiltshire Police,Wiltshire Police,-1.743718,51.560091,On or near Shoscombe Green,E01015537,Swindon 020A,Investigation complete; no suspect identified
31bf122968147be9d97a5e4d97e8398528ab9ef383dc892ae599a84f124ae4e0,2022-11,Wiltshire Police,Wiltshire Police,-2.210569,51.319199,On or near ,E01032086,Wiltshire 031B,Investigation complete; no suspect identified
e9b0a73b9ebd970120b75fa6cf5f5b83c40ad88a078b2c89e7725267eb41c45c,2022-11,Wiltshire Police,Wiltshire Police,-2.184660,51.262962,On or near Summerdown Court,E01032115,Wiltshire 040A,Unable to prosecute suspect
901ea633cbe3c61c753698da2d8a61ee447169d7332e3851d1298d4a5b64880a,2022-11,Wiltshire Police,Wiltshire Police,-2.115159,51.551772,On or near Kingway View,E01031960,Wiltshire 005D,Investigation complete; no suspect identified
6ff76580e38c6f0f2aa9c8facdf984ffe9cf3a51bd21f5f4e4c39b53ec887caa,2022-11,Wiltshire Police,Wiltshire Police,-1.718501,50.978027,On or near Tinneys Close,E01031992,Wiltshire 062B,Investigation complete; no suspect identified
de9ead9e7b3916b1a2935643e90e009183aff2a799a586e7440fb904059a6c9a,2022-11,Wiltshire Police,Wiltshire Police,-1.751190,51.544300,On or near The Oaks,E01015536,Swindon 024D,Unable to prosecute suspect
b66dd8b25988792d05ad2bbb35df9fc61d3067a3f165449697e42325917db319,2022-11,Wiltshire Police,Wiltshire Police,-1.766245,51.572258,On or near Gipsy Lane,E01015509,Swindon 010B,Investigation complete; no suspect identified
1aa468dc910fd99af0557300c64826f6d27003090414a87fcc67956f0c892e55,2022-11,Wiltshire Police,Wiltshire Police,-2.004411,51.438023,On or near The Strand,E01031901,Wiltshire 016B,Investigation complete; no suspect identified
1fe03aa04c9d76b6b13fe759f3a4bcfe2feccca99ccea9854c05a30c05f13362,2022-11,Wiltshire Police,Wiltshire Police,-2.208256,51.321126,On or near Fore Street,E01032086,Wiltshire 031B,Investigation complete; no suspect identified
c33b15767718b79131ad5ee567cf0678c8c725a687023a5fb39786ee189c0fe0,2022-11,Wiltshire Police,Wiltshire Police,-1.779281,51.576995,On or near May Close,E01015509,Swindon 010B,Action to be taken by another organisation
990e6a61b2e97190c1577c9c23fe79195dc2b3583c3c17122cbe4977b3b7c5e9,2022-11,Wiltshire Police,Wiltshire Police,-2.004411,51.438023,On or near The Strand,E01031901,Wiltshire 016B,Investigation complete; no suspect identified
325e4cfd62d4b09cf846c6495ed4c6d25fffa594d4ed92aa7e19486427951018,2022-11,Wiltshire Police,Wiltshire Police,-1.775525,51.551461,On or near ,E01015534,Swindon 024B,Offender given a caution
6c5b4eec5cbe46bd1b2f2e9724df5152f57f303de6e3cf660a398781dd887c36,2022-11,Wiltshire Police,Wiltshire Police,-1.720852,51.525035,On or near Berricot Lane,E01015547,Swindon 008C,Investigation complete; no suspect identified
b18617d85e2892e671fb2f5c672a4ad78e5f5b41c2771894c84bdabb71e87f85,2022-11,Wiltshire Police,Wiltshire Police,-1.779047,51.577552,On or near Firethorn Close,E01015508,Swindon 010A,Unable to prosecute suspect
66d629b0e4a6d0afb2ac32580a96b2438cd69bdf457a6b60e3febb45cdb79af3,2022-11,Wiltshire Police,Wiltshire Police,-1.715168,50.989655,On or near Bowers Hill,E01031994,Wiltshire 062D,Investigation complete; no suspect identified
c991a1aac622972d5110f7187aa8c4d22e4eb9802e362abae67ef87741525e7e,2022-11,Wiltshire Police,Wiltshire Police,-2.210002,51.417343,On or near Tawny Close,E01031941,Wiltshire 018D,Unable to prosecute suspect
908249ee85a94d44e10828c86a84ae70414c2fdcc4ef60ea23fa81ee3f4fcd5b,2022-11,Wiltshire Police,Wiltshire Police,-2.203231,52.513724,On or near The Close,E01029645,South Staffordshire 013A,Unable to prosecute suspect
53d2ac442817447ef535520649a65ae4bb4cedcdad9077ee2828ab4779def340,2022-11,Wiltshire Police,Wiltshire Police,-1.997840,51.353394,On or near The Old Brewery,E01031854,Wiltshire 026B,Investigation complete; no suspect identified
298e00fe9a8c827cb438c7b83e57a333beae1b1d362f6c86f15771bc1dc70617,2022-11,Wiltshire Police,Wiltshire Police,-2.115539,51.474319,On or near Tyddyman Close,E01031891,Wiltshire 013A,Investigation complete; no suspect identified
69ba09b9d31faaad378f65d5bb84e0b7c45dc1e4e15155089b3d69c0a86c08d4,2022-11,Wiltshire Police,Wiltshire Police,-1.779326,51.561746,On or near Spring Close,E01032714,Swindon 019E,Investigation complete; no suspect identified
8eae361f02cb58fc676c8f9348007a538206efb3f7170378d0d7ca8a49ed9ea2,2022-11,Wiltshire Police,Wiltshire Police,-1.600902,51.443711,On or near Union Street,E01031874,Wiltshire 012D,Local resolution
5ed683574c1464defc33a2b88afa0380f700ac6c5e3068a1cc6169906fb7b88a,2022-11,Wiltshire Police,Wiltshire Police,-2.008978,51.398478,On or near Scotts Close,E01031904,Wiltshire 013B,Investigation complete; no suspect identified
49ca54ebe03cd9d7a3d04da7214fe726471662da8082c5b4fc7fb03aa74c02dc,2022-11,Wiltshire Police,Wiltshire Police,-1.977236,51.083878,On or near Spracklands,E01032004,Wiltshire 054B,Unable to prosecute suspect
58dcea4a1d97a970a632bc241cd62509de49dcabd219238bc2eba321bed51d9b,2022-11,Wiltshire Police,Wiltshire Police,-2.076089,51.284672,On or near The Drove,E01032056,Wiltshire 039D,Investigation complete; no suspect identified
935d5dfd227c19a0dd943a46a1f453913ff94caf507baecf3f1244c69de4056d,2022-11,Wiltshire Police,Wiltshire Police,-1.759022,50.994660,On or near ,E01031995,Wiltshire 062E,Investigation complete; no suspect identified
9675854af9a85040796e8c183961fbc746fa130c25c1024c68fbbb702adf1cb0,2022-11,Wiltshire Police,Wiltshire Police,-1.716479,51.363042,On or near St Andrew's Close,E01031866,Wiltshire 024A,Further investigation is not in the public interest
a501ef6a293ec1102ce5dc54bcd5e2ed871d28a82efc9795f2dd30d2d7d24d0f,2022-11,Wiltshire Police,Wiltshire Police,-1.775525,51.551461,On or near ,E01015534,Swindon 024B,Unable to prosecute suspect
40ca3a560b1e56dbf345bea976739069a3f3e37f4630f1df3d630bc303aa682d,2022-11,Wiltshire Police,Wiltshire Police,-1.719055,51.580463,On or near ,E01015473,Swindon 008A,Unable to prosecute suspect
1d3dfb07f5f4d986fe40486030384edbdcd741f10fda18a3b24d8c9ed0cac6b9,2022-11,Wiltshire Police,Wiltshire Police,-1.986465,51.359706,On or near Coppers Road,E01032693,Wiltshire 025H,Investigation complete; no suspect identified
59616bee81a80927972a93ce6c7a04a1627cac6f7e01de35dc8f2b3c75a5ebae,2022-11,Wiltshire Police,Wiltshire Police,-1.757340,51.559131,On or near Shrewsbury Road,E01015573,Swindon 016C,Suspect charged
9ea6343025c0de1afd2c5f63089d8386f4b3a90b474cdac2957a07a0d90aa800,2022-11,Wiltshire Police,Wiltshire Police,-2.137841,51.459711,On or near ,E01031908,Wiltshire 010C,Investigation complete; no suspect identified
2d19541e7dcac8d3b97f5e67f1ae4a2fd8b3a7c24c7eb76ec9920395f074f4cd,2022-11,Wiltshire Police,Wiltshire Police,-1.788483,51.562464,On or near Henry Street,E01015476,Swindon 015B,Investigation complete; no suspect identified
304fa389a5c48b20d46c2477b48739cfb05bf131ad28a43dfef83fb591398427,2022-11,Wiltshire Police,Wiltshire Police,-1.775525,51.551461,On or near ,E01015534,Swindon 024B,Unable to prosecute suspect
716c551ca3f5c40d3630cd72237289bbae94cc4e62b1ea2c2a908092b35adf63,2022-11,Wiltshire Police,Wiltshire Police,-1.791676,51.069541,On or near Winchester Street,E01032014,Wiltshire 056A,Investigation complete; no suspect identified
6bd20d5aa492d2d18c6ca44ae769e7640103ad58ca1862b16d54077a0969db94,2022-11,Wiltshire Police,Wiltshire Police,-1.894783,51.312911,On or near The Hollow,E01031842,Wiltshire 038A,Unable to prosecute suspect
3729a5bd00af0e764f6d991a6e19382bb50ba85a391dfe732f6bea4456275820,2022-11,Wiltshire Police,Wiltshire Police,-2.232163,51.309635,On or near Cavendish Drive,E01032096,Wiltshire 033A,Investigation complete; no suspect identified
0212e617fe95c50191e387c5f2ffa04b8dda0845eed423ce921fee58b9f1c11a,2022-11,Wiltshire Police,Wiltshire Police,-1.775525,51.551461,On or near ,E01015534,Swindon 024B,Investigation complete; no suspect identified
b69f8ac4fac12831af10d5bf646216783ac1d811c1b99b5d7466351d4cc36b02,2022-11,Wiltshire Police,Wiltshire Police,-1.808853,51.567768,On or near ,E01015581,Swindon 012D,Investigation complete; no suspect identified
871e72ed160b7f1554d546af92a73f75f5fb508b00d0049f456a7dd5de1a40ef,2022-11,Wiltshire Police,Wiltshire Police,-1.783422,51.561915,On or near College Street,E01032714,Swindon 019E,Suspect charged
cd4f564a439b8961bcde20e6578947794a8520e9f65439c11e4a688927f6ea37,2022-11,Wiltshire Police,Wiltshire Police,-1.808158,51.604056,On or near Britten Road,E01015471,Swindon 028A,Investigation complete; no suspect identified
31f916bda484995849b349647ea969d2cce5c9b1d1b377bd2401e4000a5d5ec0,2022-11,Wiltshire Police,Wiltshire Police,-2.213917,51.325639,On or near Francis Street,E01032086,Wiltshire 031B,Investigation complete; no suspect identified
591486bf79e31f0d5db16d02b0e9a6cb8c83111d209b3cf9bbe3cc62e160bac2,2022-11,Wiltshire Police,Wiltshire Police,-2.003836,51.439768,On or near The Pippin,E01031896,Wiltshire 015B,Investigation complete; no suspect identified
72fb49e4568702aaa88c776557cf4919dec0956bb8ada87e14b8c70c2e598cd6,2022-11,Wiltshire Police,Wiltshire Police,-1.808158,51.604056,On or near Britten Road,E01015471,Swindon 028A,Investigation complete; no suspect identified
bb4d22c115208d3ca4fdbacfcd9f980189464f28c68e43ec0acc2fa905d33d29,2022-11,Wiltshire Police,Wiltshire Police,-1.797687,51.075523,On or near Nelson Road,E01032020,Wiltshire 053C,Offender given a caution
e010feaafaf8df49f42a79eb2afcba69c161d13b9dacd4b772f88b665e72a0ed,2022-11,Wiltshire Police,Wiltshire Police,-1.764313,51.560817,On or near Knollys Close,E01015573,Swindon 016C,Investigation complete; no suspect identified
53088f12a36b4a109d3c9e6cdb59cfa3c28c605502210227df4eb536025e1548,2022-11,Wiltshire Police,Wiltshire Police,-1.792533,51.056693,On or near ,E01032005,Wiltshire 059A,Investigation complete; no suspect identified
f8958dc7b47fe0be5e4c09058e95f635170ccb210468d4302c3fb29e7bd539df,2022-11,Wiltshire Police,Wiltshire Police,-1.792533,51.056693,On or near ,E01032005,Wiltshire 059A,Investigation complete; no suspect identified
9923e65db2bf3f289b5f84472313e0ef128b6c8d46b0d4e52e0b7af798b12e04,2022-11,Wiltshire Police,Wiltshire Police,-2.208256,51.321126,On or near Fore Street,E01032086,Wiltshire 031B,Investigation complete; no suspect identified
cdfb74acf6d7b9fdae6e9823cb1705ae9702b69d17fd66890b8ec121f706eb5d,2022-11,Wiltshire Police,Wiltshire Police,-1.813521,51.078022,On or near Macklin Road,E01032025,Wiltshire 053D,Unable to prosecute suspect
38768b8dbab93e99b8dfac60c86c5f4356e58b0da453afd8f6128bd98c48f87e,2022-11,Wiltshire Police,Wiltshire Police,-1.763468,51.559894,On or near ,E01015573,Swindon 016C,Investigation complete; no suspect identified
2fae64668fdb7325044fe799db1bf1aba08ef96936393795db3adfd2df2b0974,2022-11,Wiltshire Police,Wiltshire Police,-1.763468,51.559894,On or near ,E01015573,Swindon 016C,Investigation complete; no suspect identified
f1b9d11083fc3ed4b9a1f6f458b18b9e4863084fa82aa1f3e48a4483d496aec4,2022-11,Wiltshire Police,Wiltshire Police,-1.763468,51.559894,On or near ,E01015573,Swindon 016C,Investigation complete; no suspect identified
38f90d120d8f14f6b147d2b407da97f181f34fd211060a7567b81a121e72889e,2022-11,Wiltshire Police,Wiltshire Police,-2.140587,51.374701,On or near ,E01032062,Wiltshire 022A,Investigation complete; no suspect identified
3a333b7033c28a664654f4cb79ef8d9ee62c8fbd0a74679eb797024e772c190b,2022-11,Wiltshire Police,Wiltshire Police,-1.997840,51.353394,On or near The Old Brewery,E01031854,Wiltshire 026B,Investigation complete; no suspect identified
50ac28123e1560fd1b75e6270d571f5451db94b2ab8f3bc75c09603bce91f497,2022-11,Wiltshire Police,Wiltshire Police,-1.779392,51.595742,On or near Woodford Close,E01015545,Swindon 003C,Unable to prosecute suspect
c69ba257eff2257b37de28830c777edbfddb6be3b758fb0c1a3590da31cb23d3,2022-11,Wiltshire Police,Wiltshire Police,-2.163054,51.414145,On or near Lanes End,E01031942,Wiltshire 018E,Investigation complete; no suspect identified
1708bd3def27e53c017cf77f4ce6936102abbba5f22608d9ca30e8ba4e426f68,2022-11,Wiltshire Police,Wiltshire Police,-2.209415,51.320414,On or near ,E01032086,Wiltshire 031B,Investigation complete; no suspect identified
c2be85ebd9f964c09890f19987a31ec5412780df155d93fdab468105f22954cf,2022-11,Wiltshire Police,Wiltshire Police,-1.996297,51.438878,On or near Forman Street,E01031902,Wiltshire 016C,Investigation complete; no suspect identified
3f77856f581eb1f6f4b7ebfeee4c2e80692924ae47655c7659af826fadc62875,2022-11,Wiltshire Police,Wiltshire Police,-1.658094,51.244994,On or near Landsbury Drive,E01032698,Wiltshire 041H,Unable to prosecute suspect
004e673184eda7e760259414b24f10e8d1c624c50116f639a175552c2c6c0052,2022-11,Wiltshire Police,Wiltshire Police,-1.735918,51.541929,On or near Stowell Road,E01015583,Swindon 025A,Unable to prosecute suspect
d8399a105162ae19ef467fceea59d2912194a80ccc4411acab6a113fd29b1ed3,2022-11,Wiltshire Police,Wiltshire Police,-1.729631,51.554197,On or near Galsworthy Close,E01015491,Swindon 023E,Investigation complete; no suspect identified
81e879433ffe102ace6d3b03d9e6a4318f25090bc730e5b40497933355e14479,2022-11,Wiltshire Police,Wiltshire Police,-1.996297,51.438878,On or near Forman Street,E01031902,Wiltshire 016C,Investigation complete; no suspect identified
c45fa167fd477f124cf236f598ae9d33a4c0332a20486c07aeca0354c4e91817,2022-11,Wiltshire Police,Wiltshire Police,-1.733817,51.553550,On or near Kennedy Drive,E01015491,Swindon 023E,Suspect charged
e39b5b213fcf76e62cb8e498d4e75361e16937d0d4eb58fd0915842e79ef364a,2022-11,Wiltshire Police,Wiltshire Police,-1.788698,51.547035,On or near Belmont Crescent,E01032707,Swindon 021F,Investigation complete; no suspect identified
099f8d430649502cbd85d8444fae462129b984785c8aba65363645617fe71acd,2022-11,Wiltshire Police,Wiltshire Police,-1.781126,51.559411,On or near ,E01032714,Swindon 019E,Unable to prosecute suspect
fbddbd0616002e6fae5da3c836aeeceaae0f41e5cb219f78de6a1f7ffd83ff89,2022-11,Wiltshire Police,Wiltshire Police,-2.118597,51.459992,On or near Foghamshire,E01031912,Wiltshire 011B,Investigation complete; no suspect identified
9010769eb88287fcc45a7371a7c45404408479f154e00a346ac2602a5fd2f3ca,2022-11,Wiltshire Police,Wiltshire Police,-1.710375,51.638328,On or near Crane Furlong,E01015521,Swindon 001C,Investigation complete; no suspect identified
76f2fd96eb28dcea4ed4cd3bb28ff4fc5ab8f22b0b2f8e6502a7c445d370792b,2022-11,Wiltshire Police,Wiltshire Police,-1.788282,51.583863,On or near Blackthorn Lane,E01015527,Swindon 007C,Unable to prosecute suspect
bfa7125a143c4af2b89d2ef6373261e64557ed642a2a16226b9be81858dc0dba,2022-11,Wiltshire Police,Wiltshire Police,-1.778273,51.555738,On or near Victoria Road,E01032715,Swindon 019F,Suspect charged
7081a2961a08395a51e807c3cb569ed056b10a07ee77092b6f68332772f4d223,2022-11,Wiltshire Police,Wiltshire Police,-1.826106,51.596459,On or near Markton Close,E01032703,Swindon 026C,Investigation complete; no suspect identified
139fa24132b4ec28f2dde9b866f782fb09cabbca0f58bf61f5f651575063ba7f,2022-11,Wiltshire Police,Wiltshire Police,-2.128777,51.374409,On or near Gloucester Square,E01032062,Wiltshire 022A,Investigation complete; no suspect identified
ed0a643b2d0513428838d36afec222798bbafae4866753733908e18140cf3d14,2022-11,Wiltshire Police,Wiltshire Police,-1.786886,51.561517,On or near Queen Street,E01015476,Swindon 015B,Investigation complete; no suspect identified
76adc15bc9a924c32afcf15c851af256578d3fb8b7bb5553ff12198a2143d487,2022-11,Wiltshire Police,Wiltshire Police,-2.116515,51.461748,On or near ,E01031912,Wiltshire 011B,Investigation complete; no suspect identified
9a4a1314c5b57f1b637f96b2cc36a0d76dcc9be9a9302a25d93959ac69dcad02,2022-11,Wiltshire Police,Wiltshire Police,-1.784788,51.562772,On or near ,E01015476,Swindon 015B,Suspect charged
211db72916c6d92f7db5c921b389997c437fb9298965f95e5daf05d52ff5a995,2022-11,Wiltshire Police,Wiltshire Police,-1.805391,51.562205,On or near Fosse Close,E01032716,Swindon 012G,Investigation complete; no suspect identified
75775fcbccd5d6563e8cf4bad4e1382b77be44e101598ed9f2ecba61a423ff63,2022-11,Wiltshire Police,Wiltshire Police,-1.763178,51.582260,On or near Dave Watkins Court,E01015558,Swindon 005D,Investigation complete; no suspect identified
ec72421ef107eb997cb4eaaf1974f55af43565780279d1d4abb5b56f43fd9bf7,2022-11,Wiltshire Police,Wiltshire Police,-2.215374,51.315017,On or near Bond Street,E01032089,Wiltshire 036B,Unable to prosecute suspect
0704fc30f71a10cbaca2693793021841e5375bb678be25bcf1fa74f11519e5e2,2022-11,Wiltshire Police,Wiltshire Police,-1.755741,51.553346,On or near Rodwell Close,E01015540,Swindon 020C,Investigation complete; no suspect identified
a2ba0fcc5019e045d7b85c58655584f9e65df2b04fd4c5781ff2ba72cd937a40,2022-11,Wiltshire Police,Wiltshire Police,-1.813054,51.073687,On or near West End Road,E01032002,Wiltshire 055B,Investigation complete; no suspect identified
b881f5d032916ee59b80d3eeeb610b66efcb79980df621a2a2dd1f337ab20c0a,2022-11,Wiltshire Police,Wiltshire Police,-1.762205,51.161456,On or near Haragon Drive,E01031976,Wiltshire 048C,Unable to prosecute suspect
2ba87cb290933e235b5cbb67bcc57f7f98752bc848716c2d7c10e2035a89f844,2022-11,Wiltshire Police,Wiltshire Police,-2.122976,51.466282,On or near Hungerford Road,E01031919,Wiltshire 009E,Further investigation is not in the public interest
24a86530b408902d36f23b7137ea199aaed4d7364c87cf9b1c59a6c7bdfcb33b,2022-11,Wiltshire Police,Wiltshire Police,-2.197067,51.295294,On or near ,E01032052,Wiltshire 039A,Investigation complete; no suspect identified
4a0cef9c9e879f78afaad153a32c3169d4de06feaf996e3fc2fe63ae46d2e8bf,2022-11,Wiltshire Police,Wiltshire Police,-1.785671,51.558970,On or near Commercial Road,E01015496,Swindon 019C,Investigation complete; no suspect identified
22f3ce5923b34e9f098f19df2d1e7a27219236ac03ec49733f848c93e2ccb0f0,2022-11,Wiltshire Police,Wiltshire Police,-1.794694,51.071327,On or near Endless Street,E01032014,Wiltshire 056A,Investigation complete; no suspect identified
6533c2e13541e7f2fc2f2693cd54d731c13ce94d216cb2daf3c7391cd5a6729a,2022-11,Wiltshire Police,Wiltshire Police,-1.988663,51.354293,On or near Victoria Road,E01031850,Wiltshire 025A,Investigation complete; no suspect identified
53f8ca98b475122a180c135bac94d4c95ef386dda6b12738800cf16045e4e426,2022-11,Wiltshire Police,Wiltshire Police,-1.797541,51.562706,On or near ,E01032716,Swindon 012G,Suspect charged
a2bec64e9bb8239966374f1404dcc383ffcd07606ff640947d93fa58aa9d67c4,2022-11,Wiltshire Police,Wiltshire Police,-1.759761,51.562409,On or near Raleigh Avenue,E01015575,Swindon 016D,Investigation complete; no suspect identified
85c500046f5d1a426dff97457d53f83269d7df69247ffcb0b15f71734c7897d8,2022-11,Wiltshire Police,Wiltshire Police,-1.779326,51.561746,On or near Spring Close,E01032714,Swindon 019E,Suspect charged
c569362f942d6aadda5741a308e6010f0b621cb569c4e2cc00389d53368a36c5,2022-11,Wiltshire Police,Wiltshire Police,-1.785350,51.563016,On or near ,E01015476,Swindon 015B,Suspect charged
a2b65fc3600af927468678bd74f66419ef293402eb94200be3ad48eb40033cd2,2022-11,Wiltshire Police,Wiltshire Police,-1.548583,51.452675,On or near ,E01031873,Wiltshire 012C,Investigation complete; no suspect identified
0a4189b9dfd739221634f545cf06c3bc0e7db518d5e7e8226eba6a642adb0ed3,2022-11,Wiltshire Police,Wiltshire Police,-1.667253,51.351610,On or near Eastcourt,E01031847,Wiltshire 029B,Investigation complete; no suspect identified
86aa61ccec79ba053ff17e4b0aaea38571d22aedf3ad593a5f754ebd5fc4b304,2022-11,Wiltshire Police,Wiltshire Police,-1.748584,51.556586,On or near Weyhill Close,E01015537,Swindon 020A,Investigation complete; no suspect identified
c0f6c6bf7e7167ad80f19f79d28dbf4cc9e328066651e99d29225817bd3f6041,2022-11,Wiltshire Police,Wiltshire Police,-2.119419,51.460414,On or near Ivy Lane,E01031912,Wiltshire 011B,Investigation complete; no suspect identified
adcf75e90967c3066d81b23eb7eb95cee3cecba72f67e6e06d6982512bdf69ce,2022-11,Wiltshire Police,Wiltshire Police,-1.778790,51.571087,On or near Whiteman Street,E01015510,Swindon 010C,Suspect charged
c11ff9908fc0b44f33a9031f9781b65882f46c75b39f7d7e2ae0e15aa128173c,2022-11,Wiltshire Police,Wiltshire Police,-1.778273,51.555738,On or near Victoria Road,E01032715,Swindon 019F,Suspect charged
fc7a91b2fe05c37eb8c67a91db6f27b36113c7b36ac0ca5da92290563cbf9274,2022-11,Wiltshire Police,Wiltshire Police,-1.840657,51.551082,On or near Winstanley Close,E01015500,Swindon 018B,Investigation complete; no suspect identified
812470befd2db5d650bc22ddebe9a9c4021580e7fa923deb398dbaca5f36e36b,2022-11,Wiltshire Police,Wiltshire Police,-1.843947,51.546474,On or near Ramsden Road,E01015501,Swindon 022A,Investigation complete; no suspect identified
f09a824bc42572ff9213c2120ad1812490f3b8ffc30c56e7e3faeb8e733bb935,2022-11,Wiltshire Police,Wiltshire Police,-2.223139,51.306784,On or near Lilac Grove,E01032091,Wiltshire 036D,Formal action is not in the public interest
2baeaf2e9526eac286cd4642364502de96ad8128b7a6616cde43bc0909776731,2022-11,Wiltshire Police,Wiltshire Police,-1.784788,51.562772,On or near ,E01015476,Swindon 015B,Investigation complete; no suspect identified
bc5375a787aea8428b24f16e221c0516195b3546ffd4c8097264a47d6988e669,2022-11,Wiltshire Police,Wiltshire Police,-2.147648,51.323259,On or near Common Hill,E01032084,Wiltshire 037C,Investigation complete; no suspect identified
f633c0d6ec0669e87c175d363c9d63dedebe749a30d800a5aa93f42aff75368f,2022-11,Wiltshire Police,Wiltshire Police,-1.775963,51.561964,On or near Newcastle Street,E01015493,Swindon 017B,Investigation complete; no suspect identified
48862f6023e4d4dab8530c9a9f0acfa7498c329b5fff773c8fc6e51ef00845c2,2022-11,Wiltshire Police,Wiltshire Police,-1.804876,51.567833,On or near Mannington Park,E01015578,Swindon 012B,Investigation complete; no suspect identified
90659bb4b5d951ee50bd63622d1993ebdd3ff4f4730f90bf77e394fadc6cacc3,2022-11,Wiltshire Police,Wiltshire Police,-2.208256,51.321126,On or near Fore Street,E01032086,Wiltshire 031B,Investigation complete; no suspect identified
bfbaa8085b121f9f3c6e3662dda78f5e32a24ad1af1796945e7462db2ddb0bba,2022-11,Wiltshire Police,Wiltshire Police,-1.839350,51.565952,On or near Saddleback Road,E01015565,Swindon 011C,Investigation complete; no suspect identified
f514125115f21cc91d14f7eeb133b15c2806b5f1b969ccd5faf0a8feaf519ba7,2022-11,Wiltshire Police,Wiltshire Police,-1.783422,51.561915,On or near College Street,E01032714,Swindon 019E,Suspect charged
3c042d3365e617e62961c56c7779a875124e7b0153b5b4297b3c9af86f23db09,2022-11,Wiltshire Police,Wiltshire Police,-1.780893,51.589757,On or near Oaksey Road,E01015544,Swindon 003B,Unable to prosecute suspect
448e9d12bb32b84219a8c88214954b101e21117d4a49ae6c407fa2c9e2615816,2022-11,Wiltshire Police,Wiltshire Police,-2.101440,51.589341,On or near ,E01031948,Wiltshire 002C,Suspect charged
0f03bd64f2993907b835ba9800880a43d06510c9218f9d734c1c7afb45990cab,2022-11,Wiltshire Police,Wiltshire Police,-1.647674,51.408713,On or near ,E01031843,Wiltshire 029A,Investigation complete; no suspect identified
97a6305e3b6bc1b2d1eae8d7e274e154aa87ee64789a2c033ff742dbebc87b62,2022-11,Wiltshire Police,Wiltshire Police,-2.222510,51.308079,On or near ,E01032090,Wiltshire 036C,Investigation complete; no suspect identified
bf28ced5eb0c5db8d0f8870a53f65ba48007a6691847cd3d02220d0ba41d89af,2022-11,Wiltshire Police,Wiltshire Police,-1.793020,51.548140,On or near Withering Road,E01032707,Swindon 021F,Investigation complete; no suspect identified
6d43a70337047dd8cb2684c533a0bfcad4bd36b2d0665ec864c00987bb80b560,2022-11,Wiltshire Police,Wiltshire Police,-1.694572,51.099461,On or near Firs Close,E01032041,Wiltshire 060D,Investigation complete; no suspect identified
7df084816b23eb0d52f0e488e46fa9b37376d545f617fccc8b331a3be0d93f85,2022-11,Wiltshire Police,Wiltshire Police,-2.141211,51.376453,On or near New Broughton Road,E01032062,Wiltshire 022A,Investigation complete; no suspect identified
72bbb9bf3d3da90cacc15c6b12c80c55ead8b34e82235174638cb6f62cb051cf,2022-11,Wiltshire Police,Wiltshire Police,-1.707499,51.631649,On or near ,E01015523,Swindon 001E,Investigation complete; no suspect identified
c2ef975a66023cad19d45a0fb3718c1ebdffb50c09b2e3d5061307b115eded57,2022-11,Wiltshire Police,Wiltshire Police,-1.818699,51.192472,On or near Douglas Brown's Walk,E01031998,Wiltshire 045C,Suspect charged as part of another case
d1688e9743da87875a9fcd021e35714d6649fbe6cca347a8d43a9192a98673f4,2022-11,Wiltshire Police,Wiltshire Police,-1.831780,51.600244,On or near Cassini Drive,E01032705,Swindon 026D,Unable to prosecute suspect
85c7150b558b78ff2e5350ded0b94ab0c2a915dfb45ba79595bb0cde6646b3e1,2022-11,Wiltshire Police,Wiltshire Police,-2.179946,51.204648,On or near Market Place,E01032103,Wiltshire 044A,Investigation complete; no suspect identified
5631e4185e2e2cc71f24cc630f61e12ac5aa1951fba921d9ad6a85fa73b56be0,2022-11,Wiltshire Police,Wiltshire Police,-1.744443,51.551614,On or near Pakenham Road,E01015539,Swindon 020B,Investigation complete; no suspect identified
048614a8e3272019411872672bb37f078ce71d4c622949269a49d456098d7d76,2022-11,Wiltshire Police,Wiltshire Police,-1.747280,51.586300,On or near Hatch Road,E01015552,Swindon 009D,Investigation complete; no suspect identified
2083a4de84376c783baee38a89be5d03cbe3605b07dbe4d170c60c1acc864216,2022-11,Wiltshire Police,Wiltshire Police,-1.538837,51.432909,On or near Stag Hill,E01031873,Wiltshire 012C,Investigation complete; no suspect identified
30036d5e13e7b24fd87fc27fd7314afbe66db17fd7ef1a7caf1011aaa91b6acb,2022-11,Wiltshire Police,Wiltshire Police,-1.822257,51.193655,On or near Armitage Square,E01031998,Wiltshire 045C,Suspect charged as part of another case
38e9e010c8627b8618602caef543a4a65f64ecd3ed6e82bc0702e6a3cd39f3eb,2022-11,Wiltshire Police,Wiltshire Police,-1.770855,51.567797,On or near ,E01015479,Swindon 017A,Unable to prosecute suspect
e7066ceaa6fa03b1ad7c44730846bbad06aad6f86f8a50d1995d3b71f1b15204,2022-11,Wiltshire Police,Wiltshire Police,-1.728754,51.344656,On or near The Street,E01031866,Wiltshire 024A,Investigation complete; no suspect identified
01d1bfacb5157bf16dd0c144a502b1bc5c6544108a0a21d50e757a159dd04472,2022-11,Wiltshire Police,Wiltshire Police,-1.774896,51.556109,On or near Hilton Close,E01015493,Swindon 017B,Investigation complete; no suspect identified
1587bec1096cd6d7163d15b9330fb467adc007fe23cacc4a767eb2bd76200b87,2022-11,Wiltshire Police,Wiltshire Police,-2.120696,51.458902,On or near Ivy Road,E01031913,Wiltshire 011C,Investigation complete; no suspect identified
5ac72bb4deadbae9e8e99726e41fd195a30bae420926a2c48c057b7d18747dae,2022-11,Wiltshire Police,Wiltshire Police,-2.176793,51.203430,On or near East Street,E01032103,Wiltshire 044A,Investigation complete; no suspect identified
627fa3a8d7510b2da3881760d01055907512213a42ec2125355ad7c82002adfb,2022-11,Wiltshire Police,Wiltshire Police,-1.765518,51.168027,On or near ,E01031978,Wiltshire 048E,Unable to prosecute suspect
e645ede6702374c688b583b1f99f69b2aaa3afd531a17cac77983809035e3667,2022-11,Wiltshire Police,Wiltshire Police,-1.820856,51.554596,On or near Ely Close,E01015570,Swindon 022E,Local resolution
fab5455a79fd59fbc39e903f1f2c793ba74bd311f58b9ff848b5deb4070cae80,2022-11,Wiltshire Police,Wiltshire Police,-1.781888,51.595981,On or near Burbage Road,E01015545,Swindon 003C,Investigation complete; no suspect identified
eaa585de7f0a1123830fff1e409be00831da92b29148de49b0a8a429bd6287f6,2022-11,Wiltshire Police,Wiltshire Police,-2.129560,51.478386,On or near ,E01031891,Wiltshire 013A,Investigation complete; no suspect identified
1393f0647450d5abdd693e28e1a462ac76596e58465e4d7917f56df233a6f96e,2022-11,Wiltshire Police,Wiltshire Police,-2.128538,51.366029,On or near Rosebrock Gardens,E01032069,Wiltshire 022E,Unable to prosecute suspect
c3bf350860aa1a478ea6e6b094fe8be8c4336fcefb15cff17b9fda641e498ac5,2022-11,Wiltshire Police,Wiltshire Police,-2.185606,51.259481,On or near Jubilee Close,E01032117,Wiltshire 040C,Unable to prosecute suspect
e6f70ae1c71091a2ff9623eb73d68a9ec05a6f14186cb4f00d692f5990c5f77b,2022-11,Wiltshire Police,Wiltshire Police,-2.209886,51.322967,On or near ,E01032086,Wiltshire 031B,Investigation complete; no suspect identified
a986ee6019483365d0bb779f15209bde66f85a62644ca3be2a9c526bcbeae889,2022-11,Wiltshire Police,Wiltshire Police,-1.771556,51.569257,On or near ,E01015479,Swindon 017A,Investigation complete; no suspect identified
a46c61f0b0664942637ff64cb3234f86524f7d4766edfe582dfafb642df044ee,2022-11,Wiltshire Police,Wiltshire Police,-2.207533,51.304115,On or near Alderton Way,E01032092,Wiltshire 035A,Investigation complete; no suspect identified
9d8779626117503a3c1fcad5d0b506682d02f4e47a353194e5069bd259a068c4,2022-11,Wiltshire Police,Wiltshire Police,-1.805437,51.140638,On or near Jubilee Hill,E01032013,Wiltshire 049A,Investigation complete; no suspect identified
37b396782f986bf0915e1204b5d56bba3fe30f19a654d9cea64f5570a066a7a5,2022-11,Wiltshire Police,Wiltshire Police,-2.207533,51.304115,On or near Alderton Way,E01032092,Wiltshire 035A,Investigation complete; no suspect identified
1066556c34f7f987fac93deaff2ec50f60ceaa9bab9e6888d2f63c465c250bb7,2022-11,Wiltshire Police,Wiltshire Police,-2.197951,51.270790,On or near The Ham,E01032116,Wiltshire 040B,Investigation complete; no suspect identified
0ba43038886b8474a7277dba1c7af09ecde78cbfec37891525cb41091d38797b,2022-11,Wiltshire Police,Wiltshire Police,-1.995132,51.434633,On or near Priestley Grove,E01031901,Wiltshire 016B,Unable to prosecute suspect
6a1f263395ff279f28d607f650aecfd1e1129cd7cce4414c0793f22fedfe2ac6,2022-11,Wiltshire Police,Wiltshire Police,-1.778459,51.573811,On or near Tiverton Road,E01015508,Swindon 010A,Investigation complete; no suspect identified
72f2545d5308325ecb896c5f16a000f71da145c615de049be758ffdb6ce8875c,2022-11,Wiltshire Police,Wiltshire Police,-2.175551,51.204448,On or near Cotton House Gardens,E01032103,Wiltshire 044A,Investigation complete; no suspect identified
c81f8f04336f8c2a22e90a9058b6193d9e69980e8769ec899d623f1b201075ab,2022-11,Wiltshire Police,Wiltshire Police,-1.780358,51.581079,On or near Sycamore Grove,E01015506,Swindon 007A,Local resolution
a112d5e6351fa45bfc4c415d6c9176ce32161632bc510677ca39b5038d58e4df,2022-11,Wiltshire Police,Wiltshire Police,-2.123509,51.354938,On or near Barnes Wallis Close,E01032072,Wiltshire 021F,Investigation complete; no suspect identified
55bb119b1c767cd612ced38b155a955b97549c54317ce939b453e76aed986430,2022-11,Wiltshire Police,Wiltshire Police,-1.772691,51.090566,On or near Cook Court,E01031984,Wiltshire 051A,Investigation complete; no suspect identified
c85dc588d47a5c55889baf0d5e31d4b9996928385eedf6c6f10279ad5ff92740,2022-11,Wiltshire Police,Wiltshire Police,-1.803648,51.595183,On or near Auden Close,E01015513,Swindon 004A,Further action is not in the public interest
d14833a852fba7bacd7b6dffbb63ac72c721f31bd85dce932627c3150dfc750c,2022-11,Wiltshire Police,Wiltshire Police,-1.889613,51.631889,On or near Greenfield View,E01031934,Wiltshire 001B,Investigation complete; no suspect identified
52d9b5d9a0837e161d3bca5eea830077a86dc011ced6d5647a3842f2284505f9,2022-11,Wiltshire Police,Wiltshire Police,-2.127411,51.384256,On or near Lincoln Green,E01032064,Wiltshire 020B,Unable to prosecute suspect
6306c0083e90de5cac9ae5935b76c99c4b44dc3c589b0853820ac19cb75a2cdf,2022-11,Wiltshire Police,Wiltshire Police,-2.238790,51.351001,On or near Grange View,E01032045,Wiltshire 027A,Investigation complete; no suspect identified
1c79999e728eec6c168570b3380f9cc1e4caaa19a483d957c27d944ec7ff2aba,2022-11,Wiltshire Police,Wiltshire Police,-2.242369,51.357063,On or near Leigh Road,E01032045,Wiltshire 027A,Investigation complete; no suspect identified
42a60af2180efe166c762bf831d9f476738feab75b9af44009f6639105f61e0d,2022-11,Wiltshire Police,Wiltshire Police,-2.216156,51.316517,On or near Gloucester Road,E01032089,Wiltshire 036B,Investigation complete; no suspect identified
47a12df1336a38c0db05d5ed5fd4e4db7ec35541685228850ada399084cbe37b,2022-11,Wiltshire Police,Wiltshire Police,-2.216156,51.316517,On or near Gloucester Road,E01032089,Wiltshire 036B,Investigation complete; no suspect identified
2055b0e2899f543cc9a8fc86af3f14fdabe7f00013791ed56dd5e543f8f370f4,2022-11,Wiltshire Police,Wiltshire Police,-1.737134,51.194529,On or near Kashmir Road,E01031988,Wiltshire 045B,Suspect charged as part of another case
fcbc28557588028d3d3cee4792207a2bfa0c04b11860335e75d39d2d84e284ff,2022-11,Wiltshire Police,Wiltshire Police,-1.840337,51.556189,On or near Sudeley Way,E01015502,Swindon 022B,Unable to prosecute suspect
0cba61d1db18d286baffe35942315244331f338e11f43f3593a2bf4fadc0f3b4,2022-11,Wiltshire Police,Wiltshire Police,-2.246397,51.074277,On or near Wet Lane,E01032035,Wiltshire 050B,Investigation complete; no suspect identified
0ef51fc89e342732284db864c0af2afc40e8b50af31793507c463cc596a0b888,2022-11,Wiltshire Police,Wiltshire Police,-2.094588,51.577532,On or near Priory Way,E01031959,Wiltshire 005C,Investigation complete; no suspect identified
340fb80ded584954c220b20d128b0f38586768fe9f4c7488ffb7a12cf0d9b614,2022-11,Wiltshire Police,Wiltshire Police,-1.987946,51.352396,On or near Estcourt Street,E01031850,Wiltshire 025A,Suspect charged
6d1b2a7a573ee8c3fd598411b7fedc8a966ce02bd9a1421f6756a4d5969a9696,2022-11,Wiltshire Police,Wiltshire Police,-2.186406,51.431913,On or near ,E01031952,Wiltshire 018F,Investigation complete; no suspect identified
9d7069db581b4c05f60d18e15d59916e7036124f849bd35d301558ccb38ee9f4,2022-11,Wiltshire Police,Wiltshire Police,-1.828136,51.078754,On or near Jubilee Close,E01031983,Wiltshire 052D,Investigation complete; no suspect identified
843c87971cde6012e9f62ce04d4efd12392e35c47c394abcd10f95152b486388,2022-11,Wiltshire Police,Wiltshire Police,-1.830767,51.561786,On or near Carronbridge Road,E01015561,Swindon 014A,Investigation complete; no suspect identified
338ab356c71bfa9373612153ebd7224c311e617be5875653213ed0ad326dbec6,2022-11,Wiltshire Police,Wiltshire Police,-2.208689,51.302944,On or near ,E01032092,Wiltshire 035A,Unable to prosecute suspect
d195fd0ef79546701bb1805f7f6a077ae5c875e94f11f4f56bd4c30c74afad63,2022-11,Wiltshire Police,Wiltshire Police,-1.773894,51.583647,On or near Jutland Avenue,E01015560,Swindon 005F,Unable to prosecute suspect
c227bffd491e886c3d7426d03467ab28de0f50e1c8f7dbf94c3b638794aa1625,2022-11,Wiltshire Police,Wiltshire Police,-1.720856,51.415716,On or near Woodstock Court,E01031861,Wiltshire 019A,Suspect charged
bda913e8d615ba7b6e3ee48e92028fece84e1f102fe365503b7ceb415e1704ad,2022-11,Wiltshire Police,Wiltshire Police,-1.807435,51.597446,On or near ,E01032710,Swindon 028E,Investigation complete; no suspect identified
6192f5bfc7d69a6bbefa128288b5751ad4b8d83bb65c8ccace55cfca90f194c1,2022-11,Wiltshire Police,Wiltshire Police,-2.206575,51.432194,On or near Silman Close,E01031953,Wiltshire 018G,Investigation complete; no suspect identified
5258b1d9aa5b78ea83d85e089228dabe7b7a0575e0fb670ce8fcdaa7df26f65e,2022-11,Wiltshire Police,Wiltshire Police,-1.788509,51.228964,On or near Harefield Crescent,E01031867,Wiltshire 038B,Investigation complete; no suspect identified
c78dd8a81502b570b34e5e3ed88754a3f7170af367cba7787dda7b308bc7ae52,2022-11,Wiltshire Police,Wiltshire Police,-1.729853,51.548272,On or near Grundys,E01015488,Swindon 023B,Unable to prosecute suspect
1113697e62363a57027fff78731eab38f17c32917ec17c7a2d398d4bd34d91a5,2022-11,Wiltshire Police,Wiltshire Police,-1.786621,51.562631,On or near Fleet Street,E01015476,Swindon 015B,Offender given a caution
7891d82a0ee9684e4271e00d9adcbcaf8d0d6f741e9174f4cc620adaec0c244e,2022-11,Wiltshire Police,Wiltshire Police,-2.169708,51.199745,On or near Canons Close,E01032105,Wiltshire 042B,Unable to prosecute suspect
0a3787a80ab5d8d216210e51b19f9fc1182fcaa0e267c9b16376a2421c69e672,2022-11,Wiltshire Police,Wiltshire Police,-1.790858,51.070646,On or near Greencroft Street,E01032014,Wiltshire 056A,Unable to prosecute suspect
d6993a54735f890b92eeafbd177c1fd9e34a3fb8c6a4dde0cbe7f9cd5dbec2f5,2022-11,Wiltshire Police,Wiltshire Police,-1.991774,51.137347,On or near Teapot Street,E01032027,Wiltshire 054C,Unable to prosecute suspect
99c5e2faea25d867fec7c11d3bad990d80c9d28392288343a3b3e5acb26dbaab,2022-11,Wiltshire Police,Wiltshire Police,-2.211765,51.322792,On or near Shails Lane,E01032086,Wiltshire 031B,Offender given a caution
611a7ca38576e6f7749760f3bb95609bf6c64a949b5843a6c9b2cc424d6d4c1a,2022-11,Wiltshire Police,Wiltshire Police,-1.791676,51.069541,On or near Winchester Street,E01032014,Wiltshire 056A,Unable to prosecute suspect
a546b7f6152ee726a1784751d4de9bb9cba69c3d9cd14597a7d68db0b07e2e96,2022-11,Wiltshire Police,Wiltshire Police,-2.195635,51.423806,On or near Pockeridge Road,E01031933,Wiltshire 018C,Action to be taken by another organisation
54336f9bfe830642f1ebca598759dbe0753abb795b46f8339caf0ef508cf3309,2022-11,Wiltshire Police,Wiltshire Police,-1.987558,51.137166,On or near Sheepwash Lane,E01032027,Wiltshire 054C,Unable to prosecute suspect
2b8c32097e850a81e832f79e2e9e9f8a906259ddcaa6a7ae168480f6b392e02a,2022-11,Wiltshire Police,Wiltshire Police,-2.120708,51.463416,On or near Park Lane,E01031920,Wiltshire 009F,Unable to prosecute suspect
de03e907fc97c702c0c0cdbda7560f3f35def2e475e62057225319c0b9b1b1af,2022-11,Wiltshire Police,Wiltshire Police,-1.763779,51.331918,On or near Green Drove,E01031869,Wiltshire 024B,Unable to prosecute suspect
ea3981e3a967de63d4ede6c109c5abf6fb34b7bc539d5d80c3524f6c43cf9f35,2022-11,Wiltshire Police,Wiltshire Police,-2.083533,51.576875,On or near Cole Close,E01031959,Wiltshire 005C,Investigation complete; no suspect identified
f7a34e3e77f9fa2f5c05fde2f1d860ba0f6997aa21e7914adc984e4bc6e8ccff,2022-11,Wiltshire Police,Wiltshire Police,-1.812540,51.073677,On or near Finchley Road,E01032002,Wiltshire 055B,Unable to prosecute suspect
3fb9b22aa621f17e42635f97f1eda91227d12d4c85aeae2291d74a85bdcbfece,2022-11,Wiltshire Police,Wiltshire Police,-1.779716,51.558617,On or near Clarence Street,E01032714,Swindon 019E,Unable to prosecute suspect
be839db1de1940624d28d9d120e972229b41e9c383ffa4056c042104bd1c7e39,2022-11,Wiltshire Police,Wiltshire Police,-1.791676,51.069541,On or near Winchester Street,E01032014,Wiltshire 056A,Unable to prosecute suspect
e34c986522fdf81c7aca498ef86fc2adc049162a25f76821cd81764450a58c90,2022-11,Wiltshire Police,Wiltshire Police,-1.624743,51.477103,On or near Whitley Road,E01031841,Wiltshire 012A,Unable to prosecute suspect
b800e53dc4ff5ddb4c9b63cfdcd0998ca8c909b1b4c30d7094f46f14c2646e96,2022-11,Wiltshire Police,Wiltshire Police,-1.780904,51.590476,On or near Penhill Drive,E01015543,Swindon 003A,Unable to prosecute suspect
eff0a310d40a68dce37014e8b0b4ba0a208b34fbe241029b6c6ba03552e62c9a,2022-11,Wiltshire Police,Wiltshire Police,-1.821160,51.609534,On or near Toynbee Avenue,E01015474,Swindon 008B,Unable to prosecute suspect
23d153a5552cfdc6e5441b06f607b349a01c4dc98102568783de5cd9f4de7750,2022-11,Wiltshire Police,Wiltshire Police,-2.128777,51.374409,On or near Gloucester Square,E01032062,Wiltshire 022A,Unable to prosecute suspect
43debeca30c54d839a700a95ab5bc207f9d75ba31d436d0c691f6eed20cacd7f,2022-11,Wiltshire Police,Wiltshire Police,-2.144296,51.178872,On or near Sandfield,E01032082,Wiltshire 047E,Unable to prosecute suspect
1f76642343d202ea4243448a3f9bc293d5e7e6bd8895129d02b6bd175bf0066c,2022-11,Wiltshire Police,Wiltshire Police,-1.773465,51.174769,On or near The Drove,E01031974,Wiltshire 048A,Unable to prosecute suspect
6b1c30a74a4d61c821c2d376532ef5c37d33c72584a1418a34330fa6dfe377c7,2022-11,Wiltshire Police,Wiltshire Police,-1.661875,51.237362,On or near Nadder Road,E01032697,Wiltshire 041G,Action to be taken by another organisation
fa1664ae0bdbde855e9c34b73da179c374a8f4f7c3394e905bf2a3eaad1eadf5,2022-11,Wiltshire Police,Wiltshire Police,-1.782025,51.200870,On or near Primrose Place,E01031999,Wiltshire 046D,Unable to prosecute suspect
831c89b833939031c0be72e8275a7dc796743cf7daa1aeb7041ee3df18e6822c,2022-11,Wiltshire Police,Wiltshire Police,-1.770855,51.567797,On or near ,E01015479,Swindon 017A,Local resolution
f21c1fc172e991991197d3e14d86d76581f7042648567c3dd6a7a340b2383fbc,2022-11,Wiltshire Police,Wiltshire Police,-1.776317,51.063031,On or near ,E01032021,Wiltshire 056D,Investigation complete; no suspect identified
de90df11a12575d24e8d4e13761657fe21fc2088f3b00a727afc69a24e81f010,2022-11,Wiltshire Police,Wiltshire Police,-2.109215,51.449095,On or near Rumble Dene,E01031924,Wiltshire 014E,Unable to prosecute suspect
0d33808d452c67f90a7de1916f30c8532f06523e730ac12eb678069b800a0e85,2022-11,Wiltshire Police,Wiltshire Police,-2.101218,51.593226,On or near Tetbury Hill,E01031948,Wiltshire 002C,Unable to prosecute suspect
fe7eb853e14decef5d9ab67a51696dbd3565be404bd01874e9304df19290d0d5,2022-11,Wiltshire Police,Wiltshire Police,-1.765122,51.338773,On or near River Street,E01031870,Wiltshire 024C,Unable to prosecute suspect
1c898b0d3edc70d5cf5fa9a4ecd1973c831fe1ae997231710d892ab645373603,2022-11,Wiltshire Police,Wiltshire Police,-1.750844,51.578557,On or near Bunce Road,E01015554,Swindon 009F,Unable to prosecute suspect
fe83910a1bda54863ff634142e2444638cd54709170169918890173a76a6381e,2022-11,Wiltshire Police,Wiltshire Police,-2.114299,51.473601,On or near Hatherall Drive,E01031891,Wiltshire 013A,Unable to prosecute suspect
55bb238c1676cf48a8cf2ef2f14dca84327fa5ccff46bc16dfb1522e7e84b7fc,2022-11,Wiltshire Police,Wiltshire Police,-1.812540,51.073677,On or near Finchley Road,E01032002,Wiltshire 055B,Unable to prosecute suspect
9cd9760da5d062f4f34a17f69dd7175e582101e2c52d6fdd580bb5f1ba3fa198,2022-11,Wiltshire Police,Wiltshire Police,-2.125215,51.453449,On or near St Lukes Drive,E01031912,Wiltshire 011B,Unable to prosecute suspect
d7c5e8b15b6ccb8920984dba8a92012ecf28ee26cdb6d4fa474f1f99bcdc3579,2022-11,Wiltshire Police,Wiltshire Police,-2.214991,51.312976,On or near Centenary Court,E01032094,Wiltshire 035C,Action to be taken by another organisation
fb4d28eb8fc4d8f4d82731315af8d851ba88ffe377054cd6c57ab412d26ecedb,2022-11,Wiltshire Police,Wiltshire Police,-1.840601,51.563050,On or near Walter Close,E01015505,Swindon 018D,Unable to prosecute suspect
6db16e31aa79239a9d54c591a7a9dbfb7687994054989bba7008f3309ad5161f,2022-11,Wiltshire Police,Wiltshire Police,-1.990029,51.349950,On or near Southbroom Road,E01031855,Wiltshire 026C,Further action is not in the public interest
a1e3ad7c9e86addbe09c374949a3f796fa04f2dba60396fe4e46e6f520aa6003,2022-11,Wiltshire Police,Wiltshire Police,-1.785350,51.563016,On or near ,E01015476,Swindon 015B,Unable to prosecute suspect
cc60044c5967a58ea4197448ff17115cf26a4615c74d270990f6cfeec42abb1d,2022-11,Wiltshire Police,Wiltshire Police,-2.193988,51.425436,On or near Pockeredge Drive,E01031953,Wiltshire 018G,Unable to prosecute suspect
b2105d1967d2b1ba457c238b6be711c7b07c2ace7c4b73b2f17f1454fbe6f1b9,2022-11,Wiltshire Police,Wiltshire Police,-1.874911,51.074911,On or near Randall's Croft Road,E01032040,Wiltshire 054F,Unable to prosecute suspect
cea8a0a55036fa03ee073f8e22594c4c3dc1c6861ef1e17ef724ad6367a6ecc8,2022-11,Wiltshire Police,Wiltshire Police,-2.197504,51.253437,On or near Mustang Close,E01032117,Wiltshire 040C,Unable to prosecute suspect
7f3fa0000c71bb79078fdb25df75251997b14f814e07cbeb052a9bd8906ca08b,2022-11,Wiltshire Police,Wiltshire Police,-2.184020,51.428896,On or near Old School Yard,E01031931,Wiltshire 018A,Unable to prosecute suspect
6c7e9767a31c7c1ee35ce44ffc9209f84f13ab1bc817c47c4cc0779607e121a4,2022-11,Wiltshire Police,Wiltshire Police,-2.198587,51.262085,On or near Oldfield Road,E01032118,Wiltshire 040D,Investigation complete; no suspect identified
7918f0fab80cb873cb722fb105da2d6f2fccd55bf23eb728b70f7431d30dd07c,2022-11,Wiltshire Police,Wiltshire Police,-1.631629,51.238350,On or near Fyfield Way,E01031878,Wiltshire 041C,Unable to prosecute suspect
6ebccbe25e2ad9548b687ac3806f11bc6dfbc6cd0f68b209beb7cd6f264b9555,2022-11,Wiltshire Police,Wiltshire Police,-1.987561,51.286207,On or near Park Road,E01031858,Wiltshire 034C,Action to be taken by another organisation
416d0f9bf8e0aef2c1a3edc4aea112bcb416b76767929018e1ed885af2a36e9c,2022-11,Wiltshire Police,Wiltshire Police,-1.786886,51.561517,On or near Queen Street,E01015476,Swindon 015B,Unable to prosecute suspect
1734063ebf5ad3c2f9b866dcbc9fb048bc6fb8280b4fd05ed7b0702c4ca3b935,2022-11,Wiltshire Police,Wiltshire Police,-1.631629,51.238350,On or near Fyfield Way,E01031878,Wiltshire 041C,Unable to prosecute suspect
c9f2fb44f53086d773123ab5789f3294d309573dd98a2d33d6c3a629d2219986,2022-11,Wiltshire Police,Wiltshire Police,-1.817435,51.073784,On or near The Malverns,E01032002,Wiltshire 055B,Unable to prosecute suspect
fb5f33d742825ce91c5b5fd107555f09c12517c279404a4db9de4e2a199afa40,2022-11,Wiltshire Police,Wiltshire Police,-2.191847,51.425907,On or near Jackson Close,E01031932,Wiltshire 018B,Unable to prosecute suspect
5ff380ea6084f8aefbd80c6344d2817973fabc925389bd12c885569fcad28091,2022-11,Wiltshire Police,Wiltshire Police,-1.814140,51.581650,On or near ,E01015581,Swindon 012D,Action to be taken by another organisation
d5daec0418ec9d99bcdf3068626887bea3576576f34473c35d0a0f0d2270877f,2022-11,Wiltshire Police,Wiltshire Police,-1.834899,51.083737,On or near Rowan Close,E01031981,Wiltshire 052B,Unable to prosecute suspect
d689f59c4ea7c982cad1308cf213f8db9a9cfc4238b72f2e9e79c0e742e00476,2022-11,Wiltshire Police,Wiltshire Police,-1.759970,51.415434,On or near Manton Road,E01031864,Wiltshire 019D,Investigation complete; no suspect identified
288f52327e114a1cfbc2eee7f6bd4db593ef336c01ac1da8a6bfaa6628b322a4,2022-11,Wiltshire Police,Wiltshire Police,-1.658768,51.245005,On or near Symons Close,E01032698,Wiltshire 041H,Unable to prosecute suspect
4470dcc63ba09df2e9a5922cd539155062ed5b865473bd164a2e8ceaefc5e47f,2022-11,Wiltshire Police,Wiltshire Police,-1.755379,51.191943,On or near Clayton Road,E01031989,Wiltshire 046A,Unable to prosecute suspect
da77a4c161055fa7e685168fadd8f2f21f775e982a6ece396abc424d78a90387,2022-11,Wiltshire Police,Wiltshire Police,-1.648462,50.995708,On or near ,E01031972,Wiltshire 060C,Investigation complete; no suspect identified
1685e855573d9ead34e4f447bb909c36b29f5264636aa6ea369f04b206e8264f,2022-11,Wiltshire Police,Wiltshire Police,-1.815400,51.602053,On or near Redhouse Gardens,E01032711,Swindon 027D,Unable to prosecute suspect
3a6244997cfb49702e33fb1529ad7f3079808117e0b1375479da7331d760416d,2022-11,Wiltshire Police,Wiltshire Police,-1.768357,51.160893,On or near Hambrook Court,E01031977,Wiltshire 048D,Unable to prosecute suspect
4c3a671aa72ee17f956c30d8636531aa6981b1b3877db827150a1d8db2ebc086,2022-11,Wiltshire Police,Wiltshire Police,-2.259635,51.352611,On or near The Elms,E01032047,Wiltshire 027C,Unable to prosecute suspect
545f8ab31c5e9079bfe8e422bd7dbe747d49200d9fbd12eac8f4279aa4772795,2022-11,Wiltshire Police,Wiltshire Police,-1.829747,51.603262,On or near Ursa Way,E01032709,Swindon 026E,Unable to prosecute suspect
3135e177bc208b4bb0e8ebfb3568dc8aea73816ff52bd42c81acaac0388c4b22,2022-11,Wiltshire Police,Wiltshire Police,-1.734967,51.576580,On or near A420,E01015551,Swindon 009C,Suspect charged
1c3703723f03e176430b6b6b7e09d76fca00342800d7f85929324f6e304e711a,2022-11,Wiltshire Police,Wiltshire Police,-2.101218,51.593226,On or near Tetbury Hill,E01031948,Wiltshire 002C,Unable to prosecute suspect
26eb2d5640d7e4e1d0cf7cd9bfec522f393bbff1b42dc668e5637e544966ced4,2022-11,Wiltshire Police,Wiltshire Police,-1.926704,51.530982,On or near The Drive,E01031968,Wiltshire 007H,Investigation complete; no suspect identified
0b20afba7fc0e68c83e6137c32ccf28a80e75322b4511881ff613a369cc3e829,2022-11,Wiltshire Police,Wiltshire Police,-2.211041,51.321445,On or near Hill Street,E01032086,Wiltshire 031B,Unable to prosecute suspect
bffc623531ba2056b1c662dee7a302888e1598c9c025fa59b13297e3ebd6eb47,2022-11,Wiltshire Police,Wiltshire Police,-1.894747,51.548329,On or near Swinburne Place,E01031965,Wiltshire 007F,Unable to prosecute suspect
9c79191237a1e7c7c72f82cc3ef81b66885115467025527a26fba31004a8bf63,2022-11,Wiltshire Police,Wiltshire Police,-2.199558,51.340402,On or near ,E01032079,Wiltshire 030C,Unable to prosecute suspect
c4f2940b5de7a337e41fa1d6ae98ec703a845fcb495c59257c75f86ed607a05e,2022-11,Wiltshire Police,Wiltshire Police,-1.828109,51.551307,On or near Rhuddlan,E01015571,Swindon 022F,Unable to prosecute suspect
a8bc9f6592c0b2e09dfe1e3aabc96eb76c655bfefc3da47afc948d60352f1167,2022-11,Wiltshire Police,Wiltshire Police,-1.783422,51.561915,On or near College Street,E01032714,Swindon 019E,Unable to prosecute suspect
e80c1d81130a6c8309271367022c6ee566d9d3d30c721492c398a99139fa900a,2022-11,Wiltshire Police,Wiltshire Police,-2.002857,51.434651,On or near South Place,E01031900,Wiltshire 016A,Unable to prosecute suspect
f8195da5bd4d75a07b4ce5d23d051a240692ff9bdd280d7f15b157835983da34,2022-11,Wiltshire Police,Wiltshire Police,-1.983657,51.338116,On or near ,E01031855,Wiltshire 026C,Further investigation is not in the public interest
6df7fdd74036939942a6232147de4d5fd672a6d47420f343ee0b72e1e4a30529,2022-11,Wiltshire Police,Wiltshire Police,-1.772928,51.560223,On or near Southampton Street,E01015493,Swindon 017B,Unable to prosecute suspect
969c15c1bf5c34819c08d0c44ec03b2842e068c92035f60c8e12b88df6cbbc76,2022-11,Wiltshire Police,Wiltshire Police,-2.096088,51.447191,On or near Centurion Close,E01031922,Wiltshire 014C,Unable to prosecute suspect
b35b1eea53bc061133091e4ddca2acf6ef380981cd27031fbe4bf000d32e5a60,2022-11,Wiltshire Police,Wiltshire Police,-2.207533,51.304115,On or near Alderton Way,E01032092,Wiltshire 035A,Investigation complete; no suspect identified
41da255a4670d3000dae789a4103e686006b5494458ad957de7cbe88af9bf0cd,2022-11,Wiltshire Police,Wiltshire Police,-1.987946,51.352396,On or near Estcourt Street,E01031850,Wiltshire 025A,Further investigation is not in the public interest
9a45f4012b1e0970999d0fb0189983262e4e205bb86e9cdfd2e614d7dabd098f,2022-11,Wiltshire Police,Wiltshire Police,-2.117616,51.458325,On or near ,E01031912,Wiltshire 011B,Further action is not in the public interest
4ad91942b90d9ede8b520c1765f9be09564eb82344c2fb050a49a34d00ba2ab2,2022-11,Wiltshire Police,Wiltshire Police,-1.713271,51.637328,On or near Pentylands Close,E01015521,Swindon 001C,Unable to prosecute suspect
47031a015c87f2a3f80e39df18e1f571a9b2630437db24fed7bd2ef0d9e16ea5,2022-11,Wiltshire Police,Wiltshire Police,-1.809907,51.071649,On or near ,E01032003,Wiltshire 055C,Unable to prosecute suspect
8d7482941f2d32c64f42b5e0803568061fbfd182e00767b7807d049b7eca4384,2022-11,Wiltshire Police,Wiltshire Police,-1.778397,51.556871,On or near Dumbarton Terrace,E01032715,Swindon 019F,Unable to prosecute suspect
007fd48f262d10bd4cbd5cf9bc6330bf400e83c2aa56be897f1574572a4ae3d5,2022-11,Wiltshire Police,Wiltshire Police,-1.762927,51.176717,On or near ,E01031977,Wiltshire 048D,Unable to prosecute suspect
b46766432eefa5be741f399a0e2f5207adbce4ff7235d4efa95c78f84dbb5b71,2022-11,Wiltshire Police,Wiltshire Police,-1.799024,51.070184,On or near ,E01032014,Wiltshire 056A,Unable to prosecute suspect
5ac11f9c30aac66963dcf2d4e1126fdc453877344c66c7a69aec1e649dac0d03,2022-11,Wiltshire Police,Wiltshire Police,-2.001660,51.352297,On or near The Sidings,E01031854,Wiltshire 026B,Unable to prosecute suspect
0518734aa297050a6b07fd939f7cc471f05bb9a7d572b3dd1b45afc86c142db7,2022-11,Wiltshire Police,Wiltshire Police,-1.948730,51.027650,On or near Butlers Yard,E01031990,Wiltshire 054A,Investigation complete; no suspect identified
d52c8d0db92d4d02b42cf401c664b2edf1ace4b50a9ce02e036d4709cb876063,2022-11,Wiltshire Police,Wiltshire Police,-1.995771,51.530824,On or near Sodom Lane,E01031893,Wiltshire 004C,Unable to prosecute suspect
58c922f771727bdd98cd87fc1ec2fd65daa542a3adb725641309fd1bf5bf3624,2022-11,Wiltshire Police,Wiltshire Police,-1.826951,51.563903,On or near Eastleaze Road,E01015561,Swindon 014A,Unable to prosecute suspect
96c709d10f7052b242f5374007c192b53eecffb52cddaeeb266329350bb7d540,2022-11,Wiltshire Police,Wiltshire Police,-2.127400,51.473372,On or near Laines Head,E01031919,Wiltshire 009E,Unable to prosecute suspect
d5a8c76a77c5df2cdf1c1c52b59761873e99ec0a7b62cb5ed05a2b8ce71aae92,2022-11,Wiltshire Police,Wiltshire Police,-1.828109,51.551307,On or near Rhuddlan,E01015571,Swindon 022F,Unable to prosecute suspect
068e0d84c6e6fa44e1816fe9f4e13a9895b3ac93507646b89f12737aea9890b5,2022-11,Wiltshire Police,Wiltshire Police,-2.137578,51.372429,On or near Watson's Court,E01032068,Wiltshire 022D,Unable to prosecute suspect
f597e3c60b26df83afe58d10922438be8be0185fd74256e1e6b08188f4d71933,2022-11,Wiltshire Police,Wiltshire Police,-1.901151,51.354234,On or near Drewitts Lane,E01031842,Wiltshire 038A,Unable to prosecute suspect
a5f1f53d92520bb8ded13a5cf9027d8e614506e0957369622172d2dc28fb692b,2022-11,Wiltshire Police,Wiltshire Police,-2.232871,51.296478,On or near Chapel Close,E01032083,Wiltshire 037B,Unable to prosecute suspect
8a3bc6cddba5a4abcfc4653b6c43eed5b9cdaffec4b1bc37635f729e4b8e0f22,2022-11,Wiltshire Police,Wiltshire Police,-1.806413,51.074476,On or near Clifton Road,E01032024,Wiltshire 055D,Unable to prosecute suspect
75d46edd53dcde706a34df484d62bba173c2c901896f07728163025b62ada291,2022-11,Wiltshire Police,Wiltshire Police,-2.131556,51.461435,On or near Applewood Close,E01031911,Wiltshire 011A,Unable to prosecute suspect
20eda1f23d8c203bb9ddd59646ee7f3bf0d648e37abedfcc065f83334bafbd1c,2022-11,Wiltshire Police,Wiltshire Police,-1.782143,51.087805,On or near The Crusades,E01031985,Wiltshire 051B,Action to be taken by another organisation
1e5c8cccf7662552c0ab1ee0b3447e59edd4eb7c028c5d20a394224cc31f6e26,2022-11,Wiltshire Police,Wiltshire Police,-1.756233,51.561152,On or near Frobisher Drive,E01015572,Swindon 016B,Unable to prosecute suspect
1a6eafee3b87c7697949c78661ad18a0a09928676440a1af9410c037f21c7b4f,2022-11,Wiltshire Police,Wiltshire Police,-1.804172,51.580600,On or near Yardley Close,E01015530,Swindon 006D,Action to be taken by another organisation
8c255b8a163dc8590d1d4c8f58960087f178d8fe7e6ac1e4088e63e7e2063deb,2022-11,Wiltshire Police,Wiltshire Police,-2.153576,51.199057,On or near Grange Lane,E01032104,Wiltshire 042A,Investigation complete; no suspect identified
98515f8dfc488332772f16e2878a8f7bd67d61ee398e3e8335037240ff387296,2022-11,Wiltshire Police,Wiltshire Police,-1.732207,51.041778,On or near Oak Drive,E01031970,Wiltshire 060A,Unable to prosecute suspect
4b6414e06ad83fc938f234e452c494fa475933daf4908537a33adc3afdb43441,2022-11,Wiltshire Police,Wiltshire Police,-2.176216,51.265906,On or near Bitham Park,E01032121,Wiltshire 039E,Unable to prosecute suspect
1e351e421026b3fa8481067969fc68c12e614bcd5131f251a493c4ed8ae5145b,2022-11,Wiltshire Police,Wiltshire Police,-1.655111,51.239671,On or near Kennet Road,E01032697,Wiltshire 041G,Unable to prosecute suspect
cb136f94bb8a347f703c50900a802a1a36482389ff48fe611c49663da4f64cab,2022-11,Wiltshire Police,Wiltshire Police,-2.127411,51.384256,On or near Lincoln Green,E01032064,Wiltshire 020B,Unable to prosecute suspect
fb6c110bc9b73183715334da6a6f974096c27247df78b5bb418b740c0872776b,2022-11,Wiltshire Police,Wiltshire Police,-1.995686,51.353439,On or near Snuff Street,E01031854,Wiltshire 026B,Unable to prosecute suspect
dd2a7ec022d71a1f3c135a66ac70880af870a537b9e37cfa71bd250f013d8dd0,2022-11,Wiltshire Police,Wiltshire Police,-1.772185,51.170369,On or near Solstice Rise,E01031975,Wiltshire 048B,Investigation complete; no suspect identified
c28932a439e9345b2e2d9b84ac18db90073cd87a84e4bc9bbe156137001b4c3f,2022-11,Wiltshire Police,Wiltshire Police,-1.753467,51.571252,On or near ,E01015549,Swindon 009A,Suspect charged
0b211ee1db8ad3e4c5535fa5950f322fc09bf9a1840949d00ac985e0fd2fc818,2022-11,Wiltshire Police,Wiltshire Police,-1.796302,51.069154,On or near Minster Street,E01032022,Wiltshire 058C,Investigation complete; no suspect identified
5f5eb5c700467c47378899f8d616ee3e17b594ddf0992bb3e018343d50e6e8c8,2022-11,Wiltshire Police,Wiltshire Police,-1.817034,51.074071,On or near ,E01032002,Wiltshire 055B,Unable to prosecute suspect
93141fc5a4896f0480a5a06af6b2b6f9425b1be1abbf03d7cf2e1b7aa73273ba,2022-11,Wiltshire Police,Wiltshire Police,-1.749180,51.582069,On or near Parkside,E01015552,Swindon 009D,Unable to prosecute suspect
baad82ea1c1bae156313fa49c802080ef6ec66bf775622a82bb09b490a51537b,2022-11,Wiltshire Police,Wiltshire Police,-1.751376,51.557716,On or near Malmesbury Gardens,E01015538,Swindon 016A,Unable to prosecute suspect
e155c8e87f785461d9a10a66560c89086c6da7499b75e446fb13731da07533d5,2022-11,Wiltshire Police,Wiltshire Police,-1.790045,51.558313,On or near Curtis Street,E01015494,Swindon 019A,Unable to prosecute suspect
c30d2ee6d7e5fb0dcfdf808fbc19ebe6b75f4b6d1ba41f87c245d9823e497268,2022-11,Wiltshire Police,Wiltshire Police,-1.785302,51.560868,On or near ,E01015494,Swindon 019A,Investigation complete; no suspect identified
63fc20c41171db002ff2a205902a3c2a04eb984549d47d15f3a6e35dda585d06,2022-11,Wiltshire Police,Wiltshire Police,-1.995557,51.352612,On or near ,E01031854,Wiltshire 026B,Unable to prosecute suspect
86965f374a6ebed43e7c725d681eac99a1145af4d8fe42d1cbe60dff2a5c59af,2022-11,Wiltshire Police,Wiltshire Police,-1.787663,51.073347,On or near Estcourt Road,E01032014,Wiltshire 056A,Further investigation is not in the public interest
746ce12558a208ad3809710a921d322ba1760249636310d5b2cf9aa8e4c94cf8,2022-11,Wiltshire Police,Wiltshire Police,-2.251913,51.337504,On or near Spencers Orchard,E01032049,Wiltshire 027E,Unable to prosecute suspect
82f9d0138865100c56cc737db13d535cd30a60994bb3a34e9b0a19cff976a333,2022-11,Wiltshire Police,Wiltshire Police,-1.785866,51.560508,On or near ,E01015494,Swindon 019A,Unable to prosecute suspect
3fe4d8b78f87155d1aa6a8692e44d9e561c30acc3216b75487faba5426c69111,2022-11,Wiltshire Police,Wiltshire Police,-1.611226,51.444429,On or near Knowledge Hill,E01031874,Wiltshire 012D,Unable to prosecute suspect
6a170619ec2f5920146e351f9cc1a909df0fc052e1b5ec97a07a81113924718a,2022-11,Wiltshire Police,Wiltshire Police,-1.774095,51.581013,On or near Jefferies Avenue,E01015509,Swindon 010B,Unable to prosecute suspect
d47c5031f55e7844b07389895642ada305d9dbb82a7f366bfaa80d2bf5f209a1,2022-11,Wiltshire Police,Wiltshire Police,-1.785302,51.560868,On or near ,E01015494,Swindon 019A,Unable to prosecute suspect
27ba5bc88a489331bba16ea6d0beff87cc28a78f2b193a160914e11bbf42403c,2022-11,Wiltshire Police,Wiltshire Police,-2.249615,51.416510,On or near Bulls Lane,E01031888,Wiltshire 017A,Investigation complete; no suspect identified
3efea663170c2a5ce79444a66496e0d45c31e00b1950262fdc5ee4dd00401339,2022-11,Wiltshire Police,Wiltshire Police,-1.746546,51.588573,On or near St Quentin Close,E01015552,Swindon 009D,Unable to prosecute suspect
22af9a1e6593f685deb90583df2ee58706031c8a4c2c522581a1b970b669275b,2022-11,Wiltshire Police,Wiltshire Police,-1.797288,51.609900,On or near Sapphire Road,E01015474,Swindon 008B,Investigation complete; no suspect identified
cfd7d03b7c4d289b7764b41861913665b04ffeec0783cdeeafbcb5bfeba3068e,2022-11,Wiltshire Police,Wiltshire Police,-2.108176,51.587096,On or near Avon Road,E01031949,Wiltshire 002D,Unable to prosecute suspect
6289fa0dfc9de45399f1ab15bddddf8ddb6162ab16d5dc6f3f732f58f0200337,2022-11,Wiltshire Police,Wiltshire Police,-1.995298,51.354015,On or near New Park Street,E01031854,Wiltshire 026B,Investigation complete; no suspect identified
415fdb7ccd3fa470e43c60ac2b90dee047971b2b36182077186610c63109dbec,2022-11,Wiltshire Police,Wiltshire Police,-1.834487,51.554454,On or near Selby Crescent,E01015502,Swindon 022B,Unable to prosecute suspect
09cd87e7044c20e92d4f6e9e62fad25d17dd7da4c9c80996ffefc3c0402ab7f6,2022-11,Wiltshire Police,Wiltshire Police,-1.834487,51.554454,On or near Selby Crescent,E01015502,Swindon 022B,Unable to prosecute suspect
b96155826172d9b50b4c8f8e4a7c42e6a0cedd2b89c25422f5d31e920b54f4ff,2022-11,Wiltshire Police,Wiltshire Police,-1.779716,51.558617,On or near Clarence Street,E01032714,Swindon 019E,Unable to prosecute suspect
489b6d37bd61b65a5a9b61e4156cda4d1f7c1cd4810514b09154b9f138c3fd4c,2022-11,Wiltshire Police,Wiltshire Police,-2.209996,51.321977,On or near Back Street,E01032086,Wiltshire 031B,Investigation complete; no suspect identified
f98f1b7399906cbff2df7eb55b5cff0d0b4fbdfe0b722348bedbc192fd1c483e,2022-11,Wiltshire Police,Wiltshire Police,-1.764809,51.158287,On or near Banting Close,E01031977,Wiltshire 048D,Unable to prosecute suspect
29a9a266288a193d8d5896a0421148f930bfbb4b0ba4bd724bd7aa2f7b3bdda6,2022-11,Wiltshire Police,Wiltshire Police,-1.781431,51.558845,On or near Regent Circus,E01032714,Swindon 019E,Unable to prosecute suspect
6b75bde015cccbb84839fa54211a9f4d6c0bd587b5192ac6797d4e25f223ef63,2022-11,Wiltshire Police,Wiltshire Police,-2.108176,51.587096,On or near Avon Road,E01031949,Wiltshire 002D,Unable to prosecute suspect
e66dae6d0fe280f2cb33df4458c6e45de1d07fdbd0b53829a6124e042a97542c,2022-11,Wiltshire Police,Wiltshire Police,-1.834487,51.554454,On or near Selby Crescent,E01015502,Swindon 022B,Unable to prosecute suspect
182bf96ee9098302ff607627827f2946b0f562db9667717fb19a8a552091a72c,2022-11,Wiltshire Police,Wiltshire Police,-1.776131,51.571864,On or near ,E01015510,Swindon 010C,Unable to prosecute suspect
d31ec0d61d6dad2ecc9808f8bad3df1fa08d14fe33ba5c0d05ce9137da409fca,2022-11,Wiltshire Police,Wiltshire Police,-1.762950,51.567792,On or near Wheatcroft Way,E01015479,Swindon 017A,Unable to prosecute suspect
fc8764bed2e34a0d3d969f62ed4fd15a8974819b35ca031201d51a1b1c5477fe,2022-11,Wiltshire Police,Wiltshire Police,-1.903110,51.542875,On or near ,E01031967,Wiltshire 006C,Investigation complete; no suspect identified
d51dee92c488c8f8c1d0edb62d1ce90ae5b2e8583050c39251cc9b3fb506ca86,2022-11,Wiltshire Police,Wiltshire Police,-2.001936,51.437583,On or near Mill Street,E01031901,Wiltshire 016B,Investigation complete; no suspect identified
fcce6c19489bf24005a5b776571edf36e3aed5c9851c7ee95741fc5ba994a1e9,2022-11,Wiltshire Police,Wiltshire Police,-1.709183,51.637156,On or near Lechlade Road,E01015521,Swindon 001C,Unable to prosecute suspect
466761df59a4b316190c623890c7d2a06ba5047d31494abef7121f809202e4ab,2022-11,Wiltshire Police,Wiltshire Police,-1.792610,51.558848,On or near Lorne Street,E01015476,Swindon 015B,Unable to prosecute suspect
e79713d7e5ec144fd105e46a392c29992212f22753f821ada78aa4dd121f5512,2022-11,Wiltshire Police,Wiltshire Police,-1.770452,51.162309,On or near Eleanor Drive,E01031977,Wiltshire 048D,Unable to prosecute suspect
8fa36a8caa5a99938385cb2628c5af69d85dbbeeeb17d41c90a425a945a2981d,2022-11,Wiltshire Police,Wiltshire Police,-1.757821,51.334936,On or near Southcott Road,E01031869,Wiltshire 024B,Unable to prosecute suspect
256bf11aef5040798be26ab880d12cf8a9ae5fa6db920abab34562f91b5f232e,2022-11,Wiltshire Police,Wiltshire Police,-1.802666,51.581784,On or near North Leaze Close,E01015530,Swindon 006D,Unable to prosecute suspect
67565c8c6e5506113e41467813e9bf05ee9932be7c03bd849bce96b1418c2512,2022-11,Wiltshire Police,Wiltshire Police,-1.729193,51.550132,On or near Mackenzie Close,E01015488,Swindon 023B,Investigation complete; no suspect identified
c548883993e2d6c3772705ca66341bd5368e9df929660b9f16871e23e25faba3,2022-11,Wiltshire Police,Wiltshire Police,-1.749830,51.191481,On or near Thiepval Drive,E01031989,Wiltshire 046A,Unable to prosecute suspect
e8e0bd690546de90ecbcd0e88de3117a5eb57a1044829383b88cf128ae872f09,2022-11,Wiltshire Police,Wiltshire Police,-2.195483,51.260031,On or near Willow Grove,E01032118,Wiltshire 040D,Unable to prosecute suspect
964a187f44549e67840fa43a4ce66ed502da1d29bf46d288dbeab20b21f85ee9,2022-11,Wiltshire Police,Wiltshire Police,-1.754407,51.549414,On or near Thornbridge Avenue,E01015542,Swindon 020E,Unable to prosecute suspect
9b76b69ef9ea8870543ca7f3991fab6624c94fb4d640431c8f10385cd103b7f1,2022-11,Wiltshire Police,Wiltshire Police,-2.132121,51.462954,On or near Westinghouse Park,E01031925,Wiltshire 010E,Unable to prosecute suspect
db9d8800d4ace6145cc3bb2173a9484575ea95bf9e69fc5e10150891e602e8cb,2022-11,Wiltshire Police,Wiltshire Police,-2.010297,51.445756,On or near Bremhill View,E01032691,Wiltshire 015G,Investigation complete; no suspect identified
0fc10036d720aadb0ec026ec74fed662c5d1df3e014d993326ab39accab390be,2022-11,Wiltshire Police,Wiltshire Police,-1.783775,51.572670,On or near Kitchener Street,E01015511,Swindon 010D,Unable to prosecute suspect
d2fecd53626414ef76c404e895cc7e9bbc177d31f7b178dc3ed9ca751636a9d7,2022-11,Wiltshire Police,Wiltshire Police,-2.181234,51.204421,On or near ,E01032103,Wiltshire 044A,Unable to prosecute suspect
d8eb0c6c42e67ef7d49e652fbf231ea06424383c5377018e30c3da4bd3674de4,2022-11,Wiltshire Police,Wiltshire Police,-2.138282,51.372474,On or near High Street,E01032068,Wiltshire 022D,Unable to prosecute suspect
3a31ccf148209c8ce4bffcc347d7d49d4a79668e867f6e6738b32ce54f38fe04,2022-11,Wiltshire Police,Wiltshire Police,-2.174676,51.268175,On or near Coach Road,E01032121,Wiltshire 039E,Unable to prosecute suspect
ab53d3880bd935403b79ea9458dc155eee5e6dc452ee277148e908212fb3051a,2022-11,Wiltshire Police,Wiltshire Police,-2.087363,51.346932,On or near Bell Hill,E01031876,Wiltshire 028E,Unable to prosecute suspect
aa757dcd6be06e6e472f4fe07bb54e35e725e85c095a44e8b3771f4da58d0d7a,2022-11,Wiltshire Police,Wiltshire Police,-2.213371,51.319310,On or near Stallard Street,E01032085,Wiltshire 031A,Unable to prosecute suspect
eff27c2b3f87ef3f9fcdf3ba740afe45b4518f2bb1487eafe9933a06f98201e3,2022-11,Wiltshire Police,Wiltshire Police,-1.762395,51.594010,On or near Pritchard Close,E01015557,Swindon 005C,Unable to prosecute suspect
d8efe004d3988e142b6c1be4ba9b6a43afd06acab4a478bd8ca856154a08f4b9,2022-11,Wiltshire Police,Wiltshire Police,-2.206861,51.320355,On or near Park Road,E01032086,Wiltshire 031B,Investigation complete; no suspect identified
9b285e8c33348a876d30a421e772d2b0e8c9ae1f79d8979e95fb854e250187bb,2022-11,Wiltshire Police,Wiltshire Police,-1.860533,51.640256,On or near Saxon Close,E01031936,Wiltshire 001D,Unable to prosecute suspect
5e953dead387e6d0297f3a3c16d4c797367de4953d5803c22e3b457b18995115,2022-11,Wiltshire Police,Wiltshire Police,-1.867187,51.642881,On or near Stones Lane,E01031934,Wiltshire 001B,Unable to prosecute suspect
31586119303df3a1b15369b9e529660c5b6b94174851e148f9e28f68fe0a74e5,2022-11,Wiltshire Police,Wiltshire Police,-2.174676,51.268175,On or near Coach Road,E01032121,Wiltshire 039E,Unable to prosecute suspect
15eff874194f18df5fe55d1bac52d29468085a44513531d3254be7a46c2bf42c,2022-11,Wiltshire Police,Wiltshire Police,-2.176793,51.203430,On or near East Street,E01032103,Wiltshire 044A,Unable to prosecute suspect
044f2a3b1d65f7ab79a470028ff223c746c2f35fd35b5ac0539437ed6655bbda,2022-11,Wiltshire Police,Wiltshire Police,-1.992283,51.352450,On or near Monday Market Street,E01031854,Wiltshire 026B,Unable to prosecute suspect
029a5941f119111107ebecb2aa3d0e975be5d85b5f264a2207c348b4fb96e0a1,2022-11,Wiltshire Police,Wiltshire Police,-1.992828,51.352333,On or near Maryport Street,E01031854,Wiltshire 026B,Unable to prosecute suspect
b08da265be63fc5043f392e8a0c06867e99298d5ff641034cc8fb559f5179eff,2022-11,Wiltshire Police,Wiltshire Police,-1.826400,51.602493,On or near Oakhurst Way,E01032713,Swindon 026F,Unable to prosecute suspect
d9e5256bd93e5b351c1af7dd7c2e54eaf3f5f9e6b60a8ca9a9f4ecd78b9ae99a,2022-11,Wiltshire Police,Wiltshire Police,-1.743332,51.562014,On or near Old School Court,E01015538,Swindon 016A,Unable to prosecute suspect
a31915818f6b2a1684d1582a94868e2eeca46e852e54c75686afa193ad6d921e,2022-11,Wiltshire Police,Wiltshire Police,-1.809596,51.591605,On or near Haydon Court,E01015516,Swindon 004D,Unable to prosecute suspect
a93c90a7f661e8f23d909cda9be8da8207ad7dc74977d25d7db45de976306fc6,2022-11,Wiltshire Police,Wiltshire Police,-1.821488,51.559057,On or near Moresby Close,E01015568,Swindon 014D,Unable to prosecute suspect
24c5eed53d3e82faafd5ac384bb1ac737153adfd27cbe01d3d51e8ab6c7d4b9a,2022-11,Wiltshire Police,Wiltshire Police,-2.213371,51.319310,On or near Stallard Street,E01032085,Wiltshire 031A,Unable to prosecute suspect
33b8507d7e71c3f5b1c252e15ed75c86d142e1fb6bd6070aaf204b396893040a,2022-11,Wiltshire Police,Wiltshire Police,-2.184380,51.332595,On or near Cherry Gardens,E01032077,Wiltshire 030A,Unable to prosecute suspect
7fa6bf4435001baef8404fb017dfb292d810283614fd45bb3a5a5ad13ae8f9c8,2022-11,Wiltshire Police,Wiltshire Police,-2.146281,51.376150,On or near ,E01032062,Wiltshire 022A,Investigation complete; no suspect identified
227f00a14c2354269f55be69137cc61405e7af96c3cf7c1901949f5f3f994849,2022-11,Wiltshire Police,Wiltshire Police,-2.060867,51.666047,On or near Cotswold Airport,E01031885,Wiltshire 002A,Investigation complete; no suspect identified
5eb25a428b0be53df3bbadfcab3f87feb7ca01c5d3dccbaa98313f698212468d,2022-11,Wiltshire Police,Wiltshire Police,-1.863506,51.080078,On or near ,E01032038,Wiltshire 054D,Unable to prosecute suspect
382089f2ae86cb2b9efa53c26d754d5fd57f313a7fec69f0d5b382835422801f,2022-11,Wiltshire Police,Wiltshire Police,-1.891436,51.539991,On or near Barrow Close,E01031966,Wiltshire 007G,Unable to prosecute suspect
2c26c594af242587cfb9c57687f6182323d3789dea5ff41c2970301d37ef1445,2022-11,Wiltshire Police,Wiltshire Police,-1.891436,51.539991,On or near Barrow Close,E01031966,Wiltshire 007G,Unable to prosecute suspect
a8fd9215e4befed714ddf5a4f7dbc6e38bbfd080a8331c59a0f4fd1f200f8d26,2022-11,Wiltshire Police,Wiltshire Police,-1.783730,51.554705,On or near Pembroke Street,E01015496,Swindon 019C,Unable to prosecute suspect
2eda7c114d3041634f3c5121c077f0f5672ec3ac6e4bc102fd64596353a522d2,2022-11,Wiltshire Police,Wiltshire Police,-2.214749,51.570738,On or near Silver Street,E01031957,Wiltshire 005A,Unable to prosecute suspect
160412daad187ea0bf49084d68af2fe350e0e190390c52d995f609db766248fe,2022-11,Wiltshire Police,Wiltshire Police,-2.215361,51.318461,On or near A363,E01032086,Wiltshire 031B,Unable to prosecute suspect
19a12dac5c937198c7c6909c1a507e8ecfb552a317b49cfeaa05d95df7db161b,2022-11,Wiltshire Police,Wiltshire Police,-1.957505,51.506252,On or near Sycamore Close,E01031944,Wiltshire 007B,Unable to prosecute suspect
b78028334232976db4540560178d242b0ae9622e86ae41d2f46a6a1f2dcf5552,2022-11,Wiltshire Police,Wiltshire Police,-1.792017,51.559278,On or near Maxwell Street,E01015476,Swindon 015B,Unable to prosecute suspect
1584c55f5526d27c0ddab84034af612963f32b3e257187425a217c9646bee4aa,2022-11,Wiltshire Police,Wiltshire Police,-1.781950,51.092364,On or near Glover Close,E01031984,Wiltshire 051A,Unable to prosecute suspect
555a62db6a8b3c31f59dca88d303e8990914d0b60cc0e1e8b3021466f7d797dd,2022-11,Wiltshire Police,Wiltshire Police,-1.786886,51.561517,On or near Queen Street,E01015476,Swindon 015B,Unable to prosecute suspect
a37de1d23bf1cd5641bf55225f25d415d4145ea2497d2fd9b1fd45f8a630f2ba,2022-11,Wiltshire Police,Wiltshire Police,-1.786621,51.562631,On or near Fleet Street,E01015476,Swindon 015B,Unable to prosecute suspect
f21b866013b6a6359f029148c32603fba736539c090d68a4c36817ff6ad352f2,2022-11,Wiltshire Police,Wiltshire Police,-2.213917,51.325639,On or near Francis Street,E01032086,Wiltshire 031B,Unable to prosecute suspect
b63f6532620437395aa569b26c604f0bd675dd0b5f11a2ce0d248de71c868152,2022-11,Wiltshire Police,Wiltshire Police,-1.820171,51.078769,On or near Bowes Lyon Court,E01032025,Wiltshire 053D,Unable to prosecute suspect
1baa7e69d31dddd34e3b724804e9c78dbdddbd5cde005a9052ca08d29d8c2c82,2022-11,Wiltshire Police,Wiltshire Police,-2.214749,51.570738,On or near Silver Street,E01031957,Wiltshire 005A,Unable to prosecute suspect
e1578342984d9652055387e17681845e3751b347a74be125e9dd4f1bc3186e2c,2022-11,Wiltshire Police,Wiltshire Police,-1.968782,51.363991,On or near Horton Avenue,E01031844,Wiltshire 034A,Unable to prosecute suspect
c5ffd59858fefaaf797f49a5118700c3ba9d0e592e661ce4977381c895bf3c42,2022-11,Wiltshire Police,Wiltshire Police,-1.790045,51.558313,On or near Curtis Street,E01015494,Swindon 019A,Unable to prosecute suspect
4347617e871ce869285960388e4de111e635e77cafbef35d21a42a65b71eb193,2022-11,Wiltshire Police,Wiltshire Police,-1.776317,51.073029,On or near William Close,E01032011,Wiltshire 057B,Unable to prosecute suspect
edfeaa91e12f33e7cbfe70e7d30a81ecf1d790e5389640a92d3d6e910709dc03,2022-11,Wiltshire Police,Wiltshire Police,-1.773658,51.552618,On or near Steeple View,E01015534,Swindon 024B,Investigation complete; no suspect identified
f444373b6ee97637b8a1d78148964cc4943c5b62256b296a76776635c7729949,2022-11,Wiltshire Police,Wiltshire Police,-2.138282,51.372474,On or near High Street,E01032068,Wiltshire 022D,Unable to prosecute suspect
56876c45c59f7c7219c05d66de7acec4ac9818e392ff0b0a81ea2466a1885bce,2022-11,Wiltshire Police,Wiltshire Police,-1.792017,51.559278,On or near Maxwell Street,E01015476,Swindon 015B,Unable to prosecute suspect
252597967bb0a40f5159acbabd8aaa065cc8a0337f2df4ae021a047d3f55954f,2022-11,Wiltshire Police,Wiltshire Police,-2.203914,51.316053,On or near Bridge Street,E01032094,Wiltshire 035C,Unable to prosecute suspect
23b689a1fa5338019e25b0529bfe5065ee9215b51febe064d7884420d600b8c1,2022-11,Wiltshire Police,Wiltshire Police,-2.198587,51.262085,On or near Oldfield Road,E01032118,Wiltshire 040D,Unable to prosecute suspect
37b98280b6f3243871a1d0cf1cdf315680d79eccbbc904e2d727bd9fd899d928,2022-11,Wiltshire Police,Wiltshire Police,-1.798516,51.068744,On or near Bridge Street,E01032022,Wiltshire 058C,Unable to prosecute suspect
380e24d3c763c7427ced7df0a018e80fd72f0b0e1aece5735419a54eefd08e48,2022-11,Wiltshire Police,Wiltshire Police,-1.769652,51.554849,On or near Parklands Road,E01015576,Swindon 017D,Investigation complete; no suspect identified
e25ca720600c1f97df8e64350cbe5ff7533a57a790dedf1d127a80eb56f2bedd,2022-11,Wiltshire Police,Wiltshire Police,-2.205714,51.320708,On or near Pitman Mews,E01032086,Wiltshire 031B,Unable to prosecute suspect
3724daa103d033cafc6c7792bdac5fc2d15320d02cf273fc73f7e2afcda6e1ed,2022-11,Wiltshire Police,Wiltshire Police,-1.843575,51.570939,On or near Granary Close,E01015565,Swindon 011C,Investigation complete; no suspect identified
67ff790761f232a484b46574a3edc584a5f1b32f83bc49bd73e7e868061d0c38,2022-11,Wiltshire Police,Wiltshire Police,-1.764134,51.564782,On or near ,E01015479,Swindon 017A,Unable to prosecute suspect
0e2a0cb36af0677f2fe9d5604267e70b5a0a42965a395d86eaea33235cce0b7c,2022-11,Wiltshire Police,Wiltshire Police,-2.195483,51.260031,On or near Willow Grove,E01032118,Wiltshire 040D,Unable to prosecute suspect
ed8f1c0a4fc2127d0a9a1c8723a9784c23c890b22af820839e409eabd7b9357b,2022-11,Wiltshire Police,Wiltshire Police,-1.784278,51.089221,On or near Ash Crescent,E01031985,Wiltshire 051B,Investigation complete; no suspect identified
2472ddcd1cd0ca6f36662ca520e33b8e53892dd492d8bc59177d90d1e45675dc,2022-11,Wiltshire Police,Wiltshire Police,-1.802772,51.289729,On or near Avon Square,E01031882,Wiltshire 038C,Unable to prosecute suspect
93500ad8cf66a56d636fbc820d951c52d9d7a22c0db0e0761742cb44c6574c1b,2022-11,Wiltshire Police,Wiltshire Police,-1.743718,51.560091,On or near Shoscombe Green,E01015537,Swindon 020A,Unable to prosecute suspect
15583644583a2f19cde9bbf05b11cad0f6d56d1a49b396bc313e04563fc1d97c,2022-11,Wiltshire Police,Wiltshire Police,-1.789192,51.611819,On or near Skylark,E01015473,Swindon 008A,Unable to prosecute suspect
daa075000a72c0ccf645f2b803ffb19e14a2df55f82c4a79a51e1e20713f7a93,2022-11,Wiltshire Police,Wiltshire Police,-2.006052,51.447734,On or near Grayling Close,E01032691,Wiltshire 015G,Unable to prosecute suspect
78fa437a500257fc7e608cd4f6ba5795aa667dd158a9648f27a2ea388a2cc5df,2022-11,Wiltshire Police,Wiltshire Police,-1.851773,51.084092,On or near Buckeridge Road,E01032039,Wiltshire 054E,Unable to prosecute suspect
88879402a77ed071b291cba1060ddcf76e0c7a7250b2fe470cde95889776ac39,2022-11,Wiltshire Police,Wiltshire Police,-1.759283,51.170622,On or near Westland Close,E01031977,Wiltshire 048D,Action to be taken by another organisation
cc324eb8a95eef080af06bdb12a071edc3773faa53b607eda3dddd5a1049554e,2022-11,Wiltshire Police,Wiltshire Police,-2.200578,51.320933,On or near Harford Street,E01032100,Wiltshire 032B,Unable to prosecute suspect
298aa6541b6f2d2cdb8e5a3022f812d87cabc9b8bee26d8007bc9b83e13d5947,2022-11,Wiltshire Police,Wiltshire Police,-2.006052,51.447734,On or near Grayling Close,E01032691,Wiltshire 015G,Unable to prosecute suspect
a7979171673967a063b0785a24cb587dbe6ac70be512d4ea7026b6a44ab2ed22,2022-11,Wiltshire Police,Wiltshire Police,-1.785627,51.571459,On or near St Marys Grove,E01015511,Swindon 010D,Unable to prosecute suspect
9885afbc88ff2b3756e0938cd3f37cd85269f7a4d0578134bba391c388b1a10b,2022-11,Wiltshire Police,Wiltshire Police,-2.206405,51.311562,On or near Dunford Close,E01032095,Wiltshire 035D,Unable to prosecute suspect
e16415d1c92d2e59654fa4a1f6611d5f6be4f5bca6d46b445da8573f37b9f463,2022-11,Wiltshire Police,Wiltshire Police,-1.820350,51.599040,On or near Eyre Close,E01032704,Swindon 027C,Unable to prosecute suspect
0d13f92c610fd59838aa2f9c2a01a4327fa1f66d880aacc81797b76b25de3093,2022-11,Wiltshire Police,Wiltshire Police,-1.836594,51.554053,On or near Lanhydrock Close,E01015502,Swindon 022B,Unable to prosecute suspect
7627fb05f1b1b24f83c5dc618b0e8f97e488ac6a5619801a654a9cfd5e403452,2022-11,Wiltshire Police,Wiltshire Police,-2.139375,51.372823,On or near Church Street,E01032067,Wiltshire 022C,Unable to prosecute suspect
0e20d69a7270d4c8b97b07cc38eb84113124a7ed39004fa31e8ec87a900e03aa,2022-11,Wiltshire Police,Wiltshire Police,-2.221283,51.246111,On or near The Crescent,E01032054,Wiltshire 039B,Unable to prosecute suspect
583c57ed261c307395375855287e0621b13f481d07c67e2a12c676c1fda209f7,2022-11,Wiltshire Police,Wiltshire Police,-1.996297,51.438878,On or near Forman Street,E01031902,Wiltshire 016C,Unable to prosecute suspect
c963eb5a5bf0c6ebe1d1db17b603c5dd33e194d777eca666b493112c4ac67555,2022-11,Wiltshire Police,Wiltshire Police,-2.210002,51.417343,On or near Tawny Close,E01031941,Wiltshire 018D,Unable to prosecute suspect
2cd992116eb7f150d6d6ee5049d48c300d3f9817aa02e52c7f38a72203e6919d,2022-11,Wiltshire Police,Wiltshire Police,-1.608727,51.254938,On or near Challis Court,E01031859,Wiltshire 041A,Unable to prosecute suspect
658b301c483415ca1f5111eba5a959c76e638ceb46445e0be25352386a0d69d2,2022-11,Wiltshire Police,Wiltshire Police,-1.608727,51.254938,On or near Challis Court,E01031859,Wiltshire 041A,Unable to prosecute suspect
73025e3f566ef490f18b9a0fa58669ea42da6ec029f4d143c8e0283a25a0b71e,2022-11,Wiltshire Police,Wiltshire Police,-2.142859,51.356867,On or near Shails Lane,E01032070,Wiltshire 021D,Unable to prosecute suspect
dc79b098283ce6a818d620dde5644a24b9dd6c08f98460cfc07cd94e3c5ca61d,2022-11,Wiltshire Police,Wiltshire Police,-2.199952,51.309101,On or near Kyte Way,E01032093,Wiltshire 035B,Further investigation is not in the public interest
7eed844ff5084426a57501051118f1a7bc4061f9ad9df4ef49c80ed5f6ca64b3,2022-11,Wiltshire Police,Wiltshire Police,-1.793977,51.556413,On or near William Street,E01015477,Swindon 015C,Unable to prosecute suspect
9a0e5b571e259c9aec6aa279e5198d6719570c1c77fd2a8ffd2540754ba25e9e,2022-11,Wiltshire Police,Wiltshire Police,-2.135786,51.465872,On or near Bristol Road,E01031919,Wiltshire 009E,Unable to prosecute suspect
91bb2d2a598b0bdec747c832cd84e79cc3d1a7cdc0437760238d697b185dca26,2022-11,Wiltshire Police,Wiltshire Police,-2.184388,51.198455,On or near Avon Road,E01032106,Wiltshire 044B,Unable to prosecute suspect
7d046cff5a0e8f9bab72d13c36b1a6ed04d7f5857d266fba7d8e22c7d207d372,2022-11,Wiltshire Police,Wiltshire Police,-1.902867,51.541439,On or near Tanners Close,E01031967,Wiltshire 006C,Unable to prosecute suspect
89894cc02cc8583914ccfad9054851aa0aee7fe7d36d4b50eeba29cda8fbc427,2022-11,Wiltshire Police,Wiltshire Police,-1.761879,51.562845,On or near Douglas Road,E01015575,Swindon 016D,Suspect charged
6fea5bb13542a0be123cecff3951a8e77dbc4247aad3a6d94a02f3264e3b26e9,2022-11,Wiltshire Police,Wiltshire Police,-1.780358,51.581079,On or near Sycamore Grove,E01015506,Swindon 007A,Unable to prosecute suspect
d2efc54b6d0c897d0b06cca3e7e10444972bbd2794443ed0eb5729cd88f9b707,2022-11,Wiltshire Police,Wiltshire Police,-2.040241,51.283342,On or near Victoria Park,E01031848,Wiltshire 028C,Unable to prosecute suspect
e839c5ec57f5b2dcb8586459a7707f2cb1ea7358a56723cfdf9d0a09ae7746ff,2022-11,Wiltshire Police,Wiltshire Police,-1.792038,51.068499,On or near ,E01032023,Wiltshire 059D,Unable to prosecute suspect
5d2694e8166d29e45453930556e1ba2865da04dd58904dffafff76aa07af44a4,2022-11,Wiltshire Police,Wiltshire Police,-1.906684,51.536353,On or near Westbury Park,E01031968,Wiltshire 007H,Unable to prosecute suspect
4cd85650dd4f763bd6a47144015fb1b100b81fe6d69eeefe9a91fb58e16dcc1a,2022-11,Wiltshire Police,Wiltshire Police,-1.776111,51.552443,On or near Wood Street,E01015534,Swindon 024B,Unable to prosecute suspect
cee98851bc527a2e19ba871d27aec9e89d2962a025295898473e4a2f18c9ac18,2022-11,Wiltshire Police,Wiltshire Police,-2.193016,51.201543,On or near Factory Lane,E01032113,Wiltshire 043D,Unable to prosecute suspect
277647597d13fbcd9c6143927b1da612cb7f163ab5a85b6cd8326637403bda25,2022-11,Wiltshire Police,Wiltshire Police,-2.202234,51.309250,On or near Drynham Road,E01032093,Wiltshire 035B,Offender given a caution
4ac31b81aa60b3b6ba6995d4d7d71ec888896125e0a312dcc29ef5137d40004b,2022-11,Wiltshire Police,Wiltshire Police,-1.802544,51.563316,On or near Jennings Street,E01032716,Swindon 012G,Unable to prosecute suspect
829b578e5cf795b6d4710f8935d743af017dc73a6792d3cd7432e5e0348fd611,2022-11,Wiltshire Police,Wiltshire Police,-1.955332,51.028174,On or near High Lane,E01031990,Wiltshire 054A,Investigation complete; no suspect identified
59b29f241af3941715a064279b20e0f67e34b0537d2508bfe5f534b931e6618a,2022-11,Wiltshire Police,Wiltshire Police,-1.817628,51.590053,On or near Bayleaf Avenue,E01015515,Swindon 004C,Unable to prosecute suspect
5f99cd9208bb388123e0ea1f1a1ae6ad8cce5c64ad26b11e01d2effcfe305872,2022-11,Wiltshire Police,Wiltshire Police,-1.715043,51.133395,On or near Ladyway,E01032032,Wiltshire 049B,Unable to prosecute suspect
413c732958922ce1f42cdb4b5d6fdf30336306c3ff0d2c2a59ff82c01f4211ff,2022-11,Wiltshire Police,Wiltshire Police,-1.715043,51.133395,On or near Ladyway,E01032032,Wiltshire 049B,Unable to prosecute suspect
cf600cff6c287b5d00ea4112fd4544244437fef56a22743a59f20f4cd002fb56,2022-11,Wiltshire Police,Wiltshire Police,-1.819179,51.563019,On or near ,E01015568,Swindon 014D,Unable to prosecute suspect
cda69e03baf50de02679ba8d589a78e591fd27c22a1fed31696b9d3a87e03b75,2022-11,Wiltshire Police,Wiltshire Police,-2.542802,51.483882,On or near Arterial Road,E01014587,Bristol 012D,Unable to prosecute suspect
6bdb067df06109168223cd0359f2ce1c5adc8ad1baf7bef82a05326e2d3cb9a3,2022-11,Wiltshire Police,Wiltshire Police,-2.175290,51.372676,On or near Cannings Close,E01032057,Wiltshire 021C,Unable to prosecute suspect
06f1d7f9eea36010d08871ff2abf8a224b86c8897bb67ae701c066388b378944,2022-11,Wiltshire Police,Wiltshire Police,-1.794099,51.063818,On or near Exeter Street,E01032022,Wiltshire 058C,Unable to prosecute suspect
1418825276f44032c574f48e9e0eeecda5a61cd33a8d3e959956fcdd41799f16,2022-11,Wiltshire Police,Wiltshire Police,-2.137917,51.465925,On or near ,E01031908,Wiltshire 010C,Unable to prosecute suspect
c55ee0757044adbf8eff582e1961e07f417444884eb8f22d3dcc9ce0b7083703,2022-11,Wiltshire Police,Wiltshire Police,-2.203914,51.316053,On or near Bridge Street,E01032094,Wiltshire 035C,Investigation complete; no suspect identified
14fc366ac5bf4aaeda97c3986e386068cf6790b6472cb9ed92177e63e017f676,2022-11,Wiltshire Police,Wiltshire Police,-1.981655,51.355641,On or near Wadworth Road,E01031850,Wiltshire 025A,Unable to prosecute suspect
2a9a9690b5c37a18e07dae436225dcf8c7d7e6d5c5fa8413049bc697bd4e812b,2022-11,Wiltshire Police,Wiltshire Police,-2.209886,51.322967,On or near ,E01032086,Wiltshire 031B,Unable to prosecute suspect
726e8cb49839850bf2a66295fd90a7c7eb02f1ab698c4edc5574ef66c459b078,2022-11,Wiltshire Police,Wiltshire Police,-1.995672,51.349015,On or near Charles Morrison Close,E01031856,Wiltshire 026D,Unable to prosecute suspect
e189ae7e114a23a9dc760d92eebc40eb51876f8bdfb77df5de33aff84f198045,2022-11,Wiltshire Police,Wiltshire Police,-2.113813,51.457713,On or near Market Place,E01031912,Wiltshire 011B,Unable to prosecute suspect
2ead96ba065b8e67a525edd24523bf022f21c432d2e927fac18c091172830603,2022-11,Wiltshire Police,Wiltshire Police,-2.251913,51.337504,On or near Spencers Orchard,E01032049,Wiltshire 027E,Unable to prosecute suspect
d233deb32890ce3c3c217db4d459bad6508eb88e9f239097c47ce23e5799794f,2022-11,Wiltshire Police,Wiltshire Police,-1.807132,51.544825,On or near ,E01015585,Swindon 025C,Action to be taken by another organisation
d0a81d148bd35754dc07889b3d1ae8f3b26a80e92d373b7b09b9777f16a9aab1,2022-11,Wiltshire Police,Wiltshire Police,-2.140511,51.373235,On or near Canon Square,E01032067,Wiltshire 022C,Investigation complete; no suspect identified
5123272df3c536114e416213ead371264c97393b42847f5f698017d36274939e,2022-11,Wiltshire Police,Wiltshire Police,-1.854748,51.641886,On or near Horse Fair Lane,E01031935,Wiltshire 001C,Unable to prosecute suspect
ad0fd41f8dbacdfd91d92639426d4226cc94e467c99d9e1771f088b7738ed3ca,2022-11,Wiltshire Police,Wiltshire Police,-1.804923,51.553627,On or near Fry Close,E01015478,Swindon 021A,Unable to prosecute suspect
816dc5ebe37b17e07eb71f290b2807ca90868e7ae4a5b18135fd9aece0da1342,2022-11,Wiltshire Police,Wiltshire Police,-1.620484,51.473268,On or near The Downs,E01031841,Wiltshire 012A,Investigation complete; no suspect identified
4eefedbbdff227a4b66c3b5b2d6fefcca773c7e219bdf92d1329be2dbd9e7fdd,2022-11,Wiltshire Police,Wiltshire Police,-1.836594,51.554053,On or near Lanhydrock Close,E01015502,Swindon 022B,Unable to prosecute suspect
1bb0250a366cefc9f9343d01ce87369bbcd220601dee2e50faa509b2cff99426,2022-11,Wiltshire Police,Wiltshire Police,-1.664830,51.244726,On or near Wheatley Close,E01032698,Wiltshire 041H,Unable to prosecute suspect
f6f9cdbc4189895216af909c533d6dd67f0f891c7c46657bb0a9cc83b2d34307,2022-11,Wiltshire Police,Wiltshire Police,-1.800225,51.351201,On or near Alton Road,E01031871,Wiltshire 024D,Investigation complete; no suspect identified
44276fc28afef3ddcff973cc2a02c2ef5b19183cea70a79994948eeb6cf0ee35,2022-11,Wiltshire Police,Wiltshire Police,-1.674513,51.190091,On or near ,E01032033,Wiltshire 049C,Unable to prosecute suspect
70bb4a696b29cfddbebf5c9e8f4078e240e364a4e1de9255e43a00d2827c46b7,2022-11,Wiltshire Police,Wiltshire Police,-1.854748,51.641886,On or near Horse Fair Lane,E01031935,Wiltshire 001C,Unable to prosecute suspect
3eb7bc65f7868f3cc6522e11ce1e651f2368b1d3f74a9ff1ee523e5eecda2419,2022-11,Wiltshire Police,Wiltshire Police,-2.081311,51.504478,On or near Lee Crescent,E01031939,Wiltshire 008A,Unable to prosecute suspect
53371a844eb2643c28dac965d653aaf010d5125f082a82df0d46032b9ce7d96b,2022-11,Wiltshire Police,Wiltshire Police,-1.786778,51.101248,On or near Crosier Close,E01032011,Wiltshire 057B,Unable to prosecute suspect
4fa03b168ec63c4c225efb85b66ffd7d49abf3922abba0c0e92ef74d00ad9839,2022-11,Wiltshire Police,Wiltshire Police,-1.777324,51.566858,On or near Elmina Road,E01015480,Swindon 015D,Unable to prosecute suspect
198aed3074992867fdd177d340a2f77cdb1224e8a47f8ce91bc0b48271cf300e,2022-11,Wiltshire Police,Wiltshire Police,-1.784788,51.562772,On or near ,E01015476,Swindon 015B,Unable to prosecute suspect
792eb388389d1229374e3b3368dc08d41190e799fe7f65de4f1ef92b04a9f938,2022-11,Wiltshire Police,Wiltshire Police,-1.728236,51.424860,On or near Lainey's Close,E01031862,Wiltshire 019B,Unable to prosecute suspect
26f21cfd83fd2f40c945d8949dba59b1ac6c8f5f83e83c98bc3d5dcdb18ececb,2022-11,Wiltshire Police,Wiltshire Police,-1.903110,51.542875,On or near ,E01031967,Wiltshire 006C,Investigation complete; no suspect identified
e5d5bb8af391cf351bc9d52948d3dcdade4b0f872d75bedb2c0d0c917c36ff02,2022-11,Wiltshire Police,Wiltshire Police,-1.995686,51.353439,On or near Snuff Street,E01031854,Wiltshire 026B,Suspect charged
d903ec0a638663ae872dbe7296862970472c3728c6b27255d2f2b8241f1bac7a,2022-11,Wiltshire Police,Wiltshire Police,-1.783422,51.561915,On or near College Street,E01032714,Swindon 019E,Investigation complete; no suspect identified
730ee0f3b8314c214c959f6ca19c3a1b941fcbc82dc0fb555ffd044b30b93919,2022-11,Wiltshire Police,Wiltshire Police,-1.828388,51.611334,On or near Mathews Close,E01015474,Swindon 008B,Unable to prosecute suspect
f2b265d7cd1a5596fbc226134a868f4a963b8801058b8c03aee68da594846b61,2022-11,Wiltshire Police,Wiltshire Police,-1.833475,51.094804,On or near Maundrell Lane,E01031980,Wiltshire 052A,Unable to prosecute suspect
2b2c804f4cb9236b5131a5fe5dbd6d4cfcd055c1ffcad22ae77bf19db16793fa,2022-11,Wiltshire Police,Wiltshire Police,-2.191007,51.431348,On or near Erneston Crescent,E01031931,Wiltshire 018A,Unable to prosecute suspect
25394591e3c79498136aa039acc26c41e881309a5efd8240b385f81f4b0391a1,2022-11,Wiltshire Police,Wiltshire Police,-1.768441,51.543337,On or near Allen Close,E01015535,Swindon 024C,Unable to prosecute suspect
0ce0dfb73b494f3cc743ceb95bceb9175662f74a6b9c7d984d49a355ff88f826,2022-11,Wiltshire Police,Wiltshire Police,-1.807132,51.544825,On or near ,E01015585,Swindon 025C,Unable to prosecute suspect
7af8ff1cbe58c19a0647011dbdbcbef1046031007ed1be1b331adb4b466deb20,2022-11,Wiltshire Police,Wiltshire Police,-1.786621,51.562631,On or near Fleet Street,E01015476,Swindon 015B,Unable to prosecute suspect
a232f78947fec5e3354351739d91ec23606a401877d9b87e5077cee433213938,2022-11,Wiltshire Police,Wiltshire Police,-1.809056,51.063609,On or near Town Path,E01032009,Wiltshire 058B,Investigation complete; no suspect identified
a4bd9107b84c58fd2e6ee07160869a1ee9906e7d03f6e557fa6f7ebb3cd401bb,2022-11,Wiltshire Police,Wiltshire Police,-2.184380,51.332595,On or near Cherry Gardens,E01032077,Wiltshire 030A,Investigation complete; no suspect identified
8825db36c5e7b234bd9779f540ceef590d495ecc313c5baf0b2a9f7116154396,2022-11,Wiltshire Police,Wiltshire Police,-1.783422,51.561915,On or near College Street,E01032714,Swindon 019E,Investigation complete; no suspect identified
529a30c86a976a9d405afcee7f26c14b3060e6b58b4d7ecd30e10d04e5341fba,2022-11,Wiltshire Police,Wiltshire Police,-1.779937,51.557620,On or near Byron Street,E01032714,Swindon 019E,Investigation complete; no suspect identified
2b2424d0c4178eb538a5dfa1d64e8756ef4b690e49b3d36292a10d35aeab27e1,2022-11,Wiltshire Police,Wiltshire Police,-1.807132,51.544825,On or near ,E01015585,Swindon 025C,Unable to prosecute suspect
0840cd1975ac4877cb0b496d495d7ab38263849b41092c2fdab8ab51d20c3b6c,2022-11,Wiltshire Police,Wiltshire Police,-2.188749,51.323380,On or near Sylvester Drive,E01032099,Wiltshire 032A,Unable to prosecute suspect
b4d370f5e92979e0ed220b276a9100f93a0256233ae55f36d80faa2d347295ad,2022-11,Wiltshire Police,Wiltshire Police,-1.662191,51.235313,On or near ,E01031880,Wiltshire 041E,Unable to prosecute suspect
fbedb6b709fc73da95e2e17c6178509e25d3890aa5b0f1c825bf8d933f06ae98,2022-11,Wiltshire Police,Wiltshire Police,-1.765436,51.566925,On or near Selwood Close,E01015479,Swindon 017A,Unable to prosecute suspect
2525d4964503d05b28953d8530550824ade35684088ff6d309180dbfd554df8d,2022-11,Wiltshire Police,Wiltshire Police,-1.795252,51.067893,On or near ,E01032022,Wiltshire 058C,Unable to prosecute suspect
be1a8d6b2abee9d683c1320e544ea9f84fece8bab3be9ea73f9d8bab3bfed372,2022-11,Wiltshire Police,Wiltshire Police,-2.188863,51.267244,On or near Hayward Place,E01032116,Wiltshire 040B,Unable to prosecute suspect
86b0d04405bd43341a47a5136e38c572a1362d14321e725a9916f8d126fbcf4b,2022-11,Wiltshire Police,Wiltshire Police,-2.177205,51.195121,On or near Henfords Marsh,E01032106,Wiltshire 044B,Unable to prosecute suspect
8787381be58cdcc97d3be78d93e4c067933b365f609e812959d4f1f8910f1fcd,2022-11,Wiltshire Police,Wiltshire Police,-1.659349,51.230260,On or near Deans Close,E01031880,Wiltshire 041E,Unable to prosecute suspect
7a1e4d7a5c471eb4e2fd67b59103ee79361faef04feb7d5e36ce6471706c17c8,2022-11,Wiltshire Police,Wiltshire Police,-2.172645,51.330212,On or near Cresswell Drive,E01032077,Wiltshire 030A,Unable to prosecute suspect
ca5ffdabda5ce223492bfdd19ca14377fea660302c52409fbfdbbf109c8655b4,2022-11,Wiltshire Police,Wiltshire Police,-2.245478,51.342265,On or near Downavon,E01032048,Wiltshire 027D,Unable to prosecute suspect
35fc08e93ee623451bedea1813b612de3b6b6776be31b395a1ed97c67739267e,2022-11,Wiltshire Police,Wiltshire Police,-1.782903,51.592044,On or near Durrington Walk,E01015546,Swindon 003D,Unable to prosecute suspect
27eef979fc3d1fd6b519962273fed28ba628432c37f89d0ffcea43abde4b2e38,2022-11,Wiltshire Police,Wiltshire Police,-2.124953,51.376520,On or near ,E01032065,Wiltshire 020C,Unable to prosecute suspect
d7edb1290635aad305d8a1ae16d080ce61ef55a29881215719a18e922d812dfe,2022-11,Wiltshire Police,Wiltshire Police,-1.725745,51.420646,On or near Plume Of Feathers Lane,E01031862,Wiltshire 019B,Unable to prosecute suspect
1f9fc7217b87f28ca64a7b4ae93bd85b46be1fb8f2d33abbb1ab3e507f991c70,2022-11,Wiltshire Police,Wiltshire Police,-2.209799,51.297583,On or near Orchard Way,E01032053,Wiltshire 037A,Unable to prosecute suspect
d7e17dc7568da909e354624989ac37f0a20bb11124a4a4c89603967384afb074,2022-11,Wiltshire Police,Wiltshire Police,-1.962563,51.363630,On or near Slopers Lea,E01031844,Wiltshire 034A,Unable to prosecute suspect
2df39401c8693a3c8fd80a9fcc25e3f40defb0dc45a47b66f29ffba2d5e36920,2022-11,Wiltshire Police,Wiltshire Police,-1.776541,51.553028,On or near Albert Street,E01032715,Swindon 019F,Investigation complete; no suspect identified
19e25e829e6a018961c87eaf53d56487eadc9fb2c346dc26775375a7402f0469,2022-11,Wiltshire Police,Wiltshire Police,-2.127466,51.383312,On or near Bowden Crescent,E01032064,Wiltshire 020B,Action to be taken by another organisation
0a1884bd2b0c2576866385e9f211970107612dc5335fbd80285f1298283d1b79,2022-11,Wiltshire Police,Wiltshire Police,-1.832081,51.085378,On or near Pinewood Close,E01031981,Wiltshire 052B,Unable to prosecute suspect
42211fd0d5851cdfb6b800e1626d9d7787c92c902ba051bf6ebeeb19b3475509,2022-11,Wiltshire Police,Wiltshire Police,-2.115399,51.371768,On or near ,E01032071,Wiltshire 021E,Suspect charged
16d961896e3acfed700d771081a93c32b4fc088a2089ecc189c0b72e66a54a27,2022-11,Wiltshire Police,Wiltshire Police,-1.832081,51.085378,On or near Pinewood Close,E01031981,Wiltshire 052B,Unable to prosecute suspect
e5fa573cb8023d701dd8fe0cb3951e4ce64b79d825c0a591fba4d518c52ab2ef,2022-11,Wiltshire Police,Wiltshire Police,-2.208187,51.324804,On or near Adcroft Drive,E01032086,Wiltshire 031B,Unable to prosecute suspect
b1b47f6cb99cce00b4180c5ac1eabd46a50ded833d6097f7697d7bd83327b1a5,2022-11,Wiltshire Police,Wiltshire Police,-1.820196,51.553903,On or near Deerhurst Way,E01015571,Swindon 022F,Unable to prosecute suspect
d9be59ae558293dd10d4e85f5adc11502d416eaea96a862f60eb4aac08c5e052,2022-11,Wiltshire Police,Wiltshire Police,-2.209799,51.297583,On or near Orchard Way,E01032053,Wiltshire 037A,Unable to prosecute suspect
e218ba2b03bba62a1e312a08fb42d3807c2797bb204bc7a7a5d658ed5638a0cb,2022-11,Wiltshire Police,Wiltshire Police,-1.728132,51.126403,On or near Bourne Valley Close,E01032032,Wiltshire 049B,Unable to prosecute suspect
b1a8d58b73f2ee0460d155f111ae1f7190e8cee8509e2e68590448ef909e3f66,2022-11,Wiltshire Police,Wiltshire Police,-2.218751,51.313194,On or near Rock Road,E01032098,Wiltshire 033C,Local resolution
6d3c7d1599d6e1995d065494f9cd9b7d342576544d22e310433484fe16cc9398,2022-11,Wiltshire Police,Wiltshire Police,-1.772691,51.090566,On or near Cook Court,E01031984,Wiltshire 051A,Unable to prosecute suspect
b62971e22387ce7410b3f7ce7eddea7267139e19d9f82c763c0718e22eab2790,2022-11,Wiltshire Police,Wiltshire Police,-1.767257,51.166241,On or near Evergreen Way,E01031976,Wiltshire 048C,Unable to prosecute suspect
ff1c49676ab4b898cfebeb3f18b8bb0ee83d61514f39884ed5e470d538655f3d,2022-11,Wiltshire Police,Wiltshire Police,-1.785302,51.560868,On or near ,E01015494,Swindon 019A,Unable to prosecute suspect
9e2bd34190b0e1a4c425746c4b479db85c9602665c8ec32d3f5c1b6597b31e96,2022-11,Wiltshire Police,Wiltshire Police,-1.782903,51.592044,On or near Durrington Walk,E01015546,Swindon 003D,Suspect charged
bae50a8ffd56486ef2912a8fac8547aa5c9d9535d9a0d271a0d033a1671b6764,2022-11,Wiltshire Police,Wiltshire Police,-2.117616,51.458325,On or near ,E01031912,Wiltshire 011B,Unable to prosecute suspect
5c5b6d2b1e071aace662b2c50ada18a34f28d5955de7ad81c8f923525b2f1557,2022-11,Wiltshire Police,Wiltshire Police,-2.208561,51.312422,On or near Ashmead Court,E01032094,Wiltshire 035C,Unable to prosecute suspect
7edd8623649759401c2ccd299cae74dbd6c0542f9473042375bcbe683df7cc5f,2022-11,Wiltshire Police,Wiltshire Police,-1.782435,51.557148,On or near Leighfield Close,E01032714,Swindon 019E,Investigation complete; no suspect identified
da89ddc589d0a9a70847d864016569db4d5c09274711f0a487b24799c9e91e44,2022-11,Wiltshire Police,Wiltshire Police,-2.133033,51.434917,On or near West Cepen Way,E01031942,Wiltshire 018E,Unable to prosecute suspect
be7a2524bbf4e36d58bc604a19f8b383f8d6dd7906c40dd1eecd58f97fccb844,2022-11,Wiltshire Police,Wiltshire Police,-1.798097,51.587054,On or near Corfe Close,E01015514,Swindon 004B,Further action is not in the public interest
07c5ffc17aa74bb42d9c79d65d0b9f653a44d8cf1a78e78a27969c3021d5a6c9,2022-11,Wiltshire Police,Wiltshire Police,-1.851773,51.084092,On or near Buckeridge Road,E01032039,Wiltshire 054E,Unable to prosecute suspect
285956009ab3b27b647a1ce32867cc805018ca4f51777f4c6b4369d10e973cc3,2022-11,Wiltshire Police,Wiltshire Police,-1.889134,51.561685,On or near Bolingbroke Close,E01031961,Wiltshire 007E,Unable to prosecute suspect
44a82579b0732d302fa0038a35c5c4c8d24fb7e829a5473b46b8f78a24f5336f,2022-11,Wiltshire Police,Wiltshire Police,-2.001102,51.448238,On or near Cornflower Close,E01032690,Wiltshire 015F,Unable to prosecute suspect
e14d5cb5eff84d606380f392a134f265efc87ee288d086514740807ff76a885a,2022-11,Wiltshire Police,Wiltshire Police,-2.134990,51.371911,On or near Keats Close,E01032062,Wiltshire 022A,Unable to prosecute suspect
00f63bd7efa911bbca57df37bb62e12297fa7efc53726dfbaf049a9fec8a0ab5,2022-11,Wiltshire Police,Wiltshire Police,-2.101440,51.589341,On or near ,E01031948,Wiltshire 002C,Suspect charged
5e2c988f6e3222c7a02a6a653abdc0cd446ed7b18caaa1304fd974e03dbcb8d1,2022-11,Wiltshire Police,Wiltshire Police,-1.624743,51.477103,On or near Whitley Road,E01031841,Wiltshire 012A,Unable to prosecute suspect
96b859dd028dc1dc6a485900ff49fcc472095f3cc96706ea41c1a2807f239146,2022-11,Wiltshire Police,Wiltshire Police,-1.798097,51.587054,On or near Corfe Close,E01015514,Swindon 004B,Further action is not in the public interest
15731268a381e56e168c0d890b2b2e9817183d39a69110d27e9d48c7c041d7b5,2022-11,Wiltshire Police,Wiltshire Police,-2.117040,51.357885,On or near Kittyhawk Close,E01032071,Wiltshire 021E,Unable to prosecute suspect
547e61d65ad5f2ee6c183e65e206cb9cc93e9efade4fe084657d9867f7ed8292,2022-11,Wiltshire Police,Wiltshire Police,-2.186737,51.262698,On or near Saxon Close,E01032115,Wiltshire 040A,Unable to prosecute suspect
b7097779f4a3373e73e53e872d24324dcd907763c651c26703d446fec375d8a5,2022-11,Wiltshire Police,Wiltshire Police,-1.796302,51.069154,On or near Minster Street,E01032022,Wiltshire 058C,Suspect charged
bd673f2c85bf9bf6eb6b034824c05700c64a20437f4cca3ba0c633337fd178dc,2022-11,Wiltshire Police,Wiltshire Police,-2.178826,51.203598,On or near Carsons Yard,E01032103,Wiltshire 044A,Unable to prosecute suspect
a4cfefe7cd5e7c5e3b478e4766b97aa56945bbea51de7b1d451b2cd36c846d34,2022-11,Wiltshire Police,Wiltshire Police,-2.129598,51.278412,On or near Bonnie Park,E01032056,Wiltshire 039D,Unable to prosecute suspect
4460b99c62dcc6b09379d14df1832b22a399d58cf54b01e745cecae10fb2498a,2022-11,Wiltshire Police,Wiltshire Police,-1.776707,51.089926,On or near Appleshaw Way,E01031984,Wiltshire 051A,Unable to prosecute suspect
66e543d1874e6abd5e700a6afefc69be205a4e616f1b823ba4297e83ac25339c,2022-11,Wiltshire Police,Wiltshire Police,-1.797687,51.075523,On or near Nelson Road,E01032020,Wiltshire 053C,Unable to prosecute suspect
2c003e4f714d3d8de7c34fe79491c2a4b30fcdd8c8f05cddaeae345fc21e7512,2022-11,Wiltshire Police,Wiltshire Police,-2.206348,51.314835,On or near Orchard Road,E01032093,Wiltshire 035B,Offender given a caution
4e9bab10687ef48060976ddb7b3610a63967146d1dd7bd6e5fb6d895022672c0,2022-11,Wiltshire Police,Wiltshire Police,-1.781643,51.553784,On or near Eastcott Road,E01015497,Swindon 019D,Unable to prosecute suspect
81c5a0f909b7476961e53cd2429b6e3792dc4830616e176de1642faacdade1d0,2022-11,Wiltshire Police,Wiltshire Police,-2.220178,51.317445,On or near St Augustine's Road,E01032085,Wiltshire 031A,Action to be taken by another organisation
e66c5f77d953388ad6f9ff021635d214d26d00c34519f7c38b23f723e74eb299,2022-11,Wiltshire Police,Wiltshire Police,-1.755403,51.589518,On or near Coronel Close,E01015557,Swindon 005C,Unable to prosecute suspect
5634c83e0f98e61b93ea4b1fd8576e8f1d66ecb2f628f29d5b57adfcdf119ad1,2022-11,Wiltshire Police,Wiltshire Police,-2.176718,51.206262,On or near ,E01032108,Wiltshire 042D,Unable to prosecute suspect
9415a47240d71f83e31495ab63c47b2fffb1dfcecd5f5dcb3bd344c524a7a7f4,2022-11,Wiltshire Police,Wiltshire Police,-1.766707,51.334756,On or near Cygnet Place,E01031869,Wiltshire 024B,Unable to prosecute suspect
f39f20a7cc2542ae1ffbdfcc3a5d8f2ea6baadd17e8135db5c3dae2193ccfa0d,2022-11,Wiltshire Police,Wiltshire Police,-1.766636,51.159055,On or near Princess Way,E01031977,Wiltshire 048D,Unable to prosecute suspect
46fdef3d61594431289d191b2240455dadb92ff9da2c8e5b6da0263d4ac2e42a,2022-11,Wiltshire Police,Wiltshire Police,-2.176799,51.328129,On or near Lacock Gardens,E01032080,Wiltshire 030D,Unable to prosecute suspect
878d3b070033f2396f1b0eb12a790b8b3d37ee3cf61bf4a81c18f662dd60d15b,2022-11,Wiltshire Police,Wiltshire Police,-1.788112,51.592566,On or near Rushall Close,E01015546,Swindon 003D,Unable to prosecute suspect
0332debc015c9d887d7da57c0cece49c0f4c61ff22704b591936ecbe3821a5b0,2022-11,Wiltshire Police,Wiltshire Police,-1.901928,51.535351,On or near Draymans Court,E01031967,Wiltshire 006C,Unable to prosecute suspect
b7c5ad07188c22de69826b1306653221ff3cb4bccfbf0d850ef3224eb3867e5b,2022-11,Wiltshire Police,Wiltshire Police,-2.131236,51.365064,On or near Burnet Close,E01032069,Wiltshire 022E,Investigation complete; no suspect identified
8048cf0e06db43460973ca22618b32a84e67cb1cbb21aac1edd3fd9147996959,2022-11,Wiltshire Police,Wiltshire Police,-1.782215,51.579078,On or near Tulip Tree Close,E01015508,Swindon 010A,Action to be taken by another organisation
03f0a33f4506cbf7cf100939769eed349b3e55938598bc357a0319f8ecdf3165,2022-11,Wiltshire Police,Wiltshire Police,-1.729498,51.561893,On or near Verney Close,E01015482,Swindon 013B,Unable to prosecute suspect
e64fad9256be6a4df5cc3e492cd3ad8be522f2f7ed3ca49914ff33e7d1742f33,2022-11,Wiltshire Police,Wiltshire Police,-1.732970,51.543082,On or near Woodbine Terrace,E01015583,Swindon 025A,Unable to prosecute suspect
780796f04407fd71bdc19b776bef3fa8beca8b693467e2c37316e403a9d550af,2022-11,Wiltshire Police,Wiltshire Police,-1.798835,51.067504,On or near Crane Street,E01032022,Wiltshire 058C,Unable to prosecute suspect
85b4895421b30c08dfb1b973ae89d42af4190800882dbcc280aa374888149ae1,2022-11,Wiltshire Police,Wiltshire Police,-1.781643,51.553784,On or near Eastcott Road,E01015497,Swindon 019D,Unable to prosecute suspect
2692acc3a54f57f74d1f227a0b5f3943db76f3efbd40d82a48eea04c3dc18ad1,2022-11,Wiltshire Police,Wiltshire Police,-1.780223,51.585161,On or near Orchid Close,E01015506,Swindon 007A,Investigation complete; no suspect identified
4bd031f9c2a73d3988a018c5886799970858d46829cd6b223aedb36124b61357,2022-11,Wiltshire Police,Wiltshire Police,-2.146312,51.448722,On or near ,E01031906,Wiltshire 010B,Suspect charged
8f2cf7e6dac9311ed895345c21fa5cf412a9657c3948823540a46d6099395ab4,2022-11,Wiltshire Police,Wiltshire Police,-1.661154,51.234168,On or near ,E01031880,Wiltshire 041E,Suspect charged
e5d7efcc8cfde16c40c4dd7c890ecbe261ca5820c681a6966616aa848ff5aa84,2022-11,Wiltshire Police,Wiltshire Police,-1.661154,51.234168,On or near ,E01031880,Wiltshire 041E,Suspect charged
55cc6717d935431485527105acd6b824bbb9489b796c88cdfc63f36eb84b7194,2022-11,Wiltshire Police,Wiltshire Police,-1.781643,51.553784,On or near Eastcott Road,E01015497,Swindon 019D,Unable to prosecute suspect
4c0539ca3b54de4afb5a126a4a738c074f1f793e582731f628ac9fa1bd80b901,2022-11,Wiltshire Police,Wiltshire Police,-1.791093,51.072355,On or near ,E01032014,Wiltshire 056A,Unable to prosecute suspect
0431bc2bd44a90fb64aee6595f5bcfdc7ce7397998225940d3717529858f729c,2022-11,Wiltshire Police,Wiltshire Police,-1.678545,51.227518,On or near Bulford Road,E01031880,Wiltshire 041E,Unable to prosecute suspect
366017159a6280b7d2a46f0cd03ad2a693c19836f935adb849f3e99a5ff058ae,2022-11,Wiltshire Police,Wiltshire Police,-1.759245,51.569924,On or near Marshgate,E01015549,Swindon 009A,Unable to prosecute suspect
950b5775b67488e4d0bbc4b07a985759c8b7ee9da365ea8bf87ca6bbad47c697,2022-11,Wiltshire Police,Wiltshire Police,-1.941315,51.356347,On or near Bystone Lane,E01031844,Wiltshire 034A,Unable to prosecute suspect
1b1fb1bfd7eff22949cd792360526e76493dcbcb808f30682cfe50ec9bba3f63,2022-11,Wiltshire Police,Wiltshire Police,-1.901674,51.546402,On or near Manor House Close,E01031963,Wiltshire 006A,Suspect charged
c2ccd5c620d4e2f4d004113425ada39d4010c4ab055eb1de69ac18007660c38c,2022-11,Wiltshire Police,Wiltshire Police,-1.901928,51.535351,On or near Draymans Court,E01031967,Wiltshire 006C,Suspect charged
687e3876529c126f89cc5496f60e2bc2e4add7d4e8dd816919be804a4e1211ea,2022-11,Wiltshire Police,Wiltshire Police,-1.766498,51.174962,On or near Annetts Close,E01031975,Wiltshire 048B,Suspect charged
1874893a33674e846319cf88cf407a4a3429113e6b4e6ac19573f8d2e8faa0dd,2022-11,Wiltshire Police,Wiltshire Police,-1.788063,51.522370,On or near The Pitchens,E01015587,Swindon 025E,Unable to prosecute suspect
412b7d87c973cde959073e743d87baa275acd9c53d212b52b0e296092413aa34,2022-11,Wiltshire Police,Wiltshire Police,-1.827803,51.083844,On or near Barnards Hill Drive,E01031983,Wiltshire 052D,Unable to prosecute suspect
9dabcecdfc426f2005efe6248ee27283d398b6a0b8244231b96daa0f8ec042e0,2022-11,Wiltshire Police,Wiltshire Police,-2.138282,51.372474,On or near High Street,E01032068,Wiltshire 022D,Unable to prosecute suspect
03bd1f13696072ff7c3803e4691e7d2f5f66bbd7e4346b9515ca6bea1a8a9c64,2022-11,Wiltshire Police,Wiltshire Police,-1.775125,51.550490,On or near Newport Street,E01015534,Swindon 024B,Further action is not in the public interest
09ace0964205111b7fc2c334e54b2b329b96601b2c5549d089ee412b51ab4004,2022-11,Wiltshire Police,Wiltshire Police,-2.138282,51.372474,On or near High Street,E01032068,Wiltshire 022D,Further investigation is not in the public interest
0a16b11ac4d5fab599e717e8bf1f83563215b0e0373addb882ecdd7627ac39f7,2022-11,Wiltshire Police,Wiltshire Police,-2.117947,51.358433,On or near Shackleton Close,E01032071,Wiltshire 021E,Unable to prosecute suspect
b5ce4017ad079bd61129384ad90169a8bb4d07848c3425be302ddd5f52815a75,2022-11,Wiltshire Police,Wiltshire Police,-1.804414,51.294749,On or near Vicarage Lane,E01031882,Wiltshire 038C,Local resolution
8070f994cb8c51289afad154e1ce5d65ce230999cab7989f1e560f71c4d250fc,2022-11,Wiltshire Police,Wiltshire Police,-1.992828,51.352333,On or near Maryport Street,E01031854,Wiltshire 026B,Unable to prosecute suspect
5044c77ba645c836d7993ea5d05d9914e90671689f8036b0cc5c09cda78afd6b,2022-11,Wiltshire Police,Wiltshire Police,-1.806069,51.071526,On or near Windsor Road,E01032003,Wiltshire 055C,Unable to prosecute suspect
1501fa280704b0670e79bd0f86f6d7bd7cfb1c67bbd5447dddc8891d01e10047,2022-11,Wiltshire Police,Wiltshire Police,-1.779047,51.577552,On or near Firethorn Close,E01015508,Swindon 010A,Unable to prosecute suspect
c7fec0a7ad7fa5cdc2c5394cc96aac82931f0d3b6e1add3ca1e3c04fba595c30,2022-11,Wiltshire Police,Wiltshire Police,-2.209645,51.320530,On or near Shopping Area,E01032086,Wiltshire 031B,Local resolution
e68c3c26eb8da7e72c39f5af1ab37f2d51bbc3a8be8d5f6cfef410af25c803b4,2022-11,Wiltshire Police,Wiltshire Police,-2.194097,51.359545,On or near BECKERLEY LANE,E01032057,Wiltshire 021C,Unable to prosecute suspect
f4f8715b7710a01b20b1873008586053efa4bd854c60e356244aa3c5f999cf08,2022-11,Wiltshire Police,Wiltshire Police,-2.000469,51.429059,On or near Sports/Recreation Area,E01031903,Wiltshire 016D,Action to be taken by another organisation
5ba262b61130f5ec01b7a5b74e9ced489c40055b3cd008d54ef7a4ddb1d36246,2022-11,Wiltshire Police,Wiltshire Police,-2.138580,51.371376,On or near Parking Area,E01032068,Wiltshire 022D,Unable to prosecute suspect
3c6f96c38cdb827b31acee71c34e3f49e21563e5bac3fb812e96837b00f0e89a,2022-11,Wiltshire Police,Wiltshire Police,-1.720857,51.415572,On or near WOODSTOCK COURT,E01031861,Wiltshire 019A,Investigation complete; no suspect identified
1e8a9f74af7dbb1aeeff747a631726bf99caa2bf68a694fb19061f89e4a05ac3,2022-11,Wiltshire Police,Wiltshire Police,-1.784955,51.561001,On or near Shopping Area,E01015494,Swindon 019A,Suspect charged
320247c3e9d6e6aea7185d4b40c86cdcbd3af11310712451b1d6e2ac3f4618b7,2022-11,Wiltshire Police,Wiltshire Police,-1.777059,51.591557,On or near PEWSHAM ROAD,E01015544,Swindon 003B,Investigation complete; no suspect identified
bbc181ba2acb20db3b5eea0514b2aa4fb89d465e8cd76fb906880031a5e5a32d,2022-11,Wiltshire Police,Wiltshire Police,-1.771963,51.551212,On or near THE PLANKS,E01015534,Swindon 024B,Investigation complete; no suspect identified
73482e86c757d344acd5d92842ca83bdfc1038dea81457ec5bf566087708f226,2022-11,Wiltshire Police,Wiltshire Police,-2.116635,51.373702,On or near SNARLTON LANE,E01032071,Wiltshire 021E,Unable to prosecute suspect
e1ef4b03133402d44e115002558efb1c185c977a50c56f80dc6be239513b162f,2022-11,Wiltshire Police,Wiltshire Police,-1.761489,51.563069,On or near DOUGLAS ROAD,E01015575,Swindon 016D,Unable to prosecute suspect
89ce818612277fb5741fde26aec92dd04a327405931ccc5e6f81d087f4fc9bff,2022-11,Wiltshire Police,Wiltshire Police,-1.826750,51.605505,On or near FAWLEY CLOSE,E01032713,Swindon 026F,Unable to prosecute suspect
24b88a133cbbe992f8ce84b6b0430d42e7bd08c2fbbda88b781cae4a18f008cd,2022-11,Wiltshire Police,Wiltshire Police,-1.785927,51.572224,On or near ST MARYS GROVE,E01015511,Swindon 010D,Unable to prosecute suspect
46ac33b2ad5afc19f608f1174167c38db5c91d2bd1d302d9f115912ba4869547,2022-11,Wiltshire Police,Wiltshire Police,-1.789182,51.068898,On or near HILL VIEW ROAD,E01032022,Wiltshire 058C,Unable to prosecute suspect
4a45dbdb53f2b995a6a8b96f942f95c16098ad3d92c5249930fabd2c0f77c194,2022-11,Wiltshire Police,Wiltshire Police,-1.633750,50.968809,On or near PINE CLOSE,E01031973,Wiltshire 062A,Investigation complete; no suspect identified
2ff29b786e393d1c799153526688391b986b49383709e2dd572fcfa0c2b9919f,2022-11,Wiltshire Police,Wiltshire Police,-2.190010,51.204839,On or near VICARAGE STREET,E01032114,Wiltshire 044D,Unable to prosecute suspect
c9850b9da1004153b7a32556e7f9f2bcacd166e6cf930bb855bddf4faefb504f,2022-11,Wiltshire Police,Wiltshire Police,-1.727491,51.540606,On or near WATERSIDE WAY,E01015547,Swindon 008C,Unable to prosecute suspect
8bc162618e5cf04ed2ea77b6db13d28f087ff1e2a79b42a515b534c6c2b77338,2022-11,Wiltshire Police,Wiltshire Police,-1.796486,51.069640,On or near MINSTER STREET,E01032014,Wiltshire 056A,Local resolution
6c0ed179c0612ecf07b98157514a8d0e5255ab058294c5153493e9544b6ac7ba,2022-11,Wiltshire Police,Wiltshire Police,-2.114952,51.458530,On or near CHAPEL LANE,E01031912,Wiltshire 011B,Investigation complete; no suspect identified
8873179eb3c5820adefc7d395417fc1f18ed73b2041788325a16de0904fc3f3e,2022-11,Wiltshire Police,Wiltshire Police,-1.778452,51.548545,On or near SPRINGFIELD ROAD,E01015534,Swindon 024B,Investigation complete; no suspect identified
d23addae70edbd3b36ee3317945e35d8deaf0cca1d296a011a2446dcb2aa9a98,2022-11,Wiltshire Police,Wiltshire Police,-2.120946,51.379515,On or near BREAM CLOSE,E01032074,Wiltshire 020E,Unable to prosecute suspect
3431c777eb0c0102e4f0515d40c92bed78052658b1d4c7d16ca1b43337cd0308,2022-11,Wiltshire Police,Wiltshire Police,-1.894704,51.548302,On or near SWINBURNE PLACE,E01031965,Wiltshire 007F,Unable to prosecute suspect
c510975d7add1d6b10c02034f92cb29a5538a5a8294d685f0d374e3bf7e5cd07,2022-11,Wiltshire Police,Wiltshire Police,-2.163722,51.202828,On or near WOODCOCK ROAD,E01032108,Wiltshire 042D,Action to be taken by another organisation
73ad21c6af171cdca50c445e1a1c5cff84fc4e4f17ea9ab0fc4b409b362033f0,2022-11,Wiltshire Police,Wiltshire Police,-2.199759,51.357045,On or near THE ELMS,E01032058,Wiltshire 023A,Unable to prosecute suspect
7f24620346175b370a8651c028649331639374277e350528ab5eaf711d008e87,2022-11,Wiltshire Police,Wiltshire Police,-1.666138,51.246034,On or near SIDBURY HILL AVENUE,E01032698,Wiltshire 041H,Unable to prosecute suspect
a919ca905c4f46fd84159fe7e69e5b3e8a81e026cc03abd9f0b39dfd41d6f8b3,2022-11,Wiltshire Police,Wiltshire Police,-2.174230,51.263886,On or near CHEYNEY WALK,E01032121,Wiltshire 039E,Unable to prosecute suspect
6060d3bfe29b27ddc8c3aed1a4902a6348ed4c2e401b9034a89440834dd40c5d,2022-11,Wiltshire Police,Wiltshire Police,-1.767424,51.544864,On or near BRUDDEL GROVE,E01015533,Swindon 024A,Unable to prosecute suspect
d6bade6141be4cea9ed2c21d4a0b2b1f32c4eb42542d014d44544b4b60d4bf6a,2022-11,Wiltshire Police,Wiltshire Police,-1.745629,51.556328,On or near REDRUTH CLOSE,E01015537,Swindon 020A,Unable to prosecute suspect
e419d3347af35d507c734aca6b16e9e31b9d06c82b925518acdd1f7604c8d5ae,2022-11,Wiltshire Police,Wiltshire Police,-1.777271,51.574833,On or near CRICKLADE ROAD,E01015509,Swindon 010B,Unable to prosecute suspect
7cbda082f12bf284fe3299235d427929f29e1452a71df173faebdaa9eb64342d,2022-11,Wiltshire Police,Wiltshire Police,-1.728688,51.564796,On or near FOXBRIDGE,E01015482,Swindon 013B,Unable to prosecute suspect
042ea561e1572b118f612e17ebaf23de31c8e8c06a4533246bf0d447786a372b,2022-11,Wiltshire Police,Wiltshire Police,-1.758316,51.543847,On or near MARLBOROUGH ROAD,E01015535,Swindon 024C,Unable to prosecute suspect
c9f701ed5bc2c76dcd5fa14872a5f99f5553327a2e7d4237a6156d7403aeb0fe,2022-11,Wiltshire Police,Wiltshire Police,-1.960865,51.367460,On or near WELLINGTON DRIVE,E01031844,Wiltshire 034A,Unable to prosecute suspect
d5829dd82be593a0afa0d3ef9a06786f83a044ce67170b6fe14530d2a6244644,2022-11,Wiltshire Police,Wiltshire Police,-1.640346,50.955530,On or near FOREST ROAD,E01031973,Wiltshire 062A,Investigation complete; no suspect identified
8014e61ad93e6211ef88d33d82b574fb4625ce98e79ee34e01caf0337468e672,2022-11,Wiltshire Police,Wiltshire Police,-1.798274,51.566590,On or near BARNUM COURT,E01015578,Swindon 012B,Unable to prosecute suspect
0de026063ad9071caa90201946f2063eb1d4872971e969bcde693e23c34c0594,2022-11,Wiltshire Police,Wiltshire Police,-1.848134,51.553700,On or near CLINTON CLOSE,E01015499,Swindon 018A,Unable to prosecute suspect
a1432f6c7df838aaf858b7a04b46a309aa5195633ffaa3b955bc70c5a0be7835,2022-11,Wiltshire Police,Wiltshire Police,-1.763168,51.163292,On or near POUNCETTE CLOSE,E01031976,Wiltshire 048C,Unable to prosecute suspect
643340a28eec4b9bbe09d450a77df87f1a7ec71eaee8fab75053dfe193a6b234,2022-11,Wiltshire Police,Wiltshire Police,-2.138661,51.464286,On or near LAMBERTS,E01031908,Wiltshire 010C,Unable to prosecute suspect
311bd667291f35b7607ff8d133ec7f7aa7e7ec23183e65e1114970b7027e4a0d,2022-11,Wiltshire Police,Wiltshire Police,-1.786799,51.561544,On or near QUEEN STREET,E01015476,Swindon 015B,Suspect charged
147c9d17f56b694e2f2f7a24099751c9eafe9455d0c5cc58c8836d1a17cdbcf2,2022-11,Wiltshire Police,Wiltshire Police,-1.831889,51.079263,On or near PULLMAN DRIVE,E01031983,Wiltshire 052D,Investigation complete; no suspect identified
0bec512ead3bfa8444ad8613ee54754aa87a71d3074075c3ea531f6510d02689,2022-11,Wiltshire Police,Wiltshire Police,-1.720719,51.414682,On or near HERTFORD ROAD,E01031861,Wiltshire 019A,Unable to prosecute suspect
6f0c43aef204e99ca80f26c9b1ea97d9b3ee53c0dbc4efbbb2e4b3a0590dce07,2022-11,Wiltshire Police,Wiltshire Police,-1.783661,51.572382,On or near KITCHENER STREET,E01015511,Swindon 010D,Unable to prosecute suspect
3e2852f62073764efadfc3aca15dab4911fbfe3110d9dbc9993e0be059bda84d,2022-11,Wiltshire Police,Wiltshire Police,-1.831889,51.079263,On or near PULLMAN DRIVE,E01031983,Wiltshire 052D,Investigation complete; no suspect identified
095e6c35dacea7159bf8d6291f7f90e9cfefe77c9f845c93a090b48f8eb10f71,2022-11,Wiltshire Police,Wiltshire Police,-2.214558,51.247760,On or near WHITECROFT,E01032054,Wiltshire 039B,Suspect charged
b5cf0a5a39cf687095077e4832db66020b6de7bdade85c3cb6e519c80360ce7c,2022-11,Wiltshire Police,Wiltshire Police,-1.729730,51.417850,On or near FIGGINS LANE,E01031865,Wiltshire 019E,Investigation complete; no suspect identified
3a2b9ea0cd2541d8ad0d64a8f678d2aa344898213158328ef7c4940fce6b39fb,2022-11,Wiltshire Police,Wiltshire Police,-1.780486,51.548477,On or near QUARRY MEWS,E01015534,Swindon 024B,Investigation complete; no suspect identified
d79cfe7dfcd68bf9bfd71efc7b1f04efe6a3a4603b5ded86f340eeb98618e857,2022-11,Wiltshire Police,Wiltshire Police,-2.186406,51.431886,On or near Shopping Area,E01031952,Wiltshire 018F,Unable to prosecute suspect
68adc38baea621acf46ba13a6f9662c5874860e8b671a46602e645fd04955157,2022-11,Wiltshire Police,Wiltshire Police,-1.757983,50.992242,On or near THE HEADLANDS,E01031995,Wiltshire 062E,Unable to prosecute suspect
60030473c9368be139529c3448e174ca40a8b9cf8f9293b44aeff06cbd4bff31,2022-11,Wiltshire Police,Wiltshire Police,-2.130400,51.268178,On or near CASTLE ROAD,E01032055,Wiltshire 039C,Investigation complete; no suspect identified
9bdd1124a5e2997a83eaae84774c6ad345d1e48bb64d9930117318ebdc60c699,2022-11,Wiltshire Police,Wiltshire Police,-2.184355,51.258251,On or near Petrol Station,E01032119,Wiltshire 040E,Unable to prosecute suspect
a8b4e95aa967ea54176c817dd42a153797f75093073356810df848c172cd87c2,2022-11,Wiltshire Police,Wiltshire Police,-2.210840,51.318217,On or near BYTHESEA ROAD,E01032086,Wiltshire 031B,Suspect charged
0f927caa93eee2abb084a22c75304a9724a87111a194a39d026c80a524c68005,2022-11,Wiltshire Police,Wiltshire Police,-2.215593,51.312903,On or near SLEIGHTHOLME COURT,E01032094,Wiltshire 035C,Unable to prosecute suspect
3b63b0b7ab047c197e2d363205c27ee16bb55fe257b543f88bc05909b0aa3004,2022-11,Wiltshire Police,Wiltshire Police,-1.797708,51.557679,On or near COURTSKNAP COURT,E01015477,Swindon 015C,Suspect charged
96015a8a17bf254e4548b321ba45e74e41214ec3522c87156fbe7b1149696d50,2022-11,Wiltshire Police,Wiltshire Police,-1.986273,51.081128,On or near Catherine Crescent,E01032004,Wiltshire 054B,Unable to prosecute suspect
d08152cb463dd6bf3b4f04c854c5019d9d573eda430194529ada15876430ae16,2022-11,Wiltshire Police,Wiltshire Police,-2.185367,51.320958,On or near Cornbrash Rise,E01032099,Wiltshire 032A,Unable to prosecute suspect
ce38892e10c4fabc10130b75509be7edd53d20cc4101f2daace1a8ddeebf35ae,2022-11,Wiltshire Police,Wiltshire Police,-1.754246,51.552561,On or near Knowsley Road,E01015542,Swindon 020E,Unable to prosecute suspect
51c0443a0de079e21363d9df4d05ebaa303607aedcc93199b83e4e6df43248a4,2022-11,Wiltshire Police,Wiltshire Police,-1.794694,51.071327,On or near Endless Street,E01032014,Wiltshire 056A,Unable to prosecute suspect
52c6adea4fb7b57dd261a2a8d1019803daa6d4c8c35541491bc0c7a874830f60,2022-11,Wiltshire Police,Wiltshire Police,-1.743718,51.560091,On or near Shoscombe Green,E01015537,Swindon 020A,Unable to prosecute suspect
a3be82f1e89bd62409cecc1dc128e193ca434456fd7c0bae19355794c7aa8b2f,2022-11,Wiltshire Police,Wiltshire Police,-2.131648,51.458666,On or near Sheldon Road,E01031926,Wiltshire 010F,Unable to prosecute suspect
2742f5b5f05032cbaff361d307e1d1b9adab56a5379fdd5904447959419f5819,2022-11,Wiltshire Police,Wiltshire Police,-1.767257,51.166241,On or near Evergreen Way,E01031976,Wiltshire 048C,Investigation complete; no suspect identified
f75e688857f13a39932e95b079354392f5edf013f52574eac65aa5b3544dea2d,2022-11,Wiltshire Police,Wiltshire Police,-1.763178,51.582260,On or near Dave Watkins Court,E01015558,Swindon 005D,Unable to prosecute suspect
ec7cee9e70c1a3ef39fa94b6a390c8ef8d7143514e9b57a69d7c3bd88d2bce1e,2022-11,Wiltshire Police,Wiltshire Police,-1.827820,51.578308,On or near Portmore Close,E01015562,Swindon 011A,Investigation complete; no suspect identified
7d3f71ef4fb26527f5f99af86ea187b6f7ca01415fcd24da1c73f4342e6ac622,2022-11,Wiltshire Police,Wiltshire Police,-2.104355,51.450682,On or near Derby Close,E01031916,Wiltshire 014A,Unable to prosecute suspect
21f77854d44e932e9116565ca57ac0f26aee2d4216ce7b8d01d2e6ce3dbd3e42,2022-11,Wiltshire Police,Wiltshire Police,-1.812388,51.583086,On or near Edith New Close,E01015528,Swindon 006B,Unable to prosecute suspect
9608e96abb0402263cfdd42239a4470b78b4bffd743ee6933685bea635b0452c,2022-11,Wiltshire Police,Wiltshire Police,-1.776111,51.552443,On or near Wood Street,E01015534,Swindon 024B,Suspect charged
1ea63e8e398f4cf0f73c1fc80d837ccb787e722809b7582ce1686b7616373b17,2022-11,Wiltshire Police,Wiltshire Police,-1.830767,51.561786,On or near Carronbridge Road,E01015561,Swindon 014A,Unable to prosecute suspect
57af041a21c179aab7abcd1a5b29c1deb6879e96a7320e6f02c54724940bfc1a,2022-11,Wiltshire Police,Wiltshire Police,-1.770004,51.166094,On or near Barnard Field,E01031977,Wiltshire 048D,Unable to prosecute suspect
3b3eb427a50c024e9a89ad0cde684b6f5d022c08fbe50604f97d96ec38b89c61,2022-11,Wiltshire Police,Wiltshire Police,-1.746932,51.547492,On or near Purley Avenue,E01015539,Swindon 020B,Investigation complete; no suspect identified
d32c483050ec9e21519f47f3857e20a049e2d4e57124d9038fee609733db600a,2022-11,Wiltshire Police,Wiltshire Police,-1.788112,51.592566,On or near Rushall Close,E01015546,Swindon 003D,Unable to prosecute suspect
0954d3d231552cba2dc32af45fcb6cf417a52b3d9482e6879e5a2be00650aca9,2022-11,Wiltshire Police,Wiltshire Police,-1.777961,51.578431,On or near Wilcox Close,E01015508,Swindon 010A,Action to be taken by another organisation
504e531cf0527ed5c48196cf777c71b7de24ad107e2fe8b206f932ac158e3e1d,2022-11,Wiltshire Police,Wiltshire Police,-2.038754,51.474001,On or near ,E01031891,Wiltshire 013A,Unable to prosecute suspect
463932116da0fd9a55208e273d2525eaae861d4263597373fe11453e98bda6af,2022-11,Wiltshire Police,Wiltshire Police,-1.780580,51.591914,On or near Corsham Road,E01015544,Swindon 003B,Unable to prosecute suspect
611ca9e251e1159724b70cf57ea8e5cfc68fde98d96a86bf5c93ac1f33153169,2022-11,Wiltshire Police,Wiltshire Police,-1.827820,51.578308,On or near Portmore Close,E01015562,Swindon 011A,Further investigation is not in the public interest
d2d9fe6e128cf5f5e04993ffb51072c3eead455d63c3ff0971644823c97d7377,2022-11,Wiltshire Police,Wiltshire Police,-1.724256,51.529368,On or near Day House Lane,E01015547,Swindon 008C,Unable to prosecute suspect
f5ae8e2e3c9419d893088c4e06c6b7dccc72bae3eef78848e3dffca7da246100,2022-11,Wiltshire Police,Wiltshire Police,-1.891134,51.168975,On or near High Street,E01032026,Wiltshire 045D,Unable to prosecute suspect
5142e97ab77ee13e6007a5a2d05290ee33a3fa89ffb949a5fabaecd4f47ac33d,2022-11,Wiltshire Police,Wiltshire Police,-1.834947,51.558744,On or near Tyburn Close,E01015505,Swindon 018D,Unable to prosecute suspect
b74c441618aa74fdcecf5233e36d767337fa8abc686f13e2ce4469a0a233551a,2022-11,Wiltshire Police,Wiltshire Police,-1.706186,51.638147,On or near Knowlands,E01015522,Swindon 001D,Action to be taken by another organisation
10a5db195c316ff214ff2dcfdf871553191a817b144dd11f83236212ae0b342e,2022-11,Wiltshire Police,Wiltshire Police,-1.990790,51.350220,On or near Hare And Hounds Street,E01031856,Wiltshire 026D,Investigation complete; no suspect identified
9da4144081fa739e9cd9678222be48e3eb704ed303e72392246b8077a4133500,2022-11,Wiltshire Police,Wiltshire Police,-1.871985,51.586241,On or near The Peak,E01031956,Wiltshire 003C,Action to be taken by another organisation
89cd0616a015460832e72b79ca4d90ac6e62ff4dde490961e6b6378b9a8a49f2,2022-11,Wiltshire Police,Wiltshire Police,-1.983657,51.338116,On or near ,E01031855,Wiltshire 026C,Unable to prosecute suspect
372ffc1cb42cdde0217b74730f651d0507397982acaa85f2dc8170cc3403bc8f,2022-11,Wiltshire Police,Wiltshire Police,-1.983657,51.338116,On or near ,E01031855,Wiltshire 026C,Unable to prosecute suspect
1a9afe4bfc85bbf8eacb1a0cc649af71afa745df8d02226322d1f3d8c275dd2c,2022-11,Wiltshire Police,Wiltshire Police,-1.798637,51.582461,On or near ,E01015529,Swindon 006C,Unable to prosecute suspect
0f56ba7eecdd354a262bf1d8b93642b8f2717ab099e232b9cc77f05d0c428c7c,2022-11,Wiltshire Police,Wiltshire Police,-1.714241,51.468841,On or near Liddiards Green,E01031868,Wiltshire 012B,Unable to prosecute suspect
caa700ee202707fb9ea776f33704682da0e01ebbfbcafd3bc59a7f0760f01c44,2022-11,Wiltshire Police,Wiltshire Police,-1.767183,51.158256,On or near Harrow Way,E01031977,Wiltshire 048D,Unable to prosecute suspect
c859a9bd2d6eeba9d6f3db0ff77d81bab9bf531eedaf9321d5a232ec29d0e144,2022-11,Wiltshire Police,Wiltshire Police,-1.708835,51.635159,On or near Turnpike Road,E01015519,Swindon 001A,Unable to prosecute suspect
df29e2d3067d0a4b1392b8cc9e209d27e5036b8984c52f1ed1097e07c26c20ac,2022-11,Wiltshire Police,Wiltshire Police,-1.995980,51.440325,On or near Page Close,E01031902,Wiltshire 016C,Unable to prosecute suspect
df4b3668e13737a39419e3bb0ad11e92721b999bc6d4fe4ae5e513afbc0881fb,2022-11,Wiltshire Police,Wiltshire Police,-2.259403,51.293734,On or near Poplar Tree Lane,E01032083,Wiltshire 037B,Unable to prosecute suspect
6fd23debeb4df032b310912096b998a6288fbbfc6c662fdc4b87d66636bb0963,2022-11,Wiltshire Police,Wiltshire Police,-2.101440,51.589341,On or near ,E01031948,Wiltshire 002C,Suspect charged
f687a691b37a2c5be6392d9839374eb72046eaf9695dc14dc0232292a7f612c0,2022-11,Wiltshire Police,Wiltshire Police,-1.777961,51.578431,On or near Wilcox Close,E01015508,Swindon 010A,Unable to prosecute suspect
3960450d1e3a0fdf4c159dd50824ea65889a08f687a2061b41922eab94f2f06a,2022-11,Wiltshire Police,Wiltshire Police,-1.809358,51.059072,On or near ,E01032008,Wiltshire 058A,Unable to prosecute suspect
d7455e0b32e0fd4a66826a4d94ac6cbf73f189b4844caa2d7ff073a644cf7133,2022-11,Wiltshire Police,Wiltshire Police,-1.973457,51.005521,On or near ,E01031990,Wiltshire 054A,Unable to prosecute suspect
37234b43130f097b2f6717affa59ba42a3f76e621381dc776816b22514b7acdf,2022-11,Wiltshire Police,Wiltshire Police,-2.009303,51.439534,On or near Curzon Close,E01031900,Wiltshire 016A,Unable to prosecute suspect
1eaf4b2bfdd2fffb5a561ea534d6c0687f93f98d43d3c630ec6921ae2d530f12,2022-11,Wiltshire Police,Wiltshire Police,-1.779352,51.595140,On or near Warminster Avenue,E01015545,Swindon 003C,Unable to prosecute suspect
d8cda29e8d7fb8622fb4919d997f0486d38e9a1ac144b34491a522b9b72983ad,2022-11,Wiltshire Police,Wiltshire Police,-2.183674,51.260095,On or near ,E01032119,Wiltshire 040E,Unable to prosecute suspect
051844027695b7dc6cba5c64e2f08707eaff9170e4dfdf18913d80ee7efdafae,2022-11,Wiltshire Police,Wiltshire Police,-1.619827,51.257357,On or near Deweys Lane,E01031859,Wiltshire 041A,Unable to prosecute suspect
abde4d59171770ed3411501941f9e784f3da656a52acd1176d1a77c6dc8b5989,2022-11,Wiltshire Police,Wiltshire Police,-2.094020,51.449135,On or near The Turnpike,E01031922,Wiltshire 014C,Unable to prosecute suspect
5572d436dcaf6c6c571a4010ef8124f79b974d3e9f300dc8da5f1482a8976a82,2022-11,Wiltshire Police,Wiltshire Police,-2.184823,51.431799,On or near ,E01031952,Wiltshire 018F,Unable to prosecute suspect
65d897de9e5e23d94a416678989c24ba7bc055ec57287dcf45cf8bc5bb1860c0,2022-11,Wiltshire Police,Wiltshire Police,-2.143118,51.384526,On or near Beanacre Road,E01032063,Wiltshire 020A,Unable to prosecute suspect
5f001b75a5cb201ac55294fd2bc491805c082fc1937863922f024a844d8260f4,2022-11,Wiltshire Police,Wiltshire Police,-1.775270,51.091775,On or near Holmes Road,E01031984,Wiltshire 051A,Unable to prosecute suspect
1ee8cdf2ad371c12879c67852b4352a2ee18158c5facb37cbe6de27342ec4c39,2022-11,Wiltshire Police,Wiltshire Police,-2.180219,51.204710,On or near Market Place,E01032103,Wiltshire 044A,Unable to prosecute suspect
0878c1c9328daf87092b5284c7a4ad0e57a0655ed4dea18069711a74f5a94e65,2022-11,Wiltshire Police,Wiltshire Police,-1.764134,51.564782,On or near ,E01015479,Swindon 017A,Investigation complete; no suspect identified
2ae53f7bb14e55106c4a0d9277c71dea9576e949f08de51c940f5e39c6b14cd2,2022-11,Wiltshire Police,Wiltshire Police,-1.647674,51.408713,On or near ,E01031843,Wiltshire 029A,Investigation complete; no suspect identified
5bcfb392fc6bd77d5f823ec1705e9fceec792f3d2f5d66046af0e56a380e09dd,2022-11,Wiltshire Police,Wiltshire Police,-2.178769,51.270093,On or near Berengaria Close,E01032116,Wiltshire 040B,Unable to prosecute suspect
2f868058359014b30c9216567e4685329592c35e3bc2b3d9bb46c3ad3d78b7fe,2022-11,Wiltshire Police,Wiltshire Police,-2.040241,51.283342,On or near Victoria Park,E01031848,Wiltshire 028C,Unable to prosecute suspect
97a586d0c3479742424d4b30cd90780537f208dee4813032d37939aa01853eb6,2022-11,Wiltshire Police,Wiltshire Police,-1.789758,51.586167,On or near Kennet Avenue,E01015517,Swindon 004E,Action to be taken by another organisation
e17238203a2151ff26466029490caa52711a70a81f92e63ebb4e6cf6f014425c,2022-11,Wiltshire Police,Wiltshire Police,-2.178769,51.270093,On or near Berengaria Close,E01032116,Wiltshire 040B,Unable to prosecute suspect
b7bdcab379e9919e4fdf381879fe97e6457aebdc2dd3738e6b7699bd9a192a8f,2022-11,Wiltshire Police,Wiltshire Police,-2.209415,51.320414,On or near ,E01032086,Wiltshire 031B,Unable to prosecute suspect
f2f06eeb5d13fd7c0ce53afb798cb05d2b4d342f6267629c255584f71bf2d887,2022-11,Wiltshire Police,Wiltshire Police,-1.855353,51.473955,On or near St Katherines,E01031884,Wiltshire 012E,Unable to prosecute suspect
906e67aeb7b460093d2b8f43bee8ee9009549089e3d63196a90fa44d3e734dde,2022-11,Wiltshire Police,Wiltshire Police,-1.664912,51.528836,On or near The Gallops,E01015547,Swindon 008C,Unable to prosecute suspect
04123ddd4c9c42ea1e30e1ee2d49e2640eda5e1f7a6c739ab911cf201cc1baae,2022-11,Wiltshire Police,Wiltshire Police,-1.894747,51.548329,On or near Swinburne Place,E01031965,Wiltshire 007F,Unable to prosecute suspect
55345fc76bae80cf5c25f1b121c774698751cf436fc88bcc10ff0cab2d720206,2022-11,Wiltshire Police,Wiltshire Police,-1.839630,51.556143,On or near Holinshed Mews,E01015505,Swindon 018D,Action to be taken by another organisation
43a222f2b086d865d9ebd20e2d50026d85793832138810324bd3fc0c24f4c650,2022-11,Wiltshire Police,Wiltshire Police,-2.002857,51.434651,On or near South Place,E01031900,Wiltshire 016A,Unable to prosecute suspect
550d18a03336fee7fdce1a211044f51090a0b16f294dbaf9254ef649bb9b37df,2022-11,Wiltshire Police,Wiltshire Police,-1.836356,51.552146,On or near Crawford Close,E01015502,Swindon 022B,Unable to prosecute suspect
6dc470f7ae9c9343421170c673712bd7dfa3b984e96363c2538ba748db921a87,2022-11,Wiltshire Police,Wiltshire Police,-1.784240,51.596282,On or near Amesbury Close,E01015545,Swindon 003C,Unable to prosecute suspect
37063852fb5944ac104c4402ea77ae89a141992cdf08d51dfed3dddb5ccdf838,2022-11,Wiltshire Police,Wiltshire Police,-1.782893,51.223343,On or near High Street,E01032696,Wiltshire 045F,Action to be taken by another organisation
d999ad1d3c5f0b8186fab9299b4cd565b73843ac649352335c8b63993feb4a5f,2022-11,Wiltshire Police,Wiltshire Police,-1.840293,51.581041,On or near Newmans View,E01031954,Wiltshire 003A,Unable to prosecute suspect
2a7ee858fe6f76f012c5cce9b7ec203afa5846e1c907a2a0c3d76b3351fcf655,2022-11,Wiltshire Police,Wiltshire Police,-1.781431,51.558845,On or near Regent Circus,E01032714,Swindon 019E,Investigation complete; no suspect identified
d12cfbc021c104382f2bcbe53e5e103f8eceb1ee5a966d8f7ef9eeac3b2c9333,2022-11,Wiltshire Police,Wiltshire Police,-1.894747,51.548329,On or near Swinburne Place,E01031965,Wiltshire 007F,Unable to prosecute suspect
3ac8346711396804e22a648a54e139b5c0e7b8f8fb52ec7199d59f51672cc4ab,2022-11,Wiltshire Police,Wiltshire Police,-2.205775,51.318280,On or near St Stephen's Place,E01032101,Wiltshire 032C,Investigation complete; no suspect identified
9e5915e147ebd6af664d8a891d573f977ac403a98c57fd335806c39c9ed3f5a4,2022-11,Wiltshire Police,Wiltshire Police,-1.770886,51.167075,On or near Robbins Ridge,E01031979,Wiltshire 048F,Unable to prosecute suspect
cbaa9a382037ac923ed61bfa17082745e930dd0b7425b18e6406abce786c4b76,2022-11,Wiltshire Police,Wiltshire Police,-2.138343,51.459296,On or near Weavern Court,E01031908,Wiltshire 010C,Unable to prosecute suspect
f160ccaabde6a71ad97808872461b8a2879b9145bfa4298d9c473b962ab1f2db,2022-11,Wiltshire Police,Wiltshire Police,-1.840293,51.581041,On or near Newmans View,E01031954,Wiltshire 003A,Unable to prosecute suspect
987cbcee1c6828afc03aee1a06c6341cbcaca10aa6a66817ac58e20fb2e8107e,2022-11,Wiltshire Police,Wiltshire Police,-1.784240,51.596282,On or near Amesbury Close,E01015545,Swindon 003C,Unable to prosecute suspect
d63fcac38c9fb0349feb4d9a2768337a00abb497d81a7728c99c55eb2db53b7f,2022-11,Wiltshire Police,Wiltshire Police,-2.154856,51.341440,On or near St Georges Place,E01032077,Wiltshire 030A,Unable to prosecute suspect
2582061b687757832c502eddaab20a29dc997a7bb3bde6d31be75b56217260c9,2022-11,Wiltshire Police,Wiltshire Police,-1.832664,51.548122,On or near Lambert Close,E01015501,Swindon 022A,Unable to prosecute suspect
4ea582b6d3ea7223d8e862bf12909f770ddbabc9ef260d31ff095d545683e0d3,2022-11,Wiltshire Police,Wiltshire Police,-2.093560,51.505926,On or near ,E01031939,Wiltshire 008A,Unable to prosecute suspect
1e6a515a434b85e71244a19e8a29bea9ffb3660a47e48b98364e890255eee4ec,2022-11,Wiltshire Police,Wiltshire Police,-2.114852,51.458611,On or near Chapel Lane,E01031912,Wiltshire 011B,Unable to prosecute suspect
24f5440c0af576d492f12a9632578ea76c89f9298f75924db12f3920c45b785a,2022-11,Wiltshire Police,Wiltshire Police,-1.762545,51.571517,On or near ,E01015479,Swindon 017A,Unable to prosecute suspect
bac6e54b9d51aa3e42cde6745cacf31d37bff8a014c761d4590f6056b26bb6b8,2022-11,Wiltshire Police,Wiltshire Police,-1.762545,51.571517,On or near ,E01015479,Swindon 017A,Unable to prosecute suspect
68c676cb14bb428d0baeabd8286e010effaada5e96570037fa36cf4866b4d795,2022-11,Wiltshire Police,Wiltshire Police,-1.619353,51.254065,On or near Lady Jane Walk,E01031878,Wiltshire 041C,Suspect charged
adffc42f45ac0346b921e91e58c34445eedcc08b4d49443b010b31e69f05f9ba,2022-11,Wiltshire Police,Wiltshire Police,-1.803961,51.582829,On or near Lewisham Close,E01015530,Swindon 006D,Unable to prosecute suspect
dfa79863d987bb7419fb27eaaa0d470d0bff6e424189dc7d50cbe1a844628a9d,2022-11,Wiltshire Police,Wiltshire Police,-1.783872,51.530707,On or near Bedford Street,E01015585,Swindon 025C,Unable to prosecute suspect
cf9093d0695873dfda2457d3e67194e43f2c4625047f5d14a953e7f4f8bd629f,2022-11,Wiltshire Police,Wiltshire Police,-1.783492,51.595777,On or near Odstock Road,E01015545,Swindon 003C,Unable to prosecute suspect
574f024ce251a0737dc49ac491caaa0a196fc250edd8bc06944c50e021da704e,2022-11,Wiltshire Police,Wiltshire Police,-1.995686,51.353439,On or near Snuff Street,E01031854,Wiltshire 026B,Unable to prosecute suspect
6d3547158fdc41e6c1c3052430f4432413a65868fb712140174a45d35f050886,2022-11,Wiltshire Police,Wiltshire Police,-2.040262,51.388536,On or near Devizes Road,E01031846,Wiltshire 028B,Unable to prosecute suspect
e85e866caf94f7341e9135a7e842e1da1df54e8b60df83545767f5988bd726f6,2022-11,Wiltshire Police,Wiltshire Police,-1.775544,51.559293,On or near ,E01015493,Swindon 017B,Unable to prosecute suspect
e329132e198e6b2db5e56672dbd602ff74272e5cb1f27a9e0e0b0183c9fae2f3,2022-11,Wiltshire Police,Wiltshire Police,-2.116515,51.461748,On or near ,E01031912,Wiltshire 011B,Offender given a caution
f7a5b9362c408b8fecd716753142756d5a048850ef7619d5eb5ddaed4e24635f,2022-11,Wiltshire Police,Wiltshire Police,-1.764842,51.589807,On or near ,E01015559,Swindon 005E,Unable to prosecute suspect
0a1e41ea6866d46f9785fd85c2944132fc14d25df04108323d88f212ef115d89,2022-11,Wiltshire Police,Wiltshire Police,-1.983657,51.338116,On or near ,E01031855,Wiltshire 026C,Action to be taken by another organisation
7e4208e8524a7abed5e29478872a41c7f6d5e99f44d26c9359a7fc463faab93f,2022-11,Wiltshire Police,Wiltshire Police,-1.800594,51.557369,On or near Newburn Crescent,E01015478,Swindon 021A,Unable to prosecute suspect
323e034882239f5e05336c6d7ce183e082f964eee04cbdcb435eb10385fbe204,2022-11,Wiltshire Police,Wiltshire Police,-1.768357,51.160893,On or near Hambrook Court,E01031977,Wiltshire 048D,Unable to prosecute suspect
40c0cc2b864dd65db5f25ada092438b32c41557080b7c22d4d30e24333b57976,2022-11,Wiltshire Police,Wiltshire Police,-1.787622,51.511823,On or near Thorney Park,E01015583,Swindon 025A,Unable to prosecute suspect
95e3a0ad054f9671913e25a6083e59e71fe23f138a6214ed67e5842807e9d3f7,2022-11,Wiltshire Police,Wiltshire Police,-1.787622,51.511823,On or near Thorney Park,E01015583,Swindon 025A,Unable to prosecute suspect
9f2f9c3e265203fe936642173dfb90384d66e2bfac456ad2032f5ad2191c950b,2022-11,Wiltshire Police,Wiltshire Police,-1.894747,51.548329,On or near Swinburne Place,E01031965,Wiltshire 007F,Unable to prosecute suspect
7bb44c9af85f77546e861743b3d7df6114cdadc28c7ef1452c1b42b3fb2e5ab3,2022-11,Wiltshire Police,Wiltshire Police,-2.204333,51.432747,On or near Chestnut Grange,E01031953,Wiltshire 018G,Unable to prosecute suspect
f55610112b8d9e2893c40879a7d984ba76860fd96f883da9c9cfa7ed70306771,2022-11,Wiltshire Police,Wiltshire Police,-1.822997,51.597740,On or near Friday Street,E01032703,Swindon 026C,Unable to prosecute suspect
fdab3155ecde371f32df42fbc1f5fb2960b892b39007480e83253842d47d4169,2022-11,Wiltshire Police,Wiltshire Police,-1.957505,51.506252,On or near Sycamore Close,E01031944,Wiltshire 007B,Unable to prosecute suspect
7c981a0dc8889ff47889f3a3da5c7ea66c2ba580fba4be17392135c53b1fd9b3,2022-11,Wiltshire Police,Wiltshire Police,-1.786886,51.561517,On or near Queen Street,E01015476,Swindon 015B,Unable to prosecute suspect
296d7d4dde60eeb6a20cde6d8b16142cc28e407f0bda1ec1c59fb59bb3ec8401,2022-11,Wiltshire Police,Wiltshire Police,-1.957505,51.506252,On or near Sycamore Close,E01031944,Wiltshire 007B,Unable to prosecute suspect
a74430d24911f2e84daed924e01d631001465ebbea913aaa6cecaec4fc628e2b,2022-11,Wiltshire Police,Wiltshire Police,-1.786886,51.561517,On or near Queen Street,E01015476,Swindon 015B,Unable to prosecute suspect
b8f1d8c978f408c7d09d26ef147794466c60cefdebd2a8711e70e573d0b67f97,2022-11,Wiltshire Police,Wiltshire Police,-1.774559,51.565837,On or near County Road,E01015475,Swindon 015A,Investigation complete; no suspect identified
718ddba0adc0b3c5260a89841c58d3d79c1a6735ae5aea5a198c6e638d8a93de,2022-11,Wiltshire Police,Wiltshire Police,-1.776541,51.553028,On or near Albert Street,E01032715,Swindon 019F,Unable to prosecute suspect
289254b440bea878b7d082a9d36b1f99a6f01fb2ad9f249142aeaf1229fbe69a,2022-11,Wiltshire Police,Wiltshire Police,-1.727200,51.538528,On or near ,E01015547,Swindon 008C,Unable to prosecute suspect
df6a6666b2d4ba3923d088fd9139d6582d4722afdaa26e682707e1271733dc04,2022-11,Wiltshire Police,Wiltshire Police,-1.948734,51.374154,On or near Oak Close,E01031844,Wiltshire 034A,Unable to prosecute suspect
dee1bdd87566b2c3120ee3b0a1371d91e4129d16a0ead45c9ba6a1c7da314cb6,2022-11,Wiltshire Police,Wiltshire Police,-1.779508,51.559885,On or near ,E01015493,Swindon 017B,Unable to prosecute suspect
5f1af3971adfe48add95f2e590113d968316571a0495f99972695c217ff1b68d,2022-11,Wiltshire Police,Wiltshire Police,-1.768357,51.160893,On or near Hambrook Court,E01031977,Wiltshire 048D,Unable to prosecute suspect
91f532a89e5e050af4b480806a42ebfb5f03c3d537c0fa6fd8beaccd48106199,2022-11,Wiltshire Police,Wiltshire Police,-1.787622,51.511823,On or near Thorney Park,E01015583,Swindon 025A,Unable to prosecute suspect
22c5f153f410b35e82f6a8808a28da07616bb8b43b67370fd6d2ce3fbbcffca2,2022-11,Wiltshire Police,Wiltshire Police,-1.978930,51.348078,On or near Eastleigh Road,E01031852,Wiltshire 025C,Unable to prosecute suspect
bd8432cc26a3dedae0afc4bb2886ef6e633a431f988159ba978040f06fc0eca7,2022-11,Wiltshire Police,Wiltshire Police,-1.996297,51.438878,On or near Forman Street,E01031902,Wiltshire 016C,Unable to prosecute suspect
201f3d8d61799893c65b47d3d3b4527370ab8aeef6b3965b9c2120c188e6e823,2022-11,Wiltshire Police,Wiltshire Police,-1.721977,51.418444,On or near ,E01031861,Wiltshire 019A,Unable to prosecute suspect
e5e998ab8105e0216db41b195b4b4c384a65291ca510023b35eada644d45f1de,2022-11,Wiltshire Police,Wiltshire Police,-1.837038,51.579310,On or near Frith Copse,E01015562,Swindon 011A,Unable to prosecute suspect
b414660d016e6db053af884f215dab183d6da6cf8bf31fcdb62db7ca45f9320f,2022-11,Wiltshire Police,Wiltshire Police,-2.276805,51.401792,On or near Kingsdown Grove,E01031888,Wiltshire 017A,Unable to prosecute suspect
445367acc97bc21b5df41f447ba0d3481760320131036ac219c26380185c4ecc,2022-11,Wiltshire Police,Wiltshire Police,-1.948407,51.230898,On or near ,E01032696,Wiltshire 045F,Unable to prosecute suspect
c6c082ca802a05da5aa18737fe213d376f032874ff4cc4ec3a3c3bad69755070,2022-11,Wiltshire Police,Wiltshire Police,-1.784788,51.562772,On or near ,E01015476,Swindon 015B,Suspect charged
83f6f8d39d01920540d3ff85a91af2dc8ffbdb42387051a4106bc1767f2a04c1,2022-11,Wiltshire Police,Wiltshire Police,-1.789114,51.563220,On or near Sheppard Street,E01015477,Swindon 015C,Unable to prosecute suspect
864d9f326c3217f859aa8389a66cfee1f23f9f7c8ffb32529c79fc468f15405b,2022-11,Wiltshire Police,Wiltshire Police,-1.786886,51.561517,On or near Queen Street,E01015476,Swindon 015B,Unable to prosecute suspect
3e9d6bb8b9a3c597822733d0bb518bfda87eb4bcb0deab432ccb4bbda8ebfda9,2022-11,Wiltshire Police,Wiltshire Police,-2.104355,51.450682,On or near Derby Close,E01031916,Wiltshire 014A,Unable to prosecute suspect
3cf408c9ad7b27e2846c8f0ebf3fec9f1b771a2acfa5e409db75040dbe701933,2022-11,Wiltshire Police,Wiltshire Police,-2.116080,51.375627,On or near Lapwing Road,E01032071,Wiltshire 021E,Investigation complete; no suspect identified
5e552548826f8a6d7f7e41f8e5a03f84211fd5207e732b19e52a1fa7e33a3dd8,2022-11,Wiltshire Police,Wiltshire Police,-1.615201,51.257072,On or near Old Common Way,E01031859,Wiltshire 041A,Unable to prosecute suspect
fa7211f0d0ca8c9915b282d500b4ef10ff17cc8e16b166f00dbdbac3aa93c8bd,2022-11,Wiltshire Police,Wiltshire Police,-1.794650,51.541435,On or near Scorhill Lane,E01015536,Swindon 024D,Unable to prosecute suspect
51370f6e9ee73af561a1b0a0fc804d9be5a80685998fe792b4c54204c0acdf52,2022-11,Wiltshire Police,Wiltshire Police,-1.734533,51.556870,On or near Stubsmead,E01015492,Swindon 023F,Unable to prosecute suspect
dcaa82c41a82f4d93c2a7be34c17b02096eca8846ac84a689d48fa0c7ea56f57,2022-11,Wiltshire Police,Wiltshire Police,-2.003720,51.430371,On or near Cleverley Way,E01031900,Wiltshire 016A,Unable to prosecute suspect
abf60354c716fad642db395772ae4813642c5f2807b71368e283c2ca03346cad,2022-11,Wiltshire Police,Wiltshire Police,-2.003720,51.430371,On or near Cleverley Way,E01031900,Wiltshire 016A,Action to be taken by another organisation
948479a3cfe44f2e3d9dc4ee2e694dfed1e13475a2f8e88326fe57af17676508,2022-11,Wiltshire Police,Wiltshire Police,-1.993893,51.444785,On or near Comet Crescent,E01031895,Wiltshire 015A,Unable to prosecute suspect
2f442637057e872d36729d1b37a35743ff9930b34566628132eb4086cc00a85c,2022-11,Wiltshire Police,Wiltshire Police,-1.784240,51.596282,On or near Amesbury Close,E01015545,Swindon 003C,Unable to prosecute suspect
9649f5d511943211e09a0114ff887bd6c7ab07ec23b0174a02224771d29b845f,2022-11,Wiltshire Police,Wiltshire Police,-1.768880,51.593312,On or near Dukes Close,E01015556,Swindon 005B,Unable to prosecute suspect
36cafefaece5c934734d2fcf7142c2ecb65ad648115a7c588ebe00279ff59a6e,2022-11,Wiltshire Police,Wiltshire Police,-2.104355,51.450682,On or near Derby Close,E01031916,Wiltshire 014A,Unable to prosecute suspect
c1a48bdc612857d37dda4962207105f347c422e51a5279889b4cf14dd97290cf,2022-11,Wiltshire Police,Wiltshire Police,-1.794106,51.550300,On or near Bacon Close,E01032706,Swindon 021E,Unable to prosecute suspect
69f47494601d74b5550d8d0dcb2d0bbe716b2ec8167f114651a05831a49e8fc4,2022-11,Wiltshire Police,Wiltshire Police,-1.788272,51.582955,On or near Pinetree Rise,E01015527,Swindon 007C,Unable to prosecute suspect
4cb4447ac1d66fcadaebb5ab5ab350af7bcbdc964645a706a9ec932a8eb58b81,2022-11,Wiltshire Police,Wiltshire Police,-2.220178,51.317445,On or near St Augustine's Road,E01032085,Wiltshire 031A,Action to be taken by another organisation
32f6246e8c89d4586e6cfe0ff54eb40eb3284fe375ac5856251660fecbe0c85b,2022-11,Wiltshire Police,Wiltshire Police,-1.759746,51.565268,On or near Sackville Close,E01015575,Swindon 016D,Unable to prosecute suspect
ceb16a19b08f1ef1ada75353781a343f69aeae97b85b07deb06cee0ef30b6bda,2022-11,Wiltshire Police,Wiltshire Police,-2.214991,51.312976,On or near Centenary Court,E01032094,Wiltshire 035C,Action to be taken by another organisation
cdabef6d7825bd85990900eec853da02a5ddcb15460af74505ea5f261cf5963c,2022-11,Wiltshire Police,Wiltshire Police,-2.214991,51.312976,On or near Centenary Court,E01032094,Wiltshire 035C,Action to be taken by another organisation
e77b8e9bd8f0334bde834e1d73f6eb7f8f6dca9be4d6d3ee78d1977aed427aac,2022-11,Wiltshire Police,Wiltshire Police,-2.214991,51.312976,On or near Centenary Court,E01032094,Wiltshire 035C,Action to be taken by another organisation
5a9edb4372177d4e0d91bd5f0fa64f2c98a6428b0228c6747cc0e809d9ebd503,2022-11,Wiltshire Police,Wiltshire Police,-2.150153,51.382602,On or near Caretakers Close,E01032063,Wiltshire 020A,Unable to prosecute suspect
3e894e28a8cf1e55ede38a94be34b7c86e543ded54fe908f8a1e20ceb6d63166,2022-11,Wiltshire Police,Wiltshire Police,-1.785975,51.592742,On or near Downton Road,E01015546,Swindon 003D,Unable to prosecute suspect
8cecfd8c4c471b54aea4cfeeb40adc4ca5a119d063f1a718bac30f1472f669ea,2022-11,Wiltshire Police,Wiltshire Police,-2.150153,51.382602,On or near Caretakers Close,E01032063,Wiltshire 020A,Unable to prosecute suspect
849039a29003490f66dd061546e68aa61c6432df07752395000042dc20bef793,2022-11,Wiltshire Police,Wiltshire Police,-2.126064,51.427516,On or near Mons Lane,E01031942,Wiltshire 018E,Unable to prosecute suspect
363818001710f0d059ef9984721cf29ebbbf757013f7540a863c10eb0e7cef2d,2022-11,Wiltshire Police,Wiltshire Police,-1.821612,51.196643,On or near ,E01031998,Wiltshire 045C,Suspect charged as part of another case
93a6c4737a36fca428f3e274cc0821fc338aa1af16f835c754e965fb478cef48,2022-11,Wiltshire Police,Wiltshire Police,-2.003102,51.439588,On or near ,E01031896,Wiltshire 015B,Unable to prosecute suspect
6da2864e39db426d2dcb7df91cd224fb709c35a232fa5a9d4502a9c7e221bde8,2022-11,Wiltshire Police,Wiltshire Police,-2.126422,51.463266,On or near Oak Lodge Close,E01031910,Wiltshire 009B,Action to be taken by another organisation
a9bf7d285ffb7d8e3844141655070842a8082b875d9ac5a038e0a6cc9911fcdc,2022-11,Wiltshire Police,Wiltshire Police,-1.764842,51.589807,On or near ,E01015559,Swindon 005E,Unable to prosecute suspect
77e7273e32108c7df84cec4179f14165cb4419df2eaea471884dd7f42d53e3c8,2022-11,Wiltshire Police,Wiltshire Police,-1.978828,51.286907,On or near ,E01031857,Wiltshire 034B,Unable to prosecute suspect
a6c6214f1427f0b0619a6d6ecd48a941c56cf7a9acea606ed3cbbe2f38482306,2022-11,Wiltshire Police,Wiltshire Police,-2.127695,51.491129,On or near ,E01031939,Wiltshire 008A,Unable to prosecute suspect
2a79d72349c2516240131646a5b3c41ed8148f122ce3cde1fdc6584a8ad93b51,2022-11,Wiltshire Police,Wiltshire Police,-2.176371,51.269125,On or near Brouncker Road,E01032121,Wiltshire 039E,Unable to prosecute suspect
45ccfef006186cdbed9d93f9879009f264acb63763793514c28c3f687981f8b1,2022-11,Wiltshire Police,Wiltshire Police,-2.245892,51.416859,On or near Quarry Hill,E01031890,Wiltshire 017C,Unable to prosecute suspect
5e67d57c54bfbb97e2bf3bfc6a3fb5a5133baf8de069473cafdffe63abb10e3d,2022-11,Wiltshire Police,Wiltshire Police,-1.819684,51.537295,On or near Wharf Road,E01015585,Swindon 025C,Investigation complete; no suspect identified
15cd9552afca442f7e0799c6db636b982bcfc0c36fe4e40fe92ad97d1bee1d87,2022-11,Wiltshire Police,Wiltshire Police,-1.730304,51.550080,On or near Anderson Close,E01015488,Swindon 023B,Unable to prosecute suspect
88c77217c90c4e6cb57b84a094a3a746988cf7bf5faba44d686ffdffaf9cf74d,2022-11,Wiltshire Police,Wiltshire Police,-1.765518,51.168027,On or near ,E01031978,Wiltshire 048E,Unable to prosecute suspect
674e239781f3da2b4bb4e0ec1aa4d9cd7ea0abe616ec9de28889baf432d641bb,2022-11,Wiltshire Police,Wiltshire Police,-1.765518,51.168027,On or near ,E01031978,Wiltshire 048E,Unable to prosecute suspect
4a061ecb354e3028e29a3d1f12e9efe20e341e76a36ac12383f71877457094ea,2022-11,Wiltshire Police,Wiltshire Police,-2.088539,51.591042,On or near Charlton Road,E01031959,Wiltshire 005C,Investigation complete; no suspect identified
b2dc4188bcfd2a0579dcca6abb5810491b8d3dadaa27babbb92ab83aac9e4c67,2022-11,Wiltshire Police,Wiltshire Police,-1.794949,51.555201,On or near Stanmore Street,E01015477,Swindon 015C,Unable to prosecute suspect
315d99c1f4b64cf851c108ebcbf9560c67e12a8069a780f4586553462b3497fd,2022-11,Wiltshire Police,Wiltshire Police,-1.769652,51.554849,On or near Parklands Road,E01015576,Swindon 017D,Unable to prosecute suspect
5b277d76d4a33c709c6d96131e6b32ac43f1ffe8025a06eb48f1558a61db33b5,2022-11,Wiltshire Police,Wiltshire Police,-1.729498,51.561893,On or near Verney Close,E01015482,Swindon 013B,Unable to prosecute suspect
780bbe206fa21d542dfe57e9b9c3286c6020783f0ac0cff1f80a867327fee453,2022-11,Wiltshire Police,Wiltshire Police,-1.992412,51.351515,On or near Rendells Court,E01031856,Wiltshire 026D,Unable to prosecute suspect
14e3a069e305ffe9867f6018bc7cbb30231f33de9afe9241a540faa2dec59355,2022-11,Wiltshire Police,Wiltshire Police,-1.748260,51.544663,On or near The Birches,E01015535,Swindon 024C,Unable to prosecute suspect
84cfe37867ab0d1daf5746fac3269d5d7275c1785d1c9a04bf4646925c6fe3ef,2022-11,Wiltshire Police,Wiltshire Police,-1.736202,51.572572,On or near Corinium Way,E01015483,Swindon 013C,Unable to prosecute suspect
73a5c8e2a7ec9897b0b9ed6443e8420b400ee202eb791c0e41c2571a09a6fa1a,2022-11,Wiltshire Police,Wiltshire Police,-1.849426,51.489943,On or near Yew Tree Lane,E01031884,Wiltshire 012E,Investigation complete; no suspect identified
4c021154633ac2b8ea8d99a52eb8b7fdb37de7b649060ceaddf8ddd1a614b6d8,2022-11,Wiltshire Police,Wiltshire Police,-1.781095,51.556804,On or near Rolleston Street,E01032714,Swindon 019E,Unable to prosecute suspect
f0aeea47cf37a5b5a122c9d28355402fd372676b024cc88907b8cb29412fbf67,2022-11,Wiltshire Police,Wiltshire Police,-2.230578,51.297013,On or near Chantry Gardens,E01032083,Wiltshire 037B,Unable to prosecute suspect
17a2f9c768745f4c72fbb48e6edc693fe32e9b52bd99ed8c18e39cc3af046ce0,2022-11,Wiltshire Police,Wiltshire Police,-1.904896,51.132660,On or near Stapleford Road,E01032027,Wiltshire 054C,Unable to prosecute suspect
f955d99c759ba397de6a4d88f9fb8625303c2194eee2e71642f8b33c609c22a8,2022-11,Wiltshire Police,Wiltshire Police,-1.906107,51.028622,On or near Chapel Lane,E01031990,Wiltshire 054A,Unable to prosecute suspect
898a92d6f2c7d73f569b72365d0949f9708adba8a309dedff1614f19cb3b0993,2022-11,Wiltshire Police,Wiltshire Police,-2.199273,51.314524,On or near Quilling Close,E01032093,Wiltshire 035B,Unable to prosecute suspect
ee053528876aac89d522e741844f3fce90d12f9f322904567beaa68bd256e43f,2022-11,Wiltshire Police,Wiltshire Police,-2.208193,51.256574,On or near Penleigh Road,E01032052,Wiltshire 039A,Investigation complete; no suspect identified
964b0b00e0fb3d4542473d040ca756084c2d2107ca5de47bf05abacd446d1c4b,2022-11,Wiltshire Police,Wiltshire Police,-1.619938,51.252628,On or near Mcevoy Gardens,E01031878,Wiltshire 041C,Unable to prosecute suspect
49f4d17faaa0b32a9d561cef8f7d45ad3664237eaea2a43df72cd4177f61ba75,2022-11,Wiltshire Police,Wiltshire Police,-2.194452,51.321348,On or near Barn Glebe,E01032100,Wiltshire 032B,Unable to prosecute suspect
982849ec62cf83e5795c973f331c1dab2a78dfa78da4c87df670ed8719ff3baa,2022-11,Wiltshire Police,Wiltshire Police,-1.720856,51.415716,On or near Woodstock Court,E01031861,Wiltshire 019A,Unable to prosecute suspect
f0847437fc5b0d6d503f13fe01bfdb24962c09d85a04db8bdc00856ef3be4511,2022-11,Wiltshire Police,Wiltshire Police,-1.740690,51.572582,On or near Waverley Road,E01015550,Swindon 009B,Investigation complete; no suspect identified
ab90dfb58f274e370b2fa1ae1302036c359ef1edfaed7b3333ae40802752726c,2022-11,Wiltshire Police,Wiltshire Police,-1.775210,51.553736,On or near Cricklade Street,E01032715,Swindon 019F,Unable to prosecute suspect
4ca232e7f3102ace188afea613b30aaf343da4a80ddfbefc068e93aff9c18026,2022-11,Wiltshire Police,Wiltshire Police,-1.794190,51.069150,On or near Queen Street,E01032022,Wiltshire 058C,Unable to prosecute suspect
3a13ebe3a73f50e2ec0042800327bff9846dde20a35fada167228943f7b1bfef,2022-11,Wiltshire Police,Wiltshire Police,-1.729853,51.548272,On or near Grundys,E01015488,Swindon 023B,Unable to prosecute suspect
f571695910804ddda6af2fa303526a249d4f810a15947a7929781eb3f0b244b1,2022-11,Wiltshire Police,Wiltshire Police,-1.770764,51.160750,On or near ,E01031977,Wiltshire 048D,Unable to prosecute suspect
a8f4a0fc2ca395f5577cabb1080282d38a3008af765ceae061ea8cc35a1d2763,2022-11,Wiltshire Police,Wiltshire Police,-1.844715,51.562345,On or near Wilmot Close,E01015504,Swindon 018C,Unable to prosecute suspect
5308d25a76e6175e246d8262f26017ac571fdffdbb7ffd40ae49852693243e46,2022-11,Wiltshire Police,Wiltshire Police,-1.735633,51.553815,On or near ,E01015491,Swindon 023E,Unable to prosecute suspect
0abbc2c80797047470d42a5e5fc28e4f4483a76e623494742118ed0e0fcb60d5,2022-11,Wiltshire Police,Wiltshire Police,-1.624743,51.477103,On or near Whitley Road,E01031841,Wiltshire 012A,Unable to prosecute suspect
a511766ad4acd851ca1c978f0eca38e88187e0b43a8545dee8ed175f341ce981,2022-11,Wiltshire Police,Wiltshire Police,-1.785760,51.536986,On or near Woodland View,E01015585,Swindon 025C,Unable to prosecute suspect
c5c050308649c877b67cc13efd097a2dc3298ae34d71f1310bcdfe30844830ce,2022-11,Wiltshire Police,Wiltshire Police,-1.784788,51.562772,On or near ,E01015476,Swindon 015B,Unable to prosecute suspect
658522ef37584fdd2f765247f80ef61df665887f8ff9af8e395c440c58ed749c,2022-11,Wiltshire Police,Wiltshire Police,-1.787663,51.073347,On or near Estcourt Road,E01032014,Wiltshire 056A,Unable to prosecute suspect
ec4ab90136ce0f30ac99bf5b82823a42e48a3717194e9644d4a6c1af4c762f8a,2022-11,Wiltshire Police,Wiltshire Police,-1.765518,51.168027,On or near ,E01031978,Wiltshire 048E,Unable to prosecute suspect
3ae2282f58b8b719f1a92a174974c6e28148cfe023fffd685cf09103216849b3,2022-11,Wiltshire Police,Wiltshire Police,-1.989769,51.353825,On or near Henman Close,E01031850,Wiltshire 025A,Unable to prosecute suspect
bdad9d62f184165addf269538c555538041f99dcd6ec62a66d6c4eede528ba53,2022-11,Wiltshire Police,Wiltshire Police,-2.117080,51.463276,On or near Old Road,E01031912,Wiltshire 011B,Investigation complete; no suspect identified
d4ed862e4be9cd67f926b9d03f9757d8b64ee90971d1487246a5778e3dc5b78c,2022-11,Wiltshire Police,Wiltshire Police,-1.663868,51.246971,On or near Oatway Road,E01032698,Wiltshire 041H,Action to be taken by another organisation
2c65509bfc10a6296062f5f24de9b3f1741797805ce41196478129946f160906,2022-11,Wiltshire Police,Wiltshire Police,-1.759403,51.166792,On or near Imber Avenue,E01031976,Wiltshire 048C,Unable to prosecute suspect
bfa050a2d13d0f66964fa3845f6e325b7365adecaf2e883ecebdb916c7b01422,2022-11,Wiltshire Police,Wiltshire Police,-1.759403,51.166792,On or near Imber Avenue,E01031976,Wiltshire 048C,Unable to prosecute suspect
0bb59ce8ee8b046051617990e7a715b0047b514aaa08cc429a9217ef1211535d,2022-11,Wiltshire Police,Wiltshire Police,-1.748019,51.559687,On or near Buckland Close,E01015537,Swindon 020A,Investigation complete; no suspect identified
e3a78af6720527b453c0423a3522cbc76863c47ad60093b073083605f644313f,2022-11,Wiltshire Police,Wiltshire Police,-1.983657,51.338116,On or near ,E01031855,Wiltshire 026C,Unable to prosecute suspect
224f36c41e5775324341f96063bc31c91dc4642ae0ca329f8cfb4231fd537204,2022-11,Wiltshire Police,Wiltshire Police,-1.983657,51.338116,On or near ,E01031855,Wiltshire 026C,Unable to prosecute suspect
e3d6b134164049eb1ce798fed3c7df4a29edabae1d59b34d0d2839590d85896b,2022-11,Wiltshire Police,Wiltshire Police,-1.972346,51.288327,On or near Melrose Close,E01031857,Wiltshire 034B,Unable to prosecute suspect
f54ccfc7738591249ed03d73373aece7c757a5ec02d8d41da3420db779e881b5,2022-11,Wiltshire Police,Wiltshire Police,-1.983657,51.338116,On or near ,E01031855,Wiltshire 026C,Unable to prosecute suspect
acef52567545ea6e19c0b2d8015409bad0ff1526479d96f8887700e2da9efb19,2022-11,Wiltshire Police,Wiltshire Police,-1.972346,51.288327,On or near Melrose Close,E01031857,Wiltshire 034B,Unable to prosecute suspect
4cc7b291d4cb1760ce0bfdf3a3541a428ebfbc723e921c2db9e1ce180bb37caa,2022-11,Wiltshire Police,Wiltshire Police,-1.758565,51.586701,On or near Pinnock's Place,E01015558,Swindon 005D,Investigation complete; no suspect identified
daf72ed85676b4071efb677e608025bc42f92bffd40d341980c92a85f74df9d8,2022-11,Wiltshire Police,Wiltshire Police,-1.787628,51.563209,On or near Bridge Street,E01015476,Swindon 015B,Unable to prosecute suspect
8596e5900ad3515e9d81c8d25dbb458ae5cdfab50dd8b1862a0b0277b84ac77e,2022-11,Wiltshire Police,Wiltshire Police,-1.752722,51.551658,On or near Wardley Close,E01015540,Swindon 020C,Unable to prosecute suspect
33d6bcdb0bfafe10b28a010ff4d98f1f51fc233d27048909c2fe27a7d972042b,2022-11,Wiltshire Police,Wiltshire Police,-1.805855,51.558205,On or near Saltash Road,E01032708,Swindon 012F,Investigation complete; no suspect identified
fe1e5616a80a0b5632bfa2512b0e80344f09b7f3c090ddf93c2f3ef281bb4e81,2022-11,Wiltshire Police,Wiltshire Police,-2.245455,51.351401,On or near Bainton Close,E01032046,Wiltshire 027B,Unable to prosecute suspect
be2c5f9a0baa4051c230667ff32a9215b0bb4d18ccdc1b005809d3e718ad362f,2022-11,Wiltshire Police,Wiltshire Police,-1.781649,51.552615,On or near Bath Road,E01015532,Swindon 021D,Unable to prosecute suspect
5f585ca14e894dee46d40de47c0728ef5b7ef2a82b484fc89bed9e3b13ca9699,2022-11,Wiltshire Police,Wiltshire Police,-1.787279,51.560707,On or near ,E01015476,Swindon 015B,Unable to prosecute suspect
f089e068900f86fb24b4a9f48d29e53c7469449bc049d000f235cf7bc212e910,2022-11,Wiltshire Police,Wiltshire Police,-1.906684,51.536353,On or near Westbury Park,E01031968,Wiltshire 007H,Unable to prosecute suspect
335ae42c170bd5c1b53885cb8cc9c70c5119992253e30586ed9dfdc0e6579e72,2022-11,Wiltshire Police,Wiltshire Police,-1.754426,51.564547,On or near Spenser Close,E01015572,Swindon 016B,Unable to prosecute suspect
2ee455e6ecc228c009944e22c78d577d35c25ffb6988041dd458a11abd11f4dc,2022-11,Wiltshire Police,Wiltshire Police,-1.795554,51.070447,On or near Chipper Lane,E01032014,Wiltshire 056A,Unable to prosecute suspect
adf769449190d3f353e76cbecc841aa84828eff110cf9d62d4778b2726a42c64,2022-11,Wiltshire Police,Wiltshire Police,-1.777157,51.553838,On or near Union Row,E01032715,Swindon 019F,Investigation complete; no suspect identified
28012d3af8c3b1b98577fa1bdcb1f53f716c95b07d1686a4ab1c4ee0a091d577,2022-11,Wiltshire Police,Wiltshire Police,-1.729498,51.561893,On or near Verney Close,E01015482,Swindon 013B,Action to be taken by another organisation
1b82f140d00262f46199e5f9a984e485b5a2b425ad3105d8cffeb219dd013f7a,2022-11,Wiltshire Police,Wiltshire Police,-2.210598,51.428141,On or near Allen Road,E01031889,Wiltshire 017B,Unable to prosecute suspect
e8c9ba1262d6b9b030185f4a31878ddacb80e6a79dcc5aa4552495cdbe021963,2022-11,Wiltshire Police,Wiltshire Police,-1.661875,51.237362,On or near Nadder Road,E01032697,Wiltshire 041G,Action to be taken by another organisation
09abb7b6334747583ee58413e658b8dd3003d9ed3556fc09612b230c9df3d716,2022-11,Wiltshire Police,Wiltshire Police,-2.104942,51.392793,On or near LOWER WOODROW,E01032071,Wiltshire 021E,Action to be taken by another organisation
e5e9f95108b16546410ab27bd9f5dc62400cb0977f5d7b0ca20887d910fa9f65,2022-11,Wiltshire Police,Wiltshire Police,-2.151893,51.539007,On or near GREENS CLOSE,E01031960,Wiltshire 005D,Unable to prosecute suspect
e6aab9c6c4240f2b65a5656100907b923050b4da97a6c44390ea2dbd4bc04695,2022-11,Wiltshire Police,Wiltshire Police,-1.746629,51.545082,On or near Pedestrian Subway,E01015535,Swindon 024C,Suspect charged
faf35ab21cc10a6cf548c8fe9a451d607964c07f59cba72465c1d0813dc1696a,2022-11,Wiltshire Police,Wiltshire Police,-1.794115,51.069941,On or near Bus/Coach Station,E01032014,Wiltshire 056A,Unable to prosecute suspect
8e11d9a8045c9b4bebbf3e76c7d7031e681aa29d4240b5cab8e9fdb28dbe5384,2022-11,Wiltshire Police,Wiltshire Police,-1.807537,51.576793,On or near LYNTON ROAD,E01015581,Swindon 012D,Unable to prosecute suspect
c9acdd887f32ebfea2a55590c200e7eed7adba3777796b3efed84a2a71b8e0b0,2022-11,Wiltshire Police,Wiltshire Police,-1.789761,51.073234,On or near COLLEGE STREET,E01032014,Wiltshire 056A,Investigation complete; no suspect identified
2076df9044d861d5638104959830b3f5863c59c091d5a058dc8ed8ca182f887d,2022-11,Wiltshire Police,Wiltshire Police,-1.759731,51.565259,On or near SACKVILLE CLOSE,E01015575,Swindon 016D,Unable to prosecute suspect
cb964339d186526cb09880debbd302b3fc16b89794b6897806ae68d72cf7e60b,2022-11,Wiltshire Police,Wiltshire Police,-1.801188,51.569985,On or near RODBOURNE ROAD,E01015578,Swindon 012B,Unable to prosecute suspect
f378433caac2826bd7f2403f914e4e80d99ce34629e34076330a79c27636a688,2022-11,Wiltshire Police,Wiltshire Police,-2.126448,51.368692,On or near SWEET BRIAR ROAD,E01032066,Wiltshire 022B,Unable to prosecute suspect
9aa85531b59602426c3a53cc5bc0e7651a9b81d6e377c5bde16ffd506a1dc63c,2022-11,Wiltshire Police,Wiltshire Police,-2.191647,51.202741,On or near COBBETT PLACE,E01032114,Wiltshire 044D,Unable to prosecute suspect
d9d943f19453e48cd2d51d49526f29974dbb2042a31060b074ea0424dc72cb8d,2022-11,Wiltshire Police,Wiltshire Police,-1.699856,51.541797,On or near SOUTHDOWN,E01015547,Swindon 008C,Investigation complete; no suspect identified
c5686492a1756eb44d63617e8b205a76ebfae2f0541c3132edda3adda8713558,2022-11,Wiltshire Police,Wiltshire Police,-1.782979,51.083050,On or near BURGESS GREEN,E01031986,Wiltshire 051C,Unable to prosecute suspect
a4f40fa38c9d97da02726ba92ae7015a7057a4cef1b49db4736a4cfa77b50e24,2022-11,Wiltshire Police,Wiltshire Police,-1.818439,51.564132,On or near WESTMEAD DRIVE,E01015567,Swindon 014C,Unable to prosecute suspect
c01d143527d980aa2e32a254e24e7ec09c932d8b48858a9afc8a1b33587ec3cf,2022-11,Wiltshire Police,Wiltshire Police,-1.758859,51.585712,On or near RUSKIN AVENUE,E01015558,Swindon 005D,Suspect charged
cec7d3ee7908eee4778b9834db2827f7ba80bee98dbb2b60f109a26469107a59,2022-11,Wiltshire Police,Wiltshire Police,-1.784864,51.559005,On or near GRANVILLE STREET,E01015496,Swindon 019C,Investigation complete; no suspect identified
de5c62d0b08ed6ad38df1b4556b6ba69c61814050af6f319c8b44d9736f79d75,2022-11,Wiltshire Police,Wiltshire Police,-2.118752,51.464254,On or near PARKSIDE,E01031920,Wiltshire 009F,Unable to prosecute suspect
4339c7e85c0a3288699c26d7f070bffe354d3dd565f1371e4f33c4ae1bbf5522,2022-11,Wiltshire Police,Wiltshire Police,-2.004440,51.436405,On or near NEW ROAD,E01031901,Wiltshire 016B,Unable to prosecute suspect
af6c91e8dec50ff2776b6a7b7dfd8eb6012f4b7043cd3db70183a619196f538e,2022-11,Wiltshire Police,Wiltshire Police,-1.793433,51.577857,On or near WINGATE PARADE,E01015580,Swindon 007D,Unable to prosecute suspect
1946622051fb996976055d18a654687f18e562f966844249599c3b5dfab30091,2022-11,Wiltshire Police,Wiltshire Police,-2.133166,51.371823,On or near SANGSTER AVENUE,E01032062,Wiltshire 022A,Suspect charged
05bd590e24a54472fbc6587d749fa07930c06d55fc3f0adad803605013670645,2022-11,Wiltshire Police,Wiltshire Police,-2.133166,51.371823,On or near SANGSTER AVENUE,E01032062,Wiltshire 022A,Suspect charged
14f6064b47ab41a6fe3aad59380446f41c3cd0d7ede079e3fbe2c156b5e6edf9,2022-11,Wiltshire Police,Wiltshire Police,-2.206856,51.319258,On or near Shopping Area,E01032101,Wiltshire 032C,Unable to prosecute suspect
d9b71e270ffed0f78ae4d784e050d905e2f4bd6779836c3f5790f62ff43694a4,2022-11,Wiltshire Police,Wiltshire Police,-1.791227,51.542805,On or near STALDON ROAD,E01015536,Swindon 024D,Local resolution
3cf8cca4aff851fc08530548ea8c349e123f3c4f8c0c86befd697bd3926e41c8,2022-11,Wiltshire Police,Wiltshire Police,-1.740761,51.560058,On or near TYNDALE GARDENS,E01015538,Swindon 016A,Unable to prosecute suspect
76447ca799d00fcafde1d6d9c1c5be83a39edb19cb0d1f5db9d7f28f57d0dc92,2022-11,Wiltshire Police,Wiltshire Police,-1.705599,51.612646,On or near BELLINGHAM LANE,E01015523,Swindon 001E,Investigation complete; no suspect identified
6896b839ed60fef8ea191a40f28f6d5e15a1e3e1a6074fe15dfbfd9a23eeaee2,2022-11,Wiltshire Police,Wiltshire Police,-1.837733,51.566337,On or near SHIRE CLOSE,E01015566,Swindon 011D,Unable to prosecute suspect
e9d1d15804ac374794f97d86f4bbb245e0e17be04cd3058032fa5335d558c5ee,2022-11,Wiltshire Police,Wiltshire Police,-1.735147,51.555576,On or near CHARLES MACPHERSON GARDENS,E01015491,Swindon 023E,Offender given a caution
f1aa69122eb8e323589c7065a6c940538a0b07aa332f32ecb19c09661c879de7,2022-11,Wiltshire Police,Wiltshire Police,-1.805112,51.597226,On or near Supermarket,E01032710,Swindon 028E,Suspect charged
9ef416ee67753dbb68e334635e8d1494429f23cc859e1f37856088a8ae071e07,2022-11,Wiltshire Police,Wiltshire Police,-1.828786,51.092262,On or near DEVIZES ROAD,E01032013,Wiltshire 049A,Unable to prosecute suspect
4fb058998a60c051afac5f93ff6e92e6179e4fa8b51774cf35b30e828cd5454e,2022-11,Wiltshire Police,Wiltshire Police,-2.120773,51.515135,On or near A350,E01031951,Wiltshire 008D,Suspect charged
ac0c70bb543965d9c13a789653d9dc0e634342fbe78192d78b06f7d92c9dbcf5,2022-11,Wiltshire Police,Wiltshire Police,-1.793158,51.070173,On or near BROWN STREET,E01032014,Wiltshire 056A,Unable to prosecute suspect
cfe07b5aa79facd9d7e643f20d603ee70e5f1a073506b94eeaa20f69b36db728,2022-11,Wiltshire Police,Wiltshire Police,-1.805463,51.083215,On or near CAPULET ROAD,E01032018,Wiltshire 053A,Unable to prosecute suspect
03e2ab149bf58dc7fdc50549f519f0ee2500a44e73d7016b9f48ae6364589df6,2022-11,Wiltshire Police,Wiltshire Police,-1.823104,51.558880,On or near THORNFORD DRIVE,E01015568,Swindon 014D,Unable to prosecute suspect
e250e5913b927e85525dad6d83c90ddf43d1ba57b670a1a1f5eaa98644370de0,2022-11,Wiltshire Police,Wiltshire Police,-1.823104,51.558880,On or near THORNFORD DRIVE,E01015568,Swindon 014D,Unable to prosecute suspect
da6a52cc6df51bddacbb0f109347bc0a8a9245a8513d83e14377e298a065cff0,2022-11,Wiltshire Police,Wiltshire Police,-1.756065,51.560315,On or near BURGHLEY CLOSE,E01015572,Swindon 016B,Unable to prosecute suspect
118b267b65a167d79041d3cb1be22ef1f173c42f32c5e145ea5f4ec81899c68c,2022-11,Wiltshire Police,Wiltshire Police,-1.740380,51.556091,On or near AYMER PLACE,E01015491,Swindon 023E,Unable to prosecute suspect
4278b25d05171b1899d07898ec1fd9debcc3ec11956c7495ee2793191c14f3a4,2022-11,Wiltshire Police,Wiltshire Police,-1.777728,51.569808,On or near HANDEL STREET,E01015510,Swindon 010C,Formal action is not in the public interest
e2b19870617fc9891b334f84e1b226e2ba82c2ca36180d7c3fcafdd78fc6c5d9,2022-11,Wiltshire Police,Wiltshire Police,-1.782145,51.172492,On or near ABBEY LANE,E01031979,Wiltshire 048F,Unable to prosecute suspect
657b6bd0c4991a1478e27c126735ce73076d4da019e4f28e371ee048dae6096f,2022-11,Wiltshire Police,Wiltshire Police,-1.773891,51.196053,On or near ANNE CRESCENT,E01031996,Wiltshire 046B,Unable to prosecute suspect
4a06f2c9320080737bf8e580f5849b7de3db3afe0c1fe136cb5e43d0f81694d7,2022-11,Wiltshire Police,Wiltshire Police,-2.208016,51.318762,On or near MILL STREET,E01032086,Wiltshire 031B,Suspect charged
9334d61d9b233da1d170e556e87db6e636ff264381445d853718f700ee2ef02f,2022-11,Wiltshire Police,Wiltshire Police,-2.190095,51.256641,On or near SPRINGFIELD ROAD,E01032117,Wiltshire 040C,Unable to prosecute suspect
d26104581a4de9e087cc236230370c3202b6ade8bd85fe94512d35ac9677eb5a,2022-11,Wiltshire Police,Wiltshire Police,-2.183494,51.203986,On or near Parking Area,E01032114,Wiltshire 044D,Unable to prosecute suspect
89292768a7f479e647401e843c5904cdec6cb0bbc16035f083f15bc963ab26b7,2022-11,Wiltshire Police,Wiltshire Police,-1.773097,51.080693,On or near ELM CLOSE,E01032012,Wiltshire 057C,Action to be taken by another organisation
757c604362dcacc0e16bfda41b4a67dc9078217d514430a9602859a789bdf1a6,2022-11,Wiltshire Police,Wiltshire Police,-1.772946,51.172753,On or near ANTROBUS ROAD,E01031974,Wiltshire 048A,Unable to prosecute suspect
874ee6e1691a8d074cb8138c1cc07219a57ab7df1469d11deb13176bd4d80615,2022-11,Wiltshire Police,Wiltshire Police,-1.788725,51.100199,On or near LAFRANC CLOSE,E01032011,Wiltshire 057B,Unable to prosecute suspect
6d38e5760464b67bbfcfdcb63b93b9c24e2e932921e1563b44b19858d489a134,2022-11,Wiltshire Police,Wiltshire Police,-1.827411,51.081928,On or near GLYNDEBOURNE CLOSE,E01031983,Wiltshire 052D,Further action is not in the public interest
51649b2ba79e7371d25bb1583acad709edf7187a428269afaf3142a0d2e696d3,2022-11,Wiltshire Police,Wiltshire Police,-2.211822,51.316390,On or near Sports/Recreation Area,E01032086,Wiltshire 031B,Unable to prosecute suspect
f16a809cb2859b623eb106bd462f4a213c940232dbce8e06d8c6d9b97d5aeb23,2022-11,Wiltshire Police,Wiltshire Police,-1.772946,51.172753,On or near ANTROBUS ROAD,E01031974,Wiltshire 048A,Unable to prosecute suspect
4b75653d290f9eac3b0d0a09fd4264db1933f99c3fc5aecb87f1e989c8951fe8,2022-11,Wiltshire Police,Wiltshire Police,-2.042377,51.283170,On or near Prison,E01031848,Wiltshire 028C,Unable to prosecute suspect
ae3e8f3e8509af067ac6da6088421e1c4b41e71edae6cbeb66707cac0fec9ebc,2022-11,Wiltshire Police,Wiltshire Police,-2.163722,51.202828,On or near WOODCOCK ROAD,E01032108,Wiltshire 042D,Further action is not in the public interest
0d870e6115beaa35ba408dcec2693cb547ff48206354b6e20d11a41d62655c1e,2022-11,Wiltshire Police,Wiltshire Police,-1.983407,51.355452,On or near LONDON ROAD,E01031850,Wiltshire 025A,Investigation complete; no suspect identified
38a812d3a7ee6255b2766c48fb716f5f3b9082ec4f2a2c216a904dca1bc66080,2022-11,Wiltshire Police,Wiltshire Police,-1.792741,51.064508,On or near FRIARY LANE,E01032023,Wiltshire 059D,Unable to prosecute suspect
3f08acc4103d998ae95bf658aa25ee8bf5210a8f34d6f5e1459311b43558132d,2022-11,Wiltshire Police,Wiltshire Police,-1.771515,51.562990,On or near A4259,E01015479,Swindon 017A,Suspect charged
74b8e815be2d4d1bb786557cc2f9c6e5395249056c9f6ac80dce745d4bd3642a,2022-11,Wiltshire Police,Wiltshire Police,-2.136098,51.454381,On or near SOUTHMEAD,E01031928,Wiltshire 011F,Suspect charged
e458627b534a71fab993c778b31a6390fbd2738fd158255f85cd118823c24d87,2022-11,Wiltshire Police,Wiltshire Police,-1.722598,51.562785,On or near OSPREY CLOSE,E01015485,Swindon 013E,Unable to prosecute suspect
1d3e1968518633cf51aa0b6b5035c09f57b2f7b641190a973030906109d369ad,2022-11,Wiltshire Police,Wiltshire Police,-2.217756,51.321154,On or near INNOX ROAD,E01032085,Wiltshire 031A,Unable to prosecute suspect
7a73a09e368cf3145284421e67afb261cb487b2b249d0db44b5af01c3514723f,2022-11,Wiltshire Police,Wiltshire Police,-2.213215,51.316810,On or near NEWTOWN,E01032089,Wiltshire 036B,Further action is not in the public interest
6c6605c947ffd5feacefea617f59672227d1e687e0ca83d505c714b3445a6b3e,2022-11,Wiltshire Police,Wiltshire Police,-1.621588,51.255879,On or near LEVELL COURT,E01031859,Wiltshire 041A,Suspect charged
1c2cdfd7cd0c1b7a80ba09ad5f2e19c48f5a585e0d804a45c8e035a6099cf53c,2022-11,Wiltshire Police,Wiltshire Police,-1.812896,51.073956,On or near WEST END ROAD,E01032002,Wiltshire 055B,Unable to prosecute suspect
297235b81874fce25dcd9a875364fd6d73feb953a7f287248dbdb178e4bba99f,2022-11,Wiltshire Police,Wiltshire Police,-2.147271,51.455968,On or near KENSINGTON WAY,E01031909,Wiltshire 010D,Unable to prosecute suspect
39f87f0082c7da1bb8fab2dcd5c29dd2bfc7eafd0c24f9d2eb3216fd90cfec4e,2022-11,Wiltshire Police,Wiltshire Police,-1.820813,51.550901,On or near STANSFIELD CLOSE,E01015571,Swindon 022F,Suspect charged
52278debbb36a2c0807458f8a90fa12636525a38852b83747bb81f0747d02247,2022-11,Wiltshire Police,Wiltshire Police,-1.784955,51.561001,On or near Shopping Area,E01015494,Swindon 019A,Unable to prosecute suspect
d6a9eda6f3702511fd66cf95c948f874438266a3dbebf4b3de95baa78024814b,2022-11,Wiltshire Police,Wiltshire Police,-2.108834,51.584875,On or near BREMILHAM RISE,E01031949,Wiltshire 002D,Further action is not in the public interest
79ae7034276def681ae32a51997fa3419c5a153ca852ebb04bf8d9f98536e423,2022-11,Wiltshire Police,Wiltshire Police,-1.794681,51.196982,On or near Parking Area,E01031999,Wiltshire 046D,Unable to prosecute suspect
8486bbad7c891a7736e6cc8f4c85a867c4ad458ad24b4bd386b4afc9df6db038,2022-11,Wiltshire Police,Wiltshire Police,-1.822451,51.585907,On or near PURTON ROAD,E01015525,Swindon 026A,Unable to prosecute suspect
6d998b0f55ca88f20ca015d13480efe9c2132b8ebe722c4715b1de6d109b7d63,2022-11,Wiltshire Police,Wiltshire Police,-1.773954,51.591911,On or near Petrol Station,E01015555,Swindon 005A,Suspect charged
2b173220bf7d1f6d4ba9a86939eae0acb37a8f0a59daadfc9e900c9920bfa664,2022-11,Wiltshire Police,Wiltshire Police,-2.062071,51.436883,On or near LANSDOWNE CRESCENT,E01031904,Wiltshire 013B,Unable to prosecute suspect
a55a4da0629b2e79f1a282424421c01a8ef129fc6cd075f2ca24279fd6c3a8cb,2022-11,Wiltshire Police,Wiltshire Police,-2.211394,51.323171,On or near CONIGRE,E01032086,Wiltshire 031B,Further action is not in the public interest
7f6592148d89436ba42b8999971d97a514176b3ec80cc56cf82d96a3b86b2cfa,2022-11,Wiltshire Police,Wiltshire Police,-2.211836,51.319465,On or near Petrol Station,E01032086,Wiltshire 031B,Unable to prosecute suspect
5892437111613a3a0862d472ac787516ea4f7f448862ec624453a6efa9ece6f8,2022-11,Wiltshire Police,Wiltshire Police,-1.722598,51.562785,On or near OSPREY CLOSE,E01015485,Swindon 013E,Unable to prosecute suspect
f97d5115ab9e0c9aa50d4e46bf9f089a7c9a138c5b5c01ca8b626e7df19116e9,2022-11,Wiltshire Police,Wiltshire Police,-1.785821,51.104366,On or near Sports/Recreation Area,E01032011,Wiltshire 057B,Unable to prosecute suspect
cc7411d65d829aa762e1dc843960b905a47e0ec7f18af6f49b10a8ef31ad8d01,2022-11,Wiltshire Police,Wiltshire Police,-2.211836,51.319465,On or near Petrol Station,E01032086,Wiltshire 031B,Unable to prosecute suspect
5e8ad51a42661a31305a93d7c87aa3a30cd582d8d83eac01dbef7809b2d7d26d,2022-11,Wiltshire Police,Wiltshire Police,-2.124629,51.460139,On or near GOLDNEY AVENUE,E01031911,Wiltshire 011A,Unable to prosecute suspect
bba3d1045a97ab68244273825fed5e6ba0bc04d8d24876ad052c1784c2287ff0,2022-11,Wiltshire Police,Wiltshire Police,-2.004641,51.439363,On or near Supermarket,E01031896,Wiltshire 015B,Local resolution
3cc73afc02e7401cee7ca3a2bac98161f3d20a36d8f85a5bc73bf18fdbe77f69,2022-11,Wiltshire Police,Wiltshire Police,-2.214189,51.325512,On or near FRANCIS STREET,E01032086,Wiltshire 031B,Unable to prosecute suspect
b82c63415ae2aee58190ef69066d8d3fbe798c3a9be5e776d5efbf0dddc532fb,2022-11,Wiltshire Police,Wiltshire Police,-2.139609,51.355379,On or near COMMERCE WAY,E01032070,Wiltshire 021D,Unable to prosecute suspect
40e16a684a262d8cf96a9d46d7d6f4cd8768975d31c45325401e17f52f1eba32,2022-11,Wiltshire Police,Wiltshire Police,-1.790429,51.562683,On or near LONDON STREET,E01015477,Swindon 015C,Suspect charged
f06a4f2f3ae2bbbdcb675edff7ffc93b11b7aa2c1f51f6f79eda1cdf255a712e,2022-11,Wiltshire Police,Wiltshire Police,-1.801535,51.573159,On or near CHENEY MANOR ROAD,E01015581,Swindon 012D,Suspect charged
8da17ff5ebe6045985c689f03f4f45c7d746c72ff7e57e199243e973ca208625,2022-11,Wiltshire Police,Wiltshire Police,-2.225409,51.310304,On or near MANOR CLOSE,E01032096,Wiltshire 033A,Unable to prosecute suspect
ee0877c09e6a5128389fa57654d757e23ab43f97c140598cd04bc4cf64922f5a,2022-11,Wiltshire Police,Wiltshire Police,-1.795299,51.070069,On or near Shopping Area,E01032014,Wiltshire 056A,Suspect charged
c66d2b234ff166ab08795e77be3e089a5041b5da7e75935c72cce2dcd58016b5,2022-11,Wiltshire Police,Wiltshire Police,-1.795299,51.070069,On or near Shopping Area,E01032014,Wiltshire 056A,Unable to prosecute suspect
375944ae7b529e1606103f4c98d90e8baa09ef5b4c1bf5d9754f9f887b11f1f8,2022-11,Wiltshire Police,Wiltshire Police,-2.243811,51.212121,On or near DEEP LANE,E01032051,Wiltshire 047A,Unable to prosecute suspect
d205200d112631cd52eb4a584a66f0e9e10c477acf07fb4f898fcbee37757187,2022-11,Wiltshire Police,Wiltshire Police,-1.786232,51.070907,On or near Supermarket,E01032015,Wiltshire 056B,Unable to prosecute suspect
08f0986917e32ecef33ce435aa20540996ccbf9d2e845f9015e34e1d76610fce,2022-11,Wiltshire Police,Wiltshire Police,-1.781250,51.578635,On or near HAWTHORN AVENUE,E01015508,Swindon 010A,Further action is not in the public interest
8ba2e87f86508db26350bfdfc838cdaa9e0d8a5bcbc4d248b502aa80dd2f4075,2022-11,Wiltshire Police,Wiltshire Police,-2.142950,51.353855,On or near Police Station,E01032070,Wiltshire 021D,Suspect charged
ebec5aa4612b40fdab846883146584c8ab9f5cfdf71a9e7ddc9d0eb90c3460ed,2022-11,Wiltshire Police,Wiltshire Police,-2.250320,51.348145,On or near COPPICE HILL,E01032050,Wiltshire 027F,Suspect charged
1fa5f250192e636c9b09e68216c2f54723fc93455d656185ed590cea2a08d0f9,2022-11,Wiltshire Police,Wiltshire Police,-2.253222,51.345927,On or near Sports/Recreation Area,E01032050,Wiltshire 027F,Suspect charged
7697abe7e8c998a74d643c5fae88d763a1068070e5b7395ce6fdabf67c6cdc96,2022-11,Wiltshire Police,Wiltshire Police,-1.788725,51.100199,On or near LAFRANC CLOSE,E01032011,Wiltshire 057B,Unable to prosecute suspect
0cd2a94e20d1c90b4936a259d3e9973863e968e289f6969af0814426aea06f62,2022-11,Wiltshire Police,Wiltshire Police,-1.779354,51.561746,On or near SPRING CLOSE,E01032714,Swindon 019E,Unable to prosecute suspect
940d4940836072bcf1d42a2ae4e9ef83bf2e2b8f2ac8367fa19a7d0c5cfbf57d,2022-11,Wiltshire Police,Wiltshire Police,-2.125169,51.368496,On or near SAXIFRAGE BANK,E01032066,Wiltshire 022B,Unable to prosecute suspect
9e6d11a19193329609150a72cf4a05e63b207702fc9b1d5ff1036b3bb092dfda,2022-11,Wiltshire Police,Wiltshire Police,-1.772092,51.171861,On or near DEVEREUX ROAD,E01031975,Wiltshire 048B,Unable to prosecute suspect
67371e73060f817bf082ffd49987dc0eb1a3dd36bf7c7e576a4f50480d780f79,2022-11,Wiltshire Police,Wiltshire Police,-2.182995,51.262245,On or near MARISTOW STREET,E01032115,Wiltshire 040A,Unable to prosecute suspect
88b8dd4bd1c18e25d16f07779d7f76eff256ee9cf5d53bb60bf8a924e29ed429,2022-11,Wiltshire Police,Wiltshire Police,-1.828308,51.582867,On or near PURTON ROAD,E01031954,Wiltshire 003A,Unable to prosecute suspect
1a6b4543e378955126246dbba74f517fd3666511faa8ac0f839decf2c3dcfebe,2022-11,Wiltshire Police,Wiltshire Police,-1.830738,51.561813,On or near CARRONBRIDGE ROAD,E01015561,Swindon 014A,Investigation complete; no suspect identified
df88a42debe42860dbe1990e98c5c794fe3753abd7c6d9afb533805101be747b,2022-11,Wiltshire Police,Wiltshire Police,-1.725815,51.586764,On or near ASH GARDENS,E01015473,Swindon 008A,Suspect charged
51f646998cc62d469e097532b13722f853258da8a37837cbad67b91112ace864,2022-11,Wiltshire Police,Wiltshire Police,-2.075726,51.507755,On or near BARRETT LANE,E01031939,Wiltshire 008A,Suspect charged
70a6a7eb92973ea45f312b60a72c5f3e60928cc4a3fc64b5067f303d6a184fd3,2022-11,Wiltshire Police,Wiltshire Police,-1.801758,51.598093,On or near WILSON ROAD,E01015518,Swindon 028D,Unable to prosecute suspect
0b62e2864501b58d566f1b12875842d7fa1d00937e7b29a37fb6c5d2b74b00ca,2022-11,Wiltshire Police,Wiltshire Police,-1.794145,51.069663,On or near WINCHESTER STREET,E01032022,Wiltshire 058C,Further investigation is not in the public interest
9281d77eeed0a2960c741b17bb9670753e33e994091b33ce055e3eb2655491d9,2022-11,Wiltshire Police,Wiltshire Police,-1.779716,51.558599,On or near CLARENCE STREET,E01032714,Swindon 019E,Suspect charged
7e6038f47465f044cb9decc0ec90624850e380a5109ad68bcefc805f75f36eb3,2022-11,Wiltshire Police,Wiltshire Police,-2.190095,51.256641,On or near SPRINGFIELD ROAD,E01032117,Wiltshire 040C,Unable to prosecute suspect
747121ff3c93b743a6b127737824fc77de7b3526bef24606bd767e11f0e87c9f,2022-11,Wiltshire Police,Wiltshire Police,-1.725815,51.586764,On or near ASH GARDENS,E01015473,Swindon 008A,Suspect charged
004d02b6abded375a87345e7956292d3b45ff45c12250289177fd1f0e8cf9e5b,2022-11,Wiltshire Police,Wiltshire Police,-2.213642,51.319075,On or near STALLARD STREET,E01032086,Wiltshire 031B,Offender given a caution
6fe9a544ea714c4684bf1f4acebde53019f351ad80c6867b1c505d73783ca905,2022-11,Wiltshire Police,Wiltshire Police,-2.291427,51.395454,On or near PROSPECT PLACE,E01032059,Wiltshire 023B,Investigation complete; no suspect identified
b47980513214ca7141b3458627d36d472d1215d192e1e933862d5a5fc315e9d8,2022-11,Wiltshire Police,Wiltshire Police,-1.773250,51.169193,On or near HIGHFIELD ROAD,E01031979,Wiltshire 048F,Local resolution
9d245386d5ace3e89ef18b2198d2a71b8822d608cf7f7a8853f6892f688b6dba,2022-11,Wiltshire Police,Wiltshire Police,-1.781188,51.603541,On or near A4311,E01015472,Swindon 028B,Offender given a caution
590294229bd13f0fdf05dc06fd977f52897698a0acf234502d37494e7a21d0fe,2022-11,Wiltshire Police,Wiltshire Police,-1.817258,51.596068,On or near TORUN WAY,E01032700,Swindon 026B,Unable to prosecute suspect
130563255b2f4ccb8e9c2d11b8a3e9725a5f3ac18e8384b147394373e3f29e5f,2022-11,Wiltshire Police,Wiltshire Police,-1.758409,51.340440,On or near ST JOHNS CLOSE,E01031870,Wiltshire 024C,Further investigation is not in the public interest
a305a4bc20e0c4fcad3ba93e8a8ea10b0d75614cfd85a615e8e6ad4294d071ac,2022-11,Wiltshire Police,Wiltshire Police,-1.758409,51.340440,On or near ST JOHNS CLOSE,E01031870,Wiltshire 024C,Further investigation is not in the public interest
b3b8d20f69d49f14787d6064c0510dc0d70a440d45ea7028fbeca0ae982cdf56,2022-11,Wiltshire Police,Wiltshire Police,-2.203096,51.338660,On or near HAMMOND WAY,E01032078,Wiltshire 030B,Unable to prosecute suspect
81c96176be301cddb5cfd250099138532c826268edebb9b23266f20ea35769a6,2022-11,Wiltshire Police,Wiltshire Police,-1.805112,51.597226,On or near Supermarket,E01032710,Swindon 028E,Offender given a caution
1280647ace2abab1f80e03ae112a04e9f812438fced373b0c03d8ab4093823af,2022-11,Wiltshire Police,Wiltshire Police,-1.813372,51.061872,On or near NETHERHAMPTON ROAD,E01032008,Wiltshire 058A,Unable to prosecute suspect
e4130c2eeaeefe5bcc5d403e093e8f12c5bb9f36fc0259fba26bc606ec433640,2022-11,Wiltshire Police,Wiltshire Police,-2.114560,51.457047,On or near TIMBER STREET,E01031912,Wiltshire 011B,Local resolution
2e36ee6b62e634a13cab6767845d18cbaa2a06f064565caa6d1b50435666f424,2022-11,Wiltshire Police,Wiltshire Police,-2.195442,51.429111,On or near BRAKSPEAR DRIVE,E01031932,Wiltshire 018B,Unable to prosecute suspect
c94230df4694ec694a3c9414b58432595b3baec13533cb5545a3a329eaf4e41a,2022-11,Wiltshire Police,Wiltshire Police,-1.844867,51.078445,On or near EVEQUE COURT,E01032040,Wiltshire 054F,Unable to prosecute suspect
bd8c278ffa8a536ef8653ea9d906b251646df65de3c4c0b9a450de650b822d7a,2022-11,Wiltshire Police,Wiltshire Police,-2.206783,51.319061,On or near Parking Area,E01032101,Wiltshire 032C,Unable to prosecute suspect
50bb92b23fbe5cc7bc8e6ece0cbbbcf6b085a098df1b31247c908d4cbb070548,2022-11,Wiltshire Police,Wiltshire Police,-1.709393,51.629217,On or near BREWERY STREET,E01015520,Swindon 001B,Suspect charged
25b7b3ebb698f5a0888c91a1665eae933814f12100d285c6e1838c9501fea71f,2022-11,Wiltshire Police,Wiltshire Police,-1.722805,51.545208,On or near ARNFIELD MOOR,E01015490,Swindon 023D,Unable to prosecute suspect
82e85405d9c2a4add5f45da1a1a8e1e1e6f26ebcde12747b55337673b4aff0ec,2022-11,Wiltshire Police,Wiltshire Police,-1.776677,51.199952,On or near WINDSOR ROAD,E01031999,Wiltshire 046D,Unable to prosecute suspect
f046130c4de3597890ea891d81133f658a4e29dc6e3953d1c8fa2e802fd11b53,2022-11,Wiltshire Police,Wiltshire Police,-1.787214,51.562219,On or near Shopping Area,E01015476,Swindon 015B,Unable to prosecute suspect
d84cfd7d49ce8a9dd4fa7e542c51109c2ae85e53b4cac26ae272ff7343993368,2022-11,Wiltshire Police,Wiltshire Police,-1.822663,51.601831,On or near GAVELLER ROAD,E01032713,Swindon 026F,Unable to prosecute suspect
c249f5376076fc7adfe5e1bbbf89954b38bdf56b2415d593c71caff62c00add0,2022-11,Wiltshire Police,Wiltshire Police,-1.780370,51.584604,On or near WHITWORTH ROAD,E01015506,Swindon 007A,Unable to prosecute suspect
80930248dd8cf5211371b560810beaf13ff04c2416dd16b03e69b14310cf346c,2022-11,Wiltshire Police,Wiltshire Police,-1.749313,51.547362,On or near CHESFORD CLOSE,E01015542,Swindon 020E,Unable to prosecute suspect
3d8280c52e54feaff029665274c260eac39637f43865b1d6c30de44f9c8d4a59,2022-11,Wiltshire Police,Wiltshire Police,-1.799240,51.589637,On or near COLN CRESCENT,E01015517,Swindon 004E,Unable to prosecute suspect
076401a0a0e41bb61128fbdf357995aa0a8460a9eee6613fb8fc57851c998d0d,2022-11,Wiltshire Police,Wiltshire Police,-1.788238,51.103741,On or near Sports/Recreation Area,E01032011,Wiltshire 057B,Unable to prosecute suspect
14b00841af8128e041b344ee9a17cc08a31ac70019750333c88f6db3d7ac2f0b,2022-11,Wiltshire Police,Wiltshire Police,-1.755257,51.552221,On or near KIMBERLEY ROAD,E01015542,Swindon 020E,Unable to prosecute suspect
1e7c210d5ccae6c47e82ef36ae36e7db0aa9d9a03c20c4dc7d3e3c78c814ae6e,2022-11,Wiltshire Police,Wiltshire Police,-1.966598,51.364827,On or near FEROZESHAH ROAD,E01031844,Wiltshire 034A,Unable to prosecute suspect
3fd0f06fe627daf4f4a5d17d59016393b96c61ad384ff89221e15e81bc1b037b,2022-11,Wiltshire Police,Wiltshire Police,-1.832963,51.604381,On or near METIS CLOSE,E01032709,Swindon 026E,Unable to prosecute suspect
f35f143dfeff9f818ab459075778aad3b2ba039f3f9b99c26e943fc00a2a7122,2022-11,Wiltshire Police,Wiltshire Police,-1.665198,51.245276,On or near PENNINGS ROAD,E01032698,Wiltshire 041H,Unable to prosecute suspect
347346721f25656f2c705c8f77afbaa8649cb30d4ee667ee3109a7dac3610b01,2022-11,Wiltshire Police,Wiltshire Police,-1.665198,51.245276,On or near PENNINGS ROAD,E01032698,Wiltshire 041H,Unable to prosecute suspect
aefb3bc47cddb618eafa660ec554bb89e36eae41d2e6a796d2a09b8930c2ecfc,2022-11,Wiltshire Police,Wiltshire Police,-1.665198,51.245276,On or near PENNINGS ROAD,E01032698,Wiltshire 041H,Unable to prosecute suspect
0bf270d2a450956b5795884a6d42319a81e6ba639f52f8714397a4ac458f4876,2022-11,Wiltshire Police,Wiltshire Police,-2.081617,51.062954,On or near BECKETT STREET,E01032029,Wiltshire 061B,Unable to prosecute suspect
261667aa52d9faf649b654a522df5873d8d740042e4429c008bf72a4e2aee880,2022-11,Wiltshire Police,Wiltshire Police,-1.782619,51.545630,On or near NICHOLAS COURT,E01032707,Swindon 021F,Unable to prosecute suspect
e307e7daf2fe0e0564214d23c64e0972dc82c05d6fd02491e7b5c30838828631,2022-11,Wiltshire Police,Wiltshire Police,-1.805925,51.602910,On or near DYRHAM COURT,E01032711,Swindon 027D,Unable to prosecute suspect
76e45af03dedcac242865138b054ace168db496ee4ea24fb29ff32922aec31df,2022-11,Wiltshire Police,Wiltshire Police,-1.788238,51.103741,On or near Sports/Recreation Area,E01032011,Wiltshire 057B,Unable to prosecute suspect
c18c0cee5ce3f778b47ffe17a9690c6119c97f31288215b383eebb9a31cdaec0,2022-11,Wiltshire Police,Wiltshire Police,-1.830997,51.085125,On or near PINEWOOD WAY,E01031981,Wiltshire 052B,Unable to prosecute suspect
1c69139ab35dbede13d73dfbe1948e12a3f1f0626a682634a5055f73bd0f281b,2022-11,Wiltshire Police,Wiltshire Police,-1.956725,51.508239,On or near BELFAST MEAD,E01032699,Wiltshire 007I,Unable to prosecute suspect
530dc4ea53e7141c91ceeb56759bfbfb65a510bc5797214746e6f1030c3d2e4b,2022-11,Wiltshire Police,Wiltshire Police,-1.784297,51.590482,On or near WESTBURY ROAD,E01015543,Swindon 003A,Suspect charged
72874e33782c5db193c2a059fedbbd12c687bff18a18a93c4021fe54365d7155,2022-11,Wiltshire Police,Wiltshire Police,-1.775997,51.590359,On or near MARSTON AVENUE,E01015544,Swindon 003B,Unable to prosecute suspect
0db15cdb08c6bec02235bcccc935dd5f0caad8da42dd0f53cc0a1bce305aded6,2022-11,Wiltshire Police,Wiltshire Police,-1.775997,51.590359,On or near MARSTON AVENUE,E01015544,Swindon 003B,Unable to prosecute suspect
8301b7664e1bbecf16eaee2db44124c7d9d0b3f3cf4c4e03c55dde3d67e68677,2022-11,Wiltshire Police,Wiltshire Police,-2.181720,51.320523,On or near STOKEHILL,E01032099,Wiltshire 032A,Unable to prosecute suspect
57346cc7df356eb7883ff2666646813c0a6c6cc8120a5a0c2ced83240a47ad83,2022-11,Wiltshire Police,Wiltshire Police,-1.756065,51.560315,On or near BURGHLEY CLOSE,E01015572,Swindon 016B,Unable to prosecute suspect
f76b3e1fb09958b975f2af9a7f5f107bc4ec3752b0f160461b82152e6be4e7e6,2022-11,Wiltshire Police,Wiltshire Police,-1.751915,51.559506,On or near CHICKERELL ROAD,E01015538,Swindon 016A,Unable to prosecute suspect
1475d1591b56a09c6635015be2c295db0762ac38a674f2ec1bcce5d7646b25f9,2022-11,Wiltshire Police,Wiltshire Police,-2.203570,52.513670,On or near THE CLOSE,E01029645,South Staffordshire 013A,Suspect charged
7312ef54b39e8e6117c58d88e5a5a9e2bd3b2ea38fb4b32e4364d95f171a9aad,2022-11,Wiltshire Police,Wiltshire Police,-1.787886,51.582190,On or near OLIVE GROVE,E01015507,Swindon 007B,Further action is not in the public interest
bd39122de8b2a6a6a375d8606a17b5277b095356951be3a6f0999cfecde65de7,2022-11,Wiltshire Police,Wiltshire Police,-1.774626,51.569964,On or near CAULFIELD ROAD,E01015510,Swindon 010C,Suspect charged
c93438747fb117694c044d0f5ba9698e2fd4ab68fd859974a0a46737b3b89ce0,2022-11,Wiltshire Police,Wiltshire Police,-2.179106,51.327289,On or near ASHTON ROAD,E01032080,Wiltshire 030D,Unable to prosecute suspect
dacb9f89d09c67abebaaf1bf0c9266d03cfc707e313a7865d2e1ccab1ba43a55,2022-11,Wiltshire Police,Wiltshire Police,-2.179106,51.327289,On or near ASHTON ROAD,E01032080,Wiltshire 030D,Unable to prosecute suspect
484b57b73e81457a58613759c4b4c608ced3ae8e0b49953a9671c712c4b7970e,2022-11,Wiltshire Police,Wiltshire Police,-2.207434,51.320165,On or near MARKET STREET,E01032086,Wiltshire 031B,Unable to prosecute suspect
a0051d5011b9c64b0c289f79a6117ab090d6cbdb03e85391a3b0af83b7bb4f29,2022-11,Wiltshire Police,Wiltshire Police,-1.874102,51.073382,On or near ST MICHAEL'S CLOSE,E01032040,Wiltshire 054F,Action to be taken by another organisation
d449800f422b51a5a4463ad7ee077ff87ffe95140e86bbb7d4a8430c6b4b48c7,2022-11,Wiltshire Police,Wiltshire Police,-1.754872,51.562219,On or near KEN SAVAGE CLOSE,E01015572,Swindon 016B,Unable to prosecute suspect
fc5b9b037014a984e58c501d70064acbd984f95be3307b1a05527b3b23248dfe,2022-11,Wiltshire Police,Wiltshire Police,-1.840457,51.563023,On or near WALTER CLOSE,E01015505,Swindon 018D,Local resolution
4da60accde5ef173e8bddac5fd3124137d634086acb593b7df5ad7be009be073,2022-11,Wiltshire Police,Wiltshire Police,-1.827190,51.596101,On or near MELSTOCK ROAD,E01032704,Swindon 027C,Investigation complete; no suspect identified
8a60f6710c1a2f2532945fc60a1541c82b01ead16e69a7f64e4e7e389c45894f,2022-11,Wiltshire Police,Wiltshire Police,-1.794336,51.068305,On or near Shopping Area,E01032022,Wiltshire 058C,Unable to prosecute suspect
e464422726b4108445cb6f8b4392128f741cfbc046bb99f24eea90f91dd4180e,2022-11,Wiltshire Police,Wiltshire Police,-1.972230,51.363048,On or near FRANKLIN ROAD,E01032693,Wiltshire 025H,Unable to prosecute suspect
e81c123f685181bdf86625514d6bd9269b8cd6f9c3b3f403a3e0c6ab364bcd37,2022-11,Wiltshire Police,Wiltshire Police,-2.206809,51.321704,On or near CHURCH STREET,E01032086,Wiltshire 031B,Unable to prosecute suspect
b2bebbfaf906864b2159100b70174ecc456abbbd6744a7e63b62bad9dbded2c6,2022-11,Wiltshire Police,Wiltshire Police,-1.810285,51.073628,On or near Sports/Recreation Area,E01032003,Wiltshire 055C,Unable to prosecute suspect
0f716cbb2ff57d7bad599dc53b210cec680a9e562855dbc5b1cf594f6fc79e1a,2022-11,Wiltshire Police,Wiltshire Police,-1.813799,51.601727,On or near WADE ROAD,E01032711,Swindon 027D,Suspect charged
39c4f778bad4344c81d40314ffb100543f33d7cbf15b5ea749307e17c34bb1b1,2022-11,Wiltshire Police,Wiltshire Police,-1.774098,51.577354,On or near A4311,E01015509,Swindon 010B,Suspect charged
0853684fc91aa3b3d527434411eb03e915a6d1761489c61632daedc722263224,2022-11,Wiltshire Police,Wiltshire Police,-1.749313,51.547362,On or near CHESFORD CLOSE,E01015542,Swindon 020E,Unable to prosecute suspect
596ddcc29eae80889aa3ed7512a0f620652eeab91b51699682539bfde1276577,2022-11,Wiltshire Police,Wiltshire Police,-2.042377,51.283170,On or near Prison,E01031848,Wiltshire 028C,Unable to prosecute suspect
861d060c140141e249d5ffb749da73f05ce341c8e7b68ace047c4c50d0cfa133,2022-11,Wiltshire Police,Wiltshire Police,-1.789761,51.073234,On or near COLLEGE STREET,E01032014,Wiltshire 056A,Suspect charged
f9a9d5436459944ad5e5825429dbbefb6709df9998a594a484e49b471aad5bc4,2022-11,Wiltshire Police,Wiltshire Police,-2.103521,51.450691,On or near CRICKETTS LANE,E01031916,Wiltshire 014A,Unable to prosecute suspect
08ca5d90e0ab9cffb3a3ad560b982ef11f86b7eef9026808ca20d79ec4ccca20,2022-11,Wiltshire Police,Wiltshire Police,-2.319383,51.085385,On or near PORTNELL'S LANE,E01032036,Wiltshire 050C,Unable to prosecute suspect
df846490b74170c110b9ee6dd15348d5d886f556b04bbdd917a3b8457d2c2adf,2022-11,Wiltshire Police,Wiltshire Police,-2.182470,51.263469,On or near FORE STREET,E01032115,Wiltshire 040A,Unable to prosecute suspect
f495ffbdd7fbd2d961614f9053281aa9725309da982d9e802f8dcc4b3feb0c71,2022-11,Wiltshire Police,Wiltshire Police,-1.730896,51.420164,On or near Supermarket,E01031863,Wiltshire 019C,Suspect charged
4e2edd76d41b7a51d973c391285928616ffbc8ce0d9fce778a770ee18724fba7,2022-11,Wiltshire Police,Wiltshire Police,-2.179846,51.200853,On or near Park/Open Space,E01032103,Wiltshire 044A,Local resolution
f75d71cdabce8581e2219eae545b3582cb76a987de8808a60dcf712a9ccaba84,2022-11,Wiltshire Police,Wiltshire Police,-1.733819,51.417077,On or near PEWSEY ROAD,E01031865,Wiltshire 019E,Unable to prosecute suspect
1322f6f1cb650f85a12795b4acfd4c8aff56c4f6e699431812aa8d39e1e938e2,2022-11,Wiltshire Police,Wiltshire Police,-1.733819,51.417077,On or near PEWSEY ROAD,E01031865,Wiltshire 019E,Unable to prosecute suspect
9e3978b9914013c8bdb2a14fcf46987935dcc9b42754fb1786ebdf1c836cfc63,2022-11,Wiltshire Police,Wiltshire Police,-2.193998,51.264817,On or near STATION ROAD,E01032118,Wiltshire 040D,Suspect charged
39bfb1c5924aea68357d095a3a2ac1bc7ff7520f6acd473ead8a04b97a90a273,2022-11,Wiltshire Police,Wiltshire Police,-2.193998,51.264817,On or near STATION ROAD,E01032118,Wiltshire 040D,Unable to prosecute suspect
079086d864170d9952628985120b9892a546347d3fc6644dc03f83cf3c4ac5de,2022-11,Wiltshire Police,Wiltshire Police,-1.771017,51.166527,On or near WITTENHAM VIEW,E01031979,Wiltshire 048F,Unable to prosecute suspect
448e3e042ca6a3b42165b39e27e3a7260c93ef59b59159c8fd34d8d059bb7855,2022-11,Wiltshire Police,Wiltshire Police,-1.797609,51.067385,On or near HIGH STREET,E01032022,Wiltshire 058C,Suspect charged
af9f264dad1fe3fda1c527fa70028eda6c70bb913b58b816abebe5866865a894,2022-11,Wiltshire Police,Wiltshire Police,-2.188014,51.322662,On or near MALWAYN CLOSE,E01032099,Wiltshire 032A,Unable to prosecute suspect
5db5e2cf2cea9002d6efe12dee9c3ab256d1a7d724121697578659eb6f7b86ee,2022-11,Wiltshire Police,Wiltshire Police,-1.986739,51.353196,On or near ESTCOURT CRESCENT,E01031850,Wiltshire 025A,Suspect charged
2e8965ac28ddac163d91eb530ec5e656496fc8ad8c81f5edd355f839bcbad7c6,2022-11,Wiltshire Police,Wiltshire Police,-1.168370,50.852200,On or near DEANE'S PARK ROAD,E01022766,Fareham 008F,Unable to prosecute suspect
78e95510aa6ad370306aaa5b212bbfd35af0499a5ac3fac2ff13dfa535951c39,2022-11,Wiltshire Police,Wiltshire Police,-2.013087,51.442042,On or near SPRINGFIELD DRIVE,E01031897,Wiltshire 015C,Unable to prosecute suspect
1fcde8dba732948cdae925e4ead61ad4abe75d0dca924491b376ad676205b0f6,2022-11,Wiltshire Police,Wiltshire Police,-2.214189,51.325512,On or near FRANCIS STREET,E01032086,Wiltshire 031B,Suspect charged
aaea895374bbcc894729c7ebfc88007e04dc19980754b94a94c1f1eff0ded2a4,2022-11,Wiltshire Police,Wiltshire Police,-2.261724,51.351249,On or near BEAR CLOSE,E01032045,Wiltshire 027A,Suspect charged
b5435046803703a647c582d2e28475a55b65eb3e91c162de8eb0c8cd8436a4c2,2022-11,Wiltshire Police,Wiltshire Police,-1.776315,51.552074,On or near JOINER LANE,E01015534,Swindon 024B,Investigation complete; no suspect identified
95d55134a8305b26bf96f135099f9c35c288b717d7168d33e942a3424c2e10d6,2022-11,Wiltshire Police,Wiltshire Police,-1.799410,51.528046,On or near MASKELEYNE WAY,E01015586,Swindon 025D,Unable to prosecute suspect
0f708186a8154e57b5e68052e09375b0f26c0df742b2baea679e97dcfb2dc913,2022-11,Wiltshire Police,Wiltshire Police,-1.737594,51.189063,On or near GUNNER STREET,E01032696,Wiltshire 045F,Suspect charged as part of another case
826814d086e5bb9b339e1f964b9a2f0de0f4d42d8a24cbf8b146ee8898e7b0fd,2022-11,Wiltshire Police,Wiltshire Police,-2.101908,51.585798,On or near KATIFER LANE,E01031949,Wiltshire 002D,Suspect charged
e89c3162cd40f8b60d9d907927fca8f61e788c79c967ff905c290388af9e233a,2022-11,Wiltshire Police,Wiltshire Police,-1.625133,51.251575,On or near JOHNSON WAY,E01031878,Wiltshire 041C,Unable to prosecute suspect
a2761eaa617ce8878f1bbe35708066f24c8b802a98c45a18f8a9bbea16dfedab,2022-11,Wiltshire Police,Wiltshire Police,-2.186666,51.262653,On or near SAXON CLOSE,E01032115,Wiltshire 040A,Unable to prosecute suspect
5da926b63a657de607da1a27581e09f955581fac37ed014902256772eb4499ee,2022-11,Wiltshire Police,Wiltshire Police,-1.838729,51.554020,On or near WENTWORTH PARK,E01015500,Swindon 018B,Unable to prosecute suspect
0f7813c1a5ab0a836797a65a6a310d012c4440d12a0ee53e76a8a5b8c57dbc8e,2022-11,Wiltshire Police,Wiltshire Police,-1.785196,51.561954,On or near Shopping Area,E01015476,Swindon 015B,Further action is not in the public interest
57b408745389c4b172410a3817c1855395af51de6c69fa29e6c57740816cea66,2022-11,Wiltshire Police,Wiltshire Police,-1.771515,51.562990,On or near A4259,E01015479,Swindon 017A,Unable to prosecute suspect
ad4816921a2d8c4c1e8f5ab7c53e41dec4dcd99f1e5b5b05dbb903dfe7725306,2022-11,Wiltshire Police,Wiltshire Police,-2.259621,51.352611,On or near THE ELMS,E01032047,Wiltshire 027C,Unable to prosecute suspect
ab64eefa34e8b552cfc87c74e7ed0b07ec2b441e61b85c0af2c55fe458cd6550,2022-11,Wiltshire Police,Wiltshire Police,-2.257285,51.348301,On or near BUDBURY CLOSE,E01032047,Wiltshire 027C,Unable to prosecute suspect
a770389ef15394fa6ca528a6b81e038521156895d75383756b00e6fcc0e36573,2022-11,Wiltshire Police,Wiltshire Police,-1.979600,51.360091,On or near Shopping Area,E01032693,Wiltshire 025H,Suspect charged
fc59d8d338497d780dcf7e9401c6848134bdb1128d183f147f65854db59ad9e4,2022-11,Wiltshire Police,Wiltshire Police,-1.785276,51.581664,On or near LIMES AVENUE,E01015507,Swindon 007B,Suspect charged
19839c7d5b39d60a45556a79de2444ebeedb8a2121d5df21311faee556fecf8b,2022-11,Wiltshire Police,Wiltshire Police,-1.773097,51.080693,On or near ELM CLOSE,E01032012,Wiltshire 057C,Further action is not in the public interest
147d9bd11f437f62a2af25046d6f7cf5326876b00ef1c1ba3df9d3dbd7ab2a08,2022-11,Wiltshire Police,Wiltshire Police,-2.205291,51.341695,On or near LITTLEBROOK,E01032078,Wiltshire 030B,Suspect charged
a4c0bf6630da5fcdedd7cfaa7aaf58525afe42918f9ecc3f545b2b4d47555a8a,2022-11,Wiltshire Police,Wiltshire Police,-1.836290,51.578644,On or near WEBBS WOOD,E01015563,Swindon 011B,Unable to prosecute suspect
f594dd08cf6e94469ee41d39d818de755755e9049525968a992a76119e06ffea,2022-11,Wiltshire Police,Wiltshire Police,-1.625133,51.251575,On or near JOHNSON WAY,E01031878,Wiltshire 041C,Suspect charged
89884325effbec7b98ad21028bd7d92f5ed34240ca72b3617a797f270ef4a5d5,2022-11,Wiltshire Police,Wiltshire Police,-2.138730,51.373381,On or near Supermarket,E01032068,Wiltshire 022D,Suspect charged
5613af78367c3a599be92466e8444a016ab5a173e182553e898071f12bab8e3f,2022-11,Wiltshire Police,Wiltshire Police,-2.213021,51.324471,On or near WESTCROFT STREET,E01032086,Wiltshire 031B,Suspect charged
eaf8e5c32e1af3ec6535ed5d6d032a2a6e5e3a2fe7401fc0c5ce75e1315a81a1,2022-11,Wiltshire Police,Wiltshire Police,-1.754204,51.562937,On or near CECIL ROAD,E01015572,Swindon 016B,Unable to prosecute suspect
f3e324ffee83a6a62a4dc57ae30c1d3d04a35e899804573f19ebb90800ec75e6,2022-11,Wiltshire Police,Wiltshire Police,-1.754204,51.562937,On or near CECIL ROAD,E01015572,Swindon 016B,Unable to prosecute suspect
e966b0d242e8315a88da1497e8f5cd693b1cbce3aac0ad641ddd89dbc8bd63e3,2022-11,Wiltshire Police,Wiltshire Police,-2.093932,51.343798,On or near Conference/Exhibition Centre,E01031876,Wiltshire 028E,Suspect charged
d1ed130b4d76e403e7eed31fd8945df5c8a3fc4903449add1c6fb4683789d3c6,2022-11,Wiltshire Police,Wiltshire Police,-1.665146,51.242641,On or near Police Station,E01032697,Wiltshire 041G,Unable to prosecute suspect
57dfc5e7d892d29f30797c09bf121ffd34ff898d34c4690a3e605a143d5294b7,2022-11,Wiltshire Police,Wiltshire Police,-2.115669,51.463169,On or near Shopping Area,E01031912,Wiltshire 011B,Unable to prosecute suspect
1f3bcf93c0d26221cb0949bfcc322d48d16e40c869eeccd15bcf034018d5e510,2022-11,Wiltshire Police,Wiltshire Police,-2.175030,51.342329,On or near WHADDON LANE,E01032077,Wiltshire 030A,Unable to prosecute suspect
8e210b8de5124bd00a15b5bffdff6740ec3c753fd9997fc07618299dd450ee97,2022-11,Wiltshire Police,Wiltshire Police,-1.726861,51.544525,On or near RIDGE NETHER MOOR,E01015490,Swindon 023D,Unable to prosecute suspect
2edb8c5441fa17b1a225108d53c536bf476fd3903b826178ec1f23a95c7ebd72,2022-11,Wiltshire Police,Wiltshire Police,-2.205304,51.322084,On or near BREWERY WALK,E01032101,Wiltshire 032C,Investigation complete; no suspect identified
792879f5a02798d2863213dd78f81940def3b28943c6024ca931abce07bcf055,2022-11,Wiltshire Police,Wiltshire Police,-1.793292,51.554947,On or near EXMOUTH STREET,E01015498,Swindon 021B,Investigation complete; no suspect identified
44d0971c322d9c21ed873e8e0b90c5190c20212c43576eb3a61e8f1b9fc5bf0d,2022-11,Wiltshire Police,Wiltshire Police,-1.807781,51.553002,On or near CAEN VIEW,E01015478,Swindon 021A,Investigation complete; no suspect identified
f66d8c3345dc14c4c4da789092f3799fcd0efcc61fea8d75c9c1bc3993e473f7,2022-11,Wiltshire Police,Wiltshire Police,-1.744732,51.551614,On or near PAKENHAM ROAD,E01015539,Swindon 020B,Investigation complete; no suspect identified
38fe9aa1aa1514b47645121b37ca23232131449475aad28da67606fc8a3525dd,2022-11,Wiltshire Police,Wiltshire Police,-2.200444,51.313254,On or near HEWITT CLOSE,E01032093,Wiltshire 035B,Suspect charged
67d0852e99739182da6d4a05af21b1f067bb382953c39027d8ae3472ea1bd641,2022-11,Wiltshire Police,Wiltshire Police,-2.181287,51.207002,On or near THE AVENUE,E01032108,Wiltshire 042D,Unable to prosecute suspect
6d7b633fe002a4853b1323997acc8cdc4e40987a42c534bb0fb9dbabffd33c19,2022-11,Wiltshire Police,Wiltshire Police,-1.763168,51.163292,On or near POUNCETTE CLOSE,E01031976,Wiltshire 048C,Suspect charged
f49292a2df5bdafaf561e6eab8cedfced7d197910b3fb56860f9d3bb783dd161,2022-11,Wiltshire Police,Wiltshire Police,-1.779385,51.561350,On or near Parking Area,E01032714,Swindon 019E,Suspect charged
3526eceb994eda193d2ce0605314ec20384d90e2e892fe8ca7ddf2ae3db8732f,2022-11,Wiltshire Police,Wiltshire Police,-1.803151,51.069606,On or near WEST STREET,E01032022,Wiltshire 058C,Unable to prosecute suspect
