Crime ID,Month,Reported by,Falls within,Longitude,Latitude,Location,LSOA code,LSOA name,Crime type,Last outcome category,Context
821966184e3e9857ea6e136998b1bac35f8f4ae734013a095182acb3563dbfe5,2021-05,Humberside Police,Humberside Police,-0.957546,53.657785,On or near Johnny Moor Long Lane,E01007632,Doncaster 001A,Other theft,Investigation complete; no suspect identified,
62f47874a59abba6d3fb0cd9506f86bca2369d9b31ed75db28d74b7f292adcf1,2021-05,Humberside Police,Humberside Police,-0.066618,53.510338,On or near Edinburgh Drive,E01026063,East Lindsey 001D,Violence and sexual offences,Investigation complete; no suspect identified,
f1436a61adbd7335411f742eb9d2de42b885f1fec992c9728414eeac88b4f975,2021-05,Humberside Police,Humberside Police,-0.066618,53.510338,On or near Edinburgh Drive,E01026063,East Lindsey 001D,Violence and sexual offences,Unable to prosecute suspect,
dbfab50592bfbe2f78cbc008cc95c052fe9d659b0bf41f6439bbd8a610a762c9,2021-05,Humberside Police,Humberside Police,-0.066618,53.510338,On or near Edinburgh Drive,E01026063,East Lindsey 001D,Violence and sexual offences,Unable to prosecute suspect,
12a9fb46e59f2eeea70f0b48e3f4ca4323ec7289a1381438b10b278a404c217f,2021-05,Humberside Police,Humberside Police,-0.066618,53.510338,On or near Edinburgh Drive,E01026063,East Lindsey 001D,Violence and sexual offences,Unable to prosecute suspect,
8c6b1384900858098a7a1eab7e36c2c5e754867e504d078c2ae0a0c5513e5a63,2021-05,Humberside Police,Humberside Police,-0.066618,53.510338,On or near Edinburgh Drive,E01026063,East Lindsey 001D,Violence and sexual offences,Unable to prosecute suspect,
b69b83f8899ce9026c05a98410e1577c54ee3435a5a2e201a49856f9c172b652,2021-05,Humberside Police,Humberside Police,-0.066618,53.510338,On or near Edinburgh Drive,E01026063,East Lindsey 001D,Other crime,Further action is not in the public interest,
22ad923da5a13005f3c7fe7152361ed51196282a8be2f62a5e3cff9eeebe6c22,2021-05,Humberside Police,Humberside Police,-0.176066,54.130054,On or near Clarke Crescent,E01012933,East Riding of Yorkshire 001A,Criminal damage and arson,Investigation complete; no suspect identified,
40fdb3b68649840fe69e31e9ffefab9308f71e4d0a9a3c281be3a15aa985af57,2021-05,Humberside Police,Humberside Police,-0.173942,54.139029,On or near Cliff Lane,E01012933,East Riding of Yorkshire 001A,Other theft,Investigation complete; no suspect identified,
61157d65f52a35b0e5d3c47f08fedbe20c6c60bc4ef09ad27b3a2e885f7c2dc6,2021-05,Humberside Police,Humberside Police,-0.182804,54.133824,On or near Walmsley Close,E01012933,East Riding of Yorkshire 001A,Public order,Investigation complete; no suspect identified,
75024d04212dc30e8308b07eb49b19d135dc9a32d647766e6156aa42444b2ecd,2021-05,Humberside Police,Humberside Police,-0.205013,54.100916,On or near Pinfold Grove,E01012934,East Riding of Yorkshire 001B,Other theft,Investigation complete; no suspect identified,
5eb7a5ee9403ff05e9387b1ce492fb50c6579cbe7e6b726ab67dd9261b0c9253,2021-05,Humberside Police,Humberside Police,-0.210736,54.095869,On or near Petrol Station,E01012934,East Riding of Yorkshire 001B,Other theft,Unable to prosecute suspect,
54c518d1edc009593b92cef2fb020cd6bc45e311c68c6ec921f5bf9e64ef1d3c,2021-05,Humberside Police,Humberside Police,-0.212345,54.095452,On or near Nursery Grove,E01012934,East Riding of Yorkshire 001B,Public order,Investigation complete; no suspect identified,
29e347664a21e9c6161c9da08c53299255c9fcc494800d22714d1a6f3e5edd74,2021-05,Humberside Police,Humberside Police,-0.210736,54.095869,On or near Petrol Station,E01012934,East Riding of Yorkshire 001B,Shoplifting,Unable to prosecute suspect,
fc85016bd546f04c57fdb67158cbc9d9cb041badcc265e2ee424f3369c103526,2021-05,Humberside Police,Humberside Police,-0.210736,54.095869,On or near Petrol Station,E01012934,East Riding of Yorkshire 001B,Shoplifting,Investigation complete; no suspect identified,
,2021-05,Humberside Police,Humberside Police,-0.194053,54.103593,On or near Amy Johnson Avenue,E01012938,East Riding of Yorkshire 001C,Anti-social behaviour,,
,2021-05,Humberside Police,Humberside Police,-0.201317,54.103989,On or near Kirkham Road,E01012938,East Riding of Yorkshire 001C,Anti-social behaviour,,
094dd16afbae267ae180a928f5c7f44f2f697eafaa96dfc63d676399b6734d53,2021-05,Humberside Police,Humberside Police,-0.196057,54.105708,On or near Coniston Close,E01012938,East Riding of Yorkshire 001C,Drugs,Court result unavailable,
8df1944bc877cc7df3127027e454a7bef56ecc2d5d819a16f2d79d1c75f64ec2,2021-05,Humberside Police,Humberside Police,-0.198605,54.106196,On or near Nostell Grove,E01012938,East Riding of Yorkshire 001C,Public order,Unable to prosecute suspect,
f327ae784f4d5ad7c8f5d9add5cb1d5d34145704f2147c8929f6ff8d6b445053,2021-05,Humberside Police,Humberside Police,-0.197963,54.106186,On or near Nostell Way,E01012938,East Riding of Yorkshire 001C,Violence and sexual offences,Unable to prosecute suspect,
6e60ee87215417ed8c69039a2cbe24a2d2f4dfc7c68d782991239e0d1316e84c,2021-05,Humberside Police,Humberside Police,-0.181178,54.104549,On or near Waterdale Close,E01012939,East Riding of Yorkshire 001D,Public order,Unable to prosecute suspect,
b46c753594bf24665b517b13227b5152c1fdc72d47da38762cb4a56da059823a,2021-05,Humberside Police,Humberside Police,-0.174734,54.106753,On or near The Glimpse,E01012939,East Riding of Yorkshire 001D,Violence and sexual offences,Unable to prosecute suspect,
,2021-05,Humberside Police,Humberside Police,-0.190046,54.100782,On or near Aysgarth Rise,E01012940,East Riding of Yorkshire 001E,Anti-social behaviour,,
88686ba424238f54adc1243c7349106238c664f68739676dc51992de1b817d5e,2021-05,Humberside Police,Humberside Police,-0.187591,54.099909,On or near Supermarket,E01012940,East Riding of Yorkshire 001E,Criminal damage and arson,Unable to prosecute suspect,
822132563d36e422064dec6095820800f2514eac19c40c3ee0a7cda13705b53d,2021-05,Humberside Police,Humberside Police,-0.184052,54.100035,On or near Sports/Recreation Area,E01012940,East Riding of Yorkshire 001E,Public order,Action to be taken by another organisation,
e2b23d1d1d2d43c1477211f47ad54132e0dd8ad1551744d160814eb235a14aef,2021-05,Humberside Police,Humberside Police,-0.187591,54.099909,On or near Supermarket,E01012940,East Riding of Yorkshire 001E,Shoplifting,Unable to prosecute suspect,
c9a37d38b15d4d872244f665b4da2190422426523d5c9d197ef7f908cba17b41,2021-05,Humberside Police,Humberside Police,-0.192422,54.098885,On or near Bempton Drive,E01012940,East Riding of Yorkshire 001E,Shoplifting,Investigation complete; no suspect identified,
8d0f82a2c9cbfd8e000710061c1db0fe5a220ad2ba5f6c886d495a8c3351b44a,2021-05,Humberside Police,Humberside Police,-0.190046,54.100782,On or near Aysgarth Rise,E01012940,East Riding of Yorkshire 001E,Violence and sexual offences,Unable to prosecute suspect,
debaecf111dd5dae6ed8020039cddf8e569f9f3c5032251df75619fff5823169,2021-05,Humberside Police,Humberside Police,-0.187591,54.099909,On or near Supermarket,E01012940,East Riding of Yorkshire 001E,Violence and sexual offences,Unable to prosecute suspect,
395c4b8a1124afedf3a0ca92a4779111e941e18ec5d59d79551915c78c559ae2,2021-05,Humberside Police,Humberside Police,-0.184274,54.103356,On or near Glaisdale Close,E01012940,East Riding of Yorkshire 001E,Violence and sexual offences,Unable to prosecute suspect,
7d6700437a61b4394053898909e9141b9bb2aad238e5061022ac17bb5cbdcafd,2021-05,Humberside Police,Humberside Police,-0.196677,54.099173,On or near Redwood Close,E01012941,East Riding of Yorkshire 001F,Criminal damage and arson,Action to be taken by another organisation,
a336fc83d4d11c4c52c42261d271e3ca1c4fa3be87eb10d6b2083659b6c98716,2021-05,Humberside Police,Humberside Police,-0.198543,54.102330,On or near Thoresby Avenue,E01012941,East Riding of Yorkshire 001F,Other theft,Investigation complete; no suspect identified,
1667b9badd494d9aa8c13a6d25a200e4bfda0ffa313cdc8472fb53eb06e9f470,2021-05,Humberside Police,Humberside Police,-0.198543,54.102330,On or near Thoresby Avenue,E01012941,East Riding of Yorkshire 001F,Other theft,Investigation complete; no suspect identified,
dd637e309aa6aeee9188cd74b19b600fb4370cde7d42aebf23c45866c40d49f5,2021-05,Humberside Police,Humberside Police,-0.199068,54.097286,On or near Marton Road,E01012941,East Riding of Yorkshire 001F,Other theft,Unable to prosecute suspect,
da082dbfc4f6dba57e5f134c61ff48b96e402ca9402de04b6f28f2dc372b7ab8,2021-05,Humberside Police,Humberside Police,-0.203622,54.100904,On or near Pinfold Gardens,E01012941,East Riding of Yorkshire 001F,Violence and sexual offences,Unable to prosecute suspect,
f168f5f3e8350a887e64d010dc97a9541ed8c2856186f6495ed291003510ceff,2021-05,Humberside Police,Humberside Police,-0.199502,54.102802,On or near Trentham Mews,E01012941,East Riding of Yorkshire 001F,Violence and sexual offences,Unable to prosecute suspect,
,2021-05,Humberside Police,Humberside Police,-0.206441,54.091580,On or near Neptune Drive,E01012929,East Riding of Yorkshire 002A,Anti-social behaviour,,
,2021-05,Humberside Police,Humberside Police,-0.197024,54.096806,On or near Sewerby Crescent,E01012929,East Riding of Yorkshire 002A,Anti-social behaviour,,
,2021-05,Humberside Police,Humberside Police,-0.197976,54.091777,On or near St Mary'S Walk,E01012929,East Riding of Yorkshire 002A,Anti-social behaviour,,
,2021-05,Humberside Police,Humberside Police,-0.197024,54.096806,On or near Sewerby Crescent,E01012929,East Riding of Yorkshire 002A,Anti-social behaviour,,
,2021-05,Humberside Police,Humberside Police,-0.204058,54.093288,On or near Baylegate,E01012929,East Riding of Yorkshire 002A,Anti-social behaviour,,
acce402be7fa2be568568d4f975ce787b446ce6642504c42c11500017315ae3d,2021-05,Humberside Police,Humberside Police,-0.206222,54.090264,On or near Victory Way,E01012929,East Riding of Yorkshire 002A,Bicycle theft,Investigation complete; no suspect identified,
d541998dca65efa8866abb5b62df97f1b051b64f3ad9c5be624befb4fe040ba0,2021-05,Humberside Police,Humberside Police,-0.203956,54.092118,On or near Supermarket,E01012929,East Riding of Yorkshire 002A,Other theft,Investigation complete; no suspect identified,
fc6c58566237719e47c1001d0f7fc1bcad2f798e311b14984fb1c30c047aeffc,2021-05,Humberside Police,Humberside Police,-0.196581,54.095397,On or near Great Meadow Road,E01012929,East Riding of Yorkshire 002A,Public order,Unable to prosecute suspect,
7e00ed659c4a452b5d0e11a765d6e2578bc0d5575cd38f58ba8573c2b3a33371,2021-05,Humberside Police,Humberside Police,-0.203956,54.092118,On or near Supermarket,E01012929,East Riding of Yorkshire 002A,Shoplifting,Investigation complete; no suspect identified,
f23b908af242544f51c0d6aa2e4e7d6200612ad4293b707669fe14d8ecb24a7e,2021-05,Humberside Police,Humberside Police,-0.203956,54.092118,On or near Supermarket,E01012929,East Riding of Yorkshire 002A,Shoplifting,Investigation complete; no suspect identified,
38674612b0bab3f49ccfd678c7284d671956397725e824d30f03598f6c3e3ba6,2021-05,Humberside Police,Humberside Police,-0.203956,54.092118,On or near Supermarket,E01012929,East Riding of Yorkshire 002A,Shoplifting,Investigation complete; no suspect identified,
0a636f00357774bbbd08c3cd4464295933fb32e04a4aab9c72840bf9c5486db9,2021-05,Humberside Police,Humberside Police,-0.195036,54.092929,On or near St Georges Croft,E01012929,East Riding of Yorkshire 002A,Violence and sexual offences,Unable to prosecute suspect,
b411946df5dbb27def5914ee4d894a3399a10cede051e2b74974600537562017,2021-05,Humberside Police,Humberside Police,-0.204058,54.093288,On or near Baylegate,E01012929,East Riding of Yorkshire 002A,Violence and sexual offences,Further action is not in the public interest,
6c0bc0496ca0c4f6f4487cd643bd9716c216385eec6c393b8011aa7fb41f292a,2021-05,Humberside Police,Humberside Police,-0.195036,54.092929,On or near St Georges Croft,E01012929,East Riding of Yorkshire 002A,Violence and sexual offences,Unable to prosecute suspect,
6756487c1d1f86f1f58a5210979a7e03e2ebf1f5ddcc277bb801f8dd76ee3526,2021-05,Humberside Police,Humberside Police,-0.204058,54.093288,On or near Baylegate,E01012929,East Riding of Yorkshire 002A,Violence and sexual offences,Investigation complete; no suspect identified,
,2021-05,Humberside Police,Humberside Police,-0.189479,54.095883,On or near St Augustine'S Grove,E01012930,East Riding of Yorkshire 002B,Anti-social behaviour,,
,2021-05,Humberside Police,Humberside Police,-0.189479,54.095883,On or near St Augustine'S Grove,E01012930,East Riding of Yorkshire 002B,Anti-social behaviour,,
,2021-05,Humberside Police,Humberside Police,-0.186030,54.098168,On or near Sports/Recreation Area,E01012935,East Riding of Yorkshire 002C,Anti-social behaviour,,
,2021-05,Humberside Police,Humberside Police,-0.175866,54.098033,On or near Greame Road,E01012935,East Riding of Yorkshire 002C,Anti-social behaviour,,
,2021-05,Humberside Police,Humberside Police,-0.186244,54.094324,On or near St Columba Road,E01012935,East Riding of Yorkshire 002C,Anti-social behaviour,,
6ffc1b8d308210fabe5bc53385a426dd515f2ea26d3824f4c91aacbf1c22a1a8,2021-05,Humberside Police,Humberside Police,-0.184921,54.094152,On or near Lambert Road,E01012935,East Riding of Yorkshire 002C,Criminal damage and arson,Unable to prosecute suspect,
e23fa7a455572e0257ad65a6b075c2bd4b911d08f3430e63435916c39d793e38,2021-05,Humberside Police,Humberside Police,-0.175866,54.098033,On or near Greame Road,E01012935,East Riding of Yorkshire 002C,Other theft,Investigation complete; no suspect identified,
65a83e8ca32af3cf1760cd11813f1382f20a891dc262668480926b225f0d2b70,2021-05,Humberside Police,Humberside Police,-0.187599,54.094102,On or near Fortyfoot,E01012935,East Riding of Yorkshire 002C,Public order,Unable to prosecute suspect,
5998139864cf9ecd7ba9a128af1d70bfa4949aaff322e47de0d6db2a2ca0352e,2021-05,Humberside Police,Humberside Police,-0.186244,54.094324,On or near St Columba Road,E01012935,East Riding of Yorkshire 002C,Violence and sexual offences,Action to be taken by another organisation,
85a55e6d53128e73fc66001a25e9e11b4b30658c8bee8ca2e6e4b309935ba271,2021-05,Humberside Police,Humberside Police,-0.186244,54.094324,On or near St Columba Road,E01012935,East Riding of Yorkshire 002C,Violence and sexual offences,Unable to prosecute suspect,
d4881cb4c614e1593a92854c96d39264b73b1a8e0869bfdc5c0305fb14935331,2021-05,Humberside Police,Humberside Police,-0.186244,54.094324,On or near St Columba Road,E01012935,East Riding of Yorkshire 002C,Violence and sexual offences,Unable to prosecute suspect,
,2021-05,Humberside Police,Humberside Police,-0.124727,54.114919,On or near Tower Street,E01012937,East Riding of Yorkshire 002D,Anti-social behaviour,,
4d15f4e89ed5631275d56480c0785dfd658b74f86b6fcc87517f06b6a465fc52,2021-05,Humberside Police,Humberside Police,-0.126356,54.115430,On or near Castle Crescent,E01012937,East Riding of Yorkshire 002D,Criminal damage and arson,Investigation complete; no suspect identified,
5bf6a85aa8aaefdf63daf4612b403d5bd1ffacd0017364673167760722811d42,2021-05,Humberside Police,Humberside Police,-0.123606,54.117382,On or near High Street,E01012937,East Riding of Yorkshire 002D,Public order,Investigation complete; no suspect identified,
f218c098a68c70b1389b2462833af53347674630b3846c65bcecbf12b8f0315d,2021-05,Humberside Police,Humberside Police,-0.125353,54.119001,On or near Gull Nook,E01012937,East Riding of Yorkshire 002D,Violence and sexual offences,Local resolution,
b0091d205bc559eee3dd635c3cdc069f6887299540deb5ab376a31450e2663aa,2021-05,Humberside Police,Humberside Police,-0.119770,54.116253,On or near Stylefield Road,E01012937,East Riding of Yorkshire 002D,Violence and sexual offences,Unable to prosecute suspect,
d066a1423eeda9234210db23c56756c314552c61da88d3211be95fe301ef1853,2021-05,Humberside Police,Humberside Police,-0.119770,54.116253,On or near Stylefield Road,E01012937,East Riding of Yorkshire 002D,Violence and sexual offences,Unable to prosecute suspect,
6eebfc8440ce33012466cafb5e438ec6590a9c14d449cbfd8a71b53dd32c5a15,2021-05,Humberside Police,Humberside Police,-0.125882,54.119836,On or near High Holme,E01012937,East Riding of Yorkshire 002D,Violence and sexual offences,Further action is not in the public interest,
fb94cfa723885f31b975673de6c5464b4be924667775796720c01be090399da7,2021-05,Humberside Police,Humberside Police,-0.125882,54.119836,On or near High Holme,E01012937,East Riding of Yorkshire 002D,Violence and sexual offences,Further action is not in the public interest,
,2021-05,Humberside Police,Humberside Police,-0.162577,54.104923,On or near High Sewerby Road,E01012942,East Riding of Yorkshire 002E,Anti-social behaviour,,
cb6a7f8055c2cf9bb850ba8601ed269a57da1dfd05b85eb5efb850dc6bbd2fd4,2021-05,Humberside Police,Humberside Police,-0.176701,54.102351,On or near Beacon Road,E01012942,East Riding of Yorkshire 002E,Violence and sexual offences,Unable to prosecute suspect,
0e437cf41d5be71af624ee8d1fa8d2cb7f636fef54aca848e7b4eade93d720ee,2021-05,Humberside Police,Humberside Police,-0.176701,54.102351,On or near Beacon Road,E01012942,East Riding of Yorkshire 002E,Violence and sexual offences,Unable to prosecute suspect,
,2021-05,Humberside Police,Humberside Police,-0.214028,54.092574,On or near Leys Court,E01012928,East Riding of Yorkshire 003A,Anti-social behaviour,,
,2021-05,Humberside Police,Humberside Police,-0.215767,54.095539,On or near Auburn Close,E01012928,East Riding of Yorkshire 003A,Anti-social behaviour,,
,2021-05,Humberside Police,Humberside Police,-0.211049,54.091091,On or near Field Road,E01012928,East Riding of Yorkshire 003A,Anti-social behaviour,,
,2021-05,Humberside Police,Humberside Police,-0.212757,54.099746,On or near Cleeton Way,E01012928,East Riding of Yorkshire 003A,Anti-social behaviour,,
,2021-05,Humberside Police,Humberside Police,-0.215767,54.095539,On or near Auburn Close,E01012928,East Riding of Yorkshire 003A,Anti-social behaviour,,
,2021-05,Humberside Police,Humberside Police,-0.214028,54.092574,On or near Leys Court,E01012928,East Riding of Yorkshire 003A,Anti-social behaviour,,
14613411de27cae27a5422aac27e1b3a6b6fa193c5ab4aa8952d2baacd1b5441,2021-05,Humberside Police,Humberside Police,-0.211049,54.091091,On or near Field Road,E01012928,East Riding of Yorkshire 003A,Criminal damage and arson,Investigation complete; no suspect identified,
36b2c2c9f8172b849bc9e97a0cc9677e0f2e48c63a7386b23903b64653689b36,2021-05,Humberside Police,Humberside Police,-0.214028,54.092574,On or near Leys Court,E01012928,East Riding of Yorkshire 003A,Criminal damage and arson,Investigation complete; no suspect identified,
42deaef1b4f0e0de6748815854aa1ad81c30becdbb464fcadc58c2dd7a7ad2aa,2021-05,Humberside Police,Humberside Police,-0.217836,54.094006,On or near Boynton Avenue,E01012928,East Riding of Yorkshire 003A,Criminal damage and arson,Investigation complete; no suspect identified,
bd475654be0670ab51e289c0d642a054325da240f018a3d7ec57439e007f7b17,2021-05,Humberside Police,Humberside Police,-0.214028,54.092574,On or near Leys Court,E01012928,East Riding of Yorkshire 003A,Criminal damage and arson,Unable to prosecute suspect,
f8ed6e8cc232cfe65311827ddce16fd39954e0cb26b6ef4ab1e0054b363948c3,2021-05,Humberside Police,Humberside Police,-0.210965,54.091971,On or near Medforth Road,E01012928,East Riding of Yorkshire 003A,Public order,Further investigation is not in the public interest,
a694b7823ea3ba7cfa942d4dc2d288637d9616ef7d5b87f23e07d91f1e840081,2021-05,Humberside Police,Humberside Police,-0.212777,54.093571,On or near Westgate,E01012928,East Riding of Yorkshire 003A,Public order,Investigation complete; no suspect identified,
6bfdda8a045d62d5035cd1d6ffaddcd3d716ee87521d53b613bd54fbf2d2eac1,2021-05,Humberside Police,Humberside Police,-0.212719,54.097768,On or near Northorpe Rise,E01012928,East Riding of Yorkshire 003A,Public order,Investigation complete; no suspect identified,
c205bb9fded87803bb4cfa66cbb5f92fdea7b0f1e406ca08ec0d2cb9f6f5335c,2021-05,Humberside Police,Humberside Police,-0.212719,54.097768,On or near Northorpe Rise,E01012928,East Riding of Yorkshire 003A,Public order,Investigation complete; no suspect identified,
fc03e22d83f6d35dbe267412523439a388cb3fdf798d0b8d34ea8bd1112c9435,2021-05,Humberside Police,Humberside Police,-0.212777,54.093571,On or near Westgate,E01012928,East Riding of Yorkshire 003A,Theft from the person,Status update unavailable,
c82400a0abd6e5f2dacf8562c0ccaf5d8c79baab8a19cf3c15cfe0feed964844,2021-05,Humberside Police,Humberside Police,-0.212757,54.099746,On or near Cleeton Way,E01012928,East Riding of Yorkshire 003A,Violence and sexual offences,Unable to prosecute suspect,
02b048db024b4417bc2e0980b8239975e8b932c278a87f9cb963e572b5bf6219,2021-05,Humberside Police,Humberside Police,-0.214136,54.100027,On or near Ravenspurn,E01012928,East Riding of Yorkshire 003A,Violence and sexual offences,Action to be taken by another organisation,
d19a0b57c5acba89c58256db89a1a75872e91b5d027f2f8ef22a9d2bdff90d3b,2021-05,Humberside Police,Humberside Police,-0.217836,54.094006,On or near Boynton Avenue,E01012928,East Riding of Yorkshire 003A,Violence and sexual offences,Local resolution,
010a9471506582ee0f727c95bec6982670f69c139ebb6fc267326cd262c1adb8,2021-05,Humberside Police,Humberside Police,-0.214136,54.100027,On or near Ravenspurn,E01012928,East Riding of Yorkshire 003A,Violence and sexual offences,Court result unavailable,
e287e4139c8dfb3cb3a4ea7ec4eba75f4458e967795e04247caafd6021faab6b,2021-05,Humberside Police,Humberside Police,-0.211049,54.091091,On or near Field Road,E01012928,East Riding of Yorkshire 003A,Violence and sexual offences,Unable to prosecute suspect,
9d1bd9f631f212cb68da7e33e5c796b5fde0beceec3ccb405cd0a787e7ea1ebc,2021-05,Humberside Police,Humberside Police,-0.215767,54.095539,On or near Auburn Close,E01012928,East Riding of Yorkshire 003A,Violence and sexual offences,Unable to prosecute suspect,
33ee2b9bc04b0e2b00e47ee263483a4f98a4baf7fa88edc0e6b73c7937d3d52f,2021-05,Humberside Police,Humberside Police,-0.214136,54.100027,On or near Ravenspurn,E01012928,East Riding of Yorkshire 003A,Violence and sexual offences,Unable to prosecute suspect,
fb6d552d1c8366b9ec068118e86946da3a44f1f1ae3f925f7968eb8154adafa7,2021-05,Humberside Police,Humberside Police,-0.214757,54.094122,On or near Lowood Drive,E01012928,East Riding of Yorkshire 003A,Violence and sexual offences,Status update unavailable,
119710ac93ba724639e4f7232150274718fe7a76ab41caaeea83401ae406dc3a,2021-05,Humberside Police,Humberside Police,-0.214028,54.092574,On or near Leys Court,E01012928,East Riding of Yorkshire 003A,Violence and sexual offences,Unable to prosecute suspect,
1a8fb95333b63087dba9725632127b5ee183972020ffae690603548a8eba2d8b,2021-05,Humberside Police,Humberside Police,-0.215767,54.095539,On or near Auburn Close,E01012928,East Riding of Yorkshire 003A,Violence and sexual offences,Unable to prosecute suspect,
27cdc6f7c368c861a88552d5c1ca070a5de547b37c280afe2855f6d4be558673,2021-05,Humberside Police,Humberside Police,-0.214136,54.100027,On or near Ravenspurn,E01012928,East Riding of Yorkshire 003A,Violence and sexual offences,Unable to prosecute suspect,
5afdaa5f555d5f4edb8587118a93b45c4b31201ae7f2bf514bb858f8cdb88629,2021-05,Humberside Police,Humberside Police,-0.217836,54.094006,On or near Boynton Avenue,E01012928,East Riding of Yorkshire 003A,Violence and sexual offences,Local resolution,
bc8bc64a3f1939c07ea4698808cee41898e768599f705174e4793ee5f3e7394a,2021-05,Humberside Police,Humberside Police,-0.213331,54.097058,On or near Southorpe Close,E01012928,East Riding of Yorkshire 003A,Violence and sexual offences,Unable to prosecute suspect,
3d627e195baacae74f8de4ddba998742c619f406758cdec2738d20907f05f218,2021-05,Humberside Police,Humberside Police,-0.212719,54.097768,On or near Northorpe Rise,E01012928,East Riding of Yorkshire 003A,Violence and sexual offences,Unable to prosecute suspect,
33b823442ce298c39332093c2a9f0f891adfffc39157af693b4f143be4546f83,2021-05,Humberside Police,Humberside Police,-0.210965,54.091971,On or near Medforth Road,E01012928,East Riding of Yorkshire 003A,Violence and sexual offences,Court result unavailable,
4ae1f1c69a7e9dc7a2ed36ba375717cd1c7fc39617ea5192467518e7ea538087,2021-05,Humberside Police,Humberside Police,-0.213331,54.097058,On or near Southorpe Close,E01012928,East Riding of Yorkshire 003A,Violence and sexual offences,Unable to prosecute suspect,
64264230c6ec78095c561acd10ca1fee8feeb78c930d283316e6363420f271b2,2021-05,Humberside Police,Humberside Police,-0.215767,54.095539,On or near Auburn Close,E01012928,East Riding of Yorkshire 003A,Violence and sexual offences,Local resolution,
f438114527529a25c8554a3d83b961c7c977cc581dd7a350ae4a7dd58ea81b49,2021-05,Humberside Police,Humberside Police,-0.214028,54.092574,On or near Leys Court,E01012928,East Riding of Yorkshire 003A,Violence and sexual offences,Unable to prosecute suspect,
,2021-05,Humberside Police,Humberside Police,-0.203355,54.092568,On or near Baptist Place,E01012931,East Riding of Yorkshire 003B,Anti-social behaviour,,
,2021-05,Humberside Police,Humberside Police,-0.204544,54.094419,On or near North Back Lane,E01012931,East Riding of Yorkshire 003B,Anti-social behaviour,,
,2021-05,Humberside Police,Humberside Police,-0.203355,54.092568,On or near Baptist Place,E01012931,East Riding of Yorkshire 003B,Anti-social behaviour,,
,2021-05,Humberside Police,Humberside Police,-0.204544,54.094419,On or near North Back Lane,E01012931,East Riding of Yorkshire 003B,Anti-social behaviour,,
d3578b794301ca72a858c0954b96784c88ce17b46d6099daafab7d3661e6b2c9,2021-05,Humberside Police,Humberside Police,-0.201539,54.090707,On or near Lawson Road,E01012931,East Riding of Yorkshire 003B,Criminal damage and arson,Court result unavailable,
0e357892dcf123480f93f8211542ef739306d1f09a9ac8e5ceffb89c5520608b,2021-05,Humberside Police,Humberside Police,-0.199815,54.093800,On or near Church Walk,E01012931,East Riding of Yorkshire 003B,Other theft,Unable to prosecute suspect,
ada4f2ccfc6138ceea0ae5780614169f0b163d6a1546cfe317a4217dc6dcd8c7,2021-05,Humberside Police,Humberside Police,-0.203355,54.092568,On or near Baptist Place,E01012931,East Riding of Yorkshire 003B,Public order,Unable to prosecute suspect,
267e2ad1710d1fcab0abda9db0f465c80ac077f531e6b3bfee2c8617b39daed1,2021-05,Humberside Police,Humberside Police,-0.202526,54.094416,On or near The Bolt,E01012931,East Riding of Yorkshire 003B,Public order,Investigation complete; no suspect identified,
8d657e79ffd23dfffdab461417e0e8a530dab6d0ffb7e4e73bcc7cab47583cfa,2021-05,Humberside Police,Humberside Police,-0.197889,54.094859,On or near Jubilee Grove,E01012931,East Riding of Yorkshire 003B,Public order,Investigation complete; no suspect identified,
1c956ddcef289de3b3271e46f2470d06312c343e2302f327d0868c34dc17dc0c,2021-05,Humberside Police,Humberside Police,-0.200178,54.095316,On or near Sewerby Court,E01012931,East Riding of Yorkshire 003B,Violence and sexual offences,Action to be taken by another organisation,
ac59a2d163d56302da732bf75cf57b615861e2481b70f059463c7692d3b940e3,2021-05,Humberside Police,Humberside Police,-0.201756,54.092768,On or near St Jude Grove,E01012931,East Riding of Yorkshire 003B,Violence and sexual offences,Unable to prosecute suspect,
5e19257e83817c838d574379729bd3db732999528b7b799403a3dd9589166c1a,2021-05,Humberside Police,Humberside Police,-0.200633,54.096464,On or near Great Barn Street,E01012931,East Riding of Yorkshire 003B,Violence and sexual offences,Local resolution,
1376bbb5002f871fe5013b0c7ae773d397dc207ec32da52769da3ff11ec83e05,2021-05,Humberside Police,Humberside Police,-0.208483,54.092806,On or near Gordon Road,E01012931,East Riding of Yorkshire 003B,Violence and sexual offences,Court result unavailable,
52c2d8cd71ece3f78a6f41f8a408e8e2d429f6af0d5faa591d8b24974c8d4d42,2021-05,Humberside Police,Humberside Police,-0.202526,54.094416,On or near The Bolt,E01012931,East Riding of Yorkshire 003B,Violence and sexual offences,Unable to prosecute suspect,
028942df6af1ab1c6e288b02b05574bc59c70b4d99bfc6e6a2b8d43485b0494e,2021-05,Humberside Police,Humberside Police,-0.197642,54.093840,On or near Rickaby Close,E01012931,East Riding of Yorkshire 003B,Other crime,Court result unavailable,
,2021-05,Humberside Police,Humberside Police,-0.208327,54.090044,On or near Brookland Road,E01012932,East Riding of Yorkshire 003C,Anti-social behaviour,,
,2021-05,Humberside Police,Humberside Police,-0.222893,54.092669,On or near Easton Road,E01012932,East Riding of Yorkshire 003C,Anti-social behaviour,,
,2021-05,Humberside Police,Humberside Police,-0.219413,54.096087,On or near New Pasture Lane,E01012932,East Riding of Yorkshire 003C,Anti-social behaviour,,
e13bab028a05b4b212caa2cf980c8d85ec14500a99c6da15ec00c631ccaae4c1,2021-05,Humberside Police,Humberside Police,-0.222893,54.092669,On or near Easton Road,E01012932,East Riding of Yorkshire 003C,Criminal damage and arson,Unable to prosecute suspect,
88bd11c5fb0a68e1f4383106b9f66a842174f9db47cf0bbe2ff5d65dbf08ed8a,2021-05,Humberside Police,Humberside Police,-0.211938,54.091752,On or near Prickett Road,E01012932,East Riding of Yorkshire 003C,Other theft,Unable to prosecute suspect,
e23634b445e8ac249a9a7e435e6f002a2059a7b0000346ac02538804df46de23,2021-05,Humberside Police,Humberside Police,-0.213334,54.091997,On or near Little Beck Road,E01012932,East Riding of Yorkshire 003C,Other theft,Investigation complete; no suspect identified,
b9d743b732f90694817b17700a8084a8b66dbb669cd2b951f67dfcfda6f7b2ff,2021-05,Humberside Police,Humberside Police,-0.209153,54.090748,On or near Wentworth Road,E01012932,East Riding of Yorkshire 003C,Other theft,Investigation complete; no suspect identified,
97ab0b529c398f4906e25e8047485263774cf588e404750ebe793e8e0e378738,2021-05,Humberside Police,Humberside Police,-0.211938,54.091752,On or near Prickett Road,E01012932,East Riding of Yorkshire 003C,Other theft,Investigation complete; no suspect identified,
58fb049403eaf8687893f9b884ccd70ebe9d1e9c7cf3ccc4de492cece41231a1,2021-05,Humberside Police,Humberside Police,-0.209901,54.094319,On or near Market Place,E01012932,East Riding of Yorkshire 003C,Public order,Unable to prosecute suspect,
71ce698c7e27143d52797482275f5a4641b19d24ed7bec878d2dbb97ab7cb0fa,2021-05,Humberside Police,Humberside Police,-0.216369,54.092537,On or near Wayside Crescent,E01012932,East Riding of Yorkshire 003C,Public order,Unable to prosecute suspect,
6ad27d7bd8550f56a4906c5601007ae11ccd134d3427b1b840c4eb1532643ec5,2021-05,Humberside Police,Humberside Police,-0.209153,54.090748,On or near Wentworth Road,E01012932,East Riding of Yorkshire 003C,Public order,Unable to prosecute suspect,
abc8ce31bd000f381d31edc72c684418a36ffc00e031494fcdd4762dfec89f98,2021-05,Humberside Police,Humberside Police,-0.209901,54.094319,On or near Market Place,E01012932,East Riding of Yorkshire 003C,Vehicle crime,Investigation complete; no suspect identified,
fd0afddb083eb8aa251ef295c21534573dbd3e24a4d2651618119e8cc3ff5ca8,2021-05,Humberside Police,Humberside Police,-0.211713,54.090589,On or near Gypsey Road,E01012932,East Riding of Yorkshire 003C,Violence and sexual offences,Unable to prosecute suspect,
618f99b4aa47f6589820cd9703d037292f0cc5278755c8d0e50901c8123d26e7,2021-05,Humberside Police,Humberside Police,-0.213334,54.091997,On or near Little Beck Road,E01012932,East Riding of Yorkshire 003C,Violence and sexual offences,Unable to prosecute suspect,
7e240edd30b5dd8d468644bdf2a560f695503f292766470282599e42070d9ef6,2021-05,Humberside Police,Humberside Police,-0.216369,54.092537,On or near Wayside Crescent,E01012932,East Riding of Yorkshire 003C,Violence and sexual offences,Unable to prosecute suspect,
3ffc11028cd2b94992621f3c5b2611599125bc21a3616bc23174f5dc25473d18,2021-05,Humberside Police,Humberside Police,-0.209153,54.090748,On or near Wentworth Road,E01012932,East Riding of Yorkshire 003C,Violence and sexual offences,Unable to prosecute suspect,
a79a8a067cbeea98e38e26bfbec848b5e3fd1db176b206c0625f0b999d5f7e53,2021-05,Humberside Police,Humberside Police,-0.211938,54.091752,On or near Prickett Road,E01012932,East Riding of Yorkshire 003C,Violence and sexual offences,Unable to prosecute suspect,
9c16d82b9401fbd4e5aa727510414e3de419f981f09c18f4bf47014ed49b80c3,2021-05,Humberside Police,Humberside Police,-0.222893,54.092669,On or near Easton Road,E01012932,East Riding of Yorkshire 003C,Other crime,Unable to prosecute suspect,
,2021-05,Humberside Police,Humberside Police,-0.234401,54.089216,On or near Woldgate,E01012946,East Riding of Yorkshire 003D,Anti-social behaviour,,
,2021-05,Humberside Police,Humberside Police,-0.219351,54.080041,On or near Cranbeck Close,E01012946,East Riding of Yorkshire 003D,Anti-social behaviour,,
,2021-05,Humberside Police,Humberside Police,-0.219266,54.083096,On or near Cornfield Crescent,E01012946,East Riding of Yorkshire 003D,Anti-social behaviour,,
4e79e2d4b08605fa6e7fcb4957936223b84be825d0fcb38f2df539447e6c84b6,2021-05,Humberside Police,Humberside Police,-0.215565,54.081720,On or near Meadow Road,E01012946,East Riding of Yorkshire 003D,Burglary,Investigation complete; no suspect identified,
28939cd914efdd82d9c72b79d942b726f499376383f08b14e40abf94b2cb85f9,2021-05,Humberside Police,Humberside Police,-0.219937,54.081704,On or near Bessingby Gate,E01012946,East Riding of Yorkshire 003D,Other theft,Investigation complete; no suspect identified,
3cf55cff42fee0b72dc72615116f345ac6246426208477c6c0c7c911ec239971,2021-05,Humberside Police,Humberside Police,-0.233749,54.078303,On or near Butterfly Lane,E01012946,East Riding of Yorkshire 003D,Other theft,Investigation complete; no suspect identified,
091cc95bf1412a98ab3d4d40ebbf81be123421049a7fc0624360f7dac8cc5d10,2021-05,Humberside Police,Humberside Police,-0.221076,54.081523,On or near Kent Road,E01012946,East Riding of Yorkshire 003D,Public order,Unable to prosecute suspect,
48259ff8407727d57036b21deac8af61ca459a1a1252753658b5d129a29c754f,2021-05,Humberside Police,Humberside Police,-0.211286,54.081315,On or near Enterprise Way,E01012946,East Riding of Yorkshire 003D,Public order,Unable to prosecute suspect,
c0ecd12f37e02e3c98cd1908f885cee3ab9e4a679b0126a3e350534395762b2f,2021-05,Humberside Police,Humberside Police,-0.211286,54.081315,On or near Enterprise Way,E01012946,East Riding of Yorkshire 003D,Shoplifting,Investigation complete; no suspect identified,
567df37752eccfdf8084a5b75a8d3236fd75faea0643fe7e202b21dc33893e01,2021-05,Humberside Police,Humberside Police,-0.219937,54.081704,On or near Bessingby Gate,E01012946,East Riding of Yorkshire 003D,Violence and sexual offences,Unable to prosecute suspect,
5728c73f2ee2df31c98dc5f66e0ba659637164b71c3b72fad6c79a61ac811f2e,2021-05,Humberside Police,Humberside Police,-0.219266,54.083096,On or near Cornfield Crescent,E01012946,East Riding of Yorkshire 003D,Violence and sexual offences,Unable to prosecute suspect,
ee669dc46a6402767579647c748a794b691f574c7ecb3d9394faca42868ac3f4,2021-05,Humberside Police,Humberside Police,-0.211286,54.081315,On or near Enterprise Way,E01012946,East Riding of Yorkshire 003D,Violence and sexual offences,Unable to prosecute suspect,
a639a1a70f561f09465347e1a5ec539d6fb6208b2c6128590d5cf6ae48c38ca2,2021-05,Humberside Police,Humberside Police,-0.217406,54.079770,On or near Sports/Recreation Area,E01012946,East Riding of Yorkshire 003D,Violence and sexual offences,Unable to prosecute suspect,
f1af5003d8e11129eded1b7a7529a692bebaf3276117c8ac989e5f4424cd9dd4,2021-05,Humberside Police,Humberside Police,-0.219351,54.080041,On or near Cranbeck Close,E01012946,East Riding of Yorkshire 003D,Violence and sexual offences,Local resolution,
1a70dfecaf1a67772fb3e96889b761722d33a52099fa5aac22765896de406eed,2021-05,Humberside Police,Humberside Police,-0.214857,54.081116,On or near Matson Road,E01012946,East Riding of Yorkshire 003D,Violence and sexual offences,Unable to prosecute suspect,
,2021-05,Humberside Police,Humberside Police,-0.212084,54.083035,On or near Ramsey Close,E01012949,East Riding of Yorkshire 003E,Anti-social behaviour,,
,2021-05,Humberside Police,Humberside Police,-0.219124,54.085000,On or near Wright Close,E01012949,East Riding of Yorkshire 003E,Anti-social behaviour,,
033b57b2c86eff9333d59db1a0e3929e1f7ae0e81d6de438a778e557c9c73a3f,2021-05,Humberside Police,Humberside Police,-0.202553,54.082830,On or near Bessingby Road,E01012949,East Riding of Yorkshire 003E,Bicycle theft,Investigation complete; no suspect identified,
385e47662e8b6434ca7cc95641725635570c6b0380070d6b165aa308426cb4be,2021-05,Humberside Police,Humberside Police,-0.206604,54.083196,On or near Bessingby Road,E01012949,East Riding of Yorkshire 003E,Burglary,Investigation complete; no suspect identified,
bf00b2ca7502642c212545638fec84fb1c918db56155b77fc6dbbe4176d82e5e,2021-05,Humberside Police,Humberside Police,-0.217544,54.083682,On or near Romyn Close,E01012949,East Riding of Yorkshire 003E,Criminal damage and arson,Investigation complete; no suspect identified,
30db9423205c4ef8fe04a4e44345c64eb54fb423c7a659b2b2fa4d496483e494,2021-05,Humberside Police,Humberside Police,-0.212084,54.083035,On or near Ramsey Close,E01012949,East Riding of Yorkshire 003E,Drugs,Local resolution,
5511cce58b25992732d75531fbe1db1edbec9a3aa48ae868ef854aad8fd359ac,2021-05,Humberside Police,Humberside Police,-0.208274,54.084866,On or near St John'S Avenue West,E01012949,East Riding of Yorkshire 003E,Public order,Investigation complete; no suspect identified,
21ee1d32471bee1b8f696718347908676019a662a40618c5f44c9c3ca01ca16e,2021-05,Humberside Police,Humberside Police,-0.208274,54.084866,On or near St John'S Avenue West,E01012949,East Riding of Yorkshire 003E,Public order,Investigation complete; no suspect identified,
763cb55a035ce43d70dd9a18b1c2c33a83248f196ce638c0592865e18205da35,2021-05,Humberside Police,Humberside Police,-0.206604,54.083196,On or near Bessingby Road,E01012949,East Riding of Yorkshire 003E,Shoplifting,Investigation complete; no suspect identified,
01a4be04e40ea268b12d8bf59defa9ec57a3655f9f2f05b2fa415acc130c5894,2021-05,Humberside Police,Humberside Police,-0.212084,54.083035,On or near Ramsey Close,E01012949,East Riding of Yorkshire 003E,Violence and sexual offences,Court result unavailable,
b709e4143f59c5d901d3a459cb04e17fb213078ebeb41b0927a3182e7eb659e9,2021-05,Humberside Police,Humberside Police,-0.208274,54.084866,On or near St John'S Avenue West,E01012949,East Riding of Yorkshire 003E,Violence and sexual offences,Local resolution,
1c3593acdb595457638f038c8db6c405e4139afef7f070c036c87788f533fa5a,2021-05,Humberside Police,Humberside Police,-0.208274,54.084866,On or near St John'S Avenue West,E01012949,East Riding of Yorkshire 003E,Violence and sexual offences,Unable to prosecute suspect,
952b60c80914714daa0f518ba050a7f33efcbedbb562e5d2ad59874c6689be6f,2021-05,Humberside Police,Humberside Police,-0.208274,54.084866,On or near St John'S Avenue West,E01012949,East Riding of Yorkshire 003E,Violence and sexual offences,Local resolution,
f4cd2614a92b8d898d95ef3c88eb1f87e82bbc6ebc28983fc5c4b51221bb35ef,2021-05,Humberside Police,Humberside Police,-0.206459,54.083724,On or near St John'S Close,E01012949,East Riding of Yorkshire 003E,Violence and sexual offences,Unable to prosecute suspect,
d2ae900d054f958f40a574312f05d4f8cbbf90b0652fe53f7386807a2eb2bf71,2021-05,Humberside Police,Humberside Police,-0.206459,54.083724,On or near St John'S Close,E01012949,East Riding of Yorkshire 003E,Violence and sexual offences,Unable to prosecute suspect,
f73b863c2a861b5932c9e8cfaaeeedf2da53fe27aebef3eb9d9694bb0dcf083f,2021-05,Humberside Police,Humberside Police,-0.212084,54.083035,On or near Ramsey Close,E01012949,East Riding of Yorkshire 003E,Violence and sexual offences,Unable to prosecute suspect,
,2021-05,Humberside Police,Humberside Police,-0.184421,54.087034,On or near Alexandra Drive,E01012936,East Riding of Yorkshire 004A,Anti-social behaviour,,
,2021-05,Humberside Police,Humberside Police,-0.178263,54.091849,On or near Parking Area,E01012936,East Riding of Yorkshire 004A,Anti-social behaviour,,
,2021-05,Humberside Police,Humberside Police,-0.184821,54.086294,On or near Albion Terrace,E01012936,East Riding of Yorkshire 004A,Anti-social behaviour,,
1c86c50af2b2204f0d9f30e421a9b2f7f0c16f479291ba87eed5fa4878ed84d0,2021-05,Humberside Police,Humberside Police,-0.183103,54.088515,On or near St Annes Road,E01012936,East Riding of Yorkshire 004A,Burglary,Unable to prosecute suspect,
79fa35e87e599fa307f1bb216a2f45157c45f159c9fb979b91b6c7ac0a1eeaa1,2021-05,Humberside Police,Humberside Police,-0.184421,54.087034,On or near Alexandra Drive,E01012936,East Riding of Yorkshire 004A,Criminal damage and arson,Investigation complete; no suspect identified,
fc5b89821bea46684cd3ad9653fb36ba16d2cc2a6f9bcf3ec0cae68d394e0acf,2021-05,Humberside Police,Humberside Police,-0.183668,54.086420,On or near Bright Crescent,E01012936,East Riding of Yorkshire 004A,Criminal damage and arson,Unable to prosecute suspect,
bf416b028fab069e1fcc8504eda27c5c4e1a7e88a1288d74f4e0287ccedbc2d8,2021-05,Humberside Police,Humberside Police,-0.184821,54.086294,On or near Albion Terrace,E01012936,East Riding of Yorkshire 004A,Criminal damage and arson,Investigation complete; no suspect identified,
4ce3b21c0ecd87c980c8e3029a75bb7f5c77e13c76b800655ab67bd84dda264f,2021-05,Humberside Police,Humberside Police,-0.185254,54.085824,On or near Carlisle Road,E01012936,East Riding of Yorkshire 004A,Criminal damage and arson,Unable to prosecute suspect,
0b930b97974dabc5f3c86e7bf9ba4f1ec85f5150df1ec75457f3896563eed44d,2021-05,Humberside Police,Humberside Police,-0.180265,54.091861,On or near Fourth Avenue,E01012936,East Riding of Yorkshire 004A,Drugs,Offender given a drugs possession warning,
5d472a21bd834c422d3b3e0fe310061ff4ec5e21708314c2d02515993f82e6d6,2021-05,Humberside Police,Humberside Police,-0.185181,54.085400,On or near Supermarket,E01012936,East Riding of Yorkshire 004A,Public order,Unable to prosecute suspect,
98ece6d9833ff270940cb984c279d287e9670532e69e9c75ff76d5667a78ff77,2021-05,Humberside Police,Humberside Police,-0.184821,54.086294,On or near Albion Terrace,E01012936,East Riding of Yorkshire 004A,Violence and sexual offences,Unable to prosecute suspect,
e3300c838c9d04658ef8e9296a386db72f77c2f60d2cdd553ed8844a4f268c96,2021-05,Humberside Police,Humberside Police,-0.184265,54.090259,On or near Lamplugh Square,E01012936,East Riding of Yorkshire 004A,Violence and sexual offences,Unable to prosecute suspect,
ad037be44ee7fc682abf43a1306468762d910ecedb526b2139f51c07d39385be,2021-05,Humberside Police,Humberside Police,-0.185181,54.085400,On or near Supermarket,E01012936,East Riding of Yorkshire 004A,Violence and sexual offences,Unable to prosecute suspect,
,2021-05,Humberside Police,Humberside Police,-0.203192,54.087855,On or near Police Station,E01012943,East Riding of Yorkshire 004B,Anti-social behaviour,,
,2021-05,Humberside Police,Humberside Police,-0.203192,54.087855,On or near Police Station,E01012943,East Riding of Yorkshire 004B,Anti-social behaviour,,
,2021-05,Humberside Police,Humberside Police,-0.199523,54.084663,On or near Station Avenue,E01012943,East Riding of Yorkshire 004B,Anti-social behaviour,,
,2021-05,Humberside Police,Humberside Police,-0.199523,54.084663,On or near Station Avenue,E01012943,East Riding of Yorkshire 004B,Anti-social behaviour,,
,2021-05,Humberside Police,Humberside Police,-0.197897,54.085843,On or near Blenheim Road,E01012943,East Riding of Yorkshire 004B,Anti-social behaviour,,
,2021-05,Humberside Police,Humberside Police,-0.203010,54.086405,On or near Medina Avenue,E01012943,East Riding of Yorkshire 004B,Anti-social behaviour,,
e1ce6d0173c805ee7d736209387a18427bdeb35d32eabff995671eb924f4deda,2021-05,Humberside Police,Humberside Police,-0.201250,54.087152,On or near Swindon Street,E01012943,East Riding of Yorkshire 004B,Criminal damage and arson,Investigation complete; no suspect identified,
1c22c0edc6079f57355a8da342cd388fc1d2278e85644e714feba85140e912f4,2021-05,Humberside Police,Humberside Police,-0.203737,54.087629,On or near Ashville Street,E01012943,East Riding of Yorkshire 004B,Criminal damage and arson,Investigation complete; no suspect identified,
9e01c7368d8b4b30b8673c0a67819abaf9736119e4adaa4d7ec25e187214afba,2021-05,Humberside Police,Humberside Police,-0.197897,54.085843,On or near Blenheim Road,E01012943,East Riding of Yorkshire 004B,Criminal damage and arson,Investigation complete; no suspect identified,
80c4b57ae19d1d614975e7c1901a0f071072b6ae28cdbefc430a213d975a26f8,2021-05,Humberside Police,Humberside Police,-0.206057,54.088078,On or near Borough Road,E01012943,East Riding of Yorkshire 004B,Public order,Unable to prosecute suspect,
0d499d5d7f88e869b88d4011b6f64d4e32c3ff115d28059537584eb5adcacbd7,2021-05,Humberside Police,Humberside Police,-0.205943,54.089289,On or near Brett Street,E01012943,East Riding of Yorkshire 004B,Public order,Unable to prosecute suspect,
96744cd901e8827ccb84a5a0030018f0ee0b20927ec266d13b1654f38e90a0e6,2021-05,Humberside Police,Humberside Police,-0.199625,54.086534,On or near Oxford Street,E01012943,East Riding of Yorkshire 004B,Public order,Unable to prosecute suspect,
a6a67a03f8bdef5389b0d6dcfbee1eaabc15d93ebcbf964b0273e518b153bc0f,2021-05,Humberside Police,Humberside Police,-0.205943,54.089289,On or near Brett Street,E01012943,East Riding of Yorkshire 004B,Public order,Unable to prosecute suspect,
d70b3d50158ed6ca6b0b1e89f6ec95b4392ba2dc161cd29737943e3b32554111,2021-05,Humberside Police,Humberside Police,-0.204108,54.088938,On or near Burlington Gardens,E01012943,East Riding of Yorkshire 004B,Public order,Unable to prosecute suspect,
162e3353a855ac2fc529f83ad553cbadac41de01c753ca186acb26b4d373dec5,2021-05,Humberside Police,Humberside Police,-0.204108,54.088938,On or near Burlington Gardens,E01012943,East Riding of Yorkshire 004B,Public order,Unable to prosecute suspect,
f8c81b4041a74ba72218cff5611403ffee3e8872130d5a6b0787b08a5b0c576e,2021-05,Humberside Police,Humberside Police,-0.206373,54.085700,On or near St Martins Drive,E01012943,East Riding of Yorkshire 004B,Robbery,Unable to prosecute suspect,
a72813a58419b17c3442a87c11cf62be256efb2e153e0617aabd864aa04f83e3,2021-05,Humberside Police,Humberside Police,-0.197897,54.085843,On or near Blenheim Road,E01012943,East Riding of Yorkshire 004B,Violence and sexual offences,Unable to prosecute suspect,
5f8bbcdc639a37453f2f0a003af7ba7263dda6f9e3539d32012e050358a8d5c5,2021-05,Humberside Police,Humberside Police,-0.203192,54.087855,On or near Police Station,E01012943,East Riding of Yorkshire 004B,Violence and sexual offences,Further action is not in the public interest,
9562ce9ba5bb8b494cc06b7450acc758865f908bbfc0ef547822ff3945e40851,2021-05,Humberside Police,Humberside Police,-0.203010,54.086405,On or near Medina Avenue,E01012943,East Riding of Yorkshire 004B,Violence and sexual offences,Unable to prosecute suspect,
04fcf4912a233e9e06b362074a28f21008b2e6e9242b8912c924e9ddd791ae09,2021-05,Humberside Police,Humberside Police,-0.203010,54.086405,On or near Medina Avenue,E01012943,East Riding of Yorkshire 004B,Violence and sexual offences,Unable to prosecute suspect,
,2021-05,Humberside Police,Humberside Police,-0.195007,54.090070,On or near Sports/Recreation Area,E01012945,East Riding of Yorkshire 004C,Anti-social behaviour,,
,2021-05,Humberside Police,Humberside Police,-0.195240,54.085426,On or near Olivers Lane,E01012945,East Riding of Yorkshire 004C,Anti-social behaviour,,
,2021-05,Humberside Police,Humberside Police,-0.197897,54.087614,On or near Hill Street,E01012945,East Riding of Yorkshire 004C,Anti-social behaviour,,
,2021-05,Humberside Police,Humberside Police,-0.194021,54.086019,On or near Victoria Road,E01012945,East Riding of Yorkshire 004C,Anti-social behaviour,,
,2021-05,Humberside Police,Humberside Police,-0.194021,54.086019,On or near Victoria Road,E01012945,East Riding of Yorkshire 004C,Anti-social behaviour,,
,2021-05,Humberside Police,Humberside Police,-0.194021,54.086019,On or near Victoria Road,E01012945,East Riding of Yorkshire 004C,Anti-social behaviour,,
3ec7b52c4e074d611adbf90ac29883e134a8d9af7b4eef1c20d5628bfe7d61f1,2021-05,Humberside Police,Humberside Police,-0.194021,54.086019,On or near Victoria Road,E01012945,East Riding of Yorkshire 004C,Burglary,Unable to prosecute suspect,
6b23a660fb8f144dd1f604346fc9dc547b9a3df79f701fc6d2e416efdb2fb6ce,2021-05,Humberside Police,Humberside Police,-0.199129,54.087749,On or near Carlton Street,E01012945,East Riding of Yorkshire 004C,Criminal damage and arson,Investigation complete; no suspect identified,
a4de0637ea1cba81164e11ca8545373947b2a6844153c6cce028251dc559e055,2021-05,Humberside Police,Humberside Police,-0.197998,54.089863,On or near Sports/Recreation Area,E01012945,East Riding of Yorkshire 004C,Drugs,Offender given a caution,
9cbce46c04a73f0dfb9c9671e4f11b57d443e7f3f94346846e3ea6867707ce3e,2021-05,Humberside Police,Humberside Police,-0.194021,54.086019,On or near Victoria Road,E01012945,East Riding of Yorkshire 004C,Other theft,Unable to prosecute suspect,
56432748d4cef1f937e22cbafa42ceb5fd50b4d39b81a3d04da317ae349d658f,2021-05,Humberside Police,Humberside Police,-0.194021,54.086019,On or near Victoria Road,E01012945,East Riding of Yorkshire 004C,Other theft,Unable to prosecute suspect,
907f4676301927d0b5761fe64b6f3897fbc4f4ba754e9ca57138897a4d6372b2,2021-05,Humberside Police,Humberside Police,-0.195786,54.082692,On or near Parking Area,E01012945,East Riding of Yorkshire 004C,Public order,Unable to prosecute suspect,
bcf8d5961ddcdde03fa05e4b7838f475f835a932a71997f54a7fcbd4f3bec6a0,2021-05,Humberside Police,Humberside Police,-0.194021,54.086019,On or near Victoria Road,E01012945,East Riding of Yorkshire 004C,Public order,Unable to prosecute suspect,
cd805f5461f0a675a53b52b96634a0f79b19aa4d53dbbedfb1409b60c59714f7,2021-05,Humberside Police,Humberside Police,-0.192466,54.083461,On or near Prospect Street,E01012945,East Riding of Yorkshire 004C,Shoplifting,Investigation complete; no suspect identified,
705a1145b8ba2466d02708a6bee2fbc6441b397d02d2fa647765c62dc84ff956,2021-05,Humberside Police,Humberside Police,-0.202388,54.088760,On or near Havelock Crescent,E01012945,East Riding of Yorkshire 004C,Shoplifting,Unable to prosecute suspect,
1c4c53e30a6410715b6d303ce3af8d55bcf51a5e34c91a26958e8d1c418d0a3a,2021-05,Humberside Police,Humberside Police,-0.193696,54.082958,On or near Parking Area,E01012945,East Riding of Yorkshire 004C,Vehicle crime,Unable to prosecute suspect,
4111ee18b09090ec78bba561fece02dea82ac1866d98622ac9f3bf0d5d29d1ad,2021-05,Humberside Police,Humberside Police,-0.197155,54.086380,On or near Moorfield Road,E01012945,East Riding of Yorkshire 004C,Violence and sexual offences,Unable to prosecute suspect,
70f08f8b9a722b53a1d75a096a3bb1360aa980a110aa3e7312b043501f83e570,2021-05,Humberside Police,Humberside Police,-0.193993,54.085272,On or near Sports/Recreation Area,E01012945,East Riding of Yorkshire 004C,Violence and sexual offences,Offender given a caution,
fbf8c5085db2788e0211ce0db4e71460a4dd886c73682a2dae227d58427bf873,2021-05,Humberside Police,Humberside Police,-0.194021,54.086019,On or near Victoria Road,E01012945,East Riding of Yorkshire 004C,Violence and sexual offences,Unable to prosecute suspect,
f98f3532296e8f2f83ed7d0630a31b41f7988da177b979ba933ddeb51c71d8b8,2021-05,Humberside Police,Humberside Police,-0.198231,54.087313,On or near Thompson Street,E01012945,East Riding of Yorkshire 004C,Violence and sexual offences,Investigation complete; no suspect identified,
e456d0fd2a38a08499784ed9aae01eec5d796e56a757806846eb9d1447d07c11,2021-05,Humberside Police,Humberside Police,-0.194034,54.083961,On or near Parking Area,E01012945,East Riding of Yorkshire 004C,Violence and sexual offences,Unable to prosecute suspect,
ac75ea41b1b786c527773db8bcba2597212aaf0dd9d29b4785f425d31e8ff7e2,2021-05,Humberside Police,Humberside Police,-0.198231,54.087313,On or near Thompson Street,E01012945,East Riding of Yorkshire 004C,Violence and sexual offences,Investigation complete; no suspect identified,
ef836554bc370539086d29360a04a6b9f24dd9f6c659ff2ea4261da5fa5e4501,2021-05,Humberside Police,Humberside Police,-0.194288,54.087263,On or near Sports/Recreation Area,E01012945,East Riding of Yorkshire 004C,Violence and sexual offences,Unable to prosecute suspect,
eb536c1eb496548045793090e569882b8f2d59f136577fb1af03fd8c9c9d4d85,2021-05,Humberside Police,Humberside Police,-0.198231,54.087313,On or near Thompson Street,E01012945,East Riding of Yorkshire 004C,Violence and sexual offences,Investigation complete; no suspect identified,
1b7ce5027c061ce67c536f6e1a647567b9a84f72c37c820a327e40fa789321fd,2021-05,Humberside Police,Humberside Police,-0.194021,54.086019,On or near Victoria Road,E01012945,East Riding of Yorkshire 004C,Violence and sexual offences,Unable to prosecute suspect,
afe203d73afee7974654fe83e03876e4c470810b02cbaf2a47c4c77e697915b6,2021-05,Humberside Police,Humberside Police,-0.194021,54.086019,On or near Victoria Road,E01012945,East Riding of Yorkshire 004C,Violence and sexual offences,Unable to prosecute suspect,
cfca70e5dfa0ecfb7d54ef632fb49e91c48d827a7d2f52c2f0754e3f3d3a3abf,2021-05,Humberside Police,Humberside Police,-0.194021,54.086019,On or near Victoria Road,E01012945,East Riding of Yorkshire 004C,Violence and sexual offences,Local resolution,
867f5964e71dae8ed42cbb92d81eb9bb08dc1a2ec7dd086e14762a068c7c927f,2021-05,Humberside Police,Humberside Police,-0.197897,54.087614,On or near Hill Street,E01012945,East Riding of Yorkshire 004C,Violence and sexual offences,Local resolution,
c98ac2073a4d409780e7be815a796993ad7ca71e1fc269f8aa233078245dfaf3,2021-05,Humberside Police,Humberside Police,-0.194288,54.087263,On or near Sports/Recreation Area,E01012945,East Riding of Yorkshire 004C,Violence and sexual offences,Unable to prosecute suspect,
0a26b73ae88c3d69e56aa3057dca5136dd4444bb582d34f7d819f8f9dc2c75b2,2021-05,Humberside Police,Humberside Police,-0.193696,54.082958,On or near Parking Area,E01012945,East Riding of Yorkshire 004C,Other crime,Court result unavailable,
32f5aa882ac18d6c1c4af6fd752189bfecd84fc3cb799cf02969c382090e0ced,2021-05,Humberside Police,Humberside Police,-0.192466,54.083461,On or near Prospect Street,E01012945,East Riding of Yorkshire 004C,Other crime,Action to be taken by another organisation,
70fa514de97b6f859a27b37d3870b1a93dcbbb2ae500141b60c22a4b50b90a68,2021-05,Humberside Police,Humberside Police,-0.194034,54.083961,On or near Parking Area,E01012945,East Riding of Yorkshire 004C,Other crime,Action to be taken by another organisation,
b4b32499022e1104e0bf44dbdfef3bc481c9c072cc000536975c6b1883463fea,2021-05,Humberside Police,Humberside Police,-0.191595,54.089434,On or near St Christopher Road,E01012952,East Riding of Yorkshire 004D,Criminal damage and arson,Investigation complete; no suspect identified,
80fed6c0929148f217271ec69d4449bb437d7a1e7efb271ee8467e49c9698035,2021-05,Humberside Police,Humberside Police,-0.189058,54.088686,On or near Trinity Grove,E01012952,East Riding of Yorkshire 004D,Criminal damage and arson,Offender given penalty notice,
c51ac1fce8fcfe26dd9e78cb4c47572749da89fae9d31505f199aa475ab8e767,2021-05,Humberside Police,Humberside Police,-0.187077,54.087838,On or near Vernon Road,E01012952,East Riding of Yorkshire 004D,Other theft,Investigation complete; no suspect identified,
05a10a6e5a15dbe7fc4be29f7718a1be7b54ab7088ffc763072abf79f9c549e1,2021-05,Humberside Police,Humberside Police,-0.187077,54.087838,On or near Vernon Road,E01012952,East Riding of Yorkshire 004D,Other theft,Unable to prosecute suspect,
fc94057a3d4c2d3ba4e0a7a1cd70ffc22264f2821bf0256d20781a0ecbc713a7,2021-05,Humberside Police,Humberside Police,-0.187077,54.087838,On or near Vernon Road,E01012952,East Riding of Yorkshire 004D,Other theft,Investigation complete; no suspect identified,
645c0ca85679b8460d8c9ded7e0814b496960b4e5415ca110b40c212dcc124c3,2021-05,Humberside Police,Humberside Police,-0.185512,54.089729,On or near Supermarket,E01012952,East Riding of Yorkshire 004D,Other theft,Investigation complete; no suspect identified,
162ed861b2eb577df1fdc5e1fec0784afbe496c19b37e2c8ba04cbea17316745,2021-05,Humberside Police,Humberside Police,-0.187077,54.087838,On or near Vernon Road,E01012952,East Riding of Yorkshire 004D,Public order,Unable to prosecute suspect,
e13954b392f9789fb93a01e3f246b49a66db02cfef6fdc908aa034e1f340a59c,2021-05,Humberside Police,Humberside Police,-0.189285,54.091215,On or near Park View,E01012952,East Riding of Yorkshire 004D,Public order,Unable to prosecute suspect,
b1dfc6de87242cdc0ebaaebab456ae312af8f66df5e526264d88ce80e878fad8,2021-05,Humberside Police,Humberside Police,-0.187077,54.087838,On or near Vernon Road,E01012952,East Riding of Yorkshire 004D,Public order,Local resolution,
3b41e0909c20693dfb9a0c768c408b0e24d9d64ba39ac792695a749e718e70a4,2021-05,Humberside Police,Humberside Police,-0.187077,54.087838,On or near Vernon Road,E01012952,East Riding of Yorkshire 004D,Vehicle crime,Investigation complete; no suspect identified,
cdd850ae962acc4460a365907607e6f86bf8cb057e7d73fdc2ce68fddab8adf2,2021-05,Humberside Police,Humberside Police,-0.186602,54.088577,On or near Swanland Avenue,E01012952,East Riding of Yorkshire 004D,Violence and sexual offences,Local resolution,
26f7cd10e74dabe9acc25caecf0ad390712a5480603d982017fc67d4bcc46420,2021-05,Humberside Police,Humberside Police,-0.189285,54.091215,On or near Park View,E01012952,East Riding of Yorkshire 004D,Violence and sexual offences,Investigation complete; no suspect identified,
fd163f24d8fc4f37edd354225698a8a0f752291137a5fd0694ccb2c842972da8,2021-05,Humberside Police,Humberside Police,-0.189058,54.088686,On or near Trinity Grove,E01012952,East Riding of Yorkshire 004D,Violence and sexual offences,Unable to prosecute suspect,
fa9b25dbdced92fda21e9be4435c7093966548ae35e614f4224fdc53a9dc8142,2021-05,Humberside Police,Humberside Police,-0.189058,54.088686,On or near Trinity Grove,E01012952,East Riding of Yorkshire 004D,Violence and sexual offences,Unable to prosecute suspect,
e3643cb7ce2c53af4f390b503118f04676f60baa8949fa480c4907c6908bd3cc,2021-05,Humberside Police,Humberside Police,-0.187077,54.087838,On or near Vernon Road,E01012952,East Riding of Yorkshire 004D,Violence and sexual offences,Unable to prosecute suspect,
b891d0b91efa06d1375f07b4af9fa072d5670c4cfdb096abaac3471c1b6974ea,2021-05,Humberside Police,Humberside Police,-0.189372,54.088160,On or near Trinity Mews,E01012952,East Riding of Yorkshire 004D,Violence and sexual offences,Court result unavailable,
01ad072bfa34e58334e0a8fd758cb4eff39d1781331c48db8b89f9dcc45afb63,2021-05,Humberside Police,Humberside Police,-0.189372,54.088160,On or near Trinity Mews,E01012952,East Riding of Yorkshire 004D,Violence and sexual offences,Unable to prosecute suspect,
8a9b914f08537312ec3de2d03955024853b7ff0a5fdaa0d8458f074b3beb4a9a,2021-05,Humberside Police,Humberside Police,-0.187077,54.087838,On or near Vernon Road,E01012952,East Riding of Yorkshire 004D,Violence and sexual offences,Unable to prosecute suspect,
bb7ac55259716e44e43bea9c320be9dd9d6ae23e3b3e4c380dcfb3e762d32bd2,2021-05,Humberside Police,Humberside Police,-0.189058,54.088686,On or near Trinity Grove,E01012952,East Riding of Yorkshire 004D,Violence and sexual offences,Unable to prosecute suspect,
8f2dbe1712cceaeb12d4724f7475e1503cc4690622cbb2804e831c157afab0f2,2021-05,Humberside Police,Humberside Police,-0.187077,54.087838,On or near Vernon Road,E01012952,East Riding of Yorkshire 004D,Violence and sexual offences,Unable to prosecute suspect,
edde6e34bef538b411c85d83a98914b190615bfd43379476070cc43d2e9dba59,2021-05,Humberside Police,Humberside Police,-0.187077,54.087838,On or near Vernon Road,E01012952,East Riding of Yorkshire 004D,Other crime,Action to be taken by another organisation,
0a873117eceaff3d551c48d8ba5d9fdd16c4e1bc07a4b392e82945865a92ead5,2021-05,Humberside Police,Humberside Police,-0.189285,54.091215,On or near Park View,E01012952,East Riding of Yorkshire 004D,Other crime,Unable to prosecute suspect,
,2021-05,Humberside Police,Humberside Police,-0.187242,54.083706,On or near Regent Terrace,E01012944,East Riding of Yorkshire 005A,Anti-social behaviour,,
,2021-05,Humberside Police,Humberside Police,-0.187277,54.086070,On or near Parking Area,E01012944,East Riding of Yorkshire 005A,Anti-social behaviour,,
,2021-05,Humberside Police,Humberside Police,-0.187421,54.084508,On or near Promenade,E01012944,East Riding of Yorkshire 005A,Anti-social behaviour,,
,2021-05,Humberside Police,Humberside Police,-0.188806,54.083603,On or near Princess Terrace,E01012944,East Riding of Yorkshire 005A,Anti-social behaviour,,
,2021-05,Humberside Police,Humberside Police,-0.187242,54.083706,On or near Regent Terrace,E01012944,East Riding of Yorkshire 005A,Anti-social behaviour,,
,2021-05,Humberside Police,Humberside Police,-0.191387,54.084370,On or near North Street,E01012944,East Riding of Yorkshire 005A,Anti-social behaviour,,
,2021-05,Humberside Police,Humberside Police,-0.189052,54.083931,On or near Princess Street,E01012944,East Riding of Yorkshire 005A,Anti-social behaviour,,
,2021-05,Humberside Police,Humberside Police,-0.188400,54.085206,On or near Lansdowne Road,E01012944,East Riding of Yorkshire 005A,Anti-social behaviour,,
,2021-05,Humberside Police,Humberside Police,-0.190272,54.086457,On or near Haslemere Avenue,E01012944,East Riding of Yorkshire 005A,Anti-social behaviour,,
,2021-05,Humberside Police,Humberside Police,-0.187242,54.083706,On or near Regent Terrace,E01012944,East Riding of Yorkshire 005A,Anti-social behaviour,,
51f76509b1d40aa4f2361fa52022c08495dd22e4fdf8b469eea45be6afcf9650,2021-05,Humberside Police,Humberside Police,-0.189052,54.083931,On or near Princess Street,E01012944,East Riding of Yorkshire 005A,Criminal damage and arson,Investigation complete; no suspect identified,
99fffc40178a81e3095db608f6a5dff43072112461115ff74f33206cf8ffb865,2021-05,Humberside Police,Humberside Police,-0.191078,54.086541,On or near St George'S Avenue,E01012944,East Riding of Yorkshire 005A,Criminal damage and arson,Unable to prosecute suspect,
18383bb075312715c206a203e1f5c6702253d53957366ceec6b5aaab4f016741,2021-05,Humberside Police,Humberside Police,-0.191078,54.086541,On or near St George'S Avenue,E01012944,East Riding of Yorkshire 005A,Criminal damage and arson,Investigation complete; no suspect identified,
22d9d3d7c15f006c20ca4130405fdd33b0b66cceb8be6114c8549fc60779a941,2021-05,Humberside Police,Humberside Police,-0.191078,54.086541,On or near St George'S Avenue,E01012944,East Riding of Yorkshire 005A,Criminal damage and arson,Unable to prosecute suspect,
acca31407abcbb107fee4fd33ee154ca71bffbbd23c69a5aaf6d80c03f0b9b27,2021-05,Humberside Police,Humberside Police,-0.188414,54.083112,On or near Nightclub,E01012944,East Riding of Yorkshire 005A,Criminal damage and arson,Unable to prosecute suspect,
e7acfaa4b90770a060bc0b7730804f0d4bded3053cd478bcb1cd7136f8abd7e8,2021-05,Humberside Police,Humberside Police,-0.192089,54.085100,On or near Wellington Road,E01012944,East Riding of Yorkshire 005A,Criminal damage and arson,Investigation complete; no suspect identified,
3601ed810d2a3ae5e467d04593a95e44212469f2ac7a6bba0450c761a7b758f1,2021-05,Humberside Police,Humberside Police,-0.189052,54.083931,On or near Princess Street,E01012944,East Riding of Yorkshire 005A,Criminal damage and arson,Investigation complete; no suspect identified,
84c342634732a539d7c329cbb4d98afb6f67d1cf5bcd7b37836e10e7bb5f3468,2021-05,Humberside Police,Humberside Police,-0.188400,54.085206,On or near Lansdowne Road,E01012944,East Riding of Yorkshire 005A,Drugs,Local resolution,
933204f0cdfb8faca3a303e5b10bbe680dd920be0bbb97bee536a3507b1b206d,2021-05,Humberside Police,Humberside Police,-0.188643,54.086981,On or near Tennyson Avenue,E01012944,East Riding of Yorkshire 005A,Drugs,Offender given a drugs possession warning,
2333106420456a67dff3af2c27d8639142ac1971e35dc48b4190efc796547ba2,2021-05,Humberside Police,Humberside Police,-0.187242,54.083706,On or near Regent Terrace,E01012944,East Riding of Yorkshire 005A,Drugs,Court result unavailable,
280aae068e9e2cea8398764d4b19aa7bed6a0198e3af733455c233d7f6d32e65,2021-05,Humberside Police,Humberside Police,-0.188643,54.086981,On or near Tennyson Avenue,E01012944,East Riding of Yorkshire 005A,Other theft,Unable to prosecute suspect,
912045f8b846cac3cf7da8ec5eb371e7edde60c928fb51f89382f4d5cb28d9a0,2021-05,Humberside Police,Humberside Police,-0.188643,54.086981,On or near Tennyson Avenue,E01012944,East Riding of Yorkshire 005A,Other theft,Investigation complete; no suspect identified,
51423d1d17e931d5a70dba84375a437ad92b35e59d341309e01722ab59c4afc0,2021-05,Humberside Police,Humberside Police,-0.188643,54.086981,On or near Tennyson Avenue,E01012944,East Riding of Yorkshire 005A,Other theft,Investigation complete; no suspect identified,
858721a9b41e5dd4304e6500d6ac2aa50380de185d686a0a2904a40a983a3afa,2021-05,Humberside Police,Humberside Police,-0.189219,54.084652,On or near Clarence Road,E01012944,East Riding of Yorkshire 005A,Other theft,Investigation complete; no suspect identified,
c425471698c00dde86ac3abb93c2b6d626e6abd9d664d3327cfb1c195d36c495,2021-05,Humberside Police,Humberside Police,-0.188400,54.085206,On or near Lansdowne Road,E01012944,East Riding of Yorkshire 005A,Other theft,Unable to prosecute suspect,
2ec159a90314fe6a7310fa85171c3efc090f2745ea2010533ab70fd6365703de,2021-05,Humberside Police,Humberside Police,-0.191748,54.083090,On or near Supermarket,E01012944,East Riding of Yorkshire 005A,Other theft,Investigation complete; no suspect identified,
7d88b2b10df8fcbb4d684710a8715ff4a4e2af92f64156ebdd7de6850bc3a67d,2021-05,Humberside Police,Humberside Police,-0.188606,54.086081,On or near Blackburn Avenue,E01012944,East Riding of Yorkshire 005A,Other theft,Investigation complete; no suspect identified,
2b965d4840cbe27b9969d986db86f52741e4e62647516c515618191411be6ef6,2021-05,Humberside Police,Humberside Police,-0.187128,54.085619,On or near Providence Place,E01012944,East Riding of Yorkshire 005A,Other theft,Investigation complete; no suspect identified,
617bc3a6f70ab448753ceefe4de2daaad6824031f0662c8efc259885351e4be7,2021-05,Humberside Police,Humberside Police,-0.187242,54.083706,On or near Regent Terrace,E01012944,East Riding of Yorkshire 005A,Possession of weapons,Offender given a caution,
08477d5b635edd6f3b23cfcf86da9044da03137648c595898d3f04c43ae907fc,2021-05,Humberside Police,Humberside Police,-0.188643,54.086981,On or near Tennyson Avenue,E01012944,East Riding of Yorkshire 005A,Public order,Investigation complete; no suspect identified,
1d53103af7dacc834e495882861e096bbdc2ab18cc654c53cdfd6b3ad82efec1,2021-05,Humberside Police,Humberside Police,-0.190272,54.086457,On or near Haslemere Avenue,E01012944,East Riding of Yorkshire 005A,Public order,Investigation complete; no suspect identified,
a4200cb7660588dad252521e39d7a33cd949b32a3f72727aa05da4698d5064d7,2021-05,Humberside Police,Humberside Police,-0.191387,54.084370,On or near North Street,E01012944,East Riding of Yorkshire 005A,Public order,Unable to prosecute suspect,
f4258ca0f6d322b1d76a7cb1c040b09701cd335120cd0b4960d69fed50b643c4,2021-05,Humberside Police,Humberside Police,-0.191078,54.086541,On or near St George'S Avenue,E01012944,East Riding of Yorkshire 005A,Public order,Further investigation is not in the public interest,
50caa743122de7475942d1455bea6a0d1c3f7ec445afb109f232bdbeda2bab65,2021-05,Humberside Police,Humberside Police,-0.188400,54.085206,On or near Lansdowne Road,E01012944,East Riding of Yorkshire 005A,Public order,Unable to prosecute suspect,
567b4cdea7f4a8265ce82296b95eb032eed541032ac0f73ad0624a5814f75335,2021-05,Humberside Police,Humberside Police,-0.188806,54.083603,On or near Princess Terrace,E01012944,East Riding of Yorkshire 005A,Public order,Unable to prosecute suspect,
8797b6903caab4a9b1d007536be1faf8079aad847fadbc28fbd3bfd5e3321257,2021-05,Humberside Police,Humberside Police,-0.190729,54.085790,On or near Travis Street,E01012944,East Riding of Yorkshire 005A,Public order,Local resolution,
a960973a3ca1e78d08bebb54ed9be7f0dc73229083e548c117dc062009d61581,2021-05,Humberside Police,Humberside Police,-0.190919,54.084938,On or near Parking Area,E01012944,East Riding of Yorkshire 005A,Public order,Unable to prosecute suspect,
b75c50aa2b00bdc1538f0742ae3dcb6dd7c1f84558d748d4255757438445b1a1,2021-05,Humberside Police,Humberside Police,-0.191748,54.083090,On or near Supermarket,E01012944,East Riding of Yorkshire 005A,Shoplifting,Court result unavailable,
c9515b98a7b4a0aff93ce7908cfc0854f09969338dc63305d1cdda50aaed3240,2021-05,Humberside Police,Humberside Police,-0.191748,54.083090,On or near Supermarket,E01012944,East Riding of Yorkshire 005A,Shoplifting,Court result unavailable,
e29191b819864f5f5bb1f379d5fdcf80f4cd1e9663c038dc96ec57b6022eea02,2021-05,Humberside Police,Humberside Police,-0.191748,54.083090,On or near Supermarket,E01012944,East Riding of Yorkshire 005A,Shoplifting,Local resolution,
e826e9d85cf41b5705a750c77b2265d3e21367f237a3806970d6400d0e328621,2021-05,Humberside Police,Humberside Police,-0.191748,54.083090,On or near Supermarket,E01012944,East Riding of Yorkshire 005A,Shoplifting,Unable to prosecute suspect,
ab02df82390c9cb873e4dea044785a687bfa99456c3575b88efdb54003e7df86,2021-05,Humberside Police,Humberside Police,-0.191748,54.083090,On or near Supermarket,E01012944,East Riding of Yorkshire 005A,Shoplifting,Status update unavailable,
67b470e4d562fd82a213734e77a8f03559f952c03f5e7bf4ff601f19dc66da81,2021-05,Humberside Police,Humberside Police,-0.191748,54.083090,On or near Supermarket,E01012944,East Riding of Yorkshire 005A,Shoplifting,Offender given a caution,
ceb4e4436d9a2f6fd62e6944e323a7314dfca2fa7b9c8429ae168637e425374c,2021-05,Humberside Police,Humberside Police,-0.191748,54.083090,On or near Supermarket,E01012944,East Riding of Yorkshire 005A,Shoplifting,Offender given a caution,
e7ddc83daea52e8d8f2e78b567da3c9a88b7b2b57d7b565b6e9a8ac8d0411125,2021-05,Humberside Police,Humberside Police,-0.191748,54.083090,On or near Supermarket,E01012944,East Riding of Yorkshire 005A,Shoplifting,Offender given a caution,
445a74ed15e2be32a93b8b63f76ed7ea4f00ae26b22a86de17c6fd0893855364,2021-05,Humberside Police,Humberside Police,-0.191748,54.083090,On or near Supermarket,E01012944,East Riding of Yorkshire 005A,Theft from the person,Investigation complete; no suspect identified,
4fbfa8c1e0811348547652719b8237f9337cbd91c03c8ba6b57666c2a7f911d4,2021-05,Humberside Police,Humberside Police,-0.191387,54.084370,On or near North Street,E01012944,East Riding of Yorkshire 005A,Violence and sexual offences,Unable to prosecute suspect,
7a5b2a412e726952d74c4c90b6320405e0f8a7fbe41f073880dfea50be3e7180,2021-05,Humberside Police,Humberside Police,-0.186685,54.082448,On or near Royal Prince'S Parade,E01012944,East Riding of Yorkshire 005A,Violence and sexual offences,Action to be taken by another organisation,
b48fcf19e28788348cdd6ac5d0481106f8acc26876f92bdee7241d4894fe37f9,2021-05,Humberside Police,Humberside Police,-0.191748,54.083090,On or near Supermarket,E01012944,East Riding of Yorkshire 005A,Violence and sexual offences,Unable to prosecute suspect,
71f6d48e8be048653d6ab4f2abb7bc5d3de7d7e626f535e4ce4c415a12a44ccb,2021-05,Humberside Police,Humberside Police,-0.187242,54.083706,On or near Regent Terrace,E01012944,East Riding of Yorkshire 005A,Violence and sexual offences,Unable to prosecute suspect,
c3f471e1285f912d4acfd18f0d2deed2bc552d60ac87dcc2520a9e076256f95a,2021-05,Humberside Police,Humberside Police,-0.186685,54.082448,On or near Royal Prince'S Parade,E01012944,East Riding of Yorkshire 005A,Violence and sexual offences,Court result unavailable,
22ef9162f0df10b62fdb9c2e1e37e61ce53e688dd4163242e220373c3f4a5374,2021-05,Humberside Police,Humberside Police,-0.187421,54.084508,On or near Promenade,E01012944,East Riding of Yorkshire 005A,Violence and sexual offences,Offender given a caution,
4db138c4686542fa57271b128d784d7fdc941cff858022b9c8185cf3ea1ea434,2021-05,Humberside Police,Humberside Police,-0.186685,54.082448,On or near Royal Prince'S Parade,E01012944,East Riding of Yorkshire 005A,Violence and sexual offences,Investigation complete; no suspect identified,
c463f7634a8dfe35b10d45aa6a76ebe0e7c204914d880a1815b4aa76b5cc6582,2021-05,Humberside Police,Humberside Police,-0.187242,54.083706,On or near Regent Terrace,E01012944,East Riding of Yorkshire 005A,Violence and sexual offences,Unable to prosecute suspect,
0bd49252a16b0c4bd7ecfe0c732bf9d65b45c73ce3950e353cde34fb67a25045,2021-05,Humberside Police,Humberside Police,-0.187128,54.085619,On or near Providence Place,E01012944,East Riding of Yorkshire 005A,Violence and sexual offences,Unable to prosecute suspect,
4f8a7762eb19b1affba1dc239550862beba74add217be86b0616da8c965d298c,2021-05,Humberside Police,Humberside Police,-0.188400,54.085206,On or near Lansdowne Road,E01012944,East Riding of Yorkshire 005A,Violence and sexual offences,Unable to prosecute suspect,
cb0cce01ad691c4bd6edb5fc5f17408934bfef90a4e17453f0353231f75cb83d,2021-05,Humberside Police,Humberside Police,-0.187242,54.083706,On or near Regent Terrace,E01012944,East Riding of Yorkshire 005A,Violence and sexual offences,Unable to prosecute suspect,
3a00db257621983deb7b80b522f85d9fc39a02bd8cef1d7f4e1a614c0ce560cb,2021-05,Humberside Police,Humberside Police,-0.188400,54.085206,On or near Lansdowne Road,E01012944,East Riding of Yorkshire 005A,Violence and sexual offences,Further action is not in the public interest,
746f44b4515f019bbb4dbfe66edb1bffd2d8b31beed97890166d8861284ba26b,2021-05,Humberside Police,Humberside Police,-0.191078,54.086541,On or near St George'S Avenue,E01012944,East Riding of Yorkshire 005A,Violence and sexual offences,Unable to prosecute suspect,
0d9770eafc6575f6694fd65c8821a8f21d5527c92ce2b8c6dc2a31596a77a8f9,2021-05,Humberside Police,Humberside Police,-0.188643,54.086981,On or near Tennyson Avenue,E01012944,East Riding of Yorkshire 005A,Violence and sexual offences,Unable to prosecute suspect,
12beba77011206ed6d2f532b1111bcfb42ff09637f599aca5be0b0fcfb6617ab,2021-05,Humberside Police,Humberside Police,-0.190729,54.085790,On or near Travis Street,E01012944,East Riding of Yorkshire 005A,Violence and sexual offences,Unable to prosecute suspect,
c9ba8683ba064c6f2639d31121ac7ad92a43b6a01d19932fb4ce7bdbfab428bd,2021-05,Humberside Police,Humberside Police,-0.187242,54.083706,On or near Regent Terrace,E01012944,East Riding of Yorkshire 005A,Violence and sexual offences,Local resolution,
6777821cc4f6c797cfeae915d507ce30ddf0d326ce767b162f2a04308db01848,2021-05,Humberside Police,Humberside Police,-0.188400,54.085206,On or near Lansdowne Road,E01012944,East Riding of Yorkshire 005A,Violence and sexual offences,Local resolution,
ef659fae03bf37904c158b42612e48cccc1934f4611238ad29325ef39e48a494,2021-05,Humberside Police,Humberside Police,-0.189219,54.084652,On or near Clarence Road,E01012944,East Riding of Yorkshire 005A,Violence and sexual offences,Status update unavailable,
dfb726b20bbb68c7e160c03e5f5c4dbdb521664209216074ca8ddc2117d50de2,2021-05,Humberside Police,Humberside Police,-0.188400,54.085206,On or near Lansdowne Road,E01012944,East Riding of Yorkshire 005A,Violence and sexual offences,Unable to prosecute suspect,
657db69e2d21ce8bab475d892f8f32d68386f814a53ac238da6b8b4ec24eb84f,2021-05,Humberside Police,Humberside Police,-0.187421,54.084508,On or near Promenade,E01012944,East Riding of Yorkshire 005A,Violence and sexual offences,Unable to prosecute suspect,
464455922d6f08f998c151514f6d3f4a478a1c694f27a5afebfc9bcbb7f96323,2021-05,Humberside Police,Humberside Police,-0.190729,54.085790,On or near Travis Street,E01012944,East Riding of Yorkshire 005A,Violence and sexual offences,Investigation complete; no suspect identified,
830a3330835c48dd19dd21e03f547c3968288aeb43501e68ba8f531a1337b897,2021-05,Humberside Police,Humberside Police,-0.190729,54.085790,On or near Travis Street,E01012944,East Riding of Yorkshire 005A,Violence and sexual offences,Unable to prosecute suspect,
cc31d5a2a0ddbafd242f34bb643efbc8e54b093186f0d2b3601dd0fe979a1ddf,2021-05,Humberside Police,Humberside Police,-0.187064,54.083928,On or near Fort Terrace,E01012944,East Riding of Yorkshire 005A,Violence and sexual offences,Unable to prosecute suspect,
1db23f4b27ee32a81524f1c8a70e8ca1c72605d359394f4d4969fee1c5acc637,2021-05,Humberside Police,Humberside Police,-0.188400,54.085206,On or near Lansdowne Road,E01012944,East Riding of Yorkshire 005A,Violence and sexual offences,Unable to prosecute suspect,
0240ace7c5a4a46a1ece325c672b5afcf073d92dbcff0a097edbc628303ee62f,2021-05,Humberside Police,Humberside Police,-0.186685,54.082448,On or near Royal Prince'S Parade,E01012944,East Riding of Yorkshire 005A,Violence and sexual offences,Investigation complete; no suspect identified,
04338afebabd61db7e708cdaefabdc9d2294f5ae20a6a87dba3cbe42cb97e542,2021-05,Humberside Police,Humberside Police,-0.190729,54.085790,On or near Travis Street,E01012944,East Riding of Yorkshire 005A,Violence and sexual offences,Unable to prosecute suspect,
cc771569c9562ac484e5afec4d25d97035453b182901841fcdc7c678b7784cf6,2021-05,Humberside Police,Humberside Police,-0.189219,54.084652,On or near Clarence Road,E01012944,East Riding of Yorkshire 005A,Violence and sexual offences,Unable to prosecute suspect,
3efba651972a45c175c2b37b77c92cd8df7b8f87af513df8755e3ccbc69a8ed2,2021-05,Humberside Police,Humberside Police,-0.189219,54.084652,On or near Clarence Road,E01012944,East Riding of Yorkshire 005A,Violence and sexual offences,Unable to prosecute suspect,
232cb85519caf0efa4594f26c532e466ebcd2bb252032064690a31486b062455,2021-05,Humberside Police,Humberside Police,-0.187064,54.083928,On or near Fort Terrace,E01012944,East Riding of Yorkshire 005A,Violence and sexual offences,Investigation complete; no suspect identified,
34a6003e761b08d624b94943ac46eefe005c4eab502268b3c7d87b351ec45f98,2021-05,Humberside Police,Humberside Police,-0.187421,54.084508,On or near Promenade,E01012944,East Riding of Yorkshire 005A,Violence and sexual offences,Action to be taken by another organisation,
cf6463ce13e25b4f2b0c3ecd9d8a02add55e87e9826d3a2e04fb3a45f3402d0d,2021-05,Humberside Police,Humberside Police,-0.189219,54.084652,On or near Clarence Road,E01012944,East Riding of Yorkshire 005A,Violence and sexual offences,Unable to prosecute suspect,
0b2f36c89c20258bef456119ed724c73f7b2f889bbc3ff14cba08369b8fc7cb6,2021-05,Humberside Police,Humberside Police,-0.192089,54.085100,On or near Wellington Road,E01012944,East Riding of Yorkshire 005A,Violence and sexual offences,Local resolution,
2d62fea532b3de4d7e1b998c4f1cc10b4e384aa20f1e13e768080745ca784a82,2021-05,Humberside Police,Humberside Police,-0.187064,54.083928,On or near Fort Terrace,E01012944,East Riding of Yorkshire 005A,Violence and sexual offences,Investigation complete; no suspect identified,
0f1cf29ad7506f88e487ca7d01d0ec1f4ca90f7936a228165ca8edd4831ae5f2,2021-05,Humberside Police,Humberside Police,-0.186685,54.082448,On or near Royal Prince'S Parade,E01012944,East Riding of Yorkshire 005A,Violence and sexual offences,Unable to prosecute suspect,
3e4ebdaa6e43afcf0222fa45af3b3e06db5c9b148d3c14976a633010d96debcd,2021-05,Humberside Police,Humberside Police,-0.189219,54.084652,On or near Clarence Road,E01012944,East Riding of Yorkshire 005A,Other crime,Unable to prosecute suspect,
,2021-05,Humberside Police,Humberside Police,-0.207602,54.082015,On or near Supermarket,E01012947,East Riding of Yorkshire 005B,Anti-social behaviour,,
,2021-05,Humberside Police,Humberside Police,-0.200694,54.081975,On or near Savage Road,E01012947,East Riding of Yorkshire 005B,Anti-social behaviour,,
f10c17b68b7f83612ce73b30d0317ad6f4c33eb2bbafb2d21bab385509f523c4,2021-05,Humberside Police,Humberside Police,-0.198181,54.081767,On or near New Burlington Road,E01012947,East Riding of Yorkshire 005B,Burglary,Investigation complete; no suspect identified,
c2c63cfb63edd5fa7a6c92e59d7548d9fa0a09aceda9f4032b1582d65a2df87d,2021-05,Humberside Police,Humberside Police,-0.201205,54.079708,On or near Bedford Grove,E01012947,East Riding of Yorkshire 005B,Criminal damage and arson,Investigation complete; no suspect identified,
43f6f5f45c101fea9fdb6bd78ba79c4aa69c250debbddca4ddc327338b46a1a0,2021-05,Humberside Police,Humberside Police,-0.198181,54.081767,On or near New Burlington Road,E01012947,East Riding of Yorkshire 005B,Drugs,Court result unavailable,
3dbbe0cbd1c39137220b41ef28d558ab6057a7e8f23202d7348325fc7f23481f,2021-05,Humberside Police,Humberside Police,-0.198181,54.081767,On or near New Burlington Road,E01012947,East Riding of Yorkshire 005B,Possession of weapons,Court result unavailable,
532f2750d096fb2cec075cc5f2642d0397c952f4cb9e86d7084ed409bb4aa60e,2021-05,Humberside Police,Humberside Police,-0.200694,54.081975,On or near Savage Road,E01012947,East Riding of Yorkshire 005B,Public order,Investigation complete; no suspect identified,
07a7c4701c95a019fe9a71d2c8f1f1aa1296b108a009eb5dc3632683fcda6171,2021-05,Humberside Police,Humberside Police,-0.201205,54.079708,On or near Bedford Grove,E01012947,East Riding of Yorkshire 005B,Public order,Investigation complete; no suspect identified,
02ab08f5b3d6cf347e5f3cf2bd563e535524c60f4029de9fe9002d7dfd9c19ef,2021-05,Humberside Police,Humberside Police,-0.201205,54.079708,On or near Bedford Grove,E01012947,East Riding of Yorkshire 005B,Violence and sexual offences,Court result unavailable,
4d7359f96df6fbf382c7a0c471876872ac22e1e701585fa5f17cfaef8a8dcb41,2021-05,Humberside Police,Humberside Police,-0.198181,54.081767,On or near New Burlington Road,E01012947,East Riding of Yorkshire 005B,Violence and sexual offences,Status update unavailable,
7428a94d8ce2028693c6770bccba40ea464986670cb63ebf300b4c70c477d2a2,2021-05,Humberside Police,Humberside Police,-0.198181,54.081767,On or near New Burlington Road,E01012947,East Riding of Yorkshire 005B,Violence and sexual offences,Investigation complete; no suspect identified,
74837bc8c6456ba520574972e9496da0c92f7c6f6304de2bf37b9ebc3291d505,2021-05,Humberside Police,Humberside Police,-0.198181,54.081767,On or near New Burlington Road,E01012947,East Riding of Yorkshire 005B,Violence and sexual offences,Court result unavailable,
c9e8b9a568be371249453bc0ffe45b5a84cd255ae3a5b173c4c2ed37ba38ae65,2021-05,Humberside Police,Humberside Police,-0.207602,54.082015,On or near Supermarket,E01012947,East Riding of Yorkshire 005B,Violence and sexual offences,Unable to prosecute suspect,
7837b860720807c8f913fe2fb9fc4ec99308cc4d551ea7378ac0b0e42bcd5836,2021-05,Humberside Police,Humberside Police,-0.207602,54.082015,On or near Supermarket,E01012947,East Riding of Yorkshire 005B,Violence and sexual offences,Unable to prosecute suspect,
68269330c1421323c67ae587cfc66d3c5023920ce4b72572daf0da52b90cbb6a,2021-05,Humberside Police,Humberside Police,-0.201205,54.079708,On or near Bedford Grove,E01012947,East Riding of Yorkshire 005B,Violence and sexual offences,Court result unavailable,
e013fdb5eaa494826394640486a7df754eac8dbcf17a45e0751c27d4f2270db4,2021-05,Humberside Police,Humberside Police,-0.204142,54.078251,On or near St James' Road,E01012947,East Riding of Yorkshire 005B,Violence and sexual offences,Unable to prosecute suspect,
f4b660d5b62a60baeb976ed19451a89c8ad81ab70697bce95d7a9f6556749577,2021-05,Humberside Police,Humberside Police,-0.201205,54.079708,On or near Bedford Grove,E01012947,East Riding of Yorkshire 005B,Violence and sexual offences,Unable to prosecute suspect,
3c8e651ca46b8918f5ad1680b193fdc05fb6bff8defa048c2332322d20951d90,2021-05,Humberside Police,Humberside Police,-0.198181,54.081767,On or near New Burlington Road,E01012947,East Riding of Yorkshire 005B,Other crime,Court result unavailable,
,2021-05,Humberside Police,Humberside Police,-0.193974,54.081470,On or near Ferndale Terrace,E01012948,East Riding of Yorkshire 005C,Anti-social behaviour,,
,2021-05,Humberside Police,Humberside Police,-0.197736,54.083216,On or near Hilderthorpe Road,E01012948,East Riding of Yorkshire 005C,Anti-social behaviour,,
,2021-05,Humberside Police,Humberside Police,-0.187776,54.082338,On or near The Crescent,E01012948,East Riding of Yorkshire 005C,Anti-social behaviour,,
,2021-05,Humberside Police,Humberside Police,-0.189652,54.083122,On or near Shopping Area,E01012948,East Riding of Yorkshire 005C,Anti-social behaviour,,
,2021-05,Humberside Police,Humberside Police,-0.197211,54.080152,On or near Neptune Street,E01012948,East Riding of Yorkshire 005C,Anti-social behaviour,,
,2021-05,Humberside Police,Humberside Police,-0.189656,54.081989,On or near Cross Street,E01012948,East Riding of Yorkshire 005C,Anti-social behaviour,,
,2021-05,Humberside Police,Humberside Police,-0.193974,54.081470,On or near Ferndale Terrace,E01012948,East Riding of Yorkshire 005C,Anti-social behaviour,,
,2021-05,Humberside Police,Humberside Police,-0.190400,54.084203,On or near Marshall Avenue,E01012948,East Riding of Yorkshire 005C,Anti-social behaviour,,
2d838a32100203a4f4792e8b58615dd76b4accc6b65fdac063c2d808663d4257,2021-05,Humberside Police,Humberside Police,-0.193974,54.081470,On or near Ferndale Terrace,E01012948,East Riding of Yorkshire 005C,Bicycle theft,Unable to prosecute suspect,
1b8595eda5f942d260d2d5c6814d783afa12337a505b36274bedbd296219586e,2021-05,Humberside Police,Humberside Police,-0.189656,54.081989,On or near Cross Street,E01012948,East Riding of Yorkshire 005C,Criminal damage and arson,Unable to prosecute suspect,
0391c7a424bb283c4accad1c434bf1bde07f017af351c6255397dc39f6810b15,2021-05,Humberside Police,Humberside Police,-0.197520,54.083617,On or near Petrol Station,E01012948,East Riding of Yorkshire 005C,Public order,Investigation complete; no suspect identified,
ebecaf844c7796f47898a78c9018639f70bc592903759e63196e3827b382c549,2021-05,Humberside Police,Humberside Police,-0.187776,54.082338,On or near The Crescent,E01012948,East Riding of Yorkshire 005C,Public order,Court result unavailable,
5c503c62f7fca8519dc6778d5c842bb2df33fb83dd207455fef0b6a85d4908a7,2021-05,Humberside Police,Humberside Police,-0.197520,54.083617,On or near Petrol Station,E01012948,East Riding of Yorkshire 005C,Public order,Unable to prosecute suspect,
ad77ca16b319fe15c2b1d01010eca1b7d0fdabaebad3c5c23b459677e91a2960,2021-05,Humberside Police,Humberside Police,-0.188648,54.081956,On or near Shopping Area,E01012948,East Riding of Yorkshire 005C,Public order,Investigation complete; no suspect identified,
6085d7250c6094018d907500050583c91a1bd4bdfbf9ef23506e5a239b9eff41,2021-05,Humberside Police,Humberside Police,-0.197399,54.082159,On or near Olinda Road,E01012948,East Riding of Yorkshire 005C,Public order,Local resolution,
799b3913c68343f25f3cdd78686951c4edf6b0b3782630495c2efff2a9bd0a1f,2021-05,Humberside Police,Humberside Police,-0.197520,54.083617,On or near Petrol Station,E01012948,East Riding of Yorkshire 005C,Public order,Investigation complete; no suspect identified,
82d3c12f9e23be16368d1d4c526201e017a9c5e2886f21128cbbd742624cd317,2021-05,Humberside Police,Humberside Police,-0.193974,54.081470,On or near Ferndale Terrace,E01012948,East Riding of Yorkshire 005C,Public order,Formal action is not in the public interest,
6a479ceb01517a6e694062132933a046381038c03375ae72504e562203a13eab,2021-05,Humberside Police,Humberside Police,-0.193974,54.081470,On or near Ferndale Terrace,E01012948,East Riding of Yorkshire 005C,Public order,Investigation complete; no suspect identified,
83a82ff035c191fa87e642a74b72de878e8644397acd7121df53f388f9bea0d5,2021-05,Humberside Police,Humberside Police,-0.197520,54.083617,On or near Petrol Station,E01012948,East Riding of Yorkshire 005C,Shoplifting,Court result unavailable,
64b024971ba7eb6da078a1486ff7d7d31f2e79063cd402ab1b59353321eaf651,2021-05,Humberside Police,Humberside Police,-0.197520,54.083617,On or near Petrol Station,E01012948,East Riding of Yorkshire 005C,Shoplifting,Investigation complete; no suspect identified,
9b73b1e0bb2fafd2afa437e65fdfc3de2e2d05421bbac45c41da7d2d9aa69ae9,2021-05,Humberside Police,Humberside Police,-0.189652,54.083122,On or near Shopping Area,E01012948,East Riding of Yorkshire 005C,Shoplifting,Court result unavailable,
2c41e2f3117fd2ef7b1d806504bbced2d8edb22ea76471090467c3fbbee65b2b,2021-05,Humberside Police,Humberside Police,-0.197520,54.083617,On or near Petrol Station,E01012948,East Riding of Yorkshire 005C,Shoplifting,Investigation complete; no suspect identified,
a83e55a55ca695574b069f23549afea8a9e7c3a995d32bae6b9970e7bf6362b1,2021-05,Humberside Police,Humberside Police,-0.197520,54.083617,On or near Petrol Station,E01012948,East Riding of Yorkshire 005C,Shoplifting,Investigation complete; no suspect identified,
b3c6cd08f5f43ec24699bc804ceb34b862fa070e474e84eb510aa95e9ed9ead7,2021-05,Humberside Police,Humberside Police,-0.197520,54.083617,On or near Petrol Station,E01012948,East Riding of Yorkshire 005C,Shoplifting,Local resolution,
b43611c5883c9185b38c26851dc421cc1d5d524780cfcc4eb9cc4bc9115fdd2f,2021-05,Humberside Police,Humberside Police,-0.197520,54.083617,On or near Petrol Station,E01012948,East Riding of Yorkshire 005C,Shoplifting,Investigation complete; no suspect identified,
f384c015b9444f7dfd5c21f148b885c112a182b974db05cd81cb546a1eddecd7,2021-05,Humberside Police,Humberside Police,-0.197520,54.083617,On or near Petrol Station,E01012948,East Riding of Yorkshire 005C,Shoplifting,Investigation complete; no suspect identified,
91f1b0a3979cb0b970324c39e3745528813d528af53d931d780bf27b45c37e9f,2021-05,Humberside Police,Humberside Police,-0.197520,54.083617,On or near Petrol Station,E01012948,East Riding of Yorkshire 005C,Shoplifting,Unable to prosecute suspect,
490b61eb45d8e216d9d31793e8b3a8cb984595ed5c8a5c95d951823f99f971fa,2021-05,Humberside Police,Humberside Police,-0.197716,54.080501,On or near Shopping Area,E01012948,East Riding of Yorkshire 005C,Shoplifting,Investigation complete; no suspect identified,
fbff86b25046870520db6801c44900d94b20c2522a9c1474ae979d7b26bb4b8f,2021-05,Humberside Police,Humberside Police,-0.189652,54.083122,On or near Shopping Area,E01012948,East Riding of Yorkshire 005C,Shoplifting,Court result unavailable,
f47227e20b655de45ea9ea609aee323056b49e236e21fee59374f89a9e2d6928,2021-05,Humberside Police,Humberside Police,-0.190868,54.082601,On or near Chapel Street,E01012948,East Riding of Yorkshire 005C,Shoplifting,Court result unavailable,
0df7509ebc64718ef4a1754457e8bda3b4b29a8afb9bb5506bb1c0eefe1914be,2021-05,Humberside Police,Humberside Police,-0.190868,54.082601,On or near Chapel Street,E01012948,East Riding of Yorkshire 005C,Shoplifting,Court result unavailable,
6055760d7fcf3531088ea0c73fb5f99483e04e1af3e1d29dcb3c3bf7fe92da14,2021-05,Humberside Police,Humberside Police,-0.189652,54.083122,On or near Shopping Area,E01012948,East Riding of Yorkshire 005C,Shoplifting,Unable to prosecute suspect,
2a15e39f2d8724440ed27d18c936b9b09fc197b1d87c7f65eab184387bcd15e2,2021-05,Humberside Police,Humberside Police,-0.190966,54.082440,On or near Shopping Area,E01012948,East Riding of Yorkshire 005C,Shoplifting,Court result unavailable,
1d8b3047db892d5d1e33433dd412c97a93abbd63c4312ff36e12d8b7f98a76af,2021-05,Humberside Police,Humberside Police,-0.197520,54.083617,On or near Petrol Station,E01012948,East Riding of Yorkshire 005C,Shoplifting,Investigation complete; no suspect identified,
83b06a2dba786aca6d497778e14458a8b4bc30a4c79897737899eb5cb3d68271,2021-05,Humberside Police,Humberside Police,-0.190966,54.082440,On or near Shopping Area,E01012948,East Riding of Yorkshire 005C,Shoplifting,Status update unavailable,
c0e8567acda0d571f6503bcf0118f2ad28f31d4e9fdd15f3d270ab96e416a74f,2021-05,Humberside Police,Humberside Police,-0.197520,54.083617,On or near Petrol Station,E01012948,East Riding of Yorkshire 005C,Shoplifting,Investigation complete; no suspect identified,
8b25d72a7ccf69ca2f9fabe149655b65ec6057631d5f10a72424130cbf963897,2021-05,Humberside Police,Humberside Police,-0.197520,54.083617,On or near Petrol Station,E01012948,East Riding of Yorkshire 005C,Shoplifting,Court result unavailable,
0bf91dd2d9061a6ccf798732ccc7d54afca1cc318c0f7136bc7d496a31579a09,2021-05,Humberside Police,Humberside Police,-0.189652,54.083122,On or near Shopping Area,E01012948,East Riding of Yorkshire 005C,Shoplifting,Local resolution,
196cfd536f1fdb0284e18b2971dfbcce414272350511e46bd81351ce51aa5533,2021-05,Humberside Police,Humberside Police,-0.197716,54.080501,On or near Shopping Area,E01012948,East Riding of Yorkshire 005C,Shoplifting,Unable to prosecute suspect,
ce8b4010f3b7ba744d730584bac5a89bdd228a13affe24bad6954480afd8ddb6,2021-05,Humberside Police,Humberside Police,-0.197520,54.083617,On or near Petrol Station,E01012948,East Riding of Yorkshire 005C,Shoplifting,Status update unavailable,
966acdbb4cda0e9d9d8f02833cff7f578295456a0e4d68db2974d3f96d96babc,2021-05,Humberside Police,Humberside Police,-0.197520,54.083617,On or near Petrol Station,E01012948,East Riding of Yorkshire 005C,Shoplifting,Investigation complete; no suspect identified,
754bcbdb4ce22bb900cea51e6d72d5cbd9148035378586a455494a43dcfd3bdb,2021-05,Humberside Police,Humberside Police,-0.197520,54.083617,On or near Petrol Station,E01012948,East Riding of Yorkshire 005C,Shoplifting,Local resolution,
60e0bd57bf61c5712cc0a4f350d1cd72bf15e930d55a3dda047236a1c2d64729,2021-05,Humberside Police,Humberside Police,-0.197520,54.083617,On or near Petrol Station,E01012948,East Riding of Yorkshire 005C,Shoplifting,Formal action is not in the public interest,
684544424caee0926e33dadbe04031bdde0d4271ebbac75e5a2b5adaab7fe8f2,2021-05,Humberside Police,Humberside Police,-0.193974,54.081470,On or near Ferndale Terrace,E01012948,East Riding of Yorkshire 005C,Violence and sexual offences,Unable to prosecute suspect,
90bed5b8e1967d6b6f4a502730b9f0547ab718ce6b295c35ff1bb84a51b3dc32,2021-05,Humberside Police,Humberside Police,-0.190400,54.084203,On or near Marshall Avenue,E01012948,East Riding of Yorkshire 005C,Violence and sexual offences,Unable to prosecute suspect,
f9a3e058ed088fd1f67b958bc7ac5bc787f303c5a30e019df084a8cf48e5c79d,2021-05,Humberside Police,Humberside Police,-0.191916,54.082392,On or near Manor Street,E01012948,East Riding of Yorkshire 005C,Violence and sexual offences,Offender given a caution,
94f78fce9353249885333d244350f3d845a6530fd71403e9a9875a14158303a3,2021-05,Humberside Police,Humberside Police,-0.196203,54.080496,On or near West Street,E01012948,East Riding of Yorkshire 005C,Violence and sexual offences,Unable to prosecute suspect,
d63b3faebf75530a63a32e9dafc07605db0a49694e4611e17a5b95ecde1ecaef,2021-05,Humberside Police,Humberside Police,-0.195926,54.080870,On or near Albert Street,E01012948,East Riding of Yorkshire 005C,Violence and sexual offences,Unable to prosecute suspect,
43614dc02b7e0da2a31f3ddb71e2faf6624c8f8e094b03f4ce45c49324794be0,2021-05,Humberside Police,Humberside Police,-0.197520,54.083617,On or near Petrol Station,E01012948,East Riding of Yorkshire 005C,Violence and sexual offences,Unable to prosecute suspect,
f2ace9984401138e0e5d4dcc85db1fb361b82bd81156a947b9af533945f9d722,2021-05,Humberside Police,Humberside Police,-0.196466,54.081130,On or near Thorpe Street,E01012948,East Riding of Yorkshire 005C,Violence and sexual offences,Unable to prosecute suspect,
00a78ebf2fa1a9a36444cb77d2d710ce3b6f606deb3cbc41c79a6597e2eb03c6,2021-05,Humberside Police,Humberside Police,-0.196466,54.081130,On or near Thorpe Street,E01012948,East Riding of Yorkshire 005C,Violence and sexual offences,Unable to prosecute suspect,
4742acb898073bc71a62560e7885446225a5bc9312c4c32e1966849099c5a282,2021-05,Humberside Police,Humberside Police,-0.188648,54.081956,On or near Shopping Area,E01012948,East Riding of Yorkshire 005C,Violence and sexual offences,Unable to prosecute suspect,
6a4409acfd04c9cf3faa2ae2c0a139aafea6612809dbde34ed55b003f6e518fd,2021-05,Humberside Police,Humberside Police,-0.191142,54.081571,On or near Shopping Area,E01012948,East Riding of Yorkshire 005C,Violence and sexual offences,Unable to prosecute suspect,
e96da8eaa6a92d7d83187fcb5ef96c1a5b6c6401dd72cedbb6206ca21523a821,2021-05,Humberside Police,Humberside Police,-0.197520,54.083617,On or near Petrol Station,E01012948,East Riding of Yorkshire 005C,Violence and sexual offences,Status update unavailable,
3b2127f76e07b7e0ba3b7f523682fb0428c1e020df0dd0acd72a26ba593cf0e1,2021-05,Humberside Police,Humberside Police,-0.193974,54.081470,On or near Ferndale Terrace,E01012948,East Riding of Yorkshire 005C,Violence and sexual offences,Investigation complete; no suspect identified,
13760a7049e2cfe14db336ef696ae5425d80105446f0d27c1a24fa3f8a428f54,2021-05,Humberside Police,Humberside Police,-0.197736,54.083216,On or near Hilderthorpe Road,E01012948,East Riding of Yorkshire 005C,Violence and sexual offences,Unable to prosecute suspect,
cff3377b980faf619ec5a5e4eda325f2a61a3c8703984b678018e5cc2a54e2d5,2021-05,Humberside Police,Humberside Police,-0.197716,54.080501,On or near Shopping Area,E01012948,East Riding of Yorkshire 005C,Violence and sexual offences,Investigation complete; no suspect identified,
e1d17f141f7b293c6106e1e94c3f40c4fb7de9f3011b6e3d592841b89c17d4e7,2021-05,Humberside Police,Humberside Police,-0.197399,54.082159,On or near Olinda Road,E01012948,East Riding of Yorkshire 005C,Violence and sexual offences,Unable to prosecute suspect,
25369e4282cb00b8d547650d2cf3ebe8595f90234cec5b9b22f68ddfcab0e59c,2021-05,Humberside Police,Humberside Police,-0.196466,54.081130,On or near Thorpe Street,E01012948,East Riding of Yorkshire 005C,Violence and sexual offences,Unable to prosecute suspect,
61c825197f934bf71e9db997f693ac4197f8935833cc9d6bce795499c3d100ae,2021-05,Humberside Police,Humberside Police,-0.196466,54.081130,On or near Thorpe Street,E01012948,East Riding of Yorkshire 005C,Violence and sexual offences,Unable to prosecute suspect,
9d9858d4c9a6413da6dc8e26dda03ebc7bf9215edaf8649775aec4730a057ed3,2021-05,Humberside Police,Humberside Police,-0.187776,54.082338,On or near The Crescent,E01012948,East Riding of Yorkshire 005C,Other crime,Investigation complete; no suspect identified,
,2021-05,Humberside Police,Humberside Police,-0.200549,54.077910,On or near Summerfield Road,E01012951,East Riding of Yorkshire 005D,Anti-social behaviour,,
,2021-05,Humberside Police,Humberside Police,-0.199750,54.079066,On or near Horsforth Avenue,E01012951,East Riding of Yorkshire 005D,Anti-social behaviour,,
,2021-05,Humberside Police,Humberside Police,-0.194768,54.079738,On or near Parking Area,E01012951,East Riding of Yorkshire 005D,Anti-social behaviour,,
755adc10b6668d62ced789ca4343f08f9536a5c09e60ea52888f88a6585e17fc,2021-05,Humberside Police,Humberside Police,-0.202236,54.075661,On or near Trafalgar Crescent,E01012951,East Riding of Yorkshire 005D,Criminal damage and arson,Unable to prosecute suspect,
e322a10b1b1c10ecabe700938e64e0ffb704b1b8302bb4d8b978922811dc5ed7,2021-05,Humberside Police,Humberside Police,-0.200156,54.078506,On or near Belgrave Road,E01012951,East Riding of Yorkshire 005D,Criminal damage and arson,Unable to prosecute suspect,
4ab6f09fe9cb05f1a65ebfa6bef24bfd5404def3249aa65d3c6bc38795ef8d0a,2021-05,Humberside Police,Humberside Police,-0.202236,54.075661,On or near Trafalgar Crescent,E01012951,East Riding of Yorkshire 005D,Criminal damage and arson,Court result unavailable,
67b4cc9c848151c12f861dc12d046fd1e1806e0754166e2e27e0d40ca3ba1b2c,2021-05,Humberside Police,Humberside Police,-0.202236,54.075661,On or near Trafalgar Crescent,E01012951,East Riding of Yorkshire 005D,Criminal damage and arson,Court result unavailable,
dd77836e1eabc97e6cd538a89a25650565d239dfd3bd42ff607c356c7fd7d420,2021-05,Humberside Police,Humberside Police,-0.202236,54.075661,On or near Trafalgar Crescent,E01012951,East Riding of Yorkshire 005D,Criminal damage and arson,Court result unavailable,
92432c708d2355681469a9057c5d3c54e9743c67200f9cd0f1c1c9cb92fcf552,2021-05,Humberside Police,Humberside Police,-0.199559,54.077113,On or near Parking Area,E01012951,East Riding of Yorkshire 005D,Criminal damage and arson,Investigation complete; no suspect identified,
9ad5c1fbd5b2d85b868876611130ecf4a1f17c101d3ab6196d06e38cd05df67d,2021-05,Humberside Police,Humberside Police,-0.196510,54.079045,On or near Theatre/Concert Hall,E01012951,East Riding of Yorkshire 005D,Other theft,Investigation complete; no suspect identified,
ffdc892e5c11d292ceb131498321f69dd8120c45792eba2cd948089889d8aff3,2021-05,Humberside Police,Humberside Police,-0.199559,54.077113,On or near Parking Area,E01012951,East Riding of Yorkshire 005D,Other theft,Investigation complete; no suspect identified,
8d71d67faf7d5e2e0a01687102c26d35cd9f79d2447241144b4dfa9adf3b062a,2021-05,Humberside Police,Humberside Police,-0.202236,54.075661,On or near Trafalgar Crescent,E01012951,East Riding of Yorkshire 005D,Other theft,Unable to prosecute suspect,
727c178941d76654954a7013eae145f7b8a703ae0203cae3c46f471635e6ca2c,2021-05,Humberside Police,Humberside Police,-0.202236,54.075661,On or near Trafalgar Crescent,E01012951,East Riding of Yorkshire 005D,Violence and sexual offences,Unable to prosecute suspect,
1c010b30b045c5b9e46a5e091f84ab26cf2a739365025ecba2dca9e75a795a46,2021-05,Humberside Police,Humberside Police,-0.201084,54.076839,On or near Meadowfield Road,E01012951,East Riding of Yorkshire 005D,Violence and sexual offences,Unable to prosecute suspect,
6a9bfe19a8b5bf534c41d919a9eab5274a355b87ecc9f7f4f654909b4830c1ff,2021-05,Humberside Police,Humberside Police,-0.202236,54.075661,On or near Trafalgar Crescent,E01012951,East Riding of Yorkshire 005D,Violence and sexual offences,Unable to prosecute suspect,
5b04b10fbe0e73bdafa151908e9271a5cfc3130c351b207f3e951f0f1af1fd98,2021-05,Humberside Police,Humberside Police,-0.201084,54.076839,On or near Meadowfield Road,E01012951,East Riding of Yorkshire 005D,Violence and sexual offences,Unable to prosecute suspect,
459077afd537aff448af24d8953b797bf1c5601483cededa16a509de24b8ad01,2021-05,Humberside Police,Humberside Police,-0.198996,54.079882,On or near Fairfield Road,E01012951,East Riding of Yorkshire 005D,Violence and sexual offences,Investigation complete; no suspect identified,
218d09022ea6d52689245c9102c3ef92329c087c11573c57cf5ff10c73f4f645,2021-05,Humberside Police,Humberside Police,-0.202236,54.075661,On or near Trafalgar Crescent,E01012951,East Riding of Yorkshire 005D,Violence and sexual offences,Court result unavailable,
0b2ac4e15327af1e96bb427976d3ba1cd7b4c5cc6ec9bdb932a4d6999d8dfe01,2021-05,Humberside Police,Humberside Police,-0.202236,54.075661,On or near Trafalgar Crescent,E01012951,East Riding of Yorkshire 005D,Violence and sexual offences,Unable to prosecute suspect,
dd2cf690bc1f85463b04ccab9dec674c573b921d4101a84c3a7b5fddb1d8a073,2021-05,Humberside Police,Humberside Police,-0.202236,54.075661,On or near Trafalgar Crescent,E01012951,East Riding of Yorkshire 005D,Violence and sexual offences,Offender given a caution,
405d7fda33566832f0a7c053b37d9d02ecd3a481b58fb52fbb8cc85bfd8f522f,2021-05,Humberside Police,Humberside Police,-0.202236,54.075661,On or near Trafalgar Crescent,E01012951,East Riding of Yorkshire 005D,Violence and sexual offences,Offender given a caution,
5d1f581fb8ccb187ddd42d773e43061ecebce2b16aaa14c86dac277343e97c7f,2021-05,Humberside Police,Humberside Police,-0.202236,54.075661,On or near Trafalgar Crescent,E01012951,East Riding of Yorkshire 005D,Violence and sexual offences,Unable to prosecute suspect,
b5eabf623c5d4d610e5bb0a060bb003e8ed0d3b7c1be14bc3582852945f283e7,2021-05,Humberside Police,Humberside Police,-0.202236,54.075661,On or near Trafalgar Crescent,E01012951,East Riding of Yorkshire 005D,Violence and sexual offences,Court result unavailable,
03f906ed955b1105cf0446019f44edb79c22b9ca6993322dcbb6a3e3bd90ac9b,2021-05,Humberside Police,Humberside Police,-0.202236,54.075661,On or near Trafalgar Crescent,E01012951,East Riding of Yorkshire 005D,Violence and sexual offences,Offender given a caution,
edb653cc0e211fe61ce9f6314e17496781286c47f008db8a8272eb9f9dcfe373,2021-05,Humberside Police,Humberside Police,-0.202236,54.075661,On or near Trafalgar Crescent,E01012951,East Riding of Yorkshire 005D,Violence and sexual offences,Offender given a caution,
c3e50f0e12d58d1dadc42a1d54d83c8a23e34bb3c76ec32e9efaf0f0125a6dd7,2021-05,Humberside Police,Humberside Police,-0.202236,54.075661,On or near Trafalgar Crescent,E01012951,East Riding of Yorkshire 005D,Violence and sexual offences,Offender given a caution,
a0394b5597ec270c094fed62d8ee6e015a0adf75c8643206833a765b205c5e0b,2021-05,Humberside Police,Humberside Police,-0.205772,54.075534,On or near Kingston Crescent,E01012950,East Riding of Yorkshire 006A,Other theft,Investigation complete; no suspect identified,
222edc0b4b87a36c9f68e90f819dd647fe9ba1ba184b6469372e7131794f09f9,2021-05,Humberside Police,Humberside Police,-0.204465,54.073591,On or near Kingston Close,E01012950,East Riding of Yorkshire 006A,Violence and sexual offences,Investigation complete; no suspect identified,
f8c4196165fd64ca4aeb745da5ce1d571ea22cb78e96e6a74b415e768ac05182,2021-05,Humberside Police,Humberside Police,-0.400002,54.139001,On or near Rainsburgh Lane,E01012990,East Riding of Yorkshire 006B,Public order,Unable to prosecute suspect,
,2021-05,Humberside Police,Humberside Police,-0.391453,54.066852,On or near Back Lane,E01012991,East Riding of Yorkshire 006C,Anti-social behaviour,,
65823571b630639c8f36da25f364cd43d0151be03eb1dd2d58073a4bd2ae13bc,2021-05,Humberside Police,Humberside Police,-0.376373,54.062865,On or near South Grove,E01012991,East Riding of Yorkshire 006C,Violence and sexual offences,Unable to prosecute suspect,
7bf750b4c6cc33ec1a1d0a44143e50ae8f9b2dc22fe61e3d541a9313b6bead6f,2021-05,Humberside Police,Humberside Police,-0.455144,54.087489,On or near Cattlebank Close,E01012991,East Riding of Yorkshire 006C,Violence and sexual offences,Unable to prosecute suspect,
094193d60da03c25ac7a022098e32f9d059cc7570b67f66a1207c4130302c64e,2021-05,Humberside Police,Humberside Police,-0.375696,54.064160,On or near Church Street,E01012991,East Riding of Yorkshire 006C,Violence and sexual offences,Status update unavailable,
e5bc9ffd3d658d0ec9080b1d0f3c2614daf4e78a136bfdcb8a133a18709ca6e6,2021-05,Humberside Police,Humberside Police,-0.239997,54.056363,On or near A165,E01012992,East Riding of Yorkshire 006D,Burglary,Investigation complete; no suspect identified,
58e6a2a4bf986f3fbf6b3f7a5da9872e04174c19565768407f8a0066dae6c6ee,2021-05,Humberside Police,Humberside Police,-0.252527,54.060312,On or near Park/Open Space,E01012992,East Riding of Yorkshire 006D,Criminal damage and arson,Investigation complete; no suspect identified,
39073d0ffd2b0e55e62607ff5dcba64dd82e972d991a62074835e88b02b09950,2021-05,Humberside Police,Humberside Police,-0.252527,54.060312,On or near Park/Open Space,E01012992,East Riding of Yorkshire 006D,Other theft,Investigation complete; no suspect identified,
b2f48329c0ce5b4ce1499d0ddc37e3ee7ddc1a2a5fc1f3b64b637ffa40f34737,2021-05,Humberside Police,Humberside Police,-0.246602,54.070023,On or near Brookfield Close,E01012992,East Riding of Yorkshire 006D,Other theft,Investigation complete; no suspect identified,
5b21c78b0bc0fd4ee477a9a67e60fd715e3209a6ac9b48d01082d0856ff7850b,2021-05,Humberside Police,Humberside Police,-0.252527,54.060312,On or near Park/Open Space,E01012992,East Riding of Yorkshire 006D,Other theft,Status update unavailable,
a20f1bf000b47df86be18de487618d180d48d87fb49cbd62231a794e381f26b6,2021-05,Humberside Police,Humberside Police,-0.223800,54.014488,On or near Hollycroft,E01012992,East Riding of Yorkshire 006D,Public order,Unable to prosecute suspect,
f03b26ee73530b594cbd6915e9d2dfc94d13112e9585543185ae7d1ee883a3eb,2021-05,Humberside Police,Humberside Police,-0.224984,54.015009,On or near Broomfield Way,E01012992,East Riding of Yorkshire 006D,Public order,Investigation complete; no suspect identified,
38ccdc5af63fbed518d5b13e9b965ea3a2b25f461ef1b7c612de72401a19ccce,2021-05,Humberside Police,Humberside Police,-0.216068,54.063929,On or near 8Th Avenue,E01012992,East Riding of Yorkshire 006D,Violence and sexual offences,Local resolution,
89ce544a2d0c813c4f538302f9c95f034ec2cb795c7952fcdc7f430afc70cb8a,2021-05,Humberside Police,Humberside Police,-0.224984,54.015009,On or near Broomfield Way,E01012992,East Riding of Yorkshire 006D,Violence and sexual offences,Unable to prosecute suspect,
d4de8cd52b512bd83b7ecbe1a266f90288bfb072b3c76a486a8a9091cfa715be,2021-05,Humberside Police,Humberside Police,-0.217181,54.049006,On or near Park/Open Space,E01012992,East Riding of Yorkshire 006D,Violence and sexual offences,Investigation complete; no suspect identified,
72360d09ab335cfa391b4504c9f0fda0ffa7a6141d871b537d460f77ae7fa25a,2021-05,Humberside Police,Humberside Police,-0.336988,54.039343,On or near Station Road,E01012992,East Riding of Yorkshire 006D,Other crime,Local resolution,
,2021-05,Humberside Police,Humberside Police,-0.451365,54.008278,On or near Mill Close,E01012978,East Riding of Yorkshire 008A,Anti-social behaviour,,
312349fc3322d1133d93f67d8f4cdd8ccc943b80dbbfb984e7f3843b509ee2ae,2021-05,Humberside Police,Humberside Police,-0.451365,54.008278,On or near Mill Close,E01012978,East Riding of Yorkshire 008A,Burglary,Investigation complete; no suspect identified,
df3b084b50ede0444bd40343417e5fda948bd20f23082ff59d3e7b23b4390e57,2021-05,Humberside Police,Humberside Police,-0.444826,54.010944,On or near Lowndes Park,E01012978,East Riding of Yorkshire 008A,Violence and sexual offences,Unable to prosecute suspect,
,2021-05,Humberside Police,Humberside Police,-0.535210,53.985482,On or near Butts Lane,E01012981,East Riding of Yorkshire 008B,Anti-social behaviour,,
f79fe1948660aebe678ae705f473db9d2d41919d19f780b3ff6ea1d61a012e46,2021-05,Humberside Police,Humberside Police,-0.504897,53.981459,On or near Petrol Station,E01012981,East Riding of Yorkshire 008B,Other theft,Investigation complete; no suspect identified,
5582c0f82415fb758bdbfdfcfbb36e1792beb10e00ccaa89267d325ce1ce4ffe,2021-05,Humberside Police,Humberside Police,-0.529809,53.954360,On or near Lea Field Road,E01012981,East Riding of Yorkshire 008B,Vehicle crime,Unable to prosecute suspect,
f3e4a480141d8a65ac85db5c6ea64fbd8d747d305f32e9787dfb7c5799b3c887,2021-05,Humberside Police,Humberside Police,-0.567573,54.073015,On or near Sports/Recreation Area,E01012981,East Riding of Yorkshire 008B,Violence and sexual offences,Unable to prosecute suspect,
25c0698451b406c907cbf1e470b62b7545a821ab873f60b928a5b0d7ffc460a3,2021-05,Humberside Police,Humberside Police,-0.529809,53.954360,On or near Lea Field Road,E01012981,East Riding of Yorkshire 008B,Violence and sexual offences,Unable to prosecute suspect,
d48163dc1cf6de46b732c48aa9cd16897dddf93a1caec83b3e0a8872fd33c91d,2021-05,Humberside Police,Humberside Police,-0.529809,53.954360,On or near Lea Field Road,E01012981,East Riding of Yorkshire 008B,Violence and sexual offences,Unable to prosecute suspect,
34d138697953c5f14ec0e35fc5052b386ab6a7c09bf1e9e5309b2f5043f0a91f,2021-05,Humberside Police,Humberside Police,-0.529809,53.954360,On or near Lea Field Road,E01012981,East Riding of Yorkshire 008B,Violence and sexual offences,Unable to prosecute suspect,
,2021-05,Humberside Police,Humberside Police,-0.448578,54.003208,On or near Briar Garth,E01012983,East Riding of Yorkshire 008C,Anti-social behaviour,,
,2021-05,Humberside Police,Humberside Police,-0.449073,53.995637,On or near Sports/Recreation Area,E01012983,East Riding of Yorkshire 008C,Anti-social behaviour,,
a39ee204761a722143c7169f185f56bc0a71b67c686c5706047ab98560ecf501,2021-05,Humberside Police,Humberside Police,-0.449490,54.001656,On or near Magnolia Close,E01012983,East Riding of Yorkshire 008C,Public order,Unable to prosecute suspect,
8b9e4aec5bd473f9042e2956c64be01221b9a20424509429d051a5e0a3ad4032,2021-05,Humberside Police,Humberside Police,-0.462744,53.991453,On or near Auchinleck Close,E01012983,East Riding of Yorkshire 008C,Violence and sexual offences,Status update unavailable,
,2021-05,Humberside Police,Humberside Police,-0.368560,53.921348,On or near Park/Open Space,E01012989,East Riding of Yorkshire 008D,Anti-social behaviour,,
20918693175c76b2db0f23edf9a93965c4e29e261b060bb576934f13f0660504,2021-05,Humberside Police,Humberside Police,-0.442254,53.957625,On or near Cross Keys Court,E01012989,East Riding of Yorkshire 008D,Criminal damage and arson,Investigation complete; no suspect identified,
2c3af38d91b16c3a22b7565c0903d899635799f73672e386becf27810140dc50,2021-05,Humberside Police,Humberside Police,-0.436199,53.952846,On or near Oaklands,E01012989,East Riding of Yorkshire 008D,Public order,Unable to prosecute suspect,
d178ccea51db0899de9d92a6363614c3c78c29bfaf78a49ab9651876015e0340,2021-05,Humberside Police,Humberside Police,-0.455349,53.983529,On or near Old Sunderlandwick Lane,E01012989,East Riding of Yorkshire 008D,Violence and sexual offences,Unable to prosecute suspect,
39e7775c8006aff0f38409138fff67a498a51a037272c0db9b56e838b509b000,2021-05,Humberside Police,Humberside Police,-0.442057,53.959232,On or near Churchill Avenue,E01012989,East Riding of Yorkshire 008D,Violence and sexual offences,Unable to prosecute suspect,
,2021-05,Humberside Police,Humberside Police,-0.657010,53.985844,On or near The Crescent,E01013125,East Riding of Yorkshire 008E,Anti-social behaviour,,
44863c7cbe98820a57391fbc72c4fe4d49fa5eeb356d273ebfbf453f06d81893,2021-05,Humberside Police,Humberside Police,-0.656794,53.984502,On or near Stocks Hill,E01013125,East Riding of Yorkshire 008E,Burglary,Investigation complete; no suspect identified,
05961c43b2ec23886b1a3580d468cffa8e285685c54a004a6c91aac4e2ba24fc,2021-05,Humberside Police,Humberside Police,-0.571945,53.956217,On or near Harthill,E01013125,East Riding of Yorkshire 008E,Violence and sexual offences,Unable to prosecute suspect,
719c789ba2a0caad384e0c1d9dd9411e8ac3c1647b98f0e20bb735e7ff5ff7de,2021-05,Humberside Police,Humberside Police,-0.893939,53.949438,On or near Millfield Close,E01013059,East Riding of Yorkshire 009B,Public order,Local resolution,
2ade28993eb6b3d6be8ac7b4354188b9f4314a0bc305238d74904cfc091ce72a,2021-05,Humberside Police,Humberside Police,-0.908764,53.988582,On or near Midgley Close,E01013060,East Riding of Yorkshire 009C,Public order,Status update unavailable,
1c9a8547676c75127468ee7bb22c0c8c946b6fb688dbcfa80ec5a5ce6e7c98c9,2021-05,Humberside Police,Humberside Police,-0.904881,53.991854,On or near Darley Close,E01013060,East Riding of Yorkshire 009C,Violence and sexual offences,Further action is not in the public interest,
f9edd3e30c50bdd4ac33ba4f673a78938a650d3daa9e47f048c179a1794efeac,2021-05,Humberside Police,Humberside Police,-0.905462,53.992363,On or near Garrowby View,E01013060,East Riding of Yorkshire 009C,Violence and sexual offences,Unable to prosecute suspect,
,2021-05,Humberside Police,Humberside Police,-0.911882,53.985401,On or near Roman Avenue South,E01013061,East Riding of Yorkshire 009D,Anti-social behaviour,,
fd907d7666d9e2596cba4c69eee83e73a9c0ec13a0ac5028db7136f36a37b814,2021-05,Humberside Police,Humberside Police,-0.915844,53.986138,On or near Butts Close,E01013061,East Riding of Yorkshire 009D,Violence and sexual offences,Unable to prosecute suspect,
345429656347e5e850e04c42f12ca5b5902c6c39056d2ca231dbc7a008d60e53,2021-05,Humberside Police,Humberside Police,-0.915844,53.986138,On or near Butts Close,E01013061,East Riding of Yorkshire 009D,Violence and sexual offences,Unable to prosecute suspect,
ecc582d67503d9656e5e15cc812f3a94ddff50c13420f209c4b38247ec4dd78c,2021-05,Humberside Police,Humberside Police,-0.913493,53.983888,On or near High Catton Road,E01013061,East Riding of Yorkshire 009D,Violence and sexual offences,Unable to prosecute suspect,
98d1b566dd08ab7b67899a844c7edc0ab8a44635c30728a07b2222bc64242a6d,2021-05,Humberside Police,Humberside Police,-0.868610,53.985631,On or near Prison,E01013126,East Riding of Yorkshire 009E,Criminal damage and arson,Unable to prosecute suspect,
7f3af1209e3e1b0bf5affa823bfeb5507206780dd8409fc0522719adb3e864e4,2021-05,Humberside Police,Humberside Police,-0.868610,53.985631,On or near Prison,E01013126,East Riding of Yorkshire 009E,Violence and sexual offences,Unable to prosecute suspect,
0d1190cb5594d2a651030e358a250d052e25f3ebff36fef64db5ad1d9702c102,2021-05,Humberside Police,Humberside Police,-0.868610,53.985631,On or near Prison,E01013126,East Riding of Yorkshire 009E,Violence and sexual offences,Unable to prosecute suspect,
1e316199f999f016eb4f42dd27aa8a41c25153227c33e244423cbf92939a300d,2021-05,Humberside Police,Humberside Police,-0.868610,53.985631,On or near Prison,E01013126,East Riding of Yorkshire 009E,Violence and sexual offences,Action to be taken by another organisation,
2f0896e9dcc73f37b8ba195ef9b10aab7835f9599ec97e93cc915e29ca70b3a5,2021-05,Humberside Police,Humberside Police,-0.868610,53.985631,On or near Prison,E01013126,East Riding of Yorkshire 009E,Violence and sexual offences,Action to be taken by another organisation,
5e6c855c27ac2d913b50af3dc8fdcae848c01fe49638b3fbc569126e5ca68697,2021-05,Humberside Police,Humberside Police,-0.868610,53.985631,On or near Prison,E01013126,East Riding of Yorkshire 009E,Other crime,Action to be taken by another organisation,
bb59d25be96c647f87b30b76258fd34978beb5bc5040d1fdf1bffb2578932693,2021-05,Humberside Police,Humberside Police,-0.229777,53.993065,On or near Main Street,E01012986,East Riding of Yorkshire 010A,Burglary,Investigation complete; no suspect identified,
a3c6ee71e04dc308b5b3a5c85cfd4f1ef9a30f29b749c1fbc0738375deaf4c9a,2021-05,Humberside Police,Humberside Police,-0.207189,53.968802,On or near Hornsea Road,E01012986,East Riding of Yorkshire 010A,Criminal damage and arson,Investigation complete; no suspect identified,
3a21f9b8b8789c69fdc2261aeaf4b5945751121ad8201a2fbb940d4d2465e968,2021-05,Humberside Police,Humberside Police,-0.205190,53.988000,On or near Green Lane,E01012986,East Riding of Yorkshire 010A,Drugs,Court result unavailable,
6297eedf180132b58c1632eebc512dd166aa9cc97ec4586f703ad631767bf79a,2021-05,Humberside Police,Humberside Police,-0.217692,53.979556,On or near Manor Close,E01012986,East Riding of Yorkshire 010A,Public order,Court result unavailable,
12b1cdfef57cf2a82d6864552f2680652ac56c0dde5541c59b6d5018a7e65bae,2021-05,Humberside Police,Humberside Police,-0.220374,53.978176,On or near Back Street,E01012986,East Riding of Yorkshire 010A,Vehicle crime,Investigation complete; no suspect identified,
e2ed25c6a228561cd0cd6a13b268a7c57ebcd597b7271a07be9f069329bb0558,2021-05,Humberside Police,Humberside Police,-0.205190,53.988000,On or near Green Lane,E01012986,East Riding of Yorkshire 010A,Violence and sexual offences,Unable to prosecute suspect,
e1715a28c121604ce0946ec88b2e3f217f5e4ccbc9ad74f25ad688c1ac5ee8f7,2021-05,Humberside Police,Humberside Police,-0.252313,54.007877,On or near Fisher Lane,E01012986,East Riding of Yorkshire 010A,Violence and sexual offences,Unable to prosecute suspect,
883d269e8143f0abba0d09a382353f7804787085a6ee7e4fad1fe9f84131ef6f,2021-05,Humberside Police,Humberside Police,-0.220525,53.976794,On or near Castle View,E01012986,East Riding of Yorkshire 010A,Violence and sexual offences,Local resolution,
b166270e1def5910cf4ce8634516c3b3174a56a5d4ba99093d9734ce1c624e74,2021-05,Humberside Police,Humberside Police,-0.205190,53.988000,On or near Green Lane,E01012986,East Riding of Yorkshire 010A,Violence and sexual offences,Unable to prosecute suspect,
1ad2889c4274609625ff59aa281142f24221c1f42b73f7a969ab30ec84268bdc,2021-05,Humberside Police,Humberside Police,-0.220374,53.978176,On or near Back Street,E01012986,East Riding of Yorkshire 010A,Violence and sexual offences,Local resolution,
ab2952416e0b5fabf3d73a19e343e1b5c43b5610a29a0450e24b7d217ae4effb,2021-05,Humberside Police,Humberside Police,-0.323564,53.961916,On or near South Townside Road,E01012987,East Riding of Yorkshire 010B,Violence and sexual offences,Unable to prosecute suspect,
1fba14d5a35ab3e0bd080de4643b787d771428a281e5495cb5629637f70d9e28,2021-05,Humberside Police,Humberside Police,-0.323564,53.961916,On or near South Townside Road,E01012987,East Riding of Yorkshire 010B,Violence and sexual offences,Unable to prosecute suspect,
a0215186585041fe9f91c47c6faa5d1549c82f8781afd8f174019b79b4381d13,2021-05,Humberside Police,Humberside Police,-0.299347,53.911965,On or near Cross Hill,E01012988,East Riding of Yorkshire 010C,Criminal damage and arson,Investigation complete; no suspect identified,
c5c4e6d7229dd1d2fb10eb05cb4e354c7932cb0208a097a807f20ef6b5bcc4df,2021-05,Humberside Police,Humberside Police,-0.312068,53.901574,On or near Starcarr Lane,E01012988,East Riding of Yorkshire 010C,Violence and sexual offences,Unable to prosecute suspect,
f2d8d46dcfb90bc0a5e2b9c944d4e1f7ec28df1759c889c398f3f507e63224d7,2021-05,Humberside Police,Humberside Police,-0.303332,53.911329,On or near St Quintin Park,E01012988,East Riding of Yorkshire 010C,Violence and sexual offences,Unable to prosecute suspect,
32c58990f2d4d2303279dc45eb81d2e7d2be1fc3ea96cd26497f0b5acfb5c624,2021-05,Humberside Police,Humberside Police,-0.180442,53.920632,On or near Atwick Road,E01013048,East Riding of Yorkshire 010D,Other theft,Investigation complete; no suspect identified,
afb328362f866d7eedad06f52fe7c09696075df19a628a7b40ee61381a15761d,2021-05,Humberside Police,Humberside Police,-0.242867,53.894783,On or near Church Lane,E01013048,East Riding of Yorkshire 010D,Other theft,Unable to prosecute suspect,
745b4d5047dacce72d0394074dfa21372e4468f18da22c8949d380bd9dae47af,2021-05,Humberside Police,Humberside Police,-0.183986,53.914051,On or near Cheyne Garth,E01013048,East Riding of Yorkshire 010D,Public order,Investigation complete; no suspect identified,
3e93ed1435dd170fefb086cab04951cb4b56febb5ba19190cc1af5f8b52c9eeb,2021-05,Humberside Police,Humberside Police,-0.174041,53.918997,On or near Swan Court,E01013048,East Riding of Yorkshire 010D,Public order,Investigation complete; no suspect identified,
49ff2f040622dab9dc1732ba25735a885478f8f1d36e4702d698e928859bc306,2021-05,Humberside Police,Humberside Police,-0.184050,53.939941,On or near Stow Road,E01013048,East Riding of Yorkshire 010D,Public order,Unable to prosecute suspect,
783ea7c192ef002fda92b64ca9cf506efecc1b1f01c2b72fc23e5ca5d8083c0f,2021-05,Humberside Police,Humberside Police,-0.174041,53.918997,On or near Swan Court,E01013048,East Riding of Yorkshire 010D,Vehicle crime,Investigation complete; no suspect identified,
ecc8b3fd3b50cd773b2b81e2efb479a84e96630e2a0140098ce6edf35dbb9704,2021-05,Humberside Police,Humberside Police,-0.184050,53.939941,On or near Stow Road,E01013048,East Riding of Yorkshire 010D,Violence and sexual offences,Unable to prosecute suspect,
573cc6d0364e58dc2aa7d584aa9886ff286ae60c05a0ce46afcb4a0482effe0c,2021-05,Humberside Police,Humberside Police,-0.174041,53.918997,On or near Swan Court,E01013048,East Riding of Yorkshire 010D,Violence and sexual offences,Unable to prosecute suspect,
e801e8db0e75ab2dbcde566598ed6b1f0a1d6311e6fac9e197e8ae735c23171d,2021-05,Humberside Police,Humberside Police,-0.235396,53.901622,On or near Leas Lane,E01013048,East Riding of Yorkshire 010D,Violence and sexual offences,Unable to prosecute suspect,
3777777192a456f3690909f9abc60299e0c3bebd1596439017399b6ea2490d79,2021-05,Humberside Police,Humberside Police,-0.187934,53.940332,On or near Hornsea Road,E01013048,East Riding of Yorkshire 010D,Violence and sexual offences,Investigation complete; no suspect identified,
cfc2828a4fc044233ebf7f8a2559034d1b46e21afadafada96ad8ea32157b4e5,2021-05,Humberside Police,Humberside Police,-0.235396,53.901622,On or near Leas Lane,E01013048,East Riding of Yorkshire 010D,Violence and sexual offences,Unable to prosecute suspect,
a8adb98967084d8370dda02cc7e06ccc201260f72f025e9dece3623f2fccfecc,2021-05,Humberside Police,Humberside Police,-0.180545,53.942072,On or near Long Lane,E01013048,East Riding of Yorkshire 010D,Violence and sexual offences,Unable to prosecute suspect,
930320b6fb2d025ab6ecb304710f427930a361519afb1854e4a7c090a3787e02,2021-05,Humberside Police,Humberside Police,-0.230405,53.904461,On or near Back Lane,E01013048,East Riding of Yorkshire 010D,Other crime,Unable to prosecute suspect,
,2021-05,Humberside Police,Humberside Police,-0.783281,53.927003,On or near West Green,E01013052,East Riding of Yorkshire 011A,Anti-social behaviour,,
,2021-05,Humberside Police,Humberside Police,-0.773503,53.925968,On or near Strouther Close,E01013052,East Riding of Yorkshire 011A,Anti-social behaviour,,
,2021-05,Humberside Police,Humberside Police,-0.773876,53.923132,On or near Albright Close,E01013052,East Riding of Yorkshire 011A,Anti-social behaviour,,
0c323b23134be61788576a97f5b134ea7054a3811f13409d64a8064770933c76,2021-05,Humberside Police,Humberside Police,-0.765296,53.930585,On or near Sports/Recreation Area,E01013052,East Riding of Yorkshire 011A,Violence and sexual offences,Unable to prosecute suspect,
99bcf8fed5294ba9f700153ebfb5e8933dc272fa1c4c9af6a69e084a2234aa04,2021-05,Humberside Police,Humberside Police,-0.766426,53.932538,On or near St Helen'S Close,E01013052,East Riding of Yorkshire 011A,Violence and sexual offences,Local resolution,
fd6d7def70b398b9a07656af65f6cc1a66a2313145bc5477a70f5dde640e9469,2021-05,Humberside Police,Humberside Police,-0.774845,53.924885,On or near Kings Close,E01013052,East Riding of Yorkshire 011A,Other crime,Unable to prosecute suspect,
,2021-05,Humberside Police,Humberside Police,-0.781018,53.926800,On or near Waite Close,E01013054,East Riding of Yorkshire 011C,Anti-social behaviour,,
3d596cd1a7e511e4e213e4e9a374a5ece3bf183f243b82ffba41b3b3d73c2989,2021-05,Humberside Police,Humberside Police,-0.780156,53.928157,On or near Cemetery Lane,E01013054,East Riding of Yorkshire 011C,Public order,Unable to prosecute suspect,
af223ed0dd8337d86461c53cd0f38a69b45748cedaa6f5a6deefbd68ea92017e,2021-05,Humberside Police,Humberside Police,-0.779646,53.929456,On or near Bus/Coach Station,E01013054,East Riding of Yorkshire 011C,Public order,Investigation complete; no suspect identified,
9534481297ddc9a91337f441ae02196fcb0b6f876282836ab16b1d5f5b0e4858,2021-05,Humberside Police,Humberside Police,-0.780156,53.928157,On or near Cemetery Lane,E01013054,East Riding of Yorkshire 011C,Shoplifting,Investigation complete; no suspect identified,
b186715ba93929d43b59c4b74207d9d98a5a6ea634744b5e12a361fd5e819b25,2021-05,Humberside Police,Humberside Police,-0.776900,53.927001,On or near May Court,E01013054,East Riding of Yorkshire 011C,Shoplifting,Suspect charged as part of another case,
7441e5a54e7203f5f7c3048f37c4cf4dc0fd947045991f404da04ed686dc9aa0,2021-05,Humberside Police,Humberside Police,-0.776900,53.927001,On or near May Court,E01013054,East Riding of Yorkshire 011C,Shoplifting,Investigation complete; no suspect identified,
4c52492e1d007c3009637890000c7906b69a517dd4647f7c7b7097db1c8a156d,2021-05,Humberside Police,Humberside Police,-0.777167,53.924639,On or near Dorrington Close,E01013054,East Riding of Yorkshire 011C,Vehicle crime,Investigation complete; no suspect identified,
156ecfe61c0b55d65deb9da4e4253017c1a3ade1e12e164e84ffdc7eddf2c707,2021-05,Humberside Police,Humberside Police,-0.779489,53.930137,On or near Regent Street Pavement,E01013054,East Riding of Yorkshire 011C,Violence and sexual offences,Investigation complete; no suspect identified,
ef0334f39f62bddc2b92876eb2ccff679d16987c33569fb460a17d40ecb63e51,2021-05,Humberside Police,Humberside Police,-0.777919,53.929132,On or near South Parade,E01013054,East Riding of Yorkshire 011C,Violence and sexual offences,Action to be taken by another organisation,
552083df15807683133942efb9284ea64c91c0eeb562289f85783fdaee636993,2021-05,Humberside Police,Humberside Police,-0.779489,53.930137,On or near Regent Street Pavement,E01013054,East Riding of Yorkshire 011C,Violence and sexual offences,Investigation complete; no suspect identified,
04f30a7f7c9830da7fa302c97f9e07dfbcc5a0378c3000287b92d3bb365ffcf9,2021-05,Humberside Police,Humberside Police,-0.780012,53.929954,On or near Railway Street,E01013054,East Riding of Yorkshire 011C,Violence and sexual offences,Unable to prosecute suspect,
2ebcf5752d05417c73f11dd781b109812dab91469288d2aef70768dad6c1ff70,2021-05,Humberside Police,Humberside Police,-0.780012,53.929954,On or near Railway Street,E01013054,East Riding of Yorkshire 011C,Violence and sexual offences,Unable to prosecute suspect,
,2021-05,Humberside Police,Humberside Police,-0.772503,53.933598,On or near Target Lane,E01013055,East Riding of Yorkshire 011D,Anti-social behaviour,,
abcd37a411a37fd8e479b9b078b2d68f32f56fd1cff2c7992ed98ff1294dc0c6,2021-05,Humberside Police,Humberside Police,-0.773642,53.936315,On or near Mile End Park,E01013055,East Riding of Yorkshire 011D,Drugs,Offender given a caution,
65d83fc8b8206038bc80b2c2de16a660b02aa77e7a57060ebddd6edad121d032,2021-05,Humberside Police,Humberside Police,-0.773642,53.936315,On or near Mile End Park,E01013055,East Riding of Yorkshire 011D,Violence and sexual offences,Unable to prosecute suspect,
a2fc90ca1ba337db9e04889d740e6e84029aaf53a6102f601e3331e924e5b2ae,2021-05,Humberside Police,Humberside Police,-0.773642,53.936315,On or near Mile End Park,E01013055,East Riding of Yorkshire 011D,Violence and sexual offences,Unable to prosecute suspect,
,2021-05,Humberside Police,Humberside Police,-0.778190,53.931310,On or near Supermarket,E01013056,East Riding of Yorkshire 011E,Anti-social behaviour,,
,2021-05,Humberside Police,Humberside Police,-0.777626,53.931862,On or near Market Street,E01013056,East Riding of Yorkshire 011E,Anti-social behaviour,,
caa1b649f136825ddb18575be6a954a30d72ec3ae2554155dd4b19f1b4606bde,2021-05,Humberside Police,Humberside Police,-0.777626,53.931862,On or near Market Street,E01013056,East Riding of Yorkshire 011E,Criminal damage and arson,Unable to prosecute suspect,
70c6c238473c71cde5bfaa11b4b690f4eef3c61a2b31cbdd3f9534381b2b750b,2021-05,Humberside Police,Humberside Police,-0.778190,53.931310,On or near Supermarket,E01013056,East Riding of Yorkshire 011E,Shoplifting,Investigation complete; no suspect identified,
cbab7a0027c8ed1ca638a9e115d77bee85bf257cc2daa537378de1ecbe678966,2021-05,Humberside Police,Humberside Police,-0.777752,53.931207,On or near St Peter'S Square,E01013056,East Riding of Yorkshire 011E,Violence and sexual offences,Investigation complete; no suspect identified,
61e25dcf3886243aa8aef4934aed49fe1998d1eb2604e10c865250ad3df76dd6,2021-05,Humberside Police,Humberside Police,-0.777626,53.931862,On or near Market Street,E01013056,East Riding of Yorkshire 011E,Violence and sexual offences,Unable to prosecute suspect,
cd2730c478de75c8e78ce497e0f23e90a7a21203f2c0966928ce349304df4131,2021-05,Humberside Police,Humberside Police,-0.777626,53.931862,On or near Market Street,E01013056,East Riding of Yorkshire 011E,Other crime,Unable to prosecute suspect,
,2021-05,Humberside Police,Humberside Police,-0.800703,53.923304,On or near Hampden Road,E01013058,East Riding of Yorkshire 011F,Anti-social behaviour,,
,2021-05,Humberside Police,Humberside Police,-0.801846,53.924331,On or near Halifax Way,E01013058,East Riding of Yorkshire 011F,Anti-social behaviour,,
311fc4e88156be241724be00d5c83a254d05f4566c87317f7ca56da904e78f42,2021-05,Humberside Police,Humberside Police,-0.800031,53.922848,On or near Blenheilm Road,E01013058,East Riding of Yorkshire 011F,Other theft,Investigation complete; no suspect identified,
525a22e2436b18bec8b836733edf82709e3afa8ee12d0dff7ff9ad3ab1c8a546,2021-05,Humberside Police,Humberside Police,-0.800031,53.922848,On or near Blenheilm Road,E01013058,East Riding of Yorkshire 011F,Other theft,Investigation complete; no suspect identified,
fc41686bfeaa5ad74f0bd7e16c4c77737004056838c40515d8cfe41203ac3ad7,2021-05,Humberside Police,Humberside Police,-0.800031,53.922848,On or near Blenheilm Road,E01013058,East Riding of Yorkshire 011F,Other theft,Unable to prosecute suspect,
5510ba323f158bb489862e9b6ffa4cca781c545ec8b1a34c152e1f5ecfdbc704,2021-05,Humberside Police,Humberside Police,-0.800031,53.922848,On or near Blenheilm Road,E01013058,East Riding of Yorkshire 011F,Other theft,Investigation complete; no suspect identified,
6de01a7a600b9f149e901a8ac0a69ffcb8c36baafeb27df61c1bc28a704340cf,2021-05,Humberside Police,Humberside Police,-0.800031,53.922848,On or near Blenheilm Road,E01013058,East Riding of Yorkshire 011F,Other theft,Investigation complete; no suspect identified,
9d410281a4fc9dc59b49777429db52bfe6b24b0982b1954038ad53fb0eea89eb,2021-05,Humberside Police,Humberside Police,-0.800031,53.922848,On or near Blenheilm Road,E01013058,East Riding of Yorkshire 011F,Other theft,Investigation complete; no suspect identified,
94653cf9b6f01cc9a078c60a2be209262102a947631fa588d699f896888fbc6f,2021-05,Humberside Police,Humberside Police,-0.785631,53.931557,On or near Barmby Road,E01013058,East Riding of Yorkshire 011F,Public order,Unable to prosecute suspect,
da1c88f1df1c6cd8751253b1fc671da47bf32f0e2c0d692cbf0faa8e8078aa7c,2021-05,Humberside Police,Humberside Police,-0.819461,53.930977,On or near Main Street,E01013058,East Riding of Yorkshire 011F,Violence and sexual offences,Investigation complete; no suspect identified,
83c0f354c9cb0a2c31879fa8ec7828a263f10f7a276dcffbcf902f1c7f174ba2,2021-05,Humberside Police,Humberside Police,-0.837191,53.933118,On or near Petrol Station,E01013058,East Riding of Yorkshire 011F,Violence and sexual offences,Investigation complete; no suspect identified,
c6f5dc62aa81c924b97a4cb83ff9b41d2d22efa923dadba52592d88aca6fe940,2021-05,Humberside Police,Humberside Police,-0.821441,54.011495,On or near Main Street,E01013119,East Riding of Yorkshire 011G,Burglary,Investigation complete; no suspect identified,
72efa61b721f48dabbe1f7ae3462ecf864d8bea45d7edc246367bda4be0d1873,2021-05,Humberside Police,Humberside Police,-0.770548,54.016127,On or near Water Lane,E01013119,East Riding of Yorkshire 011G,Burglary,Investigation complete; no suspect identified,
c0367fe3706e8bf8bdb014193ef6a4b4eea99db7c85be34bd95804e9910135b6,2021-05,Humberside Police,Humberside Police,-0.746168,53.935061,On or near Fishpond Hill,E01013119,East Riding of Yorkshire 011G,Burglary,Investigation complete; no suspect identified,
120072df14b3bf2b1e625052c7bb96c7c5f62d988b9d01d76646070fecbe4d7f,2021-05,Humberside Police,Humberside Police,-0.768117,53.973372,On or near Givendale Lane,E01013119,East Riding of Yorkshire 011G,Vehicle crime,Investigation complete; no suspect identified,
79591083451301435f697ca4d9fe5de72150e5e02cf6537659851ead665bc917,2021-05,Humberside Police,Humberside Police,-0.758036,53.952972,On or near Park/Open Space,E01013119,East Riding of Yorkshire 011G,Violence and sexual offences,Unable to prosecute suspect,
,2021-05,Humberside Police,Humberside Police,-0.172351,53.910612,On or near Bank Street,E01013046,East Riding of Yorkshire 012A,Anti-social behaviour,,
,2021-05,Humberside Police,Humberside Police,-0.174716,53.910513,On or near Hillerby Lane,E01013046,East Riding of Yorkshire 012A,Anti-social behaviour,,
,2021-05,Humberside Police,Humberside Police,-0.174695,53.910980,On or near Market Place,E01013046,East Riding of Yorkshire 012A,Anti-social behaviour,,
5efc371128af8984aee5a0737f1ed171fd6a811ede5065227da038a672eb3a6b,2021-05,Humberside Police,Humberside Police,-0.174695,53.910980,On or near Market Place,E01013046,East Riding of Yorkshire 012A,Criminal damage and arson,Investigation complete; no suspect identified,
54ea6e4e0a3ddbf4ac9c48d7108503f7ce53869a6fa0e25165c0575bc7d255c5,2021-05,Humberside Police,Humberside Police,-0.168989,53.914731,On or near Eastgate,E01013046,East Riding of Yorkshire 012A,Criminal damage and arson,Investigation complete; no suspect identified,
573b2561364d0781dc09231e11744e649bae049e6e23eb9aceb463b6e8a32182,2021-05,Humberside Police,Humberside Police,-0.167383,53.918033,On or near Clifford Street,E01013046,East Riding of Yorkshire 012A,Other theft,Unable to prosecute suspect,
757fa7b7b675a93b5b9c688ff57192f33208edca76ea2881e7bc081b18d944c7,2021-05,Humberside Police,Humberside Police,-0.168989,53.914731,On or near Eastgate,E01013046,East Riding of Yorkshire 012A,Public order,Unable to prosecute suspect,
a05e1c23a89fdfc9b8b7aca0a864655a3387d2db66dca90514c6e5ab59b4aad2,2021-05,Humberside Police,Humberside Police,-0.171799,53.917327,On or near Draycott Avenue,E01013046,East Riding of Yorkshire 012A,Public order,Unable to prosecute suspect,
e63d165d5f081b0fa179389f55067d4f6caa612cdfdfc4036ca478beee61fc57,2021-05,Humberside Police,Humberside Police,-0.170923,53.917853,On or near Elvaston Avenue,E01013046,East Riding of Yorkshire 012A,Vehicle crime,Investigation complete; no suspect identified,
6b5ca5c2933575a3b73ad4e525b6e3a2ffdf87c4bd4b213054ffaa9b60c82063,2021-05,Humberside Police,Humberside Police,-0.173337,53.917683,On or near Sawley Close,E01013046,East Riding of Yorkshire 012A,Vehicle crime,Investigation complete; no suspect identified,
17a7afde8466956d3f09f4cce7c8131db8bbdd8c07dd7aad2005012e74b49783,2021-05,Humberside Police,Humberside Police,-0.175724,53.910789,On or near Scalby Place,E01013046,East Riding of Yorkshire 012A,Violence and sexual offences,Court result unavailable,
b9ccc07269658227541f4265d24180f0c79f241642f80974ad4bba8bb4e94af9,2021-05,Humberside Police,Humberside Police,-0.167464,53.913755,On or near Park/Open Space,E01013046,East Riding of Yorkshire 012A,Violence and sexual offences,Unable to prosecute suspect,
df5569260e1c0841e0bc98f1e0e2af6d1a8132ff10e06280589e6aa095fc364b,2021-05,Humberside Police,Humberside Police,-0.172248,53.918898,On or near Northgate,E01013046,East Riding of Yorkshire 012A,Violence and sexual offences,Unable to prosecute suspect,
1a955f675385fdbd5a51f65da953a40d88e1c2525a426bf586c2bf4ff484edd8,2021-05,Humberside Police,Humberside Police,-0.167383,53.918033,On or near Clifford Street,E01013046,East Riding of Yorkshire 012A,Violence and sexual offences,Unable to prosecute suspect,
2ea638217699677011d9a6b0f0ffc1c5c780cbd02d659ffa13409241d3b1fcc2,2021-05,Humberside Police,Humberside Police,-0.167383,53.918033,On or near Clifford Street,E01013046,East Riding of Yorkshire 012A,Violence and sexual offences,Unable to prosecute suspect,
a0b1d81a4e393cccb8bb6dbf1b214d40eb84fa619ab1d6236a6a870003f0ae65,2021-05,Humberside Police,Humberside Police,-0.167383,53.918033,On or near Clifford Street,E01013046,East Riding of Yorkshire 012A,Violence and sexual offences,Unable to prosecute suspect,
40983b343689a8a97e0dbec7f43faac92699cee15e020068ced787635421a219,2021-05,Humberside Police,Humberside Police,-0.167383,53.918033,On or near Clifford Street,E01013046,East Riding of Yorkshire 012A,Violence and sexual offences,Unable to prosecute suspect,
,2021-05,Humberside Police,Humberside Police,-0.161454,53.912944,On or near Parking Area,E01013047,East Riding of Yorkshire 012B,Anti-social behaviour,,
0dd6dd52d9369ff2d6d68c4ab0fc0d69ea2e863c16df6dd849f5dfad96d0e459,2021-05,Humberside Police,Humberside Police,-0.162084,53.915255,On or near Parking Area,E01013047,East Riding of Yorkshire 012B,Burglary,Unable to prosecute suspect,
eac09c1407acda56e1cfe0b26f257ac7330c9526e20c669fbf51233cda3ac7d6,2021-05,Humberside Police,Humberside Police,-0.161454,53.912944,On or near Parking Area,E01013047,East Riding of Yorkshire 012B,Burglary,Unable to prosecute suspect,
f65c4dbd94134691ab018f3fdc9fad43aa0baaf6fd5aeb6f0fc54e0d36572792,2021-05,Humberside Police,Humberside Police,-0.164107,53.914612,On or near Chrystals Walk,E01013047,East Riding of Yorkshire 012B,Burglary,Unable to prosecute suspect,
25c4c6b1a60eb591d7fa72ee64afb8dff892df67b37e124c12bd851369ac04a5,2021-05,Humberside Police,Humberside Police,-0.165721,53.916686,On or near Hall Road,E01013047,East Riding of Yorkshire 012B,Burglary,Investigation complete; no suspect identified,
e5187cc5f34a8a6fb564827504e28893277a91cfd95252048de3f511df312051,2021-05,Humberside Police,Humberside Police,-0.165721,53.916686,On or near Hall Road,E01013047,East Riding of Yorkshire 012B,Possession of weapons,Court result unavailable,
11b0b8a9bafd52588bb1934ce56d07a32d277fefab5068320d86dec2541f165c,2021-05,Humberside Police,Humberside Police,-0.162084,53.915255,On or near Parking Area,E01013047,East Riding of Yorkshire 012B,Vehicle crime,Investigation complete; no suspect identified,
7b2cf3cffab845165ec308157826fdb74d1f992e311df980b60cf1647c6883e6,2021-05,Humberside Police,Humberside Police,-0.165721,53.916686,On or near Hall Road,E01013047,East Riding of Yorkshire 012B,Violence and sexual offences,Court result unavailable,
91fcf5a9c0bfb8c1c9c6aeec4f9da6cd69fc49fe199367f702f1173dbd21d41e,2021-05,Humberside Police,Humberside Police,-0.165721,53.916686,On or near Hall Road,E01013047,East Riding of Yorkshire 012B,Violence and sexual offences,Court result unavailable,
09f890a679614e2e3a2589d39d6d5af27bd4f358dd64d0e0092d438211c84e7f,2021-05,Humberside Police,Humberside Police,-0.167966,53.922455,On or near Sports/Recreation Area,E01013047,East Riding of Yorkshire 012B,Violence and sexual offences,Unable to prosecute suspect,
,2021-05,Humberside Police,Humberside Police,-0.169471,53.911727,On or near Parking Area,E01013049,East Riding of Yorkshire 012C,Anti-social behaviour,,
96c9dae59efaeadaf7ec2f853209866d4543087c3276d8ccd622f470b0547212,2021-05,Humberside Police,Humberside Police,-0.169471,53.911727,On or near Parking Area,E01013049,East Riding of Yorkshire 012C,Burglary,Unable to prosecute suspect,
3cb5938876b33be50a146cfe0de9a7b1ee6768f47195f7698c61f9790b8ee584,2021-05,Humberside Police,Humberside Police,-0.169905,53.910493,On or near Willows Drive,E01013049,East Riding of Yorkshire 012C,Criminal damage and arson,Investigation complete; no suspect identified,
ffecd376ec36cb9a0f6f2e711a39fd1b6ad493f46b6a5517bdbb99cc4da0dfb6,2021-05,Humberside Police,Humberside Police,-0.166338,53.910610,On or near Burton Road,E01013049,East Riding of Yorkshire 012C,Public order,Unable to prosecute suspect,
e90cd790ad64afaa9b5a6df3adc57ce84c7f2058290877b8bcc47fd3fc5d2743,2021-05,Humberside Police,Humberside Police,-0.169471,53.911727,On or near Parking Area,E01013049,East Riding of Yorkshire 012C,Violence and sexual offences,Investigation complete; no suspect identified,
c9daa8b6af002c7e8305f6b58f067f6bc02d4bee4640314fec4bc130aeb105f9,2021-05,Humberside Police,Humberside Police,-0.170781,53.909626,On or near Southgate Gardens,E01013049,East Riding of Yorkshire 012C,Violence and sexual offences,Unable to prosecute suspect,
a47c634b9b2a8e31d972c202e6e1086223dc185942f2f5170621c9d09a73225a,2021-05,Humberside Police,Humberside Police,-0.164079,53.909694,On or near Graingers Road,E01013049,East Riding of Yorkshire 012C,Violence and sexual offences,Local resolution,
cc9deda22411f9b9cf959924ff852bc5a1ebb6c10d6d5651c811658a60009c74,2021-05,Humberside Police,Humberside Police,-0.164079,53.909694,On or near Graingers Road,E01013049,East Riding of Yorkshire 012C,Violence and sexual offences,Action to be taken by another organisation,
1d1368a9ce2dc7c3748b99f3a4823270dd58dbda42b19437381dec9f687387da,2021-05,Humberside Police,Humberside Police,-0.169471,53.911727,On or near Parking Area,E01013049,East Riding of Yorkshire 012C,Violence and sexual offences,Unable to prosecute suspect,
09dd892f5c7e0fb04608be6a976e04e8e297cefd564c09f27486540e162dc931,2021-05,Humberside Police,Humberside Police,-0.171084,53.911401,On or near Parking Area,E01013049,East Riding of Yorkshire 012C,Violence and sexual offences,Investigation complete; no suspect identified,
839768d14f67590654c5cf5db803b2adee607a2bbba9ae9ecbd61966be31ee2a,2021-05,Humberside Police,Humberside Police,-0.168562,53.896315,On or near Strawberry Gardens,E01013050,East Riding of Yorkshire 012D,Public order,Unable to prosecute suspect,
ea772bc06552137ad2bea54d41cd169697e8cfee48fbae6b5553315fcea46a0a,2021-05,Humberside Police,Humberside Police,-0.168562,53.896315,On or near Strawberry Gardens,E01013050,East Riding of Yorkshire 012D,Violence and sexual offences,Unable to prosecute suspect,
cdd450d474d11b1ff03be650127c46385572389ad10b27731908457f5bb1f055,2021-05,Humberside Police,Humberside Police,-0.168562,53.896315,On or near Strawberry Gardens,E01013050,East Riding of Yorkshire 012D,Violence and sexual offences,Unable to prosecute suspect,
222643edd7f2f04469e5c40c5b02d43a8f1aacbd9604a2f57d2cfdbac7dd5161,2021-05,Humberside Police,Humberside Police,-0.164524,53.900236,On or near Tansley Lane,E01013050,East Riding of Yorkshire 012D,Violence and sexual offences,Unable to prosecute suspect,
70f34bd63e52630a57ceafe93f738c52dfb9105aa8d88d4b2edbbffe62285314,2021-05,Humberside Police,Humberside Police,-0.164524,53.900236,On or near Tansley Lane,E01013050,East Riding of Yorkshire 012D,Violence and sexual offences,Unable to prosecute suspect,
5f3558883b32dcb3ef14c65ac6e8cf9e4f0397f4aa45eef7af039d40f5e1912a,2021-05,Humberside Police,Humberside Police,-0.168562,53.896315,On or near Strawberry Gardens,E01013050,East Riding of Yorkshire 012D,Violence and sexual offences,Unable to prosecute suspect,
,2021-05,Humberside Police,Humberside Police,-0.167168,53.903476,On or near Whimbrel Avenue,E01013051,East Riding of Yorkshire 012E,Anti-social behaviour,,
77d9e8f163aac0fb4faefa393327b5cdadf8382f457868c07a8a5cb0794d6072,2021-05,Humberside Police,Humberside Police,-0.168273,53.905704,On or near Burton Lane,E01013051,East Riding of Yorkshire 012E,Violence and sexual offences,Local resolution,
749010cd57d524a74d8c27d6a98e049c8860a4004182698404b24b89f46f015e,2021-05,Humberside Police,Humberside Police,-0.165703,53.904254,On or near The Crescent,E01013051,East Riding of Yorkshire 012E,Violence and sexual offences,Local resolution,
a6aa070d303931a8654dd74e578dec222564b0c077b8995ee907eaf883d03e70,2021-05,Humberside Police,Humberside Police,-0.164818,53.903251,On or near Ebor Avenue,E01013051,East Riding of Yorkshire 012E,Other crime,Unable to prosecute suspect,
6760777933e3d868dc90c1b55222bef5e3fe7f8783385ba5093ce1c27321144a,2021-05,Humberside Police,Humberside Police,-0.457882,53.918636,On or near A164,E01012922,East Riding of Yorkshire 013A,Vehicle crime,Investigation complete; no suspect identified,
cc4351dce50588bbdb1e84dac672b7d3e63ec77fbe3582a50bb378c0fbccbf74,2021-05,Humberside Police,Humberside Police,-0.557699,53.934016,On or near Church Hill Road,E01012922,East Riding of Yorkshire 013A,Vehicle crime,Unable to prosecute suspect,
6a75436857c34fc0acf2f57314c75f36fb8d9935c5f9183454c81432f5226581,2021-05,Humberside Police,Humberside Police,-0.524047,53.919414,On or near The Green,E01012922,East Riding of Yorkshire 013A,Violence and sexual offences,Local resolution,
51df9f09e9847e2db08b032bbf1f7f98be22ab8fccf3c8b9baf4ef67389d1b11,2021-05,Humberside Police,Humberside Police,-0.565244,53.936973,On or near The Paddocks,E01012922,East Riding of Yorkshire 013A,Violence and sexual offences,Unable to prosecute suspect,
,2021-05,Humberside Police,Humberside Police,-0.529916,53.894973,On or near Main Street,E01012923,East Riding of Yorkshire 013B,Anti-social behaviour,,
,2021-05,Humberside Police,Humberside Police,-0.454305,53.876963,On or near Lissett Close,E01012923,East Riding of Yorkshire 013B,Anti-social behaviour,,
f65a27744d886b76a7005a517ae82acd82aff7db0544ee9b0df2a74059537535,2021-05,Humberside Police,Humberside Police,-0.446654,53.896631,On or near Scorborough Lane,E01012923,East Riding of Yorkshire 013B,Burglary,Investigation complete; no suspect identified,
dc9814aaae2fb1c225b0add858f941015db761a1995a4405be2b436574a4a636,2021-05,Humberside Police,Humberside Police,-0.448178,53.879733,On or near Grange Road,E01012923,East Riding of Yorkshire 013B,Other theft,Investigation complete; no suspect identified,
5e40917317d938589739a81342f5254a00b2125ee964f403a722325165d84589,2021-05,Humberside Police,Humberside Police,-0.532363,53.895498,On or near West End,E01012923,East Riding of Yorkshire 013B,Other theft,Investigation complete; no suspect identified,
1297e1489294badc5d174b7a898bf1a4a9a0e57f60ffcfbd8a7fb193c11d7f26,2021-05,Humberside Police,Humberside Police,-0.529916,53.894973,On or near Main Street,E01012923,East Riding of Yorkshire 013B,Other theft,Investigation complete; no suspect identified,
7207e3bab363183e058a80047c770bf3d18c53607095350d97d12ed9a5157608,2021-05,Humberside Police,Humberside Police,-0.529916,53.894973,On or near Main Street,E01012923,East Riding of Yorkshire 013B,Public order,Formal action is not in the public interest,
5a3afd232696aa9ab2503ddce2a14ba6bad7cfcd573e2636b4a154f667d7b2c2,2021-05,Humberside Police,Humberside Police,-0.487679,53.907770,On or near South Glebe,E01012923,East Riding of Yorkshire 013B,Public order,Local resolution,
643ddb6fcc4d64527b4992e059888c1ba806075762ae5def8a25015f48c4f1a6,2021-05,Humberside Police,Humberside Police,-0.529916,53.894973,On or near Main Street,E01012923,East Riding of Yorkshire 013B,Public order,Unable to prosecute suspect,
e537cc442c6cc37c9ff80e3af467c5c04f963860cca4e0e0c90739c46195d715,2021-05,Humberside Police,Humberside Police,-0.529916,53.894973,On or near Main Street,E01012923,East Riding of Yorkshire 013B,Public order,Unable to prosecute suspect,
3df715d0467e4e1781f49dc3c9dc0ee67302e3d9e1808a8329a959c516a1109d,2021-05,Humberside Police,Humberside Police,-0.451705,53.868705,On or near Elvington Crescent,E01012923,East Riding of Yorkshire 013B,Violence and sexual offences,Unable to prosecute suspect,
77ae1fbb1c588b2665d6457bc903faa4e85eef7e22bd4692ff9a8bcbd3af1f76,2021-05,Humberside Police,Humberside Police,-0.529916,53.894973,On or near Main Street,E01012923,East Riding of Yorkshire 013B,Violence and sexual offences,Formal action is not in the public interest,
016401ac7920edb7cd53655c912ce2dcaccacb4d5b6784253b1afc2b4213bc71,2021-05,Humberside Police,Humberside Police,-0.446654,53.896631,On or near Scorborough Lane,E01012923,East Riding of Yorkshire 013B,Violence and sexual offences,Further action is not in the public interest,
26a73fe03f5d3e7e4e15add176e76f3755f8e11640cd8c8152d2ad25da880a2d,2021-05,Humberside Police,Humberside Police,-0.492264,53.865401,On or near Main Street,E01012925,East Riding of Yorkshire 013C,Violence and sexual offences,Unable to prosecute suspect,
51a57cdbe17a6f8414c394eb6b31f47dbb3baaed7f62006bd3a9f6ed6ad4275c,2021-05,Humberside Police,Humberside Police,-0.501378,53.863987,On or near Highcroft,E01012925,East Riding of Yorkshire 013C,Violence and sexual offences,Investigation complete; no suspect identified,
15bd113375ee91352902e783130aa441411a63ae859059cc79f31cd6d3b5923d,2021-05,Humberside Police,Humberside Police,-0.459262,53.878258,On or near Main Street,E01012927,East Riding of Yorkshire 013D,Burglary,Investigation complete; no suspect identified,
,2021-05,Humberside Police,Humberside Police,-0.385771,53.862434,On or near St Pauls Drive,E01012924,East Riding of Yorkshire 014A,Anti-social behaviour,,
94d3d55253f4a2f92b74eceddbce6a1f9bb08a47090108134874adfe22da5589,2021-05,Humberside Police,Humberside Police,-0.342262,53.870551,On or near A1035,E01012924,East Riding of Yorkshire 014A,Criminal damage and arson,Local resolution,
9eb5dc499e009cb3d734510ae8dd9d257059200ee3708c76fde6e33c4f9ff75f,2021-05,Humberside Police,Humberside Police,-0.378804,53.862097,On or near Green Lane,E01012924,East Riding of Yorkshire 014A,Criminal damage and arson,Unable to prosecute suspect,
be77604547bf942f1be9160aa7d3365b9245d7ae799e72b9ace679a882460c70,2021-05,Humberside Police,Humberside Police,-0.376015,53.863435,On or near Tickton Meadows,E01012924,East Riding of Yorkshire 014A,Criminal damage and arson,Court result unavailable,
f8840b49f1255fa16e7aec2a786e1528f0d0ef718d13cb1bd0cd4228fb5e93dc,2021-05,Humberside Police,Humberside Police,-0.400909,53.859859,On or near Hull Bridge Road,E01012924,East Riding of Yorkshire 014A,Other theft,Unable to prosecute suspect,
40a9f27770380a7623feb1945a27c7e326f38e623744a4f59688e40532c74e63,2021-05,Humberside Police,Humberside Police,-0.376015,53.863435,On or near Tickton Meadows,E01012924,East Riding of Yorkshire 014A,Possession of weapons,Court result unavailable,
e1ee9002585bd18b6ae2165d68b871f45257e1d85d996da5fdd6262a7a2f0f5c,2021-05,Humberside Police,Humberside Police,-0.377633,53.862890,On or near Grange Crescent,E01012924,East Riding of Yorkshire 014A,Violence and sexual offences,Unable to prosecute suspect,
8027a4fad86f30ee6280e518e2c6afd526119cfa540f094ee04e8ad0f269d5b6,2021-05,Humberside Police,Humberside Police,-0.376736,53.864056,On or near Eske Close,E01012924,East Riding of Yorkshire 014A,Violence and sexual offences,Investigation complete; no suspect identified,
,2021-05,Humberside Police,Humberside Police,-0.318596,53.891013,On or near Church Drive,E01012926,East Riding of Yorkshire 014B,Anti-social behaviour,,
,2021-05,Humberside Police,Humberside Police,-0.312971,53.892768,On or near East Street,E01012926,East Riding of Yorkshire 014B,Anti-social behaviour,,
c0f22a62a1ed4724f9b48db556708a08931ed3c5da8ec3bb60e9efcf2c6378dc,2021-05,Humberside Police,Humberside Police,-0.312971,53.892768,On or near East Street,E01012926,East Riding of Yorkshire 014B,Public order,Action to be taken by another organisation,
3270ed81f5f9b04e0d4e6768cf79a105e119155439adc8a5ec393e301435ba4e,2021-05,Humberside Police,Humberside Police,-0.312971,53.892768,On or near East Street,E01012926,East Riding of Yorkshire 014B,Public order,Unable to prosecute suspect,
ab1fff6ed69563e3c8370a3a0d88c1fbba80a8ba9c1131bf6ee1f7ef7622a88f,2021-05,Humberside Police,Humberside Police,-0.318596,53.891013,On or near Church Drive,E01012926,East Riding of Yorkshire 014B,Violence and sexual offences,Unable to prosecute suspect,
,2021-05,Humberside Police,Humberside Police,-0.330155,53.811739,On or near Carlam Lane,E01013027,East Riding of Yorkshire 014C,Anti-social behaviour,,
,2021-05,Humberside Police,Humberside Police,-0.341985,53.815642,On or near Church Lane,E01013027,East Riding of Yorkshire 014C,Anti-social behaviour,,
b8a0208bfe4a819d2717afa5f7deafac134df8442834f3ea74e84bf81cc7b6a0,2021-05,Humberside Police,Humberside Police,-0.278252,53.806609,On or near Main Street,E01013027,East Riding of Yorkshire 014C,Burglary,Investigation complete; no suspect identified,
12278b6495f63f697f6e9b4fde2b809907eb58c49cd61ad3ade1fa81727f7e0d,2021-05,Humberside Police,Humberside Police,-0.278252,53.806609,On or near Main Street,E01013027,East Riding of Yorkshire 014C,Public order,Local resolution,
35b76fb99a6bee1e8a8e6d6de28ad6dab43215e3061557d3d0abb7fc0c1bd229,2021-05,Humberside Police,Humberside Police,-0.344035,53.817954,On or near Cedar Close,E01013027,East Riding of Yorkshire 014C,Violence and sexual offences,Unable to prosecute suspect,
82b63738d73802338f265760aa26799aa3845ea9c979402debb9e9b0034fd352,2021-05,Humberside Police,Humberside Police,-0.266089,53.840422,On or near Poplar Close,E01013027,East Riding of Yorkshire 014C,Violence and sexual offences,Unable to prosecute suspect,
89fd72af66171eeecc8b72be3a0d6b1269eefd04bc5589bad1f30c3e31f19d61,2021-05,Humberside Police,Humberside Police,-0.266089,53.840422,On or near Poplar Close,E01013027,East Riding of Yorkshire 014C,Violence and sexual offences,Unable to prosecute suspect,
2e7f0054eab4285b4af6b5ac1613f1dff06755380def141e2ce390ddf9674e81,2021-05,Humberside Police,Humberside Police,-0.330155,53.811739,On or near Carlam Lane,E01013027,East Riding of Yorkshire 014C,Violence and sexual offences,Further action is not in the public interest,
0ef7474b7f3205e21c43ce798115669bd8d7f5836b57b8364b9e611ae3b388c3,2021-05,Humberside Police,Humberside Police,-0.344035,53.817954,On or near Cedar Close,E01013027,East Riding of Yorkshire 014C,Violence and sexual offences,Unable to prosecute suspect,
b10beff1b10a60d1b8dec83c370026a665af660ebbe7b829ea5c8f80be2ebdac,2021-05,Humberside Police,Humberside Police,-0.278252,53.806609,On or near Main Street,E01013027,East Riding of Yorkshire 014C,Other crime,Unable to prosecute suspect,
,2021-05,Humberside Police,Humberside Police,-0.186322,53.846083,On or near Prospect Lane,E01013034,East Riding of Yorkshire 014D,Anti-social behaviour,,
19429933646df7085d9752184f6e879ca2484c5409f570f01b5bc4df27455850,2021-05,Humberside Police,Humberside Police,-0.289790,53.859675,On or near Arnold Lane West,E01013034,East Riding of Yorkshire 014D,Bicycle theft,Investigation complete; no suspect identified,
09eb1575b904f04dbe67e44b92f7e514452be28578016f7966fc7c301b0bffd4,2021-05,Humberside Police,Humberside Police,-0.198754,53.868429,On or near Main Street,E01013034,East Riding of Yorkshire 014D,Burglary,Investigation complete; no suspect identified,
b47c45955c5f1c774af2ec441be0800b302243a3533a365c13ff2edba526166d,2021-05,Humberside Police,Humberside Police,-0.187148,53.876192,On or near Hornsea Road,E01013034,East Riding of Yorkshire 014D,Other theft,Investigation complete; no suspect identified,
2239cabdb0adc76901322e11aaa6af5b4caa0e0a28061e0ea2ac220fec38c3a5,2021-05,Humberside Police,Humberside Police,-0.288107,53.862177,On or near Arnold Lane East,E01013034,East Riding of Yorkshire 014D,Other theft,Investigation complete; no suspect identified,
eede9c745d9b6836c272cf944c449ba36d0ae2781551675d630931790173eb35,2021-05,Humberside Police,Humberside Police,-0.290119,53.865028,On or near Coopers Meadow,E01013034,East Riding of Yorkshire 014D,Violence and sexual offences,Action to be taken by another organisation,
c5aa8a542a9187604b9500b81eafbf7f10875a7cfb855f7769d46384380eb1c6,2021-05,Humberside Police,Humberside Police,-0.287286,53.864035,On or near Riseway,E01013034,East Riding of Yorkshire 014D,Violence and sexual offences,Unable to prosecute suspect,
bfc46417675bad819ca67f3ecfff016dcb89bda9ffdc1a86899ba2dee93cba66,2021-05,Humberside Police,Humberside Police,-0.290119,53.865028,On or near Coopers Meadow,E01013034,East Riding of Yorkshire 014D,Violence and sexual offences,Action to be taken by another organisation,
1a82ee687c41702dd4aca298009e8be7444a9da7946f98c3e6d2a9cc0b787812,2021-05,Humberside Police,Humberside Police,-0.287286,53.864035,On or near Riseway,E01013034,East Riding of Yorkshire 014D,Violence and sexual offences,Unable to prosecute suspect,
,2021-05,Humberside Police,Humberside Police,-0.658675,53.866055,On or near Pasture Close,E01013120,East Riding of Yorkshire 015A,Anti-social behaviour,,
001ca271021815c5ded33010301227da96a3840cc75160bded83ee81a54559d6,2021-05,Humberside Police,Humberside Police,-0.669057,53.867635,On or near Rees Close,E01013120,East Riding of Yorkshire 015A,Criminal damage and arson,Unable to prosecute suspect,
de0b53b5c752c568f719319eaa34ccf8d08f5b8b617b7db8fe349efd2430d508,2021-05,Humberside Police,Humberside Police,-0.703041,53.875729,On or near York Road,E01013120,East Riding of Yorkshire 015A,Public order,Unable to prosecute suspect,
8ce2674a5b4662b8af3d34d1f222b710e86c8bce9cb924af0541cb6ae5afd15d,2021-05,Humberside Police,Humberside Police,-0.703041,53.875729,On or near York Road,E01013120,East Riding of Yorkshire 015A,Public order,Offender given penalty notice,
8f4d900d67b2d80a25a352bb7c2ae11983be1525b9e5f97f1a1c4d3202743836,2021-05,Humberside Police,Humberside Police,-0.657351,53.865132,On or near Hill Rise Close,E01013120,East Riding of Yorkshire 015A,Violence and sexual offences,Court result unavailable,
e8430633960e5db0225a523cd610b6c096185ad199854bffa6c92c32cf436194,2021-05,Humberside Police,Humberside Police,-0.657351,53.865132,On or near Hill Rise Close,E01013120,East Riding of Yorkshire 015A,Violence and sexual offences,Local resolution,
933ebdd691f133a7ecfe58230ca89f478126f5f309ca7d15839634ebdfecfa40,2021-05,Humberside Police,Humberside Police,-0.666738,53.858792,On or near Crumpton Road,E01013121,East Riding of Yorkshire 015B,Public order,Local resolution,
aab55ce391586f0b0c36f83bc095c637fbb8fa94135544b7f493da49fde63ba4,2021-05,Humberside Police,Humberside Police,-0.663831,53.862687,On or near Southgate Court,E01013121,East Riding of Yorkshire 015B,Shoplifting,Court result unavailable,
8eeb2bc870d92acec950b203672b4d1b8a7f583b82d364681f40ac37252da877,2021-05,Humberside Police,Humberside Police,-0.663831,53.862687,On or near Southgate Court,E01013121,East Riding of Yorkshire 015B,Shoplifting,Court result unavailable,
ae5c6e46557fa320ccc58f26b29f14c263e876ddfbac3e0259cb5a5ef6791ff7,2021-05,Humberside Police,Humberside Police,-0.635212,53.842159,On or near Low Street,E01013121,East Riding of Yorkshire 015B,Violence and sexual offences,Unable to prosecute suspect,
,2021-05,Humberside Police,Humberside Police,-0.670764,53.860832,On or near Wilson Close,E01013123,East Riding of Yorkshire 015C,Anti-social behaviour,,
,2021-05,Humberside Police,Humberside Police,-0.669485,53.859928,On or near Hanson Close,E01013123,East Riding of Yorkshire 015C,Anti-social behaviour,,
7248facb1ea1c0a40ad04363f80d1ba4ab7c5d8d6ee1e456bb085f4c84e43bf2,2021-05,Humberside Police,Humberside Police,-0.669004,53.865001,On or near Linegate,E01013123,East Riding of Yorkshire 015C,Criminal damage and arson,Unable to prosecute suspect,
849bf26de2e33a2d100cf42165224539c9336ec78e95771cede83cfa85d09af8,2021-05,Humberside Police,Humberside Police,-0.669004,53.865001,On or near Linegate,E01013123,East Riding of Yorkshire 015C,Criminal damage and arson,Unable to prosecute suspect,
527078f72851da0af6f1908e348e43c2d773c3d5b0437561b5d58248bcd46a44,2021-05,Humberside Police,Humberside Police,-0.672080,53.865853,On or near Northgate Grove,E01013123,East Riding of Yorkshire 015C,Public order,Local resolution,
71476c485e550f3843ce96920c23f6783b69df13ace25d98a3b650fe5681c366,2021-05,Humberside Police,Humberside Police,-0.672691,53.866246,On or near Northgate Vale,E01013123,East Riding of Yorkshire 015C,Violence and sexual offences,Action to be taken by another organisation,
a433767674defb186eeb2ec7549e41c7d3f211b3ccadf07d5780ef6716098820,2021-05,Humberside Police,Humberside Police,-0.669004,53.865001,On or near Linegate,E01013123,East Riding of Yorkshire 015C,Violence and sexual offences,Unable to prosecute suspect,
bcfa51deae0169d8994d7c54df7d6fad599144500f2fcbd1e160d377c88dc76c,2021-05,Humberside Police,Humberside Police,-0.672522,53.862937,On or near Westfield Road,E01013123,East Riding of Yorkshire 015C,Violence and sexual offences,Unable to prosecute suspect,
6131ac7e5a50de5672fa87a625e0151ec41ac1c4f48fd28509fa263f36554c73,2021-05,Humberside Police,Humberside Police,-0.669004,53.865001,On or near Linegate,E01013123,East Riding of Yorkshire 015C,Violence and sexual offences,Unable to prosecute suspect,
,2021-05,Humberside Police,Humberside Police,-0.667329,53.865558,On or near Church Close,E01013124,East Riding of Yorkshire 015D,Anti-social behaviour,,
,2021-05,Humberside Police,Humberside Police,-0.667582,53.864770,On or near Market Place,E01013124,East Riding of Yorkshire 015D,Anti-social behaviour,,
48dc85ae10c7e48eadb0afc649ccae5db8d42165dfc2411730c0b1c2865c9008,2021-05,Humberside Police,Humberside Police,-0.667329,53.865558,On or near Church Close,E01013124,East Riding of Yorkshire 015D,Burglary,Investigation complete; no suspect identified,
286b1ab12d13f18574b4c4907bcda12124c192ff2f63d1ec59a26b3b483b9100,2021-05,Humberside Police,Humberside Police,-0.671394,53.862996,On or near Westfield Crescent,E01013124,East Riding of Yorkshire 015D,Public order,Unable to prosecute suspect,
8aae8a50517532f66134615f73738b1c1345be300e8df554de714a61f1b6a715,2021-05,Humberside Police,Humberside Police,-0.671394,53.862996,On or near Westfield Crescent,E01013124,East Riding of Yorkshire 015D,Public order,Status update unavailable,
715b265128a3a69e4e4a83a9e7d83f18a8d0aafeed35e53ef578916d278d5b90,2021-05,Humberside Police,Humberside Police,-0.657453,53.861942,On or near Wold Avenue,E01013124,East Riding of Yorkshire 015D,Public order,Unable to prosecute suspect,
9af21a4f7e95efa6431fb07e5932c32d22470fd60e550fb7d9e237241473b2f6,2021-05,Humberside Police,Humberside Police,-0.663989,53.861557,On or near Turner Close,E01013124,East Riding of Yorkshire 015D,Vehicle crime,Local resolution,
d724bf12934d2b43a658e1e2b4102c047af93fc0a10512070e1a02d4ef3c5501,2021-05,Humberside Police,Humberside Police,-0.665910,53.864257,On or near High Street,E01013124,East Riding of Yorkshire 015D,Violence and sexual offences,Local resolution,
f000c5f35e2f333158d5e7a4a6522be283122139d07263c5c866ea6eb4750e53,2021-05,Humberside Police,Humberside Police,-0.671394,53.862996,On or near Westfield Crescent,E01013124,East Riding of Yorkshire 015D,Violence and sexual offences,Unable to prosecute suspect,
b21ab8cb1c268de43b9cf4943a87f1159be8b5716cebac72aca233c4a243f7e8,2021-05,Humberside Police,Humberside Police,-0.664490,53.864457,On or near Finkle Street,E01013124,East Riding of Yorkshire 015D,Violence and sexual offences,Local resolution,
60ed251cb5460de3ad601db7576939842bb66c70ad983b32b66c7f17fef23897,2021-05,Humberside Police,Humberside Police,-0.667152,53.862527,On or near Scotts Croft,E01013124,East Riding of Yorkshire 015D,Violence and sexual offences,Local resolution,
2c584f291d7f89374806dd7efd43ec6a98471f7ae1bc28d4f4ce17e1137f9ada,2021-05,Humberside Police,Humberside Police,-0.657389,53.859685,On or near Kings Court,E01013124,East Riding of Yorkshire 015D,Violence and sexual offences,Unable to prosecute suspect,
09a0bf1c48c939a44ef4a62f8b4abcbd8160a700e3dee5193317b42f7c31d257,2021-05,Humberside Police,Humberside Police,-0.657389,53.859685,On or near Kings Court,E01013124,East Riding of Yorkshire 015D,Violence and sexual offences,Unable to prosecute suspect,
26672a5e6e767611418fa89464ea44144ad0bbbc695b6f571542df90cbca129d,2021-05,Humberside Police,Humberside Police,-0.426862,53.857919,On or near Ford Close,E01013064,East Riding of Yorkshire 016A,Robbery,Unable to prosecute suspect,
3d5e1a5613168ea139e2881feff310531504a088f35938d280129828e8ebf9ee,2021-05,Humberside Police,Humberside Police,-0.434064,53.855613,On or near Ascott Close,E01013064,East Riding of Yorkshire 016A,Violence and sexual offences,Unable to prosecute suspect,
84321e74329abdf5a52111efa4217e9eafa9f463775b32c9ccf8b0797a1f2afb,2021-05,Humberside Police,Humberside Police,-0.434064,53.855613,On or near Ascott Close,E01013064,East Riding of Yorkshire 016A,Violence and sexual offences,Unable to prosecute suspect,
405ab575778c9c08431ced7b53669a753ba8156cdb49ac1098bb4f18bc7bfd4a,2021-05,Humberside Police,Humberside Police,-0.434064,53.855613,On or near Ascott Close,E01013064,East Riding of Yorkshire 016A,Violence and sexual offences,Unable to prosecute suspect,
69998018ae0f0290bad86238a350c014623fdb5a0c28e9a149ec707c776bfe52,2021-05,Humberside Police,Humberside Police,-0.427549,53.856633,On or near Roos Close,E01013064,East Riding of Yorkshire 016A,Violence and sexual offences,Unable to prosecute suspect,
54bddbb825190dd5bb4252a70a717468cb4fb6d729838615d2569c9b77813457,2021-05,Humberside Police,Humberside Police,-0.423778,53.855820,On or near Greenwood Gardens,E01013065,East Riding of Yorkshire 016B,Violence and sexual offences,Court result unavailable,
d4f2ce5c6cba156d3cb5bf839809dbd6b440bef5217b3049a0778ba2fac0c2ca,2021-05,Humberside Police,Humberside Police,-0.417138,53.852083,On or near Crowther Close,E01013065,East Riding of Yorkshire 016B,Violence and sexual offences,Unable to prosecute suspect,
,2021-05,Humberside Police,Humberside Police,-0.439360,53.857111,On or near Pighill Lane,E01013066,East Riding of Yorkshire 016C,Anti-social behaviour,,
acdc1e430f938ef7ad38abc115be627203162de2f11f3fcee4e8c0bb5eea2f93,2021-05,Humberside Police,Humberside Police,-0.438946,53.853960,On or near Woodhall Drive,E01013066,East Riding of Yorkshire 016C,Criminal damage and arson,Investigation complete; no suspect identified,
09f4dbf6b3650c67b390a9ecbc82b1e8e9d52afae92cae935bd9244e0d526a7e,2021-05,Humberside Police,Humberside Police,-0.438233,53.853914,On or near Woodhall Way,E01013066,East Riding of Yorkshire 016C,Criminal damage and arson,Investigation complete; no suspect identified,
a6c633edfa8e72390bb6cdffce8d272af784da3e09e590ac2f787c501787ba4c,2021-05,Humberside Police,Humberside Police,-0.436679,53.853175,On or near Oak Tree Close,E01013066,East Riding of Yorkshire 016C,Public order,Unable to prosecute suspect,
637d60e6a4ffc670562683dc42cc988603e0fd8e366c17b5151a36c3514a0d46,2021-05,Humberside Police,Humberside Police,-0.436679,53.853175,On or near Oak Tree Close,E01013066,East Riding of Yorkshire 016C,Violence and sexual offences,Unable to prosecute suspect,
fab5ee7e122f5befbddcb8cc2d54d0ed091230bf14595bf4ad8c6197fbf58e51,2021-05,Humberside Police,Humberside Police,-0.438525,53.855051,On or near Molescroft Gardens,E01013066,East Riding of Yorkshire 016C,Violence and sexual offences,Unable to prosecute suspect,
ea4f183a998ce3cb5c06dfd694196704f119cf93e775e97f43beda34d9e89844,2021-05,Humberside Police,Humberside Police,-0.427964,53.854068,On or near Mallard Close,E01013067,East Riding of Yorkshire 016D,Violence and sexual offences,Unable to prosecute suspect,
1234b88d3114d06035fb164cd732373748d6b3f786c3c81a3a25dc021a005c29,2021-05,Humberside Police,Humberside Police,-0.431114,53.853606,On or near Tardrew Close,E01013067,East Riding of Yorkshire 016D,Violence and sexual offences,Unable to prosecute suspect,
,2021-05,Humberside Police,Humberside Police,-0.442527,53.850051,On or near Old Court,E01013068,East Riding of Yorkshire 016E,Anti-social behaviour,,
,2021-05,Humberside Police,Humberside Police,-0.442527,53.850051,On or near Old Court,E01013068,East Riding of Yorkshire 016E,Anti-social behaviour,,
66e4b7d7c146f86f7d1a08ba0c8d8d1c3126c9b6a3f06ac847042ee245de1dee,2021-05,Humberside Police,Humberside Police,-0.446186,53.851411,On or near Molescroft Road,E01013068,East Riding of Yorkshire 016E,Bicycle theft,Investigation complete; no suspect identified,
43b9b82dfc94cdb4b2f52e0c712b4639f91025ebab068e7aba617b745beae984,2021-05,Humberside Police,Humberside Police,-0.446186,53.851411,On or near Molescroft Road,E01013068,East Riding of Yorkshire 016E,Bicycle theft,Unable to prosecute suspect,
28799f18dbd6afa82debfffcd9ee06de170d26ce21c04515d760ea9386418e16,2021-05,Humberside Police,Humberside Police,-0.449098,53.852419,On or near Fairlawn,E01013068,East Riding of Yorkshire 016E,Burglary,Investigation complete; no suspect identified,
5227cdede068ab425dc2a40a6df81d27ce5293013d8bb1ccd6d685a34136e893,2021-05,Humberside Police,Humberside Police,-0.440992,53.855748,On or near Parking Area,E01013068,East Riding of Yorkshire 016E,Criminal damage and arson,Local resolution,
710bb2a750f9633d951202d7dddace54c22ee6972f94fc0869bd322f0ae5a434,2021-05,Humberside Police,Humberside Police,-0.440992,53.855748,On or near Parking Area,E01013068,East Riding of Yorkshire 016E,Drugs,Local resolution,
3fed3baf7d085b45957feba8cfad1a51140617bd6a3edc75e8587c5aa2d0143e,2021-05,Humberside Police,Humberside Police,-0.449098,53.852419,On or near Fairlawn,E01013068,East Riding of Yorkshire 016E,Other theft,Unable to prosecute suspect,
468054d59015350ffdbf150be4f9a281827180ba5e0b55538fe2972f834a04e7,2021-05,Humberside Police,Humberside Police,-0.444986,53.854254,On or near Wheatlands Drive,E01013068,East Riding of Yorkshire 016E,Violence and sexual offences,Investigation complete; no suspect identified,
18697de3e64025b19f650278bff91d8d463516c90875b50cabbe74e5d131cb32,2021-05,Humberside Police,Humberside Police,-0.448973,53.854548,On or near Driffield Road,E01013068,East Riding of Yorkshire 016E,Violence and sexual offences,Unable to prosecute suspect,
,2021-05,Humberside Police,Humberside Police,-0.438296,53.851389,On or near Westfield Avenue,E01013070,East Riding of Yorkshire 016F,Anti-social behaviour,,
,2021-05,Humberside Police,Humberside Police,-0.438296,53.851389,On or near Westfield Avenue,E01013070,East Riding of Yorkshire 016F,Anti-social behaviour,,
,2021-05,Humberside Police,Humberside Police,-0.438296,53.851389,On or near Westfield Avenue,E01013070,East Riding of Yorkshire 016F,Anti-social behaviour,,
9feaeec8d2d73e9e06876f9fda3ee531f5f6f4a64fa817a38f1f24a593c8217a,2021-05,Humberside Police,Humberside Police,-0.437840,53.846089,On or near North Bar Without,E01013070,East Riding of Yorkshire 016F,Criminal damage and arson,Investigation complete; no suspect identified,
1a85ca2343acf3b112fec75c54da7e2419e9666bea0bdf4fea8766d566fb3064,2021-05,Humberside Police,Humberside Police,-0.433522,53.848145,On or near Manor Close,E01013070,East Riding of Yorkshire 016F,Other theft,Unable to prosecute suspect,
528ead2a69cabdb3e323780d143780e8f9ad8a594be5602e92a18a52a218ad85,2021-05,Humberside Police,Humberside Police,-0.438296,53.851389,On or near Westfield Avenue,E01013070,East Riding of Yorkshire 016F,Violence and sexual offences,Unable to prosecute suspect,
,2021-05,Humberside Police,Humberside Police,-0.416562,53.846799,On or near Samman Road,E01013038,East Riding of Yorkshire 017A,Anti-social behaviour,,
,2021-05,Humberside Police,Humberside Police,-0.423458,53.845730,On or near Cherry Tree Crossing,E01013038,East Riding of Yorkshire 017A,Anti-social behaviour,,
,2021-05,Humberside Police,Humberside Police,-0.423458,53.845730,On or near Cherry Tree Crossing,E01013038,East Riding of Yorkshire 017A,Anti-social behaviour,,
,2021-05,Humberside Police,Humberside Police,-0.420965,53.844133,On or near Cherry Tree Lane,E01013038,East Riding of Yorkshire 017A,Anti-social behaviour,,
d5a569ac3b5389f5c295bb58cdd286642ff56af4c011f79b0054b3c55c0326c2,2021-05,Humberside Police,Humberside Police,-0.419875,53.844397,On or near Riding Fields Square,E01013038,East Riding of Yorkshire 017A,Other theft,Investigation complete; no suspect identified,
69af89845ab76c4cab95f55067da1f31cfe028f43076b4850894dbf1ddb9d0c5,2021-05,Humberside Police,Humberside Police,-0.419596,53.845769,On or near Hodgson Avenue,E01013038,East Riding of Yorkshire 017A,Other theft,Investigation complete; no suspect identified,
5079ed16ecf5811bc2baf29c3bb7b35d63ca5d2baa29a3b30e5b275d17c2a454,2021-05,Humberside Police,Humberside Police,-0.420257,53.845562,On or near Nolloth Crescent,E01013038,East Riding of Yorkshire 017A,Public order,Unable to prosecute suspect,
ae04b7235c8477505231e6c0172d43ea21d111ce51eba07f74d7ca4f0704e3cc,2021-05,Humberside Police,Humberside Police,-0.420965,53.844133,On or near Cherry Tree Lane,E01013038,East Riding of Yorkshire 017A,Public order,Unable to prosecute suspect,
f8a05fd15af44c00f3a8b9a5a2ce53f9a13b5c3fc1006335a2be3d201834fa76,2021-05,Humberside Police,Humberside Police,-0.418768,53.846351,On or near Hammond Road,E01013038,East Riding of Yorkshire 017A,Shoplifting,Offender given penalty notice,
f75d5ef455397100dd6e9a355f7e143615b1c54c60bfc29d7d6b483a2b92ef8a,2021-05,Humberside Police,Humberside Police,-0.419235,53.845252,On or near Thompson Avenue,E01013038,East Riding of Yorkshire 017A,Violence and sexual offences,Unable to prosecute suspect,
733fcabd85eb02f6118298a104c0f61475fe13fce20c2117c7f107c2feb65407,2021-05,Humberside Police,Humberside Police,-0.424037,53.843679,On or near Enfield Mews,E01013038,East Riding of Yorkshire 017A,Violence and sexual offences,Unable to prosecute suspect,
a8a714161109a1edfac34d81bf972fff637f4dbaa1f2755e5fd531edc18663b2,2021-05,Humberside Police,Humberside Police,-0.420965,53.844133,On or near Cherry Tree Lane,E01013038,East Riding of Yorkshire 017A,Violence and sexual offences,Unable to prosecute suspect,
f77606e3fb27d54672f77baecaa83559308fbab49c6c584f6f6101d09d16e4af,2021-05,Humberside Police,Humberside Police,-0.420113,53.842522,On or near The Maltings,E01013038,East Riding of Yorkshire 017A,Violence and sexual offences,Unable to prosecute suspect,
59e55739e4a53ca4434d472a5a3c572a3ca5903fce8ee5762ac3a3c8cb15f0f9,2021-05,Humberside Police,Humberside Police,-0.422848,53.844176,On or near Knights Way,E01013038,East Riding of Yorkshire 017A,Violence and sexual offences,Investigation complete; no suspect identified,
,2021-05,Humberside Police,Humberside Police,-0.415834,53.845953,On or near Coronation Close,E01013045,East Riding of Yorkshire 017B,Anti-social behaviour,,
,2021-05,Humberside Police,Humberside Police,-0.412302,53.844495,On or near Routh Avenue,E01013045,East Riding of Yorkshire 017B,Anti-social behaviour,,
,2021-05,Humberside Police,Humberside Police,-0.414178,53.845131,On or near Neville Avenue,E01013045,East Riding of Yorkshire 017B,Anti-social behaviour,,
,2021-05,Humberside Police,Humberside Police,-0.415385,53.848590,On or near Burden Close,E01013045,East Riding of Yorkshire 017B,Anti-social behaviour,,
10620aa0af120aea0487209728c7256182d02aea30eb15748f3a58b170582d3d,2021-05,Humberside Police,Humberside Police,-0.411162,53.844885,On or near Warton Avenue,E01013045,East Riding of Yorkshire 017B,Bicycle theft,Investigation complete; no suspect identified,
603f771a8b44c68e12ee687a44ae1329752c61e5bf81b738ed4dceb897198728,2021-05,Humberside Police,Humberside Police,-0.413944,53.846485,On or near Middleton Close,E01013045,East Riding of Yorkshire 017B,Criminal damage and arson,Unable to prosecute suspect,
69b87dd96f690191b796ae21f2b0667fc2434cfb80cb001af74575df385230a4,2021-05,Humberside Police,Humberside Police,-0.414457,53.845396,On or near Schofield Avenue,E01013045,East Riding of Yorkshire 017B,Criminal damage and arson,Unable to prosecute suspect,
a295dc539e8d3bc50c2c7e7704dee39d0ebe0b7d330333feebf545b9c687c4b8,2021-05,Humberside Police,Humberside Police,-0.411162,53.844885,On or near Warton Avenue,E01013045,East Riding of Yorkshire 017B,Criminal damage and arson,Unable to prosecute suspect,
93a608e77a4bd3db8b60e00dfa5a222f0aaef58ab60a4c7c352efe18fce404a0,2021-05,Humberside Police,Humberside Police,-0.413944,53.846485,On or near Middleton Close,E01013045,East Riding of Yorkshire 017B,Other theft,Unable to prosecute suspect,
255d2b3fa0889b04a0dddda4fee9d69254903507b7b8e74cd2383dc5f7f39e94,2021-05,Humberside Police,Humberside Police,-0.413498,53.848646,On or near Pennyman Road,E01013045,East Riding of Yorkshire 017B,Public order,Unable to prosecute suspect,
aef00128988f253390273aad978fcb0ae35a01637de1b6d88aeee752556404e3,2021-05,Humberside Police,Humberside Police,-0.413498,53.848646,On or near Pennyman Road,E01013045,East Riding of Yorkshire 017B,Violence and sexual offences,Further action is not in the public interest,
bf723b823df92cf7c13ded19979ad098cef245dd166a1f4151d7698044823d60,2021-05,Humberside Police,Humberside Police,-0.411728,53.846816,On or near Dennett Road,E01013045,East Riding of Yorkshire 017B,Violence and sexual offences,Unable to prosecute suspect,
3705fc4ba77a96a52410d19666b933d106bab489632abc5ecd8d485cf4515b94,2021-05,Humberside Police,Humberside Police,-0.412886,53.847946,On or near Crosskill Close,E01013045,East Riding of Yorkshire 017B,Violence and sexual offences,Unable to prosecute suspect,
486d34e098eacb01b5c43df7c365559c4add0b5e2ee63d4cedd7d3d878db6373,2021-05,Humberside Police,Humberside Police,-0.412886,53.847946,On or near Crosskill Close,E01013045,East Riding of Yorkshire 017B,Violence and sexual offences,Local resolution,
a931c9299682c0a2a96d65995e2c01f98a13ae3d4455471b1697e89f86f46632,2021-05,Humberside Police,Humberside Police,-0.413498,53.848646,On or near Pennyman Road,E01013045,East Riding of Yorkshire 017B,Other crime,Further action is not in the public interest,
47652680266e9bf9f2bd49070cc6f69c2fa3c338e4bc241237a4a418c43d6302,2021-05,Humberside Police,Humberside Police,-0.419593,53.851099,On or near Symmons Close,E01013069,East Riding of Yorkshire 017C,Criminal damage and arson,Investigation complete; no suspect identified,
dd1c745811c1700e38ca0bf16fad5be3c655b67716959b0f18b63dfb07f7e12e,2021-05,Humberside Police,Humberside Police,-0.414091,53.850245,On or near Sigston Road,E01013069,East Riding of Yorkshire 017C,Criminal damage and arson,Court result unavailable,
4f9d1ed0970b7f83b8227d8d7dd8ab1f19e110afd1f9667cda04bd513813543f,2021-05,Humberside Police,Humberside Police,-0.414091,53.850245,On or near Sigston Road,E01013069,East Riding of Yorkshire 017C,Public order,Unable to prosecute suspect,
7b3d845a5b8ba687657dd98ef60881194ea9a1c0c7c68c991ddc154e41d4a96d,2021-05,Humberside Police,Humberside Police,-0.419440,53.850315,On or near Burden Road,E01013069,East Riding of Yorkshire 017C,Vehicle crime,Investigation complete; no suspect identified,
cf859eea7ea404f35277cb99fbc41714b82a4963c311698e90c388edd6040686,2021-05,Humberside Police,Humberside Police,-0.414091,53.850245,On or near Sigston Road,E01013069,East Riding of Yorkshire 017C,Vehicle crime,Investigation complete; no suspect identified,
8195beff0a6c10ec72c03f6e2875efc3296fac13ee73b49ebbddc2fd0b380b65,2021-05,Humberside Police,Humberside Police,-0.423360,53.851176,On or near Little Clover,E01013069,East Riding of Yorkshire 017C,Violence and sexual offences,Investigation complete; no suspect identified,
12c00ce1b3c54a656dbeefb0f4e67e706eb1f358cca9681a3569b04626911c74,2021-05,Humberside Police,Humberside Police,-0.418325,53.848017,On or near Wilberforce Crescent,E01013069,East Riding of Yorkshire 017C,Violence and sexual offences,Unable to prosecute suspect,
9d48cdcf2b6ffcd0521d22ab8362502783b40e8accb66499168732dce7a7c9b0,2021-05,Humberside Police,Humberside Police,-0.418698,53.849434,On or near Sports/Recreation Area,E01013069,East Riding of Yorkshire 017C,Violence and sexual offences,Unable to prosecute suspect,
a3c0d6cc2d3af8b5a0f280e3ecd0a5cd0e7face576168c44a97da81a7e6a975c,2021-05,Humberside Police,Humberside Police,-0.414091,53.850245,On or near Sigston Road,E01013069,East Riding of Yorkshire 017C,Violence and sexual offences,Court result unavailable,
8d15423cb00258ac5fde44d8e6c0bd668746c5b66247cb27e9d294c463703ee0,2021-05,Humberside Police,Humberside Police,-0.418898,53.848151,On or near Sports/Recreation Area,E01013069,East Riding of Yorkshire 017C,Violence and sexual offences,Unable to prosecute suspect,
df14c98af10792a30caafe4806049f1c1bd579e0655a7cfe4e45a1d3de3c1403,2021-05,Humberside Police,Humberside Police,-0.413451,53.850290,On or near Storkhill Road,E01013069,East Riding of Yorkshire 017C,Violence and sexual offences,Status update unavailable,
95aac5a16b252fc9d1f79559491be85c22538d705f09f87ac4bfb1ac83dbdaea,2021-05,Humberside Police,Humberside Police,-0.414091,53.850245,On or near Sigston Road,E01013069,East Riding of Yorkshire 017C,Violence and sexual offences,Unable to prosecute suspect,
2fc06607c55c5a5f20a22fe12b7b61fcec05b2a47f450536fde2ef427d0bad37,2021-05,Humberside Police,Humberside Police,-0.418898,53.848151,On or near Sports/Recreation Area,E01013069,East Riding of Yorkshire 017C,Violence and sexual offences,Unable to prosecute suspect,
3240157998a05402e08d596013059f5cb1e4252e93ccde133dfe1a163b607fff,2021-05,Humberside Police,Humberside Police,-0.413451,53.850290,On or near Storkhill Road,E01013069,East Riding of Yorkshire 017C,Other crime,Status update unavailable,
,2021-05,Humberside Police,Humberside Police,-0.430143,53.842986,On or near Walkergate,E01013071,East Riding of Yorkshire 017D,Anti-social behaviour,,
,2021-05,Humberside Police,Humberside Police,-0.423338,53.847706,On or near Sample Avenue,E01013071,East Riding of Yorkshire 017D,Anti-social behaviour,,
,2021-05,Humberside Police,Humberside Police,-0.430143,53.842986,On or near Walkergate,E01013071,East Riding of Yorkshire 017D,Anti-social behaviour,,
,2021-05,Humberside Police,Humberside Police,-0.430342,53.845389,On or near Supermarket,E01013071,East Riding of Yorkshire 017D,Anti-social behaviour,,
5f67e1061972f3347c3c52649f235b9a6fac13a389277b18f0f0a9b26cc1dacb,2021-05,Humberside Police,Humberside Police,-0.421604,53.846928,On or near Cooper Street,E01013071,East Riding of Yorkshire 017D,Criminal damage and arson,Investigation complete; no suspect identified,
c71d8d3df7d5266c049216c0cc4afc91fe9d13b8bf983a963e2e7adfa7ef4212,2021-05,Humberside Police,Humberside Police,-0.422288,53.847351,On or near Watts Road,E01013071,East Riding of Yorkshire 017D,Public order,Unable to prosecute suspect,
81fb939cb7ebf771c1468efe5caf8c3a853ee58dedf2a360cf935a8e019be92f,2021-05,Humberside Police,Humberside Police,-0.426216,53.847186,On or near Athelstan Road,E01013071,East Riding of Yorkshire 017D,Public order,Unable to prosecute suspect,
c024352a979995640fcebe23509d0d45e5f91bf33a1e098d81be5cf87c02657d,2021-05,Humberside Police,Humberside Police,-0.430342,53.845389,On or near Supermarket,E01013071,East Riding of Yorkshire 017D,Shoplifting,Court result unavailable,
fa620de2ad3be4c835cd4c4f67ced477ff2e0c90d93eb27bd36bfd9de3ea41b3,2021-05,Humberside Police,Humberside Police,-0.423338,53.847706,On or near Sample Avenue,E01013071,East Riding of Yorkshire 017D,Violence and sexual offences,Investigation complete; no suspect identified,
a5a55d07689f38625007f45133fc40191e97dc4b6bbeafe513471a5846775190,2021-05,Humberside Police,Humberside Police,-0.422288,53.847351,On or near Watts Road,E01013071,East Riding of Yorkshire 017D,Violence and sexual offences,Status update unavailable,
5d46f6a12acca9d3aab56d118329afe5bca0dfcf4d3b035758fb59a3c3768250,2021-05,Humberside Police,Humberside Police,-0.427683,53.847367,On or near Norwood,E01013071,East Riding of Yorkshire 017D,Violence and sexual offences,Unable to prosecute suspect,
8e2c51b7b7d7385c589a580e9fe33a15f51518cb24617e388ae48d21160ded03,2021-05,Humberside Police,Humberside Police,-0.428859,53.846017,On or near Duesbury Close,E01013071,East Riding of Yorkshire 017D,Violence and sexual offences,Investigation complete; no suspect identified,
5f7a8a35b2d7f0a0daecefc7d73f6c04e80320382143f2de74961e6a5b265d15,2021-05,Humberside Police,Humberside Police,-0.430342,53.845389,On or near Supermarket,E01013071,East Riding of Yorkshire 017D,Other crime,Court result unavailable,
d07c38aec2dbc5bd36f392f5ec745ea7c6fc9c28aefc140ddcff6401aa1d0ff3,2021-05,Humberside Police,Humberside Police,-0.423338,53.847706,On or near Sample Avenue,E01013071,East Riding of Yorkshire 017D,Other crime,Investigation complete; no suspect identified,
,2021-05,Humberside Police,Humberside Police,-0.915837,53.817060,On or near Meadowfield,E01013022,East Riding of Yorkshire 018A,Anti-social behaviour,,
388842f9b4813fda411c6fb42892c164c387293e0452fc379a0f82f971a7b11e,2021-05,Humberside Police,Humberside Police,-0.917246,53.814250,On or near Breighton Road,E01013022,East Riding of Yorkshire 018A,Criminal damage and arson,Local resolution,
dbb9c01fad403fd61fffcdb904de535ff2bcde9e0eb1dc2dbaff8c67858b6def,2021-05,Humberside Police,Humberside Police,-0.913368,53.803312,On or near Airport/Airfield,E01013022,East Riding of Yorkshire 018A,Other theft,Investigation complete; no suspect identified,
957a0e850ef723040d60d790cc6bb3c093048d8e036ee4cabf49b938de03f608,2021-05,Humberside Police,Humberside Police,-0.892884,53.846521,On or near Ruddings Lane,E01013022,East Riding of Yorkshire 018A,Public order,Unable to prosecute suspect,
,2021-05,Humberside Police,Humberside Police,-0.766227,53.836962,On or near Rush View,E01013023,East Riding of Yorkshire 018B,Anti-social behaviour,,
78a7ac9965428532c56a615f087da262f89335842cfaaee62d961bb699ca1c18,2021-05,Humberside Police,Humberside Police,-0.833956,53.795510,On or near Ings Lane,E01013023,East Riding of Yorkshire 018B,Violence and sexual offences,Unable to prosecute suspect,
,2021-05,Humberside Police,Humberside Police,-0.790210,53.837440,On or near Selby Road,E01013024,East Riding of Yorkshire 018C,Anti-social behaviour,,
,2021-05,Humberside Police,Humberside Police,-0.778226,53.835107,On or near Runner End,E01013024,East Riding of Yorkshire 018C,Anti-social behaviour,,
,2021-05,Humberside Police,Humberside Police,-0.778226,53.835107,On or near Runner End,E01013024,East Riding of Yorkshire 018C,Anti-social behaviour,,
65179ecfd3d4b1c9d2f9439fabe7e250afdef1ca15158dc7fc6281a1554f7efa,2021-05,Humberside Police,Humberside Police,-0.778226,53.835107,On or near Runner End,E01013024,East Riding of Yorkshire 018C,Public order,Unable to prosecute suspect,
9ef47bd6ca28e8bb1ff78991615c2140989b9bde9f425cdfb2a35a29630e679b,2021-05,Humberside Police,Humberside Police,-0.776375,53.832392,On or near Springfield,E01013024,East Riding of Yorkshire 018C,Violence and sexual offences,Unable to prosecute suspect,
9ee40fbd57d60430f20607a26b68628a36f2979631d9d4259ae7e47b0b544070,2021-05,Humberside Police,Humberside Police,-0.776375,53.832392,On or near Springfield,E01013024,East Riding of Yorkshire 018C,Violence and sexual offences,Unable to prosecute suspect,
c37247953a18eebfaa227229f6abb62c1d4dad85845f4de46d436bdf47d166fa,2021-05,Humberside Police,Humberside Police,-0.775940,53.832738,On or near Springfield Gardens,E01013024,East Riding of Yorkshire 018C,Violence and sexual offences,Unable to prosecute suspect,
9430dc53f833adb1a78d489031ed0aa470953bcbee1928bc62bbc6ab471bf28c,2021-05,Humberside Police,Humberside Police,-0.782397,53.834332,On or near Cherry Drive,E01013024,East Riding of Yorkshire 018C,Violence and sexual offences,Status update unavailable,
,2021-05,Humberside Police,Humberside Police,-0.777115,53.878987,On or near Halfacres Lane,E01013122,East Riding of Yorkshire 018D,Anti-social behaviour,,
6f198ded11d3a9cd88c280b0ed122225457788c70654ec314c6fd11a4a56be6c,2021-05,Humberside Police,Humberside Police,-0.754210,53.901348,On or near Holly Beck,E01013122,East Riding of Yorkshire 018D,Drugs,Offender given a caution,
,2021-05,Humberside Police,Humberside Police,-0.865985,53.889054,On or near Glen Crescent,E01013127,East Riding of Yorkshire 018E,Anti-social behaviour,,
6fef7c6bc70ae4c867ecca419ba1f212755218fa12ebf82f8ad069c078479534,2021-05,Humberside Police,Humberside Police,-0.808584,53.917135,On or near Back Lane,E01013127,East Riding of Yorkshire 018E,Criminal damage and arson,Unable to prosecute suspect,
723b7195e323c3373f8fe6af171c0c025fabd5504a51329118e622899542e703,2021-05,Humberside Police,Humberside Police,-0.808584,53.917135,On or near Back Lane,E01013127,East Riding of Yorkshire 018E,Criminal damage and arson,Unable to prosecute suspect,
08557aab58db9ea8d6e25e5cda0915d5a24b870c06072f77f13a42d7c830bc68,2021-05,Humberside Police,Humberside Police,-0.860317,53.887122,On or near Graves Lane,E01013127,East Riding of Yorkshire 018E,Other theft,Investigation complete; no suspect identified,
adbffa5f30cca636a238a6d8527b0bf62047ced7b5b0ed1e0a222cf372d68b83,2021-05,Humberside Police,Humberside Police,-0.853482,53.886131,On or near Lodge Farm Court,E01013127,East Riding of Yorkshire 018E,Public order,Unable to prosecute suspect,
392c565bb4edf2c5346e4795f88e185bd265850a3e0c6b3199922f04fdcfa396,2021-05,Humberside Police,Humberside Police,-0.784339,53.916785,On or near Canal Lane,E01013127,East Riding of Yorkshire 018E,Vehicle crime,Unable to prosecute suspect,
fc1113df1312ab8fa1001b586973d66e4765ba25029ccb9b6768c6f563df2da1,2021-05,Humberside Police,Humberside Police,-0.853482,53.886131,On or near Lodge Farm Court,E01013127,East Riding of Yorkshire 018E,Violence and sexual offences,Unable to prosecute suspect,
,2021-05,Humberside Police,Humberside Police,-0.423967,53.842312,On or near Trinity Lane,E01013036,East Riding of Yorkshire 019A,Anti-social behaviour,,
,2021-05,Humberside Police,Humberside Police,-0.419688,53.840898,On or near Priory Road,E01013036,East Riding of Yorkshire 019A,Anti-social behaviour,,
,2021-05,Humberside Police,Humberside Police,-0.426504,53.841114,On or near Parking Area,E01013036,East Riding of Yorkshire 019A,Anti-social behaviour,,
,2021-05,Humberside Police,Humberside Police,-0.422582,53.842339,On or near Parking Area,E01013036,East Riding of Yorkshire 019A,Anti-social behaviour,,
5f9b5299d6475b480a07920fa91aef2300c301059c2fb9d33ef8614c9d3a40e6,2021-05,Humberside Police,Humberside Police,-0.418834,53.842577,On or near Cherry Tree Terrace,E01013036,East Riding of Yorkshire 019A,Burglary,Investigation complete; no suspect identified,
8380b1b2eaa9b37bbb4211c0592bba407b5d6af73f367ff47169f88c96d01562,2021-05,Humberside Police,Humberside Police,-0.416782,53.841372,On or near Tan Dyke Way,E01013036,East Riding of Yorkshire 019A,Criminal damage and arson,Unable to prosecute suspect,
d7ea170f38eea3e3cfcb8ac5b8ee334c5d9d812696b67f6cb965dc45396372b8,2021-05,Humberside Police,Humberside Police,-0.416315,53.842085,On or near Hanover Court,E01013036,East Riding of Yorkshire 019A,Other theft,Investigation complete; no suspect identified,
31ed62e934a5bbc35c87d9958b806c4d97f132a65aae9fe760ebab3d7747fbb5,2021-05,Humberside Police,Humberside Police,-0.422582,53.842339,On or near Parking Area,E01013036,East Riding of Yorkshire 019A,Public order,Investigation complete; no suspect identified,
0c7dd5ff80989eb5da423824d642115729118a70d054f505cd8db4a6bba2975a,2021-05,Humberside Police,Humberside Police,-0.416782,53.841372,On or near Tan Dyke Way,E01013036,East Riding of Yorkshire 019A,Public order,Further investigation is not in the public interest,
f9e6a99d232c8495ce82284894b5e86d9d935e108a824bdd8889c80a1a2d8885,2021-05,Humberside Police,Humberside Police,-0.416782,53.841372,On or near Tan Dyke Way,E01013036,East Riding of Yorkshire 019A,Public order,Investigation complete; no suspect identified,
4ee9f8765ebfbde3255bccf5d9435bd1e237b0e7a498e26f71c47fc69c99f163,2021-05,Humberside Police,Humberside Police,-0.417073,53.841736,On or near Godbold Close,E01013036,East Riding of Yorkshire 019A,Public order,Court result unavailable,
1d8b0aa2632cca07d0562465625ec379f7ee105362ebf60d9257298f9dcf4a74,2021-05,Humberside Police,Humberside Police,-0.417073,53.841736,On or near Godbold Close,E01013036,East Riding of Yorkshire 019A,Public order,Court result unavailable,
06d163f3a22398b09451ec8fb195d1fe1411e84fc28da7669438cc19e9645ee2,2021-05,Humberside Police,Humberside Police,-0.416782,53.841372,On or near Tan Dyke Way,E01013036,East Riding of Yorkshire 019A,Public order,Unable to prosecute suspect,
979fef8ae86b73d7756a8266e1eb0f82f5bda6c94b025ef1d3a415edff985caf,2021-05,Humberside Police,Humberside Police,-0.427056,53.840986,On or near Shopping Area,E01013036,East Riding of Yorkshire 019A,Shoplifting,Court result unavailable,
a3b2039bc9deb75175c433faeccaa11a71689ccfb70b9867356b094b20d26dc7,2021-05,Humberside Police,Humberside Police,-0.416782,53.841372,On or near Tan Dyke Way,E01013036,East Riding of Yorkshire 019A,Violence and sexual offences,Unable to prosecute suspect,
fe32afabf38c08cb4e2960c73ae652be47e84eda90eabca54a2b52b9380b3a95,2021-05,Humberside Police,Humberside Police,-0.419688,53.840898,On or near Priory Road,E01013036,East Riding of Yorkshire 019A,Violence and sexual offences,Unable to prosecute suspect,
69a4744f42f9ae9936e64bde84a8da83c11f78f472d764479d310542adaa6768,2021-05,Humberside Police,Humberside Police,-0.419688,53.840898,On or near Priory Road,E01013036,East Riding of Yorkshire 019A,Violence and sexual offences,Unable to prosecute suspect,
1639d7f7564682f96018bc3c1882a044430af8606f9b1e20082dc2f9a1e36641,2021-05,Humberside Police,Humberside Police,-0.419688,53.840898,On or near Priory Road,E01013036,East Riding of Yorkshire 019A,Violence and sexual offences,Unable to prosecute suspect,
f0498cfc8bc5b20b11819c5e2879c27534a98e818dc81d969ab50ba50b2285ed,2021-05,Humberside Police,Humberside Police,-0.419688,53.840898,On or near Priory Road,E01013036,East Riding of Yorkshire 019A,Violence and sexual offences,Unable to prosecute suspect,
1bb63a022d806edfa69d5af34ade7492bf3a8fef393c5fb23f15da9dc8b7fa7e,2021-05,Humberside Police,Humberside Police,-0.419688,53.840898,On or near Priory Road,E01013036,East Riding of Yorkshire 019A,Violence and sexual offences,Unable to prosecute suspect,
a221a7227fd0901bf1cfbc118f70ed6343b532168524219324cf35d0e94f1d48,2021-05,Humberside Police,Humberside Police,-0.417073,53.841736,On or near Godbold Close,E01013036,East Riding of Yorkshire 019A,Violence and sexual offences,Court result unavailable,
2438818c1dc39ae357461213dafe0f47f91db489b814b533c5e40ae23be8d85f,2021-05,Humberside Police,Humberside Police,-0.416103,53.841651,On or near Carr Close,E01013036,East Riding of Yorkshire 019A,Violence and sexual offences,Unable to prosecute suspect,
2fd43acf093533b6c3f91ad4b00b5285a80a43e52f83fc85b7340ea3b0827161,2021-05,Humberside Police,Humberside Police,-0.416782,53.841372,On or near Tan Dyke Way,E01013036,East Riding of Yorkshire 019A,Violence and sexual offences,Unable to prosecute suspect,
9f4ae3e558ef42e8699bd60c8f57e02ed73c53fc27e4c6963614864bdcaca1fa,2021-05,Humberside Police,Humberside Police,-0.422582,53.842339,On or near Parking Area,E01013036,East Riding of Yorkshire 019A,Other crime,Unable to prosecute suspect,
c860b10e9ef04695597efca12d3c7e4faba2adfe03477db82f6783c67632ed09,2021-05,Humberside Police,Humberside Police,-0.424891,53.843196,On or near George Street,E01013036,East Riding of Yorkshire 019A,Other crime,Court result unavailable,
,2021-05,Humberside Police,Humberside Police,-0.412109,53.842758,On or near Barnes Close,E01013037,East Riding of Yorkshire 019B,Anti-social behaviour,,
,2021-05,Humberside Police,Humberside Police,-0.408703,53.839980,On or near Etherington Court,E01013037,East Riding of Yorkshire 019B,Anti-social behaviour,,
,2021-05,Humberside Police,Humberside Police,-0.402201,53.840298,On or near Annie Reed Road,E01013037,East Riding of Yorkshire 019B,Anti-social behaviour,,
a14b3080bb66e58f804e9d9cab5af7f8de048abde2c2fc6f727eef58cd9d0ccf,2021-05,Humberside Police,Humberside Police,-0.411399,53.843863,On or near Grovehill Road,E01013037,East Riding of Yorkshire 019B,Bicycle theft,Investigation complete; no suspect identified,
e06908914fbe4b872ae21b614b4c7fad1ce28c7aaceb6449733a8596e1e6274c,2021-05,Humberside Police,Humberside Police,-0.409370,53.841229,On or near Ropery Close,E01013037,East Riding of Yorkshire 019B,Burglary,Investigation complete; no suspect identified,
43391530a4d9e04e95a610e7620717d1e1bb80876a00dbe450bdd65acce42556,2021-05,Humberside Police,Humberside Police,-0.402201,53.840298,On or near Annie Reed Road,E01013037,East Riding of Yorkshire 019B,Criminal damage and arson,Investigation complete; no suspect identified,
e55d71998aef260cd37e19806e98da309d2d1eb4b07e543b88d61afe0c7b9b4f,2021-05,Humberside Police,Humberside Police,-0.407901,53.842315,On or near Petrol Station,E01013037,East Riding of Yorkshire 019B,Other theft,Investigation complete; no suspect identified,
89877817887ffe0b538c7e16686f897d194c0c00a4a7064aabb26be6e5118b7b,2021-05,Humberside Police,Humberside Police,-0.404015,53.843378,On or near Meadley Court,E01013037,East Riding of Yorkshire 019B,Public order,Investigation complete; no suspect identified,
e45067f844be1f9823619a3eb3e55b06b82f9c7585b80ebff98bb76595020d54,2021-05,Humberside Police,Humberside Police,-0.411399,53.843863,On or near Grovehill Road,E01013037,East Riding of Yorkshire 019B,Shoplifting,Investigation complete; no suspect identified,
f402ea008b6b383a490703bba311074bd91dc82711331df6e488ca05e0e48f29,2021-05,Humberside Police,Humberside Police,-0.412663,53.842585,On or near Beaver Road,E01013037,East Riding of Yorkshire 019B,Vehicle crime,Investigation complete; no suspect identified,
051be26c492156708dea95acd29cf5bfe118c1a2e2c250f57bbef3f69c226e3c,2021-05,Humberside Police,Humberside Police,-0.412109,53.842758,On or near Barnes Close,E01013037,East Riding of Yorkshire 019B,Violence and sexual offences,Unable to prosecute suspect,
fc9e339a200328a30866ffaa6b786d7354208306727baeb52df046fba7f2d15d,2021-05,Humberside Police,Humberside Police,-0.408728,53.845338,On or near Old Barmston Road,E01013037,East Riding of Yorkshire 019B,Other crime,Unable to prosecute suspect,
,2021-05,Humberside Police,Humberside Police,-0.409568,53.839218,On or near Barkers Mill,E01013040,East Riding of Yorkshire 019C,Anti-social behaviour,,
6a54e78fd79b40935a54e43697c7e154398126ed0bf71a77bdd95bc83d889285,2021-05,Humberside Police,Humberside Police,-0.416465,53.839310,On or near West Terrace,E01013040,East Riding of Yorkshire 019C,Criminal damage and arson,Court result unavailable,
9963e0b1eafd5c4f6187593ff7643b19613f9ed3cd43d527235bdd77e88ed5c4,2021-05,Humberside Police,Humberside Police,-0.417071,53.838958,On or near Wiles Court,E01013040,East Riding of Yorkshire 019C,Criminal damage and arson,Status update unavailable,
38ada822dea15823c54e64dbb0797112fabb7f8ee4c24f0d07d3302aef6c8ce0,2021-05,Humberside Police,Humberside Police,-0.411100,53.838897,On or near Petrol Station,E01013040,East Riding of Yorkshire 019C,Drugs,Offender given a drugs possession warning,
450ce8b67695a21871e40f93368211b3514ce51d2108c0837d69532827c0168e,2021-05,Humberside Police,Humberside Police,-0.417071,53.838958,On or near Wiles Court,E01013040,East Riding of Yorkshire 019C,Other theft,Investigation complete; no suspect identified,
dbee584dbc72b3e24bc085c85209981367d7e0c0c089c73347421fc249c7f5c2,2021-05,Humberside Police,Humberside Police,-0.414094,53.838514,On or near Armstrong Close,E01013040,East Riding of Yorkshire 019C,Other theft,Investigation complete; no suspect identified,
342193f0840a3a50fa86dcd932d570a28e195a06bd2cf17124e174d8ef6b1625,2021-05,Humberside Police,Humberside Police,-0.413856,53.839176,On or near Beckside,E01013040,East Riding of Yorkshire 019C,Public order,Investigation complete; no suspect identified,
cee7af5c60f3eb74d19bd31617a49e5df4f0dbff9f2978d10fd8581406900741,2021-05,Humberside Police,Humberside Police,-0.413856,53.839176,On or near Beckside,E01013040,East Riding of Yorkshire 019C,Public order,Offender given penalty notice,
c5e98873ae96c78bfe31b009eef0bd58ced3cab3175f9679d9085953c398d9a8,2021-05,Humberside Police,Humberside Police,-0.413856,53.839176,On or near Beckside,E01013040,East Riding of Yorkshire 019C,Violence and sexual offences,Unable to prosecute suspect,
9dc0be328c6c1c7337c3e31222655b91afe66ab7956fd1b09d34b4c74268fa0e,2021-05,Humberside Police,Humberside Police,-0.411976,53.841471,On or near Holme Church Lane,E01013040,East Riding of Yorkshire 019C,Violence and sexual offences,Unable to prosecute suspect,
73146a4ea8e33ad63c44d5c80007084998224ba8c062c884a25afef302ac8c7b,2021-05,Humberside Police,Humberside Police,-0.413856,53.839176,On or near Beckside,E01013040,East Riding of Yorkshire 019C,Violence and sexual offences,Unable to prosecute suspect,
98a33fcb2fb0bc0597f269e97591bff5ef952842674b7964ca41155c4432dfa9,2021-05,Humberside Police,Humberside Police,-0.413856,53.839176,On or near Beckside,E01013040,East Riding of Yorkshire 019C,Violence and sexual offences,Investigation complete; no suspect identified,
59c98e4cb81df7772074913a4e989bdcc8df4902b1a30c245c58305ee1003cf0,2021-05,Humberside Police,Humberside Police,-0.414094,53.838514,On or near Armstrong Close,E01013040,East Riding of Yorkshire 019C,Violence and sexual offences,Unable to prosecute suspect,
3275f062190a340ac900a6820001f68edffedbf9c0ffd150051902a824820cde,2021-05,Humberside Police,Humberside Police,-0.421403,53.840552,On or near Chantry Lane,E01013041,East Riding of Yorkshire 019D,Drugs,Offender given a caution,
1a23a543e0e185400083fc9322f81c3b699926679c32d021a696f1e2316848bc,2021-05,Humberside Police,Humberside Police,-0.425742,53.838326,On or near Long Lane,E01013041,East Riding of Yorkshire 019D,Other theft,Investigation complete; no suspect identified,
0a91fffead7041f8d322ae14d3e6984a4cdec1d9fbe090291a760b7585aafb07,2021-05,Humberside Police,Humberside Police,-0.421403,53.840552,On or near Chantry Lane,E01013041,East Riding of Yorkshire 019D,Public order,Action to be taken by another organisation,
211ddd6e817328ddfb1242d978acb7d29b0fa72691a59f93de3924291aa8f172,2021-05,Humberside Police,Humberside Police,-0.421403,53.840552,On or near Chantry Lane,E01013041,East Riding of Yorkshire 019D,Public order,Court result unavailable,
8e409ce4bd21324c579a644897e50115f52fb1ded3beb519ea63ca069bfad46b,2021-05,Humberside Police,Humberside Police,-0.425742,53.838326,On or near Long Lane,E01013041,East Riding of Yorkshire 019D,Violence and sexual offences,Investigation complete; no suspect identified,
13db01395618d0d36e2a14c67253e3c72b51df5401e84f2ad562a78dc33dd936,2021-05,Humberside Police,Humberside Police,-0.419867,53.838555,On or near Flemingate,E01013041,East Riding of Yorkshire 019D,Violence and sexual offences,Court result unavailable,
75363ffb3d8a1d9c393de813eb66004bc6e1be7a72946dd93209cf2023c8010b,2021-05,Humberside Police,Humberside Police,-0.428295,53.839564,On or near Regent Street,E01013041,East Riding of Yorkshire 019D,Violence and sexual offences,Unable to prosecute suspect,
0bf9c79f0ebaf0e5b51c742f1f411bf79ab6187cef16fcf2b68676d51d7b4cb9,2021-05,Humberside Police,Humberside Police,-0.421403,53.840552,On or near Chantry Lane,E01013041,East Riding of Yorkshire 019D,Violence and sexual offences,Unable to prosecute suspect,
,2021-05,Humberside Police,Humberside Police,-0.430788,53.842806,On or near Dyer Lane,E01013062,East Riding of Yorkshire 019E,Anti-social behaviour,,
,2021-05,Humberside Police,Humberside Police,-0.432033,53.843236,On or near Ladygate,E01013062,East Riding of Yorkshire 019E,Anti-social behaviour,,
,2021-05,Humberside Police,Humberside Police,-0.431682,53.844085,On or near Bus/Coach Station,E01013062,East Riding of Yorkshire 019E,Anti-social behaviour,,
6a8a8df5d99a7f71e90ed40ea4b2eafafb04263f39f64dbbd28e912e6b39e408,2021-05,Humberside Police,Humberside Police,-0.429843,53.841661,On or near Shopping Area,E01013062,East Riding of Yorkshire 019E,Burglary,Investigation complete; no suspect identified,
c2dcfcc80db8aa5737f5c3f991c2a77b4df6259b1b70d9d9d120aa5babc9b2d4,2021-05,Humberside Police,Humberside Police,-0.431682,53.844085,On or near Bus/Coach Station,E01013062,East Riding of Yorkshire 019E,Criminal damage and arson,Investigation complete; no suspect identified,
39fb3104ec2bf5ed457b8fbb16baf09c94d199dc2c91ce629b631b5587e402d8,2021-05,Humberside Police,Humberside Police,-0.426479,53.844628,On or near Pinfold Mews,E01013062,East Riding of Yorkshire 019E,Drugs,Unable to prosecute suspect,
ed138f04697453306aab52bda55ad3f3a89cb9375696742525c9090b9fdb4503,2021-05,Humberside Police,Humberside Police,-0.429484,53.841512,On or near Shopping Area,E01013062,East Riding of Yorkshire 019E,Other theft,Investigation complete; no suspect identified,
743b3307b0f686342c20f00481edcfb68a1b071027d037e0e367284f354a773d,2021-05,Humberside Police,Humberside Police,-0.433691,53.843617,On or near North Bar Within,E01013062,East Riding of Yorkshire 019E,Public order,Further investigation is not in the public interest,
97fad943756da2d7710baf4403c6912ae9d809596bde290d09111204097d4584,2021-05,Humberside Police,Humberside Police,-0.431682,53.844085,On or near Bus/Coach Station,E01013062,East Riding of Yorkshire 019E,Public order,Investigation complete; no suspect identified,
d3cf1cb683d59c7a5620f739d8e9d7cef0c72e6c6daf1e08f1ac51b6ee654d8b,2021-05,Humberside Police,Humberside Police,-0.431649,53.842529,On or near Parking Area,E01013062,East Riding of Yorkshire 019E,Public order,Unable to prosecute suspect,
1203895153e92056085950bec7846556dad1a2a69ef5fb663bff7111b272942f,2021-05,Humberside Police,Humberside Police,-0.432102,53.843830,On or near Sow Hill Road,E01013062,East Riding of Yorkshire 019E,Public order,Unable to prosecute suspect,
eb29a821510305abf629f3f1711639c1f23be43e02d683c668d309128e52769e,2021-05,Humberside Police,Humberside Police,-0.431682,53.844085,On or near Bus/Coach Station,E01013062,East Riding of Yorkshire 019E,Public order,Unable to prosecute suspect,
5a9d2477a31278909fc998c2ba1850aab28fe3c745bfb02512b3d08bf859a64c,2021-05,Humberside Police,Humberside Police,-0.432942,53.842933,On or near Old Waste,E01013062,East Riding of Yorkshire 019E,Public order,Local resolution,
e50325a64bc4f2a2cc764634777d0ad11f423250741b88251c9d75573bf572c0,2021-05,Humberside Police,Humberside Police,-0.432942,53.842933,On or near Old Waste,E01013062,East Riding of Yorkshire 019E,Public order,Local resolution,
d239653024be822af62f42354e641d092cc12cbe061cf5838c49fbb3eb120230,2021-05,Humberside Police,Humberside Police,-0.432102,53.843830,On or near Sow Hill Road,E01013062,East Riding of Yorkshire 019E,Public order,Unable to prosecute suspect,
192a72e180db3bf4739c2b50d4cd261c217f72fa983d6a885c3f5ead102dc72d,2021-05,Humberside Police,Humberside Police,-0.431682,53.844085,On or near Bus/Coach Station,E01013062,East Riding of Yorkshire 019E,Shoplifting,Investigation complete; no suspect identified,
56469667d92b3af86ecb875f9839fabc1ce9b1f6eaab0748d8b549c75f385a0e,2021-05,Humberside Police,Humberside Police,-0.429843,53.841661,On or near Shopping Area,E01013062,East Riding of Yorkshire 019E,Shoplifting,Court result unavailable,
4a2bbabee5877e7710d0f36dac38a04c2c4e4f250fbdb51d99df5c63572048f5,2021-05,Humberside Police,Humberside Police,-0.431682,53.844085,On or near Bus/Coach Station,E01013062,East Riding of Yorkshire 019E,Shoplifting,Investigation complete; no suspect identified,
47fa8802c3b674fdcfd670202c04a1c3466240813c3801ea94a1652f61f942b3,2021-05,Humberside Police,Humberside Police,-0.431682,53.844085,On or near Bus/Coach Station,E01013062,East Riding of Yorkshire 019E,Shoplifting,Court result unavailable,
34a51d9e5f7fdf3d98561b6e7c48465df0b6acd204cd56941c918d26ddd8e6ca,2021-05,Humberside Police,Humberside Police,-0.429484,53.841512,On or near Shopping Area,E01013062,East Riding of Yorkshire 019E,Shoplifting,Investigation complete; no suspect identified,
30462a84cfcea8d84fa6b1c3734fa02e844f50b1bf9ddbe3fc2e7530f096860b,2021-05,Humberside Police,Humberside Police,-0.431530,53.841242,On or near Landress Lane,E01013062,East Riding of Yorkshire 019E,Vehicle crime,Investigation complete; no suspect identified,
69f8d764a09ddb0206775b91fd42a5ca474f345789e3d63da299d643a85a4b31,2021-05,Humberside Police,Humberside Police,-0.426479,53.844628,On or near Pinfold Mews,E01013062,East Riding of Yorkshire 019E,Violence and sexual offences,Court result unavailable,
ef44ae0f469ab4aafca7534db5f8a15e10e266f659b65b3bf9c43489953fdf2d,2021-05,Humberside Police,Humberside Police,-0.431649,53.842529,On or near Parking Area,E01013062,East Riding of Yorkshire 019E,Violence and sexual offences,Unable to prosecute suspect,
1b6826bb814a9279c49eeffbbeff47fe87cd4220a0b528e07e3f8cde2745bf8e,2021-05,Humberside Police,Humberside Police,-0.426479,53.844628,On or near Pinfold Mews,E01013062,East Riding of Yorkshire 019E,Violence and sexual offences,Unable to prosecute suspect,
f3e200c31e91418865f13ce32dba40b8f1461b93024188bd42827e04696f22ba,2021-05,Humberside Police,Humberside Police,-0.426479,53.844628,On or near Pinfold Mews,E01013062,East Riding of Yorkshire 019E,Violence and sexual offences,Unable to prosecute suspect,
049bbdd5c326e20bd96171d4072cc1673f883e2b0720cf7a41870678321b07c0,2021-05,Humberside Police,Humberside Police,-0.432102,53.843830,On or near Sow Hill Road,E01013062,East Riding of Yorkshire 019E,Violence and sexual offences,Unable to prosecute suspect,
b43959a21c5d67792a7d9d51188269933ca1e9e533ce028dd76cb34e297fcbeb,2021-05,Humberside Police,Humberside Police,-0.432942,53.842933,On or near Old Waste,E01013062,East Riding of Yorkshire 019E,Violence and sexual offences,Unable to prosecute suspect,
bacceee148bd3a71b4aafbc7566c4714dd7cc90bc89e80b4b8d288223ac03557,2021-05,Humberside Police,Humberside Police,-0.431682,53.844085,On or near Bus/Coach Station,E01013062,East Riding of Yorkshire 019E,Violence and sexual offences,Unable to prosecute suspect,
e350cf9b7fef3b159e182b69485d520b4926e2978e3ee2280f5d326b477c838d,2021-05,Humberside Police,Humberside Police,-0.431682,53.844085,On or near Bus/Coach Station,E01013062,East Riding of Yorkshire 019E,Violence and sexual offences,Unable to prosecute suspect,
5a9c3a53ddc655e079d4599922510c455a1f3f88fde5738c52e3fb77de1cd5c1,2021-05,Humberside Police,Humberside Police,-0.426479,53.844628,On or near Pinfold Mews,E01013062,East Riding of Yorkshire 019E,Other crime,Unable to prosecute suspect,
,2021-05,Humberside Police,Humberside Police,-0.444756,53.837486,On or near Walkington Road,E01013063,East Riding of Yorkshire 019F,Anti-social behaviour,,
,2021-05,Humberside Police,Humberside Police,-0.444756,53.837486,On or near Walkington Road,E01013063,East Riding of Yorkshire 019F,Anti-social behaviour,,
,2021-05,Humberside Police,Humberside Police,-0.434292,53.836056,On or near Queensgate,E01013063,East Riding of Yorkshire 019F,Anti-social behaviour,,
,2021-05,Humberside Police,Humberside Police,-0.438327,53.835443,On or near Grosvenor Place,E01013063,East Riding of Yorkshire 019F,Anti-social behaviour,,
,2021-05,Humberside Police,Humberside Police,-0.438327,53.835443,On or near Grosvenor Place,E01013063,East Riding of Yorkshire 019F,Anti-social behaviour,,
212e5ada8f5be7ed5f030ba064369aa8b390bab8130ae106d243637454994b45,2021-05,Humberside Police,Humberside Police,-0.433755,53.839456,On or near Robert Wood Avenue,E01013063,East Riding of Yorkshire 019F,Criminal damage and arson,Investigation complete; no suspect identified,
5bdeee08eea54d0b447fd05b6cb21671cdddc05a536482353795f8719e9333c2,2021-05,Humberside Police,Humberside Police,-0.444756,53.837486,On or near Walkington Road,E01013063,East Riding of Yorkshire 019F,Public order,Investigation complete; no suspect identified,
12802b0fbe38dad1ba955e0b2f69198168db2b5ca74f8afd7a57792211c3e5c9,2021-05,Humberside Police,Humberside Police,-0.437368,53.842038,On or near Woodlands,E01013063,East Riding of Yorkshire 019F,Violence and sexual offences,Investigation complete; no suspect identified,
1c67a13da30c304205999f15dc63d6543a1559fc38028d189fd04bbf2f34f4ed,2021-05,Humberside Police,Humberside Police,-0.444756,53.837486,On or near Walkington Road,E01013063,East Riding of Yorkshire 019F,Violence and sexual offences,Unable to prosecute suspect,
,2021-05,Humberside Police,Humberside Police,-0.455572,53.828529,On or near Sports/Recreation Area,E01012919,East Riding of Yorkshire 020A,Anti-social behaviour,,
,2021-05,Humberside Police,Humberside Police,-0.503453,53.848031,On or near Further/Higher Educational Building,E01012919,East Riding of Yorkshire 020A,Anti-social behaviour,,
11378aecdc5fed23fdbb6c5cd249b790547b641f3e00b32a8af81fe5336425d8,2021-05,Humberside Police,Humberside Police,-0.516403,53.850654,On or near Parking Area,E01012919,East Riding of Yorkshire 020A,Drugs,Offender given a drugs possession warning,
076aa8d37f93b33a49e154b09ee2b2d1860691abca563e7b13d95034ef52ef42,2021-05,Humberside Police,Humberside Police,-0.475692,53.833910,On or near Newbald Road,E01012919,East Riding of Yorkshire 020A,Theft from the person,Unable to prosecute suspect,
09a879d95d16f2b8bd8ebf94165d85be6f7fe6e482f8af982b427ce2ed862846,2021-05,Humberside Police,Humberside Police,-0.497997,53.843324,On or near Callas,E01012919,East Riding of Yorkshire 020A,Vehicle crime,Investigation complete; no suspect identified,
2cc9d3adbf3f5dffbb68472f87470d9bf496d68eb51efcf281e937469d1207bf,2021-05,Humberside Police,Humberside Police,-0.503453,53.848031,On or near Further/Higher Educational Building,E01012919,East Riding of Yorkshire 020A,Violence and sexual offences,Local resolution,
aa3f3de1179dfd34dfeb53b86323068fb878ce97706ebf8e81931a2f032f0278,2021-05,Humberside Police,Humberside Police,-0.503453,53.848031,On or near Further/Higher Educational Building,E01012919,East Riding of Yorkshire 020A,Violence and sexual offences,Local resolution,
638e8192898db4b71c569d5f10cf42ae9be9638fc7778a0e12ca1fb42ef9d95c,2021-05,Humberside Police,Humberside Police,-0.458667,53.825765,On or near Hayward Close,E01012919,East Riding of Yorkshire 020A,Violence and sexual offences,Unable to prosecute suspect,
,2021-05,Humberside Police,Humberside Police,-0.484287,53.818909,On or near Ferguson Road,E01012921,East Riding of Yorkshire 020B,Anti-social behaviour,,
,2021-05,Humberside Police,Humberside Police,-0.484287,53.818909,On or near Ferguson Road,E01012921,East Riding of Yorkshire 020B,Anti-social behaviour,,
bb6ce4140d0f8a856b09f3b0b20e828e4a2cb7d8c2d3694da1bf3ddfcf07ad46,2021-05,Humberside Police,Humberside Police,-0.488701,53.819513,On or near Redgates,E01012921,East Riding of Yorkshire 020B,Burglary,Investigation complete; no suspect identified,
72d33f5abcfcef986776ddf181de7c455b536be527b7fc932f24e62d2956850d,2021-05,Humberside Police,Humberside Police,-0.484287,53.818909,On or near Ferguson Road,E01012921,East Riding of Yorkshire 020B,Public order,Formal action is not in the public interest,
51838c069cbbae95b68cb001259bf0883ab7c38039e19ca27eb359cce29c5b6e,2021-05,Humberside Police,Humberside Police,-0.382308,53.814224,On or near Plaxton Bridge Road,E01013039,East Riding of Yorkshire 020C,Burglary,Investigation complete; no suspect identified,
08c29670efc11a8b9ab055abf809bdb56088189e9ab2f20c08adb012f14cbbe9,2021-05,Humberside Police,Humberside Police,-0.383885,53.813895,On or near Parking Area,E01013039,East Riding of Yorkshire 020C,Shoplifting,Investigation complete; no suspect identified,
99cd8ee518c8398ef6a380c74f916852fc60c413e429da85f5031a8165fa9756,2021-05,Humberside Police,Humberside Police,-0.398564,53.828088,On or near Primrose Park,E01013039,East Riding of Yorkshire 020C,Violence and sexual offences,Unable to prosecute suspect,
ce39f63921d3ca132921bb37d21012439dd6535cc2c578d365eca27888fb7aea,2021-05,Humberside Police,Humberside Police,-0.383885,53.813895,On or near Parking Area,E01013039,East Riding of Yorkshire 020C,Violence and sexual offences,Investigation complete; no suspect identified,
c0777518b4b1246e1c5b8afecc78d4b07213d6d588d642f55380f199e3890d9c,2021-05,Humberside Police,Humberside Police,-0.383885,53.813895,On or near Parking Area,E01013039,East Riding of Yorkshire 020C,Violence and sexual offences,Investigation complete; no suspect identified,
253b54dfcdca652bf0093e2a5bb99500f538d36d00f345598d44539547af30b5,2021-05,Humberside Police,Humberside Police,-0.398564,53.828088,On or near Primrose Park,E01013039,East Riding of Yorkshire 020C,Violence and sexual offences,Unable to prosecute suspect,
43ae8a347d2611ebea3b51792c4de58dfa07680c413a8cd42048e4e3d80d2f4a,2021-05,Humberside Police,Humberside Police,-0.383885,53.813895,On or near Parking Area,E01013039,East Riding of Yorkshire 020C,Violence and sexual offences,Investigation complete; no suspect identified,
74a7d9362b44e5783b6f1f25a0f8fcad355adcd4dfbb9c9cc8866d58a9fc0c6e,2021-05,Humberside Police,Humberside Police,-0.436288,53.832675,On or near Royal Garth,E01013042,East Riding of Yorkshire 020D,Public order,Investigation complete; no suspect identified,
a234b8e2f5aa5ae3ace9ec263c25d2d0894a73ddaa8a67a4df118cf8f568f180,2021-05,Humberside Police,Humberside Police,-0.436288,53.832675,On or near Royal Garth,E01013042,East Riding of Yorkshire 020D,Public order,Investigation complete; no suspect identified,
fcb1cf1b5190147da9e9cee7fd3cd43ff029a8e8abdaca6d718735fb25952394,2021-05,Humberside Police,Humberside Police,-0.442503,53.830221,On or near Watson Drive,E01013042,East Riding of Yorkshire 020D,Violence and sexual offences,Unable to prosecute suspect,
,2021-05,Humberside Police,Humberside Police,-0.431379,53.830247,On or near Southwell Close,E01013043,East Riding of Yorkshire 020E,Anti-social behaviour,,
9d17b5830b5cbeea16878e35ae97f63f3e8574d83e7c10caa4809b328095f87a,2021-05,Humberside Police,Humberside Police,-0.432318,53.827895,On or near Welton Close,E01013043,East Riding of Yorkshire 020E,Criminal damage and arson,Investigation complete; no suspect identified,
225f65a927ac2c3a09fdad000ae053338f059f38ecc0ad8db427fbca460fb5c3,2021-05,Humberside Police,Humberside Police,-0.433189,53.828149,On or near Cathedral Close,E01013043,East Riding of Yorkshire 020E,Public order,Local resolution,
5caf89fcde0ae73e4bc97aa701da399893cdae249c38951cfc7f43a8083cfbde,2021-05,Humberside Police,Humberside Police,-0.431379,53.830247,On or near Southwell Close,E01013043,East Riding of Yorkshire 020E,Public order,Unable to prosecute suspect,
,2021-05,Humberside Police,Humberside Police,-0.446114,53.825441,On or near Colleridge Grove,E01013044,East Riding of Yorkshire 020F,Anti-social behaviour,,
2b67077477220a4f0228b8413f5e7ac60c658f977e144a464e718e9bd0711b00,2021-05,Humberside Police,Humberside Police,-0.445751,53.824160,On or near Inglefield Close,E01013044,East Riding of Yorkshire 020F,Criminal damage and arson,Unable to prosecute suspect,
c7969ecbfa376ce3c5876a671ea0bbee7d51185d399c0366a53f26e0e57ac676,2021-05,Humberside Police,Humberside Police,-0.446114,53.825441,On or near Colleridge Grove,E01013044,East Riding of Yorkshire 020F,Criminal damage and arson,Local resolution,
30ec4ab884e0637f8af22f525953200694d59e06d599eeb84dd651094dd1be3f,2021-05,Humberside Police,Humberside Police,-0.443261,53.822887,On or near Supermarket,E01013044,East Riding of Yorkshire 020F,Other theft,Investigation complete; no suspect identified,
3b08b3765abfa116509be86602e0c796ad2ecdcdcc83873fa235b31588e44201,2021-05,Humberside Police,Humberside Police,-0.435896,53.826063,On or near Thyme Way,E01013044,East Riding of Yorkshire 020F,Other theft,Investigation complete; no suspect identified,
eecb99063755e26a7def83c20508b9404e05c51639a372021896fb071a82f1b6,2021-05,Humberside Police,Humberside Police,-0.442547,53.825332,On or near Narborough Court,E01013044,East Riding of Yorkshire 020F,Other theft,Investigation complete; no suspect identified,
911a40a38765278ced6c580257bf1c561b97d1559ec7f36d96a2ca0a037ffd00,2021-05,Humberside Police,Humberside Police,-0.442547,53.825332,On or near Narborough Court,E01013044,East Riding of Yorkshire 020F,Vehicle crime,Investigation complete; no suspect identified,
,2021-05,Humberside Police,Humberside Police,-0.108622,53.827974,On or near Headlands Drive,E01013029,East Riding of Yorkshire 021A,Anti-social behaviour,,
5c7e71c674f12386503c85106e3b70d526febf1db74971be8662437a287a3928,2021-05,Humberside Police,Humberside Police,-0.108622,53.827974,On or near Headlands Drive,E01013029,East Riding of Yorkshire 021A,Burglary,Investigation complete; no suspect identified,
06d2864ff137d62e916ac311d0265c7fb4b2c3d345b34708de994ed3f97d0b29,2021-05,Humberside Police,Humberside Police,-0.091145,53.836714,On or near Campsite Road,E01013029,East Riding of Yorkshire 021A,Criminal damage and arson,Unable to prosecute suspect,
47a6c65e950ca1bb0e982ef3263f6185115b2eb3e9bfa6e1d655c024430c179b,2021-05,Humberside Police,Humberside Police,-0.113123,53.829241,On or near Cross Street,E01013029,East Riding of Yorkshire 021A,Public order,Local resolution,
c464890544c9848562ab5a2838050c6754230eaf99bcd5d7db38998b8fdf51ae,2021-05,Humberside Police,Humberside Police,-0.114347,53.829746,On or near Meadow Rise,E01013029,East Riding of Yorkshire 021A,Public order,Unable to prosecute suspect,
831010d975770ec420b63a39e076e790554ec5f4403b7fa084a13aedea14e414,2021-05,Humberside Police,Humberside Police,-0.113123,53.829241,On or near Cross Street,E01013029,East Riding of Yorkshire 021A,Public order,Investigation complete; no suspect identified,
632359436731307afdec697941bd07aceca62f60bf3490fe06bcbace1f943e66,2021-05,Humberside Police,Humberside Police,-0.101415,53.834441,On or near Seaside Road,E01013029,East Riding of Yorkshire 021A,Vehicle crime,Investigation complete; no suspect identified,
,2021-05,Humberside Police,Humberside Police,-0.189956,53.842524,On or near Straits Road,E01013030,East Riding of Yorkshire 021B,Anti-social behaviour,,
e6ed79f3a34f9106693dd91a96133d3fde27d2f7aadc5e3f904fd9feedb9b79b,2021-05,Humberside Police,Humberside Police,-0.135908,53.791105,On or near Sports/Recreation Area,E01013030,East Riding of Yorkshire 021B,Violence and sexual offences,Action to be taken by another organisation,
201bce5880845a43b69fcfe0f23f83d2300e017c01468c615ca97d4673407762,2021-05,Humberside Police,Humberside Police,-0.190560,53.791133,On or near Woodland Rise,E01013031,East Riding of Yorkshire 021C,Violence and sexual offences,Unable to prosecute suspect,
ed32166cc5f457dc58a9082e005fe301f7f661eb4148482345e56890086d79d7,2021-05,Humberside Police,Humberside Police,-0.191686,53.791437,On or near B1238,E01013031,East Riding of Yorkshire 021C,Violence and sexual offences,Unable to prosecute suspect,
ebacb9d5e952e5da8dbc00eb3bcd7ed01874d4afa7491d55b6a05978450909c3,2021-05,Humberside Police,Humberside Police,-0.191686,53.791437,On or near B1238,E01013031,East Riding of Yorkshire 021C,Violence and sexual offences,Unable to prosecute suspect,
9de1ef4e76f5d279acddd498743834743026afaaa60d85cb13ac04af598319ee,2021-05,Humberside Police,Humberside Police,-0.191686,53.791437,On or near B1238,E01013031,East Riding of Yorkshire 021C,Violence and sexual offences,Unable to prosecute suspect,
,2021-05,Humberside Police,Humberside Police,-0.240313,53.781275,On or near Constable Avenue,E01013032,East Riding of Yorkshire 021D,Anti-social behaviour,,
8c225186aee95b9473763336974728c310cd61755cf79429a145327573311e55,2021-05,Humberside Police,Humberside Police,-0.241081,53.780342,On or near Glebe Drive,E01013032,East Riding of Yorkshire 021D,Public order,Unable to prosecute suspect,
da1741bfb0d2493bd6240e3cf13ef534ece5c87e0d0813a07e5c7265a289164d,2021-05,Humberside Police,Humberside Police,-0.240313,53.781275,On or near Constable Avenue,E01013032,East Riding of Yorkshire 021D,Public order,Local resolution,
17f94e7d57532a28f376551e993c2e718213876ebc77fe3c53ed71140920b298,2021-05,Humberside Police,Humberside Police,-0.237423,53.781053,On or near Hungerhills Drive,E01013032,East Riding of Yorkshire 021D,Violence and sexual offences,Unable to prosecute suspect,
a663116849f99e301867b1b264992ec4b068759399c3e83d80f3b5f8130cf61d,2021-05,Humberside Police,Humberside Police,-0.241440,53.780464,On or near Galfrid Road,E01013032,East Riding of Yorkshire 021D,Violence and sexual offences,Status update unavailable,
38727815b0e92fad99e9090c925fe1585f5df67ced8c4f986b798120c836d23d,2021-05,Humberside Police,Humberside Police,-0.240313,53.781275,On or near Constable Avenue,E01013032,East Riding of Yorkshire 021D,Violence and sexual offences,Unable to prosecute suspect,
3013eae73f3b5aa6006148c3a732336cc22c3e30caa1a1db99d2b539e6deac72,2021-05,Humberside Police,Humberside Police,-0.241440,53.780464,On or near Galfrid Road,E01013032,East Riding of Yorkshire 021D,Violence and sexual offences,Unable to prosecute suspect,
c180c63ce23b7f668a410070b353254454de14ce754bd5ed1519bd79fa41e8b6,2021-05,Humberside Police,Humberside Police,-0.238618,53.780441,On or near Maulson Drive,E01013032,East Riding of Yorkshire 021D,Violence and sexual offences,Unable to prosecute suspect,
1d01f187c8b8eef394bb3239354d7e60a93686bf10305ab6dd7cfd10eaa9bdbf,2021-05,Humberside Police,Humberside Police,-0.221109,53.822989,On or near Long Lane,E01013035,East Riding of Yorkshire 021E,Other theft,Unable to prosecute suspect,
9df24fd46eee84d463759b82960357f797d33f3ee1a0be5b0b140a5a78c2cb08,2021-05,Humberside Police,Humberside Police,-0.270990,53.838056,On or near Mill House Way,E01013035,East Riding of Yorkshire 021E,Violence and sexual offences,Status update unavailable,
fc5f8b85665de85184f6fb000eeed8e5a00d1824a533a140fb1fa05c847671f4,2021-05,Humberside Police,Humberside Police,-0.221109,53.822989,On or near Long Lane,E01013035,East Riding of Yorkshire 021E,Violence and sexual offences,Unable to prosecute suspect,
bb6d6ec43117cab512110ddb2a1a35a4b9a3e56205f4deecf037efd5cecf7fa8,2021-05,Humberside Police,Humberside Police,-0.434740,53.787764,On or near Harland Way,E01012954,East Riding of Yorkshire 022A,Burglary,Investigation complete; no suspect identified,
fe9128a7659a723fe51814788bcb3a01b595414e41dffa7086821bb69aead8cf,2021-05,Humberside Police,Humberside Police,-0.436722,53.777749,On or near Holly Drive,E01012954,East Riding of Yorkshire 022A,Burglary,Unable to prosecute suspect,
7aefb05cb9b4e087f7976c0c012ff4b9c3707aaa117c5ed8020347ca9a18704d,2021-05,Humberside Police,Humberside Police,-0.437797,53.780253,On or near Elloughton Grove,E01012954,East Riding of Yorkshire 022A,Criminal damage and arson,Investigation complete; no suspect identified,
32def24b40362a23f4d72e84b51b65ad856c9fe6974bb378820b2c242775779d,2021-05,Humberside Police,Humberside Police,-0.436722,53.777749,On or near Holly Drive,E01012954,East Riding of Yorkshire 022A,Public order,Investigation complete; no suspect identified,
291343f9e54571c1c8f845d8508a876f050ad17df1cb2fa2d0e702a85b5c88dc,2021-05,Humberside Police,Humberside Police,-0.434740,53.787764,On or near Harland Way,E01012954,East Riding of Yorkshire 022A,Vehicle crime,Investigation complete; no suspect identified,
530c50eff9f6fe95436266d6b067fdac9450178facc6471cac10eb8fcc771058,2021-05,Humberside Police,Humberside Police,-0.434740,53.787764,On or near Harland Way,E01012954,East Riding of Yorkshire 022A,Violence and sexual offences,Action to be taken by another organisation,
c0c05540d3fc04ecccf37c870b073d87686114b2cc6a133c9ef317af1d84b39f,2021-05,Humberside Police,Humberside Police,-0.449270,53.776995,On or near A164,E01012954,East Riding of Yorkshire 022A,Violence and sexual offences,Action to be taken by another organisation,
7a5da78b1904418cc11a1de72124ce047a4a7e84e6b5bebaee5af02c0a22d0be,2021-05,Humberside Police,Humberside Police,-0.434740,53.787764,On or near Harland Way,E01012954,East Riding of Yorkshire 022A,Violence and sexual offences,Action to be taken by another organisation,
,2021-05,Humberside Police,Humberside Police,-0.420762,53.786493,On or near Vine Close,E01012956,East Riding of Yorkshire 022B,Anti-social behaviour,,
08ad7ca7213ec42f752d7d442c22f202e93bfa2ce9dde8782fcda2af7c18f710,2021-05,Humberside Police,Humberside Police,-0.420762,53.786493,On or near Vine Close,E01012956,East Riding of Yorkshire 022B,Criminal damage and arson,Investigation complete; no suspect identified,
ee422349fab4eb2662e0fddcb7b55da753d253e63f64e3c5d49455d482fa2637,2021-05,Humberside Police,Humberside Police,-0.430079,53.782094,On or near Rydal Grove,E01012956,East Riding of Yorkshire 022B,Theft from the person,Investigation complete; no suspect identified,
dcd378260906554a5b3337bb88a399b9630bde74048d55c3cb66aeb9a71a72a8,2021-05,Humberside Police,Humberside Police,-0.423635,53.780706,On or near Westfield Close,E01012956,East Riding of Yorkshire 022B,Violence and sexual offences,Court result unavailable,
adb2eeab860eef8785a2ea9699a7bfa19fe2ed8c9e4394755a4e25a7d85c56b5,2021-05,Humberside Police,Humberside Police,-0.422059,53.780640,On or near Baynard Avenue,E01012956,East Riding of Yorkshire 022B,Violence and sexual offences,Unable to prosecute suspect,
1707f5c595cea7c32dffc0a56c240cf4fe503859d4b02be2ca738358715996d1,2021-05,Humberside Police,Humberside Police,-0.423635,53.780706,On or near Westfield Close,E01012956,East Riding of Yorkshire 022B,Violence and sexual offences,Unable to prosecute suspect,
,2021-05,Humberside Police,Humberside Police,-0.429580,53.779211,On or near Spencer Close,E01012958,East Riding of Yorkshire 022C,Anti-social behaviour,,
4ce4bd4890a0e58864c5369891da37147a81310f06efed8c46a3452e210430a8,2021-05,Humberside Police,Humberside Police,-0.435006,53.780226,On or near Goodmanham Way,E01012958,East Riding of Yorkshire 022C,Violence and sexual offences,Investigation complete; no suspect identified,
32ee4b179787592faa3ebb5eff5f5602ce3e90388c7fa92a3e1a085416e4a694,2021-05,Humberside Police,Humberside Police,-0.423667,53.776203,On or near The Close,E01012961,East Riding of Yorkshire 022D,Burglary,Investigation complete; no suspect identified,
7c4dd10308cdc1aa7dbf20efa7155f6bcb31e5810c146020ac9665e7282bcf35,2021-05,Humberside Police,Humberside Police,-0.446069,53.772432,On or near Further/Higher Educational Building,E01012961,East Riding of Yorkshire 022D,Criminal damage and arson,Unable to prosecute suspect,
6b6bacadee38a2cbd04013b96870c4d1a562a85b3344ab0b2a93900746981a71,2021-05,Humberside Police,Humberside Police,-0.446069,53.772432,On or near Further/Higher Educational Building,E01012961,East Riding of Yorkshire 022D,Criminal damage and arson,Unable to prosecute suspect,
2936d973e8baae4523624a238bb2b3e417ab41b4a89873c401b977293b5773f7,2021-05,Humberside Police,Humberside Police,-0.446069,53.772432,On or near Further/Higher Educational Building,E01012961,East Riding of Yorkshire 022D,Criminal damage and arson,Unable to prosecute suspect,
515ef109b97a48fc404b46012c09d1554ca594d6bea7d95b60e6731b8446f841,2021-05,Humberside Police,Humberside Police,-0.442264,53.772347,On or near Sports/Recreation Area,E01012961,East Riding of Yorkshire 022D,Criminal damage and arson,Investigation complete; no suspect identified,
bf55c0265e476d45be17f8f15945d0cc15717cfc7c62cdc166e65920274220a0,2021-05,Humberside Police,Humberside Police,-0.421717,53.777220,On or near Langdale Crescent,E01012961,East Riding of Yorkshire 022D,Criminal damage and arson,Unable to prosecute suspect,
e0adf63ffe3603e8b2c571ba00fd0accb8b5441500e771e426fc0693760c6d87,2021-05,Humberside Police,Humberside Police,-0.421717,53.777220,On or near Langdale Crescent,E01012961,East Riding of Yorkshire 022D,Other theft,Investigation complete; no suspect identified,
dff4f841aaa010f144c2d5e97c5b7cfdb02bceb9a279d495bdd09cccfef3c5b7,2021-05,Humberside Police,Humberside Police,-0.446069,53.772432,On or near Further/Higher Educational Building,E01012961,East Riding of Yorkshire 022D,Violence and sexual offences,Unable to prosecute suspect,
0980306af7a894734d72585587dfcf36d0374ae05fd5646c38879c0b23892440,2021-05,Humberside Police,Humberside Police,-0.446069,53.772432,On or near Further/Higher Educational Building,E01012961,East Riding of Yorkshire 022D,Violence and sexual offences,Formal action is not in the public interest,
c9575e0e36633981a53f8d8b57b647bb24ed672be4ca748b743dd581933e5177,2021-05,Humberside Police,Humberside Police,-0.463787,53.787969,On or near Cherry Trees,E01012966,East Riding of Yorkshire 022E,Burglary,Investigation complete; no suspect identified,
0c1d1d6a7467a8084e1ee064f709dbde4f43a4e76b4b77e79cb9884e89e77671,2021-05,Humberside Police,Humberside Police,-0.469094,53.788136,On or near Manor Garth,E01012966,East Riding of Yorkshire 022E,Burglary,Investigation complete; no suspect identified,
3c6cb246dda435036d0954f181efa7d0a2a692019b00f983102032971720bbab,2021-05,Humberside Police,Humberside Police,-0.467176,53.787869,On or near Trinity Garth,E01012966,East Riding of Yorkshire 022E,Criminal damage and arson,Further action is not in the public interest,
5bc2c412e5ed14c1fa1ab41911bcaffdc054b6e4083a0a18a318baccdfdbb22b,2021-05,Humberside Police,Humberside Police,-0.469094,53.788136,On or near Manor Garth,E01012966,East Riding of Yorkshire 022E,Vehicle crime,Investigation complete; no suspect identified,
9ee1b45d7cf03b2bd7644acd8cb89e06990546a2cefd3e4237c3112b385f21d2,2021-05,Humberside Police,Humberside Police,-0.469094,53.788136,On or near Manor Garth,E01012966,East Riding of Yorkshire 022E,Vehicle crime,Investigation complete; no suspect identified,
f4cc63c667bd6012477ad901c0b1f81f66f668bfe88d2f487ba85610e0d39736,2021-05,Humberside Police,Humberside Police,-0.448468,53.794208,On or near Wood Hill Way,E01012966,East Riding of Yorkshire 022E,Violence and sexual offences,Unable to prosecute suspect,
373e8dd9927604c28605002add5c45fd0c694d9bf12b5a2cbeec894d5219056f,2021-05,Humberside Police,Humberside Police,-0.454591,53.789127,On or near Apple Croft,E01012966,East Riding of Yorkshire 022E,Violence and sexual offences,Investigation complete; no suspect identified,
9934fc31a758420f524d1eae383760f18d088cbcce9dbf26bf01fe6ae15fb53a,2021-05,Humberside Police,Humberside Police,-0.467176,53.787869,On or near Trinity Garth,E01012966,East Riding of Yorkshire 022E,Violence and sexual offences,Unable to prosecute suspect,
e3a8e5ef35ab946754a5a9edd72054f6ac699300120bf6fcf67c8a1fbd29e2e7,2021-05,Humberside Police,Humberside Police,-0.448468,53.794208,On or near Wood Hill Way,E01012966,East Riding of Yorkshire 022E,Violence and sexual offences,Investigation complete; no suspect identified,
c45ab04e0f213f3ca393cd96b0c655cd2f47886594570d336b4e002e8ca8a0ef,2021-05,Humberside Police,Humberside Police,-0.454591,53.789127,On or near Apple Croft,E01012966,East Riding of Yorkshire 022E,Other crime,Investigation complete; no suspect identified,
4eb40b1b2249ac5c00c8a4a94e7c5c75a8a07d025525443366c18e9190211685,2021-05,Humberside Police,Humberside Police,-0.454591,53.789127,On or near Apple Croft,E01012966,East Riding of Yorkshire 022E,Other crime,Investigation complete; no suspect identified,
250deac1586f26a3a1e287c9c8ea0f7ed3a6f9c674cc6072bb4a499a824cfa97,2021-05,Humberside Police,Humberside Police,-0.370198,53.798662,On or near Dene Close,E01012953,East Riding of Yorkshire 023A,Other theft,Unable to prosecute suspect,
9ee89956fa38e0926ea26df45ab3b67409a76504a74d2ba779919a0bbcc672f4,2021-05,Humberside Police,Humberside Police,-0.392203,53.790222,On or near Parking Area,E01012953,East Riding of Yorkshire 023A,Other theft,Investigation complete; no suspect identified,
e7c378d08931e21d16e6ca80e0c29d6554ff87f17adac4acd1c47cf509b3fea1,2021-05,Humberside Police,Humberside Police,-0.406078,53.793436,On or near Dunswell Road,E01012953,East Riding of Yorkshire 023A,Public order,Unable to prosecute suspect,
90829c686c76a66b6259710881e286364fe1aeb1da6ddd415de7097e5c4b9dac,2021-05,Humberside Police,Humberside Police,-0.370198,53.798662,On or near Dene Close,E01012953,East Riding of Yorkshire 023A,Shoplifting,Investigation complete; no suspect identified,
8802bc70a44dcf91c184a080869dd54ce7980481ed8cfacf467473bd991c1b9b,2021-05,Humberside Police,Humberside Police,-0.370198,53.798662,On or near Dene Close,E01012953,East Riding of Yorkshire 023A,Violence and sexual offences,Unable to prosecute suspect,
,2021-05,Humberside Police,Humberside Police,-0.416858,53.785363,On or near Parking Area,E01012955,East Riding of Yorkshire 023B,Anti-social behaviour,,
,2021-05,Humberside Police,Humberside Police,-0.406159,53.786911,On or near Wanlass Drive,E01012955,East Riding of Yorkshire 023B,Anti-social behaviour,,
,2021-05,Humberside Police,Humberside Police,-0.416858,53.785363,On or near Parking Area,E01012955,East Riding of Yorkshire 023B,Anti-social behaviour,,
,2021-05,Humberside Police,Humberside Police,-0.416858,53.785363,On or near Parking Area,E01012955,East Riding of Yorkshire 023B,Anti-social behaviour,,
,2021-05,Humberside Police,Humberside Police,-0.416858,53.785363,On or near Parking Area,E01012955,East Riding of Yorkshire 023B,Anti-social behaviour,,
566549571a0df3c2210b37374d3abf80b7d4b52808b06825608e0894d3506704,2021-05,Humberside Police,Humberside Police,-0.410404,53.785835,On or near Lawson Avenue,E01012955,East Riding of Yorkshire 023B,Burglary,Investigation complete; no suspect identified,
af4f18def3ab0b7b5f0e99df85396afc7ce10733f7f300866a2e28dd7b30b83d,2021-05,Humberside Police,Humberside Police,-0.407371,53.786154,On or near Linden Avenue,E01012955,East Riding of Yorkshire 023B,Burglary,Investigation complete; no suspect identified,
a5542824ce1c0eb6c6936d38e71eae00b797fe1e6ba8b31ddf50aaa86e6bc116,2021-05,Humberside Police,Humberside Police,-0.405712,53.783480,On or near Exeter Street,E01012955,East Riding of Yorkshire 023B,Criminal damage and arson,Investigation complete; no suspect identified,
7d99dca5454c9df4d1542902a11aa99f92035f843ff2e7de2cbe4645a9f6f2df,2021-05,Humberside Police,Humberside Police,-0.415351,53.784669,On or near Northgate,E01012955,East Riding of Yorkshire 023B,Other theft,Investigation complete; no suspect identified,
5847124a4a3309a5cb0c3d2f4d9d82a5c6165b29b5a08ffc52abeb049667e56a,2021-05,Humberside Police,Humberside Police,-0.416858,53.785363,On or near Parking Area,E01012955,East Riding of Yorkshire 023B,Other theft,Investigation complete; no suspect identified,
012d1a2f0934765613c507b5c3cdf919fad3793a166e6f2d695145d64ca1b815,2021-05,Humberside Police,Humberside Police,-0.407371,53.786154,On or near Linden Avenue,E01012955,East Riding of Yorkshire 023B,Public order,Unable to prosecute suspect,
bf6b0090293b616d0798da96d71147df70e5712666f005b66fedd7858f502adc,2021-05,Humberside Police,Humberside Police,-0.410404,53.785835,On or near Lawson Avenue,E01012955,East Riding of Yorkshire 023B,Theft from the person,Unable to prosecute suspect,
c14f8e4f03f65a2a087048d6bff48b57226c932e6ef72e14286b12d303bcbeba,2021-05,Humberside Police,Humberside Police,-0.410404,53.785835,On or near Lawson Avenue,E01012955,East Riding of Yorkshire 023B,Vehicle crime,Unable to prosecute suspect,
d64257d788107af3d1fcd758a74cfac7535d1638682dc2f08b83e8d781896bb6,2021-05,Humberside Police,Humberside Police,-0.393366,53.777671,On or near Lytham Drive,E01012959,East Riding of Yorkshire 023C,Public order,Unable to prosecute suspect,
de583e74d41ef8fa1fedc10e16fd90e840b8b60a44a7cc52659cf935bdb840d6,2021-05,Humberside Police,Humberside Police,-0.389677,53.776524,On or near Greenwood Avenue,E01012959,East Riding of Yorkshire 023C,Violence and sexual offences,Unable to prosecute suspect,
ec49775853e933c0d25787f81d49199c4b88d65f5b2e3418e87b69a7bdb41395,2021-05,Humberside Police,Humberside Police,-0.394178,53.779461,On or near St Anne'S Drive,E01012959,East Riding of Yorkshire 023C,Violence and sexual offences,Status update unavailable,
,2021-05,Humberside Police,Humberside Police,-0.407209,53.781613,On or near Parking Area,E01012962,East Riding of Yorkshire 023D,Anti-social behaviour,,
09c3a1087a356dd1025f5200bab3bac06e195ac0801d3e9f9fc0a7005027a6e9,2021-05,Humberside Police,Humberside Police,-0.401320,53.765660,On or near Cradley Road,E01012962,East Riding of Yorkshire 023D,Drugs,Unable to prosecute suspect,
90a3b1a98ec6f96ba5f8b522acc6994ec4b1d31313d56f213743bba4f0851122,2021-05,Humberside Police,Humberside Police,-0.401320,53.765660,On or near Cradley Road,E01012962,East Riding of Yorkshire 023D,Public order,Unable to prosecute suspect,
ad8231bfa7bd9cf8d71b05d9efd59b7c6149a659964070eac504e73ea8c1d8b5,2021-05,Humberside Police,Humberside Police,-0.401320,53.765660,On or near Cradley Road,E01012962,East Riding of Yorkshire 023D,Public order,Unable to prosecute suspect,
2c5a647e4820401509a08b668834d560424e603bf23115b028e70ac2df94b7cc,2021-05,Humberside Police,Humberside Police,-0.397523,53.777708,On or near Thompson Court,E01012962,East Riding of Yorkshire 023D,Public order,Unable to prosecute suspect,
04431fd93a291e9f0c66850313f8abb6f71f0df3372de37e7709265f30ca9858,2021-05,Humberside Police,Humberside Police,-0.404147,53.777913,On or near Beechdale,E01012962,East Riding of Yorkshire 023D,Vehicle crime,Investigation complete; no suspect identified,
c4419814097a7834835b076ddb542f81122de238ac7d7671ac496cc640efd22d,2021-05,Humberside Police,Humberside Police,-0.401320,53.765660,On or near Cradley Road,E01012962,East Riding of Yorkshire 023D,Violence and sexual offences,Investigation complete; no suspect identified,
c8e3db50e8e5d43c5637da2b962fd5ecaa9562230728a41c4d95e423c1caac40,2021-05,Humberside Police,Humberside Police,-0.397523,53.777708,On or near Thompson Court,E01012962,East Riding of Yorkshire 023D,Violence and sexual offences,Status update unavailable,
80f9bbb54fcdf4f3563f96381625fa3cc58ae04af04ca59ff08f56d60398ae39,2021-05,Humberside Police,Humberside Police,-0.401320,53.765660,On or near Cradley Road,E01012962,East Riding of Yorkshire 023D,Violence and sexual offences,Unable to prosecute suspect,
1099d5f988fbdb103a963eb90fd1b934211e26a5fdb6356e891f77a149512990,2021-05,Humberside Police,Humberside Police,-0.397523,53.777708,On or near Thompson Court,E01012962,East Riding of Yorkshire 023D,Violence and sexual offences,Unable to prosecute suspect,
a64567bf08cde84435a405b1a381e0017041670cd2dff5334db47d119851acad,2021-05,Humberside Police,Humberside Police,-0.397523,53.777708,On or near Thompson Court,E01012962,East Riding of Yorkshire 023D,Violence and sexual offences,Local resolution,
2dcb1136e2d60f5dff276497d1af56e907c72f5eeadfdd8a12ddb0906b5ae454,2021-05,Humberside Police,Humberside Police,-0.397523,53.777708,On or near Thompson Court,E01012962,East Riding of Yorkshire 023D,Violence and sexual offences,Unable to prosecute suspect,
,2021-05,Humberside Police,Humberside Police,-0.389987,53.770407,On or near Sherbrooke Avenue,E01012964,East Riding of Yorkshire 023E,Anti-social behaviour,,
,2021-05,Humberside Police,Humberside Police,-0.391109,53.768427,On or near Burrill Mews,E01012964,East Riding of Yorkshire 023E,Anti-social behaviour,,
42da449f0231652d940f74d2ec7023ed9335cda29166f11a208b3dda698ba838,2021-05,Humberside Police,Humberside Police,-0.396841,53.767730,On or near Birdforth Mews,E01012964,East Riding of Yorkshire 023E,Criminal damage and arson,Unable to prosecute suspect,
96de04b836af09321801904e9c41e7bf6f0069dcd61cd298fc43a8e17e2e0320,2021-05,Humberside Police,Humberside Police,-0.394306,53.770132,On or near Thirsk Mews,E01012964,East Riding of Yorkshire 023E,Public order,Unable to prosecute suspect,
deef5a7c7aca07115d52a596b827edc5e86a4f6af3b56ef9c78d8373b494f8fa,2021-05,Humberside Police,Humberside Police,-0.393628,53.768029,On or near Balk Mews,E01012964,East Riding of Yorkshire 023E,Public order,Unable to prosecute suspect,
a4c997a2f3e1353a1545b4ba6f59437fa6c10233864d35362dfc9bb709121bc0,2021-05,Humberside Police,Humberside Police,-0.395222,53.769596,On or near Holwick Mews,E01012964,East Riding of Yorkshire 023E,Public order,Investigation complete; no suspect identified,
de4157bce7c2fb9c684a8371ce4b50c4be778d9b36bb262b4095a1d75b226e11,2021-05,Humberside Police,Humberside Police,-0.392121,53.770535,On or near Bricknell Avenue,E01012964,East Riding of Yorkshire 023E,Violence and sexual offences,Unable to prosecute suspect,
8f673b13d537c5af955b688f651ef73057677215f49fb96a6ec750e7f29789c4,2021-05,Humberside Police,Humberside Police,-0.392095,53.769240,On or near Beadlam Mews,E01012964,East Riding of Yorkshire 023E,Violence and sexual offences,Unable to prosecute suspect,
9a6e63fb4a01abed3204d40129fc78fb3dd78345739fec8878f1f5db3afdaa12,2021-05,Humberside Police,Humberside Police,-0.396841,53.767730,On or near Birdforth Mews,E01012964,East Riding of Yorkshire 023E,Violence and sexual offences,Offender given a caution,
75d2fc61dc2124c611f0c71a32a7fd831aee4e3ecb2bec803313f69ba9e26cf1,2021-05,Humberside Police,Humberside Police,-0.395578,53.768226,On or near Carperby Mews,E01012964,East Riding of Yorkshire 023E,Violence and sexual offences,Unable to prosecute suspect,
e5c9e8e9c4dd7132ae59d5e488719d3014beeb1f651dadffcd1880879c7feb13,2021-05,Humberside Police,Humberside Police,-0.395222,53.769596,On or near Holwick Mews,E01012964,East Riding of Yorkshire 023E,Violence and sexual offences,Investigation complete; no suspect identified,
8fa295d07884e6460d5368ff956f6789c6cbb2dd7ce86dad195f799ec389898a,2021-05,Humberside Police,Humberside Police,-0.396841,53.767730,On or near Birdforth Mews,E01012964,East Riding of Yorkshire 023E,Violence and sexual offences,Local resolution,
c2584af0fcc830c9a9713e2717f47abf0f6c8eb9532ddaa5e9cf9fb966952756,2021-05,Humberside Police,Humberside Police,-0.395222,53.769596,On or near Holwick Mews,E01012964,East Riding of Yorkshire 023E,Other crime,Investigation complete; no suspect identified,
,2021-05,Humberside Police,Humberside Police,-0.617857,53.809772,On or near Monckton Rise,E01012920,East Riding of Yorkshire 024A,Anti-social behaviour,,
30de1c36d939498ccd1dfe7439fedc439f71d1273491c6ba30d3c68e6029a875,2021-05,Humberside Police,Humberside Police,-0.615815,53.816427,On or near Church Mount,E01012920,East Riding of Yorkshire 024A,Burglary,Unable to prosecute suspect,
87f1d4f2b42ff56fba908f1da53a223faa045d1c96e1f50f5814ff7998ee3afa,2021-05,Humberside Police,Humberside Police,-0.617857,53.809772,On or near Monckton Rise,E01012920,East Riding of Yorkshire 024A,Other theft,Unable to prosecute suspect,
fddb5cc2b684511da49c000bef652c705af668dc88d5c59dc860b41cf006a1b8,2021-05,Humberside Police,Humberside Police,-0.617857,53.809772,On or near Monckton Rise,E01012920,East Riding of Yorkshire 024A,Violence and sexual offences,Unable to prosecute suspect,
2cd764871d15192fd4ba860e34ded1f672e30d0417ef3b1afd19363c93f4f199,2021-05,Humberside Police,Humberside Police,-0.516383,53.781988,On or near Rowley Road,E01012965,East Riding of Yorkshire 024B,Public order,Status update unavailable,
d920dad43a873913f864fb30bc16e95050699735b4a7a53cb5e3fe9a0f3dec9e,2021-05,Humberside Police,Humberside Police,-0.509017,53.790688,On or near West Garth,E01012965,East Riding of Yorkshire 024B,Violence and sexual offences,Local resolution,
e8439a426c6c612302310135d6e90f184bdd566f66218c75491cae9042791b9d,2021-05,Humberside Police,Humberside Police,-0.516383,53.781988,On or near Rowley Road,E01012965,East Riding of Yorkshire 024B,Violence and sexual offences,Unable to prosecute suspect,
f4d26eabf971893133cd2a80a56a4cef69b0080fb028ec6187ae9ca4658d0e4a,2021-05,Humberside Police,Humberside Police,-0.441944,53.820290,On or near Pedestrian Subway,E01012965,East Riding of Yorkshire 024B,Other crime,Unable to prosecute suspect,
1919ba33088309108177b30adc49aa9b31fe86852794eb5412d2dd0b1584fa04,2021-05,Humberside Police,Humberside Police,-0.593196,53.771094,On or near Plum Tree Walk,E01012967,East Riding of Yorkshire 024C,Violence and sexual offences,Action to be taken by another organisation,
1ceaa3398dc20a0f4acb74c030bcd41ae62baf8098b63c83eb578da53c181f39,2021-05,Humberside Police,Humberside Police,-0.593196,53.771094,On or near Plum Tree Walk,E01012967,East Riding of Yorkshire 024C,Other crime,Unable to prosecute suspect,
1a2e09934331090689da365845525bbcd644147f04b1e04aa8f7edc0b158d32b,2021-05,Humberside Police,Humberside Police,-0.600607,53.769545,On or near Market Place,E01012968,East Riding of Yorkshire 024D,Violence and sexual offences,Offender given a caution,
,2021-05,Humberside Police,Humberside Police,-0.593947,53.759984,On or near Petrol Station,E01012969,East Riding of Yorkshire 024E,Anti-social behaviour,,
0394cdc6baba166731a38e0ec85972e3d1a61b6f9c33a89253620d0503109178,2021-05,Humberside Police,Humberside Police,-0.618099,53.765918,On or near Nunnery Walk,E01012969,East Riding of Yorkshire 024E,Other theft,Investigation complete; no suspect identified,
494c48df39c7e77a8399cc904dbb78ce468cdf539bd5950bbcbe6889c993b7bf,2021-05,Humberside Police,Humberside Police,-0.622279,53.765688,On or near The Moorlands,E01012969,East Riding of Yorkshire 024E,Violence and sexual offences,Local resolution,
,2021-05,Humberside Police,Humberside Police,-0.420178,53.780625,On or near Wainfleet Avenue,E01012957,East Riding of Yorkshire 025A,Anti-social behaviour,,
,2021-05,Humberside Police,Humberside Police,-0.420178,53.780625,On or near Wainfleet Avenue,E01012957,East Riding of Yorkshire 025A,Anti-social behaviour,,
,2021-05,Humberside Police,Humberside Police,-0.420178,53.780625,On or near Wainfleet Avenue,E01012957,East Riding of Yorkshire 025A,Anti-social behaviour,,
052ed0fd32dd124fcbab025ea472169992c433b5ce06197f3f46c0fec73e70b6,2021-05,Humberside Police,Humberside Police,-0.417496,53.782935,On or near Crescent Street,E01012957,East Riding of Yorkshire 025A,Burglary,Court result unavailable,
bf6386b863aa025ea94662e21d6ac59fda71f999b14a86157aa747656f9e5a2f,2021-05,Humberside Police,Humberside Police,-0.420178,53.780625,On or near Wainfleet Avenue,E01012957,East Riding of Yorkshire 025A,Criminal damage and arson,Unable to prosecute suspect,
3320472e61c21aeb486a3bf0da72579bd8097767f0cf66bec8291818891f782c,2021-05,Humberside Police,Humberside Police,-0.420178,53.780625,On or near Wainfleet Avenue,E01012957,East Riding of Yorkshire 025A,Criminal damage and arson,Investigation complete; no suspect identified,
f6285c0cde187844c554e4ea86539977d827eb06d450e1757858c6fe17f7406d,2021-05,Humberside Police,Humberside Police,-0.418550,53.783965,On or near Knowsley Avenue,E01012957,East Riding of Yorkshire 025A,Criminal damage and arson,Investigation complete; no suspect identified,
795cda7341a2118c4ec013881190b4065e85ac25d8f0f3251ef63b16d699c24d,2021-05,Humberside Police,Humberside Police,-0.420178,53.780625,On or near Wainfleet Avenue,E01012957,East Riding of Yorkshire 025A,Criminal damage and arson,Court result unavailable,
049b0da5a6174541f94c79830062f9bc974b8caafc54a2bb905ba7564da84b53,2021-05,Humberside Police,Humberside Police,-0.420178,53.780625,On or near Wainfleet Avenue,E01012957,East Riding of Yorkshire 025A,Criminal damage and arson,Investigation complete; no suspect identified,
0bc2f97b8ef97908c05e906aac912e44958cdd1c30e411576f6a4d144af3b0db,2021-05,Humberside Police,Humberside Police,-0.414904,53.782020,On or near Hallgate,E01012957,East Riding of Yorkshire 025A,Other theft,Local resolution,
7b062ea49cf30a436accd80c92226bdddecdf6d22003023b42d9dc31c8bbc381,2021-05,Humberside Police,Humberside Police,-0.418257,53.781256,On or near New Finkle Court,E01012957,East Riding of Yorkshire 025A,Public order,Investigation complete; no suspect identified,
91f6695e93afc6b8cd7cc2b5072625347c335cce0a20dd9a9bd783c22928dbf9,2021-05,Humberside Police,Humberside Police,-0.416581,53.784640,On or near Northgate Mews,E01012957,East Riding of Yorkshire 025A,Vehicle crime,Investigation complete; no suspect identified,
a7d6edab1dc7e32aaeea2b0a4e36afdca65c34d6e2ddbe715fe3f8d392b9e377,2021-05,Humberside Police,Humberside Police,-0.418257,53.781256,On or near New Finkle Court,E01012957,East Riding of Yorkshire 025A,Vehicle crime,Unable to prosecute suspect,
3f8073a8d491de7fa4f5e7c387cb84d20aca435cce8771f3c358da7bff632cd9,2021-05,Humberside Police,Humberside Police,-0.413759,53.782212,On or near King Street,E01012960,East Riding of Yorkshire 025B,Burglary,Investigation complete; no suspect identified,
1c40a00b0bdcfb356d4a69ffbf4cc785c5ccdc07696c11dbc07962bd74c36378,2021-05,Humberside Police,Humberside Police,-0.413759,53.782212,On or near King Street,E01012960,East Riding of Yorkshire 025B,Public order,Unable to prosecute suspect,
56eeb9fd9041c4419e1a676aeff54fd6e3bdd096d8295f9ae8fcd387037a4a44,2021-05,Humberside Police,Humberside Police,-0.413448,53.784419,On or near Petrol Station,E01012960,East Riding of Yorkshire 025B,Public order,Offender given a caution,
18bfd86ea6eaa2052c48c74ff366684666376156458bb7e1b7ebd3e64bc7fef2,2021-05,Humberside Police,Humberside Police,-0.413602,53.780736,On or near Supermarket,E01012960,East Riding of Yorkshire 025B,Public order,Investigation complete; no suspect identified,
1fde63e9920e8edf607e1d54317be0b0f3b6f4f8bd4670ad75f6ece87662c1f6,2021-05,Humberside Police,Humberside Police,-0.413602,53.780736,On or near Supermarket,E01012960,East Riding of Yorkshire 025B,Shoplifting,Investigation complete; no suspect identified,
ce222163ba863d66f8152013d9eb90f892463337fa44e18498031fbbe3b0415f,2021-05,Humberside Police,Humberside Police,-0.413448,53.784419,On or near Petrol Station,E01012960,East Riding of Yorkshire 025B,Shoplifting,Court result unavailable,
9e0c203b2aa5e1882800d03fe355668ff7cb140da633a28025ae495e19e59dfa,2021-05,Humberside Police,Humberside Police,-0.413448,53.784419,On or near Petrol Station,E01012960,East Riding of Yorkshire 025B,Shoplifting,Court result unavailable,
c19d3c3d66a2a6c4aa99fdde887f3e80d47dcd643c4aeb3934ed317052b04be2,2021-05,Humberside Police,Humberside Police,-0.413448,53.784419,On or near Petrol Station,E01012960,East Riding of Yorkshire 025B,Violence and sexual offences,Unable to prosecute suspect,
7b8dd8c36e048f9db088085619d8139b1f39d4390ce60ec0c8ac59773ed7d716,2021-05,Humberside Police,Humberside Police,-0.413448,53.784419,On or near Petrol Station,E01012960,East Riding of Yorkshire 025B,Violence and sexual offences,Unable to prosecute suspect,
363091377aeee85b0714bbbe50dc41876450961f4b10af162259646439a342f4,2021-05,Humberside Police,Humberside Police,-0.413448,53.784419,On or near Petrol Station,E01012960,East Riding of Yorkshire 025B,Violence and sexual offences,Unable to prosecute suspect,
467039c6ac6609f4b5e17c467176e4ad9f13bfe8e5797be9cd2f8ba61d978274,2021-05,Humberside Police,Humberside Police,-0.411108,53.781664,On or near Arlington Avenue,E01012960,East Riding of Yorkshire 025B,Violence and sexual offences,Unable to prosecute suspect,
c457e9e70c3be89d93bc29f953eeb254c3bdeb6e1d58906dcdd868a0cc865d9a,2021-05,Humberside Police,Humberside Police,-0.413602,53.780736,On or near Supermarket,E01012960,East Riding of Yorkshire 025B,Violence and sexual offences,Investigation complete; no suspect identified,
6e6dabca640b20835d529a3a1d21d2451a57fff0907cdaa6782673efd6ccb712,2021-05,Humberside Police,Humberside Police,-0.413602,53.780736,On or near Supermarket,E01012960,East Riding of Yorkshire 025B,Violence and sexual offences,Unable to prosecute suspect,
a7ce784d3f8ee024ed599ece93e37fef4b521089fd55a1e2754f162bb6c4db9f,2021-05,Humberside Police,Humberside Police,-0.413602,53.780736,On or near Supermarket,E01012960,East Riding of Yorkshire 025B,Violence and sexual offences,Unable to prosecute suspect,
,2021-05,Humberside Police,Humberside Police,-0.418711,53.776030,On or near The Garth,E01012963,East Riding of Yorkshire 025C,Anti-social behaviour,,
,2021-05,Humberside Police,Humberside Police,-0.417602,53.776878,On or near Dixon Court,E01012963,East Riding of Yorkshire 025C,Anti-social behaviour,,
,2021-05,Humberside Police,Humberside Police,-0.424033,53.774131,On or near Travis Road,E01012963,East Riding of Yorkshire 025C,Anti-social behaviour,,
,2021-05,Humberside Police,Humberside Police,-0.417602,53.776878,On or near Dixon Court,E01012963,East Riding of Yorkshire 025C,Anti-social behaviour,,
,2021-05,Humberside Police,Humberside Police,-0.417602,53.776878,On or near Dixon Court,E01012963,East Riding of Yorkshire 025C,Anti-social behaviour,,
c913e3514dd7feddfd8e8e251dd76f25c7fe654ecf592d82ce87bc4ab3af3dfc,2021-05,Humberside Police,Humberside Police,-0.419483,53.777703,On or near Cottage Green,E01012963,East Riding of Yorkshire 025C,Burglary,Investigation complete; no suspect identified,
10604e5e722db892cc56ec4a59f47e111e621ab756b8932a8ca413a11249f0f1,2021-05,Humberside Police,Humberside Police,-0.421830,53.774219,On or near Ganton Avenue,E01012963,East Riding of Yorkshire 025C,Criminal damage and arson,Unable to prosecute suspect,
8b4cddccd5db922823d2c8d6ab9838ef0efe2d6eb8dcd33bd9f1e7db35d1b619,2021-05,Humberside Police,Humberside Police,-0.424033,53.774131,On or near Travis Road,E01012963,East Riding of Yorkshire 025C,Criminal damage and arson,Unable to prosecute suspect,
e405399e5c11e40de1a4b9c9103844f3c815c3f93adade5eda757cda9cd1cdc1,2021-05,Humberside Police,Humberside Police,-0.424033,53.774131,On or near Travis Road,E01012963,East Riding of Yorkshire 025C,Criminal damage and arson,Court result unavailable,
2b77ac9a0b1e4a88ab232ed5caaf61075413baef26cab6f2bc76d21a07a1f881,2021-05,Humberside Police,Humberside Police,-0.421830,53.774219,On or near Ganton Avenue,E01012963,East Riding of Yorkshire 025C,Criminal damage and arson,Court result unavailable,
b6eac7d45fd6c4fbecaccd9d21214e7ad5c2529e5b27e7b1498641957856e61f,2021-05,Humberside Police,Humberside Police,-0.422346,53.774604,On or near Muston Avenue,E01012963,East Riding of Yorkshire 025C,Vehicle crime,Investigation complete; no suspect identified,
fd855262f032abe34e85d4c8831a5d2e8f21b9406da65dc83e8ea3934f7766b7,2021-05,Humberside Police,Humberside Police,-0.424033,53.774131,On or near Travis Road,E01012963,East Riding of Yorkshire 025C,Vehicle crime,Investigation complete; no suspect identified,
26cae9ff2e1c223ce7983d828250dc456bb6d7760d28fad58415e42d6549b18b,2021-05,Humberside Police,Humberside Police,-0.424033,53.774131,On or near Travis Road,E01012963,East Riding of Yorkshire 025C,Violence and sexual offences,Unable to prosecute suspect,
58c5f1fe8b2f1d3a69c6811ae1b5aa49d0a0be56fcdff66aec549ea7c1abfa74,2021-05,Humberside Police,Humberside Police,-0.416570,53.776083,On or near Nalton Court,E01012963,East Riding of Yorkshire 025C,Violence and sexual offences,Local resolution,
ec9edae76acbe5acf80c7a3fe9a41208cc759b390050df61427675a1829a6f14,2021-05,Humberside Police,Humberside Police,-0.420743,53.775266,On or near Fimber Avenue,E01012963,East Riding of Yorkshire 025C,Violence and sexual offences,Unable to prosecute suspect,
,2021-05,Humberside Police,Humberside Police,-0.435930,53.755356,On or near Setterwood Garth,E01013112,East Riding of Yorkshire 025D,Anti-social behaviour,,
3dc1cf0067fd3508eb26774857f7a9e1b299ab3c3188cb6956bcca81dc078771,2021-05,Humberside Police,Humberside Police,-0.438963,53.757436,On or near Ash Grove,E01013112,East Riding of Yorkshire 025D,Burglary,Unable to prosecute suspect,
ee5f53b17e2b7e827605032ac1312161cdb5d61f56a057ceb350710232d3dba0,2021-05,Humberside Police,Humberside Police,-0.433943,53.759861,On or near Regent Close,E01013112,East Riding of Yorkshire 025D,Burglary,Investigation complete; no suspect identified,
b5d3a7e5bb63886c6f47deb6876e5444f4959bcff6fc5f5f8e9a37b8a197b4a4,2021-05,Humberside Police,Humberside Police,-0.426574,53.763009,On or near Abbey Lane,E01013112,East Riding of Yorkshire 025D,Criminal damage and arson,Investigation complete; no suspect identified,
7a971efe61302c277edd4c98d6f9160bf626d1ef7b817997ef021690504d58e6,2021-05,Humberside Police,Humberside Police,-0.433609,53.757825,On or near Birch Drive,E01013112,East Riding of Yorkshire 025D,Possession of weapons,Status update unavailable,
cdf1e528032c0551515ab38a3a188ba318efe421f9aec9863c4f97bdfe3662c1,2021-05,Humberside Police,Humberside Police,-0.428599,53.760762,On or near Swaddale Avenue,E01013112,East Riding of Yorkshire 025D,Possession of weapons,Court result unavailable,
fb365f0de22f3c8933d922d736145e59d092c96ecad62573469308e9321b7677,2021-05,Humberside Police,Humberside Police,-0.435930,53.755356,On or near Setterwood Garth,E01013112,East Riding of Yorkshire 025D,Public order,Investigation complete; no suspect identified,
22450e84e0b893939c37212573d8f199e74c181c3518f7f22df7cc7dd63cac47,2021-05,Humberside Police,Humberside Police,-0.438386,53.761519,On or near Well Lane,E01013112,East Riding of Yorkshire 025D,Public order,Local resolution,
0f39b2bd2c18c9f2bea85d2174eb2691f508455ece76d7dc82068f77a7655d86,2021-05,Humberside Police,Humberside Police,-0.438386,53.761519,On or near Well Lane,E01013112,East Riding of Yorkshire 025D,Public order,Local resolution,
9faec2eeedac1a216c1b9b0e0c08781bb18af94ea7b9201c174256447718663a,2021-05,Humberside Police,Humberside Police,-0.431633,53.759139,On or near Carr Lane,E01013112,East Riding of Yorkshire 025D,Violence and sexual offences,Local resolution,
,2021-05,Humberside Police,Humberside Police,-0.732369,53.753860,On or near Chapel Meadows,E01013018,East Riding of Yorkshire 026A,Anti-social behaviour,,
,2021-05,Humberside Police,Humberside Police,-0.740624,53.750163,On or near Clementhorpe Lane,E01013018,East Riding of Yorkshire 026A,Anti-social behaviour,,
ec75860d61d3fcb3d4f8d74c8444402ab6320fde8529db5d4c3aa2e29ccf7b07,2021-05,Humberside Police,Humberside Police,-0.738849,53.754234,On or near Claytons Fold,E01013018,East Riding of Yorkshire 026A,Violence and sexual offences,Local resolution,
cf70650cf874e0ad8fc942ad0f210cdcaa8e649bb193b4645bb0a1fb9eab4959,2021-05,Humberside Police,Humberside Police,-0.731432,53.754767,On or near Bishop Court,E01013018,East Riding of Yorkshire 026A,Violence and sexual offences,Unable to prosecute suspect,
d9e0c014e18f76b13b0f33b060c1a3d6237d86bb77560013dd622f6bcb6e2a09,2021-05,Humberside Police,Humberside Police,-0.738849,53.754234,On or near Claytons Fold,E01013018,East Riding of Yorkshire 026A,Violence and sexual offences,Local resolution,
,2021-05,Humberside Police,Humberside Police,-0.665830,53.767789,On or near Common Lane,E01013019,East Riding of Yorkshire 026B,Anti-social behaviour,,
d57867b3d1a689026028c03654210d63bf3e6a5184fab38f34c07f03a6cc7e53,2021-05,Humberside Police,Humberside Police,-0.640243,53.768005,On or near Beck Road,E01013019,East Riding of Yorkshire 026B,Drugs,Action to be taken by another organisation,
c72ff27fd8aaf280fd0c9428c3cc38dfb8bfdc6eec67e1e9e4388c58f90a5e6f,2021-05,Humberside Police,Humberside Police,-0.640243,53.768005,On or near Beck Road,E01013019,East Riding of Yorkshire 026B,Drugs,Unable to prosecute suspect,
e620d515e574b373d0a3f5a71c2738bb8349be43d9157f03ccc409337cb6da0d,2021-05,Humberside Police,Humberside Police,-0.684444,53.767860,On or near Main Road,E01013019,East Riding of Yorkshire 026B,Other theft,Unable to prosecute suspect,
b4ed9f68a04587f32c583c86a46b437ec6957aca5840338b3754b08f7012dcc6,2021-05,Humberside Police,Humberside Police,-0.684444,53.767860,On or near Main Road,E01013019,East Riding of Yorkshire 026B,Other theft,Status update unavailable,
32a847305baa9e8dee9b8019410ce2d01b4f4c835aae4acc132e30853d0897c5,2021-05,Humberside Police,Humberside Police,-0.670283,53.737763,On or near Carr Lane,E01013019,East Riding of Yorkshire 026B,Public order,Unable to prosecute suspect,
e54138bbfcd2607ad45c3916e62a24a864a4303b630fdbae5c14ecebe7e7b223,2021-05,Humberside Police,Humberside Police,-0.670283,53.737763,On or near Carr Lane,E01013019,East Riding of Yorkshire 026B,Public order,Court result unavailable,
375d7ad0b9cba3710c1ba1d1b9553b24b1e1732da7eb43812883250be3017bee,2021-05,Humberside Police,Humberside Police,-0.684444,53.767860,On or near Main Road,E01013019,East Riding of Yorkshire 026B,Public order,Unable to prosecute suspect,
65053efd9b6e9d3d8a751dcacbcd86f78f561df5bb5eed6d4db86674d862baaa,2021-05,Humberside Police,Humberside Police,-0.640243,53.768005,On or near Beck Road,E01013019,East Riding of Yorkshire 026B,Public order,Investigation complete; no suspect identified,
5ef23879ad10bfb742c041a897b9b2f71183ed5b8f9a6bdfeaa56f1ddc379adb,2021-05,Humberside Police,Humberside Police,-0.640243,53.768005,On or near Beck Road,E01013019,East Riding of Yorkshire 026B,Shoplifting,Investigation complete; no suspect identified,
7c9a70bb33a2b03acb77e455b8887d900d8d5ad9871d94316b1ca8baac8ca733,2021-05,Humberside Police,Humberside Police,-0.640243,53.768005,On or near Beck Road,E01013019,East Riding of Yorkshire 026B,Shoplifting,Unable to prosecute suspect,
c2acb797eeeda354b63594ef3f341c2d31a7982bb63cd7b1440fbbbca251f95f,2021-05,Humberside Police,Humberside Police,-0.642116,53.795056,On or near Park Street,E01013019,East Riding of Yorkshire 026B,Violence and sexual offences,Court result unavailable,
895ae9032c427c5d5b722691607b52a26f01df9887da7b68443032515b35a357,2021-05,Humberside Police,Humberside Police,-0.640243,53.768005,On or near Beck Road,E01013019,East Riding of Yorkshire 026B,Violence and sexual offences,Action to be taken by another organisation,
77bb6115918e907cb4eed0a9aa49d6b7a234120dbf65ad53dfa08d9da8b6f2cc,2021-05,Humberside Police,Humberside Police,-0.640243,53.768005,On or near Beck Road,E01013019,East Riding of Yorkshire 026B,Violence and sexual offences,Unable to prosecute suspect,
77c878f6e681b36e58c440997dd4142bff6af51773f35917753947845e86d823,2021-05,Humberside Police,Humberside Police,-0.640243,53.768005,On or near Beck Road,E01013019,East Riding of Yorkshire 026B,Violence and sexual offences,Action to be taken by another organisation,
b43f84515971c28e63e3605d9a9142349edf8a63ef6d5f4e126dcd6618c59052,2021-05,Humberside Police,Humberside Police,-0.640243,53.768005,On or near Beck Road,E01013019,East Riding of Yorkshire 026B,Violence and sexual offences,Action to be taken by another organisation,
00b54c84f22d1416a35c1f687f8567a20b252beebd0c5d66afbf87e1191db6c8,2021-05,Humberside Police,Humberside Police,-0.640243,53.768005,On or near Beck Road,E01013019,East Riding of Yorkshire 026B,Violence and sexual offences,Court result unavailable,
d5be87448150da5ad784e34e95f42cac51e56bcc2fca5bacfb488fde917add3f,2021-05,Humberside Police,Humberside Police,-0.670283,53.737763,On or near Carr Lane,E01013019,East Riding of Yorkshire 026B,Violence and sexual offences,Unable to prosecute suspect,
7aa5704229607faae110ef7184c3ed281c5e7a5a77d204b53f8349d71b293f50,2021-05,Humberside Police,Humberside Police,-0.642116,53.795056,On or near Park Street,E01013019,East Riding of Yorkshire 026B,Violence and sexual offences,Court result unavailable,
2fa39d6ea71d03d7bff51f2ada95ee6f7bce47d4b1c637ae87b22ac16e4520d4,2021-05,Humberside Police,Humberside Police,-0.640243,53.768005,On or near Beck Road,E01013019,East Riding of Yorkshire 026B,Violence and sexual offences,Status update unavailable,
dbe4671a0a234fb3d47175d657b907f5b339cbfd6ca9386539b5c7eca934d536,2021-05,Humberside Police,Humberside Police,-0.640243,53.768005,On or near Beck Road,E01013019,East Riding of Yorkshire 026B,Violence and sexual offences,Action to be taken by another organisation,
bea9dd083d0088ab5a117c3ed7405df378d4cb8a4c8cefd5df3a2daad8d1ac4e,2021-05,Humberside Police,Humberside Police,-0.640243,53.768005,On or near Beck Road,E01013019,East Riding of Yorkshire 026B,Violence and sexual offences,Action to be taken by another organisation,
2076febed2f898720c3500762bd1761da409354001bb291057320013445e72fb,2021-05,Humberside Police,Humberside Police,-0.640243,53.768005,On or near Beck Road,E01013019,East Riding of Yorkshire 026B,Violence and sexual offences,Unable to prosecute suspect,
e43b98e545e333824614bcbc5d53f753e221335d6157dacb36050c02c45aee52,2021-05,Humberside Police,Humberside Police,-0.640243,53.768005,On or near Beck Road,E01013019,East Riding of Yorkshire 026B,Violence and sexual offences,Unable to prosecute suspect,
939150beeb2b5c1f04c4c29ff5f2e1faa6c3acad1a778810c7c274d92a69e69e,2021-05,Humberside Police,Humberside Police,-0.640243,53.768005,On or near Beck Road,E01013019,East Riding of Yorkshire 026B,Other crime,Action to be taken by another organisation,
51c6596edd42f5e8424843464960660a4abd9899185bd8cda5c27aa4a7cf9896,2021-05,Humberside Police,Humberside Police,-0.640243,53.768005,On or near Beck Road,E01013019,East Riding of Yorkshire 026B,Other crime,Action to be taken by another organisation,
f5dcebe23ad72c518814bf7ee09e28fc082a9300bdd82136281ac67644bfc03c,2021-05,Humberside Police,Humberside Police,-0.640243,53.768005,On or near Beck Road,E01013019,East Riding of Yorkshire 026B,Other crime,Action to be taken by another organisation,
5263ab7f34d9f91d4e0d6933fb983aac20712ee06b0ee2dc50e1e83fefd123c5,2021-05,Humberside Police,Humberside Police,-0.640243,53.768005,On or near Beck Road,E01013019,East Riding of Yorkshire 026B,Other crime,Action to be taken by another organisation,
8db59d31fd18b5e5d7f1a7f06455c635f839e493760f05ccfe5f171114e0ca0d,2021-05,Humberside Police,Humberside Police,-0.640243,53.768005,On or near Beck Road,E01013019,East Riding of Yorkshire 026B,Other crime,Action to be taken by another organisation,
6faab2677b4394da9151baf788fc38172a65341847d3bef583592a79fd534fe0,2021-05,Humberside Police,Humberside Police,-0.734874,53.751756,On or near Sycamore Close,E01013021,East Riding of Yorkshire 026C,Public order,Unable to prosecute suspect,
,2021-05,Humberside Police,Humberside Police,-0.643652,53.782273,On or near Quakers' Lane,E01013025,East Riding of Yorkshire 026D,Anti-social behaviour,,
,2021-05,Humberside Police,Humberside Police,-0.648344,53.780304,On or near Blanshards Lane,E01013025,East Riding of Yorkshire 026D,Anti-social behaviour,,
afa427672a88c1880d8b0dbdde2806c4e2f0960be5c6e4b6b6b1eb893707a83a,2021-05,Humberside Police,Humberside Police,-0.647337,53.779519,On or near Finkle Street,E01013025,East Riding of Yorkshire 026D,Criminal damage and arson,Offender given a caution,
1fc864617ddfb15c6692df2a6f1c356aebfaab9e620f6e274ed590663e5103b5,2021-05,Humberside Police,Humberside Police,-0.641360,53.783676,On or near Church Lane,E01013025,East Riding of Yorkshire 026D,Criminal damage and arson,Offender given a caution,
9dc510d127316cf6b2c905ef218679b76d468d1fe496cc63918550246eafe216,2021-05,Humberside Police,Humberside Police,-0.643242,53.782277,On or near Church Street,E01013025,East Riding of Yorkshire 026D,Public order,Local resolution,
056e1c101f06c231a2849067df9250408410ebcb2f60528118e507b822925f8d,2021-05,Humberside Police,Humberside Police,-0.641360,53.783676,On or near Church Lane,E01013025,East Riding of Yorkshire 026D,Violence and sexual offences,Offender given a caution,
22b42384514c471400bd1dd441b0d12b4caa64448302d7a33a6d02904f54708d,2021-05,Humberside Police,Humberside Police,-0.641360,53.783676,On or near Church Lane,E01013025,East Riding of Yorkshire 026D,Violence and sexual offences,Investigation complete; no suspect identified,
bf710a0c9d1cf96e82d8f18a594dd4274d22a75c5504f5af36392f90c3609498,2021-05,Humberside Police,Humberside Police,-0.641360,53.783676,On or near Church Lane,E01013025,East Riding of Yorkshire 026D,Violence and sexual offences,Offender given a caution,
,2021-05,Humberside Police,Humberside Police,-0.710863,53.762251,On or near West Close,E01013026,East Riding of Yorkshire 026E,Anti-social behaviour,,
f385b598e6f7e3170eb833e02be67b92f412c8e74f7916b7997c2e75fec9fc50,2021-05,Humberside Police,Humberside Police,-0.709847,53.767687,On or near M62,E01013026,East Riding of Yorkshire 026E,Burglary,Investigation complete; no suspect identified,
56e6831c191ec495ce270e57af10d61733e952782d8868092635f1dd3dea57ae,2021-05,Humberside Police,Humberside Police,-0.722209,53.774282,On or near Carr Lane,E01013026,East Riding of Yorkshire 026E,Criminal damage and arson,Investigation complete; no suspect identified,
d3ccaf4943bcd79dd087dc3e30f8f04d706453a60a2f72bad5d2a22e29ff0e98,2021-05,Humberside Police,Humberside Police,-0.750362,53.773123,On or near Anserdam Lane,E01013026,East Riding of Yorkshire 026E,Public order,Unable to prosecute suspect,
dedb66f912ff82f7785e7ff61a142ee4de19ff3f97539dad87eac07fff78789c,2021-05,Humberside Police,Humberside Police,-0.727911,53.755323,On or near Cheapsides Lane,E01013026,East Riding of Yorkshire 026E,Violence and sexual offences,Unable to prosecute suspect,
0c351ebd41a873921ea44649f3b38145790101df4336d4a7366068aa25db74e5,2021-05,Humberside Police,Humberside Police,-0.709010,53.763327,On or near Pochard Close,E01013026,East Riding of Yorkshire 026E,Violence and sexual offences,Local resolution,
6bb661d46f271933dfe315889b8cf9f105fb407505379bd8252c7d85f56fbf65,2021-05,Humberside Police,Humberside Police,-0.750362,53.773123,On or near Anserdam Lane,E01013026,East Riding of Yorkshire 026E,Violence and sexual offences,Unable to prosecute suspect,
755382737a4887484d60cfaf2426010638de617f13b782c2382988cb5f0b7287,2021-05,Humberside Police,Humberside Police,-0.709010,53.763327,On or near Pochard Close,E01013026,East Riding of Yorkshire 026E,Violence and sexual offences,Local resolution,
,2021-05,Humberside Police,Humberside Police,-0.437952,53.749513,On or near Sports/Recreation Area,E01013105,East Riding of Yorkshire 027A,Anti-social behaviour,,
,2021-05,Humberside Police,Humberside Police,-0.437952,53.749513,On or near Sports/Recreation Area,E01013105,East Riding of Yorkshire 027A,Anti-social behaviour,,
,2021-05,Humberside Police,Humberside Police,-0.433522,53.745059,On or near Ringrose Lane,E01013105,East Riding of Yorkshire 027A,Anti-social behaviour,,
,2021-05,Humberside Police,Humberside Police,-0.429423,53.747631,On or near Orchard Close,E01013105,East Riding of Yorkshire 027A,Anti-social behaviour,,
,2021-05,Humberside Police,Humberside Police,-0.427605,53.748407,On or near Supermarket,E01013105,East Riding of Yorkshire 027A,Anti-social behaviour,,
f902161d90c7b5f8c2d2512e0fccd357021770e7e00a08ccad4a8ec421ae2912,2021-05,Humberside Police,Humberside Police,-0.433522,53.745059,On or near Ringrose Lane,E01013105,East Riding of Yorkshire 027A,Bicycle theft,Court result unavailable,
70022c5bcba4a6e52340ccfed93ccc86516cde07e93527789342b44f7e884191,2021-05,Humberside Police,Humberside Police,-0.427605,53.748407,On or near Supermarket,E01013105,East Riding of Yorkshire 027A,Other theft,Investigation complete; no suspect identified,
0ab6d510cb353d9f212e335e154a998827ebabc66041c2ff3d458467c5bd2019,2021-05,Humberside Police,Humberside Police,-0.427589,53.746402,On or near Hildyard Close,E01013105,East Riding of Yorkshire 027A,Other theft,Investigation complete; no suspect identified,
eeb05b37ab88a3f6cdb9d095a90829e0a8b651c6a34f69a60ccf04252616e55f,2021-05,Humberside Police,Humberside Police,-0.434490,53.749621,On or near Norwood Close,E01013105,East Riding of Yorkshire 027A,Public order,Investigation complete; no suspect identified,
c0e16f908ac27676ecd934bed17805b7e5a9596a846302a3b2a47b5382bb4dff,2021-05,Humberside Police,Humberside Police,-0.427589,53.746402,On or near Hildyard Close,E01013105,East Riding of Yorkshire 027A,Shoplifting,Unable to prosecute suspect,
a11e67041339c9b72794df0e02d532b19f571be184e1991c838a10da07a440ab,2021-05,Humberside Police,Humberside Police,-0.427589,53.746402,On or near Hildyard Close,E01013105,East Riding of Yorkshire 027A,Shoplifting,Court result unavailable,
1063c14679d97d019f2545f3cdea578cbe30a5b72f6ff13d7c4c1f553fc31a67,2021-05,Humberside Police,Humberside Police,-0.427605,53.748407,On or near Supermarket,E01013105,East Riding of Yorkshire 027A,Shoplifting,Court result unavailable,
1813a7abf6260545b9625f2dc8ec37b693e6b53b05ff3e107d7eb2859d9de9f3,2021-05,Humberside Police,Humberside Police,-0.432710,53.748159,On or near Weeton Way,E01013105,East Riding of Yorkshire 027A,Violence and sexual offences,Court result unavailable,
a680098c519aa76e4ce54fa554b3d2f2fbeed4ea1f9aa1d78266f4211e06668c,2021-05,Humberside Police,Humberside Police,-0.432710,53.748159,On or near Weeton Way,E01013105,East Riding of Yorkshire 027A,Other crime,Investigation complete; no suspect identified,
2225caaec218621828944a549aad1f6a46f4d145b08bd812fb471f47b99dfcaf,2021-05,Humberside Police,Humberside Police,-0.438444,53.760783,On or near Bellfield Drive,E01013110,East Riding of Yorkshire 027B,Bicycle theft,Investigation complete; no suspect identified,
314bbf504495ef407e6ddc748aa8b741bbaecffd1cf2c86b7547c1d11f9271a9,2021-05,Humberside Police,Humberside Police,-0.446129,53.758491,On or near Kingsley Drive,E01013110,East Riding of Yorkshire 027B,Burglary,Investigation complete; no suspect identified,
39255aa343c3847912d1c5f317e3792e8a8cac299e242b6a2ababf4c60518bb9,2021-05,Humberside Police,Humberside Police,-0.446129,53.758491,On or near Kingsley Drive,E01013110,East Riding of Yorkshire 027B,Criminal damage and arson,Unable to prosecute suspect,
3d0c5a3bf4e416304f96e93462fbb03a6b3121e13ca0aeb56311ff3f9973bf8f,2021-05,Humberside Police,Humberside Police,-0.445497,53.756703,On or near Oak Avenue,E01013110,East Riding of Yorkshire 027B,Shoplifting,Investigation complete; no suspect identified,
29947fb82d154d8245740c050aae5bf5b406173e5bae02e42d3a0a154963e55b,2021-05,Humberside Police,Humberside Police,-0.441846,53.756989,On or near Ferndale Avenue,E01013110,East Riding of Yorkshire 027B,Violence and sexual offences,Unable to prosecute suspect,
0f54401b97ebe599376ad8cc6b782bfe13533474644eb915fb327caff42cc88c,2021-05,Humberside Police,Humberside Police,-0.441846,53.756989,On or near Ferndale Avenue,E01013110,East Riding of Yorkshire 027B,Other crime,Local resolution,
16b8bf3d34da333168d17ccefede9540f76f864ed66fe5f0f152785ee125000f,2021-05,Humberside Police,Humberside Police,-0.441846,53.756989,On or near Ferndale Avenue,E01013110,East Riding of Yorkshire 027B,Other crime,Action to be taken by another organisation,
7511435fb9dfdb5a228e3cb42084e29870b946ee3fdc6fa54c3733e42d9e59b3,2021-05,Humberside Police,Humberside Police,-0.434017,53.755008,On or near Oakdale Avenue,E01013111,East Riding of Yorkshire 027C,Criminal damage and arson,Local resolution,
d643fc82c37b04ca643f0d5605501e4ea9baf8bd8ab91c2676950b364bcbdf44,2021-05,Humberside Police,Humberside Police,-0.428687,53.756385,On or near Wolfreton Lane,E01013111,East Riding of Yorkshire 027C,Violence and sexual offences,Unable to prosecute suspect,
b62ee30df1c543a539da985625625098bb4ddb0516a17a090f8ac05919891f6a,2021-05,Humberside Police,Humberside Police,-0.430591,53.752518,On or near Aston Road,E01013115,East Riding of Yorkshire 027D,Burglary,Investigation complete; no suspect identified,
7286b4a4777995f0b35914758bfaf496c30d9525dcb30a812661d6453dfa863f,2021-05,Humberside Police,Humberside Police,-0.433761,53.751687,On or near Ashdene Close,E01013115,East Riding of Yorkshire 027D,Public order,Investigation complete; no suspect identified,
,2021-05,Humberside Police,Humberside Police,-0.438710,53.750745,On or near Sports/Recreation Area,E01013117,East Riding of Yorkshire 027E,Anti-social behaviour,,
3ab2b09015ff4e3aaa91badc93bc9597eefdf39fb6fa1f890abf54d5bb50980a,2021-05,Humberside Police,Humberside Police,-0.440667,53.755661,On or near Kingston Road,E01013117,East Riding of Yorkshire 027E,Public order,Unable to prosecute suspect,
b9e20b575b0d2b7206cc5f72c3d9eda9793cb979bac4dcc05eeb814528b364b1,2021-05,Humberside Police,Humberside Police,-0.437303,53.753514,On or near Thornwick Avenue,E01013117,East Riding of Yorkshire 027E,Violence and sexual offences,Local resolution,
,2021-05,Humberside Police,Humberside Police,-0.449284,53.741606,On or near Tower View,E01013108,East Riding of Yorkshire 028A,Anti-social behaviour,,
eec48b1b9de950fce4cd515fb57a453772cd3e059524fbd60813419ab3c3c40d,2021-05,Humberside Police,Humberside Police,-0.449284,53.741606,On or near Tower View,E01013108,East Riding of Yorkshire 028A,Criminal damage and arson,Investigation complete; no suspect identified,
2ee8b4c3908b91b29b6fde497e0b1b3b81a666bf0b25c5829a4da2bd57887b19,2021-05,Humberside Police,Humberside Police,-0.443435,53.745602,On or near South Ella Farm Court,E01013108,East Riding of Yorkshire 028A,Other theft,Investigation complete; no suspect identified,
7cb1faadf87db262d2e0d6695ab827bb6579fd4fe82b1aa33e0e2e21a8d29382,2021-05,Humberside Police,Humberside Police,-0.449427,53.744736,On or near Mill Lane,E01013108,East Riding of Yorkshire 028A,Violence and sexual offences,Investigation complete; no suspect identified,
5a76d6892379ea905e2da367354975043d844653d6d65e597d9e69043660045b,2021-05,Humberside Police,Humberside Police,-0.445517,53.745063,On or near Woodland Drive,E01013108,East Riding of Yorkshire 028A,Violence and sexual offences,Offender given a caution,
0b7e3f49930544e26c703c1dc13a53b43f2c4919e1dff95f81278d5458ef4d02,2021-05,Humberside Police,Humberside Police,-0.449427,53.744736,On or near Mill Lane,E01013108,East Riding of Yorkshire 028A,Violence and sexual offences,Investigation complete; no suspect identified,
,2021-05,Humberside Police,Humberside Police,-0.454160,53.765337,On or near Petrol Station,E01013113,East Riding of Yorkshire 028B,Anti-social behaviour,,
46c09c47c435171a6c9ea15c013ec89d2b5f9bd0d0f8a3542d1672e1c801cb41,2021-05,Humberside Police,Humberside Police,-0.450831,53.764692,On or near Luthers Rise,E01013113,East Riding of Yorkshire 028B,Burglary,Investigation complete; no suspect identified,
c4a6fe9e3d9390f5b9152cbe4e990f4cfe706ca46f9f64981c3e28a1c2ba8e1e,2021-05,Humberside Police,Humberside Police,-0.454160,53.765337,On or near Petrol Station,E01013113,East Riding of Yorkshire 028B,Other theft,Status update unavailable,
360aac4b24d488d48ed95e74f423c1639d88fc8dad9659b48802c370fb0e1db4,2021-05,Humberside Police,Humberside Police,-0.446436,53.759619,On or near John Gray Court,E01013113,East Riding of Yorkshire 028B,Public order,Local resolution,
21b7aa24b9b2b03449087815d7718d7d25b0a62d0559ce3d3ead3f16ec7b0f8b,2021-05,Humberside Police,Humberside Police,-0.450512,53.763465,On or near Main Street,E01013113,East Riding of Yorkshire 028B,Public order,Unable to prosecute suspect,
5793cf00e4989dd0e10f53ff1e486cb9717c64788070d26d1f9c93ddd4eed127,2021-05,Humberside Police,Humberside Police,-0.450468,53.758071,On or near Tudor Court,E01013113,East Riding of Yorkshire 028B,Other crime,Action to be taken by another organisation,
5912e6ec3818cb3bf2d0ca87bfb5ec22b4ca181740f9221e3c11b18c43a0c848,2021-05,Humberside Police,Humberside Police,-0.470672,53.756838,On or near Riplingham Road,E01013114,East Riding of Yorkshire 028C,Vehicle crime,Investigation complete; no suspect identified,
c7f3b08abffd224a0bdddaae5248a5bf02e728bcb35a7e65d26de9d973713076,2021-05,Humberside Police,Humberside Police,-0.460254,53.751797,On or near Cottage Drive,E01013114,East Riding of Yorkshire 028C,Violence and sexual offences,Unable to prosecute suspect,
02054ffeb0a2638ce93554826fbe35f5664804c971f1150b4353b6f928f6fc34,2021-05,Humberside Police,Humberside Police,-0.462674,53.762354,On or near Great Gutter Lane (West),E01013116,East Riding of Yorkshire 028D,Public order,Unable to prosecute suspect,
74ac11f0221952ee9f4b99ffcdfd5f17769db28815f4d704002158f6668836eb,2021-05,Humberside Police,Humberside Police,-0.458058,53.762870,On or near Supermarket,E01013116,East Riding of Yorkshire 028D,Violence and sexual offences,Unable to prosecute suspect,
,2021-05,Humberside Police,Humberside Police,-0.239354,53.757763,On or near Tithe Road,E01013094,East Riding of Yorkshire 029A,Anti-social behaviour,,
7c6dcb94d7443941b1f6e0e64cb3809202d5baa66a75d0e787382d0c6e11b149,2021-05,Humberside Police,Humberside Police,-0.198236,53.753008,On or near Station Road,E01013094,East Riding of Yorkshire 029A,Public order,Unable to prosecute suspect,
1359a6fdbfb269ab42b813dd9ab8ae310dbbb77d66552c4a0a800b498c9ddd1a,2021-05,Humberside Police,Humberside Police,-0.203471,53.759721,On or near Abbey Lane,E01013094,East Riding of Yorkshire 029A,Public order,Investigation complete; no suspect identified,
b94cf52987945146acf6d1e801078a54f904e4a8be12dc0285a3a9bcc4bd1a6b,2021-05,Humberside Police,Humberside Police,-0.198236,53.753008,On or near Station Road,E01013094,East Riding of Yorkshire 029A,Violence and sexual offences,Unable to prosecute suspect,
719008444d834cf12fb5ba6c2bca9a07b7378fbded13d1c59aee3ca164a7964e,2021-05,Humberside Police,Humberside Police,-0.198236,53.753008,On or near Station Road,E01013094,East Riding of Yorkshire 029A,Violence and sexual offences,Unable to prosecute suspect,
b4267981d7eaeb204f9c4c839b1850638ff9a591d455b4ea7967badc3bf13f9f,2021-05,Humberside Police,Humberside Police,-0.198236,53.753008,On or near Station Road,E01013094,East Riding of Yorkshire 029A,Violence and sexual offences,Unable to prosecute suspect,
86e7ee98f3b7a2dcefc60950c44d7879018a9dc73fd283f243013902a3fec8a9,2021-05,Humberside Police,Humberside Police,-0.197510,53.755442,On or near Oak Tree Estate,E01013094,East Riding of Yorkshire 029A,Violence and sexual offences,Unable to prosecute suspect,
101510808dc88b040333b03b06f2ba0bd7e98afaa307589c0e9958c29e8bde0b,2021-05,Humberside Police,Humberside Police,-0.197510,53.755442,On or near Oak Tree Estate,E01013094,East Riding of Yorkshire 029A,Violence and sexual offences,Unable to prosecute suspect,
242427788d4ad1aaae454ebb62cb1639414ca84247157e980bb3147abab313bc,2021-05,Humberside Police,Humberside Police,-0.197510,53.755442,On or near Oak Tree Estate,E01013094,East Riding of Yorkshire 029A,Violence and sexual offences,Unable to prosecute suspect,
ef3fb06604a8003f8b5361e6457ef978a49bc90dad7baa99474dbdc5fe964507,2021-05,Humberside Police,Humberside Police,-0.197510,53.755442,On or near Oak Tree Estate,E01013094,East Riding of Yorkshire 029A,Violence and sexual offences,Unable to prosecute suspect,
,2021-05,Humberside Police,Humberside Police,-0.198774,53.741141,On or near Market Place,E01013095,East Riding of Yorkshire 029B,Anti-social behaviour,,
,2021-05,Humberside Police,Humberside Police,-0.198862,53.740144,On or near St Augustine'S Gate,E01013095,East Riding of Yorkshire 029B,Anti-social behaviour,,
dcc173aae7859169a5d778ab0f1e43ffb901a1b3edd6e3878980bb3579ddf6c9,2021-05,Humberside Police,Humberside Police,-0.198862,53.740144,On or near St Augustine'S Gate,E01013095,East Riding of Yorkshire 029B,Burglary,Unable to prosecute suspect,
e348526c8fb73e978b04edd0df8994cff2e2f039634c97d528df8f4924852ed5,2021-05,Humberside Police,Humberside Police,-0.198991,53.737135,On or near Haven Staithes,E01013095,East Riding of Yorkshire 029B,Burglary,Investigation complete; no suspect identified,
91a7247d124d6a26721c1efdf2355ebde9cf0b18cd47553595945a3900017d86,2021-05,Humberside Police,Humberside Police,-0.195901,53.740603,On or near Baxter Gate,E01013095,East Riding of Yorkshire 029B,Public order,Unable to prosecute suspect,
447017a22402edf4aee735619bb9dff5a5529e670b73e62b241bccc29ad3b4ab,2021-05,Humberside Police,Humberside Police,-0.199526,53.743777,On or near Twyers Lane,E01013095,East Riding of Yorkshire 029B,Public order,Unable to prosecute suspect,
57082793c4b1472120ac48db85c29775b0a6809dc9138427fba637449c28d387,2021-05,Humberside Police,Humberside Police,-0.199114,53.740301,On or near Augustine'S Mews,E01013095,East Riding of Yorkshire 029B,Public order,Unable to prosecute suspect,
30e112d67fa5dc9475caa8cf7b8602a34b7468b27967176e4fffb949644ff759,2021-05,Humberside Police,Humberside Police,-0.198774,53.741141,On or near Market Place,E01013095,East Riding of Yorkshire 029B,Shoplifting,Investigation complete; no suspect identified,
9c826678bbd4aef6f9c91241dfc02d4d23135c3bb3702dfe8db5436bbf161f73,2021-05,Humberside Police,Humberside Police,-0.197799,53.741621,On or near Parking Area,E01013095,East Riding of Yorkshire 029B,Violence and sexual offences,Unable to prosecute suspect,
f3901b323068ad7d9f69aa68405558552a596d2bceb5ca109915b11c993c0d87,2021-05,Humberside Police,Humberside Police,-0.198862,53.740144,On or near St Augustine'S Gate,E01013095,East Riding of Yorkshire 029B,Violence and sexual offences,Local resolution,
5a5a97586ee08294e55f54cad5eac47eeb978ebef671000ee81b784c5fdb1b28,2021-05,Humberside Police,Humberside Police,-0.198862,53.740144,On or near St Augustine'S Gate,E01013095,East Riding of Yorkshire 029B,Violence and sexual offences,Local resolution,
,2021-05,Humberside Police,Humberside Police,-0.207386,53.738322,On or near Hales Crescent,E01013096,East Riding of Yorkshire 029C,Anti-social behaviour,,
,2021-05,Humberside Police,Humberside Police,-0.229758,53.744632,On or near Sports/Recreation Area,E01013096,East Riding of Yorkshire 029C,Anti-social behaviour,,
,2021-05,Humberside Police,Humberside Police,-0.214941,53.741077,On or near The Woodlands,E01013096,East Riding of Yorkshire 029C,Anti-social behaviour,,
,2021-05,Humberside Police,Humberside Police,-0.208109,53.741640,On or near Farrand Road,E01013096,East Riding of Yorkshire 029C,Anti-social behaviour,,
524691b2ec4a6487267f9b3f041da76a61ffd2970b7c5feee347344eea516669,2021-05,Humberside Police,Humberside Police,-0.210347,53.740011,On or near Burnsalls Road,E01013096,East Riding of Yorkshire 029C,Bicycle theft,Investigation complete; no suspect identified,
14611b8b2a2e76aa7b57e12787af8927eb23ebc42ace7de0339ab01539c6814c,2021-05,Humberside Police,Humberside Police,-0.214460,53.757080,On or near Middle Lane,E01013096,East Riding of Yorkshire 029C,Criminal damage and arson,Investigation complete; no suspect identified,
4b2abadd351cb066d692f8536992f9619d8f3398be84508dc3aad29fc661c10a,2021-05,Humberside Police,Humberside Police,-0.210438,53.737864,On or near Spicers Road,E01013096,East Riding of Yorkshire 029C,Public order,Unable to prosecute suspect,
c0bdb8a3d53fd1e6adcd8f3192c68b7857c12f15c71a33a08f8c6446125c4efa,2021-05,Humberside Police,Humberside Police,-0.211342,53.739792,On or near Barbarry Road,E01013096,East Riding of Yorkshire 029C,Shoplifting,Investigation complete; no suspect identified,
187783840260f6810ba883b92e1af1c07497331bfaf3389cc7cd7dd67e6efaaf,2021-05,Humberside Police,Humberside Police,-0.211342,53.739792,On or near Barbarry Road,E01013096,East Riding of Yorkshire 029C,Vehicle crime,Investigation complete; no suspect identified,
cc6257cfbd8395dd701ab27cd14ddfc64f498f124e3739e01ddf054185a7804f,2021-05,Humberside Police,Humberside Police,-0.210313,53.738653,On or near Andrew Lane,E01013096,East Riding of Yorkshire 029C,Violence and sexual offences,Unable to prosecute suspect,
6be61b0f93d4853cee4e3773557f9fa44c1c14e6b47964ee1bf0d660db99b137,2021-05,Humberside Police,Humberside Police,-0.210313,53.738653,On or near Andrew Lane,E01013096,East Riding of Yorkshire 029C,Violence and sexual offences,Status update unavailable,
b016e24890f638413d200999871f830e3d6638537c49fed62ba8a45fb721e57b,2021-05,Humberside Police,Humberside Police,-0.209044,53.741753,On or near Robson Way,E01013096,East Riding of Yorkshire 029C,Violence and sexual offences,Unable to prosecute suspect,
eb29c0a637de1313dd876e9a4e0ed8275395ef19379e75ba1111cb921839b970,2021-05,Humberside Police,Humberside Police,-0.214941,53.741077,On or near The Woodlands,E01013096,East Riding of Yorkshire 029C,Violence and sexual offences,Unable to prosecute suspect,
ecec575cb39f88b870c004c5d58b9f444f0751bdc2aeb47a43d99368d14951d8,2021-05,Humberside Police,Humberside Police,-0.187006,53.739058,On or near Magdalen Court,E01013097,East Riding of Yorkshire 029D,Public order,Unable to prosecute suspect,
a1e611bd0f9c766deac30f4fa95714fac47f838f9731adf30f94dd10715580b6,2021-05,Humberside Police,Humberside Police,-0.187395,53.740942,On or near Guy Garth,E01013097,East Riding of Yorkshire 029D,Violence and sexual offences,Unable to prosecute suspect,
35e1da6d81429eddf1ac58a5dbdd1e689822a1c4c8705f5f6e2f3b5182c60cfe,2021-05,Humberside Police,Humberside Police,-0.189646,53.741848,On or near Albina Garth,E01013097,East Riding of Yorkshire 029D,Violence and sexual offences,Offender given a caution,
,2021-05,Humberside Police,Humberside Police,-0.198770,53.756495,On or near School Road,E01013102,East Riding of Yorkshire 029E,Anti-social behaviour,,
8c07c573613d8ddce10e935b18196b912409841a88f9ccab48b72fa2afc91ba4,2021-05,Humberside Police,Humberside Police,-0.199297,53.759406,On or near Ness Lane,E01013102,East Riding of Yorkshire 029E,Burglary,Court result unavailable,
725359830e70ea8580e925c1866e029eb522a1c5b0751c61f1b034344739a7b1,2021-05,Humberside Police,Humberside Police,-0.200458,53.758875,On or near All Saints Mews,E01013102,East Riding of Yorkshire 029E,Criminal damage and arson,Investigation complete; no suspect identified,
7ef72b98adb21433aa70c79c561c0df1a2b94c164fefed884c6fa9e2c33b29c1,2021-05,Humberside Police,Humberside Police,-0.196554,53.759347,On or near Manor Road,E01013102,East Riding of Yorkshire 029E,Violence and sexual offences,Unable to prosecute suspect,
637ee9564d37d470982c125d44d277bebba8c378e33411f4dbaab8341301b249,2021-05,Humberside Police,Humberside Police,-0.199732,53.758100,On or near Kirk Road,E01013102,East Riding of Yorkshire 029E,Violence and sexual offences,Unable to prosecute suspect,
33a110b1222a568bde9c3e6b31f2a283dc7c2c36659b064e706001b3ae4d9045,2021-05,Humberside Police,Humberside Police,-0.200458,53.758875,On or near All Saints Mews,E01013102,East Riding of Yorkshire 029E,Violence and sexual offences,Action to be taken by another organisation,
be4e99438af7f40aa36928d441a26ddfa962f9dfc49ca2248af58dd8a0b58259,2021-05,Humberside Police,Humberside Police,-0.104087,53.762478,On or near Glebelands,E01013028,East Riding of Yorkshire 031A,Criminal damage and arson,Investigation complete; no suspect identified,
7a1bcaaa6615d6e7a7f80b314c1c7bc3945824dcda9fb1549314d69bab9834c8,2021-05,Humberside Police,Humberside Police,-0.102633,53.761412,On or near Church Street,E01013028,East Riding of Yorkshire 031A,Violence and sexual offences,Unable to prosecute suspect,
5bc9f47141ec001eefaa2071a570e25057fe3417f2302b2b33bc3b80cb6ed1c8,2021-05,Humberside Police,Humberside Police,-0.020612,53.766702,On or near Main Street,E01013078,East Riding of Yorkshire 031B,Criminal damage and arson,Unable to prosecute suspect,
a1678dc84fb4ee0f4ad3da4bb044d0cd8784e1b706b9d0f39911fcab6d52e8da,2021-05,Humberside Police,Humberside Police,-0.046069,53.749778,On or near Orchard Close,E01013078,East Riding of Yorkshire 031B,Violence and sexual offences,Local resolution,
0d1ccb4b7da0483d962c9711d35f43935b45a95c061dc113b1a7d0014b3850cd,2021-05,Humberside Police,Humberside Police,-0.078823,53.699391,On or near Chapel Garth,E01013081,East Riding of Yorkshire 031C,Burglary,Investigation complete; no suspect identified,
0c3feb2022d75864a348e36d2ad27322a6266487b40ffa1f792fc423f6911e5e,2021-05,Humberside Police,Humberside Police,-0.077651,53.700514,On or near Patrington Road,E01013081,East Riding of Yorkshire 031C,Criminal damage and arson,Investigation complete; no suspect identified,
,2021-05,Humberside Police,Humberside Police,0.032363,53.727843,On or near Sports/Recreation Area,E01013082,East Riding of Yorkshire 031D,Anti-social behaviour,,
,2021-05,Humberside Police,Humberside Police,0.012403,53.740945,On or near Waxholme Road,E01013082,East Riding of Yorkshire 031D,Anti-social behaviour,,
,2021-05,Humberside Police,Humberside Police,0.024736,53.726866,On or near Pasture Close,E01013082,East Riding of Yorkshire 031D,Anti-social behaviour,,
80776cd47bb6edff3731e1661a558094958f8aa45f56e87c44e2d3980fcba7dd,2021-05,Humberside Police,Humberside Police,0.022952,53.730420,On or near Hull Road,E01013082,East Riding of Yorkshire 031D,Burglary,Unable to prosecute suspect,
f491bddb2c607ee7731b024f23e7c459362ec7ed07b29c936101f49dad2870d6,2021-05,Humberside Police,Humberside Police,0.027696,53.729450,On or near Sports/Recreation Area,E01013082,East Riding of Yorkshire 031D,Burglary,Investigation complete; no suspect identified,
1ea86fb55dfb13ecd4024b7a5c13114c77d0267ed6f2216b81d019120a2a5019,2021-05,Humberside Police,Humberside Police,0.032403,53.722709,On or near Egrom'S Lane,E01013082,East Riding of Yorkshire 031D,Criminal damage and arson,Investigation complete; no suspect identified,
db3cd43ff326a866e17833c02d58e65454dbca1bac3c9f291db40e64970b9807,2021-05,Humberside Police,Humberside Police,0.031797,53.727726,On or near Parking Area,E01013082,East Riding of Yorkshire 031D,Violence and sexual offences,Unable to prosecute suspect,
997b65e227777e2a3364f8c364a172d768e1d0414b84122262907d9a06bec6c7,2021-05,Humberside Police,Humberside Police,0.029793,53.722960,On or near Norman Avenue,E01013082,East Riding of Yorkshire 031D,Violence and sexual offences,Unable to prosecute suspect,
419430f830eacaf77ec51eb15b5cfee24554230c8803c7ed1cd1d7ab313c3af8,2021-05,Humberside Police,Humberside Police,0.027283,53.730652,On or near Parking Area,E01013082,East Riding of Yorkshire 031D,Violence and sexual offences,Local resolution,
8b40d6edbe16cd04cb7bf3aefb1538e45839bfb169dd290ec57310575bc373be,2021-05,Humberside Police,Humberside Police,-0.113176,53.710320,On or near Elletson Mews,E01013085,East Riding of Yorkshire 031E,Public order,Investigation complete; no suspect identified,
e2325a5633f9f27aca1dfd7968688161f1ed1c9eb783a1fb4fd7bf404a7fcda0,2021-05,Humberside Police,Humberside Police,-0.110699,53.709805,On or near Willowfield Drive,E01013085,East Riding of Yorkshire 031E,Public order,Investigation complete; no suspect identified,
954a2632bb1d5aebc2b1d19f5a8b4aa875eddad2c2e242f19c13d2c9052adf43,2021-05,Humberside Police,Humberside Police,-0.112163,53.713657,On or near Northfield,E01013085,East Riding of Yorkshire 031E,Violence and sexual offences,Unable to prosecute suspect,
a57531ccff114a340f192a3f4d3c6feed9d63ce65fcb3679e18fbd827755c023,2021-05,Humberside Police,Humberside Police,-0.112163,53.713657,On or near Northfield,E01013085,East Riding of Yorkshire 031E,Violence and sexual offences,Unable to prosecute suspect,
7a54414dec4c28b143ab506cdef1780ea4284beaa855d259bc17c3f3d34387d7,2021-05,Humberside Police,Humberside Police,-0.111869,53.709742,On or near Main Street,E01013085,East Riding of Yorkshire 031E,Violence and sexual offences,Unable to prosecute suspect,
19d981c896264448d8e6cb917811143474597153f0b4c6a3a546c85dfb550496,2021-05,Humberside Police,Humberside Police,-0.112163,53.713657,On or near Northfield,E01013085,East Riding of Yorkshire 031E,Violence and sexual offences,Unable to prosecute suspect,
,2021-05,Humberside Police,Humberside Police,-0.571608,53.743261,On or near Spindlewood,E01012970,East Riding of Yorkshire 032A,Anti-social behaviour,,
f7417b4882dabe761b589236a715fd56bdcc9b086712f2399a2691a98e1d7d39,2021-05,Humberside Police,Humberside Police,-0.575680,53.754240,On or near Burrill Lane,E01012970,East Riding of Yorkshire 032A,Criminal damage and arson,Investigation complete; no suspect identified,
9ad5d6070963f4e1e250946232826236c733124a04d5d78f8910c58e8224f760,2021-05,Humberside Police,Humberside Police,-0.573191,53.740403,On or near Stockbridge Road,E01012970,East Riding of Yorkshire 032A,Public order,Unable to prosecute suspect,
8f5dabdf543ebbf6cc6839bb6064a1cf6b98f5e127b4814ea2e517bf2964eb7f,2021-05,Humberside Police,Humberside Police,-0.573191,53.740403,On or near Stockbridge Road,E01012970,East Riding of Yorkshire 032A,Vehicle crime,Unable to prosecute suspect,
44ed2eea55d916f93fd6b8ae2c8634365e67ec9fdb1040412c6634ca6c14e6b1,2021-05,Humberside Police,Humberside Police,-0.561821,53.737679,On or near A63,E01012970,East Riding of Yorkshire 032A,Violence and sexual offences,Offender given a caution,
c47ae25d0d7f548cde21872d3845c5ec82a5d2a2deeb9be94635f99edd8707a5,2021-05,Humberside Police,Humberside Police,-0.568729,53.740979,On or near Church Street,E01012970,East Riding of Yorkshire 032A,Violence and sexual offences,Unable to prosecute suspect,
64ffa8a130156d12a8e7fe51ac304e1a9a6bad2278dc08cf00e86876af956303,2021-05,Humberside Police,Humberside Police,-0.565782,53.739803,On or near Manor Drive,E01012970,East Riding of Yorkshire 032A,Violence and sexual offences,Unable to prosecute suspect,
b4bfc409a840d5da41f954eefbe42ae729a6c23bf64cc048c9baddde818cce55,2021-05,Humberside Police,Humberside Police,-0.561821,53.737679,On or near A63,E01012970,East Riding of Yorkshire 032A,Violence and sexual offences,Unable to prosecute suspect,
fd024e98fbfa1f050f232428e868c9e6b85b3a6bd3f03adfdd972bb70671b388,2021-05,Humberside Police,Humberside Police,-0.561821,53.737679,On or near A63,E01012970,East Riding of Yorkshire 032A,Violence and sexual offences,Unable to prosecute suspect,
77bc462c83d0e5bc8befd8143334a5463a4ae6ceaa9af3434bb0becd7987e54d,2021-05,Humberside Police,Humberside Police,-0.561821,53.737679,On or near A63,E01012970,East Riding of Yorkshire 032A,Violence and sexual offences,Unable to prosecute suspect,
,2021-05,Humberside Police,Humberside Police,-0.579821,53.727250,On or near Parking Area,E01012973,East Riding of Yorkshire 032D,Anti-social behaviour,,
,2021-05,Humberside Police,Humberside Police,-0.580822,53.728575,On or near Station Road,E01012973,East Riding of Yorkshire 032D,Anti-social behaviour,,
,2021-05,Humberside Police,Humberside Police,-0.573248,53.744997,On or near Sports/Recreation Area,E01012973,East Riding of Yorkshire 032D,Anti-social behaviour,,
,2021-05,Humberside Police,Humberside Police,-0.578892,53.729613,On or near The Burrs,E01012973,East Riding of Yorkshire 032D,Anti-social behaviour,,
,2021-05,Humberside Police,Humberside Police,-0.576359,53.726095,On or near Sidings Court,E01012973,East Riding of Yorkshire 032D,Anti-social behaviour,,
,2021-05,Humberside Police,Humberside Police,-0.561421,53.724541,On or near Conisborough Mews,E01012973,East Riding of Yorkshire 032D,Anti-social behaviour,,
70f8ee73c7a47fec5de810c5dc1b6b3f31c25794e89e928f952c0b6589ca4fa4,2021-05,Humberside Police,Humberside Police,-0.580039,53.730678,On or near Cave Road,E01012973,East Riding of Yorkshire 032D,Criminal damage and arson,Court result unavailable,
bd6b3b9368e5da0d6765f2299a637f4a67a2613177bcba1aad306942e68a7ac8,2021-05,Humberside Police,Humberside Police,-0.580039,53.730678,On or near Cave Road,E01012973,East Riding of Yorkshire 032D,Other theft,Court result unavailable,
7723ff642aa9bedb4c5f2f2cacb3a324d16651742a88ac10be24b688bac4edab,2021-05,Humberside Police,Humberside Police,-0.579534,53.727670,On or near Grassdale Park,E01012973,East Riding of Yorkshire 032D,Public order,Investigation complete; no suspect identified,
6d748766b9031226ad3b6c1a0c13e600b1351e067f584616763fc2469cb6763a,2021-05,Humberside Police,Humberside Police,-0.576098,53.727062,On or near Randsfield Avenue,E01012973,East Riding of Yorkshire 032D,Vehicle crime,Local resolution,
7677141ebd3f75d5044c267345c165b7d8d3d0c05eeaecff246d2f7b72d51ea8,2021-05,Humberside Police,Humberside Police,-0.570539,53.726511,On or near Blackburn Avenue,E01012973,East Riding of Yorkshire 032D,Violence and sexual offences,Unable to prosecute suspect,
41745c25ad03b1c804e1a131fd6a9f6af164f33a7cc46345a9e289dd57bce73f,2021-05,Humberside Police,Humberside Police,-0.561421,53.724541,On or near Conisborough Mews,E01012973,East Riding of Yorkshire 032D,Violence and sexual offences,Unable to prosecute suspect,
8f6e35909c81cfc4a370922f2dcc94d6a5d6877b14217984bb36a0c5d0203249,2021-05,Humberside Police,Humberside Police,-0.564256,53.728962,On or near Alder Close,E01012973,East Riding of Yorkshire 032D,Violence and sexual offences,Unable to prosecute suspect,
935f77fd7e5b4f2ab363bd691a94b83ffb6e58b65703de8ccd20f61787462fe5,2021-05,Humberside Police,Humberside Police,-0.564256,53.728962,On or near Alder Close,E01012973,East Riding of Yorkshire 032D,Violence and sexual offences,Unable to prosecute suspect,
,2021-05,Humberside Police,Humberside Police,-0.569159,53.728778,On or near Centurion Way,E01012974,East Riding of Yorkshire 032E,Anti-social behaviour,,
,2021-05,Humberside Police,Humberside Police,-0.567457,53.729351,On or near Centurion Place,E01012974,East Riding of Yorkshire 032E,Anti-social behaviour,,
,2021-05,Humberside Police,Humberside Police,-0.569367,53.730677,On or near Sports/Recreation Area,E01012974,East Riding of Yorkshire 032E,Anti-social behaviour,,
30a29db035021625fbfbbdbca0437568db74be8cf76b32889b61df3a37737bc0,2021-05,Humberside Police,Humberside Police,-0.563410,53.730650,On or near The Oval,E01012974,East Riding of Yorkshire 032E,Bicycle theft,Unable to prosecute suspect,
6bec773734c64ad31a3e3ee7361afe3f8d6f8a63b1fedcfe8f1c286309c03c83,2021-05,Humberside Police,Humberside Police,-0.567364,53.729835,On or near Welton Road,E01012974,East Riding of Yorkshire 032E,Criminal damage and arson,Investigation complete; no suspect identified,
53ac2bdac93a2f41d43e53455f3313df41b43c2607e8676c234a310ee53271d6,2021-05,Humberside Police,Humberside Police,-0.565934,53.728658,On or near Nursery Court,E01012974,East Riding of Yorkshire 032E,Criminal damage and arson,Investigation complete; no suspect identified,
57bac9e9a46cc543ccabefdd154b0b1188731fe77ef03c7968a3063c63e8b662,2021-05,Humberside Police,Humberside Police,-0.565934,53.728658,On or near Nursery Court,E01012974,East Riding of Yorkshire 032E,Criminal damage and arson,Investigation complete; no suspect identified,
8f0f42de62ff60f3b278363d8b6abc8e7987146281bd3dce854438b3651ed302,2021-05,Humberside Police,Humberside Police,-0.566062,53.730251,On or near Freeman Avenue,E01012974,East Riding of Yorkshire 032E,Public order,Further investigation is not in the public interest,
ec6b71ea7537292ded044c302726b9e25ee736e0f4c2b838b94b5eab6383b26d,2021-05,Humberside Police,Humberside Police,-0.569159,53.728778,On or near Centurion Way,E01012974,East Riding of Yorkshire 032E,Violence and sexual offences,Unable to prosecute suspect,
8cb3644212cb611b7a683949d898b72589c307ca64a01fc73413ffcdde924cf1,2021-05,Humberside Police,Humberside Police,-0.546007,53.731106,On or near Park Road,E01013092,East Riding of Yorkshire 032F,Criminal damage and arson,Unable to prosecute suspect,
65cfe2316eafd05baf77dacb7b5cb19b22b39a06bb566c4fbd0955dd62da2784,2021-05,Humberside Police,Humberside Police,-0.540327,53.732286,On or near Temple Close,E01013092,East Riding of Yorkshire 032F,Violence and sexual offences,Unable to prosecute suspect,
b728592d1aed4d78e0b17f48d8a248005bb27e3bc55b7639411a7b9b434d5c17,2021-05,Humberside Police,Humberside Police,-0.545180,53.733990,On or near Chapel Hill,E01013092,East Riding of Yorkshire 032F,Violence and sexual offences,Local resolution,
7288c812a21940823faa475c089311c887897fc14e77db9ae4f4d46b3a63b2ce,2021-05,Humberside Police,Humberside Police,-0.540327,53.732286,On or near Temple Close,E01013092,East Riding of Yorkshire 032F,Violence and sexual offences,Unable to prosecute suspect,
,2021-05,Humberside Police,Humberside Police,-0.557087,53.727186,On or near Trent Walk,E01033495,East Riding of Yorkshire 032G,Anti-social behaviour,,
63aafda840799d4f0b6674440290dc6d0a76ef4a11a83224c2846634d71765b0,2021-05,Humberside Police,Humberside Police,-0.559589,53.727584,On or near Aire Close,E01033495,East Riding of Yorkshire 032G,Public order,Investigation complete; no suspect identified,
f70c1545f9db8b402670141231375b72c38877461d135b4feba6f20ca8fcc4cc,2021-05,Humberside Police,Humberside Police,-0.561071,53.729463,On or near Robin Close,E01033495,East Riding of Yorkshire 032G,Violence and sexual offences,Investigation complete; no suspect identified,
f467f5644f787cde5b911270b08a8558c503b8975cedbae5acbd2db1b3fcb8fa,2021-05,Humberside Police,Humberside Police,-0.559392,53.727132,On or near Meden Avenue,E01033495,East Riding of Yorkshire 032G,Violence and sexual offences,Unable to prosecute suspect,
2103745b8a000f9507218663b4d46dc504f4e923ea75b93714d731d5fac39057,2021-05,Humberside Police,Humberside Police,-0.559335,53.727923,On or near Dearne Court,E01033495,East Riding of Yorkshire 032G,Violence and sexual offences,Unable to prosecute suspect,
8be27e8018e1db8becc21ca7f507ca199178f5e316606135f7d2eefe5ee113cf,2021-05,Humberside Police,Humberside Police,-0.559392,53.727132,On or near Meden Avenue,E01033495,East Riding of Yorkshire 032G,Violence and sexual offences,Unable to prosecute suspect,
a7464d808b8c04ed504c444a823a95f36fa0f2234eea6d7b3c49cb61792f1d7b,2021-05,Humberside Police,Humberside Police,-0.559335,53.727923,On or near Dearne Court,E01033495,East Riding of Yorkshire 032G,Violence and sexual offences,Unable to prosecute suspect,
7008cd4e91a6bb3a8918e63d0edc4b3882cb7578a3880ed36fe6bc3f2534c531,2021-05,Humberside Police,Humberside Police,-0.566007,53.737216,On or near Beech Road,E01033496,East Riding of Yorkshire 032H,Other theft,Unable to prosecute suspect,
961159ccd38de33b1b179fadafe8bb338bf0bc79f34dc48d0cf88bb3ff07279e,2021-05,Humberside Police,Humberside Police,-0.142143,53.732779,On or near Beech Close,E01013033,East Riding of Yorkshire 033A,Criminal damage and arson,Unable to prosecute suspect,
92801fc71e4f350de8d2a984507f811b39c1816d726131d7fe8d4a7876323396,2021-05,Humberside Police,Humberside Police,-0.143886,53.732797,On or near Poplar Close,E01013033,East Riding of Yorkshire 033A,Public order,Unable to prosecute suspect,
b98b10843adb58b3d51680e6fa8629a12ffcea73313d7b9ee5bc2ce833f30a76,2021-05,Humberside Police,Humberside Police,-0.137495,53.730918,On or near Willow Road,E01013033,East Riding of Yorkshire 033A,Violence and sexual offences,Action to be taken by another organisation,
,2021-05,Humberside Police,Humberside Police,-0.185440,53.736688,On or near Bonfrey Way,E01013098,East Riding of Yorkshire 033B,Anti-social behaviour,,
,2021-05,Humberside Police,Humberside Police,-0.185440,53.736688,On or near Bonfrey Way,E01013098,East Riding of Yorkshire 033B,Anti-social behaviour,,
a1228f4277b52d30b38b59ab57eea3b7e2687131b47c62af0cc147adee18b4ad,2021-05,Humberside Police,Humberside Police,-0.190201,53.735627,On or near Waterland Close,E01013098,East Riding of Yorkshire 033B,Burglary,Unable to prosecute suspect,
4e2d837b8d75c215e8941425127a7f98a7d1082d8dcdff22ff49c98b59e3d837,2021-05,Humberside Police,Humberside Police,-0.190201,53.735627,On or near Waterland Close,E01013098,East Riding of Yorkshire 033B,Burglary,Court result unavailable,
d196cde02dfd1888c294757139ac22dccc0918196ff942e0d9b29e7547e98a4a,2021-05,Humberside Police,Humberside Police,-0.183844,53.735378,On or near Baildon Court,E01013098,East Riding of Yorkshire 033B,Drugs,Offender given a drugs possession warning,
6a66906b74a2450bdc7483745631d97b8f428f7d7d307392ce5b04e1736edc82,2021-05,Humberside Police,Humberside Police,-0.191861,53.735113,On or near Swinburne Close,E01013098,East Riding of Yorkshire 033B,Public order,Further investigation is not in the public interest,
eb2d735f79d97766523b5f8b9555e194564520411adcadc123efff0a67cbf060,2021-05,Humberside Police,Humberside Police,-0.183004,53.736930,On or near Keld Close,E01013098,East Riding of Yorkshire 033B,Violence and sexual offences,Unable to prosecute suspect,
,2021-05,Humberside Police,Humberside Police,-0.148219,53.671097,On or near Cherry Cobb Sands Road,E01013099,East Riding of Yorkshire 033C,Anti-social behaviour,,
,2021-05,Humberside Police,Humberside Police,-0.148219,53.671097,On or near Cherry Cobb Sands Road,E01013099,East Riding of Yorkshire 033C,Anti-social behaviour,,
,2021-05,Humberside Police,Humberside Police,-0.148219,53.671097,On or near Cherry Cobb Sands Road,E01013099,East Riding of Yorkshire 033C,Anti-social behaviour,,
,2021-05,Humberside Police,Humberside Police,-0.148219,53.671097,On or near Cherry Cobb Sands Road,E01013099,East Riding of Yorkshire 033C,Anti-social behaviour,,
8ffb86b72e406a3cbb1259807a7a163efb58288053ac05d376ef6c2778a9341d,2021-05,Humberside Police,Humberside Police,-0.230153,53.717904,On or near Ferryman Park,E01013099,East Riding of Yorkshire 033C,Other theft,Local resolution,
84510abcb38827601ac6df3ee21d846153c105c9ff1200da74c49c7e53f8774d,2021-05,Humberside Police,Humberside Police,-0.206735,53.737584,On or near Draper'S Lane,E01013099,East Riding of Yorkshire 033C,Public order,Offender given penalty notice,
3e39ee9693a2edc4f57113eb9bccf0b4fd40386b704effea82d6400dad77401f,2021-05,Humberside Police,Humberside Police,-0.233839,53.719279,On or near Leonard Close,E01013099,East Riding of Yorkshire 033C,Public order,Unable to prosecute suspect,
06632957144bf9b4243ac0ad8a85d05ebfe1ca1ccc62d204ac0930e2f9d3a9ea,2021-05,Humberside Police,Humberside Police,-0.206735,53.737584,On or near Draper'S Lane,E01013099,East Riding of Yorkshire 033C,Violence and sexual offences,Investigation complete; no suspect identified,
55ff5aefa8d38c9362c0718ef85ce3855f50d9a19275a9d93ca3dd3e448f1a58,2021-05,Humberside Police,Humberside Police,-0.169929,53.717853,On or near Thorneycroft Road,E01013100,East Riding of Yorkshire 033D,Public order,Investigation complete; no suspect identified,
d9488a503d4639c6f9c7aa33a7c04b07064a11689e212775cb3c56add603fd97,2021-05,Humberside Police,Humberside Police,-0.150646,53.719364,On or near A1033,E01013100,East Riding of Yorkshire 033D,Vehicle crime,Investigation complete; no suspect identified,
6270dc02c997dc7240d4df47f774798451ed2a557ed947ca2787b2e647e6fd9c,2021-05,Humberside Police,Humberside Police,-0.182115,53.722039,On or near Thorn Fields,E01013100,East Riding of Yorkshire 033D,Violence and sexual offences,Further action is not in the public interest,
ec9b9fe4f605b2e441938bf2ce74c72e685e7cdee80db3014239328530ea64d1,2021-05,Humberside Police,Humberside Police,-0.167797,53.720175,On or near Main Road,E01013101,East Riding of Yorkshire 033E,Criminal damage and arson,Investigation complete; no suspect identified,
a9816c0eefb75594ef3fc28c28c110c14686818b4195cc51a39fd8e6aa39eee5,2021-05,Humberside Police,Humberside Police,-0.179838,53.721779,On or near Ferry View,E01013101,East Riding of Yorkshire 033E,Violence and sexual offences,Unable to prosecute suspect,
e65ed0f5c1a6fdee62b6d69da84fe9bb40be5b3fea85f55bbeea7be2b8e92937,2021-05,Humberside Police,Humberside Police,-0.173155,53.716158,On or near Hooks Lane,E01013101,East Riding of Yorkshire 033E,Violence and sexual offences,Action to be taken by another organisation,
bfd7bd6498141de1cb21e4d78f1fda472fc6c70e8ad56f044a4c48c00a7d6a35,2021-05,Humberside Police,Humberside Police,-0.173155,53.716158,On or near Hooks Lane,E01013101,East Riding of Yorkshire 033E,Violence and sexual offences,Action to be taken by another organisation,
,2021-05,Humberside Police,Humberside Police,-0.428202,53.723056,On or near Edward Street,E01013008,East Riding of Yorkshire 034A,Anti-social behaviour,,
5e6aa9ef0ab06d6db1d3b61044882bad66f83dacd6c9eea793ced7f30026071a,2021-05,Humberside Police,Humberside Police,-0.433791,53.721521,On or near Bon Accord Road,E01013008,East Riding of Yorkshire 034A,Burglary,Court result unavailable,
359bb25dea167dfebf3f18556b6c09323518244ac8389adfb7939237e28d53c0,2021-05,Humberside Police,Humberside Police,-0.422031,53.721915,On or near Owen Avenue,E01013008,East Riding of Yorkshire 034A,Burglary,Investigation complete; no suspect identified,
f4452db78b375ed0f0ee1187114ca932f14e51cb7c26b1f6601d1b589318526d,2021-05,Humberside Police,Humberside Police,-0.433791,53.721521,On or near Bon Accord Road,E01013008,East Riding of Yorkshire 034A,Public order,Unable to prosecute suspect,
80d71e7556e7a3ac76f37670ccd0b2e7265c271d819740d4ffe4c51f57f89e25,2021-05,Humberside Police,Humberside Police,-0.422031,53.721915,On or near Owen Avenue,E01013008,East Riding of Yorkshire 034A,Shoplifting,Local resolution,
06c6202756cae1c17629f94b9a4011d1695507a2aec7b52034969231d4ad6fdc,2021-05,Humberside Police,Humberside Police,-0.422031,53.721915,On or near Owen Avenue,E01013008,East Riding of Yorkshire 034A,Shoplifting,Investigation complete; no suspect identified,
55f12a2c69fd7ffa6d3d492f4889f76718370797f168fe19ba7a546a2df62c45,2021-05,Humberside Police,Humberside Police,-0.422031,53.721915,On or near Owen Avenue,E01013008,East Riding of Yorkshire 034A,Shoplifting,Investigation complete; no suspect identified,
3d4c2ae9e3cb8aefb3bdef3679513ad22d0b10845fbe9fb8e974e98d6084d8b8,2021-05,Humberside Police,Humberside Police,-0.422031,53.721915,On or near Owen Avenue,E01013008,East Riding of Yorkshire 034A,Shoplifting,Investigation complete; no suspect identified,
a80687fe2dd42e3174e2a56b702fb93880d5377b63cdf1297666f576401dde7b,2021-05,Humberside Police,Humberside Police,-0.423210,53.723198,On or near Bishopcockin Close,E01013008,East Riding of Yorkshire 034A,Shoplifting,Investigation complete; no suspect identified,
c22d0aa7ae9de595f8c440c1a5c967016f7812091537508c13d8404cc2ba2e5a,2021-05,Humberside Police,Humberside Police,-0.422031,53.721915,On or near Owen Avenue,E01013008,East Riding of Yorkshire 034A,Shoplifting,Investigation complete; no suspect identified,
85c2754e52b9d5bfedf707fce914298e6cbdc7b2767de77e4069f2a13317fdb7,2021-05,Humberside Police,Humberside Police,-0.434550,53.720677,On or near Ferry Road,E01013008,East Riding of Yorkshire 034A,Violence and sexual offences,Court result unavailable,
933294a83503dd104beb62a38b253156135826de259994a9c63693b0ec6d5088,2021-05,Humberside Police,Humberside Police,-0.433791,53.721521,On or near Bon Accord Road,E01013008,East Riding of Yorkshire 034A,Violence and sexual offences,Unable to prosecute suspect,
081399a94c19ac04f33e1084f1f8320e957eb55435a7f9c925311db018bbe527,2021-05,Humberside Police,Humberside Police,-0.432679,53.722495,On or near Acadia Grove,E01013008,East Riding of Yorkshire 034A,Violence and sexual offences,Unable to prosecute suspect,
846071e3c701f493cff56b408a333fcdc6c90590f18a8a7bd3fcea1a58f27a9b,2021-05,Humberside Police,Humberside Police,-0.433791,53.721521,On or near Bon Accord Road,E01013008,East Riding of Yorkshire 034A,Violence and sexual offences,Unable to prosecute suspect,
ff1f53e297d6eb2f7b8d0a626f4bc0a8237a8b2f25f311edc0b3f6ed74e16f6f,2021-05,Humberside Police,Humberside Police,-0.434550,53.720677,On or near Ferry Road,E01013008,East Riding of Yorkshire 034A,Violence and sexual offences,Court result unavailable,
2199eca5e3e4e1ea2c723795c9b1c77725647c3e0079c514b1308a2ee81a4c04,2021-05,Humberside Police,Humberside Police,-0.424641,53.723837,On or near Albany Villas,E01013008,East Riding of Yorkshire 034A,Violence and sexual offences,Status update unavailable,
,2021-05,Humberside Police,Humberside Police,-0.436812,53.722630,On or near Grove Hill,E01013009,East Riding of Yorkshire 034B,Anti-social behaviour,,
768d1f4bfdb36154b428f1cd2af812eaed3e25d4acc44dadeb32f33647956538,2021-05,Humberside Police,Humberside Police,-0.435205,53.720182,On or near Castle Way,E01013009,East Riding of Yorkshire 034B,Burglary,Investigation complete; no suspect identified,
70f6d4ee4f8c69c9fad73510a618a2e6bf7ce9d65fbe4922cd388137db85fd09,2021-05,Humberside Police,Humberside Police,-0.437520,53.719043,On or near Bannister Close,E01013009,East Riding of Yorkshire 034B,Drugs,Offender given a caution,
5ae15ea46c45191d59cc81642f8c0970165c814117738aab337595c74fc583fc,2021-05,Humberside Police,Humberside Police,-0.437520,53.719043,On or near Bannister Close,E01013009,East Riding of Yorkshire 034B,Drugs,Offender given a caution,
405097ed12df6d4be5aa2cd5c8e7c58d1bae192bed96d4cf5a437db56c5d4f02,2021-05,Humberside Police,Humberside Police,-0.436703,53.716570,On or near Sports/Recreation Area,E01013009,East Riding of Yorkshire 034B,Public order,Unable to prosecute suspect,
40de604de8db1a9608135acc5e9848612c5790dd8213831ec10fac0336e6b52f,2021-05,Humberside Police,Humberside Police,-0.436877,53.719637,On or near All Saints Close,E01013009,East Riding of Yorkshire 034B,Public order,Unable to prosecute suspect,
27db93aa93d344d3e45b9b766eec1c45f672eeced8ed30354eb2a8f8609823ee,2021-05,Humberside Police,Humberside Police,-0.439456,53.721604,On or near Chestnut Avenue,E01013009,East Riding of Yorkshire 034B,Vehicle crime,Investigation complete; no suspect identified,
6d87cafd2c3be35c328e5b3ec945f03983254eef07d7494f29946ba59286999e,2021-05,Humberside Police,Humberside Police,-0.435749,53.722679,On or near Southgate,E01013009,East Riding of Yorkshire 034B,Violence and sexual offences,Unable to prosecute suspect,
1fa66921bc1f818f5d94e3abc361d344d6d4faeef576b80d6386e4f92610bf46,2021-05,Humberside Police,Humberside Police,-0.435749,53.722679,On or near Southgate,E01013009,East Riding of Yorkshire 034B,Violence and sexual offences,Unable to prosecute suspect,
cb8c63f69450d7454ec70738dc251d7435d3e1ad74603707fed81dee6dd44929,2021-05,Humberside Police,Humberside Police,-0.459171,53.717121,On or near Pedestrian Subway,E01013009,East Riding of Yorkshire 034B,Violence and sexual offences,Action to be taken by another organisation,
5f77a03cfe4805b4ddbcdb9eca31a61e9ea13ca086c6b7911f7e2fba3ac95c94,2021-05,Humberside Police,Humberside Police,-0.435749,53.722679,On or near Southgate,E01013009,East Riding of Yorkshire 034B,Violence and sexual offences,Unable to prosecute suspect,
a77ac4db01ced3d74beae89178d9ed39e93c66bf92d38c7ddb89aa92380531b9,2021-05,Humberside Police,Humberside Police,-0.436942,53.721975,On or near Clowes Court,E01013009,East Riding of Yorkshire 034B,Violence and sexual offences,Unable to prosecute suspect,
f67f1356cdd59c8d1a5191b2b1b334198d2bb558edef8566b57249b1dde5111c,2021-05,Humberside Police,Humberside Police,-0.459171,53.717121,On or near Pedestrian Subway,E01013009,East Riding of Yorkshire 034B,Violence and sexual offences,Unable to prosecute suspect,
b79e5441c73ed55f885d4be3aa8ee8793fc67064ba21e30feb9632049d3b6e1e,2021-05,Humberside Police,Humberside Police,-0.434961,53.732458,On or near Petrol Station,E01013013,East Riding of Yorkshire 034C,Other theft,Investigation complete; no suspect identified,
329299b4e0a5b0416b265f15aa02293b0bb649117fe99bdab31a56bc8f3d98f4,2021-05,Humberside Police,Humberside Police,-0.432676,53.730315,On or near Bedford Road,E01013013,East Riding of Yorkshire 034C,Violence and sexual offences,Court result unavailable,
fc52d27d56f89c9f69e9bc2361c3a6c472ce75555f1250617e3119de7ad94ede,2021-05,Humberside Police,Humberside Police,-0.433147,53.730295,On or near Crossfield Road,E01013013,East Riding of Yorkshire 034C,Violence and sexual offences,Unable to prosecute suspect,
de8d87d1de9d58b91540439fd5e8a41fa19c332f12717331990400d99ebf0bb9,2021-05,Humberside Police,Humberside Police,-0.435701,53.733348,On or near Beverley Road,E01013013,East Riding of Yorkshire 034C,Violence and sexual offences,Unable to prosecute suspect,
,2021-05,Humberside Police,Humberside Police,-0.435517,53.728923,On or near Beverley Road,E01013014,East Riding of Yorkshire 034D,Anti-social behaviour,,
481e64509b6ed6941422a1e503431e88a09ce2c7cac5700f796fc476f781aa95,2021-05,Humberside Police,Humberside Police,-0.429518,53.723946,On or near Lime Tree Avenue,E01013014,East Riding of Yorkshire 034D,Bicycle theft,Investigation complete; no suspect identified,
a413c840cb20dcb6f23bda8257553975c117074a9ccd5c49e3f4c8dd98d15f9a,2021-05,Humberside Police,Humberside Police,-0.435517,53.728923,On or near Beverley Road,E01013014,East Riding of Yorkshire 034D,Violence and sexual offences,Investigation complete; no suspect identified,
237eb33a9aecadbb8af0ddfcd2d65c024dcca705cddbab3d66498b18975bd71d,2021-05,Humberside Police,Humberside Police,-0.435517,53.728923,On or near Beverley Road,E01013014,East Riding of Yorkshire 034D,Violence and sexual offences,Unable to prosecute suspect,
3088c825be7cb6fd704fac9c4dd427fb8261223a99f01d48ad1d5367af82f045,2021-05,Humberside Police,Humberside Police,-0.435517,53.728923,On or near Beverley Road,E01013014,East Riding of Yorkshire 034D,Violence and sexual offences,Unable to prosecute suspect,
0eb2e649bd8487f9ac8955cd6409ec848418017262e97fd18dd8ec6c5de93baa,2021-05,Humberside Police,Humberside Police,-0.425791,53.726746,On or near Belvedere Road,E01013014,East Riding of Yorkshire 034D,Other crime,Unable to prosecute suspect,
,2021-05,Humberside Police,Humberside Police,-0.429886,53.742953,On or near Julians Walk,E01013107,East Riding of Yorkshire 034E,Anti-social behaviour,,
,2021-05,Humberside Police,Humberside Police,-0.429199,53.744706,On or near Parking Area,E01013107,East Riding of Yorkshire 034E,Anti-social behaviour,,
,2021-05,Humberside Police,Humberside Police,-0.432678,53.746559,On or near North Drive,E01013107,East Riding of Yorkshire 034E,Anti-social behaviour,,
,2021-05,Humberside Police,Humberside Police,-0.432678,53.746559,On or near North Drive,E01013107,East Riding of Yorkshire 034E,Anti-social behaviour,,
,2021-05,Humberside Police,Humberside Police,-0.427065,53.747024,On or near Springfield Way,E01013107,East Riding of Yorkshire 034E,Anti-social behaviour,,
e9ce6184b54aa53c5ed969874b360bfb20e684c5a3a2a7b4d6ae3b5270acaa20,2021-05,Humberside Police,Humberside Police,-0.432744,53.746820,On or near North Street,E01013107,East Riding of Yorkshire 034E,Burglary,Investigation complete; no suspect identified,
4e533185615a65d58f5e4b7c7b2ac8dd16589ae7b516b8083438184f1a53e3c8,2021-05,Humberside Police,Humberside Police,-0.432678,53.746559,On or near North Drive,E01013107,East Riding of Yorkshire 034E,Criminal damage and arson,Investigation complete; no suspect identified,
81d17e3dcbada92cc015beaad25ab025d32fd1552eb863cbc8d270fb3695b098,2021-05,Humberside Police,Humberside Police,-0.431664,53.743246,On or near Anlafgate,E01013107,East Riding of Yorkshire 034E,Criminal damage and arson,Local resolution,
2f0247689f8f3c8c4378da5f20698420174cb9d34db71163ff8972848e3305da,2021-05,Humberside Police,Humberside Police,-0.432678,53.746559,On or near North Drive,E01013107,East Riding of Yorkshire 034E,Other theft,Investigation complete; no suspect identified,
971c73a425f271f9b61de6e57e92fd5760fa9b61203d2a32683b527047fabe18,2021-05,Humberside Police,Humberside Police,-0.427431,53.745753,On or near Nandike Close,E01013107,East Riding of Yorkshire 034E,Public order,Investigation complete; no suspect identified,
f5ad274cee650eacaff409c74d1e74ce387040d7b24b70a90ba1acf60f37a07a,2021-05,Humberside Police,Humberside Police,-0.430275,53.745925,On or near Pryme Street,E01013107,East Riding of Yorkshire 034E,Violence and sexual offences,Investigation complete; no suspect identified,
d1f7f3cea0111bfae54badc6a0bbcc57f4aad76940b69d56468013e97f5a4ba4,2021-05,Humberside Police,Humberside Police,-0.430275,53.745925,On or near Pryme Street,E01013107,East Riding of Yorkshire 034E,Violence and sexual offences,Investigation complete; no suspect identified,
330119501ecd685243ee55c70ba06a30046c30f623f9c225ceab6c6084ed4fdb,2021-05,Humberside Police,Humberside Police,-0.435098,53.739381,On or near Hospital,E01013107,East Riding of Yorkshire 034E,Violence and sexual offences,Unable to prosecute suspect,
0849b38c69a50c3330082a751927ca33eacb8c7454fa9b0b6b62764dbbb273b4,2021-05,Humberside Police,Humberside Police,-0.497861,53.735393,On or near West Wold,E01013088,East Riding of Yorkshire 035A,Criminal damage and arson,Unable to prosecute suspect,
6e4408448fb1cdb199b450c313db5b702503f185f40d50bc9d2c306dddf0d49e,2021-05,Humberside Police,Humberside Police,-0.483771,53.721202,On or near Humberdale Drive,E01013088,East Riding of Yorkshire 035A,Criminal damage and arson,Investigation complete; no suspect identified,
aed4935250ceadddf2489adfa7b4704087cc7e928abfa6994ab8d37944020632,2021-05,Humberside Police,Humberside Police,-0.467965,53.720335,On or near Clive Sullivan Way,E01013088,East Riding of Yorkshire 035A,Drugs,Offender given a drugs possession warning,
dcdac9f8f1ad87316de2256fd21bd7d81c09ca323286164fc3fd6860a9fb49f1,2021-05,Humberside Police,Humberside Police,-0.493755,53.731917,On or near Grange Park,E01013088,East Riding of Yorkshire 035A,Other theft,Investigation complete; no suspect identified,
68d02c7aa2819f941b549d2052d7435dfce8b375819b812d35efaee47ecc1b2f,2021-05,Humberside Police,Humberside Police,-0.493755,53.731917,On or near Grange Park,E01013088,East Riding of Yorkshire 035A,Other theft,Investigation complete; no suspect identified,
ef985c1c213b8701b30b43127b616064cdaea5d33428badb6612d58b7d5b1842,2021-05,Humberside Police,Humberside Police,-0.482296,53.723880,On or near Petrol Station,E01013088,East Riding of Yorkshire 035A,Other theft,Investigation complete; no suspect identified,
a608ce595b38d88d9b6c51f7500f3d3a61d88f0c8b82c6451733d187ef6874db,2021-05,Humberside Police,Humberside Police,-0.486967,53.722123,On or near Ferriby High Road,E01013088,East Riding of Yorkshire 035A,Public order,Unable to prosecute suspect,
4197564756d5b6a3ab03c23e4010c294a8cb248c56e4ceaf2552bdaa7d8886da,2021-05,Humberside Police,Humberside Police,-0.491528,53.736967,On or near Kemp Road,E01013088,East Riding of Yorkshire 035A,Public order,Unable to prosecute suspect,
3e2926541b7fed9faac18bc058ab32b253fc59a7f104b2c263e272b4f1aab1e4,2021-05,Humberside Police,Humberside Police,-0.505304,53.723863,On or near Woodgates Close,E01013088,East Riding of Yorkshire 035A,Shoplifting,Local resolution,
e5af6f159219118f934d1762403e5145440667ec7147fd8dddfbceb2a3c77f41,2021-05,Humberside Police,Humberside Police,-0.491528,53.736967,On or near Kemp Road,E01013088,East Riding of Yorkshire 035A,Violence and sexual offences,Unable to prosecute suspect,
d486f18bdf694ae007cc32d1780f0b99d4148044e5995f9926f500056c2f48e3,2021-05,Humberside Police,Humberside Police,-0.487834,53.736399,On or near Humber View,E01013088,East Riding of Yorkshire 035A,Violence and sexual offences,Unable to prosecute suspect,
aed15daf6364658678acb834267edf67ac9b8d2b4e1bbd9af35842ab05a6ba6e,2021-05,Humberside Police,Humberside Police,-0.497861,53.735393,On or near West Wold,E01013088,East Riding of Yorkshire 035A,Violence and sexual offences,Unable to prosecute suspect,
3184ca776e91b4d7ec614382d0425a273fd9c4704f13c64ac3a25e4a797a9bb1,2021-05,Humberside Police,Humberside Police,-0.505304,53.723863,On or near Woodgates Close,E01013088,East Riding of Yorkshire 035A,Other crime,Unable to prosecute suspect,
,2021-05,Humberside Police,Humberside Police,-0.503380,53.720855,On or near School Lane,E01013089,East Riding of Yorkshire 035B,Anti-social behaviour,,
0ab8bd11eac14f5fd8d9a59e6e055be9582ac45f8e9510a837ae069a43e4bfef,2021-05,Humberside Police,Humberside Police,-0.505255,53.718406,On or near New Walk,E01013089,East Riding of Yorkshire 035B,Public order,Investigation complete; no suspect identified,
cbc66f500ddba9854b8c55951468d1008c09f79c62e93ec4e79c3fc8784d5b87,2021-05,Humberside Police,Humberside Police,-0.505605,53.723076,On or near Supermarket,E01013089,East Riding of Yorkshire 035B,Shoplifting,Investigation complete; no suspect identified,
fa0fe22b4965385317fc95bb4cdcb0c36522cacf53822f6de69018e1da3c315b,2021-05,Humberside Police,Humberside Police,-0.503380,53.720855,On or near School Lane,E01013089,East Riding of Yorkshire 035B,Violence and sexual offences,Action to be taken by another organisation,
aca45af058f8e36324619d4b7ff5c24779925a7851819a2a7bbc1f2006c64f3e,2021-05,Humberside Police,Humberside Police,-0.507285,53.717164,On or near Parking Area,E01013089,East Riding of Yorkshire 035B,Violence and sexual offences,Investigation complete; no suspect identified,
d60fb7a1e8e7d4fff17d1b38a5af44fa059fe27c549b5f18743b60250956346a,2021-05,Humberside Police,Humberside Police,-0.527907,53.722453,On or near Redcliff Road,E01013090,East Riding of Yorkshire 035C,Criminal damage and arson,Investigation complete; no suspect identified,
9942e4e836c2bb72d42977c1291819dad776d11b76ab042f3b0768ebd5f5a289,2021-05,Humberside Police,Humberside Police,-0.513576,53.719256,On or near Triangle Drive,E01013090,East Riding of Yorkshire 035C,Criminal damage and arson,Investigation complete; no suspect identified,
bfddf293141bd3285abb7e0871b0cca213824a9a216302baf3e71c0075034fd6,2021-05,Humberside Police,Humberside Police,-0.514538,53.720751,On or near Wood Drive,E01013090,East Riding of Yorkshire 035C,Drugs,Court result unavailable,
bcbfe2b856e43f8d7d3a4650ab9807c740da0ba944876d9c0169f626f27a05b3,2021-05,Humberside Police,Humberside Police,-0.514538,53.720751,On or near Wood Drive,E01013090,East Riding of Yorkshire 035C,Public order,Unable to prosecute suspect,
9ada94fc5e44ef97dd25cd8e7cbd907f90fd3772d35ebeeb84a92a9f00ba38a7,2021-05,Humberside Police,Humberside Police,-0.514538,53.720751,On or near Wood Drive,E01013090,East Riding of Yorkshire 035C,Violence and sexual offences,Unable to prosecute suspect,
f9b144be5c9c5d8759483a04a2357e238c4796fa91b3dd9ae9fd78d3cdefc356,2021-05,Humberside Police,Humberside Police,-0.514538,53.720751,On or near Wood Drive,E01013090,East Riding of Yorkshire 035C,Violence and sexual offences,Investigation complete; no suspect identified,
e1ad8931e724d66f38265880ea374d3db6c18a4ad9746fc090b480d07b1bb15c,2021-05,Humberside Police,Humberside Police,-0.532648,53.716426,On or near Gibson Lane,E01013090,East Riding of Yorkshire 035C,Violence and sexual offences,Unable to prosecute suspect,
c40deb48d5d16c887ef52c726cc28c03eb0445dc8ce44103dbd0cc737179093d,2021-05,Humberside Police,Humberside Police,-0.535736,53.720446,On or near Jackson Way,E01013090,East Riding of Yorkshire 035C,Other crime,Court result unavailable,
99598885c4fd09e432f034819438060393003ace2c53ed3dde645fee2b3a4872,2021-05,Humberside Police,Humberside Police,-0.496759,53.740764,On or near Gallands Close,E01013091,East Riding of Yorkshire 035D,Public order,Investigation complete; no suspect identified,
28f2d858c4ad9c8131073536588f1f4563d3da9fac81c70aa7a66af32fc421f6,2021-05,Humberside Police,Humberside Police,-0.495061,53.742468,On or near Westerdale,E01013091,East Riding of Yorkshire 035D,Violence and sexual offences,Unable to prosecute suspect,
,2021-05,Humberside Police,Humberside Police,-0.472426,53.721858,On or near Clive Sullivan Way,E01013093,East Riding of Yorkshire 035E,Anti-social behaviour,,
832cd5fdb1979e6d8fdc8034653a3b469f83e08a9c91ceb68a8d9a3eb5f47abc,2021-05,Humberside Police,Humberside Police,-0.489825,53.739211,On or near Holgate Place,E01013093,East Riding of Yorkshire 035E,Criminal damage and arson,Investigation complete; no suspect identified,
ee160f393116e485cc2c95a396d631382da7c9450dc00ebea825b68b6055331b,2021-05,Humberside Police,Humberside Police,-0.480710,53.741811,On or near Easenby Close,E01013093,East Riding of Yorkshire 035E,Violence and sexual offences,Unable to prosecute suspect,
839c729f0952867e40f3d752f3ac415c1e3f319cc00199c4d82373c63dd3de21,2021-05,Humberside Police,Humberside Police,-0.484609,53.740907,On or near Beech Grove,E01013093,East Riding of Yorkshire 035E,Violence and sexual offences,Unable to prosecute suspect,
,2021-05,Humberside Police,Humberside Police,-0.456544,53.718921,On or near Park/Open Space,E01013005,East Riding of Yorkshire 036A,Anti-social behaviour,,
984f44c835a3ce29b3958f073517117377322fb8a21c1307e815b1d7ea4c8365,2021-05,Humberside Police,Humberside Police,-0.450879,53.716367,On or near A15,E01013005,East Riding of Yorkshire 036A,Criminal damage and arson,Investigation complete; no suspect identified,
8f4f334470e8b3304d48f02d87d64185500a717f253b03fdb0f0e2686b3cc1f5,2021-05,Humberside Police,Humberside Police,-0.443806,53.720788,On or near Davenport Avenue,E01013005,East Riding of Yorkshire 036A,Criminal damage and arson,Investigation complete; no suspect identified,
220b62daad6a68420b4405b9b7b5f53f0e385618a0e4c0bb5b0f50a35e1f5673,2021-05,Humberside Police,Humberside Police,-0.459855,53.723719,On or near Boothferry Road,E01013005,East Riding of Yorkshire 036A,Drugs,Offender given a drugs possession warning,
d8546db386e91d185549793d945c2e539d4336995f5693c968a9e0887c377e9d,2021-05,Humberside Police,Humberside Police,-0.450032,53.725408,On or near Heads Lane,E01013005,East Riding of Yorkshire 036A,Theft from the person,Investigation complete; no suspect identified,
236bc93fbddf0d7bbf1c20e0e5876d3396de931f280191a1e8442e3ea255d521,2021-05,Humberside Police,Humberside Police,-0.443806,53.720788,On or near Davenport Avenue,E01013005,East Riding of Yorkshire 036A,Violence and sexual offences,Unable to prosecute suspect,
55e04aec0e5620bf431c7917baf9795130d547e7caeb92fe9b7e8798a6110cf7,2021-05,Humberside Police,Humberside Police,-0.450739,53.726379,On or near Conisbro Croft,E01013005,East Riding of Yorkshire 036A,Violence and sexual offences,Investigation complete; no suspect identified,
,2021-05,Humberside Police,Humberside Police,-0.440398,53.727297,On or near Mount Avenue,E01013007,East Riding of Yorkshire 036B,Anti-social behaviour,,
0ec606a25a0c6bc4b7dc31d58d89bd76ad596d6414cd820f422363dc73b7d154,2021-05,Humberside Police,Humberside Police,-0.442875,53.726304,On or near May Grove,E01013007,East Riding of Yorkshire 036B,Bicycle theft,Investigation complete; no suspect identified,
e0233a5c1482778c05ffec9ee0daedf7242e687475970610d67736b89cb141fd,2021-05,Humberside Police,Humberside Police,-0.439440,53.723689,On or near Salisbury Street,E01013007,East Riding of Yorkshire 036B,Bicycle theft,Investigation complete; no suspect identified,
faf5a95b17dbf847e8f68fc3253eae70e6074c21da6a132b11ada4edbbde8988,2021-05,Humberside Police,Humberside Police,-0.439936,53.726257,On or near Westbourne Grove,E01013007,East Riding of Yorkshire 036B,Burglary,Investigation complete; no suspect identified,
d02eebada9534fd67d4ed630b4f8ea1c3a44467bcfa51ebbc146cb61cf256284,2021-05,Humberside Police,Humberside Police,-0.439247,53.723174,On or near Gladstone Street,E01013007,East Riding of Yorkshire 036B,Burglary,Investigation complete; no suspect identified,
16b7f42280cb75cdbd5f42634e0819548c9ea7d559de2498b71cbb7791f0311b,2021-05,Humberside Police,Humberside Police,-0.439247,53.723174,On or near Gladstone Street,E01013007,East Riding of Yorkshire 036B,Burglary,Investigation complete; no suspect identified,
f6ac2fef6455d8e8295d72c680b40b6770a85ba9d5d1e0f9c7d5b0af82c13e68,2021-05,Humberside Police,Humberside Police,-0.437988,53.723607,On or near The Weir,E01013007,East Riding of Yorkshire 036B,Burglary,Investigation complete; no suspect identified,
1caa04112a61761962f7cb0e3b9926bc7b63aa97621b499dfcb92a1a093a4caa,2021-05,Humberside Police,Humberside Police,-0.447328,53.725158,On or near Woodside,E01013007,East Riding of Yorkshire 036B,Criminal damage and arson,Investigation complete; no suspect identified,
528493187a7567a4701e3430b03b9e63526ae58f7b5451d9632932fdd1f31616,2021-05,Humberside Police,Humberside Police,-0.440398,53.727297,On or near Mount Avenue,E01013007,East Riding of Yorkshire 036B,Drugs,Offender given a drugs possession warning,
48c09c192549e025fbdc58434bb659527c1a93e9132245db298412d2923099c6,2021-05,Humberside Police,Humberside Police,-0.442875,53.726304,On or near May Grove,E01013007,East Riding of Yorkshire 036B,Other theft,Investigation complete; no suspect identified,
8a36b4f792bf6dfdcf484f9d558ed8d952cf67b1dd26b5e92e4a28f07343d143,2021-05,Humberside Police,Humberside Police,-0.439247,53.723174,On or near Gladstone Street,E01013007,East Riding of Yorkshire 036B,Other theft,Unable to prosecute suspect,
dd71d4c9856e4730c1fbadbddb25b655816bafd8e219c7d3c2dd67bf030021a8,2021-05,Humberside Police,Humberside Police,-0.442875,53.726304,On or near May Grove,E01013007,East Riding of Yorkshire 036B,Vehicle crime,Investigation complete; no suspect identified,
1283ca813ecd93464145915a8d0cae774502884ada544c78d9fc5143c1693beb,2021-05,Humberside Police,Humberside Police,-0.440398,53.727297,On or near Mount Avenue,E01013007,East Riding of Yorkshire 036B,Violence and sexual offences,Investigation complete; no suspect identified,
5219993e799a04aaaece04637c67782998d220abf293c1d0ada4edc12a8121f5,2021-05,Humberside Police,Humberside Police,-0.437380,53.724453,On or near Tower Hill,E01013007,East Riding of Yorkshire 036B,Violence and sexual offences,Investigation complete; no suspect identified,
c776dd78c9b39072061ef191e56de0c3236520ce091da6d5ab8fa3b3a506dc47,2021-05,Humberside Police,Humberside Police,-0.439247,53.723174,On or near Gladstone Street,E01013007,East Riding of Yorkshire 036B,Violence and sexual offences,Unable to prosecute suspect,
d793513955658fe1be6c15b6decdd6f69df013b65d9ea2d2d773210161bfd0ca,2021-05,Humberside Police,Humberside Police,-0.439247,53.723174,On or near Gladstone Street,E01013007,East Riding of Yorkshire 036B,Violence and sexual offences,Unable to prosecute suspect,
abe5b07d2e0a8bbc96d148cf552f0d3de4bd76815e555e85b0ce3771b8bf654d,2021-05,Humberside Police,Humberside Police,-0.440398,53.727297,On or near Mount Avenue,E01013007,East Riding of Yorkshire 036B,Violence and sexual offences,Investigation complete; no suspect identified,
,2021-05,Humberside Police,Humberside Police,-0.436084,53.725092,On or near Northgate,E01013011,East Riding of Yorkshire 036C,Anti-social behaviour,,
,2021-05,Humberside Police,Humberside Police,-0.437153,53.727713,On or near Avenue Halcyon,E01013011,East Riding of Yorkshire 036C,Anti-social behaviour,,
,2021-05,Humberside Police,Humberside Police,-0.437153,53.727713,On or near Avenue Halcyon,E01013011,East Riding of Yorkshire 036C,Anti-social behaviour,,
,2021-05,Humberside Police,Humberside Police,-0.439817,53.731092,On or near Boothferry Road,E01013011,East Riding of Yorkshire 036C,Anti-social behaviour,,
,2021-05,Humberside Police,Humberside Police,-0.443864,53.728654,On or near Denesway,E01013011,East Riding of Yorkshire 036C,Anti-social behaviour,,
4a1c81792128cd2546a9f9704dff8a99fd78959fb80f2f2be0d6059821d41bd7,2021-05,Humberside Police,Humberside Police,-0.437153,53.727713,On or near Avenue Halcyon,E01013011,East Riding of Yorkshire 036C,Burglary,Investigation complete; no suspect identified,
319b7e904cc3124243b3cabb51273575b5787cc28977eefa362eb48d74a0fed0,2021-05,Humberside Police,Humberside Police,-0.433838,53.727202,On or near Northolme Circle,E01013011,East Riding of Yorkshire 036C,Criminal damage and arson,Investigation complete; no suspect identified,
ea3872baaef0c7587217e8eea9430636a73a277c77f8626b0f63ba9522606f91,2021-05,Humberside Police,Humberside Police,-0.434710,53.723303,On or near The Square,E01013011,East Riding of Yorkshire 036C,Drugs,Unable to prosecute suspect,
dc536d7a7869d8f0aa438e65e08e064c7bec56b531998f0a62d345592cfcef5a,2021-05,Humberside Police,Humberside Police,-0.434710,53.723303,On or near The Square,E01013011,East Riding of Yorkshire 036C,Other theft,Investigation complete; no suspect identified,
876f55a2ef83ba780c3fe653edcd96dfb2338cede43f63135c46d0c887604b0e,2021-05,Humberside Police,Humberside Police,-0.434710,53.723303,On or near The Square,E01013011,East Riding of Yorkshire 036C,Public order,Investigation complete; no suspect identified,
f633a139a5bd0b06b32b781e332dde5d9bd66795809630b80610531e9bbf049d,2021-05,Humberside Police,Humberside Police,-0.439817,53.731092,On or near Boothferry Road,E01013011,East Riding of Yorkshire 036C,Vehicle crime,Investigation complete; no suspect identified,
,2021-05,Humberside Police,Humberside Police,-0.451162,53.730960,On or near Rosemount Grange,E01013012,East Riding of Yorkshire 036D,Anti-social behaviour,,
81d5ad80c632ac37dfb8abbfa5b0ac43a8871cf0b51843706fd0f37cd2ba89f1,2021-05,Humberside Police,Humberside Police,-0.449563,53.727443,On or near Elmswood,E01013012,East Riding of Yorkshire 036D,Criminal damage and arson,Status update unavailable,
ed388565b9d4785fc637738c0cd0cb8cfda33e0043deb883da6938fe53ff1856,2021-05,Humberside Police,Humberside Police,-0.451555,53.728907,On or near Lodge Gardens,E01013012,East Riding of Yorkshire 036D,Public order,Unable to prosecute suspect,
2fc48bbaa953d2cb22e58ff2642855bd1f4b9b7c19e0d3ae6c37fe88d6b5251f,2021-05,Humberside Police,Humberside Police,-0.453612,53.727792,On or near Headlands Drive,E01013012,East Riding of Yorkshire 036D,Public order,Further investigation is not in the public interest,
08bf28e68e2eac9b645e59909dd0615f9f35d5e47997c8412956eb2505d0598e,2021-05,Humberside Police,Humberside Police,-0.447563,53.727821,On or near Hillcrest Avenue,E01013012,East Riding of Yorkshire 036D,Public order,Court result unavailable,
483cc43fe86e3f3e30e95cf773956833ea6b64a0f7cf8ad48948ccc55c64e436,2021-05,Humberside Police,Humberside Police,-0.453819,53.730410,On or near Tranby Park Meadows,E01013012,East Riding of Yorkshire 036D,Violence and sexual offences,Local resolution,
ace0aaa98dd2902358fc5a561ef3deb5ad2f36e6d46998ccf771a17df7bae942,2021-05,Humberside Police,Humberside Police,-0.453819,53.730410,On or near Tranby Park Meadows,E01013012,East Riding of Yorkshire 036D,Violence and sexual offences,Unable to prosecute suspect,
c525f52d88990bdb4922dce2adf5e7a802ba1bcc09dcd7401de0f89c34f51d85,2021-05,Humberside Police,Humberside Police,-0.454512,53.732190,On or near Beech Grove,E01013012,East Riding of Yorkshire 036D,Violence and sexual offences,Unable to prosecute suspect,
2756104da4214c2e40d6c634bd129097e945a5e1d5a35989e04ed4fdfaf5ceaf,2021-05,Humberside Police,Humberside Police,-0.451555,53.728907,On or near Lodge Gardens,E01013012,East Riding of Yorkshire 036D,Violence and sexual offences,Unable to prosecute suspect,
4e202a92208eab195a744b521023de13d830b2f2f8d196fe5937b9e0b239b17e,2021-05,Humberside Police,Humberside Police,-0.453612,53.727792,On or near Headlands Drive,E01013012,East Riding of Yorkshire 036D,Other crime,Court result unavailable,
94a007e48631edffd82eb436501ba0767b283c3d564544dbc38278b5f7fe34c9,2021-05,Humberside Police,Humberside Police,-0.846652,53.721154,On or near Water Lane,E01012996,East Riding of Yorkshire 037A,Burglary,Investigation complete; no suspect identified,
7bc4e2766159727f6da73c69d0b8cd60af0fa80e62f0673d35fbd024f4caacfd,2021-05,Humberside Police,Humberside Police,-0.847077,53.722263,On or near Sports/Recreation Area,E01012996,East Riding of Yorkshire 037A,Criminal damage and arson,Unable to prosecute suspect,
b43e8c1f3e012a8915448b8f05479fb697abcca335ae2b7e7f86753ca704811b,2021-05,Humberside Police,Humberside Police,-0.847454,53.719004,On or near Jefferson Close,E01012996,East Riding of Yorkshire 037A,Violence and sexual offences,Unable to prosecute suspect,
187f53017fc8b8a18d143da73d19e06865ffc8d6144125b9559ce1408fa10cd9,2021-05,Humberside Police,Humberside Police,-0.846050,53.718802,On or near Moorings Court,E01012996,East Riding of Yorkshire 037A,Violence and sexual offences,Unable to prosecute suspect,
dc6bd01a4357cf8f41f13428545085d47e1260b68d852e18f81c759e7c20c29c,2021-05,Humberside Police,Humberside Police,-0.873659,53.714319,On or near Woodland Avenue,E01012998,East Riding of Yorkshire 037B,Burglary,Investigation complete; no suspect identified,
545ad9bc07a0578e5fc4a211c77864b7d3d851c12b05d6a4e5951665b6593c03,2021-05,Humberside Police,Humberside Police,-0.874509,53.715405,On or near Hospital,E01012998,East Riding of Yorkshire 037B,Other theft,Investigation complete; no suspect identified,
8dcc1d891980970e3068d1a419d2ddeb1e60e765b3fcc03020adf591fdfa4e56,2021-05,Humberside Police,Humberside Police,-0.873659,53.714319,On or near Woodland Avenue,E01012998,East Riding of Yorkshire 037B,Public order,Investigation complete; no suspect identified,
24dea0320fd92a860d417bdee5698c096fdb4cda1e82edec89e45e98288e2844,2021-05,Humberside Police,Humberside Police,-0.869634,53.714685,On or near Westbourne Grove,E01012998,East Riding of Yorkshire 037B,Vehicle crime,Investigation complete; no suspect identified,
,2021-05,Humberside Police,Humberside Police,-0.863783,53.745119,On or near Charles Briggs Avenue,E01013015,East Riding of Yorkshire 037C,Anti-social behaviour,,
,2021-05,Humberside Police,Humberside Police,-0.857239,53.748778,On or near Derwent Road,E01013015,East Riding of Yorkshire 037C,Anti-social behaviour,,
ca50bcc75dfc2bd6777025a2dc865c10d6faffa8a2a0ba793d79311d3aa04bb7,2021-05,Humberside Police,Humberside Police,-0.854091,53.749117,On or near Hull Road Avenue,E01013015,East Riding of Yorkshire 037C,Criminal damage and arson,Local resolution,
4afc83ae346b1588dcd3888c86af89dbc5ccce113a5924387271d907d5febf7c,2021-05,Humberside Police,Humberside Police,-0.854091,53.749117,On or near Hull Road Avenue,E01013015,East Riding of Yorkshire 037C,Other theft,Unable to prosecute suspect,
a2dd1942d4378a1a98656c3a8a70e6c8a0e1784fa48fc34b960234b62202f168,2021-05,Humberside Police,Humberside Police,-0.854091,53.749117,On or near Hull Road Avenue,E01013015,East Riding of Yorkshire 037C,Other theft,Further investigation is not in the public interest,
979b09c9f60836a6d3b404f2c4592791bc65a242cd9719d126a4995576933cc3,2021-05,Humberside Police,Humberside Police,-0.854091,53.749117,On or near Hull Road Avenue,E01013015,East Riding of Yorkshire 037C,Other theft,Investigation complete; no suspect identified,
dac7647db3d01ba199850edea7a01dd9362d933d0f7e5eae0ca09eeb17dfac0e,2021-05,Humberside Police,Humberside Police,-0.866860,53.745742,On or near Vicar Lane,E01013015,East Riding of Yorkshire 037C,Public order,Investigation complete; no suspect identified,
951901871f5c2321661742d0f8b5ed44109b55c4aead411abcce9bcd760b2b08,2021-05,Humberside Police,Humberside Police,-0.866175,53.745816,On or near Market Place,E01013015,East Riding of Yorkshire 037C,Public order,Investigation complete; no suspect identified,
50cb8b08f20ef1d4e2798efc556f6e44ac4c94698ad9d080bc3ecd351f576e51,2021-05,Humberside Police,Humberside Police,-0.866860,53.745742,On or near Vicar Lane,E01013015,East Riding of Yorkshire 037C,Public order,Local resolution,
4fae23dcb4901f1c142afaca0000c13d794a2a966044a6fcddf60cb725f431c0,2021-05,Humberside Police,Humberside Police,-0.854091,53.749117,On or near Hull Road Avenue,E01013015,East Riding of Yorkshire 037C,Public order,Unable to prosecute suspect,
472f6cbc74526588b3359cc534059654ef57b7d75bca4bd9e992d0874e04d4d8,2021-05,Humberside Police,Humberside Police,-0.861500,53.744873,On or near Sports/Recreation Area,E01013015,East Riding of Yorkshire 037C,Public order,Local resolution,
027f278071b2a33ce2bb403a834724d8b8372f7af0a281af92b703bb752d2ba4,2021-05,Humberside Police,Humberside Police,-0.854091,53.749117,On or near Hull Road Avenue,E01013015,East Riding of Yorkshire 037C,Violence and sexual offences,Unable to prosecute suspect,
bf7f6fbc37aff619c47922f25a465bc4058aaec2fd5603ac346637540b693564,2021-05,Humberside Police,Humberside Police,-0.858915,53.745720,On or near Langrick Avenue,E01013015,East Riding of Yorkshire 037C,Violence and sexual offences,Unable to prosecute suspect,
db797014f4c8e67b3ce6c2e89c860fbd0a46f5ed4de8acd5fec9f210f27175c4,2021-05,Humberside Police,Humberside Police,-0.861500,53.744873,On or near Sports/Recreation Area,E01013015,East Riding of Yorkshire 037C,Other crime,Offender given a caution,
41d6ae138b983c5c78dcfa5d13d0510d78e5e0391f03f1fe1987f76f00440608,2021-05,Humberside Police,Humberside Police,-0.871740,53.744143,On or near Skirlaw Close,E01013016,East Riding of Yorkshire 037D,Burglary,Investigation complete; no suspect identified,
726f3782d2a8db79a834eb0c343a955126f6a31061cb46fdead53090408c4ee8,2021-05,Humberside Police,Humberside Police,-0.953378,53.749656,On or near Derwent Chase,E01013016,East Riding of Yorkshire 037D,Public order,Unable to prosecute suspect,
68a82cbcc65dd016cb264a5f02cb98858acb79c344136db21b52d8e9dfe300d7,2021-05,Humberside Police,Humberside Police,-0.955551,53.748237,On or near South Street,E01013016,East Riding of Yorkshire 037D,Public order,Unable to prosecute suspect,
0395485e62bdf6476323709f7ee180d0aa73d296718c314496e12e711360eb88,2021-05,Humberside Police,Humberside Police,-0.955551,53.748237,On or near South Street,E01013016,East Riding of Yorkshire 037D,Public order,Local resolution,
ad032eef71942b97a787560af1fba970e1d2da80ba6782fd036f48b6db42433b,2021-05,Humberside Police,Humberside Police,-0.863978,53.742379,On or near Broad Lane,E01013016,East Riding of Yorkshire 037D,Violence and sexual offences,Investigation complete; no suspect identified,
0b2924b366d9c2f835d976c44f6cfa9af3bbefc6bcd0f8839981c27d0410a0ab,2021-05,Humberside Police,Humberside Police,-0.863978,53.742379,On or near Broad Lane,E01013016,East Riding of Yorkshire 037D,Violence and sexual offences,Unable to prosecute suspect,
8ea4ae73f8d61df0c8e4b257e3303d6853cf4b64bb1d8cef849baedd518af669,2021-05,Humberside Police,Humberside Police,-0.912754,53.743048,On or near Back Lane,E01013016,East Riding of Yorkshire 037D,Violence and sexual offences,Unable to prosecute suspect,
44912520fd96ef1d7bbc291a12137445a5292e7eb19a8640b677c219e96f14d4,2021-05,Humberside Police,Humberside Police,-0.959112,53.750191,On or near High Street,E01013016,East Riding of Yorkshire 037D,Violence and sexual offences,Local resolution,
abe1cd79dee38c375d30de57c11516410c078623943fed1b30be210db496002b,2021-05,Humberside Police,Humberside Police,-0.872602,53.739710,On or near The Meadows,E01013016,East Riding of Yorkshire 037D,Violence and sexual offences,Investigation complete; no suspect identified,
,2021-05,Humberside Police,Humberside Police,-0.854810,53.711497,On or near Maple Drive,E01013003,East Riding of Yorkshire 038A,Anti-social behaviour,,
49d0c36449bb15b8d1717d56088bff88bcdeb42ce42ffb540ed59a7d4714f46a,2021-05,Humberside Police,Humberside Police,-0.855213,53.711744,On or near Sandhall Drive,E01013003,East Riding of Yorkshire 038A,Drugs,Offender given a drugs possession warning,
dc59525f95a0c96c284d1f01f8f77bf3608abedc499526816875c2535045457b,2021-05,Humberside Police,Humberside Police,-0.854634,53.710192,On or near Olive Grove,E01013003,East Riding of Yorkshire 038A,Other theft,Investigation complete; no suspect identified,
516b9ba3c02288cb758023e7138bfdb93117a0b539749902f7aac22ef3ab2285,2021-05,Humberside Police,Humberside Police,-0.853734,53.711523,On or near Millennium Way,E01013003,East Riding of Yorkshire 038A,Other theft,Investigation complete; no suspect identified,
7705756da33a52792b8e893aa7eb2829001bf96f9a4099361b0dd4806afe7acc,2021-05,Humberside Police,Humberside Police,-0.854810,53.711497,On or near Maple Drive,E01013003,East Riding of Yorkshire 038A,Public order,Unable to prosecute suspect,
241ae21f259e4aa7b41967470733e64362b21ed9d532da1910443039b6b83c71,2021-05,Humberside Police,Humberside Police,-0.851167,53.708973,On or near Richmond Drive,E01013003,East Riding of Yorkshire 038A,Violence and sexual offences,Unable to prosecute suspect,
,2021-05,Humberside Police,Humberside Police,-0.869718,53.746029,On or near Applegate,E01013017,East Riding of Yorkshire 038B,Anti-social behaviour,,
,2021-05,Humberside Police,Humberside Police,-0.869718,53.746029,On or near Applegate,E01013017,East Riding of Yorkshire 038B,Anti-social behaviour,,
,2021-05,Humberside Police,Humberside Police,-0.868912,53.746102,On or near Northolmby Street,E01013017,East Riding of Yorkshire 038B,Anti-social behaviour,,
d2bec59fd9ea8cf0672757a8b13c8375251c9f771e0c37a84bef409ea17695fd,2021-05,Humberside Police,Humberside Police,-0.867045,53.746184,On or near St Helen'S Square,E01013017,East Riding of Yorkshire 038B,Public order,Court result unavailable,
a17d0f5f370feab98d40b09a0387d9b185b7be674d7e716ca019b919b6c69656,2021-05,Humberside Police,Humberside Police,-0.867045,53.746184,On or near St Helen'S Square,E01013017,East Riding of Yorkshire 038B,Public order,Court result unavailable,
dd179afd5667f9d502ff7196a2e3fe3f956b74b50909a48f2744f2e2259f96ae,2021-05,Humberside Police,Humberside Police,-0.874702,53.747352,On or near Blakeys Crossing,E01013017,East Riding of Yorkshire 038B,Violence and sexual offences,Unable to prosecute suspect,
44310375a9e31d4f88479523fead8477ea5ed4144518cff5f14b0e8fff5fbc16,2021-05,Humberside Police,Humberside Police,-0.874702,53.747352,On or near Blakeys Crossing,E01013017,East Riding of Yorkshire 038B,Violence and sexual offences,Unable to prosecute suspect,
875da048459f8a34c7a6d968a6a04a9e48e12f4c91ca87d5fae282e2def30c14,2021-05,Humberside Police,Humberside Police,-0.852756,53.750236,On or near Thorpe Road Avenue,E01013017,East Riding of Yorkshire 038B,Violence and sexual offences,Offender given a caution,
2c737ec11ad4b412001361f4f7d2fe9afd93c940f9f3891df6891b000ce53378,2021-05,Humberside Police,Humberside Police,-0.852756,53.750236,On or near Thorpe Road Avenue,E01013017,East Riding of Yorkshire 038B,Violence and sexual offences,Further action is not in the public interest,
1dcd096a816a04d1fbe64b3eec19f8330574e5e6419ca1c02bb824c5900a6d43,2021-05,Humberside Police,Humberside Police,-0.827294,53.733883,On or near Narrow Lane,E01013020,East Riding of Yorkshire 038C,Burglary,Investigation complete; no suspect identified,
78ff71b56cb0f812b5a6be9ce428381f0cb8c6d575f7103831f284d326a6da56,2021-05,Humberside Police,Humberside Police,-0.805786,53.758371,On or near Howden Road,E01013020,East Riding of Yorkshire 038C,Criminal damage and arson,Investigation complete; no suspect identified,
c07886457687f5f5b17f8a3023964920f4b2cf18caa70477ea112487e537cd2d,2021-05,Humberside Police,Humberside Police,-0.798298,53.765082,On or near Portington Road,E01013020,East Riding of Yorkshire 038C,Public order,Investigation complete; no suspect identified,
dc37f76d2b5d45a752f38069295b97addd679c0d6103d1f9b6285114dd2b654e,2021-05,Humberside Police,Humberside Police,-0.792280,53.760150,On or near Church View,E01013020,East Riding of Yorkshire 038C,Other crime,Investigation complete; no suspect identified,
4630d562b4435abda190907ec04bc93204d842e0317903ae3a12f331f1744928,2021-05,Humberside Police,Humberside Police,-0.828498,53.687836,On or near Park Street,E01013076,East Riding of Yorkshire 038D,Burglary,Investigation complete; no suspect identified,
91487374f24832b33b7ab9499c320957cbcfff208ac927159566f684ff4006f7,2021-05,Humberside Police,Humberside Police,-0.828498,53.687836,On or near Park Street,E01013076,East Riding of Yorkshire 038D,Other theft,Investigation complete; no suspect identified,
f1388666da30c4f8b0f61d46a050de229bd19ec2ab3a1aa02b186d7610cc64e5,2021-05,Humberside Police,Humberside Police,-0.746840,53.697734,On or near Sports/Recreation Area,E01013076,East Riding of Yorkshire 038D,Public order,Unable to prosecute suspect,
9543abfedea6c20a7b7e5afd0ef3a0a8f3656334211ca56249957562a5639d42,2021-05,Humberside Police,Humberside Police,-0.793003,53.678810,On or near Kings Causeway,E01013076,East Riding of Yorkshire 038D,Public order,Unable to prosecute suspect,
04ca4da1f9598c8b700b58da0778635802e38501e0de9273bffc64500bf8fe54,2021-05,Humberside Police,Humberside Police,-0.836730,53.690254,On or near Ogilvey Close,E01013076,East Riding of Yorkshire 038D,Public order,Investigation complete; no suspect identified,
48612a12269eef6a305b72cc92c2428d8f8dd022ef455b8b9e1a27ef21cae47d,2021-05,Humberside Police,Humberside Police,-0.765062,53.690993,On or near Justice Lane,E01013076,East Riding of Yorkshire 038D,Public order,Unable to prosecute suspect,
8924cadd29b6f1d75fb99df360f1972a129e7c25ea277e359cc97faba33404f1,2021-05,Humberside Police,Humberside Police,-0.836008,53.691164,On or near High Street,E01013076,East Riding of Yorkshire 038D,Public order,Investigation complete; no suspect identified,
80e27b986cbd20946c747ebfb000c481e240f710761dc7e584ec1532246445e4,2021-05,Humberside Police,Humberside Police,-0.834947,53.690093,On or near Quayfield Square,E01013076,East Riding of Yorkshire 038D,Vehicle crime,Investigation complete; no suspect identified,
24c27ed83bef4406f863c59eb5bb0b9a00230076650406d301733a5fd6bb7ffd,2021-05,Humberside Police,Humberside Police,-0.765062,53.690993,On or near Justice Lane,E01013076,East Riding of Yorkshire 038D,Violence and sexual offences,Action to be taken by another organisation,
d34e9ba6558f1f1f9e1fa6d51aa34add27d44281454e3b95df394edd2488476e,2021-05,Humberside Police,Humberside Police,-0.793413,53.697852,On or near Manor Road,E01013076,East Riding of Yorkshire 038D,Violence and sexual offences,Local resolution,
770ced953c73a914a81652ee14a03201b53c327057f3a8b5c119713a29941349,2021-05,Humberside Police,Humberside Police,0.042621,53.719290,On or near Newsham Gardens,E01013079,East Riding of Yorkshire 039A,Public order,Unable to prosecute suspect,
115d17df1e8b62d48a1c40971393c2f2f38b01e89af2b96065163de60b93bd6d,2021-05,Humberside Police,Humberside Police,0.039922,53.719578,On or near Hollym Road,E01013079,East Riding of Yorkshire 039A,Vehicle crime,Investigation complete; no suspect identified,
fcb56aea8a8dd398a470341aa3139b9dce2d2b2191d80a81fc4045946c44a526,2021-05,Humberside Police,Humberside Police,0.041634,53.717068,On or near Colleys,E01013079,East Riding of Yorkshire 039A,Violence and sexual offences,Unable to prosecute suspect,
4d23fe0c7a5d32d2f8d7f6e01c235ae5338b535a73af697730b056f02b1e4031,2021-05,Humberside Police,Humberside Police,0.041634,53.717068,On or near Colleys,E01013079,East Riding of Yorkshire 039A,Violence and sexual offences,Unable to prosecute suspect,
45a0964786124730740599e81820b23d6786cd2b6da556ee4600162635a34eb2,2021-05,Humberside Police,Humberside Police,0.041634,53.717068,On or near Colleys,E01013079,East Riding of Yorkshire 039A,Violence and sexual offences,Unable to prosecute suspect,
,2021-05,Humberside Police,Humberside Police,0.030039,53.731217,On or near Hull Road,E01013080,East Riding of Yorkshire 039B,Anti-social behaviour,,
,2021-05,Humberside Police,Humberside Police,0.029850,53.734834,On or near North Gate,E01013080,East Riding of Yorkshire 039B,Anti-social behaviour,,
,2021-05,Humberside Police,Humberside Police,0.025532,53.736157,On or near Northfield,E01013080,East Riding of Yorkshire 039B,Anti-social behaviour,,
58054aef4f9c0a4f95814e7e15025a49790dbe681806d5504aee4e92a3a2d2be,2021-05,Humberside Police,Humberside Police,0.028700,53.734260,On or near Hubert Street,E01013080,East Riding of Yorkshire 039B,Burglary,Investigation complete; no suspect identified,
21dee77b6907fc39fe7dce77fa8c6c1b6407c532290587f369dba112ddadeb2a,2021-05,Humberside Police,Humberside Police,0.026468,53.734820,On or near Owthorne Walk,E01013080,East Riding of Yorkshire 039B,Other theft,Unable to prosecute suspect,
f25fb2fd9e0177faa0a43a6d110b88bad319dbad72d3f941748f58487fde07f1,2021-05,Humberside Police,Humberside Police,0.029480,53.732197,On or near Walter Street,E01013080,East Riding of Yorkshire 039B,Violence and sexual offences,Local resolution,
b6a3494d9cff32979f6e9bbb94636bbdfabeda4d57d92969901315780a2419b3,2021-05,Humberside Police,Humberside Police,0.029480,53.732197,On or near Walter Street,E01013080,East Riding of Yorkshire 039B,Violence and sexual offences,Unable to prosecute suspect,
,2021-05,Humberside Police,Humberside Police,0.033997,53.730593,On or near Memorial Avenue,E01013083,East Riding of Yorkshire 039C,Anti-social behaviour,,
,2021-05,Humberside Police,Humberside Police,0.031591,53.732584,On or near Bannister Street,E01013083,East Riding of Yorkshire 039C,Anti-social behaviour,,
,2021-05,Humberside Police,Humberside Police,0.033997,53.730593,On or near Memorial Avenue,E01013083,East Riding of Yorkshire 039C,Anti-social behaviour,,
f70d9cd9d767e7b8d1f98a154ff90e6b26ac9c6372ec3589c84a431fe9f3858a,2021-05,Humberside Police,Humberside Police,0.038147,53.725811,On or near Southcliff Road,E01013083,East Riding of Yorkshire 039C,Criminal damage and arson,Unable to prosecute suspect,
bb5ead24d48aa47af19faadb88cac4e340417166b092944f06af5f3016c52d05,2021-05,Humberside Police,Humberside Police,0.031885,53.730188,On or near Railway Crescent,E01013083,East Riding of Yorkshire 039C,Criminal damage and arson,Court result unavailable,
01a24b1373b4c8d05cb5e2dbf3606dbecd1f71e11a4ecaed8c8ee89e0132ff21,2021-05,Humberside Police,Humberside Police,0.031678,53.732502,On or near Young Street,E01013083,East Riding of Yorkshire 039C,Criminal damage and arson,Investigation complete; no suspect identified,
0356e93936fb265ce64b824484a9e5fb5dff62b9f459f44c81b4c106e9557a3e,2021-05,Humberside Police,Humberside Police,0.038147,53.725811,On or near Southcliff Road,E01013083,East Riding of Yorkshire 039C,Criminal damage and arson,Investigation complete; no suspect identified,
8c38d6943a62dc59bfa3fd8e65cdb5e96b78d35198023a84f897b36c6abe559d,2021-05,Humberside Police,Humberside Police,0.032989,53.730448,On or near Shopping Area,E01013083,East Riding of Yorkshire 039C,Other theft,Unable to prosecute suspect,
ac0509118f20ce62bc1cb99e9019a3bf05b7d64f1100ba6d64964a527c6cb245,2021-05,Humberside Police,Humberside Police,0.033997,53.730593,On or near Memorial Avenue,E01013083,East Riding of Yorkshire 039C,Public order,Investigation complete; no suspect identified,
314a08ffe578bfe6039ad4da699b6deed6edd63682d3b124e215bafa3c369ddc,2021-05,Humberside Police,Humberside Police,0.032989,53.730448,On or near Shopping Area,E01013083,East Riding of Yorkshire 039C,Public order,Investigation complete; no suspect identified,
eb116b58388b2161fef919ec10bcb5a8e551d05a13ff9180b2a84ae2320ad414,2021-05,Humberside Police,Humberside Police,0.033997,53.730593,On or near Memorial Avenue,E01013083,East Riding of Yorkshire 039C,Public order,Local resolution,
adc9fcd03495cf5dd500324573ef288822095d55285c052b6933477ca29b1506,2021-05,Humberside Police,Humberside Police,0.033377,53.729686,On or near Supermarket,E01013083,East Riding of Yorkshire 039C,Public order,Unable to prosecute suspect,
4fa40b56e58d0d6b565571d9d320bd1d082fb39b31aeb184100ef2feb35b9b58,2021-05,Humberside Police,Humberside Police,0.037560,53.726846,On or near Lee Avenue,E01013083,East Riding of Yorkshire 039C,Public order,Unable to prosecute suspect,
0006d781162d9b9f4d9e684b2e60d58aa1e5417a4be3f6af0177b9730ca4298a,2021-05,Humberside Police,Humberside Police,0.038573,53.725535,On or near King Street,E01013083,East Riding of Yorkshire 039C,Public order,Unable to prosecute suspect,
884516f67c577f85501dea3572c20f405bde1076503eb0391f6558051a101c79,2021-05,Humberside Police,Humberside Police,0.031591,53.732584,On or near Bannister Street,E01013083,East Riding of Yorkshire 039C,Public order,Unable to prosecute suspect,
9145c8dec65eff2e22ae5f1a61984b7398a7562da4105fc4db0a7eb0917d0b83,2021-05,Humberside Police,Humberside Police,0.035747,53.728549,On or near Queen Street,E01013083,East Riding of Yorkshire 039C,Public order,Unable to prosecute suspect,
1abd690aa10b5fa1b50830838098c203a175a5339a9729d3445d1c6dee876f2b,2021-05,Humberside Police,Humberside Police,0.032989,53.730448,On or near Shopping Area,E01013083,East Riding of Yorkshire 039C,Public order,Unable to prosecute suspect,
874fa1d59b5478b785c75187e1550af6548cced0083bc63e1051d27ab26f187d,2021-05,Humberside Police,Humberside Police,0.038147,53.725811,On or near Southcliff Road,E01013083,East Riding of Yorkshire 039C,Public order,Unable to prosecute suspect,
9e3569f29ce9ebc7f1d078f55e6c0078b01c1fd2d0e2de2127cf5323b1e0cf9c,2021-05,Humberside Police,Humberside Police,0.033377,53.729686,On or near Supermarket,E01013083,East Riding of Yorkshire 039C,Shoplifting,Unable to prosecute suspect,
bbf07ccd8575bc4c3aa67e7fd00d48fb1c93991fdc8f10fc8b22ec0ec56d6b47,2021-05,Humberside Police,Humberside Police,0.032877,53.732832,On or near North Promenade,E01013083,East Riding of Yorkshire 039C,Vehicle crime,Investigation complete; no suspect identified,
d6cb309f5088cfce2336a20b540fa857d9d6bb1fb7ab1ef1c6c5f4eca073460e,2021-05,Humberside Police,Humberside Police,0.038573,53.725535,On or near King Street,E01013083,East Riding of Yorkshire 039C,Violence and sexual offences,Unable to prosecute suspect,
e30e83678896f656a1b780e73488eedec744788c579de20bad8e344e9b4dbf65,2021-05,Humberside Police,Humberside Police,0.031885,53.730188,On or near Railway Crescent,E01013083,East Riding of Yorkshire 039C,Violence and sexual offences,Unable to prosecute suspect,
0cde06075bfc45f4ebd48a176831c0d3f8ef7772e4a5e4bb0d7da6e4f318cc62,2021-05,Humberside Police,Humberside Police,0.032877,53.732832,On or near North Promenade,E01013083,East Riding of Yorkshire 039C,Violence and sexual offences,Unable to prosecute suspect,
e7da336425dbe36b21a89fc5c79f4908568bc63192d089e75477af4229db5f63,2021-05,Humberside Police,Humberside Police,0.036753,53.728029,On or near High Brighton Street,E01013083,East Riding of Yorkshire 039C,Violence and sexual offences,Local resolution,
7d0576a3c802e6f4f998de5de33ee77776719cd4fd7ad7a4b5d7c9f70e16b115,2021-05,Humberside Police,Humberside Police,0.036753,53.728029,On or near High Brighton Street,E01013083,East Riding of Yorkshire 039C,Violence and sexual offences,Local resolution,
b5100a6125f05f92a15e3f823864252d795f46402a2fa915bc6772c85985488d,2021-05,Humberside Police,Humberside Police,0.032891,53.731564,On or near Bus/Coach Station,E01013083,East Riding of Yorkshire 039C,Violence and sexual offences,Action to be taken by another organisation,
c80511deabf4b98d6db83f9e8d704c5adc1d50669b4abe717f00fe9e3dd0d489,2021-05,Humberside Police,Humberside Police,0.035747,53.728549,On or near Queen Street,E01013083,East Riding of Yorkshire 039C,Violence and sexual offences,Investigation complete; no suspect identified,
5089064dde89ba8df8f3333da14082440565ca216f544ac39dabb3c240e7961c,2021-05,Humberside Police,Humberside Police,0.038573,53.725535,On or near King Street,E01013083,East Riding of Yorkshire 039C,Violence and sexual offences,Unable to prosecute suspect,
,2021-05,Humberside Police,Humberside Police,0.032633,53.726202,On or near Kirkfield Road,E01013084,East Riding of Yorkshire 039D,Anti-social behaviour,,
,2021-05,Humberside Police,Humberside Police,0.038237,53.725172,On or near Prince'S Avenue,E01013084,East Riding of Yorkshire 039D,Anti-social behaviour,,
,2021-05,Humberside Police,Humberside Police,0.038237,53.725172,On or near Prince'S Avenue,E01013084,East Riding of Yorkshire 039D,Anti-social behaviour,,
561eafd39c8aa3abd0cc81709965fe741c8d33cd0283bc9dacb410523519ea36,2021-05,Humberside Police,Humberside Police,0.030146,53.724311,On or near Cherry Tree Avenue,E01013084,East Riding of Yorkshire 039D,Burglary,Investigation complete; no suspect identified,
edd1eb66ef2bceed2c057617e9bceb79164713dd0c8bbf2d85fceacba82f7345,2021-05,Humberside Police,Humberside Police,0.032633,53.726202,On or near Kirkfield Road,E01013084,East Riding of Yorkshire 039D,Burglary,Investigation complete; no suspect identified,
83d44804cf0c0a015eaa53d19b3f61bf5ec9ef28cdeb2c5d175b78379b082864,2021-05,Humberside Police,Humberside Police,0.030146,53.724311,On or near Cherry Tree Avenue,E01013084,East Riding of Yorkshire 039D,Criminal damage and arson,Unable to prosecute suspect,
92a040a7dcebe7c30d21c4a3c83084e62d48d07fde5510b31c1c5580d45cb506,2021-05,Humberside Police,Humberside Police,0.032888,53.724274,On or near Whitethorn Avenue,E01013084,East Riding of Yorkshire 039D,Criminal damage and arson,Unable to prosecute suspect,
6ede1d59c2af6e5040dc49176dd9d7fbdd7d90434f90a5be898bc114859721b5,2021-05,Humberside Police,Humberside Police,0.032008,53.723623,On or near Francis Avenue,E01013084,East Riding of Yorkshire 039D,Criminal damage and arson,Investigation complete; no suspect identified,
423c6f712bc54aeacdb55dbdc80cb5074981d53f275f083262a17502a2fdb0bf,2021-05,Humberside Police,Humberside Police,0.035691,53.724244,On or near Trinity Fields,E01013084,East Riding of Yorkshire 039D,Public order,Unable to prosecute suspect,
16ffa0d816f5ec2a44748ba3958f2bd267f3a6b912cfec3340d75baf194e86fd,2021-05,Humberside Police,Humberside Police,0.035691,53.724244,On or near Trinity Fields,E01013084,East Riding of Yorkshire 039D,Violence and sexual offences,Unable to prosecute suspect,
c06d005d7b40578d2e28fd42d0d1c5b325d2d3acb1fd28f51ffcab29bdb5af7b,2021-05,Humberside Police,Humberside Police,0.032888,53.724274,On or near Whitethorn Avenue,E01013084,East Riding of Yorkshire 039D,Violence and sexual offences,Unable to prosecute suspect,
78e49991a16bc02be80f5f5c982d76e025d583f963e156654c1b75b814d736c1,2021-05,Humberside Police,Humberside Police,0.032008,53.723623,On or near Francis Avenue,E01013084,East Riding of Yorkshire 039D,Violence and sexual offences,Unable to prosecute suspect,
4724c6baa92dfaa3dcfdb7e483e0eb29fbbc28d6965fbda92057c8b2fefd4b43,2021-05,Humberside Police,Humberside Police,0.034155,53.726014,On or near The Close,E01013084,East Riding of Yorkshire 039D,Violence and sexual offences,Unable to prosecute suspect,
6e3d18446374990613bb70732330b0425045b0aca2535e72bc72ecacc3b5d3b0,2021-05,Humberside Police,Humberside Police,0.032888,53.724274,On or near Whitethorn Avenue,E01013084,East Riding of Yorkshire 039D,Violence and sexual offences,Unable to prosecute suspect,
8a4e37022523937d0e531736ad6dce10ad7772faf1181e6af6bbdecb7a3eb225,2021-05,Humberside Police,Humberside Police,0.035691,53.724244,On or near Trinity Fields,E01013084,East Riding of Yorkshire 039D,Violence and sexual offences,Local resolution,
7c1c773e88d1e5108331b893eddd3e1b0f769d87038d9c20890cb42d7bf5367e,2021-05,Humberside Police,Humberside Police,0.040401,53.723229,On or near Seacroft Road,E01013084,East Riding of Yorkshire 039D,Violence and sexual offences,Local resolution,
ab940e46868f4ea5b3c1071283254731eef3a88efe374f5bf4a21352c9812add,2021-05,Humberside Police,Humberside Police,0.030146,53.724311,On or near Cherry Tree Avenue,E01013084,East Riding of Yorkshire 039D,Violence and sexual offences,Unable to prosecute suspect,
75d1668e785524576378cdaeed7d50fc7b084d7372a216ae163d2a5cd0a8638a,2021-05,Humberside Police,Humberside Police,0.034155,53.726014,On or near The Close,E01013084,East Riding of Yorkshire 039D,Violence and sexual offences,Unable to prosecute suspect,
cd8a5a72c6fc6e3644afb87280c6428ce55775c2f7d6d782ad5c8291cafa3c79,2021-05,Humberside Police,Humberside Police,0.033943,53.724139,On or near Highfield,E01013084,East Riding of Yorkshire 039D,Violence and sexual offences,Status update unavailable,
5fe9ece8a7baafac501bc63cc871c3c2be48ca8ddb1a4496d0600a1c68e905ba,2021-05,Humberside Police,Humberside Police,-0.012904,53.683761,On or near Market Place,E01013086,East Riding of Yorkshire 039E,Burglary,Unable to prosecute suspect,
9b513346cd57b28756b77d32e355da1b96253961e058d8b5eed1fe1f493015bd,2021-05,Humberside Police,Humberside Police,-0.024915,53.671419,On or near Main Street,E01013086,East Riding of Yorkshire 039E,Violence and sexual offences,Unable to prosecute suspect,
16946290f94fcf7dc399b151e820c7c912f01be53fa84b8856dd5475903f0e29,2021-05,Humberside Police,Humberside Police,-0.009887,53.683522,On or near High Street,E01013086,East Riding of Yorkshire 039E,Violence and sexual offences,Unable to prosecute suspect,
773abe02bdd371235754a130589dc4b95d538238fa738914a65132b0a155699e,2021-05,Humberside Police,Humberside Police,-0.011346,53.684059,On or near Petrol Station,E01013086,East Riding of Yorkshire 039E,Violence and sexual offences,Unable to prosecute suspect,
6e1b41eef799515fb12543b34d6b67377ae795a2747a43c0d996b5d1ea58e821,2021-05,Humberside Police,Humberside Police,-0.018270,53.682367,On or near Westfield,E01013086,East Riding of Yorkshire 039E,Violence and sexual offences,Unable to prosecute suspect,
4188390852a932016816a9e42f77a17ac51cbaf4948c984d7de36da9a5eca835,2021-05,Humberside Police,Humberside Police,-0.026769,53.670946,On or near Bursall Square,E01013086,East Riding of Yorkshire 039E,Violence and sexual offences,Unable to prosecute suspect,
d904c908f1ed91f566b9ba82677f26b6cacc0956c91140de952b311337869c9d,2021-05,Humberside Police,Humberside Police,-0.010543,53.682454,On or near Church Lane,E01013086,East Riding of Yorkshire 039E,Violence and sexual offences,Local resolution,
c4b0024af159926a94f65744dec20fc728ab602c0e43db276d8a89bf506a0b33,2021-05,Humberside Police,Humberside Police,-0.011346,53.684059,On or near Petrol Station,E01013086,East Riding of Yorkshire 039E,Violence and sexual offences,Unable to prosecute suspect,
1e7f8e5f416a5c1ec78b2045e24aada2f402a5154c54ef2cb661d80a78b06ef4,2021-05,Humberside Police,Humberside Police,-0.024915,53.671419,On or near Main Street,E01013086,East Riding of Yorkshire 039E,Other crime,Unable to prosecute suspect,
,2021-05,Humberside Police,Humberside Police,0.109156,53.640796,On or near Humber Side Lane,E01013087,East Riding of Yorkshire 039F,Anti-social behaviour,,
c2728c1984adc7c7a989650ac8d8bd64b8f63816cfdced2d585262db3e05d000,2021-05,Humberside Police,Humberside Police,0.115106,53.650553,On or near North Church Side,E01013087,East Riding of Yorkshire 039F,Vehicle crime,Investigation complete; no suspect identified,
5d10bd3871ab60f551479142cefcbaf683d6bea97a4f6a06ec687f93fe06a993,2021-05,Humberside Police,Humberside Police,0.114165,53.651397,On or near Dimlington Road,E01013087,East Riding of Yorkshire 039F,Violence and sexual offences,Unable to prosecute suspect,
,2021-05,Humberside Police,Humberside Police,-0.890919,53.710255,On or near Parking Area,E01012993,East Riding of Yorkshire 040A,Anti-social behaviour,,
eca52f10d32becd674f0f54342fc4d5ea0a84917524082a6974bee43379b445b,2021-05,Humberside Police,Humberside Police,-0.880615,53.714312,On or near Charles Drive,E01012993,East Riding of Yorkshire 040A,Public order,Unable to prosecute suspect,
03e2dc669499c58655546c8ac7006103df1e0d5b0cdb5e7eea0aca472db470d6,2021-05,Humberside Police,Humberside Police,-0.884214,53.710561,On or near Airmyn Avenue,E01012993,East Riding of Yorkshire 040A,Vehicle crime,Unable to prosecute suspect,
0c69ec9d5a065aff4116db21d1049bb06195aaffb5e443a9f902967641c35a13,2021-05,Humberside Police,Humberside Police,-0.884214,53.710561,On or near Airmyn Avenue,E01012993,East Riding of Yorkshire 040A,Violence and sexual offences,Unable to prosecute suspect,
45261be73cf289d2bc572cede28625f3f6c450ee3179fad231b8ccb0db0e0980,2021-05,Humberside Police,Humberside Police,-0.880292,53.709356,On or near Centenary Road,E01012993,East Riding of Yorkshire 040A,Violence and sexual offences,Unable to prosecute suspect,
af921eb1cb24fe017730c3f8d3ce2bffe6fa6694a9125ae88cb1e4775b616dd9,2021-05,Humberside Police,Humberside Police,-0.880615,53.714312,On or near Charles Drive,E01012993,East Riding of Yorkshire 040A,Violence and sexual offences,Unable to prosecute suspect,
8bfb8bc1840f0e6c96cfe24703feb5c3c8aca03c06bc8477017e7e3f9e3ff9b0,2021-05,Humberside Police,Humberside Police,-0.880292,53.709356,On or near Centenary Road,E01012993,East Riding of Yorkshire 040A,Violence and sexual offences,Local resolution,
,2021-05,Humberside Police,Humberside Police,-0.874945,53.705333,On or near First Avenue,E01012997,East Riding of Yorkshire 040B,Anti-social behaviour,,
32506e380bd70f352dece58fe7bc7cf3286d9d811ea89cad60bc0b5f71c59992,2021-05,Humberside Police,Humberside Police,-0.876236,53.706316,On or near Supermarket,E01012997,East Riding of Yorkshire 040B,Bicycle theft,Investigation complete; no suspect identified,
8ffbadc195d936f2c0ce4793aedc448bcea379e9a835588adf75e1a4ccedabff,2021-05,Humberside Police,Humberside Police,-0.874499,53.707279,On or near Pasture Road,E01012997,East Riding of Yorkshire 040B,Burglary,Unable to prosecute suspect,
d2c244cac71b55e188e07f2ad9451c4537a1dd666b52a9917ca7154c4c2460a8,2021-05,Humberside Police,Humberside Police,-0.877227,53.707790,On or near Laura Street,E01012997,East Riding of Yorkshire 040B,Criminal damage and arson,Investigation complete; no suspect identified,
a4316ef1163331a85ee7b80b7bbc4aad7f13b6af973b2a6b99f508327829817b,2021-05,Humberside Police,Humberside Police,-0.872624,53.707702,On or near Marlborough Avenue,E01012997,East Riding of Yorkshire 040B,Criminal damage and arson,Local resolution,
d54f537a991056989d1f6307cb3553fc557c8c0486e45ef8b44227fd8004e1c7,2021-05,Humberside Police,Humberside Police,-0.874094,53.709388,On or near Hilda Street,E01012997,East Riding of Yorkshire 040B,Other theft,Unable to prosecute suspect,
e2c8775b3deb5b54a98f3af35aacd6c50294a780126a2b3dbd01ed22da25867f,2021-05,Humberside Police,Humberside Police,-0.872791,53.707138,On or near Fifth Avenue,E01012997,East Riding of Yorkshire 040B,Other theft,Investigation complete; no suspect identified,
a373701c5b9817e3d2264e540e4dfcf884295cc356cac5cba109632487176daf,2021-05,Humberside Police,Humberside Police,-0.874945,53.705333,On or near First Avenue,E01012997,East Riding of Yorkshire 040B,Public order,Investigation complete; no suspect identified,
77461828a7a387d46d3a03d58077543e414154d4b49e8decb061146ca65e927d,2021-05,Humberside Police,Humberside Police,-0.877622,53.707192,On or near Jackson Street,E01012997,East Riding of Yorkshire 040B,Public order,Unable to prosecute suspect,
70334c5b4bf86f5cb2b32f68c0493835cb1e3404b359ded7eb89a6ddfb80cc7c,2021-05,Humberside Police,Humberside Police,-0.876236,53.706316,On or near Supermarket,E01012997,East Riding of Yorkshire 040B,Shoplifting,Investigation complete; no suspect identified,
700a20417ea00432949e2b9fe409d9c79ff866e400d3f31eda81b9db4ed460f8,2021-05,Humberside Police,Humberside Police,-0.876236,53.706316,On or near Supermarket,E01012997,East Riding of Yorkshire 040B,Shoplifting,Court result unavailable,
37b4a1df68975b33862eadf663ed10b154c2d95e76106e1079cec88929a68990,2021-05,Humberside Police,Humberside Police,-0.874094,53.709388,On or near Hilda Street,E01012997,East Riding of Yorkshire 040B,Violence and sexual offences,Investigation complete; no suspect identified,
9723f2990817f1b82f0b2e64bb23b1488a2282218235098e65eb1b980b8d2732,2021-05,Humberside Police,Humberside Police,-0.872791,53.707138,On or near Fifth Avenue,E01012997,East Riding of Yorkshire 040B,Violence and sexual offences,Investigation complete; no suspect identified,
e47922be0aecce7a5bd97748ade719f003635ecaf21c2cabcdff0018057d271e,2021-05,Humberside Police,Humberside Police,-0.872791,53.707138,On or near Fifth Avenue,E01012997,East Riding of Yorkshire 040B,Violence and sexual offences,Court result unavailable,
ab6704b90903a0a0518bfd23f327934f0405e4d4f9bc1b910767f673401147ce,2021-05,Humberside Police,Humberside Police,-0.877370,53.705841,On or near Parking Area,E01012997,East Riding of Yorkshire 040B,Violence and sexual offences,Unable to prosecute suspect,
bcd901d02b9a54cb97a8551e3982b82e6f05e5c1587b412c24573cd5e50840c4,2021-05,Humberside Police,Humberside Police,-0.874945,53.705333,On or near First Avenue,E01012997,East Riding of Yorkshire 040B,Violence and sexual offences,Unable to prosecute suspect,
,2021-05,Humberside Police,Humberside Police,-0.877352,53.704241,On or near Gordon Street,E01012999,East Riding of Yorkshire 040C,Anti-social behaviour,,
175a12b9ac8900127aaf24e3f0e17f97f4dcac6a47a6374a900616c62c16dd88,2021-05,Humberside Police,Humberside Police,-0.876376,53.704493,On or near Montague Street,E01012999,East Riding of Yorkshire 040C,Bicycle theft,Unable to prosecute suspect,
03f37465c0709a67c58eb0ecf3291decbd741d901f341983bb00b341790a0e4c,2021-05,Humberside Police,Humberside Police,-0.878946,53.708094,On or near Gray Street,E01012999,East Riding of Yorkshire 040C,Burglary,Unable to prosecute suspect,
469e3f292cdf8e2cc7d983f4e64cc3eaa74826049fbd2a3e3c7593ebe71867da,2021-05,Humberside Police,Humberside Police,-0.879729,53.704866,On or near Parliament Street,E01012999,East Riding of Yorkshire 040C,Criminal damage and arson,Unable to prosecute suspect,
391413596c6149487d5917bc7b88740b06dd09c03d7ba85d8b46599ea15d53d8,2021-05,Humberside Police,Humberside Police,-0.879729,53.704866,On or near Parliament Street,E01012999,East Riding of Yorkshire 040C,Public order,Unable to prosecute suspect,
f0ef1b97dc066d88e55b54611c6e867155c12508aa4c72018ac0a2f68763a1d6,2021-05,Humberside Police,Humberside Police,-0.879729,53.704866,On or near Parliament Street,E01012999,East Riding of Yorkshire 040C,Public order,Unable to prosecute suspect,
cc1c688e407fe47d483ec8a4f69766dcb58252f205786bbef97bc26be0d31cf5,2021-05,Humberside Police,Humberside Police,-0.876376,53.704493,On or near Montague Street,E01012999,East Riding of Yorkshire 040C,Public order,Unable to prosecute suspect,
9437ce45f73e9df38aa7a3b1b78a504210494f459d66be36bde56e5cde753c9a,2021-05,Humberside Police,Humberside Police,-0.878202,53.704177,On or near Jefferson Street,E01012999,East Riding of Yorkshire 040C,Public order,Investigation complete; no suspect identified,
877981dfe81137f3d2a4083fad3f12855178c8ec4d11d8eaa16d69eca49c0469,2021-05,Humberside Police,Humberside Police,-0.880030,53.706064,On or near Boothferry Road,E01012999,East Riding of Yorkshire 040C,Shoplifting,Investigation complete; no suspect identified,
dfcc589ff7913e2a94753ce646e27d31a98a1d52f6f519907f6217ee129d33ff,2021-05,Humberside Police,Humberside Police,-0.880030,53.706064,On or near Boothferry Road,E01012999,East Riding of Yorkshire 040C,Vehicle crime,Investigation complete; no suspect identified,
a377ac2084598c81f5f1cb8c464de598cbf7d8b410a5200f64d17014b4801225,2021-05,Humberside Police,Humberside Police,-0.880638,53.705449,On or near Theatre/Concert Hall,E01012999,East Riding of Yorkshire 040C,Violence and sexual offences,Unable to prosecute suspect,
f10d3f8b15661f7395edee67f163aaf6a0ca2f828db6f040f892498bd0925297,2021-05,Humberside Police,Humberside Police,-0.880638,53.705449,On or near Theatre/Concert Hall,E01012999,East Riding of Yorkshire 040C,Violence and sexual offences,Unable to prosecute suspect,
dc18e3b06b79c7c66c16aaebdbedab0aa76e8cc9c68be6535e2e8ae49e057fe0,2021-05,Humberside Police,Humberside Police,-0.881458,53.705358,On or near Henry Street,E01012999,East Riding of Yorkshire 040C,Violence and sexual offences,Unable to prosecute suspect,
5a15bd8642bf8b60075c64cb725aa31d1445101ab24dc8123a2783925c579269,2021-05,Humberside Police,Humberside Police,-0.881458,53.705358,On or near Henry Street,E01012999,East Riding of Yorkshire 040C,Violence and sexual offences,Unable to prosecute suspect,
a307bb993766346d67088d876fbb4e84478b559da6fe63ec4f30b9de1fc87d01,2021-05,Humberside Police,Humberside Police,-0.878202,53.704177,On or near Jefferson Street,E01012999,East Riding of Yorkshire 040C,Violence and sexual offences,Unable to prosecute suspect,
,2021-05,Humberside Police,Humberside Police,-0.875029,53.703887,On or near Mariners Street,E01013001,East Riding of Yorkshire 040D,Anti-social behaviour,,
afab88eaa4d1135b9a5834f1385006834be8a6846f7527d45514e9a7e394ad91,2021-05,Humberside Police,Humberside Police,-0.882300,53.705591,On or near Manuel Street,E01013001,East Riding of Yorkshire 040D,Burglary,Unable to prosecute suspect,
a80d41f37d947dc54a1bf0e472b1908aa274701410a3bcc4be24acec01a7a40d,2021-05,Humberside Police,Humberside Police,-0.885779,53.706378,On or near College Close,E01013001,East Riding of Yorkshire 040D,Drugs,Offender given a drugs possession warning,
9ab3bfc185f1b6d211fc4dc130407794d4d00d27f95aec49735fa06106ef063e,2021-05,Humberside Police,Humberside Police,-0.887881,53.703665,On or near Shopping Area,E01013001,East Riding of Yorkshire 040D,Other theft,Unable to prosecute suspect,
2e846f6ad9e7fbb0fa9150a9c57fa5c98fd1bcf7b68a1ef24e7396be0a75837d,2021-05,Humberside Police,Humberside Police,-0.885779,53.706378,On or near College Close,E01013001,East Riding of Yorkshire 040D,Other theft,Investigation complete; no suspect identified,
8ae260e2f93c154be4cd7750332ce49d206476c5afdf1f28ff55b8f9de0d8f53,2021-05,Humberside Police,Humberside Police,-0.875029,53.703887,On or near Mariners Street,E01013001,East Riding of Yorkshire 040D,Shoplifting,Investigation complete; no suspect identified,
d6c51895a1e21b52f0f431479055e686767b4346f8976f2245347e7a921c5460,2021-05,Humberside Police,Humberside Police,-0.893737,53.702182,On or near Larsen Road,E01013001,East Riding of Yorkshire 040D,Vehicle crime,Unable to prosecute suspect,
7c1fea6962eed1f9ea110eeede03a8907a2a07bc258ecf08dc61faec3f9fed17,2021-05,Humberside Police,Humberside Police,-0.887821,53.708815,On or near Shaftesbury Avenue,E01013001,East Riding of Yorkshire 040D,Violence and sexual offences,Unable to prosecute suspect,
a2e04588380ead8e61a9343c87977a98b364a92104d08fd3066a8fe47e8c1dd6,2021-05,Humberside Police,Humberside Police,-0.901595,53.705221,On or near Parking Area,E01013001,East Riding of Yorkshire 040D,Violence and sexual offences,Unable to prosecute suspect,
2f7c36ff671b6e7d87d0ef7560eb303ca6d36165e31bfceee90ea1f6e3ce171f,2021-05,Humberside Police,Humberside Police,-0.887821,53.708815,On or near Shaftesbury Avenue,E01013001,East Riding of Yorkshire 040D,Violence and sexual offences,Unable to prosecute suspect,
22d4bcbbf0fdcc23c5d9634641dba26f6fe3c6e049a0dfdc34e13364bf23941b,2021-05,Humberside Police,Humberside Police,-0.887821,53.708815,On or near Shaftesbury Avenue,E01013001,East Riding of Yorkshire 040D,Violence and sexual offences,Unable to prosecute suspect,
96fc2229f17066652f77205d10929b68247ba2058dc67145ba238d57ea906f9b,2021-05,Humberside Police,Humberside Police,-0.887821,53.708815,On or near Shaftesbury Avenue,E01013001,East Riding of Yorkshire 040D,Violence and sexual offences,Unable to prosecute suspect,
f80e85e29750ac9c429f65a86f88da0f4bd57ae379d412386d1b9e04d25f1897,2021-05,Humberside Police,Humberside Police,-0.899011,53.710761,On or near M62,E01013001,East Riding of Yorkshire 040D,Other crime,Status update unavailable,
c3d68796da40859d9c3736ae142d7d5c5f06b1d2abea9b28d47aa6736e907e68,2021-05,Humberside Police,Humberside Police,-0.881713,53.704309,On or near Marcus Street,E01013001,East Riding of Yorkshire 040D,Other crime,Unable to prosecute suspect,
,2021-05,Humberside Police,Humberside Police,-0.915510,53.706076,On or near Rawcliffe Road,E01013074,East Riding of Yorkshire 040E,Anti-social behaviour,,
,2021-05,Humberside Police,Humberside Police,-0.963265,53.697896,On or near Creyke View,E01013074,East Riding of Yorkshire 040E,Anti-social behaviour,,
25f907c5f5f90e710f174a4952827d96a5b94cd2e2b6443dee60352b996f7c83,2021-05,Humberside Police,Humberside Police,-0.877944,53.722422,On or near Westfield Lane,E01013074,East Riding of Yorkshire 040E,Drugs,Offender given a drugs possession warning,
1070e264fef259ebed07983346070eebaf0b61bd2a90fa1b031d24fd441cb8ac,2021-05,Humberside Police,Humberside Police,-0.915510,53.706076,On or near Rawcliffe Road,E01013074,East Riding of Yorkshire 040E,Other theft,Further investigation is not in the public interest,
3cd9d800f1f3bcfe9997528ea284604b9609fea95f53a807b83b409dceac52c1,2021-05,Humberside Police,Humberside Police,-0.915510,53.706076,On or near Rawcliffe Road,E01013074,East Riding of Yorkshire 040E,Other theft,Court result unavailable,
cd10dbfea087c7acb9a4b58a6bdbc7be4e4c481a03dd8e4cf860062231654a3c,2021-05,Humberside Police,Humberside Police,-0.962027,53.700232,On or near Bank Side,E01013074,East Riding of Yorkshire 040E,Public order,Unable to prosecute suspect,
9bf2cfe22f7d36d55b015a90e28a5eb3ac8f02b466f39df3ef776e10191fb331,2021-05,Humberside Police,Humberside Police,-0.915510,53.706076,On or near Rawcliffe Road,E01013074,East Riding of Yorkshire 040E,Public order,Local resolution,
683a4164a3c468927a507c28d1c31cb4a13aa60845cfd8534fe79cb4e2eea531,2021-05,Humberside Police,Humberside Police,-0.925529,53.707092,On or near Rawcliffe Road,E01013074,East Riding of Yorkshire 040E,Violence and sexual offences,Unable to prosecute suspect,
8f413b1d73f25e7eb312f8f332a28b58da2e4b075ca120d524ba7f77b4a49e35,2021-05,Humberside Police,Humberside Police,-0.830876,53.667590,On or near Quart Lane,E01013074,East Riding of Yorkshire 040E,Violence and sexual offences,Offender given a caution,
150aac3fcca590efd673651e8556a65fa36ec39ea450c4ff2725215eecb6151a,2021-05,Humberside Police,Humberside Police,-0.959950,53.700276,On or near Hall Gardens,E01013074,East Riding of Yorkshire 040E,Violence and sexual offences,Unable to prosecute suspect,
a03b8fc2b9219a39e8c66bbbd9f47a043f7a1fe5fbecd201ac1a4ffb2973bc1b,2021-05,Humberside Police,Humberside Police,-0.830876,53.667590,On or near Quart Lane,E01013074,East Riding of Yorkshire 040E,Violence and sexual offences,Offender given a caution,
4a6604165e9f392246383a946fe3679f94ecedbdaebd5b558ee7710c3757a4bc,2021-05,Humberside Police,Humberside Police,-0.962027,53.700232,On or near Bank Side,E01013074,East Riding of Yorkshire 040E,Violence and sexual offences,Unable to prosecute suspect,
635dc7a8479598703b94f485470492abb517cc1f8b9f2f6d1ad6775a79b988e6,2021-05,Humberside Police,Humberside Police,-0.850323,53.683257,On or near Swinefleet Road,E01013074,East Riding of Yorkshire 040E,Violence and sexual offences,Investigation complete; no suspect identified,
f75a54e526260959351154864394a88aca53fc31ec3f12f6e7096bba12b7e630,2021-05,Humberside Police,Humberside Police,-0.959950,53.700276,On or near Hall Gardens,E01013074,East Riding of Yorkshire 040E,Violence and sexual offences,Unable to prosecute suspect,
04270497e317fb0577fa91eaa66cfdd7ece169941a0ce4ce61557e17d2ad8fc0,2021-05,Humberside Police,Humberside Police,-0.959950,53.700276,On or near Hall Gardens,E01013074,East Riding of Yorkshire 040E,Violence and sexual offences,Unable to prosecute suspect,
dc5c18b052a27b04d74d71f81fe54557b2b9058d64b1bfc33587f0555c5fd2bc,2021-05,Humberside Police,Humberside Police,-0.879117,53.711368,On or near Oxford Road,E01012994,East Riding of Yorkshire 041A,Violence and sexual offences,Further investigation is not in the public interest,
2bc822492b51246aed423f0f51cb078a45660dc8d4b18f5e00ea087eaf6c0c47,2021-05,Humberside Police,Humberside Police,-0.875946,53.710385,On or near Elsie Street,E01012994,East Riding of Yorkshire 041A,Violence and sexual offences,Unable to prosecute suspect,
,2021-05,Humberside Police,Humberside Police,-0.865943,53.709949,On or near Cheviot Avenue,E01012995,East Riding of Yorkshire 041B,Anti-social behaviour,,
,2021-05,Humberside Police,Humberside Police,-0.865943,53.709949,On or near Cheviot Avenue,E01012995,East Riding of Yorkshire 041B,Anti-social behaviour,,
a3cf7f2c66842ebfe6cfe0c238ed3880ad6bf28f13f31378cb25bacee6705cce,2021-05,Humberside Police,Humberside Police,-0.867525,53.709164,On or near Mendip Avenue,E01012995,East Riding of Yorkshire 041B,Criminal damage and arson,Unable to prosecute suspect,
51bd3a6c1ffa5c6a8bbc3b870c38ab889b76db6b2a3c4aa78e49c9456ef03524,2021-05,Humberside Police,Humberside Police,-0.867525,53.709164,On or near Mendip Avenue,E01012995,East Riding of Yorkshire 041B,Public order,Unable to prosecute suspect,
fd4483eace99849a149a4381fe2343ff49659c4b1d584f5bfdbb9fb381b93279,2021-05,Humberside Police,Humberside Police,-0.868839,53.708170,On or near Pentland Avenue,E01012995,East Riding of Yorkshire 041B,Violence and sexual offences,Unable to prosecute suspect,
ffd03d1806e03d1074f3041dbc132ece8ad5c426afde8ccf3bcfaee8e0d537ab,2021-05,Humberside Police,Humberside Police,-0.870223,53.710241,On or near Brough Street,E01012995,East Riding of Yorkshire 041B,Violence and sexual offences,Further investigation is not in the public interest,
e91bf622047b1453df480e219bc03f0dcd3bd0aa685344361fc4481e2f1c7d74,2021-05,Humberside Police,Humberside Police,-0.871737,53.709141,On or near Churchill Walk,E01012995,East Riding of Yorkshire 041B,Violence and sexual offences,Unable to prosecute suspect,
16ea04ff092bf77d2eb9dad92fc999e007f1624df1d67593732343573767ab6b,2021-05,Humberside Police,Humberside Police,-0.867525,53.709164,On or near Mendip Avenue,E01012995,East Riding of Yorkshire 041B,Violence and sexual offences,Unable to prosecute suspect,
a4e55eef5cad91c52214e6cbaafe8b1380eb8eb7292a5047430f1503dae85e3d,2021-05,Humberside Police,Humberside Police,-0.867525,53.709164,On or near Mendip Avenue,E01012995,East Riding of Yorkshire 041B,Violence and sexual offences,Status update unavailable,
,2021-05,Humberside Police,Humberside Police,-0.863607,53.705541,On or near Marshfield Road,E01013000,East Riding of Yorkshire 041C,Anti-social behaviour,,
,2021-05,Humberside Police,Humberside Police,-0.866322,53.704883,On or near Argyle Street,E01013000,East Riding of Yorkshire 041C,Anti-social behaviour,,
,2021-05,Humberside Police,Humberside Police,-0.871724,53.703955,On or near Shopping Area,E01013000,East Riding of Yorkshire 041C,Anti-social behaviour,,
,2021-05,Humberside Police,Humberside Police,-0.871449,53.704635,On or near Police Station,E01013000,East Riding of Yorkshire 041C,Anti-social behaviour,,
,2021-05,Humberside Police,Humberside Police,-0.870882,53.702050,On or near St John'S Street,E01013000,East Riding of Yorkshire 041C,Anti-social behaviour,,
,2021-05,Humberside Police,Humberside Police,-0.867525,53.693353,On or near Don Street,E01013000,East Riding of Yorkshire 041C,Anti-social behaviour,,
,2021-05,Humberside Police,Humberside Police,-0.864494,53.704668,On or near Richard Cooper Street,E01013000,East Riding of Yorkshire 041C,Anti-social behaviour,,
d0e87ae60549d6bc5d889e92843924a8ff37ef11286d13270e320df925e40953,2021-05,Humberside Police,Humberside Police,-0.871189,53.703006,On or near Calder Street,E01013000,East Riding of Yorkshire 041C,Bicycle theft,Unable to prosecute suspect,
424d3868b5a4b340293e97c50272c8b90594ea0c46f1264f2da2f893f658605e,2021-05,Humberside Police,Humberside Police,-0.867815,53.702875,On or near Parking Area,E01013000,East Riding of Yorkshire 041C,Bicycle theft,Investigation complete; no suspect identified,
108c1f9ea78ae7dd1cb060068e8d2947ed837a11f065461009df481fe3f7703c,2021-05,Humberside Police,Humberside Police,-0.867815,53.702875,On or near Parking Area,E01013000,East Riding of Yorkshire 041C,Bicycle theft,Investigation complete; no suspect identified,
1f91b57a1fab3199eb27a7662d1c3e4c6aafc5c35f47cfcb0e3440ef0071ef1e,2021-05,Humberside Police,Humberside Police,-0.869258,53.704965,On or near Eastgate,E01013000,East Riding of Yorkshire 041C,Burglary,Unable to prosecute suspect,
c540ba79896449f839478fd45442a82814ceadb967cccc0c7d0c7bc6611c5045,2021-05,Humberside Police,Humberside Police,-0.866322,53.704883,On or near Argyle Street,E01013000,East Riding of Yorkshire 041C,Burglary,Investigation complete; no suspect identified,
d47d5772cc6ca040fff6202ac42eacbf0d62f5660fe5eeb89eb4d52405eab659,2021-05,Humberside Police,Humberside Police,-0.867996,53.704036,On or near Burlington Crescent,E01013000,East Riding of Yorkshire 041C,Criminal damage and arson,Unable to prosecute suspect,
bc9638ada9ba76af8620454256475eb8080d9929b0fb97f563a2bf724c0b0909,2021-05,Humberside Police,Humberside Police,-0.868645,53.704105,On or near Carlisle Street,E01013000,East Riding of Yorkshire 041C,Criminal damage and arson,Unable to prosecute suspect,
19bd777b335925c1c93afa8e7c48f2cbe3a0902d748a10e44bca850745486cfa,2021-05,Humberside Police,Humberside Police,-0.864494,53.704668,On or near Richard Cooper Street,E01013000,East Riding of Yorkshire 041C,Criminal damage and arson,Investigation complete; no suspect identified,
1fa2e35514c9c17fd96d34fb69c6b2d44651c17f850c838178b81344f3afedfc,2021-05,Humberside Police,Humberside Police,-0.871956,53.695867,On or near Supermarket,E01013000,East Riding of Yorkshire 041C,Criminal damage and arson,Unable to prosecute suspect,
137f24109ffd9333c6a8364203bae38e9cb862846b598631718d286ff004bdca,2021-05,Humberside Police,Humberside Police,-0.866322,53.704883,On or near Argyle Street,E01013000,East Riding of Yorkshire 041C,Criminal damage and arson,Local resolution,
310c8eddd09ef010bc2df08b4ecc5be929892c900429fd9c30a96d74ab1cb076,2021-05,Humberside Police,Humberside Police,-0.870419,53.705174,On or near Government Street,E01013000,East Riding of Yorkshire 041C,Criminal damage and arson,Investigation complete; no suspect identified,
e20b7bcbbb38d37235e2a71cb52ffc4d6fa8a308c0efc2bbd0c2d82f3164d76a,2021-05,Humberside Police,Humberside Police,-0.870419,53.705174,On or near Government Street,E01013000,East Riding of Yorkshire 041C,Criminal damage and arson,Unable to prosecute suspect,
eed56f8cd4552a4a6aaa2247705fe316bd29694f0892f6e0b5086f52b07d77e9,2021-05,Humberside Police,Humberside Police,-0.871449,53.704635,On or near Police Station,E01013000,East Riding of Yorkshire 041C,Criminal damage and arson,Investigation complete; no suspect identified,
e93a1684a02e94c92116220e32e6376122e23c6c4e7a2c8c57160053c8e20985,2021-05,Humberside Police,Humberside Police,-0.870882,53.702050,On or near St John'S Street,E01013000,East Riding of Yorkshire 041C,Other theft,Investigation complete; no suspect identified,
cade95882cffc6d5db259552c22f05329b66c3c234ec8e3a92c9737591748929,2021-05,Humberside Police,Humberside Police,-0.869258,53.704965,On or near Eastgate,E01013000,East Riding of Yorkshire 041C,Other theft,Unable to prosecute suspect,
812655328bc38782d52ce16e93610d6d7b5a30d9225ec8538ae489b10e4c09eb,2021-05,Humberside Police,Humberside Police,-0.870419,53.705174,On or near Government Street,E01013000,East Riding of Yorkshire 041C,Possession of weapons,Court result unavailable,
3fa912550a3de2dc57dde595716b5fb21bcecdcb216cac3887edf044643df54e,2021-05,Humberside Police,Humberside Police,-0.870419,53.705174,On or near Government Street,E01013000,East Riding of Yorkshire 041C,Public order,Unable to prosecute suspect,
18ac69203dcf5b6210fb5668996aabdeda695a8ea7a415b3ac27035ef5f20907,2021-05,Humberside Police,Humberside Police,-0.870419,53.705174,On or near Government Street,E01013000,East Riding of Yorkshire 041C,Public order,Court result unavailable,
d47f05279c45c38f5014bbb9eca517c6383cfd4a384d642951794ba07a56292c,2021-05,Humberside Police,Humberside Police,-0.871189,53.703006,On or near Calder Street,E01013000,East Riding of Yorkshire 041C,Public order,Unable to prosecute suspect,
1315c927a62bea36a6a84bfd6fadb0dce3747e772979e7f94b32849c5997cfae,2021-05,Humberside Police,Humberside Police,-0.866322,53.704883,On or near Argyle Street,E01013000,East Riding of Yorkshire 041C,Public order,Unable to prosecute suspect,
44eb5fda5b1bfeb3b0a3bee34c3ea15e813e3be449e00b06bed6381d57a1f00f,2021-05,Humberside Police,Humberside Police,-0.870882,53.702050,On or near St John'S Street,E01013000,East Riding of Yorkshire 041C,Public order,Investigation complete; no suspect identified,
015cb969e9eaa5130a59a33e8f6d51d2686ac4abcbf8f6cf6e272798e81cb8a6,2021-05,Humberside Police,Humberside Police,-0.871189,53.703006,On or near Calder Street,E01013000,East Riding of Yorkshire 041C,Public order,Unable to prosecute suspect,
a06bcdef5df1db40c44d908f0452e869a1b3ad96cff19a8ceab51425c3ae8af7,2021-05,Humberside Police,Humberside Police,-0.871189,53.703006,On or near Calder Street,E01013000,East Riding of Yorkshire 041C,Public order,Investigation complete; no suspect identified,
d3818c1abf6f9c81c1a1c3e1335d629df4655ef9b4c837376c08ec1cc918acdd,2021-05,Humberside Police,Humberside Police,-0.867996,53.704036,On or near Burlington Crescent,E01013000,East Riding of Yorkshire 041C,Public order,Status update unavailable,
15c8a53a13bd4c269ac1adae16b595252873de1027f9414db9425e6fad1a4d81,2021-05,Humberside Police,Humberside Police,-0.870882,53.702050,On or near St John'S Street,E01013000,East Riding of Yorkshire 041C,Public order,Investigation complete; no suspect identified,
5221034ff1707c2aac55b2f170cbeff50b382695ebd40bae10a2151d7400cfb1,2021-05,Humberside Police,Humberside Police,-0.871956,53.695867,On or near Supermarket,E01013000,East Riding of Yorkshire 041C,Robbery,Investigation complete; no suspect identified,
64cdbe61b7803e634d343199bdada805ad90a9b32488e6851e914bd071414077,2021-05,Humberside Police,Humberside Police,-0.871956,53.695867,On or near Supermarket,E01013000,East Riding of Yorkshire 041C,Robbery,Investigation complete; no suspect identified,
d23897d3d605600d1d741c603e2bb1964970e7d9969d8fe4bd1e3dce5c33da7d,2021-05,Humberside Police,Humberside Police,-0.873135,53.703878,On or near Supermarket,E01013000,East Riding of Yorkshire 041C,Shoplifting,Investigation complete; no suspect identified,
8ebc72c0a10d7ccef04cd92f770ee45ee810285ea67d05ee0316c6758718f30a,2021-05,Humberside Police,Humberside Police,-0.871189,53.703006,On or near Calder Street,E01013000,East Riding of Yorkshire 041C,Shoplifting,Investigation complete; no suspect identified,
2b1c3c6a0b2930f5d97ffca365938cc8486dc60324e8386f032fab4e575fcc71,2021-05,Humberside Police,Humberside Police,-0.871449,53.704635,On or near Police Station,E01013000,East Riding of Yorkshire 041C,Violence and sexual offences,Unable to prosecute suspect,
a5955ba73422495b1730f7a308285e25d00cfc020467f792f40f057294a71036,2021-05,Humberside Police,Humberside Police,-0.869258,53.704965,On or near Eastgate,E01013000,East Riding of Yorkshire 041C,Violence and sexual offences,Unable to prosecute suspect,
b3a7e84ac84cf9a58e352898890d0d7bd28a996de1bdcb162cd6b7286c744a49,2021-05,Humberside Police,Humberside Police,-0.872844,53.704585,On or near Shopping Area,E01013000,East Riding of Yorkshire 041C,Violence and sexual offences,Investigation complete; no suspect identified,
efddcc539dea78865595a54398cec0177903af23a7bc4243b8361747b5b41686,2021-05,Humberside Police,Humberside Police,-0.869258,53.704965,On or near Eastgate,E01013000,East Riding of Yorkshire 041C,Violence and sexual offences,Unable to prosecute suspect,
1aabe05f214d34a1a92a79a2d441291f5f9fa7592e1ac9c145e4cbe8ed0d7830,2021-05,Humberside Police,Humberside Police,-0.867525,53.693353,On or near Don Street,E01013000,East Riding of Yorkshire 041C,Violence and sexual offences,Unable to prosecute suspect,
1e06c6de19f4d25a04aebff67171ffb6dd457dcae25715757766a21d04211cb1,2021-05,Humberside Police,Humberside Police,-0.867525,53.693353,On or near Don Street,E01013000,East Riding of Yorkshire 041C,Violence and sexual offences,Local resolution,
374f5b308f7c6db71760df504a5f0fe84b81dac738a187d1438b0489db55539a,2021-05,Humberside Police,Humberside Police,-0.864494,53.704668,On or near Richard Cooper Street,E01013000,East Riding of Yorkshire 041C,Violence and sexual offences,Unable to prosecute suspect,
3d3c1dce4befc9bb2749909c09aa25a50bdfd680d7894210620890b7d745c9e8,2021-05,Humberside Police,Humberside Police,-0.872971,53.694142,On or near Percy Street,E01013000,East Riding of Yorkshire 041C,Violence and sexual offences,Unable to prosecute suspect,
,2021-05,Humberside Police,Humberside Police,-0.866914,53.691855,On or near Wroots Avenue,E01013002,East Riding of Yorkshire 041D,Anti-social behaviour,,
a98cf93f683c579cccc4e43c5d9e9add307971ac1dbbb31ec41bea1c1abec815,2021-05,Humberside Police,Humberside Police,-0.871247,53.692346,On or near Hazel Grove,E01013002,East Riding of Yorkshire 041D,Burglary,Investigation complete; no suspect identified,
668fc18ef89f0979ae7939b0fcca7d15db52f1616e82c180694c81de4a4c47b0,2021-05,Humberside Police,Humberside Police,-0.866914,53.691855,On or near Wroots Avenue,E01013002,East Riding of Yorkshire 041D,Criminal damage and arson,Action to be taken by another organisation,
58ad459e904155c05cd11cac84b5cfe08b1dcdaac0d52d1520b4842ba288090b,2021-05,Humberside Police,Humberside Police,-0.866914,53.691855,On or near Wroots Avenue,E01013002,East Riding of Yorkshire 041D,Criminal damage and arson,Unable to prosecute suspect,
5d37614a308cf2b3c12360093173434a9565545fea0c1c7087a1eda2718dae25,2021-05,Humberside Police,Humberside Police,-0.870337,53.691276,On or near Nidd Street,E01013002,East Riding of Yorkshire 041D,Other theft,Investigation complete; no suspect identified,
224a8819fe82da0eadc29ec35a1894aaf25b6002c310145c08b1fd8921ad642c,2021-05,Humberside Police,Humberside Police,-0.866914,53.691855,On or near Wroots Avenue,E01013002,East Riding of Yorkshire 041D,Theft from the person,Unable to prosecute suspect,
09cd905e77604b366567be40b1a4426e94d833d0dd0483209371a16441455fc7,2021-05,Humberside Police,Humberside Police,-0.867849,53.692008,On or near Shipcote Road,E01013002,East Riding of Yorkshire 041D,Violence and sexual offences,Unable to prosecute suspect,
76fbd2f56ed8f0aa653669cb1f10e478fcfd74aef87fc8a7073870a140df3ed7,2021-05,Humberside Police,Humberside Police,-0.867849,53.692008,On or near Shipcote Road,E01013002,East Riding of Yorkshire 041D,Violence and sexual offences,Unable to prosecute suspect,
0f850a59fc6c323eccd9c01defc2ee228404163877f2e4f1292e4f0b55630fa3,2021-05,Humberside Police,Humberside Police,-0.870394,53.691987,On or near Morley Street,E01013002,East Riding of Yorkshire 041D,Violence and sexual offences,Unable to prosecute suspect,
12f9d6a04739a87d5ee0da6a700a4230deb45d7c87e46396c2ee9830c8352fcb,2021-05,Humberside Police,Humberside Police,-0.867849,53.692008,On or near Shipcote Road,E01013002,East Riding of Yorkshire 041D,Violence and sexual offences,Unable to prosecute suspect,
311bb2cb3a59e17d3f05056b10cf317f96a4e039aa25a530f20776e326e4d5f1,2021-05,Humberside Police,Humberside Police,-0.867849,53.692008,On or near Shipcote Road,E01013002,East Riding of Yorkshire 041D,Violence and sexual offences,Unable to prosecute suspect,
59e413c6acfa0d053bd627d42782de677a2bed67f7d6b893f8b93685eb13573d,2021-05,Humberside Police,Humberside Police,-0.867849,53.692008,On or near Shipcote Road,E01013002,East Riding of Yorkshire 041D,Violence and sexual offences,Unable to prosecute suspect,
541b17bfe3297d3f8b71809310f5384a22d86d73a0c8bc4a272954c50c2b69db,2021-05,Humberside Police,Humberside Police,-0.866914,53.691855,On or near Wroots Avenue,E01013002,East Riding of Yorkshire 041D,Violence and sexual offences,Action to be taken by another organisation,
fa80e654cd3c330ad69bbcbe8927f66e6e8720753d963ea4838cf4f1544b585a,2021-05,Humberside Police,Humberside Police,-0.866914,53.691855,On or near Wroots Avenue,E01013002,East Riding of Yorkshire 041D,Violence and sexual offences,Action to be taken by another organisation,
96ca9841a16a53846f3eebeee5d159875da879ff1196094dab27afa27c64429c,2021-05,Humberside Police,Humberside Police,-0.872791,53.692396,On or near Beech Grove,E01013002,East Riding of Yorkshire 041D,Violence and sexual offences,Unable to prosecute suspect,
b8e9d3bb2bda9090baf31337ece889b6ba89e6880cd3dc712471ac16024f52d3,2021-05,Humberside Police,Humberside Police,-0.866914,53.691855,On or near Wroots Avenue,E01013002,East Riding of Yorkshire 041D,Violence and sexual offences,Unable to prosecute suspect,
365424656d23efe9337f1dc41786fa90d04ebce88a1a0ee70418b44fa243061f,2021-05,Humberside Police,Humberside Police,-0.874091,53.697011,On or near Doyle Street,E01013002,East Riding of Yorkshire 041D,Violence and sexual offences,Unable to prosecute suspect,
d93ae23afa083fe762eb6ddbd15b00e80ccb4ed9299650125f10d01a549b2c14,2021-05,Humberside Police,Humberside Police,-0.870337,53.691276,On or near Nidd Street,E01013002,East Riding of Yorkshire 041D,Violence and sexual offences,Unable to prosecute suspect,
0144cbecd548187ef251846879608cd712fa7cf444c3a8f08f22302d72222b30,2021-05,Humberside Police,Humberside Police,-0.873892,53.694258,On or near Kingston Street,E01013002,East Riding of Yorkshire 041D,Violence and sexual offences,Local resolution,
fda07a06a494e3c3fa7ee38bee7371b876289957e0348ddcb6b09e30b5be72d7,2021-05,Humberside Police,Humberside Police,-0.872791,53.692396,On or near Beech Grove,E01013002,East Riding of Yorkshire 041D,Violence and sexual offences,Court result unavailable,
bb17ed36eed4658b3ab7aebd4689ec1a3db5989b2a87911b35ceab1013e52d4c,2021-05,Humberside Police,Humberside Police,-0.876053,53.691573,On or near Dempster Avenue,E01013002,East Riding of Yorkshire 041D,Other crime,Unable to prosecute suspect,
,2021-05,Humberside Police,Humberside Police,-0.863786,53.706792,On or near Marshfield Avenue,E01013004,East Riding of Yorkshire 041E,Anti-social behaviour,,
,2021-05,Humberside Police,Humberside Police,-0.862304,53.707245,On or near Frederick Street,E01013004,East Riding of Yorkshire 041E,Anti-social behaviour,,
,2021-05,Humberside Police,Humberside Police,-0.864891,53.706802,On or near Kingsway,E01013004,East Riding of Yorkshire 041E,Anti-social behaviour,,
76a0ffa8a839517a345d7d19ce8908ecf5820691b8644547058213aedfd72403,2021-05,Humberside Police,Humberside Police,-0.867113,53.705880,On or near Broadway,E01013004,East Riding of Yorkshire 041E,Bicycle theft,Investigation complete; no suspect identified,
75a291f8d671b8beb38f292041337203787cc93223da472dd67748752eb9fc06,2021-05,Humberside Police,Humberside Police,-0.867113,53.705880,On or near Broadway,E01013004,East Riding of Yorkshire 041E,Vehicle crime,Investigation complete; no suspect identified,
e83934e7a108293b5539d742fd33f8878e67ec0261cae0b24b103d4ccef8d0a8,2021-05,Humberside Police,Humberside Police,-0.867113,53.705880,On or near Broadway,E01013004,East Riding of Yorkshire 041E,Vehicle crime,Investigation complete; no suspect identified,
7ee0c401dbc83bc04ab4b55948cef63d63ad830274d4184ef43ff9bdf51179e7,2021-05,Humberside Police,Humberside Police,-0.867113,53.705880,On or near Broadway,E01013004,East Riding of Yorkshire 041E,Vehicle crime,Investigation complete; no suspect identified,
4113c568ec8c2433ad8d36b19240e63e3182a4be758d845464f47ddfb724b965,2021-05,Humberside Police,Humberside Police,-0.861785,53.706251,On or near Salisbury Avenue,E01013004,East Riding of Yorkshire 041E,Vehicle crime,Investigation complete; no suspect identified,
6277e65a5a6a1f6509fd26d4b37e8ed778ba29e3d6f5f5ca757b4653c2333373,2021-05,Humberside Police,Humberside Police,-0.864891,53.706802,On or near Kingsway,E01013004,East Riding of Yorkshire 041E,Violence and sexual offences,Unable to prosecute suspect,
9966104820ce0f69c665cdf4bef42eecec0ee03e3ab21024cce09259aa2495af,2021-05,Humberside Police,Humberside Police,-0.870975,53.705925,On or near Supermarket,E01013004,East Riding of Yorkshire 041E,Violence and sexual offences,Unable to prosecute suspect,
f458b0c3b532ff1dd9672a0be5196f32ec2656fc915baa8365c1c72904dd5f22,2021-05,Humberside Police,Humberside Police,-0.864891,53.706802,On or near Kingsway,E01013004,East Riding of Yorkshire 041E,Violence and sexual offences,Court result unavailable,
,2021-05,Humberside Police,Humberside Police,-0.950085,53.685224,On or near Portland Street,E01013072,East Riding of Yorkshire 042A,Anti-social behaviour,,
,2021-05,Humberside Police,Humberside Police,-0.962355,53.689349,On or near Royal Drive,E01013072,East Riding of Yorkshire 042A,Anti-social behaviour,,
7d11cb8c79504046f1b26a13e834915af0c0e833a5ac4a55327acb75253589d2,2021-05,Humberside Police,Humberside Police,-0.969137,53.698729,On or near Field Lane,E01013072,East Riding of Yorkshire 042A,Burglary,Investigation complete; no suspect identified,
cd16cddb51ba01efd0650867277453bef602400e5e100bc1bbd590e30cbe7a8f,2021-05,Humberside Police,Humberside Police,-0.971146,53.689632,On or near Mill Lane,E01013072,East Riding of Yorkshire 042A,Other theft,Investigation complete; no suspect identified,
446c5fd78a4383ca1846e460a543bfb59648675974453ecdec10c1d4e701e0dc,2021-05,Humberside Police,Humberside Police,-0.971146,53.689632,On or near Mill Lane,E01013072,East Riding of Yorkshire 042A,Public order,Investigation complete; no suspect identified,
eb0644c0b924f426f0ccdd8e2a48aa40a026e3b556727d376463d9ff162caae5,2021-05,Humberside Police,Humberside Police,-0.948288,53.685631,On or near Prospect Road,E01013072,East Riding of Yorkshire 042A,Violence and sexual offences,Unable to prosecute suspect,
fe5af1a40d58ff56ebbc19077c6f4c27a7579d1531cc1d037574de4b72d1ce0e,2021-05,Humberside Police,Humberside Police,-0.948288,53.685631,On or near Prospect Road,E01013072,East Riding of Yorkshire 042A,Violence and sexual offences,Unable to prosecute suspect,
,2021-05,Humberside Police,Humberside Police,-1.029826,53.691658,On or near Supermarket,E01013073,East Riding of Yorkshire 042B,Anti-social behaviour,,
,2021-05,Humberside Police,Humberside Police,-1.022684,53.692706,On or near Woodville,E01013073,East Riding of Yorkshire 042B,Anti-social behaviour,,
,2021-05,Humberside Police,Humberside Police,-1.028523,53.692340,On or near Selby Road,E01013073,East Riding of Yorkshire 042B,Anti-social behaviour,,
,2021-05,Humberside Police,Humberside Police,-1.022684,53.692706,On or near Woodville,E01013073,East Riding of Yorkshire 042B,Anti-social behaviour,,
,2021-05,Humberside Police,Humberside Police,-1.029826,53.691658,On or near Supermarket,E01013073,East Riding of Yorkshire 042B,Anti-social behaviour,,
,2021-05,Humberside Police,Humberside Police,-1.029826,53.691658,On or near Supermarket,E01013073,East Riding of Yorkshire 042B,Anti-social behaviour,,
,2021-05,Humberside Police,Humberside Police,-1.031359,53.692147,On or near Church Lane,E01013073,East Riding of Yorkshire 042B,Anti-social behaviour,,
,2021-05,Humberside Police,Humberside Police,-1.029826,53.691658,On or near Supermarket,E01013073,East Riding of Yorkshire 042B,Anti-social behaviour,,
,2021-05,Humberside Police,Humberside Police,-1.026954,53.691419,On or near Beast Fair,E01013073,East Riding of Yorkshire 042B,Anti-social behaviour,,
,2021-05,Humberside Police,Humberside Police,-1.029826,53.691658,On or near Supermarket,E01013073,East Riding of Yorkshire 042B,Anti-social behaviour,,
,2021-05,Humberside Police,Humberside Police,-1.029218,53.691770,On or near Market Place,E01013073,East Riding of Yorkshire 042B,Anti-social behaviour,,
4ff390b7bf6f2bc386b24d11e46c33befc168a4ef1bb63cfae5b261056a97210,2021-05,Humberside Police,Humberside Police,-1.029218,53.691770,On or near Market Place,E01013073,East Riding of Yorkshire 042B,Criminal damage and arson,Investigation complete; no suspect identified,
bda8be1d0cce649a1770b61342d3501907bec490bffef72551e65b8016d3cd04,2021-05,Humberside Police,Humberside Police,-1.029826,53.691658,On or near Supermarket,E01013073,East Riding of Yorkshire 042B,Criminal damage and arson,Investigation complete; no suspect identified,
2b99775c11506b0c559b1b36392e5f59d71e9b1e84776c0d79ad5e94587143b9,2021-05,Humberside Police,Humberside Police,-1.028037,53.693055,On or near Parking Area,E01013073,East Riding of Yorkshire 042B,Criminal damage and arson,Investigation complete; no suspect identified,
740e1c4bb334f079169699eb069f679f77e9be0c24ecd1855ed4e3873f9d9d82,2021-05,Humberside Police,Humberside Police,-1.029826,53.691658,On or near Supermarket,E01013073,East Riding of Yorkshire 042B,Other theft,Investigation complete; no suspect identified,
621117e8f2907506b1064c08d7dea7f7dcfe2b2c2243d0e188013cba542201b5,2021-05,Humberside Police,Humberside Police,-1.029826,53.691658,On or near Supermarket,E01013073,East Riding of Yorkshire 042B,Public order,Unable to prosecute suspect,
b666cfd8dd31ad3471f749264adc571b57b32407a74034238f632212f111717d,2021-05,Humberside Police,Humberside Police,-1.029218,53.691770,On or near Market Place,E01013073,East Riding of Yorkshire 042B,Violence and sexual offences,Court result unavailable,
175774736a55900552ea119b7447bc51b901db71edbee51eb10e282b88ff7ac2,2021-05,Humberside Police,Humberside Police,-1.029218,53.691770,On or near Market Place,E01013073,East Riding of Yorkshire 042B,Violence and sexual offences,Investigation complete; no suspect identified,
aa82aee08c2ffa49f253a805cc6ce0be7bcbc244c0a1c38ffb7eaa969714f1b8,2021-05,Humberside Police,Humberside Police,-1.024786,53.689541,On or near Butt Lane,E01013073,East Riding of Yorkshire 042B,Violence and sexual offences,Unable to prosecute suspect,
0fb4daf74811bb213ddc0090571a2bfbe39c542d2c4c5956f07638ec100da926,2021-05,Humberside Police,Humberside Police,-1.029218,53.691770,On or near Market Place,E01013073,East Riding of Yorkshire 042B,Violence and sexual offences,Court result unavailable,
f628046cb1eae4fed4bfb4ac7064eca76060cb3f77dc3cf136e5bd8b145ba945,2021-05,Humberside Police,Humberside Police,-1.029218,53.691770,On or near Market Place,E01013073,East Riding of Yorkshire 042B,Violence and sexual offences,Court result unavailable,
,2021-05,Humberside Police,Humberside Police,-1.053896,53.670440,On or near Berridge Lane,E01013075,East Riding of Yorkshire 042C,Anti-social behaviour,,
,2021-05,Humberside Police,Humberside Police,-1.073589,53.667664,On or near Calder Crescent,E01013075,East Riding of Yorkshire 042C,Anti-social behaviour,,
be9daecc63e2d1dc57f02689fdd1100612523ed8c315a5938062724872dd9550,2021-05,Humberside Police,Humberside Police,-1.056880,53.694059,On or near Main Street,E01013075,East Riding of Yorkshire 042C,Public order,Court result unavailable,
9f6bbc9cac618883aafd4f1e6e0228b079ed2cbc1e9be9d6c6caca0bf3be38d9,2021-05,Humberside Police,Humberside Police,-1.072658,53.669410,On or near Bridge Farm,E01013075,East Riding of Yorkshire 042C,Violence and sexual offences,Court result unavailable,
87620c748a3cc7fe23a6534206632f859f5c7ccdacdecd2a4dbeeb9a365757ad,2021-05,Humberside Police,Humberside Police,-1.064356,53.681327,On or near Snaith Road,E01013075,East Riding of Yorkshire 042C,Violence and sexual offences,Unable to prosecute suspect,
2cf5244a76fc826f24cc1f4ae4cb84266ac731e19425df163ea519dd78dc45ca,2021-05,Humberside Police,Humberside Police,-1.064356,53.681327,On or near Snaith Road,E01013075,East Riding of Yorkshire 042C,Violence and sexual offences,Unable to prosecute suspect,
12fd99d5479209a08fcbee8fc73ff811131313fb519a64100b691ce3ec17f6b3,2021-05,Humberside Police,Humberside Police,-1.074116,53.671245,On or near West End Gardens,E01013075,East Riding of Yorkshire 042C,Violence and sexual offences,Unable to prosecute suspect,
722e812dc05cfa486614dde83aa17f5521948f2ae8ea02361f906605b645c1f9,2021-05,Humberside Police,Humberside Police,-1.058930,53.667999,On or near Willow Garth,E01013075,East Riding of Yorkshire 042C,Other crime,Unable to prosecute suspect,
,2021-05,Humberside Police,Humberside Police,-1.012862,53.682702,On or near Little London Lane,E01013077,East Riding of Yorkshire 042D,Anti-social behaviour,,
,2021-05,Humberside Police,Humberside Police,-1.012862,53.682702,On or near Little London Lane,E01013077,East Riding of Yorkshire 042D,Anti-social behaviour,,
,2021-05,Humberside Police,Humberside Police,-1.030388,53.688930,On or near The Chase,E01013077,East Riding of Yorkshire 042D,Anti-social behaviour,,
,2021-05,Humberside Police,Humberside Police,-1.012862,53.682702,On or near Little London Lane,E01013077,East Riding of Yorkshire 042D,Anti-social behaviour,,
,2021-05,Humberside Police,Humberside Police,-1.031997,53.688126,On or near Roland Simpson Close,E01013077,East Riding of Yorkshire 042D,Anti-social behaviour,,
,2021-05,Humberside Police,Humberside Police,-1.031542,53.687502,On or near Bean Gardens,E01013077,East Riding of Yorkshire 042D,Anti-social behaviour,,
85eb781cb3265d51a950b0d86ff82048dface83aff5d4e58d9a68ddb66e67786,2021-05,Humberside Police,Humberside Police,-1.030449,53.690261,On or near Petrol Station,E01013077,East Riding of Yorkshire 042D,Other theft,Investigation complete; no suspect identified,
efe779eba9490d562b4d23678845ffe5d9990811f0e3ee98fc17b0a56aa73174,2021-05,Humberside Police,Humberside Police,-1.030449,53.690261,On or near Petrol Station,E01013077,East Riding of Yorkshire 042D,Shoplifting,Investigation complete; no suspect identified,
2f6804590b9348708714b3193a2a9fae656ca3b30e62dfa965e2191d4b023623,2021-05,Humberside Police,Humberside Police,-1.015995,53.686000,On or near High Street,E01013077,East Riding of Yorkshire 042D,Violence and sexual offences,Investigation complete; no suspect identified,
0665a46d7c7a5aa1791020545adb6c8d0b4bc212d265ade7394a154027b40318,2021-05,Humberside Police,Humberside Police,-1.034750,53.686943,On or near Punton Walk,E01013077,East Riding of Yorkshire 042D,Violence and sexual offences,Unable to prosecute suspect,
,2021-05,Humberside Police,Humberside Police,-0.422223,53.725684,On or near Eastfield Court,E01013006,East Riding of Yorkshire 043A,Anti-social behaviour,,
,2021-05,Humberside Police,Humberside Police,-0.422538,53.724142,On or near Fern Court,E01013006,East Riding of Yorkshire 043A,Anti-social behaviour,,
,2021-05,Humberside Police,Humberside Police,-0.425401,53.725006,On or near Fishemore Avenue,E01013006,East Riding of Yorkshire 043A,Anti-social behaviour,,
,2021-05,Humberside Police,Humberside Police,-0.422538,53.724142,On or near Fern Court,E01013006,East Riding of Yorkshire 043A,Anti-social behaviour,,
,2021-05,Humberside Police,Humberside Police,-0.425917,53.727836,On or near Cottesmore Road,E01013006,East Riding of Yorkshire 043A,Anti-social behaviour,,
d40664808f8be196d8acec9b2d82b8d6263332d721946d43a77216c813a2d9b9,2021-05,Humberside Police,Humberside Police,-0.425917,53.727836,On or near Cottesmore Road,E01013006,East Riding of Yorkshire 043A,Criminal damage and arson,Investigation complete; no suspect identified,
08cde98066425b87a8e3345ac51b401b73f3c3c6daffb809195b1b6269aebc24,2021-05,Humberside Police,Humberside Police,-0.422223,53.725684,On or near Eastfield Court,E01013006,East Riding of Yorkshire 043A,Criminal damage and arson,Unable to prosecute suspect,
da4551c3f116c3d69fae48095388981fe0636c420f1f12906cb6f757d65c1316,2021-05,Humberside Police,Humberside Police,-0.421168,53.724312,On or near Victoria Street,E01013006,East Riding of Yorkshire 043A,Other theft,Investigation complete; no suspect identified,
3cd753d20e10d91d3a59a87888c6f84bd6654c4bd6b3b7deb840f167510087a1,2021-05,Humberside Police,Humberside Police,-0.422338,53.726656,On or near Sports/Recreation Area,E01013006,East Riding of Yorkshire 043A,Public order,Investigation complete; no suspect identified,
68cdb050d727acb0f49e434fe5f6498cab7309f4c0eef9460e8b3a0bd56f7bae,2021-05,Humberside Police,Humberside Police,-0.423399,53.725043,On or near Newlyn Close,E01013006,East Riding of Yorkshire 043A,Public order,Unable to prosecute suspect,
a5e96e4d56a6d5b7ed6d73c979d75f4794f106cf2a97821f2cde7b9df66530b2,2021-05,Humberside Police,Humberside Police,-0.421168,53.724312,On or near Victoria Street,E01013006,East Riding of Yorkshire 043A,Public order,Unable to prosecute suspect,
12586cf6db7d8a97a432f9111cb0319f05555c01fe578f65e2e60833d672320d,2021-05,Humberside Police,Humberside Police,-0.423399,53.725043,On or near Newlyn Close,E01013006,East Riding of Yorkshire 043A,Shoplifting,Local resolution,
99fe47b5f56385dd44ea07cc2f6d024b3c9b01134c984a19c6c60dbd5fe9f4b3,2021-05,Humberside Police,Humberside Police,-0.425401,53.725006,On or near Fishemore Avenue,E01013006,East Riding of Yorkshire 043A,Violence and sexual offences,Local resolution,
a5d33329b4c07886c926cf1a41fd7f099576fc4ff2b2b9a1652a0af8c176a842,2021-05,Humberside Police,Humberside Police,-0.422223,53.725684,On or near Eastfield Court,E01013006,East Riding of Yorkshire 043A,Violence and sexual offences,Unable to prosecute suspect,
a36236a16848cbb8a6f270a26afc7ec795a2bd9291130b67736e540f7145d8a9,2021-05,Humberside Police,Humberside Police,-0.423399,53.725043,On or near Newlyn Close,E01013006,East Riding of Yorkshire 043A,Violence and sexual offences,Unable to prosecute suspect,
11c9acb95ad0bea85c8b2d390b28e1ceaca5a0547383a134ad52c0e627b0efc2,2021-05,Humberside Police,Humberside Police,-0.422223,53.725684,On or near Eastfield Court,E01013006,East Riding of Yorkshire 043A,Violence and sexual offences,Unable to prosecute suspect,
,2021-05,Humberside Police,Humberside Police,-0.422957,53.729163,On or near Bethune Avenue West,E01013010,East Riding of Yorkshire 043B,Anti-social behaviour,,
,2021-05,Humberside Police,Humberside Police,-0.422957,53.729163,On or near Bethune Avenue West,E01013010,East Riding of Yorkshire 043B,Anti-social behaviour,,
cd6367105bb723efb2d9eb83a69bb61c6e4b27285c9b4518e45a86da8ab71362,2021-05,Humberside Police,Humberside Police,-0.425078,53.732023,On or near Barnetby Road,E01013010,East Riding of Yorkshire 043B,Other theft,Status update unavailable,
456abfd51275c37b9a2680f813abfc15d4fa9fbafd4e59710747ef6310fc1484,2021-05,Humberside Police,Humberside Police,-0.422317,53.733694,On or near Petrol Station,E01013010,East Riding of Yorkshire 043B,Public order,Unable to prosecute suspect,
105b10c315a2e2e29590ebd60c699289fd5186efb5941d25b01bb31cf89b26fd,2021-05,Humberside Police,Humberside Police,-0.425324,53.732745,On or near Brigg Drive,E01013010,East Riding of Yorkshire 043B,Violence and sexual offences,Unable to prosecute suspect,
034563db353d002f4e355e9aabd010f327d930e8248318002d04b996f74b1f82,2021-05,Humberside Police,Humberside Police,-0.413931,53.745845,On or near Colville Avenue,E01013103,East Riding of Yorkshire 043C,Burglary,Investigation complete; no suspect identified,
5c50fbf5b618a2b201abe01ca79cbedfa1de7ecf4813837155d8ab5427d25f8a,2021-05,Humberside Police,Humberside Police,-0.417464,53.746655,On or near Sherwood Drive,E01013103,East Riding of Yorkshire 043C,Burglary,Court result unavailable,
c80d05cbd0560f28f25229a78fd010f1b9d0b1f2e76d32a0158993e4e03b59a8,2021-05,Humberside Police,Humberside Police,-0.412305,53.745922,On or near Faversham Avenue,E01013103,East Riding of Yorkshire 043C,Violence and sexual offences,Unable to prosecute suspect,
81f625a3ec4fde1bb9ff37db71cc64d45bbdd7bc135baac8d5b68f77bc7d129c,2021-05,Humberside Police,Humberside Police,-0.407960,53.748552,On or near Maple Close,E01013104,East Riding of Yorkshire 043D,Criminal damage and arson,Unable to prosecute suspect,
bc7afdf2923e6e371fd119178ea2bf7bbc9106c1bab61bf7626cd69627799fa0,2021-05,Humberside Police,Humberside Police,-0.404708,53.749515,On or near Sorbus View,E01013104,East Riding of Yorkshire 043D,Violence and sexual offences,Unable to prosecute suspect,
c9cbfe912e44aa559323038b78a0410d614480547c996caaaa377a9d02e9dbb1,2021-05,Humberside Police,Humberside Police,-0.404708,53.749515,On or near Sorbus View,E01013104,East Riding of Yorkshire 043D,Violence and sexual offences,Unable to prosecute suspect,
97aa8b82e6be35212d4c1509be7d457ae13b0d1618456c6c383292cf662b8010,2021-05,Humberside Police,Humberside Police,-0.409420,53.749237,On or near Laurel Close,E01013104,East Riding of Yorkshire 043D,Violence and sexual offences,Unable to prosecute suspect,
aa7367bfe57f35bd42d9dee4a9df92b0c5a3cae6dd6b4f5c0a0cb387695f6058,2021-05,Humberside Police,Humberside Police,-0.420262,53.734323,On or near Boothferry Road,E01013106,East Riding of Yorkshire 043E,Criminal damage and arson,Investigation complete; no suspect identified,
fb906eade016ec613863e702b117e811c6386f86ae5522ed57f83731a1ba4eca,2021-05,Humberside Police,Humberside Police,-0.416881,53.737964,On or near Delius Close,E01013106,East Riding of Yorkshire 043E,Public order,Unable to prosecute suspect,
8ffc55d23e46dae3997affc6841d1c36d8e54ecc5e950133efa00f10d546d7f3,2021-05,Humberside Police,Humberside Police,-0.416881,53.737964,On or near Delius Close,E01013106,East Riding of Yorkshire 043E,Public order,Court result unavailable,
d073c80de6060e18de73486c49ce67e63f1659e1a97f286d30fec570f04b2174,2021-05,Humberside Police,Humberside Police,-0.416881,53.737964,On or near Delius Close,E01013106,East Riding of Yorkshire 043E,Violence and sexual offences,Action to be taken by another organisation,
0f07aae4b0fd59efae895d431a9ad25c6563814f7b86198dae63722bf6901f69,2021-05,Humberside Police,Humberside Police,-0.416881,53.737964,On or near Delius Close,E01013106,East Riding of Yorkshire 043E,Violence and sexual offences,Unable to prosecute suspect,
42b40fd00ea794a32facfb6357aa4fd1a24de931221cc06d0dd619dd75bb7e2e,2021-05,Humberside Police,Humberside Police,-0.422504,53.746119,On or near Dawnay Drive,E01013106,East Riding of Yorkshire 043E,Violence and sexual offences,Unable to prosecute suspect,
9be433742735fa11166cbf3891a5c3e23d4eda040a606ae0b57e265d81146ebc,2021-05,Humberside Police,Humberside Police,-0.426640,53.744187,On or near Loyd Street,E01013106,East Riding of Yorkshire 043E,Violence and sexual offences,Investigation complete; no suspect identified,
e164794f41059e612f26cabaaa86f3caa881e56b36deebf49e04e27e2428f3d7,2021-05,Humberside Police,Humberside Police,-0.418373,53.737400,On or near St Thomas Moore Road,E01013106,East Riding of Yorkshire 043E,Violence and sexual offences,Local resolution,
b782b5cd9c1e2757ae081da2c31adeae65895696f848455a8f151b8c006c8c26,2021-05,Humberside Police,Humberside Police,-0.415663,53.743324,On or near Spring Gardens West,E01032596,East Riding of Yorkshire 043F,Bicycle theft,Investigation complete; no suspect identified,
28802df12f77328072ef4d3283bdb2e0a553293fb89f1d447a7eeeb7c7f39e37,2021-05,Humberside Police,Humberside Police,-0.418638,53.744882,On or near Springhead Court,E01032596,East Riding of Yorkshire 043F,Other theft,Investigation complete; no suspect identified,
4a0e4ba0362f9d49792b17e7644a4f1669e593bee9c729fb8f7d57355fb0ba8a,2021-05,Humberside Police,Humberside Police,-0.414808,53.744301,On or near Supermarket,E01032596,East Riding of Yorkshire 043F,Other theft,Unable to prosecute suspect,
47cd7c02e89a849482cc15ff0b0a7630c7a9abaf0f8fd32e242b28bdce8b29da,2021-05,Humberside Police,Humberside Police,-0.413737,53.742543,On or near Westwood Drive,E01032596,East Riding of Yorkshire 043F,Public order,Unable to prosecute suspect,
60f9158693d7cab9dd5bcdd7bdcd7459b0c325493298a5e88c7cb67ba5986dab,2021-05,Humberside Police,Humberside Police,-0.414808,53.744301,On or near Supermarket,E01032596,East Riding of Yorkshire 043F,Shoplifting,Local resolution,
8b811df8e4b2bd51a32bae348f487906b8bf6f2be1d2549f72051e8e6dfcbbce,2021-05,Humberside Police,Humberside Police,-0.413227,53.742374,On or near Bernadette Avenue,E01032596,East Riding of Yorkshire 043F,Violence and sexual offences,Local resolution,
5c1a101522a562aa9b805800d0b26dba063b74ec5cb0f8bfd32b862e75cf7e50,2021-05,Humberside Police,Humberside Police,-0.441506,54.014442,On or near Kendale View,E01012975,East Riding of Yorkshire 044A,Other theft,Investigation complete; no suspect identified,
c9f5099f7dd8a5b609b37b1d20d7d4360b897fa34aa53d4be71755a383bce62d,2021-05,Humberside Police,Humberside Police,-0.441506,54.014442,On or near Kendale View,E01012975,East Riding of Yorkshire 044A,Other theft,Status update unavailable,
f04625b326e4840350058626a4414b3f5c998b8d6bd719af0371b7c84eb5dec9,2021-05,Humberside Police,Humberside Police,-0.429844,54.010848,On or near Greenlands,E01012975,East Riding of Yorkshire 044A,Violence and sexual offences,Unable to prosecute suspect,
afa8fcc2a6c718aa150d75bb86bd1ea14cd823cf2c25b313f34d87e03c4dd883,2021-05,Humberside Police,Humberside Police,-0.422618,54.009836,On or near Kestrel Close,E01012977,East Riding of Yorkshire 044B,Criminal damage and arson,Investigation complete; no suspect identified,
a56d39cbee846be7cc822e76cf0444fa1ae9060fbf57c867eb09c2a020aa189b,2021-05,Humberside Police,Humberside Police,-0.422618,54.009836,On or near Kestrel Close,E01012977,East Riding of Yorkshire 044B,Criminal damage and arson,Unable to prosecute suspect,
39332ef7bd71e612ce2e996239aa151d7ddf149986860d4753bdb338cdf95162,2021-05,Humberside Police,Humberside Police,-0.423122,54.012252,On or near Hospital,E01012977,East Riding of Yorkshire 044B,Criminal damage and arson,Unable to prosecute suspect,
c2d2477dbbf5b8ebee8f11b932c42498a9687473a2c503b2c028274df03d382e,2021-05,Humberside Police,Humberside Police,-0.422618,54.009836,On or near Kestrel Close,E01012977,East Riding of Yorkshire 044B,Criminal damage and arson,Local resolution,
a243a0bfe1a3cd9f220a290941d1f0d66c582415c46ab65fb27b68260149c3e6,2021-05,Humberside Police,Humberside Police,-0.425426,54.002556,On or near Bethell Walk,E01012977,East Riding of Yorkshire 044B,Public order,Unable to prosecute suspect,
f770dbb6cc1ac652fad6039eb7fe086fef6c27acc7e29354938416d018e4d8c6,2021-05,Humberside Police,Humberside Police,-0.432280,54.000039,On or near Riverside Close,E01012977,East Riding of Yorkshire 044B,Public order,Unable to prosecute suspect,
e51de829c9fcbde39a1dbc63dae980369aee23ce86c1df88403f0184b8c5d688,2021-05,Humberside Police,Humberside Police,-0.432250,54.002466,On or near Riverhead Gardens,E01012977,East Riding of Yorkshire 044B,Vehicle crime,Court result unavailable,
89665d14203b471e56f8cfc640b9797034040614671fee806ae1f929a7a8fa0b,2021-05,Humberside Police,Humberside Police,-0.431207,54.001374,On or near Watersedge,E01012977,East Riding of Yorkshire 044B,Vehicle crime,Investigation complete; no suspect identified,
e9d2413c02dde2aa1d739e5792f96709b3860bf754a345d426b7bef286b5ea78,2021-05,Humberside Police,Humberside Police,-0.429417,54.002321,On or near The Groves,E01012977,East Riding of Yorkshire 044B,Violence and sexual offences,Unable to prosecute suspect,
2bd97c06c70dd02cc0bca4135cc9ac0e3694d30eb409b28545ddacb115104e9c,2021-05,Humberside Police,Humberside Police,-0.423122,54.012252,On or near Hospital,E01012977,East Riding of Yorkshire 044B,Violence and sexual offences,Unable to prosecute suspect,
9e27264c96c316ab7e87a60cf250fcc02da4ed79b4dfef5a11bc7b8d0b74a297,2021-05,Humberside Police,Humberside Police,-0.426328,54.004123,On or near Meadow Road,E01012977,East Riding of Yorkshire 044B,Violence and sexual offences,Unable to prosecute suspect,
790ea2774e3f8b880884957cc452e008158080580c91dacbd3198eeb6dff0bec,2021-05,Humberside Police,Humberside Police,-0.429425,54.008604,On or near Sports/Recreation Area,E01012977,East Riding of Yorkshire 044B,Violence and sexual offences,Unable to prosecute suspect,
c06183568be713bae73c99acc42a120a46a400c53821c7a5e8987e5809e67ac6,2021-05,Humberside Police,Humberside Police,-0.423122,54.012252,On or near Hospital,E01012977,East Riding of Yorkshire 044B,Violence and sexual offences,Unable to prosecute suspect,
68947d0fb0b3efca6ac37dea45ceb74f2d6737a067cb1e237c63b76e4dc125d7,2021-05,Humberside Police,Humberside Police,-0.429425,54.008604,On or near Sports/Recreation Area,E01012977,East Riding of Yorkshire 044B,Violence and sexual offences,Unable to prosecute suspect,
1ab48a08d4c5fca28d1bd3212e0ae56cf0b4e707d0d31e9ba0a516c77bdde2de,2021-05,Humberside Police,Humberside Police,-0.428361,54.006064,On or near The Chase,E01012977,East Riding of Yorkshire 044B,Violence and sexual offences,Unable to prosecute suspect,
46ad249a1ca770d97e5ee1162b12a84511b4f78010ba1d393247408ba24067d9,2021-05,Humberside Police,Humberside Police,-0.381529,53.993119,On or near Nafferton Road,E01012984,East Riding of Yorkshire 044C,Violence and sexual offences,Unable to prosecute suspect,
82c5c334561518d34eb9f61a96af335a66aeecdcba00bfca112170698329f714,2021-05,Humberside Police,Humberside Police,-0.387372,54.016389,On or near Coppergate Close,E01012985,East Riding of Yorkshire 044D,Criminal damage and arson,Local resolution,
d77db146d666d13ca16aadb92594cac9070a4bac4f4831125629bc963027c54b,2021-05,Humberside Police,Humberside Police,-0.388697,54.015283,On or near Priestgate,E01012985,East Riding of Yorkshire 044D,Violence and sexual offences,Unable to prosecute suspect,
1c929910d577e5e47b4d01af89086a4f436767fd01b4b39f47f856c6dcc94a64,2021-05,Humberside Police,Humberside Police,-0.388697,54.015283,On or near Priestgate,E01012985,East Riding of Yorkshire 044D,Violence and sexual offences,Unable to prosecute suspect,
e261811d5a1f599e71c4eaec264cfa2da5056379a5b5b59e952671cd0c277de1,2021-05,Humberside Police,Humberside Police,-0.384036,54.011104,On or near New Bridge Lane,E01012985,East Riding of Yorkshire 044D,Violence and sexual offences,Unable to prosecute suspect,
,2021-05,Humberside Police,Humberside Police,-0.435738,54.011554,On or near Star Hill Road,E01012976,East Riding of Yorkshire 045A,Anti-social behaviour,,
,2021-05,Humberside Police,Humberside Police,-0.436641,54.011898,On or near Eastfield Road,E01012976,East Riding of Yorkshire 045A,Anti-social behaviour,,
,2021-05,Humberside Police,Humberside Police,-0.437510,54.014786,On or near Highfield Avenue,E01012976,East Riding of Yorkshire 045A,Anti-social behaviour,,
c9da0f7bff458b18551a167e0cc187e16096ffc9ed42630e4f4046cb37f116e9,2021-05,Humberside Police,Humberside Police,-0.436641,54.011898,On or near Eastfield Road,E01012976,East Riding of Yorkshire 045A,Burglary,Investigation complete; no suspect identified,
1f1da1b322b13a47a02b1889a164fa9352fc2f4148c690124cd2908b110e4349,2021-05,Humberside Police,Humberside Police,-0.437510,54.014786,On or near Highfield Avenue,E01012976,East Riding of Yorkshire 045A,Criminal damage and arson,Investigation complete; no suspect identified,
0862fc505a57d5e8a70508dbcf509e273aebb116c939895eb9c3dbcba68b3ed5,2021-05,Humberside Police,Humberside Police,-0.436641,54.011898,On or near Eastfield Road,E01012976,East Riding of Yorkshire 045A,Criminal damage and arson,Status update unavailable,
417444e2f4af05f05dbfa2cea31d14d96790926d25bedfab40b14d67448e6c48,2021-05,Humberside Police,Humberside Police,-0.437510,54.014786,On or near Highfield Avenue,E01012976,East Riding of Yorkshire 045A,Violence and sexual offences,Unable to prosecute suspect,
78c284c5a3c5d123388b92935c398b2e3b6e610646186aacfb17dda9f7b9e257,2021-05,Humberside Police,Humberside Police,-0.435738,54.011554,On or near Star Hill Road,E01012976,East Riding of Yorkshire 045A,Violence and sexual offences,Action to be taken by another organisation,
a3d095b1823a974d83ed2542a5b6688bdead23f1ef2eae3480fcd5788f92c00d,2021-05,Humberside Police,Humberside Police,-0.438716,54.009885,On or near Gibson Street,E01012976,East Riding of Yorkshire 045A,Violence and sexual offences,Unable to prosecute suspect,
3a25a19a909a78085a4ca6d8745ee4a36f6db9fd467d82920a34cad0838bd931,2021-05,Humberside Police,Humberside Police,-0.436641,54.011898,On or near Eastfield Road,E01012976,East Riding of Yorkshire 045A,Violence and sexual offences,Unable to prosecute suspect,
8e44ec57e6b70e1a1612b95ac4bc5e972759cc30c2e566f6e681ad3a7740fd25,2021-05,Humberside Police,Humberside Police,-0.435738,54.011554,On or near Star Hill Road,E01012976,East Riding of Yorkshire 045A,Violence and sexual offences,Unable to prosecute suspect,
472ff6868d97b195623ca0664bccee0830ef4357fd59119e3a31c9515f7a6bc4,2021-05,Humberside Police,Humberside Police,-0.435738,54.011554,On or near Star Hill Road,E01012976,East Riding of Yorkshire 045A,Other crime,Action to be taken by another organisation,
2a631796c2b81e62ff218b6fb99aa1725e238af4992a535284d7e6b6640254f5,2021-05,Humberside Police,Humberside Police,-0.439329,54.008580,On or near East Gate North,E01012979,East Riding of Yorkshire 045B,Burglary,Investigation complete; no suspect identified,
43b24b19401d211adfb8dcf8be6cf0ea088f9f52450110b7096c2a2043a35e93,2021-05,Humberside Police,Humberside Police,-0.452476,54.006719,On or near Sylvan Falls,E01012979,East Riding of Yorkshire 045B,Burglary,Investigation complete; no suspect identified,
604a2ab5e1f721bf0f0ba6eaf5e889c9f2c1bb43781fda26bb2d9e2d9bd902e0,2021-05,Humberside Police,Humberside Police,-0.439329,54.008580,On or near East Gate North,E01012979,East Riding of Yorkshire 045B,Public order,Unable to prosecute suspect,
f814dbb857c69b769bf4c3d7a644dd693acfba4eb0699c531cae4a8d2fdb4a73,2021-05,Humberside Police,Humberside Police,-0.441377,54.007690,On or near Middle Street North,E01012979,East Riding of Yorkshire 045B,Public order,Investigation complete; no suspect identified,
206b8559cd274b78a00be40037bec7c3322b5b5c6f41502433616f63ac6b4615,2021-05,Humberside Police,Humberside Police,-0.443091,54.007551,On or near Church Lane,E01012979,East Riding of Yorkshire 045B,Violence and sexual offences,Unable to prosecute suspect,
7b086908283ec0edf4cccf6ae3ef0860a7f5b6912fb68158b2cd0cc94194c35b,2021-05,Humberside Police,Humberside Police,-0.440079,54.011377,On or near Windmill Hill,E01012979,East Riding of Yorkshire 045B,Violence and sexual offences,Unable to prosecute suspect,
44fda2559aa454caf725f09a19390df2b2e87b68db6f74b8bf84e519a35164e4,2021-05,Humberside Police,Humberside Police,-0.436352,54.009432,On or near Eastholme Close,E01012979,East Riding of Yorkshire 045B,Violence and sexual offences,Unable to prosecute suspect,
603ddc07293b7e7129dd806f1b698af412393807b9d59f6fd7c68ea6dbdc2fa7,2021-05,Humberside Police,Humberside Police,-0.439329,54.008580,On or near East Gate North,E01012979,East Riding of Yorkshire 045B,Violence and sexual offences,Unable to prosecute suspect,
45489b998a1ec737b01962d667086e7118e715800ec8bd35797060e7eb254bf3,2021-05,Humberside Police,Humberside Police,-0.439329,54.008580,On or near East Gate North,E01012979,East Riding of Yorkshire 045B,Violence and sexual offences,Unable to prosecute suspect,
863d448d54a90b89e4f728fce28db41ffb79542943c402735fef739b99133475,2021-05,Humberside Police,Humberside Police,-0.441377,54.007690,On or near Middle Street North,E01012979,East Riding of Yorkshire 045B,Violence and sexual offences,Investigation complete; no suspect identified,
a9c419ab862a15be75552956608c38a7bb6d471f7b69fc567f34c25951205e56,2021-05,Humberside Police,Humberside Police,-0.443091,54.007551,On or near Church Lane,E01012979,East Riding of Yorkshire 045B,Violence and sexual offences,Court result unavailable,
95300214454dac1a8fb83bda9153b973b392ce7c5fe1236ba92b3b5da5041f8b,2021-05,Humberside Police,Humberside Police,-0.443091,54.007551,On or near Church Lane,E01012979,East Riding of Yorkshire 045B,Violence and sexual offences,Unable to prosecute suspect,
a803c13d8b82f41158f39da4c220c13d87b1b9a8bdc9ee2e9f63b4b43fe73060,2021-05,Humberside Police,Humberside Police,-0.436352,54.009432,On or near Eastholme Close,E01012979,East Riding of Yorkshire 045B,Violence and sexual offences,Investigation complete; no suspect identified,
cdcd75dc3bf607045e6755755e9e71bc11dff6f154949eeae2b076b01b293b2d,2021-05,Humberside Police,Humberside Police,-0.436352,54.009432,On or near Eastholme Close,E01012979,East Riding of Yorkshire 045B,Violence and sexual offences,Unable to prosecute suspect,
802d812dcc6c75d54f4f05691fc7bc1561ada620fa0b9061c8679d41a442ea31,2021-05,Humberside Police,Humberside Police,-0.440079,54.011377,On or near Windmill Hill,E01012979,East Riding of Yorkshire 045B,Other crime,Unable to prosecute suspect,
29ac97f260879ad274ed28072153940e4941cbe9941eda422cd6e4a0e1bc4361,2021-05,Humberside Police,Humberside Police,-0.434326,54.004866,On or near East Gate South,E01012980,East Riding of Yorkshire 045C,Criminal damage and arson,Investigation complete; no suspect identified,
837dd3a5949e933b3605397049f547eb6a0f2087b0d7f76f483f270947a220d5,2021-05,Humberside Police,Humberside Police,-0.436089,54.007487,On or near Fletchers Court,E01012980,East Riding of Yorkshire 045C,Violence and sexual offences,Unable to prosecute suspect,
f49589802948302f5c029365dc1a2069e5389931fa3b491d0f3fbb58e501de9d,2021-05,Humberside Police,Humberside Police,-0.436089,54.007487,On or near Fletchers Court,E01012980,East Riding of Yorkshire 045C,Violence and sexual offences,Unable to prosecute suspect,
b969c8a7d5509a4da5ae87c91fb46804a45507a78c9beb12459af6d178b65a8e,2021-05,Humberside Police,Humberside Police,-0.436089,54.007487,On or near Fletchers Court,E01012980,East Riding of Yorkshire 045C,Violence and sexual offences,Unable to prosecute suspect,
,2021-05,Humberside Police,Humberside Police,-0.440188,54.004385,On or near Adelphi Street,E01012982,East Riding of Yorkshire 045D,Anti-social behaviour,,
6bdb4ca21ce9bbe299d7d66b0d1bf2013b2c1078609c93a02263ea2fb1e7a656,2021-05,Humberside Police,Humberside Police,-0.437443,54.004358,On or near Supermarket,E01012982,East Riding of Yorkshire 045D,Criminal damage and arson,Local resolution,
794004705f62bd53846a9c5e0c4292a2d416006b9767787316bff980a41339c2,2021-05,Humberside Police,Humberside Police,-0.439556,54.004161,On or near George Street,E01012982,East Riding of Yorkshire 045D,Other theft,Investigation complete; no suspect identified,
c5c90d6ddaf3e5f74a65fbd6815a801df89ecb4cc359a95a7b74c014a755df25,2021-05,Humberside Police,Humberside Police,-0.439331,54.004464,On or near Union Street,E01012982,East Riding of Yorkshire 045D,Public order,Investigation complete; no suspect identified,
6c78fa7a20cdb70ae3189aa96df632c07b60a8d2280940500f7f34b2458a05ee,2021-05,Humberside Police,Humberside Police,-0.436004,54.001625,On or near The Forge,E01012982,East Riding of Yorkshire 045D,Public order,Further investigation is not in the public interest,
db0276e29ba21b3434143e5ad2a4d9bf56f001b556d3b92da8593602dd57676f,2021-05,Humberside Police,Humberside Police,-0.436396,54.002969,On or near Middle Street South,E01012982,East Riding of Yorkshire 045D,Shoplifting,Investigation complete; no suspect identified,
4733ed777a14f4615e95133857fe50c032e61a648cb2ad67a3f62feff666cf2d,2021-05,Humberside Police,Humberside Police,-0.439331,54.004464,On or near Union Street,E01012982,East Riding of Yorkshire 045D,Shoplifting,Unable to prosecute suspect,
55a1392aedc159e9454524c103735605baefe0bf668d82729c75048c112d7b1b,2021-05,Humberside Police,Humberside Police,-0.439556,54.004161,On or near George Street,E01012982,East Riding of Yorkshire 045D,Shoplifting,Investigation complete; no suspect identified,
aafda30b8bc59d11e9109a9988ba07404459749bb03b2465686498525b32c9cd,2021-05,Humberside Police,Humberside Police,-0.439556,54.004161,On or near George Street,E01012982,East Riding of Yorkshire 045D,Shoplifting,Investigation complete; no suspect identified,
8de4d6724f8cc5c0e9cc2ca49f9f7482a9dccc779f82646927239dff70a2ae5b,2021-05,Humberside Police,Humberside Police,-0.436396,54.002969,On or near Middle Street South,E01012982,East Riding of Yorkshire 045D,Shoplifting,Court result unavailable,
e688fa6813df2d8f590bf2b5d001db9ba1da7cc116718e4dbdcbc8961f488c15,2021-05,Humberside Police,Humberside Police,-0.436396,54.002969,On or near Middle Street South,E01012982,East Riding of Yorkshire 045D,Shoplifting,Unable to prosecute suspect,
d1a3afa8ae45e614c0c1f29415df103622f78e9873e24216508d04cdcf6d8757,2021-05,Humberside Police,Humberside Police,-0.436396,54.002969,On or near Middle Street South,E01012982,East Riding of Yorkshire 045D,Shoplifting,Court result unavailable,
cb142d04b3937dfd74128917017a2129b38f595bc8871594804c0dbfe3d8bf15,2021-05,Humberside Police,Humberside Police,-0.436396,54.002969,On or near Middle Street South,E01012982,East Riding of Yorkshire 045D,Shoplifting,Status update unavailable,
ec6e87fe6fced31b3fad20cf1141ec804f70ff0051a1d6701b1e79f81c141f8c,2021-05,Humberside Police,Humberside Police,-0.447136,54.000151,On or near Duncombe Drive,E01012982,East Riding of Yorkshire 045D,Vehicle crime,Investigation complete; no suspect identified,
7bf60667dd48aad024544b3ab76374a9b23945be333b8a86b0cb62791f4aaf2c,2021-05,Humberside Police,Humberside Police,-0.447136,54.000151,On or near Duncombe Drive,E01012982,East Riding of Yorkshire 045D,Violence and sexual offences,Action to be taken by another organisation,
32115eb77d2e1f2f7d6e07672282a186574ea9905197a17589ba04776bffcd89,2021-05,Humberside Police,Humberside Police,-0.328426,53.810150,On or near Barmouth Close,E01012779,Kingston upon Hull 001A,Burglary,Investigation complete; no suspect identified,
a39d6bb2f72a751be92a1710a41294f4fb6a5f7edf08b626d3171da64f69f703,2021-05,Humberside Police,Humberside Police,-0.331487,53.809546,On or near Portmadoc Close,E01012779,Kingston upon Hull 001A,Criminal damage and arson,Unable to prosecute suspect,
b4d90cff0f8da48e7c3cbb35f42d8ec4174ace3c3527288f68dcb90627bb3bf4,2021-05,Humberside Police,Humberside Police,-0.329334,53.809075,On or near Colwyn Close,E01012779,Kingston upon Hull 001A,Criminal damage and arson,Unable to prosecute suspect,
c341b6693648c15d508186139428f11ceacbd3a4d3354829d0c5aaa541666391,2021-05,Humberside Police,Humberside Police,-0.333939,53.811306,On or near Carlam Lane,E01012779,Kingston upon Hull 001A,Criminal damage and arson,Investigation complete; no suspect identified,
6a9cf29cd91331810891757f9ad2859240a9c8349e056f2a9a4fd3d051f2d101,2021-05,Humberside Police,Humberside Police,-0.331228,53.807268,On or near Wawne Lodge,E01012779,Kingston upon Hull 001A,Criminal damage and arson,Investigation complete; no suspect identified,
16f009e985ff851820db582f80a083922d2ebc0299b4cc73c2ff6dc708ff82a0,2021-05,Humberside Police,Humberside Police,-0.329386,53.807377,On or near Borthwick Close,E01012779,Kingston upon Hull 001A,Criminal damage and arson,Unable to prosecute suspect,
c23525ed68ee37f39a00344e6c67eb63eea29bf467076f51e950b6b76ee91fd5,2021-05,Humberside Police,Humberside Police,-0.332661,53.809427,On or near Rhyl Close,E01012779,Kingston upon Hull 001A,Drugs,Further action is not in the public interest,
d56c845977ea625898d3acc0063da8092d20c5a20df960b3bc5f1554c2a79d11,2021-05,Humberside Police,Humberside Police,-0.332719,53.810651,On or near Welshpool Close,E01012779,Kingston upon Hull 001A,Other theft,Court result unavailable,
3ec68c054250e735e034a60ded1641c2863c00458148c872a478998ebc124a3e,2021-05,Humberside Police,Humberside Police,-0.325251,53.810924,On or near Aberdovey Close,E01012779,Kingston upon Hull 001A,Violence and sexual offences,Unable to prosecute suspect,
99fa906f901fd1d4d1b6cb93187e32a740a154a8faa0c2698233c6b7e5df2ba6,2021-05,Humberside Police,Humberside Police,-0.325251,53.810924,On or near Aberdovey Close,E01012779,Kingston upon Hull 001A,Violence and sexual offences,Unable to prosecute suspect,
0cb1323df7961c6c2d33d1b898f04197de3b7f628eee129e1b33f48b92822f90,2021-05,Humberside Police,Humberside Police,-0.332661,53.809427,On or near Rhyl Close,E01012779,Kingston upon Hull 001A,Violence and sexual offences,Action to be taken by another organisation,
de2fa5fb6a8959845d08df0e78edbd141a7979e57dec4b8ce20bcdd865b5f176,2021-05,Humberside Police,Humberside Police,-0.329386,53.807377,On or near Borthwick Close,E01012779,Kingston upon Hull 001A,Violence and sexual offences,Action to be taken by another organisation,
4e6c4a52eb57d50e8f76c233941392028d76b35bb4304713d09f1c2708a3ced4,2021-05,Humberside Police,Humberside Police,-0.324417,53.809366,On or near Furness Close,E01012779,Kingston upon Hull 001A,Violence and sexual offences,Unable to prosecute suspect,
71f3e848cee89fb72883e035a606183580df8fd6aa5748ff1c4de76cdb0cba8d,2021-05,Humberside Police,Humberside Police,-0.332719,53.810651,On or near Welshpool Close,E01012779,Kingston upon Hull 001A,Violence and sexual offences,Unable to prosecute suspect,
25376617b98758e1b9ed55c8d5424e892b725e023f3b996d170d7764e7f0b683,2021-05,Humberside Police,Humberside Police,-0.324417,53.809366,On or near Furness Close,E01012779,Kingston upon Hull 001A,Violence and sexual offences,Unable to prosecute suspect,
a41f189374ac50942a4840903523275042649abae81409bb42ca9e40e1d4d8f9,2021-05,Humberside Police,Humberside Police,-0.324417,53.809366,On or near Furness Close,E01012779,Kingston upon Hull 001A,Violence and sexual offences,Unable to prosecute suspect,
8c9d5136ad3592452db54a34e6a31d2058c6e7cd52367edcc9d697f6e12fa53a,2021-05,Humberside Police,Humberside Police,-0.325251,53.810924,On or near Aberdovey Close,E01012779,Kingston upon Hull 001A,Violence and sexual offences,Status update unavailable,
d44c32181f97836cea3b42d93d001be8c63d8c0a53b255c37815adaabcba25c6,2021-05,Humberside Police,Humberside Police,-0.324417,53.809366,On or near Furness Close,E01012779,Kingston upon Hull 001A,Other crime,Local resolution,
,2021-05,Humberside Police,Humberside Police,-0.327299,53.805263,On or near Lothian Way,E01012780,Kingston upon Hull 001B,Anti-social behaviour,,
,2021-05,Humberside Police,Humberside Police,-0.324098,53.804031,On or near Helvellyn Close,E01012780,Kingston upon Hull 001B,Anti-social behaviour,,
,2021-05,Humberside Police,Humberside Police,-0.324200,53.803008,On or near Dalkeith Close,E01012780,Kingston upon Hull 001B,Anti-social behaviour,,
,2021-05,Humberside Police,Humberside Police,-0.327299,53.805263,On or near Lothian Way,E01012780,Kingston upon Hull 001B,Anti-social behaviour,,
,2021-05,Humberside Police,Humberside Police,-0.324098,53.804031,On or near Helvellyn Close,E01012780,Kingston upon Hull 001B,Anti-social behaviour,,
,2021-05,Humberside Police,Humberside Police,-0.327867,53.801279,On or near Redmire Close,E01012780,Kingston upon Hull 001B,Anti-social behaviour,,
,2021-05,Humberside Police,Humberside Police,-0.324098,53.804031,On or near Helvellyn Close,E01012780,Kingston upon Hull 001B,Anti-social behaviour,,
310514ce24874dfacd27b11bdc725e9b952e0bd5a137922246bd0a69997b24e3,2021-05,Humberside Police,Humberside Police,-0.324098,53.804031,On or near Helvellyn Close,E01012780,Kingston upon Hull 001B,Criminal damage and arson,Local resolution,
50ef7d9d5bc7bb1d7652fb6ac2ce27f067ac3f0e0362dd4fb43ba139fbbaf28c,2021-05,Humberside Police,Humberside Police,-0.329365,53.802954,On or near Whernside Close,E01012780,Kingston upon Hull 001B,Criminal damage and arson,Investigation complete; no suspect identified,
70aab5f27384f2bf4ad6a8922310fb5aa9ef544d3d69ecc4df7583d5aa835e0f,2021-05,Humberside Police,Humberside Police,-0.329110,53.802115,On or near Pendle Close,E01012780,Kingston upon Hull 001B,Criminal damage and arson,Unable to prosecute suspect,
2278deaceea606cbc92b484d50430e5e361b5459a498ea2a246034dffbaaf19b,2021-05,Humberside Police,Humberside Police,-0.329622,53.801070,On or near Saddleworth Close,E01012780,Kingston upon Hull 001B,Criminal damage and arson,Unable to prosecute suspect,
fb3cf5f216da30f3884cd507afa69bef43609c490917ec505e05792a8bdf7dfe,2021-05,Humberside Police,Humberside Police,-0.324098,53.804031,On or near Helvellyn Close,E01012780,Kingston upon Hull 001B,Criminal damage and arson,Investigation complete; no suspect identified,
a6f9ac909e06ec402ba37f0ae7461425011cb719cc9cb8e243edabbf53bf735c,2021-05,Humberside Police,Humberside Police,-0.326378,53.803991,On or near Rangely Close,E01012780,Kingston upon Hull 001B,Criminal damage and arson,Further action is not in the public interest,
de0e69e970a1888cf70237be65ff4234b8dda16e3842b33c28051a85c39cfb2b,2021-05,Humberside Police,Humberside Police,-0.329365,53.802954,On or near Whernside Close,E01012780,Kingston upon Hull 001B,Criminal damage and arson,Investigation complete; no suspect identified,
4f0e4b2aae57177fc4dfd39db12fd4e7de66d4e280aa5c01106b02c210f63563,2021-05,Humberside Police,Humberside Police,-0.326378,53.803991,On or near Rangely Close,E01012780,Kingston upon Hull 001B,Criminal damage and arson,Further action is not in the public interest,
a1b45ef65c0deacb5c33b4e226cb5f66a98f74950ed2d44a727516e5adb9c954,2021-05,Humberside Police,Humberside Police,-0.326378,53.803991,On or near Rangely Close,E01012780,Kingston upon Hull 001B,Drugs,Court result unavailable,
26104e4bca74bfc5b6e21de4724b988b324891a5f4a6658aa78151bb1b275be7,2021-05,Humberside Police,Humberside Police,-0.324200,53.803008,On or near Dalkeith Close,E01012780,Kingston upon Hull 001B,Public order,Further action is not in the public interest,
18e53d998a357d02fe885c5697a4d6974699f9f560f1890f2cb81beddd1a3ed6,2021-05,Humberside Police,Humberside Police,-0.329110,53.802115,On or near Pendle Close,E01012780,Kingston upon Hull 001B,Public order,Unable to prosecute suspect,
13e10fc34b982f8634305fd4898b213ae2071acddf337c02ef13ec84c2b2cdf8,2021-05,Humberside Police,Humberside Police,-0.327867,53.801279,On or near Redmire Close,E01012780,Kingston upon Hull 001B,Public order,Unable to prosecute suspect,
3864edfc02abbef93911b7982ec1961e95e2fd4c595a8ac5eb46d0a5b248990e,2021-05,Humberside Police,Humberside Police,-0.327867,53.801279,On or near Redmire Close,E01012780,Kingston upon Hull 001B,Public order,Unable to prosecute suspect,
64df162a2edee24791a3cb7a5e1d9548736bccda883599c2dd61f89d799fa635,2021-05,Humberside Police,Humberside Police,-0.329110,53.802115,On or near Pendle Close,E01012780,Kingston upon Hull 001B,Public order,Unable to prosecute suspect,
43bbd61c995c86cdf662fdc11e223f001393a7cde14a16c39acfb3fb34ad0562,2021-05,Humberside Police,Humberside Police,-0.328600,53.805766,On or near Appin Close,E01012780,Kingston upon Hull 001B,Shoplifting,Investigation complete; no suspect identified,
0056043d6eee0184fdb83fdd9f6bcc63c83bd1d04d2efaa1861894e1e063f918,2021-05,Humberside Police,Humberside Police,-0.329110,53.802115,On or near Pendle Close,E01012780,Kingston upon Hull 001B,Vehicle crime,Investigation complete; no suspect identified,
9954b34d2cd1165324333d0422c718dd5c00f7c52dfc85b59798503965c4156b,2021-05,Humberside Police,Humberside Police,-0.327267,53.806835,On or near Gifford Close,E01012780,Kingston upon Hull 001B,Violence and sexual offences,Unable to prosecute suspect,
4daf5dc54f52a68902851c36d7e610dfede76da473f4d03cb5aa2ca7d669ce20,2021-05,Humberside Police,Humberside Police,-0.327299,53.805263,On or near Lothian Way,E01012780,Kingston upon Hull 001B,Violence and sexual offences,Local resolution,
9d4dfa861e9712743ad51ec20f411f90fe0b850924442b35ed2d5b6c2e97ba48,2021-05,Humberside Police,Humberside Police,-0.327299,53.805263,On or near Lothian Way,E01012780,Kingston upon Hull 001B,Violence and sexual offences,Local resolution,
c1770923c07661e835030d9fd668a336482e9daf3b763ddda74c62adc1a4588d,2021-05,Humberside Police,Humberside Police,-0.326378,53.803991,On or near Rangely Close,E01012780,Kingston upon Hull 001B,Violence and sexual offences,Court result unavailable,
4407bc0a76d0a4a075fe3fdd6edd51c9ab994e070f57c14da260bf0d7b594082,2021-05,Humberside Police,Humberside Police,-0.329622,53.801070,On or near Saddleworth Close,E01012780,Kingston upon Hull 001B,Violence and sexual offences,Court result unavailable,
ddc331bd31573a2e423df10ad76b5da90c80f6934b0dfc767cead3f6f1fd4b40,2021-05,Humberside Police,Humberside Police,-0.324200,53.803008,On or near Dalkeith Close,E01012780,Kingston upon Hull 001B,Violence and sexual offences,Unable to prosecute suspect,
6449397b1dd1ec360e02926832e63b24420bf0c1cbbfc0ff62a02c6ae4542fae,2021-05,Humberside Police,Humberside Police,-0.325282,53.807859,On or near Leitholm Close,E01012780,Kingston upon Hull 001B,Violence and sexual offences,Unable to prosecute suspect,
57647f413819987b5b34ac2937d0adb977ce0eb1b3dbc2949a6b3ce2dff6511c,2021-05,Humberside Police,Humberside Police,-0.328600,53.805766,On or near Appin Close,E01012780,Kingston upon Hull 001B,Violence and sexual offences,Unable to prosecute suspect,
b4590a37e17040bb01f3f621e20b8c6af033eeba59abf1fbf77706885158de33,2021-05,Humberside Police,Humberside Police,-0.327299,53.805263,On or near Lothian Way,E01012780,Kingston upon Hull 001B,Violence and sexual offences,Unable to prosecute suspect,
20d495b5d15752d9776172acb2101e390f43c18191fa95027353892c95d7c884,2021-05,Humberside Police,Humberside Police,-0.329110,53.802115,On or near Pendle Close,E01012780,Kingston upon Hull 001B,Violence and sexual offences,Unable to prosecute suspect,
066f3a5cd25c771f0c511a6aa71fdc72b926880f8b90037b952c47f34b7eeccb,2021-05,Humberside Police,Humberside Police,-0.327867,53.801279,On or near Redmire Close,E01012780,Kingston upon Hull 001B,Violence and sexual offences,Court result unavailable,
907d0c9e5fee5e0e88db3a80e2d3c8f5a67d4c764b47958530b57f746e6846d9,2021-05,Humberside Police,Humberside Police,-0.327299,53.805263,On or near Lothian Way,E01012780,Kingston upon Hull 001B,Violence and sexual offences,Unable to prosecute suspect,
95955b0c24c10619809dc33e1f5743adc44d4947851fa66c588ac83054966782,2021-05,Humberside Police,Humberside Police,-0.328600,53.805766,On or near Appin Close,E01012780,Kingston upon Hull 001B,Violence and sexual offences,Unable to prosecute suspect,
27ad08d4bf56a1716601dcfa2eb7c499366e60895f63aafc2a5734336b183ca5,2021-05,Humberside Police,Humberside Police,-0.324200,53.803008,On or near Dalkeith Close,E01012780,Kingston upon Hull 001B,Violence and sexual offences,Investigation complete; no suspect identified,
4899106cebbdbf3e45f380803fc9677a1c3f54146b807ff055f0df231b29f285,2021-05,Humberside Police,Humberside Police,-0.327267,53.806835,On or near Gifford Close,E01012780,Kingston upon Hull 001B,Violence and sexual offences,Unable to prosecute suspect,
795a748a802c17a1ec72aaf19d2cbfe2697a247bafde33c6b2ffd99efcf55ecd,2021-05,Humberside Police,Humberside Police,-0.327867,53.801279,On or near Redmire Close,E01012780,Kingston upon Hull 001B,Violence and sexual offences,Unable to prosecute suspect,
430645f647ce2adfebae8cb030db0f6f7fdcf4bbc6534e47ae592066c282b1ee,2021-05,Humberside Police,Humberside Police,-0.324200,53.803008,On or near Dalkeith Close,E01012780,Kingston upon Hull 001B,Violence and sexual offences,Unable to prosecute suspect,
fce8c81f19ef25e35b72ca5917003a3e70cf49b9ea9e0f84893304973e07750a,2021-05,Humberside Police,Humberside Police,-0.326072,53.802522,On or near Blackhope Close,E01012780,Kingston upon Hull 001B,Violence and sexual offences,Unable to prosecute suspect,
622724d36465f97facbda6010214953e508d1948b3596b633b6533561ef413de,2021-05,Humberside Police,Humberside Police,-0.324098,53.804031,On or near Helvellyn Close,E01012780,Kingston upon Hull 001B,Violence and sexual offences,Local resolution,
af355a2b40c68f7a33fffceaeb22978c3492313133d79e0d48f983e4dc31bef3,2021-05,Humberside Police,Humberside Police,-0.324200,53.803008,On or near Dalkeith Close,E01012780,Kingston upon Hull 001B,Violence and sexual offences,Unable to prosecute suspect,
cc3f42b28e36c15bc81f0c5ce5de8797ad56c082573fb4a2f259c47d3403eff6,2021-05,Humberside Police,Humberside Police,-0.324552,53.807121,On or near Snowhill Close,E01012780,Kingston upon Hull 001B,Violence and sexual offences,Unable to prosecute suspect,
5f06a1d34e6a6109195a7f1b5a78f49678480e679bb7b72a34b172ef93d5cda0,2021-05,Humberside Police,Humberside Police,-0.327267,53.806835,On or near Gifford Close,E01012780,Kingston upon Hull 001B,Violence and sexual offences,Unable to prosecute suspect,
537d82c6f751296171ccbb9b4e97ca6d3c63a7e0a8f696c2501e73335f3520ef,2021-05,Humberside Police,Humberside Police,-0.327267,53.806835,On or near Gifford Close,E01012780,Kingston upon Hull 001B,Violence and sexual offences,Unable to prosecute suspect,
8ac05c698eb77000fae105a49ad945b7527a9d0ece0734c33f5ab03d10508f4e,2021-05,Humberside Police,Humberside Police,-0.329622,53.801070,On or near Saddleworth Close,E01012780,Kingston upon Hull 001B,Other crime,Court result unavailable,
,2021-05,Humberside Police,Humberside Police,-0.334743,53.806715,On or near Arncliffe Close,E01012781,Kingston upon Hull 001C,Anti-social behaviour,,
,2021-05,Humberside Police,Humberside Police,-0.331477,53.803694,On or near Kinderscout Close,E01012781,Kingston upon Hull 001C,Anti-social behaviour,,
eff187f30b788d9c7bb63f0c34c97c6c1ea0d5245483587a76224d656dec7363,2021-05,Humberside Police,Humberside Police,-0.332771,53.805905,On or near Trawden Close,E01012781,Kingston upon Hull 001C,Burglary,Investigation complete; no suspect identified,
4230388891a7205dc220e4d7e2bd895ab7066f974fae0fef14937e56bb0bb278,2021-05,Humberside Police,Humberside Police,-0.331828,53.804409,On or near Greygarth Close,E01012781,Kingston upon Hull 001C,Criminal damage and arson,Unable to prosecute suspect,
7665f1ad8fbee7fae4af548137c72a6e84e081191a4f9ed7237175bddead86fc,2021-05,Humberside Police,Humberside Police,-0.330639,53.802621,On or near Grassington Close,E01012781,Kingston upon Hull 001C,Criminal damage and arson,Court result unavailable,
1fcb426c97c9902a24ddfb267758b3191d0568138ac60e8e0d4f5e77aec2ef33,2021-05,Humberside Police,Humberside Police,-0.330019,53.804060,On or near Pennine Way,E01012781,Kingston upon Hull 001C,Criminal damage and arson,Investigation complete; no suspect identified,
adc6f7d16f6b2ab5108b11331e4167debb04d566157375739f658d48a33dda8f,2021-05,Humberside Police,Humberside Police,-0.334743,53.806715,On or near Arncliffe Close,E01012781,Kingston upon Hull 001C,Criminal damage and arson,Investigation complete; no suspect identified,
b2616d5e62f670b1e8f874e648ef63ea5a9b93cabacd92b899bc704c845422f0,2021-05,Humberside Police,Humberside Police,-0.332300,53.805152,On or near Thurlstone Close,E01012781,Kingston upon Hull 001C,Criminal damage and arson,Investigation complete; no suspect identified,
0eb2df8b92dd33fd7d699748e6286624bf10627e5f5d9afef8904fbace1853ac,2021-05,Humberside Police,Humberside Police,-0.329408,53.805696,On or near Rannoch Close,E01012781,Kingston upon Hull 001C,Criminal damage and arson,Investigation complete; no suspect identified,
bd05565d642cbe6a6f4909d1ac61c1121afe9c51b155a5ff26570db03d86abed,2021-05,Humberside Police,Humberside Police,-0.334743,53.806715,On or near Arncliffe Close,E01012781,Kingston upon Hull 001C,Criminal damage and arson,Unable to prosecute suspect,
bc94b2bdbf637c01eb0fb4398d8559d1b68e975260078917701ba64baa5aef76,2021-05,Humberside Police,Humberside Police,-0.334743,53.806715,On or near Arncliffe Close,E01012781,Kingston upon Hull 001C,Other theft,Unable to prosecute suspect,
fd2b66d2b8c2a3955a484b2e33c3b07fece86572c5e1e09ccaa97a49cbc6ac54,2021-05,Humberside Police,Humberside Police,-0.331828,53.804409,On or near Greygarth Close,E01012781,Kingston upon Hull 001C,Vehicle crime,Unable to prosecute suspect,
831e75aa5d68658c893a175aa08ed9a8eda5c842e206e16f4d0aa530479b72b8,2021-05,Humberside Police,Humberside Police,-0.331477,53.803694,On or near Kinderscout Close,E01012781,Kingston upon Hull 001C,Violence and sexual offences,Unable to prosecute suspect,
1be873daa8f682df9fcfe4f5ca3fb9597df81ec7d479e7e3bb2f706766a91008,2021-05,Humberside Police,Humberside Police,-0.332300,53.805152,On or near Thurlstone Close,E01012781,Kingston upon Hull 001C,Violence and sexual offences,Status update unavailable,
89df36c21398abda158e8b717380ab30efcd238e49dcbcddc400140cedfbea5c,2021-05,Humberside Police,Humberside Police,-0.332771,53.805905,On or near Trawden Close,E01012781,Kingston upon Hull 001C,Violence and sexual offences,Status update unavailable,
10e525093308b8d238b89b21e8d4e3d74bae92924feb8cf49d315db7b2cca646,2021-05,Humberside Police,Humberside Police,-0.332771,53.805905,On or near Trawden Close,E01012781,Kingston upon Hull 001C,Violence and sexual offences,Status update unavailable,
2b2b03b26abf063bcd9fc1f0e5ca7e094f6ef0532a2153ee6419c55645c3b5f0,2021-05,Humberside Police,Humberside Police,-0.329408,53.805696,On or near Rannoch Close,E01012781,Kingston upon Hull 001C,Violence and sexual offences,Investigation complete; no suspect identified,
39af8ad7a97fce7e906b03f26572c3ea3c5dfc01e3e0a57558e3c458aa2e13eb,2021-05,Humberside Police,Humberside Police,-0.329408,53.805696,On or near Rannoch Close,E01012781,Kingston upon Hull 001C,Violence and sexual offences,Investigation complete; no suspect identified,
ed70c272d8ec6a8c09d5eef7b9b39c318333f888bfc59ca74ba660cc8dfd4246,2021-05,Humberside Police,Humberside Police,-0.330019,53.804060,On or near Pennine Way,E01012781,Kingston upon Hull 001C,Violence and sexual offences,Local resolution,
774366951bd4183e7feab50b68b15d24b9ddb62d02dc195d79e3e56ad937cb1a,2021-05,Humberside Police,Humberside Police,-0.329408,53.805696,On or near Rannoch Close,E01012781,Kingston upon Hull 001C,Violence and sexual offences,Unable to prosecute suspect,
0a7cadb9fccf24100fe82d7c56c36634b2c97eca49c1069f8d5522d3979e9c35,2021-05,Humberside Police,Humberside Police,-0.331828,53.804409,On or near Greygarth Close,E01012781,Kingston upon Hull 001C,Violence and sexual offences,Unable to prosecute suspect,
45a5054c0d6b86f2ba2a93a2561508a569ea5cb6fd430850be3ae511dbc4bbe0,2021-05,Humberside Police,Humberside Police,-0.332771,53.805905,On or near Trawden Close,E01012781,Kingston upon Hull 001C,Violence and sexual offences,Status update unavailable,
3bc71689a01bd44d17845fff5b39da60970ae153ad0be4aa933f53e3d70eb80c,2021-05,Humberside Police,Humberside Police,-0.332771,53.805905,On or near Trawden Close,E01012781,Kingston upon Hull 001C,Violence and sexual offences,Status update unavailable,
,2021-05,Humberside Police,Humberside Police,-0.332042,53.800160,On or near Sedgebrook Grove,E01012832,Kingston upon Hull 001E,Anti-social behaviour,,
3430947706e3d1f4dd0e4ed918788ab612c0e201eb4ae9430dae1a8e93781106,2021-05,Humberside Police,Humberside Police,-0.334634,53.801041,On or near Brandon Way,E01012832,Kingston upon Hull 001E,Violence and sexual offences,Unable to prosecute suspect,
6876e2541ea713807dd19ebfe768ed638d2331b24e6211774be3d13f488322f1,2021-05,Humberside Police,Humberside Police,-0.337274,53.799181,On or near Harlequin Drive,E01012832,Kingston upon Hull 001E,Violence and sexual offences,Local resolution,
7f1617172acc7a5679b994d127f8715a6e4acf689c271fe5e72dc76c16c51aec,2021-05,Humberside Police,Humberside Police,-0.334601,53.799584,On or near Langley Park,E01012832,Kingston upon Hull 001E,Violence and sexual offences,Unable to prosecute suspect,
03eb84411bd36835c46a22fff9e80b36fb474cf2a55c4f5799c6d9be5518d43c,2021-05,Humberside Police,Humberside Police,-0.334601,53.799584,On or near Langley Park,E01012832,Kingston upon Hull 001E,Violence and sexual offences,Unable to prosecute suspect,
37122ab65f289cc86bcbfeabc6867b2ad9b5d02ab0a776ae3978b87bde7f67a4,2021-05,Humberside Police,Humberside Police,-0.334634,53.801041,On or near Brandon Way,E01012832,Kingston upon Hull 001E,Violence and sexual offences,Unable to prosecute suspect,
,2021-05,Humberside Police,Humberside Police,-0.348807,53.793551,On or near Petrol Station,E01033105,Kingston upon Hull 001F,Anti-social behaviour,,
,2021-05,Humberside Police,Humberside Police,-0.348587,53.796443,On or near Broadwaters,E01033105,Kingston upon Hull 001F,Anti-social behaviour,,
,2021-05,Humberside Police,Humberside Police,-0.340936,53.798333,On or near Marbury Park,E01033105,Kingston upon Hull 001F,Anti-social behaviour,,
,2021-05,Humberside Police,Humberside Police,-0.340936,53.798333,On or near Marbury Park,E01033105,Kingston upon Hull 001F,Anti-social behaviour,,
49cffe8c350e57557e4873cf8c0f3cd5f065380108f2a9926e6ebc8f4007be26,2021-05,Humberside Police,Humberside Police,-0.348587,53.796443,On or near Broadwaters,E01033105,Kingston upon Hull 001F,Burglary,Unable to prosecute suspect,
e61f1912907007bb69745cd51e7e9628a842ee384b379124ec5880d9bed08f94,2021-05,Humberside Police,Humberside Police,-0.346049,53.796911,On or near Templewaters,E01033105,Kingston upon Hull 001F,Criminal damage and arson,Court result unavailable,
c7ba92cf79961507e29b1e8e48971bd15d227323c38597c9aef6645570519361,2021-05,Humberside Police,Humberside Police,-0.348807,53.793551,On or near Petrol Station,E01033105,Kingston upon Hull 001F,Drugs,Offender given a drugs possession warning,
3bb381db7e11c2393edba228ea816f0005546a15fc1655f88ddf38a4ed472a84,2021-05,Humberside Police,Humberside Police,-0.346049,53.796911,On or near Templewaters,E01033105,Kingston upon Hull 001F,Shoplifting,Investigation complete; no suspect identified,
f98a88dc21402c40a25c2fe8a22b706ae4cc40a9f2a56a0280dd1f2cc5385d62,2021-05,Humberside Police,Humberside Police,-0.348587,53.796443,On or near Broadwaters,E01033105,Kingston upon Hull 001F,Shoplifting,Investigation complete; no suspect identified,
f47ebefb9a1ea6f8470ae4bde84846cadeb21a951a0dc2bee5adaab6fb0b8dfe,2021-05,Humberside Police,Humberside Police,-0.346049,53.796911,On or near Templewaters,E01033105,Kingston upon Hull 001F,Shoplifting,Investigation complete; no suspect identified,
b8cddfe059d6338cfd893d84e111973960067ddcc1b4aec6b8fc298dd552a69d,2021-05,Humberside Police,Humberside Police,-0.348587,53.796443,On or near Broadwaters,E01033105,Kingston upon Hull 001F,Shoplifting,Investigation complete; no suspect identified,
5acb02f0d811215029287263f1130995fc6dd568afbb60f6191831d7355745dd,2021-05,Humberside Police,Humberside Police,-0.348587,53.796443,On or near Broadwaters,E01033105,Kingston upon Hull 001F,Shoplifting,Investigation complete; no suspect identified,
d2cdcf48d835edb72d5b7364cecebd28dadc4cb868df35c527e819be9090d04b,2021-05,Humberside Police,Humberside Police,-0.348587,53.796443,On or near Broadwaters,E01033105,Kingston upon Hull 001F,Shoplifting,Investigation complete; no suspect identified,
859cdb5bc9dc7ccf566d33c32414b070cb6a704090e2eb2cfe0c4b0db4cc5b63,2021-05,Humberside Police,Humberside Police,-0.346049,53.796911,On or near Templewaters,E01033105,Kingston upon Hull 001F,Violence and sexual offences,Court result unavailable,
646a971477232eccbdadb6f7dc58a8f22fdf7598b62003632b6dd3b9aedd1c0a,2021-05,Humberside Police,Humberside Police,-0.346049,53.796911,On or near Templewaters,E01033105,Kingston upon Hull 001F,Violence and sexual offences,Court result unavailable,
4d27e4ec2e9e9d734a781d883a279b0d6d451d824f6e3399430c033677c35909,2021-05,Humberside Police,Humberside Police,-0.346049,53.796911,On or near Templewaters,E01033105,Kingston upon Hull 001F,Violence and sexual offences,Court result unavailable,
8b7876c19782bda60a117961f7d32e8c575b39722ac76bd51e55ce5c49c017c8,2021-05,Humberside Police,Humberside Police,-0.347494,53.796823,On or near Chancewaters,E01033105,Kingston upon Hull 001F,Violence and sexual offences,Court result unavailable,
c047cfb39a81958060929ad5e26312fef4fc83247aeb2c6186c7f5e081c91f08,2021-05,Humberside Police,Humberside Police,-0.348807,53.793551,On or near Petrol Station,E01033105,Kingston upon Hull 001F,Violence and sexual offences,Court result unavailable,
,2021-05,Humberside Police,Humberside Police,-0.349452,53.800338,On or near Markeaton Park,E01033106,Kingston upon Hull 001G,Anti-social behaviour,,
,2021-05,Humberside Police,Humberside Police,-0.349452,53.800338,On or near Markeaton Park,E01033106,Kingston upon Hull 001G,Anti-social behaviour,,
,2021-05,Humberside Police,Humberside Police,-0.362127,53.800440,On or near Richmond Way,E01033106,Kingston upon Hull 001G,Anti-social behaviour,,
,2021-05,Humberside Police,Humberside Police,-0.347205,53.798779,On or near Woodheys Park,E01033106,Kingston upon Hull 001G,Anti-social behaviour,,
,2021-05,Humberside Police,Humberside Police,-0.350767,53.799718,On or near Loseley Park,E01033106,Kingston upon Hull 001G,Anti-social behaviour,,
75a7afe24fc7f3eb7cb10001dc8718931f3aff8a2e4642f110a408a02aede0a5,2021-05,Humberside Police,Humberside Police,-0.349452,53.800338,On or near Markeaton Park,E01033106,Kingston upon Hull 001G,Burglary,Investigation complete; no suspect identified,
fa96345d520bf791e95f96ef13ff8c1c4a896e06a4bba98536d31f335ceecfa2,2021-05,Humberside Police,Humberside Police,-0.359171,53.798745,On or near Staunton Park,E01033106,Kingston upon Hull 001G,Criminal damage and arson,Investigation complete; no suspect identified,
362c4d5c4a7e1915357fc2f264f77fbc135accbf163bd1a4046a6ee41c0f0c49,2021-05,Humberside Police,Humberside Police,-0.356413,53.800155,On or near The Pines,E01033106,Kingston upon Hull 001G,Public order,Investigation complete; no suspect identified,
95023e11d29bfaffe5121a71f3f90bcf67faa0705a664fe849c4a7e3449d26c7,2021-05,Humberside Police,Humberside Police,-0.356413,53.800155,On or near The Pines,E01033106,Kingston upon Hull 001G,Public order,Investigation complete; no suspect identified,
c9363fe4fc959ed7e1f144d4cbfb1c730e5c73ac57876655b8c8122a60e958f2,2021-05,Humberside Police,Humberside Police,-0.356413,53.800155,On or near The Pines,E01033106,Kingston upon Hull 001G,Violence and sexual offences,Offender given a caution,
4e5c627cd65b11bcb75096df0bda27c9e76a2aa7f6abba189c80ed28ba139d8b,2021-05,Humberside Police,Humberside Police,-0.362127,53.800440,On or near Richmond Way,E01033106,Kingston upon Hull 001G,Violence and sexual offences,Unable to prosecute suspect,
394eb564528e129e6f9e2973560037b57e0e44d518965ce97876c478b4ec662d,2021-05,Humberside Police,Humberside Police,-0.356413,53.800155,On or near The Pines,E01033106,Kingston upon Hull 001G,Violence and sexual offences,Local resolution,
902d2ac155ff671b8b7d832fc6b1ecfc6251b355b0b775c8f4fb4f81803a0aa7,2021-05,Humberside Police,Humberside Police,-0.349452,53.800338,On or near Markeaton Park,E01033106,Kingston upon Hull 001G,Violence and sexual offences,Investigation complete; no suspect identified,
d0afd2375985b67f487e973a61b0bf40685ced645ab6164ef738f96a783cfc8b,2021-05,Humberside Police,Humberside Police,-0.349452,53.800338,On or near Markeaton Park,E01033106,Kingston upon Hull 001G,Violence and sexual offences,Local resolution,
5a125eec1db37ac048557742e73357a597002a30f9d8f78302c3aab2661043c3,2021-05,Humberside Police,Humberside Police,-0.349452,53.800338,On or near Markeaton Park,E01033106,Kingston upon Hull 001G,Violence and sexual offences,Investigation complete; no suspect identified,
95cb80d8e7296a95cfc1e30811fdc80ff641c27afed4f5b0d948fa0d37df3cdb,2021-05,Humberside Police,Humberside Police,-0.356413,53.800155,On or near The Pines,E01033106,Kingston upon Hull 001G,Violence and sexual offences,Unable to prosecute suspect,
4f3156ac880ddab04953d595504bdd32e6e4b4e83297a3e914e07273322a1bc2,2021-05,Humberside Police,Humberside Police,-0.349452,53.800338,On or near Markeaton Park,E01033106,Kingston upon Hull 001G,Violence and sexual offences,Local resolution,
049e0710e5a47460893dbe1cff9f390fff53c65b7fb133495672929e710b1151,2021-05,Humberside Police,Humberside Police,-0.356413,53.800155,On or near The Pines,E01033106,Kingston upon Hull 001G,Violence and sexual offences,Unable to prosecute suspect,
a6435a11a48f65322c9a2da9a24a93fd2da06ad4f7ff77c49a23854b8e519f2b,2021-05,Humberside Police,Humberside Police,-0.356413,53.800155,On or near The Pines,E01033106,Kingston upon Hull 001G,Violence and sexual offences,Offender given a caution,
5aafa34ccf7fe74ed662d41fe261f0ff94d26fe2c104d5270de6930caf396fa9,2021-05,Humberside Police,Humberside Police,-0.349452,53.800338,On or near Markeaton Park,E01033106,Kingston upon Hull 001G,Violence and sexual offences,Unable to prosecute suspect,
e14f6295b506d8b982763b73c345db361dabaae3902861cd38c7003c7df13175,2021-05,Humberside Police,Humberside Police,-0.356413,53.800155,On or near The Pines,E01033106,Kingston upon Hull 001G,Violence and sexual offences,Unable to prosecute suspect,
,2021-05,Humberside Police,Humberside Police,-0.349509,53.796186,On or near Clearwaters,E01033107,Kingston upon Hull 001H,Anti-social behaviour,,
,2021-05,Humberside Police,Humberside Police,-0.350472,53.795624,On or near Runnymede Way,E01033107,Kingston upon Hull 001H,Anti-social behaviour,,
18ee716e940ffc821cf2cd1e49984eec1c1f139fb9965367f344bf2bd069d6c5,2021-05,Humberside Police,Humberside Police,-0.352247,53.797212,On or near Aldenham Park,E01033107,Kingston upon Hull 001H,Criminal damage and arson,Local resolution,
2e6a29e77c5ca061f65a8030fdec29fc00af4a44d7af118c69a9f07500c00e86,2021-05,Humberside Police,Humberside Police,-0.352247,53.797212,On or near Aldenham Park,E01033107,Kingston upon Hull 001H,Criminal damage and arson,Unable to prosecute suspect,
c9508782cef951839b353df46757377e5a16ba153aa778d0faf2c5d46ecb579e,2021-05,Humberside Police,Humberside Police,-0.349509,53.796186,On or near Clearwaters,E01033107,Kingston upon Hull 001H,Shoplifting,Court result unavailable,
7a4360e6fe1997ddbc3cd994b5a4ea6bb24a59273c2fc47b5b08715e965ae615,2021-05,Humberside Police,Humberside Police,-0.349509,53.796186,On or near Clearwaters,E01033107,Kingston upon Hull 001H,Shoplifting,Court result unavailable,
08730bcb15850c2fb28723d2923d857e17849a334a1a679ab4f568bcdbed7cb8,2021-05,Humberside Police,Humberside Police,-0.349509,53.796186,On or near Clearwaters,E01033107,Kingston upon Hull 001H,Shoplifting,Investigation complete; no suspect identified,
740e1980b50fbfa04cf4645fcdc5b07b35d19f6021c67df83c7d2cc4e63cebca,2021-05,Humberside Police,Humberside Police,-0.350472,53.795624,On or near Runnymede Way,E01033107,Kingston upon Hull 001H,Shoplifting,Court result unavailable,
93dd45ce3c32e7d7391b473001bb26a571d1e49b4a3ee9c941328135798e0522,2021-05,Humberside Police,Humberside Police,-0.349509,53.796186,On or near Clearwaters,E01033107,Kingston upon Hull 001H,Shoplifting,Court result unavailable,
e7f72a15f4b47ec7cee05594975e85af68a494b60faaeae1a579178db126a0a9,2021-05,Humberside Police,Humberside Police,-0.350472,53.795624,On or near Runnymede Way,E01033107,Kingston upon Hull 001H,Shoplifting,Court result unavailable,
4ba68f05f58021a9318c81e0f61113ca4b18e7bb8f0398a6208a9945d65fd022,2021-05,Humberside Police,Humberside Police,-0.350472,53.795624,On or near Runnymede Way,E01033107,Kingston upon Hull 001H,Shoplifting,Court result unavailable,
8b95f232d7b17d6bcc84f8e799d1ad05c8b61b5dc13680e9badd41e385e628de,2021-05,Humberside Police,Humberside Police,-0.348124,53.798585,On or near Halecroft Park,E01033107,Kingston upon Hull 001H,Violence and sexual offences,Unable to prosecute suspect,
942b9090d9170cbdf6d72eb729f333d5952b4150cae197560f58db2661d5b7c9,2021-05,Humberside Police,Humberside Police,-0.349509,53.796186,On or near Clearwaters,E01033107,Kingston upon Hull 001H,Violence and sexual offences,Investigation complete; no suspect identified,
cae5c66f2dcb804489a20ad8e86a138f5f6a7f556600f4e2f3cd171fdf7d102f,2021-05,Humberside Police,Humberside Police,-0.344303,53.802676,On or near Bowmont Way,E01033108,Kingston upon Hull 001I,Criminal damage and arson,Unable to prosecute suspect,
91bfa22ae96662fb9e80df9c78c9bfbe39964f33628a27d39711d06aac91375e,2021-05,Humberside Police,Humberside Police,-0.343939,53.801502,On or near Charnwood Close,E01033108,Kingston upon Hull 001I,Criminal damage and arson,Unable to prosecute suspect,
09af96dbc0d75a4295873417faa673748280f419f4712100fce5f59fef34153c,2021-05,Humberside Police,Humberside Police,-0.343939,53.801502,On or near Charnwood Close,E01033108,Kingston upon Hull 001I,Public order,Formal action is not in the public interest,
26dbcff709ceae94767c48dfffd99d6cf8c35d614f0263c0bca6f6002a60f9a1,2021-05,Humberside Police,Humberside Police,-0.343939,53.801502,On or near Charnwood Close,E01033108,Kingston upon Hull 001I,Public order,Formal action is not in the public interest,
a86686bb81a1edddf293fa584b12efa89a69bcf00884f1ffe0dcc842e28f02be,2021-05,Humberside Police,Humberside Police,-0.344303,53.802676,On or near Bowmont Way,E01033108,Kingston upon Hull 001I,Vehicle crime,Investigation complete; no suspect identified,
6015da4abe1b96e28a975bdc7ab9cb99af2a6131b936b2e5c0a6816a4f053782,2021-05,Humberside Police,Humberside Police,-0.344303,53.802676,On or near Bowmont Way,E01033108,Kingston upon Hull 001I,Violence and sexual offences,Court result unavailable,
b41fbba7a2f627381db6ee59ec1d6497fc1c6a2e7ac63f8cfd4adcc797258c97,2021-05,Humberside Police,Humberside Police,-0.344303,53.802676,On or near Bowmont Way,E01033108,Kingston upon Hull 001I,Violence and sexual offences,Unable to prosecute suspect,
b4b0ad8fe0f502f0abccc79a5c82bc25da0023297a6fdf49f352c073268e666a,2021-05,Humberside Police,Humberside Police,-0.344303,53.802676,On or near Bowmont Way,E01033108,Kingston upon Hull 001I,Violence and sexual offences,Unable to prosecute suspect,
05bb89443a4c173bfdcd47b7a5670a6a94f2f1673c63d2f3ff27e787eeb063c1,2021-05,Humberside Police,Humberside Police,-0.344303,53.802676,On or near Bowmont Way,E01033108,Kingston upon Hull 001I,Violence and sexual offences,Unable to prosecute suspect,
5a098cd23a1a3949008c9dc126d506efa3450ac21232eaa9898fbe00ed8dcd2b,2021-05,Humberside Police,Humberside Police,-0.344303,53.802676,On or near Bowmont Way,E01033108,Kingston upon Hull 001I,Violence and sexual offences,Court result unavailable,
3092ce2eff7837f1e537dec7d70befb67fb36bcac169abcd34ab0e5aa9c869e9,2021-05,Humberside Police,Humberside Police,-0.344433,53.800916,On or near Blackwater Way,E01033108,Kingston upon Hull 001I,Violence and sexual offences,Unable to prosecute suspect,
e0fbc8f67031b8336448c9ea734059f6a5cbd67e8d42d41cb0b4d68fa70003d5,2021-05,Humberside Police,Humberside Police,-0.344303,53.802676,On or near Bowmont Way,E01033108,Kingston upon Hull 001I,Violence and sexual offences,Investigation complete; no suspect identified,
6ef7c66c9f99ca2aef8af03776e1f4f042ec908c8751e550b7b255992ba18915,2021-05,Humberside Police,Humberside Police,-0.340965,53.801848,On or near Sleightholme Close,E01033108,Kingston upon Hull 001I,Violence and sexual offences,Unable to prosecute suspect,
a697b6b418de4660385d74d943ee1570ea6a01cd596c7bd5e1e309f727e451f6,2021-05,Humberside Police,Humberside Police,-0.344303,53.802676,On or near Bowmont Way,E01033108,Kingston upon Hull 001I,Violence and sexual offences,Unable to prosecute suspect,
77ad76084b7e4fb049803dc7e65afd533c05470ad7a1132f995efaaa2af40218,2021-05,Humberside Police,Humberside Police,-0.344303,53.802676,On or near Bowmont Way,E01033108,Kingston upon Hull 001I,Violence and sexual offences,Unable to prosecute suspect,
a266aa63bb32c92869be2cf67f97b89e166caa1bcd6fe49180bbb61143669959,2021-05,Humberside Police,Humberside Police,-0.336675,53.802040,On or near Frensham Close,E01033108,Kingston upon Hull 001I,Other crime,Unable to prosecute suspect,
,2021-05,Humberside Police,Humberside Police,-0.325059,53.795532,On or near Pedestrian Subway,E01012782,Kingston upon Hull 002A,Anti-social behaviour,,
,2021-05,Humberside Police,Humberside Police,-0.322946,53.797894,On or near Binbrook Garth,E01012782,Kingston upon Hull 002A,Anti-social behaviour,,
,2021-05,Humberside Police,Humberside Police,-0.324855,53.796482,On or near Ringstead Garth,E01012782,Kingston upon Hull 002A,Anti-social behaviour,,
,2021-05,Humberside Police,Humberside Police,-0.325059,53.795532,On or near Pedestrian Subway,E01012782,Kingston upon Hull 002A,Anti-social behaviour,,
,2021-05,Humberside Police,Humberside Police,-0.324855,53.796482,On or near Ringstead Garth,E01012782,Kingston upon Hull 002A,Anti-social behaviour,,
d8feb2a8b4c0efa046d25d2980ec06331a1894ccbdc853da0d4db4ac5f43d092,2021-05,Humberside Police,Humberside Police,-0.329246,53.799456,On or near Wawne Road,E01012782,Kingston upon Hull 002A,Bicycle theft,Unable to prosecute suspect,
bdaad2c0b03eb3f93d4e42949aab9e1e29c6bb47a4d104426652818982739e8c,2021-05,Humberside Police,Humberside Police,-0.319210,53.795261,On or near Finningley Garth,E01012782,Kingston upon Hull 002A,Criminal damage and arson,Investigation complete; no suspect identified,
f80b829d0bb81163b475411fdcf58377399581fdb2eab76547b93338a3208d3a,2021-05,Humberside Police,Humberside Police,-0.319210,53.795261,On or near Finningley Garth,E01012782,Kingston upon Hull 002A,Criminal damage and arson,Investigation complete; no suspect identified,
3a2d49de1118eda7b3be91161d7da263f32326852766f3a9f074ec4aafcd7147,2021-05,Humberside Police,Humberside Police,-0.325059,53.795532,On or near Pedestrian Subway,E01012782,Kingston upon Hull 002A,Criminal damage and arson,Unable to prosecute suspect,
346b4bb1ef811bb74d463092bf259ded8ae76d8d857bb364c757ddc085efe33b,2021-05,Humberside Police,Humberside Police,-0.319784,53.795701,On or near Enstone Garth,E01012782,Kingston upon Hull 002A,Drugs,Offender given a caution,
25ea0e06c5b6c3ac2694e64fca482a758bda1f9ae7d39a4235468a90844f5153,2021-05,Humberside Police,Humberside Police,-0.319784,53.795701,On or near Enstone Garth,E01012782,Kingston upon Hull 002A,Drugs,Further action is not in the public interest,
896fbcf1472b1aae31dc21e6a8e2e640fd4cacc838d8c34410dc20ba33d65607,2021-05,Humberside Police,Humberside Police,-0.324855,53.796482,On or near Ringstead Garth,E01012782,Kingston upon Hull 002A,Other theft,Investigation complete; no suspect identified,
6c9d8077b4c1fb8680a564864ff2ecd10cf7182cb295999a90add5908fa6c49f,2021-05,Humberside Police,Humberside Police,-0.325059,53.795532,On or near Pedestrian Subway,E01012782,Kingston upon Hull 002A,Public order,Local resolution,
cd294dfad7e704893c26ea66bfe6422dd61beff5afc13282b0c8ece45b3762d8,2021-05,Humberside Police,Humberside Police,-0.329246,53.799456,On or near Wawne Road,E01012782,Kingston upon Hull 002A,Public order,Investigation complete; no suspect identified,
bd1cd69454a43e7f0e7a40b93f5af8192d4db2909893875533c078652b75c0b8,2021-05,Humberside Police,Humberside Police,-0.319210,53.795261,On or near Finningley Garth,E01012782,Kingston upon Hull 002A,Public order,Unable to prosecute suspect,
7972ee5fc9ac7cc15e6160f523777449dafb318cbf34e74dfa226bff8601d4f0,2021-05,Humberside Police,Humberside Police,-0.319784,53.795701,On or near Enstone Garth,E01012782,Kingston upon Hull 002A,Violence and sexual offences,Unable to prosecute suspect,
0a27a1781da0026a8247b369740ef94e09274de6c9bc28fb77fc2bf390283254,2021-05,Humberside Police,Humberside Police,-0.324855,53.796482,On or near Ringstead Garth,E01012782,Kingston upon Hull 002A,Violence and sexual offences,Unable to prosecute suspect,
cefd6b31a9d5ca6ca02c32e1f7fd9b2aa1e41b8bd036392e477d28a9129b2037,2021-05,Humberside Police,Humberside Police,-0.323024,53.795549,On or near Haydock Garth,E01012782,Kingston upon Hull 002A,Violence and sexual offences,Unable to prosecute suspect,
f2e6b50e3b0d127656d5b5ce823269cb6c74c36b06ca567c9b0705518d3e0cf8,2021-05,Humberside Police,Humberside Police,-0.324855,53.796482,On or near Ringstead Garth,E01012782,Kingston upon Hull 002A,Violence and sexual offences,Unable to prosecute suspect,
623f6d4ccd1e1af88133866a19d931907af9d2fda17a07ad81f543762400448c,2021-05,Humberside Police,Humberside Police,-0.319210,53.795261,On or near Finningley Garth,E01012782,Kingston upon Hull 002A,Violence and sexual offences,Unable to prosecute suspect,
caa6b792e4fb9add2af8c75152a20ab2676bf6f2f567d7ce473e359f7ffecd95,2021-05,Humberside Police,Humberside Police,-0.325059,53.795532,On or near Pedestrian Subway,E01012782,Kingston upon Hull 002A,Violence and sexual offences,Status update unavailable,
0b79d3328aaa894d215e92d4aea4e2924e5b8fd07235c38ccfeb98408357925c,2021-05,Humberside Police,Humberside Police,-0.325059,53.795532,On or near Pedestrian Subway,E01012782,Kingston upon Hull 002A,Violence and sexual offences,Status update unavailable,
aedfb7b5d2121c2bd86e39c56a74bad3b1e42f17eebac5d8e6b86c8dfb6ee1d2,2021-05,Humberside Police,Humberside Police,-0.321514,53.797631,On or near Cosford Garth,E01012782,Kingston upon Hull 002A,Violence and sexual offences,Unable to prosecute suspect,
,2021-05,Humberside Police,Humberside Police,-0.335352,53.789823,On or near Whitstone Close,E01012785,Kingston upon Hull 002B,Anti-social behaviour,,
,2021-05,Humberside Police,Humberside Police,-0.336825,53.791336,On or near Kingscott Close,E01012785,Kingston upon Hull 002B,Anti-social behaviour,,
,2021-05,Humberside Police,Humberside Police,-0.335352,53.789823,On or near Whitstone Close,E01012785,Kingston upon Hull 002B,Anti-social behaviour,,
,2021-05,Humberside Police,Humberside Police,-0.331082,53.789153,On or near Cadeleigh Close,E01012785,Kingston upon Hull 002B,Anti-social behaviour,,
,2021-05,Humberside Police,Humberside Police,-0.331657,53.789970,On or near Stockleigh Close,E01012785,Kingston upon Hull 002B,Anti-social behaviour,,
,2021-05,Humberside Police,Humberside Police,-0.335352,53.789823,On or near Whitstone Close,E01012785,Kingston upon Hull 002B,Anti-social behaviour,,
,2021-05,Humberside Police,Humberside Police,-0.334847,53.792603,On or near Penrose Close,E01012785,Kingston upon Hull 002B,Anti-social behaviour,,
,2021-05,Humberside Police,Humberside Police,-0.334224,53.791857,On or near Towan Close,E01012785,Kingston upon Hull 002B,Anti-social behaviour,,
,2021-05,Humberside Police,Humberside Police,-0.331036,53.788415,On or near Pedestrian Subway,E01012785,Kingston upon Hull 002B,Anti-social behaviour,,
,2021-05,Humberside Police,Humberside Police,-0.335352,53.789823,On or near Whitstone Close,E01012785,Kingston upon Hull 002B,Anti-social behaviour,,
0c1e48c8342ab3c4287e4c69d17d4ead746a5d11b2aa52834aafc58d3c6b078f,2021-05,Humberside Police,Humberside Police,-0.331657,53.789970,On or near Stockleigh Close,E01012785,Kingston upon Hull 002B,Burglary,Investigation complete; no suspect identified,
9f75461aabc63b0e906f1b88a708dcb8f6058867ddfce6828734e5d3ca55086d,2021-05,Humberside Police,Humberside Police,-0.334847,53.792603,On or near Penrose Close,E01012785,Kingston upon Hull 002B,Criminal damage and arson,Unable to prosecute suspect,
18883307764cbca5593967f138253d6bf464ad9b7405c964a1bff7640f560b1a,2021-05,Humberside Police,Humberside Police,-0.333810,53.791195,On or near Camelford Close,E01012785,Kingston upon Hull 002B,Criminal damage and arson,Local resolution,
92d7e8c4d3672e9f6cd3327fa34652321f1f9c4ef7db1ee9a9223dc97c24360f,2021-05,Humberside Police,Humberside Police,-0.333377,53.788331,On or near Langtree Close,E01012785,Kingston upon Hull 002B,Criminal damage and arson,Investigation complete; no suspect identified,
214e4987976248c9e30b3da2f14ca78914c53b68b158732c9862e5cf987b6830,2021-05,Humberside Police,Humberside Police,-0.333377,53.788331,On or near Langtree Close,E01012785,Kingston upon Hull 002B,Criminal damage and arson,Unable to prosecute suspect,
bddf83d0fe274996644caf99d17accb9b3fe489a17e377af9f6507e22b1b39fd,2021-05,Humberside Police,Humberside Police,-0.336825,53.791336,On or near Kingscott Close,E01012785,Kingston upon Hull 002B,Other theft,Unable to prosecute suspect,
5363616dd1b51a6450e9d152b1a9ecea06700446f738eb1c4c591c739591bf45,2021-05,Humberside Police,Humberside Police,-0.334224,53.791857,On or near Towan Close,E01012785,Kingston upon Hull 002B,Other theft,Unable to prosecute suspect,
57f0a1bec9356398661cd2f4282574ceaf315f21044cb42a5dc852e8a537a02b,2021-05,Humberside Police,Humberside Police,-0.336825,53.791336,On or near Kingscott Close,E01012785,Kingston upon Hull 002B,Other theft,Investigation complete; no suspect identified,
89f7f94a6bae7eaea4b6736d2acadfe4308d2b22804bd7aee7a686613902dd62,2021-05,Humberside Police,Humberside Police,-0.334367,53.789010,On or near Davidstow Close,E01012785,Kingston upon Hull 002B,Other theft,Unable to prosecute suspect,
448d7dac0f3fae29ef9839d154b2adc9311b00e5b840dc4f6261bb61908b1ccf,2021-05,Humberside Police,Humberside Police,-0.336071,53.790436,On or near Hartland Close,E01012785,Kingston upon Hull 002B,Other theft,Investigation complete; no suspect identified,
c544eaf3e6ae102e038f4d1fe8b50a9693cf867c36518266fdf561bfb887a543,2021-05,Humberside Police,Humberside Police,-0.336825,53.791336,On or near Kingscott Close,E01012785,Kingston upon Hull 002B,Public order,Unable to prosecute suspect,
a713121aea1c1adbaeb397c866be7f051b08ada2bee0d2bd5a7b7c6bd8ca5f7b,2021-05,Humberside Police,Humberside Police,-0.333377,53.788331,On or near Langtree Close,E01012785,Kingston upon Hull 002B,Violence and sexual offences,Unable to prosecute suspect,
aa7bbe5fd83d883fba3a2a9aee6d2168caa5268d7c2ae79435ed0dbe306093ca,2021-05,Humberside Police,Humberside Police,-0.333377,53.788331,On or near Langtree Close,E01012785,Kingston upon Hull 002B,Violence and sexual offences,Action to be taken by another organisation,
7801659d7d251e3053b9006941bbdc0bb086a90b385c4be19ac27d7895be309e,2021-05,Humberside Police,Humberside Police,-0.335352,53.789823,On or near Whitstone Close,E01012785,Kingston upon Hull 002B,Violence and sexual offences,Unable to prosecute suspect,
af3db9c8ef6217a408d9cddc7bff6fb77a8caba63df9dff2661cf3232ccb2681,2021-05,Humberside Police,Humberside Police,-0.335352,53.789823,On or near Whitstone Close,E01012785,Kingston upon Hull 002B,Violence and sexual offences,Unable to prosecute suspect,
382d2b0570ec3de3dd7cc2a8091bd2bd671c67b39303efde5aae7e2919b592d8,2021-05,Humberside Police,Humberside Police,-0.334224,53.791857,On or near Towan Close,E01012785,Kingston upon Hull 002B,Violence and sexual offences,Unable to prosecute suspect,
e507e39070e31f6c13f9362d8719ad6340910b40c82c320513e2a237da475188,2021-05,Humberside Police,Humberside Police,-0.334367,53.789010,On or near Davidstow Close,E01012785,Kingston upon Hull 002B,Violence and sexual offences,Unable to prosecute suspect,
335a6ec87c0c4ac3043c1932fd9ce213f0cc80708d62cacdfeb27c8077a5eb3b,2021-05,Humberside Police,Humberside Police,-0.333377,53.788331,On or near Langtree Close,E01012785,Kingston upon Hull 002B,Violence and sexual offences,Unable to prosecute suspect,
8cd390c81506b1838d6e3145d1afcb9b3feecbd90969459862b3a84a70467d99,2021-05,Humberside Police,Humberside Police,-0.331036,53.788415,On or near Pedestrian Subway,E01012785,Kingston upon Hull 002B,Violence and sexual offences,Offender given a caution,
,2021-05,Humberside Police,Humberside Police,-0.334898,53.794770,On or near Malpas Close,E01012786,Kingston upon Hull 002C,Anti-social behaviour,,
,2021-05,Humberside Police,Humberside Police,-0.334898,53.794770,On or near Malpas Close,E01012786,Kingston upon Hull 002C,Anti-social behaviour,,
,2021-05,Humberside Police,Humberside Police,-0.336507,53.795548,On or near Pedestrian Subway,E01012786,Kingston upon Hull 002C,Anti-social behaviour,,
,2021-05,Humberside Police,Humberside Police,-0.336507,53.795548,On or near Pedestrian Subway,E01012786,Kingston upon Hull 002C,Anti-social behaviour,,
,2021-05,Humberside Police,Humberside Police,-0.336507,53.795548,On or near Pedestrian Subway,E01012786,Kingston upon Hull 002C,Anti-social behaviour,,
,2021-05,Humberside Police,Humberside Police,-0.336507,53.795548,On or near Pedestrian Subway,E01012786,Kingston upon Hull 002C,Anti-social behaviour,,
,2021-05,Humberside Police,Humberside Police,-0.334491,53.793551,On or near Bodmin Road,E01012786,Kingston upon Hull 002C,Anti-social behaviour,,
,2021-05,Humberside Police,Humberside Police,-0.336507,53.795548,On or near Pedestrian Subway,E01012786,Kingston upon Hull 002C,Anti-social behaviour,,
837853402db2defefe8f6e8a35bb274ea85c0563508022ae8d30636476f43a58,2021-05,Humberside Police,Humberside Police,-0.339024,53.793308,On or near Cookbury Close,E01012786,Kingston upon Hull 002C,Burglary,Investigation complete; no suspect identified,
3c1540d371f3c22a18354e91d58865e604b0fba02d2cf50ad5a79504fe638f30,2021-05,Humberside Police,Humberside Police,-0.339024,53.793308,On or near Cookbury Close,E01012786,Kingston upon Hull 002C,Burglary,Unable to prosecute suspect,
6dfb963a799639bb1049527d8de0a951d522058fb43970353fb47a98cab69f59,2021-05,Humberside Police,Humberside Police,-0.336191,53.794321,On or near Padstow Close,E01012786,Kingston upon Hull 002C,Criminal damage and arson,Unable to prosecute suspect,
4e66386540e69d381d3425ccf390594e97dedbfc56cd7ff6c1d9519075a6b285,2021-05,Humberside Police,Humberside Police,-0.338589,53.791271,On or near Bude Road,E01012786,Kingston upon Hull 002C,Criminal damage and arson,Investigation complete; no suspect identified,
c4bd2eff86c294f449e6ea72ab327d85c70241f3e7135d2b8838d19d29fafdb1,2021-05,Humberside Police,Humberside Police,-0.339024,53.793308,On or near Cookbury Close,E01012786,Kingston upon Hull 002C,Criminal damage and arson,Unable to prosecute suspect,
f729f0487eefa39030fcf2b2e3eae8d26d5caac8e51ca9c107c81b99998ff92b,2021-05,Humberside Police,Humberside Police,-0.336191,53.794321,On or near Padstow Close,E01012786,Kingston upon Hull 002C,Criminal damage and arson,Investigation complete; no suspect identified,
4d958a02ee36410a9ec90fb97ea1779371f6032117915f163c3749095443dd4c,2021-05,Humberside Police,Humberside Police,-0.339024,53.793308,On or near Cookbury Close,E01012786,Kingston upon Hull 002C,Other theft,Investigation complete; no suspect identified,
7a7ac9ae5912cce14f64fee2442276e17400366ce3b4a6071f8a54ea157c4c45,2021-05,Humberside Police,Humberside Police,-0.336191,53.794321,On or near Padstow Close,E01012786,Kingston upon Hull 002C,Public order,Court result unavailable,
20307a2adcbf12647a340ddea003de8ea9f265409ffcae035c9a049d2b97d6ce,2021-05,Humberside Police,Humberside Police,-0.334898,53.794770,On or near Malpas Close,E01012786,Kingston upon Hull 002C,Public order,Unable to prosecute suspect,
8588d29a351114ac5bef21a176cca49efd9c462415b50e56a47fca7536135d9d,2021-05,Humberside Police,Humberside Police,-0.335560,53.796065,On or near Exton Close,E01012786,Kingston upon Hull 002C,Public order,Investigation complete; no suspect identified,
e9c067b55fc4a7ee1669cc629d1fa392a5636e697837d6d6753023c5cbfb4f6e,2021-05,Humberside Police,Humberside Police,-0.336191,53.794321,On or near Padstow Close,E01012786,Kingston upon Hull 002C,Public order,Investigation complete; no suspect identified,
4e58960cd4fce20f6384ae8a1c9e012032955988586d87dd5f9ceb8e222758ab,2021-05,Humberside Police,Humberside Police,-0.336191,53.794321,On or near Padstow Close,E01012786,Kingston upon Hull 002C,Public order,Investigation complete; no suspect identified,
7791c946813519f9a46951762b681daf128ba043a59175a05f004a318e90484d,2021-05,Humberside Police,Humberside Police,-0.335560,53.796065,On or near Exton Close,E01012786,Kingston upon Hull 002C,Violence and sexual offences,Unable to prosecute suspect,
b0929516efe98642879d44f064a48a80900818b96bbf4c8d40f00b49d7e846b3,2021-05,Humberside Police,Humberside Police,-0.334898,53.794770,On or near Malpas Close,E01012786,Kingston upon Hull 002C,Violence and sexual offences,Unable to prosecute suspect,
91cb6eb0f608579f2f1bb7698a91d97156078e89220ef3c43b23a11f6e8e139f,2021-05,Humberside Police,Humberside Police,-0.336507,53.795548,On or near Pedestrian Subway,E01012786,Kingston upon Hull 002C,Violence and sexual offences,Investigation complete; no suspect identified,
2340de0c17dbbca541514ad373e07407e987d95a19d49460d434b89235457bc8,2021-05,Humberside Police,Humberside Police,-0.336191,53.794321,On or near Padstow Close,E01012786,Kingston upon Hull 002C,Violence and sexual offences,Unable to prosecute suspect,
95b7a5a87ea5214cb97e281f32e3696a7a8e7271e2aa2ffb63aaf18087e4748a,2021-05,Humberside Police,Humberside Police,-0.338589,53.791271,On or near Bude Road,E01012786,Kingston upon Hull 002C,Violence and sexual offences,Unable to prosecute suspect,
d3fa19c505c8fa9628de9f6afd6aaf8034ee63846f391f03fe004849051d9f1f,2021-05,Humberside Police,Humberside Police,-0.332943,53.796586,On or near Dulverton Close,E01012786,Kingston upon Hull 002C,Violence and sexual offences,Unable to prosecute suspect,
ac48c4c0fd0bdc3b26dac8e9099b517b2787692ff8e873fb46bf53b02a096c3c,2021-05,Humberside Police,Humberside Police,-0.336191,53.794321,On or near Padstow Close,E01012786,Kingston upon Hull 002C,Violence and sexual offences,Local resolution,
bf1dd0a0452ab38a2727afa679d14132137d31da8f70183d57399b1dea728366,2021-05,Humberside Police,Humberside Police,-0.339024,53.793308,On or near Cookbury Close,E01012786,Kingston upon Hull 002C,Violence and sexual offences,Unable to prosecute suspect,
dfcf19e43abbeecf09d7b384dd554274211d044eceb8f8cf07128453382ac840,2021-05,Humberside Police,Humberside Police,-0.336507,53.795548,On or near Pedestrian Subway,E01012786,Kingston upon Hull 002C,Violence and sexual offences,Investigation complete; no suspect identified,
c190a95a638a5b5ce7f4443789a69ce8d4cb5825820ffda913252d3a34b3597b,2021-05,Humberside Police,Humberside Police,-0.338589,53.791271,On or near Bude Road,E01012786,Kingston upon Hull 002C,Other crime,Investigation complete; no suspect identified,
,2021-05,Humberside Police,Humberside Police,-0.322294,53.786073,On or near Supermarket,E01012787,Kingston upon Hull 002D,Anti-social behaviour,,
,2021-05,Humberside Police,Humberside Police,-0.322294,53.786073,On or near Supermarket,E01012787,Kingston upon Hull 002D,Anti-social behaviour,,
,2021-05,Humberside Police,Humberside Police,-0.325064,53.787037,On or near Pedestrian Subway,E01012787,Kingston upon Hull 002D,Anti-social behaviour,,
4119748267b0a38f71f54398ef7af0c435dded71cdc223dee444fe2a3837810b,2021-05,Humberside Police,Humberside Police,-0.319431,53.788595,On or near Littleham Close,E01012787,Kingston upon Hull 002D,Criminal damage and arson,Action to be taken by another organisation,
0ff8cbabc0f8de0b0fdca0c5e052760cebd644e4d525eaea46fea5ffa5cabc03,2021-05,Humberside Police,Humberside Police,-0.325064,53.787037,On or near Pedestrian Subway,E01012787,Kingston upon Hull 002D,Criminal damage and arson,Local resolution,
f10c88c09239fa61fb1ed3b4e503582bcd1dcea9275de5df1f32749c2fa0a3e6,2021-05,Humberside Police,Humberside Police,-0.326915,53.789742,On or near Holwell Road,E01012787,Kingston upon Hull 002D,Criminal damage and arson,Unable to prosecute suspect,
2a02987834a785b6245641ad07bc09ba1e90648e873d4b2e1fa312de9b0fddae,2021-05,Humberside Police,Humberside Police,-0.325064,53.787037,On or near Pedestrian Subway,E01012787,Kingston upon Hull 002D,Criminal damage and arson,Unable to prosecute suspect,
3b5069c63223a7f2f95ffb67483bd7dda9e3b256c2979a2402f7b412b91c94fa,2021-05,Humberside Police,Humberside Police,-0.319583,53.785936,On or near Supermarket,E01012787,Kingston upon Hull 002D,Public order,Unable to prosecute suspect,
08b2ae871bc10180e593bdf607d990b7c524ca2d1de5d1b67c5c3352c48ff222,2021-05,Humberside Police,Humberside Police,-0.326915,53.789742,On or near Holwell Road,E01012787,Kingston upon Hull 002D,Public order,Investigation complete; no suspect identified,
d14a198c2145a8179745c2d85935a61453feb285582a00eb773288d538483351,2021-05,Humberside Police,Humberside Police,-0.326915,53.789742,On or near Holwell Road,E01012787,Kingston upon Hull 002D,Public order,Action to be taken by another organisation,
fedb24d5aabc253cf0acd72c162a3e260e6716edaaf6710a6b351af175674636,2021-05,Humberside Police,Humberside Police,-0.326915,53.789742,On or near Holwell Road,E01012787,Kingston upon Hull 002D,Public order,Unable to prosecute suspect,
cffb4b0f330913ac9cb5c811659040b38c043739e18b3cc910ae91fb73190bd0,2021-05,Humberside Police,Humberside Police,-0.319583,53.785936,On or near Supermarket,E01012787,Kingston upon Hull 002D,Shoplifting,Suspect charged as part of another case,
0c4db5fddb94df13b050b5e52ab1cbe95654cb2924229d05f3e40a56d828be4f,2021-05,Humberside Police,Humberside Police,-0.322279,53.786082,On or near Shopping Area,E01012787,Kingston upon Hull 002D,Shoplifting,Court result unavailable,
317c262394ab78aa3de0ce65fe646ac5061341e37c496ee3a11b4a355efe0893,2021-05,Humberside Police,Humberside Police,-0.319583,53.785936,On or near Supermarket,E01012787,Kingston upon Hull 002D,Shoplifting,Unable to prosecute suspect,
0ef4faa6fa6baf84c94da55a2ad039225705aff9fd80f65d534ee2676ebb82ae,2021-05,Humberside Police,Humberside Police,-0.322294,53.786073,On or near Supermarket,E01012787,Kingston upon Hull 002D,Shoplifting,Court result unavailable,
e310429c3a184c6bbb3b80bc7184fc434c117d8876b84734d4934d726e674280,2021-05,Humberside Police,Humberside Police,-0.322294,53.786073,On or near Supermarket,E01012787,Kingston upon Hull 002D,Shoplifting,Unable to prosecute suspect,
8824bd63a22f5fbb86d13ff230d5bf7787aaf767e3f6f07ecf567ce74ae3c31a,2021-05,Humberside Police,Humberside Police,-0.322279,53.786082,On or near Shopping Area,E01012787,Kingston upon Hull 002D,Shoplifting,Court result unavailable,
0921b547ea46f0a23c472487fabf6983668061d55cef2bd3cf28eda018541eb4,2021-05,Humberside Police,Humberside Police,-0.322294,53.786073,On or near Supermarket,E01012787,Kingston upon Hull 002D,Shoplifting,Court result unavailable,
84c3b2dc74e38488ad21ab0678226670914ecf6cc5b7ff8114ca5c4947e06075,2021-05,Humberside Police,Humberside Police,-0.326915,53.789742,On or near Holwell Road,E01012787,Kingston upon Hull 002D,Vehicle crime,Unable to prosecute suspect,
26fd9bf6aef462c13e033c801d37145fad3823bc99ee223031c8f53df3609843,2021-05,Humberside Police,Humberside Police,-0.322279,53.786082,On or near Shopping Area,E01012787,Kingston upon Hull 002D,Vehicle crime,Investigation complete; no suspect identified,
71619f4334959cf5ea7fc58937ad3fdee7e565f0fc33250d8b0d3d1771d3694e,2021-05,Humberside Police,Humberside Police,-0.322734,53.789890,On or near Dalwood Close,E01012787,Kingston upon Hull 002D,Violence and sexual offences,Unable to prosecute suspect,
fe0622d723b7f9b5b48ec2e71b90c0bcdca70a229f578860a960afe35004fdc6,2021-05,Humberside Police,Humberside Police,-0.319431,53.788595,On or near Littleham Close,E01012787,Kingston upon Hull 002D,Violence and sexual offences,Unable to prosecute suspect,
b4f24fd972682640b09e92b7bd834e013da18e7496a58b58aa69a7913bd7c26c,2021-05,Humberside Police,Humberside Police,-0.322734,53.789890,On or near Dalwood Close,E01012787,Kingston upon Hull 002D,Violence and sexual offences,Investigation complete; no suspect identified,
69ec7d6942fbb36173cd8b11e736ca4e4c81af4a0775f23f86f88f61c09d2cd4,2021-05,Humberside Police,Humberside Police,-0.320201,53.787167,On or near Parking Area,E01012787,Kingston upon Hull 002D,Violence and sexual offences,Unable to prosecute suspect,
96f91217d6a102c42ba74b97dbe920d517687255def824deebed9d1e51822552,2021-05,Humberside Police,Humberside Police,-0.322734,53.789890,On or near Dalwood Close,E01012787,Kingston upon Hull 002D,Other crime,Unable to prosecute suspect,
32b51578fe35ed4d429ebbb95de9a1bccfeecac708b89d33d6778c584aa675ac,2021-05,Humberside Police,Humberside Police,-0.320201,53.787167,On or near Parking Area,E01012787,Kingston upon Hull 002D,Other crime,Unable to prosecute suspect,
,2021-05,Humberside Police,Humberside Police,-0.325843,53.792262,On or near Cleeve Drive,E01012788,Kingston upon Hull 002E,Anti-social behaviour,,
d716fb361ff0165c5d30e6f99ac26dca41abe00ec094a49ca3c71245102b9b04,2021-05,Humberside Police,Humberside Police,-0.325035,53.790803,On or near Constantine Close,E01012788,Kingston upon Hull 002E,Criminal damage and arson,Investigation complete; no suspect identified,
425da3ef85a0cb30cd3722a448b5cf330dcf5a4bf6f77f53bdbd545d661fc98c,2021-05,Humberside Police,Humberside Police,-0.329163,53.788173,On or near Stroud Crescent West,E01012788,Kingston upon Hull 002E,Criminal damage and arson,Investigation complete; no suspect identified,
9b3e5f963633d3c539c14b5378723308e5d2dfe29c96cd0c0480a8ebc5d177fa,2021-05,Humberside Police,Humberside Police,-0.325843,53.792262,On or near Cleeve Drive,E01012788,Kingston upon Hull 002E,Drugs,Unable to prosecute suspect,
46d299c762a41524a77990f74a01fc69a18913bb93b269d0626393c61557affe,2021-05,Humberside Police,Humberside Police,-0.324443,53.788916,On or near Axminster Close,E01012788,Kingston upon Hull 002E,Drugs,Status update unavailable,
c508141f739c042a04b0b4b7a6b27ba3e06f69450ad627856363e897cb1359f1,2021-05,Humberside Police,Humberside Police,-0.327022,53.793132,On or near Bossington Close,E01012788,Kingston upon Hull 002E,Other theft,Investigation complete; no suspect identified,
65272e4f5b636a6e338d343768e13b0965583fab793e8dd583c2c9ed4efde4f4,2021-05,Humberside Police,Humberside Police,-0.327022,53.793132,On or near Bossington Close,E01012788,Kingston upon Hull 002E,Other theft,Investigation complete; no suspect identified,
eff2fd71f2cf0a88a6a6454c19535915ef78821d621331387bd36d00d3064474,2021-05,Humberside Police,Humberside Police,-0.329163,53.788173,On or near Stroud Crescent West,E01012788,Kingston upon Hull 002E,Other theft,Offender given a caution,
234b3cdc8aab75318bda653d5b4b26edeee8a5299608a6dec7c816bca95af666,2021-05,Humberside Police,Humberside Police,-0.326444,53.792801,On or near Pitsford Close,E01012788,Kingston upon Hull 002E,Public order,Unable to prosecute suspect,
0db23604c9017f24af803ca690d894c15554e010b35b2733a09c55cb75b83da4,2021-05,Humberside Police,Humberside Police,-0.332048,53.793886,On or near Sanford Close,E01012788,Kingston upon Hull 002E,Public order,Local resolution,
0197f108baad9d1d69298fe1788bca239a2d17aea557e9e1b6fdaae2381e9cea,2021-05,Humberside Police,Humberside Police,-0.332048,53.793886,On or near Sanford Close,E01012788,Kingston upon Hull 002E,Public order,Court result unavailable,
8cb426b93af53eccf60b90453157d7f982f2775e819c261357bc6b88636e2818,2021-05,Humberside Police,Humberside Police,-0.329163,53.788173,On or near Stroud Crescent West,E01012788,Kingston upon Hull 002E,Violence and sexual offences,Unable to prosecute suspect,
9ba54814281d43a8a867f2eba8e9ff3940b80522d1c70d70ed889b44aa510c96,2021-05,Humberside Police,Humberside Police,-0.331668,53.791220,On or near Soffham Close,E01012788,Kingston upon Hull 002E,Violence and sexual offences,Unable to prosecute suspect,
1ff0f80c55881c93ce703850858b7302e6b9f9300f169b18f42988f8b83fb934,2021-05,Humberside Police,Humberside Police,-0.325843,53.792262,On or near Cleeve Drive,E01012788,Kingston upon Hull 002E,Violence and sexual offences,Unable to prosecute suspect,
aa6cbbcdbd92261046de18f198c9a3cca37c471d4b06d371e3b2e71039a8a813,2021-05,Humberside Police,Humberside Police,-0.329163,53.788173,On or near Stroud Crescent West,E01012788,Kingston upon Hull 002E,Violence and sexual offences,Offender given a caution,
1cca2fa57cd7915ff59f5c29a5ad75904ade148e40ea64ac26927289ae046390,2021-05,Humberside Police,Humberside Police,-0.332048,53.793886,On or near Sanford Close,E01012788,Kingston upon Hull 002E,Violence and sexual offences,Investigation complete; no suspect identified,
3337dbbfcb5b9a1def176edb2114d0e8f4ed059d65cbce334f117b74bbca29e9,2021-05,Humberside Police,Humberside Police,-0.332048,53.793886,On or near Sanford Close,E01012788,Kingston upon Hull 002E,Violence and sexual offences,Unable to prosecute suspect,
250e590038e7ac60024310cc320e50459a9a82863a8eb0db03c08dd2a636c690,2021-05,Humberside Police,Humberside Police,-0.332048,53.793886,On or near Sanford Close,E01012788,Kingston upon Hull 002E,Violence and sexual offences,Local resolution,
2bb8965e0683b7d94391251cef29ff27e4bf46e826d73dbe481493e5a414d78a,2021-05,Humberside Police,Humberside Police,-0.324443,53.788916,On or near Axminster Close,E01012788,Kingston upon Hull 002E,Other crime,Unable to prosecute suspect,
,2021-05,Humberside Police,Humberside Police,-0.328116,53.781291,On or near Sports/Recreation Area,E01012789,Kingston upon Hull 002F,Anti-social behaviour,,
ed7194ae53d4234cdce163fc8551c70dd77d4025b06d21df142726394c0eb931,2021-05,Humberside Police,Humberside Police,-0.329773,53.783903,On or near Deerhurst Grove,E01012789,Kingston upon Hull 002F,Bicycle theft,Investigation complete; no suspect identified,
f1bd2149dbc5a2e47cd518554621887ecebc290ea5ca1561ccaa65edc8abfaaa,2021-05,Humberside Police,Humberside Police,-0.329209,53.782430,On or near Cranham Grove,E01012789,Kingston upon Hull 002F,Criminal damage and arson,Investigation complete; no suspect identified,
a34eb5b0fbf365d935e530167a84de2b86b13fb1e7f9db82107af6810ff49de0,2021-05,Humberside Police,Humberside Police,-0.329773,53.783903,On or near Deerhurst Grove,E01012789,Kingston upon Hull 002F,Criminal damage and arson,Unable to prosecute suspect,
e306f7d97f17f5dbc197ac4d3b37ba6ae470a7a53f8fc8ceb408444110a37231,2021-05,Humberside Police,Humberside Police,-0.326291,53.786326,On or near Stroud Crescent East,E01012789,Kingston upon Hull 002F,Other theft,Investigation complete; no suspect identified,
1cebdb3eb5a5fa39d1bb3406beaa5311430efea7596dd388b98626c6af8e394c,2021-05,Humberside Police,Humberside Police,-0.330340,53.782616,On or near Littondale,E01012789,Kingston upon Hull 002F,Public order,Investigation complete; no suspect identified,
22e674f6fc216afcb58f53823f84de946daae5e983ae35bce42123b968ead647,2021-05,Humberside Police,Humberside Police,-0.330564,53.785002,On or near Bisley Grove,E01012789,Kingston upon Hull 002F,Vehicle crime,Investigation complete; no suspect identified,
17d28d9ea362fce82d92a8bbd33973af3f051733e2005b32e4d00b5ddc1f9914,2021-05,Humberside Police,Humberside Police,-0.330340,53.782616,On or near Littondale,E01012789,Kingston upon Hull 002F,Violence and sexual offences,Offender given a caution,
1cbc15760715c3140343cb4becfc14f805bd4e9d70ecf73ed2341bfb45e5927e,2021-05,Humberside Police,Humberside Police,-0.326291,53.786326,On or near Stroud Crescent East,E01012789,Kingston upon Hull 002F,Violence and sexual offences,Unable to prosecute suspect,
964384b265f6231b74edd292709681fc584c78f27017f99f89219272e9b5cba9,2021-05,Humberside Police,Humberside Police,-0.326291,53.786326,On or near Stroud Crescent East,E01012789,Kingston upon Hull 002F,Violence and sexual offences,Unable to prosecute suspect,
a85fb9578bd212172caf34ad4de45d1b03755a4728bdfbab15235d9683b7bc53,2021-05,Humberside Police,Humberside Police,-0.326291,53.786326,On or near Stroud Crescent East,E01012789,Kingston upon Hull 002F,Violence and sexual offences,Unable to prosecute suspect,
2a75d399dabca299262121afcbc63edb1d3da2e1f0f30053848b7486db547bb2,2021-05,Humberside Police,Humberside Police,-0.329773,53.783903,On or near Deerhurst Grove,E01012789,Kingston upon Hull 002F,Violence and sexual offences,Unable to prosecute suspect,
c4cd78d092a66f2748a5db20024d627d1a657f9617ddf26c8882997fbc08d67b,2021-05,Humberside Police,Humberside Police,-0.326291,53.786326,On or near Stroud Crescent East,E01012789,Kingston upon Hull 002F,Violence and sexual offences,Unable to prosecute suspect,
d33398ea60992dfdc41609d4d0fb3f06ae1d34b0051564b42bf303ed7aab83cd,2021-05,Humberside Police,Humberside Police,-0.329773,53.783903,On or near Deerhurst Grove,E01012789,Kingston upon Hull 002F,Violence and sexual offences,Unable to prosecute suspect,
,2021-05,Humberside Police,Humberside Police,-0.376215,53.788334,On or near Parking Area,E01012875,Kingston upon Hull 003A,Anti-social behaviour,,
,2021-05,Humberside Police,Humberside Police,-0.370984,53.790124,On or near Jenthorpe,E01012875,Kingston upon Hull 003A,Anti-social behaviour,,
,2021-05,Humberside Police,Humberside Police,-0.376215,53.788334,On or near Parking Area,E01012875,Kingston upon Hull 003A,Anti-social behaviour,,
,2021-05,Humberside Police,Humberside Police,-0.376215,53.788334,On or near Parking Area,E01012875,Kingston upon Hull 003A,Anti-social behaviour,,
,2021-05,Humberside Police,Humberside Police,-0.376215,53.788334,On or near Parking Area,E01012875,Kingston upon Hull 003A,Anti-social behaviour,,
,2021-05,Humberside Police,Humberside Police,-0.376215,53.788334,On or near Parking Area,E01012875,Kingston upon Hull 003A,Anti-social behaviour,,
,2021-05,Humberside Police,Humberside Police,-0.376901,53.787858,On or near Parking Area,E01012875,Kingston upon Hull 003A,Anti-social behaviour,,
9c942ab167a763a5beb54f03dbfa54ec90f58172f538a73d2c046864f3e322cb,2021-05,Humberside Police,Humberside Police,-0.376215,53.788334,On or near Parking Area,E01012875,Kingston upon Hull 003A,Burglary,Unable to prosecute suspect,
7035e5e4b937e97e63ea93bd5899a58b4bfbf1528d3718e884e8cfa562b0937b,2021-05,Humberside Police,Humberside Police,-0.370706,53.788304,On or near Laxthorpe,E01012875,Kingston upon Hull 003A,Criminal damage and arson,Unable to prosecute suspect,
557ee364fcef1e4af508ddd78252328d62c76e9404d841435c6284e6021e2b77,2021-05,Humberside Police,Humberside Police,-0.368558,53.785758,On or near Beckside Close,E01012875,Kingston upon Hull 003A,Criminal damage and arson,Investigation complete; no suspect identified,
0b4ad03190c97ca937f978f462d22caf480fc7cfcbc9299df4330939894ec10b,2021-05,Humberside Police,Humberside Police,-0.370190,53.789853,On or near Thorpepark Road,E01012875,Kingston upon Hull 003A,Criminal damage and arson,Investigation complete; no suspect identified,
464562b49103101558116001ff51a440e72c4d9f961a0c974af1ff381863a1fc,2021-05,Humberside Police,Humberside Police,-0.370706,53.788304,On or near Laxthorpe,E01012875,Kingston upon Hull 003A,Other theft,Action to be taken by another organisation,
ce30edc3b9760691170e9d312a3abaef8f9ba1932f3e7b6ccd1c55f0eaa94376,2021-05,Humberside Police,Humberside Police,-0.370706,53.788304,On or near Laxthorpe,E01012875,Kingston upon Hull 003A,Public order,Unable to prosecute suspect,
64e8acca3d803f7f568d1e5052ac973787cd0953b576b5a095677b18999c8345,2021-05,Humberside Police,Humberside Police,-0.374003,53.787837,On or near Parking Area,E01012875,Kingston upon Hull 003A,Public order,Unable to prosecute suspect,
5d9f6ad2959337e207df72d0470f081fdc8dfa529114805c561d904266dcc404,2021-05,Humberside Police,Humberside Police,-0.374003,53.787837,On or near Parking Area,E01012875,Kingston upon Hull 003A,Public order,Investigation complete; no suspect identified,
48ac24ec3c359f4817ec7fd6eb6cb917c3551ffed477de677c976527f300f74f,2021-05,Humberside Police,Humberside Police,-0.376215,53.788334,On or near Parking Area,E01012875,Kingston upon Hull 003A,Public order,Investigation complete; no suspect identified,
d7848e7ff2cd6502e485b04017f27f7a0950c108eb69f62daa96287ac5e25d1e,2021-05,Humberside Police,Humberside Police,-0.376215,53.788334,On or near Parking Area,E01012875,Kingston upon Hull 003A,Public order,Investigation complete; no suspect identified,
b80e722730ec11f2cce4b128e7e6cb1d7a06d52d1c99623b1803747c92434a40,2021-05,Humberside Police,Humberside Police,-0.376215,53.788334,On or near Parking Area,E01012875,Kingston upon Hull 003A,Public order,Investigation complete; no suspect identified,
cbd27d7f4bd05cae5fb776fb08807aaa06cab60e5743269f598bddfc3b33826a,2021-05,Humberside Police,Humberside Police,-0.376215,53.788334,On or near Parking Area,E01012875,Kingston upon Hull 003A,Shoplifting,Investigation complete; no suspect identified,
6bafe60edd00ef04b43762d7735d5adbb19e17fa88f8fde4b0ab9504e749a602,2021-05,Humberside Police,Humberside Police,-0.377948,53.787890,On or near Ashton Close,E01012875,Kingston upon Hull 003A,Vehicle crime,Court result unavailable,
101f4119128d1a4ebbdb0a08942f0feece6795c90c0f81e3f4f21cb78f10deec,2021-05,Humberside Police,Humberside Police,-0.377948,53.787890,On or near Ashton Close,E01012875,Kingston upon Hull 003A,Violence and sexual offences,Investigation complete; no suspect identified,
,2021-05,Humberside Police,Humberside Police,-0.381074,53.787915,On or near Dringshaw,E01012876,Kingston upon Hull 003B,Anti-social behaviour,,
,2021-05,Humberside Police,Humberside Police,-0.378407,53.790548,On or near Blythorpe,E01012876,Kingston upon Hull 003B,Anti-social behaviour,,
,2021-05,Humberside Police,Humberside Police,-0.381610,53.789765,On or near Limedane,E01012876,Kingston upon Hull 003B,Anti-social behaviour,,
,2021-05,Humberside Police,Humberside Police,-0.381872,53.791224,On or near Jipdane,E01012876,Kingston upon Hull 003B,Anti-social behaviour,,
,2021-05,Humberside Police,Humberside Police,-0.381658,53.790493,On or near Kerdane,E01012876,Kingston upon Hull 003B,Anti-social behaviour,,
,2021-05,Humberside Police,Humberside Police,-0.381610,53.789765,On or near Limedane,E01012876,Kingston upon Hull 003B,Anti-social behaviour,,
,2021-05,Humberside Police,Humberside Police,-0.373787,53.790270,On or near Homethorpe,E01012876,Kingston upon Hull 003B,Anti-social behaviour,,
,2021-05,Humberside Police,Humberside Police,-0.381610,53.789765,On or near Limedane,E01012876,Kingston upon Hull 003B,Anti-social behaviour,,
,2021-05,Humberside Police,Humberside Police,-0.381872,53.791224,On or near Jipdane,E01012876,Kingston upon Hull 003B,Anti-social behaviour,,
,2021-05,Humberside Police,Humberside Police,-0.372076,53.790939,On or near Ilthorpe,E01012876,Kingston upon Hull 003B,Anti-social behaviour,,
6f99f7b4ddd3d5082326b68872b206a988c387e18149d3c21f6a4716b6f0b6b4,2021-05,Humberside Police,Humberside Police,-0.372076,53.790939,On or near Ilthorpe,E01012876,Kingston upon Hull 003B,Bicycle theft,Investigation complete; no suspect identified,
7cf70f54293167df9d3e0f537bd1672cbc7877ae6cf6eaae0df4445e6e910741,2021-05,Humberside Police,Humberside Police,-0.381610,53.789765,On or near Limedane,E01012876,Kingston upon Hull 003B,Burglary,Unable to prosecute suspect,
4941a762aa7cf83d81394c3e4719c305c451d12018efcd8fba9944f685f00a71,2021-05,Humberside Police,Humberside Police,-0.376709,53.791271,On or near Fraisthorpe,E01012876,Kingston upon Hull 003B,Burglary,Unable to prosecute suspect,
58396d0cf4cafe163363938d7a7a71bca67bfbd6d6d00af97ce97239cf4d1c9e,2021-05,Humberside Police,Humberside Police,-0.376709,53.791271,On or near Fraisthorpe,E01012876,Kingston upon Hull 003B,Criminal damage and arson,Local resolution,
834f54f8eb1083aeb4db4e7545af7a165704b91a51009048187433d7dffb6c21,2021-05,Humberside Police,Humberside Police,-0.381610,53.789765,On or near Limedane,E01012876,Kingston upon Hull 003B,Criminal damage and arson,Investigation complete; no suspect identified,
b0ef4c2a7fe273453ae185ebcda88ab8031d96f3663fd8c531f0c922eb408b0e,2021-05,Humberside Police,Humberside Police,-0.381872,53.791224,On or near Jipdane,E01012876,Kingston upon Hull 003B,Criminal damage and arson,Investigation complete; no suspect identified,
d177d5c719369f547534df39abc9a0f656ba0cf6f602c3637e9e57edb055ef8d,2021-05,Humberside Police,Humberside Police,-0.378407,53.790548,On or near Blythorpe,E01012876,Kingston upon Hull 003B,Criminal damage and arson,Investigation complete; no suspect identified,
8eae8f53c81c6707bc5ec5d516797b49e4c812d233e4159799792e265eeb616c,2021-05,Humberside Police,Humberside Police,-0.381610,53.789765,On or near Limedane,E01012876,Kingston upon Hull 003B,Criminal damage and arson,Investigation complete; no suspect identified,
299fae6200ee7331713411fde11b56586d792eb57fb89c330fa25017a792d9a8,2021-05,Humberside Police,Humberside Police,-0.375124,53.791025,On or near Gorthorpe,E01012876,Kingston upon Hull 003B,Other theft,Unable to prosecute suspect,
3a0aefc67d797dca0c5b1157d86c7c3ecd2e8619d361c1bdfe7d0130e6c7d5a9,2021-05,Humberside Police,Humberside Police,-0.381074,53.787915,On or near Dringshaw,E01012876,Kingston upon Hull 003B,Other theft,Unable to prosecute suspect,
8fad3687dd8cbacfd8114b3e01e58f93bbad165d272bbd21ec65648750764978,2021-05,Humberside Police,Humberside Police,-0.375124,53.791025,On or near Gorthorpe,E01012876,Kingston upon Hull 003B,Public order,Local resolution,
97bfd17f46cdc234953c7160dfa50fde43950f48d783bb355583b395ca2c7cba,2021-05,Humberside Police,Humberside Police,-0.372076,53.790939,On or near Ilthorpe,E01012876,Kingston upon Hull 003B,Public order,Court result unavailable,
9b6384cbcf43c02ff3a8217256e5122e8854c85d07baaa0d3d48f962da0220b1,2021-05,Humberside Police,Humberside Police,-0.376914,53.790681,On or near Easethorpe,E01012876,Kingston upon Hull 003B,Violence and sexual offences,Unable to prosecute suspect,
f65a0d24a5e1be4843ab37c444f61e90a20dfb85b50ea08c00675fb713d22e8d,2021-05,Humberside Police,Humberside Police,-0.372076,53.790939,On or near Ilthorpe,E01012876,Kingston upon Hull 003B,Violence and sexual offences,Unable to prosecute suspect,
9e6bdfdef59b9e2bc3bab3948f36bc48cf52ab9780d54963968cd7aa6c3b2c3b,2021-05,Humberside Police,Humberside Police,-0.378407,53.790548,On or near Blythorpe,E01012876,Kingston upon Hull 003B,Violence and sexual offences,Unable to prosecute suspect,
fee645862e1d71494116618612f09eb3fd2fb89ad1bdee225ce02e5a08814024,2021-05,Humberside Police,Humberside Police,-0.375124,53.791025,On or near Gorthorpe,E01012876,Kingston upon Hull 003B,Violence and sexual offences,Unable to prosecute suspect,
f118042afe49ff1a35700c1ce0cf16cd7e0d154271963904922d76908213650c,2021-05,Humberside Police,Humberside Police,-0.381872,53.791224,On or near Jipdane,E01012876,Kingston upon Hull 003B,Violence and sexual offences,Unable to prosecute suspect,
80bf8fd45f931dc1144c3c5daba1908789cc00617318e39dcac4ad625ed6c44d,2021-05,Humberside Police,Humberside Police,-0.375124,53.791025,On or near Gorthorpe,E01012876,Kingston upon Hull 003B,Violence and sexual offences,Investigation complete; no suspect identified,
15048debadbdce23ad3c0c5d8d063d03198902c19c609c10fff702e283f7849f,2021-05,Humberside Police,Humberside Police,-0.373787,53.790270,On or near Homethorpe,E01012876,Kingston upon Hull 003B,Violence and sexual offences,Further action is not in the public interest,
f008f227126ba8079ff86f84032665db4267d9cf8771382019fad8320e7b7115,2021-05,Humberside Police,Humberside Police,-0.372076,53.790939,On or near Ilthorpe,E01012876,Kingston upon Hull 003B,Violence and sexual offences,Unable to prosecute suspect,
575702d57a3ed053ba3387e1359bb7e4ea5242e145e719bdcc4d4fd2b945accd,2021-05,Humberside Police,Humberside Police,-0.373787,53.790270,On or near Homethorpe,E01012876,Kingston upon Hull 003B,Violence and sexual offences,Unable to prosecute suspect,
4896ed7159b67142051a1dd2131cead9e47eac1b883936f518efab9f3cbabab2,2021-05,Humberside Police,Humberside Police,-0.378407,53.790548,On or near Blythorpe,E01012876,Kingston upon Hull 003B,Violence and sexual offences,Offender given a caution,
e6e3e433193d20b3e992d64c52f1f4affb3b9d2780b415487cc1118d4b1a9007,2021-05,Humberside Police,Humberside Police,-0.373787,53.790270,On or near Homethorpe,E01012876,Kingston upon Hull 003B,Violence and sexual offences,Unable to prosecute suspect,
76e745915c75cd12582af843cee000c12658da08615dc48f516cba4f508eac16,2021-05,Humberside Police,Humberside Police,-0.376914,53.790681,On or near Easethorpe,E01012876,Kingston upon Hull 003B,Violence and sexual offences,Unable to prosecute suspect,
,2021-05,Humberside Police,Humberside Police,-0.391332,53.787603,On or near Danepark Road,E01012877,Kingston upon Hull 003C,Anti-social behaviour,,
,2021-05,Humberside Police,Humberside Police,-0.389346,53.785545,On or near Axdane,E01012877,Kingston upon Hull 003C,Anti-social behaviour,,
,2021-05,Humberside Police,Humberside Police,-0.389346,53.785545,On or near Axdane,E01012877,Kingston upon Hull 003C,Anti-social behaviour,,
,2021-05,Humberside Police,Humberside Police,-0.389346,53.785545,On or near Axdane,E01012877,Kingston upon Hull 003C,Anti-social behaviour,,
,2021-05,Humberside Police,Humberside Police,-0.390495,53.788464,On or near Dibsdane,E01012877,Kingston upon Hull 003C,Anti-social behaviour,,
a103a5bf7ecc759cb028a5805b3cd776309bb0ea2f99488354d401b3aac96c8c,2021-05,Humberside Police,Humberside Police,-0.384561,53.790380,On or near Isledane,E01012877,Kingston upon Hull 003C,Other theft,Investigation complete; no suspect identified,
6c7e742ae86109eb41b650ac7da36f82434cecb596a179d1b796dd07c8eff424,2021-05,Humberside Police,Humberside Police,-0.386195,53.790132,On or near Hardane,E01012877,Kingston upon Hull 003C,Public order,Unable to prosecute suspect,
1cafeb5c7794e15fd26c09b27bd0791446429ce1c3bfee01ee9126d586d9f779,2021-05,Humberside Police,Humberside Police,-0.389346,53.785545,On or near Axdane,E01012877,Kingston upon Hull 003C,Public order,Local resolution,
5a52a884c3ec5495d0de95ec21e910858f445c9d257d2dbba2a5cf26cb668f6c,2021-05,Humberside Police,Humberside Police,-0.389912,53.787422,On or near Caldane,E01012877,Kingston upon Hull 003C,Violence and sexual offences,Unable to prosecute suspect,
51ffab15ead9497876abc6e9cc63a0e8944ad1dae1e23d8f6cf562932aa3c09b,2021-05,Humberside Police,Humberside Police,-0.386195,53.790132,On or near Hardane,E01012877,Kingston upon Hull 003C,Violence and sexual offences,Court result unavailable,
042fec264d442e625c0fcaf1ba91c01e1cb2c1df0ff02053a149c2a6d00b96aa,2021-05,Humberside Police,Humberside Police,-0.386195,53.790132,On or near Hardane,E01012877,Kingston upon Hull 003C,Violence and sexual offences,Unable to prosecute suspect,
001be5fe83f954f8b110b5347f4a665f9380321f146c9d23427c43c93a18830c,2021-05,Humberside Police,Humberside Police,-0.379973,53.784556,On or near York Road,E01012878,Kingston upon Hull 003D,Criminal damage and arson,Status update unavailable,
f4ee0ff2f136f4a4c8d13ccbd2275d6df29f712ca4f409e4acc3baa4dae127fc,2021-05,Humberside Police,Humberside Police,-0.379492,53.786023,On or near 38Th Avenue,E01012878,Kingston upon Hull 003D,Drugs,Court result unavailable,
ca927d4b5a0c711e19dde7db9cd99e852e14676521c1d94c8a1902e7c64f89c7,2021-05,Humberside Police,Humberside Police,-0.380431,53.782539,On or near 28Th Avenue,E01012878,Kingston upon Hull 003D,Other theft,Unable to prosecute suspect,
edf7d40b40b5f3c4c01db4669a7fccdafd36dabc59c35728ed3c1ce0902db879,2021-05,Humberside Police,Humberside Police,-0.386695,53.788593,On or near Parking Area,E01012878,Kingston upon Hull 003D,Public order,Unable to prosecute suspect,
10e25f2dadc016103f6c917db5488924fdb5a181d2d7a0aacd79487064b784a3,2021-05,Humberside Police,Humberside Police,-0.379292,53.784124,On or near 30Th Avenue,E01012878,Kingston upon Hull 003D,Public order,Unable to prosecute suspect,
047c9a38a332954072693455a364a354a737ccdf14d319c5572be5a794a48f36,2021-05,Humberside Police,Humberside Police,-0.386695,53.788593,On or near Parking Area,E01012878,Kingston upon Hull 003D,Vehicle crime,Investigation complete; no suspect identified,
dfc4e974fae427fbb29c14786a49176a58639af22cd8f27b0f2deba0ba0c6890,2021-05,Humberside Police,Humberside Police,-0.386695,53.788593,On or near Parking Area,E01012878,Kingston upon Hull 003D,Violence and sexual offences,Further action is not in the public interest,
f90369c3e0ffca64ed76320ecf66c217d6c49d2e18f629d57ec51d26772c3352,2021-05,Humberside Police,Humberside Police,-0.386695,53.788593,On or near Parking Area,E01012878,Kingston upon Hull 003D,Violence and sexual offences,Local resolution,
235aefc76b9048adf0d6bcb033ba76dc11c81931e72cb255eaf1babfaa132d9e,2021-05,Humberside Police,Humberside Police,-0.385414,53.786373,On or near Quillcourt,E01012878,Kingston upon Hull 003D,Violence and sexual offences,Unable to prosecute suspect,
ff0689fa708ea8e895c1486fe6137b6d83bb5b6280abb83cfe4e53bc50753130,2021-05,Humberside Police,Humberside Police,-0.386695,53.788593,On or near Parking Area,E01012878,Kingston upon Hull 003D,Violence and sexual offences,Local resolution,
b8b008e54992c8fe79d17af3ed15d09449c3f7939fb5c6577d9f1dd308690f90,2021-05,Humberside Police,Humberside Police,-0.386695,53.788593,On or near Parking Area,E01012878,Kingston upon Hull 003D,Violence and sexual offences,Local resolution,
361f2be7b6d43344e4efc0d49e636ba8b66a749838c484c7503658fd66331334,2021-05,Humberside Police,Humberside Police,-0.385414,53.786373,On or near Quillcourt,E01012878,Kingston upon Hull 003D,Violence and sexual offences,Unable to prosecute suspect,
f813ff0691dd7f8df03ae467e9cc9037161542d5a378278ffec394c7c20041dd,2021-05,Humberside Police,Humberside Police,-0.386695,53.788593,On or near Parking Area,E01012878,Kingston upon Hull 003D,Violence and sexual offences,Unable to prosecute suspect,
fb39321f7daf0634cd371b97359872148edb861048c714cb973dbbf6b7221948,2021-05,Humberside Police,Humberside Police,-0.379292,53.784124,On or near 30Th Avenue,E01012878,Kingston upon Hull 003D,Violence and sexual offences,Unable to prosecute suspect,
0935a5a280fc51ae637b0a5acff799ef4705e862f3e822fa3afed260acb61e6c,2021-05,Humberside Police,Humberside Police,-0.386695,53.788593,On or near Parking Area,E01012878,Kingston upon Hull 003D,Violence and sexual offences,Unable to prosecute suspect,
7434521277d6a3b7bb7964e1eabe4c48a30842e53759655b52d963cfc9318da8,2021-05,Humberside Police,Humberside Police,-0.379973,53.784556,On or near York Road,E01012878,Kingston upon Hull 003D,Violence and sexual offences,Status update unavailable,
834c1eb0918eba8f65f7a3491764a160295b5e0a95c597a6c2200a6209488158,2021-05,Humberside Police,Humberside Police,-0.385414,53.786373,On or near Quillcourt,E01012878,Kingston upon Hull 003D,Other crime,Unable to prosecute suspect,
,2021-05,Humberside Police,Humberside Police,-0.383365,53.785563,On or near Orniscourt,E01012879,Kingston upon Hull 003E,Anti-social behaviour,,
,2021-05,Humberside Police,Humberside Police,-0.383229,53.783584,On or near Lingcourt,E01012879,Kingston upon Hull 003E,Anti-social behaviour,,
,2021-05,Humberside Police,Humberside Police,-0.383365,53.785563,On or near Orniscourt,E01012879,Kingston upon Hull 003E,Anti-social behaviour,,
1e7ae6f521c85e0fd1fdfd47b25f3d04e0bb90e01ff75452b053399959adec82,2021-05,Humberside Police,Humberside Police,-0.380411,53.783825,On or near 26Th Avenue,E01012879,Kingston upon Hull 003E,Criminal damage and arson,Local resolution,
0a91cd78223e280ff931eb3c8cb1eb342787945f0f198ceba031ae53c98ea77e,2021-05,Humberside Police,Humberside Police,-0.383365,53.785563,On or near Orniscourt,E01012879,Kingston upon Hull 003E,Criminal damage and arson,Investigation complete; no suspect identified,
7fb776339dddc6acc463fe385bbf227b41a105d9e77ecb23ebe9af223635e3ce,2021-05,Humberside Police,Humberside Police,-0.387058,53.785847,On or near Saxcourt,E01012879,Kingston upon Hull 003E,Drugs,Court result unavailable,
3dd05d7bd4da05017beafad55f2627ce9f4b713c245ae3125ab775dac91daa80,2021-05,Humberside Police,Humberside Police,-0.383447,53.784216,On or near Mulcourt,E01012879,Kingston upon Hull 003E,Robbery,Unable to prosecute suspect,
6a6ab1188cd0657fe133ad47683d27b7eeb82fa044dc630601708c6f8f3b9879,2021-05,Humberside Police,Humberside Police,-0.387058,53.785847,On or near Saxcourt,E01012879,Kingston upon Hull 003E,Vehicle crime,Investigation complete; no suspect identified,
6035ad4053ac9c683addb2e419b052ce11b38000c66d28d8f84c88f8dd5e152d,2021-05,Humberside Police,Humberside Police,-0.386698,53.787712,On or near Pedestrian Subway,E01012879,Kingston upon Hull 003E,Violence and sexual offences,Unable to prosecute suspect,
71adb7ff5930be12d423acdfd8f6614790b5a39fcddef42692444e60deb1dc15,2021-05,Humberside Police,Humberside Police,-0.383224,53.784896,On or near Nashcourt,E01012879,Kingston upon Hull 003E,Violence and sexual offences,Further action is not in the public interest,
5988944b5ee83e57161a527765d1225468ad70dd07030f3a255715287201a785,2021-05,Humberside Police,Humberside Police,-0.383447,53.784216,On or near Mulcourt,E01012879,Kingston upon Hull 003E,Violence and sexual offences,Unable to prosecute suspect,
193452cd7300bb3fcf86cfa5be729e12380628ad28a685db53810d5862764072,2021-05,Humberside Police,Humberside Police,-0.386698,53.787712,On or near Pedestrian Subway,E01012879,Kingston upon Hull 003E,Violence and sexual offences,Unable to prosecute suspect,
f4d6875870398e83d810c866accd6d7b30edc7751054529e11368973b195b5f0,2021-05,Humberside Police,Humberside Police,-0.383229,53.783584,On or near Lingcourt,E01012879,Kingston upon Hull 003E,Violence and sexual offences,Unable to prosecute suspect,
3b37b9c7edf5a8f730c7da1b11aa652a6c3c581a7f9636dd72a273d5e147aa43,2021-05,Humberside Police,Humberside Police,-0.383447,53.784216,On or near Mulcourt,E01012879,Kingston upon Hull 003E,Violence and sexual offences,Unable to prosecute suspect,
6b6d54270fef96ad4d7cd7ee494e5f49e5ba722fd46a1a148c39f98e672668c6,2021-05,Humberside Police,Humberside Police,-0.383224,53.784896,On or near Nashcourt,E01012879,Kingston upon Hull 003E,Violence and sexual offences,Unable to prosecute suspect,
f6a6945705b5d9f90183c5ff0170dc7926f49c8153c54ebf6421f3bf282213d4,2021-05,Humberside Police,Humberside Police,-0.386698,53.787712,On or near Pedestrian Subway,E01012879,Kingston upon Hull 003E,Violence and sexual offences,Court result unavailable,
6cd37a68c0518ce6b2793add94256beb6a99f2d8c8d35c828ae3df84853a4c33,2021-05,Humberside Police,Humberside Police,-0.386698,53.787712,On or near Pedestrian Subway,E01012879,Kingston upon Hull 003E,Violence and sexual offences,Unable to prosecute suspect,
74054f141b4df423486fef269fe020103e73338e35ae8370c6ff8b209c986974,2021-05,Humberside Police,Humberside Police,-0.383365,53.785563,On or near Orniscourt,E01012879,Kingston upon Hull 003E,Violence and sexual offences,Unable to prosecute suspect,
d570581a4ee04dedf129c4522edb4145209a01fad17e48c7076925914d431527,2021-05,Humberside Police,Humberside Police,-0.383447,53.784216,On or near Mulcourt,E01012879,Kingston upon Hull 003E,Violence and sexual offences,Unable to prosecute suspect,
6ddf70edcb055512c135bdcdbdb78da29c239e81034e646f782826ade12d8ec0,2021-05,Humberside Police,Humberside Police,-0.386763,53.786814,On or near Ribycourt,E01012879,Kingston upon Hull 003E,Violence and sexual offences,Unable to prosecute suspect,
ed805322396d219419a1f70a34556565cba0d99394900dbc964b891b5f592305,2021-05,Humberside Police,Humberside Police,-0.380411,53.783825,On or near 26Th Avenue,E01012879,Kingston upon Hull 003E,Violence and sexual offences,Unable to prosecute suspect,
745369212c05e409fbf3be421d5e93068ac1ad1f465eafbf1a75fbfb6e765c4c,2021-05,Humberside Police,Humberside Police,-0.383447,53.784216,On or near Mulcourt,E01012879,Kingston upon Hull 003E,Violence and sexual offences,Unable to prosecute suspect,
d9fac1d0c4e1fb9e912b7501d6bbe01a51919afec42657b5459d4db68390e5cf,2021-05,Humberside Police,Humberside Police,-0.383447,53.784216,On or near Mulcourt,E01012879,Kingston upon Hull 003E,Other crime,Offender given a caution,
,2021-05,Humberside Police,Humberside Police,-0.314755,53.787459,On or near Wickenby Garth,E01012778,Kingston upon Hull 004A,Anti-social behaviour,,
bffc7ee8976f2365f5a5f2a5efd4013fc581cfdb4384da35cb243a9d9f70b5f4,2021-05,Humberside Police,Humberside Police,-0.307930,53.786941,On or near Rufforth Garth,E01012778,Kingston upon Hull 004A,Criminal damage and arson,Investigation complete; no suspect identified,
b1c9cbe579fce0c3486506446594da8ef78331d2847ccfabde19d7c89bd01f12,2021-05,Humberside Police,Humberside Police,-0.307930,53.786941,On or near Rufforth Garth,E01012778,Kingston upon Hull 004A,Criminal damage and arson,Unable to prosecute suspect,
93b54115933447de36733e0c5398493cd90e4bbb9651c155b9210754f98ca4c9,2021-05,Humberside Police,Humberside Police,-0.311725,53.785052,On or near Upavon Garth,E01012778,Kingston upon Hull 004A,Criminal damage and arson,Status update unavailable,
6dc7543dee52075ec6101827a0564b6e6afc233196bd503008cf291f18319aee,2021-05,Humberside Police,Humberside Police,-0.307930,53.786941,On or near Rufforth Garth,E01012778,Kingston upon Hull 004A,Public order,Local resolution,
254867724263e4af5fc2ac1bfb6d877111bcf354dcbc38e1d66333979ceef2bb,2021-05,Humberside Police,Humberside Police,-0.308888,53.788024,On or near Patrington Garth,E01012778,Kingston upon Hull 004A,Violence and sexual offences,Local resolution,
d78c28eb1c5b15d609e99bb9fa1957232ae4d69aabd561a0e0b17d5169b8c3eb,2021-05,Humberside Police,Humberside Police,-0.309841,53.786608,On or near Scampton Garth,E01012778,Kingston upon Hull 004A,Violence and sexual offences,Unable to prosecute suspect,
f64bfb09193a9a679a0c7a93a94ba5c8d5a38d5cc7b1ef682b290213a24e964a,2021-05,Humberside Police,Humberside Police,-0.311135,53.786123,On or near Topcliffe Garth,E01012778,Kingston upon Hull 004A,Violence and sexual offences,Unable to prosecute suspect,
4c1429fa65c367dd69a797d9ddca1518fc063b3fd56080d3378875d333f23a7b,2021-05,Humberside Police,Humberside Police,-0.307930,53.786941,On or near Rufforth Garth,E01012778,Kingston upon Hull 004A,Violence and sexual offences,Unable to prosecute suspect,
41739c30622d8ede06599c81222a2d57e1dcf105eecda8fcec4af50998516df7,2021-05,Humberside Police,Humberside Police,-0.308888,53.788024,On or near Patrington Garth,E01012778,Kingston upon Hull 004A,Violence and sexual offences,Local resolution,
e0cd677c9cb5e99847562298d52f4164e9d6d60787b1cc0431e42c523e2eb229,2021-05,Humberside Police,Humberside Police,-0.308888,53.788024,On or near Patrington Garth,E01012778,Kingston upon Hull 004A,Violence and sexual offences,Offender given a caution,
924c6586d6bbc5a2eae9d919a34a7068410f25a0c96aaf63ad6bf1c93bf9fbb9,2021-05,Humberside Police,Humberside Police,-0.308888,53.788024,On or near Patrington Garth,E01012778,Kingston upon Hull 004A,Violence and sexual offences,Offender given a caution,
5372e5da81269afa5bbf88b843e8269f588bf7cb4758dc832d7d67e14ce744e1,2021-05,Humberside Police,Humberside Police,-0.311725,53.785052,On or near Upavon Garth,E01012778,Kingston upon Hull 004A,Violence and sexual offences,Investigation complete; no suspect identified,
3d379d570809da43c61b0ed2778379cf1e031d658798c35bc04bb0ead67482af,2021-05,Humberside Police,Humberside Police,-0.314755,53.787459,On or near Wickenby Garth,E01012778,Kingston upon Hull 004A,Violence and sexual offences,Local resolution,
f596410047b95998b6d134f95e67028d5e21347f05745b8678616bab1d9d0d3a,2021-05,Humberside Police,Humberside Police,-0.308888,53.788024,On or near Patrington Garth,E01012778,Kingston upon Hull 004A,Violence and sexual offences,Further action is not in the public interest,
d922b4b32f621c3f424763cad78dabc68660d0556fcf00ce5ccb05f60454898a,2021-05,Humberside Police,Humberside Police,-0.311135,53.786123,On or near Topcliffe Garth,E01012778,Kingston upon Hull 004A,Other crime,Unable to prosecute suspect,
,2021-05,Humberside Police,Humberside Police,-0.312879,53.791856,On or near Leeming Garth,E01012783,Kingston upon Hull 004B,Anti-social behaviour,,
,2021-05,Humberside Police,Humberside Police,-0.321425,53.793009,On or near Zeals Garth,E01012783,Kingston upon Hull 004B,Anti-social behaviour,,
,2021-05,Humberside Police,Humberside Police,-0.312879,53.791856,On or near Leeming Garth,E01012783,Kingston upon Hull 004B,Anti-social behaviour,,
4a8de18c3f65a1f0eb19ebf78854809f25560325e5a15ce4b66157c4a3c74bb6,2021-05,Humberside Police,Humberside Police,-0.320582,53.792458,On or near Yatesbury Garth,E01012783,Kingston upon Hull 004B,Burglary,Investigation complete; no suspect identified,
024d7bd5b728e1777be62ae6d977bf0650fe8032ba7f5a76a605a640eddf1214,2021-05,Humberside Police,Humberside Police,-0.318790,53.794366,On or near Gatwick Garth,E01012783,Kingston upon Hull 004B,Burglary,Unable to prosecute suspect,
8f99c6a093cfd259c711210b21c83abc3be4b6279504652932ae0919fc3fb44c,2021-05,Humberside Police,Humberside Police,-0.315357,53.792897,On or near Jason Garth,E01012783,Kingston upon Hull 004B,Criminal damage and arson,Action to be taken by another organisation,
d473d47f70fefa97714a811f8054dc5bd5f369aa16c2af02b85b641c6ce9599a,2021-05,Humberside Police,Humberside Police,-0.318087,53.793727,On or near Hucknall Garth,E01012783,Kingston upon Hull 004B,Criminal damage and arson,Unable to prosecute suspect,
ec81993c71abcec288a8c800bf7150c5aec1c041b235a03760620015c34b8b8c,2021-05,Humberside Police,Humberside Police,-0.315357,53.792897,On or near Jason Garth,E01012783,Kingston upon Hull 004B,Criminal damage and arson,Court result unavailable,
ed4dad6f3b2d7629871c9777dfd732e1716a8cfd7c13be6b37f8ff33d1c560c2,2021-05,Humberside Police,Humberside Police,-0.318790,53.794366,On or near Gatwick Garth,E01012783,Kingston upon Hull 004B,Criminal damage and arson,Investigation complete; no suspect identified,
b6da364c19d77a64f2c354519e4cc716740931c8083f5ecb896b7657bd2b22bd,2021-05,Humberside Police,Humberside Police,-0.318087,53.793727,On or near Hucknall Garth,E01012783,Kingston upon Hull 004B,Possession of weapons,Court result unavailable,
58c2e3b72e571f85387d5d7bb2f3e9c46682094b4463622f7c9bff038806d23e,2021-05,Humberside Police,Humberside Police,-0.318087,53.793727,On or near Hucknall Garth,E01012783,Kingston upon Hull 004B,Possession of weapons,Court result unavailable,
fa9a863a0e961a826a6475487e5d21ba0422c4634fdc8adaef43b1191f415ca0,2021-05,Humberside Police,Humberside Police,-0.318790,53.794366,On or near Gatwick Garth,E01012783,Kingston upon Hull 004B,Public order,Unable to prosecute suspect,
5b07b96a99f19dbf6f4a89f4555e6d1f157e68d0986404b7ce559a354c3dfaec,2021-05,Humberside Police,Humberside Police,-0.318087,53.793727,On or near Hucknall Garth,E01012783,Kingston upon Hull 004B,Public order,Unable to prosecute suspect,
1c3ffefe190f84f7db92bd632119d34c252ed75533d494927987b2ef580fb27e,2021-05,Humberside Police,Humberside Police,-0.320582,53.792458,On or near Yatesbury Garth,E01012783,Kingston upon Hull 004B,Vehicle crime,Investigation complete; no suspect identified,
8c4e11ecc1040de6722a78cc0d84eb0d940ae6c5b33c4fa83e16e72a04e3f9ac,2021-05,Humberside Police,Humberside Police,-0.318856,53.791202,On or near Swinderby Garth,E01012783,Kingston upon Hull 004B,Vehicle crime,Unable to prosecute suspect,
5bee656caeec0ea4556408e4a5f1330f9950eb034d33be3d4fa1842bbacc964f,2021-05,Humberside Police,Humberside Police,-0.318856,53.791202,On or near Swinderby Garth,E01012783,Kingston upon Hull 004B,Vehicle crime,Investigation complete; no suspect identified,
150400b77e43c9687ec3386e578d4da4d5569e3d4579a5f1d3d849ea4497d752,2021-05,Humberside Police,Humberside Police,-0.320582,53.792458,On or near Yatesbury Garth,E01012783,Kingston upon Hull 004B,Violence and sexual offences,Unable to prosecute suspect,
c76b27abe2985b08869bee00a5f19c63dc669dc3ea1dd3b2388704de054ab319,2021-05,Humberside Police,Humberside Police,-0.321425,53.793009,On or near Zeals Garth,E01012783,Kingston upon Hull 004B,Violence and sexual offences,Unable to prosecute suspect,
f0ff98fc826cf9d4590771b1aae9127e60878154ce94f5ce2de20120f0c55be4,2021-05,Humberside Police,Humberside Police,-0.320582,53.792458,On or near Yatesbury Garth,E01012783,Kingston upon Hull 004B,Violence and sexual offences,Unable to prosecute suspect,
fc7daf955dd4dce6ec67efe04fa5e3891b5de044196070b08a058481d51d9d45,2021-05,Humberside Police,Humberside Police,-0.312879,53.791856,On or near Leeming Garth,E01012783,Kingston upon Hull 004B,Violence and sexual offences,Investigation complete; no suspect identified,
74a11c5112c0611ebd2add94ff9d628f2a5fc9bced4a77f3b048264622b3c833,2021-05,Humberside Police,Humberside Police,-0.321425,53.793009,On or near Zeals Garth,E01012783,Kingston upon Hull 004B,Violence and sexual offences,Local resolution,
59f9b57f0e5899b9466e30549a9d5eadbeaa2b30de319f770b4bf529a6f62d87,2021-05,Humberside Police,Humberside Police,-0.312879,53.791856,On or near Leeming Garth,E01012783,Kingston upon Hull 004B,Violence and sexual offences,Unable to prosecute suspect,
bbf01836d5d3418aa0b8a8c4b7e2d98220133c29824bf914409c9d7c3f8a4837,2021-05,Humberside Police,Humberside Police,-0.317199,53.793148,On or near Innsworth Garth,E01012783,Kingston upon Hull 004B,Violence and sexual offences,Unable to prosecute suspect,
,2021-05,Humberside Police,Humberside Police,-0.314615,53.790568,On or near Lambwath Hall Court,E01012784,Kingston upon Hull 004C,Anti-social behaviour,,
,2021-05,Humberside Police,Humberside Police,-0.314615,53.790568,On or near Lambwath Hall Court,E01012784,Kingston upon Hull 004C,Anti-social behaviour,,
,2021-05,Humberside Police,Humberside Police,-0.313854,53.789856,On or near Biggin Avenue,E01012784,Kingston upon Hull 004C,Anti-social behaviour,,
,2021-05,Humberside Police,Humberside Police,-0.315761,53.788130,On or near Yeadon Garth,E01012784,Kingston upon Hull 004C,Anti-social behaviour,,
1a0d6b2614201aba7375284849fb91d494d81f3f2b1dfd7fe6b34533105a65e3,2021-05,Humberside Police,Humberside Police,-0.309004,53.790794,On or near Drummond Court,E01012784,Kingston upon Hull 004C,Criminal damage and arson,Further investigation is not in the public interest,
deacb9756f2dd3acee3eb283079460ccb93e819d8ab6de4a88cf235f9ac217aa,2021-05,Humberside Police,Humberside Police,-0.310184,53.789391,On or near Oakington Garth,E01012784,Kingston upon Hull 004C,Criminal damage and arson,Local resolution,
e4610368a067b47c9394fdc5fb91d6e8f4a6c5273026eeb3f99350da4624f8cf,2021-05,Humberside Police,Humberside Police,-0.309004,53.790794,On or near Drummond Court,E01012784,Kingston upon Hull 004C,Criminal damage and arson,Further investigation is not in the public interest,
279f1ddec1a5e193940d717524905a55c63f00879a6e28e9d0428514ce5a6783,2021-05,Humberside Police,Humberside Police,-0.309004,53.790794,On or near Drummond Court,E01012784,Kingston upon Hull 004C,Criminal damage and arson,Further investigation is not in the public interest,
10b95cdc04738ef2753200ff28c6408cf9f6e6fcdc30edb441de24724184c6b9,2021-05,Humberside Police,Humberside Police,-0.315761,53.788130,On or near Yeadon Garth,E01012784,Kingston upon Hull 004C,Criminal damage and arson,Unable to prosecute suspect,
895b716c3d57f2e6a96df0b21e5dbeb8dc8222e6aab7c0a87852b468876262d9,2021-05,Humberside Police,Humberside Police,-0.313854,53.789856,On or near Biggin Avenue,E01012784,Kingston upon Hull 004C,Public order,Unable to prosecute suspect,
c6d64aca05bb3c71b5a87bf771966484f0c61ec9f6bfa4b5c56004b1d8701378,2021-05,Humberside Police,Humberside Police,-0.309281,53.792587,On or near Whisperwood Way,E01012784,Kingston upon Hull 004C,Public order,Unable to prosecute suspect,
954194a9c9dad1f985f2608d620654ec1cf70c87cb0389d3d4060cc3a42a9cbf,2021-05,Humberside Police,Humberside Police,-0.314615,53.790568,On or near Lambwath Hall Court,E01012784,Kingston upon Hull 004C,Violence and sexual offences,Unable to prosecute suspect,
3dac921cb78c2184ff8de304bbf9e0ae0c837fbe523105723b785d8ccc34107b,2021-05,Humberside Police,Humberside Police,-0.310184,53.789391,On or near Oakington Garth,E01012784,Kingston upon Hull 004C,Violence and sexual offences,Unable to prosecute suspect,
7881d86ddb1be870d39ad293141abcb78f0f07fdedd28224ed0d4da15e621ec1,2021-05,Humberside Police,Humberside Police,-0.315761,53.788130,On or near Yeadon Garth,E01012784,Kingston upon Hull 004C,Violence and sexual offences,Unable to prosecute suspect,
4693451ce3f429439fb13d890ca2ce572f5225c90cb829f0d36f8b21487574c8,2021-05,Humberside Police,Humberside Police,-0.309550,53.792330,On or near Thistlewood Court,E01012784,Kingston upon Hull 004C,Violence and sexual offences,Unable to prosecute suspect,
c03b1f6270f68112aefb416ab69098c97793f78702f28b8ae94f9a917d97c79b,2021-05,Humberside Police,Humberside Police,-0.310178,53.790676,On or near Neatshead Garth,E01012784,Kingston upon Hull 004C,Violence and sexual offences,Unable to prosecute suspect,
42fe2ab8a11d4758e32da32a04221bdeef36d6864ccc1a76bee67e69d70d09b4,2021-05,Humberside Police,Humberside Police,-0.310184,53.789391,On or near Oakington Garth,E01012784,Kingston upon Hull 004C,Violence and sexual offences,Unable to prosecute suspect,
3d6e715ff9c7b821e2f18842bf356143c71e7dbd92a628e0d91a29e19e369ef8,2021-05,Humberside Police,Humberside Police,-0.310178,53.790676,On or near Neatshead Garth,E01012784,Kingston upon Hull 004C,Violence and sexual offences,Unable to prosecute suspect,
4bbb7ad10721c53c4f4bd2234207f9e4da4e42d8cca8f3605ee130547dc33002,2021-05,Humberside Police,Humberside Police,-0.307559,53.790495,On or near Peckforten Close,E01012784,Kingston upon Hull 004C,Violence and sexual offences,Unable to prosecute suspect,
8f6791b1289574a041a3f626cac08929918384665abe8e06a5ef86ca5e46256d,2021-05,Humberside Police,Humberside Police,-0.310178,53.790676,On or near Neatshead Garth,E01012784,Kingston upon Hull 004C,Violence and sexual offences,Investigation complete; no suspect identified,
fb493a63d720a0f734dacb72ede3b7c7afca3b94d6261ff7ae4a87c55353e98e,2021-05,Humberside Police,Humberside Police,-0.315761,53.788130,On or near Yeadon Garth,E01012784,Kingston upon Hull 004C,Violence and sexual offences,Unable to prosecute suspect,
,2021-05,Humberside Police,Humberside Police,-0.313315,53.782873,On or near Logan Close,E01012790,Kingston upon Hull 004D,Anti-social behaviour,,
,2021-05,Humberside Police,Humberside Police,-0.313315,53.782873,On or near Logan Close,E01012790,Kingston upon Hull 004D,Anti-social behaviour,,
6c73af31a58822acaaa1f02c2f672fa32465d597ec4ab30525f473dc70bb86ca,2021-05,Humberside Police,Humberside Police,-0.315124,53.783563,On or near Newlyn Close,E01012790,Kingston upon Hull 004D,Criminal damage and arson,Investigation complete; no suspect identified,
60d8e212fec09db19d8a61348853a99a01a77a489ff605f73489b9b57f9b3ed7,2021-05,Humberside Police,Humberside Police,-0.309691,53.782777,On or near Lanyon Close,E01012790,Kingston upon Hull 004D,Criminal damage and arson,Investigation complete; no suspect identified,
2322620dd20256b308144e82be53d3dd2c09ef8b7a93f9792907dacaa31a6125,2021-05,Humberside Police,Humberside Police,-0.312544,53.781289,On or near Wendron Close,E01012790,Kingston upon Hull 004D,Public order,Court result unavailable,
c53a3cbb09bdd3efa33f6809e1b4a86d21adcda210ecfd60d94ba08c151a4229,2021-05,Humberside Police,Humberside Police,-0.312826,53.784475,On or near Mullion Close,E01012790,Kingston upon Hull 004D,Public order,Status update unavailable,
52963c0af1bdc1122b9a26de54965cad18471f9165f4e2d89da2aa659523fa85,2021-05,Humberside Police,Humberside Police,-0.318309,53.786287,On or near Pedestrian Subway,E01012790,Kingston upon Hull 004D,Violence and sexual offences,Unable to prosecute suspect,
ead384f31b5368081be590854511bcd33e6fdd4057e8e6cad756d9a2f358757a,2021-05,Humberside Police,Humberside Police,-0.318309,53.786287,On or near Pedestrian Subway,E01012790,Kingston upon Hull 004D,Violence and sexual offences,Unable to prosecute suspect,
8651e20c50bf40efc432ff5e612958b1c60752e795072863f22988f9073274b7,2021-05,Humberside Police,Humberside Police,-0.315124,53.783563,On or near Newlyn Close,E01012790,Kingston upon Hull 004D,Violence and sexual offences,Unable to prosecute suspect,
416d8bf65996ba64fdf95963a8a64a3422739109541aede4f24905d7c2cdb1fc,2021-05,Humberside Police,Humberside Police,-0.318309,53.786287,On or near Pedestrian Subway,E01012790,Kingston upon Hull 004D,Violence and sexual offences,Unable to prosecute suspect,
0070e83f65d2dc1f0c306ad7d4c12aa2976c82d9d2264286952f1deba79233ba,2021-05,Humberside Police,Humberside Police,-0.312826,53.784475,On or near Mullion Close,E01012790,Kingston upon Hull 004D,Violence and sexual offences,Unable to prosecute suspect,
7e568f6ac55cc091754f2ded2fd16fc7b4089230a81cefce2355e3ae070d6b09,2021-05,Humberside Police,Humberside Police,-0.314889,53.786391,On or near Pedestrian Subway,E01012790,Kingston upon Hull 004D,Violence and sexual offences,Unable to prosecute suspect,
,2021-05,Humberside Police,Humberside Police,-0.319331,53.778184,On or near Weymouth Close,E01012906,Kingston upon Hull 004E,Anti-social behaviour,,
,2021-05,Humberside Police,Humberside Police,-0.317348,53.777671,On or near Ilchester Close,E01012906,Kingston upon Hull 004E,Anti-social behaviour,,
3eb376e9cf0445e50b97bf260857a0ceaaa41ccf7033caf4b7e29b6bbe8aedd8,2021-05,Humberside Police,Humberside Police,-0.315229,53.781686,On or near Bridport Close,E01012906,Kingston upon Hull 004E,Criminal damage and arson,Unable to prosecute suspect,
dfdaffa1a2923312eed503f309fdb50d09e65edc00b2484dd50267cf56017ed3,2021-05,Humberside Police,Humberside Police,-0.319285,53.783127,On or near Sports/Recreation Area,E01012906,Kingston upon Hull 004E,Criminal damage and arson,Investigation complete; no suspect identified,
e18737df93ae07cd966eb83ed746e2ba17c231fc24deb3a0937fb7b6efbf0693,2021-05,Humberside Police,Humberside Police,-0.320123,53.780388,On or near Hambledon Close,E01012906,Kingston upon Hull 004E,Criminal damage and arson,Unable to prosecute suspect,
ed55459defd1f056454738c94657e6f679fa03a4a02ae16e4e9fa13ffc29dd81,2021-05,Humberside Police,Humberside Police,-0.316469,53.781820,On or near Pedestrian Subway,E01012906,Kingston upon Hull 004E,Violence and sexual offences,Status update unavailable,
0d2e5210422550082a5a439a12c41bb6bc1d7bd1bd52e41f1ddc953ee049ed5d,2021-05,Humberside Police,Humberside Police,-0.319331,53.778184,On or near Weymouth Close,E01012906,Kingston upon Hull 004E,Violence and sexual offences,Unable to prosecute suspect,
08e2b39099052bc34aa27f19ec5d1557aa0dc309a20e14e1c78a2d2db060627f,2021-05,Humberside Police,Humberside Police,-0.316469,53.781820,On or near Pedestrian Subway,E01012906,Kingston upon Hull 004E,Violence and sexual offences,Unable to prosecute suspect,
0e95dd737f7160c508e9235bcb9821324ec792548c5eaf2460dee1533e558155,2021-05,Humberside Police,Humberside Police,-0.316553,53.780860,On or near Blandford Close,E01012906,Kingston upon Hull 004E,Violence and sexual offences,Action to be taken by another organisation,
f054f57f51da205bc1abb33054b54117ee4fb4e430a644b12c4d388d18b319ee,2021-05,Humberside Police,Humberside Police,-0.316553,53.780860,On or near Blandford Close,E01012906,Kingston upon Hull 004E,Violence and sexual offences,Action to be taken by another organisation,
ae62bf56085a75212dfe41b59f28f2e9019e0d3307e3a7f3542ff704b1c30b74,2021-05,Humberside Police,Humberside Police,-0.319285,53.783127,On or near Sports/Recreation Area,E01012906,Kingston upon Hull 004E,Violence and sexual offences,Investigation complete; no suspect identified,
57349256a54d0633cfadd5cb3ce2ed4e1dbe630a2e2d4db37d97ecbca6814a57,2021-05,Humberside Police,Humberside Police,-0.317348,53.777671,On or near Ilchester Close,E01012906,Kingston upon Hull 004E,Violence and sexual offences,Unable to prosecute suspect,
f357ff6e4243f6d8b1a1b15eb30c3478e19cf96a20e9542abf22a174c19877a7,2021-05,Humberside Police,Humberside Police,-0.315810,53.778566,On or near Wareham Close,E01012906,Kingston upon Hull 004E,Violence and sexual offences,Investigation complete; no suspect identified,
b7f1207644619f0830fd2cd8d229d93008adfdd673103134eb38b6ace21f989f,2021-05,Humberside Police,Humberside Police,-0.319331,53.778184,On or near Weymouth Close,E01012906,Kingston upon Hull 004E,Violence and sexual offences,Status update unavailable,
462401fad5ecd74844e8599f40474bbd3eca44305923df4b1d507c6db9045858,2021-05,Humberside Police,Humberside Police,-0.319331,53.778184,On or near Weymouth Close,E01012906,Kingston upon Hull 004E,Violence and sexual offences,Unable to prosecute suspect,
dfc67c7da074f8836e364737384fe2a1441ef00a1b483c0b934e84ae4061004d,2021-05,Humberside Police,Humberside Police,-0.319331,53.778184,On or near Weymouth Close,E01012906,Kingston upon Hull 004E,Violence and sexual offences,Unable to prosecute suspect,
ae95b0ae89643bbcdaef0635728c304421f60d9c88f31dacc322f0496e6d7fc0,2021-05,Humberside Police,Humberside Police,-0.320123,53.780388,On or near Hambledon Close,E01012906,Kingston upon Hull 004E,Violence and sexual offences,Unable to prosecute suspect,
16fd537bf63417a042f99003a6779680f8933aca52baf2d218b60ee59ad5bf9d,2021-05,Humberside Police,Humberside Police,-0.316469,53.781820,On or near Pedestrian Subway,E01012906,Kingston upon Hull 004E,Violence and sexual offences,Unable to prosecute suspect,
6b8631ed85f3a461fe6ece231c0c36b61c2cbbc25588b980cc6437d399f636ea,2021-05,Humberside Police,Humberside Police,-0.315229,53.781686,On or near Bridport Close,E01012906,Kingston upon Hull 004E,Violence and sexual offences,Further action is not in the public interest,
6b9697874b57e472a8b83952de13abdb59cafbeed77135ec823f3f3ffee40fdf,2021-05,Humberside Police,Humberside Police,-0.319285,53.783127,On or near Sports/Recreation Area,E01012906,Kingston upon Hull 004E,Violence and sexual offences,Unable to prosecute suspect,
979d596130bb6919ec3fee3feb32aabcf058c48eb061df6bf3c441a826babe3f,2021-05,Humberside Police,Humberside Police,-0.319285,53.783127,On or near Sports/Recreation Area,E01012906,Kingston upon Hull 004E,Other crime,Local resolution,
7ec6632a4bcf25eb5c49e4b66f54e76e9938042bbb41df5d0a740b686493f9d1,2021-05,Humberside Police,Humberside Police,-0.320123,53.780388,On or near Hambledon Close,E01012906,Kingston upon Hull 004E,Other crime,Unable to prosecute suspect,
4f0c131082e23f3880fea4980ea33c2a121ebf2a2cf37fc37706c834963698dd,2021-05,Humberside Police,Humberside Police,-0.320816,53.778618,On or near Kimmeridge Close,E01012906,Kingston upon Hull 004E,Other crime,Unable to prosecute suspect,
,2021-05,Humberside Police,Humberside Police,-0.302235,53.787759,On or near Lapwing Close,E01012908,Kingston upon Hull 004F,Anti-social behaviour,,
,2021-05,Humberside Police,Humberside Police,-0.302235,53.787759,On or near Lapwing Close,E01012908,Kingston upon Hull 004F,Anti-social behaviour,,
,2021-05,Humberside Police,Humberside Police,-0.302235,53.787759,On or near Lapwing Close,E01012908,Kingston upon Hull 004F,Anti-social behaviour,,
,2021-05,Humberside Police,Humberside Police,-0.307421,53.784866,On or near Astral Close,E01012908,Kingston upon Hull 004F,Anti-social behaviour,,
d31fbddaa7630f0fbf83a0243a8551b3c4f77728c59648c4330bd336c6e0db06,2021-05,Humberside Police,Humberside Police,-0.302235,53.787759,On or near Lapwing Close,E01012908,Kingston upon Hull 004F,Burglary,Investigation complete; no suspect identified,
37a5a5dc85bdd138432db736189a128c59c98c8f20e9ce4e878d51e8983c5749,2021-05,Humberside Police,Humberside Police,-0.302235,53.787759,On or near Lapwing Close,E01012908,Kingston upon Hull 004F,Criminal damage and arson,Unable to prosecute suspect,
6269b2844c0c485afe2cadd7a05e1a68d800d917d24d20d48ec503a74b54ecba,2021-05,Humberside Police,Humberside Police,-0.302235,53.787759,On or near Lapwing Close,E01012908,Kingston upon Hull 004F,Criminal damage and arson,Investigation complete; no suspect identified,
896ba58ab49f4eb34eb2a8f91ab8aea11795600854b88487ed869dc25557d8e2,2021-05,Humberside Police,Humberside Police,-0.305048,53.786118,On or near Lagoon Drive,E01012908,Kingston upon Hull 004F,Drugs,Offender given a drugs possession warning,
7786c63e4284c6a1ce151783138777da70547e70c5bd9ffda1307a9cbede7f2c,2021-05,Humberside Police,Humberside Police,-0.305025,53.788203,On or near Goldcrest Close,E01012908,Kingston upon Hull 004F,Public order,Unable to prosecute suspect,
796a4a7546cd6f10f4d2477d5815f7ec3640b8e20f13e325bf2b08b0b00b7e90,2021-05,Humberside Police,Humberside Police,-0.305509,53.788632,On or near Park/Open Space,E01012908,Kingston upon Hull 004F,Violence and sexual offences,Unable to prosecute suspect,
fdd162ca318e1386b62ff32cc47ba886a7e3f2b85a0a92770a0cbca8861042f8,2021-05,Humberside Police,Humberside Police,-0.302235,53.787759,On or near Lapwing Close,E01012908,Kingston upon Hull 004F,Violence and sexual offences,Unable to prosecute suspect,
6dc48ba6f48e668e625e20f028d46122f451e1f3eda39b288a114284ae60402c,2021-05,Humberside Police,Humberside Police,-0.302235,53.787759,On or near Lapwing Close,E01012908,Kingston upon Hull 004F,Violence and sexual offences,Investigation complete; no suspect identified,
c75450931df968c495d16d4df5ab917da00730526c1948da29959be5c3729335,2021-05,Humberside Police,Humberside Police,-0.303087,53.788463,On or near Curlew Close,E01012908,Kingston upon Hull 004F,Violence and sexual offences,Unable to prosecute suspect,
1697c0e09c86c501ef1c10c437a1b910c61782c7674f3f71c25f0f8132f9dbca,2021-05,Humberside Police,Humberside Police,-0.303087,53.788463,On or near Curlew Close,E01012908,Kingston upon Hull 004F,Other crime,Unable to prosecute suspect,
,2021-05,Humberside Police,Humberside Police,-0.355653,53.786607,On or near Cullingworth Avenue,E01012764,Kingston upon Hull 005A,Anti-social behaviour,,
,2021-05,Humberside Police,Humberside Police,-0.352583,53.785135,On or near Oxenhope Road,E01012764,Kingston upon Hull 005A,Anti-social behaviour,,
,2021-05,Humberside Police,Humberside Police,-0.352583,53.785135,On or near Oxenhope Road,E01012764,Kingston upon Hull 005A,Anti-social behaviour,,
,2021-05,Humberside Police,Humberside Police,-0.353835,53.788443,On or near Marsden Landing,E01012764,Kingston upon Hull 005A,Anti-social behaviour,,
,2021-05,Humberside Police,Humberside Police,-0.353835,53.788443,On or near Marsden Landing,E01012764,Kingston upon Hull 005A,Anti-social behaviour,,
,2021-05,Humberside Police,Humberside Police,-0.352944,53.783289,On or near Welwyn Park Drive,E01012765,Kingston upon Hull 005B,Anti-social behaviour,,
21b7425d4c30b1e9f4f38002e1020c1602f663e4d5b599caae905931e0096528,2021-05,Humberside Police,Humberside Police,-0.352944,53.783289,On or near Welwyn Park Drive,E01012765,Kingston upon Hull 005B,Criminal damage and arson,Unable to prosecute suspect,
fde5cefdc3bad2d85861a6290b31c47e835ba8877e80ac8337e0dcf5d0809256,2021-05,Humberside Police,Humberside Police,-0.353976,53.782125,On or near Welwyn Park Avenue,E01012765,Kingston upon Hull 005B,Public order,Court result unavailable,
b881f234a97b8130cc8879ef8f96372fee444374866ba85725aaaeb53f9f713c,2021-05,Humberside Police,Humberside Police,-0.358498,53.781774,On or near Greenwood Avenue,E01012765,Kingston upon Hull 005B,Violence and sexual offences,Unable to prosecute suspect,
f60c7f728e8babc4d36461af2be70dfc0031a1560826559c94bf1f7afb8b1dc2,2021-05,Humberside Police,Humberside Police,-0.358498,53.781774,On or near Greenwood Avenue,E01012765,Kingston upon Hull 005B,Violence and sexual offences,Unable to prosecute suspect,
0fed8ac4aeb8ef52b4601dd7e66c9a42b07bf3b6c6b57696090c3a269b28ea70,2021-05,Humberside Police,Humberside Police,-0.355740,53.783201,On or near Welwyn Park Road,E01012765,Kingston upon Hull 005B,Other crime,Action to be taken by another organisation,
,2021-05,Humberside Police,Humberside Police,-0.363791,53.788516,On or near Supermarket,E01012768,Kingston upon Hull 005C,Anti-social behaviour,,
516e5a733aef7c6dad07beeb076c3abc2237baf8fbcaaf7e78e02604ca986a0c,2021-05,Humberside Police,Humberside Police,-0.363791,53.788516,On or near Supermarket,E01012768,Kingston upon Hull 005C,Criminal damage and arson,Unable to prosecute suspect,
3f50871a53ac333a3fdd843cc0b6c695c205c1f3137f4a325262e16b0c842298,2021-05,Humberside Police,Humberside Police,-0.367421,53.787289,On or near Argent Close,E01012768,Kingston upon Hull 005C,Public order,Investigation complete; no suspect identified,
75112355f49be8ba2f427e461f6364f0fce26e834b81621f567e032f8567f754,2021-05,Humberside Police,Humberside Police,-0.363791,53.788516,On or near Supermarket,E01012768,Kingston upon Hull 005C,Public order,Investigation complete; no suspect identified,
fae8b6aa6779f677616f7b7d7395768f71d69c5e32ed30f854afbf008e823304,2021-05,Humberside Police,Humberside Police,-0.363816,53.787078,On or near Petrol Station,E01012768,Kingston upon Hull 005C,Shoplifting,Local resolution,
a6c7fd9c878a4f8a55f9f51e58d047dc1e836046342429213f8ee3ffc1b45c11,2021-05,Humberside Police,Humberside Police,-0.362311,53.792217,On or near Fieldside Garth,E01012768,Kingston upon Hull 005C,Violence and sexual offences,Unable to prosecute suspect,
,2021-05,Humberside Police,Humberside Police,-0.361798,53.790565,On or near Robson Avenue,E01012769,Kingston upon Hull 005D,Anti-social behaviour,,
,2021-05,Humberside Police,Humberside Police,-0.360497,53.787338,On or near Norrison Avenue,E01012769,Kingston upon Hull 005D,Anti-social behaviour,,
0f2ba74185a922f64199efd902d1d10c08987c4a607a20678f92bb9069efd143,2021-05,Humberside Police,Humberside Police,-0.361575,53.791227,On or near Greylees Avenue,E01012769,Kingston upon Hull 005D,Public order,Unable to prosecute suspect,
40213bb3d7c0f6624bed4671e25f3d26ac04174567bc3ed542f35ab7922b8f20,2021-05,Humberside Police,Humberside Police,-0.361575,53.791227,On or near Greylees Avenue,E01012769,Kingston upon Hull 005D,Public order,Local resolution,
614340dad8b3bbe65ffe664a2bed8ccff75b9bf20f5b906668560306b990e776,2021-05,Humberside Police,Humberside Police,-0.361575,53.791227,On or near Greylees Avenue,E01012769,Kingston upon Hull 005D,Violence and sexual offences,Unable to prosecute suspect,
028237330f89e31ac5816cf35bceabf464c544e7d706c4a6547a8d3d18027209,2021-05,Humberside Police,Humberside Police,-0.356400,53.787696,On or near Larard Avenue,E01012769,Kingston upon Hull 005D,Violence and sexual offences,Action to be taken by another organisation,
94f5ca80a345ca2b71294a85a27432602033f281bd37eb8a719be9f2fa8c38db,2021-05,Humberside Police,Humberside Police,-0.361581,53.788351,On or near Mizzen Road,E01012769,Kingston upon Hull 005D,Violence and sexual offences,Unable to prosecute suspect,
,2021-05,Humberside Police,Humberside Police,-0.345036,53.794084,On or near John Newton Way,E01012829,Kingston upon Hull 006A,Anti-social behaviour,,
,2021-05,Humberside Police,Humberside Police,-0.341225,53.789878,On or near Sports/Recreation Area,E01012829,Kingston upon Hull 006A,Anti-social behaviour,,
,2021-05,Humberside Police,Humberside Police,-0.341225,53.789878,On or near Sports/Recreation Area,E01012829,Kingston upon Hull 006A,Anti-social behaviour,,
,2021-05,Humberside Police,Humberside Police,-0.350500,53.789484,On or near Dovestone Way,E01012829,Kingston upon Hull 006A,Anti-social behaviour,,
,2021-05,Humberside Police,Humberside Police,-0.350500,53.789484,On or near Dovestone Way,E01012829,Kingston upon Hull 006A,Anti-social behaviour,,
,2021-05,Humberside Police,Humberside Police,-0.338816,53.790132,On or near Sports/Recreation Area,E01012829,Kingston upon Hull 006A,Anti-social behaviour,,
,2021-05,Humberside Police,Humberside Police,-0.350500,53.789484,On or near Dovestone Way,E01012829,Kingston upon Hull 006A,Anti-social behaviour,,
cdd71021ca83ed1018a6ec3c80cb928544ddcd93771ad0033b5be7a8c5979c94,2021-05,Humberside Police,Humberside Police,-0.338816,53.790132,On or near Sports/Recreation Area,E01012829,Kingston upon Hull 006A,Criminal damage and arson,Local resolution,
b0ec4dfe25ff84eef1f84255c5a36cabde522e6874aa540f74e9d87cec515806,2021-05,Humberside Police,Humberside Police,-0.344488,53.782552,On or near Ennerdale,E01012829,Kingston upon Hull 006A,Criminal damage and arson,Investigation complete; no suspect identified,
9a6ee81f8ad06cf5cf60aaa7b51e9f3cbaa943f36821aaf7f48bd92d9f1d0e3e,2021-05,Humberside Police,Humberside Police,-0.338816,53.790132,On or near Sports/Recreation Area,E01012829,Kingston upon Hull 006A,Criminal damage and arson,Investigation complete; no suspect identified,
3c4d1a704145947f6339970191065895301386af9f1a063f9a82904321ca2500,2021-05,Humberside Police,Humberside Police,-0.340413,53.787359,On or near Thorndale,E01012829,Kingston upon Hull 006A,Criminal damage and arson,Unable to prosecute suspect,
b984fb94110bbdecddfe73d96c7cd4a67fdec0c3b4d90cb5fa26fec38167d991,2021-05,Humberside Police,Humberside Police,-0.340732,53.785062,On or near Clarondale,E01012829,Kingston upon Hull 006A,Criminal damage and arson,Investigation complete; no suspect identified,
459310618aacbe0999638d353a8ba9beaef8b98147d055a56dea8f87702bf26d,2021-05,Humberside Police,Humberside Police,-0.345036,53.794084,On or near John Newton Way,E01012829,Kingston upon Hull 006A,Other theft,Investigation complete; no suspect identified,
a240dbd9c92801c68cb2ac17fbc75ec821212e2c2446693f88ccac4a0163cf3f,2021-05,Humberside Police,Humberside Police,-0.345036,53.794084,On or near John Newton Way,E01012829,Kingston upon Hull 006A,Public order,Unable to prosecute suspect,
598e8f427ba2582a955cde370cecc2d80e5a82a22ac70c14b4553d8456f4d0b0,2021-05,Humberside Police,Humberside Police,-0.342755,53.783786,On or near Parking Area,E01012829,Kingston upon Hull 006A,Public order,Investigation complete; no suspect identified,
4975df221e6909154c4f1c8c957f7cff0175bdaab214b808464b4c4c1a638b3c,2021-05,Humberside Police,Humberside Police,-0.345036,53.794084,On or near John Newton Way,E01012829,Kingston upon Hull 006A,Shoplifting,Unable to prosecute suspect,
0f4831344196485204905ea4bbc18f1d6ad9037d2a50aef2b2a6def923fc8f40,2021-05,Humberside Police,Humberside Police,-0.345036,53.794084,On or near John Newton Way,E01012829,Kingston upon Hull 006A,Shoplifting,Unable to prosecute suspect,
306aeda33118910536110f37771640ad3fafffa6b5eb7d4bc1dd8e61a25c5d62,2021-05,Humberside Police,Humberside Police,-0.350500,53.789484,On or near Dovestone Way,E01012829,Kingston upon Hull 006A,Vehicle crime,Investigation complete; no suspect identified,
4b2c0bb11ea59fd566143f06e90c5e3fc9e6d833f02b7319b9d1cb28e4c37650,2021-05,Humberside Police,Humberside Police,-0.338816,53.790132,On or near Sports/Recreation Area,E01012829,Kingston upon Hull 006A,Violence and sexual offences,Action to be taken by another organisation,
,2021-05,Humberside Police,Humberside Police,-0.336044,53.786534,On or near Jendale,E01012830,Kingston upon Hull 006B,Anti-social behaviour,,
3cd142463bfe5a023fbb1db3190070af127adefc6f20bdee256cb066f77944e9,2021-05,Humberside Police,Humberside Police,-0.332445,53.785792,On or near Ridsdale,E01012830,Kingston upon Hull 006B,Criminal damage and arson,Unable to prosecute suspect,
3179c6518e6c17db1f86885d3189458166dfef6acb903caae8a3bd9bc5fc6ecd,2021-05,Humberside Police,Humberside Police,-0.331630,53.786050,On or near Cheltenham Avenue,E01012830,Kingston upon Hull 006B,Criminal damage and arson,Investigation complete; no suspect identified,
7f657f017e0b00d6c7d76caf263b45aad3217be5b8590bb3eabd5f736b48f03d,2021-05,Humberside Police,Humberside Police,-0.339252,53.787936,On or near Waterdale,E01012830,Kingston upon Hull 006B,Criminal damage and arson,Investigation complete; no suspect identified,
465d49f4f8a0ba158964095b8b04f571c31cebd9d1ec720e1cbf2529e2bce203,2021-05,Humberside Police,Humberside Police,-0.339252,53.787936,On or near Waterdale,E01012830,Kingston upon Hull 006B,Violence and sexual offences,Unable to prosecute suspect,
e6a3e046ced1a0e7eae84ff336000ae6ce261a0b4b70502a5e3f29de3d164f59,2021-05,Humberside Police,Humberside Police,-0.338290,53.785765,On or near Grizedale,E01012830,Kingston upon Hull 006B,Violence and sexual offences,Court result unavailable,
e1c81d08a71d25761847359476889b0948f1dd51c15037d604d63e673ff93956,2021-05,Humberside Police,Humberside Police,-0.323876,53.779524,On or near Amberley Close,E01012905,Kingston upon Hull 006C,Criminal damage and arson,Further action is not in the public interest,
ce7dbe373369b7577a4d73d465b4128e9a203381ebc662aa3dc310e2f7d7ccab,2021-05,Humberside Police,Humberside Police,-0.324083,53.781936,On or near Peacehaven Close,E01012905,Kingston upon Hull 006C,Criminal damage and arson,Unable to prosecute suspect,
4096befcf518b44afc03da217cecda18cd620c8d5bb264e50b8cec8af27ce38b,2021-05,Humberside Police,Humberside Police,-0.331920,53.779133,On or near West Carr Lane,E01012905,Kingston upon Hull 006C,Criminal damage and arson,Investigation complete; no suspect identified,
890fa53e3b91838e31a91699e95a80d461777608e6a5825f10d403c2db45e815,2021-05,Humberside Police,Humberside Police,-0.326780,53.779016,On or near Wadhurst Close,E01012905,Kingston upon Hull 006C,Public order,Unable to prosecute suspect,
c6552ab15c5f45978f4a5b8c50be884fcba69358f29163d27c3b558a26196220,2021-05,Humberside Police,Humberside Police,-0.331920,53.779133,On or near West Carr Lane,E01012905,Kingston upon Hull 006C,Shoplifting,Investigation complete; no suspect identified,
14f5a42c9d9c19d1e124915eef2879041b4a228cb9672480d79ba5b9a9cc4c94,2021-05,Humberside Police,Humberside Police,-0.331920,53.779133,On or near West Carr Lane,E01012905,Kingston upon Hull 006C,Shoplifting,Investigation complete; no suspect identified,
de4eaa98430dc82b442263fd4bf025f8a6e3db8ffa1b3572c28537698ca2aa35,2021-05,Humberside Police,Humberside Police,-0.328646,53.780184,On or near Beckdale,E01012905,Kingston upon Hull 006C,Violence and sexual offences,Unable to prosecute suspect,
23f3be043f5109f0fc22613fb5bde8458e082038cf2e779c9a483dd54d402a32,2021-05,Humberside Police,Humberside Police,-0.326780,53.779016,On or near Wadhurst Close,E01012905,Kingston upon Hull 006C,Violence and sexual offences,Unable to prosecute suspect,
7d5f4d89d20a7f4f01947ea6e72179c5436d66dd394e9c26a19e97822f7c9c80,2021-05,Humberside Police,Humberside Police,-0.324083,53.781936,On or near Peacehaven Close,E01012905,Kingston upon Hull 006C,Violence and sexual offences,Unable to prosecute suspect,
69a0978f8f4710754a434003a8e593cdbe0c7b935bb23a261ec0c9c255557d13,2021-05,Humberside Police,Humberside Police,-0.323876,53.779524,On or near Amberley Close,E01012905,Kingston upon Hull 006C,Violence and sexual offences,Unable to prosecute suspect,
07947e9c50547e7f74a1ed98ffe99ad245dfdbda5a19587f919dccd646017892,2021-05,Humberside Police,Humberside Police,-0.326780,53.779016,On or near Wadhurst Close,E01012905,Kingston upon Hull 006C,Violence and sexual offences,Unable to prosecute suspect,
e30de26f3612546b13f57745a3c276eb1f903de839db6bc113d87e0a7633341e,2021-05,Humberside Police,Humberside Police,-0.323876,53.779524,On or near Amberley Close,E01012905,Kingston upon Hull 006C,Violence and sexual offences,Investigation complete; no suspect identified,
bd193d03c354f4c72dbce6f48bb31826d79ba5e0b4b5f23cb91f525eace7a256,2021-05,Humberside Police,Humberside Police,-0.323876,53.779524,On or near Amberley Close,E01012905,Kingston upon Hull 006C,Other crime,Unable to prosecute suspect,
8d23a98feeb514f458707172b920c64fb332f9a1fe5575ae38d7d5ad084ae34e,2021-05,Humberside Police,Humberside Police,-0.336455,53.784194,On or near Marsdale,E01012910,Kingston upon Hull 006D,Public order,Unable to prosecute suspect,
0fb27edb9f50105d93ffdd63f1efcc7ac76c6a4ec4047a2320cefc30036a08d7,2021-05,Humberside Police,Humberside Police,-0.332495,53.782997,On or near Newtondale,E01012910,Kingston upon Hull 006D,Vehicle crime,Investigation complete; no suspect identified,
df6eaf72efeb60d4313fb43a75571fa202a0868d2f68576b642ce1ef89c2fd41,2021-05,Humberside Police,Humberside Police,-0.332495,53.782997,On or near Newtondale,E01012910,Kingston upon Hull 006D,Violence and sexual offences,Action to be taken by another organisation,
,2021-05,Humberside Police,Humberside Police,-0.333842,53.780427,On or near Bretherdale,E01012912,Kingston upon Hull 006E,Anti-social behaviour,,
a70a3e14ec250d23c08b475842677521c0a97771bbe10d8f58639ec2acc580d4,2021-05,Humberside Police,Humberside Police,-0.336262,53.781791,On or near Cheviotdale,E01012912,Kingston upon Hull 006E,Public order,Local resolution,
a593c0cd0259ed0e54f5bb2ef229ec02f37d831916ad5d990d80ddfe5e9b2d8b,2021-05,Humberside Police,Humberside Police,-0.342986,53.782558,On or near Flanders Red,E01012912,Kingston upon Hull 006E,Violence and sexual offences,Court result unavailable,
de66eecc5b929e5fa6323d4a44fec5a40bae03a15129f825d568c2b6378dd181,2021-05,Humberside Police,Humberside Police,-0.342986,53.782558,On or near Flanders Red,E01012912,Kingston upon Hull 006E,Violence and sexual offences,Unable to prosecute suspect,
,2021-05,Humberside Police,Humberside Police,-0.301481,53.774471,On or near Mead Street,E01012822,Kingston upon Hull 007A,Anti-social behaviour,,
,2021-05,Humberside Police,Humberside Police,-0.297085,53.775865,On or near Neasden Close,E01012822,Kingston upon Hull 007A,Anti-social behaviour,,
cb8c3e59104a608019b9d4ae9738d1a9e96bca44c9a093ae53ab04feb2b1df76,2021-05,Humberside Police,Humberside Police,-0.296505,53.777448,On or near Brockley Close,E01012822,Kingston upon Hull 007A,Criminal damage and arson,Investigation complete; no suspect identified,
e540387648a9704db5246e316763c5d999b98b1c6aae83d17477b7fc307bc177,2021-05,Humberside Police,Humberside Police,-0.300482,53.777801,On or near The Avenue,E01012822,Kingston upon Hull 007A,Criminal damage and arson,Investigation complete; no suspect identified,
ce3be74f889fad773807b45c77435bef972fcf8f8d124e498fbc84f33f1014a3,2021-05,Humberside Police,Humberside Police,-0.303259,53.775162,On or near Supermarket,E01012822,Kingston upon Hull 007A,Drugs,Offender given a drugs possession warning,
5c1aad7bb5d18385a9a9182dce39381e6101e55cb3d3bcd78ddbf94b092c0aa2,2021-05,Humberside Police,Humberside Police,-0.298970,53.774652,On or near Wembley Park Avenue,E01012822,Kingston upon Hull 007A,Public order,Unable to prosecute suspect,
aa21b9bcce2897f0ec38d903780436525091e5d434bac0e22c32eba0574188a1,2021-05,Humberside Police,Humberside Police,-0.303259,53.775162,On or near Supermarket,E01012822,Kingston upon Hull 007A,Shoplifting,Court result unavailable,
f6e27f75e9bbd940805e9b4d2b55bf7b454521b986ee9b29de72eb2edec610ea,2021-05,Humberside Police,Humberside Police,-0.301481,53.774471,On or near Mead Street,E01012822,Kingston upon Hull 007A,Violence and sexual offences,Unable to prosecute suspect,
5416badcfd62b60da35f9e476fff307ce08b986d516a0bdda32cf0aadae6f4a3,2021-05,Humberside Police,Humberside Police,-0.294666,53.777880,On or near Epping Close,E01012822,Kingston upon Hull 007A,Violence and sexual offences,Unable to prosecute suspect,
9092bed90d6884ba238c5303447a4b99ffe071d8996ff25ed1bc4c3c57bfeee5,2021-05,Humberside Police,Humberside Police,-0.300819,53.775828,On or near Sutton House Road,E01012822,Kingston upon Hull 007A,Violence and sexual offences,Unable to prosecute suspect,
837b98c450a06914410ab593d1d7d73cd586bdcaeeee75f6e499d044a35c9419,2021-05,Humberside Police,Humberside Police,-0.300819,53.775828,On or near Sutton House Road,E01012822,Kingston upon Hull 007A,Violence and sexual offences,Unable to prosecute suspect,
2f54fb5063af07f06e8a1da73b4f6edd40e42faacddb00805d59cf0fbbb9d1ef,2021-05,Humberside Police,Humberside Police,-0.295974,53.775921,On or near Catford Close,E01012822,Kingston upon Hull 007A,Violence and sexual offences,Unable to prosecute suspect,
,2021-05,Humberside Police,Humberside Police,-0.299840,53.778655,On or near Hurn Close,E01012904,Kingston upon Hull 007B,Anti-social behaviour,,
,2021-05,Humberside Police,Humberside Police,-0.299840,53.778655,On or near Hurn Close,E01012904,Kingston upon Hull 007B,Anti-social behaviour,,
da48ce5ef11a87839d786f259df534139ff423f0674249dd22bce8b8b2b3b4f8,2021-05,Humberside Police,Humberside Police,-0.305313,53.778436,On or near The Lawns,E01012904,Kingston upon Hull 007B,Criminal damage and arson,Investigation complete; no suspect identified,
949dd6c0caeb5b407509894b7528d2421ffa1ad99d3e22fa56f94e1179301f5d,2021-05,Humberside Police,Humberside Police,-0.304139,53.779696,On or near College Street,E01012904,Kingston upon Hull 007B,Public order,Investigation complete; no suspect identified,
80b4fbd85431a32df7364b36806381c200bb1c407727ba2b2e636827cdb1e951,2021-05,Humberside Police,Humberside Police,-0.301890,53.779008,On or near Potterill Lane,E01012904,Kingston upon Hull 007B,Vehicle crime,Investigation complete; no suspect identified,
bb6710cb1c32e7e9d5aa5c54eda07e57dab5734e50fb945f5200ed88325bc95c,2021-05,Humberside Police,Humberside Police,-0.303528,53.780532,On or near Church Street,E01012904,Kingston upon Hull 007B,Vehicle crime,Unable to prosecute suspect,
fe9b9dc178ed93ebcdcd4a7769617864e4bf355187f296c6ef0297ace9e05855,2021-05,Humberside Police,Humberside Police,-0.303528,53.780532,On or near Church Street,E01012904,Kingston upon Hull 007B,Violence and sexual offences,Unable to prosecute suspect,
b3ce48f2e05081411924ee1666d8185224ea0678238c7af4765d9c668e2cfc71,2021-05,Humberside Police,Humberside Police,-0.299840,53.778655,On or near Hurn Close,E01012904,Kingston upon Hull 007B,Other crime,Unable to prosecute suspect,
751ad0ee32da4a627a039f31a798c3ae24482a841185f05df45cd18f5b73f6b1,2021-05,Humberside Police,Humberside Police,-0.313668,53.780891,On or near Wimbourne Close,E01012907,Kingston upon Hull 007C,Public order,Unable to prosecute suspect,
1741cdc9b8f0f5a290109909285c7b316f067308738286f80ee9d7f4e44b3d84,2021-05,Humberside Police,Humberside Police,-0.312182,53.778964,On or near Leads Road,E01012907,Kingston upon Hull 007C,Violence and sexual offences,Local resolution,
01cc59399775cb60fea758e5a2a62f9607b6b7c876d3510e590e2ceda20d5c3a,2021-05,Humberside Police,Humberside Police,-0.312182,53.778964,On or near Leads Road,E01012907,Kingston upon Hull 007C,Violence and sexual offences,Action to be taken by another organisation,
db8ce8eaa3a8b35fe8a10d0df0ff44403a2b2845b7cc33cbe9648c9bfce4ead2,2021-05,Humberside Police,Humberside Police,-0.314359,53.779552,On or near Broadstone Close,E01012907,Kingston upon Hull 007C,Violence and sexual offences,Status update unavailable,
8fc640aa1cd14623a5256bf2ec7fb07d7cec5d01183721eb3aa5b1aa3c5297ba,2021-05,Humberside Police,Humberside Police,-0.308220,53.779726,On or near Highfield,E01012907,Kingston upon Hull 007C,Violence and sexual offences,Unable to prosecute suspect,
1ff8ddf1265425879cfa8b7e83b8ea26b39d61ca802ddc602fdff5c8a9bebd54,2021-05,Humberside Police,Humberside Police,-0.314359,53.779552,On or near Broadstone Close,E01012907,Kingston upon Hull 007C,Violence and sexual offences,Action to be taken by another organisation,
73d32452ddd5b0a55c6ccdfec7956e180e090523c4e01a201d2a518b34e58097,2021-05,Humberside Police,Humberside Police,-0.298334,53.785124,On or near Whitstable Close,E01012909,Kingston upon Hull 007D,Criminal damage and arson,Investigation complete; no suspect identified,
ae6fa5bdc545e58daf1f224e773268506b5804a4bcacf428cf30af8a476133e6,2021-05,Humberside Police,Humberside Police,-0.301657,53.786268,On or near Blossom Grove,E01012909,Kingston upon Hull 007D,Violence and sexual offences,Unable to prosecute suspect,
a6cd9e258d36d33466dbb83aaedce4a09508f384cf7422e3ecd0afecd711af4c,2021-05,Humberside Police,Humberside Police,-0.301657,53.786268,On or near Blossom Grove,E01012909,Kingston upon Hull 007D,Violence and sexual offences,Unable to prosecute suspect,
,2021-05,Humberside Police,Humberside Police,-0.299826,53.781639,On or near Shetland Close,E01012911,Kingston upon Hull 007E,Anti-social behaviour,,
5b90af55f0dd9e92956e8702fd35d6a047970997304bc9b26dcaa6c9dfe1c155,2021-05,Humberside Police,Humberside Police,-0.299515,53.779936,On or near High Trees Mount,E01012911,Kingston upon Hull 007E,Criminal damage and arson,Unable to prosecute suspect,
1ff059058d7fb9fad1752ba4cc6d7f89f7207335ea8c939434b744a9f3515182,2021-05,Humberside Police,Humberside Police,-0.299826,53.781639,On or near Shetland Close,E01012911,Kingston upon Hull 007E,Other theft,Investigation complete; no suspect identified,
3c3e8ce4c0aaa557a088cb3dcf8bfd9fa12796105171def06739e6023f2e191b,2021-05,Humberside Police,Humberside Police,-0.299515,53.779936,On or near High Trees Mount,E01012911,Kingston upon Hull 007E,Public order,Unable to prosecute suspect,
d793b1ba0f0b6d8424d36b01525b0343d21bbc3d3ad2af2db5a6e21414c1b86f,2021-05,Humberside Police,Humberside Police,-0.299826,53.781639,On or near Shetland Close,E01012911,Kingston upon Hull 007E,Shoplifting,Investigation complete; no suspect identified,
19f1e20a0bb61ff0c2d84e6df8f21ff1bac791af9fbf62af0a4a6d400780439b,2021-05,Humberside Police,Humberside Police,-0.299826,53.781639,On or near Shetland Close,E01012911,Kingston upon Hull 007E,Shoplifting,Investigation complete; no suspect identified,
,2021-05,Humberside Police,Humberside Police,-0.385039,53.779132,On or near Levisham Close,E01012873,Kingston upon Hull 008A,Anti-social behaviour,,
,2021-05,Humberside Police,Humberside Police,-0.377405,53.780305,On or near 25Th Avenue,E01012873,Kingston upon Hull 008A,Anti-social behaviour,,
,2021-05,Humberside Police,Humberside Police,-0.385039,53.779132,On or near Levisham Close,E01012873,Kingston upon Hull 008A,Anti-social behaviour,,
,2021-05,Humberside Police,Humberside Police,-0.385039,53.779132,On or near Levisham Close,E01012873,Kingston upon Hull 008A,Anti-social behaviour,,
,2021-05,Humberside Police,Humberside Police,-0.376994,53.781927,On or near Supermarket,E01012873,Kingston upon Hull 008A,Anti-social behaviour,,
d11a45fb6f0bb9b38feaf6d6cf7616a10f1a6471303b455f7b9c1bc2f90d8c16,2021-05,Humberside Police,Humberside Police,-0.376994,53.781927,On or near Supermarket,E01012873,Kingston upon Hull 008A,Burglary,Court result unavailable,
1f3317b4ecac72c2d68a10f26efa6400ea787f9ec51e66e9e0d9adf664eff42f,2021-05,Humberside Police,Humberside Police,-0.385039,53.779132,On or near Levisham Close,E01012873,Kingston upon Hull 008A,Criminal damage and arson,Unable to prosecute suspect,
d684fa28f433c8b8d7a73cc21bbb9931a9f04db738ba6559dee8f089b1acf216,2021-05,Humberside Police,Humberside Police,-0.376994,53.781927,On or near Supermarket,E01012873,Kingston upon Hull 008A,Criminal damage and arson,Investigation complete; no suspect identified,
773cde3f2032e1ae5be067222aad9f45e76c58eae54ac20c3e5503cc9c2e392d,2021-05,Humberside Police,Humberside Police,-0.377405,53.780305,On or near 25Th Avenue,E01012873,Kingston upon Hull 008A,Criminal damage and arson,Investigation complete; no suspect identified,
e952298f34d33581d931698d674bf64e538a6848f25d2a9f6131a4402675400a,2021-05,Humberside Police,Humberside Police,-0.376098,53.778391,On or near Endike Lane,E01012873,Kingston upon Hull 008A,Criminal damage and arson,Unable to prosecute suspect,
b00e704f9b9e863742c03e601e81a39591a6cf43e6a7ad4f913f49d1361ab3ed,2021-05,Humberside Police,Humberside Police,-0.385039,53.779132,On or near Levisham Close,E01012873,Kingston upon Hull 008A,Criminal damage and arson,Unable to prosecute suspect,
ac4f4c6bbd8305094814dbd99b1def01611c06ffb599532a532ac90f6434382e,2021-05,Humberside Police,Humberside Police,-0.379776,53.779043,On or near 21St Avenue,E01012873,Kingston upon Hull 008A,Other theft,Unable to prosecute suspect,
b29e596418e1f52fd8addf13d39ca5162b5bea3be5c141bd41e78abad9e6be1f,2021-05,Humberside Police,Humberside Police,-0.379776,53.779043,On or near 21St Avenue,E01012873,Kingston upon Hull 008A,Other theft,Unable to prosecute suspect,
6af71f67c06520c945bea2bb7abe88a455c56e0de858c7cdd785c35033d1cdbe,2021-05,Humberside Police,Humberside Police,-0.379776,53.779043,On or near 21St Avenue,E01012873,Kingston upon Hull 008A,Public order,Unable to prosecute suspect,
2d4c8e42e84c9d1c06212d599d7946d9ddf5dca95e3e5a47ccaeab0eb14e684e,2021-05,Humberside Police,Humberside Police,-0.376994,53.781927,On or near Supermarket,E01012873,Kingston upon Hull 008A,Public order,Court result unavailable,
1b16f6b97d84fc6af00f1630ff8ffd5ff42918d95163732d4651e9b13d7719cc,2021-05,Humberside Police,Humberside Police,-0.385039,53.779132,On or near Levisham Close,E01012873,Kingston upon Hull 008A,Violence and sexual offences,Unable to prosecute suspect,
c6503cd743421cd360890a7fdb326ebf9347565924f3a170323f0325f9750c68,2021-05,Humberside Police,Humberside Police,-0.385039,53.779132,On or near Levisham Close,E01012873,Kingston upon Hull 008A,Violence and sexual offences,Unable to prosecute suspect,
dc3540b7f68fc241ce1493d53a099b245c41c1dc18d27cda39f7e515e9d2224a,2021-05,Humberside Police,Humberside Police,-0.377405,53.780305,On or near 25Th Avenue,E01012873,Kingston upon Hull 008A,Violence and sexual offences,Unable to prosecute suspect,
7b9994574de6e7657771965ca0c2a6167f68afd35d33ee5a47d4661930775038,2021-05,Humberside Police,Humberside Police,-0.377405,53.780305,On or near 25Th Avenue,E01012873,Kingston upon Hull 008A,Other crime,Court result unavailable,
e44cbdc6750804ddaae33365c41e292d182f38625e75a8f14062807ea95c7471,2021-05,Humberside Police,Humberside Police,-0.385039,53.779132,On or near Levisham Close,E01012873,Kingston upon Hull 008A,Other crime,Action to be taken by another organisation,
,2021-05,Humberside Police,Humberside Police,-0.388807,53.779812,On or near Ancourt,E01012874,Kingston upon Hull 008B,Anti-social behaviour,,
84e093729741e16113f33ebcd2c01a59942c491fe2e686e54dd1c438ff29a997,2021-05,Humberside Police,Humberside Police,-0.389229,53.781876,On or near Didscourt,E01012874,Kingston upon Hull 008B,Burglary,Investigation complete; no suspect identified,
e0386d0a55f8b99e6d8c116e6e29d8d6a6c85fae61df0a00d2558bed979d762f,2021-05,Humberside Police,Humberside Police,-0.388807,53.779812,On or near Ancourt,E01012874,Kingston upon Hull 008B,Drugs,Offender given a drugs possession warning,
fe8328095924e97bb59ab91675bcefdc9dce20dfba6d83ecb7a8d43b9e0db9a7,2021-05,Humberside Police,Humberside Police,-0.383656,53.781549,On or near Lastingham Close,E01012874,Kingston upon Hull 008B,Other theft,Unable to prosecute suspect,
868e865e4d844c6b8969165a65830724357afff5c05f4467ee99126f264c4d9b,2021-05,Humberside Police,Humberside Police,-0.388807,53.779812,On or near Ancourt,E01012874,Kingston upon Hull 008B,Public order,Unable to prosecute suspect,
994166eb199c05e8bc5534640b98cd2e927ae27e2f5e114ba7e7e2d6aadcdf46,2021-05,Humberside Police,Humberside Police,-0.388807,53.779812,On or near Ancourt,E01012874,Kingston upon Hull 008B,Public order,Unable to prosecute suspect,
64fefdb107027905986bdf64c2dd768ffb4d16e80c8d55bc5498048be5c1472c,2021-05,Humberside Police,Humberside Police,-0.387325,53.776906,On or near Arram Grove,E01012874,Kingston upon Hull 008B,Public order,Investigation complete; no suspect identified,
bc3f9bac86baf7edb96ef686f4abaee9eb52f8549d13c08b62be64b9c4bf761e,2021-05,Humberside Police,Humberside Police,-0.389229,53.781876,On or near Didscourt,E01012874,Kingston upon Hull 008B,Vehicle crime,Investigation complete; no suspect identified,
2d14f9904ac6dc4c4f33e417b01e425a386b1ed5ac548a12c95c807165ce534c,2021-05,Humberside Police,Humberside Police,-0.385719,53.780795,On or near 37Th Avenue,E01012874,Kingston upon Hull 008B,Vehicle crime,Investigation complete; no suspect identified,
c654c875cbb4de16bb2ebdc55c1eaf217312c002a16e73b2523c571547abd37b,2021-05,Humberside Police,Humberside Police,-0.390160,53.781349,On or near Courtland Road,E01012874,Kingston upon Hull 008B,Violence and sexual offences,Unable to prosecute suspect,
1084fea8ad63e20f641acc8b5ca6f7de5eb24716da424bf6b9f4735846c75796,2021-05,Humberside Police,Humberside Police,-0.387179,53.777543,On or near Carnaby Grove,E01012874,Kingston upon Hull 008B,Violence and sexual offences,Unable to prosecute suspect,
50230603863d1e9847ff041a6758cac76940cc163aaccacf0267605d29209c2a,2021-05,Humberside Police,Humberside Police,-0.387325,53.776906,On or near Arram Grove,E01012874,Kingston upon Hull 008B,Violence and sexual offences,Unable to prosecute suspect,
25256e2abfe11e9197f71d917a3f42cf5b831743695c1f7318b5637bef11c187,2021-05,Humberside Police,Humberside Police,-0.388367,53.782988,On or near Faircourt,E01012874,Kingston upon Hull 008B,Violence and sexual offences,Unable to prosecute suspect,
ea6ab1e9c4e161c86e4f32cb9cc68d7c0dbadcd75dc45a371da3371c04d34cc6,2021-05,Humberside Police,Humberside Police,-0.390160,53.781349,On or near Courtland Road,E01012874,Kingston upon Hull 008B,Violence and sexual offences,Unable to prosecute suspect,
d1c0b12a96fcec9e90e5c36475c16d332729c6877630f1586d5eec2adc66e914,2021-05,Humberside Police,Humberside Police,-0.386637,53.782587,On or near Innescourt,E01012874,Kingston upon Hull 008B,Violence and sexual offences,Unable to prosecute suspect,
e059af168ed2fdf6691bd615589e579b6bcb0a230d4c8f831094a60607bd4281,2021-05,Humberside Police,Humberside Police,-0.389229,53.781876,On or near Didscourt,E01012874,Kingston upon Hull 008B,Violence and sexual offences,Unable to prosecute suspect,
663649a81791db4a3a9982412b8a46090fb7b02eab32302ebd3513c1d09e337c,2021-05,Humberside Police,Humberside Police,-0.368975,53.782052,On or near Greenwood Avenue,E01012880,Kingston upon Hull 008C,Bicycle theft,Investigation complete; no suspect identified,
4b36092dff09ab1c8afa3bf710a3f2bcfb06ac1da06933282bb41d0833c856bf,2021-05,Humberside Police,Humberside Police,-0.373903,53.782172,On or near Greenwood Avenue,E01012880,Kingston upon Hull 008C,Burglary,Investigation complete; no suspect identified,
2e344687aa4742a2dcb46d2fdf2fdacce9d8b713c0890712317ec8f9033ca5ea,2021-05,Humberside Police,Humberside Police,-0.370478,53.784778,On or near 8Th Avenue,E01012880,Kingston upon Hull 008C,Criminal damage and arson,Investigation complete; no suspect identified,
2aa9a4e3e442a8a7b4088a88175cf510c3f65781fd89fa1385eb3b2ceb15ec32,2021-05,Humberside Police,Humberside Police,-0.370478,53.784778,On or near 8Th Avenue,E01012880,Kingston upon Hull 008C,Criminal damage and arson,Investigation complete; no suspect identified,
adb77ee4da11e31b0e5b6dd6cc5accb10c155cfe34b92e14f5d6fa78e41571bf,2021-05,Humberside Police,Humberside Police,-0.374080,53.786238,On or near 24Th Avenue,E01012880,Kingston upon Hull 008C,Criminal damage and arson,Unable to prosecute suspect,
db498a81fbfef1704b449ca90c4a0c39719ea709734f7aedf1cfd371479004ef,2021-05,Humberside Police,Humberside Police,-0.374080,53.786238,On or near 24Th Avenue,E01012880,Kingston upon Hull 008C,Criminal damage and arson,Unable to prosecute suspect,
89dd5beb059992c6dfc868e54c7442c5239b5c0a5b80d4de017d08e348140b10,2021-05,Humberside Police,Humberside Police,-0.370478,53.784778,On or near 8Th Avenue,E01012880,Kingston upon Hull 008C,Criminal damage and arson,Investigation complete; no suspect identified,
16a04ff5722c6a2f81d3aae299bbf26640870acb9709649d665331b767a62e8a,2021-05,Humberside Police,Humberside Police,-0.370478,53.784778,On or near 8Th Avenue,E01012880,Kingston upon Hull 008C,Criminal damage and arson,Investigation complete; no suspect identified,
bd849bb357071e7997f3e2f17f85d8f151fbe41755b336381ee171a960a1e897,2021-05,Humberside Police,Humberside Police,-0.374080,53.786238,On or near 24Th Avenue,E01012880,Kingston upon Hull 008C,Other theft,Investigation complete; no suspect identified,
53d2416897510eb1ac0d788a77cfc105f6ab38da422354e024a5a82f5ab6b078,2021-05,Humberside Police,Humberside Police,-0.372140,53.785367,On or near 16Th Avenue,E01012880,Kingston upon Hull 008C,Other theft,Investigation complete; no suspect identified,
08f44301a6e87dc720e6a1e4118bc76a7fb4cc1c4e21f63b1ce28c7ad3d0f8c8,2021-05,Humberside Police,Humberside Police,-0.372140,53.785367,On or near 16Th Avenue,E01012880,Kingston upon Hull 008C,Public order,Court result unavailable,
da1daba51f9d9be93279daa3efb994b2abaa0e97a7846bc8076b3c24d48c1daa,2021-05,Humberside Police,Humberside Police,-0.368975,53.782052,On or near Greenwood Avenue,E01012880,Kingston upon Hull 008C,Public order,Investigation complete; no suspect identified,
f0794b2711e5d23c9fe180c40cd327111bb297a19ff5abe52a9677adec737e2b,2021-05,Humberside Police,Humberside Police,-0.370478,53.784778,On or near 8Th Avenue,E01012880,Kingston upon Hull 008C,Public order,Offender given a caution,
168401638b13333527a9cf76638b8ea3aa280a83e341d9ca17a508653c2d37c5,2021-05,Humberside Police,Humberside Police,-0.370478,53.784778,On or near 8Th Avenue,E01012880,Kingston upon Hull 008C,Public order,Unable to prosecute suspect,
33349ccb7ee5321ebc068cef9a217f56cc50d0cce43daec08597fa1794c4d488,2021-05,Humberside Police,Humberside Police,-0.372140,53.785367,On or near 16Th Avenue,E01012880,Kingston upon Hull 008C,Public order,Investigation complete; no suspect identified,
b5b7da6da78b6bb9186441f86e4abe5a8a286c5c9a800cd65b70a3fc9f8bec31,2021-05,Humberside Police,Humberside Police,-0.370478,53.784778,On or near 8Th Avenue,E01012880,Kingston upon Hull 008C,Public order,Court result unavailable,
dffa47d8b93148f2c44188560b525f5b2d3c963d02376a6a3b4fe2a8bf10cad3,2021-05,Humberside Police,Humberside Police,-0.374600,53.784573,On or near 20Th Avenue,E01012880,Kingston upon Hull 008C,Vehicle crime,Unable to prosecute suspect,
967c3b4ebe532603d6b6707603db3d38a4cddafedc556f5ab13fced50e24eb22,2021-05,Humberside Police,Humberside Police,-0.372140,53.785367,On or near 16Th Avenue,E01012880,Kingston upon Hull 008C,Violence and sexual offences,Unable to prosecute suspect,
4683553ff25f71fa2012cac51541e5176e225a4053a1769ec1d26cebd19acb64,2021-05,Humberside Police,Humberside Police,-0.372140,53.785367,On or near 16Th Avenue,E01012880,Kingston upon Hull 008C,Violence and sexual offences,Unable to prosecute suspect,
3da1e759b9fd6d6c32810bc9cf95c6bde1f42a3c2c6daf96cbadad7c6db50657,2021-05,Humberside Police,Humberside Police,-0.370478,53.784778,On or near 8Th Avenue,E01012880,Kingston upon Hull 008C,Violence and sexual offences,Unable to prosecute suspect,
dc376bdf8bd711984e2e60b6aa3a60df048a95f5b5afadf8c0824606dbd5f904,2021-05,Humberside Police,Humberside Police,-0.370478,53.784778,On or near 8Th Avenue,E01012880,Kingston upon Hull 008C,Violence and sexual offences,Offender given a caution,
807e5709b2e34c9843f3ff0ce5083ef391e911ba6ad1081d9be3a8370e626736,2021-05,Humberside Police,Humberside Police,-0.368975,53.782052,On or near Greenwood Avenue,E01012880,Kingston upon Hull 008C,Violence and sexual offences,Local resolution,
581295215d9ebb69145e1a5a6036404ca20b55e647b80215873b1518171596c5,2021-05,Humberside Police,Humberside Police,-0.373903,53.782172,On or near Greenwood Avenue,E01012880,Kingston upon Hull 008C,Violence and sexual offences,Unable to prosecute suspect,
f528ed95c8eccc4fe47773c639155c396d32fce6483829f66024243fbc4f3723,2021-05,Humberside Police,Humberside Police,-0.374080,53.786238,On or near 24Th Avenue,E01012880,Kingston upon Hull 008C,Violence and sexual offences,Action to be taken by another organisation,
cafae70b17c2ad74f5038da24ff4d20a8ef07b2a26318ad0d0573192dccdcb96,2021-05,Humberside Police,Humberside Police,-0.370621,53.782649,On or near 6Th Avenue,E01012880,Kingston upon Hull 008C,Violence and sexual offences,Unable to prosecute suspect,
9e0dd486fc7ee52d654bad19316ecc86473370724644b677265ec7dd58f7c9cd,2021-05,Humberside Police,Humberside Police,-0.372140,53.785367,On or near 16Th Avenue,E01012880,Kingston upon Hull 008C,Violence and sexual offences,Unable to prosecute suspect,
9af3d85a5f1533645e9a66700cdf395db2949a00ba99687a83474cbfacc927ce,2021-05,Humberside Police,Humberside Police,-0.374080,53.786238,On or near 24Th Avenue,E01012880,Kingston upon Hull 008C,Violence and sexual offences,Unable to prosecute suspect,
a227dea4078e4d3e5b4cf03b8b811b89734596c7a34fa8ef1909b2e44369f6ac,2021-05,Humberside Police,Humberside Police,-0.375644,53.784246,On or near 22Nd Avenue,E01012880,Kingston upon Hull 008C,Violence and sexual offences,Action to be taken by another organisation,
,2021-05,Humberside Police,Humberside Police,-0.367311,53.783854,On or near Ripley Close,E01012881,Kingston upon Hull 008D,Anti-social behaviour,,
,2021-05,Humberside Police,Humberside Police,-0.367311,53.783854,On or near Ripley Close,E01012881,Kingston upon Hull 008D,Anti-social behaviour,,
67a0a3c19a8011cd32ccba382b8f5719a7ffb9d45c899d881c77ce9651b4ead0,2021-05,Humberside Police,Humberside Police,-0.367311,53.783854,On or near Ripley Close,E01012881,Kingston upon Hull 008D,Bicycle theft,Investigation complete; no suspect identified,
2de199c7b0c981dd77b175c36bff469334ca2a54aa6f2f4dd19902e3585f1e3b,2021-05,Humberside Police,Humberside Police,-0.370929,53.783714,On or near Hampston Close,E01012881,Kingston upon Hull 008D,Burglary,Investigation complete; no suspect identified,
34f72354a210ce597f484f4915f7294d4c9bbc8ee15bb2e73e34019d9a5c9880,2021-05,Humberside Police,Humberside Police,-0.364173,53.782588,On or near 2Nd Avenue,E01012881,Kingston upon Hull 008D,Criminal damage and arson,Investigation complete; no suspect identified,
b3be2a46cf310389cfa594470ff28fc4129bc324a47eb481df5dd91893f65161,2021-05,Humberside Police,Humberside Police,-0.364173,53.782588,On or near 2Nd Avenue,E01012881,Kingston upon Hull 008D,Other theft,Unable to prosecute suspect,
32c10165918f8465aaa2e0b398aad84087491aa48d0859090e8060e908b54a9b,2021-05,Humberside Police,Humberside Police,-0.372339,53.783769,On or near Dunswell Close,E01012881,Kingston upon Hull 008D,Violence and sexual offences,Action to be taken by another organisation,
e31628efb1affb8c774ff00272981da34f3d93fc9c282a481a6b4a09a072bc35,2021-05,Humberside Police,Humberside Police,-0.369002,53.784488,On or near 10Th Avenue,E01012881,Kingston upon Hull 008D,Violence and sexual offences,Unable to prosecute suspect,
bb416cf56dabcdff58b2760c42e4c879560a088759a153db176baf61c6df841e,2021-05,Humberside Police,Humberside Police,-0.372339,53.783769,On or near Dunswell Close,E01012881,Kingston upon Hull 008D,Violence and sexual offences,Action to be taken by another organisation,
b5ff5561095688f943339c08fd37dfc0b9885e471bc4edf0e9d6c7006bb8834e,2021-05,Humberside Police,Humberside Police,-0.372339,53.783769,On or near Dunswell Close,E01012881,Kingston upon Hull 008D,Violence and sexual offences,Action to be taken by another organisation,
6c7f35cf0d7dd18e2df23fc6ec67540d8201c8d293d20016351727a0be5ddabe,2021-05,Humberside Police,Humberside Police,-0.362594,53.783394,On or near Watton Grove,E01012881,Kingston upon Hull 008D,Violence and sexual offences,Unable to prosecute suspect,
c08d11fb4e945cb59b9d5b5eaf53de16b4e0be71b7cdcfd58a91929a2f473008,2021-05,Humberside Police,Humberside Police,-0.359474,53.782830,On or near Beverley Road,E01012881,Kingston upon Hull 008D,Violence and sexual offences,Unable to prosecute suspect,
d1d4b8dae8311d8ab9b5d9f84129e7f2e826080e184facb37d0f5b11fb21fdce,2021-05,Humberside Police,Humberside Police,-0.369002,53.784488,On or near 10Th Avenue,E01012881,Kingston upon Hull 008D,Other crime,Unable to prosecute suspect,
a5201822e5fe0461c0dd7bc7e178060f11bfb7b752512e09de8556c6a731bb51,2021-05,Humberside Police,Humberside Police,-0.364300,53.779336,On or near Braemar Avenue,E01012915,Kingston upon Hull 008E,Criminal damage and arson,Offender given a caution,
2547b0c43ae4c30ef151df8ce687ddca7f2b10df4a0e6a0a3d59a968cda4361d,2021-05,Humberside Police,Humberside Police,-0.368922,53.780675,On or near 9Th Avenue,E01012915,Kingston upon Hull 008E,Criminal damage and arson,Investigation complete; no suspect identified,
fdc1945dfcb333a4838e39e19cfc4337fb3a9e2e00fae616c1d63ad2847318a9,2021-05,Humberside Police,Humberside Police,-0.364300,53.779336,On or near Braemar Avenue,E01012915,Kingston upon Hull 008E,Public order,Offender given a caution,
713201c1d8037c20fce35b06db0ae681514e6e6085e5d740156dd6425bedb76d,2021-05,Humberside Police,Humberside Police,-0.365131,53.780974,On or near Dingley Close,E01012915,Kingston upon Hull 008E,Shoplifting,Investigation complete; no suspect identified,
b7a1d2faf679d416da0c1fcd0e26d374e0f281c6929ffa20261fd8dea373875b,2021-05,Humberside Police,Humberside Police,-0.364300,53.779336,On or near Braemar Avenue,E01012915,Kingston upon Hull 008E,Violence and sexual offences,Offender given a caution,
9f86ced34e13a6d826793ec91cde47e81804a341da789c1ca47682e2242da176,2021-05,Humberside Police,Humberside Police,-0.365131,53.780974,On or near Dingley Close,E01012915,Kingston upon Hull 008E,Violence and sexual offences,Unable to prosecute suspect,
86ce47b1eae52349436627b632e502a438fae69b76b656368a5832ba5ab7fb00,2021-05,Humberside Police,Humberside Police,-0.366853,53.780009,On or near Skipwith Close,E01012915,Kingston upon Hull 008E,Violence and sexual offences,Unable to prosecute suspect,
90c1d32708159de3969162b15e197a486dfdf2926853e9ec030c803bf8ee1a56,2021-05,Humberside Police,Humberside Police,-0.364300,53.779336,On or near Braemar Avenue,E01012915,Kingston upon Hull 008E,Violence and sexual offences,Unable to prosecute suspect,
2ffab0c36e0524555900516f81bfb10ccfe877ea2dd8e847091080886618cca8,2021-05,Humberside Police,Humberside Police,-0.364300,53.779336,On or near Braemar Avenue,E01012915,Kingston upon Hull 008E,Violence and sexual offences,Offender given a caution,
659d021a934d36efbe58d7a640d646847cdbd4ec1d5eb88bcbe4f8f0930df96c,2021-05,Humberside Police,Humberside Police,-0.365131,53.780974,On or near Dingley Close,E01012915,Kingston upon Hull 008E,Violence and sexual offences,Local resolution,
6f048de2f8bacf4178a60c805641aa97bea4ea13e3ccf0693382632c768dfe6c,2021-05,Humberside Police,Humberside Police,-0.377542,53.776756,On or near Grangeside Avenue,E01012917,Kingston upon Hull 008F,Burglary,Court result unavailable,
25d35b380a9d01bcad851df5a7167525a32a45f5f6b753a45df381ec97e4629e,2021-05,Humberside Police,Humberside Police,-0.377138,53.778180,On or near Moy Court,E01012917,Kingston upon Hull 008F,Possession of weapons,Court result unavailable,
774286e177b9a4ace7df694743e86c2605261f5c73c27352aff710fc86ef3cc9,2021-05,Humberside Police,Humberside Police,-0.378347,53.777522,On or near Westgarth Avenue,E01012917,Kingston upon Hull 008F,Public order,Unable to prosecute suspect,
bef5406faaae3b604686d90af55702ae2506d92af8787af006975e1e2010a1dc,2021-05,Humberside Police,Humberside Police,-0.377146,53.776005,On or near Woodcroft Avenue,E01012917,Kingston upon Hull 008F,Public order,Investigation complete; no suspect identified,
16753902022acd24571d13327c9f7f03082d4041bd9f8d8da055b51265695858,2021-05,Humberside Police,Humberside Police,-0.373940,53.776501,On or near Sports/Recreation Area,E01012917,Kingston upon Hull 008F,Violence and sexual offences,Unable to prosecute suspect,
fb613ec0d72f721082338bba6cc64bc7e0b5bd9e09e0f5befb70ddbea5612023,2021-05,Humberside Police,Humberside Police,-0.374065,53.779954,On or near 19Th Avenue,E01012917,Kingston upon Hull 008F,Violence and sexual offences,Investigation complete; no suspect identified,
8f5d60de397b7770acc72f47a20a29f9487e6c6548a2e354f1b18a08ee01acf8,2021-05,Humberside Police,Humberside Police,-0.375338,53.780394,On or near Wormley Court,E01012917,Kingston upon Hull 008F,Violence and sexual offences,Unable to prosecute suspect,
c1b9a5dd7a7fc67a7df7fe9c070fd9a475ce1b128c9543d397a68bcecb960345,2021-05,Humberside Police,Humberside Police,-0.370938,53.777997,On or near Ashbury Court,E01012917,Kingston upon Hull 008F,Violence and sexual offences,Unable to prosecute suspect,
9ff0708c52e476b75288f38e78347356943c8376a3e7a74ed33ff80e416fcb85,2021-05,Humberside Police,Humberside Police,-0.378347,53.777522,On or near Westgarth Avenue,E01012917,Kingston upon Hull 008F,Violence and sexual offences,Local resolution,
7b2a18b04b35ec9cd45d0950e797b458c87e9d895eb705af6a3153c7c419d8c4,2021-05,Humberside Police,Humberside Police,-0.371906,53.778469,On or near Endike Lane,E01012917,Kingston upon Hull 008F,Violence and sexual offences,Unable to prosecute suspect,
e9c5306c214237faa69a13cead722d6d314581a9cb4ffe5e069598eac05db753,2021-05,Humberside Police,Humberside Police,-0.373576,53.780820,On or near 17Th Avenue,E01012917,Kingston upon Hull 008F,Violence and sexual offences,Investigation complete; no suspect identified,
,2021-05,Humberside Police,Humberside Police,-0.380837,53.776333,On or near Sylvia Close,E01012918,Kingston upon Hull 008G,Anti-social behaviour,,
,2021-05,Humberside Police,Humberside Police,-0.384405,53.777451,On or near Etton Grove,E01012918,Kingston upon Hull 008G,Anti-social behaviour,,
,2021-05,Humberside Police,Humberside Police,-0.384653,53.777338,On or near Newbald Grove,E01012918,Kingston upon Hull 008G,Anti-social behaviour,,
,2021-05,Humberside Police,Humberside Police,-0.381809,53.777875,On or near Newholme Close,E01012918,Kingston upon Hull 008G,Anti-social behaviour,,
,2021-05,Humberside Police,Humberside Police,-0.380980,53.775760,On or near Shopping Area,E01012918,Kingston upon Hull 008G,Anti-social behaviour,,
603f71038b789f76be3c1e11c6cbf7497f399629e23a9350335a91b386972a1a,2021-05,Humberside Police,Humberside Police,-0.383559,53.776963,On or near Beeford Grove,E01012918,Kingston upon Hull 008G,Burglary,Investigation complete; no suspect identified,
c33871d8cd4796f2237b1cbcd6a10e1a970cdf3428c1d241b5c624afa69c322c,2021-05,Humberside Police,Humberside Police,-0.380837,53.776333,On or near Sylvia Close,E01012918,Kingston upon Hull 008G,Burglary,Court result unavailable,
d55a774400f745141de9037a3d46ddbfb6504db5d7a261e36d8d13df7cc6f50e,2021-05,Humberside Police,Humberside Police,-0.382638,53.777230,On or near Langtoft Grove,E01012918,Kingston upon Hull 008G,Criminal damage and arson,Investigation complete; no suspect identified,
81399ed02ddf597c529c463a119aec9c2aae60c351e4ec2d8110ae15970d824e,2021-05,Humberside Police,Humberside Police,-0.377582,53.773368,On or near Swanland Grove,E01012918,Kingston upon Hull 008G,Criminal damage and arson,Investigation complete; no suspect identified,
36f92428f33e4559d333a50f1d2789861c3a499ee0984692cd7c8c57e3c0dc3b,2021-05,Humberside Police,Humberside Police,-0.380476,53.777021,On or near Oldstead Avenue,E01012918,Kingston upon Hull 008G,Other theft,Investigation complete; no suspect identified,
aa8afea314509a70bc19c6c00e2d2028d2a11fa898843760c6b2577f26917154,2021-05,Humberside Police,Humberside Police,-0.382638,53.777230,On or near Langtoft Grove,E01012918,Kingston upon Hull 008G,Other theft,Unable to prosecute suspect,
0c346785737d8c1ed1c4586beca778d2a574c8106bfdb89a7ea43b6a6d1fe6ef,2021-05,Humberside Police,Humberside Police,-0.379551,53.774258,On or near Marton Grove,E01012918,Kingston upon Hull 008G,Violence and sexual offences,Unable to prosecute suspect,
7a55f952a3cb8ef62781bd88899313fbc3db58431cd1e64960c96215199cc9b1,2021-05,Humberside Police,Humberside Police,-0.377582,53.773368,On or near Swanland Grove,E01012918,Kingston upon Hull 008G,Violence and sexual offences,Status update unavailable,
8c5658e7bf81f7d72435f6b64f7c2b7d4e85586eb14b293bb666416e86c37891,2021-05,Humberside Police,Humberside Police,-0.377582,53.773368,On or near Swanland Grove,E01012918,Kingston upon Hull 008G,Violence and sexual offences,Investigation complete; no suspect identified,
f46e542189386828c28d8df4c1ba0b839a30d7e7508644b4b8cd39b7dec7ed38,2021-05,Humberside Police,Humberside Police,-0.381809,53.777875,On or near Newholme Close,E01012918,Kingston upon Hull 008G,Violence and sexual offences,Status update unavailable,
6ebe49873aeb43fe52355eed4efaa23e689202c6f6e60a0220ec672a840a74cb,2021-05,Humberside Police,Humberside Police,-0.377582,53.773368,On or near Swanland Grove,E01012918,Kingston upon Hull 008G,Violence and sexual offences,Unable to prosecute suspect,
e727e6a2c338e8916360367d8b7b7a389eaf8f3dcc4a5c9ad5b445250fdb25cb,2021-05,Humberside Police,Humberside Police,-0.379551,53.774258,On or near Marton Grove,E01012918,Kingston upon Hull 008G,Violence and sexual offences,Unable to prosecute suspect,
9ce51298561bb6a3045eabd313beffc31425436209b567139be6e9ac4d42a9b6,2021-05,Humberside Police,Humberside Police,-0.379852,53.773120,On or near The Quadrant,E01012918,Kingston upon Hull 008G,Violence and sexual offences,Investigation complete; no suspect identified,
eb112367224c5acb808024f8c1a953189be37697e1cedfe003e78e04a8e0c7eb,2021-05,Humberside Police,Humberside Police,-0.377582,53.773368,On or near Swanland Grove,E01012918,Kingston upon Hull 008G,Violence and sexual offences,Status update unavailable,
73ddbdc2c701d265e1b62bc47c455ee72edc8e9a756b5a6db230e3945b7a4c67,2021-05,Humberside Police,Humberside Police,-0.381809,53.777875,On or near Newholme Close,E01012918,Kingston upon Hull 008G,Violence and sexual offences,Unable to prosecute suspect,
f505c3eac4053d1e435847f20d51d7483ddcd028ecdadd0732c84db5374b4407,2021-05,Humberside Police,Humberside Police,-0.264676,53.774592,On or near Tedworth Road,E01012833,Kingston upon Hull 009A,Burglary,Offender given a caution,
8b9862baf9ee3c293aeb02570933b7459a10c1a7b96c4c77cb21406f794634c4,2021-05,Humberside Police,Humberside Police,-0.257321,53.775564,On or near Spring Vale,E01012833,Kingston upon Hull 009A,Public order,Local resolution,
40655be07d5ecd56d97d6454dcf38c8721a2c66a4e5dc838dadc00fe89c2b712,2021-05,Humberside Police,Humberside Police,-0.266578,53.774844,On or near Petrol Station,E01012833,Kingston upon Hull 009A,Shoplifting,Unable to prosecute suspect,
6786af79258c67db1996c8b076ed7ecccc6e3f688c1e49234d772fa66b8117bc,2021-05,Humberside Police,Humberside Police,-0.266578,53.774844,On or near Petrol Station,E01012833,Kingston upon Hull 009A,Shoplifting,Court result unavailable,
e86126c03083d5e1cef4529d7e92ec1f99a2daae398ac8fc210212fbfa21cddb,2021-05,Humberside Police,Humberside Police,-0.264676,53.774592,On or near Tedworth Road,E01012833,Kingston upon Hull 009A,Violence and sexual offences,Unable to prosecute suspect,
d3a246e2698c28505edd4ba59287aa0c48cf5097577a74f4464e8797af9a272d,2021-05,Humberside Police,Humberside Police,-0.262696,53.775129,On or near Ajax Close,E01012833,Kingston upon Hull 009A,Violence and sexual offences,Unable to prosecute suspect,
006b45710f9b60c9076ba0f6be74a17809136e01b9838f58c375dd0a479d5c00,2021-05,Humberside Police,Humberside Police,-0.264676,53.774592,On or near Tedworth Road,E01012833,Kingston upon Hull 009A,Violence and sexual offences,Unable to prosecute suspect,
40eb2e1b08b8ee7911bddb0134640126b2ecf57998621b8b897f21d50fdd66dd,2021-05,Humberside Police,Humberside Police,-0.259449,53.774381,On or near Thanet Road,E01012833,Kingston upon Hull 009A,Violence and sexual offences,Local resolution,
bf5119de98b39fd1ae61561339cc8b9254a1b97c7fce779d90d5ac9b37f94605,2021-05,Humberside Police,Humberside Police,-0.259449,53.774381,On or near Thanet Road,E01012833,Kingston upon Hull 009A,Violence and sexual offences,Unable to prosecute suspect,
016dd770ec51669b727330ef80808e985010a862bb3555d9f9394bc9e0880756,2021-05,Humberside Police,Humberside Police,-0.262696,53.775129,On or near Ajax Close,E01012833,Kingston upon Hull 009A,Violence and sexual offences,Unable to prosecute suspect,
39d61c7c569ca00c2bce7a36422de6f12819f3acff41c8e8bfb5d7399325f9ec,2021-05,Humberside Police,Humberside Police,-0.262696,53.775129,On or near Ajax Close,E01012833,Kingston upon Hull 009A,Violence and sexual offences,Unable to prosecute suspect,
906542677933f132cb8e3e19fb33a81f6c76cb01e90997ec50da01b010fff37c,2021-05,Humberside Police,Humberside Police,-0.264676,53.774592,On or near Tedworth Road,E01012833,Kingston upon Hull 009A,Violence and sexual offences,Unable to prosecute suspect,
6e1cfa763613d4492e3fa4265115d042c1127da6cc40fb2ebf1a69db6e3c09dd,2021-05,Humberside Police,Humberside Police,-0.264676,53.774592,On or near Tedworth Road,E01012833,Kingston upon Hull 009A,Violence and sexual offences,Unable to prosecute suspect,
db793cdc9549c254e6c314f0a5aea572d8d4aef60f755069d327f790fa55c271,2021-05,Humberside Police,Humberside Police,-0.264676,53.774592,On or near Tedworth Road,E01012833,Kingston upon Hull 009A,Violence and sexual offences,Offender given a caution,
260198f6a5f2bec0626b11016885447799e12a6d2b2095f1b057342e0c135867,2021-05,Humberside Police,Humberside Police,-0.264676,53.774592,On or near Tedworth Road,E01012833,Kingston upon Hull 009A,Violence and sexual offences,Offender given a caution,
b607023f22ce661aba530001eb6e92f10610553efb2ec029188dc66a6bcfd9ef,2021-05,Humberside Police,Humberside Police,-0.259449,53.774381,On or near Thanet Road,E01012833,Kingston upon Hull 009A,Violence and sexual offences,Local resolution,
,2021-05,Humberside Police,Humberside Police,-0.256909,53.777086,On or near Broad Oak,E01012835,Kingston upon Hull 009B,Anti-social behaviour,,
,2021-05,Humberside Police,Humberside Police,-0.258297,53.777654,On or near Golden Grove,E01012835,Kingston upon Hull 009B,Anti-social behaviour,,
7af4152814b4107c67a2a2983ba25ecf5913f2d4a238a90cb3357865f34e591c,2021-05,Humberside Police,Humberside Police,-0.253856,53.777140,On or near Mount Vernon,E01012835,Kingston upon Hull 009B,Shoplifting,Investigation complete; no suspect identified,
201f3f0ddce060450d348a60dfce872116c928028cb36a1f1b45d3efcad7ddd8,2021-05,Humberside Police,Humberside Police,-0.253856,53.777140,On or near Mount Vernon,E01012835,Kingston upon Hull 009B,Shoplifting,Investigation complete; no suspect identified,
c64fa96a8d62cb9b8e9c3df5f3b0c3166385308ef14fb85e71294d4a0ee369e7,2021-05,Humberside Police,Humberside Police,-0.253856,53.777140,On or near Mount Vernon,E01012835,Kingston upon Hull 009B,Shoplifting,Court result unavailable,
cbf82515115c87c31ea9605561f15e0bcf5c7f19005a022c1e60de2805a2d1ab,2021-05,Humberside Police,Humberside Police,-0.253856,53.777140,On or near Mount Vernon,E01012835,Kingston upon Hull 009B,Shoplifting,Court result unavailable,
,2021-05,Humberside Police,Humberside Police,-0.262469,53.769975,On or near Valiant Drive,E01012836,Kingston upon Hull 009C,Anti-social behaviour,,
,2021-05,Humberside Police,Humberside Police,-0.261820,53.773921,On or near Caledon Close,E01012836,Kingston upon Hull 009C,Anti-social behaviour,,
,2021-05,Humberside Police,Humberside Police,-0.262469,53.769975,On or near Valiant Drive,E01012836,Kingston upon Hull 009C,Anti-social behaviour,,
,2021-05,Humberside Police,Humberside Police,-0.262469,53.769975,On or near Valiant Drive,E01012836,Kingston upon Hull 009C,Anti-social behaviour,,
,2021-05,Humberside Police,Humberside Police,-0.262469,53.769975,On or near Valiant Drive,E01012836,Kingston upon Hull 009C,Anti-social behaviour,,
,2021-05,Humberside Police,Humberside Police,-0.259676,53.765242,On or near Wivern Road,E01012836,Kingston upon Hull 009C,Anti-social behaviour,,
,2021-05,Humberside Police,Humberside Police,-0.261820,53.773921,On or near Caledon Close,E01012836,Kingston upon Hull 009C,Anti-social behaviour,,
,2021-05,Humberside Police,Humberside Police,-0.262469,53.769975,On or near Valiant Drive,E01012836,Kingston upon Hull 009C,Anti-social behaviour,,
,2021-05,Humberside Police,Humberside Police,-0.262558,53.766713,On or near Amethyst Road,E01012836,Kingston upon Hull 009C,Anti-social behaviour,,
,2021-05,Humberside Police,Humberside Police,-0.254510,53.765050,On or near Hollywell Close,E01012836,Kingston upon Hull 009C,Anti-social behaviour,,
,2021-05,Humberside Police,Humberside Police,-0.258976,53.764540,On or near Hopewell Road,E01012836,Kingston upon Hull 009C,Anti-social behaviour,,
,2021-05,Humberside Police,Humberside Police,-0.266978,53.771380,On or near Garland Close,E01012836,Kingston upon Hull 009C,Anti-social behaviour,,
fd543248e8e9b75c9db2db9e2665e8c06cadb15939189d4f37de0328b55cdd12,2021-05,Humberside Police,Humberside Police,-0.263832,53.768943,On or near Amethyst Road,E01012836,Kingston upon Hull 009C,Criminal damage and arson,Investigation complete; no suspect identified,
d81733019b52919d9934361856b0c1610d9f14b29830be2ab27f92f31fee8d18,2021-05,Humberside Police,Humberside Police,-0.258976,53.764540,On or near Hopewell Road,E01012836,Kingston upon Hull 009C,Criminal damage and arson,Investigation complete; no suspect identified,
dfea36f4ebbbd161bd9b7ad141f2cc264a08d4babb58b4cfe8f2141196565256,2021-05,Humberside Police,Humberside Police,-0.261820,53.773921,On or near Caledon Close,E01012836,Kingston upon Hull 009C,Criminal damage and arson,Investigation complete; no suspect identified,
e4b2717c2817b7821ea046f7d5001dc8d13ed944e26b995e955c8f94dd682092,2021-05,Humberside Police,Humberside Police,-0.263832,53.768943,On or near Amethyst Road,E01012836,Kingston upon Hull 009C,Criminal damage and arson,Investigation complete; no suspect identified,
62ab8389d9993b86c33bd8787bb78b4211160766cd3da54bc940da72c0d0a151,2021-05,Humberside Police,Humberside Police,-0.262469,53.769975,On or near Valiant Drive,E01012836,Kingston upon Hull 009C,Criminal damage and arson,Investigation complete; no suspect identified,
8ce62fcbe6884cc28bb0650b8cda7eb62030628943e70cfb614cb221dc63d131,2021-05,Humberside Police,Humberside Police,-0.263832,53.768943,On or near Amethyst Road,E01012836,Kingston upon Hull 009C,Criminal damage and arson,Investigation complete; no suspect identified,
8b913fd6e109be1b3a6f97202356a676d09bf242789974fe5bf8c3f86f36ddc0,2021-05,Humberside Police,Humberside Police,-0.262469,53.769975,On or near Valiant Drive,E01012836,Kingston upon Hull 009C,Criminal damage and arson,Investigation complete; no suspect identified,
c8c7af571404793b5f34a327fc96a28e2c0648ab2b9ed08b9dfc233ed6cd851b,2021-05,Humberside Police,Humberside Police,-0.261820,53.773921,On or near Caledon Close,E01012836,Kingston upon Hull 009C,Drugs,Local resolution,
f8b2745aa0fa124d2c8099f54eec81b4ca17dd98dd698e60b85a8001028a9dd1,2021-05,Humberside Police,Humberside Police,-0.262558,53.766713,On or near Amethyst Road,E01012836,Kingston upon Hull 009C,Other theft,Local resolution,
7fa3ac065abb7baf71f8d7ea35fd5ec29bb7a7e8a06206a46c701531fbd3a960,2021-05,Humberside Police,Humberside Police,-0.260166,53.765861,On or near Triton Road,E01012836,Kingston upon Hull 009C,Other theft,Investigation complete; no suspect identified,
27edf9198f057d7c348363851bf7d012ea93158f5b2692e873e311f169fbc401,2021-05,Humberside Police,Humberside Police,-0.262469,53.769975,On or near Valiant Drive,E01012836,Kingston upon Hull 009C,Other theft,Unable to prosecute suspect,
414609bb1587da864f0dc16d4c1fad266902accc858d7c2c40e3428f7d3258a8,2021-05,Humberside Police,Humberside Police,-0.262469,53.769975,On or near Valiant Drive,E01012836,Kingston upon Hull 009C,Other theft,Unable to prosecute suspect,
f9b4a5321751c29833239ed95ba587a99ab7d54a501e6f29ee4227edd5e97fbf,2021-05,Humberside Police,Humberside Police,-0.262469,53.769975,On or near Valiant Drive,E01012836,Kingston upon Hull 009C,Other theft,Unable to prosecute suspect,
1452bf6a6b9f5f90c8298972043d6e8a8996e36d0c574644ef335483b1c9daff,2021-05,Humberside Police,Humberside Police,-0.261820,53.773921,On or near Caledon Close,E01012836,Kingston upon Hull 009C,Public order,Unable to prosecute suspect,
38d71b88aea6b695c9a9d431311ada6d2ba9ffe8f5d549667b549722a15687b9,2021-05,Humberside Police,Humberside Police,-0.266202,53.771809,On or near Staveley Road,E01012836,Kingston upon Hull 009C,Public order,Unable to prosecute suspect,
1f048bd171924457a3347cfc7a660fb1e588f65bfe8e75a0fb88cbdff8d7782b,2021-05,Humberside Police,Humberside Police,-0.254510,53.765050,On or near Hollywell Close,E01012836,Kingston upon Hull 009C,Public order,Unable to prosecute suspect,
f4ac9d67db4b998fcf9423c27bf4517ab3adf4d37413eaa1d41a5524d7d82689,2021-05,Humberside Police,Humberside Police,-0.261820,53.773921,On or near Caledon Close,E01012836,Kingston upon Hull 009C,Public order,Unable to prosecute suspect,
d62e90aa6a791c5c723509d93056f92478d6acd07a331bf0e09e93d2286b82c0,2021-05,Humberside Police,Humberside Police,-0.263282,53.772342,On or near Nestor Grove,E01012836,Kingston upon Hull 009C,Public order,Investigation complete; no suspect identified,
40cfd92ff67cd32251afa179a18d7e04977acbeee0ca9b417eed7bbcb2cb6f96,2021-05,Humberside Police,Humberside Police,-0.263282,53.772342,On or near Nestor Grove,E01012836,Kingston upon Hull 009C,Public order,Unable to prosecute suspect,
ca511f6967f3957c732035ad6b3c041c0b6a0c1ef56b487b4fb2e9516e343a12,2021-05,Humberside Police,Humberside Police,-0.263282,53.772342,On or near Nestor Grove,E01012836,Kingston upon Hull 009C,Vehicle crime,Unable to prosecute suspect,
568568d21d406726d215c2b03dc002d471fe09dabb53e5f1c3263a188fe507cb,2021-05,Humberside Police,Humberside Police,-0.262469,53.769975,On or near Valiant Drive,E01012836,Kingston upon Hull 009C,Violence and sexual offences,Unable to prosecute suspect,
112fab765fe2642ca09ad293f2a80c30ab5f9783cf1d818e46ad0761079ae983,2021-05,Humberside Police,Humberside Police,-0.263282,53.772342,On or near Nestor Grove,E01012836,Kingston upon Hull 009C,Violence and sexual offences,Unable to prosecute suspect,
8a8415d95fafeb63164d47613a629aa1906fc8010f2ab5db0033438ccf2c14e6,2021-05,Humberside Police,Humberside Police,-0.262469,53.769975,On or near Valiant Drive,E01012836,Kingston upon Hull 009C,Violence and sexual offences,Investigation complete; no suspect identified,
6771219c4f5d365bb90824235b2d867c737247f3101ccc93422df9542ba14d4e,2021-05,Humberside Police,Humberside Police,-0.261820,53.773921,On or near Caledon Close,E01012836,Kingston upon Hull 009C,Violence and sexual offences,Unable to prosecute suspect,
53ec644db35e3632bf7af687eea40053f3c5bda82fba6e92d2c53999831fd393,2021-05,Humberside Police,Humberside Police,-0.254510,53.765050,On or near Hollywell Close,E01012836,Kingston upon Hull 009C,Violence and sexual offences,Unable to prosecute suspect,
7fd158c4f9e108c2737e99d3ff43dea17cde56b32bd56b6a4eff658fa7a3f9fd,2021-05,Humberside Police,Humberside Police,-0.262469,53.769975,On or near Valiant Drive,E01012836,Kingston upon Hull 009C,Violence and sexual offences,Unable to prosecute suspect,
6cec5408ff56ec2dfee86709229ace9fae4630284fb54f6f46880a18571a0e73,2021-05,Humberside Police,Humberside Police,-0.262469,53.769975,On or near Valiant Drive,E01012836,Kingston upon Hull 009C,Violence and sexual offences,Unable to prosecute suspect,
26c89079bca487212f43828dea8d66027dbfdf9446c3a9381b082d63ec666d49,2021-05,Humberside Police,Humberside Police,-0.260166,53.765861,On or near Triton Road,E01012836,Kingston upon Hull 009C,Violence and sexual offences,Court result unavailable,
1a910845a069ba50cd12d634d041a074220376d2247aa9b0b5b015ed6a477b3b,2021-05,Humberside Police,Humberside Police,-0.262558,53.766713,On or near Amethyst Road,E01012836,Kingston upon Hull 009C,Violence and sexual offences,Status update unavailable,
a438490623308ac1e4da06ac30170b6d2503a41a7c6b78fe6a5b0dda289c813d,2021-05,Humberside Police,Humberside Police,-0.258976,53.764540,On or near Hopewell Road,E01012836,Kingston upon Hull 009C,Violence and sexual offences,Court result unavailable,
402c68914a308d29b8f54fdcd3b67b86b8c473be5ea56ea80a2d082f263c08fa,2021-05,Humberside Police,Humberside Police,-0.262558,53.766713,On or near Amethyst Road,E01012836,Kingston upon Hull 009C,Violence and sexual offences,Unable to prosecute suspect,
2b690a6f9ec3b8c6a51e45cc696698458a714f78c20b59e2b264c463554410df,2021-05,Humberside Police,Humberside Police,-0.261820,53.773921,On or near Caledon Close,E01012836,Kingston upon Hull 009C,Violence and sexual offences,Unable to prosecute suspect,
85c45cab2678f4f9600605aa0ce4d2983da24533d530f8977ed55072428cf262,2021-05,Humberside Police,Humberside Police,-0.266202,53.771809,On or near Staveley Road,E01012836,Kingston upon Hull 009C,Violence and sexual offences,Unable to prosecute suspect,
7a03ad028f710cc532497004b23fdc7d5ab8aec3c84fbd3f21ce0daf42c79c78,2021-05,Humberside Police,Humberside Police,-0.257756,53.770931,On or near Sports/Recreation Area,E01012836,Kingston upon Hull 009C,Violence and sexual offences,Unable to prosecute suspect,
cbe2e7db6daa6fcf7efd059b9ecd1db6947bbade23897eaf14bbd1ab090abe7d,2021-05,Humberside Police,Humberside Police,-0.262469,53.769975,On or near Valiant Drive,E01012836,Kingston upon Hull 009C,Other crime,Action to be taken by another organisation,
,2021-05,Humberside Police,Humberside Police,-0.263299,53.780379,On or near Tamar Grove,E01012839,Kingston upon Hull 009D,Anti-social behaviour,,
382ea8ddf496b9bbcec4c0ab382f29553a9748b03805710ef6fb6fda2161a2d8,2021-05,Humberside Police,Humberside Police,-0.260252,53.780280,On or near Stannington Drive,E01012839,Kingston upon Hull 009D,Burglary,Unable to prosecute suspect,
b7d7dfc513799c97a84060e5d3c24d7d8b55f20e98b4ef1ccf23b147094d5a5b,2021-05,Humberside Police,Humberside Police,-0.260252,53.780280,On or near Stannington Drive,E01012839,Kingston upon Hull 009D,Criminal damage and arson,Status update unavailable,
31cc6074cc98b8727d30171007ab782fba86c9bba08d13c7b23b4d24cd5c9567,2021-05,Humberside Police,Humberside Police,-0.263299,53.780379,On or near Tamar Grove,E01012839,Kingston upon Hull 009D,Other theft,Local resolution,
e5488698fa692c6c3a007b7c7452873493f322a7642b39f0c78cb1cc50781a30,2021-05,Humberside Police,Humberside Police,-0.263299,53.780379,On or near Tamar Grove,E01012839,Kingston upon Hull 009D,Public order,Investigation complete; no suspect identified,
fdf0d5820a998468ef10fa7a0ecd9c067fbc85217f31647f055d9fffdee7187f,2021-05,Humberside Police,Humberside Police,-0.263299,53.780379,On or near Tamar Grove,E01012839,Kingston upon Hull 009D,Public order,Unable to prosecute suspect,
7d9fd85d9537bb1a53b5d32f8f5a0368af082b12f72664c787f0bf874dbdc69f,2021-05,Humberside Police,Humberside Police,-0.261494,53.781458,On or near Wenning Grove,E01012839,Kingston upon Hull 009D,Public order,Unable to prosecute suspect,
20855a5cee2a31f859fd745a0f010eefea622f4da02c894a1056846ccfd3f891,2021-05,Humberside Police,Humberside Police,-0.261494,53.781458,On or near Wenning Grove,E01012839,Kingston upon Hull 009D,Vehicle crime,Investigation complete; no suspect identified,
e694638e1122ca07fceec4786734d77c1abcdf5ede74c26893c98334f4ef59de,2021-05,Humberside Police,Humberside Police,-0.260252,53.780280,On or near Stannington Drive,E01012839,Kingston upon Hull 009D,Violence and sexual offences,Unable to prosecute suspect,
6234bd5483ce6aebf9712922dac937c726355468a21b7bf23d522e6e6f4b56c6,2021-05,Humberside Police,Humberside Police,-0.260252,53.780280,On or near Stannington Drive,E01012839,Kingston upon Hull 009D,Other crime,Unable to prosecute suspect,
,2021-05,Humberside Police,Humberside Police,-0.267376,53.777210,On or near Cam Grove,E01012840,Kingston upon Hull 009E,Anti-social behaviour,,
,2021-05,Humberside Police,Humberside Police,-0.268657,53.780007,On or near Kyle Close,E01012840,Kingston upon Hull 009E,Anti-social behaviour,,
,2021-05,Humberside Police,Humberside Police,-0.268657,53.780007,On or near Kyle Close,E01012840,Kingston upon Hull 009E,Anti-social behaviour,,
,2021-05,Humberside Police,Humberside Police,-0.267376,53.777210,On or near Cam Grove,E01012840,Kingston upon Hull 009E,Anti-social behaviour,,
9bde76012538e27dd7a0f647f9d456518704c22d663e9768850b63315884a66d,2021-05,Humberside Police,Humberside Police,-0.268657,53.780007,On or near Kyle Close,E01012840,Kingston upon Hull 009E,Other theft,Investigation complete; no suspect identified,
f5dad9ef1e446bae090f2f9ae4cdf196da315a8579058c56a2b174a602bf813c,2021-05,Humberside Police,Humberside Police,-0.268657,53.780007,On or near Kyle Close,E01012840,Kingston upon Hull 009E,Other theft,Unable to prosecute suspect,
86b18ea95fc8a64b5c28d1af16ca136e936c41612c186181bdb134a1ea1c20f5,2021-05,Humberside Police,Humberside Police,-0.268805,53.778238,On or near St Margarets Court,E01012840,Kingston upon Hull 009E,Public order,Investigation complete; no suspect identified,
ca565f3a7927ab8f6692cc2c53e826cab025989ed06745481c59e70dd2a567a4,2021-05,Humberside Police,Humberside Police,-0.268837,53.776728,On or near Shannon Road,E01012840,Kingston upon Hull 009E,Shoplifting,Court result unavailable,
2c3bada5fde053e621c82080690309e4a735707d3895a2badce37ec4ca5c119f,2021-05,Humberside Police,Humberside Police,-0.268837,53.776728,On or near Shannon Road,E01012840,Kingston upon Hull 009E,Shoplifting,Court result unavailable,
9a35de88b2d6fc7d00e8e19bc1e845908d9b8147a45f67848980b68b973d7378,2021-05,Humberside Police,Humberside Police,-0.267666,53.779732,On or near Bickleigh Grove,E01012840,Kingston upon Hull 009E,Shoplifting,Court result unavailable,
f6abce2b9e6bb745c3c2668db9965949f08048cd05f069e8a749bad11b4853d3,2021-05,Humberside Police,Humberside Police,-0.268837,53.776728,On or near Shannon Road,E01012840,Kingston upon Hull 009E,Shoplifting,Suspect charged as part of another case,
76e27587941f5194d8b74b912abb87f07ee585bc62d67b44d68f25074244d12d,2021-05,Humberside Police,Humberside Police,-0.268837,53.776728,On or near Shannon Road,E01012840,Kingston upon Hull 009E,Shoplifting,Suspect charged as part of another case,
2ed1b1f6b535f9b904e3a76a5b2de0c13ed7ebbc452e282c71bd8bcadc8dee21,2021-05,Humberside Police,Humberside Police,-0.268837,53.776728,On or near Shannon Road,E01012840,Kingston upon Hull 009E,Shoplifting,Suspect charged as part of another case,
97cf7d51ae45590931bf5504a934e0956c7308746367175fd3ef4de149831c37,2021-05,Humberside Police,Humberside Police,-0.268837,53.776728,On or near Shannon Road,E01012840,Kingston upon Hull 009E,Shoplifting,Court result unavailable,
cf10653475dd3a2886ca3c58e46639c07960cff478777ac8ffcbf870a328427a,2021-05,Humberside Police,Humberside Police,-0.268837,53.776728,On or near Shannon Road,E01012840,Kingston upon Hull 009E,Shoplifting,Court result unavailable,
048308b47f18645135b31a87633a3f099375102d53f58bfcbd36c6ab30164020,2021-05,Humberside Police,Humberside Police,-0.268837,53.776728,On or near Shannon Road,E01012840,Kingston upon Hull 009E,Shoplifting,Status update unavailable,
60491bb9918fef60ebbb209dd474b2d70bdbb30a0407e9a200b02d1cdc733186,2021-05,Humberside Police,Humberside Police,-0.268837,53.776728,On or near Shannon Road,E01012840,Kingston upon Hull 009E,Shoplifting,Investigation complete; no suspect identified,
b14c42b0c09dcf94682e068264795b9650ae9ad8b7425cff7b5de11fb35ab393,2021-05,Humberside Police,Humberside Police,-0.264912,53.776959,On or near Medina Road,E01012840,Kingston upon Hull 009E,Violence and sexual offences,Unable to prosecute suspect,
bc295e7387a4377f1b0dc972c688bd9e8aa4f200db8331c8fd46a81fe501e9d3,2021-05,Humberside Police,Humberside Police,-0.268657,53.780007,On or near Kyle Close,E01012840,Kingston upon Hull 009E,Violence and sexual offences,Unable to prosecute suspect,
7ba823ceb71bb15303c24029f24d73b803306dd7d2fe77ef68b433d60d3710c0,2021-05,Humberside Police,Humberside Police,-0.264912,53.776959,On or near Medina Road,E01012840,Kingston upon Hull 009E,Violence and sexual offences,Unable to prosecute suspect,
17ced3c1e30471d6d1d03ac3c16bddacb7a8227845b128e22a7e67f818cfcb42,2021-05,Humberside Police,Humberside Police,-0.268837,53.776728,On or near Shannon Road,E01012840,Kingston upon Hull 009E,Violence and sexual offences,Unable to prosecute suspect,
,2021-05,Humberside Police,Humberside Police,-0.275793,53.775498,On or near Alwoodley Close,E01012824,Kingston upon Hull 010A,Anti-social behaviour,,
d1f3d156c4492b02bcdd8545d844100e186cb32da4197b771bd11cf8a79d42e8,2021-05,Humberside Police,Humberside Police,-0.277066,53.771831,On or near St Michael'S Close,E01012824,Kingston upon Hull 010A,Criminal damage and arson,Local resolution,
86ac30e9a878ff905eae448d03595be6c409352dfd65ea1170c0573f010e8d08,2021-05,Humberside Police,Humberside Police,-0.277066,53.771831,On or near St Michael'S Close,E01012824,Kingston upon Hull 010A,Criminal damage and arson,Investigation complete; no suspect identified,
fdd4679c484c050e95edd0ecf6856e170fdc06f08f34a67ea1e307d34d6963ea,2021-05,Humberside Police,Humberside Police,-0.281799,53.771863,On or near Saxby Road,E01012824,Kingston upon Hull 010A,Other theft,Investigation complete; no suspect identified,
68ad43945bcdecfed291b5faef190bb95adc28064ea3f9b998516866c187b63b,2021-05,Humberside Police,Humberside Police,-0.277066,53.771831,On or near St Michael'S Close,E01012824,Kingston upon Hull 010A,Public order,Local resolution,
99cad2ff13e283ce937d3272918cd253e7fd0a1339c3f1064c44ec615e3a59e4,2021-05,Humberside Police,Humberside Police,-0.277066,53.771831,On or near St Michael'S Close,E01012824,Kingston upon Hull 010A,Public order,Unable to prosecute suspect,
db64d2e2bf43267f6814c4cafbb3fae5142e856dd913949ec835426c3be3ce1d,2021-05,Humberside Police,Humberside Police,-0.275793,53.775498,On or near Alwoodley Close,E01012824,Kingston upon Hull 010A,Public order,Court result unavailable,
86d1734b2cb6cdb18adcbe306acc81b27d053d47e85bffe7784cde2a89daa7fc,2021-05,Humberside Police,Humberside Police,-0.275793,53.775498,On or near Alwoodley Close,E01012824,Kingston upon Hull 010A,Public order,Unable to prosecute suspect,
2bfede357c67782ae1681ba1aab674cac585ca8c77996a8ec4a4bf4f9e697033,2021-05,Humberside Police,Humberside Police,-0.275793,53.775498,On or near Alwoodley Close,E01012824,Kingston upon Hull 010A,Shoplifting,Court result unavailable,
c83a3f1555b946867c6f26c720c67165e84396c7e135b4222a55e5977a626d93,2021-05,Humberside Police,Humberside Police,-0.275793,53.775498,On or near Alwoodley Close,E01012824,Kingston upon Hull 010A,Shoplifting,Unable to prosecute suspect,
4547219a2d0e4e77906af6443b30092cdbff0af155a54a5d503147262fc0985b,2021-05,Humberside Police,Humberside Police,-0.275793,53.775498,On or near Alwoodley Close,E01012824,Kingston upon Hull 010A,Shoplifting,Investigation complete; no suspect identified,
9e8c74a35c601495e8c440b87d7cad40cc2ba070a66f1d06c39ad2565d598e2d,2021-05,Humberside Police,Humberside Police,-0.275793,53.775498,On or near Alwoodley Close,E01012824,Kingston upon Hull 010A,Shoplifting,Unable to prosecute suspect,
3ae5ccf7d2ceb79bb9fe0057d363b113aa5184cbc893f2caccf87a31942a6038,2021-05,Humberside Police,Humberside Police,-0.281799,53.771863,On or near Saxby Road,E01012824,Kingston upon Hull 010A,Violence and sexual offences,Unable to prosecute suspect,
e94e3d27dcf3db42cdf9c0b7d0f4718cfc15f260ed0a15fe0dd050c5971b4e9a,2021-05,Humberside Police,Humberside Police,-0.283402,53.771625,On or near Dorking Close,E01012824,Kingston upon Hull 010A,Violence and sexual offences,Unable to prosecute suspect,
8aada6bdcbf3cb9b2bca5b2e3cbb5a19aeba63fcaa174464b2ddedd3d1470f66,2021-05,Humberside Police,Humberside Police,-0.283402,53.771625,On or near Dorking Close,E01012824,Kingston upon Hull 010A,Violence and sexual offences,Unable to prosecute suspect,
36be37f764de409b1ec0f65c6bfbf1e8670437894262b106fbeedfa652c7943b,2021-05,Humberside Police,Humberside Police,-0.283402,53.771625,On or near Dorking Close,E01012824,Kingston upon Hull 010A,Violence and sexual offences,Unable to prosecute suspect,
86671787a0d7a39871b87acacdf1432cb905f29e715edea7db81fadff71e554b,2021-05,Humberside Police,Humberside Police,-0.283402,53.771625,On or near Dorking Close,E01012824,Kingston upon Hull 010A,Violence and sexual offences,Action to be taken by another organisation,
c0f4e4beaa81430ee5629382b30477f5aa31bf87392b302b3915c3c2b3bd848e,2021-05,Humberside Police,Humberside Police,-0.283402,53.771625,On or near Dorking Close,E01012824,Kingston upon Hull 010A,Violence and sexual offences,Unable to prosecute suspect,
c58e21df723dc2e9ca47e6ee7af7cc67a03cc6d74dc74ac608cb2c714297205e,2021-05,Humberside Police,Humberside Police,-0.277066,53.771831,On or near St Michael'S Close,E01012824,Kingston upon Hull 010A,Violence and sexual offences,Investigation complete; no suspect identified,
54946f95a03135612296fd76515abc8e2448281fbd798885b901db2b2eda7c14,2021-05,Humberside Police,Humberside Police,-0.283402,53.771625,On or near Dorking Close,E01012824,Kingston upon Hull 010A,Violence and sexual offences,Unable to prosecute suspect,
156f4f5139d3a7b0e6363826ef177be46edde8a1e712627bc92ef16ca5414678,2021-05,Humberside Police,Humberside Police,-0.275793,53.775498,On or near Alwoodley Close,E01012824,Kingston upon Hull 010A,Other crime,Unable to prosecute suspect,
c2df8031c70172d0371eac5e1db09d0ff3d5da4f475c8fcca45d30f3bc3f8b07,2021-05,Humberside Police,Humberside Police,-0.277066,53.771831,On or near St Michael'S Close,E01012824,Kingston upon Hull 010A,Other crime,Unable to prosecute suspect,
,2021-05,Humberside Police,Humberside Police,-0.273965,53.767516,On or near Barham Road,E01012825,Kingston upon Hull 010B,Anti-social behaviour,,
d465cbade39b1eb9a3a76882555708bb93dd474362c3bb82fef708bd8ddd8460,2021-05,Humberside Police,Humberside Police,-0.272892,53.772975,On or near East Mount Avenue,E01012825,Kingston upon Hull 010B,Criminal damage and arson,Court result unavailable,
707d2e0328c054da67ce1693f9e52b1eaf8df378fd0de317e726e00a6bb82625,2021-05,Humberside Police,Humberside Police,-0.274916,53.770604,On or near Ardmore Close,E01012825,Kingston upon Hull 010B,Criminal damage and arson,Investigation complete; no suspect identified,
9d809be28efc761c91dee2202ded4d837e2403c51b8e2530cd138fbc9b4fc0b2,2021-05,Humberside Police,Humberside Police,-0.276366,53.768540,On or near The Orchard,E01012825,Kingston upon Hull 010B,Public order,Unable to prosecute suspect,
4e471b81fb322d4a93cfaadd0d367ca017d8c69ff28c4cfc023d681d1d121c9f,2021-05,Humberside Police,Humberside Police,-0.278506,53.769649,On or near Holderness Road,E01012825,Kingston upon Hull 010B,Violence and sexual offences,Local resolution,
d2d83c22748b53a0b8e49d501cbf3f28043a01efd2dbafe1b8f764e1389075ed,2021-05,Humberside Police,Humberside Police,-0.273742,53.771477,On or near Holderness Road,E01012825,Kingston upon Hull 010B,Violence and sexual offences,Unable to prosecute suspect,
,2021-05,Humberside Police,Humberside Police,-0.270227,53.777620,On or near Calder Grove,E01012834,Kingston upon Hull 010C,Anti-social behaviour,,
,2021-05,Humberside Police,Humberside Police,-0.270275,53.774609,On or near Tweed Grove,E01012834,Kingston upon Hull 010C,Anti-social behaviour,,
28409f6e34104713816d994047188ed09fbda7744c83fc347ba47a487ce3503a,2021-05,Humberside Police,Humberside Police,-0.273071,53.775639,On or near Belton Close,E01012834,Kingston upon Hull 010C,Criminal damage and arson,Investigation complete; no suspect identified,
7ee38e4982372f18962115d1911e623474e3b817b4aded8eb227b2999c4c62ca,2021-05,Humberside Police,Humberside Police,-0.271812,53.775980,On or near Dart Grove,E01012834,Kingston upon Hull 010C,Criminal damage and arson,Unable to prosecute suspect,
109f68733113dd0794c508be94e72382ba1a7fb091c137af606c9fcd78a02cb5,2021-05,Humberside Police,Humberside Police,-0.270904,53.775544,On or near Hebden Avenue,E01012834,Kingston upon Hull 010C,Criminal damage and arson,Unable to prosecute suspect,
dcc306c52d3bd8271cbcbfedcf3978642c5d3da2f891eb7345819a670359a0b5,2021-05,Humberside Police,Humberside Police,-0.271577,53.777999,On or near Ebor Close,E01012834,Kingston upon Hull 010C,Other theft,Unable to prosecute suspect,
8c27710bef8133e98abbb7d8b41c9b899cf023bb9613f3a915a4bcb7df77042c,2021-05,Humberside Police,Humberside Police,-0.270275,53.774609,On or near Tweed Grove,E01012834,Kingston upon Hull 010C,Public order,Unable to prosecute suspect,
58798e435de9a7af2d413c91dbf9e87be13f5306127c001612aa50c9645d0dd6,2021-05,Humberside Police,Humberside Police,-0.271946,53.777897,On or near Foss Grove,E01012834,Kingston upon Hull 010C,Public order,Investigation complete; no suspect identified,
81a24b2bc378d91493bbdf2b0d0b133e3467d6fb7b676c9cab92138a5d96e744,2021-05,Humberside Police,Humberside Police,-0.269410,53.773500,On or near Foynes Green,E01012834,Kingston upon Hull 010C,Public order,Unable to prosecute suspect,
51d77d4bea2569c266cbe70594e2f9d76f12dbaec6cc10eed276f4b2037b356b,2021-05,Humberside Police,Humberside Police,-0.269410,53.773500,On or near Foynes Green,E01012834,Kingston upon Hull 010C,Theft from the person,Investigation complete; no suspect identified,
3183d254222cc2fff9134fc86eff86782ae798392b505e30cfab5588bfde2bbd,2021-05,Humberside Police,Humberside Police,-0.270904,53.775544,On or near Hebden Avenue,E01012834,Kingston upon Hull 010C,Violence and sexual offences,Unable to prosecute suspect,
1c9e99085d4b936da4753cc422b6ef235497b42260df146a72c023692b60bc1e,2021-05,Humberside Police,Humberside Police,-0.269410,53.773500,On or near Foynes Green,E01012834,Kingston upon Hull 010C,Violence and sexual offences,Investigation complete; no suspect identified,
a8a69617c5acf1663551e18d27a60599051748d0f94536109707af55bbd84598,2021-05,Humberside Police,Humberside Police,-0.273007,53.777561,On or near Waveney Road,E01012834,Kingston upon Hull 010C,Violence and sexual offences,Unable to prosecute suspect,
22a63ad5a0b640699809df81eedb4c3e1df2ed2c9e31230d92b01f0e3b579cf9,2021-05,Humberside Police,Humberside Police,-0.271576,53.777289,On or near Duddon Grove,E01012834,Kingston upon Hull 010C,Violence and sexual offences,Local resolution,
,2021-05,Humberside Police,Humberside Police,-0.268185,53.768970,On or near Hermes Close,E01012837,Kingston upon Hull 010D,Anti-social behaviour,,
,2021-05,Humberside Police,Humberside Police,-0.264563,53.771084,On or near Greenwich Avenue,E01012837,Kingston upon Hull 010D,Anti-social behaviour,,
,2021-05,Humberside Police,Humberside Police,-0.264563,53.771084,On or near Greenwich Avenue,E01012837,Kingston upon Hull 010D,Anti-social behaviour,,
,2021-05,Humberside Police,Humberside Police,-0.270285,53.770295,On or near Milne Road,E01012837,Kingston upon Hull 010D,Anti-social behaviour,,
533ca046f56942d507573a3a93ee1ee3bbacf97da8e11465664078d49a730212,2021-05,Humberside Police,Humberside Police,-0.271907,53.768871,On or near Larne Road,E01012837,Kingston upon Hull 010D,Criminal damage and arson,Court result unavailable,
3f28e28962355bf0df055e7510024556a5e4dbf864874c9c9861b95ad09e0cd7,2021-05,Humberside Police,Humberside Police,-0.264523,53.769474,On or near Barham Road,E01012837,Kingston upon Hull 010D,Criminal damage and arson,Investigation complete; no suspect identified,
dc8aa20cace5ac5459724d167e3f463c01f7c77b0564713f645e807682927cf5,2021-05,Humberside Police,Humberside Police,-0.268185,53.768970,On or near Hermes Close,E01012837,Kingston upon Hull 010D,Public order,Unable to prosecute suspect,
dfa81f868393cee7cd5c16d281171b6780517ad9ee6e56043729cbafcd853a26,2021-05,Humberside Police,Humberside Police,-0.264563,53.771084,On or near Greenwich Avenue,E01012837,Kingston upon Hull 010D,Public order,Investigation complete; no suspect identified,
917aedc7c399b457255af27971a749c0d9b7dbc0a8e34b4ff340e8e6af5e996f,2021-05,Humberside Police,Humberside Police,-0.270285,53.770295,On or near Milne Road,E01012837,Kingston upon Hull 010D,Public order,Unable to prosecute suspect,
0cbcaf9802cc1ad00b2fdb16d3013edd663c8cec137093f56ff3d745f3abd7a2,2021-05,Humberside Police,Humberside Police,-0.268185,53.768970,On or near Hermes Close,E01012837,Kingston upon Hull 010D,Public order,Unable to prosecute suspect,
5faa60840581e95080c1b15f64ef80c3ede3c2fb8ca235ecbe21bdbd0b836163,2021-05,Humberside Police,Humberside Police,-0.264563,53.771084,On or near Greenwich Avenue,E01012837,Kingston upon Hull 010D,Public order,Investigation complete; no suspect identified,
52128fd618d8b50196c21b5354597cb75b7c0b172e31329eeaabe5737954e5fd,2021-05,Humberside Police,Humberside Police,-0.264563,53.771084,On or near Greenwich Avenue,E01012837,Kingston upon Hull 010D,Shoplifting,Court result unavailable,
f9e094ba08e26fa27090dbbbefc0cf11e679569664a02881c642f79570ba39a0,2021-05,Humberside Police,Humberside Police,-0.264563,53.771084,On or near Greenwich Avenue,E01012837,Kingston upon Hull 010D,Shoplifting,Court result unavailable,
1c4104c37d13f43c876febacd250f8f4c2423f719ed25415f3f3f9387aead150,2021-05,Humberside Police,Humberside Police,-0.264563,53.771084,On or near Greenwich Avenue,E01012837,Kingston upon Hull 010D,Shoplifting,Investigation complete; no suspect identified,
e8ca5c531cf663bb05796106707783abd5ec42cb8511de788ebe9c9b0629e102,2021-05,Humberside Police,Humberside Police,-0.264563,53.771084,On or near Greenwich Avenue,E01012837,Kingston upon Hull 010D,Shoplifting,Court result unavailable,
5be62112b5d811ad4b4e20229a1fdb72072e6edf479f12d29776bf477eb09814,2021-05,Humberside Police,Humberside Police,-0.264523,53.769474,On or near Barham Road,E01012837,Kingston upon Hull 010D,Violence and sexual offences,Unable to prosecute suspect,
460931eac91647cab36b616384033739f73ef1837f53b7be9bea65e568aff2a1,2021-05,Humberside Police,Humberside Police,-0.270285,53.770295,On or near Milne Road,E01012837,Kingston upon Hull 010D,Violence and sexual offences,Unable to prosecute suspect,
f4a9b95a2dd0aa8a2590f25a70fd93849573dbcbd5999b61c237afc1a4cfd7e9,2021-05,Humberside Police,Humberside Police,-0.264523,53.769474,On or near Barham Road,E01012837,Kingston upon Hull 010D,Violence and sexual offences,Local resolution,
c31f5b6286990b2da607b9deb69bdb744cd6c74e65a5ee0042ad5f7a8c46ff53,2021-05,Humberside Police,Humberside Police,-0.264523,53.769474,On or near Barham Road,E01012837,Kingston upon Hull 010D,Violence and sexual offences,Local resolution,
4321686957017860a777eb41edb164d15e449257593662d4703884b24e358190,2021-05,Humberside Police,Humberside Police,-0.268185,53.768970,On or near Hermes Close,E01012837,Kingston upon Hull 010D,Other crime,Unable to prosecute suspect,
54707599afb7634a15432f7bae5781d32d3c9662b466d54daf07b28571c676bc,2021-05,Humberside Police,Humberside Police,-0.268185,53.768970,On or near Hermes Close,E01012837,Kingston upon Hull 010D,Other crime,Local resolution,
,2021-05,Humberside Police,Humberside Police,-0.272042,53.782204,On or near Hardington Close,E01012838,Kingston upon Hull 010E,Anti-social behaviour,,
,2021-05,Humberside Police,Humberside Police,-0.269214,53.782334,On or near Welland Road,E01012838,Kingston upon Hull 010E,Anti-social behaviour,,
,2021-05,Humberside Police,Humberside Police,-0.270295,53.780390,On or near Earsham Close,E01012838,Kingston upon Hull 010E,Anti-social behaviour,,
ac8b78da6bb84e02fdc2f76c556833697e44974f38a69dcf6cbb610bd7759b7b,2021-05,Humberside Police,Humberside Police,-0.264961,53.781652,On or near Wansbeck Road,E01012838,Kingston upon Hull 010E,Criminal damage and arson,Local resolution,
ec06062fa8f699eff65464e292ab4a327a7bc009a963c83f8fe23c14cee0e534,2021-05,Humberside Police,Humberside Police,-0.264392,53.781105,On or near Nith Grove,E01012838,Kingston upon Hull 010E,Other theft,Investigation complete; no suspect identified,
93964cdea49b73905d1f160bb3637f24c337b3b8c2587e57848af604cf9d3f68,2021-05,Humberside Police,Humberside Police,-0.269214,53.782334,On or near Welland Road,E01012838,Kingston upon Hull 010E,Public order,Unable to prosecute suspect,
5a33c1f21539862efd8e2bc26d7c55cbed5b7a99a906e2b28173c4904d0fbae6,2021-05,Humberside Police,Humberside Police,-0.269214,53.782334,On or near Welland Road,E01012838,Kingston upon Hull 010E,Public order,Unable to prosecute suspect,
6222c4f6772e4a9c516dee45f3e9fece7ffed7945ffc3a968249e9c40e5f57a5,2021-05,Humberside Police,Humberside Police,-0.269214,53.782334,On or near Welland Road,E01012838,Kingston upon Hull 010E,Public order,Unable to prosecute suspect,
aeecaf6f428e52c9e0a9f4d439b7e08acb2b3f11818917d463ea86db03804abe,2021-05,Humberside Police,Humberside Police,-0.268422,53.784228,On or near Beckington Close,E01012838,Kingston upon Hull 010E,Violence and sexual offences,Action to be taken by another organisation,
cde0a1d43b5a2e19e03339cd369f3241179d216993c7192de14857a3c8c3a23d,2021-05,Humberside Police,Humberside Police,-0.271193,53.781086,On or near Stratton Close,E01012838,Kingston upon Hull 010E,Violence and sexual offences,Unable to prosecute suspect,
720d2451cb0b5571ad8879bbb1f6f61a4b086d55296c4786278ec78ed07797b9,2021-05,Humberside Police,Humberside Police,-0.264392,53.781105,On or near Nith Grove,E01012838,Kingston upon Hull 010E,Violence and sexual offences,Unable to prosecute suspect,
967c8e87a4b05960735f11afd43654462a2d4796e296183e06650d39d6d2e698,2021-05,Humberside Police,Humberside Police,-0.264961,53.781652,On or near Wansbeck Road,E01012838,Kingston upon Hull 010E,Violence and sexual offences,Unable to prosecute suspect,
58ff3200bbd10e3d92f411220d4dc24e97d172a7aea46ccf26b45a36cb3b4e80,2021-05,Humberside Police,Humberside Police,-0.273425,53.779563,On or near Ellingham Close,E01012838,Kingston upon Hull 010E,Violence and sexual offences,Court result unavailable,
bd608f8f05bc3fcd02e05b6273a1f4fb33d527649159a9f0285ac35f529ea0c8,2021-05,Humberside Police,Humberside Police,-0.271193,53.781086,On or near Stratton Close,E01012838,Kingston upon Hull 010E,Violence and sexual offences,Unable to prosecute suspect,
fbc709a95721d0c6b4440223d735da047dd9d58f077aca91b2b18c767a66bb14,2021-05,Humberside Police,Humberside Police,-0.271193,53.781086,On or near Stratton Close,E01012838,Kingston upon Hull 010E,Violence and sexual offences,Unable to prosecute suspect,
249e7b499dd6cd47216ed86831496e65a86ecc8f922dac66762f675feb7b3d4e,2021-05,Humberside Police,Humberside Police,-0.271193,53.781086,On or near Stratton Close,E01012838,Kingston upon Hull 010E,Violence and sexual offences,Local resolution,
a3edca59fdb6851b969f7310a418551df4435868b6872855852eb682275765ef,2021-05,Humberside Police,Humberside Police,-0.268422,53.784228,On or near Beckington Close,E01012838,Kingston upon Hull 010E,Violence and sexual offences,Unable to prosecute suspect,
231280f21632c64567337f1e7dc611dd39778de5fdb0af16133d2e0504b9de7d,2021-05,Humberside Police,Humberside Police,-0.269214,53.782334,On or near Welland Road,E01012838,Kingston upon Hull 010E,Violence and sexual offences,Local resolution,
91bfe2f705739f0f8caf45b3c8585a3c6d8dca8e272fed453414eea53da83e60,2021-05,Humberside Police,Humberside Police,-0.272042,53.782204,On or near Hardington Close,E01012838,Kingston upon Hull 010E,Violence and sexual offences,Investigation complete; no suspect identified,
3294c06354f829ff30c21607fa624144699c463dc6eb82cb15edc1e3fff4b2e3,2021-05,Humberside Police,Humberside Police,-0.267832,53.781235,On or near Tees Grove,E01012838,Kingston upon Hull 010E,Violence and sexual offences,Local resolution,
e6b5e3406cebddd48ff965db034d6d68a688ff455e0ef86e0df4669eb2eb2118,2021-05,Humberside Police,Humberside Police,-0.268422,53.784228,On or near Beckington Close,E01012838,Kingston upon Hull 010E,Other crime,Unable to prosecute suspect,
78669d6a7a68e44579bc88336e491a6f1f79c51d5c5d33989255947294bed6ea,2021-05,Humberside Police,Humberside Police,-0.283978,53.773872,On or near Highgate Close,E01012821,Kingston upon Hull 011A,Criminal damage and arson,Offender given a caution,
efd2732b5fc11ec9bdc15c2a0d117a70e7ac43af22fa2c1a99f961c5904bd515,2021-05,Humberside Police,Humberside Police,-0.285511,53.777219,On or near The Fairways,E01012821,Kingston upon Hull 011A,Criminal damage and arson,Investigation complete; no suspect identified,
6fc09da37ca56ad6466b8ef1414672730690c038d4ce7d247b2636e860652719,2021-05,Humberside Police,Humberside Police,-0.289211,53.779529,On or near Sports/Recreation Area,E01012821,Kingston upon Hull 011A,Criminal damage and arson,Investigation complete; no suspect identified,
0a1b53bce3137c800335b55ef009bdd21edd65c054f7c77efa54a0d25243a39b,2021-05,Humberside Police,Humberside Police,-0.285457,53.775556,On or near Guy'S Crescent,E01012821,Kingston upon Hull 011A,Other theft,Unable to prosecute suspect,
0cea243e465555b330b7a8bc967bc5d732248448f890b77012d587855bc40aa3,2021-05,Humberside Police,Humberside Police,-0.283164,53.775217,On or near Camberwell Way,E01012821,Kingston upon Hull 011A,Public order,Investigation complete; no suspect identified,
0b4e7e01a510b2148a200f6758e44ef643f9ba72628ce27d2c3de605f2d23825,2021-05,Humberside Police,Humberside Police,-0.290493,53.780095,On or near Dunvegan Road,E01012821,Kingston upon Hull 011A,Violence and sexual offences,Local resolution,
3ec0a82109ef2c98eabc0085431d502ed268a0a0cabb9709183fbe85d4ca129d,2021-05,Humberside Police,Humberside Police,-0.283451,53.776759,On or near Saltshouse Road,E01012821,Kingston upon Hull 011A,Violence and sexual offences,Unable to prosecute suspect,
d6123b799e310d7b97c9c13a292e8eaa96a1e190da31ce865309b56d24748f98,2021-05,Humberside Police,Humberside Police,-0.293019,53.779196,On or near Sinclair Crescent,E01012821,Kingston upon Hull 011A,Violence and sexual offences,Investigation complete; no suspect identified,
,2021-05,Humberside Police,Humberside Police,-0.288987,53.771597,On or near Supermarket,E01012823,Kingston upon Hull 011B,Anti-social behaviour,,
,2021-05,Humberside Police,Humberside Police,-0.288987,53.771597,On or near Supermarket,E01012823,Kingston upon Hull 011B,Anti-social behaviour,,
1650b0914ee136325f74db6343cf97988e5e32360c365a5a2ca37f5110f7eeb4,2021-05,Humberside Police,Humberside Police,-0.288987,53.771597,On or near Supermarket,E01012823,Kingston upon Hull 011B,Bicycle theft,Investigation complete; no suspect identified,
43b2f2de90e3e4f493c3335d7ef939361283aef95c7836d76c2dd050e2d18664,2021-05,Humberside Police,Humberside Police,-0.283232,53.770589,On or near Grasby Road,E01012823,Kingston upon Hull 011B,Criminal damage and arson,Investigation complete; no suspect identified,
d4616c8019a6a924a38deb14cd443fb08b9590ddf336e9be0d16ab0bcbeb605d,2021-05,Humberside Police,Humberside Police,-0.287979,53.775870,On or near Finchley Close,E01012823,Kingston upon Hull 011B,Criminal damage and arson,Unable to prosecute suspect,
4399bf5e68be1df0f65704cb2b167fb749a2176e28c9fc98c2a3b24a432747f3,2021-05,Humberside Police,Humberside Police,-0.283232,53.770589,On or near Grasby Road,E01012823,Kingston upon Hull 011B,Criminal damage and arson,Investigation complete; no suspect identified,
0f80a6f1f9bf5550709bb9bbe8f3c6f74c197a27473f4076106a0d0e191683cc,2021-05,Humberside Police,Humberside Police,-0.288987,53.771597,On or near Supermarket,E01012823,Kingston upon Hull 011B,Public order,Offender given a caution,
4a64a8c34f51478e960f981d7cc76cfa7f5bd23ae6d9d996e9612a14c174524f,2021-05,Humberside Police,Humberside Police,-0.284097,53.770215,On or near Reigate Close,E01012823,Kingston upon Hull 011B,Public order,Unable to prosecute suspect,
bca52c06bc2278f6745551af3f38d54137f18fd2c3db21a1525b2d88f16f5221,2021-05,Humberside Police,Humberside Police,-0.288987,53.771597,On or near Supermarket,E01012823,Kingston upon Hull 011B,Public order,Investigation complete; no suspect identified,
cf413d56afab79f9a0968afee20614dc85490b07d6cb63f057db95fcf1a389b5,2021-05,Humberside Police,Humberside Police,-0.288987,53.771597,On or near Supermarket,E01012823,Kingston upon Hull 011B,Public order,Unable to prosecute suspect,
fab0942720b9c6be1421180337a6486a53dcc89e3d3944083026ccf8a7e21b9b,2021-05,Humberside Police,Humberside Police,-0.288987,53.771597,On or near Supermarket,E01012823,Kingston upon Hull 011B,Shoplifting,Court result unavailable,
a73ae8e2520e663206afd1cbf32e85971d1f3220b4811dbacee3b9ce17012d3d,2021-05,Humberside Police,Humberside Police,-0.288987,53.771597,On or near Supermarket,E01012823,Kingston upon Hull 011B,Shoplifting,Court result unavailable,
e7688c0d111d6598cde88b0be6e30c21d576a9d8f7a67491a5fda858937059fb,2021-05,Humberside Police,Humberside Police,-0.288987,53.771597,On or near Supermarket,E01012823,Kingston upon Hull 011B,Shoplifting,Investigation complete; no suspect identified,
d7eb259290f83f1750ee90f962dde9bc2875e7607e728e0363a1a8cc71c35e13,2021-05,Humberside Police,Humberside Police,-0.288987,53.771597,On or near Supermarket,E01012823,Kingston upon Hull 011B,Shoplifting,Court result unavailable,
c611b666868b8729ed9367326eded0f0809f449682710482a664004ebc0f7db4,2021-05,Humberside Police,Humberside Police,-0.288987,53.771597,On or near Supermarket,E01012823,Kingston upon Hull 011B,Shoplifting,Investigation complete; no suspect identified,
e764b058961f126093cbaab6b26bee9021e3fc41a77580249b709b3c82891299,2021-05,Humberside Police,Humberside Police,-0.288987,53.771597,On or near Supermarket,E01012823,Kingston upon Hull 011B,Shoplifting,Investigation complete; no suspect identified,
6f37f40b4df968fe28e10a451de315ecc9ae6b10057cb2178f9d75dd5e2f4655,2021-05,Humberside Police,Humberside Police,-0.288987,53.771597,On or near Supermarket,E01012823,Kingston upon Hull 011B,Shoplifting,Local resolution,
901cfbd61cffb63f1813d4f589cbfb97e755197ed1b0cf3b324a3879fb7a3939,2021-05,Humberside Police,Humberside Police,-0.288237,53.775110,On or near Ealing Close,E01012823,Kingston upon Hull 011B,Violence and sexual offences,Unable to prosecute suspect,
,2021-05,Humberside Police,Humberside Police,-0.295378,53.773045,On or near Sports/Recreation Area,E01012826,Kingston upon Hull 011C,Anti-social behaviour,,
,2021-05,Humberside Police,Humberside Police,-0.291614,53.770807,On or near Adelphi Close,E01012826,Kingston upon Hull 011C,Anti-social behaviour,,
,2021-05,Humberside Police,Humberside Police,-0.291797,53.772293,On or near Fortune Close,E01012826,Kingston upon Hull 011C,Anti-social behaviour,,
,2021-05,Humberside Police,Humberside Police,-0.291797,53.772293,On or near Fortune Close,E01012826,Kingston upon Hull 011C,Anti-social behaviour,,
,2021-05,Humberside Police,Humberside Police,-0.291596,53.770124,On or near Haymarket Close,E01012826,Kingston upon Hull 011C,Anti-social behaviour,,
,2021-05,Humberside Police,Humberside Police,-0.293209,53.772646,On or near Garrick Close,E01012826,Kingston upon Hull 011C,Anti-social behaviour,,
,2021-05,Humberside Police,Humberside Police,-0.296536,53.774428,On or near Brixton Close,E01012826,Kingston upon Hull 011C,Anti-social behaviour,,
ced4b5b3538c4cd28db02211302e771dbb8dc61a56c1a5a99611ff86f841223d,2021-05,Humberside Police,Humberside Police,-0.293209,53.772646,On or near Garrick Close,E01012826,Kingston upon Hull 011C,Criminal damage and arson,Investigation complete; no suspect identified,
93d50a1132b48c29c1a707acb5af465d6983df5cb77d6adf2cc257d981bfff37,2021-05,Humberside Police,Humberside Police,-0.296536,53.774428,On or near Brixton Close,E01012826,Kingston upon Hull 011C,Criminal damage and arson,Investigation complete; no suspect identified,
e0012beb993b37296b14f2bfb63c5848fe3956252aada104c09c0a0795b5a659,2021-05,Humberside Police,Humberside Police,-0.291797,53.772293,On or near Fortune Close,E01012826,Kingston upon Hull 011C,Criminal damage and arson,Investigation complete; no suspect identified,
a8e7e53a6489033b5ec7da2c6aa1317f87496908cad1d6f1e2dcb41e5ccc7e9a,2021-05,Humberside Police,Humberside Police,-0.298561,53.773127,On or near Putney Close,E01012826,Kingston upon Hull 011C,Criminal damage and arson,Investigation complete; no suspect identified,
a9201db3f510faba24a05720311bd7dff27a92b9f7073d70614c1b0b3e9c3977,2021-05,Humberside Police,Humberside Police,-0.291797,53.772293,On or near Fortune Close,E01012826,Kingston upon Hull 011C,Criminal damage and arson,Investigation complete; no suspect identified,
e593be64f755c091ef4637e0033e91282ee7f32d63719c946267f3e2bab9f4f7,2021-05,Humberside Police,Humberside Police,-0.296536,53.774428,On or near Brixton Close,E01012826,Kingston upon Hull 011C,Criminal damage and arson,Investigation complete; no suspect identified,
5a0b527a4df8b7151f07167077d8cdde78eeb2e627849ed85eea5c5196c9d2fb,2021-05,Humberside Police,Humberside Police,-0.296536,53.774428,On or near Brixton Close,E01012826,Kingston upon Hull 011C,Criminal damage and arson,Investigation complete; no suspect identified,
70bd2e9d02ed5477dca4b92c58f179f094c1f681dabf1fd7c646f6e3594db14e,2021-05,Humberside Police,Humberside Police,-0.292426,53.769507,On or near Phoenix Close,E01012826,Kingston upon Hull 011C,Criminal damage and arson,Unable to prosecute suspect,
ae5734bc0a6f9d02a44b839e916769e331ba700356afebd84bcfb658951cc760,2021-05,Humberside Police,Humberside Police,-0.296189,53.771744,On or near Parking Area,E01012826,Kingston upon Hull 011C,Criminal damage and arson,Investigation complete; no suspect identified,
516ab3a22b30060f2d8141935882627ed781064c2f3f431ca779b93e7ca09b80,2021-05,Humberside Police,Humberside Police,-0.298561,53.773127,On or near Putney Close,E01012826,Kingston upon Hull 011C,Criminal damage and arson,Investigation complete; no suspect identified,
5c7ed4accd47606945f3a5bb0940c29222f8c43a8a94fe2f8c987599e9254f01,2021-05,Humberside Police,Humberside Police,-0.296536,53.774428,On or near Brixton Close,E01012826,Kingston upon Hull 011C,Criminal damage and arson,Investigation complete; no suspect identified,
88b57af1b803dd70ac52ce04ab2be825fd6aa342214c8ffa1484a3135ecb8e14,2021-05,Humberside Police,Humberside Police,-0.296536,53.774428,On or near Brixton Close,E01012826,Kingston upon Hull 011C,Criminal damage and arson,Investigation complete; no suspect identified,
6285acd8fa832d2d30a1fa2dd082f9975d3318d58ed8908769487d9fec183a55,2021-05,Humberside Police,Humberside Police,-0.289645,53.768856,On or near Astoria Crescent,E01012826,Kingston upon Hull 011C,Vehicle crime,Investigation complete; no suspect identified,
37a78cb16bbd8ab33a6528ed177a1ab78efc1a26b9cde9d4f8c118d2d15a01d7,2021-05,Humberside Police,Humberside Police,-0.291614,53.770807,On or near Adelphi Close,E01012826,Kingston upon Hull 011C,Violence and sexual offences,Unable to prosecute suspect,
640a74bbbe2d69106145a17478578e67fdc38e6396bbb08034af4f968ca604db,2021-05,Humberside Police,Humberside Police,-0.291614,53.770807,On or near Adelphi Close,E01012826,Kingston upon Hull 011C,Violence and sexual offences,Unable to prosecute suspect,
,2021-05,Humberside Police,Humberside Police,-0.277679,53.764280,On or near Petrol Station,E01012827,Kingston upon Hull 011D,Anti-social behaviour,,
,2021-05,Humberside Police,Humberside Police,-0.283480,53.769334,On or near Staines Close,E01012827,Kingston upon Hull 011D,Anti-social behaviour,,
,2021-05,Humberside Police,Humberside Police,-0.277679,53.764280,On or near Petrol Station,E01012827,Kingston upon Hull 011D,Anti-social behaviour,,
,2021-05,Humberside Police,Humberside Police,-0.277679,53.764280,On or near Petrol Station,E01012827,Kingston upon Hull 011D,Anti-social behaviour,,
,2021-05,Humberside Police,Humberside Police,-0.275966,53.765720,On or near Marfleet Lane,E01012827,Kingston upon Hull 011D,Anti-social behaviour,,
097108d28b742956e0d33a6be445daf4756253f0455c55b109adeb9517d4de47,2021-05,Humberside Police,Humberside Police,-0.285259,53.767031,On or near Supermarket,E01012827,Kingston upon Hull 011D,Bicycle theft,Unable to prosecute suspect,
499a0899148c161af0baa77fd0983f2dbdf4e8124dd8563fca5b7d6d23d4328b,2021-05,Humberside Police,Humberside Police,-0.283480,53.769334,On or near Staines Close,E01012827,Kingston upon Hull 011D,Burglary,Investigation complete; no suspect identified,
4b37ed403ec3f91e12a7706ec4603298eed8be18f132f6a65c85fd9453fa37b7,2021-05,Humberside Police,Humberside Police,-0.277679,53.764280,On or near Petrol Station,E01012827,Kingston upon Hull 011D,Criminal damage and arson,Court result unavailable,
b0d15c8006fc607bcdb6dcd8f76dd2181d25de5eb52659ab7adbf8d306a24489,2021-05,Humberside Police,Humberside Police,-0.284142,53.766871,On or near Faroes Close,E01012827,Kingston upon Hull 011D,Criminal damage and arson,Investigation complete; no suspect identified,
916d978e256aa028f060f840aad24fe2adf32db0e144d1a46cacf43758ad163a,2021-05,Humberside Police,Humberside Police,-0.285259,53.767031,On or near Supermarket,E01012827,Kingston upon Hull 011D,Criminal damage and arson,Unable to prosecute suspect,
9d071ba07a200ca29174fe596b0f7e1384bf748a5653a9bd4abfe7b58b812f9a,2021-05,Humberside Police,Humberside Police,-0.275851,53.766671,On or near Regis Court,E01012827,Kingston upon Hull 011D,Criminal damage and arson,Unable to prosecute suspect,
2fcb8c54ce3a42a16cbef441854853b1ba53b3017726bd984bce59aadeed71c3,2021-05,Humberside Police,Humberside Police,-0.275851,53.766671,On or near Regis Court,E01012827,Kingston upon Hull 011D,Criminal damage and arson,Unable to prosecute suspect,
54cce267a5a6f62518522ee956184ca228ebbfbd1e597e909ef1b04e8e1fa157,2021-05,Humberside Police,Humberside Police,-0.283480,53.769334,On or near Staines Close,E01012827,Kingston upon Hull 011D,Other theft,Court result unavailable,
8cfa9dc223757884229b6ff15b90b5e47e777a67d64e0dcdaa2b81317aa3f594,2021-05,Humberside Police,Humberside Police,-0.277679,53.764280,On or near Petrol Station,E01012827,Kingston upon Hull 011D,Other theft,Investigation complete; no suspect identified,
e70c432c33e0fd77fa7228fe5a709f88d30c1dc4766af2fac704ffc8ba42138b,2021-05,Humberside Police,Humberside Police,-0.283147,53.765617,On or near Cromarty Close,E01012827,Kingston upon Hull 011D,Other theft,Investigation complete; no suspect identified,
0165f21ae55a7c13b8f3b8f75400c637f19c8944dd4024b031ccbc1b5e043bc5,2021-05,Humberside Police,Humberside Police,-0.285259,53.767031,On or near Supermarket,E01012827,Kingston upon Hull 011D,Public order,Investigation complete; no suspect identified,
0a3b187c307404661d3890f4d89a17e57080e4225baad03525ea12ea85b5a315,2021-05,Humberside Police,Humberside Police,-0.285259,53.767031,On or near Supermarket,E01012827,Kingston upon Hull 011D,Public order,Court result unavailable,
03986a997635bcd0cadf99cb5bc81b667fbba24669f6e4bf0e7cc6fcb93c9c72,2021-05,Humberside Police,Humberside Police,-0.277679,53.764280,On or near Petrol Station,E01012827,Kingston upon Hull 011D,Shoplifting,Investigation complete; no suspect identified,
b820ed9b14cb06ef7ec162998ce3af2ef037c5f4ecf09ec5895fb405a739fe82,2021-05,Humberside Police,Humberside Police,-0.285259,53.767031,On or near Supermarket,E01012827,Kingston upon Hull 011D,Shoplifting,Court result unavailable,
2982ae1b8e8963ea2dd99099d903cb3efa39f10ae6a0419cf9d6beadc10c139a,2021-05,Humberside Police,Humberside Police,-0.277679,53.764280,On or near Petrol Station,E01012827,Kingston upon Hull 011D,Shoplifting,Court result unavailable,
d470cebdc4f76e44302ff35fc9889028e0fa82c7f8349ecac4b5e84c98590f9e,2021-05,Humberside Police,Humberside Police,-0.285259,53.767031,On or near Supermarket,E01012827,Kingston upon Hull 011D,Shoplifting,Court result unavailable,
80617982f06b737bdcb8834fd8f4ee9340a2dca0348c1516b1ba230dc93db212,2021-05,Humberside Police,Humberside Police,-0.285259,53.767031,On or near Supermarket,E01012827,Kingston upon Hull 011D,Shoplifting,Court result unavailable,
8913bad8a86dec0c1fb5b61e51d12fa894c93eefcb635ffc5cb43903700d13cf,2021-05,Humberside Police,Humberside Police,-0.285259,53.767031,On or near Supermarket,E01012827,Kingston upon Hull 011D,Shoplifting,Unable to prosecute suspect,
1d0cafc0695503bd207727029ba981eedf3f1a1392e3be0ef8309b3ff597f09d,2021-05,Humberside Police,Humberside Police,-0.277679,53.764280,On or near Petrol Station,E01012827,Kingston upon Hull 011D,Shoplifting,Investigation complete; no suspect identified,
0a7c56b9920e3e7e75041817e2714aa997e585998e1f800dc99130c60ac4a859,2021-05,Humberside Police,Humberside Police,-0.275851,53.766671,On or near Regis Court,E01012827,Kingston upon Hull 011D,Violence and sexual offences,Local resolution,
f34ec8ac5e7887b739230aec261dc9bc93bf3ccf39974b98bb9f3406b9c4f8f5,2021-05,Humberside Police,Humberside Police,-0.277679,53.764280,On or near Petrol Station,E01012827,Kingston upon Hull 011D,Violence and sexual offences,Unable to prosecute suspect,
27f7a64b5c04f474b21d9f187070db346ba32574cdb13debda3632b8dd3f6de1,2021-05,Humberside Police,Humberside Police,-0.285259,53.767031,On or near Supermarket,E01012827,Kingston upon Hull 011D,Violence and sexual offences,Unable to prosecute suspect,
893dd282809f3c2be2dffa1f5c5cc4ca0dea15753bb4d81688498ecf65229b7d,2021-05,Humberside Police,Humberside Police,-0.275851,53.766671,On or near Regis Court,E01012827,Kingston upon Hull 011D,Violence and sexual offences,Unable to prosecute suspect,
ba2dd6c11a49a32637166b5eecddcaca6664ba1eded8dfae8965bbe4784c5c45,2021-05,Humberside Police,Humberside Police,-0.275851,53.766671,On or near Regis Court,E01012827,Kingston upon Hull 011D,Violence and sexual offences,Unable to prosecute suspect,
3653beeedff79cf8a3487553dcf643c5ac00f5bd34adc1d7115f0c5b02fef7ac,2021-05,Humberside Police,Humberside Police,-0.285601,53.769050,On or near Ellesmere Avenue,E01012827,Kingston upon Hull 011D,Violence and sexual offences,Unable to prosecute suspect,
0e0a6ea2f93007b10e060c97bf5fe70cb941becc9cd43931573d462457375864,2021-05,Humberside Police,Humberside Police,-0.275851,53.766671,On or near Regis Court,E01012827,Kingston upon Hull 011D,Violence and sexual offences,Unable to prosecute suspect,
6cfa1ebc61cafbe76ee06d4c977f558435adb9622029590c61b2637ad49ececb,2021-05,Humberside Police,Humberside Police,-0.285601,53.769050,On or near Ellesmere Avenue,E01012827,Kingston upon Hull 011D,Violence and sexual offences,Unable to prosecute suspect,
,2021-05,Humberside Police,Humberside Police,-0.286948,53.780305,On or near Gleneagles Park,E01012828,Kingston upon Hull 011E,Anti-social behaviour,,
d34c130de340153e57a1f10b7c3c6279c8814cf1b8fc7d9a3ee2781743a9a98e,2021-05,Humberside Police,Humberside Police,-0.292780,53.779840,On or near Dalsetter Rise,E01012828,Kingston upon Hull 011E,Criminal damage and arson,Investigation complete; no suspect identified,
df0f9730608a75577469089d89ad2474b18ff80d4a27efb061da0fe3fb91eea4,2021-05,Humberside Police,Humberside Police,-0.292698,53.780756,On or near Dressay Grove,E01012828,Kingston upon Hull 011E,Criminal damage and arson,Unable to prosecute suspect,
5a341f2b541e7523d13becf63b18c2f90e3b7b6b8c336e0771213a70a4e84a2e,2021-05,Humberside Police,Humberside Police,-0.292780,53.779840,On or near Dalsetter Rise,E01012828,Kingston upon Hull 011E,Criminal damage and arson,Investigation complete; no suspect identified,
85abbfc4e7a62c88a42e722446977d8f6ebebd47439a7292e830df5873e5c56f,2021-05,Humberside Police,Humberside Police,-0.291370,53.781303,On or near Stromness Way,E01012828,Kingston upon Hull 011E,Criminal damage and arson,Unable to prosecute suspect,
0031548cf44fc89ea03cc235822413a53ce7b1553b49119722e5c2c4f590eed8,2021-05,Humberside Police,Humberside Police,-0.292698,53.780756,On or near Dressay Grove,E01012828,Kingston upon Hull 011E,Violence and sexual offences,Unable to prosecute suspect,
c2af2d95beea3dbdb873de1c7a920b6ff95b6e34ce41e9c8a869c9f91f5f1e78,2021-05,Humberside Police,Humberside Police,-0.292698,53.780756,On or near Dressay Grove,E01012828,Kingston upon Hull 011E,Violence and sexual offences,Unable to prosecute suspect,
e30fb43ae6989c0f29cfc404d8417d5bc77c2a021a8a816d894550fdea483a5b,2021-05,Humberside Police,Humberside Police,-0.289953,53.782569,On or near Pentland Close,E01012828,Kingston upon Hull 011E,Violence and sexual offences,Unable to prosecute suspect,
0e4a06e6bffc99f69dce8b780d5c58c3219c3d14f3c89392fec5f16027643a8d,2021-05,Humberside Police,Humberside Police,-0.291370,53.781303,On or near Stromness Way,E01012828,Kingston upon Hull 011E,Violence and sexual offences,Unable to prosecute suspect,
,2021-05,Humberside Police,Humberside Police,-0.350392,53.775226,On or near Sports/Recreation Area,E01012766,Kingston upon Hull 012A,Anti-social behaviour,,
f79f0dfbe680f5e8e12249588518317a8d5641ab8182f1352e02aac0d9090dfb,2021-05,Humberside Police,Humberside Police,-0.349640,53.771962,On or near Claremont Avenue,E01012766,Kingston upon Hull 012A,Bicycle theft,Investigation complete; no suspect identified,
36bdcc446cfac4c37a0257158dec80a8ec41ed0bb951875a893d6f51d8b2ba52,2021-05,Humberside Police,Humberside Police,-0.332035,53.768581,On or near Sports/Recreation Area,E01012766,Kingston upon Hull 012A,Burglary,Local resolution,
cfd3617b57696dcfa805b7a580ba2e7e0359c8bbc023ecbb8a2577c36de213ed,2021-05,Humberside Police,Humberside Police,-0.353705,53.778984,On or near Riversdale Road,E01012766,Kingston upon Hull 012A,Criminal damage and arson,Investigation complete; no suspect identified,
f69a124b669e42b2320d8cd88e8bfe5377b20993fc34fb2036d3411ccff50f93,2021-05,Humberside Police,Humberside Police,-0.348729,53.780849,On or near Elston Close,E01012766,Kingston upon Hull 012A,Drugs,Local resolution,
5d2a35d55d082e57f2a5ac2c7cbd49ea4ee6616e59e457f56b8aa13ef3bc39ef,2021-05,Humberside Police,Humberside Police,-0.332035,53.768581,On or near Sports/Recreation Area,E01012766,Kingston upon Hull 012A,Possession of weapons,Local resolution,
08c5915aee3c12ffccd934ea73b7a006ed6ccbbde6236c133ac17ba2eb7eee36,2021-05,Humberside Police,Humberside Police,-0.349640,53.771962,On or near Claremont Avenue,E01012766,Kingston upon Hull 012A,Public order,Investigation complete; no suspect identified,
b7e32f9f3ee22896a5232653c4ce6d1d418fd4297a5febb87c08bfad23f5fbe5,2021-05,Humberside Police,Humberside Police,-0.353705,53.778984,On or near Riversdale Road,E01012766,Kingston upon Hull 012A,Public order,Investigation complete; no suspect identified,
322440f9d328cc09b8b54f9f8e37b96eca0d6045dcd5099dd42db5af538bf296,2021-05,Humberside Police,Humberside Police,-0.339101,53.768697,On or near Vulcan Street,E01012766,Kingston upon Hull 012A,Shoplifting,Unable to prosecute suspect,
2b87ffd9f65fc36ec91d3ad751e923ae4862123c4a00d8458648f3e48be8ce86,2021-05,Humberside Police,Humberside Police,-0.339101,53.768697,On or near Vulcan Street,E01012766,Kingston upon Hull 012A,Violence and sexual offences,Formal action is not in the public interest,
aae5ba77db2adfd5678256b6c6b8adf323aa7c731fd6e622bc895a76ccc47985,2021-05,Humberside Police,Humberside Police,-0.351157,53.768477,On or near St Johns Court,E01012767,Kingston upon Hull 012B,Burglary,Investigation complete; no suspect identified,
ec5f17cc93fe245a52dd350a1b30cc075d201e28d5a7f471bc56d209f98026ae,2021-05,Humberside Police,Humberside Police,-0.353247,53.768587,On or near Supermarket,E01012767,Kingston upon Hull 012B,Criminal damage and arson,Unable to prosecute suspect,
f1d3394cac3d60dea49d291df98a414d65af55f9e4735f2f294e7802b452d3e7,2021-05,Humberside Police,Humberside Police,-0.351130,53.770724,On or near Beresford Avenue,E01012767,Kingston upon Hull 012B,Criminal damage and arson,Investigation complete; no suspect identified,
bc718404c49c4c5a4ff392c90e4f2a1278eeffe6b4e93d5308d2fcaf0cd9e3ec,2021-05,Humberside Police,Humberside Police,-0.353047,53.770579,On or near Heathcote Street,E01012767,Kingston upon Hull 012B,Criminal damage and arson,Investigation complete; no suspect identified,
3b7968c450c863992998b264eb3909047a5732c2a34b2f93b66b63625780192c,2021-05,Humberside Police,Humberside Police,-0.353047,53.770579,On or near Heathcote Street,E01012767,Kingston upon Hull 012B,Public order,Investigation complete; no suspect identified,
de9beda483de66c9ae2fc3f9e5c23962c49b74151fc0a63d6d8f9f004c1adf0e,2021-05,Humberside Police,Humberside Police,-0.353247,53.768587,On or near Supermarket,E01012767,Kingston upon Hull 012B,Public order,Investigation complete; no suspect identified,
924ee5162fcdc40fd8ad66e5cdd919eed7d0a3fe0fc800137b337fa9c3f97263,2021-05,Humberside Police,Humberside Police,-0.353247,53.768587,On or near Supermarket,E01012767,Kingston upon Hull 012B,Vehicle crime,Investigation complete; no suspect identified,
2eddaf14409e692d1d2b29bd2b56f3e8d1504e88f3d5c590bd0f20ac926e5c0e,2021-05,Humberside Police,Humberside Police,-0.352638,53.771338,On or near Wellesley Avenue,E01012767,Kingston upon Hull 012B,Violence and sexual offences,Unable to prosecute suspect,
86419c29d6968e25cad503d982555f8877b753eee04213654248aeaf86c26004,2021-05,Humberside Police,Humberside Police,-0.352638,53.771338,On or near Wellesley Avenue,E01012767,Kingston upon Hull 012B,Violence and sexual offences,Unable to prosecute suspect,
078ea981f61bd632248e1b851fc3bbc97ca2cc63fbdae52e78a3ce5acd4422b9,2021-05,Humberside Police,Humberside Police,-0.352922,53.772609,On or near Desmond Avenue,E01012767,Kingston upon Hull 012B,Violence and sexual offences,Unable to prosecute suspect,
0f61635345a1eedd95619294b50f97ce4647cedc734ec63facd95c3863dd8338,2021-05,Humberside Police,Humberside Police,-0.352638,53.771338,On or near Wellesley Avenue,E01012767,Kingston upon Hull 012B,Violence and sexual offences,Unable to prosecute suspect,
8616aa23d79da9c0ec4e136464464006ad3ce0f45e8869de7f576d8e9eb1a257,2021-05,Humberside Police,Humberside Police,-0.352638,53.771338,On or near Wellesley Avenue,E01012767,Kingston upon Hull 012B,Violence and sexual offences,Unable to prosecute suspect,
62750a4cf3bac9edda83ff1eb956c3e1be7e96b9664cd966214a59b91ac9d980,2021-05,Humberside Police,Humberside Police,-0.354451,53.775030,On or near Etherington Road,E01012767,Kingston upon Hull 012B,Violence and sexual offences,Action to be taken by another organisation,
e95501caac5860d00b33acbaf00da734073412fca88b4e1ccca8ed57a872d2f9,2021-05,Humberside Police,Humberside Police,-0.353047,53.770579,On or near Heathcote Street,E01012767,Kingston upon Hull 012B,Other crime,Court result unavailable,
,2021-05,Humberside Police,Humberside Police,-0.357071,53.768567,On or near Cottingham Road,E01012914,Kingston upon Hull 012C,Anti-social behaviour,,
,2021-05,Humberside Police,Humberside Police,-0.376638,53.769894,On or near Hospital,E01012914,Kingston upon Hull 012C,Anti-social behaviour,,
,2021-05,Humberside Police,Humberside Police,-0.368523,53.772966,On or near Sports/Recreation Area,E01012914,Kingston upon Hull 012C,Anti-social behaviour,,
,2021-05,Humberside Police,Humberside Police,-0.367842,53.770188,On or near Further/Higher Educational Building,E01012914,Kingston upon Hull 012C,Anti-social behaviour,,
,2021-05,Humberside Police,Humberside Police,-0.368523,53.772966,On or near Sports/Recreation Area,E01012914,Kingston upon Hull 012C,Anti-social behaviour,,
,2021-05,Humberside Police,Humberside Police,-0.376638,53.769894,On or near Hospital,E01012914,Kingston upon Hull 012C,Anti-social behaviour,,
,2021-05,Humberside Police,Humberside Police,-0.367842,53.770188,On or near Further/Higher Educational Building,E01012914,Kingston upon Hull 012C,Anti-social behaviour,,
,2021-05,Humberside Police,Humberside Police,-0.367842,53.770188,On or near Further/Higher Educational Building,E01012914,Kingston upon Hull 012C,Anti-social behaviour,,
,2021-05,Humberside Police,Humberside Police,-0.357071,53.768567,On or near Cottingham Road,E01012914,Kingston upon Hull 012C,Anti-social behaviour,,
1a88c859eedb1743a076a31411e451acf9de0e25490240e091a71027dd214b9a,2021-05,Humberside Police,Humberside Police,-0.372767,53.773087,On or near Sports/Recreation Area,E01012914,Kingston upon Hull 012C,Bicycle theft,Court result unavailable,
511388446fb6bdc29c46ffdfedc6f56fb0f6875bc68c4a132a4877a908335f6e,2021-05,Humberside Police,Humberside Police,-0.368523,53.772966,On or near Sports/Recreation Area,E01012914,Kingston upon Hull 012C,Burglary,Court result unavailable,
98a00a44ed1207e252cfeaaf14092b028ed5d5822c5939d06f5d62d862bef48a,2021-05,Humberside Police,Humberside Police,-0.372767,53.773087,On or near Sports/Recreation Area,E01012914,Kingston upon Hull 012C,Criminal damage and arson,Investigation complete; no suspect identified,
324aee270a253c4400c2090fa9e107a35b9e234ea6b67b75a7f1062bce6768c8,2021-05,Humberside Police,Humberside Police,-0.362984,53.769062,On or near Newland Park Avenue,E01012914,Kingston upon Hull 012C,Criminal damage and arson,Investigation complete; no suspect identified,
9fb649d0b34577b674a204a89b4c6dde10d90b91e277d61804cf6635c6819b69,2021-05,Humberside Police,Humberside Police,-0.368523,53.772966,On or near Sports/Recreation Area,E01012914,Kingston upon Hull 012C,Other theft,Investigation complete; no suspect identified,
e30416486b7ef44c7e7a7ab4831c38e38cf6e02b21e36552c275399f041cddc1,2021-05,Humberside Police,Humberside Police,-0.357071,53.768567,On or near Cottingham Road,E01012914,Kingston upon Hull 012C,Other theft,Investigation complete; no suspect identified,
c566123dbc070b7496abb292048a2357f8e9d5cbf90abbfbef724a90497c92b0,2021-05,Humberside Police,Humberside Police,-0.355671,53.769060,On or near Blaydes Street,E01012914,Kingston upon Hull 012C,Other theft,Investigation complete; no suspect identified,
b5ebc79e6f25fbe9cf32a4c71fd2e490e680ebb3de673fbe74997de6f5a398d6,2021-05,Humberside Police,Humberside Police,-0.357028,53.769268,On or near The Trees,E01012914,Kingston upon Hull 012C,Other theft,Investigation complete; no suspect identified,
d280353c00c48d47e109f01ba9aef892d6f93c05aee94e191f68c9ad5617e8c5,2021-05,Humberside Police,Humberside Police,-0.357028,53.769268,On or near The Trees,E01012914,Kingston upon Hull 012C,Public order,Investigation complete; no suspect identified,
36cd5694b827dc421012b48f0275e32d2f8927f7bfab170fb524e26740e35e8c,2021-05,Humberside Police,Humberside Police,-0.363802,53.770286,On or near Salmon Grove,E01012914,Kingston upon Hull 012C,Vehicle crime,Investigation complete; no suspect identified,
433464ea0697c2d37b8318211e35b693e73568f9017875f62c2efaa0db73997e,2021-05,Humberside Police,Humberside Police,-0.368523,53.772966,On or near Sports/Recreation Area,E01012914,Kingston upon Hull 012C,Violence and sexual offences,Action to be taken by another organisation,
96a558acec0948429b53a420f9001cd98eae6f180b4bfc2631971c6a54e4f4ca,2021-05,Humberside Police,Humberside Police,-0.368523,53.772966,On or near Sports/Recreation Area,E01012914,Kingston upon Hull 012C,Violence and sexual offences,Investigation complete; no suspect identified,
f5839d6bb3e4a5d17960e9a5720968dfd2689196da3ea0026ca7b10a0937b5a1,2021-05,Humberside Police,Humberside Police,-0.355230,53.769468,On or near Haworth Street,E01012914,Kingston upon Hull 012C,Violence and sexual offences,Unable to prosecute suspect,
6a70701af8af74e609133d27dcfc56f7787620fcb237d2d4a559da5733e23710,2021-05,Humberside Police,Humberside Police,-0.372767,53.773087,On or near Sports/Recreation Area,E01012914,Kingston upon Hull 012C,Violence and sexual offences,Unable to prosecute suspect,
313802648f8ba1221f5a0548b5534213dc6d9eac7cdd207fdbff9c48d34ddbec,2021-05,Humberside Police,Humberside Police,-0.368523,53.772966,On or near Sports/Recreation Area,E01012914,Kingston upon Hull 012C,Violence and sexual offences,Unable to prosecute suspect,
a963c6ce69ce094f509df1563ec7d73827d6788accf5c20f62d0a3f461a29d5b,2021-05,Humberside Police,Humberside Police,-0.368523,53.772966,On or near Sports/Recreation Area,E01012914,Kingston upon Hull 012C,Violence and sexual offences,Investigation complete; no suspect identified,
a9bce451dc1da3b54cc4c3c0c61df8c452228cb26df1e9759637e18459a4ee85,2021-05,Humberside Police,Humberside Police,-0.368523,53.772966,On or near Sports/Recreation Area,E01012914,Kingston upon Hull 012C,Violence and sexual offences,Local resolution,
,2021-05,Humberside Police,Humberside Police,-0.361460,53.771198,On or near Auckland Avenue,E01012916,Kingston upon Hull 012D,Anti-social behaviour,,
,2021-05,Humberside Police,Humberside Police,-0.361460,53.771198,On or near Auckland Avenue,E01012916,Kingston upon Hull 012D,Anti-social behaviour,,
,2021-05,Humberside Police,Humberside Police,-0.358806,53.772321,On or near St Michael'S Mount,E01012916,Kingston upon Hull 012D,Anti-social behaviour,,
,2021-05,Humberside Police,Humberside Police,-0.358806,53.772321,On or near St Michael'S Mount,E01012916,Kingston upon Hull 012D,Anti-social behaviour,,
,2021-05,Humberside Police,Humberside Police,-0.361460,53.771198,On or near Auckland Avenue,E01012916,Kingston upon Hull 012D,Anti-social behaviour,,
b9035eafd01946cb7e6a54093c441caa560aaa8fc9fb2f1f806a6f589cac9e1d,2021-05,Humberside Police,Humberside Police,-0.363899,53.777928,On or near Balmoral Avenue,E01012916,Kingston upon Hull 012D,Burglary,Investigation complete; no suspect identified,
873a8c559c28ad25a3082d7a40060406eac1acd5e3d93da4ed185e629c2d0f3a,2021-05,Humberside Police,Humberside Police,-0.368160,53.778400,On or near Elmfield,E01012916,Kingston upon Hull 012D,Burglary,Investigation complete; no suspect identified,
c86ac4ff3ad4c309105d87c61473fac49029b3da724d82e8db40e2181148eab3,2021-05,Humberside Police,Humberside Police,-0.358037,53.774145,On or near Marydene Drive,E01012916,Kingston upon Hull 012D,Burglary,Unable to prosecute suspect,
844737c7903213e7795d1d8668d53f6fe20c34a4568a054e8482719d8f450197,2021-05,Humberside Police,Humberside Police,-0.361460,53.771198,On or near Auckland Avenue,E01012916,Kingston upon Hull 012D,Criminal damage and arson,Investigation complete; no suspect identified,
7aa5e8755c665d062a54d084081aa2197802e872c93843495ac957a21b23c727,2021-05,Humberside Police,Humberside Police,-0.358037,53.774145,On or near Marydene Drive,E01012916,Kingston upon Hull 012D,Criminal damage and arson,Investigation complete; no suspect identified,
7223ae97d9b755814d161f329ff02b016108a7434c00f49680adbf33bb39be62,2021-05,Humberside Police,Humberside Police,-0.364316,53.775390,On or near Cranbrook Avenue,E01012916,Kingston upon Hull 012D,Criminal damage and arson,Investigation complete; no suspect identified,
92b0495217521a56ced2278a0e4064354962199dc3738d252006d8087b95be09,2021-05,Humberside Police,Humberside Police,-0.364316,53.775390,On or near Cranbrook Avenue,E01012916,Kingston upon Hull 012D,Other theft,Investigation complete; no suspect identified,
c6f9f9911c8c8c18415572622f17122979527225de46ab967294e27d3acd2d4d,2021-05,Humberside Police,Humberside Police,-0.358806,53.772321,On or near St Michael'S Mount,E01012916,Kingston upon Hull 012D,Violence and sexual offences,Unable to prosecute suspect,
0a5269c8596759065f92dd4a7e33094d705f91c8467a118f5a07576613d56137,2021-05,Humberside Police,Humberside Police,-0.361460,53.771198,On or near Auckland Avenue,E01012916,Kingston upon Hull 012D,Violence and sexual offences,Action to be taken by another organisation,
ad4e6181a7550ce1fcfd16146bdf5169a18a638d34a92befc56d82352603d88e,2021-05,Humberside Police,Humberside Police,-0.358806,53.772321,On or near St Michael'S Mount,E01012916,Kingston upon Hull 012D,Violence and sexual offences,Unable to prosecute suspect,
fb3fa203b3dcd6edbda62bc7a603e3613c1d8cba70777137898f3d0e2bfad3c5,2021-05,Humberside Police,Humberside Police,-0.361460,53.771198,On or near Auckland Avenue,E01012916,Kingston upon Hull 012D,Violence and sexual offences,Unable to prosecute suspect,
83f0a11d784b35ec76168df6ee0ecc52832600a066536b627e94e19b8c263631,2021-05,Humberside Police,Humberside Police,-0.361460,53.771198,On or near Auckland Avenue,E01012916,Kingston upon Hull 012D,Violence and sexual offences,Investigation complete; no suspect identified,
c06319ffbc97db04f4b382aca8c25b29b8cb7da7c90c9e5c3a050ed80fa025fc,2021-05,Humberside Police,Humberside Police,-0.361460,53.771198,On or near Auckland Avenue,E01012916,Kingston upon Hull 012D,Violence and sexual offences,Unable to prosecute suspect,
df2912883c67da4e23cbd121baec6dea632b5219cd8a30dd6ce320e1eefccc37,2021-05,Humberside Police,Humberside Police,-0.366931,53.778410,On or near Beechfield,E01012916,Kingston upon Hull 012D,Violence and sexual offences,Local resolution,
d35abba452740a01a80dc3a646f1d21923a778565266aee760a905a3e1b26722,2021-05,Humberside Police,Humberside Police,-0.361460,53.771198,On or near Auckland Avenue,E01012916,Kingston upon Hull 012D,Violence and sexual offences,Action to be taken by another organisation,
,2021-05,Humberside Police,Humberside Police,-0.304033,53.774786,On or near Sutton House Road,E01012812,Kingston upon Hull 013A,Anti-social behaviour,,
,2021-05,Humberside Police,Humberside Police,-0.296387,53.770992,On or near Ings Road,E01012812,Kingston upon Hull 013A,Anti-social behaviour,,
,2021-05,Humberside Police,Humberside Police,-0.305254,53.767468,On or near James Reckitt Avenue,E01012812,Kingston upon Hull 013A,Anti-social behaviour,,
5678e945a31818f66a64bed210316551fd3ceb1e410a4afc10c98d9708d4d917,2021-05,Humberside Police,Humberside Police,-0.298436,53.769853,On or near Birklands Drive,E01012812,Kingston upon Hull 013A,Burglary,Investigation complete; no suspect identified,
1ce6b7c2b7489bfcb4d8be11a0f66cb88f29471cdf15d9b73f3853608e46558b,2021-05,Humberside Police,Humberside Police,-0.298436,53.769853,On or near Birklands Drive,E01012812,Kingston upon Hull 013A,Burglary,Investigation complete; no suspect identified,
85f21fca5d2d1a13d72a4d5786f9d55070e275fa30e3263a8de7c1a508421752,2021-05,Humberside Police,Humberside Police,-0.298436,53.769853,On or near Birklands Drive,E01012812,Kingston upon Hull 013A,Burglary,Investigation complete; no suspect identified,
22f3cdcbbab82b451c238ca15b0dbbb3ca278caf50db9e0ac656afedad45b267,2021-05,Humberside Police,Humberside Police,-0.298436,53.769853,On or near Birklands Drive,E01012812,Kingston upon Hull 013A,Public order,Unable to prosecute suspect,
52551c15080f09098f3929855438e0bcfc1f19a76a948fff0628ae70ddc1e6e7,2021-05,Humberside Police,Humberside Police,-0.296763,53.769559,On or near Clifford Avenue,E01012812,Kingston upon Hull 013A,Public order,Unable to prosecute suspect,
b370383d1cdf721ad42229eea6d77ae0af64d1a1fc8ff6f2b4b1dd90ac16e82d,2021-05,Humberside Police,Humberside Police,-0.296763,53.769559,On or near Clifford Avenue,E01012812,Kingston upon Hull 013A,Violence and sexual offences,Court result unavailable,
310c2ff94e916d5923beace0df790958274262695f43fbbb5966a61e03e5d1a3,2021-05,Humberside Police,Humberside Police,-0.298436,53.769853,On or near Birklands Drive,E01012812,Kingston upon Hull 013A,Violence and sexual offences,Unable to prosecute suspect,
2c62544f78904abbc03bb85a30dbb9056803490f6788721c28cf1aad0876fb71,2021-05,Humberside Police,Humberside Police,-0.304531,53.768465,On or near Hillsway Close,E01012812,Kingston upon Hull 013A,Violence and sexual offences,Action to be taken by another organisation,
,2021-05,Humberside Police,Humberside Police,-0.308106,53.776534,On or near Woodleigh Drive,E01012813,Kingston upon Hull 013B,Anti-social behaviour,,
,2021-05,Humberside Police,Humberside Police,-0.308106,53.776534,On or near Woodleigh Drive,E01012813,Kingston upon Hull 013B,Anti-social behaviour,,
9cfed512ef44133972dbb39283e8da142a77f70939617acdbfba4a546d1072ca,2021-05,Humberside Police,Humberside Police,-0.312707,53.771538,On or near Hathersage Road,E01012813,Kingston upon Hull 013B,Bicycle theft,Investigation complete; no suspect identified,
5bf57f5b3fd03c3ab9f3936f71214627dcaacf8de48ada134b960cdd4e91c886,2021-05,Humberside Police,Humberside Police,-0.313948,53.777299,On or near Poplar Court,E01012813,Kingston upon Hull 013B,Other theft,Investigation complete; no suspect identified,
fa99b8fb76076498fe5427fc822740e521cf35acf6b98f9acf3c67c676d2e5bb,2021-05,Humberside Police,Humberside Police,-0.310086,53.777487,On or near Westwood Close,E01012813,Kingston upon Hull 013B,Violence and sexual offences,Local resolution,
f2e91584ace457ac87c900f72aa8340d905812c4cd474206722230a2338bcb93,2021-05,Humberside Police,Humberside Police,-0.310086,53.777487,On or near Westwood Close,E01012813,Kingston upon Hull 013B,Violence and sexual offences,Local resolution,
44a0dddc38a32cec591a5b2e993f61135f69271ad1ccd62c10941db67cfc6904,2021-05,Humberside Police,Humberside Police,-0.310086,53.777487,On or near Westwood Close,E01012813,Kingston upon Hull 013B,Violence and sexual offences,Unable to prosecute suspect,
bc700435b3e3eb1f02b39349c35dc41f8089cfe0460c2e440633cfe7e2adc5fd,2021-05,Humberside Police,Humberside Police,-0.310321,53.773527,On or near Cullen Close,E01012813,Kingston upon Hull 013B,Violence and sexual offences,Unable to prosecute suspect,
d7e0a7bf81c1e8db0ad2e1a4fced0ef9470c9db025c78b685f0be84f5c77bea5,2021-05,Humberside Police,Humberside Police,-0.310388,53.776395,On or near Thamesbrook,E01012813,Kingston upon Hull 013B,Violence and sexual offences,Unable to prosecute suspect,
c453201d11c8cae2733bd70d1ae16bfeb46b2b19d068b9ae47ce871b57d2d295,2021-05,Humberside Police,Humberside Police,-0.310388,53.776395,On or near Thamesbrook,E01012813,Kingston upon Hull 013B,Violence and sexual offences,Unable to prosecute suspect,
bc10f3cf8b5676ad5928fb0926516fe2dbda8edd92ddfe2ba08bcf2b93ebe7fe,2021-05,Humberside Police,Humberside Police,-0.310388,53.776395,On or near Thamesbrook,E01012813,Kingston upon Hull 013B,Violence and sexual offences,Unable to prosecute suspect,
,2021-05,Humberside Police,Humberside Police,-0.306694,53.775031,On or near Glenfell Close,E01012814,Kingston upon Hull 013C,Anti-social behaviour,,
,2021-05,Humberside Police,Humberside Police,-0.308320,53.771575,On or near Lancaster Drive,E01012814,Kingston upon Hull 013C,Anti-social behaviour,,
81f7f50c76adca1e8d4bf63b155cd4db77d8509fe27dd32b49f53378af51bf05,2021-05,Humberside Police,Humberside Police,-0.312387,53.770427,On or near Moffat Close,E01012814,Kingston upon Hull 013C,Criminal damage and arson,Investigation complete; no suspect identified,
75cc1b24a8bb26e31bb0eee848f22fd3eba639fa1336b38840f71f1643b39a69,2021-05,Humberside Police,Humberside Police,-0.305880,53.774525,On or near Mancklin Avenue,E01012814,Kingston upon Hull 013C,Vehicle crime,Unable to prosecute suspect,
49e521b9500f8646964bb8599a571cdd10075b5ad7ad725572da28cda2dc2e35,2021-05,Humberside Police,Humberside Police,-0.306710,53.773116,On or near Skirbeck Road,E01012814,Kingston upon Hull 013C,Violence and sexual offences,Investigation complete; no suspect identified,
bd837586532491f968d0ce34332d34da086b230f79716f5a05da7c7f28a1ed75,2021-05,Humberside Police,Humberside Police,-0.308320,53.771575,On or near Lancaster Drive,E01012814,Kingston upon Hull 013C,Violence and sexual offences,Unable to prosecute suspect,
ce218194dd8d0dd3128be8f99b1637c534964cc31e12262ac95ba4710b124036,2021-05,Humberside Police,Humberside Police,-0.306694,53.775031,On or near Glenfell Close,E01012814,Kingston upon Hull 013C,Violence and sexual offences,Unable to prosecute suspect,
8f4420edfb3dff59d454578f35d7bdac291a0739057df384dba41c3d1c83525b,2021-05,Humberside Police,Humberside Police,-0.309446,53.769622,On or near Pear Tree Close,E01012814,Kingston upon Hull 013C,Violence and sexual offences,Offender given a caution,
c955b891770db8c9083ed3bacabe698db112c43816c0aed31882f72c56bbe026,2021-05,Humberside Police,Humberside Police,-0.307183,53.772314,On or near Burlington Road,E01012814,Kingston upon Hull 013C,Violence and sexual offences,Unable to prosecute suspect,
b1a98c62b40d89c9de3bc7251adce474203ad31922596360d9d10b3a71692c6f,2021-05,Humberside Police,Humberside Police,-0.309446,53.769622,On or near Pear Tree Close,E01012814,Kingston upon Hull 013C,Violence and sexual offences,Offender given a caution,
,2021-05,Humberside Police,Humberside Police,-0.319131,53.771403,On or near Brackendale Close,E01012815,Kingston upon Hull 013D,Anti-social behaviour,,
,2021-05,Humberside Police,Humberside Police,-0.316547,53.771151,On or near Ballantyne Close,E01012815,Kingston upon Hull 013D,Anti-social behaviour,,
b1a875ac7a4a387508cc23ec8488c363f2ea030b25b70b65a84b0ec088874df2,2021-05,Humberside Police,Humberside Police,-0.321242,53.772511,On or near Lindengate Way,E01012815,Kingston upon Hull 013D,Criminal damage and arson,Investigation complete; no suspect identified,
58587301244d267cd56aa9ff9b7ea44a6ab2c5f568c7b37810dcd66dcec31ac6,2021-05,Humberside Police,Humberside Police,-0.321242,53.772511,On or near Lindengate Way,E01012815,Kingston upon Hull 013D,Other theft,Investigation complete; no suspect identified,
,2021-05,Humberside Police,Humberside Police,-0.309205,53.767695,On or near Sports/Recreation Area,E01012818,Kingston upon Hull 013E,Anti-social behaviour,,
,2021-05,Humberside Police,Humberside Police,-0.315694,53.766663,On or near Eden Drive,E01012818,Kingston upon Hull 013E,Anti-social behaviour,,
,2021-05,Humberside Police,Humberside Police,-0.315694,53.766663,On or near Eden Drive,E01012818,Kingston upon Hull 013E,Anti-social behaviour,,
,2021-05,Humberside Police,Humberside Police,-0.315694,53.766663,On or near Eden Drive,E01012818,Kingston upon Hull 013E,Anti-social behaviour,,
d111ff66901b35013659d568a42e37d9f2cb55fb53ddce1acce35f039d92a6d7,2021-05,Humberside Police,Humberside Police,-0.309205,53.767695,On or near Sports/Recreation Area,E01012818,Kingston upon Hull 013E,Shoplifting,Investigation complete; no suspect identified,
e42f43f07e3eead6353981ec31c1ba7605f94dc9ae551b19da855daad77e5d8c,2021-05,Humberside Police,Humberside Police,-0.309205,53.767695,On or near Sports/Recreation Area,E01012818,Kingston upon Hull 013E,Shoplifting,Investigation complete; no suspect identified,
47349d03fa7b718e9944abc0b850a75f59bd550797b01da759f7a58bc1773b99,2021-05,Humberside Police,Humberside Police,-0.309205,53.767695,On or near Sports/Recreation Area,E01012818,Kingston upon Hull 013E,Shoplifting,Investigation complete; no suspect identified,
,2021-05,Humberside Police,Humberside Police,-0.381188,53.755753,On or near Harpings Road,E01012791,Kingston upon Hull 014A,Anti-social behaviour,,
,2021-05,Humberside Police,Humberside Police,-0.381384,53.760520,On or near Windsor Road,E01012791,Kingston upon Hull 014A,Anti-social behaviour,,
fd7b07f10646501ed2292af18f1182357c7f22a3b05927ac6b950a98a8d17b8b,2021-05,Humberside Police,Humberside Police,-0.377115,53.761092,On or near Southfield Road,E01012791,Kingston upon Hull 014A,Burglary,Investigation complete; no suspect identified,
d9cdf807a37af1437a5ae5654c144ee527e7a6f156e58cb907eaaf7eae024e0c,2021-05,Humberside Police,Humberside Police,-0.378159,53.763910,On or near Sports/Recreation Area,E01012791,Kingston upon Hull 014A,Violence and sexual offences,Unable to prosecute suspect,
eeb5a797b16bce8f274a386fb122a159fcce38590bdfca4af2731e358f9a1553,2021-05,Humberside Police,Humberside Police,-0.377115,53.761092,On or near Southfield Road,E01012791,Kingston upon Hull 014A,Violence and sexual offences,Offender given a caution,
90cdfa4573d992958e84e4fdb979b51cd7e305ed09a1d82407cd11448e9fc8f3,2021-05,Humberside Police,Humberside Police,-0.378159,53.763910,On or near Sports/Recreation Area,E01012791,Kingston upon Hull 014A,Violence and sexual offences,Unable to prosecute suspect,
cd21b3ffcd862b7ba3152b205033c096699b21fb91afe5ee25b8da0b66086e71,2021-05,Humberside Police,Humberside Police,-0.378159,53.763910,On or near Sports/Recreation Area,E01012791,Kingston upon Hull 014A,Violence and sexual offences,Unable to prosecute suspect,
2adf869a3b9704fce07a29b8fdab18bccc575c8ad200a486d15e7901b81420de,2021-05,Humberside Police,Humberside Police,-0.378159,53.763910,On or near Sports/Recreation Area,E01012791,Kingston upon Hull 014A,Violence and sexual offences,Unable to prosecute suspect,
b34d42cdfb4328f03bba5a8c9467d873f3565baf4902cbead3b732cda8519c79,2021-05,Humberside Police,Humberside Police,-0.378159,53.763910,On or near Sports/Recreation Area,E01012791,Kingston upon Hull 014A,Violence and sexual offences,Unable to prosecute suspect,
,2021-05,Humberside Police,Humberside Police,-0.383369,53.770075,On or near Cottingham Road,E01012792,Kingston upon Hull 014B,Anti-social behaviour,,
a332ef005657f5d1b8852f766f9853e57176f40455849744a4e233f677eecc28,2021-05,Humberside Police,Humberside Police,-0.377930,53.768662,On or near Barrington Avenue,E01012792,Kingston upon Hull 014B,Public order,Investigation complete; no suspect identified,
19fa9b2f1d8345adc8bc384005f241ad026ded46663714d45cab4fb4923febf5,2021-05,Humberside Police,Humberside Police,-0.383369,53.770075,On or near Cottingham Road,E01012792,Kingston upon Hull 014B,Public order,Unable to prosecute suspect,
4d99b7c45e7ac7424df872f274529aed62e8ceba9f2760b03792356c13c03ffa,2021-05,Humberside Police,Humberside Police,-0.377930,53.768662,On or near Barrington Avenue,E01012792,Kingston upon Hull 014B,Violence and sexual offences,Unable to prosecute suspect,
68dd169eec93353119979276d55f1eee7e9da5155d843952b65df4ea13aca77d,2021-05,Humberside Police,Humberside Police,-0.377930,53.768662,On or near Barrington Avenue,E01012792,Kingston upon Hull 014B,Violence and sexual offences,Unable to prosecute suspect,
076b380a2874d0b8df5ae861f04cf1522ee1a4b098b567be3745cf2e266b1109,2021-05,Humberside Police,Humberside Police,-0.383369,53.770075,On or near Cottingham Road,E01012792,Kingston upon Hull 014B,Violence and sexual offences,Action to be taken by another organisation,
2b6666d34d5482df39005a945ee772152abfe81c9a3d319b5a748c0aed2c467f,2021-05,Humberside Police,Humberside Police,-0.383369,53.770075,On or near Cottingham Road,E01012792,Kingston upon Hull 014B,Violence and sexual offences,Investigation complete; no suspect identified,
c00ff1084f7f5a963792adcb8fec6e6c45ccd4f3452f81e89abb5d81506a5e04,2021-05,Humberside Police,Humberside Police,-0.370052,53.763261,On or near Sports/Recreation Area,E01012793,Kingston upon Hull 014C,Criminal damage and arson,Investigation complete; no suspect identified,
e2f63d5fa0adaae3a4a1a2381234d48facd019831e86fe1b8eaa92da0af1e67a,2021-05,Humberside Police,Humberside Police,-0.367278,53.767125,On or near Mansfield Park,E01012793,Kingston upon Hull 014C,Other theft,Investigation complete; no suspect identified,
47d8f506d19fe05555f8586f94dce96ab23ebdca14dfa9a96f2b9536126d5118,2021-05,Humberside Police,Humberside Police,-0.374143,53.761033,On or near Ernest Hill Court,E01012793,Kingston upon Hull 014C,Violence and sexual offences,Unable to prosecute suspect,
,2021-05,Humberside Police,Humberside Police,-0.383454,53.764287,On or near Bricknell Avenue,E01012794,Kingston upon Hull 014D,Anti-social behaviour,,
,2021-05,Humberside Police,Humberside Police,-0.383454,53.764287,On or near Bricknell Avenue,E01012794,Kingston upon Hull 014D,Anti-social behaviour,,
33ef7706914576e94e12cfa298f8f3ecc17fdb6ab1354533a9b3d308f71446bc,2021-05,Humberside Police,Humberside Police,-0.385209,53.763241,On or near Burniston Road,E01012794,Kingston upon Hull 014D,Bicycle theft,Investigation complete; no suspect identified,
a55eee4e204f82b1e010b8292a9c3b7fbb463756078521c698a04e199b65fc10,2021-05,Humberside Police,Humberside Police,-0.387660,53.768173,On or near Hotham Road North,E01012794,Kingston upon Hull 014D,Other theft,Investigation complete; no suspect identified,
61b0382f756aea301bd708fcbfb981b0d0573ce915f4de669989ad0b25fbd4d6,2021-05,Humberside Police,Humberside Police,-0.387660,53.768173,On or near Hotham Road North,E01012794,Kingston upon Hull 014D,Public order,Offender given a caution,
bb085205b598beb72a8e6352cc20ea6c6a0c0309260a56deff52c65ee98eba6a,2021-05,Humberside Police,Humberside Police,-0.389053,53.768633,On or near Strathcona Avenue,E01012794,Kingston upon Hull 014D,Shoplifting,Investigation complete; no suspect identified,
c4ffb2687347609082de1f1430f72b4fc5a16e63cbd1cf204382a6c4be6207f3,2021-05,Humberside Police,Humberside Police,-0.384746,53.767002,On or near Ancaster Avenue,E01012794,Kingston upon Hull 014D,Violence and sexual offences,Local resolution,
4fda7fa0d4953e7dc3ad779439d197625558bab028f8d57bbe2585f760d76345,2021-05,Humberside Police,Humberside Police,-0.385209,53.763241,On or near Burniston Road,E01012794,Kingston upon Hull 014D,Violence and sexual offences,Unable to prosecute suspect,
,2021-05,Humberside Police,Humberside Police,-0.385049,53.774512,On or near Hall Road,E01012913,Kingston upon Hull 014E,Anti-social behaviour,,
ac43110968a8bb8f9fbb95f413f77f66316fbd70c2e05205443cd5482c97c06a,2021-05,Humberside Police,Humberside Police,-0.382735,53.773528,On or near Welton Grove,E01012913,Kingston upon Hull 014E,Criminal damage and arson,Unable to prosecute suspect,
c13cd23e9038ff7e69e00ac85ca243bfaf031133b8f2b325b178c9bf9eded56c,2021-05,Humberside Police,Humberside Police,-0.380900,53.770734,On or near Oakfield Court,E01012913,Kingston upon Hull 014E,Other theft,Investigation complete; no suspect identified,
aadc67e85f3e9da2cb7b59991e007a0eb7ebfaaaf7d74858b64bf3c255e71b8c,2021-05,Humberside Police,Humberside Police,-0.386480,53.774809,On or near Redhill Park,E01012913,Kingston upon Hull 014E,Violence and sexual offences,Action to be taken by another organisation,
db27d64b6649e8c08c1f073248b8a9f1c52b8989214ff3ae515debd0f2bd1597,2021-05,Humberside Police,Humberside Police,-0.385866,53.771412,On or near Aysgarth Avenue,E01012913,Kingston upon Hull 014E,Violence and sexual offences,Unable to prosecute suspect,
e7c430f1dc261eb7dbf55bc37b58ebebb4d830e18935dc165613cda3695f349f,2021-05,Humberside Police,Humberside Police,-0.386480,53.774809,On or near Redhill Park,E01012913,Kingston upon Hull 014E,Violence and sexual offences,Action to be taken by another organisation,
738dac87d61ee34cf20b237681a2b9d65d117f6b4b35e4d068fc2337d7f11b6a,2021-05,Humberside Police,Humberside Police,-0.386480,53.774809,On or near Redhill Park,E01012913,Kingston upon Hull 014E,Other crime,Court result unavailable,
,2021-05,Humberside Police,Humberside Police,-0.352811,53.756463,On or near Park Road,E01012761,Kingston upon Hull 015A,Anti-social behaviour,,
,2021-05,Humberside Police,Humberside Police,-0.351052,53.758003,On or near Park Lane,E01012761,Kingston upon Hull 015A,Anti-social behaviour,,
,2021-05,Humberside Police,Humberside Police,-0.354670,53.761289,On or near Sports/Recreation Area,E01012761,Kingston upon Hull 015A,Anti-social behaviour,,
,2021-05,Humberside Police,Humberside Police,-0.350126,53.758790,On or near Grove Street,E01012761,Kingston upon Hull 015A,Anti-social behaviour,,
,2021-05,Humberside Police,Humberside Police,-0.352811,53.756463,On or near Park Road,E01012761,Kingston upon Hull 015A,Anti-social behaviour,,
bfb427a85e75cdc22a8121f054c1801ea1ae21d16210c0b5ad22b3cd488961ab,2021-05,Humberside Police,Humberside Police,-0.353116,53.755263,On or near Brompton Court,E01012761,Kingston upon Hull 015A,Criminal damage and arson,Unable to prosecute suspect,
0adbd215ea0383f2aca73a6899eb697a12bb1234002747e2693c6090796541e8,2021-05,Humberside Police,Humberside Police,-0.352811,53.756463,On or near Park Road,E01012761,Kingston upon Hull 015A,Criminal damage and arson,Unable to prosecute suspect,
b14a62d7a4f2f425dd3af93397ef44d3253f5d9e383b953de704a3061da1a260,2021-05,Humberside Police,Humberside Police,-0.351017,53.757346,On or near Cave Street,E01012761,Kingston upon Hull 015A,Public order,Unable to prosecute suspect,
dfbec3d78536aa34c42955fc6376969b0e6bd140ce4ee024cc5d4a965050594b,2021-05,Humberside Police,Humberside Police,-0.351960,53.761917,On or near Beaconsfield Street,E01012761,Kingston upon Hull 015A,Public order,Unable to prosecute suspect,
d1f3ad97c99788e95760f40236a212f1ac11164d5436ceb2ad3c2b14304fe6a5,2021-05,Humberside Police,Humberside Police,-0.350126,53.758790,On or near Grove Street,E01012761,Kingston upon Hull 015A,Public order,Investigation complete; no suspect identified,
3b22cc1e013d0d971890763e05bb26a36e41e782bbf15b5850478222135add41,2021-05,Humberside Police,Humberside Police,-0.351017,53.757346,On or near Cave Street,E01012761,Kingston upon Hull 015A,Public order,Unable to prosecute suspect,
ca624ae455e23d3ff85fbeb4b2194ec33f16635bb81877e97b436f841ef6bd38,2021-05,Humberside Police,Humberside Police,-0.352663,53.761792,On or near Maple Street,E01012761,Kingston upon Hull 015A,Robbery,Unable to prosecute suspect,
93ca6873b39b2f79a5a7a6e3ed8e11fc308f3b619f112858e27876e8dcd17fc5,2021-05,Humberside Police,Humberside Police,-0.350126,53.758790,On or near Grove Street,E01012761,Kingston upon Hull 015A,Violence and sexual offences,Investigation complete; no suspect identified,
5c602ba4638579dd119f5335f9776bd2718374a5bb70965b0e19730952081dd1,2021-05,Humberside Police,Humberside Police,-0.350766,53.757172,On or near Hudson Gardens,E01012761,Kingston upon Hull 015A,Violence and sexual offences,Court result unavailable,
8c761df0aa37028b691cb00343d0036ed64d66d2cca4a66afb18d8a8245583f7,2021-05,Humberside Police,Humberside Police,-0.351052,53.758003,On or near Park Lane,E01012761,Kingston upon Hull 015A,Violence and sexual offences,Unable to prosecute suspect,
f209f3a3030f7ee6f5f2f1b50c596372fba9fadec63ad88e5cbf950993c8fac7,2021-05,Humberside Police,Humberside Police,-0.352811,53.756463,On or near Park Road,E01012761,Kingston upon Hull 015A,Violence and sexual offences,Unable to prosecute suspect,
a71a0cde83e119fbff47516e4181404d2777a4629c081e3d7e8993a2f84a1f88,2021-05,Humberside Police,Humberside Police,-0.350126,53.758790,On or near Grove Street,E01012761,Kingston upon Hull 015A,Violence and sexual offences,Investigation complete; no suspect identified,
ac56d19be233022ceb57cc1b74660e17aea35d49012cebef24b3d5cfc47b4716,2021-05,Humberside Police,Humberside Police,-0.353116,53.755263,On or near Brompton Court,E01012761,Kingston upon Hull 015A,Violence and sexual offences,Unable to prosecute suspect,
576b72016d3fd20afd103374e4c371cf1ec637b9e95e35204a7a44ab91fc51b0,2021-05,Humberside Police,Humberside Police,-0.351052,53.758003,On or near Park Lane,E01012761,Kingston upon Hull 015A,Violence and sexual offences,Unable to prosecute suspect,
b7b71bead77c35bb9cd5cdcff483b02ac4fdcb0f92d899a9245791211e87a55a,2021-05,Humberside Police,Humberside Police,-0.353104,53.755568,On or near Barrow Court,E01012761,Kingston upon Hull 015A,Violence and sexual offences,Investigation complete; no suspect identified,
ebe0ff84f691403b9b81a65681c7bb114e99a62df6b9915a85113e683b0f9df6,2021-05,Humberside Police,Humberside Police,-0.352811,53.756463,On or near Park Road,E01012761,Kingston upon Hull 015A,Other crime,Unable to prosecute suspect,
1b08a90af3760bbfcc901e43569e3aa35fcbb6ea29e9cdb012a2df059d4d5412,2021-05,Humberside Police,Humberside Police,-0.356555,53.760811,On or near Prince'S Road,E01012761,Kingston upon Hull 015A,Other crime,Action to be taken by another organisation,
a4e7913431c4990b09829f630d471eb19eb550b47aa1f8c3a75611131fd70f28,2021-05,Humberside Police,Humberside Police,-0.356555,53.760811,On or near Prince'S Road,E01012761,Kingston upon Hull 015A,Other crime,Action to be taken by another organisation,
,2021-05,Humberside Police,Humberside Police,-0.358164,53.765058,On or near Gouldesborough Court,E01012868,Kingston upon Hull 015B,Anti-social behaviour,,
,2021-05,Humberside Police,Humberside Police,-0.358164,53.765058,On or near Gouldesborough Court,E01012868,Kingston upon Hull 015B,Anti-social behaviour,,
,2021-05,Humberside Police,Humberside Police,-0.358164,53.765058,On or near Gouldesborough Court,E01012868,Kingston upon Hull 015B,Anti-social behaviour,,
,2021-05,Humberside Police,Humberside Police,-0.358164,53.765058,On or near Gouldesborough Court,E01012868,Kingston upon Hull 015B,Anti-social behaviour,,
,2021-05,Humberside Police,Humberside Police,-0.358164,53.765058,On or near Gouldesborough Court,E01012868,Kingston upon Hull 015B,Anti-social behaviour,,
,2021-05,Humberside Police,Humberside Police,-0.358651,53.765002,On or near Newland Avenue,E01012868,Kingston upon Hull 015B,Anti-social behaviour,,
,2021-05,Humberside Police,Humberside Police,-0.358469,53.763849,On or near Supermarket,E01012868,Kingston upon Hull 015B,Anti-social behaviour,,
,2021-05,Humberside Police,Humberside Police,-0.357159,53.766690,On or near Hardy Street,E01012868,Kingston upon Hull 015B,Anti-social behaviour,,
,2021-05,Humberside Police,Humberside Police,-0.354486,53.765988,On or near Ash Grove,E01012868,Kingston upon Hull 015B,Anti-social behaviour,,
,2021-05,Humberside Police,Humberside Police,-0.358469,53.763849,On or near Supermarket,E01012868,Kingston upon Hull 015B,Anti-social behaviour,,
,2021-05,Humberside Police,Humberside Police,-0.358469,53.763849,On or near Supermarket,E01012868,Kingston upon Hull 015B,Anti-social behaviour,,
82227efd4977b1f207a6720e9534ba9baa6f70289657dd02e7387cd57be083ee,2021-05,Humberside Police,Humberside Police,-0.357159,53.766690,On or near Hardy Street,E01012868,Kingston upon Hull 015B,Burglary,Unable to prosecute suspect,
18e176ff4740c7d9d32de96392557dd2a4756438ffa3ec14107156ad1858d8eb,2021-05,Humberside Police,Humberside Police,-0.361713,53.766644,On or near Tavistock Street,E01012868,Kingston upon Hull 015B,Burglary,Investigation complete; no suspect identified,
69c113eeee010dd04ce86f32eb72a631d7af60f27411228a068b187971b7c015,2021-05,Humberside Police,Humberside Police,-0.358469,53.763849,On or near Supermarket,E01012868,Kingston upon Hull 015B,Burglary,Investigation complete; no suspect identified,
e1dba7910cb18dcdb60135b66b0f457e0e058e4d3e292b50da33ba6379923d58,2021-05,Humberside Police,Humberside Police,-0.354486,53.765988,On or near Ash Grove,E01012868,Kingston upon Hull 015B,Burglary,Unable to prosecute suspect,
f09bf17db75ad04ce2c6d5006f9d21625ffd85f0fbc6a572fdce81a15a16874b,2021-05,Humberside Police,Humberside Police,-0.357502,53.764519,On or near St Monica'S Court,E01012868,Kingston upon Hull 015B,Criminal damage and arson,Investigation complete; no suspect identified,
e6d4bb3e647c9cc82485b557eedc2baef663671a448698baa820a541c32f9e5a,2021-05,Humberside Police,Humberside Police,-0.357502,53.764519,On or near St Monica'S Court,E01012868,Kingston upon Hull 015B,Criminal damage and arson,Unable to prosecute suspect,
2c891306cc88995ae7949e1dea31b9f195d3b40e981eb3e1e1097774c62a8d11,2021-05,Humberside Police,Humberside Police,-0.358469,53.763849,On or near Supermarket,E01012868,Kingston upon Hull 015B,Criminal damage and arson,Investigation complete; no suspect identified,
5f2c31351ccca206f09759142ff45685eb968ffbaf1bb00b5cad3cad590f77f9,2021-05,Humberside Police,Humberside Police,-0.359276,53.766503,On or near Torrington Street,E01012868,Kingston upon Hull 015B,Drugs,Further investigation is not in the public interest,
1cd3d8fd1fc0051389ea16bd8c9a094310709866027b752cff1fe869ad626efa,2021-05,Humberside Police,Humberside Police,-0.358469,53.763849,On or near Supermarket,E01012868,Kingston upon Hull 015B,Other theft,Investigation complete; no suspect identified,
2cdb5b97aa940a9598f0f1308268587f92dad1ff95f20345f53fa27b844ac05c,2021-05,Humberside Police,Humberside Police,-0.359599,53.768341,On or near The Newlands,E01012868,Kingston upon Hull 015B,Other theft,Investigation complete; no suspect identified,
ce7fdbf2528c6c5468a7f2c2524e38635eafdd030b83fef55aa43f526a78065d,2021-05,Humberside Police,Humberside Police,-0.357502,53.764519,On or near St Monica'S Court,E01012868,Kingston upon Hull 015B,Public order,Investigation complete; no suspect identified,
5aba4c6b3eb90c45d4dc529423f9d5950566f8ff7d2a66f79013dad4172e5ca9,2021-05,Humberside Police,Humberside Police,-0.357502,53.764519,On or near St Monica'S Court,E01012868,Kingston upon Hull 015B,Public order,Investigation complete; no suspect identified,
43c1e495a0beb4b26952fc755f39921c2260fe4bc36e7615f5fa0e24ddf83068,2021-05,Humberside Police,Humberside Police,-0.358469,53.763849,On or near Supermarket,E01012868,Kingston upon Hull 015B,Public order,Investigation complete; no suspect identified,
58e33b886ba7ae8a07f53c0d9cadb783faf629ed29f0e4457e07459596098b5f,2021-05,Humberside Police,Humberside Police,-0.359276,53.766503,On or near Torrington Street,E01012868,Kingston upon Hull 015B,Public order,Court result unavailable,
385ec69c71205e7a45537c9690ede3b6bd7e42d742939b89b1bd6c069c13acc1,2021-05,Humberside Police,Humberside Police,-0.358469,53.763849,On or near Supermarket,E01012868,Kingston upon Hull 015B,Shoplifting,Investigation complete; no suspect identified,
7699f73a6114e79ee4fbd6077cc282253f86493bea7db2a3990e0616b73b7721,2021-05,Humberside Police,Humberside Police,-0.358469,53.763849,On or near Supermarket,E01012868,Kingston upon Hull 015B,Shoplifting,Investigation complete; no suspect identified,
3344f0bb3d5677deb6f11c6c50ac18ea82e826355d3dcb1beeb67eb1cc8b6b45,2021-05,Humberside Police,Humberside Police,-0.358750,53.767934,On or near Supermarket,E01012868,Kingston upon Hull 015B,Shoplifting,Investigation complete; no suspect identified,
65dbd436182d28999d05365f7f2231f67e93091e56c7ad6eb51f7a5039f5ced8,2021-05,Humberside Police,Humberside Police,-0.358469,53.763849,On or near Supermarket,E01012868,Kingston upon Hull 015B,Shoplifting,Local resolution,
2796e3fdcfb611abefb91506a68ee2e521b4b09f29d26fb1eb678af4b185ee18,2021-05,Humberside Police,Humberside Police,-0.357502,53.764519,On or near St Monica'S Court,E01012868,Kingston upon Hull 015B,Vehicle crime,Investigation complete; no suspect identified,
6821555f80322f011c8286a6405f964fb25c355f34ddd7914672b7872c09e851,2021-05,Humberside Police,Humberside Police,-0.359800,53.767058,On or near Ventnor Street,E01012868,Kingston upon Hull 015B,Vehicle crime,Investigation complete; no suspect identified,
53e6d21daa2b08738b0425f11a08e125dbce37d44e682b646cedcc24267bcbec,2021-05,Humberside Police,Humberside Police,-0.358469,53.763849,On or near Supermarket,E01012868,Kingston upon Hull 015B,Vehicle crime,Investigation complete; no suspect identified,
5f2887004eb6699201ce8b3e07418a2c28c274c943f34e0dca73c4d5f04f5d54,2021-05,Humberside Police,Humberside Police,-0.358469,53.763849,On or near Supermarket,E01012868,Kingston upon Hull 015B,Violence and sexual offences,Unable to prosecute suspect,
a9d04c0bbb23856154ff2965bba8f9e7eda1cfcdcc50380261aa4137f9d399cb,2021-05,Humberside Police,Humberside Police,-0.357502,53.764519,On or near St Monica'S Court,E01012868,Kingston upon Hull 015B,Violence and sexual offences,Unable to prosecute suspect,
773a7f1194f08edf67577a89fafc703a7740ea714691dcee0d9d60d7cd63587a,2021-05,Humberside Police,Humberside Police,-0.358469,53.763849,On or near Supermarket,E01012868,Kingston upon Hull 015B,Violence and sexual offences,Unable to prosecute suspect,
4dbcad15d89d3ba10cf42e997e2a8c329bcd3dbc5b9c463f508f719a32a01bd3,2021-05,Humberside Police,Humberside Police,-0.357502,53.764519,On or near St Monica'S Court,E01012868,Kingston upon Hull 015B,Violence and sexual offences,Unable to prosecute suspect,
72b7638fe2f3e93802cf268075be19507699d7e6e6bc60f2f8f92240b09f6216,2021-05,Humberside Police,Humberside Police,-0.359599,53.768341,On or near The Newlands,E01012868,Kingston upon Hull 015B,Violence and sexual offences,Investigation complete; no suspect identified,
954965c6cf3479bb4617276762360f60c813443904e7167e2c61472866487a6e,2021-05,Humberside Police,Humberside Police,-0.358469,53.763849,On or near Supermarket,E01012868,Kingston upon Hull 015B,Violence and sexual offences,Unable to prosecute suspect,
2fd3b0ed1b252d5afc08fc5477242087a26f54d034da206c88307ac8d1ffd766,2021-05,Humberside Police,Humberside Police,-0.358469,53.763849,On or near Supermarket,E01012868,Kingston upon Hull 015B,Violence and sexual offences,Unable to prosecute suspect,
8ed915a024b1757eb0c33a561e6b8b8c6915e979fbdbada215a14490408db2ff,2021-05,Humberside Police,Humberside Police,-0.357502,53.764519,On or near St Monica'S Court,E01012868,Kingston upon Hull 015B,Violence and sexual offences,Unable to prosecute suspect,
66cc46c9d38b85d4ed93ea829ed4c27e241434758d5c253f77ce7af98af03f85,2021-05,Humberside Police,Humberside Police,-0.357502,53.764519,On or near St Monica'S Court,E01012868,Kingston upon Hull 015B,Violence and sexual offences,Unable to prosecute suspect,
1c6d7af234e1940357e55964cd5a2100beafeaf8c9945de48cdaec3a3f9154e7,2021-05,Humberside Police,Humberside Police,-0.358469,53.763849,On or near Supermarket,E01012868,Kingston upon Hull 015B,Violence and sexual offences,Investigation complete; no suspect identified,
c191ce1207208a43447fa4fcc0ca3edb9a536d49b6ac8f3f3157e2ec4a2617c4,2021-05,Humberside Police,Humberside Police,-0.359276,53.766503,On or near Torrington Street,E01012868,Kingston upon Hull 015B,Violence and sexual offences,Court result unavailable,
679363e64caef5a5413bb5a8d0f5a46b4e792b5c7ee05de1ebb47b713338bab8,2021-05,Humberside Police,Humberside Police,-0.358469,53.763849,On or near Supermarket,E01012868,Kingston upon Hull 015B,Violence and sexual offences,Unable to prosecute suspect,
,2021-05,Humberside Police,Humberside Police,-0.350348,53.765508,On or near Washington Street,E01012869,Kingston upon Hull 015C,Anti-social behaviour,,
77e58836fdbcaf4de18e772fcc0be5f62c0be30597e4f6e14fd38df1ac398276,2021-05,Humberside Police,Humberside Police,-0.352306,53.766659,On or near Vermont Street,E01012869,Kingston upon Hull 015C,Burglary,Investigation complete; no suspect identified,
9d5d414d47ac16d407a6655f29d0a8e58dddc53f0061fc65435b359cfd469082,2021-05,Humberside Police,Humberside Police,-0.348482,53.766265,On or near Ryde Avenue,E01012869,Kingston upon Hull 015C,Burglary,Investigation complete; no suspect identified,
942466979a13914a84d101bc069d44a6db3b54069753e6bf70686cd4eaef8a93,2021-05,Humberside Police,Humberside Police,-0.352544,53.767166,On or near Brooklyn Street,E01012869,Kingston upon Hull 015C,Criminal damage and arson,Investigation complete; no suspect identified,
d516aea278e963544c9b9afeb91b0b231bf343899e2e2f0b8304065d469ec2e0,2021-05,Humberside Police,Humberside Police,-0.354743,53.767187,On or near Beech Grove,E01012869,Kingston upon Hull 015C,Criminal damage and arson,Investigation complete; no suspect identified,
e6c3120e3d321bd04ef6df817bebcc31cedbd0a48af2b49cffc23e5844d998b0,2021-05,Humberside Police,Humberside Police,-0.349579,53.766154,On or near Worthing Street,E01012869,Kingston upon Hull 015C,Criminal damage and arson,Unable to prosecute suspect,
d793a75db7ba775503fff90d5815bb8a6bb7f7aa209f942a67a946fb893ed8ad,2021-05,Humberside Police,Humberside Police,-0.352544,53.767166,On or near Brooklyn Street,E01012869,Kingston upon Hull 015C,Criminal damage and arson,Unable to prosecute suspect,
865b1dfca3ae8d708b6aae1b45755cdde3a87af5be017141a96935e261d5cda8,2021-05,Humberside Police,Humberside Police,-0.354743,53.767187,On or near Beech Grove,E01012869,Kingston upon Hull 015C,Criminal damage and arson,Investigation complete; no suspect identified,
b284fdcc5323d00d79d9cbff20b3e58007913a0d37752bb984ecd0ad96062f8f,2021-05,Humberside Police,Humberside Police,-0.352544,53.767166,On or near Brooklyn Street,E01012869,Kingston upon Hull 015C,Criminal damage and arson,Investigation complete; no suspect identified,
a7720be6ebd89017c3d4f5283d985f61f61a9ea4f7f5fd0ea1512cbdf40cbe1b,2021-05,Humberside Police,Humberside Police,-0.348482,53.766265,On or near Ryde Avenue,E01012869,Kingston upon Hull 015C,Criminal damage and arson,Investigation complete; no suspect identified,
f72fb4378df0dc35a7641bc21f80acd12c469d6f6381ca621eee51d13fb3d76c,2021-05,Humberside Police,Humberside Police,-0.352544,53.767166,On or near Brooklyn Street,E01012869,Kingston upon Hull 015C,Criminal damage and arson,Investigation complete; no suspect identified,
ed6eb7b74e1cb8fb8279d70adb6b5807ab207abdea4f950c02a73fea04db35fd,2021-05,Humberside Police,Humberside Police,-0.354978,53.766992,On or near Strathearn Street,E01012869,Kingston upon Hull 015C,Criminal damage and arson,Court result unavailable,
b9f7a10b0f3bf7528fc562b66e5a2e6632fbefb74e702b83d3d9ca2f9b5634a5,2021-05,Humberside Police,Humberside Police,-0.352306,53.766659,On or near Vermont Street,E01012869,Kingston upon Hull 015C,Drugs,Further investigation is not in the public interest,
0c184410b1411413aceab2427ee39e6efc74921e8248f8ab490559f6304e7efd,2021-05,Humberside Police,Humberside Police,-0.354743,53.767187,On or near Beech Grove,E01012869,Kingston upon Hull 015C,Other theft,Investigation complete; no suspect identified,
2aaaa57ef4895477fe9b8c0265fc4f551e97514ef8c952b954e8d7839cb16e50,2021-05,Humberside Police,Humberside Police,-0.354743,53.767187,On or near Beech Grove,E01012869,Kingston upon Hull 015C,Other theft,Investigation complete; no suspect identified,
252517fffae6000d22946b4128241747ce2a70d27b73765b99729c55c7efe2b4,2021-05,Humberside Police,Humberside Police,-0.354743,53.767187,On or near Beech Grove,E01012869,Kingston upon Hull 015C,Possession of weapons,Court result unavailable,
c31109d5629858da92d155635998867b0f2dac394ba2075d9189380bcad3287c,2021-05,Humberside Police,Humberside Police,-0.352544,53.767166,On or near Brooklyn Street,E01012869,Kingston upon Hull 015C,Public order,Unable to prosecute suspect,
5c2cb075a292d840c890e9bfd3eb345be3bd3f9a305faa28514b099b2ef86d09,2021-05,Humberside Police,Humberside Police,-0.354743,53.767187,On or near Beech Grove,E01012869,Kingston upon Hull 015C,Shoplifting,Local resolution,
1ff5e5eb4d980afb85dade0905f8a48d03880ae1f4df23445c1b7836401b1f5d,2021-05,Humberside Police,Humberside Police,-0.354743,53.767187,On or near Beech Grove,E01012869,Kingston upon Hull 015C,Shoplifting,Court result unavailable,
42306ca9d83e8dcd1abc6dcaa58bd47b324d7498f9435d1eedc08d11c955b5b3,2021-05,Humberside Police,Humberside Police,-0.354743,53.767187,On or near Beech Grove,E01012869,Kingston upon Hull 015C,Shoplifting,Unable to prosecute suspect,
135c7ce3ef5153262a2c15365fa4952bfeb84335d2f6fc3deecd279c0664cf4b,2021-05,Humberside Police,Humberside Police,-0.351524,53.768024,On or near Minton Street,E01012869,Kingston upon Hull 015C,Violence and sexual offences,Unable to prosecute suspect,
2934670551610364603d89405280ad62b9e9f1272c4834febd9188074326d52a,2021-05,Humberside Police,Humberside Police,-0.349579,53.766154,On or near Worthing Street,E01012869,Kingston upon Hull 015C,Violence and sexual offences,Action to be taken by another organisation,
a81e763942d5f7958b3733c456a69a94a3fb6a2841ee7d893b19694dbcec3177,2021-05,Humberside Police,Humberside Police,-0.354743,53.767187,On or near Beech Grove,E01012869,Kingston upon Hull 015C,Violence and sexual offences,Court result unavailable,
896f654ed100e7ce8e1141c08359a3a3961470201910831dd13cf68d9a483e94,2021-05,Humberside Police,Humberside Police,-0.354743,53.767187,On or near Beech Grove,E01012869,Kingston upon Hull 015C,Violence and sexual offences,Unable to prosecute suspect,
588391cff52a5ceee8d7b14d5509d969370771809215adba67d2f49c6dd4631e,2021-05,Humberside Police,Humberside Police,-0.351524,53.768024,On or near Minton Street,E01012869,Kingston upon Hull 015C,Violence and sexual offences,Unable to prosecute suspect,
abe59668b56e9d54e62c7b01c350536af974b78df17a7171c3fd94dd791af73c,2021-05,Humberside Police,Humberside Police,-0.354743,53.767187,On or near Beech Grove,E01012869,Kingston upon Hull 015C,Violence and sexual offences,Unable to prosecute suspect,
cc6aa657015e756b7b173bfda7425d76f08fee13271ea5a22e095beabbfadd35,2021-05,Humberside Police,Humberside Police,-0.352544,53.767166,On or near Brooklyn Street,E01012869,Kingston upon Hull 015C,Violence and sexual offences,Unable to prosecute suspect,
240b38cb947af914681eba3d44eef42d0653671819c533d0c25cde0462832be8,2021-05,Humberside Police,Humberside Police,-0.352544,53.767166,On or near Brooklyn Street,E01012869,Kingston upon Hull 015C,Violence and sexual offences,Unable to prosecute suspect,
83268942b6882406e3b388564baa1631155a75128bcca62d7052efc97a969f73,2021-05,Humberside Police,Humberside Police,-0.350348,53.765508,On or near Washington Street,E01012869,Kingston upon Hull 015C,Violence and sexual offences,Unable to prosecute suspect,
9f09f81bd7a99816583edc4af83b94198cd3d86409c0a5c264448110267d92f8,2021-05,Humberside Police,Humberside Police,-0.350348,53.765508,On or near Washington Street,E01012869,Kingston upon Hull 015C,Violence and sexual offences,Unable to prosecute suspect,
326252a150db7806778d98376e898790815e89fcf077f56845b23a6f92393498,2021-05,Humberside Police,Humberside Police,-0.350348,53.765508,On or near Washington Street,E01012869,Kingston upon Hull 015C,Violence and sexual offences,Unable to prosecute suspect,
be7b9314ed08f4bec44669cf510f15c78b79163f3e1dd2c071183b724798c5a3,2021-05,Humberside Police,Humberside Police,-0.352544,53.767166,On or near Brooklyn Street,E01012869,Kingston upon Hull 015C,Other crime,Unable to prosecute suspect,
3b03689fcc74f93a1880d2b40e8887c55ab7404004ce8101b94c9c90fdc31aae,2021-05,Humberside Police,Humberside Police,-0.352544,53.767166,On or near Brooklyn Street,E01012869,Kingston upon Hull 015C,Other crime,Unable to prosecute suspect,
,2021-05,Humberside Police,Humberside Police,-0.349744,53.762722,On or near Fitzroy Street,E01012871,Kingston upon Hull 015D,Anti-social behaviour,,
,2021-05,Humberside Police,Humberside Police,-0.347669,53.766505,On or near Houston Drive,E01012871,Kingston upon Hull 015D,Anti-social behaviour,,
a6dffd1017ebffb7644e62fb5f1ca9503a4db1cf4d78171a6bc46201791b1d1b,2021-05,Humberside Police,Humberside Police,-0.349744,53.762722,On or near Fitzroy Street,E01012871,Kingston upon Hull 015D,Burglary,Court result unavailable,
ac791e1f69f82a7d53efc9622cc0aa7d1b72e6fe9d7d57250f855b739223b3b2,2021-05,Humberside Police,Humberside Police,-0.339833,53.766289,On or near Sports/Recreation Area,E01012871,Kingston upon Hull 015D,Criminal damage and arson,Unable to prosecute suspect,
e27f3b3cbb180b9b9fceae2edc70d3728e359e1051999e94cc117aa71fb9f0b0,2021-05,Humberside Police,Humberside Police,-0.339833,53.766289,On or near Sports/Recreation Area,E01012871,Kingston upon Hull 015D,Criminal damage and arson,Court result unavailable,
056f336bf2b79c9e1d359e9faa120a22925bbac88b90bdf414e2d882b59ce270,2021-05,Humberside Police,Humberside Police,-0.348502,53.763838,On or near Selsey Close,E01012871,Kingston upon Hull 015D,Criminal damage and arson,Investigation complete; no suspect identified,
501d9b6b4495a493af408be4beccbee100001f84146135379a627a19be522a35,2021-05,Humberside Police,Humberside Police,-0.348502,53.763838,On or near Selsey Close,E01012871,Kingston upon Hull 015D,Criminal damage and arson,Investigation complete; no suspect identified,
ef3dc11bd71328a5662c2b27d941915d8fc6c6b83c62571d801700225cecdf2e,2021-05,Humberside Police,Humberside Police,-0.348160,53.762485,On or near Cromer Street,E01012871,Kingston upon Hull 015D,Criminal damage and arson,Investigation complete; no suspect identified,
6215f216418e05ae2c69fb9a3691d9648ed6994ed7b5ee400c70e33946b8b086,2021-05,Humberside Police,Humberside Police,-0.339833,53.766289,On or near Sports/Recreation Area,E01012871,Kingston upon Hull 015D,Drugs,Court result unavailable,
50d2e67f29acb3d5213d3b258f032f7c36d853a2a1fb02ec3b74ae0097e8e697,2021-05,Humberside Police,Humberside Police,-0.339833,53.766289,On or near Sports/Recreation Area,E01012871,Kingston upon Hull 015D,Drugs,Court result unavailable,
ea9b0a85a27e7c3298ac2d079b256c2dfd53ac8825ca56803cc34059fd2d7068,2021-05,Humberside Police,Humberside Police,-0.339833,53.766289,On or near Sports/Recreation Area,E01012871,Kingston upon Hull 015D,Drugs,Offender given a caution,
9fff1c4ddc37d1efc74f02eda8b79eadd223fd735b079c46a9d5dcfe5984bfda,2021-05,Humberside Police,Humberside Police,-0.348186,53.764139,On or near Ryde Street,E01012871,Kingston upon Hull 015D,Other theft,Investigation complete; no suspect identified,
0e254176b2a3e37acc32a2514436a74729acea2e44df296492d8c96ff229d38d,2021-05,Humberside Police,Humberside Police,-0.349744,53.762722,On or near Fitzroy Street,E01012871,Kingston upon Hull 015D,Possession of weapons,Court result unavailable,
e8d9c77c9585cd9267b18a2dc39b5b9ff68d942a1d13de6a3d9e017d8a6f3303,2021-05,Humberside Police,Humberside Police,-0.339833,53.766289,On or near Sports/Recreation Area,E01012871,Kingston upon Hull 015D,Public order,Unable to prosecute suspect,
b6653a2b8d8269ecb331211f0723563ef0676d1b2e6b42c07439f97d84f51e27,2021-05,Humberside Police,Humberside Police,-0.339833,53.766289,On or near Sports/Recreation Area,E01012871,Kingston upon Hull 015D,Public order,Unable to prosecute suspect,
e44968724d8ce69561d2ce454c1ed3481115a9f9dd7f26f5a961f9802d0f9432,2021-05,Humberside Police,Humberside Police,-0.339833,53.766289,On or near Sports/Recreation Area,E01012871,Kingston upon Hull 015D,Public order,Further investigation is not in the public interest,
47a47bf0c0c267657087fe5cb4429c80e1e41b18a6b22e37987d824dd65b5e39,2021-05,Humberside Police,Humberside Police,-0.339833,53.766289,On or near Sports/Recreation Area,E01012871,Kingston upon Hull 015D,Public order,Court result unavailable,
64de41d6a5dcfe69d44415a4ae4479a6e9860b74c76e421dad924492f55be616,2021-05,Humberside Police,Humberside Police,-0.347669,53.766505,On or near Houston Drive,E01012871,Kingston upon Hull 015D,Public order,Unable to prosecute suspect,
5ff9c98b5d5f4fe275d8a519bbc4861821afbf374c1857555c7b7c59bee12c8e,2021-05,Humberside Police,Humberside Police,-0.339833,53.766289,On or near Sports/Recreation Area,E01012871,Kingston upon Hull 015D,Public order,Investigation complete; no suspect identified,
6bb7b04bd4da5753e5b998681e72a9bdc1da6df0d988556f61f13eb264a9dc12,2021-05,Humberside Police,Humberside Police,-0.344218,53.767051,On or near Sissons Way,E01012871,Kingston upon Hull 015D,Shoplifting,Investigation complete; no suspect identified,
b6a4579868a55af33fa0ef676cea430f1a961e80957d0ddd82246791f3ebe25f,2021-05,Humberside Police,Humberside Police,-0.339833,53.766289,On or near Sports/Recreation Area,E01012871,Kingston upon Hull 015D,Violence and sexual offences,Unable to prosecute suspect,
e1c6d8ba1d6c01b62c886a471da879049640c36c83316c992fa168bfc86a72fb,2021-05,Humberside Police,Humberside Police,-0.339833,53.766289,On or near Sports/Recreation Area,E01012871,Kingston upon Hull 015D,Violence and sexual offences,Status update unavailable,
68c5ae310fcec173922d9712899281a288c003cfe445d9fe93d184d530f26ec2,2021-05,Humberside Police,Humberside Police,-0.339833,53.766289,On or near Sports/Recreation Area,E01012871,Kingston upon Hull 015D,Violence and sexual offences,Further action is not in the public interest,
3990b536369fc635cdc405dde84a150e84110a6c298d53c8b3a42f53f5aeaf3f,2021-05,Humberside Police,Humberside Police,-0.339833,53.766289,On or near Sports/Recreation Area,E01012871,Kingston upon Hull 015D,Violence and sexual offences,Unable to prosecute suspect,
4ca0dca186a2c5df1e715f1c643f1a3268758eba1734ae46e6858ecafdaa4d99,2021-05,Humberside Police,Humberside Police,-0.348160,53.762485,On or near Cromer Street,E01012871,Kingston upon Hull 015D,Violence and sexual offences,Unable to prosecute suspect,
e51d07046e8d0b2696299cc1d1f2f328a714ceec3e661cc9b2add00305b156d9,2021-05,Humberside Police,Humberside Police,-0.348160,53.762485,On or near Cromer Street,E01012871,Kingston upon Hull 015D,Violence and sexual offences,Unable to prosecute suspect,
0336c109a676fbb908e3c9dd371a80162e40e5ba76083d4be58bff1de1a055c8,2021-05,Humberside Police,Humberside Police,-0.347050,53.762173,On or near Folkestone Street,E01012871,Kingston upon Hull 015D,Violence and sexual offences,Action to be taken by another organisation,
3195a44a3f7a9dd5712d02fd9a43b5568b46cdfe63323188945ff1fb879487cf,2021-05,Humberside Police,Humberside Police,-0.339833,53.766289,On or near Sports/Recreation Area,E01012871,Kingston upon Hull 015D,Violence and sexual offences,Court result unavailable,
6ec25da0118ce37764f732aa81eb66d1b0c6ad01fdb6b54a681a09a8f501fe2d,2021-05,Humberside Police,Humberside Police,-0.339833,53.766289,On or near Sports/Recreation Area,E01012871,Kingston upon Hull 015D,Violence and sexual offences,Unable to prosecute suspect,
4ff06543e72f9f16fa3ece8019bd290954bec08c4752e473ca5630e8e4b8c487,2021-05,Humberside Police,Humberside Police,-0.339833,53.766289,On or near Sports/Recreation Area,E01012871,Kingston upon Hull 015D,Violence and sexual offences,Court result unavailable,
0bf0c1842cedd14c1436cf6843988fd98285976c1eb7b28ab8e11391dc7c8f39,2021-05,Humberside Police,Humberside Police,-0.339833,53.766289,On or near Sports/Recreation Area,E01012871,Kingston upon Hull 015D,Violence and sexual offences,Unable to prosecute suspect,
7316583b21fa92caaf9c5fe10f9db027d10db951d24bc90fe10be59a80e4f884,2021-05,Humberside Police,Humberside Police,-0.348160,53.762485,On or near Cromer Street,E01012871,Kingston upon Hull 015D,Violence and sexual offences,Unable to prosecute suspect,
94f8d4a32db4ace7de887d3144c963524ffaebac66d6ea2ac1dfa8e6833067c6,2021-05,Humberside Police,Humberside Police,-0.344609,53.762903,On or near Abbey Way,E01012871,Kingston upon Hull 015D,Violence and sexual offences,Action to be taken by another organisation,
0aab33fb17e9f086d7840a8016cf4da36e4724513eb4e6b9a10e17f0d1f82ae1,2021-05,Humberside Police,Humberside Police,-0.347050,53.762173,On or near Folkestone Street,E01012871,Kingston upon Hull 015D,Violence and sexual offences,Unable to prosecute suspect,
d8f8b755a83bed68e81a7a28ac8fb07e0f86db1fc08c5eca218496fbc1f017fa,2021-05,Humberside Police,Humberside Police,-0.339833,53.766289,On or near Sports/Recreation Area,E01012871,Kingston upon Hull 015D,Violence and sexual offences,Court result unavailable,
fdf11df0cb6ee30d00a6618eb1b079990bd6f33c3a0caecdb8cd46bf3c683fe1,2021-05,Humberside Police,Humberside Police,-0.348160,53.762485,On or near Cromer Street,E01012871,Kingston upon Hull 015D,Violence and sexual offences,Unable to prosecute suspect,
e9e1b14c14d7f7da3f7a423621f3e3db08b2cffb04c4ce625c5a8d20b04c5736,2021-05,Humberside Police,Humberside Police,-0.339833,53.766289,On or near Sports/Recreation Area,E01012871,Kingston upon Hull 015D,Violence and sexual offences,Further action is not in the public interest,
2197ceb8fad6e93f4de121da9746bcb9b202dc3d28f916a45cc660b04c7f23c1,2021-05,Humberside Police,Humberside Police,-0.339833,53.766289,On or near Sports/Recreation Area,E01012871,Kingston upon Hull 015D,Violence and sexual offences,Court result unavailable,
f266cac156301a96ebb0721a192591227bf9584d9569b0708fe00e3411eff835,2021-05,Humberside Police,Humberside Police,-0.339833,53.766289,On or near Sports/Recreation Area,E01012871,Kingston upon Hull 015D,Violence and sexual offences,Court result unavailable,
7dec7f7c9e22d7a2801f3a69bd35904418db60be8ad3700004b128d2bd43b03d,2021-05,Humberside Police,Humberside Police,-0.339833,53.766289,On or near Sports/Recreation Area,E01012871,Kingston upon Hull 015D,Violence and sexual offences,Court result unavailable,
6121b230aec02e78df71ecccaec13df183bb87bdbdb387de458c159ce57f0b55,2021-05,Humberside Police,Humberside Police,-0.344609,53.762903,On or near Abbey Way,E01012871,Kingston upon Hull 015D,Violence and sexual offences,Action to be taken by another organisation,
e4fdb1707f7a70abfea3582209096c1857212962dff6c8a4f403556d4cb6ed8e,2021-05,Humberside Police,Humberside Police,-0.339833,53.766289,On or near Sports/Recreation Area,E01012871,Kingston upon Hull 015D,Other crime,Unable to prosecute suspect,
adf97c6964c7572518523bbe40638928dbcefef902af87c48efce68c5a6f0761,2021-05,Humberside Police,Humberside Police,-0.339833,53.766289,On or near Sports/Recreation Area,E01012871,Kingston upon Hull 015D,Other crime,Unable to prosecute suspect,
ddd6459fcc95b022c3358b6ecfb79addb72e583f1c193ad68dee3ec1b736b66e,2021-05,Humberside Police,Humberside Police,-0.339833,53.766289,On or near Sports/Recreation Area,E01012871,Kingston upon Hull 015D,Other crime,Further action is not in the public interest,
595766f95d1742814b3df1b16d30f95cbf4ff16c1ab921eb82c0a84c3cdb2ce5,2021-05,Humberside Police,Humberside Police,-0.339833,53.766289,On or near Sports/Recreation Area,E01012871,Kingston upon Hull 015D,Other crime,Action to be taken by another organisation,
b28413585a0496feb915fdd577dd42c9db8fa4223d11648ece1361bebc041b1b,2021-05,Humberside Police,Humberside Police,-0.339833,53.766289,On or near Sports/Recreation Area,E01012871,Kingston upon Hull 015D,Other crime,Further action is not in the public interest,
3dac06810d09bc76ae0b061b44908839375a210a1f24b58c0a77fa04e05ccce1,2021-05,Humberside Police,Humberside Police,-0.339833,53.766289,On or near Sports/Recreation Area,E01012871,Kingston upon Hull 015D,Other crime,Unable to prosecute suspect,
4cfe9908523d04303d2f73a9fc51e0dca93c30d2da79f37bfa529498bed26589,2021-05,Humberside Police,Humberside Police,-0.339833,53.766289,On or near Sports/Recreation Area,E01012871,Kingston upon Hull 015D,Other crime,Status update unavailable,
a1572b27be76387fc42eef73610cfffbc35e3cd51755c30c32776e3b289653f3,2021-05,Humberside Police,Humberside Police,-0.339833,53.766289,On or near Sports/Recreation Area,E01012871,Kingston upon Hull 015D,Other crime,Unable to prosecute suspect,
5af6462eef03fbb7126645258ae257a58100035834ae689eabb9c2533dbb2d35,2021-05,Humberside Police,Humberside Police,-0.339833,53.766289,On or near Sports/Recreation Area,E01012871,Kingston upon Hull 015D,Other crime,Unable to prosecute suspect,
9c809dc57b08cd64c2e20dfcd3d0f37873847760bd1b99179ba67f73ad0abbdb,2021-05,Humberside Police,Humberside Police,-0.339833,53.766289,On or near Sports/Recreation Area,E01012871,Kingston upon Hull 015D,Other crime,Investigation complete; no suspect identified,
4dc8450c5de4bae47d4adc5ed67641de6a3b3e5bdb3fd2419a35117d44655690,2021-05,Humberside Police,Humberside Police,-0.339833,53.766289,On or near Sports/Recreation Area,E01012871,Kingston upon Hull 015D,Other crime,Status update unavailable,
e8d7ec4215332fad23e9051d1dad1b1e33b90cf090c18b819154e32ade093220,2021-05,Humberside Police,Humberside Police,-0.339833,53.766289,On or near Sports/Recreation Area,E01012871,Kingston upon Hull 015D,Other crime,Status update unavailable,
09a354f7a6913b0167dcecb2aad9e48a4a5ed0bc4f5eb6638815bd2ceeeb033d,2021-05,Humberside Police,Humberside Police,-0.339833,53.766289,On or near Sports/Recreation Area,E01012871,Kingston upon Hull 015D,Other crime,Unable to prosecute suspect,
f8f3f485c4e54241738876887e017707a9a13cad19b014e18e268991f2d053b9,2021-05,Humberside Police,Humberside Police,-0.339833,53.766289,On or near Sports/Recreation Area,E01012871,Kingston upon Hull 015D,Other crime,Unable to prosecute suspect,
29d113a1a6bfd996a2b8d1970262675e68bf9e615329639cc06d25c9f27a4df8,2021-05,Humberside Police,Humberside Police,-0.339833,53.766289,On or near Sports/Recreation Area,E01012871,Kingston upon Hull 015D,Other crime,Further action is not in the public interest,
935beabf1e0ce08e4df68afcb1918987a3c68d49ff446081b258cc236ff6777d,2021-05,Humberside Police,Humberside Police,-0.339833,53.766289,On or near Sports/Recreation Area,E01012871,Kingston upon Hull 015D,Other crime,Status update unavailable,
6c40f59fb8b982bcb421a011f4b86d4b4a2247190cda747a1f692252cf47c7a6,2021-05,Humberside Police,Humberside Police,-0.339833,53.766289,On or near Sports/Recreation Area,E01012871,Kingston upon Hull 015D,Other crime,Unable to prosecute suspect,
eef5e27880a1d1cb2eaee2510c05a8b07829a3ec48f6398027323dcc16162968,2021-05,Humberside Police,Humberside Police,-0.339833,53.766289,On or near Sports/Recreation Area,E01012871,Kingston upon Hull 015D,Other crime,Status update unavailable,
,2021-05,Humberside Police,Humberside Police,-0.355152,53.763327,On or near Lambert Street,E01012872,Kingston upon Hull 015E,Anti-social behaviour,,
,2021-05,Humberside Police,Humberside Police,-0.356721,53.762387,On or near Prince'S Road,E01012872,Kingston upon Hull 015E,Anti-social behaviour,,
39760440b1c073aa3a7a62bedab2c4ae9d3444f05080d586bef3f1141cc813dd,2021-05,Humberside Police,Humberside Police,-0.353092,53.762445,On or near Maple Street,E01012872,Kingston upon Hull 015E,Bicycle theft,Status update unavailable,
742f4cffaccee93f81bdfd7bbd8ecdf5ef8f741aadf8b08b187c0eefd96a078e,2021-05,Humberside Police,Humberside Police,-0.352157,53.764248,On or near Petrol Station,E01012872,Kingston upon Hull 015E,Burglary,Investigation complete; no suspect identified,
af1ffc59c13e42e11adbe254e04d0fc8c083da6bdca8537f1b6e60579dff19c3,2021-05,Humberside Police,Humberside Police,-0.354985,53.762543,On or near De Grey Street,E01012872,Kingston upon Hull 015E,Burglary,Court result unavailable,
67e4414388e197d941928e3860121fa51f1e4aa2d77af1adaf3bc4f8105a4588,2021-05,Humberside Police,Humberside Police,-0.355516,53.764860,On or near Alexandra Road,E01012872,Kingston upon Hull 015E,Criminal damage and arson,Court result unavailable,
240458a6ab626f83ada5874b03f7e44f94f5039758f3a9ca53c1e395410f3ee8,2021-05,Humberside Police,Humberside Police,-0.357730,53.761789,On or near Chesnut Avenue,E01012872,Kingston upon Hull 015E,Criminal damage and arson,Investigation complete; no suspect identified,
8a3ccc439351a55cc9d98281f9c67e59a1c4c41baa3446e65ef6b255445535e2,2021-05,Humberside Police,Humberside Police,-0.353092,53.762445,On or near Maple Street,E01012872,Kingston upon Hull 015E,Criminal damage and arson,Court result unavailable,
a9544e20673a0d64caf1ca84ddc20d9bffd2c1b86804fd02a00e51970c51ce1e,2021-05,Humberside Police,Humberside Police,-0.356721,53.762387,On or near Prince'S Road,E01012872,Kingston upon Hull 015E,Other theft,Investigation complete; no suspect identified,
a7303b27318ab55b11616c07e97d7e6fe4882ba3ef6dd15adeeac95b6e90c284,2021-05,Humberside Police,Humberside Police,-0.353092,53.762445,On or near Maple Street,E01012872,Kingston upon Hull 015E,Possession of weapons,Unable to prosecute suspect,
efe4458b0451da884038642fbc8f49233e7c3f5860feb05f1d7ee8cc841e0068,2021-05,Humberside Police,Humberside Police,-0.357730,53.761789,On or near Chesnut Avenue,E01012872,Kingston upon Hull 015E,Public order,Court result unavailable,
bbc27a3f046c9b19c889a66e47601f228902d0b019785aecd2c6fa082d0378d5,2021-05,Humberside Police,Humberside Police,-0.357730,53.761789,On or near Chesnut Avenue,E01012872,Kingston upon Hull 015E,Public order,Court result unavailable,
2373492181a3c7e2998bff74b641d95eb452d747426402b1ba88da4d22984c4c,2021-05,Humberside Police,Humberside Police,-0.355337,53.764013,On or near Grafton Street,E01012872,Kingston upon Hull 015E,Vehicle crime,Investigation complete; no suspect identified,
5403b8659561a3cf5e70bbd450c3e07ea6b96fa452d5d0556c6e0d71e797e9b2,2021-05,Humberside Police,Humberside Police,-0.355516,53.764860,On or near Alexandra Road,E01012872,Kingston upon Hull 015E,Violence and sexual offences,Court result unavailable,
217c03820015b828af7286a7f4349a952520a2eab3ad1b03b7f119787612c5ce,2021-05,Humberside Police,Humberside Police,-0.352157,53.764248,On or near Petrol Station,E01012872,Kingston upon Hull 015E,Violence and sexual offences,Court result unavailable,
9e4738cb62636bb19619431d29c4435b4b2d83fb904c17ff5a03b27ecf0ffa03,2021-05,Humberside Police,Humberside Police,-0.355337,53.764013,On or near Grafton Street,E01012872,Kingston upon Hull 015E,Violence and sexual offences,Unable to prosecute suspect,
432b6ad39cad78245b732ad516148329722721a9bb03c788662e289a8fbabada,2021-05,Humberside Police,Humberside Police,-0.357730,53.761789,On or near Chesnut Avenue,E01012872,Kingston upon Hull 015E,Violence and sexual offences,Investigation complete; no suspect identified,
6a8955b8264e0b78338c8447957d0cf2fbe05eb8052b6c7aca02426b52873a16,2021-05,Humberside Police,Humberside Police,-0.353092,53.762445,On or near Maple Street,E01012872,Kingston upon Hull 015E,Violence and sexual offences,Court result unavailable,
5f238d253b641ec5f6fa65e81ab36f44bc20a4093770192f62e2f73e52e95feb,2021-05,Humberside Police,Humberside Police,-0.352157,53.764248,On or near Petrol Station,E01012872,Kingston upon Hull 015E,Violence and sexual offences,Unable to prosecute suspect,
1ace7794f2058cddf85efb2efcbd70b98b678ff409e5d73c896a1991cf05392f,2021-05,Humberside Police,Humberside Police,-0.355152,53.763327,On or near Lambert Street,E01012872,Kingston upon Hull 015E,Violence and sexual offences,Unable to prosecute suspect,
3e44f0ddc3fb30ce2d78bf8ed3bee70a1b608aa31cac9f84cbc14a3edcfd381a,2021-05,Humberside Police,Humberside Police,-0.355152,53.763327,On or near Lambert Street,E01012872,Kingston upon Hull 015E,Violence and sexual offences,Unable to prosecute suspect,
7efb0992f9bad4b6f2caf09667b8dd6c6ca1018e518db304a62f14aecc5f67b0,2021-05,Humberside Police,Humberside Police,-0.352157,53.764248,On or near Petrol Station,E01012872,Kingston upon Hull 015E,Violence and sexual offences,Unable to prosecute suspect,
422e298bb683b82d60186b91dc5df5e748b23ee944320683644a7cd01ef23afb,2021-05,Humberside Police,Humberside Police,-0.353092,53.762445,On or near Maple Street,E01012872,Kingston upon Hull 015E,Violence and sexual offences,Unable to prosecute suspect,
435e96a01971583ce75218f8199d9efa6f2c525107334af5c02dff87b3ea4618,2021-05,Humberside Police,Humberside Police,-0.353092,53.762445,On or near Maple Street,E01012872,Kingston upon Hull 015E,Violence and sexual offences,Unable to prosecute suspect,
5e01b8035bf61cf6097280f9aaf2854007542af09e6668a40357a3d25d603a27,2021-05,Humberside Police,Humberside Police,-0.356721,53.762387,On or near Prince'S Road,E01012872,Kingston upon Hull 015E,Violence and sexual offences,Unable to prosecute suspect,
b8cc1bbd9b63757e5ebe34d016aff9fb02e260fa1b8a9723866cf24698994dab,2021-05,Humberside Police,Humberside Police,-0.356041,53.765029,On or near Thearne Close,E01012872,Kingston upon Hull 015E,Violence and sexual offences,Unable to prosecute suspect,
b58fb467ddb34612f9f0e1ad096144841c26498b2894d5aa8d55b6adb62b53b9,2021-05,Humberside Police,Humberside Police,-0.356721,53.762387,On or near Prince'S Road,E01012872,Kingston upon Hull 015E,Violence and sexual offences,Unable to prosecute suspect,
1225854859ddf941691197d1e63180785dc7b5c7f7b7b5edf48dd533f7bd8911,2021-05,Humberside Police,Humberside Police,-0.352157,53.764248,On or near Petrol Station,E01012872,Kingston upon Hull 015E,Violence and sexual offences,Unable to prosecute suspect,
d0b9ce7c3a99df464f4044eaa65c376fc8be52b3a76f59fd202545df14ce4726,2021-05,Humberside Police,Humberside Police,-0.357730,53.761789,On or near Chesnut Avenue,E01012872,Kingston upon Hull 015E,Other crime,Unable to prosecute suspect,
,2021-05,Humberside Police,Humberside Police,-0.324138,53.760749,On or near Brackley Close,E01012804,Kingston upon Hull 016A,Anti-social behaviour,,
,2021-05,Humberside Police,Humberside Police,-0.316730,53.761257,On or near Lilac Avenue,E01012804,Kingston upon Hull 016A,Anti-social behaviour,,
,2021-05,Humberside Police,Humberside Police,-0.324138,53.760749,On or near Brackley Close,E01012804,Kingston upon Hull 016A,Anti-social behaviour,,
75f828a629df0690e193c3ae7f31e43d4e08481747fee117be4cb39cc0405428,2021-05,Humberside Police,Humberside Police,-0.316730,53.761257,On or near Lilac Avenue,E01012804,Kingston upon Hull 016A,Burglary,Investigation complete; no suspect identified,
38a551755ff763123f4be6f867423500469659ef158291e795517f7ecc36441d,2021-05,Humberside Police,Humberside Police,-0.318312,53.763796,On or near Pavilion Close,E01012804,Kingston upon Hull 016A,Criminal damage and arson,Unable to prosecute suspect,
8d4437a0015dedb3d537fec66e21dc438eef2e1811e1c9c0da3f68bbe3014e99,2021-05,Humberside Police,Humberside Police,-0.322632,53.757420,On or near Montrose Street,E01012806,Kingston upon Hull 016B,Criminal damage and arson,Investigation complete; no suspect identified,
1a7e2de067c52c1eb215a500bb70e310259d76fbf2ff4902bfdbb22e37a9c289,2021-05,Humberside Police,Humberside Police,-0.329983,53.757963,On or near Shopping Area,E01012806,Kingston upon Hull 016B,Criminal damage and arson,Court result unavailable,
ffa470d12cee059bb27cfb9011de917bf41b75cdd9146852e834baa551c1e01b,2021-05,Humberside Police,Humberside Police,-0.329429,53.763520,On or near Morley Street,E01012806,Kingston upon Hull 016B,Criminal damage and arson,Investigation complete; no suspect identified,
f2056100c511099bb1349e8c66a06e180f5f6a29dec0094a1f66ad9575dd963d,2021-05,Humberside Police,Humberside Police,-0.322632,53.757420,On or near Montrose Street,E01012806,Kingston upon Hull 016B,Criminal damage and arson,Investigation complete; no suspect identified,
dac43e7d73628a18d0d99b805db5ab79468701a495129c0bf5cfc71342a4e113,2021-05,Humberside Police,Humberside Police,-0.329983,53.757963,On or near Shopping Area,E01012806,Kingston upon Hull 016B,Criminal damage and arson,Court result unavailable,
4000be67183daa19267af206e45cac2d1873e5b1f0bcaab7b0c45bf9142f0ae1,2021-05,Humberside Police,Humberside Police,-0.329983,53.757963,On or near Shopping Area,E01012806,Kingston upon Hull 016B,Criminal damage and arson,Court result unavailable,
78156c1121533e1147fd9bc11c62fafae7c067f9e3b644c09b6ff1ce709d11a0,2021-05,Humberside Police,Humberside Police,-0.318530,53.759116,On or near Derwent Street,E01012806,Kingston upon Hull 016B,Public order,Unable to prosecute suspect,
62d81b5004f0215d00ec45b702ef63baad638053dcc2e5470d5bd95b2d15bd37,2021-05,Humberside Police,Humberside Police,-0.320588,53.757715,On or near Cudworth Grove,E01012806,Kingston upon Hull 016B,Public order,Unable to prosecute suspect,
2065c7c25c9c198bc094d87565cd120bb2ec9b41e7a054f30d77487c26561900,2021-05,Humberside Police,Humberside Police,-0.319922,53.757310,On or near Oakwell Grove,E01012806,Kingston upon Hull 016B,Public order,Local resolution,
8f7b05f2caa8ed085f4e121ea0d7b2bfff42c31ffea048257fada5668a3c50c8,2021-05,Humberside Police,Humberside Police,-0.319922,53.757310,On or near Oakwell Grove,E01012806,Kingston upon Hull 016B,Public order,Local resolution,
8b688fb89b1061564ba91c8a7bf5d37ed5e71fa235eb7d0d382b5d5581e9ec86,2021-05,Humberside Police,Humberside Police,-0.322632,53.757420,On or near Montrose Street,E01012806,Kingston upon Hull 016B,Public order,Unable to prosecute suspect,
5e62ed31d5fac58ecd7a77651f44df401c7f931c32cca9ec1ff5522089fe4986,2021-05,Humberside Police,Humberside Police,-0.320147,53.758131,On or near Endymion Street,E01012806,Kingston upon Hull 016B,Shoplifting,Investigation complete; no suspect identified,
fa0afdcd3ab7c41c7e2208b3b24353c1d7c3b7b5bbcdd530cae12f576eda9a31,2021-05,Humberside Police,Humberside Police,-0.319922,53.757310,On or near Oakwell Grove,E01012806,Kingston upon Hull 016B,Violence and sexual offences,Local resolution,
de9a4cda9c9968937fd7005b25fac1ec7712098a2f7134914698b4f1d8a5f328,2021-05,Humberside Police,Humberside Police,-0.321989,53.756045,On or near Dansom Lane North,E01012806,Kingston upon Hull 016B,Violence and sexual offences,Unable to prosecute suspect,
992e739527739998a358f47307106daa75c687457b906fe70bc473f32558ed9f,2021-05,Humberside Police,Humberside Police,-0.322632,53.757420,On or near Montrose Street,E01012806,Kingston upon Hull 016B,Violence and sexual offences,Unable to prosecute suspect,
d97248ee18ea8940950671e82de8940fb13c0130d664b21124ba8b70abe56837,2021-05,Humberside Police,Humberside Police,-0.319922,53.757310,On or near Oakwell Grove,E01012806,Kingston upon Hull 016B,Violence and sexual offences,Unable to prosecute suspect,
fffba8eb124f435cecb71848b2bd2bedc1603b9888cfe5387a0bdb69d282b68c,2021-05,Humberside Police,Humberside Police,-0.316672,53.758146,On or near Berkshire Street,E01012806,Kingston upon Hull 016B,Violence and sexual offences,Unable to prosecute suspect,
db54a5294f6c39fbb20fbe2744f3b087ebc8887ceaa52c2af730c1431e2ecdb7,2021-05,Humberside Police,Humberside Police,-0.320147,53.758131,On or near Endymion Street,E01012806,Kingston upon Hull 016B,Violence and sexual offences,Unable to prosecute suspect,
dc772c30d4dea6b87fabec9e1f13402c21612b0711f26c86a9937e1755026447,2021-05,Humberside Police,Humberside Police,-0.316672,53.758146,On or near Berkshire Street,E01012806,Kingston upon Hull 016B,Violence and sexual offences,Unable to prosecute suspect,
1ce7c1e2d521a22d1a63f306168c33b1d1c3eaf4827ba838f065391baad05361,2021-05,Humberside Police,Humberside Police,-0.320147,53.758131,On or near Endymion Street,E01012806,Kingston upon Hull 016B,Other crime,Unable to prosecute suspect,
66ceabe30533eb9b5460eb2c78bac68fba58047efd7badd66f7fa5036efd13b4,2021-05,Humberside Police,Humberside Police,-0.313934,53.759464,On or near Beech Avenue,E01012807,Kingston upon Hull 016C,Drugs,Offender given a caution,
fd2978f0f90c0ecb1aa8bf3ffb1b449cc4980122bf9fc047afaa5b98ff3c2c80,2021-05,Humberside Police,Humberside Police,-0.310688,53.760228,On or near Maple Grove,E01012807,Kingston upon Hull 016C,Vehicle crime,Unable to prosecute suspect,
a08042206e00ab8e7dcc5ccbea80bffe5c7f1eaca9669181e5a9a64050e314ba,2021-05,Humberside Police,Humberside Police,-0.314328,53.761007,On or near Elm Avenue,E01012807,Kingston upon Hull 016C,Other crime,Court result unavailable,
,2021-05,Humberside Police,Humberside Police,-0.325106,53.770345,On or near Glebe Road,E01012817,Kingston upon Hull 016D,Anti-social behaviour,,
,2021-05,Humberside Police,Humberside Police,-0.325509,53.768229,On or near Rix Road,E01012817,Kingston upon Hull 016D,Anti-social behaviour,,
,2021-05,Humberside Police,Humberside Police,-0.325509,53.768229,On or near Rix Road,E01012817,Kingston upon Hull 016D,Anti-social behaviour,,
afdd1dcb39447218b8d0430acf85e9f06bf80de28a6d1ccddf08f86bcca860b8,2021-05,Humberside Police,Humberside Police,-0.324684,53.766096,On or near Lorraine Street,E01012817,Kingston upon Hull 016D,Criminal damage and arson,Court result unavailable,
a49861f53897f9fb3d05a7d48aa359db1d52c2d708c7cd3b26a50c3b3d6a5400,2021-05,Humberside Police,Humberside Police,-0.327271,53.766276,On or near Stoneferry Road,E01012817,Kingston upon Hull 016D,Criminal damage and arson,Court result unavailable,
36fd94420b2a57dfb04b48a414ea2637591459977f18d83e662694582259e657,2021-05,Humberside Police,Humberside Police,-0.327629,53.769104,On or near Stoneferry Road,E01012817,Kingston upon Hull 016D,Criminal damage and arson,Investigation complete; no suspect identified,
ff7ebd70c38289b4ff7f33aecf0ad18782268f11e5f4883263c63f530cdfa599,2021-05,Humberside Police,Humberside Police,-0.325106,53.770345,On or near Glebe Road,E01012817,Kingston upon Hull 016D,Criminal damage and arson,Investigation complete; no suspect identified,
97b1381206d9bdc0a9246b3b8ed0a71498ae6081dce10e6dc991f8cdaee7c7cc,2021-05,Humberside Police,Humberside Police,-0.324684,53.766096,On or near Lorraine Street,E01012817,Kingston upon Hull 016D,Drugs,Offender given a caution,
1c0fc52d23dc124610cb311d92b4aaf909f2764ce88c75d7144dc7ef70499dae,2021-05,Humberside Police,Humberside Police,-0.323631,53.774630,On or near Hamburg Road,E01012817,Kingston upon Hull 016D,Other theft,Investigation complete; no suspect identified,
b3269f92d78f56d894ff957695148fe21a7dbb6571d20122905552b785b22c4b,2021-05,Humberside Police,Humberside Police,-0.327271,53.766276,On or near Stoneferry Road,E01012817,Kingston upon Hull 016D,Public order,Investigation complete; no suspect identified,
c8ba60ba10432311ce2c552d74a08f78cbfa92b15ce1493338fc0a2cf0ae3765,2021-05,Humberside Police,Humberside Police,-0.325106,53.770345,On or near Glebe Road,E01012817,Kingston upon Hull 016D,Public order,Unable to prosecute suspect,
6f53f9b55758d6d63656ade55b80b02f4e2f1f8d14cd27bfd12b84a2955a0ebb,2021-05,Humberside Police,Humberside Police,-0.324684,53.766096,On or near Lorraine Street,E01012817,Kingston upon Hull 016D,Public order,Unable to prosecute suspect,
93e80b441790faf955f377222942efba75b1346b3b9e3f2282f8cf81cf2523c7,2021-05,Humberside Police,Humberside Police,-0.332363,53.777521,On or near Parking Area,E01012817,Kingston upon Hull 016D,Public order,Investigation complete; no suspect identified,
140d3c606dcbd86ccd15aaf2a2af10296045e7155b820afc34e8bae353676e27,2021-05,Humberside Police,Humberside Police,-0.332363,53.777521,On or near Parking Area,E01012817,Kingston upon Hull 016D,Shoplifting,Unable to prosecute suspect,
adbea572cbac45bc9b865e4b93febeb21b6dc50dd4dbafe7ae539ffba4a5f12b,2021-05,Humberside Police,Humberside Police,-0.324684,53.766096,On or near Lorraine Street,E01012817,Kingston upon Hull 016D,Violence and sexual offences,Unable to prosecute suspect,
ad8f9d3d9a709bc995c0c1391280b9319dbafee2a9b7fdcc4df5cc49229ffa0d,2021-05,Humberside Police,Humberside Police,-0.332363,53.777521,On or near Parking Area,E01012817,Kingston upon Hull 016D,Violence and sexual offences,Unable to prosecute suspect,
628f73afd972118cdb45190d4684f8c741b658c7acef53411a5a91cd1c8b9d33,2021-05,Humberside Police,Humberside Police,-0.324482,53.765437,On or near Mayville Avenue,E01012817,Kingston upon Hull 016D,Violence and sexual offences,Unable to prosecute suspect,
343a4fbca842b8d479202bf58ac430e5caf9279b1a665dac1f9d895da70f496c,2021-05,Humberside Police,Humberside Police,-0.324482,53.765437,On or near Mayville Avenue,E01012817,Kingston upon Hull 016D,Violence and sexual offences,Court result unavailable,
adf9f0c8fdc1a4b62bccac9a21d707cd861192ffd560ca1256f1d31e478bcf2c,2021-05,Humberside Police,Humberside Police,-0.324684,53.766096,On or near Lorraine Street,E01012817,Kingston upon Hull 016D,Violence and sexual offences,Court result unavailable,
a3f386d410e8fc26678617c7712b5841845c0c2dd037812598190ad5d2c5ac35,2021-05,Humberside Police,Humberside Police,-0.324684,53.766096,On or near Lorraine Street,E01012817,Kingston upon Hull 016D,Violence and sexual offences,Court result unavailable,
cbe347564e7c98a93259bfc04c201e74c444a40969f6f3c51f7c0d3edea42da0,2021-05,Humberside Police,Humberside Police,-0.327271,53.766276,On or near Stoneferry Road,E01012817,Kingston upon Hull 016D,Violence and sexual offences,Local resolution,
3b4b13c555be9bd68c26b4b250b87e9a779c5d093ad7dbab134c223ad07e2d6c,2021-05,Humberside Police,Humberside Police,-0.327271,53.766276,On or near Stoneferry Road,E01012817,Kingston upon Hull 016D,Violence and sexual offences,Unable to prosecute suspect,
094ebc1da42d36e8207fd6caced7b54d52d8d40745b014fefe89012e91b35892,2021-05,Humberside Police,Humberside Police,-0.324684,53.766096,On or near Lorraine Street,E01012817,Kingston upon Hull 016D,Violence and sexual offences,Court result unavailable,
ca5f5d1f9ec8edb114fe97f12d7fd0ff664aa8aacc7b3bad32315b3d25a56cac,2021-05,Humberside Police,Humberside Police,-0.324035,53.769809,On or near Foredyke Avenue,E01012817,Kingston upon Hull 016D,Violence and sexual offences,Offender given a caution,
442c95a8dc5ba2b6ce1cd9c751c61ac8c36c892e24287c79bf42c0e3de73ee28,2021-05,Humberside Police,Humberside Police,-0.324684,53.766096,On or near Lorraine Street,E01012817,Kingston upon Hull 016D,Violence and sexual offences,Court result unavailable,
a0819ac1045787d912cf438d90db215b40b311d0f0b0a316fca4bfad4661b60e,2021-05,Humberside Police,Humberside Police,-0.324684,53.766096,On or near Lorraine Street,E01012817,Kingston upon Hull 016D,Other crime,Awaiting court outcome,
e11dc1d8b9cccde201730d18ac40505143921c23b3c02339a81103f10a04915c,2021-05,Humberside Police,Humberside Police,-0.313777,53.765287,On or near Dornoch Drive,E01012819,Kingston upon Hull 016E,Public order,Unable to prosecute suspect,
f4a0fcee05a11ff20d35efb36a647d5f1928e93310ad1e42706e3156cecc548d,2021-05,Humberside Police,Humberside Police,-0.309755,53.762300,On or near Chaucer Street,E01012819,Kingston upon Hull 016E,Public order,Unable to prosecute suspect,
113135ace84d8f278d4e269ff2a297456bd911cf881ead5c2e78bf8648832668,2021-05,Humberside Police,Humberside Police,-0.311075,53.763065,On or near Marlowe Street,E01012819,Kingston upon Hull 016E,Public order,Unable to prosecute suspect,
b8e8bac83f50c98c9ed07d6187c04b1dc3e5f2db148294b762243d23a82a72a1,2021-05,Humberside Police,Humberside Police,-0.311075,53.763065,On or near Marlowe Street,E01012819,Kingston upon Hull 016E,Violence and sexual offences,Unable to prosecute suspect,
d9315d68c207f897b4ffb23824a917e9a7aab46e0bcae618ffc6e3ade7fbdcd1,2021-05,Humberside Police,Humberside Police,-0.311075,53.763065,On or near Marlowe Street,E01012819,Kingston upon Hull 016E,Violence and sexual offences,Unable to prosecute suspect,
4a492e49a641a030b89d27732ef385993eb7d98b717edc28f8013afa5fe4d875,2021-05,Humberside Police,Humberside Police,-0.317695,53.765585,On or near Rockford Avenue,E01012819,Kingston upon Hull 016E,Violence and sexual offences,Investigation complete; no suspect identified,
20f1a9612d8a8d602495d53985549cffd948b7e109eee6177f2d47a44cc38262,2021-05,Humberside Police,Humberside Police,-0.311075,53.763065,On or near Marlowe Street,E01012819,Kingston upon Hull 016E,Violence and sexual offences,Investigation complete; no suspect identified,
524ce47929cf7bcd555ba93516dc5bc687e39392894c1946cb2993336b4ef919,2021-05,Humberside Police,Humberside Police,-0.317695,53.765585,On or near Rockford Avenue,E01012819,Kingston upon Hull 016E,Violence and sexual offences,Investigation complete; no suspect identified,
a4b47a92dc9ae8f9f70ee4e34d9f2d48c9e27f46c50a138e0e8df04033de1984,2021-05,Humberside Police,Humberside Police,-0.317695,53.765585,On or near Rockford Avenue,E01012819,Kingston upon Hull 016E,Violence and sexual offences,Local resolution,
b60b727e7d149b818c28645bae7d2a1b1e7d9bc34b22cffaa0fbfb269f094b89,2021-05,Humberside Police,Humberside Police,-0.317695,53.765585,On or near Rockford Avenue,E01012819,Kingston upon Hull 016E,Violence and sexual offences,Local resolution,
,2021-05,Humberside Police,Humberside Police,-0.264730,53.763347,On or near Taylor Avenue,E01012841,Kingston upon Hull 017A,Anti-social behaviour,,
,2021-05,Humberside Police,Humberside Police,-0.267762,53.763031,On or near Hornby Grove,E01012841,Kingston upon Hull 017A,Anti-social behaviour,,
c8d9700acce260879e2d04c6f61f7779f9009b92db3b31a01e6f8240a6f9a7c1,2021-05,Humberside Police,Humberside Police,-0.264730,53.763347,On or near Taylor Avenue,E01012841,Kingston upon Hull 017A,Criminal damage and arson,Investigation complete; no suspect identified,
539de379fcb4064ea4ca1c17da4fa35cb8c96da8f2f6e099e80e986fc20cdb52,2021-05,Humberside Police,Humberside Police,-0.264730,53.763347,On or near Taylor Avenue,E01012841,Kingston upon Hull 017A,Criminal damage and arson,Court result unavailable,
37a2211a3c8bf74a68a5650afccd97a6875f93b75ad631d644e53c7b1e6da78e,2021-05,Humberside Police,Humberside Police,-0.264730,53.763347,On or near Taylor Avenue,E01012841,Kingston upon Hull 017A,Criminal damage and arson,Court result unavailable,
81a0245cf34df49ef86da59e618026a5e14ef6583bb4838e7cb328f3ae32d309,2021-05,Humberside Police,Humberside Police,-0.264730,53.763347,On or near Taylor Avenue,E01012841,Kingston upon Hull 017A,Drugs,Court result unavailable,
d92e84a830227dd1a00d16a0a2cf9883bd1809ee30fd1d293a772b462184025c,2021-05,Humberside Police,Humberside Police,-0.264730,53.763347,On or near Taylor Avenue,E01012841,Kingston upon Hull 017A,Other theft,Investigation complete; no suspect identified,
29c92cf8bcfd86da3369802c9c1ef09ef63d182b34eacbca7ff7d572500c315c,2021-05,Humberside Police,Humberside Police,-0.264730,53.763347,On or near Taylor Avenue,E01012841,Kingston upon Hull 017A,Public order,Unable to prosecute suspect,
673214831ce6fad221933b7aeb42e884e9f1e950c481691f72734adcd1cb5714,2021-05,Humberside Police,Humberside Police,-0.266840,53.764429,On or near Hopewell Road,E01012841,Kingston upon Hull 017A,Public order,Offender given a caution,
87dfb1d49c7a953e91d3de4bd362886968cef81363467fe6646060167edbc653,2021-05,Humberside Police,Humberside Police,-0.264730,53.763347,On or near Taylor Avenue,E01012841,Kingston upon Hull 017A,Public order,Investigation complete; no suspect identified,
7d098b4e155374813f4de7b46d09bb84f58dd147f09ef63b384d8f8ed868b025,2021-05,Humberside Police,Humberside Police,-0.264730,53.763347,On or near Taylor Avenue,E01012841,Kingston upon Hull 017A,Violence and sexual offences,Local resolution,
343797052093198101bc88625dbe347637115181d0cd276d675cf5e01fcb4d1a,2021-05,Humberside Police,Humberside Police,-0.264236,53.761353,On or near Kyffin Avenue,E01012841,Kingston upon Hull 017A,Violence and sexual offences,Unable to prosecute suspect,
8d526788505cc44de862d7e33df3cc8ce92c005f837ece89364b1f2b20a839cc,2021-05,Humberside Police,Humberside Police,-0.264730,53.763347,On or near Taylor Avenue,E01012841,Kingston upon Hull 017A,Violence and sexual offences,Unable to prosecute suspect,
2d4c0430428e6ae82ed01dfcd9c2f2f6419cd5343da63af2cd6ca85ffd044fa3,2021-05,Humberside Police,Humberside Police,-0.264730,53.763347,On or near Taylor Avenue,E01012841,Kingston upon Hull 017A,Violence and sexual offences,Further action is not in the public interest,
25f6a2c0bc96f5abc97b01747932c158ee16f51d9e271a89a057f789975140e2,2021-05,Humberside Police,Humberside Police,-0.264730,53.763347,On or near Taylor Avenue,E01012841,Kingston upon Hull 017A,Violence and sexual offences,Unable to prosecute suspect,
0d68dc24ed762a9fab3ce644f20c17b7d2f2b4d3f906327813f882cf3f159374,2021-05,Humberside Police,Humberside Police,-0.264730,53.763347,On or near Taylor Avenue,E01012841,Kingston upon Hull 017A,Violence and sexual offences,Local resolution,
cc376c196515f3901b3ac4b991590845c4ad8e80087c4bae5168ad4a4cf23104,2021-05,Humberside Police,Humberside Police,-0.264730,53.763347,On or near Taylor Avenue,E01012841,Kingston upon Hull 017A,Violence and sexual offences,Local resolution,
8c0bba01f4c8b85ebfe5f226bc7e24035d07d2e8165598bfd0a8bd81e84aae9d,2021-05,Humberside Police,Humberside Police,-0.266840,53.764429,On or near Hopewell Road,E01012841,Kingston upon Hull 017A,Violence and sexual offences,Unable to prosecute suspect,
6d9b5e77e7b08e414ab39b54f9c8c2c97bef6dcd2e4895623066f5d09886bc7d,2021-05,Humberside Police,Humberside Police,-0.264730,53.763347,On or near Taylor Avenue,E01012841,Kingston upon Hull 017A,Violence and sexual offences,Local resolution,
70525115d04c8100c1967f11a3a47a50990491310a18c6cfdab2e4a6ae085c0e,2021-05,Humberside Police,Humberside Police,-0.264730,53.763347,On or near Taylor Avenue,E01012841,Kingston upon Hull 017A,Violence and sexual offences,Unable to prosecute suspect,
76fcda39badbe4f16c9b89a43170076d985db38499dd6a756797b1ae2904b80b,2021-05,Humberside Police,Humberside Police,-0.264730,53.763347,On or near Taylor Avenue,E01012841,Kingston upon Hull 017A,Violence and sexual offences,Unable to prosecute suspect,
,2021-05,Humberside Police,Humberside Police,-0.273188,53.763163,On or near Burdale Close,E01012844,Kingston upon Hull 017B,Anti-social behaviour,,
e0d91d8de11672fc280fb596af0a379a208c038859fbc327942bfab3b5f9a887,2021-05,Humberside Police,Humberside Police,-0.272360,53.759681,On or near Sutton Way,E01012844,Kingston upon Hull 017B,Bicycle theft,Investigation complete; no suspect identified,
6189325a3541991e2e8089984fa5eb6ec59c5b1dad01b57e54229e005955c1e1,2021-05,Humberside Police,Humberside Police,-0.270050,53.761635,On or near Welbury Grove,E01012844,Kingston upon Hull 017B,Burglary,Investigation complete; no suspect identified,
8572a13490ac542e915ea253a96e16110ae2282d7a52aa0bbd1243aa9d4c22c2,2021-05,Humberside Police,Humberside Police,-0.272677,53.761196,On or near St George'S Walk,E01012844,Kingston upon Hull 017B,Other theft,Investigation complete; no suspect identified,
5e3419d1791159bb5641154528662e7858aabf2676859e9d0988099bebbb0cb7,2021-05,Humberside Police,Humberside Police,-0.272921,53.761910,On or near Eleanor Court,E01012844,Kingston upon Hull 017B,Other theft,Investigation complete; no suspect identified,
a030281bc2df4271a3e24b8e35e60c645edc03e79320a525e0f8d5fe2f670c2f,2021-05,Humberside Police,Humberside Police,-0.272921,53.761910,On or near Eleanor Court,E01012844,Kingston upon Hull 017B,Other theft,Investigation complete; no suspect identified,
a91fc5590468c7add7d49c6e0c68dce2810bef27030c94857306752aeb8b6a5d,2021-05,Humberside Police,Humberside Police,-0.273188,53.763163,On or near Burdale Close,E01012844,Kingston upon Hull 017B,Other theft,Unable to prosecute suspect,
2afda731bfe310e453fdcbf6be3967b962cc6c37eb79b1c70a48b14de8ed0e6b,2021-05,Humberside Police,Humberside Police,-0.268873,53.759263,On or near Wakefield Avenue,E01012844,Kingston upon Hull 017B,Public order,Unable to prosecute suspect,
45ffc5793bda87a3db9b4858550bbaaa6e5b7c8fbd8bdaa671339c8de2159c0b,2021-05,Humberside Police,Humberside Police,-0.272921,53.761910,On or near Eleanor Court,E01012844,Kingston upon Hull 017B,Public order,Unable to prosecute suspect,
404e80d66bcb759a54641c945a41f54b360757401cfae97a728cc0cb894c6acf,2021-05,Humberside Police,Humberside Police,-0.273188,53.763163,On or near Burdale Close,E01012844,Kingston upon Hull 017B,Vehicle crime,Investigation complete; no suspect identified,
71865eb7f8ca280c8eb8e804311be55fad30b80f4198bfa1800bd06248a5f454,2021-05,Humberside Police,Humberside Police,-0.268873,53.759263,On or near Wakefield Avenue,E01012844,Kingston upon Hull 017B,Violence and sexual offences,Unable to prosecute suspect,
63812cecb20128ba5ce8f7151bee02bcccf85a0332e895fe35c6bdf5e277b993,2021-05,Humberside Police,Humberside Police,-0.268873,53.759263,On or near Wakefield Avenue,E01012844,Kingston upon Hull 017B,Violence and sexual offences,Unable to prosecute suspect,
9343ee1c316de8560cfdc2956b00828fd88727d004edf1f96164fba64a2f11a2,2021-05,Humberside Police,Humberside Police,-0.268873,53.759263,On or near Wakefield Avenue,E01012844,Kingston upon Hull 017B,Violence and sexual offences,Unable to prosecute suspect,
a28e1ad9e2c434dd474ebf4202bd465dd0ba63161357924c7eafb213b1a74318,2021-05,Humberside Police,Humberside Police,-0.268873,53.759263,On or near Wakefield Avenue,E01012844,Kingston upon Hull 017B,Violence and sexual offences,Unable to prosecute suspect,
23c21ec6d344752f77929932db6be5f9e355a7fa202c83f677eeb8a3ddfdd8e0,2021-05,Humberside Police,Humberside Police,-0.268873,53.759263,On or near Wakefield Avenue,E01012844,Kingston upon Hull 017B,Violence and sexual offences,Unable to prosecute suspect,
,2021-05,Humberside Police,Humberside Police,-0.271491,53.764218,On or near Staveley Road,E01012849,Kingston upon Hull 017C,Anti-social behaviour,,
,2021-05,Humberside Police,Humberside Police,-0.276283,53.764278,On or near Wilflete Court,E01012849,Kingston upon Hull 017C,Anti-social behaviour,,
,2021-05,Humberside Police,Humberside Police,-0.273191,53.766058,On or near Leander Road,E01012849,Kingston upon Hull 017C,Anti-social behaviour,,
9b78f2d2da3bf54505256600bcdf1e6227ce075da274a0b317a0d790912fa846,2021-05,Humberside Police,Humberside Police,-0.271491,53.764218,On or near Staveley Road,E01012849,Kingston upon Hull 017C,Bicycle theft,Unable to prosecute suspect,
7ab6caf04bd41749c201d1ae569ce93033fcf8fcff055d74ab468566a3e5fd31,2021-05,Humberside Police,Humberside Police,-0.271491,53.764218,On or near Staveley Road,E01012849,Kingston upon Hull 017C,Criminal damage and arson,Unable to prosecute suspect,
4ba950776fe52208b27ed5ab7f1dec5433bbf6a85891e16962a9838685e42287,2021-05,Humberside Police,Humberside Police,-0.276283,53.764278,On or near Wilflete Court,E01012849,Kingston upon Hull 017C,Criminal damage and arson,Investigation complete; no suspect identified,
6acc290b2696b7409f4b2ddd2cc43018b3a0b8e5909cc6a08aa06e880ce81eb4,2021-05,Humberside Police,Humberside Police,-0.271491,53.764218,On or near Staveley Road,E01012849,Kingston upon Hull 017C,Criminal damage and arson,Unable to prosecute suspect,
429012e56f02274abf8f1f883f34fdb1003310e37f6f4579ff9e74e3440105cd,2021-05,Humberside Police,Humberside Police,-0.276283,53.764278,On or near Wilflete Court,E01012849,Kingston upon Hull 017C,Vehicle crime,Local resolution,
94c6d7e5fe34cbc9ad0f74836bdf51e290c8334e761c590324487b5fc936acf1,2021-05,Humberside Police,Humberside Police,-0.273217,53.765042,On or near Anson Road,E01012849,Kingston upon Hull 017C,Violence and sexual offences,Court result unavailable,
889cd6e9235b97cceeb9cd1ceb4928f00a46d35a6943249a931cd41538c58619,2021-05,Humberside Police,Humberside Police,-0.271491,53.764218,On or near Staveley Road,E01012849,Kingston upon Hull 017C,Violence and sexual offences,Unable to prosecute suspect,
7d8e780ae75def57042de78ca387da16d2b921bb9206ada8de474eb42614748f,2021-05,Humberside Police,Humberside Police,-0.271491,53.764218,On or near Staveley Road,E01012849,Kingston upon Hull 017C,Violence and sexual offences,Unable to prosecute suspect,
1eeb4573a0bda771c1c4c922d1ed4290ef1405376a2b074dc0cff80e496ef348,2021-05,Humberside Police,Humberside Police,-0.271491,53.764218,On or near Staveley Road,E01012849,Kingston upon Hull 017C,Violence and sexual offences,Unable to prosecute suspect,
38914a389cb84a66cefd116787b3aef883b9fe7bccd2dcf113103ac0ac2c29df,2021-05,Humberside Police,Humberside Police,-0.273191,53.766058,On or near Leander Road,E01012849,Kingston upon Hull 017C,Violence and sexual offences,Unable to prosecute suspect,
870a82934dae52571ac3fa0c5370344671d84bc4943d6d72cd58ba677d0aba73,2021-05,Humberside Police,Humberside Police,-0.271491,53.764218,On or near Staveley Road,E01012849,Kingston upon Hull 017C,Violence and sexual offences,Unable to prosecute suspect,
ccfd95216e3a27d9a25a7956639bc4e63dcb292ecac292650a560b87aec8181b,2021-05,Humberside Police,Humberside Police,-0.273191,53.766058,On or near Leander Road,E01012849,Kingston upon Hull 017C,Violence and sexual offences,Unable to prosecute suspect,
,2021-05,Humberside Police,Humberside Police,-0.284305,53.761759,On or near Kilnsea Grove,E01012895,Kingston upon Hull 017D,Anti-social behaviour,,
,2021-05,Humberside Police,Humberside Police,-0.285824,53.759102,On or near Aldborough Grove,E01012895,Kingston upon Hull 017D,Anti-social behaviour,,
,2021-05,Humberside Police,Humberside Police,-0.284305,53.761759,On or near Kilnsea Grove,E01012895,Kingston upon Hull 017D,Anti-social behaviour,,
,2021-05,Humberside Police,Humberside Police,-0.284305,53.761759,On or near Kilnsea Grove,E01012895,Kingston upon Hull 017D,Anti-social behaviour,,
,2021-05,Humberside Police,Humberside Police,-0.274012,53.759723,On or near Bessingby Grove,E01012895,Kingston upon Hull 017D,Anti-social behaviour,,
,2021-05,Humberside Police,Humberside Police,-0.284305,53.761759,On or near Kilnsea Grove,E01012895,Kingston upon Hull 017D,Anti-social behaviour,,
,2021-05,Humberside Police,Humberside Police,-0.284305,53.761759,On or near Kilnsea Grove,E01012895,Kingston upon Hull 017D,Anti-social behaviour,,
,2021-05,Humberside Police,Humberside Police,-0.284305,53.761759,On or near Kilnsea Grove,E01012895,Kingston upon Hull 017D,Anti-social behaviour,,
,2021-05,Humberside Police,Humberside Police,-0.283752,53.760061,On or near Wyton Grove,E01012895,Kingston upon Hull 017D,Anti-social behaviour,,
2b399e54a4feb41ea090d1d83e0c2ad6445a5e5673bd05e9b2aa9c7df1c0e546,2021-05,Humberside Police,Humberside Police,-0.281460,53.758608,On or near Rudston Grove,E01012895,Kingston upon Hull 017D,Bicycle theft,Investigation complete; no suspect identified,
416509f53609b83cce3a9245574844b7174dc2e5b9c255d8c68ddb4d1c37f8ed,2021-05,Humberside Police,Humberside Police,-0.286588,53.758591,On or near Police Station,E01012895,Kingston upon Hull 017D,Criminal damage and arson,Further action is not in the public interest,
5eac0da1f9112d139b5f960c7bb75dee19bc5fc7011872c4f14676183be77e39,2021-05,Humberside Police,Humberside Police,-0.285231,53.757655,On or near Downing Grove,E01012895,Kingston upon Hull 017D,Criminal damage and arson,Investigation complete; no suspect identified,
7818dabb8d63ad94cbca9bb1841bd2ee3e992aa1c67f86a58a10185d20891227,2021-05,Humberside Police,Humberside Police,-0.285876,53.759696,On or near Rowlston Grove,E01012895,Kingston upon Hull 017D,Other theft,Unable to prosecute suspect,
a1761da16669c7d609a14c40eafca7803ea92ad3d1131455b8f9f44a71318bd6,2021-05,Humberside Police,Humberside Police,-0.277557,53.758345,On or near Mappleton Grove,E01012895,Kingston upon Hull 017D,Other theft,Unable to prosecute suspect,
47b2abfa1cee71d37a660645b97997788b9780b6a453d9895bf93d9513009dc3,2021-05,Humberside Police,Humberside Police,-0.283713,53.758056,On or near Preston Road,E01012895,Kingston upon Hull 017D,Robbery,Unable to prosecute suspect,
471f4c7592bea292a5d00f2d7b7838612a89ddb4db3da4ce80e65dcb78915f40,2021-05,Humberside Police,Humberside Police,-0.283713,53.758056,On or near Preston Road,E01012895,Kingston upon Hull 017D,Shoplifting,Investigation complete; no suspect identified,
1e9ac9bed42476a66a6d66bc291daf31c617d636f09978a995d63026d070e11c,2021-05,Humberside Police,Humberside Police,-0.283752,53.760061,On or near Wyton Grove,E01012895,Kingston upon Hull 017D,Violence and sexual offences,Unable to prosecute suspect,
065a6e0f0ffe7f0248842e9585b1eadbc98f169f3e648c5c7f6afe36ad85d5f7,2021-05,Humberside Police,Humberside Police,-0.283713,53.758056,On or near Preston Road,E01012895,Kingston upon Hull 017D,Violence and sexual offences,Unable to prosecute suspect,
57f80dee8ac934dcd4d0b56f25d8050a2828ddf10b991b085f2f87e6d2b4516b,2021-05,Humberside Police,Humberside Police,-0.284305,53.761759,On or near Kilnsea Grove,E01012895,Kingston upon Hull 017D,Violence and sexual offences,Investigation complete; no suspect identified,
69562aaa6640671a094fde4c76d2533b8b37b8f38b3f0e10c31551c15373ceef,2021-05,Humberside Police,Humberside Police,-0.284305,53.761759,On or near Kilnsea Grove,E01012895,Kingston upon Hull 017D,Violence and sexual offences,Investigation complete; no suspect identified,
81ff40dc250bb1731156d5b2589395818994aabc764b8e8ffa28e718156aac5d,2021-05,Humberside Police,Humberside Police,-0.283713,53.758056,On or near Preston Road,E01012895,Kingston upon Hull 017D,Violence and sexual offences,Unable to prosecute suspect,
e87fe7a509bca80809eb90ce097219424a0ee95ed63570dfef50b32230e99487,2021-05,Humberside Police,Humberside Police,-0.285876,53.759696,On or near Rowlston Grove,E01012895,Kingston upon Hull 017D,Violence and sexual offences,Unable to prosecute suspect,
d9936bb9439cb29f98728adb2dbdc082cbcf3eba102d88f33713974a1d02dc18,2021-05,Humberside Police,Humberside Police,-0.283752,53.760061,On or near Wyton Grove,E01012895,Kingston upon Hull 017D,Violence and sexual offences,Unable to prosecute suspect,
cb1721e82ef7db4543605a142ffca6c71dbd3207245835a43287bfe16032e062,2021-05,Humberside Police,Humberside Police,-0.284305,53.761759,On or near Kilnsea Grove,E01012895,Kingston upon Hull 017D,Violence and sexual offences,Unable to prosecute suspect,
e56c0ae85eb740f4238f84f2072ee05f7c6e9d87ffb1109e8877523d7506b8fa,2021-05,Humberside Police,Humberside Police,-0.285876,53.759696,On or near Rowlston Grove,E01012895,Kingston upon Hull 017D,Violence and sexual offences,Unable to prosecute suspect,
6cb34a14e54c469247019a2f925185d03825d64b2fe3531d72e758fba81b64ac,2021-05,Humberside Police,Humberside Police,-0.274862,53.758225,On or near Sports/Recreation Area,E01012895,Kingston upon Hull 017D,Violence and sexual offences,Unable to prosecute suspect,
66bb3b2d8b9f02f1116ea41cddf1f3bf18cca67e65358b7293148563c6829bf4,2021-05,Humberside Police,Humberside Police,-0.285231,53.757655,On or near Downing Grove,E01012895,Kingston upon Hull 017D,Violence and sexual offences,Unable to prosecute suspect,
db47773cd3fdc950795f9c8fa823582e50deeeaa68408bc13f84b35308c78c12,2021-05,Humberside Police,Humberside Police,-0.281460,53.758608,On or near Rudston Grove,E01012895,Kingston upon Hull 017D,Violence and sexual offences,Action to be taken by another organisation,
4c423c72ca2b751e761482d61f6a5919e51822ea4fba104119990b0c885f8226,2021-05,Humberside Police,Humberside Police,-0.283752,53.760061,On or near Wyton Grove,E01012895,Kingston upon Hull 017D,Violence and sexual offences,Investigation complete; no suspect identified,
4eb1646e01060a81c7d332bc579f5711e473bafd2a4fee3742ed98ca64759d81,2021-05,Humberside Police,Humberside Police,-0.274862,53.758225,On or near Sports/Recreation Area,E01012895,Kingston upon Hull 017D,Violence and sexual offences,Unable to prosecute suspect,
e71d341dca81d303b6b2179638ca8631bc5469fe9e3dabeb5351dd168ef1a3de,2021-05,Humberside Police,Humberside Police,-0.283752,53.760061,On or near Wyton Grove,E01012895,Kingston upon Hull 017D,Violence and sexual offences,Unable to prosecute suspect,
7fb0a5e63b21262a863aa6180f0a068831eb2845078887f540eacae2aa923b38,2021-05,Humberside Police,Humberside Police,-0.284305,53.761759,On or near Kilnsea Grove,E01012895,Kingston upon Hull 017D,Violence and sexual offences,Investigation complete; no suspect identified,
f57781d77a0afe408732780329151eaa4b123bb65a18418491a82ad904eacc04,2021-05,Humberside Police,Humberside Police,-0.284305,53.761759,On or near Kilnsea Grove,E01012895,Kingston upon Hull 017D,Violence and sexual offences,Investigation complete; no suspect identified,
04435584a65796111835573841322d6c074a43f2982d2e16374a5c9964921304,2021-05,Humberside Police,Humberside Police,-0.281460,53.758608,On or near Rudston Grove,E01012895,Kingston upon Hull 017D,Other crime,Local resolution,
b7ff7207e296ca30b10fadfbdc1550f5e86cc33c1a7bfbaaf2d48070ceb6579a,2021-05,Humberside Police,Humberside Police,-0.280577,53.754226,On or near Sports/Recreation Area,E01012897,Kingston upon Hull 017E,Criminal damage and arson,Investigation complete; no suspect identified,
507fab19ebd5fc0277077a248995846597a8c9a3a19d13044c1b74e391affe65,2021-05,Humberside Police,Humberside Police,-0.284369,53.757211,On or near Clare Grove,E01012897,Kingston upon Hull 017E,Criminal damage and arson,Unable to prosecute suspect,
05099e0e075fff6126f504fb0587c6a905b34baa4aa0221a33d02ab4eecb18b8,2021-05,Humberside Police,Humberside Police,-0.284369,53.757211,On or near Clare Grove,E01012897,Kingston upon Hull 017E,Criminal damage and arson,Unable to prosecute suspect,
7b15ea0183a35c361d7cf3af5e224576da8a001267b563b10c95040f7e3482d0,2021-05,Humberside Police,Humberside Police,-0.284369,53.757211,On or near Clare Grove,E01012897,Kingston upon Hull 017E,Criminal damage and arson,Unable to prosecute suspect,
4132999d0d84460641a16235285fa73dad4805cf27a39df3a4da75210f87388e,2021-05,Humberside Police,Humberside Police,-0.275602,53.754613,On or near Ingland Court,E01012897,Kingston upon Hull 017E,Criminal damage and arson,Investigation complete; no suspect identified,
5423e64f584746ef5bad34e3b489b8dae0667315b157a5ce456592327b84ff79,2021-05,Humberside Police,Humberside Police,-0.284369,53.757211,On or near Clare Grove,E01012897,Kingston upon Hull 017E,Other theft,Investigation complete; no suspect identified,
08cb8d3d9058435be7497944daad2606599c6729c9c2770250ac39d720388461,2021-05,Humberside Police,Humberside Police,-0.279683,53.753476,On or near Sports/Recreation Area,E01012897,Kingston upon Hull 017E,Public order,Unable to prosecute suspect,
5c1c932eeba1cbc77b5777bfb6edbee863c4ce747f36784bd512741e29bf5748,2021-05,Humberside Police,Humberside Police,-0.275602,53.754613,On or near Ingland Court,E01012897,Kingston upon Hull 017E,Violence and sexual offences,Unable to prosecute suspect,
8d010dd2901b45a49bdac9c2b1b4950105409b5777cb8d5a1d30d296846aeb3b,2021-05,Humberside Police,Humberside Police,-0.277988,53.754854,On or near Atwick Court,E01012897,Kingston upon Hull 017E,Violence and sexual offences,Investigation complete; no suspect identified,
11fdaf4d38eef74e6897bcce7ce48e3075c8905bdacac067ee1d4ac96ae3e41b,2021-05,Humberside Police,Humberside Police,-0.275602,53.754613,On or near Ingland Court,E01012897,Kingston upon Hull 017E,Violence and sexual offences,Unable to prosecute suspect,
,2021-05,Humberside Police,Humberside Police,-0.283070,53.762649,On or near Portobello Street,E01012898,Kingston upon Hull 017F,Anti-social behaviour,,
,2021-05,Humberside Police,Humberside Police,-0.283070,53.762649,On or near Portobello Street,E01012898,Kingston upon Hull 017F,Anti-social behaviour,,
3117f4a551a140ff80602c2b916776299d4cab403b2797711cad90866c990895,2021-05,Humberside Police,Humberside Police,-0.279552,53.762985,On or near Hopkins Street,E01012898,Kingston upon Hull 017F,Criminal damage and arson,Investigation complete; no suspect identified,
6ce0a2001155840369e90f21950a04f8936caddbe20426383ae8bcfd5b66f1b1,2021-05,Humberside Police,Humberside Police,-0.280828,53.761844,On or near Campbell Court,E01012898,Kingston upon Hull 017F,Criminal damage and arson,Investigation complete; no suspect identified,
6b48e39b8dbd0bf5bf14b5704bffed533ffb443c7cc065be37886cb835106f21,2021-05,Humberside Police,Humberside Police,-0.283070,53.762649,On or near Portobello Street,E01012898,Kingston upon Hull 017F,Public order,Unable to prosecute suspect,
810c48cab8e07da7d991be4c6390c9fe80ac998f6a7731b26be9a37784c3db95,2021-05,Humberside Police,Humberside Police,-0.279552,53.762985,On or near Hopkins Street,E01012898,Kingston upon Hull 017F,Violence and sexual offences,Unable to prosecute suspect,
c2b44d84f0dafd6a8807d55aa604e92e130ee346f5c177a572443e0ae33a3990,2021-05,Humberside Police,Humberside Police,-0.281435,53.763318,On or near Lismore Avenue,E01012898,Kingston upon Hull 017F,Violence and sexual offences,Local resolution,
2fa429547f94d84ffe5ba478b2e9876431f8662746c7504bbdeceef593f1a48a,2021-05,Humberside Police,Humberside Police,-0.281435,53.763318,On or near Lismore Avenue,E01012898,Kingston upon Hull 017F,Violence and sexual offences,Unable to prosecute suspect,
4a027ac97df4ee6be1032d81e6be49a6a15b00870e511cf09b0699a46462892f,2021-05,Humberside Police,Humberside Police,-0.280828,53.761844,On or near Campbell Court,E01012898,Kingston upon Hull 017F,Violence and sexual offences,Unable to prosecute suspect,
d749f6394f719ff8f8655f05dee35c035b1b697a295707b4c24a1cb08cca2aff,2021-05,Humberside Police,Humberside Police,-0.284618,53.764127,On or near Broadway Drive,E01012898,Kingston upon Hull 017F,Violence and sexual offences,Investigation complete; no suspect identified,
1e0f0bb88f4fadc1c8bf79c4079110bafb624e97c5ee95ac25b28e736c58a635,2021-05,Humberside Police,Humberside Police,-0.287525,53.761679,On or near Danthorpe Grove,E01012898,Kingston upon Hull 017F,Violence and sexual offences,Unable to prosecute suspect,
6c730a1e32bf4dd903007d4c3895c8f4fcbf837fb596cfa309add4ca79ea2724,2021-05,Humberside Police,Humberside Police,-0.281435,53.763318,On or near Lismore Avenue,E01012898,Kingston upon Hull 017F,Violence and sexual offences,Local resolution,
9cc308d3369112b45b14a699d23aa4f19eab78ba81a2156fbc5f40cc9df41130,2021-05,Humberside Police,Humberside Police,-0.287525,53.761679,On or near Danthorpe Grove,E01012898,Kingston upon Hull 017F,Other crime,Unable to prosecute suspect,
,2021-05,Humberside Police,Humberside Police,-0.366866,53.755047,On or near Marlborough Avenue,E01012758,Kingston upon Hull 018A,Anti-social behaviour,,
,2021-05,Humberside Police,Humberside Police,-0.366140,53.756556,On or near Westbourne Avenue,E01012758,Kingston upon Hull 018A,Anti-social behaviour,,
6531b04876a0e5b39d96eea7ba691ef45941a386e59c2c8529f03dbdc0483aaa,2021-05,Humberside Police,Humberside Police,-0.366140,53.756556,On or near Westbourne Avenue,E01012758,Kingston upon Hull 018A,Burglary,Unable to prosecute suspect,
12e9f31b3aba9923b2d566084223960f62ad2fb146f3a35a7b9ea08e239dfa1c,2021-05,Humberside Police,Humberside Police,-0.366866,53.755047,On or near Marlborough Avenue,E01012758,Kingston upon Hull 018A,Criminal damage and arson,Investigation complete; no suspect identified,
9e29162724d73bf0292ee10fb79eacb50852da7f32b103cec68f76c9ad4e8e0c,2021-05,Humberside Police,Humberside Police,-0.366140,53.756556,On or near Westbourne Avenue,E01012758,Kingston upon Hull 018A,Public order,Unable to prosecute suspect,
b7e4bf142d4099620bb61f486ed06bbd8dcfc781cf0f9a92e463457259319df2,2021-05,Humberside Police,Humberside Police,-0.366140,53.756556,On or near Westbourne Avenue,E01012758,Kingston upon Hull 018A,Theft from the person,Investigation complete; no suspect identified,
ac327fc5b36197bdef51fff0b2941a6c127965ad61946baca6a44663cbb3db68,2021-05,Humberside Police,Humberside Police,-0.368416,53.760084,On or near Sanderson Close,E01012758,Kingston upon Hull 018A,Vehicle crime,Investigation complete; no suspect identified,
ee490ee70dfd063381a6327c40a0e571b895f89f0bf86308dc63bbde91cb707f,2021-05,Humberside Police,Humberside Police,-0.366866,53.755047,On or near Marlborough Avenue,E01012758,Kingston upon Hull 018A,Vehicle crime,Investigation complete; no suspect identified,
e41fcec94df9d5f0200ea02cf6bbbc8d3e23fac2689d832888f188cfccabf0d8,2021-05,Humberside Police,Humberside Police,-0.366140,53.756556,On or near Westbourne Avenue,E01012758,Kingston upon Hull 018A,Violence and sexual offences,Unable to prosecute suspect,
fa6418bc02a4f3009185b7794185766a18049e71c77a5be112b5cea31c4f03a9,2021-05,Humberside Police,Humberside Police,-0.367256,53.758306,On or near Parkside Close,E01012758,Kingston upon Hull 018A,Violence and sexual offences,Unable to prosecute suspect,
1b0cc0f8edd10aa53f28784a85d82e9f7bb59f52c92bf6d8211297ff1b58088b,2021-05,Humberside Police,Humberside Police,-0.366140,53.756556,On or near Westbourne Avenue,E01012758,Kingston upon Hull 018A,Violence and sexual offences,Unable to prosecute suspect,
cd7f4b03e6d2d5c3e17f2574d86a3bd2ce50bcdb0537c2cd1554087aad1adf15,2021-05,Humberside Police,Humberside Police,-0.366140,53.756556,On or near Westbourne Avenue,E01012758,Kingston upon Hull 018A,Violence and sexual offences,Unable to prosecute suspect,
93a044d7f3c05e278cce798499f5bfc4bb7853a83a124300ffd3bde82e5ed38f,2021-05,Humberside Police,Humberside Police,-0.366140,53.756556,On or near Westbourne Avenue,E01012758,Kingston upon Hull 018A,Violence and sexual offences,Further action is not in the public interest,
,2021-05,Humberside Police,Humberside Police,-0.358986,53.760701,On or near Newland Avenue,E01012762,Kingston upon Hull 018B,Anti-social behaviour,,
,2021-05,Humberside Police,Humberside Police,-0.365702,53.760433,On or near Nunnington Close,E01012762,Kingston upon Hull 018B,Anti-social behaviour,,
e3fa05a97fe17863941c9c9870d576d76110f9063a58da65f69ffbf7d93f4d41,2021-05,Humberside Police,Humberside Police,-0.365702,53.760433,On or near Nunnington Close,E01012762,Kingston upon Hull 018B,Criminal damage and arson,Unable to prosecute suspect,
42ffb997cd1a1f0a3a76fcc580cd1f0db4244edeb351422c58b9ee0c0cf16a0e,2021-05,Humberside Police,Humberside Police,-0.364601,53.760643,On or near Ella Street,E01012762,Kingston upon Hull 018B,Criminal damage and arson,Local resolution,
7b9c1ae4d332b1fef018086dd41f8d85582c2175dda20bc031e33e63f0ac209c,2021-05,Humberside Police,Humberside Police,-0.365831,53.758664,On or near Salisbury Street,E01012762,Kingston upon Hull 018B,Drugs,Local resolution,
f767855b0064cacd518898295277a7aa98dc56592b3892b0dffc752d1d30b9d1,2021-05,Humberside Police,Humberside Police,-0.365335,53.759322,On or near Victoria Avenue,E01012762,Kingston upon Hull 018B,Drugs,Offender given a drugs possession warning,
956c050ebc5226326cffb68004b5c4f0650c9276bcc87845996873a6e2b297af,2021-05,Humberside Police,Humberside Police,-0.365335,53.759322,On or near Victoria Avenue,E01012762,Kingston upon Hull 018B,Other theft,Unable to prosecute suspect,
f2fd4266cb8430755a7021ea64e8342b96c1b078a55ea7edc63d0b8bf5bacc31,2021-05,Humberside Police,Humberside Police,-0.365335,53.759322,On or near Victoria Avenue,E01012762,Kingston upon Hull 018B,Possession of weapons,Court result unavailable,
56533e653408de858128b6cf7fd4bcf611519fcf55fefecd89b6b3e03f70a111,2021-05,Humberside Police,Humberside Police,-0.358986,53.760701,On or near Newland Avenue,E01012762,Kingston upon Hull 018B,Public order,Local resolution,
189a12b0f10eb4e8f53070cc50b47b54a825d90d72c2bc4ca7e410146ac66476,2021-05,Humberside Police,Humberside Police,-0.358986,53.760701,On or near Newland Avenue,E01012762,Kingston upon Hull 018B,Public order,Investigation complete; no suspect identified,
192fb4aed5d020b0b0fb98350942ab2ff8047b693b97ce33effa74a00bb5612c,2021-05,Humberside Police,Humberside Police,-0.358986,53.760701,On or near Newland Avenue,E01012762,Kingston upon Hull 018B,Public order,Investigation complete; no suspect identified,
308fc8853b638b23bc464f7ea90e21d2f951230eea2c3ae909b36d6db35c7ff8,2021-05,Humberside Police,Humberside Police,-0.358986,53.760701,On or near Newland Avenue,E01012762,Kingston upon Hull 018B,Shoplifting,Local resolution,
0c3f4e104c1dbb16a34c5526abb22434b8c2fae56130ac7d84772cbb5ae48f56,2021-05,Humberside Police,Humberside Police,-0.357680,53.760746,On or near Chesnut Avenue,E01012762,Kingston upon Hull 018B,Violence and sexual offences,Court result unavailable,
a4b4fb16d36fbc0072bb6f366cea9a54c388f4299f87bffd76dc1bffc654c705,2021-05,Humberside Police,Humberside Police,-0.365335,53.759322,On or near Victoria Avenue,E01012762,Kingston upon Hull 018B,Violence and sexual offences,Unable to prosecute suspect,
5a67f5ea23f3875852aa458db6301296dbcbd639c0e5da25a189858acc9ce2e6,2021-05,Humberside Police,Humberside Police,-0.364601,53.760643,On or near Ella Street,E01012762,Kingston upon Hull 018B,Violence and sexual offences,Local resolution,
5f8b589b0ece84d3d1a112f41c09c0efc57c33ca6c51dfd18a997763a1a19fb1,2021-05,Humberside Police,Humberside Police,-0.358986,53.760701,On or near Newland Avenue,E01012762,Kingston upon Hull 018B,Violence and sexual offences,Unable to prosecute suspect,
d1a25750846453b526ba09b348c9614989e43ed788844d16a1e36ff704236353,2021-05,Humberside Police,Humberside Police,-0.358986,53.760701,On or near Newland Avenue,E01012762,Kingston upon Hull 018B,Violence and sexual offences,Unable to prosecute suspect,
88be15944bb4fbd730e83689307c926d2a45b81e25ca2f4c271ed7df9e1b99d5,2021-05,Humberside Police,Humberside Police,-0.364601,53.760643,On or near Ella Street,E01012762,Kingston upon Hull 018B,Violence and sexual offences,Unable to prosecute suspect,
31a5176a7d7c21620bbfd25dc5844e71a4a33ddff5630240c53f7542799029d8,2021-05,Humberside Police,Humberside Police,-0.365335,53.759322,On or near Victoria Avenue,E01012762,Kingston upon Hull 018B,Violence and sexual offences,Court result unavailable,
,2021-05,Humberside Police,Humberside Police,-0.355878,53.754429,On or near Dover Street,E01012763,Kingston upon Hull 018C,Anti-social behaviour,,
,2021-05,Humberside Police,Humberside Police,-0.354428,53.754670,On or near Berkeley Street,E01012763,Kingston upon Hull 018C,Anti-social behaviour,,
,2021-05,Humberside Police,Humberside Police,-0.353774,53.757816,On or near Pearson Park,E01012763,Kingston upon Hull 018C,Anti-social behaviour,,
,2021-05,Humberside Police,Humberside Police,-0.357976,53.754700,On or near Duesbery Street,E01012763,Kingston upon Hull 018C,Anti-social behaviour,,
,2021-05,Humberside Police,Humberside Police,-0.356029,53.756013,On or near Park Grove,E01012763,Kingston upon Hull 018C,Anti-social behaviour,,
fa889c49cf2923d5b1d14d1e664871e33ba69d7bd6e2a13bf35fc61336a36966,2021-05,Humberside Police,Humberside Police,-0.355097,53.756971,On or near The Parade,E01012763,Kingston upon Hull 018C,Burglary,Investigation complete; no suspect identified,
c159926c6e1ff0d3fda9920122ca7f4b1099a18bb7bee47f64b27ace188070d7,2021-05,Humberside Police,Humberside Police,-0.356029,53.756013,On or near Park Grove,E01012763,Kingston upon Hull 018C,Criminal damage and arson,Local resolution,
a502cb0670e8beafa00da3c96aecff5093c929f6e54d80f7ea3bd4dc28b070e3,2021-05,Humberside Police,Humberside Police,-0.357806,53.759058,On or near Avenues Court,E01012763,Kingston upon Hull 018C,Criminal damage and arson,Offender given a caution,
c4da8916061065f583a065f1b323f79399a98897c55ede05b2357e8426454b22,2021-05,Humberside Police,Humberside Police,-0.358953,53.755721,On or near Princes Avenue,E01012763,Kingston upon Hull 018C,Criminal damage and arson,Unable to prosecute suspect,
45da8bd5b7603f7cad8427d7ca61202d2438ed40b0a5f7ae3eba8970e74ea089,2021-05,Humberside Police,Humberside Police,-0.357976,53.754700,On or near Duesbery Street,E01012763,Kingston upon Hull 018C,Criminal damage and arson,Investigation complete; no suspect identified,
10e2dd7f6023839981694e95455eb4dd24685f2d84c72b3acd0c98f58e39d8c3,2021-05,Humberside Police,Humberside Police,-0.354428,53.754670,On or near Berkeley Street,E01012763,Kingston upon Hull 018C,Drugs,Offender given a drugs possession warning,
12a1425bafb0ec4ca8035d6d10a1fca742dddfd45b1b9231d1758581acd97476,2021-05,Humberside Police,Humberside Police,-0.354428,53.754670,On or near Berkeley Street,E01012763,Kingston upon Hull 018C,Other theft,Court result unavailable,
db422e55b2f45d35d2abd613fd4bf6d514a68399468a8302cba4eaa2b1b4b166,2021-05,Humberside Police,Humberside Police,-0.358953,53.755721,On or near Princes Avenue,E01012763,Kingston upon Hull 018C,Other theft,Investigation complete; no suspect identified,
a4e108ff68562c4263c6b510d72d32a379669ef5f8f5691ef4f9a31e5fe9217e,2021-05,Humberside Police,Humberside Police,-0.358169,53.754047,On or near Charing Close,E01012763,Kingston upon Hull 018C,Possession of weapons,Court result unavailable,
d4a71690f9fd961d294bb5eb4ba712976f5047f40b264d9254ec5ff4fd75f35f,2021-05,Humberside Police,Humberside Police,-0.358953,53.755721,On or near Princes Avenue,E01012763,Kingston upon Hull 018C,Public order,Unable to prosecute suspect,
44d002a711a62f16940b748f36777365ea7cdbe5821d2ea8557d86db8aa4f251,2021-05,Humberside Police,Humberside Police,-0.354845,53.753705,On or near Cranbourne Street,E01012763,Kingston upon Hull 018C,Public order,Investigation complete; no suspect identified,
75f18049563f1db8616874c8bae38c9a0a293aea4e06a51d70673126b4ea3081,2021-05,Humberside Police,Humberside Police,-0.355878,53.754429,On or near Dover Street,E01012763,Kingston upon Hull 018C,Violence and sexual offences,Offender given a caution,
b3c6ddcdd485d8baf4d72107aa1e51491d92570c727fcdb635221de1c59dced2,2021-05,Humberside Police,Humberside Police,-0.356029,53.756013,On or near Park Grove,E01012763,Kingston upon Hull 018C,Violence and sexual offences,Unable to prosecute suspect,
bb78e196a772118acbf8c6ca92037ea793eeb0bf09031239ab10fdb78a8fad73,2021-05,Humberside Police,Humberside Police,-0.358953,53.755721,On or near Princes Avenue,E01012763,Kingston upon Hull 018C,Violence and sexual offences,Unable to prosecute suspect,
31d520aad43db170a0644df451211edcd3b24dc5506a591aa7875b6743378aaf,2021-05,Humberside Police,Humberside Police,-0.358169,53.754047,On or near Charing Close,E01012763,Kingston upon Hull 018C,Violence and sexual offences,Court result unavailable,
14ffc1ba8cfec9ae79341a08aa389b3e3a56552ba749090354d582c1d4d691f1,2021-05,Humberside Police,Humberside Police,-0.357806,53.759058,On or near Avenues Court,E01012763,Kingston upon Hull 018C,Violence and sexual offences,Unable to prosecute suspect,
c0e557efdb0486c36113145124ca31b2796949c7fa49d0a4db2081d7f473826f,2021-05,Humberside Police,Humberside Police,-0.357991,53.755869,On or near Hinderwell Street,E01012763,Kingston upon Hull 018C,Violence and sexual offences,Unable to prosecute suspect,
0c0444b6ba8d8b6f162baa520b23e9803e8bee362a239a3a92af52c704a6f5c3,2021-05,Humberside Police,Humberside Police,-0.356029,53.756013,On or near Park Grove,E01012763,Kingston upon Hull 018C,Violence and sexual offences,Unable to prosecute suspect,
bea6bde28a51bc3ab2b91bd6e25e54fbd86542935112d970acd349458a20c33a,2021-05,Humberside Police,Humberside Police,-0.358953,53.755721,On or near Princes Avenue,E01012763,Kingston upon Hull 018C,Violence and sexual offences,Court result unavailable,
da711ce34f2b4bd83158ea4d0dd7a357e82ef0b50e82c2ce975d2dcd88eddc3f,2021-05,Humberside Police,Humberside Police,-0.358169,53.754047,On or near Charing Close,E01012763,Kingston upon Hull 018C,Violence and sexual offences,Unable to prosecute suspect,
341217f5f72ec0dc42bad9b542b6316dde78eb4c1174018d0f48b161d907c9aa,2021-05,Humberside Police,Humberside Police,-0.358169,53.754047,On or near Charing Close,E01012763,Kingston upon Hull 018C,Violence and sexual offences,Unable to prosecute suspect,
dbc719bc58c770ac611b5ca18d255ce0be88aecad76647989465defe6c1121e6,2021-05,Humberside Police,Humberside Police,-0.358953,53.755721,On or near Princes Avenue,E01012763,Kingston upon Hull 018C,Violence and sexual offences,Unable to prosecute suspect,
d98b39e323f5d4b42354db1bfc90af9644e049d553aad93a8e62506135c02fd8,2021-05,Humberside Police,Humberside Police,-0.354428,53.754670,On or near Berkeley Street,E01012763,Kingston upon Hull 018C,Violence and sexual offences,Court result unavailable,
f44cc6e78576d3af297697c1be336c064e678e4f567aef066a83ba40213c0941,2021-05,Humberside Police,Humberside Police,-0.358953,53.755721,On or near Princes Avenue,E01012763,Kingston upon Hull 018C,Violence and sexual offences,Unable to prosecute suspect,
a41e622ab915cc0f9bec48a352e4b6eb9b8ce8d0fa9f6b64b8ead0577e208337,2021-05,Humberside Police,Humberside Police,-0.358953,53.755721,On or near Princes Avenue,E01012763,Kingston upon Hull 018C,Violence and sexual offences,Unable to prosecute suspect,
741e64dd3cb20817187bdfbcddccdaabc6d726633357d033325c915ff55d87eb,2021-05,Humberside Police,Humberside Police,-0.356029,53.756013,On or near Park Grove,E01012763,Kingston upon Hull 018C,Other crime,Investigation complete; no suspect identified,
b6e05671e39a11c8e00cf27f54df4ce23ab43860122bf4e344aabac590518d4a,2021-05,Humberside Police,Humberside Police,-0.358953,53.755721,On or near Princes Avenue,E01012763,Kingston upon Hull 018C,Other crime,Action to be taken by another organisation,
,2021-05,Humberside Police,Humberside Police,-0.362293,53.763425,On or near Sharp Street,E01012866,Kingston upon Hull 018D,Anti-social behaviour,,
,2021-05,Humberside Police,Humberside Police,-0.365685,53.762042,On or near Reynoldson Court,E01012866,Kingston upon Hull 018D,Anti-social behaviour,,
,2021-05,Humberside Police,Humberside Police,-0.360464,53.762096,On or near Marshall Street,E01012866,Kingston upon Hull 018D,Anti-social behaviour,,
,2021-05,Humberside Police,Humberside Police,-0.360464,53.762096,On or near Marshall Street,E01012866,Kingston upon Hull 018D,Anti-social behaviour,,
2ce752126d2749e8cad34e4a355b17c70fa467d970b5f36e108c9933a49358d7,2021-05,Humberside Police,Humberside Police,-0.365685,53.762042,On or near Reynoldson Court,E01012866,Kingston upon Hull 018D,Criminal damage and arson,Status update unavailable,
f60e2edfcb3a01b3808d2a6961685bc9857b1722704244e9c48ff9f1269211ef,2021-05,Humberside Police,Humberside Police,-0.365685,53.762042,On or near Reynoldson Court,E01012866,Kingston upon Hull 018D,Criminal damage and arson,Investigation complete; no suspect identified,
96169317985bb3c79c61d74cf8149371f62200400239e781038a80b1a82d351a,2021-05,Humberside Police,Humberside Police,-0.365685,53.762042,On or near Reynoldson Court,E01012866,Kingston upon Hull 018D,Criminal damage and arson,Local resolution,
0cb101c73f3cf587ee0b20ddb683619b76f680748f952d9a60cb8d3af55e91c5,2021-05,Humberside Police,Humberside Police,-0.365685,53.762042,On or near Reynoldson Court,E01012866,Kingston upon Hull 018D,Public order,Investigation complete; no suspect identified,
b6363c312552259bde68479d0c56f199faf9506396f79604d36e8a5b4b245b2e,2021-05,Humberside Police,Humberside Police,-0.362354,53.761871,On or near Reynoldson Street,E01012866,Kingston upon Hull 018D,Public order,Unable to prosecute suspect,
619fe01cf5f1899f8d93e36ea6877e30b64d6860ec0f7cb6688900302676c319,2021-05,Humberside Police,Humberside Police,-0.365685,53.762042,On or near Reynoldson Court,E01012866,Kingston upon Hull 018D,Violence and sexual offences,Unable to prosecute suspect,
de8b8047ff7c10e27d6406bc92954a265e4d87a01268948db1b7b5ec02419848,2021-05,Humberside Police,Humberside Police,-0.362354,53.761871,On or near Reynoldson Street,E01012866,Kingston upon Hull 018D,Violence and sexual offences,Unable to prosecute suspect,
0acbf517e8d035022965fc8fd9b29139ce8b7b9f33fd24052db787241405aab9,2021-05,Humberside Police,Humberside Police,-0.359452,53.764312,On or near Melbourne Street,E01012866,Kingston upon Hull 018D,Violence and sexual offences,Unable to prosecute suspect,
559be71e675adbda28c429cb715582f635d62390eb5c643f39f9e7166b0a92c9,2021-05,Humberside Police,Humberside Police,-0.362354,53.761871,On or near Reynoldson Street,E01012866,Kingston upon Hull 018D,Violence and sexual offences,Unable to prosecute suspect,
40fec991d1f6ea49e1f9ebc173353a1e231ea30d8a73d79b4cc45a7763225606,2021-05,Humberside Police,Humberside Police,-0.362354,53.761871,On or near Reynoldson Street,E01012866,Kingston upon Hull 018D,Violence and sexual offences,Unable to prosecute suspect,
477c4e48fbbcfc65e83234058e15ae70480966d8d2b861c5117d41cdf72ca8ef,2021-05,Humberside Police,Humberside Police,-0.360464,53.762096,On or near Marshall Street,E01012866,Kingston upon Hull 018D,Violence and sexual offences,Unable to prosecute suspect,
6227a5fffafcaaa44835f55f10987b5227083d8aad9ad650f95d25c558ee8787,2021-05,Humberside Police,Humberside Police,-0.365685,53.762042,On or near Reynoldson Court,E01012866,Kingston upon Hull 018D,Violence and sexual offences,Unable to prosecute suspect,
d1c031ea0fbab7fd38b85b9b667f67fffc7c3a20e3634f78e52ce1bc27dac5ae,2021-05,Humberside Police,Humberside Police,-0.365685,53.762042,On or near Reynoldson Court,E01012866,Kingston upon Hull 018D,Violence and sexual offences,Local resolution,
1d8bb88449b0822fb5add665128aabad76e1d8bea1d0dee03746d2ebf1e51f43,2021-05,Humberside Police,Humberside Police,-0.360464,53.762096,On or near Marshall Street,E01012866,Kingston upon Hull 018D,Violence and sexual offences,Unable to prosecute suspect,
35fe64c01e9fc8548f2d235878d46321ffd97cf285647e9b013bffe0a9f355ac,2021-05,Humberside Police,Humberside Police,-0.360464,53.762096,On or near Marshall Street,E01012866,Kingston upon Hull 018D,Violence and sexual offences,Unable to prosecute suspect,
1da67c01ede993c81ed36f1e48cd77fcb5650c78fc35be250aa653cdb7c2d227,2021-05,Humberside Police,Humberside Police,-0.365685,53.762042,On or near Reynoldson Court,E01012866,Kingston upon Hull 018D,Other crime,Action to be taken by another organisation,
ada1796fde7533b05a35413ae9b2bb2b6bf1f36ae5cfdfdfbbb7f084b101ed03,2021-05,Humberside Police,Humberside Police,-0.365685,53.762042,On or near Reynoldson Court,E01012866,Kingston upon Hull 018D,Other crime,Local resolution,
,2021-05,Humberside Police,Humberside Police,-0.361866,53.764651,On or near Manvers Street,E01012870,Kingston upon Hull 018E,Anti-social behaviour,,
,2021-05,Humberside Police,Humberside Police,-0.360865,53.763864,On or near Edgecumbe Street,E01012870,Kingston upon Hull 018E,Anti-social behaviour,,
b46f3a33724a74d70a227ccc937f38e8a518bc85662bf762a434a547128dbd05,2021-05,Humberside Police,Humberside Police,-0.360865,53.763864,On or near Edgecumbe Street,E01012870,Kingston upon Hull 018E,Burglary,Unable to prosecute suspect,
14baa5bcbcb382e0ac6427fa874428b6e2d1c32ad85a1c96b3f9f017e87053bd,2021-05,Humberside Police,Humberside Police,-0.361040,53.767947,On or near Falmouth Street,E01012870,Kingston upon Hull 018E,Criminal damage and arson,Investigation complete; no suspect identified,
9c59165356ab635ca71d8a501714d84c055bb55113186aa581af4bc786f28a31,2021-05,Humberside Police,Humberside Police,-0.360865,53.763864,On or near Edgecumbe Street,E01012870,Kingston upon Hull 018E,Other theft,Unable to prosecute suspect,
dcf84a5d5420ce03c3614a74ce2f9148175bb140209057903950394582aefac7,2021-05,Humberside Police,Humberside Police,-0.360865,53.763864,On or near Edgecumbe Street,E01012870,Kingston upon Hull 018E,Public order,Unable to prosecute suspect,
71f235a7e66e3f517f5fb8f58d7f5f8b7d9cf5e0781d11906dca0001d1b516d8,2021-05,Humberside Police,Humberside Police,-0.360865,53.763864,On or near Edgecumbe Street,E01012870,Kingston upon Hull 018E,Vehicle crime,Unable to prosecute suspect,
5b20158acdb228c59e55ad96915e2a9f3a7bf6d45280cd86e5478a30bf90e468,2021-05,Humberside Police,Humberside Police,-0.360865,53.763864,On or near Edgecumbe Street,E01012870,Kingston upon Hull 018E,Violence and sexual offences,Local resolution,
d8de005dbac5f10e316c95a525e172bb7431a46eced8bc787efaf1c78e172d95,2021-05,Humberside Police,Humberside Police,-0.360865,53.763864,On or near Edgecumbe Street,E01012870,Kingston upon Hull 018E,Violence and sexual offences,Awaiting court outcome,
9dd0cc0787d127c9070cfa509a44a3c99216a9f77cc49decd7a86fdb6e8f20e8,2021-05,Humberside Police,Humberside Police,-0.363046,53.768649,On or near Waddington Court,E01012870,Kingston upon Hull 018E,Violence and sexual offences,Unable to prosecute suspect,
6936eeb994f262a57c74e6b60fb089fffe54a4ece2f39add2c9cfc051213713b,2021-05,Humberside Police,Humberside Police,-0.363046,53.768649,On or near Waddington Court,E01012870,Kingston upon Hull 018E,Violence and sexual offences,Unable to prosecute suspect,
3ec2f73dd0b5beaf40bf5bec6a768157b15d7b88fa5f715edcf39dd407b5ae61,2021-05,Humberside Police,Humberside Police,-0.360865,53.763864,On or near Edgecumbe Street,E01012870,Kingston upon Hull 018E,Violence and sexual offences,Unable to prosecute suspect,
13ca996ebe940cf9bff90411cf482abe8b03befe20f52ebe365b6fdb09c8a302,2021-05,Humberside Police,Humberside Police,-0.363046,53.768649,On or near Waddington Court,E01012870,Kingston upon Hull 018E,Violence and sexual offences,Local resolution,
d9cc0f0abf9ee405412aef2f60a6c69070745ab3379d0b85ebc87dff4d56d911,2021-05,Humberside Police,Humberside Police,-0.360762,53.765346,On or near Raglan Street,E01012870,Kingston upon Hull 018E,Other crime,Action to be taken by another organisation,
,2021-05,Humberside Police,Humberside Police,-0.391576,53.751461,On or near Patterdale Road,E01012774,Kingston upon Hull 019A,Anti-social behaviour,,
,2021-05,Humberside Police,Humberside Police,-0.394253,53.752837,On or near Rosedale Grove,E01012774,Kingston upon Hull 019A,Anti-social behaviour,,
ccea18e10e68cf14baa1b6937d91c7c634b6725ac6bbe524f2bcbce50a17915f,2021-05,Humberside Police,Humberside Police,-0.394253,53.752837,On or near Rosedale Grove,E01012774,Kingston upon Hull 019A,Violence and sexual offences,Unable to prosecute suspect,
fd4ea091a64340552ddffeb5accd94d58a4ca8f75232dd3ba76ab4253814e9e0,2021-05,Humberside Police,Humberside Police,-0.394716,53.756205,On or near Celandine Close,E01012774,Kingston upon Hull 019A,Violence and sexual offences,Unable to prosecute suspect,
4899cd9905ce86d8100517fd03b6f1b6e10fa7254408653f79110a53545197c1,2021-05,Humberside Police,Humberside Police,-0.394253,53.752837,On or near Rosedale Grove,E01012774,Kingston upon Hull 019A,Violence and sexual offences,Status update unavailable,
90db486885b668bdbe70155db85fa18863da62b92578119575131ed62e0e1317,2021-05,Humberside Police,Humberside Police,-0.394716,53.756205,On or near Celandine Close,E01012774,Kingston upon Hull 019A,Violence and sexual offences,Unable to prosecute suspect,
747588878c92915f1775bbdb6a6289a47b1e5d1309463290aada3dfc954362d2,2021-05,Humberside Police,Humberside Police,-0.396171,53.755856,On or near Heather Close,E01012774,Kingston upon Hull 019A,Violence and sexual offences,Investigation complete; no suspect identified,
e8f71586f76db0c7d5cd953157268671ab90922cf25a2e0d8ed863f189280e3d,2021-05,Humberside Police,Humberside Police,-0.395271,53.755970,On or near Sorrel Drive,E01012774,Kingston upon Hull 019A,Violence and sexual offences,Unable to prosecute suspect,
412f5c6277a344f48475eb77417e0b90813a6e6b30037e058792916262d9cf5b,2021-05,Humberside Police,Humberside Police,-0.395271,53.755970,On or near Sorrel Drive,E01012774,Kingston upon Hull 019A,Violence and sexual offences,Unable to prosecute suspect,
6091d14878a6481c3d0123108dba2afe7324e3b7325e4b7148420ef88a5944e9,2021-05,Humberside Police,Humberside Police,-0.394716,53.756205,On or near Celandine Close,E01012774,Kingston upon Hull 019A,Violence and sexual offences,Unable to prosecute suspect,
,2021-05,Humberside Police,Humberside Police,-0.389996,53.761841,On or near Hutton Close,E01012795,Kingston upon Hull 019B,Anti-social behaviour,,
,2021-05,Humberside Police,Humberside Police,-0.391805,53.760139,On or near Sports/Recreation Area,E01012795,Kingston upon Hull 019B,Anti-social behaviour,,
,2021-05,Humberside Police,Humberside Police,-0.389996,53.761841,On or near Hutton Close,E01012795,Kingston upon Hull 019B,Anti-social behaviour,,
,2021-05,Humberside Police,Humberside Police,-0.389996,53.761841,On or near Hutton Close,E01012795,Kingston upon Hull 019B,Anti-social behaviour,,
,2021-05,Humberside Police,Humberside Police,-0.391642,53.766393,On or near Ely Park,E01012795,Kingston upon Hull 019B,Anti-social behaviour,,
,2021-05,Humberside Police,Humberside Police,-0.391998,53.767009,On or near Bishop Alcock Road,E01012795,Kingston upon Hull 019B,Anti-social behaviour,,
,2021-05,Humberside Police,Humberside Police,-0.391181,53.768131,On or near Burrill Mews,E01012795,Kingston upon Hull 019B,Anti-social behaviour,,
f7562003b5c2e2da0276db7502c3cf8033bfb769b63a7faded3bd3b37806b50b,2021-05,Humberside Police,Humberside Police,-0.389044,53.759760,On or near Sports/Recreation Area,E01012795,Kingston upon Hull 019B,Bicycle theft,Investigation complete; no suspect identified,
5251eddbc6cd52fbb467904f9ccec36806889dcbea42df760689f11739783255,2021-05,Humberside Police,Humberside Police,-0.387195,53.760895,On or near Brompton Close,E01012795,Kingston upon Hull 019B,Criminal damage and arson,Unable to prosecute suspect,
ed506c4344ea490b8b2ebe9e25d30c635e9bd7967479678f5c2e3267c109a407,2021-05,Humberside Police,Humberside Police,-0.397924,53.767187,On or near Boldron Mews,E01012795,Kingston upon Hull 019B,Criminal damage and arson,Investigation complete; no suspect identified,
8b19f916c1e6706171b6cdf60f2da86f35d88d819840c75db47aa2f960467d53,2021-05,Humberside Police,Humberside Police,-0.387195,53.760895,On or near Brompton Close,E01012795,Kingston upon Hull 019B,Criminal damage and arson,Unable to prosecute suspect,
66c7781bb22a260b0e331bdefea1ec19158650127820f23aafe3bfd98cc0eb8f,2021-05,Humberside Police,Humberside Police,-0.392511,53.763510,On or near Appleton Road,E01012795,Kingston upon Hull 019B,Criminal damage and arson,Unable to prosecute suspect,
509b9a663fd86282d4e3edb7c1ea2ba7d4fac382fb7942f63e04b69c7c9524e1,2021-05,Humberside Police,Humberside Police,-0.393388,53.764376,On or near Slingsby Close,E01012795,Kingston upon Hull 019B,Possession of weapons,Further investigation is not in the public interest,
b0d981267b46d9fd72fde5b421f00762f37454a9f7f052316c5f8357de4944e9,2021-05,Humberside Police,Humberside Police,-0.389996,53.761841,On or near Hutton Close,E01012795,Kingston upon Hull 019B,Public order,Unable to prosecute suspect,
9061bf60e6a1aa371ebe2bfe82d0008ebcfa1498897d82a14becdbd30c48b6c7,2021-05,Humberside Police,Humberside Police,-0.391270,53.762649,On or near Cloughton Grove,E01012795,Kingston upon Hull 019B,Public order,Unable to prosecute suspect,
a96315015461e7dd2115f2a10c9f5ce22fb1c1bb3bc6eee74e16d0c0140d4021,2021-05,Humberside Police,Humberside Police,-0.396388,53.767266,On or near Catterick Mews,E01012795,Kingston upon Hull 019B,Theft from the person,Investigation complete; no suspect identified,
648cc4f3eedee54b17ef93ffe8bb81acd1eb985fdac0d363b919cc94e37af117,2021-05,Humberside Police,Humberside Police,-0.382798,53.758876,On or near National Avenue,E01012795,Kingston upon Hull 019B,Vehicle crime,Investigation complete; no suspect identified,
9ec12919e9aaf97a9d37954305b93884692f666df4be003ec196553e68745aa7,2021-05,Humberside Police,Humberside Police,-0.397924,53.767187,On or near Boldron Mews,E01012795,Kingston upon Hull 019B,Vehicle crime,Investigation complete; no suspect identified,
3f98e38649439226eb0b49923c59393db3b4cb8a9b176d3425c75ec5ed316676,2021-05,Humberside Police,Humberside Police,-0.389044,53.759760,On or near Sports/Recreation Area,E01012795,Kingston upon Hull 019B,Vehicle crime,Investigation complete; no suspect identified,
415af3e16850f678614c71fbf0dbbf085834fad5e65417d02137093e119b127b,2021-05,Humberside Police,Humberside Police,-0.389525,53.766607,On or near Thorgill Grove,E01012795,Kingston upon Hull 019B,Vehicle crime,Unable to prosecute suspect,
f362501c8043c5c9704ba71423e4869c7438a6b30bbe259486ea38412a6e080a,2021-05,Humberside Police,Humberside Police,-0.387195,53.760895,On or near Brompton Close,E01012795,Kingston upon Hull 019B,Violence and sexual offences,Unable to prosecute suspect,
8c06e9b396598c570e1497605097a048278ff74eb1f9efaf5dd6ce0be9381a38,2021-05,Humberside Police,Humberside Police,-0.391998,53.767009,On or near Bishop Alcock Road,E01012795,Kingston upon Hull 019B,Violence and sexual offences,Unable to prosecute suspect,
deb363e26b3c939e5c6825340440b647bebd8aa50334a8c026ea97c04ddb4d52,2021-05,Humberside Police,Humberside Police,-0.392511,53.763510,On or near Appleton Road,E01012795,Kingston upon Hull 019B,Violence and sexual offences,Unable to prosecute suspect,
119f17f948ba0b146209548769c02c1fe45258b082add31ea5c82d60239d6041,2021-05,Humberside Police,Humberside Police,-0.391026,53.760695,On or near Cropton Road,E01012795,Kingston upon Hull 019B,Violence and sexual offences,Unable to prosecute suspect,
7974d1a299a0a12583434b325c87ba6a1e7fe569825164f63a800a664f0d0203,2021-05,Humberside Police,Humberside Police,-0.386600,53.757040,On or near Bontoft Avenue,E01012795,Kingston upon Hull 019B,Violence and sexual offences,Unable to prosecute suspect,
05a843350060af2f3d9f3854bf2f3ccbf8abdd0d5e07452597e956fdbcc92068,2021-05,Humberside Police,Humberside Police,-0.389374,53.765392,On or near Grammar School Road,E01012795,Kingston upon Hull 019B,Violence and sexual offences,Unable to prosecute suspect,
08ee92b9ac15e7226be7f6ad3eeea9a4624a24bdf9175419bc0115c829f9b29b,2021-05,Humberside Police,Humberside Police,-0.382798,53.758876,On or near National Avenue,E01012795,Kingston upon Hull 019B,Violence and sexual offences,Unable to prosecute suspect,
fe9a33d8c173d4987ba1f59d590d9fbd6869d05acad9ce7725b79dbe178a21e0,2021-05,Humberside Police,Humberside Police,-0.392511,53.763510,On or near Appleton Road,E01012795,Kingston upon Hull 019B,Violence and sexual offences,Unable to prosecute suspect,
28b66f954850c6a255ac3f0b25ca8cebc0d03f5cf45a174c8e317f2be70b79fe,2021-05,Humberside Police,Humberside Police,-0.392511,53.763510,On or near Appleton Road,E01012795,Kingston upon Hull 019B,Violence and sexual offences,Unable to prosecute suspect,
0c4e35ce578bcd9c0c0e1968814fb64dcc4004d7b6b3105289b06bbec7c222b6,2021-05,Humberside Police,Humberside Police,-0.393388,53.764376,On or near Slingsby Close,E01012795,Kingston upon Hull 019B,Violence and sexual offences,Unable to prosecute suspect,
6070e4418067c4ed066c92fd7208c65578913ccc6aeb3882d87d80022e0d9e71,2021-05,Humberside Police,Humberside Police,-0.387195,53.760895,On or near Brompton Close,E01012795,Kingston upon Hull 019B,Violence and sexual offences,Unable to prosecute suspect,
9e43966a8a90a99fecae099ba7845b5d964c986e38f9d7b762a1358b01c59e7b,2021-05,Humberside Police,Humberside Police,-0.389044,53.759760,On or near Sports/Recreation Area,E01012795,Kingston upon Hull 019B,Violence and sexual offences,Unable to prosecute suspect,
1f1b8710f2013e95891d98cbd192019c8e752528c15db8f312cc2eda5d1709ab,2021-05,Humberside Police,Humberside Police,-0.387195,53.760895,On or near Brompton Close,E01012795,Kingston upon Hull 019B,Violence and sexual offences,Unable to prosecute suspect,
e8983a569e4fabdce15db9b2c116947a46faf3089719f735e4221d6fb0e2d5b1,2021-05,Humberside Police,Humberside Police,-0.391642,53.766393,On or near Ely Park,E01012795,Kingston upon Hull 019B,Violence and sexual offences,Unable to prosecute suspect,
32efce2f77f3794253890d01e35a3a8dd22c519b7d2ae28f2cde5b38da5daca9,2021-05,Humberside Police,Humberside Police,-0.396199,53.761879,On or near Ormerod Road,E01012797,Kingston upon Hull 019C,Other theft,Investigation complete; no suspect identified,
6a59dceaee69803f30cf707ffe63decb3381e442a08c649833d24ba99b91b43a,2021-05,Humberside Police,Humberside Police,-0.399590,53.765268,On or near Fernhill Road,E01012797,Kingston upon Hull 019C,Violence and sexual offences,Unable to prosecute suspect,
882a358ef6743e487c747830359d9d401d3497e86294b3120bf277db4d555e55,2021-05,Humberside Police,Humberside Police,-0.399590,53.765268,On or near Fernhill Road,E01012797,Kingston upon Hull 019C,Violence and sexual offences,Unable to prosecute suspect,
78867424beb29994e5378ad1eaf8a1a40f490d01f7280bf17c390162af149841,2021-05,Humberside Police,Humberside Police,-0.399590,53.765268,On or near Fernhill Road,E01012797,Kingston upon Hull 019C,Violence and sexual offences,Unable to prosecute suspect,
ab00052ca7c1c028414c4ff7ea8db58675bdf13d63f269ba06330b270870bf20,2021-05,Humberside Police,Humberside Police,-0.398211,53.761231,On or near Malvern Road,E01012797,Kingston upon Hull 019C,Violence and sexual offences,Investigation complete; no suspect identified,
,2021-05,Humberside Police,Humberside Police,-0.401948,53.763097,On or near Arden Court,E01012798,Kingston upon Hull 019D,Anti-social behaviour,,
,2021-05,Humberside Police,Humberside Police,-0.402146,53.759091,On or near Strensall Road,E01012798,Kingston upon Hull 019D,Anti-social behaviour,,
,2021-05,Humberside Police,Humberside Police,-0.404252,53.762750,On or near Kilnwick Avenue,E01012798,Kingston upon Hull 019D,Anti-social behaviour,,
,2021-05,Humberside Police,Humberside Police,-0.402146,53.759091,On or near Strensall Road,E01012798,Kingston upon Hull 019D,Anti-social behaviour,,
,2021-05,Humberside Police,Humberside Police,-0.402146,53.759091,On or near Strensall Road,E01012798,Kingston upon Hull 019D,Anti-social behaviour,,
b395d2c1576e1545ac1544d54532fb62c229853efc99e84e26a788ef05773015,2021-05,Humberside Police,Humberside Police,-0.403852,53.760489,On or near Sawston Avenue,E01012798,Kingston upon Hull 019D,Criminal damage and arson,Court result unavailable,
12939262b7ca2695002c7143c8f3458333d1293b0fe599038b16d5d06a26f1a0,2021-05,Humberside Police,Humberside Police,-0.402496,53.764237,On or near Easby Court,E01012798,Kingston upon Hull 019D,Drugs,Unable to prosecute suspect,
12e0dc9633d05f2f85ca1a0e40ebac1713c9341dcf2c0d311b0dc998bf5f36bd,2021-05,Humberside Police,Humberside Police,-0.406349,53.761052,On or near Birdsall Avenue,E01012798,Kingston upon Hull 019D,Other theft,Unable to prosecute suspect,
977709714a2d9487797c74fa9708eed5ff5a9c3ff711b08dcf55e577ea43e7b3,2021-05,Humberside Police,Humberside Police,-0.400193,53.762175,On or near St Oswald Court,E01012798,Kingston upon Hull 019D,Public order,Investigation complete; no suspect identified,
450981e71a4c34fb2e158828f7e9f5cc71537bb3cd294324df8aa618c5efe97d,2021-05,Humberside Police,Humberside Police,-0.403041,53.762276,On or near Coronation Road North,E01012798,Kingston upon Hull 019D,Public order,Investigation complete; no suspect identified,
c2fa2c2fe3a450975a8296f73590589e68781211007d14bbe0f2153d5cb765e3,2021-05,Humberside Police,Humberside Police,-0.406349,53.761052,On or near Birdsall Avenue,E01012798,Kingston upon Hull 019D,Public order,Unable to prosecute suspect,
02c743efaea6ef79becad912837ca41008173ad41b7d760f8a22ad736024532e,2021-05,Humberside Police,Humberside Police,-0.406349,53.761052,On or near Birdsall Avenue,E01012798,Kingston upon Hull 019D,Public order,Unable to prosecute suspect,
93fbecb5467dfcf808a73910114f09f6633f51ef687c04f6965219e92fb3f072,2021-05,Humberside Police,Humberside Police,-0.406634,53.760328,On or near Brantingham Walk,E01012798,Kingston upon Hull 019D,Violence and sexual offences,Investigation complete; no suspect identified,
2be12e4b4e2ddeb776744402ab2e1dbbd6de3dbed0f08aafae4a9992b8865a3f,2021-05,Humberside Police,Humberside Police,-0.403852,53.760489,On or near Sawston Avenue,E01012798,Kingston upon Hull 019D,Violence and sexual offences,Unable to prosecute suspect,
3b8f8f7469a1cc11437e305f557b95edc48572b9b3947bdb2460c2305aa8966b,2021-05,Humberside Police,Humberside Police,-0.406349,53.761052,On or near Birdsall Avenue,E01012798,Kingston upon Hull 019D,Violence and sexual offences,Unable to prosecute suspect,
7220db6e3d1275bfc4ba69bdeaa4434211725e7e3d0598e1da6ed107b264e235,2021-05,Humberside Police,Humberside Police,-0.401020,53.763166,On or near St Francis Court,E01012798,Kingston upon Hull 019D,Violence and sexual offences,Investigation complete; no suspect identified,
13825337bd8600ff3e2192bf64557ab31fe4a5d71f577774066f783b2d5404ff,2021-05,Humberside Police,Humberside Police,-0.404252,53.762750,On or near Kilnwick Avenue,E01012798,Kingston upon Hull 019D,Violence and sexual offences,Unable to prosecute suspect,
0c22112f1cee50615026afabeb7c382b556ac2c2dda358fe6cd385db17394b17,2021-05,Humberside Police,Humberside Police,-0.403852,53.760489,On or near Sawston Avenue,E01012798,Kingston upon Hull 019D,Violence and sexual offences,Court result unavailable,
590ab3a5347bb5ddc5eb45cd526564790f9d7877fd230c66815d3ade256a92d2,2021-05,Humberside Police,Humberside Police,-0.403852,53.760489,On or near Sawston Avenue,E01012798,Kingston upon Hull 019D,Violence and sexual offences,Unable to prosecute suspect,
3cc1830ffdc0ecd092f5729b6abb289e07e4ea114e18524cbafc21ed9419f872,2021-05,Humberside Police,Humberside Police,-0.406349,53.761052,On or near Birdsall Avenue,E01012798,Kingston upon Hull 019D,Violence and sexual offences,Local resolution,
,2021-05,Humberside Police,Humberside Police,-0.401462,53.756322,On or near Danube Road,E01012801,Kingston upon Hull 019E,Anti-social behaviour,,
c0664769f4bdb24e5d12c46beb84bb567a99baa88e0ce6b563ad40b7de0f6241,2021-05,Humberside Police,Humberside Police,-0.401556,53.754247,On or near County Road South,E01012801,Kingston upon Hull 019E,Burglary,Investigation complete; no suspect identified,
031e64e7fff7224be6316882413f9c700fb7fb876c3e19e04ede4f8bca714f87,2021-05,Humberside Police,Humberside Police,-0.399349,53.761238,On or near Setting Crescent,E01012801,Kingston upon Hull 019E,Public order,Local resolution,
d1a819f6cac325f1f879225c5c2babde33b4042ebfdaf5fd284c2fd20dc23d9c,2021-05,Humberside Police,Humberside Police,-0.401462,53.756322,On or near Danube Road,E01012801,Kingston upon Hull 019E,Public order,Unable to prosecute suspect,
073ce5227a3cb6577731da6fab2b50a6ea90b06a1e15ea7b319fbf47bfb02aed,2021-05,Humberside Police,Humberside Police,-0.401462,53.756322,On or near Danube Road,E01012801,Kingston upon Hull 019E,Violence and sexual offences,Unable to prosecute suspect,
,2021-05,Humberside Police,Humberside Police,-0.299206,53.765423,On or near Hawkesbury Street,E01012816,Kingston upon Hull 020A,Anti-social behaviour,,
,2021-05,Humberside Police,Humberside Police,-0.299206,53.765423,On or near Hawkesbury Street,E01012816,Kingston upon Hull 020A,Anti-social behaviour,,
,2021-05,Humberside Police,Humberside Police,-0.299206,53.765423,On or near Hawkesbury Street,E01012816,Kingston upon Hull 020A,Anti-social behaviour,,
,2021-05,Humberside Police,Humberside Police,-0.299206,53.765423,On or near Hawkesbury Street,E01012816,Kingston upon Hull 020A,Anti-social behaviour,,
,2021-05,Humberside Police,Humberside Police,-0.291757,53.765038,On or near Portobello Street,E01012816,Kingston upon Hull 020A,Anti-social behaviour,,
,2021-05,Humberside Police,Humberside Police,-0.299206,53.765423,On or near Hawkesbury Street,E01012816,Kingston upon Hull 020A,Anti-social behaviour,,
,2021-05,Humberside Police,Humberside Police,-0.292686,53.768324,On or near Lawrence Avenue,E01012816,Kingston upon Hull 020A,Anti-social behaviour,,
,2021-05,Humberside Police,Humberside Police,-0.299206,53.765423,On or near Hawkesbury Street,E01012816,Kingston upon Hull 020A,Anti-social behaviour,,
3a57f8540facd06835bdbd996694595e26d9cca88edeb93c217bf82a246342f1,2021-05,Humberside Police,Humberside Police,-0.301088,53.761279,On or near Telford Street,E01012816,Kingston upon Hull 020A,Bicycle theft,Investigation complete; no suspect identified,
f3a80a021e7fa7cd216ed2b0677ed2aeee6f4c306fca9937a81005adf08a5675,2021-05,Humberside Police,Humberside Police,-0.298405,53.762346,On or near Lodge Street,E01012816,Kingston upon Hull 020A,Burglary,Investigation complete; no suspect identified,
1d1a487bc56f9ea47639443e836d6527311b23c3e059347e5a7dc77ff760ed57,2021-05,Humberside Police,Humberside Police,-0.292686,53.768324,On or near Lawrence Avenue,E01012816,Kingston upon Hull 020A,Criminal damage and arson,Investigation complete; no suspect identified,
a6df8b65c0e4b54fcae2d28a6efc437686688a39f4d60e6d0a7ea9b373934bae,2021-05,Humberside Police,Humberside Police,-0.299206,53.765423,On or near Hawkesbury Street,E01012816,Kingston upon Hull 020A,Other theft,Investigation complete; no suspect identified,
f1dbb14cf11b1c47ecb94947b02d8e9a9077b885cc2651b7aefea1a81e1b342a,2021-05,Humberside Police,Humberside Police,-0.301088,53.761279,On or near Telford Street,E01012816,Kingston upon Hull 020A,Public order,Local resolution,
9eb6c8e44f02fc3057f9e0e2f5848fdc3fb64aa12d57eec1993a8458d8f88772,2021-05,Humberside Police,Humberside Police,-0.291814,53.765893,On or near Hurley Close,E01012816,Kingston upon Hull 020A,Public order,Investigation complete; no suspect identified,
df93823466b8c74e842dd5f6d834366c48a701c372d5e05fe4c428bf99d9625c,2021-05,Humberside Police,Humberside Police,-0.301088,53.761279,On or near Telford Street,E01012816,Kingston upon Hull 020A,Public order,Unable to prosecute suspect,
8d4cbf69edc7ea2864ba125323b91ea559bdfda2b790f06827d1472676dc2109,2021-05,Humberside Police,Humberside Police,-0.299206,53.765423,On or near Hawkesbury Street,E01012816,Kingston upon Hull 020A,Public order,Unable to prosecute suspect,
8c712babb19a6bcb5b264b2c6d42f657817a545e26d426edeff1689b354dcac8,2021-05,Humberside Police,Humberside Police,-0.301088,53.761279,On or near Telford Street,E01012816,Kingston upon Hull 020A,Public order,Unable to prosecute suspect,
10ddc17cfca8e4a5d0cec73d558fb0fe99355e95457be89477775b8dd5d94ed2,2021-05,Humberside Police,Humberside Police,-0.301088,53.761279,On or near Telford Street,E01012816,Kingston upon Hull 020A,Violence and sexual offences,Local resolution,
c2656a0be987687befcb80e8112c4621237762f8d3fb7d291c8e98e58f24c1e8,2021-05,Humberside Police,Humberside Police,-0.301088,53.761279,On or near Telford Street,E01012816,Kingston upon Hull 020A,Violence and sexual offences,Investigation complete; no suspect identified,
4b1f3bf416988553219a31b715cdf818c3694b864cbf20f8d6e83d38d4e34dac,2021-05,Humberside Police,Humberside Police,-0.297310,53.762789,On or near Southcoates Avenue,E01012816,Kingston upon Hull 020A,Violence and sexual offences,Unable to prosecute suspect,
a3e22deb976c911ea1123cf97dc46c1c07eff49fe5caedf313c73f5fda22918d,2021-05,Humberside Police,Humberside Police,-0.292686,53.768324,On or near Lawrence Avenue,E01012816,Kingston upon Hull 020A,Violence and sexual offences,Unable to prosecute suspect,
35316c5f5f7bceb728bc81738ab841ff82db236e8e055723ac4ceeed25639139,2021-05,Humberside Police,Humberside Police,-0.301088,53.761279,On or near Telford Street,E01012816,Kingston upon Hull 020A,Violence and sexual offences,Local resolution,
68607dc0519ad1a6e0e89a955ffb2879dc3154bf22eb934551b9c4b512f912a5,2021-05,Humberside Police,Humberside Police,-0.297310,53.762789,On or near Southcoates Avenue,E01012816,Kingston upon Hull 020A,Violence and sexual offences,Unable to prosecute suspect,
3081e5e14db82dcf1239b689eb928b022a6653c67a7d5ee8113b4fa1a5c0e950,2021-05,Humberside Police,Humberside Police,-0.301088,53.761279,On or near Telford Street,E01012816,Kingston upon Hull 020A,Violence and sexual offences,Unable to prosecute suspect,
4045ed5a27a2b2f66e4c0377d81caa72d89f047513c7c6d9e6725080dc3a7441,2021-05,Humberside Police,Humberside Police,-0.298444,53.764028,On or near East Park Avenue,E01012816,Kingston upon Hull 020A,Other crime,Unable to prosecute suspect,
3697ee2ada5fc59f24aa7731dcf47d34db1d060d88324a9621eab8853d56cb3c,2021-05,Humberside Police,Humberside Police,-0.304055,53.748268,On or near Ferries Street,E01012848,Kingston upon Hull 020B,Burglary,Investigation complete; no suspect identified,
b9f8c06f9fdd0c9f76297111758aba7de2fb6415bd2576824537ecad49a9d8ad,2021-05,Humberside Police,Humberside Police,-0.271480,53.747497,On or near Petrol Station,E01012848,Kingston upon Hull 020B,Burglary,Court result unavailable,
810c8d60838e35c6e26803fb4ead60ae8aa3f05f79f5ed6171e909da14102e49,2021-05,Humberside Police,Humberside Police,-0.278991,53.748891,On or near Delhi Street,E01012848,Kingston upon Hull 020B,Burglary,Investigation complete; no suspect identified,
393e02dcfea69611aa7bdd37ac8bda25b59af8f9af7b63b3eff1269b2496ec15,2021-05,Humberside Police,Humberside Police,-0.258545,53.747831,On or near Valletta Street,E01012848,Kingston upon Hull 020B,Criminal damage and arson,Action to be taken by another organisation,
ef9c31b8be4bbb8ec9fec15a8aed1f5281ba1f9dba8c4f00420b74a857cc5d3c,2021-05,Humberside Police,Humberside Police,-0.271480,53.747497,On or near Petrol Station,E01012848,Kingston upon Hull 020B,Criminal damage and arson,Investigation complete; no suspect identified,
baab2337aa06fa941378e97ca74ae00f2c0b0cc184e7b41b0ed598921503c533,2021-05,Humberside Police,Humberside Police,-0.300368,53.749052,On or near Lee Smith Street,E01012848,Kingston upon Hull 020B,Criminal damage and arson,Unable to prosecute suspect,
b97b9311337792365fc6b75f1319f1d9269d3ee0d8d40e140534a0ef351ec4bc,2021-05,Humberside Police,Humberside Police,-0.250729,53.747232,On or near Somerden Road,E01012848,Kingston upon Hull 020B,Criminal damage and arson,Court result unavailable,
15e6208bd940b1b4af30349fe8cbd751421ec9c9bd458f3d2dc030279b191fa0,2021-05,Humberside Police,Humberside Police,-0.285847,53.742157,On or near Parking Area,E01012848,Kingston upon Hull 020B,Criminal damage and arson,Investigation complete; no suspect identified,
6795535c8a5fe04b1b806c7148e409660daab90be23d88ed442cdf17c1e0fc1a,2021-05,Humberside Police,Humberside Police,-0.265468,53.747662,On or near Elba Street,E01012848,Kingston upon Hull 020B,Criminal damage and arson,Investigation complete; no suspect identified,
94cf884d06cf03a81ae7d8832867a09ad5db54081f9e87f9c079e38dfc2f3543,2021-05,Humberside Police,Humberside Police,-0.298591,53.749117,On or near Newtown Square,E01012848,Kingston upon Hull 020B,Criminal damage and arson,Investigation complete; no suspect identified,
5d50b2d795e95289384f0179c55b58e7060c6cba13c826e58af720893d8e91ef,2021-05,Humberside Police,Humberside Police,-0.272846,53.748569,On or near Ceylon Street,E01012848,Kingston upon Hull 020B,Criminal damage and arson,Investigation complete; no suspect identified,
11ff26affec1797f6318d7f570ef37dbf2101c1e1ddf43f3edd725c70dde727d,2021-05,Humberside Police,Humberside Police,-0.298591,53.749117,On or near Newtown Square,E01012848,Kingston upon Hull 020B,Other theft,Investigation complete; no suspect identified,
d3da03fce78ff456227379b2565b4f9d64d32b3ad1d484faff1130a70bac9422,2021-05,Humberside Police,Humberside Police,-0.273866,53.748116,On or near Petrol Station,E01012848,Kingston upon Hull 020B,Other theft,Court result unavailable,
7af41f72c0065425cd0c042415a544cb62d520c3404bb53d8d4e10fc7bd29f48,2021-05,Humberside Police,Humberside Police,-0.265468,53.747662,On or near Elba Street,E01012848,Kingston upon Hull 020B,Other theft,Investigation complete; no suspect identified,
740ae57ae708215b5aadcbf32aaf99339bd4acc99d26cf1c8f37314ec41cd939,2021-05,Humberside Police,Humberside Police,-0.299372,53.750449,On or near Haller Street,E01012848,Kingston upon Hull 020B,Other theft,Unable to prosecute suspect,
dfbe8ad9761fdb0defed9b9dc1cd639ed302735e19499323064998f00cd3abc3,2021-05,Humberside Police,Humberside Police,-0.304055,53.748268,On or near Ferries Street,E01012848,Kingston upon Hull 020B,Public order,Court result unavailable,
fdbfafc07494ac3c5d4790b901c3a5b1c5c30fa4b46cbef6bf7f09f6020e9620,2021-05,Humberside Police,Humberside Police,-0.271480,53.747497,On or near Petrol Station,E01012848,Kingston upon Hull 020B,Public order,Unable to prosecute suspect,
0ee5009271a77895484aabe6849c23b6cba97442163be9b7746a9f4c076af4cd,2021-05,Humberside Police,Humberside Police,-0.296483,53.747990,On or near Prison,E01012848,Kingston upon Hull 020B,Public order,Unable to prosecute suspect,
cbf4622504162f799a96b58bfa92d584706d714ce62dd0fd74087c77f253fc0c,2021-05,Humberside Police,Humberside Police,-0.304055,53.748268,On or near Ferries Street,E01012848,Kingston upon Hull 020B,Public order,Court result unavailable,
b7ebd4fccef71ebd86c1e5536b2876f06e18abd33cff2f7917cb09155be7a5e9,2021-05,Humberside Police,Humberside Police,-0.298591,53.749117,On or near Newtown Square,E01012848,Kingston upon Hull 020B,Public order,Status update unavailable,
ec7e936ca9d842575a7092399ca0ac6d1ee697de4a3ea891412a31b8f6e25831,2021-05,Humberside Police,Humberside Police,-0.298030,53.749486,On or near Southcoates Lane,E01012848,Kingston upon Hull 020B,Public order,Unable to prosecute suspect,
51349d9fccc5bd38e451cbf851fc2d2e6f4aa48864346b9b764c75a3aa6b8f2b,2021-05,Humberside Police,Humberside Police,-0.298030,53.749486,On or near Southcoates Lane,E01012848,Kingston upon Hull 020B,Public order,Unable to prosecute suspect,
4cc5a59a8c8796a281e6400e8a7a03975dc08e60e2fbd21852f22705fe8a7078,2021-05,Humberside Police,Humberside Police,-0.298591,53.749117,On or near Newtown Square,E01012848,Kingston upon Hull 020B,Public order,Unable to prosecute suspect,
d28dc50f697f50f661e22e84099f1b98efd60b6881ee336900e4ab1e3ba72152,2021-05,Humberside Police,Humberside Police,-0.300368,53.749052,On or near Lee Smith Street,E01012848,Kingston upon Hull 020B,Public order,Unable to prosecute suspect,
06cc104284b4c832b097d90f69bef994c223116c94537b426bdc6982be1b0383,2021-05,Humberside Police,Humberside Police,-0.273866,53.748116,On or near Petrol Station,E01012848,Kingston upon Hull 020B,Public order,Court result unavailable,
ddd08f83596ba9ec33f9711109b49972bf6f3c3105d10caefcf81aa714e7bff9,2021-05,Humberside Police,Humberside Police,-0.296483,53.747990,On or near Prison,E01012848,Kingston upon Hull 020B,Violence and sexual offences,Action to be taken by another organisation,
676dd7434fad924fffc3243712c9ff2c7adcfe0b9252b77862a576e149dac8b0,2021-05,Humberside Police,Humberside Police,-0.296483,53.747990,On or near Prison,E01012848,Kingston upon Hull 020B,Violence and sexual offences,Action to be taken by another organisation,
9969e2bccc941d92f7b1a7de28af818091c1e566920c32690aabbc4270df1595,2021-05,Humberside Police,Humberside Police,-0.296483,53.747990,On or near Prison,E01012848,Kingston upon Hull 020B,Violence and sexual offences,Court result unavailable,
26e7c0d5db8055ba33f2036912e9762861cbc232ccf63c9922e03d3ab9a8244f,2021-05,Humberside Police,Humberside Police,-0.298591,53.749117,On or near Newtown Square,E01012848,Kingston upon Hull 020B,Violence and sexual offences,Unable to prosecute suspect,
48a884eb8db35b8eb18f665ce174a79d8a46c81b8164b7583574c58b2a86ccf6,2021-05,Humberside Police,Humberside Police,-0.296483,53.747990,On or near Prison,E01012848,Kingston upon Hull 020B,Violence and sexual offences,Action to be taken by another organisation,
2ff343ac3f2a8492aa1a2804ce25f1bd6b1f5969a43ab42d6abb907da292b197,2021-05,Humberside Police,Humberside Police,-0.296483,53.747990,On or near Prison,E01012848,Kingston upon Hull 020B,Violence and sexual offences,Awaiting court outcome,
1400be4b612ed817a92e3d25e02e19bb512ba34bd115571031bdf20a675f1f41,2021-05,Humberside Police,Humberside Police,-0.296483,53.747990,On or near Prison,E01012848,Kingston upon Hull 020B,Violence and sexual offences,Court result unavailable,
2332bba6923c53f00b75d28ef97901b00c41213fe48133853c339cea59f6327f,2021-05,Humberside Police,Humberside Police,-0.296483,53.747990,On or near Prison,E01012848,Kingston upon Hull 020B,Violence and sexual offences,Unable to prosecute suspect,
659e4785a67a5ab894d634e626788e9137ad67ef627b0866875aa7be1b49dd5b,2021-05,Humberside Police,Humberside Police,-0.296483,53.747990,On or near Prison,E01012848,Kingston upon Hull 020B,Violence and sexual offences,Action to be taken by another organisation,
80b3b0cc28f855bcb1053610f33bdcdca1929445b099e82c35593c08b300ae82,2021-05,Humberside Police,Humberside Police,-0.296483,53.747990,On or near Prison,E01012848,Kingston upon Hull 020B,Violence and sexual offences,Action to be taken by another organisation,
84769e48c869d5142695ee04ca216c11d8a838f5fbee300908e0a4d702ddefd1,2021-05,Humberside Police,Humberside Police,-0.296483,53.747990,On or near Prison,E01012848,Kingston upon Hull 020B,Violence and sexual offences,Action to be taken by another organisation,
462a03bf08933d55552bcd26eff3f61dbc0bc345395e5796cab767079d65246d,2021-05,Humberside Police,Humberside Police,-0.304055,53.748268,On or near Ferries Street,E01012848,Kingston upon Hull 020B,Violence and sexual offences,Court result unavailable,
3f4126edf14b048c088baf9d4fcb888744451d74e46e3578005acffda40918cc,2021-05,Humberside Police,Humberside Police,-0.298591,53.749117,On or near Newtown Square,E01012848,Kingston upon Hull 020B,Violence and sexual offences,Unable to prosecute suspect,
e395c7fc7135d8c4b26dbb42dcd66e2d00c646210bbe56aff7883b48ab5d1aa1,2021-05,Humberside Police,Humberside Police,-0.272846,53.748569,On or near Ceylon Street,E01012848,Kingston upon Hull 020B,Violence and sexual offences,Unable to prosecute suspect,
8647fd9a631597ba2d40222bdad9fecd5cb415ccf98427f1753d6ad1d03f0a8c,2021-05,Humberside Police,Humberside Police,-0.271480,53.747497,On or near Petrol Station,E01012848,Kingston upon Hull 020B,Violence and sexual offences,Unable to prosecute suspect,
2b7c564caea3a4c4d2fda9e3bc16f1b32057af8546e8213d41a3ce3ba435722d,2021-05,Humberside Police,Humberside Police,-0.296483,53.747990,On or near Prison,E01012848,Kingston upon Hull 020B,Violence and sexual offences,Action to be taken by another organisation,
d7ff5fe0588a6cace9a8b83e0687a55c49584a4550b0edac0457e09b1ce47203,2021-05,Humberside Police,Humberside Police,-0.296483,53.747990,On or near Prison,E01012848,Kingston upon Hull 020B,Violence and sexual offences,Action to be taken by another organisation,
b7298b07a89cef7669e31b7cf2238ca23715cdb74138d622369813adf7490805,2021-05,Humberside Police,Humberside Police,-0.296483,53.747990,On or near Prison,E01012848,Kingston upon Hull 020B,Violence and sexual offences,Action to be taken by another organisation,
62e8549af229070f82b1411be58aec5848f70d936fe887012aae33da7900d0ce,2021-05,Humberside Police,Humberside Police,-0.296483,53.747990,On or near Prison,E01012848,Kingston upon Hull 020B,Violence and sexual offences,Unable to prosecute suspect,
19201fe4886b0a392db8242f9eedb6ae102758aa5bea00ce1d3a6bc45aca6b9a,2021-05,Humberside Police,Humberside Police,-0.296483,53.747990,On or near Prison,E01012848,Kingston upon Hull 020B,Violence and sexual offences,Action to be taken by another organisation,
1c77dbc0407e2df770f76df150341cfeeb532e1a07510ead9846eb89f375814e,2021-05,Humberside Police,Humberside Police,-0.271966,53.751550,On or near Acasta Way,E01012848,Kingston upon Hull 020B,Violence and sexual offences,Unable to prosecute suspect,
ad0d2f236280fef4cc7e17daf8dc7a9bb1d0622e58cf608d7b6a1c3f45021a90,2021-05,Humberside Police,Humberside Police,-0.277211,53.749018,On or near Egypt Street,E01012848,Kingston upon Hull 020B,Violence and sexual offences,Unable to prosecute suspect,
be100a8303fa06f4267dbb470aa0374a5a90aca8472451a27dd7e9827a71d5b5,2021-05,Humberside Police,Humberside Police,-0.296483,53.747990,On or near Prison,E01012848,Kingston upon Hull 020B,Violence and sexual offences,Action to be taken by another organisation,
d0955b5ebff19fd81d00d60e9c83e42f7fe54cb1617d9b277de01bfe94af9798,2021-05,Humberside Police,Humberside Police,-0.296483,53.747990,On or near Prison,E01012848,Kingston upon Hull 020B,Violence and sexual offences,Action to be taken by another organisation,
7a39c2714ca54e1bdf04a5fb978b83c03862519444070f68eb698b5c6b6b588d,2021-05,Humberside Police,Humberside Police,-0.298591,53.749117,On or near Newtown Square,E01012848,Kingston upon Hull 020B,Violence and sexual offences,Unable to prosecute suspect,
578f40abf35d659b3fb24c2bbd53adf191ebd5dbc41800a042ca2896a3b3720a,2021-05,Humberside Police,Humberside Police,-0.271480,53.747497,On or near Petrol Station,E01012848,Kingston upon Hull 020B,Violence and sexual offences,Local resolution,
aace10ddb46fe523f71dd4917119bf05fa5029a411c7445ffb0f8cf6b585a5e1,2021-05,Humberside Police,Humberside Police,-0.296483,53.747990,On or near Prison,E01012848,Kingston upon Hull 020B,Violence and sexual offences,Unable to prosecute suspect,
444251c27c1e79264a4d0105fa3b511dff8378eee4383259ab8de194b6bdf234,2021-05,Humberside Police,Humberside Police,-0.277376,53.747951,On or near Hedon Road,E01012848,Kingston upon Hull 020B,Other crime,Court result unavailable,
fc48bb157bed12ce997afab4afb96708243032533ab1cf400092eaed13663cba,2021-05,Humberside Police,Humberside Police,-0.296483,53.747990,On or near Prison,E01012848,Kingston upon Hull 020B,Other crime,Action to be taken by another organisation,
,2021-05,Humberside Police,Humberside Police,-0.287186,53.756200,On or near Pembroke Grove,E01012894,Kingston upon Hull 020C,Anti-social behaviour,,
,2021-05,Humberside Police,Humberside Police,-0.294311,53.755187,On or near Kedrum Road,E01012894,Kingston upon Hull 020C,Anti-social behaviour,,
,2021-05,Humberside Police,Humberside Police,-0.287186,53.756200,On or near Pembroke Grove,E01012894,Kingston upon Hull 020C,Anti-social behaviour,,
,2021-05,Humberside Police,Humberside Police,-0.288230,53.754399,On or near Troutsdale Grove,E01012894,Kingston upon Hull 020C,Anti-social behaviour,,
bd0a71a2538a1a0b023ddef6248934682af91a6b0f1b4fd2166fe5ece02e85bb,2021-05,Humberside Police,Humberside Police,-0.294103,53.758078,On or near Preston Road,E01012894,Kingston upon Hull 020C,Criminal damage and arson,Unable to prosecute suspect,
4857a756da2ec63bb3911c0181145af915017d496ce5ee70068bfce9e9896056,2021-05,Humberside Police,Humberside Police,-0.294103,53.758078,On or near Preston Road,E01012894,Kingston upon Hull 020C,Criminal damage and arson,Unable to prosecute suspect,
a782a1a19975f6546c227b3ffb51e10318185771a0299f133dea83f832838a91,2021-05,Humberside Police,Humberside Police,-0.287525,53.757939,On or near Keble Grove,E01012894,Kingston upon Hull 020C,Criminal damage and arson,Investigation complete; no suspect identified,
eed089daadacac5fce1fdbc71b97fd05cf36d6c16ee445dfa42207bb6c8019c4,2021-05,Humberside Police,Humberside Police,-0.287186,53.756200,On or near Pembroke Grove,E01012894,Kingston upon Hull 020C,Criminal damage and arson,Unable to prosecute suspect,
c8314037ce419cf84b5891fdfc3de212717fcb4c5a684e499239fce66c3d547f,2021-05,Humberside Police,Humberside Police,-0.291515,53.755686,On or near Sports/Recreation Area,E01012894,Kingston upon Hull 020C,Other theft,Unable to prosecute suspect,
fc12cf146fc458a809aa9b947eabeb014d8da13ccd54a646b27930f2be94712a,2021-05,Humberside Police,Humberside Police,-0.294311,53.755187,On or near Kedrum Road,E01012894,Kingston upon Hull 020C,Public order,Investigation complete; no suspect identified,
a22eabb53300d3871b791e5fb835611482df3e35b5d6d3a6d66c23ff8f5e8bd9,2021-05,Humberside Police,Humberside Police,-0.287186,53.756200,On or near Pembroke Grove,E01012894,Kingston upon Hull 020C,Public order,Action to be taken by another organisation,
7537d9d6fd61e774d077b3671c1d2e87f30d191c3a5fc9f209e1772746e9ed6e,2021-05,Humberside Police,Humberside Police,-0.294311,53.755187,On or near Kedrum Road,E01012894,Kingston upon Hull 020C,Shoplifting,Court result unavailable,
f89b970c6ce75ada316d7222eb9ba8b4f8f3f1277d081d9eb984ecfbabfca4f5,2021-05,Humberside Police,Humberside Police,-0.294996,53.754369,On or near Southcoates Lane,E01012894,Kingston upon Hull 020C,Vehicle crime,Investigation complete; no suspect identified,
91641fe114025d7205577adfaa66b24e53565dbbea57ff1b62f70305a888c073,2021-05,Humberside Police,Humberside Police,-0.293854,53.754119,On or near Ryedale Grove,E01012894,Kingston upon Hull 020C,Violence and sexual offences,Unable to prosecute suspect,
c00c3c55c42435b26d4293a8e38f86b66176794b66ec1a5cf4f53d801628bfaa,2021-05,Humberside Police,Humberside Police,-0.287186,53.756200,On or near Pembroke Grove,E01012894,Kingston upon Hull 020C,Violence and sexual offences,Local resolution,
e12f861a74783c5287d11aeec50bb3cf780dc7177339536cedaf4a4f5e4e2779,2021-05,Humberside Police,Humberside Police,-0.288331,53.757528,On or near Merton Grove,E01012894,Kingston upon Hull 020C,Violence and sexual offences,Unable to prosecute suspect,
efb7ca3893f51bb435b3690201f5bd7f47c91945214246e74b132a7c953007b3,2021-05,Humberside Police,Humberside Police,-0.294996,53.754369,On or near Southcoates Lane,E01012894,Kingston upon Hull 020C,Violence and sexual offences,Investigation complete; no suspect identified,
0f608ea7b99913f747fb8ac77b5e42b2a7b399d146516cf2ceac77dcfeac5342,2021-05,Humberside Police,Humberside Police,-0.292995,53.753226,On or near Bransdale Grove,E01012894,Kingston upon Hull 020C,Violence and sexual offences,Unable to prosecute suspect,
8cc9bb84bdef91c530a8e5b34efe45d44355b89561808b36c2e7bc65d5db2e30,2021-05,Humberside Police,Humberside Police,-0.288456,53.753701,On or near Glaisdale Grove,E01012894,Kingston upon Hull 020C,Violence and sexual offences,Unable to prosecute suspect,
4fc2cf207d8e5fb636e379e05cb4f14ee8f07e2df4ec0a7adc44f09b411d9959,2021-05,Humberside Police,Humberside Police,-0.289244,53.757065,On or near College Grove,E01012894,Kingston upon Hull 020C,Violence and sexual offences,Investigation complete; no suspect identified,
f22664ac254491ef58fc6a25c2391adcdd7b75a8c3425c582e103e8eb3e15ed6,2021-05,Humberside Police,Humberside Police,-0.287525,53.757939,On or near Keble Grove,E01012894,Kingston upon Hull 020C,Violence and sexual offences,Status update unavailable,
f0c0997f028b0df8f3483c2e59602ea5d5ea3b986390701734e50c0f8a354401,2021-05,Humberside Police,Humberside Police,-0.287186,53.756200,On or near Pembroke Grove,E01012894,Kingston upon Hull 020C,Violence and sexual offences,Unable to prosecute suspect,
c8290d92ec7a7b53bb7c308390ae42f40232c307cea27f63c2cd9dbd446fd3c4,2021-05,Humberside Police,Humberside Police,-0.293854,53.754119,On or near Ryedale Grove,E01012894,Kingston upon Hull 020C,Violence and sexual offences,Unable to prosecute suspect,
dc838d052b3eb0fa1ad3dd9e1e889eb62890aea0700d0e0e3494ea529c223ee8,2021-05,Humberside Police,Humberside Police,-0.289244,53.757065,On or near College Grove,E01012894,Kingston upon Hull 020C,Violence and sexual offences,Unable to prosecute suspect,
429b9d1b397858375ea49a6cd60981ef334f87b29cd4efcdc1e6c69a96047c52,2021-05,Humberside Police,Humberside Police,-0.288230,53.754399,On or near Troutsdale Grove,E01012894,Kingston upon Hull 020C,Violence and sexual offences,Unable to prosecute suspect,
21799bc3b6225b92fa910859ae6b030a4bf3b74c9fd1715a10f7c895924d8559,2021-05,Humberside Police,Humberside Police,-0.294311,53.755187,On or near Kedrum Road,E01012894,Kingston upon Hull 020C,Violence and sexual offences,Local resolution,
1098c3c835e62c243ed3f1802ff6221fcea9b48b776cc94c5e6d91c47f2f30e0,2021-05,Humberside Police,Humberside Police,-0.288230,53.754399,On or near Troutsdale Grove,E01012894,Kingston upon Hull 020C,Violence and sexual offences,Unable to prosecute suspect,
b754218e8dc075bdbe4380c028b938a4cc883d70d01fce62fcd151e88d9f4559,2021-05,Humberside Police,Humberside Police,-0.289276,53.757785,On or near Wadham Grove,E01012894,Kingston upon Hull 020C,Violence and sexual offences,Unable to prosecute suspect,
2565cc0ddcde91f7fd21d18114d67d80f376c94bf9c170cc72d5c880e07becb4,2021-05,Humberside Police,Humberside Police,-0.292995,53.753226,On or near Bransdale Grove,E01012894,Kingston upon Hull 020C,Violence and sexual offences,Offender given a caution,
413bf513e8d48a9263eea566d50c86679e622f6f26cd76577546006bd0d4b566,2021-05,Humberside Police,Humberside Police,-0.294103,53.758078,On or near Preston Road,E01012894,Kingston upon Hull 020C,Other crime,Court result unavailable,
16e3a43409c482c09120733709c9229544ad1e7fa4a0c5ead168cbb0cbea34aa,2021-05,Humberside Police,Humberside Police,-0.289244,53.757065,On or near College Grove,E01012894,Kingston upon Hull 020C,Other crime,Local resolution,
a9fc00df5b1770b36d4811f8eb13df5453bfdb9b2f15d83092cbf4b51d939991,2021-05,Humberside Police,Humberside Police,-0.294103,53.758078,On or near Preston Road,E01012894,Kingston upon Hull 020C,Other crime,Court result unavailable,
,2021-05,Humberside Police,Humberside Police,-0.297098,53.762795,On or near East Park Avenue,E01012896,Kingston upon Hull 020D,Anti-social behaviour,,
,2021-05,Humberside Police,Humberside Police,-0.288274,53.766373,On or near Ings Road,E01012896,Kingston upon Hull 020D,Anti-social behaviour,,
,2021-05,Humberside Police,Humberside Police,-0.288274,53.766373,On or near Ings Road,E01012896,Kingston upon Hull 020D,Anti-social behaviour,,
5b8b4fecb678f1c23b8b3a289544879bc755f7b6e2d370ede87e66f86c0cbef9,2021-05,Humberside Police,Humberside Police,-0.291120,53.763546,On or near Aberdeen Street,E01012896,Kingston upon Hull 020D,Burglary,Investigation complete; no suspect identified,
66609a2207c750dc4bd656eab952843c5666aa764152c94a293e4d284699b6bc,2021-05,Humberside Police,Humberside Police,-0.291120,53.763546,On or near Aberdeen Street,E01012896,Kingston upon Hull 020D,Criminal damage and arson,Unable to prosecute suspect,
7fb3f1224a37e9a6c4c3f22127ea813398240f822340f5ac06093cdb01db5103,2021-05,Humberside Police,Humberside Police,-0.291120,53.763546,On or near Aberdeen Street,E01012896,Kingston upon Hull 020D,Other theft,Investigation complete; no suspect identified,
95e7b5ef9c1e238da8e5cde5364bbeadf10600d87d6f1f6b0280e0199a76f166,2021-05,Humberside Police,Humberside Police,-0.288442,53.764856,On or near The Broadway,E01012896,Kingston upon Hull 020D,Other theft,Investigation complete; no suspect identified,
893b91484f4c87f7da4c6044f1ea888c2c76128c237e2d60fb8df8c2bdfd50e7,2021-05,Humberside Police,Humberside Police,-0.288442,53.764856,On or near The Broadway,E01012896,Kingston upon Hull 020D,Other theft,Court result unavailable,
b77846546d2b2a494a6eb8125ec894f213546547ab2b12b4b37fc40c3d1b3b60,2021-05,Humberside Police,Humberside Police,-0.287518,53.760339,On or near Fitling Grove,E01012896,Kingston upon Hull 020D,Other theft,Court result unavailable,
6d249a5710965cd02cfd45503ca296dd308549242f3e2ab7d15b7ba37c8eb55a,2021-05,Humberside Police,Humberside Police,-0.294506,53.763846,On or near Lake View,E01012896,Kingston upon Hull 020D,Public order,Unable to prosecute suspect,
e0d33db840934e60b5c48252976f5d09fe248b2187a280fc7fdb89259da16534,2021-05,Humberside Police,Humberside Police,-0.291120,53.763546,On or near Aberdeen Street,E01012896,Kingston upon Hull 020D,Public order,Investigation complete; no suspect identified,
0e1f689007a296d4f6dd075cd41cb8d70687e4a7e897b726819e8e0a9f73342d,2021-05,Humberside Police,Humberside Police,-0.289550,53.761852,On or near Suddaby Close,E01012896,Kingston upon Hull 020D,Public order,Unable to prosecute suspect,
5a2f3889e327464726f9135d3d5ed02c98c8cfd9dacf1449626c1870c42a0e50,2021-05,Humberside Police,Humberside Police,-0.291120,53.763546,On or near Aberdeen Street,E01012896,Kingston upon Hull 020D,Shoplifting,Investigation complete; no suspect identified,
cda63ee9be07cba75fcf9aae81e59150b1fee6a3cd766aec4c65c2e4c744d1c9,2021-05,Humberside Police,Humberside Police,-0.291120,53.763546,On or near Aberdeen Street,E01012896,Kingston upon Hull 020D,Shoplifting,Investigation complete; no suspect identified,
e7bba68cd1f7d8d8936c91a91c0f4e2c5a6ebbc676530f9b2b03d323a31adfef,2021-05,Humberside Police,Humberside Police,-0.291120,53.763546,On or near Aberdeen Street,E01012896,Kingston upon Hull 020D,Shoplifting,Court result unavailable,
d5ba6727d3bbf366a5f73beed50945bd7abb4d14d0f09b4cf48afb80cca3dd33,2021-05,Humberside Police,Humberside Police,-0.291120,53.763546,On or near Aberdeen Street,E01012896,Kingston upon Hull 020D,Shoplifting,Unable to prosecute suspect,
fcdaec9c8d2cda3b8601e2446cc5320696b16a970672c2e3aa7a92467f19e731,2021-05,Humberside Police,Humberside Police,-0.291120,53.763546,On or near Aberdeen Street,E01012896,Kingston upon Hull 020D,Shoplifting,Investigation complete; no suspect identified,
89724fa4ec029b30268f6f464334a789cd50da87a1d5a089ba3012de34697554,2021-05,Humberside Police,Humberside Police,-0.288274,53.766373,On or near Ings Road,E01012896,Kingston upon Hull 020D,Vehicle crime,Unable to prosecute suspect,
bd5df7731bdb1facf9e91d7f95818b56daf5bbf335fa76d8b3cee897e514d4ac,2021-05,Humberside Police,Humberside Police,-0.288274,53.766373,On or near Ings Road,E01012896,Kingston upon Hull 020D,Violence and sexual offences,Further action is not in the public interest,
67b23d7dbd4b8dfd0a2aceb322ee692096230a49ed8590bf0ecfcaad3b87f714,2021-05,Humberside Police,Humberside Police,-0.288984,53.764208,On or near Seafield Avenue,E01012896,Kingston upon Hull 020D,Violence and sexual offences,Status update unavailable,
730340d3c2cf52fbaf2b3a5bd733b98a01d3957dcdbe09e09f884492c7282d95,2021-05,Humberside Police,Humberside Police,-0.288552,53.759177,On or near Camerton Grove,E01012896,Kingston upon Hull 020D,Violence and sexual offences,Unable to prosecute suspect,
19097c288905830f882cdd90d5f9fb165d98b768ba894bd8a4cb78935f2d3374,2021-05,Humberside Police,Humberside Police,-0.288274,53.766373,On or near Ings Road,E01012896,Kingston upon Hull 020D,Violence and sexual offences,Unable to prosecute suspect,
8a368dc16d20b9bcebc16a28d0bea3574f1b3fa1d1e4c13c4be4262176b29f9a,2021-05,Humberside Police,Humberside Police,-0.288274,53.766373,On or near Ings Road,E01012896,Kingston upon Hull 020D,Violence and sexual offences,Unable to prosecute suspect,
1755ff8981fb072abb171294cd081df4bd4fbaf7609fdd8c412b90c70ea91e1f,2021-05,Humberside Police,Humberside Police,-0.288274,53.766373,On or near Ings Road,E01012896,Kingston upon Hull 020D,Violence and sexual offences,Unable to prosecute suspect,
1a94b31add8354a73c9e5c229d62dae5cd17574241bf034be83c506c9d5d31fc,2021-05,Humberside Police,Humberside Police,-0.288552,53.759177,On or near Camerton Grove,E01012896,Kingston upon Hull 020D,Violence and sexual offences,Unable to prosecute suspect,
291249737d8d87ded66bb344473f721f56386fe5cee8941d5d2ea9f2d744df3c,2021-05,Humberside Police,Humberside Police,-0.291120,53.763546,On or near Aberdeen Street,E01012896,Kingston upon Hull 020D,Violence and sexual offences,Unable to prosecute suspect,
8728ea78ae5fe2c9d9c2013edb819faea2eaaa2931748780e38086511c8e421c,2021-05,Humberside Police,Humberside Police,-0.291120,53.763546,On or near Aberdeen Street,E01012896,Kingston upon Hull 020D,Other crime,Further investigation is not in the public interest,
,2021-05,Humberside Police,Humberside Police,-0.294578,53.757204,On or near Edgeware Avenue,E01012901,Kingston upon Hull 020E,Anti-social behaviour,,
b5733a1da885d1bc476f281c26598199a9c5c3e381b074aef2488bb011f5c371,2021-05,Humberside Police,Humberside Police,-0.296693,53.759302,On or near Edison Grove,E01012901,Kingston upon Hull 020E,Criminal damage and arson,Investigation complete; no suspect identified,
b0e578aa1753cdbacea19504cefe07997d4a181b3805281d0cf1492ad9024c79,2021-05,Humberside Police,Humberside Police,-0.296693,53.759302,On or near Edison Grove,E01012901,Kingston upon Hull 020E,Criminal damage and arson,Unable to prosecute suspect,
45db266ce6b47761aa4f1e0b9357b7ade4d08847828ac1ac5303094fb8a732f9,2021-05,Humberside Police,Humberside Police,-0.295099,53.755575,On or near Eskdale Avenue,E01012901,Kingston upon Hull 020E,Public order,Investigation complete; no suspect identified,
72878cdc1d5dc34606915ed441b8001b5fcbd4dedb4b3e27f74e71de7b064c8c,2021-05,Humberside Police,Humberside Police,-0.294845,53.756246,On or near North Country Court,E01012901,Kingston upon Hull 020E,Violence and sexual offences,Unable to prosecute suspect,
ffa8a454661f1bd3a8a8c1488b4268766a58bf159c680519ac0765824b178e12,2021-05,Humberside Police,Humberside Police,-0.295099,53.755575,On or near Eskdale Avenue,E01012901,Kingston upon Hull 020E,Violence and sexual offences,Unable to prosecute suspect,
5c10ac50f87099e11bf61fb14118edcfc3f383439675cbaf28a9e41823fbffdb,2021-05,Humberside Police,Humberside Police,-0.295099,53.755575,On or near Eskdale Avenue,E01012901,Kingston upon Hull 020E,Violence and sexual offences,Local resolution,
35a89a5c8dcf7a538524e4a64c98f3f56eec9da50fdae00c8736f3cc4365f749,2021-05,Humberside Police,Humberside Police,-0.294845,53.756246,On or near North Country Court,E01012901,Kingston upon Hull 020E,Violence and sexual offences,Unable to prosecute suspect,
2bf8ed923845f7730d6581e3b14e49f4b6a537b86ad3d39cd83b8a7cdae0bed3,2021-05,Humberside Police,Humberside Police,-0.294578,53.757204,On or near Edgeware Avenue,E01012901,Kingston upon Hull 020E,Violence and sexual offences,Unable to prosecute suspect,
de2991b49ad4376b83537045b8bbfb692dfce2ce065e9f1211837bccdbf8ed58,2021-05,Humberside Police,Humberside Police,-0.295099,53.755575,On or near Eskdale Avenue,E01012901,Kingston upon Hull 020E,Violence and sexual offences,Unable to prosecute suspect,
2c28e2799e58ce28d9246ba826a683d5290ec26897f8eb49c692a5c5289bea52,2021-05,Humberside Police,Humberside Police,-0.295099,53.755575,On or near Eskdale Avenue,E01012901,Kingston upon Hull 020E,Violence and sexual offences,Local resolution,
096b6b259a6f23a90b9b8018c3eb64ccaecce846d6a5d9b3e1b4fdfe41fbf530,2021-05,Humberside Police,Humberside Police,-0.298057,53.760822,On or near Kelvin Street,E01012901,Kingston upon Hull 020E,Violence and sexual offences,Unable to prosecute suspect,
ace2f23f1bd5924a7ad4fad3bc61bbf2ceb40cd884ec0d19a177dc1aad390b52,2021-05,Humberside Police,Humberside Police,-0.295099,53.755575,On or near Eskdale Avenue,E01012901,Kingston upon Hull 020E,Violence and sexual offences,Unable to prosecute suspect,
,2021-05,Humberside Police,Humberside Police,-0.252033,53.760025,On or near Stapleford Close,E01012842,Kingston upon Hull 021A,Anti-social behaviour,,
4aceec6f40d13cc629de4fac612ac113c96da31f715d6ddcb9891948453f29f6,2021-05,Humberside Police,Humberside Police,-0.255238,53.763218,On or near Lingdale Road,E01012842,Kingston upon Hull 021A,Criminal damage and arson,Unable to prosecute suspect,
0b6745ea284c5ec652873d28c1b9d16de9ce4fcd44a112ece328bb20b57d6ebb,2021-05,Humberside Police,Humberside Police,-0.257472,53.763853,On or near Ronson Close,E01012842,Kingston upon Hull 021A,Criminal damage and arson,Investigation complete; no suspect identified,
51c23584750c027e319daa7dfe9787da3590bfee565fa532b6a6bf3a8b04e7a7,2021-05,Humberside Police,Humberside Police,-0.254512,53.761706,On or near Bexhill Avenue,E01012842,Kingston upon Hull 021A,Criminal damage and arson,Investigation complete; no suspect identified,
725f29e8adf25bda96663dd1728f6c5ec4022d023faa3b70d2064b450e995740,2021-05,Humberside Police,Humberside Police,-0.257472,53.763853,On or near Ronson Close,E01012842,Kingston upon Hull 021A,Public order,Unable to prosecute suspect,
8f1de25f83c02d442968ddd203b7abdc5e15398dd64e8c0b57192256b9586da7,2021-05,Humberside Police,Humberside Police,-0.255238,53.763218,On or near Lingdale Road,E01012842,Kingston upon Hull 021A,Public order,Unable to prosecute suspect,
6b1deed865e5a9097cc3345f7515f5b895a88ef38f8af8a529f528c0053b97a0,2021-05,Humberside Police,Humberside Police,-0.257472,53.763853,On or near Ronson Close,E01012842,Kingston upon Hull 021A,Public order,Local resolution,
7d734424a07bd992153e55d480b4ef452cbfcf3f1c57ca755d809cf426d4643b,2021-05,Humberside Police,Humberside Police,-0.255238,53.763218,On or near Lingdale Road,E01012842,Kingston upon Hull 021A,Public order,Unable to prosecute suspect,
eac96ebf2ac23d61f7bb14020e10da5a585dbc120a16fd7451130cf8bbffcd11,2021-05,Humberside Police,Humberside Police,-0.257472,53.763853,On or near Ronson Close,E01012842,Kingston upon Hull 021A,Public order,Investigation complete; no suspect identified,
7058f7f42816eb843e456ca8784b988f9f811d2257b007f1502370cd3f0b43dc,2021-05,Humberside Police,Humberside Police,-0.254426,53.759763,On or near Annandale Road,E01012842,Kingston upon Hull 021A,Violence and sexual offences,Unable to prosecute suspect,
f07845545c574ace69111cadcae558e604599eca8919063d77502252b8f78a06,2021-05,Humberside Police,Humberside Police,-0.251888,53.760230,On or near Bradford Avenue,E01012842,Kingston upon Hull 021A,Violence and sexual offences,Further action is not in the public interest,
8bea53900a2661de24080c16ee3f2df47df931dc6e3b09f47cd55f5ae13b0a7e,2021-05,Humberside Police,Humberside Police,-0.252027,53.759432,On or near Gainford Grove,E01012842,Kingston upon Hull 021A,Violence and sexual offences,Unable to prosecute suspect,
36bc58108e32ffa81acfa5ef414a476eb089bbda563194ad4f4a30bc87a7382a,2021-05,Humberside Police,Humberside Police,-0.254512,53.761706,On or near Bexhill Avenue,E01012842,Kingston upon Hull 021A,Violence and sexual offences,Unable to prosecute suspect,
1ed90a972f846173f8004dce6f2bd4689c58d448a72d5921f84bc4f5138b7519,2021-05,Humberside Police,Humberside Police,-0.254512,53.761706,On or near Bexhill Avenue,E01012842,Kingston upon Hull 021A,Violence and sexual offences,Court result unavailable,
50052cc4623fc91109564593721dc3783aa5e2744c153215cee0c2b73bbd13f2,2021-05,Humberside Police,Humberside Police,-0.257472,53.763853,On or near Ronson Close,E01012842,Kingston upon Hull 021A,Other crime,Unable to prosecute suspect,
,2021-05,Humberside Police,Humberside Police,-0.268866,53.758687,On or near Otley Close,E01012843,Kingston upon Hull 021B,Anti-social behaviour,,
,2021-05,Humberside Police,Humberside Police,-0.264825,53.754053,On or near Sports/Recreation Area,E01012843,Kingston upon Hull 021B,Anti-social behaviour,,
,2021-05,Humberside Police,Humberside Police,-0.264825,53.754053,On or near Sports/Recreation Area,E01012843,Kingston upon Hull 021B,Anti-social behaviour,,
,2021-05,Humberside Police,Humberside Police,-0.264825,53.754053,On or near Sports/Recreation Area,E01012843,Kingston upon Hull 021B,Anti-social behaviour,,
,2021-05,Humberside Police,Humberside Police,-0.264825,53.754053,On or near Sports/Recreation Area,E01012843,Kingston upon Hull 021B,Anti-social behaviour,,
,2021-05,Humberside Police,Humberside Police,-0.262789,53.761862,On or near Archbishop Close,E01012843,Kingston upon Hull 021B,Anti-social behaviour,,
3bf1437e6b7115e018cc2c22235b948e4fd7aa71b21d5e44a7eab1e77644a69e,2021-05,Humberside Police,Humberside Police,-0.273293,53.758382,On or near Marfleet Lane,E01012843,Kingston upon Hull 021B,Bicycle theft,Unable to prosecute suspect,
651eecc5773b48f692ff712d4a90f5c968d5c9f88fcb8b75ac6c1f377687d728,2021-05,Humberside Police,Humberside Police,-0.272955,53.753685,On or near Sports/Recreation Area,E01012843,Kingston upon Hull 021B,Criminal damage and arson,Unable to prosecute suspect,
66fb49b2851788c8e581eacc9bda33ec2aca2b650947fb84020c45470df2883f,2021-05,Humberside Police,Humberside Police,-0.260063,53.761364,On or near The Dales,E01012843,Kingston upon Hull 021B,Criminal damage and arson,Investigation complete; no suspect identified,
c641eb00a5c7002fe0adb9143d0afd7c721222e16331ed04990266912b30ae3d,2021-05,Humberside Police,Humberside Police,-0.264821,53.759680,On or near Fremantle Avenue,E01012843,Kingston upon Hull 021B,Criminal damage and arson,Investigation complete; no suspect identified,
bbb99c99c278757bd1629dd703f68ca011d750f2507a163ed570f8019f5ee550,2021-05,Humberside Police,Humberside Police,-0.264400,53.755539,On or near Supermarket,E01012843,Kingston upon Hull 021B,Criminal damage and arson,Investigation complete; no suspect identified,
e609a146d992988f07c1c5d2f78db81c2c7f34e3be4eeeee1f2c789c600638ca,2021-05,Humberside Police,Humberside Police,-0.272955,53.753685,On or near Sports/Recreation Area,E01012843,Kingston upon Hull 021B,Other theft,Investigation complete; no suspect identified,
cf3b7d9e36e6349d0be365e8c0ae6545196bcd1e5afea937fecbcda3a5d7b615,2021-05,Humberside Police,Humberside Police,-0.262033,53.761438,On or near Thurstan Close,E01012843,Kingston upon Hull 021B,Possession of weapons,Local resolution,
9c0238b51d24617204fa6221f5ab5ae536f321c737f48360251dcc67e40cfa9e,2021-05,Humberside Police,Humberside Police,-0.267530,53.756888,On or near St Giles Court,E01012843,Kingston upon Hull 021B,Public order,Investigation complete; no suspect identified,
365aba24a395192d764cb5b0e21a9fd2292bd3b38449f5b3dea9df62ed3f56dc,2021-05,Humberside Police,Humberside Police,-0.272178,53.757459,On or near Parking Area,E01012843,Kingston upon Hull 021B,Public order,Investigation complete; no suspect identified,
84a611cd9a43f12946206729850478dc4f795b662620fd07ce56e8fbfd48032c,2021-05,Humberside Police,Humberside Police,-0.268866,53.758687,On or near Otley Close,E01012843,Kingston upon Hull 021B,Public order,Unable to prosecute suspect,
cd7b9f4663d76c8dc77bc3d0b001bb92eb184c8a953d8268bc5cd996132fe93f,2021-05,Humberside Police,Humberside Police,-0.268866,53.758687,On or near Otley Close,E01012843,Kingston upon Hull 021B,Public order,Unable to prosecute suspect,
ac844d97d15ec49c4ed15271e6d4fecae365d9c8c0b071c2b512ef1dbe722c66,2021-05,Humberside Police,Humberside Police,-0.262033,53.761438,On or near Thurstan Close,E01012843,Kingston upon Hull 021B,Public order,Local resolution,
3d4e03eba32fc75bdd93274edf8f27e16fc3cc77fafbe1f37bd39d0bea324aab,2021-05,Humberside Police,Humberside Police,-0.262033,53.761438,On or near Thurstan Close,E01012843,Kingston upon Hull 021B,Public order,Unable to prosecute suspect,
eeb643417b13764a94d0cada62c4d8e522bf97f65f24a65f1656b363112817b1,2021-05,Humberside Police,Humberside Police,-0.264825,53.754053,On or near Sports/Recreation Area,E01012843,Kingston upon Hull 021B,Public order,Investigation complete; no suspect identified,
21b6c2f3478b082322069938fde97f7e699509ae1b16194feb2fe951429fd90a,2021-05,Humberside Police,Humberside Police,-0.264400,53.755539,On or near Supermarket,E01012843,Kingston upon Hull 021B,Public order,Investigation complete; no suspect identified,
bc690ac08a5b9013294d4ee3cafa7cbf5c943f2a9c568a42074b142d68402ae3,2021-05,Humberside Police,Humberside Police,-0.273416,53.757234,On or near Marfleet Lane,E01012843,Kingston upon Hull 021B,Robbery,Court result unavailable,
e978f5b0d45c55c63f0973e7de4602eb903bc58b365b1a867cf10aed46266c2f,2021-05,Humberside Police,Humberside Police,-0.273416,53.757234,On or near Marfleet Lane,E01012843,Kingston upon Hull 021B,Shoplifting,Court result unavailable,
d1a9efa4ade0908d50998a78f1691cff42cf6444f0f69ab7c7f73e7df122d313,2021-05,Humberside Police,Humberside Police,-0.273416,53.757234,On or near Marfleet Lane,E01012843,Kingston upon Hull 021B,Shoplifting,Court result unavailable,
4ebfeb9507528b4da568cba1cb8cbc6aaaabf1db84e5af81e2dddcf418721369,2021-05,Humberside Police,Humberside Police,-0.273416,53.757234,On or near Marfleet Lane,E01012843,Kingston upon Hull 021B,Shoplifting,Unable to prosecute suspect,
02d8d63f426d9297cc6d3d2ee3d0e82161fbfff54188fd17a4e47d180beb4acf,2021-05,Humberside Police,Humberside Police,-0.273416,53.757234,On or near Marfleet Lane,E01012843,Kingston upon Hull 021B,Shoplifting,Investigation complete; no suspect identified,
ac9a209e86dc25938bb41415e49ea1d7d61c8e1c87aa94d1442cd31c554be0aa,2021-05,Humberside Police,Humberside Police,-0.273416,53.757234,On or near Marfleet Lane,E01012843,Kingston upon Hull 021B,Shoplifting,Investigation complete; no suspect identified,
7d564e2b023359d4f5197b5ccbeff4d987f3d354dc7263555507ae75492b4ecb,2021-05,Humberside Police,Humberside Police,-0.272178,53.757459,On or near Parking Area,E01012843,Kingston upon Hull 021B,Shoplifting,Court result unavailable,
a8b0f8336580e1864db94b981d6739d2ce7d1b749a30e54f22ee012aa87a9b24,2021-05,Humberside Police,Humberside Police,-0.273416,53.757234,On or near Marfleet Lane,E01012843,Kingston upon Hull 021B,Shoplifting,Investigation complete; no suspect identified,
da2efc3e089ca189451183d6966b1964b871a9272211d1d5f4a84d696f437e09,2021-05,Humberside Police,Humberside Police,-0.273416,53.757234,On or near Marfleet Lane,E01012843,Kingston upon Hull 021B,Violence and sexual offences,Unable to prosecute suspect,
20fa3aae156dc0b20665ff8588a919c636cf090bb719714a0b0be07d95163441,2021-05,Humberside Police,Humberside Police,-0.265931,53.759598,On or near Levita Avenue,E01012843,Kingston upon Hull 021B,Violence and sexual offences,Unable to prosecute suspect,
a14b188f7f3614d84f7dfe22eae50b90b93996df8cf264c8bc77f55a94515745,2021-05,Humberside Police,Humberside Police,-0.270273,53.758042,On or near Mirfield Grove,E01012843,Kingston upon Hull 021B,Violence and sexual offences,Local resolution,
c06d4272288583fd91f5ee84cb260237bd3777e717d2657f9e214fbee573340b,2021-05,Humberside Police,Humberside Police,-0.271367,53.758732,On or near Batley Close,E01012843,Kingston upon Hull 021B,Violence and sexual offences,Unable to prosecute suspect,
5e8c345301dbdba3472aafb6cec1240f5db2a999fbf78cfb25f224d29e69c4c3,2021-05,Humberside Police,Humberside Police,-0.260175,53.757186,On or near Garfield Close,E01012843,Kingston upon Hull 021B,Violence and sexual offences,Unable to prosecute suspect,
4dc8b32f0315bf10072e3ce17e42aa8426167ca58a194dd9d707cdf3b8f8a1bc,2021-05,Humberside Police,Humberside Police,-0.264400,53.755539,On or near Supermarket,E01012843,Kingston upon Hull 021B,Other crime,Unable to prosecute suspect,
,2021-05,Humberside Police,Humberside Police,-0.251661,53.756208,On or near Retford Grove,E01012845,Kingston upon Hull 021C,Anti-social behaviour,,
,2021-05,Humberside Police,Humberside Police,-0.252087,53.756907,On or near Milford Grove,E01012845,Kingston upon Hull 021C,Anti-social behaviour,,
,2021-05,Humberside Police,Humberside Police,-0.252087,53.756907,On or near Milford Grove,E01012845,Kingston upon Hull 021C,Anti-social behaviour,,
,2021-05,Humberside Police,Humberside Police,-0.252087,53.756907,On or near Milford Grove,E01012845,Kingston upon Hull 021C,Anti-social behaviour,,
,2021-05,Humberside Police,Humberside Police,-0.252087,53.756907,On or near Milford Grove,E01012845,Kingston upon Hull 021C,Anti-social behaviour,,
,2021-05,Humberside Police,Humberside Police,-0.252087,53.756907,On or near Milford Grove,E01012845,Kingston upon Hull 021C,Anti-social behaviour,,
,2021-05,Humberside Police,Humberside Police,-0.253549,53.755292,On or near Bideford Grove,E01012845,Kingston upon Hull 021C,Anti-social behaviour,,
8c839181a5839deffc601a0d4f69ebbce8e7853558b7cb1d7ac2b15c0acb94ba,2021-05,Humberside Police,Humberside Police,-0.252087,53.756907,On or near Milford Grove,E01012845,Kingston upon Hull 021C,Criminal damage and arson,Investigation complete; no suspect identified,
986c6c38b2fa335c9bb57affc42853b0682be08ca50c92f8e7f2f9b0f9107da8,2021-05,Humberside Police,Humberside Police,-0.252087,53.756907,On or near Milford Grove,E01012845,Kingston upon Hull 021C,Criminal damage and arson,Further action is not in the public interest,
cd64af4e220bdadbdf0ebddf5779795cc4db4058ff8a3879838ba9705e0a20f9,2021-05,Humberside Police,Humberside Police,-0.252087,53.756907,On or near Milford Grove,E01012845,Kingston upon Hull 021C,Criminal damage and arson,Further action is not in the public interest,
ba5af9a5dc450dfcee118afbacdd2dd5d68a5ecd652a543baff31dfa6e190168,2021-05,Humberside Police,Humberside Police,-0.252087,53.756907,On or near Milford Grove,E01012845,Kingston upon Hull 021C,Criminal damage and arson,Investigation complete; no suspect identified,
737d5c660da8cfc874bbe47c6b9518bd726c2fc31cf68e342a4383da7f93d471,2021-05,Humberside Police,Humberside Police,-0.252087,53.756907,On or near Milford Grove,E01012845,Kingston upon Hull 021C,Criminal damage and arson,Court result unavailable,
ce02d732bf6de0e6b49bf793a2dc984cf52cba8ab6035c5f76437bdd49a758f6,2021-05,Humberside Police,Humberside Police,-0.252087,53.756907,On or near Milford Grove,E01012845,Kingston upon Hull 021C,Criminal damage and arson,Investigation complete; no suspect identified,
b0519bdab72d83c7b266673405b141da5298592f8d3c732fa73a5e5c8696acb2,2021-05,Humberside Police,Humberside Police,-0.252087,53.756907,On or near Milford Grove,E01012845,Kingston upon Hull 021C,Criminal damage and arson,Investigation complete; no suspect identified,
07bee66c7c5f2062242ee32ec2d5d57c81490b324fc21f700811f1deb92df53f,2021-05,Humberside Police,Humberside Police,-0.250589,53.755725,On or near Chelmsford Close,E01012845,Kingston upon Hull 021C,Other theft,Investigation complete; no suspect identified,
29c6d9816c9c561ccf2c9af334d3cce0fb3588a4da508a9f1f98b29d1e97bd42,2021-05,Humberside Police,Humberside Police,-0.252087,53.756907,On or near Milford Grove,E01012845,Kingston upon Hull 021C,Public order,Unable to prosecute suspect,
2f71fee8ce0fabbafbf651d8eb5bcc8f8f9f5ed4848da6690e576a1c3b990237,2021-05,Humberside Police,Humberside Police,-0.252087,53.756907,On or near Milford Grove,E01012845,Kingston upon Hull 021C,Public order,Investigation complete; no suspect identified,
e506b6ade37575f5513a67fd5773adfb8cb6abdae7dafd2157e0de2d283afc07,2021-05,Humberside Police,Humberside Police,-0.252087,53.756907,On or near Milford Grove,E01012845,Kingston upon Hull 021C,Public order,Court result unavailable,
7425c140934780d109da6e1b2e7625ae8bc0d9c5d549db736d74fcff564acc75,2021-05,Humberside Police,Humberside Police,-0.249205,53.753251,On or near Saltford Avenue,E01012845,Kingston upon Hull 021C,Robbery,Unable to prosecute suspect,
61c043a99fadf7d51391b548de9c665d51bb5ac944ef7a79af64c818d1f9e756,2021-05,Humberside Police,Humberside Police,-0.249205,53.753251,On or near Saltford Avenue,E01012845,Kingston upon Hull 021C,Vehicle crime,Investigation complete; no suspect identified,
2c5f9b158e0f995634484f58640171f7adb5896aa21cc57e951b8737ade58704,2021-05,Humberside Police,Humberside Police,-0.249205,53.753251,On or near Saltford Avenue,E01012845,Kingston upon Hull 021C,Vehicle crime,Investigation complete; no suspect identified,
62d91d2129f99bb27847414b908cdf6d60f7a76a9af7dd6e1294e4c01a81c623,2021-05,Humberside Police,Humberside Police,-0.250589,53.755725,On or near Chelmsford Close,E01012845,Kingston upon Hull 021C,Violence and sexual offences,Unable to prosecute suspect,
9a5aa47deff9b3a7b6d598d2cb94dfce1f66fcff8e142481a9ded27d243a9d5f,2021-05,Humberside Police,Humberside Police,-0.252087,53.756907,On or near Milford Grove,E01012845,Kingston upon Hull 021C,Violence and sexual offences,Unable to prosecute suspect,
546772fdbdd43ff6918514a42bd2231608f25805529ef0627326af94259e43a6,2021-05,Humberside Police,Humberside Police,-0.253297,53.753688,On or near Astwood Avenue,E01012845,Kingston upon Hull 021C,Violence and sexual offences,Unable to prosecute suspect,
33f92bfd934c616d2cb51d4b4d1510d16d7ca756c6f144f6df2f3e458b3ca074,2021-05,Humberside Police,Humberside Police,-0.253297,53.753688,On or near Astwood Avenue,E01012845,Kingston upon Hull 021C,Violence and sexual offences,Unable to prosecute suspect,
e6ada978400c52a60da46462a6475b17ae8b05d2889ae4833631a7fcf0775e39,2021-05,Humberside Police,Humberside Police,-0.252087,53.756907,On or near Milford Grove,E01012845,Kingston upon Hull 021C,Violence and sexual offences,Investigation complete; no suspect identified,
75bc234c06de4afeaf18dcde5f3003b97e66d32bcff7cf76a84160917a7e67b3,2021-05,Humberside Police,Humberside Police,-0.253297,53.753688,On or near Astwood Avenue,E01012845,Kingston upon Hull 021C,Violence and sexual offences,Unable to prosecute suspect,
e20b577417774b72ff7b1a3e238753ae49807849395010055593738cb6fc49d6,2021-05,Humberside Police,Humberside Police,-0.251661,53.756208,On or near Retford Grove,E01012845,Kingston upon Hull 021C,Violence and sexual offences,Unable to prosecute suspect,
3190c7ecc64d8b5fbad7556b827ecdd6d70fd93b3eb6b4cd6201c74d4692a4e2,2021-05,Humberside Police,Humberside Police,-0.252157,53.758858,On or near Twyford Close,E01012845,Kingston upon Hull 021C,Violence and sexual offences,Court result unavailable,
fc0ea0ebe94044c85acfa721f94e01cce9494644c88a9ab18d3d14fd5322297e,2021-05,Humberside Police,Humberside Police,-0.253297,53.753688,On or near Astwood Avenue,E01012845,Kingston upon Hull 021C,Violence and sexual offences,Unable to prosecute suspect,
8d34be7680ea06d53d866db039809a65cef9e2e11a061b0e8ff270b070250ee7,2021-05,Humberside Police,Humberside Police,-0.252157,53.758858,On or near Twyford Close,E01012845,Kingston upon Hull 021C,Violence and sexual offences,Unable to prosecute suspect,
,2021-05,Humberside Police,Humberside Police,-0.255618,53.756607,On or near Stockbridge Avenue,E01012846,Kingston upon Hull 021D,Anti-social behaviour,,
,2021-05,Humberside Police,Humberside Police,-0.254511,53.757715,On or near Stembridge Close,E01012846,Kingston upon Hull 021D,Anti-social behaviour,,
,2021-05,Humberside Police,Humberside Police,-0.262896,53.753018,On or near Sports/Recreation Area,E01012846,Kingston upon Hull 021D,Anti-social behaviour,,
,2021-05,Humberside Police,Humberside Police,-0.255618,53.756607,On or near Stockbridge Avenue,E01012846,Kingston upon Hull 021D,Anti-social behaviour,,
,2021-05,Humberside Police,Humberside Police,-0.255618,53.756607,On or near Stockbridge Avenue,E01012846,Kingston upon Hull 021D,Anti-social behaviour,,
,2021-05,Humberside Police,Humberside Police,-0.255618,53.756607,On or near Stockbridge Avenue,E01012846,Kingston upon Hull 021D,Anti-social behaviour,,
,2021-05,Humberside Police,Humberside Police,-0.255618,53.756607,On or near Stockbridge Avenue,E01012846,Kingston upon Hull 021D,Anti-social behaviour,,
,2021-05,Humberside Police,Humberside Police,-0.255618,53.756607,On or near Stockbridge Avenue,E01012846,Kingston upon Hull 021D,Anti-social behaviour,,
,2021-05,Humberside Police,Humberside Police,-0.255618,53.756607,On or near Stockbridge Avenue,E01012846,Kingston upon Hull 021D,Anti-social behaviour,,
,2021-05,Humberside Police,Humberside Police,-0.255618,53.756607,On or near Stockbridge Avenue,E01012846,Kingston upon Hull 021D,Anti-social behaviour,,
,2021-05,Humberside Police,Humberside Police,-0.255618,53.756607,On or near Stockbridge Avenue,E01012846,Kingston upon Hull 021D,Anti-social behaviour,,
,2021-05,Humberside Police,Humberside Police,-0.255618,53.756607,On or near Stockbridge Avenue,E01012846,Kingston upon Hull 021D,Anti-social behaviour,,
,2021-05,Humberside Police,Humberside Police,-0.256927,53.757984,On or near Stonebridge Avenue,E01012846,Kingston upon Hull 021D,Anti-social behaviour,,
955e990f273549347864926bd9ddc9f186183674ec4bfb6b63e8b268c54409c5,2021-05,Humberside Police,Humberside Police,-0.257173,53.756432,On or near Wadebridge Grove,E01012846,Kingston upon Hull 021D,Bicycle theft,Investigation complete; no suspect identified,
94f6e48c70609e798eb3d7d55ae10d2f91d3f0335e20277cf6b97c38ce823063,2021-05,Humberside Police,Humberside Police,-0.257173,53.756432,On or near Wadebridge Grove,E01012846,Kingston upon Hull 021D,Bicycle theft,Investigation complete; no suspect identified,
c7fa56d451da40cfa9babd0480f7f815915bd1c4d50050102c27d75cc81635ef,2021-05,Humberside Police,Humberside Police,-0.257173,53.756432,On or near Wadebridge Grove,E01012846,Kingston upon Hull 021D,Bicycle theft,Investigation complete; no suspect identified,
570433cd2baa4d4cd85eac17732fef3c34f1cba228a7b0799cad0a3a1f325e47,2021-05,Humberside Police,Humberside Police,-0.262896,53.753018,On or near Sports/Recreation Area,E01012846,Kingston upon Hull 021D,Criminal damage and arson,Unable to prosecute suspect,
8f530dff25686e96992ea37c5b9273e9624b0d58bbb6c667de53ef9f2d8d7cf9,2021-05,Humberside Police,Humberside Police,-0.255618,53.756607,On or near Stockbridge Avenue,E01012846,Kingston upon Hull 021D,Criminal damage and arson,Investigation complete; no suspect identified,
316578517ea4498100ed094daa783fc65bb9f8c64b93f935534a5b129c515249,2021-05,Humberside Police,Humberside Police,-0.256771,53.757343,On or near Corbridge Close,E01012846,Kingston upon Hull 021D,Criminal damage and arson,Investigation complete; no suspect identified,
f184b3677dc431e1e4366e86f101b29871722a4cd6a5e49612d777e7267341e7,2021-05,Humberside Police,Humberside Police,-0.255188,53.758579,On or near Uxbridge Grove,E01012846,Kingston upon Hull 021D,Drugs,Court result unavailable,
f5471d22af91f2bdf462c28e6aca1beb3a8101b07b2a5bf31ab7b738a47238fb,2021-05,Humberside Police,Humberside Police,-0.260165,53.756700,On or near Leconfield Close,E01012846,Kingston upon Hull 021D,Other theft,Investigation complete; no suspect identified,
a74537ee618d6ea6512643c5ae1391ede3e6b39c2d9e9cde220822eb38354c8e,2021-05,Humberside Police,Humberside Police,-0.255618,53.756607,On or near Stockbridge Avenue,E01012846,Kingston upon Hull 021D,Public order,Unable to prosecute suspect,
405bb086b9301d39762b5e3c8bcb50da8be4a46f0d5a599ec00d5f54dbd1e944,2021-05,Humberside Police,Humberside Police,-0.255618,53.756607,On or near Stockbridge Avenue,E01012846,Kingston upon Hull 021D,Public order,Investigation complete; no suspect identified,
f37c0ddf84e7482dc457eecd3f80d385dce1741496353ac4a57d412bba0a5a1c,2021-05,Humberside Police,Humberside Police,-0.256927,53.757984,On or near Stonebridge Avenue,E01012846,Kingston upon Hull 021D,Public order,Investigation complete; no suspect identified,
e0f68be70ffe3152516f5b2ab591c614ef12533817706f04bae74aee625a6688,2021-05,Humberside Police,Humberside Police,-0.256927,53.757984,On or near Stonebridge Avenue,E01012846,Kingston upon Hull 021D,Public order,Investigation complete; no suspect identified,
9f2312d4c6aac151c7c3525572e49d388d7f343a86b44b5885db534d29474b70,2021-05,Humberside Police,Humberside Police,-0.257173,53.756432,On or near Wadebridge Grove,E01012846,Kingston upon Hull 021D,Public order,Unable to prosecute suspect,
6bfb4ced0abb9dd82626d7b7d82df5d12c6609a801bf99437702c930867e4d8c,2021-05,Humberside Police,Humberside Police,-0.255618,53.756607,On or near Stockbridge Avenue,E01012846,Kingston upon Hull 021D,Violence and sexual offences,Court result unavailable,
19cb8e59ae97c4ff6953d13c230a9053d72af541237e1d5f125c128925a06ced,2021-05,Humberside Police,Humberside Police,-0.256508,53.760396,On or near Felbridge Close,E01012846,Kingston upon Hull 021D,Violence and sexual offences,Unable to prosecute suspect,
3186b4e21f4bf3a84e7fb3d9c35a5edff2a847ceba133fab9047f0645f77ad3a,2021-05,Humberside Police,Humberside Police,-0.254511,53.757715,On or near Stembridge Close,E01012846,Kingston upon Hull 021D,Violence and sexual offences,Unable to prosecute suspect,
f432e931402120922eec529737684d4cbefa665027bc28fa96329cfd9a8d3e57,2021-05,Humberside Police,Humberside Police,-0.254511,53.757715,On or near Stembridge Close,E01012846,Kingston upon Hull 021D,Violence and sexual offences,Unable to prosecute suspect,
17fb801aece9fe1c2c92a020421d9348b20e84f1c562e32c8108405729dc45d7,2021-05,Humberside Police,Humberside Police,-0.254511,53.757715,On or near Stembridge Close,E01012846,Kingston upon Hull 021D,Violence and sexual offences,Unable to prosecute suspect,
0b1b0b2fea8180bb35a8b70d4a1ee99e6ea6112c9a030e397f8df33e4cd08164,2021-05,Humberside Police,Humberside Police,-0.256508,53.760396,On or near Felbridge Close,E01012846,Kingston upon Hull 021D,Violence and sexual offences,Unable to prosecute suspect,
4e763acc75589dfc8efaca24dfb207e8013b1901c54ead9a4128a5ba1c37f540,2021-05,Humberside Police,Humberside Police,-0.256927,53.757984,On or near Stonebridge Avenue,E01012846,Kingston upon Hull 021D,Violence and sexual offences,Local resolution,
94b86dd8160071f7295414781de2c70d01a738c7624d062bd35f1a6fef8f6e6d,2021-05,Humberside Police,Humberside Police,-0.254511,53.757715,On or near Stembridge Close,E01012846,Kingston upon Hull 021D,Violence and sexual offences,Unable to prosecute suspect,
727b0b3e3d5bdf2e55097a1dc4e75ebbf3c74815f3ed8b694a87be20275bc16a,2021-05,Humberside Police,Humberside Police,-0.254511,53.757715,On or near Stembridge Close,E01012846,Kingston upon Hull 021D,Violence and sexual offences,Unable to prosecute suspect,
,2021-05,Humberside Police,Humberside Police,-0.257172,53.752801,On or near Hemswell Avenue,E01012847,Kingston upon Hull 021E,Anti-social behaviour,,
,2021-05,Humberside Police,Humberside Police,-0.252600,53.751493,On or near Stockwell Grove,E01012847,Kingston upon Hull 021E,Anti-social behaviour,,
4a880a7c3060ea45ed84da681b26073cff8741df69a34ae770baca216144146b,2021-05,Humberside Police,Humberside Police,-0.252600,53.751493,On or near Stockwell Grove,E01012847,Kingston upon Hull 021E,Burglary,Unable to prosecute suspect,
ee03b71c68bcca3c85b69c3581b11ce48456c0cd97ea0f59d6567329323dce9e,2021-05,Humberside Police,Humberside Police,-0.258476,53.752793,On or near Bothwell Grove,E01012847,Kingston upon Hull 021E,Criminal damage and arson,Investigation complete; no suspect identified,
5eca40656324cb398fce35a429e15d595c184aacbb83b14acd3b78a7da226caf,2021-05,Humberside Police,Humberside Police,-0.258476,53.752793,On or near Bothwell Grove,E01012847,Kingston upon Hull 021E,Public order,Court result unavailable,
0e886e781f8e2eab51dd48b76b25ea1ec449fc8d5967e49ed81274aa382604ac,2021-05,Humberside Police,Humberside Police,-0.258476,53.752793,On or near Bothwell Grove,E01012847,Kingston upon Hull 021E,Public order,Court result unavailable,
c7c3d0f4ec9c18c41880b27771ef5b11a7f3e5a63c603b351d30b37ea886b97f,2021-05,Humberside Police,Humberside Police,-0.257765,53.754212,On or near Bakewell Close,E01012847,Kingston upon Hull 021E,Public order,Court result unavailable,
b876f8ce30a662fde2fcee8f2895620be52ff80d4c7365e6e62ae30f54831999,2021-05,Humberside Police,Humberside Police,-0.257172,53.752801,On or near Hemswell Avenue,E01012847,Kingston upon Hull 021E,Public order,Court result unavailable,
be5d8e1c1317837dfd966e1a5559c560ec61977e0f4c60d09890dd41ac7e08ed,2021-05,Humberside Police,Humberside Police,-0.257172,53.752801,On or near Hemswell Avenue,E01012847,Kingston upon Hull 021E,Public order,Action to be taken by another organisation,
79a33dfda6bd636a5f0bc92dd5e4ddfa235283394755ee53097f452628a3f66b,2021-05,Humberside Police,Humberside Police,-0.257765,53.754212,On or near Bakewell Close,E01012847,Kingston upon Hull 021E,Violence and sexual offences,Unable to prosecute suspect,
8af4b1afc038ae50cd8e32e5fc2334c5c604a61e4c2782d30c5202a3560126f2,2021-05,Humberside Police,Humberside Police,-0.252600,53.751493,On or near Stockwell Grove,E01012847,Kingston upon Hull 021E,Violence and sexual offences,Unable to prosecute suspect,
c1e3c3b48f018c10903d14cd81bcf8ec1528dc3a64a48e34a8fea49416568ebd,2021-05,Humberside Police,Humberside Police,-0.253460,53.753412,On or near Falkland Road,E01012847,Kingston upon Hull 021E,Violence and sexual offences,Action to be taken by another organisation,
e864261f461e892b2602e96b8b30e91b0a03ac92ea93eb72eea59717cf9948c4,2021-05,Humberside Police,Humberside Police,-0.258476,53.752793,On or near Bothwell Grove,E01012847,Kingston upon Hull 021E,Violence and sexual offences,Unable to prosecute suspect,
6176638146302a27eac4c3d8be0d074e033406686da3325aacea0db45b528524,2021-05,Humberside Police,Humberside Police,-0.258476,53.752793,On or near Bothwell Grove,E01012847,Kingston upon Hull 021E,Violence and sexual offences,Unable to prosecute suspect,
ef4deafac0f3e82e2280b34d85fe67a4e121ea4b2e752ec4e2a7bac7851d2156,2021-05,Humberside Police,Humberside Police,-0.252600,53.751493,On or near Stockwell Grove,E01012847,Kingston upon Hull 021E,Violence and sexual offences,Unable to prosecute suspect,
6e9784d11ebd8469c0e370fca316a17c6ecb0a5d7d5b66ec86b9d1d3cb20cb7c,2021-05,Humberside Police,Humberside Police,-0.258476,53.752793,On or near Bothwell Grove,E01012847,Kingston upon Hull 021E,Violence and sexual offences,Unable to prosecute suspect,
,2021-05,Humberside Police,Humberside Police,-0.306783,53.760757,On or near Byron Street,E01012820,Kingston upon Hull 022A,Anti-social behaviour,,
,2021-05,Humberside Police,Humberside Police,-0.306783,53.760757,On or near Byron Street,E01012820,Kingston upon Hull 022A,Anti-social behaviour,,
cab5fa5698fb5b20a0328efb8c2655a438bab1c996e92d4b475bc5184cbd9b26,2021-05,Humberside Police,Humberside Police,-0.306783,53.760757,On or near Byron Street,E01012820,Kingston upon Hull 022A,Criminal damage and arson,Investigation complete; no suspect identified,
1e448715c1b1f740b2b11064000122df1af71443195fede9cffa13a23f7c6d5e,2021-05,Humberside Police,Humberside Police,-0.306783,53.760757,On or near Byron Street,E01012820,Kingston upon Hull 022A,Violence and sexual offences,Unable to prosecute suspect,
e81a09f3d6a03d1a7a09d6de6c869a16ce85157384d5c88b1f6c75cac714599b,2021-05,Humberside Police,Humberside Police,-0.306783,53.760757,On or near Byron Street,E01012820,Kingston upon Hull 022A,Violence and sexual offences,Unable to prosecute suspect,
,2021-05,Humberside Police,Humberside Police,-0.296708,53.753684,On or near Deepdale Grove,E01012899,Kingston upon Hull 022B,Anti-social behaviour,,
,2021-05,Humberside Police,Humberside Police,-0.297383,53.755365,On or near Rosedale Avenue,E01012899,Kingston upon Hull 022B,Anti-social behaviour,,
,2021-05,Humberside Police,Humberside Police,-0.296708,53.753684,On or near Deepdale Grove,E01012899,Kingston upon Hull 022B,Anti-social behaviour,,
a57f5bc7287733793476782ecbf121e64b5c533b62a55861327cb1a56f0b8634,2021-05,Humberside Police,Humberside Police,-0.297704,53.753797,On or near Dovedale Grove,E01012899,Kingston upon Hull 022B,Violence and sexual offences,Status update unavailable,
2484c3c325662d1caa0a854cde1dcaafb17c582fd21425cd0130c8ca209031bd,2021-05,Humberside Police,Humberside Police,-0.296262,53.754585,On or near Wharfedale Avenue,E01012899,Kingston upon Hull 022B,Violence and sexual offences,Unable to prosecute suspect,
c5df969698ec37d79b71d664dc5a8031db63ce0a301232eb517cb12a8ccf5227,2021-05,Humberside Police,Humberside Police,-0.297704,53.753797,On or near Dovedale Grove,E01012899,Kingston upon Hull 022B,Violence and sexual offences,Unable to prosecute suspect,
d2653619609fa3fea51d0fede266c826661dda88aafcaf5ce3af77c59fc136ba,2021-05,Humberside Police,Humberside Police,-0.296708,53.753684,On or near Deepdale Grove,E01012899,Kingston upon Hull 022B,Violence and sexual offences,Unable to prosecute suspect,
a0d9719b62ca4e6f4fbea844d6fa2c5378c37996ed6fd26c99e1665de97a7809,2021-05,Humberside Police,Humberside Police,-0.296708,53.753684,On or near Deepdale Grove,E01012899,Kingston upon Hull 022B,Other crime,Investigation complete; no suspect identified,
,2021-05,Humberside Police,Humberside Police,-0.306604,53.752394,On or near Sports/Recreation Area,E01012900,Kingston upon Hull 022C,Anti-social behaviour,,
,2021-05,Humberside Police,Humberside Police,-0.306604,53.752394,On or near Sports/Recreation Area,E01012900,Kingston upon Hull 022C,Anti-social behaviour,,
,2021-05,Humberside Police,Humberside Police,-0.306276,53.751491,On or near Sweet Dews Grove,E01012900,Kingston upon Hull 022C,Anti-social behaviour,,
,2021-05,Humberside Police,Humberside Police,-0.307510,53.753630,On or near New Bridge Road,E01012900,Kingston upon Hull 022C,Anti-social behaviour,,
,2021-05,Humberside Police,Humberside Police,-0.306604,53.752394,On or near Sports/Recreation Area,E01012900,Kingston upon Hull 022C,Anti-social behaviour,,
f396b10cf8a037f2cc33e155093c21927b48f297999cb2ce7dc4cce4664ca444,2021-05,Humberside Police,Humberside Police,-0.306276,53.751491,On or near Sweet Dews Grove,E01012900,Kingston upon Hull 022C,Burglary,Court result unavailable,
9c419ef47f732dadc82a09dffac67b612863a629d3c14745e38bd5891aa96e94,2021-05,Humberside Police,Humberside Police,-0.301873,53.753101,On or near Rosmead Street,E01012900,Kingston upon Hull 022C,Burglary,Investigation complete; no suspect identified,
cd536288da2a00a5bf457fa66512adfd1b7a6e2122fa2204b50756cf04ef14a7,2021-05,Humberside Police,Humberside Police,-0.306604,53.752394,On or near Sports/Recreation Area,E01012900,Kingston upon Hull 022C,Criminal damage and arson,Unable to prosecute suspect,
2b9006c2ae52f7c2a46fd8657ee086aa3a69e343ca0dd981cd9e2536fd2ad3a2,2021-05,Humberside Police,Humberside Police,-0.309166,53.750156,On or near Birkdale Way,E01012900,Kingston upon Hull 022C,Criminal damage and arson,Local resolution,
930857026fb8c6589753c782285fbae8df63d38ce27952a6a6e02e7df7457661,2021-05,Humberside Police,Humberside Police,-0.304173,53.752495,On or near Estcourt Street,E01012900,Kingston upon Hull 022C,Criminal damage and arson,Unable to prosecute suspect,
52425fb36e5aba166ab70cd7e01ced669978bdf4601e02116f8354e892801c58,2021-05,Humberside Police,Humberside Police,-0.304589,53.751961,On or near Belmont Street,E01012900,Kingston upon Hull 022C,Drugs,Court result unavailable,
79f4a05defff6d1b8ceb5e0dc3b4849977a9cc282dd1145dace6d3fcfa674f7b,2021-05,Humberside Police,Humberside Police,-0.306276,53.751491,On or near Sweet Dews Grove,E01012900,Kingston upon Hull 022C,Other theft,Unable to prosecute suspect,
f877163b47ec53fb0f43988f90db720b317cd604b4b60acb344e316cf88657a9,2021-05,Humberside Police,Humberside Police,-0.309166,53.750156,On or near Birkdale Way,E01012900,Kingston upon Hull 022C,Public order,Unable to prosecute suspect,
1191cfaa9d5cdb00d1fce11a76dc433856e4dbe1f726def9e2578d0acc2aaa32,2021-05,Humberside Police,Humberside Police,-0.306604,53.752394,On or near Sports/Recreation Area,E01012900,Kingston upon Hull 022C,Public order,Unable to prosecute suspect,
9cb4bce6c93d7805cef21ba135d4fa738de0d8223f9a08060aeb69a9aacffc38,2021-05,Humberside Police,Humberside Police,-0.306604,53.752394,On or near Sports/Recreation Area,E01012900,Kingston upon Hull 022C,Public order,Unable to prosecute suspect,
b2a478dafe7f3d63dbebd0e6e7bd90b4dd44db2187e22e7de3f8831557554296,2021-05,Humberside Police,Humberside Police,-0.307510,53.753630,On or near New Bridge Road,E01012900,Kingston upon Hull 022C,Public order,Investigation complete; no suspect identified,
bf163b559e5ecc999e5e8a7f28a6c0679e8a1805a9a62824ca29b67d348745eb,2021-05,Humberside Police,Humberside Police,-0.309166,53.750156,On or near Birkdale Way,E01012900,Kingston upon Hull 022C,Public order,Unable to prosecute suspect,
620f8955c75de51c55009ea0193bbcd3f0dcd65f47a997afa870350b1ff90157,2021-05,Humberside Police,Humberside Police,-0.304173,53.752495,On or near Estcourt Street,E01012900,Kingston upon Hull 022C,Public order,Court result unavailable,
02c1320c98d2244137634530ca0525863915270cb7f768ea42f36437e8dd6576,2021-05,Humberside Police,Humberside Police,-0.306604,53.752394,On or near Sports/Recreation Area,E01012900,Kingston upon Hull 022C,Public order,Investigation complete; no suspect identified,
07095e032c223cb6af44c659a08437106f38d11895fb7b700e5eb561a1e66735,2021-05,Humberside Police,Humberside Police,-0.301873,53.753101,On or near Rosmead Street,E01012900,Kingston upon Hull 022C,Public order,Unable to prosecute suspect,
621b1cd9885a2aa7899419b8efc3635d5c4cdf9cc9a0f9fc133bf0d146e47116,2021-05,Humberside Police,Humberside Police,-0.302751,53.751648,On or near Byland Court,E01012900,Kingston upon Hull 022C,Robbery,Unable to prosecute suspect,
6299ef20936a1c5f9a1cfc104b198b5bb33cb771d947640f38cf2b33600ef77b,2021-05,Humberside Police,Humberside Police,-0.304173,53.752495,On or near Estcourt Street,E01012900,Kingston upon Hull 022C,Violence and sexual offences,Unable to prosecute suspect,
b4335765ec6601e8c35c65426024cb72b5aa6301ee75782994e93b5d5ff2becb,2021-05,Humberside Police,Humberside Police,-0.307510,53.753630,On or near New Bridge Road,E01012900,Kingston upon Hull 022C,Violence and sexual offences,Court result unavailable,
892bfe3dd3e173a1bbe859add0bd9f77c37e0da9c8eedf78ad60b33751b3edcb,2021-05,Humberside Police,Humberside Police,-0.304173,53.752495,On or near Estcourt Street,E01012900,Kingston upon Hull 022C,Violence and sexual offences,Unable to prosecute suspect,
fc8b1f90d30ad2f26960e7328c83a9fdd3274963c4316c83359a6b1844a1c4bf,2021-05,Humberside Police,Humberside Police,-0.304173,53.752495,On or near Estcourt Street,E01012900,Kingston upon Hull 022C,Violence and sexual offences,Further action is not in the public interest,
0ffbede86c27005671fe83f813b2084bc905e1675dc270b13f0251ede9e4a8a2,2021-05,Humberside Police,Humberside Police,-0.304173,53.752495,On or near Estcourt Street,E01012900,Kingston upon Hull 022C,Violence and sexual offences,Action to be taken by another organisation,
093db50e4c28128720cbb9b0013c7c55fdf31d3fde0740422afa9cd091e62728,2021-05,Humberside Police,Humberside Police,-0.304173,53.752495,On or near Estcourt Street,E01012900,Kingston upon Hull 022C,Violence and sexual offences,Court result unavailable,
5955310b7fd8ccd225f8b315676edfa204ecfe3654d20771c97a76e2915b8c7c,2021-05,Humberside Police,Humberside Police,-0.309166,53.750156,On or near Birkdale Way,E01012900,Kingston upon Hull 022C,Violence and sexual offences,Unable to prosecute suspect,
0f1563ade9f85db72454b571265c329d8279ffc5ca99fef9a496a607500da2f5,2021-05,Humberside Police,Humberside Police,-0.307510,53.753630,On or near New Bridge Road,E01012900,Kingston upon Hull 022C,Violence and sexual offences,Unable to prosecute suspect,
dfbc9acb14084dfd5cb68434cd6f1c6582d433be7d44157d2d09c2b65a24f7fd,2021-05,Humberside Police,Humberside Police,-0.309166,53.750156,On or near Birkdale Way,E01012900,Kingston upon Hull 022C,Violence and sexual offences,Unable to prosecute suspect,
f02a829ccb4672aa2ff2071b3518cc051e77407881e97c8c792043ddd4a68d07,2021-05,Humberside Police,Humberside Police,-0.306604,53.752394,On or near Sports/Recreation Area,E01012900,Kingston upon Hull 022C,Violence and sexual offences,Status update unavailable,
e901405d42730f5e1c191ba366515f646b7a7c9a95baab2979fc0d2d78354c5f,2021-05,Humberside Police,Humberside Police,-0.304173,53.752495,On or near Estcourt Street,E01012900,Kingston upon Hull 022C,Violence and sexual offences,Unable to prosecute suspect,
86bdd85e962a7daf6355b90c36f87329c659e22363b1a7b7b9634ebf97319b39,2021-05,Humberside Police,Humberside Police,-0.301873,53.753101,On or near Rosmead Street,E01012900,Kingston upon Hull 022C,Violence and sexual offences,Unable to prosecute suspect,
298c299cb774cc6b93598170ec5f3e715c8aa8aa8adc5be3133e51442fd7fcf7,2021-05,Humberside Police,Humberside Police,-0.306604,53.752394,On or near Sports/Recreation Area,E01012900,Kingston upon Hull 022C,Violence and sexual offences,Unable to prosecute suspect,
90ab5e2d075303f13311f31299989d50b99aeffbbb7837014446236d5be696a0,2021-05,Humberside Police,Humberside Police,-0.307510,53.753630,On or near New Bridge Road,E01012900,Kingston upon Hull 022C,Violence and sexual offences,Unable to prosecute suspect,
c8f1e0141fbc7799eafb246f3a8ff602bd85e039b68811586927ed35897fdcbe,2021-05,Humberside Police,Humberside Police,-0.304173,53.752495,On or near Estcourt Street,E01012900,Kingston upon Hull 022C,Other crime,Further action is not in the public interest,
,2021-05,Humberside Police,Humberside Police,-0.299868,53.759185,On or near Brindley Street,E01012902,Kingston upon Hull 022D,Anti-social behaviour,,
cef1413b5ccb83d924b751934aa784c74bb9936da922149cf1d9fc1f40faa27b,2021-05,Humberside Police,Humberside Police,-0.302387,53.760668,On or near Holderness Road,E01012902,Kingston upon Hull 022D,Public order,Court result unavailable,
4943a0880652cc9e51181c22fe87c3be0a2fda524c423f7545e0380f5823f149,2021-05,Humberside Police,Humberside Police,-0.299868,53.759185,On or near Brindley Street,E01012902,Kingston upon Hull 022D,Violence and sexual offences,Unable to prosecute suspect,
c910d677d7b64ac7d2710d09ee1ff4ef51c833d564bc0261094ea6685f5e385f,2021-05,Humberside Police,Humberside Police,-0.299868,53.759185,On or near Brindley Street,E01012902,Kingston upon Hull 022D,Violence and sexual offences,Unable to prosecute suspect,
e022baadd256463ef66ac6096ef0b4df120104add47db2e6bdd37bff90f34024,2021-05,Humberside Police,Humberside Police,-0.302387,53.760668,On or near Holderness Road,E01012902,Kingston upon Hull 022D,Violence and sexual offences,Court result unavailable,
73ed1409917e948c2380840142d99f846711866bea06de10d321063f56c9e3e0,2021-05,Humberside Police,Humberside Police,-0.299868,53.759185,On or near Brindley Street,E01012902,Kingston upon Hull 022D,Violence and sexual offences,Action to be taken by another organisation,
08b4317c69b19a0707babf527b08b07c8c7a787ad503564bf6f0d5fb223f8405,2021-05,Humberside Police,Humberside Police,-0.303326,53.760340,On or near Holderness Road,E01012902,Kingston upon Hull 022D,Violence and sexual offences,Court result unavailable,
e617a738f1ebd7fc4f53bcdc7c8190e13781e61645cc5de74977b1148df5e78a,2021-05,Humberside Police,Humberside Police,-0.302387,53.760668,On or near Holderness Road,E01012902,Kingston upon Hull 022D,Violence and sexual offences,Court result unavailable,
c11bb2a4d28da2801c9c91358ead7e8a4a3fee3795ed5c697072499b7633c877,2021-05,Humberside Police,Humberside Police,-0.304259,53.756380,On or near Wynburg Street,E01012903,Kingston upon Hull 022E,Criminal damage and arson,Investigation complete; no suspect identified,
25fededc15e6b1710b3af64baecba8205aff5b95177d597b95d002d28297e714,2021-05,Humberside Police,Humberside Police,-0.302229,53.756692,On or near Rothesay Close,E01012903,Kingston upon Hull 022E,Criminal damage and arson,Investigation complete; no suspect identified,
3cbbecfa3260657459768179a064822a9baf39470e8631105c61a63fad66f053,2021-05,Humberside Police,Humberside Police,-0.302936,53.755327,On or near Rustenburg Street,E01012903,Kingston upon Hull 022E,Criminal damage and arson,Investigation complete; no suspect identified,
2dc4b053a62be5b0dbfd064a54f515d261d2107630c3418f19c62366de185790,2021-05,Humberside Police,Humberside Police,-0.303187,53.757012,On or near Ferens Court,E01012903,Kingston upon Hull 022E,Criminal damage and arson,Local resolution,
e4dde386ec506f21e65ce336bc7b35087fff89825ce7de14eb9cf72e3660911c,2021-05,Humberside Police,Humberside Police,-0.302838,53.755892,On or near Steynburg Street,E01012903,Kingston upon Hull 022E,Criminal damage and arson,Unable to prosecute suspect,
0b0cc0e2b12e3b7420071239e9c5569650716904c0fd716275108d87d9f9b6a5,2021-05,Humberside Police,Humberside Police,-0.302936,53.755327,On or near Rustenburg Street,E01012903,Kingston upon Hull 022E,Possession of weapons,Investigation complete; no suspect identified,
84de30391c5e037398b97cb66ceae52a60196bec016ae06317403ffa3c8d2709,2021-05,Humberside Police,Humberside Police,-0.304259,53.756380,On or near Wynburg Street,E01012903,Kingston upon Hull 022E,Public order,Unable to prosecute suspect,
f21360bcf71a68b71a6d9db30ec136c725294be32a7c5829e34d16eccd6ebefe,2021-05,Humberside Police,Humberside Police,-0.302936,53.755327,On or near Rustenburg Street,E01012903,Kingston upon Hull 022E,Public order,Status update unavailable,
87d0d9d0e2b4c07fd29421e33dfa040493db52afcf2473d58ff2a5699e048bd7,2021-05,Humberside Police,Humberside Police,-0.304259,53.756380,On or near Wynburg Street,E01012903,Kingston upon Hull 022E,Vehicle crime,Unable to prosecute suspect,
46eb224454a400fe3ceb2e36610b4f830a35280c1bde08fd21072a281889d828,2021-05,Humberside Police,Humberside Police,-0.305146,53.754702,On or near Rensburg Street,E01012903,Kingston upon Hull 022E,Violence and sexual offences,Unable to prosecute suspect,
f563c3b877c60961f851a0488d9c4fa63c4d888d5f217f5bd47007bee6501d8c,2021-05,Humberside Police,Humberside Police,-0.305327,53.753977,On or near Middleburg Street,E01012903,Kingston upon Hull 022E,Violence and sexual offences,Offender given a caution,
d7079c39b1fe003458d5f1e549555d284733f55b4029fc24ba191b741d897aa3,2021-05,Humberside Police,Humberside Police,-0.305146,53.754702,On or near Rensburg Street,E01012903,Kingston upon Hull 022E,Violence and sexual offences,Court result unavailable,
77278b8f6834c862c8a54b23bd3973deb218e877eb47231d88d93c9d6a98bf73,2021-05,Humberside Police,Humberside Police,-0.305327,53.753977,On or near Middleburg Street,E01012903,Kingston upon Hull 022E,Violence and sexual offences,Investigation complete; no suspect identified,
3137b438523f85cf1642d246720c3c376127988453177401760754f7be75ff14,2021-05,Humberside Police,Humberside Police,-0.305146,53.754702,On or near Rensburg Street,E01012903,Kingston upon Hull 022E,Violence and sexual offences,Investigation complete; no suspect identified,
c425c88ce87941589d1ccfeaefee60b05239bdd49b4094e88a3202442e0920c2,2021-05,Humberside Police,Humberside Police,-0.305146,53.754702,On or near Rensburg Street,E01012903,Kingston upon Hull 022E,Violence and sexual offences,Unable to prosecute suspect,
49733b0f9bd6975cd1df02189504c0be55f48f5fca3f660156a9395124c3f875,2021-05,Humberside Police,Humberside Police,-0.305146,53.754702,On or near Rensburg Street,E01012903,Kingston upon Hull 022E,Violence and sexual offences,Local resolution,
443d16162c4f772a28e64df753ce74c96d4ed542bc7bb81f88211d00da75c5f8,2021-05,Humberside Police,Humberside Police,-0.305146,53.754702,On or near Rensburg Street,E01012903,Kingston upon Hull 022E,Violence and sexual offences,Unable to prosecute suspect,
fe018cc2fc516a6507ea9bad5414a496e9086c82b810b3052052d7dbd33ad9dd,2021-05,Humberside Police,Humberside Police,-0.305146,53.754702,On or near Rensburg Street,E01012903,Kingston upon Hull 022E,Violence and sexual offences,Unable to prosecute suspect,
a5342a020dc1012c2e891297356b6a9ba9f591fb55a3657ca0d0ad708bfcaf2d,2021-05,Humberside Police,Humberside Police,-0.305146,53.754702,On or near Rensburg Street,E01012903,Kingston upon Hull 022E,Violence and sexual offences,Unable to prosecute suspect,
11aa8ce607b09451f545fc90f1186c444712d03890f37a8654af595782467f2b,2021-05,Humberside Police,Humberside Police,-0.302229,53.756692,On or near Rothesay Close,E01012903,Kingston upon Hull 022E,Other crime,Unable to prosecute suspect,
cab4313cf93968ec39641b652f791e28c4b12c55d17ebd640bdd834c3f7bf922,2021-05,Humberside Police,Humberside Police,-0.411124,53.751506,On or near Nelson Road,E01012796,Kingston upon Hull 023A,Bicycle theft,Investigation complete; no suspect identified,
a22946941715cb4575e781a359fd8cd781cbb55e8b43c5e75b9fa62ab6d10407,2021-05,Humberside Police,Humberside Police,-0.411124,53.751506,On or near Nelson Road,E01012796,Kingston upon Hull 023A,Burglary,Investigation complete; no suspect identified,
4ca716da60b890ca5d5c675c748b208f3d7abf8d482c92a19e9940ea9ce94e07,2021-05,Humberside Police,Humberside Police,-0.418238,53.750666,On or near Springhead Lane,E01012796,Kingston upon Hull 023A,Criminal damage and arson,Investigation complete; no suspect identified,
df9490554adb9034d17c411352a6ab74532beafeb26444c2e9492ed8ccdfef0a,2021-05,Humberside Police,Humberside Police,-0.418238,53.750666,On or near Springhead Lane,E01012796,Kingston upon Hull 023A,Public order,Unable to prosecute suspect,
4f5c120d2230c608e88fbf4c6a77b030d1cebba064827bc1e2ba2d4628cb4868,2021-05,Humberside Police,Humberside Police,-0.411124,53.751506,On or near Nelson Road,E01012796,Kingston upon Hull 023A,Violence and sexual offences,Unable to prosecute suspect,
5744f2de8a4074b1321d3c04213eb2d84c7cb73ca51c9ef5765a9baac9c6048e,2021-05,Humberside Police,Humberside Police,-0.418238,53.750666,On or near Springhead Lane,E01012796,Kingston upon Hull 023A,Violence and sexual offences,Offender given a caution,
0a00832ac9dfacc404f29d5566918693fd0d0b23c4758f37cd29dd1cc5ebce2e,2021-05,Humberside Police,Humberside Police,-0.405291,53.757362,On or near Ilford Road,E01012799,Kingston upon Hull 023B,Bicycle theft,Investigation complete; no suspect identified,
f3508dc8aa86008bbdb9d30f842662d77f6b643c1dfa35f677223f54c034e6d1,2021-05,Humberside Police,Humberside Police,-0.408927,53.757068,On or near Supermarket,E01012799,Kingston upon Hull 023B,Burglary,Investigation complete; no suspect identified,
4a48ca31e03a219b7bf96b48f4d42d9e75ad4f67b5c7c98a706550cd5e82dce1,2021-05,Humberside Police,Humberside Police,-0.403721,53.755543,On or near Bristol Road,E01012799,Kingston upon Hull 023B,Burglary,Investigation complete; no suspect identified,
df828145535ee1b43ce3727e6b0cbfdfa78ef4ccbebd8cba7ddcf16d155754e2,2021-05,Humberside Police,Humberside Police,-0.405366,53.758567,On or near Coventry Road,E01012799,Kingston upon Hull 023B,Drugs,Offender given a drugs possession warning,
dc7a06308ac356bc4e616b07e130cc3654936e5107c5a447e65d4dc9ddb56546,2021-05,Humberside Police,Humberside Police,-0.405366,53.758567,On or near Coventry Road,E01012799,Kingston upon Hull 023B,Drugs,Local resolution,
fc28407efde9009556b8e44b82612049678abcc4f486bf4cc3ece8f1584ab806,2021-05,Humberside Police,Humberside Police,-0.408778,53.758613,On or near Coronation Road South,E01012799,Kingston upon Hull 023B,Vehicle crime,Investigation complete; no suspect identified,
f38f830194d45dfc0c4fadcf12535229d7f70f9e423d4135fb5a4aea51d5df6d,2021-05,Humberside Police,Humberside Police,-0.405366,53.758567,On or near Coventry Road,E01012799,Kingston upon Hull 023B,Violence and sexual offences,Further action is not in the public interest,
ec8e199a60a16a2e7cb9103389469a3c771e9111427da47935ab46a8a2d9e915,2021-05,Humberside Police,Humberside Police,-0.408927,53.757068,On or near Supermarket,E01012799,Kingston upon Hull 023B,Violence and sexual offences,Investigation complete; no suspect identified,
a910c6f5c65ecacceeab833d31997430051818609c7e0ac3599ec8b1e722eece,2021-05,Humberside Police,Humberside Police,-0.408776,53.757444,On or near Hotham Road South,E01012799,Kingston upon Hull 023B,Violence and sexual offences,Unable to prosecute suspect,
,2021-05,Humberside Police,Humberside Police,-0.420736,53.753233,On or near Kingston Road,E01012800,Kingston upon Hull 023C,Anti-social behaviour,,
,2021-05,Humberside Police,Humberside Police,-0.416538,53.756774,On or near Wymersley Road,E01012800,Kingston upon Hull 023C,Anti-social behaviour,,
6f96941fc39de29ef1094eff7120b637a7e37d2eba1e80fd8b9a44110dbe861f,2021-05,Humberside Police,Humberside Police,-0.420736,53.753233,On or near Kingston Road,E01012800,Kingston upon Hull 023C,Criminal damage and arson,Investigation complete; no suspect identified,
7711928a90c7503c32798712eda3eb49c456ac0a2478bcaf3c0211319c7df5c4,2021-05,Humberside Police,Humberside Police,-0.414810,53.758755,On or near Daville Close,E01012800,Kingston upon Hull 023C,Public order,Local resolution,
3f14346acacac9505eec6d8f637d631a593bb205c6a82ee04bc3c41fc21a9fa1,2021-05,Humberside Police,Humberside Police,-0.414407,53.756961,On or near Willerby Carr Close,E01012800,Kingston upon Hull 023C,Public order,Unable to prosecute suspect,
626ac8cd396a07991cdcb6fdd87c1114ae70b5ecd7dadfd5cb72ba03a075311e,2021-05,Humberside Police,Humberside Police,-0.414407,53.756961,On or near Willerby Carr Close,E01012800,Kingston upon Hull 023C,Violence and sexual offences,Unable to prosecute suspect,
703265476d6d02ea8aced95cfd9f4ae9514867f95b895fd51a53ef8d1dd2f7be,2021-05,Humberside Police,Humberside Police,-0.414407,53.756961,On or near Willerby Carr Close,E01012800,Kingston upon Hull 023C,Violence and sexual offences,Unable to prosecute suspect,
03d7617b89962f510bbeaec4eb64f432f7dcd7e56b5ee49ed6240483601e70b5,2021-05,Humberside Police,Humberside Police,-0.414407,53.756961,On or near Willerby Carr Close,E01012800,Kingston upon Hull 023C,Violence and sexual offences,Unable to prosecute suspect,
335901334ff64cd7daf005fc7f20a7da31ea36729b3658c3f3b94e05219de9fc,2021-05,Humberside Police,Humberside Police,-0.416538,53.756774,On or near Wymersley Road,E01012800,Kingston upon Hull 023C,Other crime,Local resolution,
,2021-05,Humberside Police,Humberside Police,-0.403523,53.751981,On or near Ainthorpe Grove,E01012802,Kingston upon Hull 023D,Anti-social behaviour,,
092297479f24fe7dd78f0fd216471a4a2269a8651731bf21a83f5b4e0589f846,2021-05,Humberside Police,Humberside Police,-0.407975,53.750943,On or near Woodlands Road,E01012802,Kingston upon Hull 023D,Burglary,Investigation complete; no suspect identified,
c52e4fadea7ef1dca3e57114e194f1c4aec8758ff1ac36cbc1abe98e45ec891e,2021-05,Humberside Police,Humberside Police,-0.403523,53.751981,On or near Ainthorpe Grove,E01012802,Kingston upon Hull 023D,Criminal damage and arson,Unable to prosecute suspect,
34c0f11decc4edde2cfb1cbe0bdec6e8d4ea0155d696057c7c46c601922c9aff,2021-05,Humberside Police,Humberside Police,-0.403523,53.751981,On or near Ainthorpe Grove,E01012802,Kingston upon Hull 023D,Criminal damage and arson,Investigation complete; no suspect identified,
f25d75b29464287a7f96c528f8a1eccc17d3b30d8a5c3ebc5b15759a6ffabf08,2021-05,Humberside Police,Humberside Police,-0.403523,53.751981,On or near Ainthorpe Grove,E01012802,Kingston upon Hull 023D,Drugs,Unable to prosecute suspect,
9468637706776465b33f63fed415460ace933900dfc93c0dab2151a25e0ecfed,2021-05,Humberside Police,Humberside Police,-0.403523,53.751981,On or near Ainthorpe Grove,E01012802,Kingston upon Hull 023D,Public order,Unable to prosecute suspect,
2d5baa01e867cf6515ea0816bc0e508a837bd430af9aef3449a268c9f0ff3c81,2021-05,Humberside Police,Humberside Police,-0.403523,53.751981,On or near Ainthorpe Grove,E01012802,Kingston upon Hull 023D,Public order,Unable to prosecute suspect,
a614dac2ff61b69b9973142bc60a43ac909bbfeab285c1decf036ac85f191b49,2021-05,Humberside Police,Humberside Police,-0.403523,53.751981,On or near Ainthorpe Grove,E01012802,Kingston upon Hull 023D,Violence and sexual offences,Offender given a caution,
201ba32843ffaaa7e23d3f33f41beca15a68cbf9724dbd817bbb1e02f0434408,2021-05,Humberside Police,Humberside Police,-0.407975,53.750943,On or near Woodlands Road,E01012802,Kingston upon Hull 023D,Violence and sexual offences,Unable to prosecute suspect,
65c6cf0ab43234d8dda809ca9558879e808d5a5266d048c592f8f2eae9e06c02,2021-05,Humberside Police,Humberside Police,-0.405005,53.750886,On or near Helmsley Grove,E01012802,Kingston upon Hull 023D,Violence and sexual offences,Unable to prosecute suspect,
cd3bfc2942ee0fde13e86ee9adcc018f56a7274ef7a77b9a2ab867419194df3b,2021-05,Humberside Police,Humberside Police,-0.409679,53.753627,On or near Westlands Road,E01012803,Kingston upon Hull 023E,Burglary,Investigation complete; no suspect identified,
a41f507d82bf377a11c19121956802b05a713b7814a7a952b8eb7c859e70fc56,2021-05,Humberside Police,Humberside Police,-0.410365,53.755946,On or near Hunsley Avenue,E01012803,Kingston upon Hull 023E,Vehicle crime,Unable to prosecute suspect,
2a1836743d00291c280f27d708cab7f6a2371f1b96b6ae943cb07089e987cc93,2021-05,Humberside Police,Humberside Police,-0.409566,53.757014,On or near Wold Road,E01012803,Kingston upon Hull 023E,Violence and sexual offences,Investigation complete; no suspect identified,
96e2bba5ce166136d50a088dc146caafe0760f069e13b75777a379e0deb96340,2021-05,Humberside Police,Humberside Police,-0.409235,53.754547,On or near Manor Road,E01012803,Kingston upon Hull 023E,Violence and sexual offences,Court result unavailable,
c7253216d63ae48da85b34c92a7ea4cdaa908626971a9b49eac7af38adae1973,2021-05,Humberside Police,Humberside Police,-0.411251,53.755382,On or near Hotham Drive,E01012803,Kingston upon Hull 023E,Violence and sexual offences,Unable to prosecute suspect,
269c7bbe0badd0f82fe73627779cd7694bc22976e69a2fb3ce393971226bd743,2021-05,Humberside Police,Humberside Police,-0.411251,53.755382,On or near Hotham Drive,E01012803,Kingston upon Hull 023E,Violence and sexual offences,Unable to prosecute suspect,
acb5b8057833412cfc282c1468041571114de6b40a3e4efc2c52d6b369c4e36f,2021-05,Humberside Police,Humberside Police,-0.412589,53.754474,On or near Louis Drive,E01012803,Kingston upon Hull 023E,Violence and sexual offences,Unable to prosecute suspect,
7d34ccc5b790f03eaeb9f3fbeec708de42bde9154e86f734c6bacca6f3c2b7cb,2021-05,Humberside Police,Humberside Police,-0.411251,53.755382,On or near Hotham Drive,E01012803,Kingston upon Hull 023E,Violence and sexual offences,Investigation complete; no suspect identified,
,2021-05,Humberside Police,Humberside Police,-0.354880,53.750091,On or near Sutton Street,E01012850,Kingston upon Hull 024A,Anti-social behaviour,,
,2021-05,Humberside Police,Humberside Police,-0.354274,53.752007,On or near Peel Street,E01012850,Kingston upon Hull 024A,Anti-social behaviour,,
,2021-05,Humberside Police,Humberside Police,-0.355618,53.752169,On or near Albany Street,E01012850,Kingston upon Hull 024A,Anti-social behaviour,,
,2021-05,Humberside Police,Humberside Police,-0.349316,53.750033,On or near Vane Street,E01012850,Kingston upon Hull 024A,Anti-social behaviour,,
,2021-05,Humberside Police,Humberside Police,-0.353517,53.751214,On or near Hutt Street,E01012850,Kingston upon Hull 024A,Anti-social behaviour,,
,2021-05,Humberside Police,Humberside Police,-0.352819,53.748886,On or near Park Row,E01012850,Kingston upon Hull 024A,Anti-social behaviour,,
caad8d81d21410504c1d424e998b6e8a97c6960d7b7f17c86fa3b0905173f947,2021-05,Humberside Police,Humberside Police,-0.354274,53.752007,On or near Peel Street,E01012850,Kingston upon Hull 024A,Burglary,Investigation complete; no suspect identified,
1f958b598c302d5048a75519b2f0856674205b58c2fb1a2146fdd9450902def5,2021-05,Humberside Police,Humberside Police,-0.355618,53.752169,On or near Albany Street,E01012850,Kingston upon Hull 024A,Criminal damage and arson,Unable to prosecute suspect,
5789ef64d9b7921c0312afbeaa0b1d7c8f2332c8d6be739727b60aebe5112f8c,2021-05,Humberside Police,Humberside Police,-0.353936,53.749791,On or near Supermarket,E01012850,Kingston upon Hull 024A,Criminal damage and arson,Court result unavailable,
413be3ca9d0a092cd4417475589eb47b2576e841f5ba01df4fc97a7621d87e4b,2021-05,Humberside Police,Humberside Police,-0.349316,53.750033,On or near Vane Street,E01012850,Kingston upon Hull 024A,Criminal damage and arson,Unable to prosecute suspect,
4684e4b1a036557ce0ce65d95f119106a183b3f44a68f2615e286f492b9557e6,2021-05,Humberside Police,Humberside Police,-0.353517,53.751214,On or near Hutt Street,E01012850,Kingston upon Hull 024A,Drugs,Local resolution,
734874e4142296a4c37868957de7cfedf62afa0c37d577c20755ab37084a8579,2021-05,Humberside Police,Humberside Police,-0.353517,53.751214,On or near Hutt Street,E01012850,Kingston upon Hull 024A,Drugs,Court result unavailable,
25321c958a48278d846cfc7a10276c495ddd9052bfac838a102fa888b7a9cf08,2021-05,Humberside Police,Humberside Police,-0.353820,53.750059,On or near Spring Bank,E01012850,Kingston upon Hull 024A,Drugs,Court result unavailable,
248fff7599ce2a9887cfa556781331f6c09ddd3c21f065b5ee583b6af6304d8b,2021-05,Humberside Police,Humberside Police,-0.349838,53.751038,On or near Shakespeare Close,E01012850,Kingston upon Hull 024A,Drugs,Court result unavailable,
228d52a7ad1f0162f896c7f063ac9384d51628388ea442ae39b8d0f4ea42fb21,2021-05,Humberside Police,Humberside Police,-0.349316,53.750033,On or near Vane Street,E01012850,Kingston upon Hull 024A,Other theft,Investigation complete; no suspect identified,
17017899db97f7d53e44a82e338bfb11ff6339f54cb16b3436d48813374df19e,2021-05,Humberside Police,Humberside Police,-0.349703,53.751773,On or near Browning Close,E01012850,Kingston upon Hull 024A,Other theft,Unable to prosecute suspect,
11aab44dcf79adf8bd8cbbdd29a8da9b40f9835457927cef7aa471b39ab721ad,2021-05,Humberside Police,Humberside Police,-0.353936,53.749791,On or near Supermarket,E01012850,Kingston upon Hull 024A,Other theft,Unable to prosecute suspect,
629e326518fc110254db86fe750eb526797faa2163b07709cc54efc458a9e199,2021-05,Humberside Police,Humberside Police,-0.353748,53.752287,On or near Peel Place,E01012850,Kingston upon Hull 024A,Other theft,Investigation complete; no suspect identified,
cd6c6c91a715c17f5139b4c3b741bea3a6bd8d3ba4642da31df282c2280126d9,2021-05,Humberside Police,Humberside Police,-0.349838,53.751038,On or near Shakespeare Close,E01012850,Kingston upon Hull 024A,Other theft,Unable to prosecute suspect,
d6b47c28cdfb0d7e0daf4de9e3277b55df9b4f2060614013f920e3eec53375f7,2021-05,Humberside Police,Humberside Police,-0.349316,53.750033,On or near Vane Street,E01012850,Kingston upon Hull 024A,Other theft,Investigation complete; no suspect identified,
8176b9a3faafc243ee005369c6d1426d8d7b26feb261c0616dcb6b932501cf37,2021-05,Humberside Police,Humberside Police,-0.356916,53.752322,On or near Mayfield Street,E01012850,Kingston upon Hull 024A,Public order,Investigation complete; no suspect identified,
22f28b3f898ea5a1a6e424b8e3610e610b9e48f368b80b0a423b76361c5d3450,2021-05,Humberside Police,Humberside Police,-0.349316,53.750033,On or near Vane Street,E01012850,Kingston upon Hull 024A,Public order,Unable to prosecute suspect,
d75247c051217e0eb7a8246efa2e0fdcbeb9f64cf7c611873c8f5c6600c3c79e,2021-05,Humberside Police,Humberside Police,-0.353517,53.751214,On or near Hutt Street,E01012850,Kingston upon Hull 024A,Public order,Unable to prosecute suspect,
5a15ef154b3d9ed63cf2f2a00d7d78a0842b9b74aa60dc703e9815dc63d81be7,2021-05,Humberside Police,Humberside Police,-0.352506,53.751075,On or near Morpeth Street,E01012850,Kingston upon Hull 024A,Public order,Investigation complete; no suspect identified,
d84577d3108ffa14403a34f9dd87a68cc6ebf73f66614ef991b64cb131c5d7df,2021-05,Humberside Police,Humberside Police,-0.354274,53.752007,On or near Peel Street,E01012850,Kingston upon Hull 024A,Public order,Investigation complete; no suspect identified,
11e285e7505d71cd704bb4b4a5bbce4dc42a528f94d72ff4a1bf5ccd00551993,2021-05,Humberside Police,Humberside Police,-0.354157,53.749587,On or near Collingwood Street,E01012850,Kingston upon Hull 024A,Public order,Investigation complete; no suspect identified,
393c7e4d4f363cc85b9a052ad21a41bd12918b6ba6a7d7ef0c0863091916a712,2021-05,Humberside Police,Humberside Police,-0.354274,53.752007,On or near Peel Street,E01012850,Kingston upon Hull 024A,Public order,Investigation complete; no suspect identified,
1ca219c751f9e09c6be168dd162771ec88b216390c355e476a163c2e3b06d877,2021-05,Humberside Police,Humberside Police,-0.353936,53.749791,On or near Supermarket,E01012850,Kingston upon Hull 024A,Robbery,Unable to prosecute suspect,
6e535a9945e2637248c72db3740ed1dec5278bf4e6fd751f937bbe82a66d350b,2021-05,Humberside Police,Humberside Police,-0.353936,53.749791,On or near Supermarket,E01012850,Kingston upon Hull 024A,Shoplifting,Local resolution,
39534e48fc11aeb94a6e647aee46daaabcdf1ffc4b94ebd39ee2d67071167878,2021-05,Humberside Police,Humberside Police,-0.349838,53.751038,On or near Shakespeare Close,E01012850,Kingston upon Hull 024A,Vehicle crime,Investigation complete; no suspect identified,
d2b6196c22307fc52a4e9645f4efeac5903f4510c78fc74fc3bfe6e27acbbaf8,2021-05,Humberside Police,Humberside Police,-0.354157,53.749587,On or near Collingwood Street,E01012850,Kingston upon Hull 024A,Vehicle crime,Investigation complete; no suspect identified,
217659cf3120170be92b4389205d21b0c2b532da07a4de4e83a35da0156fc648,2021-05,Humberside Police,Humberside Police,-0.355618,53.752169,On or near Albany Street,E01012850,Kingston upon Hull 024A,Violence and sexual offences,Unable to prosecute suspect,
77544480c209a9cae6fa6e52ffea6b5c92ad323539f8672c5ca742c5eb2d8671,2021-05,Humberside Police,Humberside Police,-0.353517,53.751214,On or near Hutt Street,E01012850,Kingston upon Hull 024A,Violence and sexual offences,Unable to prosecute suspect,
5f0ee4e3203c051b4ae4bcb6e32a2679c55edda10dc7cd47ae72fc6b9432bde6,2021-05,Humberside Police,Humberside Police,-0.356916,53.752322,On or near Mayfield Street,E01012850,Kingston upon Hull 024A,Violence and sexual offences,Investigation complete; no suspect identified,
b27382273487cc4b44e6b8592de67e8486c9f9f9118ec1b30f4d70f3e0ed4932,2021-05,Humberside Police,Humberside Police,-0.353517,53.751214,On or near Hutt Street,E01012850,Kingston upon Hull 024A,Violence and sexual offences,Local resolution,
69787ba786b1159f4339d2a65c325e362b5862286a5dfb030682e8a012f3e125,2021-05,Humberside Police,Humberside Police,-0.353517,53.751214,On or near Hutt Street,E01012850,Kingston upon Hull 024A,Violence and sexual offences,Unable to prosecute suspect,
d402b7c8a259721068401e21524b8bdf859ed05c25af6e609189597be873425a,2021-05,Humberside Police,Humberside Police,-0.352506,53.751075,On or near Morpeth Street,E01012850,Kingston upon Hull 024A,Violence and sexual offences,Unable to prosecute suspect,
93d132b1cd3e78e5af2c8d0e98ce87a1904e2b8d860fe49a1c691f037d9eb05d,2021-05,Humberside Police,Humberside Police,-0.349703,53.751773,On or near Browning Close,E01012850,Kingston upon Hull 024A,Violence and sexual offences,Unable to prosecute suspect,
baed3042a95df09830db441f6cfbb8da5546339dcef66bcf7cc3b49455a34f45,2021-05,Humberside Police,Humberside Police,-0.353517,53.751214,On or near Hutt Street,E01012850,Kingston upon Hull 024A,Violence and sexual offences,Unable to prosecute suspect,
2b9ed742e5d5a4057a58f8b94a41267e2ba3002c7e3daa4f76a7497cc407b480,2021-05,Humberside Police,Humberside Police,-0.355618,53.752169,On or near Albany Street,E01012850,Kingston upon Hull 024A,Violence and sexual offences,Unable to prosecute suspect,
9a89661fd6bbc785d1c0265781c39f67708cf7464d497f151b7abc668c1007a3,2021-05,Humberside Police,Humberside Police,-0.355618,53.752169,On or near Albany Street,E01012850,Kingston upon Hull 024A,Violence and sexual offences,Unable to prosecute suspect,
050032295af4121b8cf84c654a1df55b394e492b324592dff3371a414c13b93c,2021-05,Humberside Police,Humberside Police,-0.355618,53.752169,On or near Albany Street,E01012850,Kingston upon Hull 024A,Violence and sexual offences,Unable to prosecute suspect,
9b0b4e6f1e53f997f3b72aab8c9866024ea42f25b5f565a646b145a6801b5437,2021-05,Humberside Police,Humberside Police,-0.351572,53.750918,On or near Freehold Street,E01012850,Kingston upon Hull 024A,Violence and sexual offences,Local resolution,
4868df3097cc8b6edc285cb17942cb04928ff43a551ff3d2aaf7d245d3a71eac,2021-05,Humberside Police,Humberside Police,-0.353936,53.749791,On or near Supermarket,E01012850,Kingston upon Hull 024A,Violence and sexual offences,Unable to prosecute suspect,
5735832c431f56af87abf7264d52a9c856216640944f8e51a398acea94a9c30e,2021-05,Humberside Police,Humberside Police,-0.349316,53.750033,On or near Vane Street,E01012850,Kingston upon Hull 024A,Violence and sexual offences,Unable to prosecute suspect,
d15414b2c73ccb66922b56c8d15eccfb09845184d6a5dba29d35d164969a906c,2021-05,Humberside Police,Humberside Police,-0.356916,53.752322,On or near Mayfield Street,E01012850,Kingston upon Hull 024A,Violence and sexual offences,Court result unavailable,
e1054d1df8f92b2f27e642a9a86a13ca02ca69d00b8bfe91003438d543671328,2021-05,Humberside Police,Humberside Police,-0.352819,53.748886,On or near Park Row,E01012850,Kingston upon Hull 024A,Violence and sexual offences,Investigation complete; no suspect identified,
0dd9dddb7863ed790b078851d75e8abf037d63e882bb03d12249fd1074fd0fcb,2021-05,Humberside Police,Humberside Police,-0.353936,53.749791,On or near Supermarket,E01012850,Kingston upon Hull 024A,Violence and sexual offences,Court result unavailable,
76db87bbd3e794d95b2745c079c65b1669f1803210b2104599d618f59a2d1e75,2021-05,Humberside Police,Humberside Police,-0.354274,53.752007,On or near Peel Street,E01012850,Kingston upon Hull 024A,Violence and sexual offences,Investigation complete; no suspect identified,
bf938f0c008fd6efa35bb492401129f5db36927bbcbc1ef4102f545cad449f27,2021-05,Humberside Police,Humberside Police,-0.353517,53.751214,On or near Hutt Street,E01012850,Kingston upon Hull 024A,Violence and sexual offences,Unable to prosecute suspect,
e77d7ae2b9ab3655002761618027de1e310fe8660bab4331ed89270d84d0bfbb,2021-05,Humberside Police,Humberside Police,-0.355618,53.752169,On or near Albany Street,E01012850,Kingston upon Hull 024A,Violence and sexual offences,Unable to prosecute suspect,
1555c91febd175e559e43af62a3753a9816e0bf9ad048ab9f3b2285314f4cc59,2021-05,Humberside Police,Humberside Police,-0.353517,53.751214,On or near Hutt Street,E01012850,Kingston upon Hull 024A,Violence and sexual offences,Action to be taken by another organisation,
499e8793f5aff1d51f100433da15c080b775120c8ee0fb1811d215f6fc2891ac,2021-05,Humberside Police,Humberside Police,-0.356916,53.752322,On or near Mayfield Street,E01012850,Kingston upon Hull 024A,Violence and sexual offences,Investigation complete; no suspect identified,
ee47acff8cd99980f2ec431b2df37cd92b6203b412ea0f528c518c2bb8f5e53d,2021-05,Humberside Police,Humberside Police,-0.356916,53.752322,On or near Mayfield Street,E01012850,Kingston upon Hull 024A,Violence and sexual offences,Investigation complete; no suspect identified,
61e450e350936cc93cc329ba62eb5caa16f9a7697a46bc750a3af6045e209dda,2021-05,Humberside Police,Humberside Police,-0.353517,53.751214,On or near Hutt Street,E01012850,Kingston upon Hull 024A,Violence and sexual offences,Unable to prosecute suspect,
9d77a69092a5f816f99ca4d868307c54ea03bf01ef51d28847304638e7c1d124,2021-05,Humberside Police,Humberside Police,-0.354274,53.752007,On or near Peel Street,E01012850,Kingston upon Hull 024A,Violence and sexual offences,Investigation complete; no suspect identified,
62d04ce450b450b527ef3380b528979b3fb3b253a0be0dcafbe3793282938023,2021-05,Humberside Police,Humberside Police,-0.352506,53.751075,On or near Morpeth Street,E01012850,Kingston upon Hull 024A,Violence and sexual offences,Unable to prosecute suspect,
4dc14412d901207d79e450ee01dabe87b69ab8e874fabf3ab2f9d14cae9ac24e,2021-05,Humberside Police,Humberside Police,-0.353517,53.751214,On or near Hutt Street,E01012850,Kingston upon Hull 024A,Other crime,Court result unavailable,
d078d665e01aecda3916e9d9c2bd7194689bddeb49a4cb9ee9a16e043af07a9a,2021-05,Humberside Police,Humberside Police,-0.353517,53.751214,On or near Hutt Street,E01012850,Kingston upon Hull 024A,Other crime,Action to be taken by another organisation,
,2021-05,Humberside Police,Humberside Police,-0.357059,53.750607,On or near Norwood Street,E01012852,Kingston upon Hull 024B,Anti-social behaviour,,
,2021-05,Humberside Police,Humberside Police,-0.357093,53.749726,On or near Stanley Street,E01012852,Kingston upon Hull 024B,Anti-social behaviour,,
,2021-05,Humberside Police,Humberside Police,-0.358612,53.750853,On or near Supermarket,E01012852,Kingston upon Hull 024B,Anti-social behaviour,,
4766dc9db7e2546f45e8b299b476f32746c85baa3ee64e39ac6f3959dc43bc23,2021-05,Humberside Police,Humberside Police,-0.354826,53.747196,On or near Alexandra Street,E01012852,Kingston upon Hull 024B,Bicycle theft,Investigation complete; no suspect identified,
e63b59320cfa73fff40fe6ef64c1eed1c35a7deb6ed75331381bac671dff8f46,2021-05,Humberside Police,Humberside Police,-0.358287,53.744403,On or near Hospital,E01012852,Kingston upon Hull 024B,Bicycle theft,Investigation complete; no suspect identified,
ca3be39cce2497cd4d8fcc080f2edcb5e5314335ae5bf660e8fcb54a27ed828a,2021-05,Humberside Police,Humberside Police,-0.358287,53.744403,On or near Hospital,E01012852,Kingston upon Hull 024B,Burglary,Unable to prosecute suspect,
4a40f2f86ff83f60f3b7dc7e4b6f2294ac8fd8336927bf20ea75aa52dc698693,2021-05,Humberside Police,Humberside Police,-0.356212,53.748222,On or near West Parade,E01012852,Kingston upon Hull 024B,Burglary,Investigation complete; no suspect identified,
1c86abd864851e0fc76d0e8b9c475ccae3dc3f98ccb3f739149c5a1d12b90359,2021-05,Humberside Police,Humberside Police,-0.354826,53.747196,On or near Alexandra Street,E01012852,Kingston upon Hull 024B,Burglary,Investigation complete; no suspect identified,
1379f67762434074ff2f73e9eca769caff4dabc8c48dadc9880b54869d60dce6,2021-05,Humberside Police,Humberside Police,-0.358004,53.752444,On or near Middleton Street,E01012852,Kingston upon Hull 024B,Criminal damage and arson,Unable to prosecute suspect,
8f43c85622904e514fb3c79c619ec6079ba8160a0dc415980f6ee16034503d6a,2021-05,Humberside Police,Humberside Police,-0.361013,53.751892,On or near Princes Avenue,E01012852,Kingston upon Hull 024B,Criminal damage and arson,Investigation complete; no suspect identified,
48003fbe9b667b3235615b421d773854db39b83e457ee19aac591d84fcd5f7fb,2021-05,Humberside Police,Humberside Police,-0.358004,53.752444,On or near Middleton Street,E01012852,Kingston upon Hull 024B,Criminal damage and arson,Unable to prosecute suspect,
f75a3da37b67e7a04b1b5c168a91003cf14766d3f29b663fb3d71004496fcf1d,2021-05,Humberside Police,Humberside Police,-0.360185,53.747845,On or near Wyndham Street,E01012852,Kingston upon Hull 024B,Criminal damage and arson,Investigation complete; no suspect identified,
0d4f9d9512e4ef60fdb6625a0f3ecec3059b1f87f6fd1f963dee5b667fd2add4,2021-05,Humberside Police,Humberside Police,-0.358287,53.744403,On or near Hospital,E01012852,Kingston upon Hull 024B,Criminal damage and arson,Unable to prosecute suspect,
8f36e860f22a45f1aec9026575237366b0ac02f3df19c0e4a89dff3263416fa7,2021-05,Humberside Police,Humberside Police,-0.357234,53.753513,On or near Middleton Court,E01012852,Kingston upon Hull 024B,Criminal damage and arson,Unable to prosecute suspect,
1e0438fe75043fa5674011e05ae9bc85c250da13ec6353589058c50b141baa51,2021-05,Humberside Police,Humberside Police,-0.361013,53.751892,On or near Princes Avenue,E01012852,Kingston upon Hull 024B,Drugs,Unable to prosecute suspect,
f0bd89c2e85c7a67109c39f7a170e8494aa70868cb74090af772bc4e9470a315,2021-05,Humberside Police,Humberside Police,-0.358612,53.750853,On or near Supermarket,E01012852,Kingston upon Hull 024B,Drugs,Court result unavailable,
68d471bdd1ca0612ddfc1b7a5f812960013407bd6ca6ea6f3b91a0539cf081c7,2021-05,Humberside Police,Humberside Police,-0.357059,53.750607,On or near Norwood Street,E01012852,Kingston upon Hull 024B,Other theft,Investigation complete; no suspect identified,
fbb00d7abc8bb32bf0b35a10abbfdc5f255cb26c085620472739012302d5d59c,2021-05,Humberside Police,Humberside Police,-0.358287,53.744403,On or near Hospital,E01012852,Kingston upon Hull 024B,Other theft,Investigation complete; no suspect identified,
52e1fe29f66e089b76a0647f1778314bf9fe7d07052655100e7a22fc16e0393a,2021-05,Humberside Police,Humberside Police,-0.358287,53.744403,On or near Hospital,E01012852,Kingston upon Hull 024B,Public order,Court result unavailable,
e869b11f3bd6b7248e927db5f8c78b04f025e13b8236904d7c2311582df4257c,2021-05,Humberside Police,Humberside Police,-0.358287,53.744403,On or near Hospital,E01012852,Kingston upon Hull 024B,Public order,Unable to prosecute suspect,
fe22527015a5b7eeb5d271541ecc3ceac2953a4f90975679a18d492ebdba768e,2021-05,Humberside Police,Humberside Police,-0.358612,53.750853,On or near Supermarket,E01012852,Kingston upon Hull 024B,Public order,Unable to prosecute suspect,
e44239cf674757bb0dc3e89770b389150a20919763ea82c12082362bb46b8b35,2021-05,Humberside Police,Humberside Police,-0.356491,53.746509,On or near Londesborough Street,E01012852,Kingston upon Hull 024B,Public order,Unable to prosecute suspect,
bac799b02b7156fa217907acb56b308ee6b4de054a193b3f0de635bedbd07c50,2021-05,Humberside Police,Humberside Police,-0.358287,53.744403,On or near Hospital,E01012852,Kingston upon Hull 024B,Public order,Unable to prosecute suspect,
5b29e96cfbba40c433477460b9387afac391bc81d02b36f7aa1e8fbfa84054c3,2021-05,Humberside Police,Humberside Police,-0.357059,53.750607,On or near Norwood Street,E01012852,Kingston upon Hull 024B,Public order,Investigation complete; no suspect identified,
a1108d1222273520b68d285f22e061fa41a238f0d7e7e997b8e0fe94b48fba28,2021-05,Humberside Police,Humberside Police,-0.361013,53.751892,On or near Princes Avenue,E01012852,Kingston upon Hull 024B,Public order,Investigation complete; no suspect identified,
c7d4cc61a2226c411aabc188867f69b4f92b421d136d86c16d3656ca966cbd62,2021-05,Humberside Police,Humberside Police,-0.358612,53.750853,On or near Supermarket,E01012852,Kingston upon Hull 024B,Shoplifting,Investigation complete; no suspect identified,
376b360420acf55f3de5af1cbfa771f0f049bdf74ca825a120eb49cc060959c6,2021-05,Humberside Police,Humberside Police,-0.357059,53.750607,On or near Norwood Street,E01012852,Kingston upon Hull 024B,Shoplifting,Investigation complete; no suspect identified,
c53f898698ad2e79c7be2331c1f5cf22aae199f3ab3d0f7c26ce3f310f420d97,2021-05,Humberside Police,Humberside Police,-0.358612,53.750853,On or near Supermarket,E01012852,Kingston upon Hull 024B,Shoplifting,Investigation complete; no suspect identified,
711448427cc2ec191194184e87851c582d1a8826d99bd2461a763e87c8c62eae,2021-05,Humberside Police,Humberside Police,-0.357234,53.753513,On or near Middleton Court,E01012852,Kingston upon Hull 024B,Theft from the person,Investigation complete; no suspect identified,
6b9bcddfde4d7920be6e56334061809d0022dbe851f96192fef535b5ab02e9d5,2021-05,Humberside Police,Humberside Police,-0.358287,53.744403,On or near Hospital,E01012852,Kingston upon Hull 024B,Vehicle crime,Unable to prosecute suspect,
dfcb8e244f820051bd4560f83c3b90cbe371a4d92959d1a8256306155b75404d,2021-05,Humberside Police,Humberside Police,-0.357234,53.753513,On or near Middleton Court,E01012852,Kingston upon Hull 024B,Vehicle crime,Investigation complete; no suspect identified,
27bf3a6b4cf8763b0abc7c2681c0bfd2bf9e6f0ad0cd3e6756a720a304e116a7,2021-05,Humberside Police,Humberside Police,-0.357093,53.749726,On or near Stanley Street,E01012852,Kingston upon Hull 024B,Violence and sexual offences,Unable to prosecute suspect,
f22068485053792feb20f0c7457c8be2387a3529623aa4f5c0e39e9c08089e9e,2021-05,Humberside Police,Humberside Police,-0.359088,53.752630,On or near Louis Street,E01012852,Kingston upon Hull 024B,Violence and sexual offences,Unable to prosecute suspect,
a3f31ad131a9427bbf25efaba456ab2ef7b382a8228c00df41d5ddf76b5b7b6a,2021-05,Humberside Police,Humberside Police,-0.357059,53.750607,On or near Norwood Street,E01012852,Kingston upon Hull 024B,Violence and sexual offences,Unable to prosecute suspect,
389577e7beaf3211f99b271cabb9539cac3939387f9fecab19c4740c5a370199,2021-05,Humberside Police,Humberside Police,-0.358287,53.744403,On or near Hospital,E01012852,Kingston upon Hull 024B,Violence and sexual offences,Status update unavailable,
671c8437d681d4cd700201630927336f1634973cce8029d28b7d8f75903b8887,2021-05,Humberside Police,Humberside Police,-0.361013,53.751892,On or near Princes Avenue,E01012852,Kingston upon Hull 024B,Violence and sexual offences,Unable to prosecute suspect,
5465ea96e148e7e884d27a638eb303b01ca4af6d16a9aed9bbe83449d3bd9671,2021-05,Humberside Police,Humberside Police,-0.357093,53.749726,On or near Stanley Street,E01012852,Kingston upon Hull 024B,Violence and sexual offences,Unable to prosecute suspect,
d15ba795a9bc93be3d5a7939bbcb4d1dc25f94de559aac61673af35936e97333,2021-05,Humberside Police,Humberside Police,-0.357234,53.753513,On or near Middleton Court,E01012852,Kingston upon Hull 024B,Violence and sexual offences,Court result unavailable,
38a741990c0d259c67b7bcf828aee1330596747bba3dab6d6f0078efae7f88bd,2021-05,Humberside Police,Humberside Police,-0.361013,53.751892,On or near Princes Avenue,E01012852,Kingston upon Hull 024B,Violence and sexual offences,Local resolution,
658a4ab5b89fb354e68c0e79290d5ac21907ee09f9b97f919b32c52c810ad400,2021-05,Humberside Police,Humberside Police,-0.359088,53.752630,On or near Louis Street,E01012852,Kingston upon Hull 024B,Violence and sexual offences,Unable to prosecute suspect,
5c5895b451a6973acce1efd1a8852b305057903bd5d4a1c9eda8aeeadccee215,2021-05,Humberside Police,Humberside Police,-0.357059,53.750607,On or near Norwood Street,E01012852,Kingston upon Hull 024B,Violence and sexual offences,Offender given a caution,
a61e2e17a4a538e0892cf8e51c9c1e28a88f469ddbfbad08500c52d5ee08fd32,2021-05,Humberside Police,Humberside Police,-0.358287,53.744403,On or near Hospital,E01012852,Kingston upon Hull 024B,Violence and sexual offences,Unable to prosecute suspect,
588014de501d81ae26ee20c901f0ded88a1eadb80aaba61ee8af1a15324fbfe0,2021-05,Humberside Police,Humberside Police,-0.358004,53.752444,On or near Middleton Street,E01012852,Kingston upon Hull 024B,Violence and sexual offences,Unable to prosecute suspect,
69bd8ba5ea6d52bd3f1013aec61a6c3ae56e3f8b6c6fbb45f5d88847e399719c,2021-05,Humberside Police,Humberside Police,-0.358287,53.744403,On or near Hospital,E01012852,Kingston upon Hull 024B,Violence and sexual offences,Investigation complete; no suspect identified,
a6605f9c05bfe38beb9f723eb1ca67c7a09cebc9fbd484f741486a73840abdaf,2021-05,Humberside Police,Humberside Police,-0.357059,53.750607,On or near Norwood Street,E01012852,Kingston upon Hull 024B,Violence and sexual offences,Unable to prosecute suspect,
,2021-05,Humberside Police,Humberside Police,-0.345170,53.757122,On or near Hadleigh Close,E01012856,Kingston upon Hull 024C,Anti-social behaviour,,
,2021-05,Humberside Police,Humberside Police,-0.345170,53.757122,On or near Hadleigh Close,E01012856,Kingston upon Hull 024C,Anti-social behaviour,,
,2021-05,Humberside Police,Humberside Police,-0.340333,53.755932,On or near Fountain Road,E01012856,Kingston upon Hull 024C,Anti-social behaviour,,
cab35f1b13dc9d8814c711ad99083e12ca1aecccd609534a24c489365ba4ec66,2021-05,Humberside Police,Humberside Police,-0.340333,53.755932,On or near Fountain Road,E01012856,Kingston upon Hull 024C,Criminal damage and arson,Investigation complete; no suspect identified,
7b4b55e394dc51633d3bbfdb4e675a2f06532ed356cbaa28803efcc652232a01,2021-05,Humberside Police,Humberside Police,-0.343263,53.755100,On or near St Clements Place,E01012856,Kingston upon Hull 024C,Criminal damage and arson,Investigation complete; no suspect identified,
29e547d1bd1266c6caba6d479fdddbcb527167510fbf3831d8497c1f0ccfbd7d,2021-05,Humberside Police,Humberside Police,-0.331257,53.754907,On or near York Street,E01012856,Kingston upon Hull 024C,Criminal damage and arson,Investigation complete; no suspect identified,
bf5927c9f1e1ab9e9d7aa028bbbdacaf344a7894e7516c36b98a815195ecc510,2021-05,Humberside Police,Humberside Police,-0.343339,53.756620,On or near Goodrich Close,E01012856,Kingston upon Hull 024C,Criminal damage and arson,Investigation complete; no suspect identified,
2b418b0a10ef9e436aa32bdbb5199e04dfd59d6a092fdae92cfaa137f5333810,2021-05,Humberside Police,Humberside Police,-0.339202,53.753453,On or near Viceroy Close,E01012856,Kingston upon Hull 024C,Other theft,Unable to prosecute suspect,
2a26ac49a6d1830f712a9d86ca283791f311416303adcbeea80352ab19f65348,2021-05,Humberside Police,Humberside Police,-0.343263,53.755100,On or near St Clements Place,E01012856,Kingston upon Hull 024C,Public order,Investigation complete; no suspect identified,
01c7e20004fb4add6e2e12c123fc1d6cb2ecd3201c8f8cb6d19478b30eccdc51,2021-05,Humberside Police,Humberside Police,-0.341029,53.751725,On or near Symons Close,E01012856,Kingston upon Hull 024C,Public order,Action to be taken by another organisation,
f0e89c698c41388bf7b02ea5e58e9a9e9b6c999e3f26eee988d6debfe4d4c502,2021-05,Humberside Police,Humberside Police,-0.345170,53.757122,On or near Hadleigh Close,E01012856,Kingston upon Hull 024C,Violence and sexual offences,Investigation complete; no suspect identified,
fefe5141bdd4073f7c4e39f388c0bd46e05968f8090fea704e766a61d1a69bea,2021-05,Humberside Police,Humberside Police,-0.341420,53.754517,On or near St Paul Street,E01012856,Kingston upon Hull 024C,Violence and sexual offences,Unable to prosecute suspect,
9a76784272e866534ce5168f3164eeaab0eca85d4f5315e84ab6533757a3e143,2021-05,Humberside Police,Humberside Police,-0.341420,53.754517,On or near St Paul Street,E01012856,Kingston upon Hull 024C,Violence and sexual offences,Unable to prosecute suspect,
82d00a0c89f013a41af42bec4072a455f6f6afd90861dc4603ab5e1b50414ca0,2021-05,Humberside Police,Humberside Police,-0.332203,53.754767,On or near Oxford Street,E01012856,Kingston upon Hull 024C,Violence and sexual offences,Unable to prosecute suspect,
57bfd5c18b0567a113f204aa521dca96cefadc1a26456e363ba2f58865b06421,2021-05,Humberside Police,Humberside Police,-0.339202,53.753453,On or near Viceroy Close,E01012856,Kingston upon Hull 024C,Violence and sexual offences,Unable to prosecute suspect,
bb36dc36e3e2b3d68c53ea1406033f1495b0f275f58494bde97b3de76e5f3848,2021-05,Humberside Police,Humberside Police,-0.340028,53.752898,On or near Fern Close,E01012856,Kingston upon Hull 024C,Violence and sexual offences,Unable to prosecute suspect,
9ba6f3ae3a6329b14bfdf11be52dd64267fcd05823f009255b42faa7ee2631d9,2021-05,Humberside Police,Humberside Police,-0.340028,53.752898,On or near Fern Close,E01012856,Kingston upon Hull 024C,Violence and sexual offences,Unable to prosecute suspect,
7493c7ca238c0b8dc3002234b462171e09606955861c6cfa3029e9973c21e553,2021-05,Humberside Police,Humberside Police,-0.339202,53.753453,On or near Viceroy Close,E01012856,Kingston upon Hull 024C,Violence and sexual offences,Unable to prosecute suspect,
21724c9ff684e08200cb547afa51d228540b6381475756d5778e71fcbea47526,2021-05,Humberside Police,Humberside Police,-0.340333,53.755932,On or near Fountain Road,E01012856,Kingston upon Hull 024C,Violence and sexual offences,Unable to prosecute suspect,
2121a7a648de383b5e6720af963d330fa3bbbdedad5e820d159c217b64cf9f5f,2021-05,Humberside Police,Humberside Police,-0.342184,53.756694,On or near Tattershall Close,E01012856,Kingston upon Hull 024C,Other crime,Action to be taken by another organisation,
,2021-05,Humberside Police,Humberside Police,-0.350263,53.756437,On or near Supermarket,E01012857,Kingston upon Hull 024D,Anti-social behaviour,,
,2021-05,Humberside Police,Humberside Police,-0.350756,53.756246,On or near Terry Street,E01012857,Kingston upon Hull 024D,Anti-social behaviour,,
,2021-05,Humberside Police,Humberside Police,-0.350088,53.753549,On or near Wellington Lane,E01012857,Kingston upon Hull 024D,Anti-social behaviour,,
,2021-05,Humberside Police,Humberside Police,-0.350263,53.756437,On or near Supermarket,E01012857,Kingston upon Hull 024D,Anti-social behaviour,,
6483d7bd960b6272be217431245713d64c8e0c0207d0a036dbaa7aab072059a6,2021-05,Humberside Police,Humberside Police,-0.350263,53.756437,On or near Supermarket,E01012857,Kingston upon Hull 024D,Bicycle theft,Investigation complete; no suspect identified,
fecd4c812d0f2fa874f3b2d969b402fb6834dad5f805ac15fcf1168d0cab0cb6,2021-05,Humberside Police,Humberside Police,-0.352779,53.756112,On or near Park Road,E01012857,Kingston upon Hull 024D,Burglary,Investigation complete; no suspect identified,
f2ad85b7a0460888e8669c6ec9ddd224e7c149638d68e9dfe59f6182cd8a9bea,2021-05,Humberside Police,Humberside Police,-0.350756,53.756246,On or near Terry Street,E01012857,Kingston upon Hull 024D,Criminal damage and arson,Unable to prosecute suspect,
311a989fe27f7a2ae847894a85c79fafd7cd6c4c6dd67d651c4d34710a4fae1f,2021-05,Humberside Police,Humberside Police,-0.351737,53.755990,On or near Hampstead Court,E01012857,Kingston upon Hull 024D,Other theft,Investigation complete; no suspect identified,
8b9554866208332f18c65ef77c714edf77779fc985fcd6aa688661286aaa9f9f,2021-05,Humberside Police,Humberside Police,-0.350756,53.756246,On or near Terry Street,E01012857,Kingston upon Hull 024D,Public order,Court result unavailable,
b5c978ea5e27591f3ef81397cec542a119e8b54f17e699e59df4f3e0e933b532,2021-05,Humberside Police,Humberside Police,-0.350263,53.756437,On or near Supermarket,E01012857,Kingston upon Hull 024D,Public order,Court result unavailable,
6ebd7e34adcbcad57176d462a52e2747751bc0517edac00889a81ad3f9b0d7c2,2021-05,Humberside Police,Humberside Police,-0.349915,53.752954,On or near Cromwell Close,E01012857,Kingston upon Hull 024D,Public order,Unable to prosecute suspect,
599380b0f9ecc2963d631051bab5af6c5ec00b968b1fa38c45ef7d7120dde7d7,2021-05,Humberside Police,Humberside Police,-0.350263,53.756437,On or near Supermarket,E01012857,Kingston upon Hull 024D,Public order,Unable to prosecute suspect,
4beb87fd6bfb3728754252a74bd9f44eba345d41b98ae1ab198108a72f4e155f,2021-05,Humberside Police,Humberside Police,-0.352075,53.754323,On or near Leicester Street,E01012857,Kingston upon Hull 024D,Robbery,Investigation complete; no suspect identified,
766424b94b7478343b60a2a13d0a584ca9c28b33d44ef5b086a35c7ed67d17b7,2021-05,Humberside Police,Humberside Police,-0.350088,53.753549,On or near Wellington Lane,E01012857,Kingston upon Hull 024D,Robbery,Investigation complete; no suspect identified,
eda17c05e9c881df09338eec697b1121393b3dd9ce5c8b6f9fe3c0a0f2789c03,2021-05,Humberside Police,Humberside Police,-0.350263,53.756437,On or near Supermarket,E01012857,Kingston upon Hull 024D,Shoplifting,Investigation complete; no suspect identified,
f82288118e25745967322c765ac519f5f94f425b1e7a5d79637eeed5b2a938ce,2021-05,Humberside Police,Humberside Police,-0.350263,53.756437,On or near Supermarket,E01012857,Kingston upon Hull 024D,Shoplifting,Unable to prosecute suspect,
459962f11faad10ef455377fd20b64c8a6ba4d6501505ed5443c24ef57f9fcf0,2021-05,Humberside Police,Humberside Police,-0.347146,53.756241,On or near St Hilda Street,E01012857,Kingston upon Hull 024D,Vehicle crime,Investigation complete; no suspect identified,
d890715e5be6c2f2ee11d5bbabf167be3948911ec2d42d6b859046a1cfc2f063,2021-05,Humberside Police,Humberside Police,-0.350756,53.756246,On or near Terry Street,E01012857,Kingston upon Hull 024D,Violence and sexual offences,Unable to prosecute suspect,
89ebc038284087f94bcbd28ccfbac95531817c6a003e1c6cf2f6736702a3aff6,2021-05,Humberside Police,Humberside Police,-0.350263,53.756437,On or near Supermarket,E01012857,Kingston upon Hull 024D,Violence and sexual offences,Court result unavailable,
5d7b35927301736af06a69f323cc3ce833e7fbc4af01afcb6ad148bb2a15df11,2021-05,Humberside Police,Humberside Police,-0.350263,53.756437,On or near Supermarket,E01012857,Kingston upon Hull 024D,Violence and sexual offences,Unable to prosecute suspect,
46193a2b99ffb451bd02bccb9808f032074aef60e0b98f335a4f2d1373c3ad41,2021-05,Humberside Police,Humberside Police,-0.350756,53.756246,On or near Terry Street,E01012857,Kingston upon Hull 024D,Violence and sexual offences,Unable to prosecute suspect,
3ddf3ed1693ae539e42b0a82ab19c00f146a26827a4bfaf4055c26dd45858eea,2021-05,Humberside Police,Humberside Police,-0.350263,53.756437,On or near Supermarket,E01012857,Kingston upon Hull 024D,Violence and sexual offences,Court result unavailable,
74f33dcf247136d35696c8df323bb3eec3985705b3301ddc6531ec16e04c93c4,2021-05,Humberside Police,Humberside Police,-0.351171,53.755335,On or near Cavendish Square,E01012857,Kingston upon Hull 024D,Violence and sexual offences,Unable to prosecute suspect,
3ba78966235494363f7aacb63455832547f8d707ecddb67f78d4e56539a4ffc5,2021-05,Humberside Police,Humberside Police,-0.350263,53.756437,On or near Supermarket,E01012857,Kingston upon Hull 024D,Violence and sexual offences,Investigation complete; no suspect identified,
fa295fdf1802ce87a7fca086f9c7fbf6cb58b869c0846fd5c92aa78b0bc96f58,2021-05,Humberside Police,Humberside Police,-0.351737,53.755990,On or near Hampstead Court,E01012857,Kingston upon Hull 024D,Violence and sexual offences,Unable to prosecute suspect,
1f946d4a88f92d967491306d1324adaa5195cf1fe923425210bcf1e4b9404f54,2021-05,Humberside Police,Humberside Police,-0.350756,53.756246,On or near Terry Street,E01012857,Kingston upon Hull 024D,Violence and sexual offences,Court result unavailable,
7f66de3d225ad69d60ace187615bd8bb61cf359f10d6b273ee88ef0b57fb2f2d,2021-05,Humberside Police,Humberside Police,-0.350756,53.756246,On or near Terry Street,E01012857,Kingston upon Hull 024D,Violence and sexual offences,Court result unavailable,
c40278de3c2a63074c69545801a4ec90f4d5bcbc53f770443f92bb005420f37f,2021-05,Humberside Police,Humberside Police,-0.349755,53.754318,On or near Derby Street,E01012857,Kingston upon Hull 024D,Violence and sexual offences,Court result unavailable,
3df68b88e7d5e7303c00a82226d4ae9680681564c05bff5f9e90ef5657563a13,2021-05,Humberside Police,Humberside Police,-0.350756,53.756246,On or near Terry Street,E01012857,Kingston upon Hull 024D,Violence and sexual offences,Unable to prosecute suspect,
249f94a654ce279b159381d7685fbf90688adde40dac33d1e94aab9853591965,2021-05,Humberside Police,Humberside Police,-0.350939,53.754298,On or near All Saints' Street,E01012857,Kingston upon Hull 024D,Violence and sexual offences,Court result unavailable,
25d819b067f036e8d363ddd134aea315dad4f43501e3efe13541d23b05a71245,2021-05,Humberside Police,Humberside Police,-0.350756,53.756246,On or near Terry Street,E01012857,Kingston upon Hull 024D,Violence and sexual offences,Local resolution,
a376e427a53c10c11e0677f6f19a9b593b7d6c6abf16dc1ad561cd2ffe7757e3,2021-05,Humberside Police,Humberside Police,-0.347146,53.756241,On or near St Hilda Street,E01012857,Kingston upon Hull 024D,Violence and sexual offences,Offender given a caution,
caeee95d765349e2e024a9509f831a75221fc42eaaa0ae7cd1440b688dded4b6,2021-05,Humberside Police,Humberside Police,-0.344730,53.754419,On or near Cresswell Close,E01012857,Kingston upon Hull 024D,Violence and sexual offences,Local resolution,
7a8bd8367dcba7e855e2de52387052f539eb118be30019f4d5bebca8121a4baf,2021-05,Humberside Police,Humberside Police,-0.345979,53.754293,On or near Cheadle Close,E01012857,Kingston upon Hull 024D,Violence and sexual offences,Action to be taken by another organisation,
c7214b5451f529ced450ac0de8e9ddd981ab463ec3c614417d59d3f3cff37f25,2021-05,Humberside Police,Humberside Police,-0.347078,53.754892,On or near Sophia Close,E01012857,Kingston upon Hull 024D,Violence and sexual offences,Investigation complete; no suspect identified,
6521fe2338842cc58881b722dbfe58344ecb9e99ac07f00303be8d1cf9c9ec1a,2021-05,Humberside Police,Humberside Police,-0.351171,53.755335,On or near Cavendish Square,E01012857,Kingston upon Hull 024D,Violence and sexual offences,Unable to prosecute suspect,
,2021-05,Humberside Police,Humberside Police,-0.350094,53.761523,On or near Beverley Road,E01012867,Kingston upon Hull 024E,Anti-social behaviour,,
,2021-05,Humberside Police,Humberside Police,-0.350094,53.761523,On or near Beverley Road,E01012867,Kingston upon Hull 024E,Anti-social behaviour,,
,2021-05,Humberside Police,Humberside Police,-0.348671,53.757197,On or near Kottingham Avenue,E01012867,Kingston upon Hull 024E,Anti-social behaviour,,
,2021-05,Humberside Police,Humberside Police,-0.348671,53.757197,On or near Kottingham Avenue,E01012867,Kingston upon Hull 024E,Anti-social behaviour,,
b32ab2e239249c395355026af8e52be85e11da349c866a5b637cba4fad2bd5ec,2021-05,Humberside Police,Humberside Police,-0.350908,53.762828,On or near Beverley Road,E01012867,Kingston upon Hull 024E,Burglary,Status update unavailable,
ccf8ad71f45536f78fbe13ebaecde8f935497137ee8f7ae9eae710fc228fb5be,2021-05,Humberside Police,Humberside Police,-0.346103,53.760803,On or near Tunis Street,E01012867,Kingston upon Hull 024E,Criminal damage and arson,Unable to prosecute suspect,
4f1307aab10d380ba1a080afe5340108ffcfcaf81634ca12db5890dcd68e4b67,2021-05,Humberside Police,Humberside Police,-0.350908,53.762828,On or near Beverley Road,E01012867,Kingston upon Hull 024E,Criminal damage and arson,Investigation complete; no suspect identified,
eb7378de6cc8cdcc04a87ebc693194dedc45a8d8d45c5580ff366778e68efd48,2021-05,Humberside Police,Humberside Police,-0.350908,53.762828,On or near Beverley Road,E01012867,Kingston upon Hull 024E,Drugs,Court result unavailable,
82d1aa7d449a62130cda3ab5ffefd185d8796b3ae9786ff7d3002a305fabca1f,2021-05,Humberside Police,Humberside Police,-0.348792,53.761091,On or near Melwood Grove,E01012867,Kingston upon Hull 024E,Drugs,Further investigation is not in the public interest,
1820138d5403d0eff94bf18a42b3fcd84270fa613d84b193da5c60b904e1752d,2021-05,Humberside Police,Humberside Police,-0.344832,53.761864,On or near Sculcoates Lane,E01012867,Kingston upon Hull 024E,Other theft,Investigation complete; no suspect identified,
6b819a1c199091aa492b973de77ef3eb320c9dc6004d7fabff122dd498d44737,2021-05,Humberside Police,Humberside Police,-0.350094,53.761523,On or near Beverley Road,E01012867,Kingston upon Hull 024E,Public order,Unable to prosecute suspect,
c873ccc4cdfe624223b6c805276515a01a5c74596a994ddb8618c9211980135b,2021-05,Humberside Police,Humberside Police,-0.348785,53.757010,On or near Station Drive,E01012867,Kingston upon Hull 024E,Public order,Local resolution,
3fa05c56cea4b0a944d1e5abd24d208159a7ff44ba469c8f0907204df7029054,2021-05,Humberside Police,Humberside Police,-0.350094,53.761523,On or near Beverley Road,E01012867,Kingston upon Hull 024E,Public order,Unable to prosecute suspect,
0c561406db5d32dd9e3daae06c257ce258d7f9d225d05268ebb0fc65499c2562,2021-05,Humberside Police,Humberside Police,-0.348470,53.757689,On or near Parking Area,E01012867,Kingston upon Hull 024E,Robbery,Unable to prosecute suspect,
19ce03ced1bf400561e03e6e0ca83cf5d7d6979e0d4307d34a6bdf1bcff56942,2021-05,Humberside Police,Humberside Police,-0.350908,53.762828,On or near Beverley Road,E01012867,Kingston upon Hull 024E,Vehicle crime,Investigation complete; no suspect identified,
011d872ad0f0535faa0c495660231ec4646da3ed12c96fde4cb8d889062670d0,2021-05,Humberside Police,Humberside Police,-0.350908,53.762828,On or near Beverley Road,E01012867,Kingston upon Hull 024E,Violence and sexual offences,Unable to prosecute suspect,
e5ce67b08c5ad02cc99d4c60d7e39bc9caf79bc22cd64694d09f1b3764958494,2021-05,Humberside Police,Humberside Police,-0.348785,53.757010,On or near Station Drive,E01012867,Kingston upon Hull 024E,Violence and sexual offences,Court result unavailable,
a086937f8a5e6a6c91e0926d1ec38c654bb254689694cee70e02d6a9c7e1b305,2021-05,Humberside Police,Humberside Police,-0.347256,53.759236,On or near Parking Area,E01012867,Kingston upon Hull 024E,Violence and sexual offences,Court result unavailable,
75ec60efd65691389e020c7ffbcd11f23835742d445e36816a6e57337add4d54,2021-05,Humberside Police,Humberside Police,-0.348825,53.761406,On or near Baden Close,E01012867,Kingston upon Hull 024E,Violence and sexual offences,Local resolution,
d12c46cb5a1dc00fda5e2ecd63536cbf53c847be959e9d456d88543649650540,2021-05,Humberside Police,Humberside Police,-0.348825,53.761406,On or near Baden Close,E01012867,Kingston upon Hull 024E,Violence and sexual offences,Local resolution,
d1a5fabbc81f970825d7cbf288d875fa83af9779403793fd8717ef8c419a1a38,2021-05,Humberside Police,Humberside Police,-0.344205,53.759671,On or near Britannia Gardens,E01012867,Kingston upon Hull 024E,Violence and sexual offences,Unable to prosecute suspect,
5c943784daef966b715daf1db48e1262cd607f82196050ca8bbc2c1be5188884,2021-05,Humberside Police,Humberside Police,-0.350908,53.762828,On or near Beverley Road,E01012867,Kingston upon Hull 024E,Violence and sexual offences,Unable to prosecute suspect,
8c1835d63b368d9dd34d4a4bfb1c9d1152589b08257c750df1134146f98887ab,2021-05,Humberside Police,Humberside Police,-0.348470,53.757689,On or near Parking Area,E01012867,Kingston upon Hull 024E,Violence and sexual offences,Unable to prosecute suspect,
c2a96b69b6d28bf0549653dcd21d64e07006cfc8240dee0fc0d5f319cda6dc5d,2021-05,Humberside Police,Humberside Police,-0.344832,53.761864,On or near Sculcoates Lane,E01012867,Kingston upon Hull 024E,Violence and sexual offences,Investigation complete; no suspect identified,
3e1a700c23ba56e520daaaa22961de37c90a281547271d195f9ef367fb1817a4,2021-05,Humberside Police,Humberside Police,-0.342262,53.762395,On or near Needlers Way,E01012867,Kingston upon Hull 024E,Violence and sexual offences,Unable to prosecute suspect,
0f9d2005b3cc8a876d0b012178972e8d42b4f502630416a3138b7cad54646419,2021-05,Humberside Police,Humberside Police,-0.347256,53.759236,On or near Parking Area,E01012867,Kingston upon Hull 024E,Violence and sexual offences,Unable to prosecute suspect,
49fefb9e814f8077ff92ea9bbad62f73574382e716cd64df8a6767fa3d0f87e9,2021-05,Humberside Police,Humberside Police,-0.348825,53.761406,On or near Baden Close,E01012867,Kingston upon Hull 024E,Violence and sexual offences,Unable to prosecute suspect,
1fe589dfbf3a2075b22a8b097c55badae05fac46f7241388426e7ed239bd65d6,2021-05,Humberside Police,Humberside Police,-0.348825,53.761406,On or near Baden Close,E01012867,Kingston upon Hull 024E,Violence and sexual offences,Unable to prosecute suspect,
2a650cdb499de9e2e5450688ac4be312dc7def1e8736b93c861d81bfaa009c82,2021-05,Humberside Police,Humberside Police,-0.348792,53.761091,On or near Melwood Grove,E01012867,Kingston upon Hull 024E,Violence and sexual offences,Unable to prosecute suspect,
eae019d0f70fbfa00634620276c873640f34eb89f44f72b78c3b2c333a29d7db,2021-05,Humberside Police,Humberside Police,-0.350908,53.762828,On or near Beverley Road,E01012867,Kingston upon Hull 024E,Violence and sexual offences,Unable to prosecute suspect,
77059a0a74f0e0af44792ab0823c6ca7372b3696cdd4cea36463c821b7f412da,2021-05,Humberside Police,Humberside Police,-0.350908,53.762828,On or near Beverley Road,E01012867,Kingston upon Hull 024E,Violence and sexual offences,Unable to prosecute suspect,
0b35c023c9f5d02cad41701b3493f728ce4c1a3ecf317ca9389643e78345b6b5,2021-05,Humberside Police,Humberside Police,-0.350094,53.761523,On or near Beverley Road,E01012867,Kingston upon Hull 024E,Violence and sexual offences,Unable to prosecute suspect,
5e41c2e1ac58637b4f8a66ec3c5f925b1ea05a420affc2a6c362adc94d24f5a8,2021-05,Humberside Police,Humberside Police,-0.350094,53.761523,On or near Beverley Road,E01012867,Kingston upon Hull 024E,Violence and sexual offences,Court result unavailable,
36e8e36195a618adf405ce858718177d0a3a0d302a71cffabd35d29d3ae072ea,2021-05,Humberside Police,Humberside Police,-0.348323,53.759512,On or near Epworth Street,E01012867,Kingston upon Hull 024E,Violence and sexual offences,Unable to prosecute suspect,
1dd77c015e7e6c4b472669e63e58ed9b3fb9047c278fef5cbfdb5908db0b7a27,2021-05,Humberside Police,Humberside Police,-0.336728,53.759639,On or near Wincolmlee,E01012867,Kingston upon Hull 024E,Violence and sexual offences,Unable to prosecute suspect,
154898188a13e909ece87f64ea429a46e5877898e8c797484325d8aa51f14da8,2021-05,Humberside Police,Humberside Police,-0.348792,53.761091,On or near Melwood Grove,E01012867,Kingston upon Hull 024E,Violence and sexual offences,Unable to prosecute suspect,
1600c9652579e40dc12190669676046afbc6a3e095591f3b77ac062d85769553,2021-05,Humberside Police,Humberside Police,-0.348470,53.757689,On or near Parking Area,E01012867,Kingston upon Hull 024E,Other crime,Action to be taken by another organisation,
,2021-05,Humberside Police,Humberside Police,-0.374704,53.758299,On or near Petrol Station,E01012756,Kingston upon Hull 025A,Anti-social behaviour,,
,2021-05,Humberside Police,Humberside Police,-0.374704,53.758299,On or near Petrol Station,E01012756,Kingston upon Hull 025A,Anti-social behaviour,,
e34f2fd573e644c8c4d6a64feb02a9cedec3585bc1525a6291c537e743ee9861,2021-05,Humberside Police,Humberside Police,-0.374384,53.755994,On or near Supermarket,E01012756,Kingston upon Hull 025A,Burglary,Court result unavailable,
5f907605e172c521fae1447cd9c53e4261e963e19175c07813ae0b7e1f98eb35,2021-05,Humberside Police,Humberside Police,-0.373529,53.753375,On or near Perth Street,E01012756,Kingston upon Hull 025A,Criminal damage and arson,Unable to prosecute suspect,
a057a1840e05b25cf9436a47ea9d76f6ec709eb99638fa679036fdd3aa20dde9,2021-05,Humberside Police,Humberside Police,-0.373802,53.754952,On or near Chanterlands Avenue,E01012756,Kingston upon Hull 025A,Other theft,Investigation complete; no suspect identified,
1eb7bc26099cb5f847aebce00fe2c9ff69aef0d355d75b8b41c3d7c9f7d0fe9f,2021-05,Humberside Police,Humberside Police,-0.373529,53.753375,On or near Perth Street,E01012756,Kingston upon Hull 025A,Other theft,Investigation complete; no suspect identified,
a6d9383bbe95bb26eeb8e8b3ec3d9b2f5c4173755764bfcc6488926e7e69785e,2021-05,Humberside Police,Humberside Police,-0.374704,53.758299,On or near Petrol Station,E01012756,Kingston upon Hull 025A,Other theft,Court result unavailable,
ec7926a882924d5ce6bd471efd4ff1081f3fd51770a4fbd46cc46c80974cbff8,2021-05,Humberside Police,Humberside Police,-0.370448,53.753819,On or near Roxburgh Street,E01012756,Kingston upon Hull 025A,Public order,Unable to prosecute suspect,
17055967b83015ff2388b2c1d3aa64791aa9ea17f4d71789b331db01bcf789ce,2021-05,Humberside Police,Humberside Police,-0.374704,53.758299,On or near Petrol Station,E01012756,Kingston upon Hull 025A,Public order,Court result unavailable,
584814b19b36833683030101b376efdc73fbc5d337b4c46e1b249ce666453e93,2021-05,Humberside Police,Humberside Police,-0.374704,53.758299,On or near Petrol Station,E01012756,Kingston upon Hull 025A,Shoplifting,Investigation complete; no suspect identified,
f967be8d390020b7fbab74f4a6e42868a340da986de9bd8ecb7fcafa890b1e62,2021-05,Humberside Police,Humberside Police,-0.374704,53.758299,On or near Petrol Station,E01012756,Kingston upon Hull 025A,Shoplifting,Unable to prosecute suspect,
81d53b77481a89cf516f9d4a4052cd064ccab1256d97178b7da05a647b567482,2021-05,Humberside Police,Humberside Police,-0.374704,53.758299,On or near Petrol Station,E01012756,Kingston upon Hull 025A,Shoplifting,Investigation complete; no suspect identified,
1f1482b1bcebd5d31b119fa3e432ff4374af34f7e51af8b8d5114ea3cb7b23ee,2021-05,Humberside Police,Humberside Police,-0.374704,53.758299,On or near Petrol Station,E01012756,Kingston upon Hull 025A,Shoplifting,Unable to prosecute suspect,
cfcbef2127c71a2e76aedacc2a936feab81a4e35c2cca9a5249f9a27f5a92c86,2021-05,Humberside Police,Humberside Police,-0.373802,53.754952,On or near Chanterlands Avenue,E01012756,Kingston upon Hull 025A,Shoplifting,Investigation complete; no suspect identified,
21edf6a50a3133343581927c8ce14109434a293a99397b4e61e4b8c416fa57bf,2021-05,Humberside Police,Humberside Police,-0.373529,53.753375,On or near Perth Street,E01012756,Kingston upon Hull 025A,Vehicle crime,Investigation complete; no suspect identified,
5816a034d7b1a1930633abcbe2792fbb59f690e279faa00e8c685a70d4714a15,2021-05,Humberside Police,Humberside Police,-0.372678,53.755764,On or near Muirfield Park,E01012756,Kingston upon Hull 025A,Vehicle crime,Investigation complete; no suspect identified,
1acd4fb6c03cae504a0358e93ed0d5e0b261386f8bc270b9dacdcbf07480dcc8,2021-05,Humberside Police,Humberside Police,-0.375311,53.755161,On or near Lynton Avenue,E01012756,Kingston upon Hull 025A,Vehicle crime,Unable to prosecute suspect,
0d8b311548b99e41203f3e6fe4e3eaa481156cd38a479849dd27e55942fa6edc,2021-05,Humberside Police,Humberside Police,-0.373329,53.758955,On or near Victoria Gardens,E01012756,Kingston upon Hull 025A,Violence and sexual offences,Status update unavailable,
02d6ec11f1435d0c4363d87121ee7fc0cf88eb2890b2277e4da06c3dbd0e0a42,2021-05,Humberside Police,Humberside Police,-0.373529,53.753375,On or near Perth Street,E01012756,Kingston upon Hull 025A,Violence and sexual offences,Unable to prosecute suspect,
239e005dcb0de3768baf67ee4f9b41f77f512847b6b602e3159f9acbbbb4a250,2021-05,Humberside Police,Humberside Police,-0.373329,53.758955,On or near Victoria Gardens,E01012756,Kingston upon Hull 025A,Violence and sexual offences,Unable to prosecute suspect,
2508bd4ed8cbc909300f6c4066ed996e724f6b05d907424c1b1730b8ff5fd11b,2021-05,Humberside Police,Humberside Police,-0.370448,53.753819,On or near Roxburgh Street,E01012756,Kingston upon Hull 025A,Violence and sexual offences,Unable to prosecute suspect,
da4c566793ff1b7c96dc1c543f3940a3febf6c6208d04c921b3f44831a21a2b1,2021-05,Humberside Police,Humberside Police,-0.370448,53.753819,On or near Roxburgh Street,E01012756,Kingston upon Hull 025A,Violence and sexual offences,Unable to prosecute suspect,
cba6a552820f453a0f44083d13602c6bb7a20c73f159ab579296d0dd802e925c,2021-05,Humberside Police,Humberside Police,-0.374384,53.755994,On or near Supermarket,E01012756,Kingston upon Hull 025A,Violence and sexual offences,Unable to prosecute suspect,
2688a8707f9b49f00270e951b7c4c9c21b00bb380368ffe1eb33d998875c6096,2021-05,Humberside Police,Humberside Police,-0.370448,53.753819,On or near Roxburgh Street,E01012756,Kingston upon Hull 025A,Violence and sexual offences,Unable to prosecute suspect,
af298e9f6efbdada2cf87457d4da3dfc6d7ff6dda4bab1e4e24563a7ce807038,2021-05,Humberside Police,Humberside Police,-0.373168,53.758000,On or near Madison Gardens,E01012756,Kingston upon Hull 025A,Violence and sexual offences,Local resolution,
4c39412511ffccdeb79a64d2693de555d961b3f02492611215b02310eede6df5,2021-05,Humberside Police,Humberside Police,-0.373329,53.758955,On or near Victoria Gardens,E01012756,Kingston upon Hull 025A,Violence and sexual offences,Unable to prosecute suspect,
433632c953a0304478cd10309f7ae7a4d597a6bc6db1f7aeb3346f9237a7247d,2021-05,Humberside Police,Humberside Police,-0.370448,53.753819,On or near Roxburgh Street,E01012756,Kingston upon Hull 025A,Other crime,Unable to prosecute suspect,
0e715b49bf12dec44142ae4ff9ea0e4174439a705114466e126d1cf30d62e8f2,2021-05,Humberside Police,Humberside Police,-0.373529,53.753375,On or near Perth Street,E01012756,Kingston upon Hull 025A,Other crime,Unable to prosecute suspect,
,2021-05,Humberside Police,Humberside Police,-0.363869,53.754502,On or near Blenheim Street,E01012757,Kingston upon Hull 025B,Anti-social behaviour,,
,2021-05,Humberside Police,Humberside Police,-0.360112,53.754388,On or near Supermarket,E01012757,Kingston upon Hull 025B,Anti-social behaviour,,
,2021-05,Humberside Police,Humberside Police,-0.360888,53.751585,On or near Spring Bank,E01012757,Kingston upon Hull 025B,Anti-social behaviour,,
,2021-05,Humberside Police,Humberside Police,-0.360112,53.754388,On or near Supermarket,E01012757,Kingston upon Hull 025B,Anti-social behaviour,,
,2021-05,Humberside Police,Humberside Police,-0.360888,53.751585,On or near Spring Bank,E01012757,Kingston upon Hull 025B,Anti-social behaviour,,
,2021-05,Humberside Police,Humberside Police,-0.360112,53.754388,On or near Supermarket,E01012757,Kingston upon Hull 025B,Anti-social behaviour,,
d9a4e348f10a2197aef63846f1a5f49f9303b4ca28f79aa8253eb7a3677edca5,2021-05,Humberside Police,Humberside Police,-0.360888,53.751585,On or near Spring Bank,E01012757,Kingston upon Hull 025B,Criminal damage and arson,Action to be taken by another organisation,
4c87abcde52ac0dee7249897182d5b09c5431ad0ebf9e0a9175c6c2949a1365a,2021-05,Humberside Police,Humberside Police,-0.360112,53.754388,On or near Supermarket,E01012757,Kingston upon Hull 025B,Drugs,Court result unavailable,
f86d0e1a1b69c441efe195ab540516c5e8637dd52e6827342981c9f3bb57beff,2021-05,Humberside Police,Humberside Police,-0.360112,53.754388,On or near Supermarket,E01012757,Kingston upon Hull 025B,Drugs,Formal action is not in the public interest,
92fa0a64b9a29e8ad417b20ff35e9c186f3c184b59896a269b774b14d21003d3,2021-05,Humberside Police,Humberside Police,-0.367488,53.750740,On or near Brandesburton Street,E01012757,Kingston upon Hull 025B,Other theft,Investigation complete; no suspect identified,
b9bbe3350dbc030fae3983bc95498e0e41dab8f083298b3cd89c40e7231fe141,2021-05,Humberside Police,Humberside Police,-0.360093,53.752932,On or near Petrol Station,E01012757,Kingston upon Hull 025B,Public order,Unable to prosecute suspect,
dbfb2465c610095909eb7dee041828eef40e264a3d130d1d37ac47ac708741a9,2021-05,Humberside Police,Humberside Police,-0.360112,53.754388,On or near Supermarket,E01012757,Kingston upon Hull 025B,Public order,Investigation complete; no suspect identified,
d8525efd30b214fced5ec059c1c181787fc000e97731657a97366c8a723dd816,2021-05,Humberside Police,Humberside Police,-0.363515,53.750335,On or near Hymers Avenue,E01012757,Kingston upon Hull 025B,Public order,Local resolution,
2e88b43d1f2ddcc64410eee57a813de7b2e7a84455ec05b56a34db5a999c77d3,2021-05,Humberside Police,Humberside Police,-0.360093,53.752932,On or near Petrol Station,E01012757,Kingston upon Hull 025B,Public order,Action to be taken by another organisation,
36b2a1d4230479e5719dd4abfd1977ba589b2dad09a81c29cebff21b3628194e,2021-05,Humberside Police,Humberside Police,-0.360112,53.754388,On or near Supermarket,E01012757,Kingston upon Hull 025B,Public order,Investigation complete; no suspect identified,
3120c6d624b72e2f4c396c01723912ddc08e2e32c303b4cd703e8abf74e5de4c,2021-05,Humberside Police,Humberside Police,-0.360112,53.754388,On or near Supermarket,E01012757,Kingston upon Hull 025B,Public order,Investigation complete; no suspect identified,
301e6a8474386854f1edf788fbc0cc60e0a1b4f31dd7b831cfa28f99f8b21213,2021-05,Humberside Police,Humberside Police,-0.360112,53.754388,On or near Supermarket,E01012757,Kingston upon Hull 025B,Public order,Unable to prosecute suspect,
4fdd97bbe0eb98dbf14b0facd38bdb0b961af34521c5e978f55bd1f156a97b5d,2021-05,Humberside Police,Humberside Police,-0.360112,53.754388,On or near Supermarket,E01012757,Kingston upon Hull 025B,Public order,Unable to prosecute suspect,
dc55110ee3cf4c822ebad15ba90e7aa61e2816803d1d4d10a1c18eeb343ef2d0,2021-05,Humberside Police,Humberside Police,-0.360112,53.754388,On or near Supermarket,E01012757,Kingston upon Hull 025B,Shoplifting,Further investigation is not in the public interest,
ad78158ea51044d77eff5455fd0605bee9992b3e0fbf399ae9919e418d16e8d1,2021-05,Humberside Police,Humberside Police,-0.360112,53.754388,On or near Supermarket,E01012757,Kingston upon Hull 025B,Shoplifting,Unable to prosecute suspect,
199bcbdf9fdc2917a37a114b8fd9aee51f0bd426bd4c2c462979799efbb09d7b,2021-05,Humberside Police,Humberside Police,-0.360112,53.754388,On or near Supermarket,E01012757,Kingston upon Hull 025B,Shoplifting,Unable to prosecute suspect,
ef641b1a6c3d41f7de590df3c2fd735e9bbe1611e26be36626e56b3d67ec5b85,2021-05,Humberside Police,Humberside Police,-0.360112,53.754388,On or near Supermarket,E01012757,Kingston upon Hull 025B,Shoplifting,Investigation complete; no suspect identified,
d83fe872bb1dc382626d1e5ef46d431fbfc1565a6bbba6388a60bdd3862d5cb3,2021-05,Humberside Police,Humberside Police,-0.360112,53.754388,On or near Supermarket,E01012757,Kingston upon Hull 025B,Shoplifting,Investigation complete; no suspect identified,
35b678643e3a78d533d9da76a76bc9d7ef25a3d263107ba42c1866e40b5f7e60,2021-05,Humberside Police,Humberside Police,-0.360112,53.754388,On or near Supermarket,E01012757,Kingston upon Hull 025B,Shoplifting,Investigation complete; no suspect identified,
b2a1774e5bec90575d9ef28a02a25cac341d114abbd7d796e294def05a20af20,2021-05,Humberside Police,Humberside Police,-0.360112,53.754388,On or near Supermarket,E01012757,Kingston upon Hull 025B,Shoplifting,Investigation complete; no suspect identified,
92705c7da7278c3e596e162ea14491b909fba957e31de1b60764d6baa36bd343,2021-05,Humberside Police,Humberside Police,-0.360888,53.751585,On or near Spring Bank,E01012757,Kingston upon Hull 025B,Theft from the person,Investigation complete; no suspect identified,
cc3255836444638bde7f25c7386411621a60b41b6b6e74b9c3e5159162298bb3,2021-05,Humberside Police,Humberside Police,-0.360093,53.752932,On or near Petrol Station,E01012757,Kingston upon Hull 025B,Violence and sexual offences,Offender given a caution,
8c383ee9ce06efb76a721a0a886f726b3e8534ae0b3b55d162e19efdbce3d6eb,2021-05,Humberside Police,Humberside Police,-0.360888,53.751585,On or near Spring Bank,E01012757,Kingston upon Hull 025B,Violence and sexual offences,Action to be taken by another organisation,
16a23b71678d2a9d392f48ffe94825308d46aae84904943606e0f3a794e930e2,2021-05,Humberside Police,Humberside Police,-0.360112,53.754388,On or near Supermarket,E01012757,Kingston upon Hull 025B,Violence and sexual offences,Unable to prosecute suspect,
2a6181568b0e8545bb04fdd5acc4609d6fb85b1ea0e8453ffed3582b6263caa7,2021-05,Humberside Police,Humberside Police,-0.360112,53.754388,On or near Supermarket,E01012757,Kingston upon Hull 025B,Violence and sexual offences,Unable to prosecute suspect,
83d442606770241aa73fe99a584ca31b32dd4ede04707390fac41823be4b220f,2021-05,Humberside Police,Humberside Police,-0.363869,53.754502,On or near Blenheim Street,E01012757,Kingston upon Hull 025B,Violence and sexual offences,Unable to prosecute suspect,
b392cce02132a297e2fe8c3f6a974db80c836d13244b08e713807ed3058a95f7,2021-05,Humberside Police,Humberside Police,-0.360112,53.754388,On or near Supermarket,E01012757,Kingston upon Hull 025B,Violence and sexual offences,Unable to prosecute suspect,
cc16ba56ce48846fec291551dc46d0aa705d3654e6ec1b27480762449c783824,2021-05,Humberside Police,Humberside Police,-0.360112,53.754388,On or near Supermarket,E01012757,Kingston upon Hull 025B,Violence and sexual offences,Investigation complete; no suspect identified,
0b2a5b229a581187684d7ef29070c350b96aecb544ac77b0345f3b7152892cc5,2021-05,Humberside Police,Humberside Police,-0.363869,53.754502,On or near Blenheim Street,E01012757,Kingston upon Hull 025B,Violence and sexual offences,Investigation complete; no suspect identified,
45d67206b07cfc2d5272a815167cf6ca00c6def30f9d45e0c8f70931eb67c72f,2021-05,Humberside Police,Humberside Police,-0.360112,53.754388,On or near Supermarket,E01012757,Kingston upon Hull 025B,Violence and sexual offences,Unable to prosecute suspect,
495c82dd0cc224c206b4ca60f84e97520009206f7946889de4c557b4ecb2e8df,2021-05,Humberside Police,Humberside Police,-0.360888,53.751585,On or near Spring Bank,E01012757,Kingston upon Hull 025B,Violence and sexual offences,Investigation complete; no suspect identified,
9acbb4a6f4adcba3fe04bf3fcdbf04d5230df7b38a7c543787fd58066029bdf3,2021-05,Humberside Police,Humberside Police,-0.363515,53.750335,On or near Hymers Avenue,E01012757,Kingston upon Hull 025B,Violence and sexual offences,Unable to prosecute suspect,
794071eced04089b1625f912303ca9cf59bf48ec3c86e117e83a3dc8f316c606,2021-05,Humberside Police,Humberside Police,-0.363869,53.754502,On or near Blenheim Street,E01012757,Kingston upon Hull 025B,Violence and sexual offences,Unable to prosecute suspect,
9deb87316b8f54b9a7ef26eda8bd5d36a90596bc9f9c6a1a01f03bc7ce3f7f6e,2021-05,Humberside Police,Humberside Police,-0.363869,53.754502,On or near Blenheim Street,E01012757,Kingston upon Hull 025B,Violence and sexual offences,Investigation complete; no suspect identified,
609bd84ffe770ad0a2cf92881bc3db7196e0526ab5b2139fdcec932f01f23a7f,2021-05,Humberside Police,Humberside Police,-0.360888,53.751585,On or near Spring Bank,E01012757,Kingston upon Hull 025B,Violence and sexual offences,Unable to prosecute suspect,
492b97cdd81d3798fdb3e81bccdf62c9ba90c82f9a7630d1f702813e29189f07,2021-05,Humberside Police,Humberside Police,-0.360112,53.754388,On or near Supermarket,E01012757,Kingston upon Hull 025B,Violence and sexual offences,Unable to prosecute suspect,
7fe198c0f9491c6bdef24c6039102cdd340254e4b833267382b848372e9dd611,2021-05,Humberside Police,Humberside Police,-0.360112,53.754388,On or near Supermarket,E01012757,Kingston upon Hull 025B,Other crime,Unable to prosecute suspect,
,2021-05,Humberside Police,Humberside Police,-0.372993,53.750384,On or near Spring Grove,E01012759,Kingston upon Hull 025C,Anti-social behaviour,,
,2021-05,Humberside Police,Humberside Police,-0.370704,53.752699,On or near Wharncliffe Street,E01012759,Kingston upon Hull 025C,Anti-social behaviour,,
,2021-05,Humberside Police,Humberside Police,-0.375364,53.752609,On or near Dundee Street,E01012759,Kingston upon Hull 025C,Anti-social behaviour,,
,2021-05,Humberside Police,Humberside Police,-0.368220,53.751047,On or near Spring Bank West,E01012759,Kingston upon Hull 025C,Anti-social behaviour,,
,2021-05,Humberside Police,Humberside Police,-0.375661,53.753953,On or near Mons Street,E01012759,Kingston upon Hull 025C,Anti-social behaviour,,
8bba4ef87a8505791562e2d8569335abf855044745db1f6977e2a903b7a8d0fc,2021-05,Humberside Police,Humberside Police,-0.372993,53.750384,On or near Spring Grove,E01012759,Kingston upon Hull 025C,Burglary,Offender given a caution,
d12c9cbaf3708d296ad33ca7e51f1ae976d03484fdf0c3f9e8f265f7271ad8c6,2021-05,Humberside Police,Humberside Police,-0.371587,53.749852,On or near Sports/Recreation Area,E01012759,Kingston upon Hull 025C,Criminal damage and arson,Court result unavailable,
295ad691e1d392219de9a919004d3ed246023e9807a98250138d85c478451fbf,2021-05,Humberside Police,Humberside Police,-0.372993,53.750384,On or near Spring Grove,E01012759,Kingston upon Hull 025C,Public order,Local resolution,
afbbc098f38fcb47b1a2ee591c142738eff39ae027885c42ffa0185a1c789bc2,2021-05,Humberside Police,Humberside Police,-0.368220,53.751047,On or near Spring Bank West,E01012759,Kingston upon Hull 025C,Vehicle crime,Investigation complete; no suspect identified,
b52854a90579879d1fc8892358fc6bdf742d1d7eae757c0e65234e456f66c8c4,2021-05,Humberside Police,Humberside Police,-0.372993,53.750384,On or near Spring Grove,E01012759,Kingston upon Hull 025C,Violence and sexual offences,Unable to prosecute suspect,
d8fad4aeccccb064749bc9f4a92dee844ed69cda08d0bf8b317d3dae8739a707,2021-05,Humberside Police,Humberside Police,-0.368220,53.751047,On or near Spring Bank West,E01012759,Kingston upon Hull 025C,Violence and sexual offences,Unable to prosecute suspect,
df3d7c229038dd9959d6c7ccbfb77454b5b7a9b53736d18245da9abe56f3ab8e,2021-05,Humberside Police,Humberside Police,-0.374725,53.754605,On or near Marne Street,E01012759,Kingston upon Hull 025C,Violence and sexual offences,Unable to prosecute suspect,
a711f5b0d58efe9ef8f066e0244a714c3658ec39adebff915cb12add53f455bc,2021-05,Humberside Police,Humberside Police,-0.368220,53.751047,On or near Spring Bank West,E01012759,Kingston upon Hull 025C,Violence and sexual offences,Court result unavailable,
e4a67fd9f34058fbb112b0f8a56a35fe1eb1e05e838b28efc1bb7320e912c98e,2021-05,Humberside Police,Humberside Police,-0.372993,53.750384,On or near Spring Grove,E01012759,Kingston upon Hull 025C,Violence and sexual offences,Unable to prosecute suspect,
aad2105c87eccfcc476180e235d9968a4cae108d956aba74bfdbeb96a78bee31,2021-05,Humberside Police,Humberside Police,-0.375411,53.753356,On or near Perth Street West,E01012759,Kingston upon Hull 025C,Violence and sexual offences,Unable to prosecute suspect,
a68a353249558a63f523a12cd8d197079395c8ab6c9beaf5ac8c52a36f2dd522,2021-05,Humberside Police,Humberside Police,-0.375411,53.753356,On or near Perth Street West,E01012759,Kingston upon Hull 025C,Violence and sexual offences,Unable to prosecute suspect,
649feb2734fc7a0989869ce03039111027fec1df04174934316280c66ea295d4,2021-05,Humberside Police,Humberside Police,-0.375411,53.753356,On or near Perth Street West,E01012759,Kingston upon Hull 025C,Violence and sexual offences,Unable to prosecute suspect,
d5972c42974c7279164b815bbf033118a598f5f541abd068c15a7b264dfe7e13,2021-05,Humberside Police,Humberside Police,-0.368279,53.753816,On or near Hardwick Street,E01012760,Kingston upon Hull 025D,Criminal damage and arson,Investigation complete; no suspect identified,
6c942163ed62eba48c179e97f87340c88aabd5f991325278e5d0e7eb90cf034a,2021-05,Humberside Police,Humberside Police,-0.368279,53.753816,On or near Hardwick Street,E01012760,Kingston upon Hull 025D,Shoplifting,Investigation complete; no suspect identified,
22f9df78f07ed7f0e65e9ef6542397891189f43fe5d5f2aaf1250abaf8d9cef8,2021-05,Humberside Police,Humberside Police,-0.368279,53.753816,On or near Hardwick Street,E01012760,Kingston upon Hull 025D,Violence and sexual offences,Unable to prosecute suspect,
4a98a3bd82b76ecc24c5a3575c0f1a8d9fcb50538f1672ea84accbb616fb2574,2021-05,Humberside Police,Humberside Police,-0.364437,53.753539,On or near Chatsworth Street,E01012760,Kingston upon Hull 025D,Violence and sexual offences,Court result unavailable,
41f444b34f8eab76197976305728ab273d6de8d0bd41e6313f7f443bc753fcd9,2021-05,Humberside Police,Humberside Police,-0.364437,53.753539,On or near Chatsworth Street,E01012760,Kingston upon Hull 025D,Violence and sexual offences,Unable to prosecute suspect,
,2021-05,Humberside Police,Humberside Police,-0.377006,53.749755,On or near Maythorpe Close,E01012862,Kingston upon Hull 025E,Anti-social behaviour,,
,2021-05,Humberside Police,Humberside Police,-0.377006,53.749755,On or near Maythorpe Close,E01012862,Kingston upon Hull 025E,Anti-social behaviour,,
,2021-05,Humberside Police,Humberside Police,-0.379849,53.749946,On or near Astley Street,E01012862,Kingston upon Hull 025E,Anti-social behaviour,,
a8bfec6e6fdb3273f9fcbb02c4f42561ee7547cc8302b7393819ddf876a84191,2021-05,Humberside Police,Humberside Police,-0.376011,53.746047,On or near Beckhole Close,E01012862,Kingston upon Hull 025E,Bicycle theft,Investigation complete; no suspect identified,
244441d2f251e54fe5e7cb3e4da5a160a5eb149935d6f0fbc30394ab88786f20,2021-05,Humberside Police,Humberside Police,-0.374854,53.744188,On or near Lonsdale Street,E01012862,Kingston upon Hull 025E,Burglary,Investigation complete; no suspect identified,
fb01b8cf84ef5b14f33b66bf1bf6c5de2b5f0d41c611520ad83a022222ee572e,2021-05,Humberside Police,Humberside Police,-0.374854,53.744188,On or near Lonsdale Street,E01012862,Kingston upon Hull 025E,Burglary,Investigation complete; no suspect identified,
6ea5795defdfd51cf831944bad2c3fe3d8c18e053f3b41bc4a8b46c6e2e3091d,2021-05,Humberside Police,Humberside Police,-0.374854,53.744188,On or near Lonsdale Street,E01012862,Kingston upon Hull 025E,Burglary,Investigation complete; no suspect identified,
cad5bb3587a1092fb47ce76f3bbdc42191675f6e9c065134e90f6852ef1c711b,2021-05,Humberside Police,Humberside Police,-0.376011,53.746047,On or near Beckhole Close,E01012862,Kingston upon Hull 025E,Criminal damage and arson,Investigation complete; no suspect identified,
522e054fe7d9f3273cf2f88c4fc51ac55c8e90c383e17a39e25ba45029700cdf,2021-05,Humberside Police,Humberside Police,-0.374854,53.744188,On or near Lonsdale Street,E01012862,Kingston upon Hull 025E,Criminal damage and arson,Unable to prosecute suspect,
355170e30d8c3ba745ab6e012de76ed19978e14af27300b820376a0fa6cc9de1,2021-05,Humberside Police,Humberside Police,-0.377572,53.750014,On or near Kingsport Close,E01012862,Kingston upon Hull 025E,Drugs,Offender given a caution,
11fdccae35d903a07f188c78ed0c5b6f3e950c83a5d4a8c66f8a522deffc4766,2021-05,Humberside Police,Humberside Police,-0.374114,53.744897,On or near Goathland Close,E01012862,Kingston upon Hull 025E,Other theft,Investigation complete; no suspect identified,
b4a5160cc87ccbe7ddc67ebe8b10185b28ee4f3c27e12df4743f7882c0cea980,2021-05,Humberside Police,Humberside Police,-0.376239,53.748801,On or near Scarrow Close,E01012862,Kingston upon Hull 025E,Public order,Unable to prosecute suspect,
455acb65bb9ab0db18281ecdd1514d5966fe52ed80d1b9bef76d09ec86c97d6b,2021-05,Humberside Police,Humberside Police,-0.375601,53.747623,On or near Littlebeck Close,E01012862,Kingston upon Hull 025E,Public order,Investigation complete; no suspect identified,
cd67d1028b1dbbc3005494c57c0df8cd95696d88e7ea84382a47a7c2308f257c,2021-05,Humberside Police,Humberside Police,-0.375601,53.747623,On or near Littlebeck Close,E01012862,Kingston upon Hull 025E,Public order,Unable to prosecute suspect,
0a6a1e252353b77f518c0b4a8f7fdee61c07125d26d1b486eab8426559f1c47d,2021-05,Humberside Police,Humberside Police,-0.374854,53.744188,On or near Lonsdale Street,E01012862,Kingston upon Hull 025E,Shoplifting,Unable to prosecute suspect,
4aa6b3ebbae475df4639cf91060911381e529fbbf090d38e262187cde5f30666,2021-05,Humberside Police,Humberside Police,-0.374854,53.744188,On or near Lonsdale Street,E01012862,Kingston upon Hull 025E,Shoplifting,Investigation complete; no suspect identified,
32a3e7c119c5aa114f38c621ffecab748662e3b3c16ce5ba7879e9051addd62b,2021-05,Humberside Police,Humberside Police,-0.374694,53.746389,On or near Longden Street,E01012862,Kingston upon Hull 025E,Vehicle crime,Investigation complete; no suspect identified,
58f9d2bb633183ddaa4d5346ebf7178501229166a242f17e933c5d33b88ad8c0,2021-05,Humberside Police,Humberside Police,-0.374114,53.744897,On or near Goathland Close,E01012862,Kingston upon Hull 025E,Violence and sexual offences,Unable to prosecute suspect,
1b284709a9a89858127ccfddeaca84a6e0cf1b9022834ab641198d18723a10ec,2021-05,Humberside Police,Humberside Police,-0.374854,53.744188,On or near Lonsdale Street,E01012862,Kingston upon Hull 025E,Violence and sexual offences,Investigation complete; no suspect identified,
cabb0eee5e9c7e4b224ff3e165e0ac37444f21f50510de7b3f3a5c078df05c6f,2021-05,Humberside Police,Humberside Police,-0.379559,53.749214,On or near Cobden Street,E01012862,Kingston upon Hull 025E,Violence and sexual offences,Unable to prosecute suspect,
558d1782d2dcc7879f855c3647d8985e875d988d916e464f495f44a4c1be5c6f,2021-05,Humberside Police,Humberside Police,-0.374694,53.746389,On or near Longden Street,E01012862,Kingston upon Hull 025E,Violence and sexual offences,Unable to prosecute suspect,
2113b116f5a635da8cab6fb905aee69b453d2cdc83f7eb000363631150e8a11a,2021-05,Humberside Police,Humberside Police,-0.376708,53.749220,On or near Leame Close,E01012862,Kingston upon Hull 025E,Violence and sexual offences,Unable to prosecute suspect,
a0ec6d9f365f8e2cbfdb1972bf3cad1614ad2f4b309c486a3bb5080670742d95,2021-05,Humberside Police,Humberside Police,-0.376708,53.749220,On or near Leame Close,E01012862,Kingston upon Hull 025E,Violence and sexual offences,Unable to prosecute suspect,
c0c8bf0d05fa728a1051abcc9650a5ba6dafefebf3195657d8558f53a43aff8b,2021-05,Humberside Police,Humberside Police,-0.374114,53.744897,On or near Goathland Close,E01012862,Kingston upon Hull 025E,Other crime,Unable to prosecute suspect,
,2021-05,Humberside Police,Humberside Police,-0.306895,53.756848,On or near Dene Street,E01012805,Kingston upon Hull 026A,Anti-social behaviour,,
434da41e18a20e57ccb0ab3c47cf9fc2d42ad98331eec65fed1a1cfcd2ec6456,2021-05,Humberside Police,Humberside Police,-0.310305,53.753139,On or near Victor Street,E01012805,Kingston upon Hull 026A,Burglary,Investigation complete; no suspect identified,
67d427b956e64cf94ab2dc24fe043e5894c221a9b6aa55c60f259462078e4775,2021-05,Humberside Police,Humberside Police,-0.313861,53.752578,On or near Parking Area,E01012805,Kingston upon Hull 026A,Criminal damage and arson,Investigation complete; no suspect identified,
73784cea127ffea1f6ffe41a88162a63681ed4ae6d5c467d72b938a52b6c85ae,2021-05,Humberside Police,Humberside Police,-0.306895,53.756848,On or near Dene Street,E01012805,Kingston upon Hull 026A,Criminal damage and arson,Offender given a caution,
89b23816e5963fef3eaa052a79f7939223a5a72086f77136249c88e021fa120d,2021-05,Humberside Police,Humberside Police,-0.306895,53.756848,On or near Dene Street,E01012805,Kingston upon Hull 026A,Criminal damage and arson,Court result unavailable,
99c04f98a594913be6fb4f81e8ba5fa3ca27693980f6817e93b7ba8329d46015,2021-05,Humberside Police,Humberside Police,-0.309041,53.750991,On or near Arundel Street,E01012805,Kingston upon Hull 026A,Criminal damage and arson,Investigation complete; no suspect identified,
fc6c28b555e5cec4ea23e48b9799ec6b8adbd58e3b99bcb09b7cccb89efb042a,2021-05,Humberside Police,Humberside Police,-0.309822,53.753842,On or near Holland Street,E01012805,Kingston upon Hull 026A,Criminal damage and arson,Investigation complete; no suspect identified,
337821d798b056edb03ccd24578b100258a5b44f0a443b2331b69af7c106f00a,2021-05,Humberside Police,Humberside Police,-0.307424,53.753862,On or near New Bridge Road,E01012805,Kingston upon Hull 026A,Criminal damage and arson,Investigation complete; no suspect identified,
eba601e2553b2f8c6b2f4f156ceba5413ff354f6993dfadb2301c034b3810ba5,2021-05,Humberside Police,Humberside Police,-0.308613,53.756001,On or near Jesmond Gardens,E01012805,Kingston upon Hull 026A,Criminal damage and arson,Local resolution,
48b405461006259fc8bd35253bd6f0abdc07ca29dc30cbf451c93093fc21c4a6,2021-05,Humberside Police,Humberside Police,-0.313861,53.752578,On or near Parking Area,E01012805,Kingston upon Hull 026A,Possession of weapons,Court result unavailable,
3c43228e8e2241e95abfb301cac104e33f73013e8c9c6d17dd6c3d9fcc724182,2021-05,Humberside Police,Humberside Police,-0.306895,53.756848,On or near Dene Street,E01012805,Kingston upon Hull 026A,Public order,Investigation complete; no suspect identified,
0de48e0519e00dace16d3f44b5987119e1bf3f7b22b10834175012165419000d,2021-05,Humberside Police,Humberside Police,-0.308613,53.756001,On or near Jesmond Gardens,E01012805,Kingston upon Hull 026A,Public order,Unable to prosecute suspect,
86299db137fddcbd28f25b9e4bd269ac0251f21a400a4cebb3b49270a8ad0b95,2021-05,Humberside Police,Humberside Police,-0.313861,53.752578,On or near Parking Area,E01012805,Kingston upon Hull 026A,Public order,Court result unavailable,
48374a399afc349b5389d53d5f7f20334f958b00c8001d5dbdf1baf2103004f1,2021-05,Humberside Police,Humberside Police,-0.308817,53.755069,On or near Morrill Street,E01012805,Kingston upon Hull 026A,Public order,Unable to prosecute suspect,
ef54b354def204495b26b76522f4c530663a5045b4a53fb8a520353a4a60b3ff,2021-05,Humberside Police,Humberside Police,-0.310305,53.753139,On or near Victor Street,E01012805,Kingston upon Hull 026A,Public order,Local resolution,
e6de07b9969445e3df66e5a5c177b5c16591b3779a6b4ad81c0641951f8ca634,2021-05,Humberside Police,Humberside Police,-0.313861,53.752578,On or near Parking Area,E01012805,Kingston upon Hull 026A,Shoplifting,Court result unavailable,
67f26bfaab5352aab504b473d56426a35245b43667764f2c212549f2da4f355a,2021-05,Humberside Police,Humberside Police,-0.313861,53.752578,On or near Parking Area,E01012805,Kingston upon Hull 026A,Shoplifting,Investigation complete; no suspect identified,
3e7728bff4322f3d58933b3dcb778635ceff916655cc8d48a3143d8d8798ca3f,2021-05,Humberside Police,Humberside Police,-0.313861,53.752578,On or near Parking Area,E01012805,Kingston upon Hull 026A,Shoplifting,Court result unavailable,
4263e7655013fbd0bde2c71ff0c52be936f69ace81af547b9f66ea9c7374c9ff,2021-05,Humberside Police,Humberside Police,-0.313861,53.752578,On or near Parking Area,E01012805,Kingston upon Hull 026A,Shoplifting,Unable to prosecute suspect,
9528165c2e3e44ad508b5140b63ab2014076838e16304238f1df54b4e67ec45b,2021-05,Humberside Police,Humberside Police,-0.313861,53.752578,On or near Parking Area,E01012805,Kingston upon Hull 026A,Shoplifting,Investigation complete; no suspect identified,
5aaad00b5778a589b211ae6dcc950400d4f7e4db30c7ede37c1f1ee9ed9839b7,2021-05,Humberside Police,Humberside Police,-0.313861,53.752578,On or near Parking Area,E01012805,Kingston upon Hull 026A,Shoplifting,Local resolution,
4e1f797299f6113050717a9bb5827d3662de29612e666bb38c3383e14e520586,2021-05,Humberside Police,Humberside Police,-0.313861,53.752578,On or near Parking Area,E01012805,Kingston upon Hull 026A,Shoplifting,Court result unavailable,
ab72f62182ef1bab2204b63de18d41bc76057832f570e2a170a22b278c6265be,2021-05,Humberside Police,Humberside Police,-0.313861,53.752578,On or near Parking Area,E01012805,Kingston upon Hull 026A,Shoplifting,Unable to prosecute suspect,
cee1b1701d8a1376c5ac05d16160b6c0e3441b96d228ac97cd67abd84cb61301,2021-05,Humberside Police,Humberside Police,-0.312946,53.753473,On or near Supermarket,E01012805,Kingston upon Hull 026A,Shoplifting,Investigation complete; no suspect identified,
25f58c614eecd6ff2f098e57df98af2c6f64a419485ad08e1763068a49fa2b93,2021-05,Humberside Police,Humberside Police,-0.313861,53.752578,On or near Parking Area,E01012805,Kingston upon Hull 026A,Shoplifting,Investigation complete; no suspect identified,
98ad4060578a5800cc27ffd5bdb5855bf4a406aa772eb4459b648c20f914b6f5,2021-05,Humberside Police,Humberside Police,-0.312946,53.753473,On or near Supermarket,E01012805,Kingston upon Hull 026A,Shoplifting,Investigation complete; no suspect identified,
13d9fcff4e566f72364c6af1cf59bcf15208153f163d4596b89deb1be1c3e513,2021-05,Humberside Police,Humberside Police,-0.313861,53.752578,On or near Parking Area,E01012805,Kingston upon Hull 026A,Shoplifting,Investigation complete; no suspect identified,
67d6db1c33ab8475dfc7f8076833ee673704f4137b2eaecf5dad9edf2c8d998e,2021-05,Humberside Police,Humberside Police,-0.312310,53.753823,On or near Parking Area,E01012805,Kingston upon Hull 026A,Shoplifting,Unable to prosecute suspect,
f01657cc14f2507a3bcd763e625cfe167a27b0cce16430e73906a98205a6dd00,2021-05,Humberside Police,Humberside Police,-0.313861,53.752578,On or near Parking Area,E01012805,Kingston upon Hull 026A,Shoplifting,Investigation complete; no suspect identified,
a18082b1f1d0b192f0461512c0092df19543146921b97ff33c36da77dae3399d,2021-05,Humberside Police,Humberside Police,-0.312946,53.753473,On or near Supermarket,E01012805,Kingston upon Hull 026A,Shoplifting,Court result unavailable,
de8a5cd0d5881c1b358b0f4938d8824b3157f437123cf1af9befbd64f2c67d87,2021-05,Humberside Police,Humberside Police,-0.313861,53.752578,On or near Parking Area,E01012805,Kingston upon Hull 026A,Shoplifting,Court result unavailable,
66ccefdfc80eb1f023f157e12d52764c0b2cd11b7c105d313f7cab2e82c5987e,2021-05,Humberside Police,Humberside Police,-0.313861,53.752578,On or near Parking Area,E01012805,Kingston upon Hull 026A,Shoplifting,Investigation complete; no suspect identified,
a7941ac54f5d34389f17616630bca6071590cbe31a76442de74c75d9b2f73fec,2021-05,Humberside Police,Humberside Police,-0.309822,53.753842,On or near Holland Street,E01012805,Kingston upon Hull 026A,Theft from the person,Investigation complete; no suspect identified,
ca0dfff62f425d439b120254836f5e1d58863a4e8fbadfbc49744d84c68b3d18,2021-05,Humberside Police,Humberside Police,-0.308613,53.756001,On or near Jesmond Gardens,E01012805,Kingston upon Hull 026A,Vehicle crime,Court result unavailable,
1536fee04f4bde8027dccd8f992d2bd7a8df1e68235543911aa3bc1ae6990d12,2021-05,Humberside Police,Humberside Police,-0.308817,53.755069,On or near Morrill Street,E01012805,Kingston upon Hull 026A,Violence and sexual offences,Action to be taken by another organisation,
d6daf7694b86e355c32cd6c9c7e4317d4d1ae690845255ed103e4012bb052d9a,2021-05,Humberside Police,Humberside Police,-0.309251,53.754463,On or near Sherburn Street,E01012805,Kingston upon Hull 026A,Violence and sexual offences,Unable to prosecute suspect,
a0effead345bfe9a9bd8f3ff235212e54653752c09a455ea6c62b2ad16264b09,2021-05,Humberside Police,Humberside Police,-0.307424,53.753862,On or near New Bridge Road,E01012805,Kingston upon Hull 026A,Violence and sexual offences,Offender given a caution,
2010f5f903f7c313cd2e321cec08f237274d9118e6e44b298c8fa611a5b2e85b,2021-05,Humberside Police,Humberside Police,-0.313861,53.752578,On or near Parking Area,E01012805,Kingston upon Hull 026A,Violence and sexual offences,Court result unavailable,
464114fc6d171834f4ed607ac6d1bb4f519a1bc34606bca42757f48c0c1ff1d6,2021-05,Humberside Police,Humberside Police,-0.313861,53.752578,On or near Parking Area,E01012805,Kingston upon Hull 026A,Violence and sexual offences,Court result unavailable,
44645ffce7a9d81bd220ffbbdc283579ff029704c7d472131b21ffbd8ef57c6a,2021-05,Humberside Police,Humberside Police,-0.308613,53.756001,On or near Jesmond Gardens,E01012805,Kingston upon Hull 026A,Violence and sexual offences,Investigation complete; no suspect identified,
4cc76f0800fe8acc06bddd53402c9b202066b3ff8c8c1398dae8daae06ae05f5,2021-05,Humberside Police,Humberside Police,-0.306895,53.756848,On or near Dene Street,E01012805,Kingston upon Hull 026A,Violence and sexual offences,Unable to prosecute suspect,
2a58620f51ef322dd33d5f1a019698ab4abf647a1bd16ce14b49f81f228f63d2,2021-05,Humberside Police,Humberside Police,-0.309822,53.753842,On or near Holland Street,E01012805,Kingston upon Hull 026A,Violence and sexual offences,Unable to prosecute suspect,
f6fda543a30f676cc3aa797d35c7c58236a9bcfe8b6a1681b5eb232fe87c5d13,2021-05,Humberside Police,Humberside Police,-0.309822,53.753842,On or near Holland Street,E01012805,Kingston upon Hull 026A,Violence and sexual offences,Unable to prosecute suspect,
63bc6055d0deac7ace0fc0dc9d9f1c3a7d60e3e3f640c6335961aa3b44237d73,2021-05,Humberside Police,Humberside Police,-0.310305,53.753139,On or near Victor Street,E01012805,Kingston upon Hull 026A,Violence and sexual offences,Court result unavailable,
26968687d88514ccee3842f31b60d3fae6c90c8240d3776c495f1a4a7d379386,2021-05,Humberside Police,Humberside Police,-0.310305,53.753139,On or near Victor Street,E01012805,Kingston upon Hull 026A,Violence and sexual offences,Unable to prosecute suspect,
5823b4f10ec12362533c094fef080b092f44daf9d7fcf362d86a6173a53c4c81,2021-05,Humberside Police,Humberside Police,-0.306895,53.756848,On or near Dene Street,E01012805,Kingston upon Hull 026A,Violence and sexual offences,Court result unavailable,
da063009dcdf164a263c18c216a1ede1b3e2bcf55d5518f556e00c70bf563452,2021-05,Humberside Police,Humberside Police,-0.312946,53.753473,On or near Supermarket,E01012805,Kingston upon Hull 026A,Violence and sexual offences,Court result unavailable,
5af80b10c91daea8b0fd5f7167cedcc6857cf4bf0d8f7ba1da951ecf774c0678,2021-05,Humberside Police,Humberside Police,-0.313861,53.752578,On or near Parking Area,E01012805,Kingston upon Hull 026A,Violence and sexual offences,Court result unavailable,
3c1b3402e70406e393ba5f83d2734a0fa8b94efd82aae95a1110add5e916d2b5,2021-05,Humberside Police,Humberside Police,-0.310305,53.753139,On or near Victor Street,E01012805,Kingston upon Hull 026A,Violence and sexual offences,Court result unavailable,
af9a07bc07f664a41c7b130290a821035e69bab2c217557e3ec1a293a87a1c67,2021-05,Humberside Police,Humberside Police,-0.309251,53.754463,On or near Sherburn Street,E01012805,Kingston upon Hull 026A,Violence and sexual offences,Investigation complete; no suspect identified,
472b0f5e8460a3399c52885f0b242e99fb074f45a02fac8bb5acf8b15f5c4bbc,2021-05,Humberside Police,Humberside Police,-0.312310,53.753823,On or near Parking Area,E01012805,Kingston upon Hull 026A,Violence and sexual offences,Unable to prosecute suspect,
87f717a7d27b533ef94bdde6d48b298ecffd8a9a94d0c7a9a55da94bb4d56675,2021-05,Humberside Police,Humberside Police,-0.312310,53.753823,On or near Parking Area,E01012805,Kingston upon Hull 026A,Violence and sexual offences,Unable to prosecute suspect,
,2021-05,Humberside Police,Humberside Police,-0.316255,53.754553,On or near Nornabell Street,E01012808,Kingston upon Hull 026B,Anti-social behaviour,,
,2021-05,Humberside Police,Humberside Police,-0.316952,53.756091,On or near Barnsley Street,E01012808,Kingston upon Hull 026B,Anti-social behaviour,,
,2021-05,Humberside Police,Humberside Police,-0.314443,53.753197,On or near Holderness Road,E01012808,Kingston upon Hull 026B,Anti-social behaviour,,
,2021-05,Humberside Police,Humberside Police,-0.311174,53.756432,On or near Manet Road,E01012808,Kingston upon Hull 026B,Anti-social behaviour,,
,2021-05,Humberside Police,Humberside Police,-0.312799,53.753722,On or near Balfour Street,E01012808,Kingston upon Hull 026B,Anti-social behaviour,,
,2021-05,Humberside Police,Humberside Police,-0.314443,53.753197,On or near Holderness Road,E01012808,Kingston upon Hull 026B,Anti-social behaviour,,
,2021-05,Humberside Police,Humberside Police,-0.311113,53.757186,On or near Brandon Court,E01012808,Kingston upon Hull 026B,Anti-social behaviour,,
a0bfc3bb7d4277d2ec80b5e3e2cdf5fd4271645df0ef456519fdc61acefd9dbb,2021-05,Humberside Police,Humberside Police,-0.312799,53.753722,On or near Balfour Street,E01012808,Kingston upon Hull 026B,Burglary,Investigation complete; no suspect identified,
8995769fd01566e6cd8932fb7c343173589ffddd038071f6f82d4984e6e4524d,2021-05,Humberside Police,Humberside Police,-0.312799,53.753722,On or near Balfour Street,E01012808,Kingston upon Hull 026B,Burglary,Investigation complete; no suspect identified,
6043d41f4c26df500735a00f22dd90203da2212b8b7d55f0befd7f3e51972e2c,2021-05,Humberside Police,Humberside Police,-0.313462,53.754972,On or near Ackworth Street,E01012808,Kingston upon Hull 026B,Burglary,Investigation complete; no suspect identified,
606ff92f61fa5813188b747f0e741fd851606f82a5854319176eb4f8e3dbe492,2021-05,Humberside Police,Humberside Police,-0.311772,53.757016,On or near Dunelm Close,E01012808,Kingston upon Hull 026B,Criminal damage and arson,Unable to prosecute suspect,
a84278e2a6e066b30860f2eacfb7c36a57da6ed9b380f63ff31f9e255d4cd01d,2021-05,Humberside Police,Humberside Police,-0.314443,53.753197,On or near Holderness Road,E01012808,Kingston upon Hull 026B,Drugs,Offender given a caution,
33ee6e0c2631087142b0b924ad22627d0fea2c13cb9b3cba80622e229307e66c,2021-05,Humberside Police,Humberside Police,-0.312968,53.757833,On or near Durham Street,E01012808,Kingston upon Hull 026B,Other theft,Unable to prosecute suspect,
e53298f6f221957ffb87d695b3fa270398eff800671bd8bac65c1cbcf13b4bc3,2021-05,Humberside Police,Humberside Police,-0.314849,53.754434,On or near Brodsworth Street,E01012808,Kingston upon Hull 026B,Other theft,Investigation complete; no suspect identified,
db6298ff812b58667826dfef89df9bb0ae3a58dfff8505a2f8c30f109ddd812b,2021-05,Humberside Police,Humberside Police,-0.313462,53.754972,On or near Ackworth Street,E01012808,Kingston upon Hull 026B,Public order,Unable to prosecute suspect,
b84dca9e6a356817f2be7c1eadf6c73ad5a9c34be245bc9eaef9b2bbe237d390,2021-05,Humberside Police,Humberside Police,-0.313462,53.754972,On or near Ackworth Street,E01012808,Kingston upon Hull 026B,Public order,Unable to prosecute suspect,
1c55c13e4d55f9bb28fca5a3ad47d9fec3ab397e7a1495a7c7f4229df5634dc1,2021-05,Humberside Police,Humberside Police,-0.312799,53.753722,On or near Balfour Street,E01012808,Kingston upon Hull 026B,Public order,Local resolution,
79a48ccff20b4a3ee6a6938f9326307d8a2707c0b17ef006424d4add2e3c5284,2021-05,Humberside Police,Humberside Police,-0.315829,53.756480,On or near Dearne Grove,E01012808,Kingston upon Hull 026B,Robbery,Unable to prosecute suspect,
b95f2be722a7160fdb98cb342f64a05ea944606d78e8328f4d3109fd71ff0aef,2021-05,Humberside Police,Humberside Police,-0.314443,53.753197,On or near Holderness Road,E01012808,Kingston upon Hull 026B,Shoplifting,Court result unavailable,
1b8abd9242d34d906df25a6a659b1b26c4896cf90f2c6ccae3e49cff23a7f61d,2021-05,Humberside Police,Humberside Police,-0.313462,53.754972,On or near Ackworth Street,E01012808,Kingston upon Hull 026B,Shoplifting,Unable to prosecute suspect,
ee75c2574385b5880ec8e7147385cb3929af4738334a8fb11936017981bd3c54,2021-05,Humberside Police,Humberside Police,-0.313462,53.754972,On or near Ackworth Street,E01012808,Kingston upon Hull 026B,Shoplifting,Investigation complete; no suspect identified,
9410c9c57a888d3247ad901285b88adf9a371bedb38613452c998378c1e80147,2021-05,Humberside Police,Humberside Police,-0.314849,53.754434,On or near Brodsworth Street,E01012808,Kingston upon Hull 026B,Violence and sexual offences,Unable to prosecute suspect,
16a2c2b7a033f18eec186df353fafd962a219a149956c6a8d3396365e11baf3f,2021-05,Humberside Police,Humberside Police,-0.311174,53.756432,On or near Manet Road,E01012808,Kingston upon Hull 026B,Violence and sexual offences,Unable to prosecute suspect,
314bd5e38098584205c3b66dfccd259a99a7af3416a4907b6aa2dc49ae7c9f73,2021-05,Humberside Police,Humberside Police,-0.316255,53.754553,On or near Nornabell Street,E01012808,Kingston upon Hull 026B,Violence and sexual offences,Unable to prosecute suspect,
ec724db4bde760476daddae820acf55cb18374657c49a6f0e9d6b8cb10e01b47,2021-05,Humberside Police,Humberside Police,-0.315829,53.756480,On or near Dearne Grove,E01012808,Kingston upon Hull 026B,Violence and sexual offences,Unable to prosecute suspect,
4d48f55289789ba2491e9a93ec862163dad4623f1698b2c9e4e097a00b2b0f6a,2021-05,Humberside Police,Humberside Police,-0.314125,53.756986,On or near Severn Street,E01012808,Kingston upon Hull 026B,Violence and sexual offences,Unable to prosecute suspect,
3e1103320f1123b2e5ff1e98f950c209824698a45a197f329ee70174f931201e,2021-05,Humberside Police,Humberside Police,-0.314849,53.754434,On or near Brodsworth Street,E01012808,Kingston upon Hull 026B,Violence and sexual offences,Unable to prosecute suspect,
cfab231832a79154eed545c42be6aead06755a02ba9deedd0726d24fee825979,2021-05,Humberside Police,Humberside Police,-0.312799,53.753722,On or near Balfour Street,E01012808,Kingston upon Hull 026B,Violence and sexual offences,Unable to prosecute suspect,
bd614d0842951632132455901fd8a3ab356247655278173927b6d120fc5ce025,2021-05,Humberside Police,Humberside Police,-0.316952,53.756091,On or near Barnsley Street,E01012808,Kingston upon Hull 026B,Violence and sexual offences,Unable to prosecute suspect,
56c5fdcdd65eca01ca8e7f3adef49741626280299da86f69da0a466f34689dc2,2021-05,Humberside Police,Humberside Police,-0.316952,53.756091,On or near Barnsley Street,E01012808,Kingston upon Hull 026B,Violence and sexual offences,Unable to prosecute suspect,
ebafc2ca25b9413c41bdd4e4b9310e94cea724fc6ce914665a9a55bfa46cfb3c,2021-05,Humberside Police,Humberside Police,-0.318290,53.757521,On or near Alaska Street,E01012808,Kingston upon Hull 026B,Violence and sexual offences,Unable to prosecute suspect,
ef299cea9acd9a8d57aa88510d52fd5061f2b310ef4f58b6fabcc0bebe6a32ad,2021-05,Humberside Police,Humberside Police,-0.316641,53.756653,On or near Wath Grove,E01012808,Kingston upon Hull 026B,Violence and sexual offences,Court result unavailable,
3091fedd36e474ad243a7ad13c7c0120a11a9ddde4a9cbe69866f56753db968c,2021-05,Humberside Police,Humberside Police,-0.314849,53.754434,On or near Brodsworth Street,E01012808,Kingston upon Hull 026B,Other crime,Unable to prosecute suspect,
,2021-05,Humberside Police,Humberside Police,-0.321942,53.748098,On or near Blyth Street,E01012809,Kingston upon Hull 026C,Anti-social behaviour,,
,2021-05,Humberside Police,Humberside Police,-0.316703,53.747503,On or near Alderson Mews,E01012809,Kingston upon Hull 026C,Anti-social behaviour,,
,2021-05,Humberside Police,Humberside Police,-0.327094,53.747460,On or near Coelus Street,E01012809,Kingston upon Hull 026C,Anti-social behaviour,,
,2021-05,Humberside Police,Humberside Police,-0.326950,53.750316,On or near Egton Street,E01012809,Kingston upon Hull 026C,Anti-social behaviour,,
309aeccffd8eb98d54d3e54446d1142c6d121f2ca5a69692eb860bb2588f614a,2021-05,Humberside Police,Humberside Police,-0.327094,53.747460,On or near Coelus Street,E01012809,Kingston upon Hull 026C,Bicycle theft,Unable to prosecute suspect,
da0d77986ae6e21a4b38de8d76ca0a270e33974af596269b4118d839e48893d7,2021-05,Humberside Police,Humberside Police,-0.315940,53.749146,On or near Abbey Street,E01012809,Kingston upon Hull 026C,Bicycle theft,Investigation complete; no suspect identified,
5afca284a3e4142525aa4195778a6ee8fa44453f9b5199b6dcbc7241c4f6daa9,2021-05,Humberside Police,Humberside Police,-0.326950,53.750316,On or near Egton Street,E01012809,Kingston upon Hull 026C,Burglary,Investigation complete; no suspect identified,
50a33a8ab6a3af3505ae784a7dab6cb9cb581136c73d7dbf7680cfe8d1e41426,2021-05,Humberside Police,Humberside Police,-0.316043,53.753390,On or near Burleigh Street,E01012809,Kingston upon Hull 026C,Criminal damage and arson,Investigation complete; no suspect identified,
836ad63d2a5e46ce5cdbcb2ab3f8a1493af7b7e8bda3d795156d69e28ba2e26c,2021-05,Humberside Police,Humberside Police,-0.325169,53.750858,On or near Whitby Street,E01012809,Kingston upon Hull 026C,Criminal damage and arson,Unable to prosecute suspect,
00bc651699c20e0eb8ea9f2ce97dc12871b4311ab11b96ffdfca62ae71a91661,2021-05,Humberside Police,Humberside Police,-0.317262,53.749848,On or near Franklin Street,E01012809,Kingston upon Hull 026C,Criminal damage and arson,Investigation complete; no suspect identified,
e493be73c47ce61ac8b61c7bfdeca8a715d858491a23742162f841fc44d2d1b1,2021-05,Humberside Police,Humberside Police,-0.317914,53.748329,On or near Strawberry Gardens,E01012809,Kingston upon Hull 026C,Criminal damage and arson,Unable to prosecute suspect,
e74302919d08ba74088f51e2024fb9631e234d3743b795b71920d5323aef68b4,2021-05,Humberside Police,Humberside Police,-0.327094,53.747460,On or near Coelus Street,E01012809,Kingston upon Hull 026C,Criminal damage and arson,Unable to prosecute suspect,
7e0ffad9ba28bbd21b9dc63fdca79872b803e99c35f8789142631e74b22dc388,2021-05,Humberside Police,Humberside Police,-0.327094,53.747460,On or near Coelus Street,E01012809,Kingston upon Hull 026C,Criminal damage and arson,Investigation complete; no suspect identified,
2cac39f9eb115901636b02576fb140d3707f6e3e93326fdefed1f23bf7f767cb,2021-05,Humberside Police,Humberside Police,-0.327094,53.747460,On or near Coelus Street,E01012809,Kingston upon Hull 026C,Criminal damage and arson,Action to be taken by another organisation,
ad7b338e0fb414bb28ef9b8ba72c36db0e848361b5549f2dff7d84a60a8487ae,2021-05,Humberside Police,Humberside Police,-0.316640,53.750226,On or near Brazil Street,E01012809,Kingston upon Hull 026C,Drugs,Court result unavailable,
ac3a73d4fc4f78ea1acc9be7e96badf3418c06e89d79bb76c14bc79b57a2ebb0,2021-05,Humberside Police,Humberside Police,-0.316640,53.750226,On or near Brazil Street,E01012809,Kingston upon Hull 026C,Drugs,Court result unavailable,
c6473bd54999c5f94f770d1c4121a7ae1e4a31413457f07a848ec1cd0201b2ff,2021-05,Humberside Police,Humberside Police,-0.316640,53.750226,On or near Brazil Street,E01012809,Kingston upon Hull 026C,Other theft,Investigation complete; no suspect identified,
8b05d9db958cacbf253bccbbe87df1268057a8b12e7a6e06eef8a03db6fe4b05,2021-05,Humberside Police,Humberside Police,-0.327094,53.747460,On or near Coelus Street,E01012809,Kingston upon Hull 026C,Other theft,Investigation complete; no suspect identified,
2597c3339df840d6e0bd5c6edbd857569521ed053672971765027a34deb8d6b5,2021-05,Humberside Police,Humberside Police,-0.327094,53.747460,On or near Coelus Street,E01012809,Kingston upon Hull 026C,Other theft,Investigation complete; no suspect identified,
744ab3926a8561f47a8dd556583f3a4d3ba4fd4649b6bbaf6236f4ce97ce6e40,2021-05,Humberside Police,Humberside Police,-0.327094,53.747460,On or near Coelus Street,E01012809,Kingston upon Hull 026C,Other theft,Unable to prosecute suspect,
decc8fe6ec3be00aeb3186a1b40ee435c17eb9aa982c59888107b95493f6a742,2021-05,Humberside Police,Humberside Police,-0.316640,53.750226,On or near Brazil Street,E01012809,Kingston upon Hull 026C,Other theft,Unable to prosecute suspect,
1ba14b6a081807af8863e7e096c6968ddc0bb1b7c9d84563c49f8cb2861edd90,2021-05,Humberside Police,Humberside Police,-0.327094,53.747460,On or near Coelus Street,E01012809,Kingston upon Hull 026C,Other theft,Unable to prosecute suspect,
05dc6171811c6d9c8af5d8669d086ca90b962d03aa9ce0f606aaab1074d46cc6,2021-05,Humberside Police,Humberside Police,-0.327094,53.747460,On or near Coelus Street,E01012809,Kingston upon Hull 026C,Other theft,Unable to prosecute suspect,
92b141651aecbce433d653163be46997cd9354e26b6eb7ad222fb047b390ff19,2021-05,Humberside Police,Humberside Police,-0.327094,53.747460,On or near Coelus Street,E01012809,Kingston upon Hull 026C,Other theft,Investigation complete; no suspect identified,
28a2dea8d2454dd244d26006216e67966f2bd853310dce2aa80250a1e940ae2d,2021-05,Humberside Police,Humberside Police,-0.318209,53.747785,On or near Williamson Street,E01012809,Kingston upon Hull 026C,Other theft,Investigation complete; no suspect identified,
9a5181791548de8d815b239da557ab21f60a1757c6cbf7541e75682a344d6640,2021-05,Humberside Police,Humberside Police,-0.321942,53.748098,On or near Blyth Street,E01012809,Kingston upon Hull 026C,Public order,Unable to prosecute suspect,
d449520d98c4531d5f92147dcd6a64fef20c2155335fdc8568d2783fd31df039,2021-05,Humberside Police,Humberside Police,-0.318209,53.747785,On or near Williamson Street,E01012809,Kingston upon Hull 026C,Public order,Unable to prosecute suspect,
c07643a74ab9032b0dac6b1331bb879e786787d42e0b76ebd1cfd656c49f68bc,2021-05,Humberside Police,Humberside Police,-0.326572,53.755632,On or near Cornwall Street,E01012809,Kingston upon Hull 026C,Public order,Unable to prosecute suspect,
ced1a6f5b0d3f49096fcf4811f6d841e0dbadff4387c0c4db9b4caf14610d7f7,2021-05,Humberside Police,Humberside Police,-0.327094,53.747460,On or near Coelus Street,E01012809,Kingston upon Hull 026C,Public order,Unable to prosecute suspect,
3beafdf5b9709213db3aac9de2029e2e044d99ccfd55a26e3e5bfdba9a300adf,2021-05,Humberside Police,Humberside Police,-0.326950,53.750316,On or near Egton Street,E01012809,Kingston upon Hull 026C,Public order,Investigation complete; no suspect identified,
cd4054db8d377d90cf494818be085fc875c64045b2b48676545195eda143e5a8,2021-05,Humberside Police,Humberside Police,-0.328643,53.752362,On or near Eagle Terrace,E01012809,Kingston upon Hull 026C,Public order,Investigation complete; no suspect identified,
99b82acd1e75b054238c56e582e80f9e6fb551d5a53b7b202852eade939e90fd,2021-05,Humberside Police,Humberside Police,-0.316043,53.753390,On or near Burleigh Street,E01012809,Kingston upon Hull 026C,Shoplifting,Investigation complete; no suspect identified,
2c49a8dabff8f191b407cbc5a2defa020e5bc3873a7e257078f25d069b0c4eaf,2021-05,Humberside Police,Humberside Police,-0.316043,53.753390,On or near Burleigh Street,E01012809,Kingston upon Hull 026C,Shoplifting,Investigation complete; no suspect identified,
19068a2d2759935a780c212f8a3e1c5001ea127f8f28546342ab74ec8d750907,2021-05,Humberside Police,Humberside Police,-0.316043,53.753390,On or near Burleigh Street,E01012809,Kingston upon Hull 026C,Violence and sexual offences,Court result unavailable,
7f67b700ecd54d3ae1c98b5a6fca8128cf5041ab5186ea8b2238f504d4470797,2021-05,Humberside Police,Humberside Police,-0.315940,53.749146,On or near Abbey Street,E01012809,Kingston upon Hull 026C,Violence and sexual offences,Unable to prosecute suspect,
846196dd71dc327ad3cfda51dfa366eee3d2b36a6cf5ae1507356a8632f3751d,2021-05,Humberside Police,Humberside Police,-0.321942,53.748098,On or near Blyth Street,E01012809,Kingston upon Hull 026C,Violence and sexual offences,Investigation complete; no suspect identified,
1f36abe21b221ae74e3ea055066cfcfd43bf4a260007475d519af4173efe346a,2021-05,Humberside Police,Humberside Police,-0.327094,53.747460,On or near Coelus Street,E01012809,Kingston upon Hull 026C,Violence and sexual offences,Unable to prosecute suspect,
bbd817c74d4db7c6d76da3d2c7142b3be97cc606f2b12fa2c33a58d617bfa306,2021-05,Humberside Police,Humberside Police,-0.327094,53.747460,On or near Coelus Street,E01012809,Kingston upon Hull 026C,Violence and sexual offences,Unable to prosecute suspect,
4d90b9d81965cbe75f7f195a2132037ed82281739be6ae0ec122e0989fd16d26,2021-05,Humberside Police,Humberside Police,-0.316640,53.750226,On or near Brazil Street,E01012809,Kingston upon Hull 026C,Violence and sexual offences,Court result unavailable,
a9cc055d4ceafe321061e403a631fdcbe8c5a783496f560168046f2aa7d6aa18,2021-05,Humberside Police,Humberside Police,-0.321942,53.748098,On or near Blyth Street,E01012809,Kingston upon Hull 026C,Violence and sexual offences,Investigation complete; no suspect identified,
8b5212ba2bf9aebacf39f5cc0813e79de8f99a95625e71a3f72d3771477c66d0,2021-05,Humberside Police,Humberside Police,-0.326950,53.750316,On or near Egton Street,E01012809,Kingston upon Hull 026C,Violence and sexual offences,Court result unavailable,
ae1aa84bcb976b33b8bfa2436385a27e4a161dd1d6c2f31cec802d94325b4716,2021-05,Humberside Police,Humberside Police,-0.327094,53.747460,On or near Coelus Street,E01012809,Kingston upon Hull 026C,Violence and sexual offences,Unable to prosecute suspect,
7707dbeca6acb8e9b05e7a28fae7905fcf2b958ee81724f043d3a700a3ad9ace,2021-05,Humberside Police,Humberside Police,-0.325169,53.750858,On or near Whitby Street,E01012809,Kingston upon Hull 026C,Violence and sexual offences,Unable to prosecute suspect,
ff69bfae84c094055b72d4f168ece8caabeb8e7c26c008e96a272391e05863ce,2021-05,Humberside Police,Humberside Police,-0.326950,53.750316,On or near Egton Street,E01012809,Kingston upon Hull 026C,Violence and sexual offences,Unable to prosecute suspect,
5b2b3d13960b6495ab3027637bf0d0f9123ac461b1ae6f139730a9e9bd43dbd7,2021-05,Humberside Police,Humberside Police,-0.316043,53.753390,On or near Burleigh Street,E01012809,Kingston upon Hull 026C,Violence and sexual offences,Investigation complete; no suspect identified,
60fa8d7904731a25517090c0a6d435da38477448b2e5514a091beb5a7221ff85,2021-05,Humberside Police,Humberside Police,-0.316043,53.753390,On or near Burleigh Street,E01012809,Kingston upon Hull 026C,Violence and sexual offences,Investigation complete; no suspect identified,
0f29cb93a5deb84640684768159a8c5ab81eb25911ff550102fa8610b33b58c8,2021-05,Humberside Police,Humberside Police,-0.315940,53.749146,On or near Abbey Street,E01012809,Kingston upon Hull 026C,Violence and sexual offences,Unable to prosecute suspect,
382c24389f21187c8d874c48676d0edf415b685f4b4677d88e93ef9a0e78c19f,2021-05,Humberside Police,Humberside Police,-0.325169,53.750858,On or near Whitby Street,E01012809,Kingston upon Hull 026C,Violence and sexual offences,Unable to prosecute suspect,
c82c5e247d161f9068a13b20811abb93d839fe1842a74b6c3c880e3f0f8869a3,2021-05,Humberside Police,Humberside Police,-0.326950,53.750316,On or near Egton Street,E01012809,Kingston upon Hull 026C,Violence and sexual offences,Unable to prosecute suspect,
f6c7b038258aa0d906e2509eb92d3a98f451424982064cab98a02e02151c143e,2021-05,Humberside Police,Humberside Police,-0.327094,53.747460,On or near Coelus Street,E01012809,Kingston upon Hull 026C,Violence and sexual offences,Unable to prosecute suspect,
92d49231c5373de832722a4f5977116436db550fb610f49c5f157b256fabc88f,2021-05,Humberside Police,Humberside Police,-0.318209,53.747785,On or near Williamson Street,E01012809,Kingston upon Hull 026C,Violence and sexual offences,Unable to prosecute suspect,
2e83c1ed0ff2ebfeccc2abd0309543322842fb4f1b00ba3ab75c7e0a0d5a1e3e,2021-05,Humberside Police,Humberside Police,-0.316209,53.748107,On or near Broadley Close,E01012809,Kingston upon Hull 026C,Other crime,Unable to prosecute suspect,
781fdd7b986759f0f42f7b74bd4869d621b4c8db5e7bdad09285ad7b33de2bf6,2021-05,Humberside Police,Humberside Police,-0.326950,53.750316,On or near Egton Street,E01012809,Kingston upon Hull 026C,Other crime,Unable to prosecute suspect,
,2021-05,Humberside Police,Humberside Police,-0.312989,53.748988,On or near Edward Collins Square,E01012810,Kingston upon Hull 026D,Anti-social behaviour,,
,2021-05,Humberside Police,Humberside Police,-0.312989,53.748988,On or near Edward Collins Square,E01012810,Kingston upon Hull 026D,Anti-social behaviour,,
571afd582a6d6b9f01c2efcc7b72ed51edf7397da554907c787c6b78575ce2cd,2021-05,Humberside Police,Humberside Police,-0.315165,53.743886,On or near Chandlers Court,E01012810,Kingston upon Hull 026D,Criminal damage and arson,Investigation complete; no suspect identified,
b4bf4a3229d9af7d0b731795205c7b5ecf78d146d7f451b5cc1cae7a7f60e097,2021-05,Humberside Police,Humberside Police,-0.314334,53.744188,On or near Bridgegate Drive,E01012810,Kingston upon Hull 026D,Criminal damage and arson,Investigation complete; no suspect identified,
c4ff147b2992776d5d0e74574cc6803185fa1e422e37ea2a40cf1331f7fd7992,2021-05,Humberside Police,Humberside Police,-0.314334,53.744188,On or near Bridgegate Drive,E01012810,Kingston upon Hull 026D,Criminal damage and arson,Investigation complete; no suspect identified,
22a0c120764fc9235127502164966f426d8277f2ea6c14e21efa716a49444976,2021-05,Humberside Police,Humberside Police,-0.314334,53.744188,On or near Bridgegate Drive,E01012810,Kingston upon Hull 026D,Criminal damage and arson,Investigation complete; no suspect identified,
f4d7bec8b1ac7b8bb475b3318f25d3c4660c77019215cde4b0b196d3ab29224c,2021-05,Humberside Police,Humberside Police,-0.310929,53.746657,On or near Earle'S Road,E01012810,Kingston upon Hull 026D,Public order,Unable to prosecute suspect,
c7a8685cb186699755b0cee81bba18afc87f45842cffe7f77150908953001ef9,2021-05,Humberside Police,Humberside Police,-0.312989,53.748988,On or near Edward Collins Square,E01012810,Kingston upon Hull 026D,Public order,Unable to prosecute suspect,
41da48aeaf054ba7b623f558524360717e72f255e958031e6578cac4938eae91,2021-05,Humberside Police,Humberside Police,-0.310668,53.745216,On or near Mast Drive,E01012810,Kingston upon Hull 026D,Public order,Unable to prosecute suspect,
026b82df4da980b6c82b8a197ee7d7694e7a746bfe9247cabd759c2d75e619c4,2021-05,Humberside Police,Humberside Police,-0.314319,53.742292,On or near Harbour Way,E01012810,Kingston upon Hull 026D,Public order,Local resolution,
b958033629885157e8b3a6411da74ef6628d409f864533ea54fc2428a5463b2c,2021-05,Humberside Police,Humberside Police,-0.312989,53.748988,On or near Edward Collins Square,E01012810,Kingston upon Hull 026D,Public order,Local resolution,
051603a9684049886e1a5bbc1a5de5e6301dda0ee777b82011fb07c1bd0f8ea4,2021-05,Humberside Police,Humberside Police,-0.312989,53.748988,On or near Edward Collins Square,E01012810,Kingston upon Hull 026D,Violence and sexual offences,Local resolution,
cad62a2c0657f7af5ddb9220bf01f74b557559006ec453d102da838b78f458bd,2021-05,Humberside Police,Humberside Police,-0.312989,53.748988,On or near Edward Collins Square,E01012810,Kingston upon Hull 026D,Violence and sexual offences,Local resolution,
9533cc62a99f0ca5bf1273001bcfe05fb05ec6cae5b51947e32b0c8e28051bd0,2021-05,Humberside Police,Humberside Police,-0.317610,53.744936,On or near Drypool Way,E01012810,Kingston upon Hull 026D,Violence and sexual offences,Unable to prosecute suspect,
7e8d36f0fae9d021b30259ee49022520d644675e980a5a1769b0efd9e7219734,2021-05,Humberside Police,Humberside Police,-0.310007,53.749979,On or near Buttercup Close,E01012810,Kingston upon Hull 026D,Violence and sexual offences,Unable to prosecute suspect,
,2021-05,Humberside Police,Humberside Police,-0.321412,53.741987,On or near Plimsoll Way,E01012811,Kingston upon Hull 026E,Anti-social behaviour,,
,2021-05,Humberside Police,Humberside Police,-0.320337,53.742331,On or near Sequana Court,E01012811,Kingston upon Hull 026E,Anti-social behaviour,,
,2021-05,Humberside Police,Humberside Police,-0.320337,53.742331,On or near Sequana Court,E01012811,Kingston upon Hull 026E,Anti-social behaviour,,
,2021-05,Humberside Police,Humberside Police,-0.317625,53.741897,On or near Lock Keepers Court,E01012811,Kingston upon Hull 026E,Anti-social behaviour,,
,2021-05,Humberside Police,Humberside Police,-0.321790,53.740131,On or near Caledonia Park,E01012811,Kingston upon Hull 026E,Anti-social behaviour,,
2f2464c160067a9212aff3817e603a92b0d0b5d33de651aec5903afa93ad7dfa,2021-05,Humberside Police,Humberside Police,-0.317889,53.742503,On or near Galleon Court,E01012811,Kingston upon Hull 026E,Bicycle theft,Unable to prosecute suspect,
cf4a895905b6aa2bcfcdc8fd97013c515333c06cb777a97422ac3fca738718d7,2021-05,Humberside Police,Humberside Police,-0.323305,53.742822,On or near The Haven,E01012811,Kingston upon Hull 026E,Burglary,Investigation complete; no suspect identified,
7db93f10e7c8283eae642122e8afff3d2b279afc65004ddf244f66790921964f,2021-05,Humberside Police,Humberside Police,-0.321790,53.740131,On or near Caledonia Park,E01012811,Kingston upon Hull 026E,Criminal damage and arson,Investigation complete; no suspect identified,
6bd0226cb4e651c9915bbfa344ece6276ada8363bbe2d29b7ad17fdeb07834f0,2021-05,Humberside Police,Humberside Police,-0.317889,53.742503,On or near Galleon Court,E01012811,Kingston upon Hull 026E,Criminal damage and arson,Investigation complete; no suspect identified,
69775ac048de97190da5fb7168df273f6733ba446ee8ce3fd6cb313868cc4932,2021-05,Humberside Police,Humberside Police,-0.321405,53.744063,On or near Garrison Road,E01012811,Kingston upon Hull 026E,Other theft,Unable to prosecute suspect,
8014f83b6b073b170813560826cf240446aee3ae761bf1eee90fe026a8598a40,2021-05,Humberside Police,Humberside Police,-0.321924,53.740951,On or near Ha'Penny Bridge Way,E01012811,Kingston upon Hull 026E,Public order,Unable to prosecute suspect,
747f689ddbaee3844aac0194e6434d33e6b87b31ba331362d6b7a48c514c4a9d,2021-05,Humberside Police,Humberside Police,-0.321405,53.744063,On or near Garrison Road,E01012811,Kingston upon Hull 026E,Public order,Unable to prosecute suspect,
a139c16a6f5f9f86f316f6910562f876882c8fa1211ba0c3db74e273ec10232d,2021-05,Humberside Police,Humberside Police,-0.328528,53.742257,On or near Tower Street,E01012811,Kingston upon Hull 026E,Public order,Unable to prosecute suspect,
1385814927ddbe673423f8aa1d0d56d7e0ee0c85b81f522cf1f4319502d06966,2021-05,Humberside Police,Humberside Police,-0.317889,53.742503,On or near Galleon Court,E01012811,Kingston upon Hull 026E,Vehicle crime,Investigation complete; no suspect identified,
0445048608e0da20b68c7d49deba29561a7cd589bdab4c08c6d8c2ba59dcc026,2021-05,Humberside Police,Humberside Police,-0.321405,53.744063,On or near Garrison Road,E01012811,Kingston upon Hull 026E,Violence and sexual offences,Unable to prosecute suspect,
8777a9af9a3bc1ac6d20c1871fc2d8c49dfb56fcc3c7c6eab9de04c82c3b58a2,2021-05,Humberside Police,Humberside Police,-0.323305,53.742822,On or near The Haven,E01012811,Kingston upon Hull 026E,Violence and sexual offences,Unable to prosecute suspect,
0b656e4eec88e5e02a00dae35b01c44e53005de3ea5d143dd563080ff6638542,2021-05,Humberside Police,Humberside Police,-0.328073,53.739608,On or near Idas Close,E01012811,Kingston upon Hull 026E,Violence and sexual offences,Investigation complete; no suspect identified,
,2021-05,Humberside Police,Humberside Police,-0.384307,53.751166,On or near Woodgate Road,E01012773,Kingston upon Hull 027A,Anti-social behaviour,,
268b45b7524b8511f8a609f1166da80d74a635ac9732ba10dda5611ff7fc90e8,2021-05,Humberside Police,Humberside Police,-0.389647,53.753512,On or near Chancery Court,E01012773,Kingston upon Hull 027A,Other theft,Investigation complete; no suspect identified,
,2021-05,Humberside Police,Humberside Police,-0.386478,53.749928,On or near Petrol Station,E01012776,Kingston upon Hull 027B,Anti-social behaviour,,
,2021-05,Humberside Police,Humberside Police,-0.392963,53.749682,On or near Hastings Grove,E01012776,Kingston upon Hull 027B,Anti-social behaviour,,
,2021-05,Humberside Police,Humberside Police,-0.392963,53.749682,On or near Hastings Grove,E01012776,Kingston upon Hull 027B,Anti-social behaviour,,
,2021-05,Humberside Police,Humberside Police,-0.393512,53.750004,On or near Spring Bank West,E01012776,Kingston upon Hull 027B,Anti-social behaviour,,
,2021-05,Humberside Police,Humberside Police,-0.386558,53.743879,On or near Supermarket,E01012776,Kingston upon Hull 027B,Anti-social behaviour,,
,2021-05,Humberside Police,Humberside Police,-0.387780,53.746430,On or near Roslyn Road,E01012776,Kingston upon Hull 027B,Anti-social behaviour,,
,2021-05,Humberside Police,Humberside Police,-0.391144,53.749658,On or near Greystone Avenue,E01012776,Kingston upon Hull 027B,Anti-social behaviour,,
,2021-05,Humberside Police,Humberside Police,-0.386478,53.749928,On or near Petrol Station,E01012776,Kingston upon Hull 027B,Anti-social behaviour,,
7c4fcf6d5d97bf65b162c3be91254c9d99fe57c1d38d5cb2aca37f9c3493cc3a,2021-05,Humberside Police,Humberside Police,-0.388817,53.745869,On or near Meadowbank Road,E01012776,Kingston upon Hull 027B,Burglary,Investigation complete; no suspect identified,
3183e16d57ff4efa10aa7e789288a83b1796c748ee6121e17edc000996cd6f9d,2021-05,Humberside Police,Humberside Police,-0.386478,53.749928,On or near Petrol Station,E01012776,Kingston upon Hull 027B,Burglary,Investigation complete; no suspect identified,
78a9422c6f14e168be9942e972e87e145c90f99c33ca82b69a6979ba5216c808,2021-05,Humberside Police,Humberside Police,-0.386478,53.749928,On or near Petrol Station,E01012776,Kingston upon Hull 027B,Criminal damage and arson,Investigation complete; no suspect identified,
b98b055b68347c0f66ac2694a29298ceb67296db5079f635e0d2cf102ea9d393,2021-05,Humberside Police,Humberside Police,-0.391144,53.749658,On or near Greystone Avenue,E01012776,Kingston upon Hull 027B,Criminal damage and arson,Unable to prosecute suspect,
e440a1923c2dd78efc7f6819bca4fa9d65b25249a7eea344e7eaa3750d1b0f8f,2021-05,Humberside Police,Humberside Police,-0.391144,53.749658,On or near Greystone Avenue,E01012776,Kingston upon Hull 027B,Criminal damage and arson,Unable to prosecute suspect,
4d278568f1885e673ea60ab557722a9431f506614a0301398aca68d1eb5bacab,2021-05,Humberside Police,Humberside Police,-0.386478,53.749928,On or near Petrol Station,E01012776,Kingston upon Hull 027B,Criminal damage and arson,Local resolution,
27c1151ed8474a203543284cc17090a12496ec34b5667ccfccd3b323fb3dc57f,2021-05,Humberside Police,Humberside Police,-0.391144,53.749658,On or near Greystone Avenue,E01012776,Kingston upon Hull 027B,Public order,Unable to prosecute suspect,
c0006ae2f8ed46c7e4185ccc45c1f6effa1e8ae9e9c6ee429bde2e6f307aa5e6,2021-05,Humberside Police,Humberside Police,-0.391144,53.749658,On or near Greystone Avenue,E01012776,Kingston upon Hull 027B,Public order,Unable to prosecute suspect,
7a3ec448694b5260d56b80334f7aa0424d9ea082a36b14acbf0ea568490307ed,2021-05,Humberside Police,Humberside Police,-0.386478,53.749928,On or near Petrol Station,E01012776,Kingston upon Hull 027B,Public order,Local resolution,
dd816b6a6cdee2443fbcedbe7aad33d50485b4b94e7dae8dda5b494f112f1c84,2021-05,Humberside Police,Humberside Police,-0.386478,53.749928,On or near Petrol Station,E01012776,Kingston upon Hull 027B,Public order,Local resolution,
9a3dacdbc16cbbf8613d37f9dbf376484b408528af6e36e51d2620f8ebf8d8c9,2021-05,Humberside Police,Humberside Police,-0.392029,53.745957,On or near Hamlyn Avenue,E01012776,Kingston upon Hull 027B,Public order,Investigation complete; no suspect identified,
f957bad42778af0bcfbff2a9ee0ef4efccb4573d3c78f48a97615c5962842fa7,2021-05,Humberside Police,Humberside Police,-0.389366,53.749751,On or near Southburn Avenue,E01012776,Kingston upon Hull 027B,Violence and sexual offences,Unable to prosecute suspect,
cb9df9510d21976587b6b10dd79d28ea147325fae4c9e6f10c27cefddb5e8e99,2021-05,Humberside Police,Humberside Police,-0.393512,53.750004,On or near Spring Bank West,E01012776,Kingston upon Hull 027B,Violence and sexual offences,Unable to prosecute suspect,
075966a9a184de07eb0168cfaaa09ebb832aa89ecda4e0fca5d9a749a0e70413,2021-05,Humberside Police,Humberside Police,-0.389366,53.749751,On or near Southburn Avenue,E01012776,Kingston upon Hull 027B,Violence and sexual offences,Investigation complete; no suspect identified,
de964b5b50bbdec5cbf20ba8210b7a92f536f629a3a403eea985820e1d32815f,2021-05,Humberside Police,Humberside Police,-0.392029,53.745957,On or near Hamlyn Avenue,E01012776,Kingston upon Hull 027B,Violence and sexual offences,Court result unavailable,
7a1a9255e0537bd4ff70cdd4a3b04706dd3e47d4483e466a3490133c4e46af3d,2021-05,Humberside Police,Humberside Police,-0.389366,53.749751,On or near Southburn Avenue,E01012776,Kingston upon Hull 027B,Violence and sexual offences,Unable to prosecute suspect,
,2021-05,Humberside Police,Humberside Police,-0.381646,53.747400,On or near Alliance Avenue,E01012863,Kingston upon Hull 027C,Anti-social behaviour,,
,2021-05,Humberside Police,Humberside Police,-0.381993,53.746649,On or near Alliance Lane,E01012863,Kingston upon Hull 027C,Anti-social behaviour,,
,2021-05,Humberside Police,Humberside Police,-0.379325,53.748600,On or near Chatham Street,E01012863,Kingston upon Hull 027C,Anti-social behaviour,,
74012cb2b8d87f339c2c62d13581dbe324f0b352d5e9a2551d37924745adad80,2021-05,Humberside Police,Humberside Police,-0.379187,53.748238,On or near Pitt Street,E01012863,Kingston upon Hull 027C,Criminal damage and arson,Investigation complete; no suspect identified,
5395d4e1e04571dba36ea450d2b133134417224b011da92d80c426f630826b7a,2021-05,Humberside Police,Humberside Police,-0.379325,53.748600,On or near Chatham Street,E01012863,Kingston upon Hull 027C,Criminal damage and arson,Unable to prosecute suspect,
bf840111383c1ac5d95dd25855a4a964c1b949e77e0fe6f5f8c46f6865e9d0e8,2021-05,Humberside Police,Humberside Police,-0.382119,53.745356,On or near Parkfield Drive,E01012863,Kingston upon Hull 027C,Drugs,Court result unavailable,
7d8c8af9e17d0d90c3f5319baf2f53933d77210c9b767f66632f5cf051372d29,2021-05,Humberside Police,Humberside Police,-0.383260,53.748806,On or near Further/Higher Educational Building,E01012863,Kingston upon Hull 027C,Other theft,Unable to prosecute suspect,
4be0d12909bc2b74da4e238ff7e82f372c659298f9242b9ee6e2267159cc57b5,2021-05,Humberside Police,Humberside Police,-0.382119,53.745356,On or near Parkfield Drive,E01012863,Kingston upon Hull 027C,Violence and sexual offences,Unable to prosecute suspect,
b10ba98f934bb9da219a956f968e791e8a36e1318c9a4847a80c6f8289bfd945,2021-05,Humberside Police,Humberside Police,-0.382119,53.745356,On or near Parkfield Drive,E01012863,Kingston upon Hull 027C,Violence and sexual offences,Unable to prosecute suspect,
50611bf7321629c57428f06d43f8e4ee190e3d6f91a90a49e849d1b8fcd395c7,2021-05,Humberside Police,Humberside Police,-0.382119,53.745356,On or near Parkfield Drive,E01012863,Kingston upon Hull 027C,Violence and sexual offences,Unable to prosecute suspect,
16db448699a40ba502c84fd68df3208c1a7ed71f4f138a2fb6bab9fd4d645e47,2021-05,Humberside Police,Humberside Police,-0.383260,53.748806,On or near Further/Higher Educational Building,E01012863,Kingston upon Hull 027C,Violence and sexual offences,Unable to prosecute suspect,
c6455f5f175303e5aa5f85220c48e390f4a9162a00d668f3be8c963fea77e7b8,2021-05,Humberside Police,Humberside Police,-0.379187,53.748238,On or near Pitt Street,E01012863,Kingston upon Hull 027C,Violence and sexual offences,Unable to prosecute suspect,
30bf26ec02b74630dddf8425c5ee4ad6e0d6473acc2970ed9a69ecc25290f006,2021-05,Humberside Police,Humberside Police,-0.385825,53.745191,On or near Woldcarr Road,E01012863,Kingston upon Hull 027C,Violence and sexual offences,Unable to prosecute suspect,
dd29de7ee95823b5718674a12870f23c0c9d3fd698723cb7713b20e448677661,2021-05,Humberside Police,Humberside Police,-0.383260,53.748806,On or near Further/Higher Educational Building,E01012863,Kingston upon Hull 027C,Violence and sexual offences,Unable to prosecute suspect,
8066da22957f3ece9ef62ffcd98ed725298343c5fa9ad09afffdb50d43edbfcb,2021-05,Humberside Police,Humberside Police,-0.379187,53.748238,On or near Pitt Street,E01012863,Kingston upon Hull 027C,Violence and sexual offences,Unable to prosecute suspect,
9bc552302aefb6ecb8bb6b03190df46ef7e186edd2ccfdf6c49a66296e5b8d7c,2021-05,Humberside Police,Humberside Police,-0.378607,53.746370,On or near Coultas Court,E01012864,Kingston upon Hull 027D,Burglary,Investigation complete; no suspect identified,
1c481ab917b99f86b1640f5c66281ba11b07be94b35ce4d0956bb4fed5920053,2021-05,Humberside Police,Humberside Police,-0.378607,53.746370,On or near Coultas Court,E01012864,Kingston upon Hull 027D,Criminal damage and arson,Investigation complete; no suspect identified,
a182fe1ac6cd6efeb1b51393c999c710441971265ab4af8aca84d536387680d0,2021-05,Humberside Police,Humberside Police,-0.377481,53.743721,On or near Anlaby Road,E01012864,Kingston upon Hull 027D,Criminal damage and arson,Unable to prosecute suspect,
7068a429c45f558a3186ab30550111a030cc2523c92ff06e6731ca99e898cc08,2021-05,Humberside Police,Humberside Police,-0.379347,53.742119,On or near Melrose Street,E01012864,Kingston upon Hull 027D,Criminal damage and arson,Court result unavailable,
ac490332cb12f65cd30d2a65c9ba6623e05d7bdeb89aceba9de2685aae9ae9f5,2021-05,Humberside Police,Humberside Police,-0.379347,53.742119,On or near Melrose Street,E01012864,Kingston upon Hull 027D,Criminal damage and arson,Court result unavailable,
29291b6cb8e0c96fa0ae7a4605f90b27a26fcb8990bcfcf8fef88215b3246140,2021-05,Humberside Police,Humberside Police,-0.380248,53.747075,On or near De La Pole Avenue,E01012864,Kingston upon Hull 027D,Criminal damage and arson,Local resolution,
ec05d270dea5fcfb8cf2609fe93993bd00cf093196f8815c6a07ee45ba49b39a,2021-05,Humberside Police,Humberside Police,-0.380248,53.747075,On or near De La Pole Avenue,E01012864,Kingston upon Hull 027D,Criminal damage and arson,Local resolution,
69b20eab34aa6c97a87817e7fbdb7183449f88a14d7901d0abf5e49c67dbf683,2021-05,Humberside Police,Humberside Police,-0.377481,53.743721,On or near Anlaby Road,E01012864,Kingston upon Hull 027D,Criminal damage and arson,Unable to prosecute suspect,
d986403af9c41a9fbf889503878bb4d364c72c9daac6eb9ffe3331d943cae733,2021-05,Humberside Police,Humberside Police,-0.378607,53.746370,On or near Coultas Court,E01012864,Kingston upon Hull 027D,Drugs,Investigation complete; no suspect identified,
7eab8335d737e363feaf6a7e2ab175fe1b22da92e7e3ef1a453264e399199943,2021-05,Humberside Police,Humberside Police,-0.377481,53.743721,On or near Anlaby Road,E01012864,Kingston upon Hull 027D,Other theft,Investigation complete; no suspect identified,
3f270cba227a8b1870d0191a90497f989b309b5e0cc9cf7f2ec7cb67ec221c19,2021-05,Humberside Police,Humberside Police,-0.378607,53.746370,On or near Coultas Court,E01012864,Kingston upon Hull 027D,Other theft,Investigation complete; no suspect identified,
d355fadf11aec4bd19e08c44214cf3a8c4bbdc3f5ab8b34c06697e0613a310e5,2021-05,Humberside Police,Humberside Police,-0.378607,53.746370,On or near Coultas Court,E01012864,Kingston upon Hull 027D,Other theft,Unable to prosecute suspect,
a7de4b981938b93890cbdc0da0532188590b23048ad0bfbce522a83cb746cdd3,2021-05,Humberside Police,Humberside Police,-0.379347,53.742119,On or near Melrose Street,E01012864,Kingston upon Hull 027D,Public order,Investigation complete; no suspect identified,
bd4d66456430e04f71db8a41499237f96b41c3caa111c77f1cdbfcde9acf17d1,2021-05,Humberside Police,Humberside Police,-0.377481,53.743721,On or near Anlaby Road,E01012864,Kingston upon Hull 027D,Theft from the person,Investigation complete; no suspect identified,
cabee415760e9143b498ed19555e32f5ea7dc7d3e9434cabaa706a696121f306,2021-05,Humberside Police,Humberside Police,-0.379542,53.747695,On or near Curzon Street,E01012864,Kingston upon Hull 027D,Vehicle crime,Unable to prosecute suspect,
b10a6674fb5bb572b50180035f58f1e62f98a67b71e135ff54169bbd2e5dc732,2021-05,Humberside Police,Humberside Police,-0.374698,53.741570,On or near Arthur Street,E01012864,Kingston upon Hull 027D,Vehicle crime,Investigation complete; no suspect identified,
026ceb0b28f044689980823ad1f999b47e8fbc208a5b943b1dcff0ac1d066e63,2021-05,Humberside Police,Humberside Police,-0.374698,53.741570,On or near Arthur Street,E01012864,Kingston upon Hull 027D,Violence and sexual offences,Action to be taken by another organisation,
62a8294b626510e253cf2645d7f1af4b8a3615146b8f0caeecdfa079fe008392,2021-05,Humberside Police,Humberside Police,-0.379347,53.742119,On or near Melrose Street,E01012864,Kingston upon Hull 027D,Violence and sexual offences,Investigation complete; no suspect identified,
b40802f083772b0fedb9881ab04c9fa35fc13a646a53a64266981aef31e2e8c0,2021-05,Humberside Police,Humberside Police,-0.375049,53.742681,On or near Sandringham Street,E01012864,Kingston upon Hull 027D,Violence and sexual offences,Unable to prosecute suspect,
03b82dce49282516991c6ce0180998d4f7c5681caed4caa70baf494635fb3185,2021-05,Humberside Police,Humberside Police,-0.377330,53.745660,On or near Acland Street,E01012864,Kingston upon Hull 027D,Violence and sexual offences,Unable to prosecute suspect,
6580b87a57b9eddde4b4ab94fc7cd49a922faa8978877cab0620bdc560fb6262,2021-05,Humberside Police,Humberside Police,-0.379347,53.742119,On or near Melrose Street,E01012864,Kingston upon Hull 027D,Violence and sexual offences,Investigation complete; no suspect identified,
793c9aface54d0019d9949845d47c472769e8d7878b6861068834afa125cccae,2021-05,Humberside Police,Humberside Police,-0.375049,53.742681,On or near Sandringham Street,E01012864,Kingston upon Hull 027D,Violence and sexual offences,Unable to prosecute suspect,
c2095294abee257d8b777c39f9622eba25fdc99ac21744be844529cb79c29419,2021-05,Humberside Police,Humberside Police,-0.379347,53.742119,On or near Melrose Street,E01012864,Kingston upon Hull 027D,Violence and sexual offences,Investigation complete; no suspect identified,
c1f8094d2a961dccc617f01c823d96470ed61a32d7370588ac754b0f942d8e5e,2021-05,Humberside Police,Humberside Police,-0.378607,53.746370,On or near Coultas Court,E01012864,Kingston upon Hull 027D,Violence and sexual offences,Investigation complete; no suspect identified,
0f610588026f74e9f0d73b1248eb2b6d32b8086476add28ace751c3c17114cf6,2021-05,Humberside Police,Humberside Police,-0.375049,53.742681,On or near Sandringham Street,E01012864,Kingston upon Hull 027D,Violence and sexual offences,Unable to prosecute suspect,
59f6b971f774aefb0d59441c8118bb211e6ba5cf03b4c661702c344ecae6772c,2021-05,Humberside Police,Humberside Police,-0.377330,53.745660,On or near Acland Street,E01012864,Kingston upon Hull 027D,Violence and sexual offences,Unable to prosecute suspect,
4f16172ad852412b3d6291e45d364906dfd388c23d3062b8340dccb5d5fd9b28,2021-05,Humberside Police,Humberside Police,-0.377481,53.743721,On or near Anlaby Road,E01012864,Kingston upon Hull 027D,Other crime,Unable to prosecute suspect,
13b0290619f105da6ed2fc194c19c4d9ed8fac4f07f140c7b87f394b14d285f6,2021-05,Humberside Police,Humberside Police,-0.379347,53.742119,On or near Melrose Street,E01012864,Kingston upon Hull 027D,Other crime,Unable to prosecute suspect,
,2021-05,Humberside Police,Humberside Police,-0.382595,53.744014,On or near Supermarket,E01012865,Kingston upon Hull 027E,Anti-social behaviour,,
,2021-05,Humberside Police,Humberside Police,-0.382595,53.744014,On or near Supermarket,E01012865,Kingston upon Hull 027E,Anti-social behaviour,,
892e13417221abcac0485e958faceb4ebbe757f18588c7f7fbe7ebf80707072f,2021-05,Humberside Police,Humberside Police,-0.387235,53.742432,On or near Airmyn Avenue,E01012865,Kingston upon Hull 027E,Bicycle theft,Investigation complete; no suspect identified,
a8b122e150bb5d809f5fda98db52d64ba843ee308d41e1ed6d753753e1924f0e,2021-05,Humberside Police,Humberside Police,-0.382595,53.744014,On or near Supermarket,E01012865,Kingston upon Hull 027E,Burglary,Unable to prosecute suspect,
3392b1e0c545badd0fc9d4b353426ab0fa46428e172400e63cdfea2d1ebce65d,2021-05,Humberside Police,Humberside Police,-0.380897,53.740854,On or near White Street,E01012865,Kingston upon Hull 027E,Criminal damage and arson,Unable to prosecute suspect,
a0e97387cb3e1cfe282a9f6a86886b2322d5d1c2ed7383b3c4c5a4e30b0499b8,2021-05,Humberside Police,Humberside Police,-0.383117,53.744624,On or near Springfield Road,E01012865,Kingston upon Hull 027E,Criminal damage and arson,Investigation complete; no suspect identified,
6bdb3b866bf94ff51a53a1224a75e991fc08bbf2917feb0a9ff5ff04f7f3efee,2021-05,Humberside Police,Humberside Police,-0.386663,53.743125,On or near Petrol Station,E01012865,Kingston upon Hull 027E,Public order,Unable to prosecute suspect,
5a5df77cdcccc00bb6871d36b11e0cd26002d6c6a54b461e513ffb84fd3c9a39,2021-05,Humberside Police,Humberside Police,-0.386663,53.743125,On or near Petrol Station,E01012865,Kingston upon Hull 027E,Public order,Investigation complete; no suspect identified,
608bd55d73cbb4746024c3d6f86958a62311ddebef97f8440825c174542b09d0,2021-05,Humberside Police,Humberside Police,-0.382595,53.744014,On or near Supermarket,E01012865,Kingston upon Hull 027E,Shoplifting,Court result unavailable,
9a50b49b69fb153439f4b10bb97ae07272bfe428c7e126cf9198cea9015cdd91,2021-05,Humberside Police,Humberside Police,-0.382595,53.744014,On or near Supermarket,E01012865,Kingston upon Hull 027E,Shoplifting,Investigation complete; no suspect identified,
99017a4114be96c4f5ec4d44faf2817030e663cf3216157dcd2e7975606100c6,2021-05,Humberside Police,Humberside Police,-0.387235,53.742432,On or near Airmyn Avenue,E01012865,Kingston upon Hull 027E,Shoplifting,Unable to prosecute suspect,
ed3f5f389c16d2c6c3167f38b45d1e4e1f097f714f9f2f6b4d3e35a19aa8af5f,2021-05,Humberside Police,Humberside Police,-0.387235,53.742432,On or near Airmyn Avenue,E01012865,Kingston upon Hull 027E,Shoplifting,Investigation complete; no suspect identified,
3bc91b389f3510dfff28f14b8317578cd640fb4018c58bac9f995ccc976c3803,2021-05,Humberside Police,Humberside Police,-0.382595,53.744014,On or near Supermarket,E01012865,Kingston upon Hull 027E,Shoplifting,Court result unavailable,
bd3707531fa0d6ca3eae504a681a1d1c73cd900396cddf6fe07a14b3ab2ca8ea,2021-05,Humberside Police,Humberside Police,-0.382370,53.743166,On or near Stirling Street,E01012865,Kingston upon Hull 027E,Vehicle crime,Investigation complete; no suspect identified,
47d75f7988437658775cb7e3ec427cec2009458d14fb6252c45906c16bc464de,2021-05,Humberside Police,Humberside Police,-0.383680,53.742609,On or near Hawthorn Court,E01012865,Kingston upon Hull 027E,Violence and sexual offences,Local resolution,
97e30f895d1b0bf3b69074b7baf86c380103309db3fa9fa5077763b16eb99ad4,2021-05,Humberside Police,Humberside Police,-0.383680,53.742609,On or near Hawthorn Court,E01012865,Kingston upon Hull 027E,Violence and sexual offences,Local resolution,
5bb13f36b90ae6157864698ed54066c7377b2f6f46cfc8dbb9efac982f3ea051,2021-05,Humberside Police,Humberside Police,-0.384305,53.744496,On or near Northfield Road,E01012865,Kingston upon Hull 027E,Violence and sexual offences,Unable to prosecute suspect,
d5946203d045e885f9d3799660064e88c8cee5fbb604383074d930ad279b3d64,2021-05,Humberside Police,Humberside Police,-0.382595,53.744014,On or near Supermarket,E01012865,Kingston upon Hull 027E,Violence and sexual offences,Investigation complete; no suspect identified,
b17c7ae368d24e8a42435a1950d2de5b3b78050eeb0530796666b875752fa7b7,2021-05,Humberside Police,Humberside Police,-0.383680,53.742609,On or near Hawthorn Court,E01012865,Kingston upon Hull 027E,Violence and sexual offences,Unable to prosecute suspect,
21d20d5c544f72c6f29e9f8e3bf49684770bca5aee21fd3b602c69db2a3aa9be,2021-05,Humberside Police,Humberside Police,-0.383680,53.742609,On or near Hawthorn Court,E01012865,Kingston upon Hull 027E,Violence and sexual offences,Unable to prosecute suspect,
bcca99c6c789cd7b009820eacc255e7f338535659325d70f442623230b179f00,2021-05,Humberside Police,Humberside Police,-0.383680,53.742609,On or near Hawthorn Court,E01012865,Kingston upon Hull 027E,Violence and sexual offences,Unable to prosecute suspect,
a1125663466fea15c9bcde4680c325cd1b0b3d366ce4274dac52da27865ae786,2021-05,Humberside Police,Humberside Police,-0.383680,53.742609,On or near Hawthorn Court,E01012865,Kingston upon Hull 027E,Violence and sexual offences,Unable to prosecute suspect,
a4e297220bb35776602c1e294f20e8d5a25ca542cb9f2e93de7fc552a58f1523,2021-05,Humberside Police,Humberside Police,-0.384305,53.744496,On or near Northfield Road,E01012865,Kingston upon Hull 027E,Violence and sexual offences,Unable to prosecute suspect,
892dbf4879de4976bc753ce5af8294f9e85b03f5020daf800f3daa9f477fbd0f,2021-05,Humberside Police,Humberside Police,-0.383680,53.742609,On or near Hawthorn Court,E01012865,Kingston upon Hull 027E,Violence and sexual offences,Unable to prosecute suspect,
abfce6c1249bc4c17059c27400f426624872104387417ad5979feb2ef9a90fcd,2021-05,Humberside Police,Humberside Police,-0.383680,53.742609,On or near Hawthorn Court,E01012865,Kingston upon Hull 027E,Violence and sexual offences,Unable to prosecute suspect,
85fed046978aba45bbcf536e0a1ca4e6089dd032de3adfdb4e9ffa8e6e772c79,2021-05,Humberside Police,Humberside Police,-0.382595,53.744014,On or near Supermarket,E01012865,Kingston upon Hull 027E,Violence and sexual offences,Unable to prosecute suspect,
13fafaf56ab70e7d6f16b59d7beda617e87900dbe47c8fb5ecc3d54df522d4e4,2021-05,Humberside Police,Humberside Police,-0.404096,53.741651,On or near Woodland End,E01012770,Kingston upon Hull 028A,Other theft,Unable to prosecute suspect,
41b1fbe07bdd7709149b677e26309017687400b14a6f25d61999154ee08c2fce,2021-05,Humberside Police,Humberside Police,-0.410896,53.741481,On or near The Roundway,E01012770,Kingston upon Hull 028A,Violence and sexual offences,Unable to prosecute suspect,
,2021-05,Humberside Police,Humberside Police,-0.400089,53.740150,On or near Police Station,E01012771,Kingston upon Hull 028B,Anti-social behaviour,,
cd72954444dc8b807dc78c55307681ccd1b6b0f570d9ad46f31b5e9e58a5ddfb,2021-05,Humberside Police,Humberside Police,-0.400089,53.740150,On or near Police Station,E01012771,Kingston upon Hull 028B,Criminal damage and arson,Status update unavailable,
1cbddabfaa6be83c137f3d8277279122d271dfe7143f75f613864557af0bfb3b,2021-05,Humberside Police,Humberside Police,-0.400151,53.740924,On or near Pickering Road,E01012771,Kingston upon Hull 028B,Criminal damage and arson,Court result unavailable,
d23947633b3acb60c1a4650f73597f6ac6d10bfa8803e2c8009772d96fd55bfc,2021-05,Humberside Police,Humberside Police,-0.400151,53.740924,On or near Pickering Road,E01012771,Kingston upon Hull 028B,Public order,Unable to prosecute suspect,
c945de0f5d13db33aeeeb79b23ee7e8fd93cc8efbab2a7d2687ec00d691c654b,2021-05,Humberside Police,Humberside Police,-0.398444,53.741558,On or near Crossfield Road,E01012771,Kingston upon Hull 028B,Violence and sexual offences,Offender given a caution,
1438af276b749b170d91d8adf590d7e9e864ac8786ca1065720537a29a1f3c8b,2021-05,Humberside Police,Humberside Police,-0.400151,53.740924,On or near Pickering Road,E01012771,Kingston upon Hull 028B,Violence and sexual offences,Unable to prosecute suspect,
ab343725b73bb3e094dbee8209a8986338aaf504514a1ef062f5470713717c74,2021-05,Humberside Police,Humberside Police,-0.396668,53.741597,On or near Eastfield Road,E01012771,Kingston upon Hull 028B,Violence and sexual offences,Offender given a caution,
d79b7f735c8d6a1eb2a3e1f93cc65f98878a7ecb2b9edb255ad98a0e93fb8067,2021-05,Humberside Police,Humberside Police,-0.398444,53.741558,On or near Crossfield Road,E01012771,Kingston upon Hull 028B,Violence and sexual offences,Offender given a caution,
9b5e0b98edfce1977b7c28c563423ad02ff52dd233fd38798d2a492c4d36bbd0,2021-05,Humberside Police,Humberside Police,-0.396668,53.741597,On or near Eastfield Road,E01012771,Kingston upon Hull 028B,Violence and sexual offences,Offender given a caution,
,2021-05,Humberside Police,Humberside Police,-0.388661,53.742811,On or near Kempton Road,E01012772,Kingston upon Hull 028C,Anti-social behaviour,,
f64a0593fd178c2b5cda6ee735272bc16fe6be1f503daf5ea34d5912d026eead,2021-05,Humberside Police,Humberside Police,-0.394295,53.747363,On or near Calvert Lane,E01012772,Kingston upon Hull 028C,Bicycle theft,Investigation complete; no suspect identified,
d0feabe3e9a44be745af7e2613e5f51a4df1d5e2abce55a513019d5596e248cc,2021-05,Humberside Police,Humberside Police,-0.393863,53.740409,On or near Boothferry Road,E01012772,Kingston upon Hull 028C,Burglary,Investigation complete; no suspect identified,
d24408afc94d7eaa5cf8d92659c8858844cd51fd4d99e422609c8d099a4d4ae6,2021-05,Humberside Police,Humberside Police,-0.393329,53.742469,On or near Buttermere Close,E01012772,Kingston upon Hull 028C,Public order,Unable to prosecute suspect,
,2021-05,Humberside Police,Humberside Police,-0.398119,53.749311,On or near Dunston Road,E01012775,Kingston upon Hull 028D,Anti-social behaviour,,
,2021-05,Humberside Police,Humberside Police,-0.403563,53.751307,On or near Ainthorpe Grove,E01012775,Kingston upon Hull 028D,Anti-social behaviour,,
673d7fee2c2daafcd2bb48bff50cb019473dc152936ab00c2cfaf01921522fea,2021-05,Humberside Police,Humberside Police,-0.396851,53.751523,On or near Aylesbury Grove,E01012775,Kingston upon Hull 028D,Burglary,Investigation complete; no suspect identified,
456d96fa36eafc7154e5666f6a1e96e127a6e8ca381007b962776de976f6a760,2021-05,Humberside Police,Humberside Police,-0.396851,53.751523,On or near Aylesbury Grove,E01012775,Kingston upon Hull 028D,Criminal damage and arson,Investigation complete; no suspect identified,
e1252933a1ca70f7b4dcd8036c936fdef7cec3255204c1208395f3a88549e861,2021-05,Humberside Police,Humberside Police,-0.398536,53.752696,On or near Bargate Grove,E01012775,Kingston upon Hull 028D,Criminal damage and arson,Action to be taken by another organisation,
e31022e14b83f3603cd85e2f7dc9bb9c0a504d95617c8e6044e8ff6b1b7b45a2,2021-05,Humberside Police,Humberside Police,-0.398119,53.749311,On or near Dunston Road,E01012775,Kingston upon Hull 028D,Criminal damage and arson,Investigation complete; no suspect identified,
a9b37ed087c9390c046806c6770fe50d1f89105f4801221a6dd85acfd1a18d9e,2021-05,Humberside Police,Humberside Police,-0.399871,53.751887,On or near Willerby Road,E01012775,Kingston upon Hull 028D,Criminal damage and arson,Unable to prosecute suspect,
7fb883ff5c4246c8385557c7d3fdb5fe22d6f9967b2165c31944a30c1a93dc7e,2021-05,Humberside Police,Humberside Police,-0.396447,53.752992,On or near Calvert Road,E01012775,Kingston upon Hull 028D,Criminal damage and arson,Unable to prosecute suspect,
aef9541f0d88def6e9ac594e1a340eb1b2514fff86d47511a904f7a64419f3d8,2021-05,Humberside Police,Humberside Police,-0.398659,53.751044,On or near Speeton Grove,E01012775,Kingston upon Hull 028D,Drugs,Further action is not in the public interest,
596e2536f254a14942386d10827da62378ed8d80dc3d141e71346533eec54866,2021-05,Humberside Police,Humberside Police,-0.396851,53.751523,On or near Aylesbury Grove,E01012775,Kingston upon Hull 028D,Public order,Investigation complete; no suspect identified,
d7964a6b8ead1aa37a3dce5f19a733dbce1af3add09e6e97854513e2a7e41d70,2021-05,Humberside Police,Humberside Police,-0.398366,53.752388,On or near Segrave Grove,E01012775,Kingston upon Hull 028D,Violence and sexual offences,Unable to prosecute suspect,
1c07e3ea4416dafd91c813500da5a8f1bef66d49ef94c0fb33b35b53898e084b,2021-05,Humberside Police,Humberside Police,-0.401383,53.750802,On or near Helmsley Grove,E01012775,Kingston upon Hull 028D,Violence and sexual offences,Action to be taken by another organisation,
5b4e03a05e043c6327f693e715c911a6f1119d3c9e837d2108f7a6fe0b1a8cb8,2021-05,Humberside Police,Humberside Police,-0.399871,53.751887,On or near Willerby Road,E01012775,Kingston upon Hull 028D,Violence and sexual offences,Unable to prosecute suspect,
d5aef3f00007d4d96136a684f0075080268ecc8eb8c0eebeefdf985c89a8ca22,2021-05,Humberside Police,Humberside Police,-0.396851,53.751523,On or near Aylesbury Grove,E01012775,Kingston upon Hull 028D,Violence and sexual offences,Unable to prosecute suspect,
e0478fc52ffbf23cfff0edd647b9149e0bb525a7064dd80b02ac769fffe70794,2021-05,Humberside Police,Humberside Police,-0.403563,53.751307,On or near Ainthorpe Grove,E01012775,Kingston upon Hull 028D,Violence and sexual offences,Formal action is not in the public interest,
76f3d9ec61011d451ea0a73639470c6f98514747b07bd18b419b469571d4d7ab,2021-05,Humberside Police,Humberside Police,-0.403563,53.751307,On or near Ainthorpe Grove,E01012775,Kingston upon Hull 028D,Violence and sexual offences,Unable to prosecute suspect,
476782c91aaab1659f2151d5cb6c28e3c5ce7f7b5ace8bff79095c4786ae4a36,2021-05,Humberside Police,Humberside Police,-0.396851,53.751523,On or near Aylesbury Grove,E01012775,Kingston upon Hull 028D,Violence and sexual offences,Status update unavailable,
,2021-05,Humberside Police,Humberside Police,-0.397832,53.745289,On or near Arcon Drive,E01012777,Kingston upon Hull 028E,Anti-social behaviour,,
,2021-05,Humberside Police,Humberside Police,-0.397832,53.745289,On or near Arcon Drive,E01012777,Kingston upon Hull 028E,Anti-social behaviour,,
,2021-05,Humberside Police,Humberside Police,-0.396200,53.745528,On or near Lindsey Place,E01012777,Kingston upon Hull 028E,Anti-social behaviour,,
,2021-05,Humberside Police,Humberside Police,-0.396200,53.745528,On or near Lindsey Place,E01012777,Kingston upon Hull 028E,Anti-social behaviour,,
,2021-05,Humberside Police,Humberside Police,-0.397832,53.745289,On or near Arcon Drive,E01012777,Kingston upon Hull 028E,Anti-social behaviour,,
,2021-05,Humberside Police,Humberside Police,-0.397832,53.745289,On or near Arcon Drive,E01012777,Kingston upon Hull 028E,Anti-social behaviour,,
01fd12a49a2a71c9c7e7b03fca33f26a2b97727527d87d4be835039624f9da87,2021-05,Humberside Police,Humberside Police,-0.397832,53.745289,On or near Arcon Drive,E01012777,Kingston upon Hull 028E,Criminal damage and arson,Investigation complete; no suspect identified,
ce5483820dd7c434674eb988a9bbbeaf49a3945e60a7ea05f9c699741e3c6c8e,2021-05,Humberside Police,Humberside Police,-0.396200,53.745528,On or near Lindsey Place,E01012777,Kingston upon Hull 028E,Criminal damage and arson,Investigation complete; no suspect identified,
3b44390a206ad9a452e18a4986cb6d5cb5df3b3a2cc69dfdf922a29f045b9ad0,2021-05,Humberside Police,Humberside Police,-0.398938,53.744504,On or near Anlaby Road,E01012777,Kingston upon Hull 028E,Criminal damage and arson,Investigation complete; no suspect identified,
911d5d90917fd010acf6e07108a77bd2297ca53ee97f99d9dc98fc41f692d1b9,2021-05,Humberside Police,Humberside Police,-0.398252,53.746598,On or near Sports/Recreation Area,E01012777,Kingston upon Hull 028E,Other theft,Unable to prosecute suspect,
dfe0d2f1855a6dabec5d46860e0c8dadf9901f2a10577b52a3f827a2adc79282,2021-05,Humberside Police,Humberside Police,-0.404720,53.745201,On or near Legarde Avenue,E01012777,Kingston upon Hull 028E,Public order,Court result unavailable,
82c618cd28adee62a17195aa38674e097b9b883f9c3ac8e294a0959625b51f23,2021-05,Humberside Police,Humberside Police,-0.404720,53.745201,On or near Legarde Avenue,E01012777,Kingston upon Hull 028E,Public order,Court result unavailable,
51faadd61a8c670054565b098019a7f39f74e2f5ec6dfbc1f2a08c7a72554ec6,2021-05,Humberside Police,Humberside Police,-0.399044,53.745305,On or near Parking Area,E01012777,Kingston upon Hull 028E,Public order,Unable to prosecute suspect,
5cd3ded7d983912448955e0ff3e66fc7c620ecad383e88bee31feb8c283a0c38,2021-05,Humberside Police,Humberside Police,-0.396200,53.745528,On or near Lindsey Place,E01012777,Kingston upon Hull 028E,Violence and sexual offences,Unable to prosecute suspect,
b476690e1f8bcdaaa0de2935f00e4c98b2cb82c3c6152c7afb8296e461089ba2,2021-05,Humberside Police,Humberside Police,-0.397832,53.745289,On or near Arcon Drive,E01012777,Kingston upon Hull 028E,Violence and sexual offences,Unable to prosecute suspect,
5d4814ea38d64f6f2361dc710f05e94e63ee28822ad9a449bfa866b5dba1d17b,2021-05,Humberside Police,Humberside Police,-0.397832,53.745289,On or near Arcon Drive,E01012777,Kingston upon Hull 028E,Violence and sexual offences,Unable to prosecute suspect,
,2021-05,Humberside Police,Humberside Police,-0.348111,53.742474,On or near Pease Street,E01012851,Kingston upon Hull 029A,Anti-social behaviour,,
,2021-05,Humberside Police,Humberside Police,-0.344424,53.751422,On or near Clifton Street,E01012851,Kingston upon Hull 029A,Anti-social behaviour,,
,2021-05,Humberside Police,Humberside Police,-0.351150,53.749672,On or near Walmsley Street,E01012851,Kingston upon Hull 029A,Anti-social behaviour,,
,2021-05,Humberside Police,Humberside Police,-0.345378,53.748352,On or near Pryme Street,E01012851,Kingston upon Hull 029A,Anti-social behaviour,,
,2021-05,Humberside Police,Humberside Police,-0.347571,53.745433,On or near Shopping Area,E01012851,Kingston upon Hull 029A,Anti-social behaviour,,
,2021-05,Humberside Police,Humberside Police,-0.348012,53.752730,On or near Beverley Road,E01012851,Kingston upon Hull 029A,Anti-social behaviour,,
,2021-05,Humberside Police,Humberside Police,-0.345378,53.748352,On or near Pryme Street,E01012851,Kingston upon Hull 029A,Anti-social behaviour,,
,2021-05,Humberside Police,Humberside Police,-0.351150,53.749672,On or near Walmsley Street,E01012851,Kingston upon Hull 029A,Anti-social behaviour,,
,2021-05,Humberside Police,Humberside Police,-0.351150,53.749672,On or near Walmsley Street,E01012851,Kingston upon Hull 029A,Anti-social behaviour,,
,2021-05,Humberside Police,Humberside Police,-0.346985,53.749920,On or near College Street,E01012851,Kingston upon Hull 029A,Anti-social behaviour,,
,2021-05,Humberside Police,Humberside Police,-0.354935,53.743638,On or near Arlington Street,E01012851,Kingston upon Hull 029A,Anti-social behaviour,,
,2021-05,Humberside Police,Humberside Police,-0.342179,53.747175,On or near Baker Street,E01012851,Kingston upon Hull 029A,Anti-social behaviour,,
,2021-05,Humberside Police,Humberside Police,-0.346985,53.749920,On or near College Street,E01012851,Kingston upon Hull 029A,Anti-social behaviour,,
,2021-05,Humberside Police,Humberside Police,-0.349455,53.742241,On or near Cambridge Street,E01012851,Kingston upon Hull 029A,Anti-social behaviour,,
,2021-05,Humberside Police,Humberside Police,-0.352637,53.743067,On or near Anlaby Road,E01012851,Kingston upon Hull 029A,Anti-social behaviour,,
,2021-05,Humberside Police,Humberside Police,-0.351531,53.745767,On or near Petrol Station,E01012851,Kingston upon Hull 029A,Anti-social behaviour,,
c0b4ea96b9f43da86cd87e67e4213f62ca8eb9c6f7b8ee8c897470328e9098ed,2021-05,Humberside Police,Humberside Police,-0.348012,53.752730,On or near Beverley Road,E01012851,Kingston upon Hull 029A,Burglary,Investigation complete; no suspect identified,
3a4975b957f0c2f2c16a953e1baa042974d78d66003fe08f86889343f4ce7c85,2021-05,Humberside Police,Humberside Police,-0.356031,53.742359,On or near Convent Lane,E01012851,Kingston upon Hull 029A,Burglary,Investigation complete; no suspect identified,
21aa44b27943b5c2b6a75be8126471a474f1dd5a3c914bd6f2408318829b982f,2021-05,Humberside Police,Humberside Police,-0.348111,53.742474,On or near Pease Street,E01012851,Kingston upon Hull 029A,Burglary,Investigation complete; no suspect identified,
b1b94434b9160442468eb77cff20696b3db57cec4e5a2f8aa81bc3d16bc13320,2021-05,Humberside Police,Humberside Police,-0.348012,53.752730,On or near Beverley Road,E01012851,Kingston upon Hull 029A,Criminal damage and arson,Investigation complete; no suspect identified,
10eb4b519b8d7e3bd76c94586f48ca0198be2c85358ecc6e37475eac0e9a4fe6,2021-05,Humberside Police,Humberside Police,-0.353690,53.746776,On or near Clarendon Street,E01012851,Kingston upon Hull 029A,Criminal damage and arson,Unable to prosecute suspect,
4350d11e7ffa9e8cb09bd913ea50dd7b9c431e2015a178fd80ebfda540757435,2021-05,Humberside Police,Humberside Police,-0.352637,53.743067,On or near Anlaby Road,E01012851,Kingston upon Hull 029A,Criminal damage and arson,Unable to prosecute suspect,
4c1171e9f37237581dd9ea56c9e8a543940534373687d996cdbb45f8536adbb1,2021-05,Humberside Police,Humberside Police,-0.342179,53.747175,On or near Baker Street,E01012851,Kingston upon Hull 029A,Criminal damage and arson,Investigation complete; no suspect identified,
937a6810695946fa877da647d8213942d469037b7c064d9c8a6c8559ea9c7626,2021-05,Humberside Police,Humberside Police,-0.353690,53.746776,On or near Clarendon Street,E01012851,Kingston upon Hull 029A,Criminal damage and arson,Unable to prosecute suspect,
64a26595441d0bd1726dc5f2be7055a7a30843c9e691d133855512e0a859591b,2021-05,Humberside Police,Humberside Police,-0.352637,53.743067,On or near Anlaby Road,E01012851,Kingston upon Hull 029A,Drugs,Offender given a caution,
03bd2a5d8f0e145a1945be014b316a73b0c0ddcb72985e912309e1cfa6deb871,2021-05,Humberside Police,Humberside Police,-0.352637,53.743067,On or near Anlaby Road,E01012851,Kingston upon Hull 029A,Drugs,Offender given a drugs possession warning,
9c8b72cea384438a2a38fe6319d18af28e82b8b38fcb9b45cc33bfa33cc82f5c,2021-05,Humberside Police,Humberside Police,-0.351150,53.749672,On or near Walmsley Street,E01012851,Kingston upon Hull 029A,Drugs,Formal action is not in the public interest,
775d3e11a913d2a3470726718c4fa309a14ba680e4d797fb541b0e06b1135cac,2021-05,Humberside Police,Humberside Police,-0.348111,53.742474,On or near Pease Street,E01012851,Kingston upon Hull 029A,Drugs,Court result unavailable,
511710c40239699d885655e50d4ddcceef17a0eb63ed8d364049a77092c37250,2021-05,Humberside Police,Humberside Police,-0.349481,53.745442,On or near Supermarket,E01012851,Kingston upon Hull 029A,Other theft,Investigation complete; no suspect identified,
86b7304e1b47708871ffea55f7433f1ad786895f8ed40e473322c9f3e542dbd9,2021-05,Humberside Police,Humberside Police,-0.348111,53.742474,On or near Pease Street,E01012851,Kingston upon Hull 029A,Other theft,Unable to prosecute suspect,
0c8b2b86cf4ef72197d3242a19452dd5fc84504dccffc4f4c695c5df5a63a466,2021-05,Humberside Police,Humberside Police,-0.349253,53.752028,On or near Grosvenor Street,E01012851,Kingston upon Hull 029A,Other theft,Investigation complete; no suspect identified,
3af4869a4e137c5e3e3bb29eebb0e25ef09e8b6299de9e43922e9a7a20a58841,2021-05,Humberside Police,Humberside Police,-0.342524,53.751512,On or near Woodbine Close,E01012851,Kingston upon Hull 029A,Other theft,Status update unavailable,
2f0b35c4ad917567b06b71d899502682624d4741c540f1ce54d10b912b803928,2021-05,Humberside Police,Humberside Police,-0.348461,53.750569,On or near Trafalgar Street,E01012851,Kingston upon Hull 029A,Other theft,Unable to prosecute suspect,
ed07e087c16aa410b7b5dcdfcee7e6bd14cc3fdbf6fbb79e2439e94860ee863c,2021-05,Humberside Police,Humberside Police,-0.349481,53.745442,On or near Supermarket,E01012851,Kingston upon Hull 029A,Possession of weapons,Unable to prosecute suspect,
36e11ab216e70b8de6cfb70130792a5243f6e8e3e26f736cd71b67dbf6a5707e,2021-05,Humberside Police,Humberside Police,-0.348111,53.742474,On or near Pease Street,E01012851,Kingston upon Hull 029A,Public order,Investigation complete; no suspect identified,
852cd843008d8d41d6189b39ee94ca2411f10c8c9fcebb29aed0111c97f2d5e7,2021-05,Humberside Police,Humberside Police,-0.348461,53.750569,On or near Trafalgar Street,E01012851,Kingston upon Hull 029A,Public order,Unable to prosecute suspect,
00ed1224754e1d292c675318533d156d7f34a829605fe9250f9024f80576ca77,2021-05,Humberside Police,Humberside Police,-0.345378,53.748352,On or near Pryme Street,E01012851,Kingston upon Hull 029A,Public order,Investigation complete; no suspect identified,
b05f6394aed2a24ec2003a6c6d3aec2e16499071d9eab36d734a7ebbdd610fc6,2021-05,Humberside Police,Humberside Police,-0.338621,53.752043,On or near Gibson Street,E01012851,Kingston upon Hull 029A,Public order,Unable to prosecute suspect,
82f4e3a1c86c16e75686986e9dbf20b7f3355729fc1f4cdf055ab4109ee1805c,2021-05,Humberside Police,Humberside Police,-0.352090,53.746206,On or near Park Street,E01012851,Kingston upon Hull 029A,Public order,Court result unavailable,
7d53fe880fd8bb1d20b4e1ff5d254552258c2bc69402e0c42e284b7712a6db40,2021-05,Humberside Police,Humberside Police,-0.348111,53.742474,On or near Pease Street,E01012851,Kingston upon Hull 029A,Public order,Unable to prosecute suspect,
ff5afa2be78aeb3699d6ece39255e084ce03e66302789d828590664023daaf52,2021-05,Humberside Police,Humberside Police,-0.342524,53.751512,On or near Woodbine Close,E01012851,Kingston upon Hull 029A,Public order,Unable to prosecute suspect,
c625e3acc6ffd0074f2c249c14ad198d10e3232f93f6b6d54b3a704ca8dbfa3e,2021-05,Humberside Police,Humberside Police,-0.349481,53.745442,On or near Supermarket,E01012851,Kingston upon Hull 029A,Public order,Investigation complete; no suspect identified,
a2114f217522d47208919163a41533d846809ba6aca43381d003698788a5f2ee,2021-05,Humberside Police,Humberside Police,-0.356031,53.742359,On or near Convent Lane,E01012851,Kingston upon Hull 029A,Public order,Court result unavailable,
9feafbd06a54206977caf54e06bb2fab14f7171316b6eeb43ca08d56549ef1d5,2021-05,Humberside Police,Humberside Police,-0.345375,53.746904,On or near North Street,E01012851,Kingston upon Hull 029A,Shoplifting,Investigation complete; no suspect identified,
7bf2ae703f56a5cc21e8a386088e7cf6c8b69865bb81b375f969b04d9054485c,2021-05,Humberside Police,Humberside Police,-0.349481,53.745442,On or near Supermarket,E01012851,Kingston upon Hull 029A,Shoplifting,Court result unavailable,
c6a75638a08940f2adf6f13412ece2ef81f29b5b534c20c92d5ba082b4668d69,2021-05,Humberside Police,Humberside Police,-0.349481,53.745442,On or near Supermarket,E01012851,Kingston upon Hull 029A,Shoplifting,Court result unavailable,
372c03df3a9337e620bf65ee2b506301d1bfb297ba895509beade70d54694c6f,2021-05,Humberside Police,Humberside Police,-0.349481,53.745442,On or near Supermarket,E01012851,Kingston upon Hull 029A,Shoplifting,Local resolution,
6dbd9c41d175c1e4e9a4d110afc9d081af9364650e16277d68e48e9d70c7bdce,2021-05,Humberside Police,Humberside Police,-0.349481,53.745442,On or near Supermarket,E01012851,Kingston upon Hull 029A,Shoplifting,Court result unavailable,
25116787131b933b28b44a3972909d6ad29ff85c15a4ca00e215d4ec79a7f071,2021-05,Humberside Police,Humberside Police,-0.349057,53.748528,On or near Hall Street,E01012851,Kingston upon Hull 029A,Shoplifting,Local resolution,
6bda1cb9e70fbbc592bfbb5b200fee20cfdfd82ea0f895f642fd1bd78c8b9295,2021-05,Humberside Police,Humberside Police,-0.349481,53.745442,On or near Supermarket,E01012851,Kingston upon Hull 029A,Shoplifting,Court result unavailable,
a249a94e33405e398ca0f71d51c6947c1bf55f4ecc532c70dcb9a3d3cd7c0750,2021-05,Humberside Police,Humberside Police,-0.349481,53.745442,On or near Supermarket,E01012851,Kingston upon Hull 029A,Shoplifting,Court result unavailable,
59fdad634af0a0d9f01229af10677069729945ad057a4eaa752251db33420cc3,2021-05,Humberside Police,Humberside Police,-0.349481,53.745442,On or near Supermarket,E01012851,Kingston upon Hull 029A,Shoplifting,Further investigation is not in the public interest,
f4900f5f97a63e51be7477d6aa414ae406dda1f889bd52ed1d1b237abd99b398,2021-05,Humberside Police,Humberside Police,-0.349481,53.745442,On or near Supermarket,E01012851,Kingston upon Hull 029A,Shoplifting,Local resolution,
738bccd18c0a909dc9e79df462d7b079d528de4c596d5e55fb78ed5482e55f79,2021-05,Humberside Police,Humberside Police,-0.347571,53.745433,On or near Shopping Area,E01012851,Kingston upon Hull 029A,Shoplifting,Investigation complete; no suspect identified,
9b10145b5daeaa2fd30e7560a84b57a3b00c4d1ca52ba58ed831e3fa1e704147,2021-05,Humberside Police,Humberside Police,-0.347571,53.745433,On or near Shopping Area,E01012851,Kingston upon Hull 029A,Shoplifting,Investigation complete; no suspect identified,
43dd0e387bc9cd24bf449720778044146937d312f982aca42eb2a7fe593d4370,2021-05,Humberside Police,Humberside Police,-0.347571,53.745433,On or near Shopping Area,E01012851,Kingston upon Hull 029A,Shoplifting,Investigation complete; no suspect identified,
7b9811b25197fa17b0d4bffc64be872e6ad670383087a61b247a4c9ab43ff75c,2021-05,Humberside Police,Humberside Police,-0.347571,53.745433,On or near Shopping Area,E01012851,Kingston upon Hull 029A,Shoplifting,Unable to prosecute suspect,
ac3ff8bba13abd7ab9d21170609c56325847d6bf9fb192bdc62b30a69f33a07e,2021-05,Humberside Police,Humberside Police,-0.349455,53.742241,On or near Cambridge Street,E01012851,Kingston upon Hull 029A,Vehicle crime,Investigation complete; no suspect identified,
ab1fc234e9e4df631c01ac93315ba5b44e9750e8c7feb602b7a44bf51e597cc5,2021-05,Humberside Police,Humberside Police,-0.349455,53.742241,On or near Cambridge Street,E01012851,Kingston upon Hull 029A,Violence and sexual offences,Unable to prosecute suspect,
2e90181b2d4c743f63781a784013101616ce1657ac8cf8393ef839aec0dbe408,2021-05,Humberside Police,Humberside Police,-0.356031,53.742359,On or near Convent Lane,E01012851,Kingston upon Hull 029A,Violence and sexual offences,Unable to prosecute suspect,
981f11582d7f812f2029c0681f50267533cbfea2d392b1231a4aadf678a60bd8,2021-05,Humberside Police,Humberside Police,-0.342901,53.750412,On or near Blake Close,E01012851,Kingston upon Hull 029A,Violence and sexual offences,Investigation complete; no suspect identified,
b74c429441012ea9445764551c173b813364763b89003d564b4c76997cc9e450,2021-05,Humberside Police,Humberside Police,-0.349455,53.742241,On or near Cambridge Street,E01012851,Kingston upon Hull 029A,Violence and sexual offences,Unable to prosecute suspect,
3b04e826782d6c581869150914c0ae99939c84ee80c99f575662d0ff04f4f53c,2021-05,Humberside Police,Humberside Police,-0.348461,53.750569,On or near Trafalgar Street,E01012851,Kingston upon Hull 029A,Violence and sexual offences,Unable to prosecute suspect,
70c505765b7f464d1ea9b832bd71aad5821b4452c7ee8c794f22e5457d4e9bae,2021-05,Humberside Police,Humberside Police,-0.346985,53.749920,On or near College Street,E01012851,Kingston upon Hull 029A,Violence and sexual offences,Unable to prosecute suspect,
8983aeeb96a57265a1b834aaaf835243d952f5963c8a249b5a53736d908c5ecb,2021-05,Humberside Police,Humberside Police,-0.345378,53.748352,On or near Pryme Street,E01012851,Kingston upon Hull 029A,Violence and sexual offences,Unable to prosecute suspect,
4dc1fa55cac754e60d3b7a2713d953151b06818ab48ad867c3055704415651fb,2021-05,Humberside Police,Humberside Police,-0.352637,53.743067,On or near Anlaby Road,E01012851,Kingston upon Hull 029A,Violence and sexual offences,Unable to prosecute suspect,
319f73e2655c9a2002a3c2748cd24bf2a3ed4991028e05eb00ea4af7ae55a36a,2021-05,Humberside Police,Humberside Police,-0.353045,53.746210,On or near Further/Higher Educational Building,E01012851,Kingston upon Hull 029A,Violence and sexual offences,Unable to prosecute suspect,
51b0bafbe4eac538be98bcd375f2b02bab65f46ff10f52c0ea4d81dfebd4db26,2021-05,Humberside Police,Humberside Police,-0.348111,53.742474,On or near Pease Street,E01012851,Kingston upon Hull 029A,Violence and sexual offences,Unable to prosecute suspect,
803420a615047419889d3f7883b57af1ef1722bf73804fb1be7bc5a02aec48b7,2021-05,Humberside Police,Humberside Police,-0.348111,53.742474,On or near Pease Street,E01012851,Kingston upon Hull 029A,Violence and sexual offences,Unable to prosecute suspect,
7ea8c6d0528c3db389f70c463a91ed42b4603ce1ea3fd4b6a239d436cee1ad4f,2021-05,Humberside Police,Humberside Police,-0.342901,53.750412,On or near Blake Close,E01012851,Kingston upon Hull 029A,Violence and sexual offences,Unable to prosecute suspect,
e0680cb57647fd5a9ea37d196a6685036380e83f5c447c3c19f6e0c7f9fac0d0,2021-05,Humberside Police,Humberside Police,-0.349455,53.742241,On or near Cambridge Street,E01012851,Kingston upon Hull 029A,Violence and sexual offences,Unable to prosecute suspect,
b4bde833a1544ee0590766752151467bf0b2b84ee3ec20585a5dad81697b0236,2021-05,Humberside Police,Humberside Police,-0.353045,53.746210,On or near Further/Higher Educational Building,E01012851,Kingston upon Hull 029A,Violence and sexual offences,Investigation complete; no suspect identified,
30a0b45873e02c1d2bc883edfcb6c280890b191c322d5b76b1c2ae18116e41b1,2021-05,Humberside Police,Humberside Police,-0.348111,53.742474,On or near Pease Street,E01012851,Kingston upon Hull 029A,Violence and sexual offences,Further action is not in the public interest,
f27399b5aae4a0d88f152594ca8c94cac26a36c0b604fa0919518a8ad5c15caf,2021-05,Humberside Police,Humberside Police,-0.342901,53.750412,On or near Blake Close,E01012851,Kingston upon Hull 029A,Violence and sexual offences,Unable to prosecute suspect,
3f3fa63ce7d99a98a6f55d1135414c187366bc932d60c4baf9ae56b358d30876,2021-05,Humberside Police,Humberside Police,-0.346985,53.749920,On or near College Street,E01012851,Kingston upon Hull 029A,Violence and sexual offences,Unable to prosecute suspect,
fb79cf400ebfa76d7d416f61ddb294e1fa7e3eb39a402072ad61206497b81e30,2021-05,Humberside Police,Humberside Police,-0.348012,53.752730,On or near Beverley Road,E01012851,Kingston upon Hull 029A,Violence and sexual offences,Unable to prosecute suspect,
f358d14ffb4eca7bdab1e0d06416089bb8d0879965dfe33ed5bf99137ba49ddb,2021-05,Humberside Police,Humberside Police,-0.349455,53.742241,On or near Cambridge Street,E01012851,Kingston upon Hull 029A,Violence and sexual offences,Unable to prosecute suspect,
e3c51222789472029abc8f557c9f5044885b57bbf7933a426d3bca2a08aa5987,2021-05,Humberside Police,Humberside Police,-0.342023,53.747289,On or near Percy Street,E01012851,Kingston upon Hull 029A,Violence and sexual offences,Court result unavailable,
111415b1603f1e4e26b862cbcc6d4c4fecd5cd7648bfc942f67c3294e0b30c3c,2021-05,Humberside Police,Humberside Police,-0.352637,53.743067,On or near Anlaby Road,E01012851,Kingston upon Hull 029A,Violence and sexual offences,Unable to prosecute suspect,
5ec287947761d7c305113ecb227f83b78351db7577949bceee45609e34f4326b,2021-05,Humberside Police,Humberside Police,-0.349481,53.745442,On or near Supermarket,E01012851,Kingston upon Hull 029A,Other crime,Investigation complete; no suspect identified,
,2021-05,Humberside Police,Humberside Police,-0.347167,53.739873,On or near William Street,E01012854,Kingston upon Hull 029C,Anti-social behaviour,,
,2021-05,Humberside Police,Humberside Police,-0.345922,53.741464,On or near Melville Street,E01012854,Kingston upon Hull 029C,Anti-social behaviour,,
3071bf3966a17c1a3e4dfa54a4bf59c8b322f32f48b908ac22336b39e6859f18,2021-05,Humberside Police,Humberside Police,-0.346696,53.742617,On or near Midland Street,E01012854,Kingston upon Hull 029C,Bicycle theft,Investigation complete; no suspect identified,
48984acdeac7282e8116996d40c8ac03071d97de2a7e0df5b84a484e64bbd7a5,2021-05,Humberside Police,Humberside Police,-0.345572,53.740345,On or near Cogan Street,E01012854,Kingston upon Hull 029C,Burglary,Investigation complete; no suspect identified,
1adb45e1db5ef4434d2dc8e69915d88277cd0591788ec3a8e0696adf7725a54f,2021-05,Humberside Police,Humberside Police,-0.346696,53.742617,On or near Midland Street,E01012854,Kingston upon Hull 029C,Criminal damage and arson,Unable to prosecute suspect,
e8bdd398cdcadc9ca9fce51729a46ad47ffa2a17731b730ab62f22f4fbc35330,2021-05,Humberside Police,Humberside Police,-0.339180,53.742090,On or near Shopping Area,E01012854,Kingston upon Hull 029C,Criminal damage and arson,Investigation complete; no suspect identified,
f7ef7f74bc2e8c8bc369cc4794a950c3061125de4039525ccb0d005f3f9a554f,2021-05,Humberside Police,Humberside Police,-0.348899,53.741335,On or near Hobart Street,E01012854,Kingston upon Hull 029C,Criminal damage and arson,Status update unavailable,
c2439eb37f6a27ea3a25ef70fae66daa3a3a966c3bc5858917e1ae4948678687,2021-05,Humberside Police,Humberside Police,-0.350173,53.739006,On or near Bathurst Street,E01012854,Kingston upon Hull 029C,Criminal damage and arson,Investigation complete; no suspect identified,
9473fb02f2ac3fa684e6119651d54c3fcd91af4d10baf8889da297fecd229085,2021-05,Humberside Police,Humberside Police,-0.339107,53.738179,On or near Halyard Croft,E01012854,Kingston upon Hull 029C,Criminal damage and arson,Investigation complete; no suspect identified,
660b5f36a2161e64c96888bcc3f9a0332324d747762520d666eb9451592b36d3,2021-05,Humberside Police,Humberside Police,-0.339107,53.738179,On or near Halyard Croft,E01012854,Kingston upon Hull 029C,Criminal damage and arson,Investigation complete; no suspect identified,
32965fb724b4f5661b8e1854d7160883dce777720a7ac9ad99409e6f7304ee42,2021-05,Humberside Police,Humberside Police,-0.346696,53.742617,On or near Midland Street,E01012854,Kingston upon Hull 029C,Drugs,Court result unavailable,
c95ef2463f23053a171ed87978e55284420b74345cd54d2c045d8149dfaa2c01,2021-05,Humberside Police,Humberside Police,-0.344198,53.740569,On or near Mytongate,E01012854,Kingston upon Hull 029C,Drugs,Local resolution,
75bcc46b2ca5a2fa95be08896fecad8092ee9211e14969be0046b66ce89c58e0,2021-05,Humberside Police,Humberside Police,-0.339180,53.742090,On or near Shopping Area,E01012854,Kingston upon Hull 029C,Other theft,Investigation complete; no suspect identified,
07b83f68cf670d0fa098561155e6f30821fa44eb5b531c282735ac549232d4d8,2021-05,Humberside Police,Humberside Police,-0.339180,53.742090,On or near Shopping Area,E01012854,Kingston upon Hull 029C,Other theft,Investigation complete; no suspect identified,
f99e599929da68e9e21cae9077654c5a5c08194bfd4c4bf66f8c2a3a10af62b9,2021-05,Humberside Police,Humberside Police,-0.345572,53.740345,On or near Cogan Street,E01012854,Kingston upon Hull 029C,Other theft,Investigation complete; no suspect identified,
1577c30332d3a3cabadc41d520c984efe05c83eee2ba42f02389c3f127afb2ae,2021-05,Humberside Police,Humberside Police,-0.345572,53.740345,On or near Cogan Street,E01012854,Kingston upon Hull 029C,Other theft,Investigation complete; no suspect identified,
038733750ab5e55028c8dae1734c59da40a05d5fadccf6fd2be9ed86917dee3a,2021-05,Humberside Police,Humberside Police,-0.351689,53.737085,On or near Edgar Street,E01012854,Kingston upon Hull 029C,Public order,Court result unavailable,
23a47e76ee451c83604c9e323e5f3042679233ad7d30487828aac880f19a67bb,2021-05,Humberside Police,Humberside Police,-0.345572,53.740345,On or near Cogan Street,E01012854,Kingston upon Hull 029C,Public order,Unable to prosecute suspect,
1518bd1a7a9d05fa339cd7a0fa819365ef9c9749e72cd4d99a9d2e4237b909b2,2021-05,Humberside Police,Humberside Police,-0.346696,53.742617,On or near Midland Street,E01012854,Kingston upon Hull 029C,Public order,Unable to prosecute suspect,
d24f0d7a68ddee826731fd5e34110906eee31114fdf1f44584d44cbe3a9b0fd1,2021-05,Humberside Police,Humberside Police,-0.350173,53.739006,On or near Bathurst Street,E01012854,Kingston upon Hull 029C,Public order,Further investigation is not in the public interest,
b626fc8c85d286955f6456706571df82aec0a7713890544cd22ae04a59342b7a,2021-05,Humberside Police,Humberside Police,-0.351689,53.737085,On or near Edgar Street,E01012854,Kingston upon Hull 029C,Public order,Unable to prosecute suspect,
fd92066167ac530258f43a1e39fc491bfd5f5563407cf6ceb89d3a2cd5458d6b,2021-05,Humberside Police,Humberside Police,-0.346696,53.742617,On or near Midland Street,E01012854,Kingston upon Hull 029C,Robbery,Unable to prosecute suspect,
32479fbb0e5c6e39313929911cd6c227cb546fd57453f5c5242ff5b9b40a070e,2021-05,Humberside Police,Humberside Police,-0.346696,53.742617,On or near Midland Street,E01012854,Kingston upon Hull 029C,Shoplifting,Unable to prosecute suspect,
ebc2a8d15fd3aa86bfc9d3eda6ed0da473d4326c6d1c75d9f14f1b9ef230f4e9,2021-05,Humberside Police,Humberside Police,-0.339180,53.742090,On or near Shopping Area,E01012854,Kingston upon Hull 029C,Shoplifting,Investigation complete; no suspect identified,
1a4838892f644a9e86216e4055ac28e35a1e0e24ec8239aa8b5c5450ca4e0712,2021-05,Humberside Police,Humberside Police,-0.344433,53.739224,On or near Parking Area,E01012854,Kingston upon Hull 029C,Shoplifting,Investigation complete; no suspect identified,
909c3acf3c0f18ed25bc873399a5b9d316ca159185bb26070011e1f8d53b8e72,2021-05,Humberside Police,Humberside Police,-0.339180,53.742090,On or near Shopping Area,E01012854,Kingston upon Hull 029C,Shoplifting,Court result unavailable,
d1c698f8c1c272f51e852a3072e161fb95019c4d60f6580b169a809f4cfc73ab,2021-05,Humberside Police,Humberside Police,-0.339180,53.742090,On or near Shopping Area,E01012854,Kingston upon Hull 029C,Shoplifting,Court result unavailable,
0d2859f3dbf00d5cc1a9337eaa41d5d79ff80bd9d9b3291e0114dc722a27ae5b,2021-05,Humberside Police,Humberside Police,-0.348353,53.740572,On or near Adelaide Street,E01012854,Kingston upon Hull 029C,Violence and sexual offences,Unable to prosecute suspect,
7441d49de4cbabf112c2c07d61b1e12aabf90ed9c6b4aa480fc8df6b2e2299e9,2021-05,Humberside Police,Humberside Police,-0.341972,53.741661,On or near Trundle Street,E01012854,Kingston upon Hull 029C,Violence and sexual offences,Unable to prosecute suspect,
d93e23a0e00a01b6fbed099575909e49f9c187d4ac10d4d3314a76986bfe11be,2021-05,Humberside Police,Humberside Police,-0.348367,53.740204,On or near Porter Street,E01012854,Kingston upon Hull 029C,Violence and sexual offences,Court result unavailable,
54860c90b7e8130d192ed3e1f80c59ff12db750a2736055c1d22310e40710f59,2021-05,Humberside Police,Humberside Police,-0.345572,53.740345,On or near Cogan Street,E01012854,Kingston upon Hull 029C,Violence and sexual offences,Unable to prosecute suspect,
b60cbdf5e4e73b322306e96e255627d7ecd83ca0cd7469a43cec44a591eb2035,2021-05,Humberside Police,Humberside Police,-0.351822,53.738714,On or near Neville Close,E01012854,Kingston upon Hull 029C,Violence and sexual offences,Unable to prosecute suspect,
3074a863a109d5cc6b5a9f5a34493a58d157380a8e25c2c9cb8dfd1c09e99ede,2021-05,Humberside Police,Humberside Police,-0.352696,53.738456,On or near Quantock Close,E01012854,Kingston upon Hull 029C,Violence and sexual offences,Unable to prosecute suspect,
5fa8c1ea2e19fb6b78a802236cc246fac7146fa565022e8bce95cf6c37a6ea3e,2021-05,Humberside Police,Humberside Police,-0.352696,53.738456,On or near Quantock Close,E01012854,Kingston upon Hull 029C,Violence and sexual offences,Unable to prosecute suspect,
311b0d842f2ddf486d9852c0ba6d920cab4ec0a2ae48f78ef9263c66ac328bc3,2021-05,Humberside Police,Humberside Police,-0.339180,53.742090,On or near Shopping Area,E01012854,Kingston upon Hull 029C,Violence and sexual offences,Unable to prosecute suspect,
de88934e944c61da1ac6e12d12c9a2f8ca0f60664691e06c0ec5a3c411261f92,2021-05,Humberside Police,Humberside Police,-0.345572,53.740345,On or near Cogan Street,E01012854,Kingston upon Hull 029C,Violence and sexual offences,Investigation complete; no suspect identified,
f54b22d07ba1040da95ba58e8789b70f85485e5b5fcfa46b777bec34aa3c56cb,2021-05,Humberside Police,Humberside Police,-0.350173,53.739006,On or near Bathurst Street,E01012854,Kingston upon Hull 029C,Violence and sexual offences,Unable to prosecute suspect,
0da4fdb6c54efa9d9575540e903db3e23af7fa741cd7da4d30288adc8bdc5fc9,2021-05,Humberside Police,Humberside Police,-0.345572,53.740345,On or near Cogan Street,E01012854,Kingston upon Hull 029C,Violence and sexual offences,Court result unavailable,
9610069ba0aec646d2fdde149d8f748f8079531b6f1d31748a458d9bca219e1e,2021-05,Humberside Police,Humberside Police,-0.345572,53.740345,On or near Cogan Street,E01012854,Kingston upon Hull 029C,Violence and sexual offences,Unable to prosecute suspect,
6c357a5390d3782e08286bc760c373a28112cfe1a33a6bdad43090689e019914,2021-05,Humberside Police,Humberside Police,-0.346696,53.742617,On or near Midland Street,E01012854,Kingston upon Hull 029C,Violence and sexual offences,Unable to prosecute suspect,
6fb12d86e759b81cd6413ac14934ceb09a980b3d9caeb15a0a9f6575f37a7a14,2021-05,Humberside Police,Humberside Police,-0.350173,53.739006,On or near Bathurst Street,E01012854,Kingston upon Hull 029C,Violence and sexual offences,Unable to prosecute suspect,
912ab44b941b6d8661ef5e89b18942e8bc32f537019294868ee130fc9ee6078f,2021-05,Humberside Police,Humberside Police,-0.346696,53.742617,On or near Midland Street,E01012854,Kingston upon Hull 029C,Violence and sexual offences,Unable to prosecute suspect,
05b077240216217a37d6b8f3f31ddca47b776a1075b1f4e1507b25a5b74ba022,2021-05,Humberside Police,Humberside Police,-0.345572,53.740345,On or near Cogan Street,E01012854,Kingston upon Hull 029C,Violence and sexual offences,Investigation complete; no suspect identified,
6648722fb5d5aede7eb4f1684eac0dc83a277304e5110ed6116949ae9772a50b,2021-05,Humberside Police,Humberside Police,-0.346696,53.742617,On or near Midland Street,E01012854,Kingston upon Hull 029C,Violence and sexual offences,Unable to prosecute suspect,
83d3a71a711d98ed8f5ad673ab0bb5a0f89dfbf9edeffdfd5ee01cb3e30724cd,2021-05,Humberside Police,Humberside Police,-0.349952,53.739605,On or near Canberra Street,E01012854,Kingston upon Hull 029C,Violence and sexual offences,Unable to prosecute suspect,
925603659f93adf8da4f8f5e0242cf04dc79f05e16b6eae88eb93c24791b3b4d,2021-05,Humberside Police,Humberside Police,-0.346696,53.742617,On or near Midland Street,E01012854,Kingston upon Hull 029C,Violence and sexual offences,Unable to prosecute suspect,
f7a1f75c27d5537b022b2c24063b5b7d2ef1db05e1fa41a6e816bbc6cf18ca7c,2021-05,Humberside Police,Humberside Police,-0.345572,53.740345,On or near Cogan Street,E01012854,Kingston upon Hull 029C,Other crime,Action to be taken by another organisation,
95d48ebf301ac1955ba6c952ac01f28aa554996ea12882a2b271d1c841b00564,2021-05,Humberside Police,Humberside Police,-0.350173,53.739006,On or near Bathurst Street,E01012854,Kingston upon Hull 029C,Other crime,Action to be taken by another organisation,
1ee8bed826fa5008e4d96484768147b0cd62bec3fff162dfad34114629beb503,2021-05,Humberside Police,Humberside Police,-0.346696,53.742617,On or near Midland Street,E01012854,Kingston upon Hull 029C,Other crime,Unable to prosecute suspect,
,2021-05,Humberside Police,Humberside Police,-0.353092,53.741914,On or near Sorbus Court,E01012855,Kingston upon Hull 029D,Anti-social behaviour,,
,2021-05,Humberside Police,Humberside Police,-0.353412,53.739140,On or near Firethorn Close,E01012855,Kingston upon Hull 029D,Anti-social behaviour,,
,2021-05,Humberside Police,Humberside Police,-0.358954,53.742057,On or near Regent Close,E01012855,Kingston upon Hull 029D,Anti-social behaviour,,
,2021-05,Humberside Police,Humberside Police,-0.353092,53.741914,On or near Sorbus Court,E01012855,Kingston upon Hull 029D,Anti-social behaviour,,
9d6da462bfd783b4c2a35a36764af90c65c4443762409b31a952bbdba237e91a,2021-05,Humberside Police,Humberside Police,-0.354054,53.741729,On or near Blackthorn Court,E01012855,Kingston upon Hull 029D,Burglary,Unable to prosecute suspect,
ebd85ffa54a42cbc34587ad0c2a05512a69bdcb3ba628a8d018ccabbdf5e8578,2021-05,Humberside Police,Humberside Police,-0.356624,53.737656,On or near Thornwick Close,E01012855,Kingston upon Hull 029D,Burglary,Investigation complete; no suspect identified,
2ff52d216fbc53ae66d7b6ef86fe121da3c78f0270683b9779a1c624b6cbdcb8,2021-05,Humberside Police,Humberside Police,-0.359762,53.744288,On or near Parking Area,E01012855,Kingston upon Hull 029D,Criminal damage and arson,Investigation complete; no suspect identified,
411c11fc9afff663fb4e62560cc22efa8498178d3f5b79eae295712e0c45c442,2021-05,Humberside Police,Humberside Police,-0.363464,53.743854,On or near Bus/Coach Station,E01012855,Kingston upon Hull 029D,Drugs,Offender given a drugs possession warning,
fe7d859510f7a438b5007ab54a787a2984c1717117c2b67ef5aa40197c8091ee,2021-05,Humberside Police,Humberside Police,-0.356581,53.740326,On or near Magnolia Court,E01012855,Kingston upon Hull 029D,Possession of weapons,Court result unavailable,
b6d973bf136ffbe065a3a2c35808015a47bacb2447189e8f008dd087acd5212c,2021-05,Humberside Police,Humberside Police,-0.354241,53.738127,On or near Redfern Close,E01012855,Kingston upon Hull 029D,Public order,Unable to prosecute suspect,
86ab9ef537025c7cbcb0256427285a5058b61864ef354fa49fb5b4453c4d406b,2021-05,Humberside Police,Humberside Police,-0.356670,53.738808,On or near Berberis Close,E01012855,Kingston upon Hull 029D,Public order,Unable to prosecute suspect,
e056ec1f6cecce034e80eb4d5eb1bba6f450232d926942c75d8f5aabf35f61b1,2021-05,Humberside Police,Humberside Police,-0.353092,53.741914,On or near Sorbus Court,E01012855,Kingston upon Hull 029D,Violence and sexual offences,Further action is not in the public interest,
52e44ebb01f92cc12bdfe41e5dde38c809c4b1204ae4451616b8c7ff7031454a,2021-05,Humberside Police,Humberside Police,-0.353092,53.741914,On or near Sorbus Court,E01012855,Kingston upon Hull 029D,Violence and sexual offences,Unable to prosecute suspect,
0c833bd5ded7cac5d864047c33d085a8b5401874f670720a38ba6807b49fed34,2021-05,Humberside Police,Humberside Police,-0.363804,53.743310,On or near Anlaby Road,E01012855,Kingston upon Hull 029D,Violence and sexual offences,Unable to prosecute suspect,
180da64ce66182933157b05df50ab79223e5758c23fa3f9fd6eacc1db974ebb4,2021-05,Humberside Police,Humberside Police,-0.352201,53.740256,On or near Sports/Recreation Area,E01012855,Kingston upon Hull 029D,Violence and sexual offences,Unable to prosecute suspect,
7a5c8f734e7d6ba29308f362a9e7e60a50c3728aa6ee9a1728b0f762c2d8d631,2021-05,Humberside Police,Humberside Police,-0.352201,53.740256,On or near Sports/Recreation Area,E01012855,Kingston upon Hull 029D,Violence and sexual offences,Formal action is not in the public interest,
ead531b33e4004fbcc130dda947f169c5d88b6c4fed6c9491cf738a498bf7095,2021-05,Humberside Police,Humberside Police,-0.352201,53.740256,On or near Sports/Recreation Area,E01012855,Kingston upon Hull 029D,Violence and sexual offences,Unable to prosecute suspect,
a03741541057685ddf7eda9d2e1319f04d0c3850d1ba6181f6fc105b088d0438,2021-05,Humberside Police,Humberside Police,-0.358954,53.742057,On or near Regent Close,E01012855,Kingston upon Hull 029D,Violence and sexual offences,Status update unavailable,
32410ed99053e9edc9cb6b7c51a34bb652d2ded9959532cb73a64bd3b35b40e0,2021-05,Humberside Police,Humberside Police,-0.352201,53.740256,On or near Sports/Recreation Area,E01012855,Kingston upon Hull 029D,Violence and sexual offences,Unable to prosecute suspect,
37705486ae5fd78da0f6b1eb3ec3cd544d4431f20d26c7418b670e6acb28d3c2,2021-05,Humberside Police,Humberside Police,-0.353092,53.741914,On or near Sorbus Court,E01012855,Kingston upon Hull 029D,Violence and sexual offences,Unable to prosecute suspect,
608fa66e6373d3dd8b11ee458436b16d1d685501690aad06d6f7874e3176a4ee,2021-05,Humberside Police,Humberside Police,-0.355299,53.738205,On or near Vauxhall Grove,E01012855,Kingston upon Hull 029D,Violence and sexual offences,Action to be taken by another organisation,
e57fe180257c264bda60f9208644b7494c9e41692210003d8f296c97b61c811d,2021-05,Humberside Police,Humberside Police,-0.352201,53.740256,On or near Sports/Recreation Area,E01012855,Kingston upon Hull 029D,Violence and sexual offences,Formal action is not in the public interest,
58054c0b3a35bfe686e5a94d7ac1975894e9cef48a3cb4bdb5a947f88a3fc178,2021-05,Humberside Police,Humberside Police,-0.363464,53.743854,On or near Bus/Coach Station,E01012855,Kingston upon Hull 029D,Violence and sexual offences,Unable to prosecute suspect,
c14c81d8bb99dfbd0cc642d2a5e7920470b25cf461218d263ac18ddf16dd535a,2021-05,Humberside Police,Humberside Police,-0.363464,53.743854,On or near Bus/Coach Station,E01012855,Kingston upon Hull 029D,Violence and sexual offences,Unable to prosecute suspect,
8f59f50a8045bcd308601cc92261ae15dc20aa08a177aa4a8749ae6a99a5ddb4,2021-05,Humberside Police,Humberside Police,-0.363464,53.743854,On or near Bus/Coach Station,E01012855,Kingston upon Hull 029D,Violence and sexual offences,Unable to prosecute suspect,
11b47b12a4600219d7708d015a3f2f7953d095b5dbbce3e63d0ea3b2a0b2632a,2021-05,Humberside Police,Humberside Police,-0.354241,53.738127,On or near Redfern Close,E01012855,Kingston upon Hull 029D,Violence and sexual offences,Unable to prosecute suspect,
a2e947a232143bf0f43e45800c143e0082adea015245dcf26c3076e1186bf688,2021-05,Humberside Police,Humberside Police,-0.353092,53.741914,On or near Sorbus Court,E01012855,Kingston upon Hull 029D,Violence and sexual offences,Unable to prosecute suspect,
ffdf7898d9dcae1b4c1b8848f9a69302d4f6bc0b9df6bcd10641e49ceb8944a4,2021-05,Humberside Police,Humberside Police,-0.358954,53.742057,On or near Regent Close,E01012855,Kingston upon Hull 029D,Violence and sexual offences,Unable to prosecute suspect,
9d5c5978085f2dc620ee672bf0b028fff88e5ae14e59406ae3dbbba85376618d,2021-05,Humberside Police,Humberside Police,-0.356670,53.738808,On or near Berberis Close,E01012855,Kingston upon Hull 029D,Violence and sexual offences,Unable to prosecute suspect,
148e3192b0f6de36564b4b83571fc05e603f009554efc7ae3a95599717ecf034,2021-05,Humberside Police,Humberside Police,-0.353092,53.741914,On or near Sorbus Court,E01012855,Kingston upon Hull 029D,Violence and sexual offences,Unable to prosecute suspect,
bd057c6496c958de6e7ce03b42510d9e2e7b98fd68286730af38c6ca6e4c1d34,2021-05,Humberside Police,Humberside Police,-0.357669,53.740808,On or near Firglades Court,E01012855,Kingston upon Hull 029D,Violence and sexual offences,Unable to prosecute suspect,
18c8cb445c12e754fb43c591aee216df8ccd43919178bf5e4e207e6fb5f0c815,2021-05,Humberside Police,Humberside Police,-0.352201,53.740256,On or near Sports/Recreation Area,E01012855,Kingston upon Hull 029D,Violence and sexual offences,Unable to prosecute suspect,
b947d83b605790b9580c2508a641a199d8b5708eeac0e804d20b1ca574c1ab9d,2021-05,Humberside Police,Humberside Police,-0.353882,53.741475,On or near Hazel Grove,E01012855,Kingston upon Hull 029D,Violence and sexual offences,Unable to prosecute suspect,
f6ed16b3245db8a59ff3764e09709c06c9acea8f8e660f89a9b7a96fd41f8d69,2021-05,Humberside Police,Humberside Police,-0.357251,53.739858,On or near Midgley Close,E01012855,Kingston upon Hull 029D,Violence and sexual offences,Action to be taken by another organisation,
bbef9e9c15597a7b5a2278afa647fa3eb73df0f790b49c37609b5c8dfa6bf8cf,2021-05,Humberside Police,Humberside Police,-0.355299,53.738205,On or near Vauxhall Grove,E01012855,Kingston upon Hull 029D,Violence and sexual offences,Investigation complete; no suspect identified,
2350a80f05e1c7ec9f51a94bf8112ef6746288c31b30978b220f1a2f1ab4afae,2021-05,Humberside Police,Humberside Police,-0.352201,53.740256,On or near Sports/Recreation Area,E01012855,Kingston upon Hull 029D,Violence and sexual offences,Unable to prosecute suspect,
85fabe4708f394439752413c2dcf66cc2dc534662720cde9ca40820e113d97e1,2021-05,Humberside Police,Humberside Police,-0.356083,53.734808,On or near Daltry Street,E01012855,Kingston upon Hull 029D,Other crime,Unable to prosecute suspect,
b9ef50496df122d9c8aeb085ef6f04a8b16c62f1d44fc5eb01ae0b27001d3126,2021-05,Humberside Police,Humberside Police,-0.363804,53.743310,On or near Anlaby Road,E01012855,Kingston upon Hull 029D,Other crime,Action to be taken by another organisation,
,2021-05,Humberside Police,Humberside Police,-0.333491,53.738326,On or near Nelson Street,E01033104,Kingston upon Hull 029E,Anti-social behaviour,,
,2021-05,Humberside Police,Humberside Police,-0.336626,53.742253,On or near Posterngate,E01033104,Kingston upon Hull 029E,Anti-social behaviour,,
,2021-05,Humberside Police,Humberside Police,-0.334316,53.743146,On or near Land Of Green Ginger,E01033104,Kingston upon Hull 029E,Anti-social behaviour,,
,2021-05,Humberside Police,Humberside Police,-0.341418,53.745321,On or near King Edward Street,E01033104,Kingston upon Hull 029E,Anti-social behaviour,,
,2021-05,Humberside Police,Humberside Police,-0.344562,53.743261,On or near Carr Lane,E01033104,Kingston upon Hull 029E,Anti-social behaviour,,
,2021-05,Humberside Police,Humberside Police,-0.346955,53.744904,On or near Margaret Moxon Way,E01033104,Kingston upon Hull 029E,Anti-social behaviour,,
,2021-05,Humberside Police,Humberside Police,-0.344562,53.743261,On or near Carr Lane,E01033104,Kingston upon Hull 029E,Anti-social behaviour,,
,2021-05,Humberside Police,Humberside Police,-0.336626,53.742253,On or near Posterngate,E01033104,Kingston upon Hull 029E,Anti-social behaviour,,
,2021-05,Humberside Police,Humberside Police,-0.334346,53.741996,On or near North Church Side,E01033104,Kingston upon Hull 029E,Anti-social behaviour,,
,2021-05,Humberside Police,Humberside Police,-0.339880,53.745111,On or near Jameson Street,E01033104,Kingston upon Hull 029E,Anti-social behaviour,,
,2021-05,Humberside Police,Humberside Police,-0.344562,53.743261,On or near Carr Lane,E01033104,Kingston upon Hull 029E,Anti-social behaviour,,
,2021-05,Humberside Police,Humberside Police,-0.344562,53.743261,On or near Carr Lane,E01033104,Kingston upon Hull 029E,Anti-social behaviour,,
,2021-05,Humberside Police,Humberside Police,-0.342632,53.745311,On or near Burden Street,E01033104,Kingston upon Hull 029E,Anti-social behaviour,,
,2021-05,Humberside Police,Humberside Police,-0.343300,53.745671,On or near Shopping Area,E01033104,Kingston upon Hull 029E,Anti-social behaviour,,
,2021-05,Humberside Police,Humberside Police,-0.341418,53.745321,On or near King Edward Street,E01033104,Kingston upon Hull 029E,Anti-social behaviour,,
,2021-05,Humberside Police,Humberside Police,-0.340524,53.743772,On or near Theatre/Concert Hall,E01033104,Kingston upon Hull 029E,Anti-social behaviour,,
,2021-05,Humberside Police,Humberside Police,-0.334316,53.743146,On or near Land Of Green Ginger,E01033104,Kingston upon Hull 029E,Anti-social behaviour,,
,2021-05,Humberside Police,Humberside Police,-0.333962,53.738683,On or near Nelson Court,E01033104,Kingston upon Hull 029E,Anti-social behaviour,,
,2021-05,Humberside Police,Humberside Police,-0.343648,53.742988,On or near Parking Area,E01033104,Kingston upon Hull 029E,Anti-social behaviour,,
,2021-05,Humberside Police,Humberside Police,-0.332607,53.741882,On or near Parking Area,E01033104,Kingston upon Hull 029E,Anti-social behaviour,,
,2021-05,Humberside Police,Humberside Police,-0.335716,53.738806,On or near Humber Place,E01033104,Kingston upon Hull 029E,Anti-social behaviour,,
,2021-05,Humberside Police,Humberside Police,-0.343648,53.742988,On or near Parking Area,E01033104,Kingston upon Hull 029E,Anti-social behaviour,,
,2021-05,Humberside Police,Humberside Police,-0.344710,53.746068,On or near Brook Street,E01033104,Kingston upon Hull 029E,Anti-social behaviour,,
,2021-05,Humberside Police,Humberside Police,-0.343300,53.745671,On or near Shopping Area,E01033104,Kingston upon Hull 029E,Anti-social behaviour,,
fc846d200848f78bbe6b488b494f647898224ff27dce79847403ff4c497e722c,2021-05,Humberside Police,Humberside Police,-0.341818,53.744015,On or near Paragon Street,E01033104,Kingston upon Hull 029E,Bicycle theft,Investigation complete; no suspect identified,
2cfe87225d47ce795bd0d405b24d5a9a1f28f20698f8ce8c7a4ebac69faf0670,2021-05,Humberside Police,Humberside Police,-0.341818,53.744015,On or near Paragon Street,E01033104,Kingston upon Hull 029E,Bicycle theft,Investigation complete; no suspect identified,
91be434f55091d10adf0c8ec8de5e65f8a935c027b1b24a9d9df0fe5d4ddfd0f,2021-05,Humberside Police,Humberside Police,-0.342632,53.745311,On or near Burden Street,E01033104,Kingston upon Hull 029E,Burglary,Court result unavailable,
2db15d322a89ba274b4401f7e0531b6eee55ef58afd1f7c17b52997785f16d2c,2021-05,Humberside Police,Humberside Police,-0.333491,53.738326,On or near Nelson Street,E01033104,Kingston upon Hull 029E,Criminal damage and arson,Investigation complete; no suspect identified,
f5443d370cf40a5a5ffaac2efc446a271ed0e58696e12bbe101c20e1a4433f62,2021-05,Humberside Police,Humberside Police,-0.339880,53.745111,On or near Jameson Street,E01033104,Kingston upon Hull 029E,Criminal damage and arson,Investigation complete; no suspect identified,
df0b2a36b5d233c326ed0eeaf019c45b9756d6de527d8552f18358c7f37cff3b,2021-05,Humberside Police,Humberside Police,-0.333491,53.738326,On or near Nelson Street,E01033104,Kingston upon Hull 029E,Criminal damage and arson,Investigation complete; no suspect identified,
884f0c4367b5ce59305b5e72e516a3c8e245f06bb7f7d7a91f397bdb86e13a66,2021-05,Humberside Police,Humberside Police,-0.337185,53.745389,On or near Dock Street,E01033104,Kingston upon Hull 029E,Criminal damage and arson,Investigation complete; no suspect identified,
23ca23b8ffe9002049602776c3aef1bde2e75ad64fd20491e93cf5af85560a63,2021-05,Humberside Police,Humberside Police,-0.343648,53.742988,On or near Parking Area,E01033104,Kingston upon Hull 029E,Criminal damage and arson,Court result unavailable,
78eca32ea44a89e0cb14cf8fbe5827579d3fa44752cb2d8eada6681edffab839,2021-05,Humberside Police,Humberside Police,-0.344562,53.743261,On or near Carr Lane,E01033104,Kingston upon Hull 029E,Criminal damage and arson,Investigation complete; no suspect identified,
c2c3cf5ddefbab0bbee672059d76ff517e8609da84b6fd5a028d15a5e487014f,2021-05,Humberside Police,Humberside Police,-0.341931,53.746165,On or near Story Street,E01033104,Kingston upon Hull 029E,Criminal damage and arson,Local resolution,
76409572b5d219aae101551759c1089bfe35451cfece1c39b13d1ff3708e7a3e,2021-05,Humberside Police,Humberside Police,-0.340524,53.743772,On or near Theatre/Concert Hall,E01033104,Kingston upon Hull 029E,Criminal damage and arson,Offender given a caution,
ee4c13cd000d5b188bad756e33c08b3f107718cc8a4f2b18186bb1b50d9ac40a,2021-05,Humberside Police,Humberside Police,-0.343104,53.742945,On or near Anne Street,E01033104,Kingston upon Hull 029E,Drugs,Offender given a drugs possession warning,
9378eea1fbd4f68c4491fbc2c869750e4d6eb5c4d1f1c715d0bf9c749313e36e,2021-05,Humberside Police,Humberside Police,-0.333380,53.744203,On or near Alfred Gelder Street,E01033104,Kingston upon Hull 029E,Drugs,Action to be taken by another organisation,
64342e2edf5278773d454574714e98051b012f3ab6a5df2934f9beb63b5bb5f0,2021-05,Humberside Police,Humberside Police,-0.344562,53.743261,On or near Carr Lane,E01033104,Kingston upon Hull 029E,Drugs,Status update unavailable,
8bd6fbf5900860a0c0869bbf8fc3121b075e0ceee0bbdd7682e5bb0fd8ff81de,2021-05,Humberside Police,Humberside Police,-0.334346,53.741996,On or near North Church Side,E01033104,Kingston upon Hull 029E,Drugs,Local resolution,
f6d024ba37c9c13cf7a32ea67cddba1493ec181ab3e19c9c0ec86db08e176f71,2021-05,Humberside Police,Humberside Police,-0.343104,53.742945,On or near Anne Street,E01033104,Kingston upon Hull 029E,Other theft,Investigation complete; no suspect identified,
b9c4a004af4dd1347629560242cd2b32b5b5771eb2e610bb8eba08df4908ef9e,2021-05,Humberside Police,Humberside Police,-0.346955,53.744904,On or near Margaret Moxon Way,E01033104,Kingston upon Hull 029E,Other theft,Investigation complete; no suspect identified,
44dc4e61cb0a62c0011e4614e580459bc49733e6ca4ef56489261350901b8776,2021-05,Humberside Police,Humberside Police,-0.345501,53.741360,On or near Upper Union Street,E01033104,Kingston upon Hull 029E,Other theft,Unable to prosecute suspect,
a209b252ec6ab7718075e4c51567a0b2f273fa986a93cd0f28e14d022248a22e,2021-05,Humberside Police,Humberside Police,-0.340135,53.747101,On or near Union Street,E01033104,Kingston upon Hull 029E,Other theft,Unable to prosecute suspect,
46b64cab5eef16fd8d4863e5f9e153ec99cff6c739dbcee12a6d6fa219e07aef,2021-05,Humberside Police,Humberside Police,-0.337185,53.745389,On or near Dock Street,E01033104,Kingston upon Hull 029E,Other theft,Investigation complete; no suspect identified,
9282c78618bcec4830eb98d92faf32c24bb6b0851f40d36a8efde1b4694f6a61,2021-05,Humberside Police,Humberside Police,-0.342632,53.745311,On or near Burden Street,E01033104,Kingston upon Hull 029E,Other theft,Investigation complete; no suspect identified,
d95ca9e99c7a8b49206be86d04e86531c677dc4e7673b30ac66660bcf950bcd8,2021-05,Humberside Police,Humberside Police,-0.334555,53.745918,On or near Queen'S Dock Avenue,E01033104,Kingston upon Hull 029E,Public order,Unable to prosecute suspect,
eb794d52f1c048e0f319c9be02bdbe7654d0f6ab2e86ab82e0d8de6ec474a6b0,2021-05,Humberside Police,Humberside Police,-0.340524,53.743772,On or near Theatre/Concert Hall,E01033104,Kingston upon Hull 029E,Public order,Unable to prosecute suspect,
87fc69e8f4c72a1c68bcc36def127da4881e9661eedeacc11eff047f9bcbe6cd,2021-05,Humberside Police,Humberside Police,-0.343648,53.742988,On or near Parking Area,E01033104,Kingston upon Hull 029E,Public order,Investigation complete; no suspect identified,
305f8e6627764963a640b69da78f5dac008340af4b97d831ca57f715b431aa85,2021-05,Humberside Police,Humberside Police,-0.333491,53.738326,On or near Nelson Street,E01033104,Kingston upon Hull 029E,Public order,Investigation complete; no suspect identified,
7b1857858df45a6494718b0e4c297add6ea2c337ec173421e867f31340cfd3e8,2021-05,Humberside Police,Humberside Police,-0.344961,53.746629,On or near Shopping Area,E01033104,Kingston upon Hull 029E,Public order,Unable to prosecute suspect,
2b9182f3738c4a58357f76d5eec71189dcc031166936efafd54d617f0045e92b,2021-05,Humberside Police,Humberside Police,-0.346955,53.744904,On or near Margaret Moxon Way,E01033104,Kingston upon Hull 029E,Public order,Unable to prosecute suspect,
1b32a91bc7c36aa8516d42ecfce24e5b58f56b55184d205e5272ea606ff99511,2021-05,Humberside Police,Humberside Police,-0.339880,53.745111,On or near Jameson Street,E01033104,Kingston upon Hull 029E,Public order,Unable to prosecute suspect,
164d8618fb517bcca4099264b16efad70774bd095a8af0a940ad8aa623eb4ba9,2021-05,Humberside Police,Humberside Police,-0.343648,53.742988,On or near Parking Area,E01033104,Kingston upon Hull 029E,Public order,Further investigation is not in the public interest,
37bf9ac3d64a61e2d841d34d91802442c97269fad5554cad1900c37998138635,2021-05,Humberside Police,Humberside Police,-0.334733,53.746029,On or near Police Station,E01033104,Kingston upon Hull 029E,Public order,Unable to prosecute suspect,
5233f9e0db3ce30ca962de4f733acfbc6cd8889f39869560df2be2587084726d,2021-05,Humberside Police,Humberside Police,-0.331001,53.742992,On or near High Street,E01033104,Kingston upon Hull 029E,Public order,Court result unavailable,
fc6f4036cf351a23dd8151adfece68beece14c2bcef606a7bb71077834c492b4,2021-05,Humberside Police,Humberside Police,-0.343104,53.742945,On or near Anne Street,E01033104,Kingston upon Hull 029E,Public order,Court result unavailable,
44dbfe3c0574d4973d0c443a3998373108db154275c93c546a764cecbccb6103,2021-05,Humberside Police,Humberside Police,-0.341418,53.745321,On or near King Edward Street,E01033104,Kingston upon Hull 029E,Public order,Investigation complete; no suspect identified,
9909cec61f5ed50e55febd36bf61d1e1250602da7deeb5eb5a166654cd1fbef3,2021-05,Humberside Police,Humberside Police,-0.340524,53.743772,On or near Theatre/Concert Hall,E01033104,Kingston upon Hull 029E,Public order,Local resolution,
d69b9a21c990a85b24c88dfdc0f57dc5334ad42fcf5c892ce64245c96ba52e3f,2021-05,Humberside Police,Humberside Police,-0.344562,53.743261,On or near Carr Lane,E01033104,Kingston upon Hull 029E,Public order,Court result unavailable,
4d3711f51366f8dc70c1ed437b8543e289008e99862e4a57b1fef913b0f95946,2021-05,Humberside Police,Humberside Police,-0.344562,53.743261,On or near Carr Lane,E01033104,Kingston upon Hull 029E,Public order,Offender given a caution,
ccd5425708bf22162bc8911929377f870c7622441fcd50f282a5895d775570fe,2021-05,Humberside Police,Humberside Police,-0.346599,53.745087,On or near Bus/Coach Station,E01033104,Kingston upon Hull 029E,Public order,Investigation complete; no suspect identified,
f6bf8549b0fb6115f373796f53196f994d3ee504c524c6ad5e57b9ef30a3eeac,2021-05,Humberside Police,Humberside Police,-0.334637,53.741155,On or near Vicar Lane,E01033104,Kingston upon Hull 029E,Public order,Investigation complete; no suspect identified,
11916c56edadc4124e9628ff800fbe13583965eb4c6d7d1cb6ebef8c857f3712,2021-05,Humberside Police,Humberside Police,-0.340524,53.743772,On or near Theatre/Concert Hall,E01033104,Kingston upon Hull 029E,Public order,Investigation complete; no suspect identified,
fffdf1ba4eab8d5babe2fb6dfd1e39295151b42e22940ef9571d2b99030706c9,2021-05,Humberside Police,Humberside Police,-0.334316,53.743146,On or near Land Of Green Ginger,E01033104,Kingston upon Hull 029E,Public order,Investigation complete; no suspect identified,
3e054232e4a3dd13753e83228e3b04493e7de895e7aef37243d4834a12857ba4,2021-05,Humberside Police,Humberside Police,-0.343104,53.742945,On or near Anne Street,E01033104,Kingston upon Hull 029E,Public order,Investigation complete; no suspect identified,
cae8e3afd3eb74f524c8511949b81af68cb69c5ec44d1e2db74fad37c7695954,2021-05,Humberside Police,Humberside Police,-0.333294,53.744840,On or near Parking Area,E01033104,Kingston upon Hull 029E,Public order,Unable to prosecute suspect,
066f09eb15a3c099c816adb560ef5511dc62c335c127a47d683e52409f7d843d,2021-05,Humberside Police,Humberside Police,-0.336014,53.741615,On or near King Street,E01033104,Kingston upon Hull 029E,Public order,Investigation complete; no suspect identified,
5f6818a87bf18f024253bf9075f5589ac5ca6a0fe1bb01d0736426385347cd30,2021-05,Humberside Police,Humberside Police,-0.331001,53.742992,On or near High Street,E01033104,Kingston upon Hull 029E,Public order,Court result unavailable,
6d5d5ca3e7811cbcb5c744ac3fffd498c34c6096f170d87787abdddee7371476,2021-05,Humberside Police,Humberside Police,-0.341418,53.745321,On or near King Edward Street,E01033104,Kingston upon Hull 029E,Public order,Unable to prosecute suspect,
b42cc2359b60c3b3c03509bcd6f8b9c4675bd0e14b9976cc7093582d397b6b2e,2021-05,Humberside Police,Humberside Police,-0.342632,53.745311,On or near Burden Street,E01033104,Kingston upon Hull 029E,Public order,Investigation complete; no suspect identified,
dd2dc4b2a7a22e003d96ef2124880b521f6f50de8485f61ab063b6b55f249649,2021-05,Humberside Police,Humberside Police,-0.338991,53.744578,On or near Savile Street,E01033104,Kingston upon Hull 029E,Public order,Unable to prosecute suspect,
556ad5a1a0f4f39d808f55f74859f6b555f2b9a178729d420d210872d6c15388,2021-05,Humberside Police,Humberside Police,-0.343235,53.744232,On or near South Street,E01033104,Kingston upon Hull 029E,Public order,Investigation complete; no suspect identified,
3befae9a2f6ce618b648d0bbd5cbf7d4ca2834a166177e67d77ee528ad7ee9b7,2021-05,Humberside Police,Humberside Police,-0.342632,53.745311,On or near Burden Street,E01033104,Kingston upon Hull 029E,Public order,Unable to prosecute suspect,
aa34fec2740181a02783caa06ad6754068f6ae7c4b2404e00bb12ce7624a00d9,2021-05,Humberside Police,Humberside Police,-0.337922,53.742073,On or near Princes Dock Street,E01033104,Kingston upon Hull 029E,Public order,Unable to prosecute suspect,
8bbb62cc62b28122d83ba9c8eeb1766266e21624c8cc52ff08abab48de760cd5,2021-05,Humberside Police,Humberside Police,-0.342020,53.744278,On or near Chapel Street,E01033104,Kingston upon Hull 029E,Public order,Investigation complete; no suspect identified,
5ef1cd41147baeb2cea86abf757da186b4264ad1702bedcd95593e6f346d2a42,2021-05,Humberside Police,Humberside Police,-0.341320,53.746668,On or near Albion Street,E01033104,Kingston upon Hull 029E,Public order,Court result unavailable,
a391dbba487356b3f1e71a05ccba85860e4f3411a7d08a570dd9a5d66a910a2f,2021-05,Humberside Police,Humberside Police,-0.332607,53.741882,On or near Parking Area,E01033104,Kingston upon Hull 029E,Public order,Unable to prosecute suspect,
4d6b2310232836015c8ac1e97a6e6e9a62fc5f1134b3d392ea2fc137603a10eb,2021-05,Humberside Police,Humberside Police,-0.339880,53.745111,On or near Jameson Street,E01033104,Kingston upon Hull 029E,Robbery,Investigation complete; no suspect identified,
91ef64cf0155a4b7be89f49d9f077644b80b57c36baa7ff67f56b3c8ff454282,2021-05,Humberside Police,Humberside Police,-0.346599,53.745087,On or near Bus/Coach Station,E01033104,Kingston upon Hull 029E,Robbery,Unable to prosecute suspect,
1a65157a2430dc6f8839f5a0f879cebfca3228369e0107fb0d9d8622d9bfdedb,2021-05,Humberside Police,Humberside Police,-0.337922,53.742073,On or near Princes Dock Street,E01033104,Kingston upon Hull 029E,Robbery,Investigation complete; no suspect identified,
9d8cfaf1625ef0605388e062a067f04029566b9c1df0b42992378f1ea34ab819,2021-05,Humberside Police,Humberside Police,-0.343300,53.745671,On or near Shopping Area,E01033104,Kingston upon Hull 029E,Shoplifting,Court result unavailable,
95b305e38de0947af9cf808f6d10f9f5d29d6dbf26b63d868b5057b922c44e8b,2021-05,Humberside Police,Humberside Police,-0.341154,53.743547,On or near Carr Lane,E01033104,Kingston upon Hull 029E,Shoplifting,Unable to prosecute suspect,
d82c43ea0591f88d8ba1807c10109147381ef76e18e1b9b01fc493cfb3a99449,2021-05,Humberside Police,Humberside Police,-0.343300,53.745671,On or near Shopping Area,E01033104,Kingston upon Hull 029E,Shoplifting,Further investigation is not in the public interest,
297e1ee1e4dbc923df0dca0065fb32a6db8cc2e726d435143f8772ddc984e0bf,2021-05,Humberside Police,Humberside Police,-0.346599,53.745087,On or near Bus/Coach Station,E01033104,Kingston upon Hull 029E,Shoplifting,Investigation complete; no suspect identified,
2100c1fb879229306c20f86d5825ca13861980aa1be30ecdc94ef704aac9ce5e,2021-05,Humberside Police,Humberside Police,-0.344710,53.746068,On or near Brook Street,E01033104,Kingston upon Hull 029E,Shoplifting,Unable to prosecute suspect,
3b4595c10568adacab0c0b8d49f94c80019a4448cd53da04cad0e45bbbcf88a6,2021-05,Humberside Police,Humberside Police,-0.346599,53.745087,On or near Bus/Coach Station,E01033104,Kingston upon Hull 029E,Shoplifting,Local resolution,
76cc709c8af81c9b5fe6b734812181dab31172229f8f6fd5b19b970d58ed5543,2021-05,Humberside Police,Humberside Police,-0.343300,53.745671,On or near Shopping Area,E01033104,Kingston upon Hull 029E,Shoplifting,Investigation complete; no suspect identified,
b497aa42bc2be750422aa637d259a0018e0bce0107dd18a8e66f05ad62ef61ae,2021-05,Humberside Police,Humberside Police,-0.346955,53.744904,On or near Margaret Moxon Way,E01033104,Kingston upon Hull 029E,Shoplifting,Court result unavailable,
3c16b196fc9e10248650f9f32c0caa2e4dba030519df5da49062c09eeed76f4f,2021-05,Humberside Police,Humberside Police,-0.343300,53.745671,On or near Shopping Area,E01033104,Kingston upon Hull 029E,Shoplifting,Unable to prosecute suspect,
cf2396208b2f579dd1371ec633ff89619193233297510c94b08d8de84b04aa88,2021-05,Humberside Police,Humberside Police,-0.341154,53.743547,On or near Carr Lane,E01033104,Kingston upon Hull 029E,Shoplifting,Court result unavailable,
499d17837b180efdee0139295e267a7eade84ccaa9f3e26dc9aa2032176a38a5,2021-05,Humberside Police,Humberside Police,-0.344710,53.746068,On or near Brook Street,E01033104,Kingston upon Hull 029E,Shoplifting,Court result unavailable,
731e74cda5b22606b57a1e217e3cb314ee793d8218cbfd9a16e414f9e758ab97,2021-05,Humberside Police,Humberside Police,-0.343300,53.745671,On or near Shopping Area,E01033104,Kingston upon Hull 029E,Shoplifting,Investigation complete; no suspect identified,
5878b9dcb3b9b4b0abafbd6aed2eaea068453241a2835663bd244886877477ac,2021-05,Humberside Police,Humberside Police,-0.341418,53.745321,On or near King Edward Street,E01033104,Kingston upon Hull 029E,Shoplifting,Status update unavailable,
2fd4284a5ead32af4636d3999cd860536572b52cf191cfb443128523ab7ae447,2021-05,Humberside Police,Humberside Police,-0.346599,53.745087,On or near Bus/Coach Station,E01033104,Kingston upon Hull 029E,Shoplifting,Court result unavailable,
1430ef43fedef73ad4beefe8b646807d192b64e34172ef6c0904a0b3f299dec1,2021-05,Humberside Police,Humberside Police,-0.344710,53.746068,On or near Brook Street,E01033104,Kingston upon Hull 029E,Shoplifting,Court result unavailable,
8fb94193c442f39fd5c9e155172f5c0570e80ab78879497d15ef9802f6451860,2021-05,Humberside Police,Humberside Police,-0.346599,53.745087,On or near Bus/Coach Station,E01033104,Kingston upon Hull 029E,Shoplifting,Local resolution,
04e29ef2f688338e96219519227b389059f61f8f8410a554664a1c87cb98c7f4,2021-05,Humberside Police,Humberside Police,-0.343300,53.745671,On or near Shopping Area,E01033104,Kingston upon Hull 029E,Shoplifting,Further investigation is not in the public interest,
6cae401073d9caad0c25de4aec4f9daa0cd64763a59c39c09b316b071ae5b5a9,2021-05,Humberside Police,Humberside Police,-0.343300,53.745671,On or near Shopping Area,E01033104,Kingston upon Hull 029E,Shoplifting,Court result unavailable,
011b5a08be4dcfb612d538458b7202cc7c2ae84a0be1911aee5fe33ff641a52f,2021-05,Humberside Police,Humberside Police,-0.334316,53.743146,On or near Land Of Green Ginger,E01033104,Kingston upon Hull 029E,Shoplifting,Court result unavailable,
6d739e394b06412a9f5117c55b204c3d4bce2e625e14b78eaaaf01b61a5a309e,2021-05,Humberside Police,Humberside Police,-0.336626,53.742253,On or near Posterngate,E01033104,Kingston upon Hull 029E,Shoplifting,Court result unavailable,
e94497291313907ba18c9362dc2c14291920c13cd759828a6cc12bbb439bc1fd,2021-05,Humberside Police,Humberside Police,-0.346599,53.745087,On or near Bus/Coach Station,E01033104,Kingston upon Hull 029E,Shoplifting,Offender given a caution,
f6ef7ae352d0bde92cdd01bbcf42f7f35d8090f1fe229d6f2071722834ec321f,2021-05,Humberside Police,Humberside Police,-0.342632,53.745311,On or near Burden Street,E01033104,Kingston upon Hull 029E,Shoplifting,Court result unavailable,
b498e6c496cdb946385f0f328613897cc9893909fe2d1e8f9840231f7454e56c,2021-05,Humberside Police,Humberside Police,-0.344710,53.746068,On or near Brook Street,E01033104,Kingston upon Hull 029E,Shoplifting,Court result unavailable,
78b842c46ae907779b0c95b7cf1f4f615e2353c02a2873e48a984629b947e57a,2021-05,Humberside Police,Humberside Police,-0.344710,53.746068,On or near Brook Street,E01033104,Kingston upon Hull 029E,Shoplifting,Court result unavailable,
6bea47cd840bd4fb1007c6c7951502938f4846bf263e5391e93f43b5b12ab0b0,2021-05,Humberside Police,Humberside Police,-0.346599,53.745087,On or near Bus/Coach Station,E01033104,Kingston upon Hull 029E,Shoplifting,Local resolution,
10effa26413183ae39d62a73b648d9b424a38084db5b422f016a5102023d563a,2021-05,Humberside Police,Humberside Police,-0.344710,53.746068,On or near Brook Street,E01033104,Kingston upon Hull 029E,Shoplifting,Investigation complete; no suspect identified,
9a79ead172da375cedd6270afbdd8d27a96749a764012b71258efa1cc991750f,2021-05,Humberside Police,Humberside Police,-0.344710,53.746068,On or near Brook Street,E01033104,Kingston upon Hull 029E,Shoplifting,Local resolution,
efe6f820b618cf1eecc959b222bbb12772435d9157344ae438571b7562ea2698,2021-05,Humberside Police,Humberside Police,-0.343300,53.745671,On or near Shopping Area,E01033104,Kingston upon Hull 029E,Shoplifting,Court result unavailable,
39f41a5ae7665bd71b1df356f1541f5545bfff8ca5d3c76311fd2a0712cb93a9,2021-05,Humberside Police,Humberside Police,-0.344710,53.746068,On or near Brook Street,E01033104,Kingston upon Hull 029E,Theft from the person,Investigation complete; no suspect identified,
bc5a816adf31632e31996fa39cb8df43598dba838712d39e68c945af18653c04,2021-05,Humberside Police,Humberside Police,-0.345812,53.743494,On or near Theatre/Concert Hall,E01033104,Kingston upon Hull 029E,Theft from the person,Investigation complete; no suspect identified,
d62c5cae35ba90a356ddf5b4011e44f06a1bad9275000fdd5dba5968e7d01ede,2021-05,Humberside Police,Humberside Police,-0.344710,53.746068,On or near Brook Street,E01033104,Kingston upon Hull 029E,Theft from the person,Investigation complete; no suspect identified,
e2a7b70955884e77d9611e1d4fc9d27b9acb5c91c068ddfd9a1e59ba19315ed0,2021-05,Humberside Police,Humberside Police,-0.343104,53.742945,On or near Anne Street,E01033104,Kingston upon Hull 029E,Vehicle crime,Unable to prosecute suspect,
09421639cc612ab3fc2fd10d3f35f971f470e08d3bd80a409a7e309210158337,2021-05,Humberside Police,Humberside Police,-0.343300,53.745671,On or near Shopping Area,E01033104,Kingston upon Hull 029E,Vehicle crime,Investigation complete; no suspect identified,
c5421b1a8afa017a3785d2449629eaa3f1cad6cbceb2684c4d83db2e3c294ada,2021-05,Humberside Police,Humberside Police,-0.341320,53.746668,On or near Albion Street,E01033104,Kingston upon Hull 029E,Violence and sexual offences,Court result unavailable,
1901919d2b506a69719dbe65822d49940d11bbc12f6765c353ccaebd8b5353c6,2021-05,Humberside Police,Humberside Police,-0.334316,53.743146,On or near Land Of Green Ginger,E01033104,Kingston upon Hull 029E,Violence and sexual offences,Offender given a caution,
2f5e98ba4c56683721cb890c8ac226c5fef479da677dd01186b8cf8ae148a79a,2021-05,Humberside Police,Humberside Police,-0.345812,53.743494,On or near Theatre/Concert Hall,E01033104,Kingston upon Hull 029E,Violence and sexual offences,Court result unavailable,
33f92dae9cce005123641a7dd609cfa29903850b018580307506e7cd28d4e4a0,2021-05,Humberside Police,Humberside Police,-0.337922,53.742073,On or near Princes Dock Street,E01033104,Kingston upon Hull 029E,Violence and sexual offences,Investigation complete; no suspect identified,
c20ea01a1981c71d9a88c358d882d2af970c3f66415ed16b0900d7c71ae5967a,2021-05,Humberside Police,Humberside Police,-0.342632,53.745311,On or near Burden Street,E01033104,Kingston upon Hull 029E,Violence and sexual offences,Investigation complete; no suspect identified,
7c159e54e489bea9ee83053d84fc71279e46bcadb2f493047101fefbc6031342,2021-05,Humberside Police,Humberside Police,-0.343104,53.742945,On or near Anne Street,E01033104,Kingston upon Hull 029E,Violence and sexual offences,Unable to prosecute suspect,
8baa859aaba8beef156cf286f59ab1f8d16b2e462f410f07a2eaf928e6464e85,2021-05,Humberside Police,Humberside Police,-0.333509,53.739405,On or near Queen Street,E01033104,Kingston upon Hull 029E,Violence and sexual offences,Court result unavailable,
248bbf7b1214555ce9761ae0a24db824826fe908c4195cb041120602045fbb38,2021-05,Humberside Police,Humberside Police,-0.341418,53.745321,On or near King Edward Street,E01033104,Kingston upon Hull 029E,Violence and sexual offences,Unable to prosecute suspect,
fd89855d74bd04f3cd2c23d2f92488f5739c3681485cac42def942d090adfa7f,2021-05,Humberside Police,Humberside Police,-0.343648,53.742988,On or near Parking Area,E01033104,Kingston upon Hull 029E,Violence and sexual offences,Court result unavailable,
a07190b59ed76f443ef74685ae06fc1baf8f66c6d483eb252d70513bbabed71b,2021-05,Humberside Police,Humberside Police,-0.343648,53.742988,On or near Parking Area,E01033104,Kingston upon Hull 029E,Violence and sexual offences,Court result unavailable,
2d54d11c119dea568b35e1b7ce34ed65e65a0290b6de6cf0d6a526647b383aff,2021-05,Humberside Police,Humberside Police,-0.336197,53.741204,On or near Fish Street,E01033104,Kingston upon Hull 029E,Violence and sexual offences,Local resolution,
c07b58a322ac5861fd6f0d98ff35d8f4670b2fe386bf8350697f7b2ddf6c8e12,2021-05,Humberside Police,Humberside Police,-0.334555,53.745918,On or near Queen'S Dock Avenue,E01033104,Kingston upon Hull 029E,Violence and sexual offences,Local resolution,
a6fc6b2eaabafa3f6a9b59d41bef785dd88268f6527e22310c3e4a11f7b42e01,2021-05,Humberside Police,Humberside Police,-0.344562,53.743261,On or near Carr Lane,E01033104,Kingston upon Hull 029E,Violence and sexual offences,Unable to prosecute suspect,
fc0f0075a6673542cf433fb4895977b8b0bd4277a2a3a828e58c5c0ab73e6116,2021-05,Humberside Police,Humberside Police,-0.344562,53.743261,On or near Carr Lane,E01033104,Kingston upon Hull 029E,Violence and sexual offences,Offender given a caution,
8baca3f38374e90b464ba4db8249d921dac0d4f46d72db80984363ca56b1b5be,2021-05,Humberside Police,Humberside Police,-0.344562,53.743261,On or near Carr Lane,E01033104,Kingston upon Hull 029E,Violence and sexual offences,Unable to prosecute suspect,
91515a9eec85d89b4d9f5bb20fa4235428b408504c4d09f0ac7457e5328df7fb,2021-05,Humberside Police,Humberside Police,-0.338991,53.744578,On or near Savile Street,E01033104,Kingston upon Hull 029E,Violence and sexual offences,Unable to prosecute suspect,
9ffa6e440dbebac1d4b406b2e6221f469097cc4954ff8e2abf747a7f477412b7,2021-05,Humberside Police,Humberside Police,-0.343235,53.744232,On or near South Street,E01033104,Kingston upon Hull 029E,Violence and sexual offences,Unable to prosecute suspect,
5c57e6879ac5295089b1d83209e2e9ea6b5620c31c92289d19dcf056f6683e8e,2021-05,Humberside Police,Humberside Police,-0.341818,53.744015,On or near Paragon Street,E01033104,Kingston upon Hull 029E,Violence and sexual offences,Unable to prosecute suspect,
1a9a42e1af5779fca9546448e326fbcad02bde0a99b4e4d2927147b78da20672,2021-05,Humberside Police,Humberside Police,-0.340524,53.743772,On or near Theatre/Concert Hall,E01033104,Kingston upon Hull 029E,Violence and sexual offences,Unable to prosecute suspect,
32c28625c2300df5b425cbfc79ba6560cc0f98ba19ad365bd68b80f97fbc9b28,2021-05,Humberside Police,Humberside Police,-0.333380,53.744203,On or near Alfred Gelder Street,E01033104,Kingston upon Hull 029E,Violence and sexual offences,Unable to prosecute suspect,
b9195836eed9080a83fe5eac97fde256d51fd895c9f7a3228f4ab235e503849a,2021-05,Humberside Police,Humberside Police,-0.341818,53.744015,On or near Paragon Street,E01033104,Kingston upon Hull 029E,Violence and sexual offences,Unable to prosecute suspect,
d9424fdb31ad47ca8087f9d1cd057a6e5a5592ef9e8f5cfc31e520b07c622276,2021-05,Humberside Police,Humberside Police,-0.331001,53.742992,On or near High Street,E01033104,Kingston upon Hull 029E,Violence and sexual offences,Further action is not in the public interest,
04a067415170e05ff606c4564380e0b4573435e46ba030d97b6baaa465f88502,2021-05,Humberside Police,Humberside Police,-0.341320,53.746668,On or near Albion Street,E01033104,Kingston upon Hull 029E,Violence and sexual offences,Unable to prosecute suspect,
75c64f5cca6cdb48204ba84a5ddc2fdbe3c47954d4a22d6ffbd0b19847951935,2021-05,Humberside Police,Humberside Police,-0.343104,53.742945,On or near Anne Street,E01033104,Kingston upon Hull 029E,Violence and sexual offences,Unable to prosecute suspect,
6dc6f7e709a1423519c0cb6c625bec039bb69260b459f4036419d18b58a9b2a4,2021-05,Humberside Police,Humberside Police,-0.344562,53.743261,On or near Carr Lane,E01033104,Kingston upon Hull 029E,Violence and sexual offences,Unable to prosecute suspect,
7a7550373ef19413a0d9dc5b7d75fb8f6d43b4842208f92cf127bad7fbd2277b,2021-05,Humberside Police,Humberside Police,-0.334519,53.743778,On or near Manor Street,E01033104,Kingston upon Hull 029E,Violence and sexual offences,Unable to prosecute suspect,
e2b8016a832ca80f5e85659d5be4345bbe97321933dd300fa3979df6a9fa5c8e,2021-05,Humberside Police,Humberside Police,-0.341818,53.744015,On or near Paragon Street,E01033104,Kingston upon Hull 029E,Violence and sexual offences,Investigation complete; no suspect identified,
3f9a7115566247665ce8553cd5eeb3c7fb5a62311876ec78175b779e65771d35,2021-05,Humberside Police,Humberside Police,-0.333082,53.739453,On or near Queen'S Alley,E01033104,Kingston upon Hull 029E,Violence and sexual offences,Court result unavailable,
70d8c8a1ee03b0075d6a84116f6eb4b559fb87a8eb755e9414e3e9b7b01df518,2021-05,Humberside Police,Humberside Police,-0.340524,53.743772,On or near Theatre/Concert Hall,E01033104,Kingston upon Hull 029E,Violence and sexual offences,Unable to prosecute suspect,
d4a0fc98ed6ab16b8c86ff09bfdaf458b68f6e09c3bffd138c30383246572607,2021-05,Humberside Police,Humberside Police,-0.331873,53.743184,On or near Bishop Lane,E01033104,Kingston upon Hull 029E,Violence and sexual offences,Unable to prosecute suspect,
3b6232079c383e3297d96ab3ce2542c7bbd849e2e681107f807173240f72ebf6,2021-05,Humberside Police,Humberside Police,-0.334316,53.743146,On or near Land Of Green Ginger,E01033104,Kingston upon Hull 029E,Violence and sexual offences,Investigation complete; no suspect identified,
210207f35bb9d545fc5efad4caac12a0da12e20533a7a6774dad5e93a147fb83,2021-05,Humberside Police,Humberside Police,-0.333380,53.744203,On or near Alfred Gelder Street,E01033104,Kingston upon Hull 029E,Violence and sexual offences,Unable to prosecute suspect,
ac9e95ea3589ae2f0f3e65dec51f7c0509fa01afb0181dfe28c51840f7a2e176,2021-05,Humberside Police,Humberside Police,-0.343648,53.742988,On or near Parking Area,E01033104,Kingston upon Hull 029E,Violence and sexual offences,Investigation complete; no suspect identified,
1a6379b338432337c830bd2d1326ed06e9147b3ba20d9aab951d8d10d86898dd,2021-05,Humberside Police,Humberside Police,-0.334316,53.743146,On or near Land Of Green Ginger,E01033104,Kingston upon Hull 029E,Violence and sexual offences,Unable to prosecute suspect,
b026d3fa4a9f611dd41318917f7948273a1e1543c148ff1c8abc643bee4585f8,2021-05,Humberside Police,Humberside Police,-0.334316,53.743146,On or near Land Of Green Ginger,E01033104,Kingston upon Hull 029E,Violence and sexual offences,Unable to prosecute suspect,
1498d066e3750a41a347f117166130a49848c52868705adad682ec3eb7214aab,2021-05,Humberside Police,Humberside Police,-0.341154,53.743547,On or near Carr Lane,E01033104,Kingston upon Hull 029E,Violence and sexual offences,Unable to prosecute suspect,
a38973e86e379b1a43fd03497ad2ae24850e93fec8dd6facc7d73310c88a2bf1,2021-05,Humberside Police,Humberside Police,-0.334555,53.745918,On or near Queen'S Dock Avenue,E01033104,Kingston upon Hull 029E,Violence and sexual offences,Unable to prosecute suspect,
0bcbf6bf009479d97ecc63a11d52b43bf8da39c3336a9f8b4286e93ede60d47d,2021-05,Humberside Police,Humberside Police,-0.345812,53.743494,On or near Theatre/Concert Hall,E01033104,Kingston upon Hull 029E,Violence and sexual offences,Unable to prosecute suspect,
b1f518729af8fb698bea4353bf71bfcf037f8570a8e8cf955eea0b97fd1f4acc,2021-05,Humberside Police,Humberside Police,-0.336197,53.741204,On or near Fish Street,E01033104,Kingston upon Hull 029E,Violence and sexual offences,Status update unavailable,
2bc8e762dd2ce9348954e8a8818c33802f1fd6410f786cb02714942cf952797b,2021-05,Humberside Police,Humberside Police,-0.334519,53.743778,On or near Manor Street,E01033104,Kingston upon Hull 029E,Violence and sexual offences,Court result unavailable,
c393b2a89c199681ad113ee4b123eefcfc614ba5b4aa2bf60b71279a107cd6c8,2021-05,Humberside Police,Humberside Police,-0.343648,53.742988,On or near Parking Area,E01033104,Kingston upon Hull 029E,Violence and sexual offences,Court result unavailable,
633c852dc546fce1c8775f2c0621a88fbb6fb8149349c3605cfba5ccb3b54d6d,2021-05,Humberside Police,Humberside Police,-0.345812,53.743494,On or near Theatre/Concert Hall,E01033104,Kingston upon Hull 029E,Violence and sexual offences,Unable to prosecute suspect,
e6b52ab7043c8ffa64dbf909175aaf7e4dbbcd2963fb836a6edd4aa1a0c5c4ef,2021-05,Humberside Police,Humberside Police,-0.332607,53.741882,On or near Parking Area,E01033104,Kingston upon Hull 029E,Other crime,Action to be taken by another organisation,
e1b9eb643491a82633d038304bacad97490b095ca6cfb8684921871b685e9bfc,2021-05,Humberside Police,Humberside Police,-0.334346,53.741996,On or near North Church Side,E01033104,Kingston upon Hull 029E,Other crime,Unable to prosecute suspect,
723a0a52ea88ceb5da288de37b068a1fdfc4a2c87d57349f18af26ef2e1e6e43,2021-05,Humberside Police,Humberside Police,-0.333294,53.744840,On or near Parking Area,E01033104,Kingston upon Hull 029E,Other crime,Unable to prosecute suspect,
cd407b582c6725079288e79954922d6f7c1436f4ce8eb3579ae4ed4c2120944c,2021-05,Humberside Police,Humberside Police,-0.332607,53.741882,On or near Parking Area,E01033104,Kingston upon Hull 029E,Other crime,Action to be taken by another organisation,
,2021-05,Humberside Police,Humberside Police,-0.333678,53.746239,On or near Wilberforce Drive,E01033109,Kingston upon Hull 029F,Anti-social behaviour,,
,2021-05,Humberside Police,Humberside Police,-0.337867,53.746531,On or near Silvester Street,E01033109,Kingston upon Hull 029F,Anti-social behaviour,,
,2021-05,Humberside Police,Humberside Police,-0.333678,53.746239,On or near Wilberforce Drive,E01033109,Kingston upon Hull 029F,Anti-social behaviour,,
,2021-05,Humberside Police,Humberside Police,-0.333678,53.746239,On or near Wilberforce Drive,E01033109,Kingston upon Hull 029F,Anti-social behaviour,,
,2021-05,Humberside Police,Humberside Police,-0.331375,53.741595,On or near Church Lane Staith,E01033109,Kingston upon Hull 029F,Anti-social behaviour,,
,2021-05,Humberside Police,Humberside Police,-0.333678,53.746239,On or near Wilberforce Drive,E01033109,Kingston upon Hull 029F,Anti-social behaviour,,
,2021-05,Humberside Police,Humberside Police,-0.333678,53.746239,On or near Wilberforce Drive,E01033109,Kingston upon Hull 029F,Anti-social behaviour,,
,2021-05,Humberside Police,Humberside Police,-0.333678,53.746239,On or near Wilberforce Drive,E01033109,Kingston upon Hull 029F,Anti-social behaviour,,
,2021-05,Humberside Police,Humberside Police,-0.328986,53.745248,On or near Clarence Street,E01033109,Kingston upon Hull 029F,Anti-social behaviour,,
40a7cc0a8ca608db428f945af585edb18aa26b2f55033e7b97fcfb0665331bb0,2021-05,Humberside Police,Humberside Police,-0.338581,53.748815,On or near Caroline Place,E01033109,Kingston upon Hull 029F,Burglary,Unable to prosecute suspect,
242cd08dee503ae850321c77ebb8a432dbf518d53551597cecf1768b2252d516,2021-05,Humberside Police,Humberside Police,-0.338581,53.748815,On or near Caroline Place,E01033109,Kingston upon Hull 029F,Burglary,Investigation complete; no suspect identified,
eb1b14483f079a502da6045144771e69da8055d9593ead89be8f70566e8d4a0e,2021-05,Humberside Police,Humberside Police,-0.334957,53.749565,On or near New George Street,E01033109,Kingston upon Hull 029F,Criminal damage and arson,Court result unavailable,
505cb7cba4b5a9a3954db217332b08932d2eb29f07412f493012e17f263282fc,2021-05,Humberside Police,Humberside Police,-0.335210,53.747375,On or near Charlotte Street Mews,E01033109,Kingston upon Hull 029F,Other theft,Investigation complete; no suspect identified,
80af917703c8b77cb8b466d7365c085c1b98536083a58d44fe8f9635c9a55310,2021-05,Humberside Police,Humberside Police,-0.335553,53.748674,On or near Sykes Street,E01033109,Kingston upon Hull 029F,Other theft,Investigation complete; no suspect identified,
cd65beb0bc375ec0d9a9be45d044ffdda11a763f77776de76e1a9673e11bd94a,2021-05,Humberside Police,Humberside Police,-0.335553,53.748674,On or near Sykes Street,E01033109,Kingston upon Hull 029F,Public order,Unable to prosecute suspect,
a3f1c408b06b835f96ec01004343a6d9b609ae76b9fc0aa7088838b6487dd061,2021-05,Humberside Police,Humberside Police,-0.330701,53.744453,On or near George Yard,E01033109,Kingston upon Hull 029F,Public order,Investigation complete; no suspect identified,
b52d86901d27bb9058b4dcbc1a1040db5c2e604d4a29cc17e40777c9d9e2a2fe,2021-05,Humberside Police,Humberside Police,-0.335977,53.746388,On or near George Street,E01033109,Kingston upon Hull 029F,Public order,Investigation complete; no suspect identified,
706379e6ee9f12492bd8521c39840ec8ba6db56fd0b29394175f44a9674dc6c9,2021-05,Humberside Police,Humberside Police,-0.335553,53.748674,On or near Sykes Street,E01033109,Kingston upon Hull 029F,Public order,Unable to prosecute suspect,
748b02a8ee309e25dac6e7da0547ab957e344c4c53ad82a23446601c4ae6f9c1,2021-05,Humberside Police,Humberside Police,-0.334612,53.747178,On or near Parking Area,E01033109,Kingston upon Hull 029F,Public order,Further investigation is not in the public interest,
1fc69bbc70398de23b9816fe5b09c1552390f0df0839d90d16a22c9b42397523,2021-05,Humberside Police,Humberside Police,-0.338601,53.744851,On or near Vernon Street,E01033109,Kingston upon Hull 029F,Public order,Unable to prosecute suspect,
47dc7c2770d37fd268a0cd6e33ddb0fa9cde3ee7db6f93d54f596a64c43e704d,2021-05,Humberside Police,Humberside Police,-0.335977,53.746388,On or near George Street,E01033109,Kingston upon Hull 029F,Vehicle crime,Investigation complete; no suspect identified,
6a3ca67d620d2a67420032bf9e37ccba7bdc80b7ab2338ad015cf4a40f52f772,2021-05,Humberside Police,Humberside Police,-0.333510,53.750102,On or near Machell Street,E01033109,Kingston upon Hull 029F,Violence and sexual offences,Action to be taken by another organisation,
1f88a5294bb14cea718a0323ec5d3631feeeece0a1d3f168b6c8504009361c84,2021-05,Humberside Police,Humberside Police,-0.330176,53.743547,On or near Chapel Lane Staith,E01033109,Kingston upon Hull 029F,Violence and sexual offences,Unable to prosecute suspect,
85d57148dc44d018538e360418fd4548e06570a46e4b863952448cbc289b25fe,2021-05,Humberside Police,Humberside Police,-0.330949,53.746983,On or near Charlotte Street,E01033109,Kingston upon Hull 029F,Violence and sexual offences,Unable to prosecute suspect,
58ba55be222deb8af2236f5cce2a22e77fcb376f91431aa7b0367e8845c9d095,2021-05,Humberside Police,Humberside Police,-0.335553,53.748674,On or near Sykes Street,E01033109,Kingston upon Hull 029F,Violence and sexual offences,Unable to prosecute suspect,
5bbbeefa75f7a3c90bea5598ac991bbfcea4b1843b3b1fdece728efe00832317,2021-05,Humberside Police,Humberside Police,-0.338601,53.744851,On or near Vernon Street,E01033109,Kingston upon Hull 029F,Violence and sexual offences,Unable to prosecute suspect,
97269c1f56cefa60145ced9b86a9c0ab0d3063549cf93eca7a46a13adf72af2d,2021-05,Humberside Police,Humberside Police,-0.334957,53.749565,On or near New George Street,E01033109,Kingston upon Hull 029F,Violence and sexual offences,Unable to prosecute suspect,
8d75508b0b8fa4b982b7b961037b8d9767dc39d7a8e953cf692b4777e1160ead,2021-05,Humberside Police,Humberside Police,-0.330701,53.744453,On or near George Yard,E01033109,Kingston upon Hull 029F,Violence and sexual offences,Unable to prosecute suspect,
81d6e1eff28c608e6969ef9a86a9363e870a42b635832d663660b9a6b069077a,2021-05,Humberside Police,Humberside Police,-0.334957,53.749565,On or near New George Street,E01033109,Kingston upon Hull 029F,Violence and sexual offences,Unable to prosecute suspect,
8a7bcc8e0229469ed996bdfd762328867411c3de04665e5a90523d85fa2b26ab,2021-05,Humberside Police,Humberside Police,-0.332105,53.746523,On or near Further/Higher Educational Building,E01033109,Kingston upon Hull 029F,Violence and sexual offences,Action to be taken by another organisation,
b776efdab7368447dec282813c6f029e13579c9d282b9c0162f8fd75f4c0813c,2021-05,Humberside Police,Humberside Police,-0.330701,53.744453,On or near George Yard,E01033109,Kingston upon Hull 029F,Violence and sexual offences,Unable to prosecute suspect,
b54c9ad6ba07832c3415263a02d4e3eb57ec1f884457a90472d7889bdcdd78df,2021-05,Humberside Police,Humberside Police,-0.337341,53.749876,On or near Caroline Street,E01033109,Kingston upon Hull 029F,Violence and sexual offences,Court result unavailable,
1e73c64516e003be3f52a8779a0a77e1f23fb87cb040d04e9e40c86b3749296e,2021-05,Humberside Police,Humberside Police,-0.335977,53.746388,On or near George Street,E01033109,Kingston upon Hull 029F,Violence and sexual offences,Unable to prosecute suspect,
2b67bea672b82aa87482c2145e4d35a61c064f417386a7f580369ea3bcc2728c,2021-05,Humberside Police,Humberside Police,-0.337341,53.749876,On or near Caroline Street,E01033109,Kingston upon Hull 029F,Violence and sexual offences,Investigation complete; no suspect identified,
,2021-05,Humberside Police,Humberside Police,-0.370282,53.743614,On or near Anlaby Road,E01012859,Kingston upon Hull 030A,Anti-social behaviour,,
,2021-05,Humberside Police,Humberside Police,-0.370282,53.743614,On or near Anlaby Road,E01012859,Kingston upon Hull 030A,Anti-social behaviour,,
,2021-05,Humberside Police,Humberside Police,-0.370282,53.743614,On or near Anlaby Road,E01012859,Kingston upon Hull 030A,Anti-social behaviour,,
,2021-05,Humberside Police,Humberside Police,-0.374324,53.741440,On or near Wells Street,E01012859,Kingston upon Hull 030A,Anti-social behaviour,,
,2021-05,Humberside Police,Humberside Police,-0.374540,53.747240,On or near Walton Street,E01012859,Kingston upon Hull 030A,Anti-social behaviour,,
,2021-05,Humberside Police,Humberside Police,-0.370282,53.743614,On or near Anlaby Road,E01012859,Kingston upon Hull 030A,Anti-social behaviour,,
,2021-05,Humberside Police,Humberside Police,-0.370282,53.743614,On or near Anlaby Road,E01012859,Kingston upon Hull 030A,Anti-social behaviour,,
585210fe78d694741240288692a13a148123e195d77ddae05c596a217d0b9652,2021-05,Humberside Police,Humberside Police,-0.372462,53.743320,On or near Carnegie Street,E01012859,Kingston upon Hull 030A,Bicycle theft,Investigation complete; no suspect identified,
bbe37608a2d3cd7709bdffe734b666f63128c3f0a2b0132aa93101a8374d2d7e,2021-05,Humberside Police,Humberside Police,-0.368032,53.745723,On or near Sports/Recreation Area,E01012859,Kingston upon Hull 030A,Bicycle theft,Investigation complete; no suspect identified,
17bf45bd0feeabb1fdddbeb2638d518bd012e2494c89d7ef45d1722f2bc0bdec,2021-05,Humberside Police,Humberside Police,-0.370282,53.743614,On or near Anlaby Road,E01012859,Kingston upon Hull 030A,Bicycle theft,Unable to prosecute suspect,
58d3227433152f47cdd12b7bb2d2e00e07bbd331ccf1b56d7183a3620f7c2e5f,2021-05,Humberside Police,Humberside Police,-0.373600,53.742895,On or near Granville Street,E01012859,Kingston upon Hull 030A,Bicycle theft,Unable to prosecute suspect,
ac649b2e916714fa815132e97ac3ab8a5d13caa59686599856867c7129fcf3bf,2021-05,Humberside Police,Humberside Police,-0.377579,53.741574,On or near Plane Street,E01012859,Kingston upon Hull 030A,Burglary,Investigation complete; no suspect identified,
d09c005537f7b0df4bd3fc69978b11b1150850dbd658bfab23ef9dcb2bed98ed,2021-05,Humberside Police,Humberside Police,-0.368032,53.745723,On or near Sports/Recreation Area,E01012859,Kingston upon Hull 030A,Burglary,Investigation complete; no suspect identified,
28c37208c21df61dea8adc37638082f85595c5620a2ea296b9c2d2b750e2aa77,2021-05,Humberside Police,Humberside Police,-0.372462,53.743320,On or near Carnegie Street,E01012859,Kingston upon Hull 030A,Burglary,Court result unavailable,
93087993e0c62af4ce20cc44ca4c413677ef9b3ecbf2236427d4feedd731a2fc,2021-05,Humberside Police,Humberside Police,-0.373600,53.742895,On or near Granville Street,E01012859,Kingston upon Hull 030A,Criminal damage and arson,Court result unavailable,
cc2245209648ee452775719bf7552169230fe6a9370a190af8e04fa13d6f3a3d,2021-05,Humberside Police,Humberside Police,-0.372462,53.743320,On or near Carnegie Street,E01012859,Kingston upon Hull 030A,Drugs,Court result unavailable,
383b403183e08455e7ed327ae589bf9afc2fd1ce3e2cf1637fb7f2c520fa630f,2021-05,Humberside Police,Humberside Police,-0.370282,53.743614,On or near Anlaby Road,E01012859,Kingston upon Hull 030A,Other theft,Investigation complete; no suspect identified,
1668a1c9c3a9621b48d7950cb4583f563fb4a2b782d6e220758e10a2f6524da8,2021-05,Humberside Police,Humberside Police,-0.370282,53.743614,On or near Anlaby Road,E01012859,Kingston upon Hull 030A,Other theft,Investigation complete; no suspect identified,
0e4ceb031ebbe14081270a9a3024b793233d914a9d6999227f9aa65b80688ca2,2021-05,Humberside Police,Humberside Police,-0.368032,53.745723,On or near Sports/Recreation Area,E01012859,Kingston upon Hull 030A,Other theft,Investigation complete; no suspect identified,
1e6c44919ed763afc8d7442ad24e602dd0b03c4278a7a7ba1cc0ddf2ebcf7299,2021-05,Humberside Police,Humberside Police,-0.370282,53.743614,On or near Anlaby Road,E01012859,Kingston upon Hull 030A,Other theft,Investigation complete; no suspect identified,
f1312f3621f21df28babed6e7e37a1e5c52bfa711dfc01225cefcac375662bf2,2021-05,Humberside Police,Humberside Police,-0.372601,53.742845,On or near Walliker Street,E01012859,Kingston upon Hull 030A,Possession of weapons,Court result unavailable,
e55ce9f7a3ea75006d5cc0665c73200c7405b0b42b39da4caea2e6360f709b4e,2021-05,Humberside Police,Humberside Police,-0.374324,53.741440,On or near Wells Street,E01012859,Kingston upon Hull 030A,Public order,Local resolution,
c6eb7712046b25030a648b4ea8153fc9c7a085e17093cd3fede378bd79ce0732,2021-05,Humberside Police,Humberside Police,-0.377579,53.741574,On or near Plane Street,E01012859,Kingston upon Hull 030A,Public order,Investigation complete; no suspect identified,
1ca22c54b874cce395414d3169e660deccaaad540fdffcc5368686f498ce9534,2021-05,Humberside Police,Humberside Police,-0.370282,53.743614,On or near Anlaby Road,E01012859,Kingston upon Hull 030A,Public order,Formal action is not in the public interest,
9effe63bc26d113e7b799a1d49f99c4a36de6ab26dbcacbf6740b61d3ac796ee,2021-05,Humberside Police,Humberside Police,-0.374540,53.747240,On or near Walton Street,E01012859,Kingston upon Hull 030A,Public order,Unable to prosecute suspect,
94dab889a867dfa486ea2dac919acca3f47138ee44a70fb919dca9aff388fdc6,2021-05,Humberside Police,Humberside Police,-0.374324,53.741440,On or near Wells Street,E01012859,Kingston upon Hull 030A,Public order,Local resolution,
b0964f9cc028e087804746d36d7103f4517e85f1a787163e2322bddf6df9da36,2021-05,Humberside Police,Humberside Police,-0.373600,53.742895,On or near Granville Street,E01012859,Kingston upon Hull 030A,Shoplifting,Investigation complete; no suspect identified,
cd2f70be6225b36cb01605893cceded071e3778d90fd5d172fc52ef6eb994385,2021-05,Humberside Police,Humberside Police,-0.373600,53.742895,On or near Granville Street,E01012859,Kingston upon Hull 030A,Shoplifting,Investigation complete; no suspect identified,
d8dcd3df41959454c545c6c87e05b6dbebde815a642acb3a615c22a6022ef9d1,2021-05,Humberside Police,Humberside Police,-0.373600,53.742895,On or near Granville Street,E01012859,Kingston upon Hull 030A,Shoplifting,Investigation complete; no suspect identified,
3e7dcb2e819b668309940b1ec0ef263f34481fd361bc6c310e8ffbd22bd615cd,2021-05,Humberside Police,Humberside Police,-0.373600,53.742895,On or near Granville Street,E01012859,Kingston upon Hull 030A,Violence and sexual offences,Unable to prosecute suspect,
434bf1eb6dd12e8b443abd8bd693daf478279b0c1fe20ba3f1594829070b4401,2021-05,Humberside Police,Humberside Police,-0.373600,53.742895,On or near Granville Street,E01012859,Kingston upon Hull 030A,Violence and sexual offences,Unable to prosecute suspect,
d7a7bddb667ba3286cad8282b20223710d2fe2f46940045aa8f368d5e769e505,2021-05,Humberside Police,Humberside Police,-0.373600,53.742895,On or near Granville Street,E01012859,Kingston upon Hull 030A,Violence and sexual offences,Court result unavailable,
f96b2b1c0c898ad94dc5fd073219674ba6fdf12b3a4afa0c5e3e82f27ab46d0e,2021-05,Humberside Police,Humberside Police,-0.374324,53.741440,On or near Wells Street,E01012859,Kingston upon Hull 030A,Violence and sexual offences,Local resolution,
ac086d32155c0b90d4f7258d4bd49d5596a9765c340d58037450603dfb535794,2021-05,Humberside Police,Humberside Police,-0.371072,53.743184,On or near Ruskin Street,E01012859,Kingston upon Hull 030A,Violence and sexual offences,Investigation complete; no suspect identified,
5807418c4c4c339216caf4d8b99a5bfe0617ee6160049bf57e49d166398eff63,2021-05,Humberside Police,Humberside Police,-0.372601,53.742845,On or near Walliker Street,E01012859,Kingston upon Hull 030A,Violence and sexual offences,Unable to prosecute suspect,
b393404b480e2947922ddef4e91b11f63a3c20f0d18c5d3cfb6200a57667b615,2021-05,Humberside Police,Humberside Police,-0.368032,53.745723,On or near Sports/Recreation Area,E01012859,Kingston upon Hull 030A,Violence and sexual offences,Local resolution,
d711fc8ff1f7a4e4996b7d32c38b7ad82fac7d37614d0517aee293b6d434921c,2021-05,Humberside Police,Humberside Police,-0.373600,53.742895,On or near Granville Street,E01012859,Kingston upon Hull 030A,Violence and sexual offences,Unable to prosecute suspect,
ccc690dfe1655d7be364594bcf480ee0264b1200bd87989f20d97d79b2bcd660,2021-05,Humberside Police,Humberside Police,-0.372601,53.742845,On or near Walliker Street,E01012859,Kingston upon Hull 030A,Violence and sexual offences,Unable to prosecute suspect,
284b4d72892e3aa0b6bf718109c7f057ecceeb2855eeb3a46d7a5893f6c43ffc,2021-05,Humberside Police,Humberside Police,-0.374324,53.741440,On or near Wells Street,E01012859,Kingston upon Hull 030A,Violence and sexual offences,Local resolution,
ebc077ba7afcdfdb705927a9278ec9ebc33538ca3e37b2a94a30cb744c97dd06,2021-05,Humberside Police,Humberside Police,-0.372601,53.742845,On or near Walliker Street,E01012859,Kingston upon Hull 030A,Violence and sexual offences,Unable to prosecute suspect,
9859477ce5b4a6e3bd22bd51d1ee81e71fcf4b409dd7c45a1efbc07cde296b8a,2021-05,Humberside Police,Humberside Police,-0.373600,53.742895,On or near Granville Street,E01012859,Kingston upon Hull 030A,Other crime,Unable to prosecute suspect,
,2021-05,Humberside Police,Humberside Police,-0.363051,53.737322,On or near Constable Street,E01012889,Kingston upon Hull 030B,Anti-social behaviour,,
,2021-05,Humberside Police,Humberside Police,-0.365768,53.730599,On or near Pedestrian Subway,E01012889,Kingston upon Hull 030B,Anti-social behaviour,,
,2021-05,Humberside Police,Humberside Police,-0.363051,53.737322,On or near Constable Street,E01012889,Kingston upon Hull 030B,Anti-social behaviour,,
,2021-05,Humberside Police,Humberside Police,-0.375482,53.731073,On or near Shopping Area,E01012889,Kingston upon Hull 030B,Anti-social behaviour,,
,2021-05,Humberside Police,Humberside Police,-0.367750,53.734995,On or near Dee Street,E01012889,Kingston upon Hull 030B,Anti-social behaviour,,
,2021-05,Humberside Police,Humberside Police,-0.365775,53.737053,On or near Redbourne Street,E01012889,Kingston upon Hull 030B,Anti-social behaviour,,
,2021-05,Humberside Police,Humberside Police,-0.359714,53.734615,On or near Wassand Street,E01012889,Kingston upon Hull 030B,Anti-social behaviour,,
,2021-05,Humberside Police,Humberside Police,-0.363051,53.737322,On or near Constable Street,E01012889,Kingston upon Hull 030B,Anti-social behaviour,,
,2021-05,Humberside Police,Humberside Police,-0.365768,53.730599,On or near Pedestrian Subway,E01012889,Kingston upon Hull 030B,Anti-social behaviour,,
,2021-05,Humberside Police,Humberside Police,-0.363051,53.737322,On or near Constable Street,E01012889,Kingston upon Hull 030B,Anti-social behaviour,,
,2021-05,Humberside Police,Humberside Police,-0.373347,53.734136,On or near Canopias Close,E01012889,Kingston upon Hull 030B,Anti-social behaviour,,
,2021-05,Humberside Police,Humberside Police,-0.374794,53.727279,On or near Park/Open Space,E01012889,Kingston upon Hull 030B,Anti-social behaviour,,
,2021-05,Humberside Police,Humberside Police,-0.382091,53.729104,On or near Freightliner Road,E01012889,Kingston upon Hull 030B,Anti-social behaviour,,
,2021-05,Humberside Police,Humberside Police,-0.365768,53.730599,On or near Pedestrian Subway,E01012889,Kingston upon Hull 030B,Anti-social behaviour,,
b00374d8f0a1e46eac2bdc4a6596ebad37584a2d8e5e475e47469f9cfeeaff7d,2021-05,Humberside Police,Humberside Police,-0.378254,53.729537,On or near Salvesen Way,E01012889,Kingston upon Hull 030B,Burglary,Investigation complete; no suspect identified,
30253d9562877d51ab32920699bde0744e2753c28a71d2c727670a0f53f3aa9c,2021-05,Humberside Police,Humberside Police,-0.374794,53.727279,On or near Park/Open Space,E01012889,Kingston upon Hull 030B,Burglary,Investigation complete; no suspect identified,
0b7ead99d6f8e834450f7791fcfe3eca3732cb315c51500cf44bbe686d56b57d,2021-05,Humberside Police,Humberside Police,-0.363051,53.737322,On or near Constable Street,E01012889,Kingston upon Hull 030B,Burglary,Investigation complete; no suspect identified,
de8b1af4812c8dfd672dee66aeebd4fe4618caf57dbecded103a2a05c0f6cc60,2021-05,Humberside Police,Humberside Police,-0.371435,53.728690,On or near Shopping Area,E01012889,Kingston upon Hull 030B,Criminal damage and arson,Investigation complete; no suspect identified,
0a68fd265a14692e3a3bb7947b9a42e5b2fdaca634a4ea66ab9c07c7b55191b3,2021-05,Humberside Police,Humberside Police,-0.366049,53.732724,On or near West Dock Avenue,E01012889,Kingston upon Hull 030B,Criminal damage and arson,Investigation complete; no suspect identified,
43714c930c4367f4f6e5b5036c29d846c40cc93c92bd42bd8b19e5a8a2465d92,2021-05,Humberside Police,Humberside Police,-0.365652,53.735137,On or near Rosamond Street,E01012889,Kingston upon Hull 030B,Criminal damage and arson,Status update unavailable,
8a4eee0d79644501078de4533410e4c97b6e7141672c198b734fb81cd584e0e8,2021-05,Humberside Police,Humberside Police,-0.365652,53.735137,On or near Rosamond Street,E01012889,Kingston upon Hull 030B,Criminal damage and arson,Investigation complete; no suspect identified,
2a6cafa820aca01fb043f049d7bbb48d270a261192d56c8bd7f015b4dae4ac08,2021-05,Humberside Police,Humberside Police,-0.359481,53.735925,On or near Petrol Station,E01012889,Kingston upon Hull 030B,Drugs,Court result unavailable,
2b33e0009b4e3288ff31a8d19aaf71c2a4980ac82e5c3b7bb910d37910384bda,2021-05,Humberside Police,Humberside Police,-0.359481,53.735925,On or near Petrol Station,E01012889,Kingston upon Hull 030B,Other theft,Investigation complete; no suspect identified,
208520320bc3f96f994d16fffd7e5ca15475b3716ce60276de6335a75c9bc00c,2021-05,Humberside Police,Humberside Police,-0.359481,53.735925,On or near Petrol Station,E01012889,Kingston upon Hull 030B,Other theft,Investigation complete; no suspect identified,
d8f5c4ace06f104e6e2f08190a5b4a15d44c6850cd58414ddf8ee70195a4c087,2021-05,Humberside Police,Humberside Police,-0.366952,53.734840,On or near Division Road,E01012889,Kingston upon Hull 030B,Other theft,Investigation complete; no suspect identified,
f7e291336d6934e02ad27d7e43a3dd9f4a02d8b78b22c811146a89224a3c8f49,2021-05,Humberside Police,Humberside Police,-0.370309,53.734679,On or near Ribble Street,E01012889,Kingston upon Hull 030B,Public order,Unable to prosecute suspect,
ed2437e0fcb2a51932af700688221fe7be8b73bff23720e2bb96c0331f2aae8c,2021-05,Humberside Police,Humberside Police,-0.373347,53.734136,On or near Canopias Close,E01012889,Kingston upon Hull 030B,Public order,Investigation complete; no suspect identified,
906f99ab52da1a0f1eb7bdd58f23d45016757f5ec95ebd106859ff6893b9b0e4,2021-05,Humberside Police,Humberside Police,-0.365652,53.735137,On or near Rosamond Street,E01012889,Kingston upon Hull 030B,Shoplifting,Investigation complete; no suspect identified,
6908ddfc01b0d7eb15a06c38165efca4097043877ca335d7a6d253c6bdb35186,2021-05,Humberside Police,Humberside Police,-0.365652,53.735137,On or near Rosamond Street,E01012889,Kingston upon Hull 030B,Shoplifting,Investigation complete; no suspect identified,
9b5d7ebe3ba3224beb6beae7046e90b893ce2b0389cedb957c0fb659614e4f02,2021-05,Humberside Police,Humberside Police,-0.365652,53.735137,On or near Rosamond Street,E01012889,Kingston upon Hull 030B,Shoplifting,Investigation complete; no suspect identified,
b04788215886f72a2a18866f192f0a177040a22379a37e295c9b6ae33ee412a2,2021-05,Humberside Police,Humberside Police,-0.364058,53.734810,On or near Parking Area,E01012889,Kingston upon Hull 030B,Shoplifting,Court result unavailable,
2702e1288020232408ca75511f8f05df95e1adc1711206e9ad225db3bec35383,2021-05,Humberside Police,Humberside Police,-0.364058,53.734810,On or near Parking Area,E01012889,Kingston upon Hull 030B,Shoplifting,Court result unavailable,
d6591249f5155a48c4682298a590412662f604b1855f0af5aa251344b807276c,2021-05,Humberside Police,Humberside Police,-0.364058,53.734810,On or near Parking Area,E01012889,Kingston upon Hull 030B,Shoplifting,Court result unavailable,
41ff1e9a40aa94e237c7911feb1b5cc9c3e5e98d6f701ab295a477bce0e3e108,2021-05,Humberside Police,Humberside Police,-0.361256,53.736291,On or near Marmaduke Street,E01012889,Kingston upon Hull 030B,Shoplifting,Court result unavailable,
8a02a5dc8b35c11473c9877b9cb2ad1033e05dfe23766a8d72141375b724ba19,2021-05,Humberside Police,Humberside Police,-0.365652,53.735137,On or near Rosamond Street,E01012889,Kingston upon Hull 030B,Shoplifting,Local resolution,
960428f62d3910c58737e3ba7daca9dcf0bea29b69294c1235166cfde4396c2c,2021-05,Humberside Police,Humberside Police,-0.373347,53.734136,On or near Canopias Close,E01012889,Kingston upon Hull 030B,Shoplifting,Offender given penalty notice,
7bbd0bd613f02ef1ab1509686ff3c5a551e4867f599feec470c10edd2513d880,2021-05,Humberside Police,Humberside Police,-0.373347,53.734136,On or near Canopias Close,E01012889,Kingston upon Hull 030B,Shoplifting,Investigation complete; no suspect identified,
7c9bf54511503d46bd39317aa4587d2afeab0197d04b724d04707617600bbcac,2021-05,Humberside Police,Humberside Police,-0.370051,53.733912,On or near Shopping Area,E01012889,Kingston upon Hull 030B,Shoplifting,Court result unavailable,
79cb560a1a814a84ad850fcb76001e4665ee1a753500d5b237034a4cd039f61a,2021-05,Humberside Police,Humberside Police,-0.361256,53.736291,On or near Marmaduke Street,E01012889,Kingston upon Hull 030B,Shoplifting,Court result unavailable,
b24f6adcc43e2844873a8bd3c6e10fcb12f8d17b1a0f805def49d4a32faef9f3,2021-05,Humberside Police,Humberside Police,-0.373347,53.734136,On or near Canopias Close,E01012889,Kingston upon Hull 030B,Shoplifting,Local resolution,
7f29a44cbc5bccef5416fd181b27c6f2d538dabe07dcb57e7e6b5e00641d5943,2021-05,Humberside Police,Humberside Police,-0.369107,53.734016,On or near Parking Area,E01012889,Kingston upon Hull 030B,Shoplifting,Investigation complete; no suspect identified,
6d8159b5ab3bee8f0e89ddd1a16e7d04a8ae20d164f9ce23ce247cde56b75a3b,2021-05,Humberside Police,Humberside Police,-0.373347,53.734136,On or near Canopias Close,E01012889,Kingston upon Hull 030B,Shoplifting,Court result unavailable,
23199411011c71c2b8e7caeae76b8fc9335f1ab9a9621fd1cc0bcc2ff1ae9dac,2021-05,Humberside Police,Humberside Police,-0.364058,53.734810,On or near Parking Area,E01012889,Kingston upon Hull 030B,Shoplifting,Investigation complete; no suspect identified,
df0d6c73a08bb1e5ba83c685f7b92ce196e6ef30a624eac8537d90e98709d30c,2021-05,Humberside Police,Humberside Police,-0.373347,53.734136,On or near Canopias Close,E01012889,Kingston upon Hull 030B,Shoplifting,Court result unavailable,
0b65ed8e39cb507df84b78910f6058f85bec13edfbe4e81e64918e25fe8ead3a,2021-05,Humberside Police,Humberside Police,-0.364058,53.734810,On or near Parking Area,E01012889,Kingston upon Hull 030B,Shoplifting,Investigation complete; no suspect identified,
f93b6d8c2eea169c8ff36770aaf02424544cc45c3cac3e5db5e3cdfd757ec6b8,2021-05,Humberside Police,Humberside Police,-0.364058,53.734810,On or near Parking Area,E01012889,Kingston upon Hull 030B,Shoplifting,Investigation complete; no suspect identified,
df31e57b9afc9b594ecd7f3104c4c32601e0a9d56900aa2826e71e2c0fa183ec,2021-05,Humberside Police,Humberside Police,-0.364058,53.734810,On or near Parking Area,E01012889,Kingston upon Hull 030B,Shoplifting,Investigation complete; no suspect identified,
2a7675e0c7623ca17cd637b9afc1a23ab9e1d4130316e1d0ea4f7b16bcd3b4a4,2021-05,Humberside Police,Humberside Police,-0.364058,53.734810,On or near Parking Area,E01012889,Kingston upon Hull 030B,Shoplifting,Investigation complete; no suspect identified,
4d065edc905bb34b166bcb2705151332d24da0f882f7e30da1cc410a4a9fd1d5,2021-05,Humberside Police,Humberside Police,-0.361256,53.736291,On or near Marmaduke Street,E01012889,Kingston upon Hull 030B,Shoplifting,Investigation complete; no suspect identified,
aa746e2650b625be6e9e8fbd965a14a3592b9ae40780a2eb4161e07cddfbd050,2021-05,Humberside Police,Humberside Police,-0.373347,53.734136,On or near Canopias Close,E01012889,Kingston upon Hull 030B,Shoplifting,Local resolution,
906c830351ba4ab1667df9439a3e863ebb3d61408df5621dc3ad196528f5acb5,2021-05,Humberside Police,Humberside Police,-0.365775,53.737053,On or near Redbourne Street,E01012889,Kingston upon Hull 030B,Violence and sexual offences,Unable to prosecute suspect,
5f2b33a36a0e52e0b86ba314eb7e32963776dc439ba77d37bc5996d7b67ded5d,2021-05,Humberside Police,Humberside Police,-0.373347,53.734136,On or near Canopias Close,E01012889,Kingston upon Hull 030B,Violence and sexual offences,Unable to prosecute suspect,
d5af47b0c1c78584706134f732807f86881ecdee16007ac7c2f92548219f627a,2021-05,Humberside Police,Humberside Police,-0.362866,53.735827,On or near Shopping Area,E01012889,Kingston upon Hull 030B,Violence and sexual offences,Investigation complete; no suspect identified,
eaa1479627570737b2f05acc8fabdc2936d3b76595f6733d6185c4b7e4217393,2021-05,Humberside Police,Humberside Police,-0.365652,53.735137,On or near Rosamond Street,E01012889,Kingston upon Hull 030B,Violence and sexual offences,Investigation complete; no suspect identified,
a5ffcffff307e4b6be55c95054fab7486a0218b8ec4a6e576977a9042ffa8698,2021-05,Humberside Police,Humberside Police,-0.366143,53.735773,On or near Sefton Street,E01012889,Kingston upon Hull 030B,Violence and sexual offences,Unable to prosecute suspect,
274a4178c9b91e5fe7e5125c85babc5a5b51e2ef513bf046429f63dfb5211151,2021-05,Humberside Police,Humberside Police,-0.366143,53.735773,On or near Sefton Street,E01012889,Kingston upon Hull 030B,Violence and sexual offences,Unable to prosecute suspect,
4c65289455c501cf90b166efc0e4e1506c1f947f20675e84196542031f847347,2021-05,Humberside Police,Humberside Police,-0.365775,53.737053,On or near Redbourne Street,E01012889,Kingston upon Hull 030B,Violence and sexual offences,Unable to prosecute suspect,
8398f05f1c4417cfd82515886a2d0daaf3ba23cbd0a52334f348895433e17258,2021-05,Humberside Police,Humberside Police,-0.361256,53.736291,On or near Marmaduke Street,E01012889,Kingston upon Hull 030B,Violence and sexual offences,Unable to prosecute suspect,
8cac21b7b34747a91161099d9f23e31655ad30ec0d07c104aa48148456937484,2021-05,Humberside Police,Humberside Police,-0.365652,53.735137,On or near Rosamond Street,E01012889,Kingston upon Hull 030B,Violence and sexual offences,Unable to prosecute suspect,
66aad729b8b92370c32a1c54d5c2494d7ab52532ab993cc70c520a2efb41b09f,2021-05,Humberside Police,Humberside Police,-0.359481,53.735925,On or near Petrol Station,E01012889,Kingston upon Hull 030B,Violence and sexual offences,Court result unavailable,
d67d8690da34189992b1dfe996ed1aadbe04d703c315b183a96c287c53b5561d,2021-05,Humberside Police,Humberside Police,-0.369069,53.734995,On or near Tyne Street,E01012889,Kingston upon Hull 030B,Violence and sexual offences,Unable to prosecute suspect,
a75bcc8a8a80e742f17705f125833d511f75c093e90ada376dbca207493c9a0b,2021-05,Humberside Police,Humberside Police,-0.367750,53.734995,On or near Dee Street,E01012889,Kingston upon Hull 030B,Violence and sexual offences,Investigation complete; no suspect identified,
e5044bbec13e9cba323c43486dfea93fd7421121f267c7c4750a004e5449e5c6,2021-05,Humberside Police,Humberside Police,-0.362866,53.735827,On or near Shopping Area,E01012889,Kingston upon Hull 030B,Violence and sexual offences,Investigation complete; no suspect identified,
e848e3b34d1eb6c25eeada8924c2ca5cfb78a0bd5d6bdfc03a5458dfed748b91,2021-05,Humberside Police,Humberside Police,-0.367750,53.734995,On or near Dee Street,E01012889,Kingston upon Hull 030B,Violence and sexual offences,Investigation complete; no suspect identified,
5218e38f1b9f26edfb010ab6da7befef91eb22b4e76c2e48dbc89833b175c569,2021-05,Humberside Police,Humberside Police,-0.366143,53.735773,On or near Sefton Street,E01012889,Kingston upon Hull 030B,Violence and sexual offences,Unable to prosecute suspect,
320cf34c7e82f65d543e8e829c06ac7abc3180e7596135ad484fd0d0df92389c,2021-05,Humberside Police,Humberside Police,-0.361256,53.736291,On or near Marmaduke Street,E01012889,Kingston upon Hull 030B,Violence and sexual offences,Investigation complete; no suspect identified,
84a95d81201e09f49b32e28fe5d32eb4f6cb2c73d3cb53bc232449869b49998d,2021-05,Humberside Police,Humberside Police,-0.379766,53.734367,On or near Carlton Street,E01012889,Kingston upon Hull 030B,Violence and sexual offences,Investigation complete; no suspect identified,
,2021-05,Humberside Police,Humberside Police,-0.360255,53.737481,On or near Carol Dickson Court,E01012891,Kingston upon Hull 030C,Anti-social behaviour,,
,2021-05,Humberside Police,Humberside Police,-0.359368,53.736885,On or near Hamshaw Court,E01012891,Kingston upon Hull 030C,Anti-social behaviour,,
,2021-05,Humberside Police,Humberside Police,-0.360255,53.737481,On or near Carol Dickson Court,E01012891,Kingston upon Hull 030C,Anti-social behaviour,,
,2021-05,Humberside Police,Humberside Police,-0.362097,53.741570,On or near St Pancras Close,E01012891,Kingston upon Hull 030C,Anti-social behaviour,,
8e960735a4240134464918032ac01a6870857ae381dcbe653392d665fbf4d424,2021-05,Humberside Police,Humberside Police,-0.360255,53.737481,On or near Carol Dickson Court,E01012891,Kingston upon Hull 030C,Criminal damage and arson,Unable to prosecute suspect,
4fa4b888a153b03a18e3694d76884eafc713b934ac2b4ca42cdabc39c041786e,2021-05,Humberside Police,Humberside Police,-0.360394,53.742868,On or near Kings Leigh,E01012891,Kingston upon Hull 030C,Criminal damage and arson,Unable to prosecute suspect,
0d1c5747729e659cfbb869828465a2e6665819d2383bcb3632619663db52829a,2021-05,Humberside Police,Humberside Police,-0.362097,53.741570,On or near St Pancras Close,E01012891,Kingston upon Hull 030C,Criminal damage and arson,Investigation complete; no suspect identified,
5e3ca582e6dd7cbb9952974930a978beee5ec27010131456336878f9d677f314,2021-05,Humberside Police,Humberside Police,-0.359368,53.736885,On or near Hamshaw Court,E01012891,Kingston upon Hull 030C,Criminal damage and arson,Investigation complete; no suspect identified,
b8ee1d940fe4c0e29e3fbea4aa2e4f6b16412317d50386ade6b735b2d4a20452,2021-05,Humberside Police,Humberside Police,-0.360431,53.741915,On or near Thorn Leigh,E01012891,Kingston upon Hull 030C,Criminal damage and arson,Investigation complete; no suspect identified,
35cfef875b3e7f6517dbfc3ea2866fd6b0fa8a507a1a501a31996f63530d82b4,2021-05,Humberside Police,Humberside Police,-0.360394,53.742868,On or near Kings Leigh,E01012891,Kingston upon Hull 030C,Drugs,Unable to prosecute suspect,
4371d9d27e01820d4f08c6c0c1c8813f24f29a06f5421d80089cac7e24aa82c8,2021-05,Humberside Police,Humberside Police,-0.359368,53.736885,On or near Hamshaw Court,E01012891,Kingston upon Hull 030C,Other theft,Unable to prosecute suspect,
33c15d450e807effc28d59c6855e499655d5f0b3f79b1b19239d4dedf70b2a88,2021-05,Humberside Police,Humberside Police,-0.359368,53.736885,On or near Hamshaw Court,E01012891,Kingston upon Hull 030C,Other theft,Unable to prosecute suspect,
0130102b09da478f20ad347d7bda6c88fa759846b7bebb1883597cea84e0ccb7,2021-05,Humberside Police,Humberside Police,-0.360394,53.742868,On or near Kings Leigh,E01012891,Kingston upon Hull 030C,Other theft,Investigation complete; no suspect identified,
49edbf9ad331721863798e3ec163e2a9ddc4ab07442316ef6cc79d5e52ce19b8,2021-05,Humberside Police,Humberside Police,-0.359368,53.736885,On or near Hamshaw Court,E01012891,Kingston upon Hull 030C,Public order,Unable to prosecute suspect,
6141a07b0fd4deadd9a0eae4dc838bf170a9490263965a5c5b82a26cef13191a,2021-05,Humberside Police,Humberside Police,-0.358451,53.738239,On or near Parking Area,E01012891,Kingston upon Hull 030C,Public order,Unable to prosecute suspect,
9b960e87f995b3a062f035116822f2447e7bab8a482385e111b506fa496241bd,2021-05,Humberside Police,Humberside Police,-0.358451,53.738239,On or near Parking Area,E01012891,Kingston upon Hull 030C,Public order,Unable to prosecute suspect,
86577ee8fe785b69bcd6ca8c5510c4fec68125e4a26eb6163692c77774af46d1,2021-05,Humberside Police,Humberside Police,-0.360394,53.742868,On or near Kings Leigh,E01012891,Kingston upon Hull 030C,Public order,Unable to prosecute suspect,
eacafbc38e674262726eef4acdd652124306d1e96d3c5c34fa7352502c7e36ad,2021-05,Humberside Police,Humberside Police,-0.361991,53.740391,On or near Wesley Court,E01012891,Kingston upon Hull 030C,Public order,Local resolution,
ab690263a32668f77acc439f61ad13ad9d16a4fcfe31ad51a0a62ed81924f890,2021-05,Humberside Police,Humberside Police,-0.360255,53.737481,On or near Carol Dickson Court,E01012891,Kingston upon Hull 030C,Robbery,Investigation complete; no suspect identified,
9ae37f760fc6ba46d2bf6f8332644c4ab01f36f7ed82f90ed3bda68f473401bd,2021-05,Humberside Police,Humberside Police,-0.360394,53.742868,On or near Kings Leigh,E01012891,Kingston upon Hull 030C,Shoplifting,Court result unavailable,
9796ea741b0a8e0f3bf1b0520b31b249fe52bd32002a510b2fd81afeea035ee7,2021-05,Humberside Police,Humberside Police,-0.361991,53.740391,On or near Wesley Court,E01012891,Kingston upon Hull 030C,Violence and sexual offences,Unable to prosecute suspect,
417d7c34c7479fdb7e7634e5116b55a98e1a127ae07f6f2456bfd53093e45ce7,2021-05,Humberside Police,Humberside Police,-0.362097,53.741570,On or near St Pancras Close,E01012891,Kingston upon Hull 030C,Violence and sexual offences,Unable to prosecute suspect,
869e85403cbf5ac0669e9b02c2327c74e8d095eebd9fbe0149ef757531c06b09,2021-05,Humberside Police,Humberside Police,-0.361991,53.740391,On or near Wesley Court,E01012891,Kingston upon Hull 030C,Violence and sexual offences,Unable to prosecute suspect,
b1cf1bf3049816010915c30718bd0367c6baf224a35328ed59b56b9b1bef9c79,2021-05,Humberside Police,Humberside Police,-0.360394,53.742868,On or near Kings Leigh,E01012891,Kingston upon Hull 030C,Violence and sexual offences,Unable to prosecute suspect,
9baf9a546a7589d6c832908d8f172475646b29d3c6931afc12debe4748ac2987,2021-05,Humberside Police,Humberside Police,-0.362097,53.741570,On or near St Pancras Close,E01012891,Kingston upon Hull 030C,Violence and sexual offences,Unable to prosecute suspect,
c29be2c505d4cea3d4b3d259c4fe7974fd81f7b9509a2f903d7ffc682061bc4d,2021-05,Humberside Police,Humberside Police,-0.359345,53.738638,On or near Beech Close,E01012891,Kingston upon Hull 030C,Violence and sexual offences,Unable to prosecute suspect,
40f94e6d2da4f9699ae996d53b15ac8257f40cef505b71c5d0bf18dcd3692374,2021-05,Humberside Police,Humberside Police,-0.359345,53.738638,On or near Beech Close,E01012891,Kingston upon Hull 030C,Violence and sexual offences,Unable to prosecute suspect,
f004efee1be0b4de1bd85f81e3fee0e0f4a66150b609e780a4d59ea13e47e2e8,2021-05,Humberside Police,Humberside Police,-0.359345,53.738638,On or near Beech Close,E01012891,Kingston upon Hull 030C,Violence and sexual offences,Unable to prosecute suspect,
4378ccf56cd90c4b943a3ce6af324ac1683d8aaf798d91b598305c8a8fc59827,2021-05,Humberside Police,Humberside Police,-0.360756,53.741354,On or near Euston Close,E01012891,Kingston upon Hull 030C,Violence and sexual offences,Unable to prosecute suspect,
bba95f6a9415954ed45b8851cdef02e059397ceb5e576165005ec45d556fbef2,2021-05,Humberside Police,Humberside Police,-0.362097,53.741570,On or near St Pancras Close,E01012891,Kingston upon Hull 030C,Violence and sexual offences,Unable to prosecute suspect,
cd7e6e4612a75e0d5c794c2d634b6d5882cb377ecde0c9547105a1dc21bbe867,2021-05,Humberside Police,Humberside Police,-0.362097,53.741570,On or near St Pancras Close,E01012891,Kingston upon Hull 030C,Violence and sexual offences,Unable to prosecute suspect,
bcd17849a46c23a57271d07d05ed9062c89e119edb2e9206b8c25cff37f31f6f,2021-05,Humberside Police,Humberside Police,-0.360191,53.739899,On or near The Mews,E01012891,Kingston upon Hull 030C,Violence and sexual offences,Unable to prosecute suspect,
e1e61c9e46205de954d1d61585f7a6a5ea71b0f0b7c86b19b147fcd4fef7061c,2021-05,Humberside Police,Humberside Police,-0.357864,53.736190,On or near Madeley Street,E01012891,Kingston upon Hull 030C,Violence and sexual offences,Investigation complete; no suspect identified,
c779406dff1e10a0bfc6f9e7a1f9e4207ae9c0c968ad6ac28e3259797767c65b,2021-05,Humberside Police,Humberside Police,-0.360808,53.737669,On or near Wellsted Street,E01012891,Kingston upon Hull 030C,Violence and sexual offences,Unable to prosecute suspect,
016807150b6154da2ff05a0a43ca67b8016b3ab213146588c6ec937c4cc585ad,2021-05,Humberside Police,Humberside Police,-0.360808,53.737669,On or near Wellsted Street,E01012891,Kingston upon Hull 030C,Violence and sexual offences,Unable to prosecute suspect,
e60d57eb9653c50833fa897600dd9a8c385c7c6d6e662f808f6510c3504b0c47,2021-05,Humberside Police,Humberside Police,-0.359368,53.736885,On or near Hamshaw Court,E01012891,Kingston upon Hull 030C,Other crime,Unable to prosecute suspect,
,2021-05,Humberside Police,Humberside Police,-0.367401,53.740096,On or near Camden Street,E01012892,Kingston upon Hull 030D,Anti-social behaviour,,
,2021-05,Humberside Police,Humberside Police,-0.366098,53.742415,On or near Malm Street,E01012892,Kingston upon Hull 030D,Anti-social behaviour,,
,2021-05,Humberside Police,Humberside Police,-0.364878,53.737904,On or near Boulevard,E01012892,Kingston upon Hull 030D,Anti-social behaviour,,
,2021-05,Humberside Police,Humberside Police,-0.364878,53.737904,On or near Boulevard,E01012892,Kingston upon Hull 030D,Anti-social behaviour,,
,2021-05,Humberside Police,Humberside Police,-0.364878,53.737904,On or near Boulevard,E01012892,Kingston upon Hull 030D,Anti-social behaviour,,
,2021-05,Humberside Police,Humberside Police,-0.364878,53.737904,On or near Boulevard,E01012892,Kingston upon Hull 030D,Anti-social behaviour,,
,2021-05,Humberside Police,Humberside Police,-0.364878,53.737904,On or near Boulevard,E01012892,Kingston upon Hull 030D,Anti-social behaviour,,
,2021-05,Humberside Police,Humberside Police,-0.366098,53.742415,On or near Malm Street,E01012892,Kingston upon Hull 030D,Anti-social behaviour,,
,2021-05,Humberside Police,Humberside Police,-0.366826,53.738884,On or near Cadogan Street,E01012892,Kingston upon Hull 030D,Anti-social behaviour,,
,2021-05,Humberside Police,Humberside Police,-0.368483,53.740722,On or near Airlie Street,E01012892,Kingston upon Hull 030D,Anti-social behaviour,,
,2021-05,Humberside Police,Humberside Police,-0.363975,53.736939,On or near Boynton Street,E01012892,Kingston upon Hull 030D,Anti-social behaviour,,
951d81a5bd2c5ead31efc34a762a1ca37867c0fd77af7d5fd33738c60b1d272a,2021-05,Humberside Police,Humberside Police,-0.364878,53.737904,On or near Boulevard,E01012892,Kingston upon Hull 030D,Bicycle theft,Unable to prosecute suspect,
39140be757ad849b9187c73c8429a5b632dedef1618c169abcce56d48dfa4ce0,2021-05,Humberside Police,Humberside Police,-0.365380,53.740985,On or near Queen'S Gate Street,E01012892,Kingston upon Hull 030D,Burglary,Court result unavailable,
1bd09d1bf0f04510abcb77b85f53a07785b44dbd41adbc4dc2fea7e69e66c3fe,2021-05,Humberside Police,Humberside Police,-0.364092,53.740186,On or near Bacheler Street,E01012892,Kingston upon Hull 030D,Burglary,Investigation complete; no suspect identified,
7d648e3ea82ce82e8912b9cc8af86258ddcd8f71f8ef92d1ad474f3b047f8aa7,2021-05,Humberside Police,Humberside Police,-0.364878,53.737904,On or near Boulevard,E01012892,Kingston upon Hull 030D,Criminal damage and arson,Investigation complete; no suspect identified,
831f77ec52c7ae179b2fcb4d4ea50185edf44575cdd6069135801ba9e86050c0,2021-05,Humberside Police,Humberside Police,-0.366098,53.742415,On or near Malm Street,E01012892,Kingston upon Hull 030D,Criminal damage and arson,Unable to prosecute suspect,
320c8644083c123747dc51c964c00ce289a68fec13ed434ed4e935a049242a74,2021-05,Humberside Police,Humberside Police,-0.364905,53.739927,On or near St Matthew Street,E01012892,Kingston upon Hull 030D,Criminal damage and arson,Unable to prosecute suspect,
eba05ab2fba837b41fdc24f6f03e25834f4cac5766cc791330cb25d6b4264ba5,2021-05,Humberside Police,Humberside Police,-0.366006,53.741650,On or near Alfonso Street,E01012892,Kingston upon Hull 030D,Drugs,Unable to prosecute suspect,
7422332828edb90804fe138aed38c0972a07f3dabdc38a437968b71d2f816522,2021-05,Humberside Police,Humberside Police,-0.364905,53.739927,On or near St Matthew Street,E01012892,Kingston upon Hull 030D,Public order,Investigation complete; no suspect identified,
7527f41047bab5854841ce7f14c48ff8788db2fef1db091e8c42e2b3ccd29276,2021-05,Humberside Police,Humberside Police,-0.364905,53.739927,On or near St Matthew Street,E01012892,Kingston upon Hull 030D,Public order,Local resolution,
7a9eae06243b9017b151c7ded7961e63a155f0e12f0227c06cbe599ca5014555,2021-05,Humberside Police,Humberside Police,-0.363975,53.736939,On or near Boynton Street,E01012892,Kingston upon Hull 030D,Public order,Further investigation is not in the public interest,
8bc24fd1ca5eff120a0a96e37012f1d1ad87dc366482841f961a7abfa7ed8da8,2021-05,Humberside Police,Humberside Police,-0.364878,53.737904,On or near Boulevard,E01012892,Kingston upon Hull 030D,Public order,Unable to prosecute suspect,
af9994918c0a71ce55b32d523ac8c4aa12f72382afd916c689c64e8ae3198365,2021-05,Humberside Police,Humberside Police,-0.366098,53.742415,On or near Malm Street,E01012892,Kingston upon Hull 030D,Public order,Unable to prosecute suspect,
3d99dd3da2215da08fccc2792e8b21a4dbf4fde91366f2c4d2541e4d6ffbd5b0,2021-05,Humberside Police,Humberside Police,-0.365067,53.741233,On or near Bus/Coach Station,E01012892,Kingston upon Hull 030D,Robbery,Unable to prosecute suspect,
b681fd2f1b3f079835a468eaa23f41dd460aa1b8e5c4262776cbc7eddf598ee6,2021-05,Humberside Police,Humberside Police,-0.364905,53.739927,On or near St Matthew Street,E01012892,Kingston upon Hull 030D,Violence and sexual offences,Unable to prosecute suspect,
cc6e6191d418cd45003dc3bf83ee5855ed74b62a59645ed8a61135fcd505ed1b,2021-05,Humberside Police,Humberside Police,-0.364878,53.737904,On or near Boulevard,E01012892,Kingston upon Hull 030D,Violence and sexual offences,Unable to prosecute suspect,
0b9fa4f4dd4bd9e5d2341bba2fda67785eb6adba77973532682a4efd4f3e31f0,2021-05,Humberside Police,Humberside Police,-0.364878,53.737904,On or near Boulevard,E01012892,Kingston upon Hull 030D,Violence and sexual offences,Unable to prosecute suspect,
0cd5d37a18da08be824fb1679c6118c6bd5d87d9ce6c2fbbb1cd4a5f25751d27,2021-05,Humberside Police,Humberside Police,-0.364905,53.739927,On or near St Matthew Street,E01012892,Kingston upon Hull 030D,Violence and sexual offences,Local resolution,
675c45efa14740777b25a7ff5b4c14514c5c4a28a4da5891b2efbad35b910ea5,2021-05,Humberside Police,Humberside Police,-0.368149,53.739962,On or near Carrington Street,E01012892,Kingston upon Hull 030D,Violence and sexual offences,Unable to prosecute suspect,
c83e032f43f336f0c7260d529c457eb784e851f575757191f678f4b6eee50cb6,2021-05,Humberside Police,Humberside Police,-0.366098,53.742415,On or near Malm Street,E01012892,Kingston upon Hull 030D,Violence and sexual offences,Local resolution,
8a667aa3316d59499ff34ff193df5be9572b373e7bd883b07e8f9d755585e3b0,2021-05,Humberside Police,Humberside Police,-0.369068,53.739328,On or near Sports/Recreation Area,E01012892,Kingston upon Hull 030D,Violence and sexual offences,Unable to prosecute suspect,
2f92723a7e689f09025d901308cfa12d5df2c8a53f07c50ca4eb6a2b2846e194,2021-05,Humberside Police,Humberside Police,-0.365380,53.740985,On or near Queen'S Gate Street,E01012892,Kingston upon Hull 030D,Violence and sexual offences,Further action is not in the public interest,
ff96102e0cbb4b2cb62c400a33bc913cf932d67b9649dda542391d5c5593d737,2021-05,Humberside Police,Humberside Police,-0.368483,53.740722,On or near Airlie Street,E01012892,Kingston upon Hull 030D,Violence and sexual offences,Unable to prosecute suspect,
d4bd2e42c0bc0e6bb1b8e94e0f7df3c8f3d0d06277dd49fe7505c5d66af7b900,2021-05,Humberside Police,Humberside Police,-0.364878,53.737904,On or near Boulevard,E01012892,Kingston upon Hull 030D,Violence and sexual offences,Unable to prosecute suspect,
f559cc6bd1d7b75a159f943d390dfd6bbcc36aa1383da9f546cfc588e3c426b0,2021-05,Humberside Police,Humberside Police,-0.366006,53.741650,On or near Alfonso Street,E01012892,Kingston upon Hull 030D,Violence and sexual offences,Investigation complete; no suspect identified,
7494d8b33ce5e7a8ff34ef9042a40b641c15c2e66fb1b37aa19dea51f28f5df6,2021-05,Humberside Police,Humberside Police,-0.368483,53.740722,On or near Airlie Street,E01012892,Kingston upon Hull 030D,Violence and sexual offences,Unable to prosecute suspect,
9aedcea2513516a6bb660a6f71b48dbaf4b4c0ce0a8549fc10c96e265aa777da,2021-05,Humberside Police,Humberside Police,-0.366006,53.741650,On or near Alfonso Street,E01012892,Kingston upon Hull 030D,Violence and sexual offences,Unable to prosecute suspect,
48be0442cd03a7f49bcf295fbd9a4f57b5bd245da568c8fc3f43f76a8dc7b9d5,2021-05,Humberside Police,Humberside Police,-0.365380,53.740985,On or near Queen'S Gate Street,E01012892,Kingston upon Hull 030D,Violence and sexual offences,Further action is not in the public interest,
50ce45cde16defecc27034e9af770957f161c9c97acdad3bd91edbeaabc52425,2021-05,Humberside Police,Humberside Police,-0.368483,53.740722,On or near Airlie Street,E01012892,Kingston upon Hull 030D,Violence and sexual offences,Unable to prosecute suspect,
2a93af5bf784d8a1904c1f3bc482f1924a66767990f2bb8c2473e403eeb49e78,2021-05,Humberside Police,Humberside Police,-0.364905,53.739927,On or near St Matthew Street,E01012892,Kingston upon Hull 030D,Violence and sexual offences,Unable to prosecute suspect,
a4c6a2c305cadf130c4aa5dce19da80af1d7e1375e2eb2cf367920c35dcc220e,2021-05,Humberside Police,Humberside Police,-0.367187,53.739338,On or near Calthorpe Street,E01012892,Kingston upon Hull 030D,Violence and sexual offences,Unable to prosecute suspect,
,2021-05,Humberside Police,Humberside Police,-0.373848,53.740004,On or near Farnella Close,E01012893,Kingston upon Hull 030E,Anti-social behaviour,,
,2021-05,Humberside Police,Humberside Police,-0.373848,53.740004,On or near Farnella Close,E01012893,Kingston upon Hull 030E,Anti-social behaviour,,
,2021-05,Humberside Police,Humberside Police,-0.371411,53.737939,On or near Orion Close,E01012893,Kingston upon Hull 030E,Anti-social behaviour,,
,2021-05,Humberside Police,Humberside Police,-0.371411,53.737939,On or near Orion Close,E01012893,Kingston upon Hull 030E,Anti-social behaviour,,
6d8345f8171d8146ee18c58622a906f955be2a32193f35d173db6d93d99433db,2021-05,Humberside Police,Humberside Police,-0.369475,53.741742,On or near Heron Street,E01012893,Kingston upon Hull 030E,Bicycle theft,Investigation complete; no suspect identified,
b584dad33ae00c7dbe9f901266bdeb009be3b3b932b61249f8e69d52374f0eb2,2021-05,Humberside Police,Humberside Police,-0.373773,53.739203,On or near Colenso Street,E01012893,Kingston upon Hull 030E,Burglary,Investigation complete; no suspect identified,
9da86e5128ea10077a329644ab5452c10e369c93c33875d1f98eafe2d2fd461e,2021-05,Humberside Police,Humberside Police,-0.372396,53.739130,On or near Glasgow Street,E01012893,Kingston upon Hull 030E,Burglary,Investigation complete; no suspect identified,
80e8fe583946be0ce59d6bc90635cf48b2b638572f4bfd02af39c91551efdeb3,2021-05,Humberside Police,Humberside Police,-0.371402,53.738559,On or near Sirius Close,E01012893,Kingston upon Hull 030E,Criminal damage and arson,Local resolution,
932e516c2ddbf3c3f3691fe736e2c8e133852fb03389e07367e2b457da0d458b,2021-05,Humberside Police,Humberside Police,-0.373773,53.739203,On or near Colenso Street,E01012893,Kingston upon Hull 030E,Criminal damage and arson,Investigation complete; no suspect identified,
53262273e1db3ebe9406126306024696385facaeca46f945736c4eb3f7cd83a2,2021-05,Humberside Police,Humberside Police,-0.369426,53.742209,On or near Doncaster Street,E01012893,Kingston upon Hull 030E,Criminal damage and arson,Unable to prosecute suspect,
cc7a65443f6dc422c6314f3902c66406094bc1f51bd75c7e7b2c1b145118e888,2021-05,Humberside Police,Humberside Police,-0.373848,53.740004,On or near Farnella Close,E01012893,Kingston upon Hull 030E,Drugs,Court result unavailable,
1a5add0665344523446360adbe346a4140c48238994e3db204e55b9a7dcd7e2b,2021-05,Humberside Police,Humberside Police,-0.373773,53.739203,On or near Colenso Street,E01012893,Kingston upon Hull 030E,Drugs,Court result unavailable,
358e62dcc31e8ed9df11f63896a164202b169bb1f6c95022054d9e1c114dd9b0,2021-05,Humberside Police,Humberside Police,-0.373848,53.740004,On or near Farnella Close,E01012893,Kingston upon Hull 030E,Other theft,Unable to prosecute suspect,
df933043b83c50c497eca052203aba7b814b15d07d41052ec76629ef6e7aeb3c,2021-05,Humberside Police,Humberside Police,-0.371411,53.737939,On or near Orion Close,E01012893,Kingston upon Hull 030E,Other theft,Investigation complete; no suspect identified,
9e1d1d593f3ef9cbc9f2d691b6650253ee9edd0b41414858718e6ee7ed232e5d,2021-05,Humberside Police,Humberside Police,-0.370176,53.740853,On or near Aylesford Street,E01012893,Kingston upon Hull 030E,Other theft,Unable to prosecute suspect,
7245674c34854c7c5848a8277b9e3a2d39e9ec07948db5f78f63dbe99d03cf40,2021-05,Humberside Police,Humberside Police,-0.371402,53.738559,On or near Sirius Close,E01012893,Kingston upon Hull 030E,Public order,Unable to prosecute suspect,
a0ffc5ad17b84cea6bc3e467cfa56d333073d3536af009f9a1fde46778edb4dd,2021-05,Humberside Police,Humberside Police,-0.373848,53.740004,On or near Farnella Close,E01012893,Kingston upon Hull 030E,Public order,Unable to prosecute suspect,
16661ba359611f98f77598b64766e20dc40976b784e0bc5296b9862937ab0ccb,2021-05,Humberside Police,Humberside Police,-0.369426,53.742209,On or near Doncaster Street,E01012893,Kingston upon Hull 030E,Vehicle crime,Investigation complete; no suspect identified,
d4a21deb47f9902be1c7a611ace69a914a54b2ed62704232f914a1e892ab2e4c,2021-05,Humberside Police,Humberside Police,-0.371402,53.738559,On or near Sirius Close,E01012893,Kingston upon Hull 030E,Violence and sexual offences,Unable to prosecute suspect,
fef3359a7bff84afb5e11c87905ce522e134d413448d493ba0e6aee98f4bec28,2021-05,Humberside Police,Humberside Police,-0.373848,53.740004,On or near Farnella Close,E01012893,Kingston upon Hull 030E,Violence and sexual offences,Unable to prosecute suspect,
36533d8c7c00dc6c367834218fa5d8ac561e389b911af90e7a01a1da6f2557df,2021-05,Humberside Police,Humberside Police,-0.371402,53.738559,On or near Sirius Close,E01012893,Kingston upon Hull 030E,Violence and sexual offences,Unable to prosecute suspect,
91145c5f93f4d227acee084f47a0c71d09038735a2ab9f3e924014ed497a6cd5,2021-05,Humberside Police,Humberside Police,-0.371402,53.738559,On or near Sirius Close,E01012893,Kingston upon Hull 030E,Violence and sexual offences,Unable to prosecute suspect,
7174fd8dd96c5ddbe730d464941ed7d0af02ed02eaac89012c409658f09cb49b,2021-05,Humberside Police,Humberside Police,-0.370176,53.740853,On or near Aylesford Street,E01012893,Kingston upon Hull 030E,Violence and sexual offences,Unable to prosecute suspect,
1f514104cdbf1b0e25e65624ad051abb8b0c3eaf296b4a4c059a7a1f272e4994,2021-05,Humberside Police,Humberside Police,-0.368646,53.741219,On or near Albemarle Street,E01012893,Kingston upon Hull 030E,Violence and sexual offences,Unable to prosecute suspect,
ba0a4c0d76b6f7aa18498c24a68e27f87ed61f4020817155a427f1607eb6d285,2021-05,Humberside Police,Humberside Police,-0.371705,53.741719,On or near Selby Street,E01012893,Kingston upon Hull 030E,Violence and sexual offences,Unable to prosecute suspect,
80dbeaaea11ea36acefcbf6c6970d166bbb8eb74b026e27cf93a8d6e44ff8181,2021-05,Humberside Police,Humberside Police,-0.373773,53.739203,On or near Colenso Street,E01012893,Kingston upon Hull 030E,Violence and sexual offences,Unable to prosecute suspect,
7f9e7f10d0b2504039cf6bb167490c85adf04484ea9a44a01b737d8ecc4e6cb4,2021-05,Humberside Police,Humberside Police,-0.371705,53.741719,On or near Selby Street,E01012893,Kingston upon Hull 030E,Violence and sexual offences,Unable to prosecute suspect,
859b98cbf8bb09e3f153a53c364b311c1de5a6f871af9912470ad1a92fb030b9,2021-05,Humberside Police,Humberside Police,-0.371705,53.741719,On or near Selby Street,E01012893,Kingston upon Hull 030E,Violence and sexual offences,Investigation complete; no suspect identified,
da14d5295d16586cfbd20080b870b8b6ba5d8a005a566eb0b88f0e26c45a6643,2021-05,Humberside Police,Humberside Police,-0.373848,53.740004,On or near Farnella Close,E01012893,Kingston upon Hull 030E,Violence and sexual offences,Unable to prosecute suspect,
2e82f94e74bc96fece21e920a6c42eab792f9032d81efeaa1e7d67e385a57601,2021-05,Humberside Police,Humberside Police,-0.372954,53.737250,On or near St George'S Road,E01012893,Kingston upon Hull 030E,Other crime,Unable to prosecute suspect,
218e56ffbde41e754f2fc93fddc102b0c3508179790fd0bf8f111d767498b83b,2021-05,Humberside Police,Humberside Police,-0.373848,53.740004,On or near Farnella Close,E01012893,Kingston upon Hull 030E,Other crime,Action to be taken by another organisation,
,2021-05,Humberside Police,Humberside Police,-0.388960,53.738167,On or near Sledmere Grove,E01012858,Kingston upon Hull 031A,Anti-social behaviour,,
,2021-05,Humberside Police,Humberside Police,-0.388960,53.738167,On or near Sledmere Grove,E01012858,Kingston upon Hull 031A,Anti-social behaviour,,
b4924ba8243927b85842b15570df9633e1415367ec01b47d9ad777a155561b94,2021-05,Humberside Police,Humberside Police,-0.387790,53.737828,On or near Sports/Recreation Area,E01012858,Kingston upon Hull 031A,Criminal damage and arson,Court result unavailable,
fdf04841831746d2d6edc8b865990b35e134856d45dd33d605cccc3263d8ae2d,2021-05,Humberside Police,Humberside Police,-0.387235,53.732526,On or near Dorset Street,E01012858,Kingston upon Hull 031A,Criminal damage and arson,Status update unavailable,
55340a4fbebeeca185c873e887a369d7607ecca98f493fbbd23bab944b7ed621,2021-05,Humberside Police,Humberside Police,-0.382549,53.736535,On or near Woburn Street,E01012858,Kingston upon Hull 031A,Criminal damage and arson,Unable to prosecute suspect,
dc40e3c1a7f9677ae4f971b9100d50da146aecc1dd104c0bf5824655fc21bcd8,2021-05,Humberside Police,Humberside Police,-0.388960,53.738167,On or near Sledmere Grove,E01012858,Kingston upon Hull 031A,Criminal damage and arson,Unable to prosecute suspect,
99d26bdce79ec67a08f8d52e4bcd7b462dcd847cc53f40053b7b72441a7aef7c,2021-05,Humberside Police,Humberside Police,-0.389778,53.737001,On or near North Road,E01012858,Kingston upon Hull 031A,Criminal damage and arson,Investigation complete; no suspect identified,
d617258e8d664341539f722bd93664c1352960833b9e114ab5928ad366ff7c9d,2021-05,Humberside Police,Humberside Police,-0.389245,53.733083,On or near River Grove,E01012858,Kingston upon Hull 031A,Criminal damage and arson,Unable to prosecute suspect,
afb423e066e8aa23bc726d700f124a62f230a8a1facc37216496bbae25bb9313,2021-05,Humberside Police,Humberside Police,-0.389778,53.737001,On or near North Road,E01012858,Kingston upon Hull 031A,Criminal damage and arson,Investigation complete; no suspect identified,
87b7eb5a894205d61443750ed7ffbbf6570c06e5594fac04dcdcc38349bed40c,2021-05,Humberside Police,Humberside Police,-0.387235,53.732526,On or near Dorset Street,E01012858,Kingston upon Hull 031A,Drugs,Court result unavailable,
042868137706fe803cd9afb17342b2b29d8b5309f6bd02f7fb4e432efe87087b,2021-05,Humberside Police,Humberside Police,-0.382549,53.736535,On or near Woburn Street,E01012858,Kingston upon Hull 031A,Public order,Court result unavailable,
9833f4d07e0ebde1dfdb0fbc062d4e0eca2500505369ffd29cbef81d5ebc7e97,2021-05,Humberside Police,Humberside Police,-0.388960,53.738167,On or near Sledmere Grove,E01012858,Kingston upon Hull 031A,Vehicle crime,Status update unavailable,
28ac284ba1935421ade219201e2dbd9382cc84ed081f4eaf99917a32aff1b3ee,2021-05,Humberside Police,Humberside Police,-0.390511,53.735276,On or near The Greenway,E01012858,Kingston upon Hull 031A,Violence and sexual offences,Unable to prosecute suspect,
a6a9a5d8989cef00af38dfcf477e12913c8ffd3af10532d431d670f2d3dc6568,2021-05,Humberside Police,Humberside Police,-0.388960,53.738167,On or near Sledmere Grove,E01012858,Kingston upon Hull 031A,Violence and sexual offences,Unable to prosecute suspect,
6fb8ecab1964829e4ccafb76dffa7c349576b62f1c0f15290d176e0dc19bec93,2021-05,Humberside Police,Humberside Police,-0.386768,53.733257,On or near Sunningdale Road,E01012858,Kingston upon Hull 031A,Violence and sexual offences,Unable to prosecute suspect,
1161e72dc826e149c8ef2242c8c9a0ac55df33306f3de62078a74b6df7426bb2,2021-05,Humberside Police,Humberside Police,-0.387235,53.732526,On or near Dorset Street,E01012858,Kingston upon Hull 031A,Violence and sexual offences,Unable to prosecute suspect,
63e9e711e957014115d3f7286825a98321b3ea95d5d30ab552ee0316a2af0805,2021-05,Humberside Police,Humberside Police,-0.384945,53.734545,On or near Sports/Recreation Area,E01012858,Kingston upon Hull 031A,Violence and sexual offences,Unable to prosecute suspect,
57f803153b95978d2ebab729fd036e7291e5a0d1953334da8784d4a6188c23b7,2021-05,Humberside Police,Humberside Police,-0.382549,53.736535,On or near Woburn Street,E01012858,Kingston upon Hull 031A,Violence and sexual offences,Unable to prosecute suspect,
dd7502d029529847a0d67d48f0e1d535e1f1b73a194909ccecb3743197badc51,2021-05,Humberside Police,Humberside Police,-0.389245,53.733083,On or near River Grove,E01012858,Kingston upon Hull 031A,Violence and sexual offences,Unable to prosecute suspect,
a838c0f54a5fd7cdef79e166600cd42ca062270e2934e9584f4beae8230a12bb,2021-05,Humberside Police,Humberside Police,-0.391827,53.736138,On or near Follifoot Drive,E01012858,Kingston upon Hull 031A,Violence and sexual offences,Unable to prosecute suspect,
f4e53cdabbf424baee08c9580904eef349af39bc91b25f9aae1632c3b311eadd,2021-05,Humberside Police,Humberside Police,-0.389778,53.737001,On or near North Road,E01012858,Kingston upon Hull 031A,Violence and sexual offences,Unable to prosecute suspect,
ab6ce230dd04b039de3fffebfd98703bf3f47b5c34b7a2e63aef2ea0c9601dcc,2021-05,Humberside Police,Humberside Police,-0.386768,53.733257,On or near Sunningdale Road,E01012858,Kingston upon Hull 031A,Violence and sexual offences,Unable to prosecute suspect,
0adaba11a581fef047dfa8dfb7763aa8c1bd1f707774d487a0d68197f467a462,2021-05,Humberside Police,Humberside Police,-0.382549,53.736535,On or near Woburn Street,E01012858,Kingston upon Hull 031A,Violence and sexual offences,Unable to prosecute suspect,
c7b01d5292022ca2f71bdd8ab167419282f3616730f0fe08ee2cfc5e4be95c57,2021-05,Humberside Police,Humberside Police,-0.387790,53.737828,On or near Sports/Recreation Area,E01012858,Kingston upon Hull 031A,Violence and sexual offences,Court result unavailable,
0917b7084b1561c08c0bc9bd19dcd3db79374c37fc70491a7f4cc313a8a8eca2,2021-05,Humberside Police,Humberside Police,-0.390511,53.735276,On or near The Greenway,E01012858,Kingston upon Hull 031A,Violence and sexual offences,Court result unavailable,
55db3623a474dc2d1352682c2468910911460071fb4cd2ca26879f4131dd44f8,2021-05,Humberside Police,Humberside Police,-0.393355,53.735044,On or near Askew Avenue,E01012858,Kingston upon Hull 031A,Violence and sexual offences,Court result unavailable,
c1204410566534609483cfc84b6425b79a121442611881da08e87925abba86d0,2021-05,Humberside Police,Humberside Police,-0.388960,53.738167,On or near Sledmere Grove,E01012858,Kingston upon Hull 031A,Other crime,Investigation complete; no suspect identified,
,2021-05,Humberside Police,Humberside Police,-0.392988,53.737907,On or near Coxwold Grove,E01012860,Kingston upon Hull 031B,Anti-social behaviour,,
,2021-05,Humberside Police,Humberside Police,-0.392988,53.737907,On or near Coxwold Grove,E01012860,Kingston upon Hull 031B,Anti-social behaviour,,
,2021-05,Humberside Police,Humberside Police,-0.392988,53.737907,On or near Coxwold Grove,E01012860,Kingston upon Hull 031B,Anti-social behaviour,,
,2021-05,Humberside Police,Humberside Police,-0.392988,53.737907,On or near Coxwold Grove,E01012860,Kingston upon Hull 031B,Anti-social behaviour,,
86cc68e4616c29325a22f2963c4135309e2499c74045f72cd95cebe3f0f6803c,2021-05,Humberside Police,Humberside Police,-0.394256,53.738050,On or near Norton Grove,E01012860,Kingston upon Hull 031B,Criminal damage and arson,Investigation complete; no suspect identified,
04a9e89f325280cba5b06f0c2d1963ad313b38cd441e5fa543c6a41395403913,2021-05,Humberside Police,Humberside Police,-0.392614,53.739754,On or near St Bede Court,E01012860,Kingston upon Hull 031B,Criminal damage and arson,Unable to prosecute suspect,
bcc4348adc0c07a5e8c441ec745bfa8d97df9fdd5e8fbd8c449c116861583fa4,2021-05,Humberside Police,Humberside Police,-0.385777,53.740911,On or near Plowden Road,E01012860,Kingston upon Hull 031B,Public order,Unable to prosecute suspect,
edbb00f025770844c0f387d75e59479a486fe1c3f16ff13099b7d6e177b0fd0f,2021-05,Humberside Police,Humberside Police,-0.395812,53.738187,On or near Wistow Grove,E01012860,Kingston upon Hull 031B,Public order,Unable to prosecute suspect,
926fccdfbf171496a7e4d37a8c7329210e9792149c7ea310183d52ac77c36ce8,2021-05,Humberside Police,Humberside Police,-0.385777,53.740911,On or near Plowden Road,E01012860,Kingston upon Hull 031B,Shoplifting,Investigation complete; no suspect identified,
fa6bbfc7ddc6a901a92fa02c70bc89a389e76b8c50613fe5d5be8da0e3511aee,2021-05,Humberside Police,Humberside Police,-0.385777,53.740911,On or near Plowden Road,E01012860,Kingston upon Hull 031B,Shoplifting,Investigation complete; no suspect identified,
ba134bade92727b4bc8b9e6c357726e7b58b5accab4f8eaaac9134f6337adadf,2021-05,Humberside Police,Humberside Police,-0.385777,53.740911,On or near Plowden Road,E01012860,Kingston upon Hull 031B,Shoplifting,Unable to prosecute suspect,
659e9d3e46833dba358d0bf273578f249ae70131739723582bac6da385fde61c,2021-05,Humberside Police,Humberside Police,-0.392614,53.739754,On or near St Bede Court,E01012860,Kingston upon Hull 031B,Violence and sexual offences,Unable to prosecute suspect,
72166a9e587cc10b288320c2e92d02672f6889b9e179f33e5b170cb418d283cc,2021-05,Humberside Police,Humberside Police,-0.392614,53.739754,On or near St Bede Court,E01012860,Kingston upon Hull 031B,Violence and sexual offences,Status update unavailable,
5f5974603a2c565d2fab0ce0f2fd43b11913d233f74f942ca17bee02567cd496,2021-05,Humberside Police,Humberside Police,-0.394256,53.738050,On or near Norton Grove,E01012860,Kingston upon Hull 031B,Violence and sexual offences,Unable to prosecute suspect,
0293a8427a1f4486298e41f1a7d1408dba626a90adfa3d41ead547dda1d07f63,2021-05,Humberside Police,Humberside Police,-0.392614,53.739754,On or near St Bede Court,E01012860,Kingston upon Hull 031B,Violence and sexual offences,Unable to prosecute suspect,
9e089e591edbfdc1d8bbd8d7bef0617da9309f18803775e357c95a10a2cf3532,2021-05,Humberside Police,Humberside Police,-0.393158,53.740615,On or near Boothferry Road,E01012860,Kingston upon Hull 031B,Violence and sexual offences,Unable to prosecute suspect,
8dba4522a89de5ddcdf3894636c8763a08971da08b6deda40f1a40539a5539e2,2021-05,Humberside Police,Humberside Police,-0.392614,53.739754,On or near St Bede Court,E01012860,Kingston upon Hull 031B,Violence and sexual offences,Status update unavailable,
5641cfa1fb46b4a2f3fd1d735a9495ce94e3864f6fcc6ee21af8ba6109ceccbd,2021-05,Humberside Police,Humberside Police,-0.385777,53.740911,On or near Plowden Road,E01012860,Kingston upon Hull 031B,Violence and sexual offences,Court result unavailable,
5ac2d572b982fea709abbc2f75908671667686720b1e7e9b504330b6ba596927,2021-05,Humberside Police,Humberside Police,-0.391539,53.732179,On or near River Grove,E01012886,Kingston upon Hull 031D,Criminal damage and arson,Unable to prosecute suspect,
c3da02e763b3db8140365381b2d2a3d9406b0f97d675fa308d7a33b84a1e066b,2021-05,Humberside Police,Humberside Police,-0.391539,53.732179,On or near River Grove,E01012886,Kingston upon Hull 031D,Criminal damage and arson,Local resolution,
3b7c32ea543488ad3b332d12fcbccaa7983843a06b6a33d343c2990990643732,2021-05,Humberside Police,Humberside Police,-0.397911,53.736822,On or near Rawcliffe Grove,E01012886,Kingston upon Hull 031D,Other theft,Investigation complete; no suspect identified,
7da4c41e6c4e876c87aef664b1ae0f13dc88c85238022bba0eb727a3c6835715,2021-05,Humberside Police,Humberside Police,-0.396862,53.736511,On or near Norton Grove,E01012886,Kingston upon Hull 031D,Other theft,Unable to prosecute suspect,
4dcee348fe0e0bf27c35c2479fd4696f2cc97cc24f9d64e6120614d61ed7616d,2021-05,Humberside Police,Humberside Police,-0.391539,53.732179,On or near River Grove,E01012886,Kingston upon Hull 031D,Other theft,Unable to prosecute suspect,
dc89873361e8bfae0b2ae04b31228bca75907af7b5b31ed2400f90c00ac91fa9,2021-05,Humberside Police,Humberside Police,-0.397911,53.736822,On or near Rawcliffe Grove,E01012886,Kingston upon Hull 031D,Public order,Investigation complete; no suspect identified,
19c6b93b8eb047b3986de9f87e7b72320a4df3cee739a7f386c4ea8c99c6aa46,2021-05,Humberside Police,Humberside Police,-0.393478,53.733814,On or near East Grove,E01012886,Kingston upon Hull 031D,Public order,Unable to prosecute suspect,
3ff1af65017e29ab9a0511e100583cb9a16c0f32fb1d6bf34c8dcec70ea9f81c,2021-05,Humberside Police,Humberside Police,-0.391539,53.732179,On or near River Grove,E01012886,Kingston upon Hull 031D,Violence and sexual offences,Unable to prosecute suspect,
99861c292f47d4a32404396938a491daacb2b561a08f1f09b5a15d95f97638ff,2021-05,Humberside Police,Humberside Police,-0.395178,53.732965,On or near Priory Grove,E01012886,Kingston upon Hull 031D,Violence and sexual offences,Unable to prosecute suspect,
e8f2bc20be3cbfbf522509d701fa5a97c7a843e05cfc187ce61774dcc9e8822a,2021-05,Humberside Police,Humberside Police,-0.396862,53.736511,On or near Norton Grove,E01012886,Kingston upon Hull 031D,Violence and sexual offences,Investigation complete; no suspect identified,
,2021-05,Humberside Police,Humberside Police,-0.389084,53.730969,On or near Hampshire Street,E01012888,Kingston upon Hull 031E,Anti-social behaviour,,
,2021-05,Humberside Police,Humberside Police,-0.389084,53.730969,On or near Hampshire Street,E01012888,Kingston upon Hull 031E,Anti-social behaviour,,
,2021-05,Humberside Police,Humberside Police,-0.386576,53.731537,On or near Dorset Street,E01012888,Kingston upon Hull 031E,Anti-social behaviour,,
,2021-05,Humberside Police,Humberside Police,-0.389084,53.730969,On or near Hampshire Street,E01012888,Kingston upon Hull 031E,Anti-social behaviour,,
7e78f686b727c90ee911633160cda255fc9195e644e039ec7719754f655ae29c,2021-05,Humberside Police,Humberside Police,-0.387997,53.731251,On or near Gloucester Street,E01012888,Kingston upon Hull 031E,Burglary,Investigation complete; no suspect identified,
b4051c21fff04ceab42bd0d3151fdb247bfab3bf25d80c6e315591aee8e7757f,2021-05,Humberside Police,Humberside Police,-0.387236,53.731312,On or near Essex Street,E01012888,Kingston upon Hull 031E,Criminal damage and arson,Investigation complete; no suspect identified,
aa0b08c2d7fab5d8ea6169efa170af549c45a0121cc6ca465401029135aa0daa,2021-05,Humberside Police,Humberside Police,-0.391329,53.730531,On or near Monmouth Street,E01012888,Kingston upon Hull 031E,Criminal damage and arson,Investigation complete; no suspect identified,
4fa2376ab3ce57475d83c358c1682815c5f86d84276a0b8fbbf52e40b3ea89ec,2021-05,Humberside Police,Humberside Police,-0.387236,53.731312,On or near Essex Street,E01012888,Kingston upon Hull 031E,Criminal damage and arson,Investigation complete; no suspect identified,
fe2cae8f596805c0757e73b64c58e0ca9c8fe4606dcb93094646bcfaec90e551,2021-05,Humberside Police,Humberside Police,-0.387236,53.731312,On or near Essex Street,E01012888,Kingston upon Hull 031E,Criminal damage and arson,Investigation complete; no suspect identified,
229cf0e9b1de3c2e99cfb4cb2933423068c84232aa0358c2813892dc2c840fb7,2021-05,Humberside Police,Humberside Police,-0.386489,53.732615,On or near Sunningdale Road,E01012888,Kingston upon Hull 031E,Criminal damage and arson,Unable to prosecute suspect,
73bb2cb38f134408c9c7dd0a096a4d5667d5a88c6d89c6f320522f2f191a105d,2021-05,Humberside Police,Humberside Police,-0.387236,53.731312,On or near Essex Street,E01012888,Kingston upon Hull 031E,Criminal damage and arson,Investigation complete; no suspect identified,
e49984a14fec91665e417f58cdcbdfb65f953a10ebe719b5f574225edc75813e,2021-05,Humberside Police,Humberside Police,-0.389847,53.730826,On or near Hereford Street,E01012888,Kingston upon Hull 031E,Other theft,Unable to prosecute suspect,
4c8ebda998b6d26bb91ca88e734b2b53706f4c2100a93aad155780f52bafd6b8,2021-05,Humberside Police,Humberside Police,-0.391329,53.730531,On or near Monmouth Street,E01012888,Kingston upon Hull 031E,Public order,Unable to prosecute suspect,
021041d332975c0c557554bb3ab7f80904fbc09557b895f6f6a938bb83d99a1d,2021-05,Humberside Police,Humberside Police,-0.391329,53.730531,On or near Monmouth Street,E01012888,Kingston upon Hull 031E,Public order,Unable to prosecute suspect,
7fd501635d4cf0b4e5d8b3fd208928e8fc002df0f6cb5e89f24b05792d5f6658,2021-05,Humberside Police,Humberside Police,-0.391329,53.730531,On or near Monmouth Street,E01012888,Kingston upon Hull 031E,Violence and sexual offences,Investigation complete; no suspect identified,
8a03a67db15ea1d93b4a9cbf231fbc3d0ff6aa81e49ba452c0444542896ffabb,2021-05,Humberside Police,Humberside Police,-0.389084,53.730969,On or near Hampshire Street,E01012888,Kingston upon Hull 031E,Violence and sexual offences,Court result unavailable,
d6ed34c4196d1bd713fa6cce48c21c90e93b59aa260e08c17061f825f7607a5d,2021-05,Humberside Police,Humberside Police,-0.389084,53.730969,On or near Hampshire Street,E01012888,Kingston upon Hull 031E,Violence and sexual offences,Court result unavailable,
76d113d31947044011ee2eb717cc74f4dc53e7bc5c846b8713ff550c9f0c02c0,2021-05,Humberside Police,Humberside Police,-0.390552,53.730620,On or near Huntingdon Street,E01012888,Kingston upon Hull 031E,Violence and sexual offences,Local resolution,
d539970437ee85130df4fccfcfc698a2ffb04cbfd270b498ec6071bb900ddcca,2021-05,Humberside Police,Humberside Police,-0.390552,53.730620,On or near Huntingdon Street,E01012888,Kingston upon Hull 031E,Violence and sexual offences,Unable to prosecute suspect,
faf1be8d6e2d4c5ea5cfbd8414478235c938401687e57f77ed75a62dbf7a6755,2021-05,Humberside Police,Humberside Police,-0.391329,53.730531,On or near Monmouth Street,E01012888,Kingston upon Hull 031E,Violence and sexual offences,Investigation complete; no suspect identified,
abb59b750b3cec24705a5a6371e0556b6fbae5ec02d1e7c55847af28b9bd9e97,2021-05,Humberside Police,Humberside Police,-0.385874,53.731663,On or near Devon Street,E01012888,Kingston upon Hull 031E,Other crime,Action to be taken by another organisation,
2b26386114f0f573189ad253622a8dc198a3c84b1f993968e9d035be5ebd4394,2021-05,Humberside Police,Humberside Police,-0.389847,53.730826,On or near Hereford Street,E01012888,Kingston upon Hull 031E,Other crime,Court result unavailable,
3c7ae965902a2f55b3a20f81d13915010d6518d8dc0adf32fe39c3d4a2b414da,2021-05,Humberside Police,Humberside Police,-0.385874,53.731663,On or near Devon Street,E01012888,Kingston upon Hull 031E,Other crime,Investigation complete; no suspect identified,
,2021-05,Humberside Police,Humberside Police,-0.376672,53.734010,On or near St Nectan Close,E01033110,Kingston upon Hull 031G,Anti-social behaviour,,
,2021-05,Humberside Police,Humberside Police,-0.380723,53.737490,On or near Haddon Street,E01033110,Kingston upon Hull 031G,Anti-social behaviour,,
,2021-05,Humberside Police,Humberside Police,-0.375105,53.734169,On or near Galliard Close,E01033110,Kingston upon Hull 031G,Anti-social behaviour,,
c036f994b9a849475b37a24ea654111a9b9202bc3f3d9c1167f802a25868e979,2021-05,Humberside Police,Humberside Police,-0.378285,53.736999,On or near Westbourne Street,E01033110,Kingston upon Hull 031G,Burglary,Investigation complete; no suspect identified,
d1b4a5728ece0e4664ea454eaa94066dac2d6756e0763737ed0b6ff56166160b,2021-05,Humberside Police,Humberside Police,-0.383377,53.740618,On or near Ringrose Street,E01033110,Kingston upon Hull 031G,Burglary,Local resolution,
badec6bfa0c84e09b9deba5a7595ce3f98e41b3870334009dd03b13c9b18d78d,2021-05,Humberside Police,Humberside Police,-0.381944,53.740428,On or near Hawthorn Avenue,E01033110,Kingston upon Hull 031G,Criminal damage and arson,Investigation complete; no suspect identified,
b08df95e9985668509469bdc3508903982dd2c467da6ff17d6b77eae1b1e3d6f,2021-05,Humberside Police,Humberside Police,-0.378858,53.736305,On or near Saltburn Street,E01033110,Kingston upon Hull 031G,Criminal damage and arson,Investigation complete; no suspect identified,
6869a4722cbf6c403844cbb195d9e87147b6245575540753fc6333d3bbab9721,2021-05,Humberside Police,Humberside Police,-0.381944,53.740428,On or near Hawthorn Avenue,E01033110,Kingston upon Hull 031G,Criminal damage and arson,Unable to prosecute suspect,
466c1e1fc3b79c048a494697c8d1e1b522638fbd3f93f75b86a44f1ea093bd3a,2021-05,Humberside Police,Humberside Police,-0.379647,53.738662,On or near Rhodes Street,E01033110,Kingston upon Hull 031G,Criminal damage and arson,Investigation complete; no suspect identified,
8e54e0994caa6f3487295f2fc74052e64d524980550a5bd9d2f921818e600790,2021-05,Humberside Police,Humberside Police,-0.374094,53.736385,On or near Emerald Grove,E01033110,Kingston upon Hull 031G,Criminal damage and arson,Investigation complete; no suspect identified,
779ae96c6a40edf182b8a43d194432908ec09bc7d2e1cdfe39a5bc90f4d8752d,2021-05,Humberside Police,Humberside Police,-0.373854,53.735932,On or near Jade Grove,E01033110,Kingston upon Hull 031G,Other theft,Investigation complete; no suspect identified,
ce7e1c0c06b8425bba9c3ecb552ee9ce274f9504c635b4ec41f4a7fe43a867f8,2021-05,Humberside Police,Humberside Police,-0.374007,53.734720,On or near Topaz Grove,E01033110,Kingston upon Hull 031G,Possession of weapons,Unable to prosecute suspect,
fabe645eb0bea2157416d9d5200b70d5394a9a69932713caf6eccd3f649e0691,2021-05,Humberside Police,Humberside Police,-0.379027,53.739786,On or near Greek Street,E01033110,Kingston upon Hull 031G,Public order,Investigation complete; no suspect identified,
b26ed486a25a4d66e2fa295e4a62c84a9d241abfc40efc12adb5e8163dae4b56,2021-05,Humberside Police,Humberside Police,-0.376672,53.734010,On or near St Nectan Close,E01033110,Kingston upon Hull 031G,Public order,Local resolution,
03b86b86a785831b177b1f568e1a9fad1ca529a34c3b36b423a53a4f070f2aa7,2021-05,Humberside Police,Humberside Police,-0.373100,53.735814,On or near Garnet Grove,E01033110,Kingston upon Hull 031G,Public order,Unable to prosecute suspect,
342ca5eb62338c1320cdc0433545a04d090a884138f3e43eca4b34bc8bc64a45,2021-05,Humberside Police,Humberside Police,-0.381944,53.740428,On or near Hawthorn Avenue,E01033110,Kingston upon Hull 031G,Public order,Unable to prosecute suspect,
8088083292d63948860eda7226c8340ff4133fb9a20c4ded6e6fe9f96ec55749,2021-05,Humberside Police,Humberside Police,-0.379027,53.739786,On or near Greek Street,E01033110,Kingston upon Hull 031G,Robbery,Status update unavailable,
aa7a64fd1f32fce19666204fa5af5bd20794303fc9e4faf1188f299eb4151946,2021-05,Humberside Police,Humberside Police,-0.376672,53.734010,On or near St Nectan Close,E01033110,Kingston upon Hull 031G,Shoplifting,Investigation complete; no suspect identified,
66567b03f0c066d62df7ff49502ffb158d143241207b805bc021ae949870e52b,2021-05,Humberside Police,Humberside Police,-0.383324,53.738451,On or near New Street,E01033110,Kingston upon Hull 031G,Violence and sexual offences,Unable to prosecute suspect,
27442959401e8e60726c7c01c355ad30861c695a1a00002f4396c549592aba1e,2021-05,Humberside Police,Humberside Police,-0.383377,53.740618,On or near Ringrose Street,E01033110,Kingston upon Hull 031G,Violence and sexual offences,Unable to prosecute suspect,
5dbfe24b51e26605aa84c037addfe31a9e45734a474641c33fbae543b0e6668a,2021-05,Humberside Police,Humberside Police,-0.375569,53.736683,On or near Woodcock Street,E01033110,Kingston upon Hull 031G,Violence and sexual offences,Unable to prosecute suspect,
451b444c14a5e28358839b81e124f91cca39d54a1d89655123aa1ec110e31466,2021-05,Humberside Police,Humberside Police,-0.376801,53.737365,On or near Eastbourne Street,E01033110,Kingston upon Hull 031G,Violence and sexual offences,Investigation complete; no suspect identified,
e5ebc62c5275bb11804b524bf43aa0073fff3bd340e561d9093ce3a17d797aea,2021-05,Humberside Police,Humberside Police,-0.375569,53.736683,On or near Woodcock Street,E01033110,Kingston upon Hull 031G,Violence and sexual offences,Unable to prosecute suspect,
ece4f4896a2382387582373f4601d23e462832b277df53b9125b3ad8ee631fd9,2021-05,Humberside Police,Humberside Police,-0.376052,53.735144,On or near Starella Grove,E01033110,Kingston upon Hull 031G,Violence and sexual offences,Unable to prosecute suspect,
8685451bb1cd14a6fa1a1ab81d98a3dc66d35588b91630f83532eb252029caf4,2021-05,Humberside Police,Humberside Police,-0.375569,53.736683,On or near Woodcock Street,E01033110,Kingston upon Hull 031G,Violence and sexual offences,Unable to prosecute suspect,
58f8870e2dcb99a09c3a849ade88a4449049cffe6ebbe5aeaa484eb5c58ed26c,2021-05,Humberside Police,Humberside Police,-0.372981,53.734985,On or near Sapphire Grove,E01033110,Kingston upon Hull 031G,Violence and sexual offences,Investigation complete; no suspect identified,
7b197509a8cba0efa415518734bdf2c267ef36d43c2a820afb7cdc56a84f468e,2021-05,Humberside Police,Humberside Police,-0.376052,53.735144,On or near Starella Grove,E01033110,Kingston upon Hull 031G,Violence and sexual offences,Unable to prosecute suspect,
c789dd404f533da067b03ed5bc9e6fd40ec46ffdd02cdf164e1919166dec699a,2021-05,Humberside Police,Humberside Police,-0.375569,53.736683,On or near Woodcock Street,E01033110,Kingston upon Hull 031G,Violence and sexual offences,Unable to prosecute suspect,
7bc63a0344415f5beab96f58a05d6f47690fdf08ea9d41fa989a92677ce4c5de,2021-05,Humberside Police,Humberside Police,-0.375569,53.736683,On or near Woodcock Street,E01033110,Kingston upon Hull 031G,Violence and sexual offences,Unable to prosecute suspect,
ab717dfd5af220d1609d54148aed76e6e5eb9d8a52240a2ab5ad8923010ad8c3,2021-05,Humberside Police,Humberside Police,-0.375569,53.736683,On or near Woodcock Street,E01033110,Kingston upon Hull 031G,Other crime,Unable to prosecute suspect,
1260864bd1fc11f3eefea43b53420451a5c89e242945ba6469dcf7bc8f6fefca,2021-05,Humberside Police,Humberside Police,-0.375569,53.736683,On or near Woodcock Street,E01033110,Kingston upon Hull 031G,Other crime,Investigation complete; no suspect identified,
,2021-05,Humberside Police,Humberside Police,-0.412275,53.726217,On or near Tilia Close,E01012882,Kingston upon Hull 033A,Anti-social behaviour,,
,2021-05,Humberside Police,Humberside Police,-0.407998,53.727087,On or near Police Station,E01012882,Kingston upon Hull 033A,Anti-social behaviour,,
,2021-05,Humberside Police,Humberside Police,-0.413723,53.730425,On or near Anlaby Park Road South,E01012882,Kingston upon Hull 033A,Anti-social behaviour,,
,2021-05,Humberside Police,Humberside Police,-0.417181,53.723127,On or near Supermarket,E01012882,Kingston upon Hull 033A,Anti-social behaviour,,
68a6d8da781b016405a499868b9ba7fae151018b3d3ada1574b8c8c77874518c,2021-05,Humberside Police,Humberside Police,-0.407457,53.728958,On or near St Nicholas Avenue,E01012882,Kingston upon Hull 033A,Burglary,Status update unavailable,
6d4beaab8709797d7b6497d763d4bac78afcc055d40b608fdae2c48437014326,2021-05,Humberside Police,Humberside Police,-0.413723,53.730425,On or near Anlaby Park Road South,E01012882,Kingston upon Hull 033A,Criminal damage and arson,Investigation complete; no suspect identified,
c9e987982557f642aa1816abce52a78d75ebd091f26186fe7ac7aa716df0505e,2021-05,Humberside Police,Humberside Police,-0.410857,53.731664,On or near Wascana Close,E01012882,Kingston upon Hull 033A,Criminal damage and arson,Action to be taken by another organisation,
2a345c662f505a17256b44723938b93dff2583c8b348eb1ed443b5646cd30aa7,2021-05,Humberside Police,Humberside Police,-0.410857,53.731664,On or near Wascana Close,E01012882,Kingston upon Hull 033A,Criminal damage and arson,Unable to prosecute suspect,
337a4840a9f42dd7e848de65947448ab47e34eddcfc3178fe903161a68c5c54a,2021-05,Humberside Police,Humberside Police,-0.417181,53.723127,On or near Supermarket,E01012882,Kingston upon Hull 033A,Possession of weapons,Unable to prosecute suspect,
dbd8bf3d8911d84bc08e8ad8f5a54e8b72781f8af462061a3a34b7fc74f0e7df,2021-05,Humberside Police,Humberside Police,-0.407998,53.727087,On or near Police Station,E01012882,Kingston upon Hull 033A,Public order,Unable to prosecute suspect,
decfd34c463f964c98077659b2b67e5f2455a1e878423237cc5f59a33dabf5f8,2021-05,Humberside Police,Humberside Police,-0.410955,53.732681,On or near Lynton Avenue,E01012882,Kingston upon Hull 033A,Public order,Unable to prosecute suspect,
36dddbdb573b24955e7c406e13334cc72ee90c3b531e71c58a36f434851012f0,2021-05,Humberside Police,Humberside Police,-0.410857,53.731664,On or near Wascana Close,E01012882,Kingston upon Hull 033A,Public order,Unable to prosecute suspect,
10c7cfb52789dcf804a838bbbd3676ee443a4aad32a1c35f864acf67431a2b79,2021-05,Humberside Police,Humberside Police,-0.417181,53.723127,On or near Supermarket,E01012882,Kingston upon Hull 033A,Vehicle crime,Investigation complete; no suspect identified,
61b5bbdec7bb28dfaca606e7b3ccc812ea82c72e86ad7c0a4aa4c033a176aa31,2021-05,Humberside Police,Humberside Police,-0.410857,53.731664,On or near Wascana Close,E01012882,Kingston upon Hull 033A,Violence and sexual offences,Action to be taken by another organisation,
30d7cbd9ab64e452713ab966a1c5030e01ee29cf860bd3ea159a0d20a7645cba,2021-05,Humberside Police,Humberside Police,-0.410857,53.731664,On or near Wascana Close,E01012882,Kingston upon Hull 033A,Violence and sexual offences,Action to be taken by another organisation,
d6b926aa8ecb0b2d69caafefd0a1ea8331947172b01d791db04073b663542570,2021-05,Humberside Police,Humberside Police,-0.410955,53.732681,On or near Lynton Avenue,E01012882,Kingston upon Hull 033A,Violence and sexual offences,Unable to prosecute suspect,
320f7c59c7aff04ad67779837ea8040b3564e74a824fd598f3c3640ac4327e04,2021-05,Humberside Police,Humberside Police,-0.407998,53.727087,On or near Police Station,E01012882,Kingston upon Hull 033A,Violence and sexual offences,Unable to prosecute suspect,
34ad18b28fbd57564eff3d561af4ba7fd3b4ae05a3a47995f7949024e846f12b,2021-05,Humberside Police,Humberside Police,-0.409971,53.725818,On or near The Groves,E01012882,Kingston upon Hull 033A,Violence and sexual offences,Unable to prosecute suspect,
4a4edb6a18222a2c5dbc7ecfcf0d4e11fb12e0264a32077d3584db6bd2e399ae,2021-05,Humberside Police,Humberside Police,-0.409600,53.728420,On or near Graham Avenue,E01012882,Kingston upon Hull 033A,Violence and sexual offences,Unable to prosecute suspect,
cc1953742c28442c2209fe3c3bd43f0574514e25b2e03f8d83f0227eaf7abd7b,2021-05,Humberside Police,Humberside Police,-0.410955,53.732681,On or near Lynton Avenue,E01012882,Kingston upon Hull 033A,Violence and sexual offences,Local resolution,
53cf17a906ac117d0dab90560413e58cc783a90c3589b1284086ee6ce1dbc7bd,2021-05,Humberside Police,Humberside Police,-0.407998,53.727087,On or near Police Station,E01012882,Kingston upon Hull 033A,Violence and sexual offences,Unable to prosecute suspect,
1f725c609e76225841546df38cbba690edb62c2c012e5303a779bbf58734a0c7,2021-05,Humberside Police,Humberside Police,-0.407998,53.727087,On or near Police Station,E01012882,Kingston upon Hull 033A,Violence and sexual offences,Unable to prosecute suspect,
d4c7588132ecb5c433b970b3b07fc243de755c5487f52b29b42179773f36dede,2021-05,Humberside Police,Humberside Police,-0.409600,53.728420,On or near Graham Avenue,E01012882,Kingston upon Hull 033A,Violence and sexual offences,Investigation complete; no suspect identified,
82e181d111fd410a59fd833135e9bde6d4fa6904d97da72faaa87c5e9eeb15b7,2021-05,Humberside Police,Humberside Police,-0.404121,53.728581,On or near Hessle Road,E01012883,Kingston upon Hull 033B,Criminal damage and arson,Unable to prosecute suspect,
ac0efe2ea39ffdceb2041a61be8586c042e8964058b242a31f4517036a418ca9,2021-05,Humberside Police,Humberside Police,-0.404121,53.728581,On or near Hessle Road,E01012883,Kingston upon Hull 033B,Criminal damage and arson,Status update unavailable,
95bb7f2b80b59576d27b6bcee4bf6696209254c2318454516b043779dba87abd,2021-05,Humberside Police,Humberside Police,-0.404121,53.728581,On or near Hessle Road,E01012883,Kingston upon Hull 033B,Public order,Local resolution,
487766703b33db9036050799edbbacc4aed3e95680db6b79e5a5aa6977997a39,2021-05,Humberside Police,Humberside Police,-0.404121,53.728581,On or near Hessle Road,E01012883,Kingston upon Hull 033B,Theft from the person,Investigation complete; no suspect identified,
2c54d5b6a05073ff6038c88c0985bf22f91efd04b552a49133ed35cb86443d77,2021-05,Humberside Police,Humberside Police,-0.388439,53.726807,On or near Freightliner Road,E01012883,Kingston upon Hull 033B,Violence and sexual offences,Investigation complete; no suspect identified,
f228146642b6ce100aad8e7df9c184f1516529e0eb96ec58e8e7f86ae67323e7,2021-05,Humberside Police,Humberside Police,-0.405397,53.730926,On or near Cawthorne Drive,E01012883,Kingston upon Hull 033B,Violence and sexual offences,Investigation complete; no suspect identified,
dac5d0d47f33eecef99b14d77f491eadb6df9f44860ee1caa0c66a3e99f346da,2021-05,Humberside Police,Humberside Police,-0.405397,53.730926,On or near Cawthorne Drive,E01012883,Kingston upon Hull 033B,Violence and sexual offences,Investigation complete; no suspect identified,
,2021-05,Humberside Police,Humberside Police,-0.418454,53.729589,On or near St Andrews Court,E01012884,Kingston upon Hull 033C,Anti-social behaviour,,
,2021-05,Humberside Police,Humberside Police,-0.421421,53.729296,On or near Bethune Avenue West,E01012884,Kingston upon Hull 033C,Anti-social behaviour,,
,2021-05,Humberside Police,Humberside Police,-0.420647,53.724863,On or near Hull Road,E01012884,Kingston upon Hull 033C,Anti-social behaviour,,
1a4aff012b99dba938fae2f31de0add5b906a27dbf959cb0e391e7b09dfda1ab,2021-05,Humberside Police,Humberside Police,-0.420322,53.729074,On or near Yarmouth Avenue,E01012884,Kingston upon Hull 033C,Criminal damage and arson,Unable to prosecute suspect,
7ad0b86a00e28c15763b5d07c4cf83460eaf947b4505513b02b093e649d17c38,2021-05,Humberside Police,Humberside Police,-0.420647,53.724863,On or near Hull Road,E01012884,Kingston upon Hull 033C,Criminal damage and arson,Investigation complete; no suspect identified,
9de19d00b16f8efd1ecfd4f6ab359f15162155b9da254fa31265cdad3f99744c,2021-05,Humberside Police,Humberside Police,-0.416417,53.726497,On or near Avondale,E01012884,Kingston upon Hull 033C,Criminal damage and arson,Unable to prosecute suspect,
d8897b4069576b8433bcaa512fd44e425c40c3a39e8261bcf779d8e4131ceb2c,2021-05,Humberside Police,Humberside Police,-0.420647,53.724863,On or near Hull Road,E01012884,Kingston upon Hull 033C,Criminal damage and arson,Investigation complete; no suspect identified,
863548832032bd3c70e1dcd135dcc4a5f24bbfc71fe4b41973792be9e26604d9,2021-05,Humberside Police,Humberside Police,-0.420647,53.724863,On or near Hull Road,E01012884,Kingston upon Hull 033C,Criminal damage and arson,Unable to prosecute suspect,
477820d1e5de3ea727b59ae3b508af710052b32c3a8fe72b49b3410a3dfc7f53,2021-05,Humberside Police,Humberside Police,-0.418964,53.724077,On or near Petrol Station,E01012884,Kingston upon Hull 033C,Other theft,Investigation complete; no suspect identified,
278a6d1b509f04ae7c76721db2c003144ffe3f894ccdfd45e8027f679deb97cd,2021-05,Humberside Police,Humberside Police,-0.418964,53.724077,On or near Petrol Station,E01012884,Kingston upon Hull 033C,Other theft,Investigation complete; no suspect identified,
b97ae321cb0bf4888f8ae24e6176e8c5da677f46095de9163d594ee452bc05ce,2021-05,Humberside Police,Humberside Police,-0.418964,53.724077,On or near Petrol Station,E01012884,Kingston upon Hull 033C,Other theft,Investigation complete; no suspect identified,
dbd255a63ae2002532bff071bde559503d2645596d7d84a995a06f12f755c81c,2021-05,Humberside Police,Humberside Police,-0.418964,53.724077,On or near Petrol Station,E01012884,Kingston upon Hull 033C,Other theft,Investigation complete; no suspect identified,
1d4c8186383b8b2e6c3de612cfea9bdf61c1da1f67fe240cf37c94c8437d0536,2021-05,Humberside Police,Humberside Police,-0.420647,53.724863,On or near Hull Road,E01012884,Kingston upon Hull 033C,Public order,Unable to prosecute suspect,
ffbba358dac32779eeb43eb04e475ea29e315ca3c8b5bd91ec37a7a43163fe96,2021-05,Humberside Police,Humberside Police,-0.420647,53.724863,On or near Hull Road,E01012884,Kingston upon Hull 033C,Public order,Unable to prosecute suspect,
651eef77c44e552616958157ac3ce75f3ff5bd5a5548b9a42d278545d7f43905,2021-05,Humberside Police,Humberside Police,-0.420647,53.724863,On or near Hull Road,E01012884,Kingston upon Hull 033C,Public order,Unable to prosecute suspect,
5c9af3f63d19e9df35587a7deae1952a3871a7cf01c3e0fe5ca918e07f0aeb94,2021-05,Humberside Police,Humberside Police,-0.420886,53.730223,On or near Ulverston Road,E01012884,Kingston upon Hull 033C,Violence and sexual offences,Action to be taken by another organisation,
0f024b9201b9c335a4175507ff5716c8aa4dd87353cd04a04ebbc1f6367644ff,2021-05,Humberside Police,Humberside Police,-0.417969,53.726338,On or near Vincent Close,E01012884,Kingston upon Hull 033C,Violence and sexual offences,Investigation complete; no suspect identified,
bc84ae49f02cd418635dfa17d6b7f76b6f6ff0fb6bb0489ef526b0d492a044cd,2021-05,Humberside Police,Humberside Police,-0.420926,53.726727,On or near Swithin Close,E01012884,Kingston upon Hull 033C,Violence and sexual offences,Unable to prosecute suspect,
e5ab8764223756fcd29a510bf7ba4e50c981a16a5cfbf2d4a7a4dc1d20bc3ca4,2021-05,Humberside Police,Humberside Police,-0.417969,53.726338,On or near Vincent Close,E01012884,Kingston upon Hull 033C,Violence and sexual offences,Unable to prosecute suspect,
6fd04792c77e5ff6377df0a3151dd0671ef751c0091946757625148ce7fff889,2021-05,Humberside Police,Humberside Police,-0.421421,53.729296,On or near Bethune Avenue West,E01012884,Kingston upon Hull 033C,Violence and sexual offences,Local resolution,
944641bb17212dc2a54d4f53f8b5f369cc23f50a2f5148813734505008bb1852,2021-05,Humberside Police,Humberside Police,-0.419019,53.727035,On or near Benedict Close,E01012884,Kingston upon Hull 033C,Violence and sexual offences,Unable to prosecute suspect,
96645cd0f32acf804c85a3e4b60be6f6286a9b1573850ef889e263477ab203b1,2021-05,Humberside Police,Humberside Police,-0.417969,53.726338,On or near Vincent Close,E01012884,Kingston upon Hull 033C,Violence and sexual offences,Unable to prosecute suspect,
b9b55e4f7311a28934186f646b5ba23120b63bd7f86bd7cb690c31ff12d1253b,2021-05,Humberside Police,Humberside Police,-0.420647,53.724863,On or near Hull Road,E01012884,Kingston upon Hull 033C,Violence and sexual offences,Court result unavailable,
e962768a71c6fc0e8a9f0f51f7e896ea0cf6718c66abb8506f2929be45b7d917,2021-05,Humberside Police,Humberside Police,-0.421421,53.729296,On or near Bethune Avenue West,E01012884,Kingston upon Hull 033C,Violence and sexual offences,Local resolution,
f534300fab2c11196d1febe5a2eff0deddba467770122608db8e209cf8bf068d,2021-05,Humberside Police,Humberside Police,-0.420647,53.724863,On or near Hull Road,E01012884,Kingston upon Hull 033C,Violence and sexual offences,Court result unavailable,
8ccb3d81d1edb35247a9067f57cdb5383e1bcfb7c10ab370a5a4b1356a0607ba,2021-05,Humberside Police,Humberside Police,-0.421004,53.731519,On or near Lymington Garth,E01012884,Kingston upon Hull 033C,Violence and sexual offences,Action to be taken by another organisation,
,2021-05,Humberside Police,Humberside Police,-0.414208,53.727609,On or near Millport Drive,E01012887,Kingston upon Hull 033D,Anti-social behaviour,,
,2021-05,Humberside Police,Humberside Police,-0.417113,53.730165,On or near Bethune Avenue,E01012887,Kingston upon Hull 033D,Anti-social behaviour,,
,2021-05,Humberside Police,Humberside Police,-0.417113,53.730165,On or near Bethune Avenue,E01012887,Kingston upon Hull 033D,Anti-social behaviour,,
,2021-05,Humberside Police,Humberside Police,-0.420646,53.732180,On or near Corran Garth,E01012887,Kingston upon Hull 033D,Anti-social behaviour,,
,2021-05,Humberside Police,Humberside Police,-0.417113,53.730165,On or near Bethune Avenue,E01012887,Kingston upon Hull 033D,Anti-social behaviour,,
,2021-05,Humberside Police,Humberside Police,-0.417113,53.730165,On or near Bethune Avenue,E01012887,Kingston upon Hull 033D,Anti-social behaviour,,
,2021-05,Humberside Police,Humberside Police,-0.418343,53.732932,On or near Taunton Road,E01012887,Kingston upon Hull 033D,Anti-social behaviour,,
,2021-05,Humberside Police,Humberside Police,-0.417113,53.730165,On or near Bethune Avenue,E01012887,Kingston upon Hull 033D,Anti-social behaviour,,
,2021-05,Humberside Police,Humberside Police,-0.414208,53.727609,On or near Millport Drive,E01012887,Kingston upon Hull 033D,Anti-social behaviour,,
,2021-05,Humberside Police,Humberside Police,-0.417113,53.730165,On or near Bethune Avenue,E01012887,Kingston upon Hull 033D,Anti-social behaviour,,
,2021-05,Humberside Police,Humberside Police,-0.417113,53.730165,On or near Bethune Avenue,E01012887,Kingston upon Hull 033D,Anti-social behaviour,,
,2021-05,Humberside Police,Humberside Police,-0.413554,53.729282,On or near Torpoint Drive,E01012887,Kingston upon Hull 033D,Anti-social behaviour,,
,2021-05,Humberside Police,Humberside Police,-0.417113,53.730165,On or near Bethune Avenue,E01012887,Kingston upon Hull 033D,Anti-social behaviour,,
,2021-05,Humberside Police,Humberside Police,-0.417113,53.730165,On or near Bethune Avenue,E01012887,Kingston upon Hull 033D,Anti-social behaviour,,
,2021-05,Humberside Police,Humberside Police,-0.417113,53.730165,On or near Bethune Avenue,E01012887,Kingston upon Hull 033D,Anti-social behaviour,,
,2021-05,Humberside Police,Humberside Police,-0.415203,53.726948,On or near Woolwich Drive,E01012887,Kingston upon Hull 033D,Anti-social behaviour,,
,2021-05,Humberside Police,Humberside Police,-0.417113,53.730165,On or near Bethune Avenue,E01012887,Kingston upon Hull 033D,Anti-social behaviour,,
,2021-05,Humberside Police,Humberside Police,-0.417113,53.730165,On or near Bethune Avenue,E01012887,Kingston upon Hull 033D,Anti-social behaviour,,
06a3e1d69436ae5509277e1df8818a838a3654e7c8f7703b56b697f001c9d723,2021-05,Humberside Police,Humberside Police,-0.417113,53.730165,On or near Bethune Avenue,E01012887,Kingston upon Hull 033D,Burglary,Investigation complete; no suspect identified,
3d3372a258dc11ac3577ff7454349f0fb42e20480c1b8e9e590ae52d3257b29e,2021-05,Humberside Police,Humberside Police,-0.414784,53.731626,On or near Burcott Garth,E01012887,Kingston upon Hull 033D,Criminal damage and arson,Investigation complete; no suspect identified,
1898507034cfedcbd2431279e926aee1d429b95654f829aa659703f8e816fbe6,2021-05,Humberside Police,Humberside Police,-0.412996,53.732429,On or near Runcorn Garth,E01012887,Kingston upon Hull 033D,Criminal damage and arson,Unable to prosecute suspect,
588dc5f532077e95e1d65cc91b8d108af6fe8c1bd720eb2e53dd34061a2812b2,2021-05,Humberside Police,Humberside Police,-0.417113,53.730165,On or near Bethune Avenue,E01012887,Kingston upon Hull 033D,Criminal damage and arson,Unable to prosecute suspect,
2ecbad3b20c2eab5a205f2b39652cc728684b971f532349a643574c61253896f,2021-05,Humberside Police,Humberside Police,-0.414784,53.731626,On or near Burcott Garth,E01012887,Kingston upon Hull 033D,Criminal damage and arson,Unable to prosecute suspect,
cf599a4450e8c24591673967df3e655dde495f6c59ef1a207e8f6e2252d3a10b,2021-05,Humberside Police,Humberside Police,-0.416242,53.732364,On or near Doon Garth,E01012887,Kingston upon Hull 033D,Other theft,Investigation complete; no suspect identified,
1e6c64c5a07b33df1986605c90ac3460785ce7d2a798d9a6735c8b6c6fdc3177,2021-05,Humberside Police,Humberside Police,-0.417113,53.730165,On or near Bethune Avenue,E01012887,Kingston upon Hull 033D,Public order,Local resolution,
358f5a840e9af46eaf1e9054f5e4f69eaacd84fbc404b9cf244829a31809e88a,2021-05,Humberside Police,Humberside Police,-0.417113,53.730165,On or near Bethune Avenue,E01012887,Kingston upon Hull 033D,Public order,Court result unavailable,
dc7b65a0434c09d3b0420cd9139a5c71146dc65d35151020f555675a45c73709,2021-05,Humberside Police,Humberside Police,-0.417113,53.730165,On or near Bethune Avenue,E01012887,Kingston upon Hull 033D,Public order,Court result unavailable,
e17bcac2f9f3344d2c77ddac3bace81e34338392823279f782d48cf3016aa219,2021-05,Humberside Police,Humberside Police,-0.414784,53.731626,On or near Burcott Garth,E01012887,Kingston upon Hull 033D,Public order,Unable to prosecute suspect,
f69f9430c3c7ea6bf502e16b61d484b1e4fa3bdf3ede8642da8ea77ca0c1af10,2021-05,Humberside Police,Humberside Police,-0.420646,53.732180,On or near Corran Garth,E01012887,Kingston upon Hull 033D,Public order,Unable to prosecute suspect,
4bae58beb1adf5b0c0022b4c560989593384665a7a411ec4415eae34ea1a985d,2021-05,Humberside Police,Humberside Police,-0.417113,53.730165,On or near Bethune Avenue,E01012887,Kingston upon Hull 033D,Public order,Unable to prosecute suspect,
fd01f58a3af19d828b437055f556c6ac18be9fa09eb5e2fe504137864ae5fa11,2021-05,Humberside Police,Humberside Police,-0.417113,53.730165,On or near Bethune Avenue,E01012887,Kingston upon Hull 033D,Shoplifting,Local resolution,
d9f2bbbe757f7dfbac66171d4dab55764864f82300d942c646dcb82b0ec2b9fe,2021-05,Humberside Police,Humberside Police,-0.414858,53.730072,On or near Schooner Court,E01012887,Kingston upon Hull 033D,Vehicle crime,Investigation complete; no suspect identified,
0260625e0810f038d395d69434b98e352e17d8f7aa6558e6fdcbe148514de855,2021-05,Humberside Police,Humberside Police,-0.417113,53.730165,On or near Bethune Avenue,E01012887,Kingston upon Hull 033D,Vehicle crime,Investigation complete; no suspect identified,
52f315ea1b7abeba15c7c5a7eb3f24729bef4cb62745515b653fc811ab810971,2021-05,Humberside Police,Humberside Police,-0.412327,53.734075,On or near Lashbrook Garth,E01012887,Kingston upon Hull 033D,Violence and sexual offences,Investigation complete; no suspect identified,
7cd3f02e34aa1deac9d34b2ed55b2f47ec668c01cbd34130e2c55c7aade4d0bc,2021-05,Humberside Police,Humberside Police,-0.414784,53.731626,On or near Burcott Garth,E01012887,Kingston upon Hull 033D,Violence and sexual offences,Investigation complete; no suspect identified,
b798b7293e460942be3533341afb465a3424601d6e89bd8818009a04453aa6b9,2021-05,Humberside Police,Humberside Police,-0.417113,53.730165,On or near Bethune Avenue,E01012887,Kingston upon Hull 033D,Violence and sexual offences,Unable to prosecute suspect,
504a8fab5b9e74d4e79b5e2399321f9e8988e65b5f75003d39d7c32347295070,2021-05,Humberside Police,Humberside Police,-0.417113,53.730165,On or near Bethune Avenue,E01012887,Kingston upon Hull 033D,Violence and sexual offences,Unable to prosecute suspect,
ce74e6f6faf5dd290d4678a1566de59d16b67f053fb2c97868a73317e8d5e651,2021-05,Humberside Police,Humberside Police,-0.412327,53.734075,On or near Lashbrook Garth,E01012887,Kingston upon Hull 033D,Violence and sexual offences,Unable to prosecute suspect,
513256a0aa303063f66ea9324300125596d9abe83b68724f7dbbcf5bf7862e45,2021-05,Humberside Police,Humberside Police,-0.412327,53.734075,On or near Lashbrook Garth,E01012887,Kingston upon Hull 033D,Violence and sexual offences,Unable to prosecute suspect,
7d1e18e03b7c654ffda334ca92dee10da98c0dca62278d50ca3e2d0d288a685b,2021-05,Humberside Police,Humberside Police,-0.412327,53.734075,On or near Lashbrook Garth,E01012887,Kingston upon Hull 033D,Violence and sexual offences,Unable to prosecute suspect,
7116194630c9e50bdb7876ec21b3ad192f92eb17aaf7d1de20cc82e6cd2417f2,2021-05,Humberside Police,Humberside Police,-0.414784,53.731626,On or near Burcott Garth,E01012887,Kingston upon Hull 033D,Violence and sexual offences,Unable to prosecute suspect,
363d3454f0050dfcee45822498f31a1487f797a03687c9af1d83f31be0fe166e,2021-05,Humberside Police,Humberside Police,-0.420646,53.732180,On or near Corran Garth,E01012887,Kingston upon Hull 033D,Violence and sexual offences,Unable to prosecute suspect,
,2021-05,Humberside Police,Humberside Police,-0.413359,53.737666,On or near Sibelius Road,E01032595,Kingston upon Hull 033E,Anti-social behaviour,,
,2021-05,Humberside Police,Humberside Police,-0.409458,53.735780,On or near Boothferry Road,E01032595,Kingston upon Hull 033E,Anti-social behaviour,,
,2021-05,Humberside Police,Humberside Police,-0.413449,53.736903,On or near Gershwin Avenue,E01032595,Kingston upon Hull 033E,Anti-social behaviour,,
,2021-05,Humberside Police,Humberside Police,-0.414592,53.735947,On or near Elgar Road,E01032595,Kingston upon Hull 033E,Anti-social behaviour,,
,2021-05,Humberside Police,Humberside Police,-0.412829,53.734432,On or near Netherton Road,E01032595,Kingston upon Hull 033E,Anti-social behaviour,,
,2021-05,Humberside Police,Humberside Police,-0.413449,53.736903,On or near Gershwin Avenue,E01032595,Kingston upon Hull 033E,Anti-social behaviour,,
270a7113400c30e31d661642e741ac77352f40147f7d973aefb36b3c045ed026,2021-05,Humberside Police,Humberside Police,-0.409458,53.735780,On or near Boothferry Road,E01032595,Kingston upon Hull 033E,Bicycle theft,Investigation complete; no suspect identified,
9fbe57b0595a3d71d62fb006669e57b91799a409667fce648c0574c36efff291,2021-05,Humberside Police,Humberside Police,-0.411768,53.738445,On or near Quilter Avenue,E01032595,Kingston upon Hull 033E,Bicycle theft,Investigation complete; no suspect identified,
34683151071d6655f4677745c36bd9ca9a0ff3254f8ea4db2cf12d047c34ee3e,2021-05,Humberside Police,Humberside Police,-0.409458,53.735780,On or near Boothferry Road,E01032595,Kingston upon Hull 033E,Bicycle theft,Investigation complete; no suspect identified,
a2d23f30d879bce869a0f00e5de7efb38296d0103f64e0c6d2379986ac2dc67f,2021-05,Humberside Police,Humberside Police,-0.416763,53.733846,On or near Walsall Garth,E01032595,Kingston upon Hull 033E,Burglary,Unable to prosecute suspect,
ac1788e6e5283c0f6a9057c5341577f645fd7f89ff324114e284c6c03433b72f,2021-05,Humberside Police,Humberside Police,-0.413449,53.736903,On or near Gershwin Avenue,E01032595,Kingston upon Hull 033E,Criminal damage and arson,Unable to prosecute suspect,
4f0d7a74f92a7f01ac7fec52aa49e7b2b5c2cdaf7000108b59210372a50c9df8,2021-05,Humberside Police,Humberside Police,-0.413449,53.736903,On or near Gershwin Avenue,E01032595,Kingston upon Hull 033E,Criminal damage and arson,Unable to prosecute suspect,
2cf229dd783e7e00eec985335aace5bcaf706a7b4cc04884feccc27f9e508a80,2021-05,Humberside Police,Humberside Police,-0.414592,53.735947,On or near Elgar Road,E01032595,Kingston upon Hull 033E,Criminal damage and arson,Investigation complete; no suspect identified,
b5f77e6efa92e9972b9c075a5ac608abbaec037a811cbba19feef873b561a781,2021-05,Humberside Police,Humberside Police,-0.414592,53.735947,On or near Elgar Road,E01032595,Kingston upon Hull 033E,Criminal damage and arson,Investigation complete; no suspect identified,
33197c9372cc8b6a220fe3d870e067adfd813ac84c6bdfebe40583720ae81c6e,2021-05,Humberside Police,Humberside Police,-0.410507,53.737727,On or near Anlaby Park Road North,E01032595,Kingston upon Hull 033E,Criminal damage and arson,Court result unavailable,
7ec4be61cb77eb93ab87e96e2b118cb7d2ed66e78657b5e385925452346adde3,2021-05,Humberside Police,Humberside Police,-0.409458,53.735780,On or near Boothferry Road,E01032595,Kingston upon Hull 033E,Public order,Unable to prosecute suspect,
523e16d0ab3050f2efa56532e8b07b8bb6744398e79721ebf4dae4626ac619bd,2021-05,Humberside Police,Humberside Police,-0.415119,53.734004,On or near Surrey Garth,E01032595,Kingston upon Hull 033E,Public order,Unable to prosecute suspect,
a1bf0a4fc312ff040f9021f9fdace107c4b62d9abd3b6b6d7349528ff910f1c1,2021-05,Humberside Police,Humberside Police,-0.411768,53.738445,On or near Quilter Avenue,E01032595,Kingston upon Hull 033E,Public order,Investigation complete; no suspect identified,
c785a9891b89741af461339f8b4e2e8ef32064c18afbb0106726ae3c0cb65683,2021-05,Humberside Police,Humberside Police,-0.409458,53.735780,On or near Boothferry Road,E01032595,Kingston upon Hull 033E,Public order,Action to be taken by another organisation,
4a3f3524a8b48cc16eeeb0b41b22b0954c336731956f797b58a6bfe3754f3c9e,2021-05,Humberside Police,Humberside Police,-0.411768,53.738445,On or near Quilter Avenue,E01032595,Kingston upon Hull 033E,Public order,Unable to prosecute suspect,
531ada60474d3ee8fdf8df95be52d97dbccd8a2cf620145d937ce8e261e050b4,2021-05,Humberside Police,Humberside Police,-0.415119,53.734004,On or near Surrey Garth,E01032595,Kingston upon Hull 033E,Vehicle crime,Unable to prosecute suspect,
5aedd0fe8870eabaf9317592671652a5db3163dd0b101b6200a4ad8d64677110,2021-05,Humberside Police,Humberside Police,-0.412829,53.734432,On or near Netherton Road,E01032595,Kingston upon Hull 033E,Violence and sexual offences,Unable to prosecute suspect,
4336ff25cb8039b0910bd338ad6174f52ab4f8a52ae566c6d1ec0d8acab72dd9,2021-05,Humberside Police,Humberside Police,-0.409458,53.735780,On or near Boothferry Road,E01032595,Kingston upon Hull 033E,Violence and sexual offences,Action to be taken by another organisation,
9085779b137477ede75cefcd169c31e3b327609fde78e3154492577b478841ab,2021-05,Humberside Police,Humberside Police,-0.409458,53.735780,On or near Boothferry Road,E01032595,Kingston upon Hull 033E,Violence and sexual offences,Investigation complete; no suspect identified,
257693b8f970d21d9bf613321f7a6baf969bbfde888d3e971e2efad8b7ead5d0,2021-05,Humberside Police,Humberside Police,-0.409458,53.735780,On or near Boothferry Road,E01032595,Kingston upon Hull 033E,Violence and sexual offences,Unable to prosecute suspect,
5ef04265c5beef6230ee3f180b20ae3d575fa1e6ee29d9b18bfdf09bc2230dd7,2021-05,Humberside Police,Humberside Police,-0.415119,53.734004,On or near Surrey Garth,E01032595,Kingston upon Hull 033E,Violence and sexual offences,Further action is not in the public interest,
bcf58af394f0dcce0165a19ca27e4b057061be2de69023a28acc22ea413f154e,2021-05,Humberside Police,Humberside Police,-0.413449,53.736903,On or near Gershwin Avenue,E01032595,Kingston upon Hull 033E,Violence and sexual offences,Unable to prosecute suspect,
33208471ab18d6639e7c7e982d1c73556b45e7d7357885d3607fa5c466c56dba,2021-05,Humberside Police,Humberside Police,-0.413449,53.736903,On or near Gershwin Avenue,E01032595,Kingston upon Hull 033E,Violence and sexual offences,Unable to prosecute suspect,
f5c57e8ddc485f10bf170338a261b1965419d8af5cad6d712ef8b4b2d9aa9dc8,2021-05,Humberside Police,Humberside Police,-0.414592,53.735947,On or near Elgar Road,E01032595,Kingston upon Hull 033E,Violence and sexual offences,Court result unavailable,
b4cf525724fec3ba12150a10b58815896bfbddfc784269a2afc93f6c07d04cae,2021-05,Humberside Police,Humberside Police,-0.413449,53.736903,On or near Gershwin Avenue,E01032595,Kingston upon Hull 033E,Violence and sexual offences,Unable to prosecute suspect,
c4aa92f76a8e172abd00e9872a08e79b39eeafaa2d40d9203485bbf98861a24d,2021-05,Humberside Police,Humberside Police,-0.413449,53.736903,On or near Gershwin Avenue,E01032595,Kingston upon Hull 033E,Violence and sexual offences,Unable to prosecute suspect,
4852bd57040be297cb93b48bcbf806d9deb949eb8236461cea50849c67d7d404,2021-05,Humberside Police,Humberside Police,-0.414592,53.735947,On or near Elgar Road,E01032595,Kingston upon Hull 033E,Violence and sexual offences,Unable to prosecute suspect,
9fa91e75823cb789425018a2a8fbc9ea6d949bf689fa0738fc971a67add601f3,2021-05,Humberside Police,Humberside Police,-0.416763,53.733846,On or near Walsall Garth,E01032595,Kingston upon Hull 033E,Violence and sexual offences,Unable to prosecute suspect,
a76e911ff4850bba8d6b51f3aa72384408383a0d987c2c65e7df24fb6a9b9fd8,2021-05,Humberside Police,Humberside Police,-0.409458,53.735780,On or near Boothferry Road,E01032595,Kingston upon Hull 033E,Violence and sexual offences,Investigation complete; no suspect identified,
b4f24fb8aa4032ff5d0b4bccc277f693f5bef2ef70b16b0780f1fc6fa43f4e7f,2021-05,Humberside Police,Humberside Police,-0.416763,53.733846,On or near Walsall Garth,E01032595,Kingston upon Hull 033E,Other crime,Court result unavailable,
,2021-05,Humberside Police,Humberside Police,-0.203045,53.611092,On or near Hadleigh Road,E01013174,North East Lincolnshire 001A,Anti-social behaviour,,
,2021-05,Humberside Police,Humberside Police,-0.203045,53.611092,On or near Hadleigh Road,E01013174,North East Lincolnshire 001A,Anti-social behaviour,,
ea9ae77ccf27dbbe4cec1f075b6e4eda499cc83deb1ba5afa4d00fd2fdfc0669,2021-05,Humberside Police,Humberside Police,-0.201648,53.620474,On or near Parking Area,E01013174,North East Lincolnshire 001A,Burglary,Investigation complete; no suspect identified,
acf871eab812f02907828855be8ac82c49e9026d295973175480d92bf1236a50,2021-05,Humberside Police,Humberside Police,-0.186577,53.616147,On or near Prince Henry Drive,E01013174,North East Lincolnshire 001A,Criminal damage and arson,Investigation complete; no suspect identified,
e1ffc88c0c387acdb9e8a91e38499e85c88384e8a715b3db35b0ccc19c9b853f,2021-05,Humberside Police,Humberside Police,-0.203045,53.611092,On or near Hadleigh Road,E01013174,North East Lincolnshire 001A,Criminal damage and arson,Investigation complete; no suspect identified,
df607771b6f8e0c765957ec267bf23c2da9b9ac1f1704a72fcdf9c82be45f9e3,2021-05,Humberside Police,Humberside Police,-0.200781,53.610995,On or near Kendal Road,E01013174,North East Lincolnshire 001A,Criminal damage and arson,Further action is not in the public interest,
a41873b2511bff89d7f4754c97d591445cbf359542570114a5774ffde03738fe,2021-05,Humberside Police,Humberside Police,-0.203045,53.611092,On or near Hadleigh Road,E01013174,North East Lincolnshire 001A,Other theft,Investigation complete; no suspect identified,
3d810792c01c86b2b5c0b93db7389290b31b2eaa6aa2c077dff8f857a260f24c,2021-05,Humberside Police,Humberside Police,-0.186577,53.616147,On or near Prince Henry Drive,E01013174,North East Lincolnshire 001A,Other theft,Investigation complete; no suspect identified,
e878a3482fbd400c3d6b86c76d122509ac9d631431b1b51ee183a449a95aab7c,2021-05,Humberside Police,Humberside Police,-0.200781,53.610995,On or near Kendal Road,E01013174,North East Lincolnshire 001A,Other theft,Investigation complete; no suspect identified,
8df07a2dee9ed38a03fdd37b81cdb5b67728a4c55b2d27dce41d927c6f38ef9c,2021-05,Humberside Police,Humberside Police,-0.205240,53.611008,On or near Thornbury Road,E01013174,North East Lincolnshire 001A,Public order,Unable to prosecute suspect,
977f857e641120eb24024f0885adb5e0ca85e967992f4f754afc7815f5e52328,2021-05,Humberside Police,Humberside Police,-0.202053,53.612371,On or near Somerton Road,E01013174,North East Lincolnshire 001A,Public order,Unable to prosecute suspect,
b39017a18912ed932835eaf5e84ea4c0b31bc6cfcc825844e5c487f487616391,2021-05,Humberside Police,Humberside Police,-0.203045,53.611092,On or near Hadleigh Road,E01013174,North East Lincolnshire 001A,Vehicle crime,Unable to prosecute suspect,
59613d3ffefa928dead29b7cebb7cf21ef9aaf0d353cbc7f7216deb904e3a8be,2021-05,Humberside Police,Humberside Police,-0.203045,53.611092,On or near Hadleigh Road,E01013174,North East Lincolnshire 001A,Vehicle crime,Investigation complete; no suspect identified,
f49cd8b7128171fe52fbb833cb9e25e151a5d720bccf6e0d9fa2a9508228df71,2021-05,Humberside Police,Humberside Police,-0.202053,53.612371,On or near Somerton Road,E01013174,North East Lincolnshire 001A,Violence and sexual offences,Unable to prosecute suspect,
452d24a9c1f00353d587c8cca2065fa791a1cb0c382a02bd22224e639c50ca33,2021-05,Humberside Police,Humberside Police,-0.202053,53.612371,On or near Somerton Road,E01013174,North East Lincolnshire 001A,Violence and sexual offences,Unable to prosecute suspect,
5b8e673517d7eb13287a8482bf9eb6ea7a0a4a50e82e80b2288cdcd210950a81,2021-05,Humberside Police,Humberside Police,-0.203045,53.611092,On or near Hadleigh Road,E01013174,North East Lincolnshire 001A,Violence and sexual offences,Further investigation is not in the public interest,
2addb02c728940ca9753e82dcd6a8adc9f03f6a7017a07a871491c85380220e4,2021-05,Humberside Police,Humberside Police,-0.202046,53.618232,On or near Waterworks Street,E01013174,North East Lincolnshire 001A,Violence and sexual offences,Unable to prosecute suspect,
4f634e3465a7048948ddf0fdc86de1c6c8ff8bb728ff751264de1215bb6a04f7,2021-05,Humberside Police,Humberside Police,-0.200781,53.610995,On or near Kendal Road,E01013174,North East Lincolnshire 001A,Violence and sexual offences,Action to be taken by another organisation,
71459d62ee4cd8f0200348ebe669482619519bed98b451216ca7333e50de9cc7,2021-05,Humberside Police,Humberside Police,-0.200781,53.610995,On or near Kendal Road,E01013174,North East Lincolnshire 001A,Violence and sexual offences,Unable to prosecute suspect,
a26c1009daa3c6f14328f77d7c14f005e4d29beed4a5bf3185ea63ed91070cbe,2021-05,Humberside Police,Humberside Police,-0.202053,53.612371,On or near Somerton Road,E01013174,North East Lincolnshire 001A,Violence and sexual offences,Unable to prosecute suspect,
14b25b862ed4ddc914731aa26b4e905808970c388f4af7c358e961f0eda19424,2021-05,Humberside Police,Humberside Police,-0.202053,53.612371,On or near Somerton Road,E01013174,North East Lincolnshire 001A,Violence and sexual offences,Action to be taken by another organisation,
a7c4d1675d0cd1aac7a56af7cae9779f44ad8aa1c774a170b01ecd79765c7025,2021-05,Humberside Police,Humberside Police,-0.202046,53.618232,On or near Waterworks Street,E01013174,North East Lincolnshire 001A,Violence and sexual offences,Investigation complete; no suspect identified,
60b44f247754bb4c50cd8b6d84cd066e5662aab6e56354e34dea2fa845e5ebd0,2021-05,Humberside Police,Humberside Police,-0.200781,53.610995,On or near Kendal Road,E01013174,North East Lincolnshire 001A,Violence and sexual offences,Unable to prosecute suspect,
9d5962489ec02020c227d85a3ae524ff95445225b9e9c0bc99bb257349c4387b,2021-05,Humberside Police,Humberside Police,-0.203045,53.611092,On or near Hadleigh Road,E01013174,North East Lincolnshire 001A,Violence and sexual offences,Unable to prosecute suspect,
3ef0e543d0484e84a9a54dbecbfb9cf538ab7d5a14318766d6e9bd6cbeb21d32,2021-05,Humberside Police,Humberside Police,-0.200781,53.610995,On or near Kendal Road,E01013174,North East Lincolnshire 001A,Violence and sexual offences,Unable to prosecute suspect,
3324c0261bd5af8489a9c344cd38778616ea0f45f9e24ef97de838ce4cb45164,2021-05,Humberside Police,Humberside Police,-0.227991,53.616785,On or near Millhouse Rise,E01013175,North East Lincolnshire 001B,Violence and sexual offences,Unable to prosecute suspect,
ad1d47ae01e904e26d281346ee05040bdeac6a907ddaffc369ddc1beb3d772cf,2021-05,Humberside Police,Humberside Police,-0.211642,53.619059,On or near Ash Tree Close,E01013176,North East Lincolnshire 001C,Public order,Unable to prosecute suspect,
fe8e66aeef5ea3f82eb2b2380d49c287201148772158db29c568884fac20c052,2021-05,Humberside Police,Humberside Police,-0.208077,53.618979,On or near Birkdale Drive,E01013176,North East Lincolnshire 001C,Vehicle crime,Unable to prosecute suspect,
e3b4e87754e3b9671e523092e64cd5aaf82e14957fbc7c92440ba2fb7c6fb9a2,2021-05,Humberside Police,Humberside Police,-0.218970,53.619537,On or near Weston Grove,E01013176,North East Lincolnshire 001C,Violence and sexual offences,Action to be taken by another organisation,
,2021-05,Humberside Police,Humberside Police,-0.206978,53.613164,On or near Carver Road,E01013177,North East Lincolnshire 001D,Anti-social behaviour,,
,2021-05,Humberside Police,Humberside Police,-0.206978,53.613164,On or near Carver Road,E01013177,North East Lincolnshire 001D,Anti-social behaviour,,
,2021-05,Humberside Police,Humberside Police,-0.205214,53.616257,On or near Worsley Road,E01013177,North East Lincolnshire 001D,Anti-social behaviour,,
,2021-05,Humberside Police,Humberside Police,-0.208039,53.614888,On or near Deane Road,E01013177,North East Lincolnshire 001D,Anti-social behaviour,,
14ca2f5e4d6ef7f90cdf20b7c1847e7687672476d0718454c75ebaa0ca178534,2021-05,Humberside Police,Humberside Police,-0.204267,53.614706,On or near Worsley Close,E01013177,North East Lincolnshire 001D,Other theft,Investigation complete; no suspect identified,
407293ade61c96878158e7f59c50b406490368636290a4e07ecadb2dcddab687,2021-05,Humberside Police,Humberside Police,-0.213957,53.615435,On or near Parking Area,E01013177,North East Lincolnshire 001D,Public order,Further action is not in the public interest,
d7d88577ef44888a621e081af04efb37a8b75b00489238c9e721f9d7bdab2f3c,2021-05,Humberside Police,Humberside Police,-0.213957,53.615435,On or near Parking Area,E01013177,North East Lincolnshire 001D,Public order,Further action is not in the public interest,
bc60149f23b3ea89dfb42e24444eb5bc1047e79b6da298bfbdfaf54c439cad42,2021-05,Humberside Police,Humberside Police,-0.212851,53.616210,On or near Parking Area,E01013177,North East Lincolnshire 001D,Public order,Unable to prosecute suspect,
a7df95aa72fe1bed1c034183ab8b2fd1d57c6b8ca1ea7b019ca740eb1706f0fd,2021-05,Humberside Police,Humberside Police,-0.205214,53.616257,On or near Worsley Road,E01013177,North East Lincolnshire 001D,Public order,Unable to prosecute suspect,
6c8af12402c564950123a995c1a90c49695de8a380e53577e102a9391690ad19,2021-05,Humberside Police,Humberside Police,-0.212851,53.616210,On or near Parking Area,E01013177,North East Lincolnshire 001D,Shoplifting,Investigation complete; no suspect identified,
f22ac42df5864f27831914bc15fb7db82bc4f7b733738115019dd46fbf917c35,2021-05,Humberside Police,Humberside Police,-0.212851,53.616210,On or near Parking Area,E01013177,North East Lincolnshire 001D,Shoplifting,Status update unavailable,
dbf8eebced465b69822cc71368e43a8c9dbf2b9d9510d2557e2a718888380cae,2021-05,Humberside Police,Humberside Police,-0.215033,53.617528,On or near Park Close,E01013177,North East Lincolnshire 001D,Shoplifting,Court result unavailable,
6ece79052dc84ae779cdedd1686375d25278773555c728ee00a5a1a090468612,2021-05,Humberside Police,Humberside Police,-0.213957,53.615435,On or near Parking Area,E01013177,North East Lincolnshire 001D,Shoplifting,Investigation complete; no suspect identified,
4e50d791fa34f9ba12de7c8c930cbfc2ee3b752cd60aa74de301f71ad944d31e,2021-05,Humberside Police,Humberside Police,-0.204373,53.613638,On or near Talbot Road,E01013177,North East Lincolnshire 001D,Violence and sexual offences,Investigation complete; no suspect identified,
d3c4e68a480ba656e2d107d63546d048db64ff89246048f8c6db6630bb5801b9,2021-05,Humberside Police,Humberside Police,-0.204267,53.614706,On or near Worsley Close,E01013177,North East Lincolnshire 001D,Violence and sexual offences,Unable to prosecute suspect,
d2d7b617d9ed0ca14620f42f5db3e46417275d6f181ca695c21c92c594f93234,2021-05,Humberside Police,Humberside Police,-0.204431,53.618313,On or near Humberville Road,E01013177,North East Lincolnshire 001D,Violence and sexual offences,Action to be taken by another organisation,
da773ed1142180286cdf07bbd304df66cf61dfc5fd0818a25f9ad50479ff5059,2021-05,Humberside Police,Humberside Police,-0.225808,53.612591,On or near Aire Close,E01013178,North East Lincolnshire 001E,Drugs,Offender given a drugs possession warning,
ac48287acb7d8d3a3594ee991139986c521ae5041e6fe05f1f7692743b4e64e9,2021-05,Humberside Police,Humberside Police,-0.225808,53.612591,On or near Aire Close,E01013178,North East Lincolnshire 001E,Public order,Unable to prosecute suspect,
46df3f8c91a497b4452834f331f58044c9a03a604ed0d39c5977b868a958c1cb,2021-05,Humberside Police,Humberside Police,-0.223486,53.616782,On or near Balfour Place,E01013178,North East Lincolnshire 001E,Violence and sexual offences,Status update unavailable,
79d94965f91931cfa55898644d397940934a6280c5bd574cf729feeaeb51e566,2021-05,Humberside Police,Humberside Police,-0.225808,53.612591,On or near Aire Close,E01013178,North East Lincolnshire 001E,Violence and sexual offences,Action to be taken by another organisation,
828bba1bb5cd27c335af3812b64af7a4b7d6a90c7a6f1054bd2a045f68ad1491,2021-05,Humberside Police,Humberside Police,-0.225808,53.612591,On or near Aire Close,E01013178,North East Lincolnshire 001E,Other crime,Court result unavailable,
,2021-05,Humberside Police,Humberside Police,-0.209850,53.607445,On or near Arran Close,E01013179,North East Lincolnshire 001F,Anti-social behaviour,,
,2021-05,Humberside Police,Humberside Police,-0.209850,53.607445,On or near Arran Close,E01013179,North East Lincolnshire 001F,Anti-social behaviour,,
,2021-05,Humberside Police,Humberside Police,-0.210172,53.607342,On or near Fairisle Rise,E01013179,North East Lincolnshire 001F,Anti-social behaviour,,
e62318fa2037a9752912fa3e169872d54e49c3acede4a255cfe97a2cfb0cf0de,2021-05,Humberside Police,Humberside Police,-0.212958,53.610458,On or near Margaret Street,E01013179,North East Lincolnshire 001F,Criminal damage and arson,Status update unavailable,
af52aa65bdc739f4c19bcea4e3ee8d700ae875eb3f9c8a07b35d4b4f5c4074ed,2021-05,Humberside Police,Humberside Police,-0.212958,53.610458,On or near Margaret Street,E01013179,North East Lincolnshire 001F,Drugs,Offender given a drugs possession warning,
e09f04bed5523a93b94870edd380e6a342e4a7570bd586d69acf0df5d07392c0,2021-05,Humberside Police,Humberside Police,-0.213173,53.613248,On or near Mayflower Avenue,E01013179,North East Lincolnshire 001F,Public order,Local resolution,
85b9fe199044856ae18afc271c810df4ade95e3c52dfb42822365b87449473f8,2021-05,Humberside Police,Humberside Police,-0.210172,53.607342,On or near Fairisle Rise,E01013179,North East Lincolnshire 001F,Vehicle crime,Investigation complete; no suspect identified,
8ea76fd477a76a00ac6d458be0720ccf58689269ce012ea1e53d9885aba176e3,2021-05,Humberside Police,Humberside Police,-0.210902,53.609025,On or near Orkney Place,E01013179,North East Lincolnshire 001F,Violence and sexual offences,Investigation complete; no suspect identified,
24e816e078c833741f2bfac989f8b34a0bd1cf4b0bfe0cde5848b3712ae10158,2021-05,Humberside Police,Humberside Police,-0.213173,53.613248,On or near Mayflower Avenue,E01013179,North East Lincolnshire 001F,Violence and sexual offences,Local resolution,
2514f8956215f56ab86036d408d4280852e02cc473998331292c161450f0c6ca,2021-05,Humberside Police,Humberside Police,-0.212958,53.610458,On or near Margaret Street,E01013179,North East Lincolnshire 001F,Violence and sexual offences,Unable to prosecute suspect,
a9cdf2a8f026af5b68a038c30e544bd91d916c4cacb5c99b4828d86a37076036,2021-05,Humberside Police,Humberside Police,-0.212958,53.610458,On or near Margaret Street,E01013179,North East Lincolnshire 001F,Violence and sexual offences,Further investigation is not in the public interest,
,2021-05,Humberside Police,Humberside Police,-0.220922,53.609066,On or near Kinloch Way,E01013180,North East Lincolnshire 001G,Anti-social behaviour,,
,2021-05,Humberside Police,Humberside Police,-0.218279,53.609746,On or near Paddock Court,E01013180,North East Lincolnshire 001G,Anti-social behaviour,,
,2021-05,Humberside Police,Humberside Police,-0.218279,53.609746,On or near Paddock Court,E01013180,North East Lincolnshire 001G,Anti-social behaviour,,
,2021-05,Humberside Police,Humberside Police,-0.219493,53.612506,On or near Blossom Way,E01013180,North East Lincolnshire 001G,Anti-social behaviour,,
,2021-05,Humberside Police,Humberside Police,-0.214357,53.609904,On or near Jasmine Way,E01013180,North East Lincolnshire 001G,Anti-social behaviour,,
,2021-05,Humberside Police,Humberside Police,-0.219493,53.612506,On or near Blossom Way,E01013180,North East Lincolnshire 001G,Anti-social behaviour,,
94b930df294782e9bbd697c73cf7d05f9ee84cda531beb37f79415b70e2ed5b7,2021-05,Humberside Police,Humberside Police,-0.219493,53.612506,On or near Blossom Way,E01013180,North East Lincolnshire 001G,Burglary,Investigation complete; no suspect identified,
65fe1d896a37058e0d9cb51862ecd797e002cdf7633c1201398e6e87cf31af6e,2021-05,Humberside Police,Humberside Police,-0.243534,53.609113,On or near Petrol Station,E01013180,North East Lincolnshire 001G,Other theft,Investigation complete; no suspect identified,
760678a106262d39ce1f838a2568bd1bf1dc2bd247f5a5b1ed568e1207d3a569,2021-05,Humberside Police,Humberside Police,-0.212297,53.606780,On or near Mull Way,E01013180,North East Lincolnshire 001G,Other theft,Investigation complete; no suspect identified,
5d203d6c98db326480ad631970eec82ae6b6d9d6ec2361c286f1219806234b40,2021-05,Humberside Police,Humberside Police,-0.222200,53.612483,On or near Supermarket,E01013180,North East Lincolnshire 001G,Public order,Unable to prosecute suspect,
d0499a03cde5223ec2a57db73da43b8aef38a7b9676018bb7100d82fd0f10fb9,2021-05,Humberside Police,Humberside Police,-0.222426,53.612136,On or near Highfield Avenue,E01013180,North East Lincolnshire 001G,Public order,Unable to prosecute suspect,
c417de5ced5df9c6962babb81a065fd53fae77b1e8536fd79d5b4791384a6db0,2021-05,Humberside Police,Humberside Police,-0.222426,53.612136,On or near Highfield Avenue,E01013180,North East Lincolnshire 001G,Public order,Unable to prosecute suspect,
67f74d2e985b78510c32c894b5a426e5639802cc939c75b174ca565b3136e404,2021-05,Humberside Police,Humberside Police,-0.222200,53.612483,On or near Supermarket,E01013180,North East Lincolnshire 001G,Shoplifting,Court result unavailable,
ab6819bdee4bf10d04c426146d58b66233b0d9c432e1511601b3d811187f857d,2021-05,Humberside Police,Humberside Police,-0.222426,53.612136,On or near Highfield Avenue,E01013180,North East Lincolnshire 001G,Violence and sexual offences,Unable to prosecute suspect,
b59c57472884f05942cc4ea797233b1207c3e48c2a046dfa6b512f0e5d00b0ef,2021-05,Humberside Police,Humberside Police,-0.219737,53.610649,On or near Hamish Walk,E01013180,North East Lincolnshire 001G,Violence and sexual offences,Action to be taken by another organisation,
96da630bd46027b1d6aa1d67ce9101ff17e997d206ed4d8ce8828eae2f9dbbe3,2021-05,Humberside Police,Humberside Police,-0.222426,53.612136,On or near Highfield Avenue,E01013180,North East Lincolnshire 001G,Violence and sexual offences,Unable to prosecute suspect,
9404e7cf0a7ddc08be3c1820c82116671a9994ed6b95c00322eb712cb0feaab7,2021-05,Humberside Police,Humberside Police,-0.219737,53.610649,On or near Hamish Walk,E01013180,North East Lincolnshire 001G,Violence and sexual offences,Action to be taken by another organisation,
,2021-05,Humberside Police,Humberside Police,-0.059285,53.573112,On or near Stirling Street,E01013136,North East Lincolnshire 002A,Anti-social behaviour,,
,2021-05,Humberside Police,Humberside Police,-0.061935,53.573622,On or near Weelsby Street North,E01013136,North East Lincolnshire 002A,Anti-social behaviour,,
,2021-05,Humberside Police,Humberside Police,-0.063369,53.570994,On or near Derby Close,E01013136,North East Lincolnshire 002A,Anti-social behaviour,,
,2021-05,Humberside Police,Humberside Police,-0.072750,53.574921,On or near Riby Square,E01013136,North East Lincolnshire 002A,Anti-social behaviour,,
,2021-05,Humberside Police,Humberside Police,-0.063369,53.570994,On or near Derby Close,E01013136,North East Lincolnshire 002A,Anti-social behaviour,,
,2021-05,Humberside Police,Humberside Police,-0.065982,53.574623,On or near Levington Street,E01013136,North East Lincolnshire 002A,Anti-social behaviour,,
218903de377267f66fde65f970e183426b57e1ee1279b0a16e93f69ebc074b5b,2021-05,Humberside Police,Humberside Police,-0.063844,53.572817,On or near Bradman Court,E01013136,North East Lincolnshire 002A,Burglary,Investigation complete; no suspect identified,
33a5e5b38650783d5138332a184ba3a47b16dd14e623874d933412033fb7d9e3,2021-05,Humberside Police,Humberside Police,-0.061935,53.573622,On or near Weelsby Street North,E01013136,North East Lincolnshire 002A,Criminal damage and arson,Investigation complete; no suspect identified,
4f285e08493612f035b298e82df8e8eb11b434581436f44d3185b711c85f3f31,2021-05,Humberside Police,Humberside Police,-0.068375,53.575471,On or near Riby Street,E01013136,North East Lincolnshire 002A,Criminal damage and arson,Investigation complete; no suspect identified,
f54063448e7fb6a56bcd914d318af83234a65b32e99da71c4c6c47f41b97d784,2021-05,Humberside Police,Humberside Police,-0.063369,53.570994,On or near Derby Close,E01013136,North East Lincolnshire 002A,Criminal damage and arson,Further action is not in the public interest,
96eb923207ac0fe400315859897fa05551a16f22f2b39f64c648bf39a0f2b113,2021-05,Humberside Police,Humberside Police,-0.064849,53.571980,On or near Hilda Street,E01013136,North East Lincolnshire 002A,Criminal damage and arson,Investigation complete; no suspect identified,
342afe4cf65e96e2af61a7b6c0164af302363391af61cd8d0c47dc7a34d77aaf,2021-05,Humberside Police,Humberside Police,-0.060943,53.571862,On or near Casswell Close,E01013136,North East Lincolnshire 002A,Criminal damage and arson,Court result unavailable,
6bfc46d4b51491845d31f2164635bd0863a54d44b9c225fa12c8e879be2c8b12,2021-05,Humberside Police,Humberside Police,-0.057002,53.572158,On or near Shopping Area,E01013136,North East Lincolnshire 002A,Criminal damage and arson,Investigation complete; no suspect identified,
c81f2a1748827a89fa5fcf85013f2534852c41aba7165fbd7024a5b0e86e05eb,2021-05,Humberside Police,Humberside Police,-0.059285,53.573112,On or near Stirling Street,E01013136,North East Lincolnshire 002A,Criminal damage and arson,Unable to prosecute suspect,
5889ed9cb0b2f7e00e3767c8c6f1fa9a9e4b128a0b0fe3f1083e3abaab70f04f,2021-05,Humberside Police,Humberside Police,-0.072750,53.574921,On or near Riby Square,E01013136,North East Lincolnshire 002A,Drugs,Court result unavailable,
4d6711c3a5bdb646f0da5cc803d3217d8c46c6efdf9dd15bb7a23fa9d1eb50df,2021-05,Humberside Police,Humberside Police,-0.067201,53.573726,On or near Bath Street,E01013136,North East Lincolnshire 002A,Drugs,Formal action is not in the public interest,
f167be8fc34f266d39909cce7416d51e9b12b4359055501901258bb57a6c981c,2021-05,Humberside Police,Humberside Police,-0.063844,53.572817,On or near Bradman Court,E01013136,North East Lincolnshire 002A,Drugs,Court result unavailable,
15156421a625447af84cc0ff38b61cbf3272f441ee8a05f2412d887521ffd130,2021-05,Humberside Police,Humberside Police,-0.055267,53.573119,On or near Harrington Street,E01013136,North East Lincolnshire 002A,Other theft,Unable to prosecute suspect,
75285d631c0b2787000244706a95b0c8b33122c13cdfce5bcbbb54688b6fbf0a,2021-05,Humberside Police,Humberside Police,-0.057002,53.572158,On or near Shopping Area,E01013136,North East Lincolnshire 002A,Other theft,Investigation complete; no suspect identified,
6a51f832c705d34f01cd65e87919c77ef46021e4df3129afb08728b756c9e3d7,2021-05,Humberside Police,Humberside Police,-0.061359,53.571680,On or near Grafton Street,E01013136,North East Lincolnshire 002A,Other theft,Unable to prosecute suspect,
5e6ed9bfcfa41c4a3da178af60df886a2a23070c45f2d4c97683b7a470df01df,2021-05,Humberside Police,Humberside Police,-0.067708,53.574867,On or near Kesgrave Street,E01013136,North East Lincolnshire 002A,Other theft,Unable to prosecute suspect,
a19d59bb31a82a0d3d56fe4199d1d7a32980d55abd15ecc4e5653fddaf65b132,2021-05,Humberside Police,Humberside Police,-0.064849,53.571980,On or near Hilda Street,E01013136,North East Lincolnshire 002A,Public order,Unable to prosecute suspect,
98a7ef768c777b2874aa42fb2b228005b6fb1df794ce80f4340cebc80f29d501,2021-05,Humberside Police,Humberside Police,-0.061359,53.571680,On or near Grafton Street,E01013136,North East Lincolnshire 002A,Public order,Unable to prosecute suspect,
796ea779e9cbdcfc22a80306925bd1b9b1bf1aa02014eab0388289a215b2bfe6,2021-05,Humberside Police,Humberside Police,-0.063369,53.570994,On or near Derby Close,E01013136,North East Lincolnshire 002A,Public order,Status update unavailable,
4e34d30895c104b3564b468e31a7d035fd9f491ce523b3518492577264dce353,2021-05,Humberside Police,Humberside Police,-0.063369,53.570994,On or near Derby Close,E01013136,North East Lincolnshire 002A,Public order,Investigation complete; no suspect identified,
21523a129f8ea2adbfeb045e26245b7e931af8b9e3c00654b53f4b54b9dfe50b,2021-05,Humberside Police,Humberside Police,-0.064849,53.571980,On or near Hilda Street,E01013136,North East Lincolnshire 002A,Public order,Unable to prosecute suspect,
737122acd256a39ad484880f9ad8e1db8028fc1e1ebd4b7de998d02e004f6bf1,2021-05,Humberside Police,Humberside Police,-0.063205,53.573922,On or near Supermarket,E01013136,North East Lincolnshire 002A,Shoplifting,Unable to prosecute suspect,
e01b6943addc3c37798ef4f7629716e780089ad0b0d0806136a1f6ebb005de13,2021-05,Humberside Police,Humberside Police,-0.057002,53.572158,On or near Shopping Area,E01013136,North East Lincolnshire 002A,Shoplifting,Court result unavailable,
701b2ad067a1c0ac5f3dfff5d3989dcaa313e62476b79c77abab1b72c2eba1cc,2021-05,Humberside Police,Humberside Police,-0.057002,53.572158,On or near Shopping Area,E01013136,North East Lincolnshire 002A,Shoplifting,Court result unavailable,
1208009f6056250f0fd1acd7e22e6a866fbad2c5de7d21d8c79c71d8ebe77cee,2021-05,Humberside Police,Humberside Police,-0.063205,53.573922,On or near Supermarket,E01013136,North East Lincolnshire 002A,Theft from the person,Investigation complete; no suspect identified,
22750a6e3d092b1cc3066a50fd18f31e16128fcb05190d6024ff00ceb4e35f83,2021-05,Humberside Police,Humberside Police,-0.068375,53.575471,On or near Riby Street,E01013136,North East Lincolnshire 002A,Vehicle crime,Investigation complete; no suspect identified,
c510ed43f393d81fa63eda68c7bbdd7905e0e4ed2470ce911e24f63f83230448,2021-05,Humberside Police,Humberside Police,-0.055267,53.573119,On or near Harrington Street,E01013136,North East Lincolnshire 002A,Vehicle crime,Investigation complete; no suspect identified,
7fd7ad23866553d81dc0fd3ed5bf749ff24aa810bdf555e76e2eedc1c609308d,2021-05,Humberside Police,Humberside Police,-0.061359,53.571680,On or near Grafton Street,E01013136,North East Lincolnshire 002A,Violence and sexual offences,Action to be taken by another organisation,
5a2ae9502052837da2394ace7ea00a872484ef5495be49a4f40c8e1ba726181e,2021-05,Humberside Police,Humberside Police,-0.073877,53.575398,On or near Railway Place,E01013136,North East Lincolnshire 002A,Violence and sexual offences,Unable to prosecute suspect,
6d6538e9d6ca8d70995c90e0f4d5a9a53de2b4b25206bfc5aef4de5f4700fa21,2021-05,Humberside Police,Humberside Police,-0.061359,53.571680,On or near Grafton Street,E01013136,North East Lincolnshire 002A,Violence and sexual offences,Action to be taken by another organisation,
23f6a37cc8111baa56a69f6bbf9c92fb2b4fcd2b305a9286e34c4f53b2a6c169,2021-05,Humberside Police,Humberside Police,-0.064849,53.571980,On or near Hilda Street,E01013136,North East Lincolnshire 002A,Violence and sexual offences,Unable to prosecute suspect,
7c2b3d1c38241ce1013b4d8ec2b9c4c63b015f2f96db5a47507e8749b115bbd1,2021-05,Humberside Police,Humberside Police,-0.059868,53.571908,On or near Hamilton Street,E01013136,North East Lincolnshire 002A,Violence and sexual offences,Unable to prosecute suspect,
3a79f331a312a6ef2c7fb6d6a303609e2733bd9533942887f5c70ba320fad386,2021-05,Humberside Police,Humberside Police,-0.067201,53.573726,On or near Bath Street,E01013136,North East Lincolnshire 002A,Violence and sexual offences,Unable to prosecute suspect,
01c4b439cc6d82ae2dc218da7c63da6d2a4a3a9147aaf48a8c5b7decee77ba6b,2021-05,Humberside Police,Humberside Police,-0.073877,53.575398,On or near Railway Place,E01013136,North East Lincolnshire 002A,Violence and sexual offences,Unable to prosecute suspect,
83eb88adca2bf669dd826ef9d9f10158c62e2379ccb12e78e298a875a1e869cb,2021-05,Humberside Police,Humberside Police,-0.061152,53.581494,On or near Kemp Road,E01013136,North East Lincolnshire 002A,Violence and sexual offences,Unable to prosecute suspect,
975d0f02da488acdc63f4be5b3dd174d97d5b10171ac9fdb247b0b07a600abd1,2021-05,Humberside Police,Humberside Police,-0.059868,53.571908,On or near Hamilton Street,E01013136,North East Lincolnshire 002A,Violence and sexual offences,Unable to prosecute suspect,
7ef3d5dc807f87e6f2571aad9cc80656761a5bd433194113c6599bb75941cd59,2021-05,Humberside Police,Humberside Police,-0.063844,53.572817,On or near Bradman Court,E01013136,North East Lincolnshire 002A,Violence and sexual offences,Local resolution,
b0cf79f6c5b9886f17abcc489069403800cbdc2fc31d17c7377affb67f02982d,2021-05,Humberside Police,Humberside Police,-0.063369,53.570994,On or near Derby Close,E01013136,North East Lincolnshire 002A,Violence and sexual offences,Unable to prosecute suspect,
e2194dcea7ecbbd134ff891f051b8bba83d0972c855f07be961ec156585c7e4a,2021-05,Humberside Police,Humberside Police,-0.063205,53.573922,On or near Supermarket,E01013136,North East Lincolnshire 002A,Violence and sexual offences,Unable to prosecute suspect,
5bcd804713a30f8de9b633369b92665f07fafc7271618d4886a6ccef557a26cf,2021-05,Humberside Police,Humberside Police,-0.064849,53.571980,On or near Hilda Street,E01013136,North East Lincolnshire 002A,Violence and sexual offences,Status update unavailable,
8e7317147adfa6e18d80fc78e968ef4b0b556d6a33b83ef3560e76e652ec4a83,2021-05,Humberside Police,Humberside Police,-0.061359,53.571680,On or near Grafton Street,E01013136,North East Lincolnshire 002A,Violence and sexual offences,Unable to prosecute suspect,
89d1880de3e6942d3944b2f4e2778e86e2903d6ead27f364f4bdd0ee3ab5d62f,2021-05,Humberside Police,Humberside Police,-0.064849,53.571980,On or near Hilda Street,E01013136,North East Lincolnshire 002A,Violence and sexual offences,Unable to prosecute suspect,
8ae6141a5066c0f9b32740d876dad9b11be541edf83575ce41fce552044941ca,2021-05,Humberside Police,Humberside Police,-0.063369,53.570994,On or near Derby Close,E01013136,North East Lincolnshire 002A,Violence and sexual offences,Unable to prosecute suspect,
,2021-05,Humberside Police,Humberside Police,-0.075028,53.568018,On or near Freeman Street,E01013137,North East Lincolnshire 002B,Anti-social behaviour,,
,2021-05,Humberside Police,Humberside Police,-0.075028,53.568018,On or near Freeman Street,E01013137,North East Lincolnshire 002B,Anti-social behaviour,,
,2021-05,Humberside Police,Humberside Police,-0.075144,53.569772,On or near Petchell Way,E01013137,North East Lincolnshire 002B,Anti-social behaviour,,
,2021-05,Humberside Police,Humberside Police,-0.071696,53.573187,On or near Service Road No 1,E01013137,North East Lincolnshire 002B,Anti-social behaviour,,
2c71ce05b9d365572fcf97e8cc770631c8b7879733d9b2ef7c1169c088f791df,2021-05,Humberside Police,Humberside Police,-0.075028,53.568018,On or near Freeman Street,E01013137,North East Lincolnshire 002B,Bicycle theft,Investigation complete; no suspect identified,
b63cd9bd2c63f47f925c16e0ffabaee7cc5528a97472a0afe01fc61f6227446f,2021-05,Humberside Police,Humberside Police,-0.074018,53.569961,On or near Newmarket Street,E01013137,North East Lincolnshire 002B,Burglary,Investigation complete; no suspect identified,
594d25070d3527bb3f46b9ad1ab4813b04590026068f910c9d14cd2836f56194,2021-05,Humberside Police,Humberside Police,-0.073011,53.570179,On or near Tivoli Gardens,E01013137,North East Lincolnshire 002B,Burglary,Investigation complete; no suspect identified,
cdcc550971d9dbf54e8fef74fc4826322a98ef93b7453039d01f6ae71be65822,2021-05,Humberside Police,Humberside Police,-0.068271,53.570794,On or near George Janney Court,E01013137,North East Lincolnshire 002B,Burglary,Investigation complete; no suspect identified,
2e2f66d387f677fe8f81fb9059a7f4b709ba8772373700c64337ac061393a1b7,2021-05,Humberside Police,Humberside Police,-0.071696,53.573187,On or near Service Road No 1,E01013137,North East Lincolnshire 002B,Criminal damage and arson,Court result unavailable,
1c3cc5f6a613f1bdd68511d54ad89476f27b5acbb35616849e0fd73a672da668,2021-05,Humberside Police,Humberside Police,-0.075028,53.568018,On or near Freeman Street,E01013137,North East Lincolnshire 002B,Criminal damage and arson,Further action is not in the public interest,
16f2396bb16f5bb8868056a46e029d0d53b42aa45e5e44ecf3582589843a0151,2021-05,Humberside Police,Humberside Police,-0.073007,53.569603,On or near Werneth Road,E01013137,North East Lincolnshire 002B,Criminal damage and arson,Unable to prosecute suspect,
15510eeb809234271633e05edcd50da2990231af7071364e72bb8d41786a99dc,2021-05,Humberside Police,Humberside Police,-0.072891,53.571174,On or near Garibaldi Street,E01013137,North East Lincolnshire 002B,Criminal damage and arson,Investigation complete; no suspect identified,
7547bd873708082b40dd04f0894d38efed44079948f9de2b40534c4baf7ce5b2,2021-05,Humberside Police,Humberside Police,-0.074280,53.569183,On or near Freeman Street,E01013137,North East Lincolnshire 002B,Drugs,Court result unavailable,
cc571a649a93271f483ec9ff2f4636d9293c8e1a7976840da0be594b67adb32b,2021-05,Humberside Police,Humberside Police,-0.073011,53.570179,On or near Tivoli Gardens,E01013137,North East Lincolnshire 002B,Drugs,Court result unavailable,
a52e5067eefade2c001b3520a1dba407e7bb8420d54dcf4260860c9f2c397ccf,2021-05,Humberside Police,Humberside Police,-0.069487,53.570967,On or near Petrol Station,E01013137,North East Lincolnshire 002B,Other theft,Investigation complete; no suspect identified,
a7c7810c40b849cbb3b88da9d47d4afdfb7dc7a44aec2f2a16756f8b31353a14,2021-05,Humberside Police,Humberside Police,-0.068544,53.571104,On or near Hope Street,E01013137,North East Lincolnshire 002B,Other theft,Investigation complete; no suspect identified,
b33d2f8891e59a76d699120ee7a64ebe9abfe2d5b3b130d356bc497a8590b9cf,2021-05,Humberside Police,Humberside Police,-0.074977,53.570795,On or near Duncombe Gardens,E01013137,North East Lincolnshire 002B,Other theft,Unable to prosecute suspect,
8a8445e97a77e450dd25bd463632092054df2981abdbf60678d6b85a5032e589,2021-05,Humberside Police,Humberside Police,-0.075144,53.569772,On or near Petchell Way,E01013137,North East Lincolnshire 002B,Public order,Unable to prosecute suspect,
9ce723d8fbc5f4e9feaf4417693eabb7ba56d76753c08be4595f109d6a2d027e,2021-05,Humberside Police,Humberside Police,-0.075144,53.569772,On or near Petchell Way,E01013137,North East Lincolnshire 002B,Public order,Investigation complete; no suspect identified,
3b33485a929c5dd5bcb19ce8adde94e0e333a7cc90699ffa2262121ad0f224c8,2021-05,Humberside Police,Humberside Police,-0.068544,53.571104,On or near Hope Street,E01013137,North East Lincolnshire 002B,Public order,Unable to prosecute suspect,
a38c536e02fb4b2500b629dc6e942b85ac1982021c428a332966b7e519917840,2021-05,Humberside Police,Humberside Police,-0.071696,53.573187,On or near Service Road No 1,E01013137,North East Lincolnshire 002B,Public order,Unable to prosecute suspect,
0cb680795247022dff354edd817ea0cfd6848637d12fe5e958425f44cf80a454,2021-05,Humberside Police,Humberside Police,-0.075028,53.568018,On or near Freeman Street,E01013137,North East Lincolnshire 002B,Public order,Unable to prosecute suspect,
cda7a99b7f50da9b4acecd15e576286ac7814c9b2b3acd2b27502ec15f8daae6,2021-05,Humberside Police,Humberside Police,-0.075028,53.568018,On or near Freeman Street,E01013137,North East Lincolnshire 002B,Public order,Unable to prosecute suspect,
abaf6e7acebb6a48159124751f7ab939dd349e3736025841a63e099a3330897e,2021-05,Humberside Police,Humberside Police,-0.075144,53.569772,On or near Petchell Way,E01013137,North East Lincolnshire 002B,Public order,Unable to prosecute suspect,
3af549e6fcd86546c902a460c72ce68a38919b9784bbfb0b3bee3144e4365971,2021-05,Humberside Police,Humberside Police,-0.076090,53.570237,On or near Railway Street,E01013137,North East Lincolnshire 002B,Public order,Unable to prosecute suspect,
4c1a7e9feecf483c961b8fb0cfd407eb70c1c4d2d638a49bb756e2dc7222675e,2021-05,Humberside Police,Humberside Police,-0.075144,53.569772,On or near Petchell Way,E01013137,North East Lincolnshire 002B,Public order,Unable to prosecute suspect,
a3e9369826f247938908bb7a8fd00cd86a364a8798b2905ad0911bd316b6a8bd,2021-05,Humberside Police,Humberside Police,-0.073007,53.569603,On or near Werneth Road,E01013137,North East Lincolnshire 002B,Public order,Unable to prosecute suspect,
4ff62651444367a048d44a9a0c3678ff1468f0d5e9ac8be9ede3806681ec0a2c,2021-05,Humberside Police,Humberside Police,-0.074977,53.570795,On or near Duncombe Gardens,E01013137,North East Lincolnshire 002B,Public order,Unable to prosecute suspect,
2db621479b48d8b40a4472515c4c2f3bfdb7ba63bce7cbcac046a185d2764471,2021-05,Humberside Police,Humberside Police,-0.075144,53.569772,On or near Petchell Way,E01013137,North East Lincolnshire 002B,Public order,Further action is not in the public interest,
8147cbeea49149c90700b09c64e5f7999d8334a32b50782f76715549589a7faf,2021-05,Humberside Police,Humberside Police,-0.068544,53.571104,On or near Hope Street,E01013137,North East Lincolnshire 002B,Public order,Court result unavailable,
1bd158c5a087923b18b374de6cd8d7d27a97718ac1cfd64cb37e95dbd9bfe4b4,2021-05,Humberside Police,Humberside Police,-0.075144,53.569772,On or near Petchell Way,E01013137,North East Lincolnshire 002B,Public order,Further action is not in the public interest,
2eae74d994a0425c2ebef00ef200df885b5c41fb34f50161d748ff567016966e,2021-05,Humberside Police,Humberside Police,-0.071826,53.572002,On or near Comber Place,E01013137,North East Lincolnshire 002B,Public order,Court result unavailable,
9fa9dc1dc96002c9e27fdfde55917096a9622a894f8e1f01919e4c4ea62d2c98,2021-05,Humberside Police,Humberside Police,-0.074977,53.570795,On or near Duncombe Gardens,E01013137,North East Lincolnshire 002B,Public order,Unable to prosecute suspect,
0156c00ff5913838e01d1c4cb5ca748d511fec10c760fd1e3033c3cd7de3e115,2021-05,Humberside Police,Humberside Police,-0.072891,53.571174,On or near Garibaldi Street,E01013137,North East Lincolnshire 002B,Shoplifting,Unable to prosecute suspect,
01efde9eb5cc17b9bc70a30e03189a7f9ee84da5c2bc83e01b0432326191c28f,2021-05,Humberside Police,Humberside Police,-0.072679,53.572502,On or near Parking Area,E01013137,North East Lincolnshire 002B,Shoplifting,Court result unavailable,
35239480227c52270e0bd069f736cf3c240a8ab629bbe4297a7ed51643c1f3e1,2021-05,Humberside Police,Humberside Police,-0.076090,53.570237,On or near Railway Street,E01013137,North East Lincolnshire 002B,Shoplifting,Status update unavailable,
f7fdbc01b278569dc6e963c493511103a79c3b8276aada1438e9af521c8d5534,2021-05,Humberside Police,Humberside Police,-0.069487,53.570967,On or near Petrol Station,E01013137,North East Lincolnshire 002B,Shoplifting,Investigation complete; no suspect identified,
14a4d4408bde90daf0f3f950731369944894e0de331cd6057cd5c11169ea5981,2021-05,Humberside Police,Humberside Police,-0.076090,53.570237,On or near Railway Street,E01013137,North East Lincolnshire 002B,Shoplifting,Court result unavailable,
7dcc402e39c188af3582c5aadf2df9addf6e2b0c8a6c62d2688cf32167511d6c,2021-05,Humberside Police,Humberside Police,-0.075028,53.568018,On or near Freeman Street,E01013137,North East Lincolnshire 002B,Shoplifting,Court result unavailable,
51c2210cb8c4768021c980093ac5c1244cf8942988fc586daa7efebd3153ec63,2021-05,Humberside Police,Humberside Police,-0.072891,53.571174,On or near Garibaldi Street,E01013137,North East Lincolnshire 002B,Shoplifting,Suspect charged as part of another case,
c561813afd8b628763ffe8eb4521eb22d858a8354236756985c7b9385035c84a,2021-05,Humberside Police,Humberside Police,-0.072679,53.572502,On or near Parking Area,E01013137,North East Lincolnshire 002B,Shoplifting,Unable to prosecute suspect,
a9e787871f9ba527efc993c1a44362308f4a3f0b6c4b7ad345b3dee479c3f45f,2021-05,Humberside Police,Humberside Police,-0.072891,53.571174,On or near Garibaldi Street,E01013137,North East Lincolnshire 002B,Shoplifting,Unable to prosecute suspect,
b81bd0475571c805c3b51d03f2e29cbc4d808f7756aa7bf1f30e62fb14bdf64a,2021-05,Humberside Police,Humberside Police,-0.072891,53.571174,On or near Garibaldi Street,E01013137,North East Lincolnshire 002B,Shoplifting,Investigation complete; no suspect identified,
3ee8bdf8195cea75165573f49d17f074ead7fa1b02119bf1a76a28645dd06f4e,2021-05,Humberside Police,Humberside Police,-0.074052,53.572865,On or near Parking Area,E01013137,North East Lincolnshire 002B,Shoplifting,Court result unavailable,
036e757a4da6c7d6e2d7ca640d2db945d7b89e8a6a621db1038c6fc738244fdb,2021-05,Humberside Police,Humberside Police,-0.075028,53.568018,On or near Freeman Street,E01013137,North East Lincolnshire 002B,Violence and sexual offences,Court result unavailable,
69a0be136b7d6a4e8b2fb07a52f20d42afcd07a6ca7cab6c9a5e09bfc68f666e,2021-05,Humberside Police,Humberside Police,-0.075028,53.568018,On or near Freeman Street,E01013137,North East Lincolnshire 002B,Violence and sexual offences,Unable to prosecute suspect,
bd161f775d14dccc1343720af3834e3777c40ee2545fab36eaecbe7f6500d524,2021-05,Humberside Police,Humberside Police,-0.075028,53.568018,On or near Freeman Street,E01013137,North East Lincolnshire 002B,Violence and sexual offences,Unable to prosecute suspect,
681a2fa70a56ecce63a221e01e4682414a148d8811db0a32223751360e225507,2021-05,Humberside Police,Humberside Police,-0.075144,53.569772,On or near Petchell Way,E01013137,North East Lincolnshire 002B,Violence and sexual offences,Offender given a caution,
5f530b56d3983ff5463d2470b9ab27f4b2f8450965b065f3ad33a2200bb7c570,2021-05,Humberside Police,Humberside Police,-0.074135,53.569379,On or near Wood Street,E01013137,North East Lincolnshire 002B,Violence and sexual offences,Unable to prosecute suspect,
a1e8924190ed3ee2909b83a2c60fb28465f1c67f8ad2ffa355781dab94b9b074,2021-05,Humberside Police,Humberside Police,-0.071696,53.573187,On or near Service Road No 1,E01013137,North East Lincolnshire 002B,Violence and sexual offences,Unable to prosecute suspect,
d8ef6fba8600176dec989d09f520dbc20f43545d15f5483e161b3daf0b9ee8c6,2021-05,Humberside Police,Humberside Police,-0.071696,53.573187,On or near Service Road No 1,E01013137,North East Lincolnshire 002B,Violence and sexual offences,Unable to prosecute suspect,
9f4872d051317823c3c55058bb574d89e7d305034496bb5816cefd948a0661e3,2021-05,Humberside Police,Humberside Police,-0.068544,53.571104,On or near Hope Street,E01013137,North East Lincolnshire 002B,Violence and sexual offences,Court result unavailable,
9b47e0ca7193a21960ac218858f73b4df9c1da539a9e6ae94785fc7f41054209,2021-05,Humberside Police,Humberside Police,-0.074052,53.572865,On or near Parking Area,E01013137,North East Lincolnshire 002B,Violence and sexual offences,Court result unavailable,
44728e1130774829d1606c53bd1fcd77bd0c286bb8f338e9b0e8c1528c94f5bd,2021-05,Humberside Police,Humberside Police,-0.075028,53.568018,On or near Freeman Street,E01013137,North East Lincolnshire 002B,Violence and sexual offences,Unable to prosecute suspect,
edf0ad61580a72ba017ebaacf1d26f13c29e7dab6ff083773c2a265e05403ecd,2021-05,Humberside Police,Humberside Police,-0.068271,53.570794,On or near George Janney Court,E01013137,North East Lincolnshire 002B,Violence and sexual offences,Unable to prosecute suspect,
a9849e559887bc0211c181973fdd67e88a2d50a4749706676ec5768e3b5690fe,2021-05,Humberside Police,Humberside Police,-0.072891,53.571174,On or near Garibaldi Street,E01013137,North East Lincolnshire 002B,Violence and sexual offences,Court result unavailable,
b1c2c8889ca06c85611a40fac22c4d155f20d4f960d4eec2a6255745fcff39be,2021-05,Humberside Police,Humberside Police,-0.075028,53.568018,On or near Freeman Street,E01013137,North East Lincolnshire 002B,Violence and sexual offences,Unable to prosecute suspect,
f525261034aef33c39b2def59649ac1099829ad7df794df93541037d5b48199e,2021-05,Humberside Police,Humberside Police,-0.075028,53.568018,On or near Freeman Street,E01013137,North East Lincolnshire 002B,Violence and sexual offences,Court result unavailable,
d09283fcb256fc4b45a72649e8c9a2b30c56baa279adc475ddb7f3c6246ca7c4,2021-05,Humberside Police,Humberside Police,-0.075144,53.569772,On or near Petchell Way,E01013137,North East Lincolnshire 002B,Violence and sexual offences,Local resolution,
,2021-05,Humberside Police,Humberside Police,-0.066796,53.570024,On or near Cope Street,E01013139,North East Lincolnshire 002C,Anti-social behaviour,,
,2021-05,Humberside Police,Humberside Police,-0.071446,53.567411,On or near St Luke'S Court,E01013139,North East Lincolnshire 002C,Anti-social behaviour,,
,2021-05,Humberside Police,Humberside Police,-0.066796,53.570024,On or near Cope Street,E01013139,North East Lincolnshire 002C,Anti-social behaviour,,
995a8d35249a42168f2593d7f859134a12ff10ba159602873319468bc9486ba1,2021-05,Humberside Police,Humberside Police,-0.070244,53.570260,On or near Albion Street,E01013139,North East Lincolnshire 002C,Criminal damage and arson,Investigation complete; no suspect identified,
2ab217adc622c5c8f8231af9713e3e6b2369cec699759309efea36e2c2fa830c,2021-05,Humberside Police,Humberside Police,-0.065221,53.569801,On or near Weelsby Street,E01013139,North East Lincolnshire 002C,Criminal damage and arson,Investigation complete; no suspect identified,
886c84226e23008c018ecee67d43393f9dafa33837488c4728c13b4502019e2e,2021-05,Humberside Police,Humberside Police,-0.071446,53.567411,On or near St Luke'S Court,E01013139,North East Lincolnshire 002C,Criminal damage and arson,Unable to prosecute suspect,
c7d26f905a776aa323033c322509b64dbdfe020a6d97e32bce74d3ea592bbb56,2021-05,Humberside Police,Humberside Police,-0.072241,53.569177,On or near Bodiam Way,E01013139,North East Lincolnshire 002C,Criminal damage and arson,Investigation complete; no suspect identified,
bdeeddc07ce0b22fc2125629f65c35caea1348d47fa314de8e03e52b56902910,2021-05,Humberside Police,Humberside Police,-0.065873,53.572059,On or near Bedford Street,E01013139,North East Lincolnshire 002C,Criminal damage and arson,Unable to prosecute suspect,
62f2cca650650f7ed1fdeb4eb1aa3fdb03efeb5d58fb805d540998a72de6cffe,2021-05,Humberside Police,Humberside Police,-0.071446,53.567411,On or near St Luke'S Court,E01013139,North East Lincolnshire 002C,Criminal damage and arson,Investigation complete; no suspect identified,
09e65f71e8c1fb8946ae175a255c680edfa92c32db0d1069205fd57052a06cbf,2021-05,Humberside Police,Humberside Police,-0.065221,53.569801,On or near Weelsby Street,E01013139,North East Lincolnshire 002C,Drugs,Local resolution,
163afd9b9c2e8e4b4536628220c24d292ee1f6b01269f60fe10364209aa5122c,2021-05,Humberside Police,Humberside Police,-0.071446,53.567411,On or near St Luke'S Court,E01013139,North East Lincolnshire 002C,Drugs,Status update unavailable,
b44fd34d50e484bb1a5c41592b46325a0a489eebd0205463cb64e28dab28a572,2021-05,Humberside Police,Humberside Police,-0.065873,53.572059,On or near Bedford Street,E01013139,North East Lincolnshire 002C,Drugs,Offender given a caution,
0a033bbfcd2a0de394ba622c2bb4e00ea618876d12418c7318fe1c45a274e57d,2021-05,Humberside Police,Humberside Police,-0.066953,53.569559,On or near Guildford Street,E01013139,North East Lincolnshire 002C,Other theft,Unable to prosecute suspect,
8d4883d77b45c0c1d76e1cbced10bd4619eebd255092e04c9c9432b0c25aa21a,2021-05,Humberside Police,Humberside Police,-0.072241,53.569177,On or near Bodiam Way,E01013139,North East Lincolnshire 002C,Other theft,Investigation complete; no suspect identified,
63c3acb6646ffaf9dc362820c1a8b9645b32b67b9f44ae0bcffca1e09ab4bdfb,2021-05,Humberside Police,Humberside Police,-0.065221,53.569801,On or near Weelsby Street,E01013139,North East Lincolnshire 002C,Possession of weapons,Local resolution,
be6d4f58a9a15222ddcc7ea52cddf8fe0f8819f560f82c0d8b36826e72abd638,2021-05,Humberside Police,Humberside Police,-0.066796,53.570024,On or near Cope Street,E01013139,North East Lincolnshire 002C,Public order,Unable to prosecute suspect,
8c3930ca332c696f7bf181b9a5472fad8e7b2a124da7ece6753c90ff93c10028,2021-05,Humberside Police,Humberside Police,-0.065873,53.572059,On or near Bedford Street,E01013139,North East Lincolnshire 002C,Public order,Court result unavailable,
c8a56043b363dcefce61576d908a0e6e449ea87761c7b0ac2327d122a5820dd4,2021-05,Humberside Police,Humberside Police,-0.071446,53.567411,On or near St Luke'S Court,E01013139,North East Lincolnshire 002C,Public order,Unable to prosecute suspect,
b33cc29fbd2ae684d3eba756b17575d4ca2bb635c7913c4601cb6454dddfb81b,2021-05,Humberside Police,Humberside Police,-0.066953,53.569559,On or near Guildford Street,E01013139,North East Lincolnshire 002C,Public order,Unable to prosecute suspect,
04a10c3c904dedd2609b75d35cf5c9f39fba4918f20419bc24aa6797a125c266,2021-05,Humberside Police,Humberside Police,-0.065221,53.569801,On or near Weelsby Street,E01013139,North East Lincolnshire 002C,Theft from the person,Unable to prosecute suspect,
e3c4db7fe918374d749c9f0fb1d8023a12f8f7ee75441d8fa106fee3e45272e8,2021-05,Humberside Police,Humberside Police,-0.065873,53.572059,On or near Bedford Street,E01013139,North East Lincolnshire 002C,Violence and sexual offences,Unable to prosecute suspect,
41ecc06f3e7e880fe5d6d2c37b9e6be549685504eb6564f5f028d299ff6608e9,2021-05,Humberside Police,Humberside Police,-0.072241,53.569177,On or near Bodiam Way,E01013139,North East Lincolnshire 002C,Violence and sexual offences,Unable to prosecute suspect,
8c54db3eaf60ae2ab5ff5034edcbeae9f77c256072b4d80dacf23922984621cf,2021-05,Humberside Police,Humberside Police,-0.066796,53.570024,On or near Cope Street,E01013139,North East Lincolnshire 002C,Violence and sexual offences,Unable to prosecute suspect,
0be886d5f76aa56091581e91f92407f9bec4b8b2995042f70bc6d135d6d049d1,2021-05,Humberside Police,Humberside Police,-0.069255,53.568761,On or near Willing Way,E01013139,North East Lincolnshire 002C,Violence and sexual offences,Action to be taken by another organisation,
cd6de64915137e7aa32f43a483f0a0f8f16ab3842d2b1ece129d38bde06cdddd,2021-05,Humberside Police,Humberside Police,-0.070244,53.570260,On or near Albion Street,E01013139,North East Lincolnshire 002C,Violence and sexual offences,Further investigation is not in the public interest,
85e3c9e318625861ce7db04c5925eee007f66aa0a4c04b7e2ceff84dc196c1c5,2021-05,Humberside Police,Humberside Police,-0.065873,53.572059,On or near Bedford Street,E01013139,North East Lincolnshire 002C,Violence and sexual offences,Court result unavailable,
3cb89194bdf3a09f0af98557826ba2d4333ee4e844c9dec1cc63a426ec8726fc,2021-05,Humberside Police,Humberside Police,-0.072241,53.569177,On or near Bodiam Way,E01013139,North East Lincolnshire 002C,Violence and sexual offences,Unable to prosecute suspect,
7347766d1e0ddd2d8cd3fc91ef8a7a2b121186176294520ddf81878b575b79fd,2021-05,Humberside Police,Humberside Police,-0.066953,53.569559,On or near Guildford Street,E01013139,North East Lincolnshire 002C,Violence and sexual offences,Unable to prosecute suspect,
3c9cf6ce547c9cb1fc1297d18d084224d816705a7192e3b416c58faf71eb8ed2,2021-05,Humberside Police,Humberside Police,-0.065873,53.572059,On or near Bedford Street,E01013139,North East Lincolnshire 002C,Violence and sexual offences,Court result unavailable,
e3102b83399e9467e83ada85835f20944bfd511bd1395b40d6035ed9a81cf706,2021-05,Humberside Police,Humberside Police,-0.069255,53.568761,On or near Willing Way,E01013139,North East Lincolnshire 002C,Violence and sexual offences,Unable to prosecute suspect,
aa16f2d524e3247966b884b0e13f04b05c815cf89a57a55410669cb8b051db33,2021-05,Humberside Police,Humberside Police,-0.067922,53.569836,On or near Victor Street,E01013139,North East Lincolnshire 002C,Violence and sexual offences,Investigation complete; no suspect identified,
ec78c251d81fc5d9b1221330e4219118113d7ddeb8fcbafc270d5d57d1ab3c11,2021-05,Humberside Police,Humberside Police,-0.069255,53.568761,On or near Willing Way,E01013139,North East Lincolnshire 002C,Violence and sexual offences,Unable to prosecute suspect,
d9f7a2ff87b5e7391e4b9a2ca6f7556eb3b106198e415d610c62e81f2f0400c4,2021-05,Humberside Police,Humberside Police,-0.072241,53.569177,On or near Bodiam Way,E01013139,North East Lincolnshire 002C,Violence and sexual offences,Unable to prosecute suspect,
317337a6a08879bbeb0577a313926ac1a188b0729d3fc1c8e079ad14b83459c7,2021-05,Humberside Police,Humberside Police,-0.065221,53.569801,On or near Weelsby Street,E01013139,North East Lincolnshire 002C,Violence and sexual offences,Unable to prosecute suspect,
d728cf37db0eafa06a29bdcdd0fbc94da8eec57ab2dbd4ca1d924aa8761715d2,2021-05,Humberside Police,Humberside Police,-0.066796,53.570024,On or near Cope Street,E01013139,North East Lincolnshire 002C,Violence and sexual offences,Unable to prosecute suspect,
27676fa84791c01c6718a0e5b71aac51665a12573218a1a99992dfacf216f0e3,2021-05,Humberside Police,Humberside Police,-0.065873,53.572059,On or near Bedford Street,E01013139,North East Lincolnshire 002C,Violence and sexual offences,Unable to prosecute suspect,
701b6a7596a7341d291aeb1845fd2f7bc80ec97419d1c12235e0e80cb9ad3b4c,2021-05,Humberside Police,Humberside Police,-0.072241,53.569177,On or near Bodiam Way,E01013139,North East Lincolnshire 002C,Violence and sexual offences,Unable to prosecute suspect,
f2bbb0de18a1d395b1373c98ea54efe1a5468f633c2acd4aa034c66d569fc537,2021-05,Humberside Police,Humberside Police,-0.065873,53.572059,On or near Bedford Street,E01013139,North East Lincolnshire 002C,Violence and sexual offences,Investigation complete; no suspect identified,
3194b44749b32267979324de009d4f456c392ab816f4745829522b2b647e751e,2021-05,Humberside Police,Humberside Police,-0.066796,53.570024,On or near Cope Street,E01013139,North East Lincolnshire 002C,Violence and sexual offences,Unable to prosecute suspect,
4b5ec3deac62fb41a910c5bad53f6d8db79ad2f2347fcaef1300bc9a3cab02cc,2021-05,Humberside Police,Humberside Police,-0.065873,53.572059,On or near Bedford Street,E01013139,North East Lincolnshire 002C,Violence and sexual offences,Unable to prosecute suspect,
31e6e359ed4011a966f217be4246a8b7bd3fd51bf775118ed75a36079a549a7d,2021-05,Humberside Police,Humberside Police,-0.065873,53.572059,On or near Bedford Street,E01013139,North East Lincolnshire 002C,Violence and sexual offences,Unable to prosecute suspect,
4aa106299d800233e7597a9ab646038bd82d4d662f5bf05f1fd194ebd0138343,2021-05,Humberside Police,Humberside Police,-0.065221,53.569801,On or near Weelsby Street,E01013139,North East Lincolnshire 002C,Violence and sexual offences,Unable to prosecute suspect,
0b5b94786217486cece327bb95b3470296e51aac90f9b10b39163eb1e3488dea,2021-05,Humberside Police,Humberside Police,-0.066796,53.570024,On or near Cope Street,E01013139,North East Lincolnshire 002C,Violence and sexual offences,Unable to prosecute suspect,
5ff0905d00d6ae1acc28dae60bf3cf3745891220bb063da562fafdec7b5256b2,2021-05,Humberside Police,Humberside Police,-0.065873,53.572059,On or near Bedford Street,E01013139,North East Lincolnshire 002C,Violence and sexual offences,Unable to prosecute suspect,
3709ee0725c7741736fbc90886ebeabc7d42d05cce8f857f15d376b8b58e9cfd,2021-05,Humberside Police,Humberside Police,-0.065873,53.572059,On or near Bedford Street,E01013139,North East Lincolnshire 002C,Violence and sexual offences,Unable to prosecute suspect,
7eaf5b74b65fd4c8735f69ba0841ab73b15c7fc323bff2322e70389cf1aded8e,2021-05,Humberside Police,Humberside Police,-0.065873,53.572059,On or near Bedford Street,E01013139,North East Lincolnshire 002C,Violence and sexual offences,Unable to prosecute suspect,
af1ba4d834713533132a120448f77fe9005d522a84e24291d5a554a71dc741cd,2021-05,Humberside Police,Humberside Police,-0.066953,53.569559,On or near Guildford Street,E01013139,North East Lincolnshire 002C,Other crime,Unable to prosecute suspect,
588c236f16fcfe35dae6a81e55d75a68bd39bf67ae0ea47c5000f6cfe6caea8f,2021-05,Humberside Police,Humberside Police,-0.072241,53.569177,On or near Bodiam Way,E01013139,North East Lincolnshire 002C,Other crime,Unable to prosecute suspect,
69fb145081f96c0bdf1c92d12ea091e5a894617095dae486b98ca8f2a9f5e0c3,2021-05,Humberside Police,Humberside Police,-0.066953,53.569559,On or near Guildford Street,E01013139,North East Lincolnshire 002C,Other crime,Investigation complete; no suspect identified,
6aed318325318f60e7e0c16225e6f9d1e3cf926d6a54964ef98d6d5a295416dc,2021-05,Humberside Police,Humberside Police,-0.065873,53.572059,On or near Bedford Street,E01013139,North East Lincolnshire 002C,Other crime,Unable to prosecute suspect,
,2021-05,Humberside Police,Humberside Police,-0.070021,53.565195,On or near Wragby Street,E01013142,North East Lincolnshire 002D,Anti-social behaviour,,
,2021-05,Humberside Police,Humberside Police,-0.071387,53.565720,On or near Churchill Way,E01013142,North East Lincolnshire 002D,Anti-social behaviour,,
,2021-05,Humberside Police,Humberside Police,-0.069852,53.565606,On or near Cavendish Way,E01013142,North East Lincolnshire 002D,Anti-social behaviour,,
,2021-05,Humberside Police,Humberside Police,-0.066488,53.563861,On or near Weelsby Street South,E01013142,North East Lincolnshire 002D,Anti-social behaviour,,
,2021-05,Humberside Police,Humberside Police,-0.074997,53.565356,On or near Pasture Street,E01013142,North East Lincolnshire 002D,Anti-social behaviour,,
04896aaa5723542186d5e2cbeb2d41aa768f3d2750a7ccf5ec289aa9c257f5f0,2021-05,Humberside Police,Humberside Police,-0.076203,53.566077,On or near Willingham Street,E01013142,North East Lincolnshire 002D,Bicycle theft,Investigation complete; no suspect identified,
fc4d2d9d72cac006d50fa76472bbbd3b84b5eaa47ca583a80df055f15cabe87e,2021-05,Humberside Police,Humberside Police,-0.067060,53.564230,On or near Julian Street,E01013142,North East Lincolnshire 002D,Criminal damage and arson,Unable to prosecute suspect,
d1bde4f3149e285776aef159a31fe82aac21e5a27ba6d363d5c37fe5723f08c4,2021-05,Humberside Police,Humberside Police,-0.067060,53.564230,On or near Julian Street,E01013142,North East Lincolnshire 002D,Criminal damage and arson,Unable to prosecute suspect,
bf5776c0aabc07deb0b2c8ddf9aa1406e7016893119695d77cc7dbad7a0402a6,2021-05,Humberside Police,Humberside Police,-0.074997,53.565356,On or near Pasture Street,E01013142,North East Lincolnshire 002D,Criminal damage and arson,Unable to prosecute suspect,
f670d8ae873fdc976d3544163af34a99218b1e4defab2eb2e44de079db827849,2021-05,Humberside Police,Humberside Police,-0.068400,53.567308,On or near Hendron Mews,E01013142,North East Lincolnshire 002D,Other theft,Unable to prosecute suspect,
d54f5f92d0bf04ccb6a89e6781b967d48941b40fae8dfd148742d3e45a4c3621,2021-05,Humberside Police,Humberside Police,-0.068400,53.567308,On or near Hendron Mews,E01013142,North East Lincolnshire 002D,Other theft,Unable to prosecute suspect,
8884462494630e7cb272b4783b1679f380303d9b5c4c8ee5049bc531c6acf37e,2021-05,Humberside Police,Humberside Police,-0.067760,53.567109,On or near Ross Mews,E01013142,North East Lincolnshire 002D,Public order,Unable to prosecute suspect,
8401302741701bfc966a508ff847fd352bf11f14e19d649f1b7e1d7890aaf3b2,2021-05,Humberside Police,Humberside Police,-0.075047,53.566256,On or near Hainton Avenue,E01013142,North East Lincolnshire 002D,Public order,Unable to prosecute suspect,
b9ec1b247ab749d6b85ee10a1c3694c1d72de3325da8c16fbe187ce5008aced0,2021-05,Humberside Police,Humberside Police,-0.068400,53.567308,On or near Hendron Mews,E01013142,North East Lincolnshire 002D,Public order,Unable to prosecute suspect,
e848924bf93039c22bdcc7860b381e040d87ff15d82cf68bd87ee3878a1935fb,2021-05,Humberside Police,Humberside Police,-0.067584,53.564994,On or near Buller Street,E01013142,North East Lincolnshire 002D,Public order,Unable to prosecute suspect,
35989fbe4ceaca66288a5a239b939592b9bbf7fb211a506e59902e5d029cc7e6,2021-05,Humberside Police,Humberside Police,-0.074997,53.565356,On or near Pasture Street,E01013142,North East Lincolnshire 002D,Public order,Formal action is not in the public interest,
2bafd4a3f02559862d90370ead3d50cba16772171244b67cab264617ee73d94f,2021-05,Humberside Police,Humberside Police,-0.068400,53.567308,On or near Hendron Mews,E01013142,North East Lincolnshire 002D,Robbery,Unable to prosecute suspect,
0094eb64fbe0c9c43a09c7f855ccfaf406ad3ddb14612159cb0e05d5079bb98f,2021-05,Humberside Police,Humberside Police,-0.075830,53.566646,On or near Bradley Street,E01013142,North East Lincolnshire 002D,Robbery,Unable to prosecute suspect,
ee5bef6317049f1b89c08c8cbd9878d21623cc67f2ac0f81e2ab92f98ed0e6fe,2021-05,Humberside Police,Humberside Police,-0.074049,53.568280,On or near Shopping Area,E01013142,North East Lincolnshire 002D,Shoplifting,Court result unavailable,
37faf844a4b4090d66a048b4fab69f6a1c88c023700a3ced1f4e0c741429fab0,2021-05,Humberside Police,Humberside Police,-0.074049,53.568280,On or near Shopping Area,E01013142,North East Lincolnshire 002D,Shoplifting,Unable to prosecute suspect,
2e400e550c09b0d98c190c76a93690f779062887befa7c5c444819c65f5d863f,2021-05,Humberside Police,Humberside Police,-0.075830,53.566646,On or near Bradley Street,E01013142,North East Lincolnshire 002D,Violence and sexual offences,Investigation complete; no suspect identified,
03deb96548d5b2ea135db500317bbd219799dc9b1aacec732bbfdc27ffea0f67,2021-05,Humberside Police,Humberside Police,-0.067760,53.567109,On or near Ross Mews,E01013142,North East Lincolnshire 002D,Violence and sexual offences,Unable to prosecute suspect,
d8fb8fbaf508b218fc1ba5f005f37e6305e97e0b9032627154c1cc965e71faf0,2021-05,Humberside Police,Humberside Police,-0.068400,53.567308,On or near Hendron Mews,E01013142,North East Lincolnshire 002D,Violence and sexual offences,Court result unavailable,
cb6b19d890cb771a213c5c3b5c5d0b811e06ddf98c76fea60841058677d4158a,2021-05,Humberside Police,Humberside Police,-0.072514,53.566835,On or near Heneage Road,E01013142,North East Lincolnshire 002D,Violence and sexual offences,Investigation complete; no suspect identified,
77a9c8cc1d9df36c5d3358309df4dd0ccb0d372b2fa8acbcd39f01bdee8e7aba,2021-05,Humberside Police,Humberside Police,-0.075830,53.566646,On or near Bradley Street,E01013142,North East Lincolnshire 002D,Violence and sexual offences,Unable to prosecute suspect,
be061a825a5d4b5fc02f08d2fa635202c1e96822764b339df9da9eeaa5a32789,2021-05,Humberside Police,Humberside Police,-0.067060,53.564230,On or near Julian Street,E01013142,North East Lincolnshire 002D,Violence and sexual offences,Investigation complete; no suspect identified,
84a3d8e53dee12755b0ef1c5db3f606213d5747b73ecf0a1c57f6fcd03b8cfd7,2021-05,Humberside Police,Humberside Police,-0.074049,53.568280,On or near Shopping Area,E01013142,North East Lincolnshire 002D,Violence and sexual offences,Unable to prosecute suspect,
e4370f13756e9eca08e9d3c8b38094a2844f1aa5a85d267a25ec7e1229389564,2021-05,Humberside Police,Humberside Police,-0.068642,53.566971,On or near Heritage Mews,E01013142,North East Lincolnshire 002D,Violence and sexual offences,Unable to prosecute suspect,
8c78f4e5bb8fa7868b2b4d522842d893e31c94069d2a46deaa11871da1365431,2021-05,Humberside Police,Humberside Police,-0.075047,53.566256,On or near Hainton Avenue,E01013142,North East Lincolnshire 002D,Violence and sexual offences,Unable to prosecute suspect,
b7cbc1f24ec92e71e5f5907baef6d04997bc65fe5bb5f394b51e6b99875df3e1,2021-05,Humberside Police,Humberside Police,-0.071387,53.565720,On or near Churchill Way,E01013142,North East Lincolnshire 002D,Violence and sexual offences,Further action is not in the public interest,
f8d2a86e601c41810b9f3b6b22728d675806ca13842645c8e37544a35e41ab81,2021-05,Humberside Police,Humberside Police,-0.067760,53.567109,On or near Ross Mews,E01013142,North East Lincolnshire 002D,Violence and sexual offences,Unable to prosecute suspect,
99a2706a5caa73e039d4a8c9d7b2fb0ceb992510d1568d3b0d8ee0cdbd140119,2021-05,Humberside Police,Humberside Police,-0.067584,53.564994,On or near Buller Street,E01013142,North East Lincolnshire 002D,Violence and sexual offences,Unable to prosecute suspect,
f4343de5efc3d93c579c2f068c7bf82071d497785668b1ec01fe25eff9314f5e,2021-05,Humberside Police,Humberside Police,-0.066488,53.563861,On or near Weelsby Street South,E01013142,North East Lincolnshire 002D,Violence and sexual offences,Unable to prosecute suspect,
55c6ef1cbdaab8a150177997a0e51de102751ded7041740c29e820c0eefc70c3,2021-05,Humberside Police,Humberside Police,-0.068400,53.567308,On or near Hendron Mews,E01013142,North East Lincolnshire 002D,Violence and sexual offences,Unable to prosecute suspect,
1ab79d3dc0c20ee5b81dd18b871e00a06a4ae2b810afbf7b95cf3b31da20e99d,2021-05,Humberside Police,Humberside Police,-0.067584,53.564994,On or near Buller Street,E01013142,North East Lincolnshire 002D,Violence and sexual offences,Unable to prosecute suspect,
d22ba6ff8b47cb44ebd76e931a6405f2af524f6cb4fd07ec0eb0085407643ea5,2021-05,Humberside Police,Humberside Police,-0.068400,53.567308,On or near Hendron Mews,E01013142,North East Lincolnshire 002D,Violence and sexual offences,Investigation complete; no suspect identified,
c753d7dc5802270533ea19ee1703e28bfa4ef01495486253139a4f4e221709ea,2021-05,Humberside Police,Humberside Police,-0.068642,53.566971,On or near Heritage Mews,E01013142,North East Lincolnshire 002D,Other crime,Court result unavailable,
d339af9b6034d707d4a6e04ffbc367394fec271590e876235003000c7391d44c,2021-05,Humberside Police,Humberside Police,-0.075830,53.566646,On or near Bradley Street,E01013142,North East Lincolnshire 002D,Other crime,Unable to prosecute suspect,
,2021-05,Humberside Police,Humberside Police,-0.100430,53.573728,On or near Elsenham Road,E01013218,North East Lincolnshire 003A,Anti-social behaviour,,
78db255793fea35b53309397dac2eaef0f77128998d320fbf495f5c0e2c79287,2021-05,Humberside Police,Humberside Police,-0.098866,53.571887,On or near Sandford Street,E01013218,North East Lincolnshire 003A,Bicycle theft,Unable to prosecute suspect,
e6c376c9e1b779251eb18c14ad07fc843fc2d722613098dcf9dd692da151438a,2021-05,Humberside Police,Humberside Police,-0.097273,53.573381,On or near Pyewipe Road,E01013218,North East Lincolnshire 003A,Burglary,Unable to prosecute suspect,
ea5f9086b34e6fff14e359c4661c85bc23b5c8e1752839f62bdef29c8b2d5e8a,2021-05,Humberside Police,Humberside Police,-0.099083,53.575459,On or near Birchin Way,E01013218,North East Lincolnshire 003A,Criminal damage and arson,Court result unavailable,
6c749037c344abce8ba8bdefe88da045d34cdf1e0c9b5ac43824e88752ca6450,2021-05,Humberside Police,Humberside Police,-0.094869,53.572776,On or near Armstrong Place West,E01013218,North East Lincolnshire 003A,Criminal damage and arson,Investigation complete; no suspect identified,
91b81447fa2717a85a87e2d0e90fa64f15f611e255702eed2219c93e5189d230,2021-05,Humberside Police,Humberside Police,-0.102623,53.572648,On or near New Haven Terrace,E01013218,North East Lincolnshire 003A,Criminal damage and arson,Investigation complete; no suspect identified,
efabd080d265856e64b5408e7d50ac6cffabfb76846f4f690ad92c0b34a2d667,2021-05,Humberside Police,Humberside Police,-0.097273,53.573381,On or near Pyewipe Road,E01013218,North East Lincolnshire 003A,Criminal damage and arson,Investigation complete; no suspect identified,
99bf15bfad671a73496437d09093b30b49216bcad461bad3fbfe039067c6e34a,2021-05,Humberside Police,Humberside Police,-0.100430,53.573728,On or near Elsenham Road,E01013218,North East Lincolnshire 003A,Criminal damage and arson,Investigation complete; no suspect identified,
0629d365def792d950a8d0f7e258b58db2db20deb66da7c9ef4752000ea1bdf6,2021-05,Humberside Police,Humberside Police,-0.099083,53.575459,On or near Birchin Way,E01013218,North East Lincolnshire 003A,Criminal damage and arson,Court result unavailable,
9a2dd8d8a24b584fd4ad451ccae7b5bab72422c4968b46960125d8d04ce39ec8,2021-05,Humberside Police,Humberside Police,-0.099083,53.575459,On or near Birchin Way,E01013218,North East Lincolnshire 003A,Drugs,Offender given a caution,
88305c7d5f27809d544c23630847d4c124fcdf95b06318e593c1c8fce3911544,2021-05,Humberside Police,Humberside Police,-0.099083,53.575459,On or near Birchin Way,E01013218,North East Lincolnshire 003A,Drugs,Court result unavailable,
a0d6f0bc72ccef39547277fb5ce397f0d46a124952e33cbfdbc019e248b6d75d,2021-05,Humberside Police,Humberside Police,-0.099083,53.575459,On or near Birchin Way,E01013218,North East Lincolnshire 003A,Drugs,Unable to prosecute suspect,
7dee251239924bb65a178e9b07938f247794b9ab89d6ed0fcff490224c4f290d,2021-05,Humberside Police,Humberside Police,-0.100430,53.573728,On or near Elsenham Road,E01013218,North East Lincolnshire 003A,Other theft,Investigation complete; no suspect identified,
9d08e88dc41f175ca489a1fb19dcd8e7a7e59e7c48a1d1297d09b24071ce31d0,2021-05,Humberside Police,Humberside Police,-0.097273,53.573381,On or near Pyewipe Road,E01013218,North East Lincolnshire 003A,Public order,Investigation complete; no suspect identified,
bb33c2e7e2b06df7d7645abac54e8ee4c77644b76d67d2794b789701b0d6dd00,2021-05,Humberside Police,Humberside Police,-0.107377,53.574746,On or near Haven Gardens,E01013218,North East Lincolnshire 003A,Public order,Unable to prosecute suspect,
0cb5c3345ab6760e01c472268393208817e47666efb43907eb989a7f6f19a571,2021-05,Humberside Police,Humberside Police,-0.099083,53.575459,On or near Birchin Way,E01013218,North East Lincolnshire 003A,Public order,Investigation complete; no suspect identified,
c5889cb5d13479a4cf6af22b262ba4e4c5fe5f49eb4d6d325f54b5f92ca5fa40,2021-05,Humberside Police,Humberside Police,-0.106210,53.574161,On or near Bridge Gardens,E01013218,North East Lincolnshire 003A,Violence and sexual offences,Unable to prosecute suspect,
04a810682e5e0d95708f22703d722299e01b526213fff5c2948053cfd191050c,2021-05,Humberside Police,Humberside Police,-0.099083,53.575459,On or near Birchin Way,E01013218,North East Lincolnshire 003A,Violence and sexual offences,Court result unavailable,
4cd018a89002a986a66c7a0623af6fadbc48074cf06c9e8dcd2f104312c81fd4,2021-05,Humberside Police,Humberside Police,-0.099083,53.575459,On or near Birchin Way,E01013218,North East Lincolnshire 003A,Violence and sexual offences,Court result unavailable,
334529b150e2b0d83b665ec95c246c6f13969bf656348062055feda0ef145fa2,2021-05,Humberside Police,Humberside Police,-0.104010,53.573712,On or near Cleveland Street,E01013218,North East Lincolnshire 003A,Violence and sexual offences,Unable to prosecute suspect,
6b4a8cc3e2b91d4ee12e886793d9a5674029c5a43b404fa1ab690a99ae59c502,2021-05,Humberside Police,Humberside Police,-0.099083,53.575459,On or near Birchin Way,E01013218,North East Lincolnshire 003A,Violence and sexual offences,Unable to prosecute suspect,
83b9696ac30d53cd30ada9a3a58d9e63b2a3f8cb7900cf4ebf1cc9d6e9f66a2b,2021-05,Humberside Police,Humberside Police,-0.101116,53.573244,On or near Stortford Street,E01013218,North East Lincolnshire 003A,Violence and sexual offences,Unable to prosecute suspect,
58b497f4497f432580fe80646c4e091e320f1812782a886442f7d6d8985046f8,2021-05,Humberside Police,Humberside Police,-0.099083,53.575459,On or near Birchin Way,E01013218,North East Lincolnshire 003A,Violence and sexual offences,Court result unavailable,
2ebf2d1d843e009a4b3afa6d23549d0f9e78ffc26889c6a5102a28f574a95bea,2021-05,Humberside Police,Humberside Police,-0.099083,53.575459,On or near Birchin Way,E01013218,North East Lincolnshire 003A,Violence and sexual offences,Court result unavailable,
a2aa4d10fcc614dfed1b8a08d2c8e0f5c6de0a45543aa0fc79bd73f64b20b3dc,2021-05,Humberside Police,Humberside Police,-0.102492,53.574542,On or near Clayden Street,E01013218,North East Lincolnshire 003A,Violence and sexual offences,Court result unavailable,
f273bb5bbd07b9cc797984d9f31e316a39f48306d4858b08184bca0550157c92,2021-05,Humberside Police,Humberside Police,-0.102492,53.574542,On or near Clayden Street,E01013218,North East Lincolnshire 003A,Violence and sexual offences,Local resolution,
0278d5920011191350ec48e29ac77a64dcc80aa511b9268a4e61f2d91ea31940,2021-05,Humberside Police,Humberside Police,-0.102623,53.572648,On or near New Haven Terrace,E01013218,North East Lincolnshire 003A,Violence and sexual offences,Unable to prosecute suspect,
4d9df169e46cc511c33c7854c5914b54a20e635eb5b404e9fe2d2b1183639e6a,2021-05,Humberside Police,Humberside Police,-0.102623,53.572648,On or near New Haven Terrace,E01013218,North East Lincolnshire 003A,Violence and sexual offences,Further action is not in the public interest,
,2021-05,Humberside Police,Humberside Police,-0.099107,53.568187,On or near Lister Street,E01013219,North East Lincolnshire 003B,Anti-social behaviour,,
,2021-05,Humberside Police,Humberside Police,-0.099107,53.568187,On or near Lister Street,E01013219,North East Lincolnshire 003B,Anti-social behaviour,,
,2021-05,Humberside Police,Humberside Police,-0.097006,53.568900,On or near Henry Street,E01013219,North East Lincolnshire 003B,Anti-social behaviour,,
d52d3cfd8184687f51f902fe1cd8a2e02370a7067e11655a1f9526fcc4d1d624,2021-05,Humberside Police,Humberside Police,-0.098513,53.567305,On or near Macaulay Street,E01013219,North East Lincolnshire 003B,Burglary,Unable to prosecute suspect,
ce4a444c5dda977036cb6ae89c589b598e61962d61d9fb1ca188c1018e446c07,2021-05,Humberside Police,Humberside Police,-0.100613,53.567276,On or near Lancaster Avenue,E01013219,North East Lincolnshire 003B,Criminal damage and arson,Unable to prosecute suspect,
eb4f45adb08534f3369a5f18c1b6ce358d9fa65bbc0c086f560bb088c687bed6,2021-05,Humberside Police,Humberside Police,-0.100613,53.567276,On or near Lancaster Avenue,E01013219,North East Lincolnshire 003B,Criminal damage and arson,Unable to prosecute suspect,
2a753fbb0c06e67e9fbc5b8ab25ba26be6c6057525f07cd17b351199eae82265,2021-05,Humberside Police,Humberside Police,-0.098513,53.567305,On or near Macaulay Street,E01013219,North East Lincolnshire 003B,Other theft,Investigation complete; no suspect identified,
085d74dba5ad637a684f13f529e26a46a6e01498ab1683a474530c29f6a767b0,2021-05,Humberside Police,Humberside Police,-0.098513,53.567305,On or near Macaulay Street,E01013219,North East Lincolnshire 003B,Public order,Unable to prosecute suspect,
c542c7343640fc8f875c7b9cec383ab099805e22f63042b93a4b47acc52e1b90,2021-05,Humberside Police,Humberside Police,-0.097643,53.569179,On or near James Street,E01013219,North East Lincolnshire 003B,Public order,Unable to prosecute suspect,
2ffbb6638dbfc42dd900a1f98794429273741bccaabee118b918e39683305f57,2021-05,Humberside Police,Humberside Police,-0.097643,53.569179,On or near James Street,E01013219,North East Lincolnshire 003B,Vehicle crime,Awaiting court outcome,
f8ce9e69f7a371d89430732a9582c4ffeba1a1fba706d0e61b840fd74d832f36,2021-05,Humberside Police,Humberside Police,-0.098392,53.566629,On or near Newby Road,E01013219,North East Lincolnshire 003B,Vehicle crime,Investigation complete; no suspect identified,
502b7422cff96e00231e7cb3543b7512e3a5ad7834a05b2cbc5b1de28ec22f6c,2021-05,Humberside Police,Humberside Police,-0.099809,53.567011,On or near Lawson Avenue,E01013219,North East Lincolnshire 003B,Violence and sexual offences,Unable to prosecute suspect,
3d3628c06cc216a4433c9f3ccd842b4c38b5f18503d57f37a807338a066487de,2021-05,Humberside Police,Humberside Police,-0.100613,53.567276,On or near Lancaster Avenue,E01013219,North East Lincolnshire 003B,Violence and sexual offences,Offender given a caution,
d07c369d91097d22aa6e9ba490032ef93aca5aa3db723da2684afbefdb48b1c3,2021-05,Humberside Police,Humberside Police,-0.096306,53.568691,On or near Arthur Street,E01013219,North East Lincolnshire 003B,Violence and sexual offences,Unable to prosecute suspect,
a5352912bc671bccf8170b3c00fc33205ba7eebdd770f6dd69b46dc1b56685fe,2021-05,Humberside Police,Humberside Police,-0.097643,53.569179,On or near James Street,E01013219,North East Lincolnshire 003B,Violence and sexual offences,Unable to prosecute suspect,
5b711d7fe3cbe81d532b0734a349443fa5ac1d80108c6427fdb2a60547ebd7ed,2021-05,Humberside Police,Humberside Police,-0.098513,53.567305,On or near Macaulay Street,E01013219,North East Lincolnshire 003B,Violence and sexual offences,Unable to prosecute suspect,
1356094b0417b483adb34f66d9a7f3db3f266db1969257a7302f997a2aff089a,2021-05,Humberside Police,Humberside Police,-0.098513,53.567305,On or near Macaulay Street,E01013219,North East Lincolnshire 003B,Violence and sexual offences,Unable to prosecute suspect,
ea54625c89fac305ef120cb1623790e60b40c1e0b2b6078e8fcf1047307ecaaf,2021-05,Humberside Police,Humberside Police,-0.100613,53.567276,On or near Lancaster Avenue,E01013219,North East Lincolnshire 003B,Violence and sexual offences,Unable to prosecute suspect,
f32cb75676c2308d426a37b7c63d9b6f96694c162ef74a6864992c6089e67cb3,2021-05,Humberside Police,Humberside Police,-0.099107,53.568187,On or near Lister Street,E01013219,North East Lincolnshire 003B,Other crime,Court result unavailable,
b5cedbd6795b8d0a37b38fc581dfce3feedb7141ae35d887a3853acc22c27263,2021-05,Humberside Police,Humberside Police,-0.098513,53.567305,On or near Macaulay Street,E01013219,North East Lincolnshire 003B,Other crime,Unable to prosecute suspect,
121058f1e7c06207bde68286702639a7164e9826630cdcaa39c81cc9aac51927,2021-05,Humberside Police,Humberside Police,-0.097741,53.571375,On or near Mill Avenue,E01013220,North East Lincolnshire 003C,Criminal damage and arson,Investigation complete; no suspect identified,
6244997add52cd101a42381af2cab87286a91636049ebb0fd9272bee08a009f6,2021-05,Humberside Police,Humberside Police,-0.090384,53.568740,On or near Yarborough Drive,E01013220,North East Lincolnshire 003C,Criminal damage and arson,Investigation complete; no suspect identified,
c3742d2b34e51f7ef7a92a5a00b123825ee2963801fcd6727df700a6360df3d6,2021-05,Humberside Police,Humberside Police,-0.092378,53.571073,On or near Ayscough Street,E01013220,North East Lincolnshire 003C,Criminal damage and arson,Unable to prosecute suspect,
a2af15300cecb4c3a535319302117f852244df2eac44d6f53fe6237dcf1ef720,2021-05,Humberside Police,Humberside Police,-0.092852,53.568932,On or near Humber Terrace,E01013220,North East Lincolnshire 003C,Drugs,Court result unavailable,
9c15b199bf14f40428377dbaf1b4632649c3860db819771944d676d907dd8e21,2021-05,Humberside Police,Humberside Police,-0.092378,53.571073,On or near Ayscough Street,E01013220,North East Lincolnshire 003C,Other theft,Unable to prosecute suspect,
ce060a3fc2ebe4e09d06c694b00ad4c2fc2607b6cef6816f3e845c47756ba17b,2021-05,Humberside Police,Humberside Police,-0.099968,53.570205,On or near Salamander Close,E01013220,North East Lincolnshire 003C,Possession of weapons,Unable to prosecute suspect,
52ea14cfd4d7d513eea5fa006ada5e420b3038788d541e8d2f81abd90a20a2fa,2021-05,Humberside Police,Humberside Police,-0.092392,53.568404,On or near Haven Terrace,E01013220,North East Lincolnshire 003C,Violence and sexual offences,Unable to prosecute suspect,
c90dcfb18de9867fefaf6d68454adf0d6122ca27d6b0546b61156f1d27059123,2021-05,Humberside Police,Humberside Police,-0.093458,53.568205,On or near Lime Street,E01013220,North East Lincolnshire 003C,Violence and sexual offences,Local resolution,
6e6aed4c3f75ad74c647d9433759ee99c7ee28d9063b1281b8bfaf2bcb1d87f4,2021-05,Humberside Police,Humberside Police,-0.093458,53.568205,On or near Lime Street,E01013220,North East Lincolnshire 003C,Violence and sexual offences,Unable to prosecute suspect,
31755d895d6440c17fecc0bef6828511a5b4a717aed9e74d6c8da8f21823c219,2021-05,Humberside Police,Humberside Police,-0.097741,53.571375,On or near Mill Avenue,E01013220,North East Lincolnshire 003C,Violence and sexual offences,Unable to prosecute suspect,
cd2a71793debcb626d0a18c4f0aee8ce36f58b2059c8bb5af807540f665c4f25,2021-05,Humberside Police,Humberside Police,-0.097741,53.571375,On or near Mill Avenue,E01013220,North East Lincolnshire 003C,Violence and sexual offences,Unable to prosecute suspect,
bf07959a9b5ae79ed801733253ccd833d73d4c187df766568971213786cf158b,2021-05,Humberside Police,Humberside Police,-0.091153,53.570101,On or near Oliver Court,E01013220,North East Lincolnshire 003C,Violence and sexual offences,Unable to prosecute suspect,
,2021-05,Humberside Police,Humberside Police,-0.093934,53.564670,On or near Littlefield Lane,E01013221,North East Lincolnshire 003D,Anti-social behaviour,,
,2021-05,Humberside Police,Humberside Police,-0.094808,53.567417,On or near Bemrose Way,E01013221,North East Lincolnshire 003D,Anti-social behaviour,,
,2021-05,Humberside Police,Humberside Police,-0.082357,53.566229,On or near Dial Square,E01013221,North East Lincolnshire 003D,Anti-social behaviour,,
,2021-05,Humberside Police,Humberside Police,-0.087847,53.564052,On or near Bethlehem Street,E01013221,North East Lincolnshire 003D,Anti-social behaviour,,
,2021-05,Humberside Police,Humberside Police,-0.088873,53.565057,On or near Parking Area,E01013221,North East Lincolnshire 003D,Anti-social behaviour,,
,2021-05,Humberside Police,Humberside Police,-0.088873,53.565057,On or near Parking Area,E01013221,North East Lincolnshire 003D,Anti-social behaviour,,
,2021-05,Humberside Police,Humberside Police,-0.087847,53.564052,On or near Bethlehem Street,E01013221,North East Lincolnshire 003D,Anti-social behaviour,,
,2021-05,Humberside Police,Humberside Police,-0.080734,53.568073,On or near Parking Area,E01013221,North East Lincolnshire 003D,Anti-social behaviour,,
,2021-05,Humberside Police,Humberside Police,-0.082344,53.565528,On or near Town Hall Street,E01013221,North East Lincolnshire 003D,Anti-social behaviour,,
,2021-05,Humberside Police,Humberside Police,-0.082344,53.565528,On or near Town Hall Street,E01013221,North East Lincolnshire 003D,Anti-social behaviour,,
,2021-05,Humberside Police,Humberside Police,-0.087847,53.564052,On or near Bethlehem Street,E01013221,North East Lincolnshire 003D,Anti-social behaviour,,
,2021-05,Humberside Police,Humberside Police,-0.087847,53.564052,On or near Bethlehem Street,E01013221,North East Lincolnshire 003D,Anti-social behaviour,,
,2021-05,Humberside Police,Humberside Police,-0.088873,53.565057,On or near Parking Area,E01013221,North East Lincolnshire 003D,Anti-social behaviour,,
,2021-05,Humberside Police,Humberside Police,-0.086189,53.564313,On or near Supermarket,E01013221,North East Lincolnshire 003D,Anti-social behaviour,,
,2021-05,Humberside Police,Humberside Police,-0.094808,53.567417,On or near Bemrose Way,E01013221,North East Lincolnshire 003D,Anti-social behaviour,,
,2021-05,Humberside Police,Humberside Police,-0.078919,53.573789,On or near Lower Spring Street,E01013221,North East Lincolnshire 003D,Anti-social behaviour,,
,2021-05,Humberside Police,Humberside Police,-0.087847,53.564052,On or near Bethlehem Street,E01013221,North East Lincolnshire 003D,Anti-social behaviour,,
,2021-05,Humberside Police,Humberside Police,-0.085443,53.565784,On or near Shopping Area,E01013221,North East Lincolnshire 003D,Anti-social behaviour,,
,2021-05,Humberside Police,Humberside Police,-0.088873,53.565057,On or near Parking Area,E01013221,North East Lincolnshire 003D,Anti-social behaviour,,
,2021-05,Humberside Police,Humberside Police,-0.094808,53.567417,On or near Bemrose Way,E01013221,North East Lincolnshire 003D,Anti-social behaviour,,
,2021-05,Humberside Police,Humberside Police,-0.088002,53.565286,On or near Shopping Area,E01013221,North East Lincolnshire 003D,Anti-social behaviour,,
f664e0cc759760aae3224f6761bbbb2aed5ef9d9dfab660d6ec61b36a0efe46d,2021-05,Humberside Police,Humberside Police,-0.080945,53.566737,On or near Parking Area,E01013221,North East Lincolnshire 003D,Bicycle theft,Investigation complete; no suspect identified,
00a062df36b106a139db6eda0c803193256a9b68fb0e3973e451d18954106207,2021-05,Humberside Police,Humberside Police,-0.087847,53.564052,On or near Bethlehem Street,E01013221,North East Lincolnshire 003D,Bicycle theft,Investigation complete; no suspect identified,
f70d4c49671a5f42c2243887f0b6eb32d396f8611dd28b1fc8686e4b287cd828,2021-05,Humberside Police,Humberside Police,-0.085719,53.565025,On or near East St Mary'S Gate,E01013221,North East Lincolnshire 003D,Bicycle theft,Investigation complete; no suspect identified,
fd20a572f2e83a142697fd90b84c4decb60a2df3cc166b344aaa9bd2372aba03,2021-05,Humberside Police,Humberside Police,-0.083874,53.565427,On or near George Street,E01013221,North East Lincolnshire 003D,Bicycle theft,Investigation complete; no suspect identified,
fd6739697c39be04577822b3355525dc9908c1dedbbec032a3e5c14e443143ee,2021-05,Humberside Police,Humberside Police,-0.085719,53.565025,On or near East St Mary'S Gate,E01013221,North East Lincolnshire 003D,Bicycle theft,Investigation complete; no suspect identified,
719503eb6a1560358dca9bc287c28a479111fe0a92cac728a574eacced37367f,2021-05,Humberside Police,Humberside Police,-0.083874,53.565427,On or near George Street,E01013221,North East Lincolnshire 003D,Bicycle theft,Investigation complete; no suspect identified,
3b1059bc43cf77e2a38d0b37841fbc43e99e5f2806ff4aacab967243b06b56b4,2021-05,Humberside Police,Humberside Police,-0.082201,53.570695,On or near Corporation Bridge,E01013221,North East Lincolnshire 003D,Bicycle theft,Investigation complete; no suspect identified,
94c87e03306b511d4ef311766dfa182cd94c58f67628b490c2c401ce0d5c141a,2021-05,Humberside Police,Humberside Police,-0.083236,53.565488,On or near New Street,E01013221,North East Lincolnshire 003D,Bicycle theft,Investigation complete; no suspect identified,
da68cdedf32a9a6dd8083c3016ade04f8e1f1623c612e0ffeb569a0d52ea2bd2,2021-05,Humberside Police,Humberside Police,-0.090493,53.564984,On or near Parking Area,E01013221,North East Lincolnshire 003D,Bicycle theft,Investigation complete; no suspect identified,
baa646cf8400ba3cdb63b1301e7155e0d7bde2c124fbdca894ec39d0c3a5412f,2021-05,Humberside Police,Humberside Police,-0.088873,53.565057,On or near Parking Area,E01013221,North East Lincolnshire 003D,Burglary,Investigation complete; no suspect identified,
f77396ae6480b5d25cc8d9ff3a54d28d532771fc7031592989f5316ef628dfe7,2021-05,Humberside Police,Humberside Police,-0.093934,53.564670,On or near Littlefield Lane,E01013221,North East Lincolnshire 003D,Burglary,Investigation complete; no suspect identified,
a8d7aa09a8413f8996f021d7241d6170022c62e0b33ad3c616c29064028add71,2021-05,Humberside Police,Humberside Police,-0.095870,53.567308,On or near Haycroft Avenue,E01013221,North East Lincolnshire 003D,Criminal damage and arson,Local resolution,
379b0bf28c2f0540ef552a4bc38d8a8a1d9b608e5e5aacb197f458d96c004a73,2021-05,Humberside Police,Humberside Police,-0.087001,53.564713,On or near West St Mary'S Gate,E01013221,North East Lincolnshire 003D,Criminal damage and arson,Investigation complete; no suspect identified,
06088025d3f6905b7d1deb455c558349faac8a6bf13cb1f61b19cd641ae79328,2021-05,Humberside Police,Humberside Police,-0.088630,53.563426,On or near Wellowgate,E01013221,North East Lincolnshire 003D,Criminal damage and arson,Investigation complete; no suspect identified,
77d098d600054d09f9cbb44f90f6929bbafaee8e12901e75c0e0ab16e25e6e9b,2021-05,Humberside Police,Humberside Police,-0.087847,53.564052,On or near Bethlehem Street,E01013221,North East Lincolnshire 003D,Criminal damage and arson,Investigation complete; no suspect identified,
b19b871ff5b9d439eb608440c889515581883512dbdf3e6e8cebaedf197387a3,2021-05,Humberside Police,Humberside Police,-0.080734,53.568073,On or near Parking Area,E01013221,North East Lincolnshire 003D,Criminal damage and arson,Court result unavailable,
04261ab65d7800df753112aa1c82a6af1bbaf52069112c161593506ad60ed5ca,2021-05,Humberside Police,Humberside Police,-0.085161,53.566688,On or near Parking Area,E01013221,North East Lincolnshire 003D,Criminal damage and arson,Investigation complete; no suspect identified,
e004a3fa1dd79d3b3df9422869cd1854a22973a5c46c001f3817011070d7cede,2021-05,Humberside Police,Humberside Police,-0.085161,53.566688,On or near Parking Area,E01013221,North East Lincolnshire 003D,Criminal damage and arson,Unable to prosecute suspect,
0e7bc2e66d7a683e8570aa6e77ab5ebab45d33ef2e73f079e5720bbd780944fd,2021-05,Humberside Police,Humberside Police,-0.083874,53.565427,On or near George Street,E01013221,North East Lincolnshire 003D,Criminal damage and arson,Investigation complete; no suspect identified,
1fcad9df426c239162a7c748f2087b178d9cbcce42eda13c792a14426416d9eb,2021-05,Humberside Police,Humberside Police,-0.090493,53.564984,On or near Parking Area,E01013221,North East Lincolnshire 003D,Criminal damage and arson,Unable to prosecute suspect,
e24267a7be8471b637e90a1abd96679c4ca14aad2ca7a3a44d87394efbd7f07e,2021-05,Humberside Police,Humberside Police,-0.083874,53.565427,On or near George Street,E01013221,North East Lincolnshire 003D,Criminal damage and arson,Investigation complete; no suspect identified,
848c7ea07d529ffef7f8deaf9335324f580d9ee102a405599718fbe57941da48,2021-05,Humberside Police,Humberside Police,-0.088873,53.565057,On or near Parking Area,E01013221,North East Lincolnshire 003D,Drugs,Court result unavailable,
69321b6ef630a20ea6b22a13aadeb9b569954da084dbfa73dc2a41be33101a33,2021-05,Humberside Police,Humberside Police,-0.085041,53.570677,On or near Petrol Station,E01013221,North East Lincolnshire 003D,Other theft,Investigation complete; no suspect identified,
fa50ecef4410ba58c58e9f0f99ca610b11958871e196f5dceafb5468db003e06,2021-05,Humberside Police,Humberside Police,-0.096549,53.567643,On or near Haycroft Street,E01013221,North East Lincolnshire 003D,Other theft,Unable to prosecute suspect,
e58c0343e22fb05e2d4dfb3ae076a0ea6766cf7637cf04d20c6610824c99c5b0,2021-05,Humberside Police,Humberside Police,-0.089119,53.569664,On or near Frederick Street,E01013221,North East Lincolnshire 003D,Other theft,Court result unavailable,
7c51093b29ab7dc6b4c4ff296fea67bb216b8587685568cf1de8542030ea05b9,2021-05,Humberside Police,Humberside Police,-0.088873,53.565057,On or near Parking Area,E01013221,North East Lincolnshire 003D,Other theft,Court result unavailable,
167f0a40fb3c4fad5cf4053ebff3611d129128a27e79d102d85ed2fbab4d64bb,2021-05,Humberside Police,Humberside Police,-0.089463,53.569067,On or near Edmonds Way,E01013221,North East Lincolnshire 003D,Other theft,Investigation complete; no suspect identified,
5682a4cb99132221a9a26393913a7d093cc6298c514d8ba88963a1fcdd17bcf9,2021-05,Humberside Police,Humberside Police,-0.080880,53.565496,On or near East Street,E01013221,North East Lincolnshire 003D,Other theft,Status update unavailable,
37fc46669c7a2c7becf0459f89c7f429c306cb0b23478201383b53d00deb2cd7,2021-05,Humberside Police,Humberside Police,-0.097015,53.565672,On or near Bramble Close,E01013221,North East Lincolnshire 003D,Other theft,Local resolution,
bca2d918645455bd97c81781e3be7edef41eb3b1c76b0a6affda2da581009de6,2021-05,Humberside Police,Humberside Police,-0.080734,53.568073,On or near Parking Area,E01013221,North East Lincolnshire 003D,Other theft,Investigation complete; no suspect identified,
96d9430e01a5a43ba87c63530536fcc7ec3dd0c912da60d0c278c276b6ff4356,2021-05,Humberside Police,Humberside Police,-0.082357,53.566229,On or near Dial Square,E01013221,North East Lincolnshire 003D,Other theft,Investigation complete; no suspect identified,
b96d924ff6302584a3f2df4c10a48ecc9d7f398b696df45d86a3d61b317b9eb7,2021-05,Humberside Police,Humberside Police,-0.090659,53.571019,On or near Corporation Road,E01013221,North East Lincolnshire 003D,Other theft,Investigation complete; no suspect identified,
1e7dd8bf79b61f896a020c3c9b3d20f2efeccac1b1eabfd82d7f132c1bc47997,2021-05,Humberside Police,Humberside Police,-0.087847,53.564052,On or near Bethlehem Street,E01013221,North East Lincolnshire 003D,Possession of weapons,Investigation complete; no suspect identified,
04aea2a2241ec3c96cacde1c1ccdb2f4257796a7bf6e23f8eed04a1d65f792fa,2021-05,Humberside Police,Humberside Police,-0.086189,53.564313,On or near Supermarket,E01013221,North East Lincolnshire 003D,Public order,Unable to prosecute suspect,
68c1e5a770c066c9f4644dfade3cf09174a328f087a4f64f44806dd47e11541e,2021-05,Humberside Police,Humberside Police,-0.080734,53.568073,On or near Parking Area,E01013221,North East Lincolnshire 003D,Public order,Formal action is not in the public interest,
79ac757b96eb83d2df2ef1c5a4cdea6cf3b0295de0a45788073c61f9148faa32,2021-05,Humberside Police,Humberside Police,-0.085665,53.563882,On or near Parking Area,E01013221,North East Lincolnshire 003D,Public order,Unable to prosecute suspect,
c1f157e137288bf14785ebba78065e9c4fe272f90563bf4c8446fbeb54e0124a,2021-05,Humberside Police,Humberside Police,-0.082824,53.565922,On or near Victoria Street West,E01013221,North East Lincolnshire 003D,Public order,Investigation complete; no suspect identified,
30d862761fda29fc0e17af2137eb3f18e01b946126eca43df1ff106d62482559,2021-05,Humberside Police,Humberside Police,-0.085719,53.565025,On or near East St Mary'S Gate,E01013221,North East Lincolnshire 003D,Public order,Unable to prosecute suspect,
a597c04535e6756116a815a9128a39edb0e33bc60800f246680bf7d1dd8d6776,2021-05,Humberside Police,Humberside Police,-0.088002,53.565286,On or near Shopping Area,E01013221,North East Lincolnshire 003D,Public order,Unable to prosecute suspect,
47499269e2df247682b5e8cc8051f27e2181535aec20855f904c10682e5cb5ee,2021-05,Humberside Police,Humberside Police,-0.085719,53.565025,On or near East St Mary'S Gate,E01013221,North East Lincolnshire 003D,Public order,Unable to prosecute suspect,
127aa4ecae2828e7baa8adb3519634a8da23f17f5fb580473900732b9214e831,2021-05,Humberside Police,Humberside Police,-0.078750,53.571511,On or near Fotherby Street,E01013221,North East Lincolnshire 003D,Public order,Unable to prosecute suspect,
94f227f679d9b520c377152d927c65a6c94d03de7631c6848e60051ee164c09b,2021-05,Humberside Police,Humberside Police,-0.094808,53.567417,On or near Bemrose Way,E01013221,North East Lincolnshire 003D,Public order,Unable to prosecute suspect,
cda00757fe0ffa3782c7c2f7a9793275940b07738b836571c9ed6635a033b093,2021-05,Humberside Police,Humberside Police,-0.080734,53.568073,On or near Parking Area,E01013221,North East Lincolnshire 003D,Public order,Formal action is not in the public interest,
3ed3b9eb9d38f4aff3172a82cd6d7ea781d190e15f9781165a8de37a47424fcd,2021-05,Humberside Police,Humberside Police,-0.080734,53.568073,On or near Parking Area,E01013221,North East Lincolnshire 003D,Public order,Court result unavailable,
b405af03959279cf44891918cebf7bee8d268c0757e806e8dd5d5e6b9ef0d7e3,2021-05,Humberside Police,Humberside Police,-0.090493,53.564984,On or near Parking Area,E01013221,North East Lincolnshire 003D,Public order,Local resolution,
e25638728b42393cd63119aef5ba63b66ed2673e3d2a9ea1f83333e38b36dc9f,2021-05,Humberside Police,Humberside Police,-0.088873,53.565057,On or near Parking Area,E01013221,North East Lincolnshire 003D,Public order,Unable to prosecute suspect,
1af7e8a1e4ff79a4e0ef78a41507df3349dffc8e7c79a965c67f4fa5b595448b,2021-05,Humberside Police,Humberside Police,-0.080734,53.568073,On or near Parking Area,E01013221,North East Lincolnshire 003D,Public order,Formal action is not in the public interest,
33a55a37c0220643284a3aa45344d44ab71ef8fef6afcdb655fd395d1609457f,2021-05,Humberside Police,Humberside Police,-0.086465,53.566565,On or near Shopping Area,E01013221,North East Lincolnshire 003D,Public order,Investigation complete; no suspect identified,
53cc4857945d0156428e874edf64ab7391cd88ecf15f7054e9b2760153f432d1,2021-05,Humberside Police,Humberside Police,-0.085161,53.566688,On or near Parking Area,E01013221,North East Lincolnshire 003D,Public order,Investigation complete; no suspect identified,
a0fa0d3982f60244606dd667cbb689395b49f61dc5c85d3e810d1732185c7531,2021-05,Humberside Police,Humberside Police,-0.086465,53.566565,On or near Shopping Area,E01013221,North East Lincolnshire 003D,Public order,Investigation complete; no suspect identified,
56ad4639c35afeab63ddc5cb698b3c42301f7748454019da65380effb35e9e1b,2021-05,Humberside Police,Humberside Police,-0.087847,53.564052,On or near Bethlehem Street,E01013221,North East Lincolnshire 003D,Public order,Investigation complete; no suspect identified,
ecebf339082873c13da450bfbf5c52255e0389a862127e966323824269ce94bb,2021-05,Humberside Police,Humberside Police,-0.088630,53.563426,On or near Wellowgate,E01013221,North East Lincolnshire 003D,Public order,Offender given a caution,
47094e72327324485dcf6daacbd62d7860dea11c7dca28ab296050a12c8f8c56,2021-05,Humberside Police,Humberside Police,-0.080734,53.568073,On or near Parking Area,E01013221,North East Lincolnshire 003D,Public order,Formal action is not in the public interest,
1fd0d104b410e9981635612bd9728c04e44510731c3bf0208640d0f48965e391,2021-05,Humberside Police,Humberside Police,-0.083874,53.565427,On or near George Street,E01013221,North East Lincolnshire 003D,Public order,Investigation complete; no suspect identified,
e558b338e1cf527388782dc64fa475f4e97001883cc167a07441dea03ff1c02c,2021-05,Humberside Police,Humberside Police,-0.088002,53.565286,On or near Shopping Area,E01013221,North East Lincolnshire 003D,Robbery,Unable to prosecute suspect,
8a12f986dc586506bae2f2288964d0b865ac174b3c2c744f40ce49be261f9b3f,2021-05,Humberside Police,Humberside Police,-0.085041,53.570677,On or near Petrol Station,E01013221,North East Lincolnshire 003D,Shoplifting,Court result unavailable,
d9c0d1227676c5a5e12a1160985977f964389941a48d13c7fbfd9c7f2e137a53,2021-05,Humberside Police,Humberside Police,-0.078750,53.571511,On or near Fotherby Street,E01013221,North East Lincolnshire 003D,Shoplifting,Local resolution,
77b5f56f7ac8176322ab2e3a76e392210a0ebbb078c0d2de625b11061c13267a,2021-05,Humberside Police,Humberside Police,-0.086465,53.566565,On or near Shopping Area,E01013221,North East Lincolnshire 003D,Shoplifting,Unable to prosecute suspect,
9d81ed24429a270790c4b3738699471ca5bb0b0345182fa8e63011dd93529007,2021-05,Humberside Police,Humberside Police,-0.087001,53.564713,On or near West St Mary'S Gate,E01013221,North East Lincolnshire 003D,Shoplifting,Investigation complete; no suspect identified,
e1708606f50efc042842a704e51021a13fb6580b545bd9e10b2d137167153f7c,2021-05,Humberside Police,Humberside Police,-0.078919,53.573789,On or near Lower Spring Street,E01013221,North East Lincolnshire 003D,Shoplifting,Investigation complete; no suspect identified,
e65b21cef644a50fd09414b3f81609a0a7457b99279b7575071de0ee9b0d5c20,2021-05,Humberside Police,Humberside Police,-0.085266,53.572371,On or near Shopping Area,E01013221,North East Lincolnshire 003D,Shoplifting,Court result unavailable,
f352080764ba30b7d5f30501c9fabfd3b4beadeafc8e5c3efb8aed66dbfabd8b,2021-05,Humberside Police,Humberside Police,-0.088002,53.565286,On or near Shopping Area,E01013221,North East Lincolnshire 003D,Shoplifting,Court result unavailable,
daff394719fbe36ec108f9254ecae1bf2ee88be85195744b2c48f19b0fb4c14f,2021-05,Humberside Police,Humberside Police,-0.088002,53.565286,On or near Shopping Area,E01013221,North East Lincolnshire 003D,Shoplifting,Court result unavailable,
3f2bbdbcdd2f68a43d1505f4aeeece5a8257f5a7ac0dc88e3a447b265a633b6f,2021-05,Humberside Police,Humberside Police,-0.088002,53.565286,On or near Shopping Area,E01013221,North East Lincolnshire 003D,Shoplifting,Investigation complete; no suspect identified,
8c53fb80611daa6af1afb1c7c3b9eeb8b17b58be2e1a60f00b3d79e1a2e70e2c,2021-05,Humberside Police,Humberside Police,-0.085041,53.570677,On or near Petrol Station,E01013221,North East Lincolnshire 003D,Shoplifting,Investigation complete; no suspect identified,
21c5117442ffda1bcf1dbc1f65be18a302f346e426c53681af52154c46d8da5e,2021-05,Humberside Police,Humberside Police,-0.082201,53.570695,On or near Corporation Bridge,E01013221,North East Lincolnshire 003D,Theft from the person,Unable to prosecute suspect,
8684b11c95beb6a1e05955f50e6e25c03197808bc527d1537987ce788d84b717,2021-05,Humberside Police,Humberside Police,-0.090581,53.564024,On or near Pedestrian Subway,E01013221,North East Lincolnshire 003D,Theft from the person,Unable to prosecute suspect,
bc3fcb3edce933af026b42abe9a71bdf05f6cccba8ad9ce1daa513df39f9e1f7,2021-05,Humberside Police,Humberside Police,-0.088630,53.563426,On or near Wellowgate,E01013221,North East Lincolnshire 003D,Theft from the person,Unable to prosecute suspect,
c2d25eb24644d2934c216df651e568ef2b005fb2a3ca3b88c0cd5eae2c1c0f99,2021-05,Humberside Police,Humberside Police,-0.081437,53.566547,On or near Victoria Street South,E01013221,North East Lincolnshire 003D,Vehicle crime,Investigation complete; no suspect identified,
73847ce4f92df95f83c2fdda7aa02d291d4823b4a8a30cca65faee048a4bee4a,2021-05,Humberside Police,Humberside Police,-0.085041,53.570677,On or near Petrol Station,E01013221,North East Lincolnshire 003D,Vehicle crime,Investigation complete; no suspect identified,
98882ac09da8ff5980cb4617c8f07c05366dd827f48d4dd670ed2ecf7f452274,2021-05,Humberside Police,Humberside Police,-0.087847,53.564052,On or near Bethlehem Street,E01013221,North East Lincolnshire 003D,Violence and sexual offences,Offender given a caution,
7cc66271dbae5c593bf59c07038df4a8b0e5b97f35047d1c6d151a3867f5dc60,2021-05,Humberside Police,Humberside Police,-0.095010,53.564930,On or near Hume Street,E01013221,North East Lincolnshire 003D,Violence and sexual offences,Unable to prosecute suspect,
0626c8fc31f98d3240110798f268772a32409067e2d075d7f3be518d47b029a3,2021-05,Humberside Police,Humberside Police,-0.080734,53.568073,On or near Parking Area,E01013221,North East Lincolnshire 003D,Violence and sexual offences,Court result unavailable,
111bc2368dd257c9a66d81b658a0237a025c4b24bade2328122f7527df8e88f8,2021-05,Humberside Police,Humberside Police,-0.095870,53.567308,On or near Haycroft Avenue,E01013221,North East Lincolnshire 003D,Violence and sexual offences,Local resolution,
e605b0de907786e549aa7dfd7f01e3cc193ec2ed9a22aff110b541f98f188707,2021-05,Humberside Police,Humberside Police,-0.082824,53.565922,On or near Victoria Street West,E01013221,North East Lincolnshire 003D,Violence and sexual offences,Court result unavailable,
6cce29fa388799ec48619ae7ad3d4878576f54427c2b45cbb9bb0d1e52447628,2021-05,Humberside Police,Humberside Police,-0.097015,53.565672,On or near Bramble Close,E01013221,North East Lincolnshire 003D,Violence and sexual offences,Unable to prosecute suspect,
79494b730b1ecb7c18f7859efb04783c9d5df28b40f11dc5a24d88bc71dffc22,2021-05,Humberside Police,Humberside Police,-0.085443,53.565784,On or near Shopping Area,E01013221,North East Lincolnshire 003D,Violence and sexual offences,Unable to prosecute suspect,
e5a83b4abea94926674fa0e511e1c8f61d8a8abfdc5d6010d275e57fe29c1bc9,2021-05,Humberside Police,Humberside Police,-0.082824,53.565922,On or near Victoria Street West,E01013221,North East Lincolnshire 003D,Violence and sexual offences,Investigation complete; no suspect identified,
68c0a592637c4a8eb08c25b68374edebe935169bf148948efd281e0539358669,2021-05,Humberside Police,Humberside Police,-0.089119,53.569664,On or near Frederick Street,E01013221,North East Lincolnshire 003D,Violence and sexual offences,Unable to prosecute suspect,
48b1eeb60630397df9e6c15fd6fe3a4179dd9285a489e3a5122d05cfc4d2172f,2021-05,Humberside Police,Humberside Police,-0.090493,53.564984,On or near Parking Area,E01013221,North East Lincolnshire 003D,Violence and sexual offences,Court result unavailable,
826b0f1d172d4671e6caa84346029b463cd3a3e5a7398bea0ed2a248d619c90c,2021-05,Humberside Police,Humberside Police,-0.090493,53.564984,On or near Parking Area,E01013221,North East Lincolnshire 003D,Violence and sexual offences,Court result unavailable,
8aea618c6befd5654641e5b8bd9523fdc4b629ee4925d8434c484b5b50c1ef52,2021-05,Humberside Police,Humberside Police,-0.088630,53.563426,On or near Wellowgate,E01013221,North East Lincolnshire 003D,Violence and sexual offences,Unable to prosecute suspect,
0f7c9cb1e9d2f4f89188e79fe5dc744b2135ef2baa298c13ff41e2b504230db7,2021-05,Humberside Police,Humberside Police,-0.082824,53.565922,On or near Victoria Street West,E01013221,North East Lincolnshire 003D,Violence and sexual offences,Court result unavailable,
ec1191771367272530917104b1c3a61608e5581e8dd1251ef3717f418b068634,2021-05,Humberside Police,Humberside Police,-0.094808,53.567417,On or near Bemrose Way,E01013221,North East Lincolnshire 003D,Violence and sexual offences,Unable to prosecute suspect,
f75bd3483be98721a41679d78693966fe9249302c7ea9852ba4a7223dd0b4392,2021-05,Humberside Police,Humberside Police,-0.096549,53.567643,On or near Haycroft Street,E01013221,North East Lincolnshire 003D,Violence and sexual offences,Unable to prosecute suspect,
f52cc41e6c7a7324d011daef342045a9dcc085cf5e4adaa925f06e32d0f06b1b,2021-05,Humberside Police,Humberside Police,-0.093766,53.566412,On or near Veal Street,E01013221,North East Lincolnshire 003D,Violence and sexual offences,Unable to prosecute suspect,
ef89bc8f4adef81a23bdc20d3121bfe58ec59c2e616f9603dcb5920cfa3c1c9b,2021-05,Humberside Police,Humberside Police,-0.085719,53.565025,On or near East St Mary'S Gate,E01013221,North East Lincolnshire 003D,Violence and sexual offences,Investigation complete; no suspect identified,
49036d5798bd29600ffed5ef9652f1c20bc0338165e249b5df0d9d42fba01442,2021-05,Humberside Police,Humberside Police,-0.090493,53.564984,On or near Parking Area,E01013221,North East Lincolnshire 003D,Violence and sexual offences,Court result unavailable,
8fd092165dbaf03e0d9140fec2fddbc297e9bd2f0259cae26047203795ea2eab,2021-05,Humberside Police,Humberside Police,-0.087847,53.564052,On or near Bethlehem Street,E01013221,North East Lincolnshire 003D,Violence and sexual offences,Offender given a caution,
c0fd1cdaad99694aaf9d25c3d82163243ed1a21978b1c80744ad2e37e5909384,2021-05,Humberside Police,Humberside Police,-0.095570,53.566584,On or near Chantry Close,E01013221,North East Lincolnshire 003D,Violence and sexual offences,Unable to prosecute suspect,
1c924a6149e65d6c6ea801485f6997d34be4c69a1f2745d1e1aca8579a7d24f9,2021-05,Humberside Police,Humberside Police,-0.090493,53.564984,On or near Parking Area,E01013221,North East Lincolnshire 003D,Violence and sexual offences,Court result unavailable,
ef10a535114a544192376986cce56b4d9d1219a63583a4c2bee877339925ffce,2021-05,Humberside Police,Humberside Police,-0.085161,53.566688,On or near Parking Area,E01013221,North East Lincolnshire 003D,Violence and sexual offences,Unable to prosecute suspect,
9968d27e621c02f67523e46bade2ed214fb4ce0b42d5d9408ab8ea2aa9791aef,2021-05,Humberside Police,Humberside Police,-0.081437,53.566547,On or near Victoria Street South,E01013221,North East Lincolnshire 003D,Violence and sexual offences,Unable to prosecute suspect,
2bdaa74dd6fdc9428300633d8bafc3b27f176ed2a8f14a877bd0d636790f0347,2021-05,Humberside Police,Humberside Police,-0.087874,53.569815,On or near Alfred Street,E01013221,North East Lincolnshire 003D,Violence and sexual offences,Unable to prosecute suspect,
b8306dfeb7a08cd86627a1769211fa1f8d2dd5b6cb362ee6fabb11a369e34c48,2021-05,Humberside Police,Humberside Police,-0.085901,53.569675,On or near Fisherman'S Wharf,E01013221,North East Lincolnshire 003D,Violence and sexual offences,Unable to prosecute suspect,
36713377725f88ccafe826f330aab2d1b08ed07cab9d645d36447a6de8d276cb,2021-05,Humberside Police,Humberside Police,-0.089119,53.569664,On or near Frederick Street,E01013221,North East Lincolnshire 003D,Violence and sexual offences,Unable to prosecute suspect,
176200689006e6c938d422071f8e48f38a3c08751bfdc7a359f646000953b799,2021-05,Humberside Police,Humberside Police,-0.087811,53.569535,On or near Davison'S Avenue,E01013221,North East Lincolnshire 003D,Violence and sexual offences,Unable to prosecute suspect,
9fcc413a9c34a6e155da4a6276d0a30ac239390f73c8b2f72a66ffb824a93361,2021-05,Humberside Police,Humberside Police,-0.093766,53.566412,On or near Veal Street,E01013221,North East Lincolnshire 003D,Violence and sexual offences,Unable to prosecute suspect,
d9229720e350fbc6935ab82b782ccd4434ab0efd056f39fc9cc3cf8421cc470d,2021-05,Humberside Police,Humberside Police,-0.093766,53.566412,On or near Veal Street,E01013221,North East Lincolnshire 003D,Violence and sexual offences,Unable to prosecute suspect,
7b493656d82d80f302a11ea77036b290b70a4bc06ba83c2a296b2ab7399adf21,2021-05,Humberside Police,Humberside Police,-0.087811,53.569535,On or near Davison'S Avenue,E01013221,North East Lincolnshire 003D,Violence and sexual offences,Unable to prosecute suspect,
a95d87279f08042b882a649f90a41ebaf7dc2c874b13289bf23e4ae2571eff71,2021-05,Humberside Police,Humberside Police,-0.082357,53.566229,On or near Dial Square,E01013221,North East Lincolnshire 003D,Violence and sexual offences,Unable to prosecute suspect,
97ff476878d60c44e656f31ace76caaa717d522c96c5284b1dfcd1f65f6ed42e,2021-05,Humberside Police,Humberside Police,-0.089119,53.569664,On or near Frederick Street,E01013221,North East Lincolnshire 003D,Violence and sexual offences,Unable to prosecute suspect,
8e31edbcc7f632b3c68a9f824d41aeb295d5f6e4a868b8cec2e174a9d6dc8ae2,2021-05,Humberside Police,Humberside Police,-0.088630,53.563426,On or near Wellowgate,E01013221,North East Lincolnshire 003D,Violence and sexual offences,Investigation complete; no suspect identified,
6c4928aead38d75e038bb1b0127e92b8ccf36e7914adbe129f27fd1969e2aa1b,2021-05,Humberside Police,Humberside Police,-0.080734,53.568073,On or near Parking Area,E01013221,North East Lincolnshire 003D,Violence and sexual offences,Court result unavailable,
c3d2e392e0b2ceee8916dc8cbf04c4eb57b1aab5349332e813cc095efe5688a3,2021-05,Humberside Police,Humberside Police,-0.078750,53.571511,On or near Fotherby Street,E01013221,North East Lincolnshire 003D,Violence and sexual offences,Unable to prosecute suspect,
aa2874d8911b6935caf01edb05ef634130a8ab4d33562ca7209f65e8b7e5ab6f,2021-05,Humberside Police,Humberside Police,-0.080492,53.566406,On or near Parking Area,E01013221,North East Lincolnshire 003D,Violence and sexual offences,Unable to prosecute suspect,
62db15e76fcc43239d994d37560260f537ad6234c680c14224520e7cc45161e7,2021-05,Humberside Police,Humberside Police,-0.082824,53.565922,On or near Victoria Street West,E01013221,North East Lincolnshire 003D,Violence and sexual offences,Investigation complete; no suspect identified,
fad8db7b4ad351930c0a09da3663a0fda59b1246f117d95857e295214c8b6b0c,2021-05,Humberside Police,Humberside Police,-0.082344,53.565528,On or near Town Hall Street,E01013221,North East Lincolnshire 003D,Violence and sexual offences,Unable to prosecute suspect,
e8dd8140ad90a3a626442e726d53e2cbdd37e2535e05a913ee97820f8db46fcb,2021-05,Humberside Police,Humberside Police,-0.087874,53.569815,On or near Alfred Street,E01013221,North East Lincolnshire 003D,Violence and sexual offences,Offender given a caution,
01a5fedf363d7dbc9a9edd0a7005713802469d583f55d8b44cff5458d2dc2c3d,2021-05,Humberside Police,Humberside Police,-0.087847,53.564052,On or near Bethlehem Street,E01013221,North East Lincolnshire 003D,Violence and sexual offences,Investigation complete; no suspect identified,
7a98b841e4cdb715378376bfc25caed57d99feacdfa55397d7efd90ede912543,2021-05,Humberside Police,Humberside Police,-0.090493,53.564984,On or near Parking Area,E01013221,North East Lincolnshire 003D,Violence and sexual offences,Local resolution,
ff72a66b0f31b2da1f55a9e9608cb75b3db0a8c510965863bd4148b74b2f7257,2021-05,Humberside Police,Humberside Police,-0.090493,53.564984,On or near Parking Area,E01013221,North East Lincolnshire 003D,Violence and sexual offences,Offender given a caution,
5ba6eb800837613c7b2df86bd2b4348ed0399155dddd28ecbc1a52584814c972,2021-05,Humberside Police,Humberside Police,-0.087001,53.564713,On or near West St Mary'S Gate,E01013221,North East Lincolnshire 003D,Violence and sexual offences,Offender given a caution,
22171600b0c886af70ead75a8e7376656f02a13bcfe6f0dd4e94f80f7fcb7689,2021-05,Humberside Police,Humberside Police,-0.089119,53.569664,On or near Frederick Street,E01013221,North East Lincolnshire 003D,Violence and sexual offences,Unable to prosecute suspect,
3ebc818c0eabaf48d58de975ccc9628475e03c9078d00d046a99553f8af890ee,2021-05,Humberside Police,Humberside Police,-0.087811,53.569535,On or near Davison'S Avenue,E01013221,North East Lincolnshire 003D,Violence and sexual offences,Unable to prosecute suspect,
3b06620566f8071ede6bc814fd60b22b3ceee7e84ecaa3ee7f35802cdba2102a,2021-05,Humberside Police,Humberside Police,-0.096495,53.565817,On or near Harrison Street,E01013221,North East Lincolnshire 003D,Violence and sexual offences,Court result unavailable,
feacdc68f4bc072d6a2eb61a7b43763e685dd4b54c5ab2ad264b8ed136f6cdb6,2021-05,Humberside Police,Humberside Police,-0.090493,53.564984,On or near Parking Area,E01013221,North East Lincolnshire 003D,Violence and sexual offences,Court result unavailable,
d682c98b4c4b48c9013adc9a8ab1c9b4c7fa96f65a5bbba545cb49c1e71496b9,2021-05,Humberside Police,Humberside Police,-0.095010,53.564930,On or near Hume Street,E01013221,North East Lincolnshire 003D,Violence and sexual offences,Local resolution,
9ae811c8d59026af898aab9e9fcf4cad178f8927aab7194ed5a7440bb220301c,2021-05,Humberside Police,Humberside Police,-0.080734,53.568073,On or near Parking Area,E01013221,North East Lincolnshire 003D,Other crime,Unable to prosecute suspect,
3324ec729846323184636339028aeab61a17559db383f354f033fece3ca9fbf4,2021-05,Humberside Police,Humberside Police,-0.097015,53.565672,On or near Bramble Close,E01013221,North East Lincolnshire 003D,Other crime,Unable to prosecute suspect,
22baf85f4b7293084630181489938dafbf5044e41bc05e4792a61ea5e66409e1,2021-05,Humberside Police,Humberside Police,-0.095010,53.564930,On or near Hume Street,E01013221,North East Lincolnshire 003D,Other crime,Investigation complete; no suspect identified,
d18ebb56e358c14e16926b6b6af5f5fbc15689c023a9990fbc8324b1dd1e2e52,2021-05,Humberside Police,Humberside Police,-0.087847,53.564052,On or near Bethlehem Street,E01013221,North East Lincolnshire 003D,Other crime,Unable to prosecute suspect,
72f5f5de44256936dd245790258741857c83460ca82259e66dfe1e46236c51f2,2021-05,Humberside Police,Humberside Police,-0.080734,53.568073,On or near Parking Area,E01013221,North East Lincolnshire 003D,Other crime,Status update unavailable,
57765ebea2283b7bfff058b7e44d1f22b7202bc72728982795630039a5eec6a2,2021-05,Humberside Police,Humberside Police,-0.080262,53.567490,On or near Parking Area,E01013221,North East Lincolnshire 003D,Other crime,Action to be taken by another organisation,
,2021-05,Humberside Police,Humberside Police,-0.087781,53.568177,On or near South Parade,E01013222,North East Lincolnshire 003E,Anti-social behaviour,,
,2021-05,Humberside Police,Humberside Police,-0.087781,53.568177,On or near South Parade,E01013222,North East Lincolnshire 003E,Anti-social behaviour,,
,2021-05,Humberside Police,Humberside Police,-0.087781,53.568177,On or near South Parade,E01013222,North East Lincolnshire 003E,Anti-social behaviour,,
,2021-05,Humberside Police,Humberside Police,-0.087781,53.568177,On or near South Parade,E01013222,North East Lincolnshire 003E,Anti-social behaviour,,
,2021-05,Humberside Police,Humberside Police,-0.087781,53.568177,On or near South Parade,E01013222,North East Lincolnshire 003E,Anti-social behaviour,,
,2021-05,Humberside Police,Humberside Police,-0.087781,53.568177,On or near South Parade,E01013222,North East Lincolnshire 003E,Anti-social behaviour,,
a98e85d89f3fb3f25e0606640902418fa419d6956bac743ea0bf73002257c70c,2021-05,Humberside Police,Humberside Police,-0.095835,53.567748,On or near Saunders Street,E01013222,North East Lincolnshire 003E,Burglary,Court result unavailable,
84526c6d9d6b9064062b07a940b0fad349cb45ce59f7922612dc1dc6dcfe256d,2021-05,Humberside Police,Humberside Police,-0.093667,53.567255,On or near Ripon Street,E01013222,North East Lincolnshire 003E,Criminal damage and arson,Investigation complete; no suspect identified,
b7c8ca5313603c43dc2668a93d4612a9638e09b0feb474eebd5476f40ce2e4a9,2021-05,Humberside Police,Humberside Police,-0.091003,53.564705,On or near Cartergate,E01013222,North East Lincolnshire 003E,Criminal damage and arson,Investigation complete; no suspect identified,
0da86e3ab2dfdb730888d4ab47e18aa3abe50e2c408e391c62e5b083802b2597,2021-05,Humberside Police,Humberside Police,-0.090527,53.566576,On or near Anderson Street,E01013222,North East Lincolnshire 003E,Criminal damage and arson,Unable to prosecute suspect,
71263cc76a29631e5406fd81033c0ee082d09596d52c858e304eda87eef045f1,2021-05,Humberside Police,Humberside Police,-0.091003,53.564705,On or near Cartergate,E01013222,North East Lincolnshire 003E,Criminal damage and arson,Investigation complete; no suspect identified,
0b0e73c59af9129a15c8c20153adb61b14ad44ba171c2d287004bd5cd4fc6e28,2021-05,Humberside Police,Humberside Police,-0.089802,53.566223,On or near New Cartergate,E01013222,North East Lincolnshire 003E,Drugs,Court result unavailable,
ad12f99fa66ced09de26d404187ba1ecab9480f370be43168f71d4b0088b39b9,2021-05,Humberside Police,Humberside Police,-0.087781,53.568177,On or near South Parade,E01013222,North East Lincolnshire 003E,Public order,Unable to prosecute suspect,
a9e510bc62fd4b3eee2b9e5033a02cc5750b39525276e50cedb7bf8c60c00c61,2021-05,Humberside Police,Humberside Police,-0.088542,53.567039,On or near Somersby Street,E01013222,North East Lincolnshire 003E,Public order,Unable to prosecute suspect,
7e5837b2f07102034e493b45ffa529c24109d7747fbe6a5622e0fcbdf857f521,2021-05,Humberside Police,Humberside Police,-0.088542,53.567039,On or near Somersby Street,E01013222,North East Lincolnshire 003E,Public order,Local resolution,
b13a4506c7c43a0854d52b3863c44c296c5d0bdd8eb71ca20168a110538d2017,2021-05,Humberside Police,Humberside Police,-0.089802,53.566223,On or near New Cartergate,E01013222,North East Lincolnshire 003E,Robbery,Investigation complete; no suspect identified,
c505785553fd1391236db95c10866821150a7f2d90a8a9256e575282bc95f082,2021-05,Humberside Police,Humberside Police,-0.087347,53.570445,On or near Supermarket,E01013222,North East Lincolnshire 003E,Shoplifting,Investigation complete; no suspect identified,
e7a5a23cbf4adaad702136efaf0e75abf12022d1aad3f032ea93406bc4f68cd6,2021-05,Humberside Police,Humberside Police,-0.087347,53.570445,On or near Supermarket,E01013222,North East Lincolnshire 003E,Shoplifting,Investigation complete; no suspect identified,
4fe1498786411a14a0186414c7ea745bee71862583c0ceda0618365ab6dfed68,2021-05,Humberside Police,Humberside Police,-0.087347,53.570445,On or near Supermarket,E01013222,North East Lincolnshire 003E,Shoplifting,Investigation complete; no suspect identified,
9040c9732ffa9a97315b58bd932b2ea8e5a29e12816bb84c23339deed85ef20b,2021-05,Humberside Police,Humberside Police,-0.087347,53.570445,On or near Supermarket,E01013222,North East Lincolnshire 003E,Shoplifting,Investigation complete; no suspect identified,
3260344a9d0288b53b992730144415cbbf8c9eaf475dd871d08f247a217bc797,2021-05,Humberside Police,Humberside Police,-0.087781,53.568177,On or near South Parade,E01013222,North East Lincolnshire 003E,Vehicle crime,Investigation complete; no suspect identified,
6afe906ce123a5c6ddce4777964146130d06fe0c7dbc4cc726ed75307cec4015,2021-05,Humberside Police,Humberside Police,-0.085880,53.568147,On or near Parking Area,E01013222,North East Lincolnshire 003E,Vehicle crime,Investigation complete; no suspect identified,
7c3c370390a8820e61c346d85a0e7eaeb09fd1cb93ef5b8e2ee0f0676e4314e4,2021-05,Humberside Police,Humberside Police,-0.092154,53.567330,On or near Dover Street,E01013222,North East Lincolnshire 003E,Violence and sexual offences,Unable to prosecute suspect,
9ee496107e5ca7317b973225d82e0b79054fe271a87906c767dca743b85e0cd9,2021-05,Humberside Police,Humberside Police,-0.090527,53.566576,On or near Anderson Street,E01013222,North East Lincolnshire 003E,Violence and sexual offences,Unable to prosecute suspect,
b154aa8ab72d2ba108678be041561deabda27efb433fc32c0707eaf93dc78ba4,2021-05,Humberside Police,Humberside Police,-0.094373,53.568696,On or near Richard Street,E01013222,North East Lincolnshire 003E,Violence and sexual offences,Status update unavailable,
880850a0ee36ae93e80bf4792e854fc4ca213338709c8568eda5db589cbc251f,2021-05,Humberside Police,Humberside Police,-0.090527,53.566576,On or near Anderson Street,E01013222,North East Lincolnshire 003E,Violence and sexual offences,Unable to prosecute suspect,
3f35fcf541953335442c63966e4a98ecd2546be66d6e15f7d69f62a604bd18dc,2021-05,Humberside Police,Humberside Police,-0.094943,53.568094,On or near Lord Street,E01013222,North East Lincolnshire 003E,Violence and sexual offences,Court result unavailable,
925bc4ce1fe958b274b05d86eabaf96f8c07b40115316b28ffbaadbf3de454ea,2021-05,Humberside Police,Humberside Police,-0.094373,53.568696,On or near Richard Street,E01013222,North East Lincolnshire 003E,Violence and sexual offences,Unable to prosecute suspect,
c301e57c1f17c50e2357c64f7cc1ec79e2246c627b68f74393fb86217916b702,2021-05,Humberside Police,Humberside Police,-0.094373,53.568696,On or near Richard Street,E01013222,North East Lincolnshire 003E,Violence and sexual offences,Status update unavailable,
0d6fb0a14ace7abd0030a3dfb73c9a26a685b8447898a9bf8829e0d0ad8650ae,2021-05,Humberside Police,Humberside Police,-0.093667,53.567255,On or near Ripon Street,E01013222,North East Lincolnshire 003E,Violence and sexual offences,Unable to prosecute suspect,
4af2ced892378aaec839d03f2a974b4a576e551476eb990239182cdc24cddc11,2021-05,Humberside Police,Humberside Police,-0.095835,53.567748,On or near Saunders Street,E01013222,North East Lincolnshire 003E,Violence and sexual offences,Local resolution,
1bb4aa1bc789ca9c2fc66bf1d38251f5a5a3e0d8c884c6e57a69ba674cebdf54,2021-05,Humberside Police,Humberside Police,-0.088542,53.567039,On or near Somersby Street,E01013222,North East Lincolnshire 003E,Violence and sexual offences,Status update unavailable,
a6a19b68ad0226f38566dcd3a87701109218c4f8273aad834733498e77a87553,2021-05,Humberside Police,Humberside Police,-0.095835,53.567748,On or near Saunders Street,E01013222,North East Lincolnshire 003E,Violence and sexual offences,Court result unavailable,
298ab05386c37bdf7685b5e836bcb3c44dc55fc619d231dfb2ef753af4062010,2021-05,Humberside Police,Humberside Police,-0.094943,53.568094,On or near Lord Street,E01013222,North East Lincolnshire 003E,Violence and sexual offences,Court result unavailable,
53a6c2ba81259e71633067aaee3ee8d8e1bcd7c70c3e93007b0dcd11cad088e4,2021-05,Humberside Police,Humberside Police,-0.093667,53.567255,On or near Ripon Street,E01013222,North East Lincolnshire 003E,Violence and sexual offences,Unable to prosecute suspect,
3a389b06fb43e393bd903f210daa12a8dd7a5cf19cfa6f020f81249d95daa454,2021-05,Humberside Police,Humberside Police,-0.087781,53.568177,On or near South Parade,E01013222,North East Lincolnshire 003E,Other crime,Formal action is not in the public interest,
,2021-05,Humberside Police,Humberside Police,-0.130549,53.570921,On or near Eskdale Way,E01013144,North East Lincolnshire 004A,Anti-social behaviour,,
,2021-05,Humberside Police,Humberside Police,-0.127408,53.570242,On or near Parking Area,E01013144,North East Lincolnshire 004A,Anti-social behaviour,,
,2021-05,Humberside Police,Humberside Police,-0.119040,53.575361,On or near Estate Road No 7,E01013144,North East Lincolnshire 004A,Anti-social behaviour,,
,2021-05,Humberside Police,Humberside Police,-0.127408,53.570242,On or near Parking Area,E01013144,North East Lincolnshire 004A,Anti-social behaviour,,
,2021-05,Humberside Police,Humberside Police,-0.128834,53.571119,On or near Service Road 21,E01013144,North East Lincolnshire 004A,Anti-social behaviour,,
9d0edb59742390129a243c5b9886491c9dc060be868aa170cd93a2b87aa5c966,2021-05,Humberside Police,Humberside Police,-0.117956,53.570876,On or near Matlock Drive,E01013144,North East Lincolnshire 004A,Criminal damage and arson,Investigation complete; no suspect identified,
b0e7ced662320413407e72af9b5ccdbff7ea57d33f5aa5125e619d7d1a48d1b0,2021-05,Humberside Police,Humberside Police,-0.127408,53.570242,On or near Parking Area,E01013144,North East Lincolnshire 004A,Criminal damage and arson,Unable to prosecute suspect,
df075d3ef59ff4ed27f91fa5592372b4fda2d2bb53c9a257ecd72932cc410121,2021-05,Humberside Police,Humberside Police,-0.127408,53.570242,On or near Parking Area,E01013144,North East Lincolnshire 004A,Criminal damage and arson,Investigation complete; no suspect identified,
e3d9b8d6b7e05033801351679e1372db0011993076ee130aa8de7706f72397bc,2021-05,Humberside Police,Humberside Police,-0.124072,53.571898,On or near Service Road 8,E01013144,North East Lincolnshire 004A,Criminal damage and arson,Investigation complete; no suspect identified,
615332262afe4a78edb628caf48c96029497d2433b4219eecaa364951be31ef0,2021-05,Humberside Police,Humberside Police,-0.124072,53.571898,On or near Service Road 8,E01013144,North East Lincolnshire 004A,Criminal damage and arson,Investigation complete; no suspect identified,
fba458d696893a1ef9e4d05a9acdab1871f1103fa704dd7bf8089cedd75731a9,2021-05,Humberside Police,Humberside Police,-0.128053,53.571358,On or near Service Road 22,E01013144,North East Lincolnshire 004A,Drugs,Offender given a drugs possession warning,
80dd85f00eebd39fe9ef15533886f0556434178698079d96abd6ce4c8e5902dd,2021-05,Humberside Police,Humberside Police,-0.119228,53.571139,On or near Scott Close,E01013144,North East Lincolnshire 004A,Other theft,Unable to prosecute suspect,
7af1d1ef4bfa3dbf6918ebeba0c6fe80fd1af75c76b87f5529a897c21c4c50b2,2021-05,Humberside Police,Humberside Police,-0.128834,53.571119,On or near Service Road 21,E01013144,North East Lincolnshire 004A,Public order,Unable to prosecute suspect,
ae2fa38fa0127c761e92396636590b240d0ca2c1baa1a6a0a373d7073dbcda76,2021-05,Humberside Police,Humberside Police,-0.127408,53.570242,On or near Parking Area,E01013144,North East Lincolnshire 004A,Public order,Unable to prosecute suspect,
0db22b2246eeb372b7feef0f31cd4b2a1a0e817f5337ea01b2b627422f5b8c9f,2021-05,Humberside Police,Humberside Police,-0.128834,53.571119,On or near Service Road 21,E01013144,North East Lincolnshire 004A,Public order,Action to be taken by another organisation,
6e6e4e16aec560d717bbeec5273d511c362f83b256455fa7d1d4e083faee0210,2021-05,Humberside Police,Humberside Police,-0.127408,53.570242,On or near Parking Area,E01013144,North East Lincolnshire 004A,Robbery,Unable to prosecute suspect,
94903cb7a56ab18f6e5af4a5b35664e00585ff6ee1198fa99a7ad19d0e22bbac,2021-05,Humberside Police,Humberside Police,-0.119228,53.571139,On or near Scott Close,E01013144,North East Lincolnshire 004A,Violence and sexual offences,Unable to prosecute suspect,
2f10fab628ac657c8cec84f8b6dc1b374acbddaf8e28f43e9edaec2e0c85a6c1,2021-05,Humberside Police,Humberside Police,-0.121749,53.572185,On or near Service Road 26,E01013144,North East Lincolnshire 004A,Violence and sexual offences,Action to be taken by another organisation,
19874374a5ef772d3012e24600eb7905abd3c9d3e43544c817539026f6c1b49e,2021-05,Humberside Police,Humberside Police,-0.118104,53.571625,On or near Perkins Close,E01013144,North East Lincolnshire 004A,Violence and sexual offences,Unable to prosecute suspect,
6d0f66e2401727088ed37d2641fbd9c5ab7a82a67f6e961ad7b27b510108839e,2021-05,Humberside Police,Humberside Police,-0.128834,53.571119,On or near Service Road 21,E01013144,North East Lincolnshire 004A,Violence and sexual offences,Unable to prosecute suspect,
7db78e2018f4bde3690baf44dc2b78517dfb9864872b19d4d6dcfb870ed8b6ba,2021-05,Humberside Police,Humberside Police,-0.130549,53.570921,On or near Eskdale Way,E01013144,North East Lincolnshire 004A,Violence and sexual offences,Unable to prosecute suspect,
71b7f3e6ad600eac59aaf6331b4861eb40ec919be292421c17213729510ffe0e,2021-05,Humberside Police,Humberside Police,-0.119294,53.571688,On or near Cranwell Drive,E01013144,North East Lincolnshire 004A,Violence and sexual offences,Unable to prosecute suspect,
eccf011dd82378ad2552305615f7cf51e81dc1df425b2cf5cca5f90afeac60cf,2021-05,Humberside Police,Humberside Police,-0.121239,53.571422,On or near Service Road 25,E01013144,North East Lincolnshire 004A,Violence and sexual offences,Investigation complete; no suspect identified,
d2455efa4f5a3a829c1f4243e4ffa712cd67a92ea71ec3c2c497f26e049c57f2,2021-05,Humberside Police,Humberside Police,-0.128834,53.571119,On or near Service Road 21,E01013144,North East Lincolnshire 004A,Violence and sexual offences,Further action is not in the public interest,
8db5905e573c16877ef2e32c07b889371497708c9661868895b9083501894b6b,2021-05,Humberside Police,Humberside Police,-0.130549,53.570921,On or near Eskdale Way,E01013144,North East Lincolnshire 004A,Violence and sexual offences,Unable to prosecute suspect,
8c07c5fb08acad1dd653ec9c2e5b177a1e4fc1e63c98bce177e732d37df648ab,2021-05,Humberside Police,Humberside Police,-0.119228,53.571139,On or near Scott Close,E01013144,North East Lincolnshire 004A,Violence and sexual offences,Unable to prosecute suspect,
2e5dc12a9db95b3cb1a6dbfbc52c491fb6905a22f756d5c183cbe8590585b381,2021-05,Humberside Police,Humberside Police,-0.130549,53.570921,On or near Eskdale Way,E01013144,North East Lincolnshire 004A,Other crime,Court result unavailable,
98393b0e6a0fe290512c70df606eaa98a61c12d3fda4de9bb966624662739752,2021-05,Humberside Police,Humberside Police,-0.133608,53.572461,On or near Meadowbank,E01013145,North East Lincolnshire 004B,Burglary,Investigation complete; no suspect identified,
31944407537fc7740335bd52302d10f61e484fadc0f7b64fb263551f138a3a00,2021-05,Humberside Police,Humberside Police,-0.133608,53.572461,On or near Meadowbank,E01013145,North East Lincolnshire 004B,Violence and sexual offences,Action to be taken by another organisation,
dc994cee782a8b9780f7b8dc063ceeac5b544f3487a57ef916d9bd578869b0f1,2021-05,Humberside Police,Humberside Police,-0.136709,53.567889,On or near Gedney Close,E01013145,North East Lincolnshire 004B,Violence and sexual offences,Unable to prosecute suspect,
50d2475c264e8f6d33e52883ed558a7c67b531fe4d168f3c41a58904f9dc809e,2021-05,Humberside Police,Humberside Police,-0.133608,53.572461,On or near Meadowbank,E01013145,North East Lincolnshire 004B,Violence and sexual offences,Action to be taken by another organisation,
4718ebd45697a17765e821e641f0fcc5c7feba05e7981d12c7521a035a13a9d8,2021-05,Humberside Police,Humberside Police,-0.123106,53.572917,On or near Ravenscar Road,E01013146,North East Lincolnshire 004C,Burglary,Investigation complete; no suspect identified,
1b88c115810bc718144526b4b800e99a10e5c337f8d7c8e368707c257ab23139,2021-05,Humberside Police,Humberside Police,-0.134118,53.575283,On or near Waxwing Way,E01013146,North East Lincolnshire 004C,Burglary,Investigation complete; no suspect identified,
7a638b0ac56c072be886287cf08af53dfff517db180c90bb1eda03fe0a861ecf,2021-05,Humberside Police,Humberside Police,-0.107105,53.579146,On or near Appian Way,E01013146,North East Lincolnshire 004C,Burglary,Investigation complete; no suspect identified,
d2b352f96a43fbc87d24d7047cf6153b9d4c3d594d040b02ac97bd33527f26e7,2021-05,Humberside Police,Humberside Police,-0.124877,53.573502,On or near Service Road 13,E01013146,North East Lincolnshire 004C,Drugs,Offender given a caution,
c10db4c143e855556ab030e6074b8a5b7ce7b53036aef677b88f6cd224e1a05a,2021-05,Humberside Police,Humberside Police,-0.129563,53.574447,On or near Ferndown,E01013146,North East Lincolnshire 004C,Violence and sexual offences,Unable to prosecute suspect,
c8f0a271a4d3012cb1597ee19356b075dc1a81a81a8085f01c7855a298483a07,2021-05,Humberside Police,Humberside Police,-0.129020,53.572731,On or near Service Road 11,E01013146,North East Lincolnshire 004C,Violence and sexual offences,Unable to prosecute suspect,
14431559215a2c08aec66d972734a0865a3693796d8dd6a324c0a0c03857a6ff,2021-05,Humberside Police,Humberside Police,-0.124288,53.577260,On or near Ruskington Close,E01013146,North East Lincolnshire 004C,Violence and sexual offences,Unable to prosecute suspect,
,2021-05,Humberside Police,Humberside Police,-0.141798,53.567887,On or near Cormorant Drive,E01013148,North East Lincolnshire 004D,Anti-social behaviour,,
072e71ebc53d4b1ca553ab8ecded1aa91f6650ace0f7ed19a7a9a3e4391789b0,2021-05,Humberside Police,Humberside Police,-0.139889,53.565619,On or near Faulding Way,E01013148,North East Lincolnshire 004D,Burglary,Investigation complete; no suspect identified,
09af899c0ce7856bf078e2e50b368a31820f61768b715158857f39be282ace5f,2021-05,Humberside Police,Humberside Police,-0.139889,53.565619,On or near Faulding Way,E01013148,North East Lincolnshire 004D,Criminal damage and arson,Unable to prosecute suspect,
e5226f7dbcebc7a22b9f3ce8115cc8786adc9a603a26ebda4d9eaf1d61d1d653,2021-05,Humberside Police,Humberside Police,-0.141865,53.566692,On or near Fortuna Way,E01013148,North East Lincolnshire 004D,Violence and sexual offences,Unable to prosecute suspect,
,2021-05,Humberside Police,Humberside Police,-0.047230,53.564969,On or near Mathews Street,E01013195,North East Lincolnshire 005A,Anti-social behaviour,,
,2021-05,Humberside Police,Humberside Police,-0.047230,53.564969,On or near Mathews Street,E01013195,North East Lincolnshire 005A,Anti-social behaviour,,
821814f02612e075b334ae89f504c427445273e23f4398f9c5dea30d2cd1559d,2021-05,Humberside Police,Humberside Police,-0.047230,53.564969,On or near Mathews Street,E01013195,North East Lincolnshire 005A,Criminal damage and arson,Unable to prosecute suspect,
61aac572fc2c3e6deafdad8662874d9fb476572205d5f5ca8a112aec8873c9a8,2021-05,Humberside Police,Humberside Police,-0.047230,53.564969,On or near Mathews Street,E01013195,North East Lincolnshire 005A,Criminal damage and arson,Unable to prosecute suspect,
aeee3fed0bad0298c5ebe04dca5b19962fe44553f3a7ba05311b9631cf6f61ac,2021-05,Humberside Police,Humberside Police,-0.048242,53.566595,On or near Brereton Avenue,E01013195,North East Lincolnshire 005A,Criminal damage and arson,Investigation complete; no suspect identified,
1937263e61e467162b1041db06a0c6f615690a2cffc4adef89772c469e18d121,2021-05,Humberside Police,Humberside Police,-0.049089,53.564280,On or near Stanhope Place,E01013195,North East Lincolnshire 005A,Public order,Unable to prosecute suspect,
42c3e382f46ca5c3196957b5f78340b1098f9aaca2b4766cdf4481a8c7475672,2021-05,Humberside Police,Humberside Police,-0.048242,53.566595,On or near Brereton Avenue,E01013195,North East Lincolnshire 005A,Theft from the person,Unable to prosecute suspect,
ca45eecf1f6163612643d455cf5221e654111070f9326e0ce4e6a1b5215342b7,2021-05,Humberside Police,Humberside Police,-0.047242,53.567315,On or near Ward Street,E01013195,North East Lincolnshire 005A,Violence and sexual offences,Unable to prosecute suspect,
7ece36dfe8c00866841f338ac6a7a94bb1ee12e2d7a566fdbc6b50b4f546a66f,2021-05,Humberside Police,Humberside Police,-0.047230,53.564969,On or near Mathews Street,E01013195,North East Lincolnshire 005A,Violence and sexual offences,Unable to prosecute suspect,
3e344b8bd07a3ba7bb8cd9341a6ff00b8cc81d94418497cd474ad7c9bc3df479,2021-05,Humberside Police,Humberside Police,-0.047242,53.567315,On or near Ward Street,E01013195,North East Lincolnshire 005A,Violence and sexual offences,Offender given a caution,
0593a38b8db6a5c3d936ae1e55cdc3ec24997268528119fc6e38f687e9ac58c0,2021-05,Humberside Police,Humberside Police,-0.049089,53.564280,On or near Stanhope Place,E01013195,North East Lincolnshire 005A,Violence and sexual offences,Unable to prosecute suspect,
632728d6a0e0d1fbd1fc2d29f38ced5d0d4408e1e9f0ad22537d75d5d2bf9e57,2021-05,Humberside Police,Humberside Police,-0.049089,53.564280,On or near Stanhope Place,E01013195,North East Lincolnshire 005A,Violence and sexual offences,Unable to prosecute suspect,
690061f1b940705cb7efcc24ed59b5b427389c4c1912ebb890c14059f9bf9324,2021-05,Humberside Police,Humberside Police,-0.046945,53.566241,On or near Elliston Street,E01013195,North East Lincolnshire 005A,Other crime,Investigation complete; no suspect identified,
,2021-05,Humberside Police,Humberside Police,-0.055817,53.566727,On or near Freeston Street,E01013196,North East Lincolnshire 005B,Anti-social behaviour,,
,2021-05,Humberside Police,Humberside Police,-0.055817,53.566727,On or near Freeston Street,E01013196,North East Lincolnshire 005B,Anti-social behaviour,,
,2021-05,Humberside Police,Humberside Police,-0.052929,53.566473,On or near Park View,E01013196,North East Lincolnshire 005B,Anti-social behaviour,,
,2021-05,Humberside Police,Humberside Police,-0.051827,53.569089,On or near Lovett Street,E01013196,North East Lincolnshire 005B,Anti-social behaviour,,
607b26d7a061d55aeed52c5f0cc7a27d6f046a29c5e4e0dc2e90d1dd2f8bcbbc,2021-05,Humberside Police,Humberside Police,-0.052929,53.566473,On or near Park View,E01013196,North East Lincolnshire 005B,Burglary,Investigation complete; no suspect identified,
96ccd53871f7eba09f7bb141108e05bea3836eb1b20c7fb285cf925be93610d2,2021-05,Humberside Police,Humberside Police,-0.051827,53.569089,On or near Lovett Street,E01013196,North East Lincolnshire 005B,Other theft,Unable to prosecute suspect,
8281fe0288f5aa9aff2f6bbcebfa7a047df24926639859ae77f469f08b9d78b8,2021-05,Humberside Police,Humberside Police,-0.051827,53.569089,On or near Lovett Street,E01013196,North East Lincolnshire 005B,Robbery,Unable to prosecute suspect,
26d4f336d687744d81403f8902829d6a583c1be7a20f8321d36460b281414952,2021-05,Humberside Police,Humberside Police,-0.051827,53.569089,On or near Lovett Street,E01013196,North East Lincolnshire 005B,Violence and sexual offences,Unable to prosecute suspect,
a02ec746179996470bd21160cd6673dadd4cd5f722d09bb7a8aa9b48ec8299f8,2021-05,Humberside Police,Humberside Police,-0.051827,53.569089,On or near Lovett Street,E01013196,North East Lincolnshire 005B,Violence and sexual offences,Local resolution,
c1fee5948e1bc3e47941445afbd8df1f362732e328256992e5e38b7e9f648597,2021-05,Humberside Police,Humberside Police,-0.051827,53.569089,On or near Lovett Street,E01013196,North East Lincolnshire 005B,Violence and sexual offences,Unable to prosecute suspect,
3252181ca4d4a0487abf55943abdc73a620aea2c7eb72214fb8fe22002f1405e,2021-05,Humberside Police,Humberside Police,-0.055817,53.566727,On or near Freeston Street,E01013196,North East Lincolnshire 005B,Violence and sexual offences,Unable to prosecute suspect,
99a5f9aa698105db42fbf3134f3e788ca5843beea10fc9cf2356bf871c56d8a4,2021-05,Humberside Police,Humberside Police,-0.051827,53.569089,On or near Lovett Street,E01013196,North East Lincolnshire 005B,Violence and sexual offences,Investigation complete; no suspect identified,
,2021-05,Humberside Police,Humberside Police,-0.050062,53.569699,On or near Tiverton Street,E01013201,North East Lincolnshire 005C,Anti-social behaviour,,
,2021-05,Humberside Police,Humberside Police,-0.054387,53.572214,On or near Taylor Street,E01013201,North East Lincolnshire 005C,Anti-social behaviour,,
,2021-05,Humberside Police,Humberside Police,-0.052315,53.570634,On or near Supermarket,E01013201,North East Lincolnshire 005C,Anti-social behaviour,,
5f21b59b329f100acf3250d1fe01fc35de901853d767d782a42c44083a0093d2,2021-05,Humberside Police,Humberside Police,-0.050062,53.569699,On or near Tiverton Street,E01013201,North East Lincolnshire 005C,Burglary,Court result unavailable,
e08d503f10df995b0c504643dd72ba1c3e0baec1128cbbf13b07d62180beae52,2021-05,Humberside Police,Humberside Police,-0.054387,53.572214,On or near Taylor Street,E01013201,North East Lincolnshire 005C,Criminal damage and arson,Investigation complete; no suspect identified,
ee91cae0b3899d65eca745be74bfd95ad2a802437c5755c24230a03915cae53d,2021-05,Humberside Police,Humberside Police,-0.050062,53.569699,On or near Tiverton Street,E01013201,North East Lincolnshire 005C,Other theft,Unable to prosecute suspect,
da4f9bec2c5f5c182737e5de55deed4c2ff39a6cfd7cecdc64cffdc0b56f3142,2021-05,Humberside Police,Humberside Police,-0.054817,53.571727,On or near Montague Street,E01013201,North East Lincolnshire 005C,Other theft,Local resolution,
ff37d2a392cd0c824a522ba012ad9da5db55841104fe36e92f4be1f69e475536,2021-05,Humberside Police,Humberside Police,-0.052315,53.570634,On or near Supermarket,E01013201,North East Lincolnshire 005C,Other theft,Investigation complete; no suspect identified,
ae7ebd78d37407fdba0a25cd4634504908919c7977b9346515c27cffb6cb9301,2021-05,Humberside Police,Humberside Police,-0.050062,53.569699,On or near Tiverton Street,E01013201,North East Lincolnshire 005C,Public order,Unable to prosecute suspect,
819852b7adfb7966d7036a130ea1119b63bfd71dc93b6fda014bc3b0d47e9f37,2021-05,Humberside Police,Humberside Police,-0.054387,53.572214,On or near Taylor Street,E01013201,North East Lincolnshire 005C,Public order,Unable to prosecute suspect,
3475a88d75355d3c6ae6c928583559c7304d628a19bcef767f0e2b6c790d4fa9,2021-05,Humberside Police,Humberside Police,-0.054817,53.571727,On or near Montague Street,E01013201,North East Lincolnshire 005C,Violence and sexual offences,Court result unavailable,
1574cee2e1df07f099f9d9607b4bf880b25f7f50e01e5de5cd87701162acc5d0,2021-05,Humberside Police,Humberside Police,-0.050062,53.569699,On or near Tiverton Street,E01013201,North East Lincolnshire 005C,Violence and sexual offences,Court result unavailable,
be1399e5968775160e902d39974d8b88ae0bb3b2527d2c32a307bfd4a816df00,2021-05,Humberside Police,Humberside Police,-0.054387,53.572214,On or near Taylor Street,E01013201,North East Lincolnshire 005C,Violence and sexual offences,Action to be taken by another organisation,
d33c4c6de37db4d651ddbf0c44970eeb2e522c330b531d7331503bf2fd2e5890,2021-05,Humberside Police,Humberside Police,-0.050062,53.569699,On or near Tiverton Street,E01013201,North East Lincolnshire 005C,Violence and sexual offences,Local resolution,
4ed220bc4e40c4c0962850f38199bd5fb3d43664a527da9fa0e808f33ccaff99,2021-05,Humberside Police,Humberside Police,-0.052315,53.570634,On or near Supermarket,E01013201,North East Lincolnshire 005C,Violence and sexual offences,Local resolution,
8482dc845590b11ed611aeb1a4de282c1eb4e53a5a1398cdd9179ee6e91d0b99,2021-05,Humberside Police,Humberside Police,-0.054817,53.571727,On or near Montague Street,E01013201,North East Lincolnshire 005C,Violence and sexual offences,Unable to prosecute suspect,
9a795369d84e4c096725324437c3d0c6fe5aa9781c9d95ca8c9a5c1e5b3cadd5,2021-05,Humberside Police,Humberside Police,-0.049078,53.569422,On or near Blundell Avenue,E01013201,North East Lincolnshire 005C,Violence and sexual offences,Court result unavailable,
ad5451b5b1f101716e45692ac2c7e499e1c0745e1b1367d5503e2fdbfcd432ce,2021-05,Humberside Police,Humberside Police,-0.048683,53.571771,On or near Harrington Street,E01013201,North East Lincolnshire 005C,Violence and sexual offences,Action to be taken by another organisation,
ad2d34b839546d981259139c37c52691783b58d51b4e586bdf9022cf16d0d953,2021-05,Humberside Police,Humberside Police,-0.054817,53.571727,On or near Montague Street,E01013201,North East Lincolnshire 005C,Violence and sexual offences,Court result unavailable,
ad58dfe6d60c8a3b1a9bb3a86346a95c47fdc599c99cb35413bb563c355d0d8d,2021-05,Humberside Police,Humberside Police,-0.050062,53.569699,On or near Tiverton Street,E01013201,North East Lincolnshire 005C,Violence and sexual offences,Court result unavailable,
c79948ea5de7cc5a7cb153827437dc67c6bbb6375a9fee617af5ad3948e39c8a,2021-05,Humberside Police,Humberside Police,-0.054817,53.571727,On or near Montague Street,E01013201,North East Lincolnshire 005C,Violence and sexual offences,Investigation complete; no suspect identified,
767f6087fa6741874f7d1679c17fa76f59619c0245d68df503066b0fea479b37,2021-05,Humberside Police,Humberside Police,-0.054387,53.572214,On or near Taylor Street,E01013201,North East Lincolnshire 005C,Other crime,Unable to prosecute suspect,
,2021-05,Humberside Police,Humberside Police,-0.046137,53.568367,On or near Grimsby Road,E01013202,North East Lincolnshire 005D,Anti-social behaviour,,
,2021-05,Humberside Police,Humberside Police,-0.046872,53.569134,On or near Constitutional Avenue,E01013202,North East Lincolnshire 005D,Anti-social behaviour,,
5532f26d09d7332b92d9d630fdec574ff560c0221913b24a62aaca0ceff10498,2021-05,Humberside Police,Humberside Police,-0.044394,53.569157,On or near Fuller Street,E01013202,North East Lincolnshire 005D,Criminal damage and arson,Unable to prosecute suspect,
fdda91f6324824807dbd7adad1035fdf1c313088c0384f2c686dc71d1ba67459,2021-05,Humberside Police,Humberside Police,-0.043427,53.568826,On or near Manchester Street,E01013202,North East Lincolnshire 005D,Criminal damage and arson,Further action is not in the public interest,
e0d35a5f5d45d38706e76466cdec558b69c6f9b460623008ee8453da5a92ff42,2021-05,Humberside Police,Humberside Police,-0.044394,53.569157,On or near Fuller Street,E01013202,North East Lincolnshire 005D,Criminal damage and arson,Investigation complete; no suspect identified,
197cdce3fd2e64c1a93fe504a55cad95fe120949301a967a14ad94b283a0ee88,2021-05,Humberside Police,Humberside Police,-0.043427,53.568826,On or near Manchester Street,E01013202,North East Lincolnshire 005D,Criminal damage and arson,Investigation complete; no suspect identified,
c769d8c1d9d516d095cc29cbf3152a324424ee8bc66450bc2c21b63e85b6ba61,2021-05,Humberside Police,Humberside Police,-0.046872,53.569134,On or near Constitutional Avenue,E01013202,North East Lincolnshire 005D,Criminal damage and arson,Investigation complete; no suspect identified,
40fc75744927e678f72bc51ae9c3f9fb0e0321ca889feed18ea15d3dc1f188b1,2021-05,Humberside Police,Humberside Police,-0.046872,53.569134,On or near Constitutional Avenue,E01013202,North East Lincolnshire 005D,Drugs,Status update unavailable,
978224af14f574e607cc193dd8aea8f5d3c41909cf27486791336dc5220514ab,2021-05,Humberside Police,Humberside Police,-0.046872,53.569134,On or near Constitutional Avenue,E01013202,North East Lincolnshire 005D,Drugs,Offender given a caution,
3cd7121ebe4c2fec6346d644bc3cc8a452f0ba43d7337078c811c63335805690,2021-05,Humberside Police,Humberside Police,-0.047840,53.569429,On or near Imperial Avenue,E01013202,North East Lincolnshire 005D,Public order,Investigation complete; no suspect identified,
572056d44a7aa9fc01f715dae96299923748661bfe5b9756bcb3165342890ace,2021-05,Humberside Police,Humberside Police,-0.046872,53.569134,On or near Constitutional Avenue,E01013202,North East Lincolnshire 005D,Public order,Further action is not in the public interest,
6043e2a9771f6ef878c0876c68c80dbcd45ff8b3e697addcc2b3966c314e19be,2021-05,Humberside Police,Humberside Police,-0.046872,53.569134,On or near Constitutional Avenue,E01013202,North East Lincolnshire 005D,Public order,Unable to prosecute suspect,
f0a269a5d7c2477438401a0ff07dc65b14123984535adcbb6aec973a7cf03dc8,2021-05,Humberside Police,Humberside Police,-0.046137,53.568367,On or near Grimsby Road,E01013202,North East Lincolnshire 005D,Shoplifting,Investigation complete; no suspect identified,
e88b2b63edc5d0bea9379cd6d8e7231caa870410b7dd8725bf7c909da3349e3b,2021-05,Humberside Police,Humberside Police,-0.046137,53.568367,On or near Grimsby Road,E01013202,North East Lincolnshire 005D,Shoplifting,Suspect charged as part of another case,
a1ddd3258a5a18db259d2f9044e9496eec3db26113488f55948c3f278fe3b3b0,2021-05,Humberside Police,Humberside Police,-0.046137,53.568367,On or near Grimsby Road,E01013202,North East Lincolnshire 005D,Shoplifting,Investigation complete; no suspect identified,
79823943789cf54478cd8b6bc23d39b051ffc92bf84ec7c0739d76b9f4ee2012,2021-05,Humberside Police,Humberside Police,-0.046137,53.568367,On or near Grimsby Road,E01013202,North East Lincolnshire 005D,Shoplifting,Investigation complete; no suspect identified,
f228c55da5a5bc4557faeeff2b590a3cca965a6e68edbc4b662de1092dd36df8,2021-05,Humberside Police,Humberside Police,-0.046137,53.568367,On or near Grimsby Road,E01013202,North East Lincolnshire 005D,Shoplifting,Investigation complete; no suspect identified,
03b333c37a0fa51901efad13b679dfff431e67d39cac5f25d7d5a002d4c0b3f9,2021-05,Humberside Police,Humberside Police,-0.046137,53.568367,On or near Grimsby Road,E01013202,North East Lincolnshire 005D,Shoplifting,Investigation complete; no suspect identified,
a5a3b1002bfca6f2ff0d84ec3f069c45b513553038a61ae84aef45251defb0c0,2021-05,Humberside Police,Humberside Police,-0.046137,53.568367,On or near Grimsby Road,E01013202,North East Lincolnshire 005D,Shoplifting,Investigation complete; no suspect identified,
89e4d57bc6ff9aa4faf16fe9a0a6bdbf6b515765d2f45dbe54e0d95c2019eb45,2021-05,Humberside Police,Humberside Police,-0.046137,53.568367,On or near Grimsby Road,E01013202,North East Lincolnshire 005D,Shoplifting,Unable to prosecute suspect,
e822bc82e9c67cfface6943761b683fd27af5fd0630f7172394775f53bdbef43,2021-05,Humberside Police,Humberside Police,-0.046137,53.568367,On or near Grimsby Road,E01013202,North East Lincolnshire 005D,Shoplifting,Investigation complete; no suspect identified,
d5213cf5b7c1327d864d8ad07e6f5b2ce0c9b698f4daade8fa158c979055b683,2021-05,Humberside Police,Humberside Police,-0.046137,53.568367,On or near Grimsby Road,E01013202,North East Lincolnshire 005D,Shoplifting,Investigation complete; no suspect identified,
1c43caec83a8d8d050041df1bcc7fb98de8fc41ce4d935f95bcc72bf8be0f137,2021-05,Humberside Police,Humberside Police,-0.044394,53.569157,On or near Fuller Street,E01013202,North East Lincolnshire 005D,Violence and sexual offences,Unable to prosecute suspect,
97aaf395881a3534998243983e0a3b3f525abf8334952404c9c4b4415a685222,2021-05,Humberside Police,Humberside Police,-0.043427,53.568826,On or near Manchester Street,E01013202,North East Lincolnshire 005D,Violence and sexual offences,Unable to prosecute suspect,
da72b3b26dd0dd2affc9a3c2176a1f2f5de5ece26cbf58885f390b202db1de70,2021-05,Humberside Police,Humberside Police,-0.043427,53.568826,On or near Manchester Street,E01013202,North East Lincolnshire 005D,Violence and sexual offences,Court result unavailable,
a83e6982f53069f1882045de2bb04604b29fc321cef6fb2431acd07aa1b7354f,2021-05,Humberside Police,Humberside Police,-0.046658,53.570812,On or near Sports/Recreation Area,E01013202,North East Lincolnshire 005D,Violence and sexual offences,Unable to prosecute suspect,
435cec83e3ad6d5992c6c570426e1e099dc78e312af67ae6ee5a9f683a9240f1,2021-05,Humberside Police,Humberside Police,-0.046658,53.570812,On or near Sports/Recreation Area,E01013202,North East Lincolnshire 005D,Violence and sexual offences,Unable to prosecute suspect,
eb3aec2865001059967137661442762c0a9226741636bf252442abb22826628b,2021-05,Humberside Police,Humberside Police,-0.042148,53.568086,On or near Warneford Road,E01013202,North East Lincolnshire 005D,Violence and sexual offences,Unable to prosecute suspect,
06746d18e0f6a49c0248732fcef8c1807000ddae8fc97978923e12e7b8bf7e94,2021-05,Humberside Police,Humberside Police,-0.046137,53.568367,On or near Grimsby Road,E01013202,North East Lincolnshire 005D,Violence and sexual offences,Unable to prosecute suspect,
469038de9b4e19bf45f0887d9ec3480c5d64c6200cf2018dc61ee7a959c5b696,2021-05,Humberside Police,Humberside Police,-0.047840,53.569429,On or near Imperial Avenue,E01013202,North East Lincolnshire 005D,Violence and sexual offences,Unable to prosecute suspect,
0fa210390f725700c27db722d7942a652e9e71adc6799ae6e431de2b4cee453b,2021-05,Humberside Police,Humberside Police,-0.043427,53.568826,On or near Manchester Street,E01013202,North East Lincolnshire 005D,Violence and sexual offences,Court result unavailable,
1402bd65c87f21d7d95648ae6a8adb8e9687e07c6bd072be6f1fc0afe13d7846,2021-05,Humberside Police,Humberside Police,-0.040935,53.568839,On or near Oliver Street,E01013202,North East Lincolnshire 005D,Violence and sexual offences,Unable to prosecute suspect,
e904ab68d28d1384ab47e28909442d4cf67cf920b084e898b37cd5439da2262c,2021-05,Humberside Police,Humberside Police,-0.044394,53.569157,On or near Fuller Street,E01013202,North East Lincolnshire 005D,Violence and sexual offences,Unable to prosecute suspect,
,2021-05,Humberside Police,Humberside Police,-0.056072,53.570390,On or near Sidney Way,E01013203,North East Lincolnshire 005E,Anti-social behaviour,,
,2021-05,Humberside Police,Humberside Police,-0.052987,53.569153,On or near Barcroft Street,E01013203,North East Lincolnshire 005E,Anti-social behaviour,,
,2021-05,Humberside Police,Humberside Police,-0.053387,53.570301,On or near Grimsby Road,E01013203,North East Lincolnshire 005E,Anti-social behaviour,,
,2021-05,Humberside Police,Humberside Police,-0.054353,53.569013,On or near Daubney Street,E01013203,North East Lincolnshire 005E,Anti-social behaviour,,
,2021-05,Humberside Police,Humberside Police,-0.058236,53.568969,On or near Park Street,E01013203,North East Lincolnshire 005E,Anti-social behaviour,,
,2021-05,Humberside Police,Humberside Police,-0.056072,53.570390,On or near Sidney Way,E01013203,North East Lincolnshire 005E,Anti-social behaviour,,
f6e2c12b73c593150d92f2df73462f6246d95665a17ec911b03e278cdb93a9d3,2021-05,Humberside Police,Humberside Police,-0.052987,53.569153,On or near Barcroft Street,E01013203,North East Lincolnshire 005E,Burglary,Unable to prosecute suspect,
9ddd2f482c71f6275dae00c6d8436fa6d3227612a207509c36c4e8f4df8f8342,2021-05,Humberside Police,Humberside Police,-0.055282,53.570494,On or near Sidney Street,E01013203,North East Lincolnshire 005E,Burglary,Investigation complete; no suspect identified,
ec4c9d035d7dd16c01c3f3408ed13349950dabc85765609d451eb4baf01b3cf5,2021-05,Humberside Police,Humberside Police,-0.055282,53.570494,On or near Sidney Street,E01013203,North East Lincolnshire 005E,Burglary,Investigation complete; no suspect identified,
90426921a092fd141b2fddd536939e31223cd74c7bec6caca3549641f7553e5a,2021-05,Humberside Police,Humberside Police,-0.056734,53.568468,On or near Clerke Street,E01013203,North East Lincolnshire 005E,Burglary,Investigation complete; no suspect identified,
bec6e93c4c4432406700e779f7fa0f989f9250ce66142ae91d9d1ac3ce200b01,2021-05,Humberside Police,Humberside Police,-0.052987,53.569153,On or near Barcroft Street,E01013203,North East Lincolnshire 005E,Criminal damage and arson,Unable to prosecute suspect,
a1c0e3f4f609d58601bff29e5c72286a838923ad044d18ac4219659507a2bb8e,2021-05,Humberside Police,Humberside Police,-0.054353,53.569013,On or near Daubney Street,E01013203,North East Lincolnshire 005E,Criminal damage and arson,Unable to prosecute suspect,
42ec8a28cb11886ccb97cbb18d19da054a3b08478869db4625e2fccb49932908,2021-05,Humberside Police,Humberside Police,-0.054788,53.570054,On or near Sidney Place,E01013203,North East Lincolnshire 005E,Criminal damage and arson,Unable to prosecute suspect,
37160caa2d13056632070f31ca7e83ae7055c8cf6d9da42bc6ee0a6cb21c091e,2021-05,Humberside Police,Humberside Police,-0.054788,53.570054,On or near Sidney Place,E01013203,North East Lincolnshire 005E,Criminal damage and arson,Investigation complete; no suspect identified,
a8004c6506398c3ae0926edbf379d28e2b73ea65334623c342418ca1130c4acc,2021-05,Humberside Police,Humberside Police,-0.055871,53.569829,On or near Sussex Street,E01013203,North East Lincolnshire 005E,Criminal damage and arson,Local resolution,
89421e6f50adbdf680a97c5601e2700712f81d4bbb4a0f449605f9198c1f79a0,2021-05,Humberside Police,Humberside Police,-0.054788,53.570054,On or near Sidney Place,E01013203,North East Lincolnshire 005E,Criminal damage and arson,Unable to prosecute suspect,
5aafa95c8bfe12528f375630e291a7677d5d8b9f71475f342dad824c54d46cad,2021-05,Humberside Police,Humberside Police,-0.054353,53.569013,On or near Daubney Street,E01013203,North East Lincolnshire 005E,Criminal damage and arson,Investigation complete; no suspect identified,
3d10fca6b3b92ed7e2e0718413d236d50097b63af32f7457f8d0385eaad75814,2021-05,Humberside Police,Humberside Police,-0.055282,53.570494,On or near Sidney Street,E01013203,North East Lincolnshire 005E,Criminal damage and arson,Investigation complete; no suspect identified,
98fb0f987494f8e765a081d780dab46b84f6ef914cfaf38b8a7846bdbb1bce7e,2021-05,Humberside Police,Humberside Police,-0.056072,53.570390,On or near Sidney Way,E01013203,North East Lincolnshire 005E,Criminal damage and arson,Unable to prosecute suspect,
4e950dd6ba9573669c7792080dbd87efb1b421f65270b5b28c4f7b6c9d0a1735,2021-05,Humberside Police,Humberside Police,-0.058236,53.568969,On or near Park Street,E01013203,North East Lincolnshire 005E,Drugs,Offender given a drugs possession warning,
eba943ff45aa5a67dd3149a8717fe00ddc78774627020f17342916add2a3c383,2021-05,Humberside Police,Humberside Police,-0.054353,53.569013,On or near Daubney Street,E01013203,North East Lincolnshire 005E,Other theft,Unable to prosecute suspect,
d824dc68a9d3135c5faed931bb2f217a0fd6478c18164820304b59033fc40a04,2021-05,Humberside Police,Humberside Police,-0.053387,53.570301,On or near Grimsby Road,E01013203,North East Lincolnshire 005E,Other theft,Unable to prosecute suspect,
81ba795602f6516bd041c69b66584883a5d0f43020f4fdda6828c8f03bfafbb1,2021-05,Humberside Police,Humberside Police,-0.058236,53.568969,On or near Park Street,E01013203,North East Lincolnshire 005E,Other theft,Unable to prosecute suspect,
535330fdbc9bc296a67ea6df969ef73ca7c0b1191cb1bd99fb8c6aa7b7df3b83,2021-05,Humberside Police,Humberside Police,-0.055871,53.569829,On or near Sussex Street,E01013203,North East Lincolnshire 005E,Public order,Local resolution,
4a132a850d1e9ac985ba057f20eeacb6fec3686841fbdb12306ae2f6fb3ccec0,2021-05,Humberside Police,Humberside Police,-0.053387,53.570301,On or near Grimsby Road,E01013203,North East Lincolnshire 005E,Public order,Investigation complete; no suspect identified,
3e9efb614b33904e16d1c5bc771abd136b73a2586c9f4e7bb95b0b1d2a1c9ba1,2021-05,Humberside Police,Humberside Police,-0.054788,53.570054,On or near Sidney Place,E01013203,North East Lincolnshire 005E,Violence and sexual offences,Unable to prosecute suspect,
2919a2b03a92e310adcb9d7f579eb7a813c5b71c3638b6c25874fe1f1153445a,2021-05,Humberside Police,Humberside Police,-0.054353,53.569013,On or near Daubney Street,E01013203,North East Lincolnshire 005E,Violence and sexual offences,Unable to prosecute suspect,
40cf022f3090aa956b3af17afb04d3c4e28f8802293444763c073d3eed6f0955,2021-05,Humberside Police,Humberside Police,-0.054353,53.569013,On or near Daubney Street,E01013203,North East Lincolnshire 005E,Violence and sexual offences,Investigation complete; no suspect identified,
a9d98b6e498da5f76b966213e7ee497484448b8b2d7f5aba489c7d98da66ac70,2021-05,Humberside Police,Humberside Police,-0.056734,53.568468,On or near Clerke Street,E01013203,North East Lincolnshire 005E,Violence and sexual offences,Action to be taken by another organisation,
9a9641062aff3f07ed8e1961a640e83409757d4a3781f15f7c17895b933abed8,2021-05,Humberside Police,Humberside Police,-0.054353,53.569013,On or near Daubney Street,E01013203,North East Lincolnshire 005E,Violence and sexual offences,Investigation complete; no suspect identified,
2578e66102509f051de55c116ad321764b291e6b296c8d873688e2bdb5263663,2021-05,Humberside Police,Humberside Police,-0.058236,53.568969,On or near Park Street,E01013203,North East Lincolnshire 005E,Violence and sexual offences,Unable to prosecute suspect,
d423342b4a6e1b5a0c461869523a54fa7bde12f9a1dbc103e4bd9830f9aeaea6,2021-05,Humberside Police,Humberside Police,-0.056072,53.570390,On or near Sidney Way,E01013203,North East Lincolnshire 005E,Violence and sexual offences,Unable to prosecute suspect,
,2021-05,Humberside Police,Humberside Police,-0.062402,53.569009,On or near Tunnard Street,E01013138,North East Lincolnshire 006A,Anti-social behaviour,,
,2021-05,Humberside Police,Humberside Police,-0.062033,53.568167,On or near Harold Street,E01013138,North East Lincolnshire 006A,Anti-social behaviour,,
,2021-05,Humberside Police,Humberside Police,-0.058569,53.570610,On or near Mansel Street,E01013138,North East Lincolnshire 006A,Anti-social behaviour,,
,2021-05,Humberside Police,Humberside Police,-0.058569,53.570610,On or near Mansel Street,E01013138,North East Lincolnshire 006A,Anti-social behaviour,,
,2021-05,Humberside Police,Humberside Police,-0.058569,53.570610,On or near Mansel Street,E01013138,North East Lincolnshire 006A,Anti-social behaviour,,
,2021-05,Humberside Police,Humberside Police,-0.061635,53.569617,On or near Hildyard Street,E01013138,North East Lincolnshire 006A,Anti-social behaviour,,
,2021-05,Humberside Police,Humberside Police,-0.058569,53.570610,On or near Mansel Street,E01013138,North East Lincolnshire 006A,Anti-social behaviour,,
,2021-05,Humberside Police,Humberside Police,-0.062033,53.568167,On or near Harold Street,E01013138,North East Lincolnshire 006A,Anti-social behaviour,,
07cffd3844198177a48e16795c5d0bd78d1db33f87d2ba9c3a6d39cf9b96f1f3,2021-05,Humberside Police,Humberside Police,-0.061009,53.569427,On or near Rutland Street,E01013138,North East Lincolnshire 006A,Burglary,Investigation complete; no suspect identified,
3b9cc9ba57f48d1df8332f79fc772300c0413dae79e4f4624993790f5fe36550,2021-05,Humberside Police,Humberside Police,-0.062211,53.571218,On or near Duke Street,E01013138,North East Lincolnshire 006A,Burglary,Unable to prosecute suspect,
9ff52382360fa6b0242f47b3391ccbada0957f503e0a32bd1701b80cfe754bf8,2021-05,Humberside Police,Humberside Police,-0.061635,53.569617,On or near Hildyard Street,E01013138,North East Lincolnshire 006A,Burglary,Unable to prosecute suspect,
606b6833658b7233c0362903158a095109b23b05c49225a8ece913f9b6487a4b,2021-05,Humberside Police,Humberside Police,-0.061635,53.569617,On or near Hildyard Street,E01013138,North East Lincolnshire 006A,Criminal damage and arson,Unable to prosecute suspect,
0d177872aa7c5ff4ac724852e0944cbeec6b910e28302e000171bf0816fba1a2,2021-05,Humberside Police,Humberside Police,-0.058569,53.570610,On or near Mansel Street,E01013138,North East Lincolnshire 006A,Criminal damage and arson,Unable to prosecute suspect,
e8d9b89880ef83ba2fc91ff6e3ac3d6bb8b00537a7ea8cb0fdc49115357a8dc5,2021-05,Humberside Police,Humberside Police,-0.058569,53.570610,On or near Mansel Street,E01013138,North East Lincolnshire 006A,Criminal damage and arson,Investigation complete; no suspect identified,
9fe42b1f400514efb37a8fdc2d1f3c6421a75bab404f79f98a5fe91f634279cb,2021-05,Humberside Police,Humberside Police,-0.058569,53.570610,On or near Mansel Street,E01013138,North East Lincolnshire 006A,Criminal damage and arson,Investigation complete; no suspect identified,
dcacca627f969731a2ab66f886ab18901917bf42992790ba1f3e4425cada03e8,2021-05,Humberside Police,Humberside Police,-0.058569,53.570610,On or near Mansel Street,E01013138,North East Lincolnshire 006A,Criminal damage and arson,Status update unavailable,
43a1d361cf637b3e8fe54b2b74bb20f1483e82615a1ad4f358f980f6a93eba4e,2021-05,Humberside Police,Humberside Police,-0.058569,53.570610,On or near Mansel Street,E01013138,North East Lincolnshire 006A,Criminal damage and arson,Investigation complete; no suspect identified,
cc870e0700a026ceaaa46f956e37b7677dded083db5842cbc94920de3d296e02,2021-05,Humberside Police,Humberside Police,-0.058569,53.570610,On or near Mansel Street,E01013138,North East Lincolnshire 006A,Criminal damage and arson,Investigation complete; no suspect identified,
a6b52b7e8167f7dad2b2a77c5ee47aa80b0ac9b41844990878d6a66140810fd2,2021-05,Humberside Police,Humberside Police,-0.058569,53.570610,On or near Mansel Street,E01013138,North East Lincolnshire 006A,Public order,Unable to prosecute suspect,
76ae5de80b33c7b567c0b4fe916a153801425156d66c499f57a8c72e0e9669b3,2021-05,Humberside Police,Humberside Police,-0.062211,53.571218,On or near Duke Street,E01013138,North East Lincolnshire 006A,Public order,Court result unavailable,
6b0ee8475a2bc68898ca8ce464655f5f5a5ced4b54a32f9eda10bf509756d498,2021-05,Humberside Police,Humberside Police,-0.058569,53.570610,On or near Mansel Street,E01013138,North East Lincolnshire 006A,Public order,Action to be taken by another organisation,
0ca3284a4b59e1af813a18ffaf660f7b4c9476fbb9e7e4a51a171c7706b84003,2021-05,Humberside Police,Humberside Police,-0.062211,53.571218,On or near Duke Street,E01013138,North East Lincolnshire 006A,Public order,Court result unavailable,
9492a366c8ba90fc27fcfd020a76031addf816f823e1fe01785fb1a34514c319,2021-05,Humberside Police,Humberside Police,-0.061635,53.569617,On or near Hildyard Street,E01013138,North East Lincolnshire 006A,Violence and sexual offences,Unable to prosecute suspect,
35718434f8f9aba060155aa3daad785f8678874d72265d60bb5d6946c52af4d3,2021-05,Humberside Police,Humberside Police,-0.058569,53.570610,On or near Mansel Street,E01013138,North East Lincolnshire 006A,Violence and sexual offences,Unable to prosecute suspect,
e285abc467646b12b5908512c46ff8c29222aad37ccf69d0fbdbded11d29c167,2021-05,Humberside Police,Humberside Police,-0.060311,53.568832,On or near Hanson Way,E01013138,North East Lincolnshire 006A,Violence and sexual offences,Unable to prosecute suspect,
520a51aca829a93256acf6165ee9b4f6130fefb01d12c1d544e6dc926c1737fc,2021-05,Humberside Police,Humberside Police,-0.061635,53.569617,On or near Hildyard Street,E01013138,North East Lincolnshire 006A,Violence and sexual offences,Unable to prosecute suspect,
85cdd030b5c6317647b5a40d6c66f1b211eca534419abf477b141c5a59763475,2021-05,Humberside Police,Humberside Police,-0.058569,53.570610,On or near Mansel Street,E01013138,North East Lincolnshire 006A,Violence and sexual offences,Action to be taken by another organisation,
9b203817b610d4ad4e4bf1fa79dcb15e7a5a1bd7aa8146fbcdb62abf39c49407,2021-05,Humberside Police,Humberside Police,-0.058569,53.570610,On or near Mansel Street,E01013138,North East Lincolnshire 006A,Violence and sexual offences,Unable to prosecute suspect,
1c8ed74bbe72fa896193020ecc643c5c6014abfabb5f9db30124d091c8ee6883,2021-05,Humberside Police,Humberside Police,-0.061009,53.569427,On or near Rutland Street,E01013138,North East Lincolnshire 006A,Violence and sexual offences,Unable to prosecute suspect,
993783e4c715fe78a79a99b9ee94c0ec27b75782916e9f77689ec902bd16a76d,2021-05,Humberside Police,Humberside Police,-0.061009,53.569427,On or near Rutland Street,E01013138,North East Lincolnshire 006A,Violence and sexual offences,Unable to prosecute suspect,
2c1b6bb8be584fba7e4d697bb18f5dc4a3ac3effa0fabaeffe318064454ad836,2021-05,Humberside Police,Humberside Police,-0.058569,53.570610,On or near Mansel Street,E01013138,North East Lincolnshire 006A,Violence and sexual offences,Unable to prosecute suspect,
5101ff54559389fd0757d6ac03f6b41d85d302f71aa1f289494600b83f76ed72,2021-05,Humberside Police,Humberside Police,-0.062211,53.571218,On or near Duke Street,E01013138,North East Lincolnshire 006A,Violence and sexual offences,Unable to prosecute suspect,
df8ddc0223a70db340a4799092aca81a26df326b6b9d930ac9e153fab672cc24,2021-05,Humberside Police,Humberside Police,-0.058569,53.570610,On or near Mansel Street,E01013138,North East Lincolnshire 006A,Violence and sexual offences,Further investigation is not in the public interest,
2729b08334efc94bc960f9ce3c57a2f6758384e5b5728e27daba1f70f492f1e8,2021-05,Humberside Police,Humberside Police,-0.058569,53.570610,On or near Mansel Street,E01013138,North East Lincolnshire 006A,Violence and sexual offences,Investigation complete; no suspect identified,
5dfc573659b81b630b17c9ee67f4e613d2445d4102b7f418574e8e6f2b294ed4,2021-05,Humberside Police,Humberside Police,-0.062211,53.571218,On or near Duke Street,E01013138,North East Lincolnshire 006A,Violence and sexual offences,Unable to prosecute suspect,
9565c46a2c5b560da7f3139031d3df87b51fe249d55597fe4fc93564b3cd03b6,2021-05,Humberside Police,Humberside Police,-0.061009,53.569427,On or near Rutland Street,E01013138,North East Lincolnshire 006A,Violence and sexual offences,Unable to prosecute suspect,
c15502fb83a304acea7c0daeb5258fd42d59d6ebf6fd973f53f347214c969531,2021-05,Humberside Police,Humberside Police,-0.061009,53.569427,On or near Rutland Street,E01013138,North East Lincolnshire 006A,Violence and sexual offences,Unable to prosecute suspect,
883bb3bb728558f87e7234df2a4dd5f140812f5363d930185d7133101552ef3e,2021-05,Humberside Police,Humberside Police,-0.061635,53.569617,On or near Hildyard Street,E01013138,North East Lincolnshire 006A,Violence and sexual offences,Unable to prosecute suspect,
a71e25b183e23135d9852a85be81f4586b4b544a9e66ed2bfd6eaaa7e12a5bca,2021-05,Humberside Police,Humberside Police,-0.061009,53.569427,On or near Rutland Street,E01013138,North East Lincolnshire 006A,Violence and sexual offences,Unable to prosecute suspect,
23ac1ddbfd5c6c5bfa30490df9ba451ebb710832a1ff0628f1b67d1ab208f667,2021-05,Humberside Police,Humberside Police,-0.062211,53.571218,On or near Duke Street,E01013138,North East Lincolnshire 006A,Violence and sexual offences,Unable to prosecute suspect,
8b322dd989610a9c6dcc407c9e9c09e638ae88de9735caf58ed3f8ffb00fa12f,2021-05,Humberside Police,Humberside Police,-0.062402,53.569009,On or near Tunnard Street,E01013138,North East Lincolnshire 006A,Violence and sexual offences,Unable to prosecute suspect,
379c5f85c300b712ef7d439625b0412f59ab7f142a8ace7840b51a43fcd78108,2021-05,Humberside Police,Humberside Police,-0.062402,53.569009,On or near Tunnard Street,E01013138,North East Lincolnshire 006A,Violence and sexual offences,Unable to prosecute suspect,
fb271d216597b83d9ee18d13e4682f802140529a25d2584af19201768c0b1f04,2021-05,Humberside Police,Humberside Police,-0.061635,53.569617,On or near Hildyard Street,E01013138,North East Lincolnshire 006A,Violence and sexual offences,Unable to prosecute suspect,
0dfa27ba141c190dd3f9e5b3cbdac24608250f255308b488cd36217ff882a760,2021-05,Humberside Police,Humberside Police,-0.061009,53.569427,On or near Rutland Street,E01013138,North East Lincolnshire 006A,Violence and sexual offences,Unable to prosecute suspect,
bb152bceae4e17cda40a72c0591c58e979e28bc44ac74ccc503b3287a5dc3391,2021-05,Humberside Police,Humberside Police,-0.061635,53.569617,On or near Hildyard Street,E01013138,North East Lincolnshire 006A,Violence and sexual offences,Unable to prosecute suspect,
217a3602a9c8df58fdf530abc40e487c6c2cdc21f5ce31cec3299f68e61a1dd1,2021-05,Humberside Police,Humberside Police,-0.062033,53.568167,On or near Harold Street,E01013138,North East Lincolnshire 006A,Violence and sexual offences,Court result unavailable,
1f9746675ceaf989a03e998576d69ebcdc3e923d32768bb5aa12b2457b1cae0a,2021-05,Humberside Police,Humberside Police,-0.061009,53.569427,On or near Rutland Street,E01013138,North East Lincolnshire 006A,Violence and sexual offences,Unable to prosecute suspect,
7fbf934667e9d8b871e5b711dd7e8de17512eb0ebef88b2e8ecc22682632906c,2021-05,Humberside Police,Humberside Police,-0.058569,53.570610,On or near Mansel Street,E01013138,North East Lincolnshire 006A,Other crime,Court result unavailable,
91ab9366eb13621039bea1d5b4f3f10e2f6a0478a6781593738184f16ded6307,2021-05,Humberside Police,Humberside Police,-0.060311,53.568832,On or near Hanson Way,E01013138,North East Lincolnshire 006A,Other crime,Unable to prosecute suspect,
,2021-05,Humberside Police,Humberside Police,-0.067161,53.567648,On or near Wellington Street,E01013140,North East Lincolnshire 006B,Anti-social behaviour,,
,2021-05,Humberside Police,Humberside Police,-0.066326,53.567751,On or near Conference/Exhibition Centre,E01013140,North East Lincolnshire 006B,Anti-social behaviour,,
,2021-05,Humberside Police,Humberside Police,-0.062891,53.567561,On or near Castle Street,E01013140,North East Lincolnshire 006B,Anti-social behaviour,,
,2021-05,Humberside Police,Humberside Police,-0.065803,53.567968,On or near Kathleen Rice Close,E01013140,North East Lincolnshire 006B,Anti-social behaviour,,
,2021-05,Humberside Police,Humberside Police,-0.063666,53.566144,On or near Roberts Street,E01013140,North East Lincolnshire 006B,Anti-social behaviour,,
629ab12d9c65638a1b9cd29bb2ecb484c66d9633eabf69622b926a8081bb545f,2021-05,Humberside Police,Humberside Police,-0.063666,53.566144,On or near Roberts Street,E01013140,North East Lincolnshire 006B,Criminal damage and arson,Investigation complete; no suspect identified,
90fa8069ade88fc740d5d9539dfaebe18141b27d7d991b15d8adf71426995d08,2021-05,Humberside Police,Humberside Police,-0.069031,53.567372,On or near Supermarket,E01013140,North East Lincolnshire 006B,Criminal damage and arson,Investigation complete; no suspect identified,
c2e4ee12d09fa0723f522c4a33d18cc5ab0f18f92777a711b7f376ecb812d7ba,2021-05,Humberside Police,Humberside Police,-0.065803,53.567968,On or near Kathleen Rice Close,E01013140,North East Lincolnshire 006B,Criminal damage and arson,Unable to prosecute suspect,
4183f91a1edf116bc33f27637267a0a6c88a7feef12386138dfa0c64d5eab2a5,2021-05,Humberside Police,Humberside Police,-0.063449,53.569242,On or near Stanley Street,E01013140,North East Lincolnshire 006B,Criminal damage and arson,Status update unavailable,
a750528cd388c24ea2054593b6e992eb9959e6ef8428dccc8d7f028ccd0f6b66,2021-05,Humberside Police,Humberside Police,-0.067161,53.567648,On or near Wellington Street,E01013140,North East Lincolnshire 006B,Drugs,Local resolution,
7ffb0983c74f6594dd12bc45c65c94ca3de063f362b0fa018fd831517c1e5d14,2021-05,Humberside Police,Humberside Police,-0.067161,53.567648,On or near Wellington Street,E01013140,North East Lincolnshire 006B,Drugs,Local resolution,
a8807913279a2c72e318a80208b8e58068d69a72ca8359e0ba130df8818c8234,2021-05,Humberside Police,Humberside Police,-0.069031,53.567372,On or near Supermarket,E01013140,North East Lincolnshire 006B,Other theft,Unable to prosecute suspect,
6ee28efe33e716a00a941d65ddab18e229f6dfa253b18da8e58fc97dfe3feced,2021-05,Humberside Police,Humberside Police,-0.063666,53.566144,On or near Roberts Street,E01013140,North East Lincolnshire 006B,Other theft,Investigation complete; no suspect identified,
37c21b71ef559b4a92d0a14691c96a028eeb996fcc7e30540ae2ee6d16dee2f2,2021-05,Humberside Police,Humberside Police,-0.067161,53.567648,On or near Wellington Street,E01013140,North East Lincolnshire 006B,Public order,Unable to prosecute suspect,
b5a04f800c1641a2975b6b99483a711bea92908a177183f61c57d9304f286574,2021-05,Humberside Police,Humberside Police,-0.069031,53.567372,On or near Supermarket,E01013140,North East Lincolnshire 006B,Public order,Unable to prosecute suspect,
7d520f52de2bfa9a9fc95b51e691e8eedf3de538858093b459ce88fd3b173318,2021-05,Humberside Police,Humberside Police,-0.063666,53.566144,On or near Roberts Street,E01013140,North East Lincolnshire 006B,Public order,Unable to prosecute suspect,
c554c37035c5eba65521061f0d85e613c3f5023e7cbfd2ca9ca7d9a801b8a951,2021-05,Humberside Police,Humberside Police,-0.063666,53.566144,On or near Roberts Street,E01013140,North East Lincolnshire 006B,Shoplifting,Court result unavailable,
8ee08e2c460ef7c78d593f455c1901aeddf35c098750d29484134ea79eaddc14,2021-05,Humberside Police,Humberside Police,-0.063555,53.564281,On or near Durban Road,E01013140,North East Lincolnshire 006B,Violence and sexual offences,Unable to prosecute suspect,
b09955a795f090da26963bf0fbb6f3b75854008e551f1627a380385969d24de5,2021-05,Humberside Police,Humberside Police,-0.069031,53.567372,On or near Supermarket,E01013140,North East Lincolnshire 006B,Violence and sexual offences,Investigation complete; no suspect identified,
394def6f15fcd8c9bbb184f843f925739e22c5ebe5dce4fc4dbd4919c95e9b72,2021-05,Humberside Police,Humberside Police,-0.063449,53.569242,On or near Stanley Street,E01013140,North East Lincolnshire 006B,Violence and sexual offences,Local resolution,
d3ce64ef89f4e6dea2bd0f500bce23b5e8973e8c117bf530d446458ec7202113,2021-05,Humberside Police,Humberside Police,-0.063555,53.564281,On or near Durban Road,E01013140,North East Lincolnshire 006B,Violence and sexual offences,Unable to prosecute suspect,
fd8f5198c6f07bfdda8e37a5b472856d4b37f0ec3acc278a3080e743baacd648,2021-05,Humberside Police,Humberside Police,-0.062891,53.567561,On or near Castle Street,E01013140,North East Lincolnshire 006B,Violence and sexual offences,Further action is not in the public interest,
bebb5865c154e9e3bc5b54adc65e29be39fb55efaf3215a594fb17a222818f80,2021-05,Humberside Police,Humberside Police,-0.063666,53.566144,On or near Roberts Street,E01013140,North East Lincolnshire 006B,Violence and sexual offences,Status update unavailable,
97c5643402d8d27189e24e1918666bf1ebe45dd832a3e5e6307441f3f8444506,2021-05,Humberside Police,Humberside Police,-0.062891,53.567561,On or near Castle Street,E01013140,North East Lincolnshire 006B,Violence and sexual offences,Further action is not in the public interest,
93d276e615aa39ab3d5a8445e2c31cdf23bc22f64e095510a5e90d758fcf0679,2021-05,Humberside Police,Humberside Police,-0.063555,53.564281,On or near Durban Road,E01013140,North East Lincolnshire 006B,Violence and sexual offences,Status update unavailable,
ea77fdb961a6cec9f135d4bc5816db5905501efedc522d4e711ab4961a749f54,2021-05,Humberside Police,Humberside Police,-0.062891,53.567561,On or near Castle Street,E01013140,North East Lincolnshire 006B,Violence and sexual offences,Unable to prosecute suspect,
28e545b0881c3724dae5c9264883998a97866977dc187a45661cb39ca0d4d52d,2021-05,Humberside Police,Humberside Police,-0.065803,53.567968,On or near Kathleen Rice Close,E01013140,North East Lincolnshire 006B,Violence and sexual offences,Court result unavailable,
7d17a8892a60629d9408bce7e3f067c11059b2a9b3867a976dda9a1c8cf90217,2021-05,Humberside Police,Humberside Police,-0.065803,53.567968,On or near Kathleen Rice Close,E01013140,North East Lincolnshire 006B,Violence and sexual offences,Court result unavailable,
4e0b4c920f1514b9ca2303fb91d2e85fe9391b54e3e666c05277e47d183d3165,2021-05,Humberside Police,Humberside Police,-0.063555,53.564281,On or near Durban Road,E01013140,North East Lincolnshire 006B,Violence and sexual offences,Unable to prosecute suspect,
57f71db9558b788349a048afb55895b3ea7d0e5227fa63acb61ac2f592ea412f,2021-05,Humberside Police,Humberside Police,-0.067161,53.567648,On or near Wellington Street,E01013140,North East Lincolnshire 006B,Violence and sexual offences,Unable to prosecute suspect,
07bebc006b12cb4e3113ea68fd4d052feab31d539b1e4fc7aa97f5cd520abe93,2021-05,Humberside Police,Humberside Police,-0.062891,53.567561,On or near Castle Street,E01013140,North East Lincolnshire 006B,Violence and sexual offences,Unable to prosecute suspect,
6a7360c9247ceef0bc71097328b9e4c866a4e794cad496577460128ac8b5e54b,2021-05,Humberside Police,Humberside Police,-0.067161,53.567648,On or near Wellington Street,E01013140,North East Lincolnshire 006B,Violence and sexual offences,Unable to prosecute suspect,
ce76f3cf1dc01deef18fd09c24713e898b829f6d2064a7e24794d7679d470fa0,2021-05,Humberside Police,Humberside Police,-0.063666,53.566144,On or near Roberts Street,E01013140,North East Lincolnshire 006B,Violence and sexual offences,Court result unavailable,
7717e8141d1965a429898331c1eb7ac578e13e38cdfb78c78cc733f07550fdd0,2021-05,Humberside Police,Humberside Police,-0.063555,53.564281,On or near Durban Road,E01013140,North East Lincolnshire 006B,Violence and sexual offences,Unable to prosecute suspect,
9eb5020da931f36eeb16481e03f9fcf44fa50fee79ddc508a8d3c0eb6810be4c,2021-05,Humberside Police,Humberside Police,-0.063555,53.564281,On or near Durban Road,E01013140,North East Lincolnshire 006B,Violence and sexual offences,Unable to prosecute suspect,
188051634c38407a1ebff4b8d06e59eaaacc463b8bceb1f2f765c919512edb63,2021-05,Humberside Police,Humberside Police,-0.066326,53.567751,On or near Conference/Exhibition Centre,E01013140,North East Lincolnshire 006B,Violence and sexual offences,Court result unavailable,
b90a80534a992db3ada49aa3dee1468d943ef5522d16bdfcc22ecc0af3ce607c,2021-05,Humberside Police,Humberside Police,-0.063449,53.569242,On or near Stanley Street,E01013140,North East Lincolnshire 006B,Violence and sexual offences,Unable to prosecute suspect,
469a9eebd90e696808ebf140341baca3c3a6a19cf11e1f6b076828d1ec906c0b,2021-05,Humberside Police,Humberside Police,-0.062891,53.567561,On or near Castle Street,E01013140,North East Lincolnshire 006B,Other crime,Investigation complete; no suspect identified,
92063a8b8782c9a3e7b26450f67db698e1ce7069494c6db13bb6a005b17d44c0,2021-05,Humberside Police,Humberside Police,-0.066326,53.567751,On or near Conference/Exhibition Centre,E01013140,North East Lincolnshire 006B,Other crime,Unable to prosecute suspect,
071fc1b995c53d73465453fc1771d64b1af6f41d1d331ede2fc247bec7b976d9,2021-05,Humberside Police,Humberside Police,-0.067161,53.567648,On or near Wellington Street,E01013140,North East Lincolnshire 006B,Other crime,Court result unavailable,
,2021-05,Humberside Police,Humberside Police,-0.060471,53.565993,On or near Woodyard Court,E01013141,North East Lincolnshire 006C,Anti-social behaviour,,
,2021-05,Humberside Police,Humberside Police,-0.060471,53.565993,On or near Woodyard Court,E01013141,North East Lincolnshire 006C,Anti-social behaviour,,
9443790f8a14b4f0f139dfb519759e3c81cf9c8bcf130dab9280250548d6fcb3,2021-05,Humberside Police,Humberside Police,-0.060471,53.565993,On or near Woodyard Court,E01013141,North East Lincolnshire 006C,Criminal damage and arson,Unable to prosecute suspect,
07f1c2a6116999c32e4a7312436c2e4eb8b0ba34c908c1066e23ae50f31703b7,2021-05,Humberside Police,Humberside Police,-0.060471,53.565993,On or near Woodyard Court,E01013141,North East Lincolnshire 006C,Criminal damage and arson,Local resolution,
b0c08ef21dca616cf641dee0f3b7c0e9ce6c4874e4d8ae8ca49965a4cf21f3e6,2021-05,Humberside Police,Humberside Police,-0.060471,53.565993,On or near Woodyard Court,E01013141,North East Lincolnshire 006C,Criminal damage and arson,Investigation complete; no suspect identified,
43447a48c89435fc809dc51a6e888abc6c288100c25e094ced582ab029b78724,2021-05,Humberside Police,Humberside Police,-0.062671,53.563125,On or near Fairmont Road,E01013141,North East Lincolnshire 006C,Public order,Unable to prosecute suspect,
ca1d3b1365180788c85e513c59f6fbe51d0100d51117eb536c62871ab337dc42,2021-05,Humberside Police,Humberside Police,-0.062275,53.562553,On or near Columbia Road,E01013141,North East Lincolnshire 006C,Public order,Local resolution,
549757f27a6de099f64cfa1a721a773ba040359486aa0a3e68665f2c7d2fcb67,2021-05,Humberside Police,Humberside Police,-0.062275,53.562553,On or near Columbia Road,E01013141,North East Lincolnshire 006C,Public order,Unable to prosecute suspect,
5b62c1cbee1fc393203fbf545253938a553d3fc8cb44ec588da7d358ecdba151,2021-05,Humberside Police,Humberside Police,-0.057701,53.564834,On or near Carr Lane,E01013141,North East Lincolnshire 006C,Robbery,Investigation complete; no suspect identified,
46cd8e7b2c1f8b03e6def15786adfcb6cb521063e0e52ed23e5206dd9bba0214,2021-05,Humberside Police,Humberside Police,-0.057701,53.564834,On or near Carr Lane,E01013141,North East Lincolnshire 006C,Shoplifting,Suspect charged as part of another case,
c538ecfb39e53087abdd2d66274af17ffa1e1974cfb705997c33f294935f7d7b,2021-05,Humberside Police,Humberside Police,-0.057701,53.564834,On or near Carr Lane,E01013141,North East Lincolnshire 006C,Violence and sexual offences,Unable to prosecute suspect,
7a1ec67f382fa22abe8130e74ab0a89a52baa3fd0bdb8f6f3a359cbc47dc722f,2021-05,Humberside Police,Humberside Police,-0.060471,53.565993,On or near Woodyard Court,E01013141,North East Lincolnshire 006C,Violence and sexual offences,Unable to prosecute suspect,
ebdfeaa5a2ce8ec97e70baa818e66a197c0d940a3f7606072bd24e9f88bee541,2021-05,Humberside Police,Humberside Police,-0.057701,53.564834,On or near Carr Lane,E01013141,North East Lincolnshire 006C,Violence and sexual offences,Unable to prosecute suspect,
195d0ba25a368b3ed38cb51df35c2f92e3acc492d08fb1559706717035ba2a7c,2021-05,Humberside Police,Humberside Police,-0.062275,53.562553,On or near Columbia Road,E01013141,North East Lincolnshire 006C,Violence and sexual offences,Unable to prosecute suspect,
4493ddd4ebf1738481a9b7a7da60ef24fbbdb202a29dcbd6ef0aec8ff5d9d228,2021-05,Humberside Police,Humberside Police,-0.057701,53.564834,On or near Carr Lane,E01013141,North East Lincolnshire 006C,Violence and sexual offences,Local resolution,
41c42553daf70d9eef65a1e694a7960bbf436f087e764e76d0aee110a10333b9,2021-05,Humberside Police,Humberside Police,-0.057701,53.564834,On or near Carr Lane,E01013141,North East Lincolnshire 006C,Violence and sexual offences,Status update unavailable,
7554a33b368fb8388f1dec77614921533c78fd3fa00474cafc50ae64a8a0c9e8,2021-05,Humberside Police,Humberside Police,-0.060471,53.565993,On or near Woodyard Court,E01013141,North East Lincolnshire 006C,Violence and sexual offences,Unable to prosecute suspect,
,2021-05,Humberside Police,Humberside Police,-0.064264,53.563951,On or near Humberstone Road,E01013143,North East Lincolnshire 006D,Anti-social behaviour,,
46af4cb1c35eddd15275beb5319c9d0b2647271f97cfcea149ef6903913c2bc2,2021-05,Humberside Police,Humberside Police,-0.063837,53.561400,On or near Hardy'S Court,E01013143,North East Lincolnshire 006D,Violence and sexual offences,Unable to prosecute suspect,
79d920fbc84bd03ea98d14a17602db35ea96d05e18ba77088c95e64c5065465d,2021-05,Humberside Police,Humberside Police,-0.168591,53.608340,On or near Worldwide Way,E01013173,North East Lincolnshire 007A,Other theft,Investigation complete; no suspect identified,
ff4cf2b42a2a9babca0e2f53b867d85771e85cc9e50f7cd280586f8606c1409f,2021-05,Humberside Police,Humberside Police,-0.183644,53.586221,On or near Ayscough Avenue,E01013173,North East Lincolnshire 007A,Violence and sexual offences,Status update unavailable,
2e3bca755174526e043a9bce9ec3c0af1f31e5bceefe77919d31137e9d1f411b,2021-05,Humberside Police,Humberside Police,-0.166142,53.574870,On or near Ivy Farm Court,E01013223,North East Lincolnshire 007B,Criminal damage and arson,Investigation complete; no suspect identified,
bde14fcfa89591d0a6cf0306a8a302ca427616cc784f7d6be2a049eed38229db,2021-05,Humberside Police,Humberside Police,-0.154417,53.578771,On or near Meadow Drive,E01013223,North East Lincolnshire 007B,Vehicle crime,Investigation complete; no suspect identified,
dbca58c7a264472ca3fcffcee0d4267d9034bc33da5bd83fb2503c4c88b5e678,2021-05,Humberside Police,Humberside Police,-0.171667,53.577373,On or near Apple Tree Court,E01013223,North East Lincolnshire 007B,Violence and sexual offences,Status update unavailable,
6fd675a1e873af62900ff70b951500d9f49e7e48df02e5c210241c3d053d944c,2021-05,Humberside Police,Humberside Police,-0.166142,53.574870,On or near Ivy Farm Court,E01013223,North East Lincolnshire 007B,Violence and sexual offences,Unable to prosecute suspect,
842820bc43f995c43dd8ef253b6427ce5fa1ab9f3e032363ed1c8e46b99557ca,2021-05,Humberside Police,Humberside Police,-0.171667,53.577373,On or near Apple Tree Court,E01013223,North East Lincolnshire 007B,Violence and sexual offences,Unable to prosecute suspect,
ac2e8ca3779cf06b3f11368d9abb80d95d2cda1ebaf3ecb7d8cd8dc7b30a26ff,2021-05,Humberside Police,Humberside Police,-0.166142,53.574870,On or near Ivy Farm Court,E01013223,North East Lincolnshire 007B,Violence and sexual offences,Unable to prosecute suspect,
631a6bb655e1f5f42580ece29e10b39aa427a80d01d2a0ab4efd9db9d93fb586,2021-05,Humberside Police,Humberside Police,-0.171667,53.577373,On or near Apple Tree Court,E01013223,North East Lincolnshire 007B,Violence and sexual offences,Status update unavailable,
8d6545e2c29cd2be2bbae36d5625924970adb6b9cebe0a87b5a82665ef764d78,2021-05,Humberside Police,Humberside Police,-0.166320,53.578424,On or near Carlton Road,E01013223,North East Lincolnshire 007B,Violence and sexual offences,Investigation complete; no suspect identified,
7327c906c9f645a8936c696a13962b8c742112cb7d91657de98215822b814fba,2021-05,Humberside Police,Humberside Police,-0.166142,53.574870,On or near Ivy Farm Court,E01013223,North East Lincolnshire 007B,Other crime,Further action is not in the public interest,
0540d99a4b4ba4cdf41bac1fe9d99d575e02b34057642738f2d1d39c0faf1b3b,2021-05,Humberside Police,Humberside Police,-0.176736,53.544881,On or near Marshall Close,E01013224,North East Lincolnshire 007C,Criminal damage and arson,Unable to prosecute suspect,
c4e76441827d87df64cc61d653a635b7a2a6532b3cb8fc2314a52813a866ad80,2021-05,Humberside Police,Humberside Police,-0.168452,53.541689,On or near Church Lane,E01013224,North East Lincolnshire 007C,Public order,Unable to prosecute suspect,
02481f0aa3584147fc90a217a5b8ef3397313ef5dd3dcefadb452eb184518230,2021-05,Humberside Police,Humberside Police,-0.168622,53.542644,On or near Old Chapel Lane,E01013224,North East Lincolnshire 007C,Vehicle crime,Investigation complete; no suspect identified,
a4723470f2d7a5f71bbb8b0db0ef68b6aeb29d5efa4d541334eff982b1692b01,2021-05,Humberside Police,Humberside Police,-0.168622,53.542644,On or near Old Chapel Lane,E01013224,North East Lincolnshire 007C,Vehicle crime,Investigation complete; no suspect identified,
f06232e25a9c4cba869c656ca8a00f1ce77d922494e372fe9ffc65a12cd7e1c6,2021-05,Humberside Police,Humberside Police,-0.169372,53.542044,On or near High Street,E01013224,North East Lincolnshire 007C,Vehicle crime,Investigation complete; no suspect identified,
0ddd5f1e091cdbd1dda885dffb3cf301058b1eab2dfa41f492e970bd2b696e41,2021-05,Humberside Police,Humberside Police,-0.169821,53.545629,On or near Butt Lane,E01013224,North East Lincolnshire 007C,Violence and sexual offences,Unable to prosecute suspect,
,2021-05,Humberside Police,Humberside Police,-0.163471,53.540641,On or near George Butler Close,E01013226,North East Lincolnshire 007D,Anti-social behaviour,,
3e04d672a6f87fce073a76d0018f0241132f36ec4771928df1c373cced59fa0e,2021-05,Humberside Police,Humberside Police,-0.178788,53.534691,On or near Barton Street,E01013226,North East Lincolnshire 007D,Other theft,Local resolution,
cc97d6ba6ef3d8e16c586a83514922859e329f58c948152c746a31bb46cf18b3,2021-05,Humberside Police,Humberside Police,-0.139918,53.549815,On or near Hilmore Road,E01013226,North East Lincolnshire 007D,Other theft,Investigation complete; no suspect identified,
2a82b93a69516f301447131e6f19c792ca020fd11f21866105b1c82d3f426051,2021-05,Humberside Police,Humberside Police,-0.163471,53.540641,On or near George Butler Close,E01013226,North East Lincolnshire 007D,Public order,Unable to prosecute suspect,
a6f44841f1410509d23c4a266f49773f04da8371d639db95c9755140b662ca16,2021-05,Humberside Police,Humberside Police,-0.178788,53.534691,On or near Barton Street,E01013226,North East Lincolnshire 007D,Shoplifting,Suspect charged as part of another case,
8c7f8a45a68d000725999a16e5fedfc357f5d70a7e2800b3b72f089256fb486c,2021-05,Humberside Police,Humberside Police,-0.163471,53.540641,On or near George Butler Close,E01013226,North East Lincolnshire 007D,Violence and sexual offences,Unable to prosecute suspect,
9ee0bd1cc0a7494c00610e1b505c068bef3a86e659e00d46c59ae871b310046c,2021-05,Humberside Police,Humberside Police,-0.139918,53.549815,On or near Hilmore Road,E01013226,North East Lincolnshire 007D,Violence and sexual offences,Action to be taken by another organisation,
5e61de3b172b203e9e1379a29ed32e2b2732236d68481970e8dd2762a7bab0a3,2021-05,Humberside Police,Humberside Police,-0.139918,53.549815,On or near Hilmore Road,E01013226,North East Lincolnshire 007D,Violence and sexual offences,Action to be taken by another organisation,
0eedbcaf8f0a0dba7ed02fb418ab5da46e792d8e42992d5b853e49856b92ed3c,2021-05,Humberside Police,Humberside Police,-0.140197,53.550683,On or near Supermarket,E01013226,North East Lincolnshire 007D,Violence and sexual offences,Unable to prosecute suspect,
,2021-05,Humberside Police,Humberside Police,-0.088345,53.561705,On or near Manor Avenue,E01013187,North East Lincolnshire 008A,Anti-social behaviour,,
,2021-05,Humberside Police,Humberside Police,-0.084292,53.562844,On or near Garden Street,E01013187,North East Lincolnshire 008A,Anti-social behaviour,,
,2021-05,Humberside Police,Humberside Police,-0.084292,53.562844,On or near Garden Street,E01013187,North East Lincolnshire 008A,Anti-social behaviour,,
,2021-05,Humberside Police,Humberside Police,-0.093811,53.563050,On or near Dudley Street,E01013187,North East Lincolnshire 008A,Anti-social behaviour,,
,2021-05,Humberside Police,Humberside Police,-0.084060,53.561978,On or near Sports/Recreation Area,E01013187,North East Lincolnshire 008A,Anti-social behaviour,,
a740751f06bba7f405e96fddd3ceb29de2c20b4927ac2c495366002009ee38c3,2021-05,Humberside Police,Humberside Police,-0.093522,53.562093,On or near Pelham Road,E01013187,North East Lincolnshire 008A,Criminal damage and arson,Investigation complete; no suspect identified,
628c33ca3db000e922514653e10c474fd8124bfdc2b40f3147e0d61607840d10,2021-05,Humberside Police,Humberside Police,-0.090842,53.561241,On or near Browns Orchard,E01013187,North East Lincolnshire 008A,Criminal damage and arson,Investigation complete; no suspect identified,
a7d4c39d7b746cd58840b0b886950f67ef8cfabb0ddfac3a7a569b70c5a17063,2021-05,Humberside Police,Humberside Police,-0.095491,53.562960,On or near The Spinney,E01013187,North East Lincolnshire 008A,Criminal damage and arson,Local resolution,
c471e62c28b94555cda51cb9a60ae9b40eee6e5a09a22dd94286b6acb6cb0d82,2021-05,Humberside Police,Humberside Police,-0.090370,53.561341,On or near Brighowgate,E01013187,North East Lincolnshire 008A,Criminal damage and arson,Investigation complete; no suspect identified,
1de53fe3e80d27eb92364ebb07c35ca162f6ece48df82e35d2d329091c736a6d,2021-05,Humberside Police,Humberside Police,-0.096156,53.564643,On or near Cromwell Avenue,E01013187,North East Lincolnshire 008A,Drugs,Court result unavailable,
720a34eb9db83158593f3da218084054366b4435877f24f972eb70e22772dbc9,2021-05,Humberside Police,Humberside Police,-0.096156,53.564643,On or near Cromwell Avenue,E01013187,North East Lincolnshire 008A,Other theft,Investigation complete; no suspect identified,
1127cb4418dfe78a2357574f6a536b6bc56f00dfa9faa732d81282ee8e778079,2021-05,Humberside Police,Humberside Police,-0.090370,53.561341,On or near Brighowgate,E01013187,North East Lincolnshire 008A,Public order,Unable to prosecute suspect,
c714cc008555cc91c5f2bd7d606061604f3abb73c27fc42db4c617211f8568dd,2021-05,Humberside Police,Humberside Police,-0.096156,53.564643,On or near Cromwell Avenue,E01013187,North East Lincolnshire 008A,Public order,Unable to prosecute suspect,
2b2b0c225bcc6836d686a5ba17e76ab56524bedd09f8e3a2bc6dd8b2ba9aac4c,2021-05,Humberside Police,Humberside Police,-0.088345,53.561705,On or near Manor Avenue,E01013187,North East Lincolnshire 008A,Violence and sexual offences,Unable to prosecute suspect,
9af8be7d0f27f178958f7d588e62c0829b7df6ed4a7cc90580e58ed02e51c278,2021-05,Humberside Police,Humberside Police,-0.096156,53.564643,On or near Cromwell Avenue,E01013187,North East Lincolnshire 008A,Violence and sexual offences,Further action is not in the public interest,
d95fa3d64fc81bdd1b9cccb81735c8eb520f1cf03b1570c1fcf0757ba796485f,2021-05,Humberside Police,Humberside Police,-0.085104,53.560592,On or near Abbey Drive East,E01013187,North East Lincolnshire 008A,Violence and sexual offences,Unable to prosecute suspect,
27da44b23dcb1dc132b2ccab9ce04f8c25d51a7d7cb017ddd935fd112546f359,2021-05,Humberside Police,Humberside Police,-0.096156,53.564643,On or near Cromwell Avenue,E01013187,North East Lincolnshire 008A,Violence and sexual offences,Unable to prosecute suspect,
ffd7162c5a6ab35b7e7ce68fd451d2836cc53d59113aff43fe4a787f9128591c,2021-05,Humberside Police,Humberside Police,-0.090370,53.561341,On or near Brighowgate,E01013187,North East Lincolnshire 008A,Violence and sexual offences,Unable to prosecute suspect,
8dcdf6fac3082269f30a83ab362bc384f8a79836581f5f55bde030607fb4bd56,2021-05,Humberside Police,Humberside Police,-0.086382,53.562042,On or near Wellowgate,E01013187,North East Lincolnshire 008A,Violence and sexual offences,Unable to prosecute suspect,
216dd86a26b0da00991972cd72794670c1c3d064f6c17a98eee2f1d0278d82da,2021-05,Humberside Police,Humberside Police,-0.093522,53.562093,On or near Pelham Road,E01013187,North East Lincolnshire 008A,Violence and sexual offences,Court result unavailable,
935835b8288a8befba1497907bdb1313c6c36c201d5865cef098f226116248e7,2021-05,Humberside Police,Humberside Police,-0.090478,53.562296,On or near Grosvenor Crescent,E01013187,North East Lincolnshire 008A,Violence and sexual offences,Further action is not in the public interest,
83dfaffc0161548ae9471575c4f6b243735c2bf78e85b9848c085e8dd2a66758,2021-05,Humberside Police,Humberside Police,-0.090370,53.561341,On or near Brighowgate,E01013187,North East Lincolnshire 008A,Violence and sexual offences,Unable to prosecute suspect,
557c0868fec3ad05365b905aee4be81c1f3f9cb8c08db09b8d04a59c53b84af4,2021-05,Humberside Police,Humberside Police,-0.091902,53.562858,On or near Cartergate,E01013187,North East Lincolnshire 008A,Violence and sexual offences,Unable to prosecute suspect,
1855a90cf1da02c1dd323281163a59226b8cb60c48547697e75c624683d96af6,2021-05,Humberside Police,Humberside Police,-0.095491,53.562960,On or near The Spinney,E01013187,North East Lincolnshire 008A,Violence and sexual offences,Offender given a caution,
1750012de23517d702ca0cf263e1ae654f9bb68591637117430d13ebfcc8ea6b,2021-05,Humberside Police,Humberside Police,-0.085104,53.560592,On or near Abbey Drive East,E01013187,North East Lincolnshire 008A,Violence and sexual offences,Unable to prosecute suspect,
,2021-05,Humberside Police,Humberside Police,-0.104796,53.562551,On or near Wimborn Avenue,E01013188,North East Lincolnshire 008B,Anti-social behaviour,,
,2021-05,Humberside Police,Humberside Police,-0.096586,53.563122,On or near Sackville Street,E01013188,North East Lincolnshire 008B,Anti-social behaviour,,
,2021-05,Humberside Police,Humberside Police,-0.096339,53.562569,On or near The Close,E01013188,North East Lincolnshire 008B,Anti-social behaviour,,
667190515287e20ab4ba7249c8713c8ec30874e8cf36f788ae84267b93810bcc,2021-05,Humberside Police,Humberside Police,-0.096586,53.563122,On or near Sackville Street,E01013188,North East Lincolnshire 008B,Criminal damage and arson,Court result unavailable,
4ee3f1b89d1c60beaab49b1c96f90ad45d3ff0ef80ce0a684ce89a7621dbb27d,2021-05,Humberside Police,Humberside Police,-0.105072,53.562124,On or near Winston Avenue,E01013188,North East Lincolnshire 008B,Criminal damage and arson,Investigation complete; no suspect identified,
b0d789dfdbc47ce77749cac0cb30a2ef0f41b6087bd6c990cf737f39a4ab59ee,2021-05,Humberside Police,Humberside Police,-0.096586,53.563122,On or near Sackville Street,E01013188,North East Lincolnshire 008B,Public order,Court result unavailable,
fbc8d6432ad9017a4578ecc361988ff8842aaa35d70438014fd8956ad6cba262,2021-05,Humberside Police,Humberside Police,-0.096586,53.563122,On or near Sackville Street,E01013188,North East Lincolnshire 008B,Public order,Investigation complete; no suspect identified,
79093553c71fcf5b7c7b24aaf772cf702498fe15a6b647ed693cf7f2cae9b0cd,2021-05,Humberside Police,Humberside Police,-0.099981,53.564200,On or near Little Michael Street,E01013188,North East Lincolnshire 008B,Violence and sexual offences,Unable to prosecute suspect,
258eb132744a0deb7c0c2e2f64a9aad9b1f0f7a73e650bff9658df56bc639fd0,2021-05,Humberside Police,Humberside Police,-0.099981,53.564200,On or near Little Michael Street,E01013188,North East Lincolnshire 008B,Violence and sexual offences,Unable to prosecute suspect,
884215fa8068abe8ac657b44a5b22e3ace85755dba5b6b3115dc38cd80d05c82,2021-05,Humberside Police,Humberside Police,-0.099384,53.561674,On or near St Ann'S Avenue,E01013188,North East Lincolnshire 008B,Violence and sexual offences,Unable to prosecute suspect,
,2021-05,Humberside Police,Humberside Police,-0.106119,53.567759,On or near Winceby Avenue,E01013231,North East Lincolnshire 008C,Anti-social behaviour,,
,2021-05,Humberside Police,Humberside Police,-0.110871,53.569218,On or near Police Station,E01013231,North East Lincolnshire 008C,Anti-social behaviour,,
43195b5187d58237097a631efeb0c26ce5e32a3a57c40da68080674e1cc43634,2021-05,Humberside Police,Humberside Police,-0.103802,53.566212,On or near A1136,E01013231,North East Lincolnshire 008C,Criminal damage and arson,Unable to prosecute suspect,
49be31352b9d3cdc364fef5dc6198b4b6852e5da950d2b91d152ba0476ceeb45,2021-05,Humberside Police,Humberside Police,-0.106592,53.566616,On or near Clark Avenue,E01013231,North East Lincolnshire 008C,Criminal damage and arson,Investigation complete; no suspect identified,
8a91d3fcd0314ba74ea313c220376f937f6f89cefce5ca065a686cf2310223e2,2021-05,Humberside Police,Humberside Police,-0.106119,53.567759,On or near Winceby Avenue,E01013231,North East Lincolnshire 008C,Drugs,Offender given a caution,
d17bd15f51e8d01d3d7099e840e31e2496e9219df901f7db82a48f21465c3df9,2021-05,Humberside Police,Humberside Police,-0.103802,53.566212,On or near A1136,E01013231,North East Lincolnshire 008C,Other theft,Unable to prosecute suspect,
d4523412002d188d49d87e96e91f818685fe28aaa191d376a9b9fb797bd25271,2021-05,Humberside Police,Humberside Police,-0.103802,53.566212,On or near A1136,E01013231,North East Lincolnshire 008C,Other theft,Unable to prosecute suspect,
a903a3fe131d03dd4f3277033b0f38750024102a63c4fa7ec119a9700ebd7b4a,2021-05,Humberside Police,Humberside Police,-0.103802,53.566212,On or near A1136,E01013231,North East Lincolnshire 008C,Other theft,Investigation complete; no suspect identified,
f0cd222a7ce5f6b91008d419c2c6203a341c5aaeff978e32c2f9da930161855f,2021-05,Humberside Police,Humberside Police,-0.105908,53.566389,On or near Bowers Avenue,E01013231,North East Lincolnshire 008C,Other theft,Unable to prosecute suspect,
e958bb1b5b3ec63ab21db1c515085a764d6fd9a9de32bb1633ef7a76f7add782,2021-05,Humberside Police,Humberside Police,-0.103802,53.566212,On or near A1136,E01013231,North East Lincolnshire 008C,Public order,Unable to prosecute suspect,
c7abb0d0eb7ddeb7b162832d8fed56d85e93fe63d74cbbefff40e41e1c0c7883,2021-05,Humberside Police,Humberside Police,-0.103802,53.566212,On or near A1136,E01013231,North East Lincolnshire 008C,Public order,Unable to prosecute suspect,
0621ac4e10b0fb252ead7a88b448c4388714365301004bd8b8718b087991c84a,2021-05,Humberside Police,Humberside Police,-0.106592,53.566616,On or near Clark Avenue,E01013231,North East Lincolnshire 008C,Public order,Investigation complete; no suspect identified,
9e4986cfd0566b5d9ec81fa27a5be9264bbc223e9024356178eccbc8966ee712,2021-05,Humberside Police,Humberside Police,-0.104039,53.565290,On or near Parking Area,E01013231,North East Lincolnshire 008C,Vehicle crime,Investigation complete; no suspect identified,
5f1369c1dddd0f88c9dda8ea99a9bf8381f2bd79831abca184fbc129be7c9e31,2021-05,Humberside Police,Humberside Police,-0.107767,53.568037,On or near St Francis Avenue,E01013231,North East Lincolnshire 008C,Violence and sexual offences,Unable to prosecute suspect,
1f03ce9db895d8297866eafd1e5f5b1754d1f3beb0ca5b86f7238bf040cf8dff,2021-05,Humberside Police,Humberside Police,-0.107767,53.568037,On or near St Francis Avenue,E01013231,North East Lincolnshire 008C,Violence and sexual offences,Unable to prosecute suspect,
5b633366fce93603ae8b1918b38693ea4ab45f26eb2e2df771c96e7fc3d0af84,2021-05,Humberside Police,Humberside Police,-0.105908,53.566389,On or near Bowers Avenue,E01013231,North East Lincolnshire 008C,Violence and sexual offences,Court result unavailable,
602f92bfaf557cede58cc6642d4164190fc1c1aeea7473de348696133c54b694,2021-05,Humberside Police,Humberside Police,-0.105908,53.566389,On or near Bowers Avenue,E01013231,North East Lincolnshire 008C,Violence and sexual offences,Unable to prosecute suspect,
6d1e4e2ad1c14732e4a43fbef540e2686775898ca1a1ec3dd698f3d70e44956d,2021-05,Humberside Police,Humberside Police,-0.107187,53.567839,On or near St Albans Avenue,E01013231,North East Lincolnshire 008C,Violence and sexual offences,Local resolution,
6f533801a0751249dd57a45cde9c70b9dc27169a37ced5c0e942df849dcb17f8,2021-05,Humberside Police,Humberside Police,-0.105908,53.566389,On or near Bowers Avenue,E01013231,North East Lincolnshire 008C,Violence and sexual offences,Unable to prosecute suspect,
2d510de38544014755ace8abbaddd66316ecae6fea711a128d37d2c29043f22a,2021-05,Humberside Police,Humberside Police,-0.107767,53.568037,On or near St Francis Avenue,E01013231,North East Lincolnshire 008C,Violence and sexual offences,Unable to prosecute suspect,
,2021-05,Humberside Police,Humberside Police,-0.106544,53.562965,On or near Clifton Road,E01013233,North East Lincolnshire 008D,Anti-social behaviour,,
c515d430ca21ee8916387d6d7eb7b2f97b681c0a6018a306cd5cf6433af06db9,2021-05,Humberside Police,Humberside Police,-0.102476,53.565463,On or near Supermarket,E01013233,North East Lincolnshire 008D,Bicycle theft,Investigation complete; no suspect identified,
a5e93fd01af64272a646a7c2df2499c7362451dcc19c32f54fbab4d7d7606537,2021-05,Humberside Police,Humberside Police,-0.102442,53.564194,On or near Wentworth Road,E01013233,North East Lincolnshire 008D,Criminal damage and arson,Investigation complete; no suspect identified,
dd1436614831f02f268de7e3033edd11dbba8064eb897e440f2d5ecdb0985710,2021-05,Humberside Police,Humberside Police,-0.107550,53.563439,On or near Ethelstone Road,E01013233,North East Lincolnshire 008D,Criminal damage and arson,Unable to prosecute suspect,
c6c115d5010b7597aa4818394c63091accb452b9c28ceffdb968f74e2491a192,2021-05,Humberside Police,Humberside Police,-0.106544,53.562965,On or near Clifton Road,E01013233,North East Lincolnshire 008D,Drugs,Offender given a drugs possession warning,
4f1fe0a7e915cd34a301cd7b30c5f0309d54d9f975719d4e2ca83bad16a5f1f3,2021-05,Humberside Police,Humberside Police,-0.106544,53.562965,On or near Clifton Road,E01013233,North East Lincolnshire 008D,Public order,Court result unavailable,
6bd889802d79d70578100c6ec8e92ccd18bbd64baa49e9c1ec5f16e3ba74c982,2021-05,Humberside Police,Humberside Police,-0.100368,53.565339,On or near Wells Street,E01013233,North East Lincolnshire 008D,Public order,Local resolution,
0811534cac8228a06f8099a67aa408e0e22fb3c60bce7818711d7186234085b7,2021-05,Humberside Police,Humberside Police,-0.102476,53.565463,On or near Supermarket,E01013233,North East Lincolnshire 008D,Shoplifting,Investigation complete; no suspect identified,
c8d4f44e0370f25db2f8f5d7a40e9b2f13ff1d962e1189e17707ebfc19b5211f,2021-05,Humberside Police,Humberside Police,-0.102476,53.565463,On or near Supermarket,E01013233,North East Lincolnshire 008D,Shoplifting,Investigation complete; no suspect identified,
4d3803a9274c577ba13a38d06ec0ec555c932d54f36e7a4d3feb0997d1c1af5a,2021-05,Humberside Police,Humberside Police,-0.100368,53.565339,On or near Wells Street,E01013233,North East Lincolnshire 008D,Shoplifting,Local resolution,
f07981b24e3745f933ca2a641ecdeeef4fdcda46ebb8c89933e0b93b43fed38f,2021-05,Humberside Police,Humberside Police,-0.099778,53.565015,On or near Cromwell Road,E01013233,North East Lincolnshire 008D,Vehicle crime,Court result unavailable,
55946058f0ed7b9bc40a0d5fb1523bdf78a9d421a0f571a63d0812448f4c8672,2021-05,Humberside Police,Humberside Police,-0.103060,53.566578,On or near Boulevard Avenue,E01013233,North East Lincolnshire 008D,Violence and sexual offences,Local resolution,
e2f42f1ce9acc0f7e65290d171660a5bfa927a61cb015ab26be54522f4aab00b,2021-05,Humberside Police,Humberside Police,-0.104252,53.563243,On or near Shaftesbury Avenue,E01013233,North East Lincolnshire 008D,Violence and sexual offences,Court result unavailable,
fdccaf4c4def8d6f1c795abd63089b2ed5d56aba73269a5cb6a68a644c856d28,2021-05,Humberside Police,Humberside Police,-0.104252,53.563243,On or near Shaftesbury Avenue,E01013233,North East Lincolnshire 008D,Violence and sexual offences,Court result unavailable,
ca11ebecb4f33ce34ed971646553a3374c1cc3cb05eafd1458d67bfc393242a9,2021-05,Humberside Police,Humberside Police,-0.110695,53.562662,On or near Yarborough Road,E01013233,North East Lincolnshire 008D,Violence and sexual offences,Unable to prosecute suspect,
d5d3a0de751e2d5992d27cc5cd70d6806d17cab1ced5cb694b5adf0517ae4472,2021-05,Humberside Police,Humberside Police,-0.102442,53.564194,On or near Wentworth Road,E01013233,North East Lincolnshire 008D,Violence and sexual offences,Investigation complete; no suspect identified,
4f19f5c1c325ee6d49dcdd66f614f90ab7c02fcd858b7cc8bf2131c36bbba05e,2021-05,Humberside Police,Humberside Police,-0.099778,53.565015,On or near Cromwell Road,E01013233,North East Lincolnshire 008D,Violence and sexual offences,Unable to prosecute suspect,
5907d37a43bfd84ef8930f65542e9781d667474552f8ca1828c506d79989f044,2021-05,Humberside Police,Humberside Police,-0.110695,53.562662,On or near Yarborough Road,E01013233,North East Lincolnshire 008D,Violence and sexual offences,Unable to prosecute suspect,
8b7958dee339cd3ac2983bb91e8130ae5af4564a7e0ced0040542c12842f2145,2021-05,Humberside Police,Humberside Police,-0.110695,53.562662,On or near Yarborough Road,E01013233,North East Lincolnshire 008D,Violence and sexual offences,Further investigation is not in the public interest,
93666f4ebd49c6496609e99301e9795ca0fedb4a3c4dc60fb362a0d304389f9d,2021-05,Humberside Police,Humberside Police,-0.108448,53.562600,On or near Allenby Avenue,E01013233,North East Lincolnshire 008D,Violence and sexual offences,Investigation complete; no suspect identified,
fef7c609e1f6c091e28da222d932898b55d1fc5389f3f5a6e3ef47ac6a490d64,2021-05,Humberside Police,Humberside Police,-0.099778,53.565015,On or near Cromwell Road,E01013233,North East Lincolnshire 008D,Violence and sexual offences,Unable to prosecute suspect,
ec8b1a1898e274cda2ebf53c29013f4ba2f41433b60c9ca175bb6fb36164deb6,2021-05,Humberside Police,Humberside Police,-0.100368,53.565339,On or near Wells Street,E01013233,North East Lincolnshire 008D,Violence and sexual offences,Investigation complete; no suspect identified,
e9d24c219600794fae87d1f22267c76679a3208b61bf6c6f6f6768c7babb4162,2021-05,Humberside Police,Humberside Police,-0.099778,53.565015,On or near Cromwell Road,E01013233,North East Lincolnshire 008D,Violence and sexual offences,Unable to prosecute suspect,
,2021-05,Humberside Police,Humberside Police,-0.125179,53.570783,On or near Service Road 4,E01013147,North East Lincolnshire 009A,Anti-social behaviour,,
,2021-05,Humberside Police,Humberside Police,-0.125179,53.570783,On or near Service Road 4,E01013147,North East Lincolnshire 009A,Anti-social behaviour,,
,2021-05,Humberside Police,Humberside Police,-0.127821,53.568748,On or near Barmouth Drive,E01013147,North East Lincolnshire 009A,Anti-social behaviour,,
,2021-05,Humberside Police,Humberside Police,-0.126448,53.571108,On or near Service Road 23,E01013147,North East Lincolnshire 009A,Anti-social behaviour,,
,2021-05,Humberside Police,Humberside Police,-0.128948,53.569565,On or near Parking Area,E01013147,North East Lincolnshire 009A,Anti-social behaviour,,
360594b9ebe54e703716937a4159db3db16902e9587d947156d69d6346fe51e5,2021-05,Humberside Police,Humberside Police,-0.128948,53.569565,On or near Parking Area,E01013147,North East Lincolnshire 009A,Criminal damage and arson,Unable to prosecute suspect,
2bdcd498cff80c22714e91a6add67c4b66fb039b16a4d1ffdef6cc3628bb27a9,2021-05,Humberside Police,Humberside Police,-0.121339,53.570534,On or near Service Road 6,E01013147,North East Lincolnshire 009A,Criminal damage and arson,Investigation complete; no suspect identified,
113bd5b072ac5217fde073f8272836ad2499a53eefd399002a906c596db4f2ad,2021-05,Humberside Police,Humberside Police,-0.126453,53.569625,On or near Service Road 15,E01013147,North East Lincolnshire 009A,Criminal damage and arson,Investigation complete; no suspect identified,
c1ea3a7d148bc79184ecde49344b1b687823b6f4cad3661a45cd3ddfe36159c0,2021-05,Humberside Police,Humberside Police,-0.127482,53.569578,On or near Wingate Road,E01013147,North East Lincolnshire 009A,Criminal damage and arson,Investigation complete; no suspect identified,
0ce250d147cf65b8c84e567871898cc9ebd35c52924e3d368c583eb26616879a,2021-05,Humberside Police,Humberside Police,-0.120517,53.570000,On or near Service Road 7,E01013147,North East Lincolnshire 009A,Criminal damage and arson,Investigation complete; no suspect identified,
72a344f3b6cf723a8b2e14f2db33f52ad6a553abb001c3b3a57a058d8400e617,2021-05,Humberside Police,Humberside Police,-0.128948,53.569565,On or near Parking Area,E01013147,North East Lincolnshire 009A,Public order,Further action is not in the public interest,
6259f777a575d7a3ee221f46c7af719ca8209a22e13fca8942c21081f20d9697,2021-05,Humberside Police,Humberside Police,-0.128948,53.569565,On or near Parking Area,E01013147,North East Lincolnshire 009A,Public order,Unable to prosecute suspect,
38cf01e1ab49a67643e3b721add527f1144b036f004fe5c476882a5fda42ee72,2021-05,Humberside Police,Humberside Police,-0.126448,53.571108,On or near Service Road 23,E01013147,North East Lincolnshire 009A,Public order,Unable to prosecute suspect,
3bdf95d140d1dd8e7b16b355e0ff6b0398e99c4c65d9f3acd9d92e64f56087ec,2021-05,Humberside Police,Humberside Police,-0.128948,53.569565,On or near Parking Area,E01013147,North East Lincolnshire 009A,Shoplifting,Investigation complete; no suspect identified,
e5c561deb9f18190b0b43dfda62d4424124bff869d2bba90d2797197824c1dcf,2021-05,Humberside Police,Humberside Police,-0.128948,53.569565,On or near Parking Area,E01013147,North East Lincolnshire 009A,Shoplifting,Investigation complete; no suspect identified,
9d583c9c7375a60f844a8854e319ba78d43e7f994880352fe474a41cfbb8e204,2021-05,Humberside Police,Humberside Police,-0.126448,53.571108,On or near Service Road 23,E01013147,North East Lincolnshire 009A,Violence and sexual offences,Unable to prosecute suspect,
2cef447abbd926b7957aecf086915855e924210e567edb4bc40fdb28e430b4dc,2021-05,Humberside Police,Humberside Police,-0.126453,53.569625,On or near Service Road 15,E01013147,North East Lincolnshire 009A,Violence and sexual offences,Investigation complete; no suspect identified,
d10dda9824ad3b7b4a49a71f8204181b224b02110137aa09b41e7f63f18ed98f,2021-05,Humberside Police,Humberside Police,-0.128948,53.569565,On or near Parking Area,E01013147,North East Lincolnshire 009A,Violence and sexual offences,Unable to prosecute suspect,
b18604284cc06a1e8a782a729a346ec09b60c6e40ac7a2f9f1424c867aec16d7,2021-05,Humberside Police,Humberside Police,-0.126448,53.571108,On or near Service Road 23,E01013147,North East Lincolnshire 009A,Violence and sexual offences,Unable to prosecute suspect,
57d219a158f4efae8f944f8eabfc8f036259aaf40b92670c9af1d4f57c87ef74,2021-05,Humberside Police,Humberside Police,-0.126448,53.571108,On or near Service Road 23,E01013147,North East Lincolnshire 009A,Violence and sexual offences,Unable to prosecute suspect,
51e07841d1791bf7cb1ff116f7855426f39688d30b008a0b6e5a7f6283161718,2021-05,Humberside Police,Humberside Police,-0.128948,53.569565,On or near Parking Area,E01013147,North East Lincolnshire 009A,Violence and sexual offences,Unable to prosecute suspect,
6d1c648566d9a233392d770c0d9fe0f260ea80cd801e462cd0cff6ec9596eb9a,2021-05,Humberside Police,Humberside Police,-0.128948,53.569565,On or near Parking Area,E01013147,North East Lincolnshire 009A,Violence and sexual offences,Action to be taken by another organisation,
24b8d08454d8698c40738e306dcd66c5eb417967a81316c09f5ef7db86078e55,2021-05,Humberside Police,Humberside Police,-0.126453,53.569625,On or near Service Road 15,E01013147,North East Lincolnshire 009A,Violence and sexual offences,Unable to prosecute suspect,
fa9df650642c71c6ae09f6c4134245ca1e93739a2c26d86b080dce26df15095b,2021-05,Humberside Police,Humberside Police,-0.128948,53.569565,On or near Parking Area,E01013147,North East Lincolnshire 009A,Violence and sexual offences,Unable to prosecute suspect,
90c842acb19e2a651797512c86ad8949decbccb7d19987dd35af7335086a9666,2021-05,Humberside Police,Humberside Police,-0.123151,53.568836,On or near Service Road 2,E01013147,North East Lincolnshire 009A,Violence and sexual offences,Investigation complete; no suspect identified,
dcdc34ae65354eff07771c9ecf86d1bdbd284bcb3339d5ee18c6dd0b55c568fb,2021-05,Humberside Police,Humberside Police,-0.128948,53.569565,On or near Parking Area,E01013147,North East Lincolnshire 009A,Violence and sexual offences,Action to be taken by another organisation,
7da87660b52ae223dea62e1099550b316d716839ac18bd50a170c60fb59f793c,2021-05,Humberside Police,Humberside Police,-0.126453,53.569625,On or near Service Road 15,E01013147,North East Lincolnshire 009A,Violence and sexual offences,Court result unavailable,
9005e7aefeebc8e2f13f94670ce4d843f0594cd50d018fd6d23bed1e2f2939db,2021-05,Humberside Police,Humberside Police,-0.126453,53.569625,On or near Service Road 15,E01013147,North East Lincolnshire 009A,Violence and sexual offences,Court result unavailable,
aa11a9c30f7a04f3451ef9dacff6d13d9ac11efc09b059786f6cc1206e25939c,2021-05,Humberside Police,Humberside Police,-0.110252,53.561082,On or near Baytree Avenue,E01013234,North East Lincolnshire 009D,Criminal damage and arson,Investigation complete; no suspect identified,
c5e20feced87d6785bfdbfa6bd22767438a08855bffbdb89f8095e06ed15987f,2021-05,Humberside Police,Humberside Police,-0.117076,53.558043,On or near Supermarket,E01013234,North East Lincolnshire 009D,Other theft,Investigation complete; no suspect identified,
56d853fb1cb577590fc7306d3bfabdd2051aa103abc3becf3f7465df62b70e6b,2021-05,Humberside Police,Humberside Police,-0.117076,53.558043,On or near Supermarket,E01013234,North East Lincolnshire 009D,Public order,Unable to prosecute suspect,
686a1e2d420ac471c081d16835225add3c1cc406c216a0c406bfb6c7bbfdc98a,2021-05,Humberside Police,Humberside Police,-0.109348,53.561050,On or near Birch Avenue,E01013234,North East Lincolnshire 009D,Public order,Unable to prosecute suspect,
4511413441dd02e684d09515e84dc5a5b084d6ddb5694fe021f56431591cd3f9,2021-05,Humberside Police,Humberside Police,-0.108812,53.560538,On or near Kingston Avenue,E01013234,North East Lincolnshire 009D,Public order,Unable to prosecute suspect,
09948a3f311aace9405621d1eba414167880ddb9f56a28b0a2ab05b4fd2745e0,2021-05,Humberside Police,Humberside Police,-0.117076,53.558043,On or near Supermarket,E01013234,North East Lincolnshire 009D,Shoplifting,Investigation complete; no suspect identified,
04b6c6c0e013122a12b066e4b117a66a6a70f3e35fd3f8783c88e12f97a39e52,2021-05,Humberside Police,Humberside Police,-0.113516,53.557969,On or near Clare Court,E01013234,North East Lincolnshire 009D,Violence and sexual offences,Unable to prosecute suspect,
623158d0b376e49ed9f3a2adbe3484622775de737436cccab8c50f932b0f2c70,2021-05,Humberside Police,Humberside Police,-0.109348,53.561050,On or near Birch Avenue,E01013234,North East Lincolnshire 009D,Violence and sexual offences,Unable to prosecute suspect,
bd69f76c9277569be50e0fa3bc7cbed848c9d8f68fd7b14d2cc141edf7cf6f2b,2021-05,Humberside Police,Humberside Police,-0.108812,53.560538,On or near Kingston Avenue,E01013234,North East Lincolnshire 009D,Violence and sexual offences,Investigation complete; no suspect identified,
3ed9f2153b5e03f882d3624de59032d150284af844dd35e1809d7b28d7291ae0,2021-05,Humberside Police,Humberside Police,-0.108812,53.560538,On or near Kingston Avenue,E01013234,North East Lincolnshire 009D,Violence and sexual offences,Unable to prosecute suspect,
4fa5f42d2890f3f6c5a4c8b7b707a785573295ce76b653b72d8d5e627694ec41,2021-05,Humberside Police,Humberside Police,-0.112743,53.560411,On or near Limber Vale,E01013234,North East Lincolnshire 009D,Violence and sexual offences,Unable to prosecute suspect,
,2021-05,Humberside Police,Humberside Police,-0.112710,53.564555,On or near Central Parade,E01033414,North East Lincolnshire 009E,Anti-social behaviour,,
,2021-05,Humberside Police,Humberside Police,-0.112710,53.564555,On or near Central Parade,E01033414,North East Lincolnshire 009E,Anti-social behaviour,,
,2021-05,Humberside Police,Humberside Police,-0.113376,53.562821,On or near Kirmington Gardens,E01033414,North East Lincolnshire 009E,Anti-social behaviour,,
,2021-05,Humberside Police,Humberside Police,-0.111795,53.561691,On or near Grange Walk,E01033414,North East Lincolnshire 009E,Anti-social behaviour,,
,2021-05,Humberside Police,Humberside Police,-0.111795,53.561691,On or near Grange Walk,E01033414,North East Lincolnshire 009E,Anti-social behaviour,,
,2021-05,Humberside Police,Humberside Police,-0.111795,53.561691,On or near Grange Walk,E01033414,North East Lincolnshire 009E,Anti-social behaviour,,
4813d94bef4bcf0f05c6af994090607669feb225d6de54ae8394ca54f3ef90fa,2021-05,Humberside Police,Humberside Police,-0.108717,53.566388,On or near Spring Bank,E01033414,North East Lincolnshire 009E,Criminal damage and arson,Investigation complete; no suspect identified,
a8897c87496fdd27aca868428ddf183b2b6f288c603c1ece767513ac904d4743,2021-05,Humberside Police,Humberside Police,-0.118191,53.561144,On or near Stroykins Close,E01033414,North East Lincolnshire 009E,Criminal damage and arson,Investigation complete; no suspect identified,
f49de7c5bbfcce8d6f1a16858d3b522046f0f508f15629922baff0dad52da7aa,2021-05,Humberside Police,Humberside Police,-0.108717,53.566388,On or near Spring Bank,E01033414,North East Lincolnshire 009E,Other theft,Investigation complete; no suspect identified,
6ca57eba076905976bbd3dd10e6339362fef6fa0ebc752e20e257a9342d8a12d,2021-05,Humberside Police,Humberside Police,-0.118191,53.561144,On or near Stroykins Close,E01033414,North East Lincolnshire 009E,Public order,Investigation complete; no suspect identified,
ad20d6ba524c57b3c9b6ef378f6ef3a756b2b0b7c22dcc66cabaf428a4b272e0,2021-05,Humberside Police,Humberside Police,-0.111973,53.563473,On or near Silver Birch Place,E01033414,North East Lincolnshire 009E,Public order,Unable to prosecute suspect,
33dc717d1fff54f1a5a078c6a78bb56322c50825c87e7ec13a4c944d7b065d94,2021-05,Humberside Police,Humberside Police,-0.112710,53.564555,On or near Central Parade,E01033414,North East Lincolnshire 009E,Public order,Unable to prosecute suspect,
4a6f0e2b600a1f377e0d6344f86ed0f44f7622238b752d163c6984a41339ea78,2021-05,Humberside Police,Humberside Police,-0.108717,53.566388,On or near Spring Bank,E01033414,North East Lincolnshire 009E,Violence and sexual offences,Unable to prosecute suspect,
3621db632e11b7cad3d84b3a040767baabb5850630b8e9d66fca1ad5eae11ca8,2021-05,Humberside Police,Humberside Police,-0.113376,53.562821,On or near Kirmington Gardens,E01033414,North East Lincolnshire 009E,Violence and sexual offences,Further action is not in the public interest,
f7bc63f167e9868673a7e474b0acbe80d19137c729179d6321f6d16ad072eb1b,2021-05,Humberside Police,Humberside Police,-0.113376,53.562821,On or near Kirmington Gardens,E01033414,North East Lincolnshire 009E,Violence and sexual offences,Further action is not in the public interest,
f53f52e0b9aad8479b222018eb82661247ec976afb506cc876f32fb7cc55810d,2021-05,Humberside Police,Humberside Police,-0.113376,53.562821,On or near Kirmington Gardens,E01033414,North East Lincolnshire 009E,Violence and sexual offences,Court result unavailable,
4016c8de4984a197559b7e2690ae0ba23658195da964c707a87336269369fba3,2021-05,Humberside Police,Humberside Police,-0.108717,53.566388,On or near Spring Bank,E01033414,North East Lincolnshire 009E,Violence and sexual offences,Unable to prosecute suspect,
09bf8b298219397d2b09a72975ec1aac631247d439988c30e6086700902eff0d,2021-05,Humberside Police,Humberside Police,-0.035676,53.560770,On or near A46,E01013128,North East Lincolnshire 010A,Criminal damage and arson,Unable to prosecute suspect,
ec8ab3f830d97d714dcc49727620913d2249ed1a9ee9ba8935429f1835c67f58,2021-05,Humberside Police,Humberside Police,-0.029424,53.560469,On or near Nightclub,E01013128,North East Lincolnshire 010A,Other theft,Investigation complete; no suspect identified,
dbf6bebd4921a930d0a63a34cdca66582220874a5a4a9688d691c47cb9f846a5,2021-05,Humberside Police,Humberside Police,-0.034500,53.557470,On or near Fair View Avenue,E01013128,North East Lincolnshire 010A,Public order,Unable to prosecute suspect,
30d4f0fee3f64a13f229551c5c4e2f4c686f5fbb1aa3dfce8f66eb0e806c0b44,2021-05,Humberside Police,Humberside Police,-0.035676,53.560770,On or near A46,E01013128,North East Lincolnshire 010A,Public order,Investigation complete; no suspect identified,
69c1335cfe292ace88828f8ae7a09c7c219d04f07d557256f849da47321eb215,2021-05,Humberside Police,Humberside Police,-0.031318,53.560636,On or near High Street,E01013128,North East Lincolnshire 010A,Public order,Investigation complete; no suspect identified,
d6dc2eb0a40afe5410f1e08ef9334c9bb3b793e581864b5304e908321f940aaf,2021-05,Humberside Police,Humberside Police,-0.029424,53.560469,On or near Nightclub,E01013128,North East Lincolnshire 010A,Public order,Unable to prosecute suspect,
96a3a5aa1f063742eaabd2b0798399df7ee0ae8141fbc638e5a78ffe8fa5f8e0,2021-05,Humberside Police,Humberside Police,-0.031318,53.560636,On or near High Street,E01013128,North East Lincolnshire 010A,Public order,Court result unavailable,
4ff8a9c0a0763d02f9926ef5f478f790f6258eee609185c623e43acfd785d735,2021-05,Humberside Police,Humberside Police,-0.035677,53.559763,On or near Bursar Street,E01013128,North East Lincolnshire 010A,Violence and sexual offences,Unable to prosecute suspect,
f5d8d38bdf21c39aad0aa07caba47bee65429de9a4c1f36e27f1941c5c1007de,2021-05,Humberside Police,Humberside Police,-0.037325,53.559071,On or near Wollaston Road,E01013128,North East Lincolnshire 010A,Violence and sexual offences,Unable to prosecute suspect,
932c0b69706dd4f5e96752d0e66d238ea9b04175d98f9c7a527f1b5367b62243,2021-05,Humberside Police,Humberside Police,-0.035677,53.559763,On or near Bursar Street,E01013128,North East Lincolnshire 010A,Violence and sexual offences,Unable to prosecute suspect,
c50a1e4719debe53a10b793120bebf736f5e6d7ba00b63cd65f98236b7689b1d,2021-05,Humberside Police,Humberside Police,-0.034719,53.559577,On or near Frederick Street,E01013128,North East Lincolnshire 010A,Violence and sexual offences,Unable to prosecute suspect,
85d6af638f9d4d0c1dcf494f7bdb3a1a8a789f4fd10b866e39dc4b404215ae7d,2021-05,Humberside Police,Humberside Police,-0.031318,53.560636,On or near High Street,E01013128,North East Lincolnshire 010A,Violence and sexual offences,Court result unavailable,
be253d3b92df10c974494ea17502bbcf21827a421e0d0ab24e1ad19a6cd7a552,2021-05,Humberside Police,Humberside Police,-0.035676,53.560770,On or near A46,E01013128,North East Lincolnshire 010A,Violence and sexual offences,Unable to prosecute suspect,
9eec5ecd83f563758dc65593fe1982e3553ec7983a2026027ddbe96234bf1c97,2021-05,Humberside Police,Humberside Police,-0.035951,53.559058,On or near Giles Street,E01013128,North East Lincolnshire 010A,Violence and sexual offences,Unable to prosecute suspect,
643cd055c711f0a3f5d2997e96507405e38e50e5e74ff50390f289aa76d4b86f,2021-05,Humberside Police,Humberside Police,-0.037181,53.557936,On or near Bentley Street,E01013128,North East Lincolnshire 010A,Violence and sexual offences,Local resolution,
f1482d0afd8008aa687cbd7f7ce454bac6cdabbc4628383822033fe9d30c4c90,2021-05,Humberside Police,Humberside Police,-0.037325,53.559071,On or near Wollaston Road,E01013128,North East Lincolnshire 010A,Violence and sexual offences,Unable to prosecute suspect,
25a3d179ef63d998f8477f70dc28fde7308c2552823a89c2a652c42100d100fe,2021-05,Humberside Police,Humberside Police,-0.035676,53.560770,On or near A46,E01013128,North East Lincolnshire 010A,Other crime,Investigation complete; no suspect identified,
,2021-05,Humberside Police,Humberside Police,-0.038450,53.564115,On or near Crampin Road,E01013198,North East Lincolnshire 010B,Anti-social behaviour,,
,2021-05,Humberside Police,Humberside Police,-0.038992,53.563180,On or near Machray Place,E01013198,North East Lincolnshire 010B,Anti-social behaviour,,
1b789de6f06816016de793089adc1cff20d1384ba3f690ba615d8d4db6f48777,2021-05,Humberside Police,Humberside Police,-0.040120,53.565563,On or near Chapman Road,E01013198,North East Lincolnshire 010B,Criminal damage and arson,Investigation complete; no suspect identified,
90a543cd1a6da7d2745e1c187cc1c3226cc21fc8960350709bbe4f9ac9e92c4f,2021-05,Humberside Police,Humberside Police,-0.038725,53.567652,On or near Suggitt'S Orchard,E01013198,North East Lincolnshire 010B,Criminal damage and arson,Unable to prosecute suspect,
455e7c0472907d86b5c0ee4890b4435301e7a1f64faacee59a3c93ec34eb54ed,2021-05,Humberside Police,Humberside Police,-0.044086,53.566661,On or near Garnett Street,E01013198,North East Lincolnshire 010B,Other theft,Unable to prosecute suspect,
e7973474f500a0bfabe8229258630d2f1fbfedda901c691cb7232192817f2373,2021-05,Humberside Police,Humberside Police,-0.040734,53.567622,On or near Laurier Street,E01013198,North East Lincolnshire 010B,Public order,Investigation complete; no suspect identified,
40e15f6a33d50e228d01d748904777d85dbbecadf85bd9e26172309b70cff399,2021-05,Humberside Police,Humberside Police,-0.038725,53.567652,On or near Suggitt'S Orchard,E01013198,North East Lincolnshire 010B,Public order,Investigation complete; no suspect identified,
5468047487cf4045a5a099051f87ae586a72222081d2c2fee3067c4ab72bc1f4,2021-05,Humberside Police,Humberside Police,-0.038725,53.567652,On or near Suggitt'S Orchard,E01013198,North East Lincolnshire 010B,Public order,Unable to prosecute suspect,
82a9cf7e525b09084478e71945fae7f690f3f8b410166a7208c42e5f68eecd17,2021-05,Humberside Police,Humberside Police,-0.038725,53.567652,On or near Suggitt'S Orchard,E01013198,North East Lincolnshire 010B,Public order,Investigation complete; no suspect identified,
5a3c4798dcebbc4a360886f7016091a771372fcc6d4d3f9577ceb6d472852538,2021-05,Humberside Police,Humberside Police,-0.039490,53.565139,On or near Bennett Road,E01013198,North East Lincolnshire 010B,Public order,Unable to prosecute suspect,
18f83c072fe7ea183a62db938640f0bffc5aba3919ef626ddfc8c504611082b0,2021-05,Humberside Police,Humberside Police,-0.039857,53.567338,On or near Lewis Road,E01013198,North East Lincolnshire 010B,Vehicle crime,Investigation complete; no suspect identified,
131f0e449b2614e4483bd043a981be316341598aff5559de7ccee8b0ba230c7d,2021-05,Humberside Police,Humberside Police,-0.039490,53.565139,On or near Bennett Road,E01013198,North East Lincolnshire 010B,Violence and sexual offences,Unable to prosecute suspect,
898f2b47b327b28fadf6bdc43facc78381279448a10946d0af37084f7583a610,2021-05,Humberside Police,Humberside Police,-0.038450,53.564115,On or near Crampin Road,E01013198,North East Lincolnshire 010B,Violence and sexual offences,Investigation complete; no suspect identified,
9e74c741eb3a17c90a02862c9f44ddc6a086dc07637b4f38cb55a8dba8a47bb5,2021-05,Humberside Police,Humberside Police,-0.038450,53.564115,On or near Crampin Road,E01013198,North East Lincolnshire 010B,Other crime,Status update unavailable,
,2021-05,Humberside Police,Humberside Police,-0.032874,53.562261,On or near Police Station,E01013199,North East Lincolnshire 010C,Anti-social behaviour,,
,2021-05,Humberside Police,Humberside Police,-0.032485,53.560556,On or near Parking Area,E01013199,North East Lincolnshire 010C,Anti-social behaviour,,
,2021-05,Humberside Police,Humberside Police,-0.029836,53.561016,On or near A1098,E01013199,North East Lincolnshire 010C,Anti-social behaviour,,
,2021-05,Humberside Police,Humberside Police,-0.031099,53.562097,On or near Grant Street,E01013199,North East Lincolnshire 010C,Anti-social behaviour,,
,2021-05,Humberside Police,Humberside Police,-0.036146,53.563664,On or near St Helier'S Road,E01013199,North East Lincolnshire 010C,Anti-social behaviour,,
,2021-05,Humberside Police,Humberside Police,-0.029836,53.561016,On or near A1098,E01013199,North East Lincolnshire 010C,Anti-social behaviour,,
,2021-05,Humberside Police,Humberside Police,-0.033949,53.562198,On or near Poplar Grove,E01013199,North East Lincolnshire 010C,Anti-social behaviour,,
,2021-05,Humberside Police,Humberside Police,-0.029836,53.561016,On or near A1098,E01013199,North East Lincolnshire 010C,Anti-social behaviour,,
,2021-05,Humberside Police,Humberside Police,-0.029561,53.562063,On or near Parking Area,E01013199,North East Lincolnshire 010C,Anti-social behaviour,,
6cff5095178bd6ec238295528d140847771c1532d2ecb69b6c9912658986881c,2021-05,Humberside Police,Humberside Police,-0.034104,53.560484,On or near Isaac'S Hill,E01013199,North East Lincolnshire 010C,Bicycle theft,Investigation complete; no suspect identified,
92af4601c266bdf16b11ec082100aecae8094b0820f2985154e2b10bb7adf600,2021-05,Humberside Police,Humberside Police,-0.031820,53.560554,On or near Cross Street,E01013199,North East Lincolnshire 010C,Criminal damage and arson,Unable to prosecute suspect,
36a41f0a87964d47b365d1aa831207d60e64599b994199ea90909c1f2a03356a,2021-05,Humberside Police,Humberside Police,-0.029836,53.561016,On or near A1098,E01013199,North East Lincolnshire 010C,Drugs,Offender given a caution,
17036f97d204b312b759ede8ebfccfa2c11f4d0dd77a9faadaa82cf6a857fd30,2021-05,Humberside Police,Humberside Police,-0.029836,53.561016,On or near A1098,E01013199,North East Lincolnshire 010C,Drugs,Court result unavailable,
7487d05bda74062964e31e3933c965d453226c6420ee44c6e4275ba6c1ac09ce,2021-05,Humberside Police,Humberside Police,-0.029836,53.561016,On or near A1098,E01013199,North East Lincolnshire 010C,Drugs,Court result unavailable,
63511d8083ff9e2eb2675dfb1128f733d47333dce4f2d5a837d759a650e9e7c3,2021-05,Humberside Police,Humberside Police,-0.037126,53.562718,On or near Petrol Station,E01013199,North East Lincolnshire 010C,Possession of weapons,Unable to prosecute suspect,
3994766657ddc0e2217792e9db610b59286e27c9b96fcff0a1bc187be06b9e3c,2021-05,Humberside Police,Humberside Police,-0.032485,53.560556,On or near Parking Area,E01013199,North East Lincolnshire 010C,Public order,Court result unavailable,
31504157070ecbc6bc0e87435d917be4c64949e6b5747768857cbce4468d1f50,2021-05,Humberside Police,Humberside Police,-0.032398,53.561130,On or near College Street,E01013199,North East Lincolnshire 010C,Public order,Unable to prosecute suspect,
0d963317d3edceb3c94fc6dc6db5fe6cf4335b1e3ec287c65cc5c00b28df7037,2021-05,Humberside Police,Humberside Police,-0.032485,53.560556,On or near Parking Area,E01013199,North East Lincolnshire 010C,Public order,Unable to prosecute suspect,
71db58c0e20c9ae2a371f2e1c225c7f5e949b20166be3d064318073ed4994217,2021-05,Humberside Police,Humberside Police,-0.036146,53.563664,On or near St Helier'S Road,E01013199,North East Lincolnshire 010C,Public order,Unable to prosecute suspect,
5c5c0a31d4e021bf4f6249c2a33205185dab7907c378efefc1a820035077fa71,2021-05,Humberside Police,Humberside Police,-0.029836,53.561016,On or near A1098,E01013199,North East Lincolnshire 010C,Public order,Offender given a caution,
84966cb023d2041b1556f478c0e7407bd30cb007b18ba15c736c4675a33a8bd4,2021-05,Humberside Police,Humberside Police,-0.032485,53.560556,On or near Parking Area,E01013199,North East Lincolnshire 010C,Public order,Unable to prosecute suspect,
e28bda326b5e1b76d3efdddf70d2201eef5241597f6449736839d4c5375d3978,2021-05,Humberside Police,Humberside Police,-0.037126,53.562718,On or near Petrol Station,E01013199,North East Lincolnshire 010C,Vehicle crime,Unable to prosecute suspect,
e274ef20714ed35fa0484bc20670dc7023e897963e8e72d51932f08d2f997bfc,2021-05,Humberside Police,Humberside Police,-0.029836,53.561016,On or near A1098,E01013199,North East Lincolnshire 010C,Violence and sexual offences,Unable to prosecute suspect,
5e6736359e28ce30b78710949c0825144551175fccbf4a44642910675dd1b5c6,2021-05,Humberside Police,Humberside Police,-0.036146,53.563664,On or near St Helier'S Road,E01013199,North East Lincolnshire 010C,Violence and sexual offences,Unable to prosecute suspect,
028abeb8712665a4d90e9f093cd3efbacf1320c44d0ea790a978b0b4e692abbd,2021-05,Humberside Police,Humberside Police,-0.036857,53.562318,On or near Conyard Road,E01013199,North East Lincolnshire 010C,Violence and sexual offences,Unable to prosecute suspect,
7db2547bd76efa74d8c38ec6624dae041d6e5ea203bb35832ecdc9c8f619f102,2021-05,Humberside Police,Humberside Police,-0.032485,53.560556,On or near Parking Area,E01013199,North East Lincolnshire 010C,Violence and sexual offences,Court result unavailable,
6250f341c187e8db08113a8b6a6c47790bfe551983c4ac7934bd85da2687db2c,2021-05,Humberside Police,Humberside Police,-0.034104,53.560484,On or near Isaac'S Hill,E01013199,North East Lincolnshire 010C,Violence and sexual offences,Unable to prosecute suspect,
d0e647267964c3d0a240519d6d7e248799891d8a825bfb5bdd795ecf50b75a94,2021-05,Humberside Police,Humberside Police,-0.032398,53.561130,On or near College Street,E01013199,North East Lincolnshire 010C,Violence and sexual offences,Unable to prosecute suspect,
745afaf7bf84c759702507632277f1adedfbee9e290a398db4b5507f39c08d78,2021-05,Humberside Police,Humberside Police,-0.029836,53.561016,On or near A1098,E01013199,North East Lincolnshire 010C,Violence and sexual offences,Court result unavailable,
736589c54d078c270ef871d342e9e0522e6305b0d0d26e08128c7da4c727e22a,2021-05,Humberside Police,Humberside Police,-0.029836,53.561016,On or near A1098,E01013199,North East Lincolnshire 010C,Violence and sexual offences,Unable to prosecute suspect,
453ed6a1bf96672f664f8525318e868442961e3c9facbe5a2913bc2f2df22184,2021-05,Humberside Police,Humberside Police,-0.032485,53.560556,On or near Parking Area,E01013199,North East Lincolnshire 010C,Violence and sexual offences,Unable to prosecute suspect,
08853e0b82f39d3f8a5ab5daf75c2843c7c9c89f58fbb4c1d77c0a33d7bdd83a,2021-05,Humberside Police,Humberside Police,-0.029836,53.561016,On or near A1098,E01013199,North East Lincolnshire 010C,Violence and sexual offences,Unable to prosecute suspect,
37bb0d087a3ff3940bd0eb7cc466033809fb609a0d789183ca99bfaa469ed9bf,2021-05,Humberside Police,Humberside Police,-0.036857,53.562318,On or near Conyard Road,E01013199,North East Lincolnshire 010C,Violence and sexual offences,Unable to prosecute suspect,
d87a14ffcdf8a4547bbbf406af840b8c679d37fc11737c9b5e78d171e6871c93,2021-05,Humberside Police,Humberside Police,-0.034104,53.560484,On or near Isaac'S Hill,E01013199,North East Lincolnshire 010C,Violence and sexual offences,Unable to prosecute suspect,
4c36627fb722fc43e3613c6e5e2a995053035f389a59268bc35bb5024e03702d,2021-05,Humberside Police,Humberside Police,-0.034104,53.560484,On or near Isaac'S Hill,E01013199,North East Lincolnshire 010C,Violence and sexual offences,Further action is not in the public interest,
33cd43f43a3a756ee716af38aa92314f2fdf39fe9fcd68b775d842e352a0d4a3,2021-05,Humberside Police,Humberside Police,-0.031099,53.562097,On or near Grant Street,E01013199,North East Lincolnshire 010C,Violence and sexual offences,Investigation complete; no suspect identified,
0f2fce246c8433722a9f4fa519fe9b9d0844e9b12caedfd8afdf1909046daab4,2021-05,Humberside Police,Humberside Police,-0.036857,53.562318,On or near Conyard Road,E01013199,North East Lincolnshire 010C,Violence and sexual offences,Unable to prosecute suspect,
,2021-05,Humberside Police,Humberside Police,-0.045129,53.565330,On or near Lestrange Street,E01013200,North East Lincolnshire 010D,Anti-social behaviour,,
,2021-05,Humberside Police,Humberside Police,-0.036580,53.561783,On or near Grimsby Road,E01013200,North East Lincolnshire 010D,Anti-social behaviour,,
,2021-05,Humberside Police,Humberside Police,-0.036580,53.561783,On or near Grimsby Road,E01013200,North East Lincolnshire 010D,Anti-social behaviour,,
,2021-05,Humberside Police,Humberside Police,-0.039231,53.560631,On or near Brereton Avenue,E01013200,North East Lincolnshire 010D,Anti-social behaviour,,
ab4e6bf91d3973d2139afbd59ce1723d792aef94d9778e11b72023914d2a4a41,2021-05,Humberside Police,Humberside Police,-0.043760,53.562269,On or near Martyn Road,E01013200,North East Lincolnshire 010D,Criminal damage and arson,Investigation complete; no suspect identified,
1d27743eba3efa9d8f329d000a90f8053472da315e2671d62495e5d957c948a7,2021-05,Humberside Police,Humberside Police,-0.043967,53.564017,On or near Simons Place,E01013200,North East Lincolnshire 010D,Other theft,Local resolution,
593d13303c5c0b358f2fabd91be1cda814e552cc5f43a09c458410ae405d5014,2021-05,Humberside Police,Humberside Police,-0.039231,53.560631,On or near Brereton Avenue,E01013200,North East Lincolnshire 010D,Public order,Unable to prosecute suspect,
e1d2c849c76caf9e882c2d055f76ee24422a047d6d8bf24549cccf5e0d6ae824,2021-05,Humberside Police,Humberside Police,-0.036580,53.561783,On or near Grimsby Road,E01013200,North East Lincolnshire 010D,Violence and sexual offences,Unable to prosecute suspect,
9c7fd0fea246df9c81185a2870fab0a9a2c9e71a39b211d3e5f5384b4dddf799,2021-05,Humberside Police,Humberside Police,-0.045129,53.565330,On or near Lestrange Street,E01013200,North East Lincolnshire 010D,Violence and sexual offences,Unable to prosecute suspect,
c78dba0f2e05173196d4e9939be9e53130e0f975f0f43c0cda766d8672653bff,2021-05,Humberside Police,Humberside Police,-0.043760,53.562269,On or near Martyn Road,E01013200,North East Lincolnshire 010D,Violence and sexual offences,Unable to prosecute suspect,
74720945615d5e9608b8d2ba7b9cac57a187723464a248cbf5b984684b467c5a,2021-05,Humberside Police,Humberside Police,-0.039231,53.560631,On or near Brereton Avenue,E01013200,North East Lincolnshire 010D,Violence and sexual offences,Investigation complete; no suspect identified,
3525d954ae5bb00d74335609b22ded6212e2cd8d98dd44f5df31d181d388fecc,2021-05,Humberside Police,Humberside Police,-0.040246,53.561852,On or near Reynolds Street,E01013200,North East Lincolnshire 010D,Violence and sexual offences,Local resolution,
9f59a5f1bd76ab77947547dd42c64f3588e341d41d88478f6d101c68068260cb,2021-05,Humberside Police,Humberside Police,-0.045129,53.565330,On or near Lestrange Street,E01013200,North East Lincolnshire 010D,Violence and sexual offences,Unable to prosecute suspect,
e23df9807305ce4661e17aaddd6cd307bddde3230e6fa627ed05617860a31672,2021-05,Humberside Police,Humberside Police,-0.039231,53.560631,On or near Brereton Avenue,E01013200,North East Lincolnshire 010D,Violence and sexual offences,Unable to prosecute suspect,
,2021-05,Humberside Police,Humberside Police,-0.072902,53.559641,On or near Welholme Road,E01013159,North East Lincolnshire 011A,Anti-social behaviour,,
ef409cd99cac1e89cc9e20fc7c3395fe98e98591a3c9c81a9972b4258fa42b86,2021-05,Humberside Police,Humberside Police,-0.072902,53.559641,On or near Welholme Road,E01013159,North East Lincolnshire 011A,Criminal damage and arson,Investigation complete; no suspect identified,
f1975ff394048a3b5ec6b4a243167489dcea4aa71faed61a2d20dc937fc6f6cf,2021-05,Humberside Police,Humberside Police,-0.071868,53.564434,On or near Thomas Street,E01013159,North East Lincolnshire 011A,Criminal damage and arson,Investigation complete; no suspect identified,
420dfae1153202cd6edabbbd34c6447316825bf4c068f5c269e44687423c6342,2021-05,Humberside Police,Humberside Police,-0.070482,53.561373,On or near Convamore Road,E01013159,North East Lincolnshire 011A,Criminal damage and arson,Unable to prosecute suspect,
880fdd587b67575f01e95fe6091748871fc33ac52ce8bf41d2080fa97184060a,2021-05,Humberside Police,Humberside Police,-0.068592,53.562763,On or near Ladysmith Road,E01013159,North East Lincolnshire 011A,Criminal damage and arson,Investigation complete; no suspect identified,
af6b998821596ed64ff9bd957d72ed9c893d523e58936bdd6d9585c40c599a1b,2021-05,Humberside Police,Humberside Police,-0.071868,53.564434,On or near Thomas Street,E01013159,North East Lincolnshire 011A,Criminal damage and arson,Local resolution,
49d777b6a38d60bf2eddfb06b938aa47bf77fd5670a4e45be465558469512250,2021-05,Humberside Police,Humberside Police,-0.069967,53.563081,On or near Donnington Street,E01013159,North East Lincolnshire 011A,Drugs,Status update unavailable,
459569f1f51fee134da899f18e3f53eff09ea59314287641524a958d26eea1ea,2021-05,Humberside Police,Humberside Police,-0.068592,53.562763,On or near Ladysmith Road,E01013159,North East Lincolnshire 011A,Other theft,Investigation complete; no suspect identified,
ae66524479e8b42fbcea10486ce228ebbb15d05de2cce2f247584a5b57b9c88c,2021-05,Humberside Police,Humberside Police,-0.075043,53.565357,On or near Pasture Street,E01013159,North East Lincolnshire 011A,Robbery,Court result unavailable,
b1a0ef5cded89af41570264fd9e74eaff2c7aa3fdcd1a2a5e666d4b7ebf27800,2021-05,Humberside Police,Humberside Police,-0.073473,53.559362,On or near Heneage Road,E01013159,North East Lincolnshire 011A,Shoplifting,Further investigation is not in the public interest,
73abe8e355be7762022db7644b6d80d65ee8650df18686e9ae931f4ffb10fce6,2021-05,Humberside Police,Humberside Police,-0.073257,53.564105,On or near Edward Street,E01013159,North East Lincolnshire 011A,Vehicle crime,Investigation complete; no suspect identified,
a72d84e17f5263b9a284b6f65f13b0b0e002979d004f692558fcf7a912d8208c,2021-05,Humberside Police,Humberside Police,-0.071868,53.564434,On or near Thomas Street,E01013159,North East Lincolnshire 011A,Vehicle crime,Investigation complete; no suspect identified,
2c0f318c31593bb4d79faf5caf022a81467bf37e15215a23c3befcefbc4bc2dd,2021-05,Humberside Police,Humberside Police,-0.075043,53.565357,On or near Pasture Street,E01013159,North East Lincolnshire 011A,Violence and sexual offences,Local resolution,
c98bee56ada1c158b5d1c9e4334340e731bb515e2fae1d98398b1d3698a5de0c,2021-05,Humberside Police,Humberside Police,-0.071868,53.564434,On or near Thomas Street,E01013159,North East Lincolnshire 011A,Violence and sexual offences,Unable to prosecute suspect,
6dacbe64e39fed273d4d9c833907e3e86e63d115db54cac8b4b5d9e1364b82a4,2021-05,Humberside Police,Humberside Police,-0.068592,53.562763,On or near Ladysmith Road,E01013159,North East Lincolnshire 011A,Violence and sexual offences,Unable to prosecute suspect,
8b2ba3f18b9619f3c8067e84309b0c40b904f13c5137e0ca903c249dbae9f210,2021-05,Humberside Police,Humberside Police,-0.068592,53.562763,On or near Ladysmith Road,E01013159,North East Lincolnshire 011A,Violence and sexual offences,Unable to prosecute suspect,
1dbe1c4591c68d5963c7ea16efe694b400db22d5d03b1de3b8c8a796e804dfbc,2021-05,Humberside Police,Humberside Police,-0.073257,53.564105,On or near Edward Street,E01013159,North East Lincolnshire 011A,Violence and sexual offences,Investigation complete; no suspect identified,
d8bc4235e91ce51b8affc22c8f405aab28cdcb8263c27f9ad84de5d869250f03,2021-05,Humberside Police,Humberside Police,-0.068592,53.562763,On or near Ladysmith Road,E01013159,North East Lincolnshire 011A,Violence and sexual offences,Status update unavailable,
9d97d07920d328a69d1a2bf94f14814e08f2da6c6ff48697f889f9d9ce550a93,2021-05,Humberside Police,Humberside Police,-0.075043,53.565357,On or near Pasture Street,E01013159,North East Lincolnshire 011A,Violence and sexual offences,Unable to prosecute suspect,
a790a0d1f3f5f5de244185508980882ba52d92fc827ed15d318b2ece8b4faccf,2021-05,Humberside Police,Humberside Police,-0.073257,53.564105,On or near Edward Street,E01013159,North East Lincolnshire 011A,Violence and sexual offences,Investigation complete; no suspect identified,
3d3365a94e4d12c6bd0e5801e398db2e9d9ee8eae616eb19ca52025928fb0d51,2021-05,Humberside Police,Humberside Police,-0.070482,53.561373,On or near Convamore Road,E01013159,North East Lincolnshire 011A,Violence and sexual offences,Unable to prosecute suspect,
89715912a6b4c3dcded3d4b82d9fb88ef17eb50758f3e8fb659bde97e7afe3da,2021-05,Humberside Police,Humberside Police,-0.068592,53.562763,On or near Ladysmith Road,E01013159,North East Lincolnshire 011A,Violence and sexual offences,Unable to prosecute suspect,
edbfa11d6d495f4f2fc353f11964b7c2145e79a32f8e56ed1f08af73d5f3b996,2021-05,Humberside Police,Humberside Police,-0.068592,53.562763,On or near Ladysmith Road,E01013159,North East Lincolnshire 011A,Violence and sexual offences,Unable to prosecute suspect,
2e9b39f0f8ece877527a1168c3e07457e2e68bc357499808b7623cbde0921362,2021-05,Humberside Police,Humberside Police,-0.069967,53.563081,On or near Donnington Street,E01013159,North East Lincolnshire 011A,Other crime,Action to be taken by another organisation,
584407f0f3dd1b7a6c290063fcac5ccfb78656393bb90c3c63def8ffd7131848,2021-05,Humberside Police,Humberside Police,-0.075344,53.560723,On or near Tasburgh Street,E01013161,North East Lincolnshire 011B,Criminal damage and arson,Unable to prosecute suspect,
4e14426956b7e97fd7603620912d08175b2b2953da40f1f1af0f04ecce913454,2021-05,Humberside Police,Humberside Police,-0.073684,53.559357,On or near Supermarket,E01013161,North East Lincolnshire 011B,Public order,Unable to prosecute suspect,
423358d9c1ec2cb9e2dca2b0089712271431883e614edd13fda74d9a323b6ee3,2021-05,Humberside Police,Humberside Police,-0.073684,53.559357,On or near Supermarket,E01013161,North East Lincolnshire 011B,Public order,Unable to prosecute suspect,
58dd1e13945a38e633e8f128b6386a08a5a2024dd79d6d8c6bfb76c7efa1b04f,2021-05,Humberside Police,Humberside Police,-0.073684,53.559357,On or near Supermarket,E01013161,North East Lincolnshire 011B,Public order,Unable to prosecute suspect,
e075279937ddce9af3e9a8f3070aba4491979571647af548dfd0dfe07e9797e0,2021-05,Humberside Police,Humberside Police,-0.073684,53.559357,On or near Supermarket,E01013161,North East Lincolnshire 011B,Public order,Unable to prosecute suspect,
77e4d016a00052890ecee85e428ed9dd9d43fbd11d01efd92b1e91e4ce0982b2,2021-05,Humberside Police,Humberside Police,-0.073684,53.559357,On or near Supermarket,E01013161,North East Lincolnshire 011B,Shoplifting,Court result unavailable,
44f851448b7312fbc762e7c81de4e82ffd03d04ef73489ec2a8c90ec484795b2,2021-05,Humberside Police,Humberside Police,-0.073684,53.559357,On or near Supermarket,E01013161,North East Lincolnshire 011B,Shoplifting,Court result unavailable,
d59fe5caba96f88dd81b7fe9c9fc729f3f2b3af54c78014fa05a430dddb6bcfe,2021-05,Humberside Police,Humberside Police,-0.073684,53.559357,On or near Supermarket,E01013161,North East Lincolnshire 011B,Shoplifting,Court result unavailable,
2d863e61bac4aaf0c81a7091df8191650c913b2933b462e58a1339177778e7e9,2021-05,Humberside Police,Humberside Police,-0.073684,53.559357,On or near Supermarket,E01013161,North East Lincolnshire 011B,Shoplifting,Court result unavailable,
d523d9c3af2e29a965182f7fec81a431c5a49deba9bdd4eae47c2cfb55814d74,2021-05,Humberside Police,Humberside Police,-0.073684,53.559357,On or near Supermarket,E01013161,North East Lincolnshire 011B,Shoplifting,Court result unavailable,
fbe71d0c638f1a486999214c2817573f90eff426d0a0cdc7cda0069af8f84c8b,2021-05,Humberside Police,Humberside Police,-0.072361,53.557924,On or near Patrick Street,E01013161,North East Lincolnshire 011B,Violence and sexual offences,Further action is not in the public interest,
96ddb8339ea58d7816d327b4e490a6b5b2d6883f198698a285df0a32208c9ce7,2021-05,Humberside Police,Humberside Police,-0.072361,53.557924,On or near Patrick Street,E01013161,North East Lincolnshire 011B,Violence and sexual offences,Unable to prosecute suspect,
351b618a5308e9ca6cc668a2e306c4f6bb72a98149e35df7322689f1e0940195,2021-05,Humberside Police,Humberside Police,-0.075344,53.560723,On or near Tasburgh Street,E01013161,North East Lincolnshire 011B,Violence and sexual offences,Unable to prosecute suspect,
14a2967b89397935459ea1623a6e21f0153def2ecf754e5d3ee813b442d976e5,2021-05,Humberside Police,Humberside Police,-0.072549,53.557100,On or near David Street,E01013161,North East Lincolnshire 011B,Violence and sexual offences,Status update unavailable,
82e5a2743b6dd86e8e1a096aad8ff89f6d34852946c0392ab2c3909c1b235da1,2021-05,Humberside Police,Humberside Police,-0.072361,53.557924,On or near Patrick Street,E01013161,North East Lincolnshire 011B,Violence and sexual offences,Further action is not in the public interest,
9529712ca8beb0585290700920605ac57183a824c7213983adc6c8f94747021a,2021-05,Humberside Police,Humberside Police,-0.072361,53.557924,On or near Patrick Street,E01013161,North East Lincolnshire 011B,Violence and sexual offences,Further action is not in the public interest,
cb6e6d71e813ce743eda163dad6f0aeb7e6e85ef4b9f97f80f18c4fd7034edd0,2021-05,Humberside Police,Humberside Police,-0.075298,53.560057,On or near Hare Street,E01013161,North East Lincolnshire 011B,Violence and sexual offences,Further action is not in the public interest,
95ddfbf63db5eacb3edd25a8bed280dbf89315a8cb867b71cec348fdb0b35459,2021-05,Humberside Police,Humberside Police,-0.072549,53.557100,On or near David Street,E01013161,North East Lincolnshire 011B,Violence and sexual offences,Unable to prosecute suspect,
,2021-05,Humberside Police,Humberside Police,-0.075248,53.554518,On or near Remillo Avenue,E01013162,North East Lincolnshire 011C,Anti-social behaviour,,
727d610b3f3893f3def3aa5e72888416aa8417bf7ab42c6ef44a77a45fd1949e,2021-05,Humberside Police,Humberside Police,-0.076594,53.559457,On or near Hainton Avenue,E01013162,North East Lincolnshire 011C,Criminal damage and arson,Unable to prosecute suspect,
0b9617dc1f2027212b77be661d1ca4bb4a0ea86453eddf48d0e9f0de45fdb9d8,2021-05,Humberside Police,Humberside Police,-0.076594,53.559457,On or near Hainton Avenue,E01013162,North East Lincolnshire 011C,Criminal damage and arson,Investigation complete; no suspect identified,
1c3ced45701c15c01350ff13d47913c6dc30268548bbfdcd898c7467a24e1b14,2021-05,Humberside Police,Humberside Police,-0.077264,53.559010,On or near Welholme Road,E01013162,North East Lincolnshire 011C,Criminal damage and arson,Unable to prosecute suspect,
2fa42b70b28c122384fa4ac93a16b57e926afed6c81fc27fecbc2e72e3449a7f,2021-05,Humberside Police,Humberside Police,-0.076594,53.559457,On or near Hainton Avenue,E01013162,North East Lincolnshire 011C,Criminal damage and arson,Investigation complete; no suspect identified,
425349abe49079e776135b78cc8f6b4131dcb889eb4b6826cf7f57acd92b0952,2021-05,Humberside Police,Humberside Police,-0.075248,53.554518,On or near Remillo Avenue,E01013162,North East Lincolnshire 011C,Public order,Unable to prosecute suspect,
c27ddcabc48487d2975ce68b114f3085e9490b3cf0915ea885d50e274170f761,2021-05,Humberside Police,Humberside Police,-0.077264,53.559010,On or near Welholme Road,E01013162,North East Lincolnshire 011C,Violence and sexual offences,Unable to prosecute suspect,
30e1f829a7eeef5b9f5ceeeb31918513861892fce4ea13d76303d6318d34bb64,2021-05,Humberside Police,Humberside Police,-0.072539,53.556318,On or near Torrington Street,E01013162,North East Lincolnshire 011C,Violence and sexual offences,Further action is not in the public interest,
63a4452a83deb3c556a95491a458075879d8919ff8196a5264c83c660fc383b7,2021-05,Humberside Police,Humberside Police,-0.076594,53.559457,On or near Hainton Avenue,E01013162,North East Lincolnshire 011C,Violence and sexual offences,Unable to prosecute suspect,
bddbfb7757fe19cb5446ff16bbbbe37f91ccdcd85ea00e61d554fb72f723b42a,2021-05,Humberside Police,Humberside Police,-0.077264,53.559010,On or near Welholme Road,E01013162,North East Lincolnshire 011C,Violence and sexual offences,Unable to prosecute suspect,
34fa2729d1191d3c72ece72870df059b93038be8a9283dc9ff0c2d1e94c9e7cb,2021-05,Humberside Police,Humberside Police,-0.077264,53.559010,On or near Welholme Road,E01013162,North East Lincolnshire 011C,Violence and sexual offences,Investigation complete; no suspect identified,
15e385988d4876bdcc79a6da92d4e72b397be712b5c3cd2d4a6bb4d2327a6431,2021-05,Humberside Police,Humberside Police,-0.077264,53.559010,On or near Welholme Road,E01013162,North East Lincolnshire 011C,Violence and sexual offences,Unable to prosecute suspect,
32793dd7de8b791670831f046406832bf8fa595802ebacb9de5400c07fa7db42,2021-05,Humberside Police,Humberside Police,-0.077264,53.559010,On or near Welholme Road,E01013162,North East Lincolnshire 011C,Violence and sexual offences,Court result unavailable,
e1f04a822a779029fde65ce7a78b0590792f5f08f6b0f31147ffd52ed7ca5b8f,2021-05,Humberside Police,Humberside Police,-0.077264,53.559010,On or near Welholme Road,E01013162,North East Lincolnshire 011C,Violence and sexual offences,Unable to prosecute suspect,
7f553b431dc34836b7e8d19e8b789b73bb4904237a87e9e7c6ea254e61c500a8,2021-05,Humberside Police,Humberside Police,-0.075248,53.554518,On or near Remillo Avenue,E01013162,North East Lincolnshire 011C,Violence and sexual offences,Local resolution,
f885ba39359154a14f10f7568e60476025dd6222274196faac894d030c58f655,2021-05,Humberside Police,Humberside Police,-0.072539,53.556318,On or near Torrington Street,E01013162,North East Lincolnshire 011C,Violence and sexual offences,Unable to prosecute suspect,
36380c5e96aa78fccc991dbbd96e5cbeeeabe75ad27e61ddbed596d7e7a945ea,2021-05,Humberside Police,Humberside Police,-0.078519,53.560954,On or near Mallard Mews,E01013165,North East Lincolnshire 011D,Bicycle theft,Investigation complete; no suspect identified,
58c9ec16a94dd1e20eeca22dc379c9da580eb09ac21a2aa985c59aaf24adeeee,2021-05,Humberside Police,Humberside Police,-0.078519,53.560954,On or near Mallard Mews,E01013165,North East Lincolnshire 011D,Other theft,Unable to prosecute suspect,
a1d2a0405881e91d738832ae4e2da57b67edf40df4f827af2715a21fd190dd58,2021-05,Humberside Police,Humberside Police,-0.078519,53.560954,On or near Mallard Mews,E01013165,North East Lincolnshire 011D,Public order,Unable to prosecute suspect,
4e57fb960382b761ec7bd9a5ebcde9daf0473ad72a3454abf80c88a7b076efcc,2021-05,Humberside Police,Humberside Police,-0.078346,53.565104,On or near Sheepfold Street,E01013165,North East Lincolnshire 011D,Public order,Unable to prosecute suspect,
dea7479b7a68e3d12bd1b58126fe11d24cce6fd2e82b5a9251adb8a2cb76bf03,2021-05,Humberside Police,Humberside Police,-0.078519,53.560954,On or near Mallard Mews,E01013165,North East Lincolnshire 011D,Public order,Unable to prosecute suspect,
b30c7c5e1b01938ed12c198cd779db19607e82d60eeb4e74ac48cb1e63f2260c,2021-05,Humberside Police,Humberside Police,-0.078346,53.565104,On or near Sheepfold Street,E01013165,North East Lincolnshire 011D,Shoplifting,Investigation complete; no suspect identified,
80d70c8c961f883a80897dc5435591ebb5c43660d7190f307410fd5c92d0a84f,2021-05,Humberside Police,Humberside Police,-0.078346,53.565104,On or near Sheepfold Street,E01013165,North East Lincolnshire 011D,Shoplifting,Investigation complete; no suspect identified,
7637320d4e971b90ffe169a8f45b87bd81ee12f77d4582779f98a3509f2e6b63,2021-05,Humberside Police,Humberside Police,-0.078519,53.560954,On or near Mallard Mews,E01013165,North East Lincolnshire 011D,Violence and sexual offences,Unable to prosecute suspect,
d25a2615848c495ad65d285412f6f5e30838f9a6140cbf393f55d78b7ee3659e,2021-05,Humberside Police,Humberside Police,-0.078519,53.560954,On or near Mallard Mews,E01013165,North East Lincolnshire 011D,Violence and sexual offences,Unable to prosecute suspect,
6f625dc5f77e7c91e183945f7129bc3b264bd795913ffac3e025939498abf950,2021-05,Humberside Police,Humberside Police,-0.075286,53.562987,On or near Margaret Street,E01013165,North East Lincolnshire 011D,Violence and sexual offences,Unable to prosecute suspect,
079760fd4f402f642577ea5f872140f506ded2c314361a14e9f6a694905dbf39,2021-05,Humberside Police,Humberside Police,-0.075286,53.562987,On or near Margaret Street,E01013165,North East Lincolnshire 011D,Violence and sexual offences,Unable to prosecute suspect,
571d12c4cebd1fe73da79cc557462da04fa9f4f8289b6fa71a32c3cb59810b20,2021-05,Humberside Police,Humberside Police,-0.078519,53.560954,On or near Mallard Mews,E01013165,North East Lincolnshire 011D,Violence and sexual offences,Unable to prosecute suspect,
e4e0e261bcb5d149e6ba37f826db3def5d25303bbea58d19c1bfdc3719088d15,2021-05,Humberside Police,Humberside Police,-0.075286,53.562987,On or near Margaret Street,E01013165,North East Lincolnshire 011D,Violence and sexual offences,Unable to prosecute suspect,
8106e0536ac9258979065e045e2062bc09b1ecfd7753d42df77afa850911871e,2021-05,Humberside Police,Humberside Police,-0.075286,53.562987,On or near Margaret Street,E01013165,North East Lincolnshire 011D,Violence and sexual offences,Further action is not in the public interest,
ca0a7371f3832fbc48272487abb83d537a5289be9eba20290858bfed6fd42fd0,2021-05,Humberside Police,Humberside Police,-0.078519,53.560954,On or near Mallard Mews,E01013165,North East Lincolnshire 011D,Violence and sexual offences,Unable to prosecute suspect,
c9cbd50160c33812c5ccd9b1ea54cb7802a1124a4be59ae1d1f6f6af84658a2f,2021-05,Humberside Police,Humberside Police,-0.075286,53.562987,On or near Margaret Street,E01013165,North East Lincolnshire 011D,Violence and sexual offences,Investigation complete; no suspect identified,
6555a303673dd9d87e480cb611bf2dc34e0ae295246452828423e574005a207b,2021-05,Humberside Police,Humberside Police,-0.077672,53.560320,On or near Wintringham Road,E01013165,North East Lincolnshire 011D,Violence and sexual offences,Unable to prosecute suspect,
,2021-05,Humberside Police,Humberside Police,-0.061026,53.560797,On or near Acklam Grove,E01013158,North East Lincolnshire 012A,Anti-social behaviour,,
2b2bde1dd7f551b36ddeab25ce02cb32e2a19470382e02104134558c5bf23c4c,2021-05,Humberside Police,Humberside Police,-0.055030,53.559855,On or near Rosina Grove North,E01013158,North East Lincolnshire 012A,Criminal damage and arson,Local resolution,
d5f1eca5e261d6b3d57da827c80b616e5a4c6d1924a00623f8be374bb2bff400,2021-05,Humberside Police,Humberside Police,-0.055030,53.559855,On or near Rosina Grove North,E01013158,North East Lincolnshire 012A,Criminal damage and arson,Local resolution,
49783c3912cc75a63e9d649986209a932eef585afd30b4ebca7663a58d0fbe78,2021-05,Humberside Police,Humberside Police,-0.057416,53.563130,On or near Ariston Street,E01013158,North East Lincolnshire 012A,Other theft,Investigation complete; no suspect identified,
7b48ca7ecf07cd0be21b8e135b6f4acb3620f7afebe321ad3c0e3d8421239fd1,2021-05,Humberside Police,Humberside Police,-0.058330,53.558686,On or near Knight Street,E01013158,North East Lincolnshire 012A,Other theft,Investigation complete; no suspect identified,
be30564985790d9950a32cfb5d336eb429cc70e36ddc035a6a80452cd5bda579,2021-05,Humberside Police,Humberside Police,-0.059469,53.562489,On or near Roberts Street,E01013158,North East Lincolnshire 012A,Violence and sexual offences,Action to be taken by another organisation,
369b1e1502e65350b8ba9691326237495932ad6a698718197fca32ff197fdd1b,2021-05,Humberside Police,Humberside Police,-0.059012,53.559938,On or near Samuel Avenue,E01013158,North East Lincolnshire 012A,Violence and sexual offences,Local resolution,
18011f26f97fbc15336a26b184f4ed4134f2cbe097cf73b0e38b9bf215beb151,2021-05,Humberside Police,Humberside Police,-0.057416,53.563130,On or near Ariston Street,E01013158,North East Lincolnshire 012A,Violence and sexual offences,Unable to prosecute suspect,
5ddc9a65cd38947acc20ebb3f94cc05f3836eb59229c8ea994aaa2ca666a684c,2021-05,Humberside Police,Humberside Police,-0.057416,53.563130,On or near Ariston Street,E01013158,North East Lincolnshire 012A,Violence and sexual offences,Unable to prosecute suspect,
dadfb3ba7528b6883a0482ea956da19d5a6619e4274aa07a13a66cf641d43de9,2021-05,Humberside Police,Humberside Police,-0.057416,53.563130,On or near Ariston Street,E01013158,North East Lincolnshire 012A,Violence and sexual offences,Further action is not in the public interest,
96aa4d44bb3d1a44fe48bd035cd5424c31e2fc0d338efb507c46a004b07301a7,2021-05,Humberside Police,Humberside Police,-0.059012,53.559938,On or near Samuel Avenue,E01013158,North East Lincolnshire 012A,Violence and sexual offences,Unable to prosecute suspect,
af52c4bc9a16bf6bf8f5cd5d39d55818d734af80d94c20e01f03e61945c9ac66,2021-05,Humberside Police,Humberside Police,-0.058926,53.561824,On or near Runswick Road,E01013158,North East Lincolnshire 012A,Other crime,Unable to prosecute suspect,
9cffdd9e263ef3c1e653507936b62319ca457cbc0e35b752d6871c2ea0e70e38,2021-05,Humberside Police,Humberside Police,-0.051557,53.556571,On or near Phelps Place,E01013160,North East Lincolnshire 012B,Criminal damage and arson,Investigation complete; no suspect identified,
5a4880d29e0df6cead0b8cacecfaf991327c1e5f6c61abc3d131eb0d79b5ebff,2021-05,Humberside Police,Humberside Police,-0.055572,53.558237,On or near Howard Grove,E01013160,North East Lincolnshire 012B,Other theft,Unable to prosecute suspect,
6966d9e113189b675201fdef247d1e1e88030666ec161eeabde24e63fffd2f70,2021-05,Humberside Police,Humberside Police,-0.054337,53.560473,On or near Carr Lane,E01013160,North East Lincolnshire 012B,Possession of weapons,Status update unavailable,
d2867a40ec55f22dcfaafe783ddcc06c3d30fa04eb054648f755f1f2b29007e1,2021-05,Humberside Police,Humberside Police,-0.051557,53.556571,On or near Phelps Place,E01013160,North East Lincolnshire 012B,Public order,Unable to prosecute suspect,
91bc330238c8e030b5e9ca213025642b5bc25d558206aae59d50de919ca60ef5,2021-05,Humberside Police,Humberside Police,-0.052095,53.559978,On or near Holyoake Road,E01013160,North East Lincolnshire 012B,Violence and sexual offences,Unable to prosecute suspect,
81740b6fafdde724311b9442ba9c70e1047813b6ad6e3f5301e16f3ed53d8596,2021-05,Humberside Police,Humberside Police,-0.045476,53.557479,On or near Clee Road,E01013160,North East Lincolnshire 012B,Violence and sexual offences,Unable to prosecute suspect,
6e72ef0c42f9afca622c4e794f7444821dd5974956b73a8897ff69657d7cf16e,2021-05,Humberside Police,Humberside Police,-0.051557,53.556571,On or near Phelps Place,E01013160,North East Lincolnshire 012B,Violence and sexual offences,Unable to prosecute suspect,
1cf0b56def89a224c2161022a16fc7872ea4d70fd71965a2727334b9f3c99fee,2021-05,Humberside Police,Humberside Police,-0.045476,53.557479,On or near Clee Road,E01013160,North East Lincolnshire 012B,Violence and sexual offences,Unable to prosecute suspect,
eec585ec521a8c38211978bc0b84819010301f162bec62ad76ba09c2be465e50,2021-05,Humberside Police,Humberside Police,-0.052095,53.559978,On or near Holyoake Road,E01013160,North East Lincolnshire 012B,Violence and sexual offences,Unable to prosecute suspect,
,2021-05,Humberside Police,Humberside Police,-0.058402,53.550830,On or near Hunsley Crescent,E01013163,North East Lincolnshire 012C,Anti-social behaviour,,
,2021-05,Humberside Police,Humberside Police,-0.058402,53.550830,On or near Hunsley Crescent,E01013163,North East Lincolnshire 012C,Anti-social behaviour,,
76f0a14d5e6e4c98349a84975b42404a30c41e5c7052d325395d68a196a01dff,2021-05,Humberside Police,Humberside Police,-0.049198,53.557962,On or near Beeley Road,E01013163,North East Lincolnshire 012C,Burglary,Investigation complete; no suspect identified,
85d36e6249f65779412c8733ec587572ad211abb4c8f1e891bb30956eb5348d5,2021-05,Humberside Police,Humberside Police,-0.058402,53.550830,On or near Hunsley Crescent,E01013163,North East Lincolnshire 012C,Drugs,Local resolution,
53decb238300a6150ef564f67f3d2d821d492a4068514ca6cd9b01d462ef04bc,2021-05,Humberside Police,Humberside Police,-0.058402,53.550830,On or near Hunsley Crescent,E01013163,North East Lincolnshire 012C,Drugs,Local resolution,
3d30d4215d51eef96115a60e7ea981c756cf4c294cbf84f435db4ab067d3983a,2021-05,Humberside Police,Humberside Police,-0.055854,53.552748,On or near Vivian Avenue,E01013163,North East Lincolnshire 012C,Violence and sexual offences,Unable to prosecute suspect,
082eedf59cce6cb37fcaa0617185d5187031680d85ecfea7ac11c3e02f6190de,2021-05,Humberside Police,Humberside Police,-0.058402,53.550830,On or near Hunsley Crescent,E01013163,North East Lincolnshire 012C,Violence and sexual offences,Action to be taken by another organisation,
13642104e72453187aad4496a178e6c47d9df74b5468e88d80296cf4bedd71c1,2021-05,Humberside Police,Humberside Police,-0.055854,53.552748,On or near Vivian Avenue,E01013163,North East Lincolnshire 012C,Violence and sexual offences,Unable to prosecute suspect,
a31ab4e3d21dc7e00f4eea244fef6cc36330b5e78ed43a31f959baec78f0c88c,2021-05,Humberside Police,Humberside Police,-0.053888,53.552492,On or near Vaughan Avenue,E01013163,North East Lincolnshire 012C,Violence and sexual offences,Unable to prosecute suspect,
de9c182be8fe7ac3b545017abb2e5b1cff131400730988a3368b5837133e4387,2021-05,Humberside Police,Humberside Police,-0.055302,53.556551,On or near Church Close,E01013163,North East Lincolnshire 012C,Violence and sexual offences,Investigation complete; no suspect identified,
4bff6d22bae61d5d3cd1464018276cfb6d0532bec14c0762e63a8cc5d8e152a2,2021-05,Humberside Police,Humberside Police,-0.058402,53.550830,On or near Hunsley Crescent,E01013163,North East Lincolnshire 012C,Other crime,Unable to prosecute suspect,
,2021-05,Humberside Police,Humberside Police,-0.063836,53.553489,On or near Redcar Grove,E01013164,North East Lincolnshire 012D,Anti-social behaviour,,
,2021-05,Humberside Police,Humberside Police,-0.072819,53.548825,On or near Sports/Recreation Area,E01013164,North East Lincolnshire 012D,Anti-social behaviour,,
,2021-05,Humberside Police,Humberside Police,-0.072819,53.548825,On or near Sports/Recreation Area,E01013164,North East Lincolnshire 012D,Anti-social behaviour,,
,2021-05,Humberside Police,Humberside Police,-0.072819,53.548825,On or near Sports/Recreation Area,E01013164,North East Lincolnshire 012D,Anti-social behaviour,,
,2021-05,Humberside Police,Humberside Police,-0.066707,53.557743,On or near Robert Pearson Mews,E01013164,North East Lincolnshire 012D,Anti-social behaviour,,
,2021-05,Humberside Police,Humberside Police,-0.063215,53.556841,On or near Parking Area,E01013164,North East Lincolnshire 012D,Anti-social behaviour,,
c8495b2f4bbbcadb149dc3bbffc447e4bd3d0e4b30a6a4384e3e8d33c52238c3,2021-05,Humberside Police,Humberside Police,-0.063215,53.556841,On or near Parking Area,E01013164,North East Lincolnshire 012D,Burglary,Investigation complete; no suspect identified,
d3decfa7a47158d60d030a3a45f3f51e17b2eadea725d0c2aef6016afb7a6036,2021-05,Humberside Police,Humberside Police,-0.072819,53.548825,On or near Sports/Recreation Area,E01013164,North East Lincolnshire 012D,Criminal damage and arson,Court result unavailable,
3f7d876f1cecff469088d35d02f0b9cf35740a2acc5e94d4f75ee789cf849e65,2021-05,Humberside Police,Humberside Police,-0.072819,53.548825,On or near Sports/Recreation Area,E01013164,North East Lincolnshire 012D,Criminal damage and arson,Court result unavailable,
a8bcd621e3de93256578861d51db2f169a46bc6297433e17f0f6971cf151b106,2021-05,Humberside Police,Humberside Police,-0.070558,53.554074,On or near Responso Avenue,E01013164,North East Lincolnshire 012D,Criminal damage and arson,Investigation complete; no suspect identified,
1824f371a437de54fa5b93d57ebd298361cc31338ba1e4deda318b6767a121bb,2021-05,Humberside Police,Humberside Police,-0.073358,53.554254,On or near Recto Avenue,E01013164,North East Lincolnshire 012D,Public order,Unable to prosecute suspect,
d61028c4b37c9b331743285c2ad934e8c6b43028a1942eb3f777d6e9153bfe3e,2021-05,Humberside Police,Humberside Police,-0.068806,53.557408,On or near Parking Area,E01013164,North East Lincolnshire 012D,Public order,Unable to prosecute suspect,
96fd3d18bd3590be6b4d0750116de863aba768674699ea4b881ef40cad678a21,2021-05,Humberside Police,Humberside Police,-0.067380,53.555893,On or near Seamer Grove,E01013164,North East Lincolnshire 012D,Public order,Unable to prosecute suspect,
fe0f7ee5906f2df6f760c64e98c362d5bddc1b86adcce0572c15d5652d57dd9e,2021-05,Humberside Police,Humberside Police,-0.066657,53.556843,On or near Danes Close,E01013164,North East Lincolnshire 012D,Shoplifting,Local resolution,
8d91d136eab00f4f217ba2d256798a7f0a9362bfd77ba082668d95369ff340db,2021-05,Humberside Police,Humberside Police,-0.068806,53.557408,On or near Parking Area,E01013164,North East Lincolnshire 012D,Violence and sexual offences,Unable to prosecute suspect,
c20080a76b9a327a3c54d559eddf33f471217345bfa111fe7ff3ce9569317485,2021-05,Humberside Police,Humberside Police,-0.063836,53.553489,On or near Redcar Grove,E01013164,North East Lincolnshire 012D,Violence and sexual offences,Court result unavailable,
e2e4c2b7ce7e385426b35a8bfd373df43ce1d333e65ecd57577a522fd480d5e7,2021-05,Humberside Police,Humberside Police,-0.073358,53.554254,On or near Recto Avenue,E01013164,North East Lincolnshire 012D,Violence and sexual offences,Unable to prosecute suspect,
3ae8f77e719e173b01400f4d464107639edf0e0a30d67d080b7fe795932d4515,2021-05,Humberside Police,Humberside Police,-0.063836,53.553489,On or near Redcar Grove,E01013164,North East Lincolnshire 012D,Violence and sexual offences,Court result unavailable,
df7e61cba8529795407461e7639aa13d5c5259d36349c22db6a77f2a35901f25,2021-05,Humberside Police,Humberside Police,-0.068806,53.557408,On or near Parking Area,E01013164,North East Lincolnshire 012D,Violence and sexual offences,Unable to prosecute suspect,
108988cbe855584e97fd594c17bde562241abdd39baa513be1fd5a381073cf9a,2021-05,Humberside Police,Humberside Police,-0.068806,53.557408,On or near Parking Area,E01013164,North East Lincolnshire 012D,Violence and sexual offences,Unable to prosecute suspect,
ec4744e7326ef9deb19645f00aa883a22d529d5e0833f024a1d30005b8cde968,2021-05,Humberside Police,Humberside Police,-0.072819,53.548825,On or near Sports/Recreation Area,E01013164,North East Lincolnshire 012D,Violence and sexual offences,Investigation complete; no suspect identified,
2b3118077ad5e670e2ee340125b763aaaad229b0763495ebaa3ed520667f7848,2021-05,Humberside Police,Humberside Police,-0.072819,53.548825,On or near Sports/Recreation Area,E01013164,North East Lincolnshire 012D,Violence and sexual offences,Unable to prosecute suspect,
cab255ef1877c34b01ddfd85d304ff434fc65e7fcae6584627889228358b421b,2021-05,Humberside Police,Humberside Police,-0.058253,53.567935,On or near Park Street,E01013197,North East Lincolnshire 012E,Bicycle theft,Unable to prosecute suspect,
323cb15367c77fa6b079fac7aff41301ed108edbaa9f4ee210a75459b4e214fc,2021-05,Humberside Police,Humberside Police,-0.058253,53.567935,On or near Park Street,E01013197,North East Lincolnshire 012E,Drugs,Offender given a drugs possession warning,
c031e2d455f1e4b4c9a562a55830d3f40f348b78cf0d59cc14f8c62ae4c325d0,2021-05,Humberside Police,Humberside Police,-0.057040,53.566396,On or near Jenner Place,E01013197,North East Lincolnshire 012E,Public order,Local resolution,
a979c6cd65348dec5c5b42a201a42e9880447d845996fdcadd65e15abbaa7ff0,2021-05,Humberside Police,Humberside Police,-0.057040,53.566396,On or near Jenner Place,E01013197,North East Lincolnshire 012E,Public order,Local resolution,
d589098d621ba8b14c516b0664f90e0d60475f1cdef4ed57d63f8f3ec96e0432,2021-05,Humberside Police,Humberside Police,-0.058253,53.567935,On or near Park Street,E01013197,North East Lincolnshire 012E,Violence and sexual offences,Unable to prosecute suspect,
0bb5b8b19016485e4b2c004c4aa372d4b4688110a61db9ac15f28926ba1ea23a,2021-05,Humberside Police,Humberside Police,-0.058253,53.567935,On or near Park Street,E01013197,North East Lincolnshire 012E,Violence and sexual offences,Unable to prosecute suspect,
a3e8fdc03c978a0d81a30e6ee5a1dc74b69f151bfa7096d71d2d909b390c7c3b,2021-05,Humberside Police,Humberside Police,-0.058253,53.567935,On or near Park Street,E01013197,North East Lincolnshire 012E,Violence and sexual offences,Status update unavailable,
3fdba6e135f5f3c0a10707e978123c5171f4f42d77463585da2a8cdeab48631c,2021-05,Humberside Police,Humberside Police,-0.058253,53.567935,On or near Park Street,E01013197,North East Lincolnshire 012E,Violence and sexual offences,Status update unavailable,
f92078fb33aadd003bffdb5d35a973c3cfc072ba6ee4b84c7e647fead3d8e1e5,2021-05,Humberside Police,Humberside Police,-0.054390,53.562281,On or near Hamont Road,E01013197,North East Lincolnshire 012E,Violence and sexual offences,Local resolution,
eb2fc614a10f4d3a49f2df95a0ae4f78a52d54d468e6a74be122c72381cd52ef,2021-05,Humberside Police,Humberside Police,-0.058253,53.567935,On or near Park Street,E01013197,North East Lincolnshire 012E,Violence and sexual offences,Unable to prosecute suspect,
9a21f2a275ef9f9ce948caf75c8105a22f600650966826efdaf71b628f9e44cb,2021-05,Humberside Police,Humberside Police,-0.056608,53.565283,On or near Young Place,E01013197,North East Lincolnshire 012E,Violence and sexual offences,Investigation complete; no suspect identified,
,2021-05,Humberside Police,Humberside Police,-0.132265,53.567972,On or near Waby Close,E01013149,North East Lincolnshire 013A,Anti-social behaviour,,
,2021-05,Humberside Police,Humberside Police,-0.136610,53.563941,On or near Foxhill,E01013149,North East Lincolnshire 013A,Anti-social behaviour,,
b66e595798ba468993a98b21ebea6cf037625f0aff939e2538bccb534872102b,2021-05,Humberside Police,Humberside Police,-0.131601,53.565912,On or near Grasby Crescent,E01013149,North East Lincolnshire 013A,Other theft,Investigation complete; no suspect identified,
82182281019fee869b37676f637049b78f7501a00ddf42b781fb8158b4e45df8,2021-05,Humberside Police,Humberside Police,-0.134887,53.565703,On or near Wybers Way,E01013149,North East Lincolnshire 013A,Public order,Unable to prosecute suspect,
3c35b913262b359d64ecc017b0d55a685443c959f5787c8a05271764dbe7ceae,2021-05,Humberside Police,Humberside Police,-0.136610,53.563941,On or near Foxhill,E01013149,North East Lincolnshire 013A,Public order,Court result unavailable,
58d6a862b9c83de8d01962f9bb266fc6f095b8dbe3e15eb6a290bb0643e95b09,2021-05,Humberside Police,Humberside Police,-0.136610,53.563941,On or near Foxhill,E01013149,North East Lincolnshire 013A,Shoplifting,Investigation complete; no suspect identified,
51fdcceb1dbc5290f3fb6552f79731e5a7bf66d9de7cb2d35295e9729c4fe3c1,2021-05,Humberside Police,Humberside Police,-0.136610,53.563941,On or near Foxhill,E01013149,North East Lincolnshire 013A,Shoplifting,Investigation complete; no suspect identified,
27992c92ac204d436164764fce835aa1d566d450779c1688d8de509b6bf2f040,2021-05,Humberside Police,Humberside Police,-0.136610,53.563941,On or near Foxhill,E01013149,North East Lincolnshire 013A,Shoplifting,Investigation complete; no suspect identified,
e6b3a07df193241c9dbade0ed513bbd318712cf26d6cfe1231e740a523e04b83,2021-05,Humberside Police,Humberside Police,-0.136610,53.563941,On or near Foxhill,E01013149,North East Lincolnshire 013A,Shoplifting,Investigation complete; no suspect identified,
b8109f9a095dceb2701cd11c1928ee462efd4f90d516e77236a69644d3852dd4,2021-05,Humberside Police,Humberside Police,-0.135369,53.562636,On or near Fenby Close,E01013149,North East Lincolnshire 013A,Violence and sexual offences,Unable to prosecute suspect,
98b353315deac20e559e0604b3dc51e94067aba5b4ef268a2e3c0c466da4313f,2021-05,Humberside Police,Humberside Police,-0.135369,53.562636,On or near Fenby Close,E01013149,North East Lincolnshire 013A,Violence and sexual offences,Unable to prosecute suspect,
,2021-05,Humberside Police,Humberside Police,-0.139989,53.562654,On or near Team Gate,E01013150,North East Lincolnshire 013B,Anti-social behaviour,,
,2021-05,Humberside Police,Humberside Police,-0.128985,53.550256,On or near Laceby Road,E01013227,North East Lincolnshire 013C,Anti-social behaviour,,
,2021-05,Humberside Police,Humberside Police,-0.128985,53.550256,On or near Laceby Road,E01013227,North East Lincolnshire 013C,Anti-social behaviour,,
5024fdb72826ece04af5c766182d43626fcfa433020db4787a265535668ab7b3,2021-05,Humberside Police,Humberside Police,-0.133372,53.550388,On or near Sovereign Close,E01013227,North East Lincolnshire 013C,Other theft,Investigation complete; no suspect identified,
11f32ee62412ff692fe81e2fab3d3eee52ad7ad32c7b370f436b24f67ce2326b,2021-05,Humberside Police,Humberside Police,-0.128421,53.551398,On or near Thornton Grove,E01013227,North East Lincolnshire 013C,Robbery,Unable to prosecute suspect,
9d46fabe561e00e62190f5973c2c0f5b3ab81a9307e605de07cc70ac156dcbb5,2021-05,Humberside Police,Humberside Police,-0.135491,53.550250,On or near Collingwood Crescent,E01013227,North East Lincolnshire 013C,Violence and sexual offences,Unable to prosecute suspect,
097beda5789e6068db42d63929504cad2515fc370d4964dbed70ae804a54e561,2021-05,Humberside Police,Humberside Police,-0.135491,53.550250,On or near Collingwood Crescent,E01013227,North East Lincolnshire 013C,Violence and sexual offences,Unable to prosecute suspect,
2c122efc2b1881706c0987d4c6c85324f05727229d8fc5c9a55fe468230fea72,2021-05,Humberside Police,Humberside Police,-0.133372,53.550388,On or near Sovereign Close,E01013227,North East Lincolnshire 013C,Violence and sexual offences,Awaiting court outcome,
,2021-05,Humberside Police,Humberside Police,-0.139644,53.553650,On or near Spratton Court,E01013228,North East Lincolnshire 013D,Anti-social behaviour,,
3f4a7c9b6173e9ca6a949f5b334f8848efbf85c3715e375f7b804b239fc25c66,2021-05,Humberside Police,Humberside Police,-0.134221,53.556810,On or near Britannia Crescent,E01013228,North East Lincolnshire 013D,Criminal damage and arson,Investigation complete; no suspect identified,
72102eca8871f9c2652e17fb72c55676e2227885a414842d8bf453bee5b3ade8,2021-05,Humberside Police,Humberside Police,-0.135043,53.553236,On or near Moulton Close,E01013228,North East Lincolnshire 013D,Criminal damage and arson,Investigation complete; no suspect identified,
5fad9ffce918fcb50c9b252ef4615f1503fe9d27c248932f5ce299dbfe19a442,2021-05,Humberside Police,Humberside Police,-0.135104,53.556312,On or near Tonnant Way,E01013228,North East Lincolnshire 013D,Criminal damage and arson,Investigation complete; no suspect identified,
a1e275a9e6056d980413da7d66492067f7d8696497dc49a70ea1afdca584ab02,2021-05,Humberside Police,Humberside Police,-0.121391,53.557760,On or near Sports/Recreation Area,E01013228,North East Lincolnshire 013D,Criminal damage and arson,Unable to prosecute suspect,
a5d5143a79883a9f5ccb5997dfcfcca52861eee4c4c587abc37638034dff2092,2021-05,Humberside Police,Humberside Police,-0.139644,53.553650,On or near Spratton Court,E01013228,North East Lincolnshire 013D,Criminal damage and arson,Investigation complete; no suspect identified,
5e96d890807860584241d337f3a1bab2fc0fc209336f90a23f9485cf77d3a03d,2021-05,Humberside Police,Humberside Police,-0.135043,53.553236,On or near Moulton Close,E01013228,North East Lincolnshire 013D,Other theft,Investigation complete; no suspect identified,
394a040eeb9a7ede59aa342e386c6c26d8f922372922c497be24b1714411759b,2021-05,Humberside Police,Humberside Police,-0.135043,53.553236,On or near Moulton Close,E01013228,North East Lincolnshire 013D,Shoplifting,Investigation complete; no suspect identified,
fd984a00e8a00e206d5100d09be222b23b971181a5d86fe7d1625ba4dc756e1b,2021-05,Humberside Police,Humberside Police,-0.138687,53.554138,On or near Harlestone Court,E01013228,North East Lincolnshire 013D,Vehicle crime,Investigation complete; no suspect identified,
a6766cde8dd418823ef46c9d993a51a2413c3dc82869ab99a5e3d7044c6ac296,2021-05,Humberside Police,Humberside Police,-0.137705,53.552774,On or near Yardley Way,E01013228,North East Lincolnshire 013D,Violence and sexual offences,Action to be taken by another organisation,
31636718dc8d6604b00d9f86c43683f022d2bf5367225863958a397823a62fb4,2021-05,Humberside Police,Humberside Police,-0.135043,53.553236,On or near Moulton Close,E01013228,North East Lincolnshire 013D,Violence and sexual offences,Investigation complete; no suspect identified,
2a2fecdfcd03d533730c3657720bea17a6509898b5d15705a59954667a95f11a,2021-05,Humberside Police,Humberside Police,-0.135464,53.552937,On or near Orion Way,E01013228,North East Lincolnshire 013D,Violence and sexual offences,Unable to prosecute suspect,
65920603dde19a07fa1c72b324bb8f4ed7f2d87f23700cdf82b6b4186b27b821,2021-05,Humberside Police,Humberside Police,-0.135464,53.552937,On or near Orion Way,E01013228,North East Lincolnshire 013D,Violence and sexual offences,Unable to prosecute suspect,
,2021-05,Humberside Police,Humberside Police,-0.126478,53.553354,On or near Blaydon Grove,E01013229,North East Lincolnshire 013E,Anti-social behaviour,,
,2021-05,Humberside Police,Humberside Police,-0.125107,53.553638,On or near Newbury Grove,E01013229,North East Lincolnshire 013E,Anti-social behaviour,,
816d020ddb913eff4769aa601eef15481e9de8377e98c1fa277ad091be82ceb3,2021-05,Humberside Police,Humberside Police,-0.126152,53.554230,On or near Wroxham Avenue,E01013229,North East Lincolnshire 013E,Criminal damage and arson,Unable to prosecute suspect,
274391d98d0a3d87b483de0f69140125bc688c6d82bd20d5baa70c43c94874c5,2021-05,Humberside Police,Humberside Police,-0.126478,53.553354,On or near Blaydon Grove,E01013229,North East Lincolnshire 013E,Public order,Unable to prosecute suspect,
f6de8a6a330f3bd37724fda0e0c9876daac67baf90d11150e8f1413a3237b057,2021-05,Humberside Police,Humberside Police,-0.127200,53.553078,On or near St Michael'S Road,E01013229,North East Lincolnshire 013E,Violence and sexual offences,Unable to prosecute suspect,
e19ef77d6bc6be5d60216ce0a00ad4665653aac3619b15a0ed5171ca24251e58,2021-05,Humberside Police,Humberside Police,-0.127200,53.553078,On or near St Michael'S Road,E01013229,North East Lincolnshire 013E,Violence and sexual offences,Unable to prosecute suspect,
af9cbd40617cff7bd44e1c519a8370771df6d46687147ea8ea077276d05b063e,2021-05,Humberside Police,Humberside Police,-0.124822,53.555288,On or near St Ives Crescent,E01013229,North East Lincolnshire 013E,Other crime,Unable to prosecute suspect,
,2021-05,Humberside Police,Humberside Police,-0.030046,53.556812,On or near West Street,E01013131,North East Lincolnshire 014A,Anti-social behaviour,,
,2021-05,Humberside Police,Humberside Police,-0.032510,53.555783,On or near Edward Street,E01013131,North East Lincolnshire 014A,Anti-social behaviour,,
641940cbbcb52eb79a35ea32bd46cea9c75cdd68a8a1bfedc9e2d9834c221b22,2021-05,Humberside Police,Humberside Police,-0.033450,53.556338,On or near Mill Road,E01013131,North East Lincolnshire 014A,Burglary,Investigation complete; no suspect identified,
68d32e445dc7ef220d94068f57ead81eb746180eda997361a374ffb757e8a38c,2021-05,Humberside Police,Humberside Police,-0.030046,53.556812,On or near West Street,E01013131,North East Lincolnshire 014A,Criminal damage and arson,Investigation complete; no suspect identified,
356e8b707844722b64042b9d67d23d966c76e76b61300058fc821bc08c2c7707,2021-05,Humberside Police,Humberside Police,-0.030046,53.556812,On or near West Street,E01013131,North East Lincolnshire 014A,Criminal damage and arson,Investigation complete; no suspect identified,
9343f055262517529a35fcd2feacd52b7b25aac7a30b001236d1bb7efb4ebcdb,2021-05,Humberside Police,Humberside Police,-0.032510,53.555783,On or near Edward Street,E01013131,North East Lincolnshire 014A,Criminal damage and arson,Investigation complete; no suspect identified,
90eee3b9181a14796bd8e3e02c544965d9deb83a017e869130304c88720f1a76,2021-05,Humberside Police,Humberside Police,-0.032510,53.555783,On or near Edward Street,E01013131,North East Lincolnshire 014A,Criminal damage and arson,Investigation complete; no suspect identified,
998573c932b98e8eaa582e60c6910e82e0f0f8cfd52c8658a14f652f9d84bb0a,2021-05,Humberside Police,Humberside Police,-0.027438,53.556742,On or near Sports/Recreation Area,E01013131,North East Lincolnshire 014A,Criminal damage and arson,Investigation complete; no suspect identified,
4edea1f05dc37aacfacbafdaa7f173b9c0af4d9bd095e70a0c538def81bea710,2021-05,Humberside Police,Humberside Police,-0.033450,53.556338,On or near Mill Road,E01013131,North East Lincolnshire 014A,Other theft,Unable to prosecute suspect,
c5cc0380987ef968431fbac5ddb79da158f045e27cf2685c5308022d4d21e9c6,2021-05,Humberside Police,Humberside Police,-0.032510,53.555783,On or near Edward Street,E01013131,North East Lincolnshire 014A,Other theft,Unable to prosecute suspect,
,2021-05,Humberside Police,Humberside Police,-0.033044,53.551099,On or near Trinity Road,E01013132,North East Lincolnshire 014B,Anti-social behaviour,,
,2021-05,Humberside Police,Humberside Police,-0.034613,53.551133,On or near Blenheim Place,E01013132,North East Lincolnshire 014B,Anti-social behaviour,,
8e622b3dea1d798cb6ecac269aaa9b957ae68169000f640fb3bd3759576c8d4d,2021-05,Humberside Police,Humberside Police,-0.034109,53.552869,On or near Highgate,E01013132,North East Lincolnshire 014B,Public order,Investigation complete; no suspect identified,
9b46caa910b5361b6fd13a8a59d17c2a118f857a2356d8895e62937f5084c879,2021-05,Humberside Police,Humberside Police,-0.034109,53.552869,On or near Highgate,E01013132,North East Lincolnshire 014B,Violence and sexual offences,Unable to prosecute suspect,
e5a4539af7c8614aab10d690d905baa463a03fe2700d30c177b491e057d9e423,2021-05,Humberside Police,Humberside Police,-0.034765,53.550767,On or near Thornton Crescent,E01013132,North East Lincolnshire 014B,Violence and sexual offences,Unable to prosecute suspect,
da9864b0c7e3e2bf368b440e2346d1805e2356f1bb2cb4ab61b2e0d55c09b342,2021-05,Humberside Police,Humberside Police,-0.034109,53.552869,On or near Highgate,E01013132,North East Lincolnshire 014B,Violence and sexual offences,Unable to prosecute suspect,
,2021-05,Humberside Police,Humberside Police,-0.028179,53.552817,On or near Hey Street,E01013133,North East Lincolnshire 014C,Anti-social behaviour,,
c63a9a4282ee7629e3b4dfb1b2882ded96fa8f3a68d550c8923b3e054079f36f,2021-05,Humberside Police,Humberside Police,-0.027112,53.554984,On or near Coronation Road,E01013133,North East Lincolnshire 014C,Violence and sexual offences,Unable to prosecute suspect,
57da7baa0c73dac1f37d67b86053bdb72146160521a6c9b11b3353997eac16f8,2021-05,Humberside Police,Humberside Police,-0.026020,53.554120,On or near White'S Road,E01013133,North East Lincolnshire 014C,Violence and sexual offences,Unable to prosecute suspect,
4f636363a6e5714ca207a12df39a08b38aaca737cd64ca5019c22143f95376c8,2021-05,Humberside Police,Humberside Police,-0.027112,53.554984,On or near Coronation Road,E01013133,North East Lincolnshire 014C,Violence and sexual offences,Unable to prosecute suspect,
,2021-05,Humberside Police,Humberside Police,-0.036704,53.550628,On or near Rufford Road,E01013134,North East Lincolnshire 014D,Anti-social behaviour,,
c6e3af3c8ca482bf013f1b70b706f26dd3a8e3f315e1e0b7af45b67239b6d7eb,2021-05,Humberside Police,Humberside Police,-0.037987,53.549661,On or near Thoresby Place,E01013134,North East Lincolnshire 014D,Public order,Unable to prosecute suspect,
2cc607620ab7d5ba9d76368ed65d3cb11e895e91a8acb6c1aab9a48a5e6882cf,2021-05,Humberside Police,Humberside Police,-0.036546,53.548495,On or near Lynton Rise,E01013134,North East Lincolnshire 014D,Shoplifting,Investigation complete; no suspect identified,
b46757a8a247c7394e8ccf8515934ddeb8260e8d820a99f39444e3a5ebd6860f,2021-05,Humberside Police,Humberside Police,-0.036546,53.548495,On or near Lynton Rise,E01013134,North East Lincolnshire 014D,Shoplifting,Investigation complete; no suspect identified,
b4404a92339f08d88d8b719d05edc4b8b49029261dbec1b4cf449d870b277601,2021-05,Humberside Police,Humberside Police,-0.040315,53.552854,On or near Solomon Court,E01013134,North East Lincolnshire 014D,Violence and sexual offences,Court result unavailable,
,2021-05,Humberside Police,Humberside Police,-0.115590,53.554451,On or near Parking Area,E01013206,North East Lincolnshire 015A,Anti-social behaviour,,
bf1d92c16220484a6159d57b81d4a52b0178cddb9e2a4a7e62b94158d6bdad73,2021-05,Humberside Police,Humberside Police,-0.116844,53.552726,On or near Watford Avenue,E01013206,North East Lincolnshire 015A,Criminal damage and arson,Unable to prosecute suspect,
8fe430bc282129107dd070becedc14e79f6e71782fb27fb30a87bd9517e25d6a,2021-05,Humberside Police,Humberside Police,-0.116453,53.552693,On or near Wickenby Close,E01013206,North East Lincolnshire 015A,Criminal damage and arson,Unable to prosecute suspect,
81f93ddcfc1f1b741736c6db2abf2c7b1231b527ed7277ea4f32e142dae8bec8,2021-05,Humberside Police,Humberside Police,-0.116453,53.552693,On or near Wickenby Close,E01013206,North East Lincolnshire 015A,Criminal damage and arson,Investigation complete; no suspect identified,
fbb343af1c3bfdb7ed82cd0ab19204009af13d1bcb0438b52203bfeb675a4a13,2021-05,Humberside Police,Humberside Police,-0.117686,53.553495,On or near Bardney Gardens,E01013206,North East Lincolnshire 015A,Public order,Unable to prosecute suspect,
d32a4c94bb3769bb759248aaeee1e775dde036eeb54292bccedde6791c46be03,2021-05,Humberside Police,Humberside Police,-0.115590,53.554451,On or near Parking Area,E01013206,North East Lincolnshire 015A,Violence and sexual offences,Unable to prosecute suspect,
beb675ecf08337f11ad1606cb38dacd1f9b88f05150e85aa1325768e66f81bb6,2021-05,Humberside Police,Humberside Police,-0.109171,53.552830,On or near Western Outway,E01013206,North East Lincolnshire 015A,Violence and sexual offences,Local resolution,
34c3eb0b1ee365cf105ffd1f7fe92bba4b0d80cd08c6d3d6c2543535b4bbc6b5,2021-05,Humberside Police,Humberside Police,-0.116420,53.553439,On or near Winslow Grove,E01013206,North East Lincolnshire 015A,Violence and sexual offences,Unable to prosecute suspect,
503d01e90b15862a779eb75df746e6e3fdbf5bdb65ceb55855b52cc9f36887b3,2021-05,Humberside Police,Humberside Police,-0.116420,53.553439,On or near Winslow Grove,E01013206,North East Lincolnshire 015A,Violence and sexual offences,Unable to prosecute suspect,
,2021-05,Humberside Police,Humberside Police,-0.119930,53.552919,On or near Welland Avenue,E01013207,North East Lincolnshire 015B,Anti-social behaviour,,
,2021-05,Humberside Police,Humberside Police,-0.124351,53.546156,On or near Bradley Road,E01013207,North East Lincolnshire 015B,Anti-social behaviour,,
db9c5b6321ceaff0b1b0bb0a8aa09d9c5b79bfe776c3a67f7befe5f56c3de8d2,2021-05,Humberside Police,Humberside Police,-0.118249,53.552020,On or near Crowland Avenue,E01013207,North East Lincolnshire 015B,Criminal damage and arson,Investigation complete; no suspect identified,
f801d71257c3de16072238005d8fa92cfb52d75f2dc9f886ed597e9c12ffbb51,2021-05,Humberside Police,Humberside Police,-0.121639,53.552182,On or near Firbeck Close,E01013207,North East Lincolnshire 015B,Criminal damage and arson,Unable to prosecute suspect,
99bf2f49662c49916f46be0339289824fc87641f277e9d73c1b26e9686219eac,2021-05,Humberside Police,Humberside Police,-0.122584,53.549913,On or near Stephen Crescent,E01013207,North East Lincolnshire 015B,Public order,Unable to prosecute suspect,
50e60691ea47d06ebaad53354335c8a37356ea1412ccf459787c38865968244a,2021-05,Humberside Police,Humberside Police,-0.122584,53.549913,On or near Stephen Crescent,E01013207,North East Lincolnshire 015B,Public order,Unable to prosecute suspect,
ef94e28b2634183e2bbc768e2a1e691b324100c907262eb09d9a75e8c7827ca0,2021-05,Humberside Police,Humberside Police,-0.124305,53.551279,On or near Supermarket,E01013207,North East Lincolnshire 015B,Public order,Status update unavailable,
d392d7a738830b47953080ccc5577916db886ca66f1c983cc84239228d1f1660,2021-05,Humberside Police,Humberside Police,-0.121097,53.552829,On or near Malcolm Road,E01013207,North East Lincolnshire 015B,Vehicle crime,Court result unavailable,
334ce2a3559419e605501b402a4cde6ba50a890f84ebf5859a501338a4740345,2021-05,Humberside Police,Humberside Police,-0.121639,53.552182,On or near Firbeck Close,E01013207,North East Lincolnshire 015B,Violence and sexual offences,Unable to prosecute suspect,
06149f599505fcbf0b645e458c86acddecd5bff630e8598f09ab724418c98840,2021-05,Humberside Police,Humberside Police,-0.122584,53.549913,On or near Stephen Crescent,E01013207,North East Lincolnshire 015B,Violence and sexual offences,Unable to prosecute suspect,
00fcae8799833df278b9e50bb6a731db2a8b1655aa216416b8bb4e6f04c52815,2021-05,Humberside Police,Humberside Police,-0.122584,53.549913,On or near Stephen Crescent,E01013207,North East Lincolnshire 015B,Violence and sexual offences,Local resolution,
b043ce398ad6ab6e6be8d2b858312bbb23d5390dab0b7b1bb88902bc15133f07,2021-05,Humberside Police,Humberside Police,-0.119490,53.551267,On or near Revesby Avenue,E01013207,North East Lincolnshire 015B,Violence and sexual offences,Unable to prosecute suspect,
e1c74d470002b124036b4a7b82509f886868b6a751f86b5b5f095d1348146c8f,2021-05,Humberside Police,Humberside Police,-0.124464,53.549745,On or near Bradley Road,E01013207,North East Lincolnshire 015B,Violence and sexual offences,Further investigation is not in the public interest,
ccc951f6b6059f0d872c148987c6d9990bdebb494abafadeb014160db06633d4,2021-05,Humberside Police,Humberside Police,-0.124351,53.546156,On or near Bradley Road,E01013207,North East Lincolnshire 015B,Violence and sexual offences,Unable to prosecute suspect,
,2021-05,Humberside Police,Humberside Police,-0.108066,53.556939,On or near Supermarket,E01013211,North East Lincolnshire 015C,Anti-social behaviour,,
a6ab7e5d1ee27c502680c46eebe5a8a78bc589faa90856b43035e1e0345746c7,2021-05,Humberside Police,Humberside Police,-0.107348,53.556127,On or near Chelmsford Avenue,E01013211,North East Lincolnshire 015C,Criminal damage and arson,Investigation complete; no suspect identified,
b822f162caf379c7fc5de2a7fd059b10c95d304f1fdcb678b24a1d785d8a476c,2021-05,Humberside Police,Humberside Police,-0.108066,53.556939,On or near Supermarket,E01013211,North East Lincolnshire 015C,Other theft,Unable to prosecute suspect,
244ea54f65e7f1c53e8045535293b1d40e39dc2944cf29c6d01eb6650a7729c6,2021-05,Humberside Police,Humberside Police,-0.108066,53.556939,On or near Supermarket,E01013211,North East Lincolnshire 015C,Shoplifting,Investigation complete; no suspect identified,
d3aafd48eacecb46edc7330f16cc99e92264b0b41f76953adf117940dc146b38,2021-05,Humberside Police,Humberside Police,-0.108855,53.552115,On or near Norwich Avenue,E01013211,North East Lincolnshire 015C,Violence and sexual offences,Investigation complete; no suspect identified,
7602aaab02f182d462ffeee5d8a146b9531d54e3ed6088d4bb408d16c2cf7631,2021-05,Humberside Police,Humberside Police,-0.108066,53.556939,On or near Supermarket,E01013211,North East Lincolnshire 015C,Violence and sexual offences,Unable to prosecute suspect,
54c06546f9fca77ca527dae3e0a37c159003a4a31d8d55ba37ac4cdd78c34bc4,2021-05,Humberside Police,Humberside Police,-0.105031,53.554922,On or near Further/Higher Educational Building,E01013211,North East Lincolnshire 015C,Violence and sexual offences,Unable to prosecute suspect,
0f0bf20ef6b82481af51515aecc0331ecf4ef33ab06c815f976d5cba54e1fa71,2021-05,Humberside Police,Humberside Police,-0.113604,53.554626,On or near Chepstow Grove,E01013212,North East Lincolnshire 015D,Criminal damage and arson,Offender given a caution,
5ee2231a18ed5cb4d81b1e23df4bea64ad1d335a9d047f3c5f5433e91f76fa7e,2021-05,Humberside Police,Humberside Police,-0.113255,53.553659,On or near Chingford Avenue,E01013212,North East Lincolnshire 015D,Criminal damage and arson,Unable to prosecute suspect,
b40c0214adc01d08dddacbbbf7cee2c0995f9d54eef014e2ecf4a9f601ec4d66,2021-05,Humberside Police,Humberside Police,-0.113309,53.552788,On or near Castleford Avenue,E01013212,North East Lincolnshire 015D,Criminal damage and arson,Unable to prosecute suspect,
3b81dbea6fd6060200f3b260512c0dff2c74756244f2abe7c25adf0638cb3e0e,2021-05,Humberside Police,Humberside Police,-0.113604,53.554626,On or near Chepstow Grove,E01013212,North East Lincolnshire 015D,Criminal damage and arson,Local resolution,
b03a223e5ec33147b85cd1b258d68d365c352bc1958633c7482477b5efbcf6c2,2021-05,Humberside Police,Humberside Police,-0.113309,53.552788,On or near Castleford Avenue,E01013212,North East Lincolnshire 015D,Other theft,Investigation complete; no suspect identified,
90dd48b184b3705c835ccb8c98e1643c0f032d7a2f28b5bdc4d7ed0fb52f5a05,2021-05,Humberside Police,Humberside Police,-0.110595,53.556440,On or near Coventry Avenue,E01013212,North East Lincolnshire 015D,Other theft,Investigation complete; no suspect identified,
e502ddab237c289947a3f881f057daf9591cacb1fe5a553b6043af4e7fa56a8f,2021-05,Humberside Police,Humberside Police,-0.113255,53.553659,On or near Chingford Avenue,E01013212,North East Lincolnshire 015D,Possession of weapons,Unable to prosecute suspect,
57b04a64494f98303a2c20429b16cd135ec4dbeb2fb29f86324802469316f5ff,2021-05,Humberside Police,Humberside Police,-0.109729,53.555203,On or near Scampton Close,E01013212,North East Lincolnshire 015D,Public order,Investigation complete; no suspect identified,
1c8b98ab400886c46d93abd01c238bbe2f6b1386124bbbce37a3e22d15781246,2021-05,Humberside Police,Humberside Police,-0.113255,53.553659,On or near Chingford Avenue,E01013212,North East Lincolnshire 015D,Public order,Unable to prosecute suspect,
3a1b6e9e308a1b08e91bbf35f8a608719aa95acde36b0e18035e9b33c62726ff,2021-05,Humberside Police,Humberside Police,-0.113309,53.552788,On or near Castleford Avenue,E01013212,North East Lincolnshire 015D,Public order,Unable to prosecute suspect,
e748d6d49337d55f8bc550639232a188a5123214e782f457019d4b232774c75b,2021-05,Humberside Police,Humberside Police,-0.113604,53.554626,On or near Chepstow Grove,E01013212,North East Lincolnshire 015D,Public order,Unable to prosecute suspect,
48d7bb65ec67b14e717f5fb5d7dbb57cdbedfc6c875c5c055c46c4907bc85c46,2021-05,Humberside Police,Humberside Police,-0.113604,53.554626,On or near Chepstow Grove,E01013212,North East Lincolnshire 015D,Public order,Local resolution,
387344c4a410ca7a1a2d1cc8432347ed06a7c35799ac52cd8855820fe8d9b091,2021-05,Humberside Police,Humberside Police,-0.112529,53.556407,On or near Cromer Avenue,E01013212,North East Lincolnshire 015D,Violence and sexual offences,Further action is not in the public interest,
03f0ab1e15b040531b51dca9812cdde77952793576066202e19d9c92ef30f1f4,2021-05,Humberside Police,Humberside Police,-0.113255,53.553659,On or near Chingford Avenue,E01013212,North East Lincolnshire 015D,Violence and sexual offences,Unable to prosecute suspect,
05e36e7d30552b0cbd2f6c49161da96413466981ba62a13e37c57cf7a1092f23,2021-05,Humberside Police,Humberside Police,-0.112353,53.555946,On or near Kelstern Court,E01013212,North East Lincolnshire 015D,Violence and sexual offences,Unable to prosecute suspect,
14144f5debcd416b857ff96f64922af6bee7ee693eb4ed4cf3eb6029e1a74c07,2021-05,Humberside Police,Humberside Police,-0.113604,53.554626,On or near Chepstow Grove,E01013212,North East Lincolnshire 015D,Violence and sexual offences,Unable to prosecute suspect,
e06dd84986f8fbf9c70d82fc6e789e326f51c01127c7470db7b12276a67f8857,2021-05,Humberside Police,Humberside Police,-0.113255,53.553659,On or near Chingford Avenue,E01013212,North East Lincolnshire 015D,Violence and sexual offences,Unable to prosecute suspect,
376ff03c19acda4b77296ab4e0835e5cb3c62a23c2c91c8442a77ac8c61f0409,2021-05,Humberside Police,Humberside Police,-0.113309,53.552788,On or near Castleford Avenue,E01013212,North East Lincolnshire 015D,Violence and sexual offences,Unable to prosecute suspect,
51e9b0fcae5e8540b8c423444d620933870366901d852c713a4e5a4646dfca4a,2021-05,Humberside Police,Humberside Police,-0.110595,53.556440,On or near Coventry Avenue,E01013212,North East Lincolnshire 015D,Violence and sexual offences,Unable to prosecute suspect,
e70c4b52d8698b8e28e302110ce71bb0f64b50f5ec038bdcc148d59b2b84ebb8,2021-05,Humberside Police,Humberside Police,-0.109882,53.554810,On or near Waddington Place,E01013212,North East Lincolnshire 015D,Violence and sexual offences,Unable to prosecute suspect,
5d2251c8aac142dcaa7d691ef3a5605f19ef47000b11cc94d5de1de00e202989,2021-05,Humberside Police,Humberside Police,-0.109832,53.555591,On or near Digby Gardens,E01013212,North East Lincolnshire 015D,Violence and sexual offences,Awaiting court outcome,
cba8b8db35806a1ed605af105bd12d7a92a2e544c039d8cbb18d61877dab0820,2021-05,Humberside Police,Humberside Police,-0.113255,53.553659,On or near Chingford Avenue,E01013212,North East Lincolnshire 015D,Violence and sexual offences,Unable to prosecute suspect,
1df80280c992e5dfa97b66e2cd1ae93e8ec47f469d31887a2258eeae6440390d,2021-05,Humberside Police,Humberside Police,-0.113604,53.554626,On or near Chepstow Grove,E01013212,North East Lincolnshire 015D,Violence and sexual offences,Local resolution,
,2021-05,Humberside Police,Humberside Police,-0.078683,53.559671,On or near Ludford Street,E01013181,North East Lincolnshire 016A,Anti-social behaviour,,
,2021-05,Humberside Police,Humberside Police,-0.078683,53.559671,On or near Ludford Street,E01013181,North East Lincolnshire 016A,Anti-social behaviour,,
,2021-05,Humberside Police,Humberside Police,-0.078683,53.559671,On or near Ludford Street,E01013181,North East Lincolnshire 016A,Anti-social behaviour,,
,2021-05,Humberside Police,Humberside Police,-0.079042,53.558085,On or near Garner Street,E01013181,North East Lincolnshire 016A,Anti-social behaviour,,
,2021-05,Humberside Police,Humberside Police,-0.080680,53.556583,On or near Legsby Avenue,E01013181,North East Lincolnshire 016A,Anti-social behaviour,,
,2021-05,Humberside Police,Humberside Police,-0.078683,53.559671,On or near Ludford Street,E01013181,North East Lincolnshire 016A,Anti-social behaviour,,
,2021-05,Humberside Police,Humberside Police,-0.078321,53.556321,On or near Florence Street,E01013181,North East Lincolnshire 016A,Anti-social behaviour,,
,2021-05,Humberside Police,Humberside Police,-0.078683,53.559671,On or near Ludford Street,E01013181,North East Lincolnshire 016A,Anti-social behaviour,,
45d1c63becdfe3728629cbd5489a9d1e265f8c08ab7442e94c61b016b1580bdd,2021-05,Humberside Police,Humberside Police,-0.079521,53.555513,On or near St Augustine Avenue,E01013181,North East Lincolnshire 016A,Burglary,Court result unavailable,
df4a54df31197ab9ebdb56ff88bf03febc565197500c07bca198297143a7c12e,2021-05,Humberside Police,Humberside Police,-0.079582,53.557168,On or near Farebrother Street,E01013181,North East Lincolnshire 016A,Burglary,Unable to prosecute suspect,
cd7825c3c9900733d023122b8e5d18fe22e299e79a50a95532b71f31ac9599d4,2021-05,Humberside Police,Humberside Police,-0.077393,53.557151,On or near Pedestrian Subway,E01013181,North East Lincolnshire 016A,Criminal damage and arson,Investigation complete; no suspect identified,
463af157861fed73cded601359fd36124ece3627658a147a4e6146f8c89155b6,2021-05,Humberside Police,Humberside Police,-0.077393,53.557151,On or near Pedestrian Subway,E01013181,North East Lincolnshire 016A,Other theft,Unable to prosecute suspect,
037208fe3c3bcdb5ed97fa12e3f5d0fd51ffd0f901dd2bf264ad530899796138,2021-05,Humberside Police,Humberside Police,-0.078683,53.559671,On or near Ludford Street,E01013181,North East Lincolnshire 016A,Other theft,Local resolution,
3fa8c94ee21597121b714cfaa44631710449f005c138f8c448ad63538d4e7f28,2021-05,Humberside Police,Humberside Police,-0.078839,53.557570,On or near Kettlewell Street,E01013181,North East Lincolnshire 016A,Public order,Unable to prosecute suspect,
8e5c75ce360f3d34d39bc8869c85a8faffe5741a2180acfc11b73668666590cb,2021-05,Humberside Police,Humberside Police,-0.079582,53.557168,On or near Farebrother Street,E01013181,North East Lincolnshire 016A,Public order,Investigation complete; no suspect identified,
7ffc2cf6d7a13a7500016903c985b4711e9865fbb80c02e2b4f93e444d8b6b6a,2021-05,Humberside Police,Humberside Police,-0.078321,53.556321,On or near Florence Street,E01013181,North East Lincolnshire 016A,Public order,Investigation complete; no suspect identified,
d0e4d245b5756ae3639dec8d4a505a0bb90ea15b8887a6d3a3a390fafe23f802,2021-05,Humberside Police,Humberside Police,-0.077393,53.557151,On or near Pedestrian Subway,E01013181,North East Lincolnshire 016A,Public order,Unable to prosecute suspect,
241a3eff7989ed171b2a4ce4f1a5039c43d2553c490da2eb1bdf9f20f85975d6,2021-05,Humberside Police,Humberside Police,-0.078321,53.556321,On or near Florence Street,E01013181,North East Lincolnshire 016A,Public order,Local resolution,
fb520feba4eeed4d787157e4efad88995932f4174ecd81a053353a1b939a3d1d,2021-05,Humberside Police,Humberside Police,-0.079042,53.558085,On or near Garner Street,E01013181,North East Lincolnshire 016A,Violence and sexual offences,Unable to prosecute suspect,
a6b273b41d610289bef0a2d6a1be13765f22bf841ab7306599579ac9a9ca4bb7,2021-05,Humberside Police,Humberside Police,-0.078683,53.559671,On or near Ludford Street,E01013181,North East Lincolnshire 016A,Violence and sexual offences,Unable to prosecute suspect,
5130c549c70d6a22c71067e796e95a550fa903a9d7329ffc76968f9112654e43,2021-05,Humberside Police,Humberside Police,-0.078683,53.559671,On or near Ludford Street,E01013181,North East Lincolnshire 016A,Violence and sexual offences,Unable to prosecute suspect,
a39d75ee1dcb8e5a5253b8fefe546de1d23d6346c46ad4ddd6e590954547817c,2021-05,Humberside Police,Humberside Police,-0.077393,53.557151,On or near Pedestrian Subway,E01013181,North East Lincolnshire 016A,Violence and sexual offences,Investigation complete; no suspect identified,
df434c2618a614b3709011650424d0eff808f56e30cc544b1c6cfd0c0bc80d58,2021-05,Humberside Police,Humberside Police,-0.077393,53.557151,On or near Pedestrian Subway,E01013181,North East Lincolnshire 016A,Violence and sexual offences,Unable to prosecute suspect,
bda982df7669702656aa7d70a8ec8cf5536efbcd3dbd5f784e7e5e0c25253b0e,2021-05,Humberside Police,Humberside Police,-0.079611,53.556845,On or near Patrick Street,E01013181,North East Lincolnshire 016A,Violence and sexual offences,Offender given a caution,
12a1255bce707d1995d25ee325f5d43ea4426bea56930da73f607b312f0a9de2,2021-05,Humberside Police,Humberside Police,-0.077393,53.557151,On or near Pedestrian Subway,E01013181,North East Lincolnshire 016A,Violence and sexual offences,Local resolution,
eb67977cdf292c8dc3046c13f6464f24cfeb2af28ac2725f1b96ec9f12ec6727,2021-05,Humberside Police,Humberside Police,-0.079611,53.556845,On or near Patrick Street,E01013181,North East Lincolnshire 016A,Violence and sexual offences,Unable to prosecute suspect,
ee25f1d2ffcfe052f5521a9ee54563a1028f260ff262bd5cd9106ce8004e4a64,2021-05,Humberside Police,Humberside Police,-0.079611,53.556845,On or near Patrick Street,E01013181,North East Lincolnshire 016A,Violence and sexual offences,Unable to prosecute suspect,
f0956131c86948678915bb1fcfdc0b8303ea6fbd4b8ff4834d413503b1545f60,2021-05,Humberside Police,Humberside Police,-0.078321,53.556321,On or near Florence Street,E01013181,North East Lincolnshire 016A,Other crime,Status update unavailable,
1c4d75da628d3260941a69717039e1c57cec6d51118e01891f9428025f1a24f8,2021-05,Humberside Police,Humberside Police,-0.078683,53.559671,On or near Ludford Street,E01013181,North East Lincolnshire 016A,Other crime,Unable to prosecute suspect,
,2021-05,Humberside Police,Humberside Police,-0.099340,53.558625,On or near Northumberland Close,E01013182,North East Lincolnshire 016B,Anti-social behaviour,,
d0594926a8f22fce9e945e086ffd50da17e3f19fc0ea59bb7bd1c930aba9e85c,2021-05,Humberside Police,Humberside Police,-0.090615,53.553551,On or near Weelsby Road,E01013182,North East Lincolnshire 016B,Bicycle theft,Investigation complete; no suspect identified,
561fc8834619455d184625c3ecd594cdeca67cff7c34838bc2dc2b073e003c09,2021-05,Humberside Police,Humberside Police,-0.094559,53.559170,On or near Eaton Court,E01013182,North East Lincolnshire 016B,Criminal damage and arson,Investigation complete; no suspect identified,
8f306bca859d9cc11cf151d7b24a4d9be6d246a7d2b54086a18182af838976d5,2021-05,Humberside Police,Humberside Police,-0.091661,53.557811,On or near Bargate,E01013182,North East Lincolnshire 016B,Drugs,Offender given a drugs possession warning,
017510ed7ab40f980eacda1bc6e917fca57e491efdb52b07a7667aa408de301c,2021-05,Humberside Police,Humberside Police,-0.091661,53.557811,On or near Bargate,E01013182,North East Lincolnshire 016B,Public order,Unable to prosecute suspect,
,2021-05,Humberside Police,Humberside Police,-0.083533,53.553914,On or near Weelsby Road,E01013183,North East Lincolnshire 016C,Anti-social behaviour,,
,2021-05,Humberside Police,Humberside Police,-0.083533,53.553914,On or near Weelsby Road,E01013183,North East Lincolnshire 016C,Anti-social behaviour,,
,2021-05,Humberside Police,Humberside Police,-0.083533,53.553914,On or near Weelsby Road,E01013183,North East Lincolnshire 016C,Anti-social behaviour,,
,2021-05,Humberside Police,Humberside Police,-0.083533,53.553914,On or near Weelsby Road,E01013183,North East Lincolnshire 016C,Anti-social behaviour,,
e0e7eaacc1cc11bf6a3dd55cbf66ac686642f020bbf9a384343429284aabea79,2021-05,Humberside Police,Humberside Police,-0.077696,53.550476,On or near Rudham Avenue,E01013183,North East Lincolnshire 016C,Bicycle theft,Investigation complete; no suspect identified,
458ac760ee806808c97ac85d93ae376970c4ae2a5408ceca14f7208427c4d6ce,2021-05,Humberside Police,Humberside Police,-0.080536,53.553084,On or near Portland Place,E01013183,North East Lincolnshire 016C,Criminal damage and arson,Investigation complete; no suspect identified,
46f48732a4acb4a44de54d771532589f6f96d2b3fdef5c43c348ccf74ec13ace,2021-05,Humberside Police,Humberside Police,-0.078598,53.552882,On or near Weelsby Grove,E01013183,North East Lincolnshire 016C,Criminal damage and arson,Investigation complete; no suspect identified,
7e5d9f348aa0e104df593f7a923b558b07e655845801cfb2313b6c1b71405d2a,2021-05,Humberside Police,Humberside Police,-0.076059,53.553938,On or near Peaks Parkway,E01013183,North East Lincolnshire 016C,Criminal damage and arson,Investigation complete; no suspect identified,
2f407d66ff2f2246550844afa7ab14db45b96537793c04dfb9440ae8aac35559,2021-05,Humberside Police,Humberside Police,-0.078598,53.552882,On or near Weelsby Grove,E01013183,North East Lincolnshire 016C,Possession of weapons,Court result unavailable,
59057258aceb800bc90f003601eaad6a2cf9bd10bea0f0a104d750a7933b7d8e,2021-05,Humberside Police,Humberside Police,-0.083533,53.553914,On or near Weelsby Road,E01013183,North East Lincolnshire 016C,Public order,Court result unavailable,
7904fadf96d42d912f38a7bb6b737211a64454e058a6f33e3087a1a89b42d196,2021-05,Humberside Police,Humberside Police,-0.076041,53.550351,On or near Drew Avenue,E01013183,North East Lincolnshire 016C,Public order,Unable to prosecute suspect,
c8d79c04e6b82899fbdd6ef2b671da132bbc9fc890fefb2ec8a269c41b6f1d88,2021-05,Humberside Police,Humberside Police,-0.076041,53.550351,On or near Drew Avenue,E01013183,North East Lincolnshire 016C,Public order,Unable to prosecute suspect,
6523c2c5a1561b0df93ed005ef7de2c4fa3598052919de07739e59769bef8c0e,2021-05,Humberside Police,Humberside Police,-0.080536,53.553084,On or near Portland Place,E01013183,North East Lincolnshire 016C,Violence and sexual offences,Unable to prosecute suspect,
e60a2ff82015e86cc7e0ee9b4cfaa4ee8f95bcae799e72257856b1ec60b5ab1f,2021-05,Humberside Police,Humberside Police,-0.077818,53.555099,On or near Gertrude Street,E01013183,North East Lincolnshire 016C,Violence and sexual offences,Unable to prosecute suspect,
1836a4e9fe2e8533982bb5926055c4fe678dd65ce8b3ce0428bd3e875c09ea4b,2021-05,Humberside Police,Humberside Police,-0.076041,53.550351,On or near Drew Avenue,E01013183,North East Lincolnshire 016C,Violence and sexual offences,Unable to prosecute suspect,
17532d2f799dd4179dc7dfe02b56753465f7221dd953bd64fb76bfb5ddf223bd,2021-05,Humberside Police,Humberside Police,-0.077818,53.555099,On or near Gertrude Street,E01013183,North East Lincolnshire 016C,Violence and sexual offences,Unable to prosecute suspect,
2ebfa7557bc0c2adb4494618efcd1944be5215ef9c33f678ff829fd190c7fb45,2021-05,Humberside Police,Humberside Police,-0.076041,53.550351,On or near Drew Avenue,E01013183,North East Lincolnshire 016C,Violence and sexual offences,Unable to prosecute suspect,
9d6f58d3bcaa07e018da2c6e9f7b19e4aa6dae944d9718b30e072ed3546ee543,2021-05,Humberside Police,Humberside Police,-0.077696,53.550476,On or near Rudham Avenue,E01013183,North East Lincolnshire 016C,Violence and sexual offences,Action to be taken by another organisation,
e3cbedff2db9c480fabc69f76c4c9513fe19cffad32e08a65d02413f09423d79,2021-05,Humberside Police,Humberside Police,-0.080536,53.553084,On or near Portland Place,E01013183,North East Lincolnshire 016C,Violence and sexual offences,Unable to prosecute suspect,
1579746357843ba808d24e7b9c58e16e9dca6713c36817818a97e6d78738bddf,2021-05,Humberside Police,Humberside Police,-0.077818,53.555099,On or near Gertrude Street,E01013183,North East Lincolnshire 016C,Violence and sexual offences,Action to be taken by another organisation,
c6f8c041557d1acffe7275811efe317fd1118d362ebe0405a255b6c3ae714012,2021-05,Humberside Police,Humberside Police,-0.077696,53.550476,On or near Rudham Avenue,E01013183,North East Lincolnshire 016C,Violence and sexual offences,Further action is not in the public interest,
fdf5a6d44822c774b1fd137212a05ec9610e37fc21cd95966fe15477c2bf5672,2021-05,Humberside Police,Humberside Police,-0.076041,53.550351,On or near Drew Avenue,E01013183,North East Lincolnshire 016C,Violence and sexual offences,Investigation complete; no suspect identified,
c48c92c61fe5fa70d0f49f0395236b4331b68fb3899eefb4c2cbd4d7e5f045d0,2021-05,Humberside Police,Humberside Police,-0.077696,53.550476,On or near Rudham Avenue,E01013183,North East Lincolnshire 016C,Violence and sexual offences,Unable to prosecute suspect,
dafe469f5e4464258b43106af4b3c83c8804f88813a6347320b6b46e3e4220d4,2021-05,Humberside Police,Humberside Police,-0.076041,53.550351,On or near Drew Avenue,E01013183,North East Lincolnshire 016C,Other crime,Court result unavailable,
,2021-05,Humberside Police,Humberside Police,-0.084230,53.559535,On or near Lampton Grove,E01013184,North East Lincolnshire 016D,Anti-social behaviour,,
,2021-05,Humberside Police,Humberside Police,-0.088282,53.560760,On or near Abbey Road,E01013184,North East Lincolnshire 016D,Anti-social behaviour,,
28d26b447bb6b3e0d038b9b39f273bc3211ead80a64b3a0e6690a83e1a32c0a3,2021-05,Humberside Police,Humberside Police,-0.087703,53.559195,On or near Abbey Park Road,E01013184,North East Lincolnshire 016D,Public order,Investigation complete; no suspect identified,
16d81d78c89e19b8d7d2af422863fa1dd39c799ffa8b61069b8572a5202d1734,2021-05,Humberside Police,Humberside Police,-0.081208,53.560601,On or near Wintringham Road,E01013184,North East Lincolnshire 016D,Vehicle crime,Investigation complete; no suspect identified,
c163dfa1f137305f748553dc464927d66fada7d278e5a97bbeb628c51945cdeb,2021-05,Humberside Police,Humberside Police,-0.081208,53.560601,On or near Wintringham Road,E01013184,North East Lincolnshire 016D,Violence and sexual offences,Investigation complete; no suspect identified,
ca497681fdfaa18a489236e56ffb6bea41ed65feb9edc555e6d57b406416c860,2021-05,Humberside Police,Humberside Police,-0.084784,53.557971,On or near Welholme Road,E01013184,North East Lincolnshire 016D,Violence and sexual offences,Local resolution,
63047b82b71bb71754c12f2609c9529e04bd58cb27bde4de4fedb8c827958e21,2021-05,Humberside Police,Humberside Police,-0.088282,53.560760,On or near Abbey Road,E01013184,North East Lincolnshire 016D,Violence and sexual offences,Unable to prosecute suspect,
,2021-05,Humberside Police,Humberside Police,-0.091769,53.544013,On or near Edge Avenue,E01013185,North East Lincolnshire 016E,Anti-social behaviour,,
,2021-05,Humberside Police,Humberside Police,-0.094966,53.545413,On or near Parking Area,E01013185,North East Lincolnshire 016E,Anti-social behaviour,,
,2021-05,Humberside Police,Humberside Police,-0.095579,53.542186,On or near Juniper Way,E01013185,North East Lincolnshire 016E,Anti-social behaviour,,
,2021-05,Humberside Police,Humberside Police,-0.094966,53.545413,On or near Parking Area,E01013185,North East Lincolnshire 016E,Anti-social behaviour,,
,2021-05,Humberside Police,Humberside Police,-0.094966,53.545413,On or near Parking Area,E01013185,North East Lincolnshire 016E,Anti-social behaviour,,
a4c7ec840f7c83339e9d46354ff4e3deb21435f6571acdea7b5ccd0b25b48385,2021-05,Humberside Police,Humberside Police,-0.094966,53.545413,On or near Parking Area,E01013185,North East Lincolnshire 016E,Other theft,Investigation complete; no suspect identified,
913512ea4c3b3f7923157efdc0fb00d3bec971d46e65940c40539913b09f3740,2021-05,Humberside Police,Humberside Police,-0.094966,53.545413,On or near Parking Area,E01013185,North East Lincolnshire 016E,Other theft,Unable to prosecute suspect,
d914d87146f46634db18cf9d38d0870019d72a0b387f8627f68a88ab104c8d4e,2021-05,Humberside Police,Humberside Police,-0.095579,53.542186,On or near Juniper Way,E01013185,North East Lincolnshire 016E,Public order,Investigation complete; no suspect identified,
efd14d86eb96723e4e43f23da6d6ae79881b28a72aab561f815f8c1b57a77af0,2021-05,Humberside Police,Humberside Police,-0.087970,53.544231,On or near Lisburn Grove,E01013185,North East Lincolnshire 016E,Violence and sexual offences,Unable to prosecute suspect,
d0ff7511bb6392b01fa770eea7675d3303a609977da96fe43ebf8b032371d404,2021-05,Humberside Police,Humberside Police,-0.087970,53.544231,On or near Lisburn Grove,E01013185,North East Lincolnshire 016E,Violence and sexual offences,Unable to prosecute suspect,
d6bd3700c806061f0858234f41304908828603ca9b9cd9876eb6344823bb4ce8,2021-05,Humberside Police,Humberside Police,-0.094966,53.545413,On or near Parking Area,E01013185,North East Lincolnshire 016E,Violence and sexual offences,Court result unavailable,
067750f7f650ac6e7b89117cb95f8ea2e954a17533ff94f05b969031545f1d3a,2021-05,Humberside Police,Humberside Police,-0.092288,53.546224,On or near Beech Avenue,E01013185,North East Lincolnshire 016E,Violence and sexual offences,Unable to prosecute suspect,
8fc518edc6a7a1ae256692e318f21ac7b23383b876abbc695cfb65557c93f1b7,2021-05,Humberside Police,Humberside Police,-0.094966,53.545413,On or near Parking Area,E01013185,North East Lincolnshire 016E,Violence and sexual offences,Unable to prosecute suspect,
19f8175ba1ba27ef6c5a21eb881303ad5187fe6b8c546ce5e670a9cd2d692904,2021-05,Humberside Police,Humberside Police,-0.094966,53.545413,On or near Parking Area,E01013185,North East Lincolnshire 016E,Violence and sexual offences,Investigation complete; no suspect identified,
ad80a90faa2d5d6f7f38e8cc7ea24fc3ed1c64a0bebe91dc9525f4acbd4e9e4f,2021-05,Humberside Police,Humberside Police,-0.092414,53.545777,On or near Sycamore Avenue,E01013185,North East Lincolnshire 016E,Violence and sexual offences,Unable to prosecute suspect,
7df7af0cd340270482c1c4fd9e2d258749806bdae944c8c129c585288100f3f0,2021-05,Humberside Police,Humberside Police,-0.094966,53.545413,On or near Parking Area,E01013185,North East Lincolnshire 016E,Violence and sexual offences,Investigation complete; no suspect identified,
072c5eb27644cc72485a3590c80d9b85ed6634fdd762fc354e0208ea146b0c81,2021-05,Humberside Police,Humberside Police,-0.094966,53.545413,On or near Parking Area,E01013185,North East Lincolnshire 016E,Other crime,Court result unavailable,
aada5076881d7b8e8950d933a6c1d5886f1d22390a4a0bb116c4da7b4e7ca18e,2021-05,Humberside Police,Humberside Police,-0.090321,53.547002,On or near St Helens Avenue,E01013186,North East Lincolnshire 016F,Burglary,Court result unavailable,
f99c8fb11ba450fcff71b0cfbc863d97af149e44a9b58b62023555a70bcf755c,2021-05,Humberside Police,Humberside Police,-0.087038,53.552532,On or near Connaught Avenue,E01013186,North East Lincolnshire 016F,Burglary,Unable to prosecute suspect,
,2021-05,Humberside Police,Humberside Police,-0.023126,53.556940,On or near Central Promenade,E01013129,North East Lincolnshire 017A,Anti-social behaviour,,
,2021-05,Humberside Police,Humberside Police,-0.023126,53.556940,On or near Central Promenade,E01013129,North East Lincolnshire 017A,Anti-social behaviour,,
,2021-05,Humberside Police,Humberside Police,-0.023126,53.556940,On or near Central Promenade,E01013129,North East Lincolnshire 017A,Anti-social behaviour,,
,2021-05,Humberside Police,Humberside Police,-0.023126,53.556940,On or near Central Promenade,E01013129,North East Lincolnshire 017A,Anti-social behaviour,,
b3ebda40f8ef19a942b729ee70566fe7c43abb68d96cb210097961258ef6300d,2021-05,Humberside Police,Humberside Police,-0.025779,53.556382,On or near Humber Street,E01013129,North East Lincolnshire 017A,Bicycle theft,Investigation complete; no suspect identified,
662158ee21e32f087bd68f5174a1b66dd5972c458c51a004cc24b3d294f07220,2021-05,Humberside Police,Humberside Police,-0.025869,53.557687,On or near New Road,E01013129,North East Lincolnshire 017A,Burglary,Unable to prosecute suspect,
265f027c884885b27a58bfa13e35160adf74e7f986ec4e88f3a0e727d604fe2c,2021-05,Humberside Police,Humberside Police,-0.024290,53.557553,On or near High Cliff Road,E01013129,North East Lincolnshire 017A,Criminal damage and arson,Investigation complete; no suspect identified,
8def08bfc506f8cb7092baafcf10bdb3e95863dfb35ac927049798a3e492d14b,2021-05,Humberside Police,Humberside Police,-0.023126,53.556940,On or near Central Promenade,E01013129,North East Lincolnshire 017A,Other theft,Investigation complete; no suspect identified,
f83fffdc93c7a4edae350015af88736d4bec3ace8fa97a7dcb5af6c1162e5f46,2021-05,Humberside Police,Humberside Police,-0.032616,53.559021,On or near Elm Avenue,E01013129,North East Lincolnshire 017A,Other theft,Further action is not in the public interest,
7be9e9a1aeee87aa5a4e32db4edcb6606d8c3573cfd71f43a64e425f981ad363,2021-05,Humberside Police,Humberside Police,-0.031642,53.559850,On or near Short Street,E01013129,North East Lincolnshire 017A,Public order,Investigation complete; no suspect identified,
fa038a1c35287dfb86839111ad9a57abd903d697fbe74dae8a208a613c79811a,2021-05,Humberside Police,Humberside Police,-0.027388,53.559438,On or near Alexandra Road,E01013129,North East Lincolnshire 017A,Public order,Unable to prosecute suspect,
7b79ce5a90cc9e99cd7585af5e033e186d5bdb51582e168e66976a96236c42b9,2021-05,Humberside Police,Humberside Police,-0.025962,53.558920,On or near Park/Open Space,E01013129,North East Lincolnshire 017A,Violence and sexual offences,Local resolution,
2b99b5e30ea576afb027c3f5759dca38c334762557f2442b6c453d4f37a099e3,2021-05,Humberside Police,Humberside Police,-0.021508,53.554711,On or near Haigh Street,E01013129,North East Lincolnshire 017A,Violence and sexual offences,Investigation complete; no suspect identified,
6498582b77d0807998919da84cd1ebf25d921329e0a5d87d875b670e831f641d,2021-05,Humberside Police,Humberside Police,-0.028984,53.559851,On or near Dolphin Street,E01013129,North East Lincolnshire 017A,Violence and sexual offences,Unable to prosecute suspect,
249142d0d00d7b6900fdf8d49b15610733d227c54987ae71cf31f3fffe77e017,2021-05,Humberside Police,Humberside Police,-0.024290,53.557553,On or near High Cliff Road,E01013129,North East Lincolnshire 017A,Violence and sexual offences,Unable to prosecute suspect,
ed36ee0d613fc40720027ad262c6c26c86f496c6709c16ec54642a68434f0689,2021-05,Humberside Police,Humberside Police,-0.028984,53.559851,On or near Dolphin Street,E01013129,North East Lincolnshire 017A,Violence and sexual offences,Unable to prosecute suspect,
,2021-05,Humberside Police,Humberside Police,-0.016072,53.549587,On or near Parking Area,E01013151,North East Lincolnshire 017B,Anti-social behaviour,,
,2021-05,Humberside Police,Humberside Police,-0.016072,53.549587,On or near Parking Area,E01013151,North East Lincolnshire 017B,Anti-social behaviour,,
,2021-05,Humberside Police,Humberside Police,-0.016072,53.549587,On or near Parking Area,E01013151,North East Lincolnshire 017B,Anti-social behaviour,,
,2021-05,Humberside Police,Humberside Police,-0.016072,53.549587,On or near Parking Area,E01013151,North East Lincolnshire 017B,Anti-social behaviour,,
49b754e684206dfdef806df78086c056fdf658811ecc9f0e192023a69ebc9ae0,2021-05,Humberside Police,Humberside Police,-0.016541,53.551824,On or near Parking Area,E01013151,North East Lincolnshire 017B,Bicycle theft,Investigation complete; no suspect identified,
6579274cb6300ad15e31bdaba486eb1740b6b11342c4bdf1827479f83bceb17c,2021-05,Humberside Police,Humberside Police,-0.014396,53.545397,On or near Theme/Adventure Park,E01013151,North East Lincolnshire 017B,Criminal damage and arson,Investigation complete; no suspect identified,
b994faec1ea094fbd8ac96833b20b7853ce39e6fea94ae731df21f1c7cb927a9,2021-05,Humberside Police,Humberside Police,-0.014128,53.547586,On or near Parking Area,E01013151,North East Lincolnshire 017B,Public order,Unable to prosecute suspect,
d557a015841b5988ad77e8cf670437e995237f6da3c44efb903648ba29066364,2021-05,Humberside Police,Humberside Police,-0.014396,53.545397,On or near Theme/Adventure Park,E01013151,North East Lincolnshire 017B,Public order,Court result unavailable,
1d5447dbb8dabe802cae0e4548687979d807bb29e79ad114c340fcc603750181,2021-05,Humberside Police,Humberside Police,-0.014396,53.545397,On or near Theme/Adventure Park,E01013151,North East Lincolnshire 017B,Shoplifting,Status update unavailable,
2fbfbd97cd7ae0c056e96297397a45931e7e9269a6ac3daa117a3b39f5c46272,2021-05,Humberside Police,Humberside Police,-0.014396,53.545397,On or near Theme/Adventure Park,E01013151,North East Lincolnshire 017B,Shoplifting,Court result unavailable,
2fb19be15c6205b83cbaa59cf71e60511f62eedeb497a7787ed676ca4002988b,2021-05,Humberside Police,Humberside Police,-0.016541,53.551824,On or near Parking Area,E01013151,North East Lincolnshire 017B,Violence and sexual offences,Unable to prosecute suspect,
30476b705098af385fa4d47d099379c2b8613591a7a99c2517c7ac8429e464e3,2021-05,Humberside Police,Humberside Police,-0.014396,53.545397,On or near Theme/Adventure Park,E01013151,North East Lincolnshire 017B,Violence and sexual offences,Investigation complete; no suspect identified,
716f7a195cb8703a38f9214764f5b37fb613a6a81cfb126cf2c4b1b8279bf1bd,2021-05,Humberside Police,Humberside Police,-0.016541,53.551824,On or near Parking Area,E01013151,North East Lincolnshire 017B,Violence and sexual offences,Unable to prosecute suspect,
,2021-05,Humberside Police,Humberside Police,-0.024716,53.550018,On or near Hardy'S Road,E01013152,North East Lincolnshire 017C,Anti-social behaviour,,
,2021-05,Humberside Police,Humberside Police,-0.019185,53.553054,On or near Kingsway,E01013152,North East Lincolnshire 017C,Anti-social behaviour,,
f4fb06b8f3653037b1f1962cea7e0919d23e173d7bcc788d8844e155dbbcb006,2021-05,Humberside Police,Humberside Police,-0.023695,53.553462,On or near Oxford Street,E01013152,North East Lincolnshire 017C,Other theft,Court result unavailable,
12b884ebe263046997f4657d871a930808dcca12bfc7d910129ecc88f41298ab,2021-05,Humberside Police,Humberside Police,-0.025132,53.548865,On or near Minshull Road,E01013152,North East Lincolnshire 017C,Shoplifting,Investigation complete; no suspect identified,
f88cabb8460b3933dc7ebb5b9eb019de15b968c73b5c4b5a0a084daa687186c2,2021-05,Humberside Police,Humberside Police,-0.019185,53.553054,On or near Kingsway,E01013152,North East Lincolnshire 017C,Vehicle crime,Investigation complete; no suspect identified,
80c8c8e6cd4e3a0504459304191b282495adf1e8e38dbef22a75477335e6433f,2021-05,Humberside Police,Humberside Police,-0.023695,53.553462,On or near Oxford Street,E01013152,North East Lincolnshire 017C,Violence and sexual offences,Unable to prosecute suspect,
612e23a2bbe1896e77b36102ee84a93b6c55732b266affcad458885bc2605b1b,2021-05,Humberside Police,Humberside Police,-0.029671,53.545721,On or near Burley Avenue,E01013155,North East Lincolnshire 017D,Other theft,Unable to prosecute suspect,
ddaa78597a50c116ee7648c9eb34c0e9f5d9041c50ad4c291ddcc85c95abac19,2021-05,Humberside Police,Humberside Police,-0.023775,53.546244,On or near Loveden Court,E01013155,North East Lincolnshire 017D,Violence and sexual offences,Unable to prosecute suspect,
,2021-05,Humberside Police,Humberside Police,-0.047100,53.555644,On or near Lady Frances Crescent,E01013130,North East Lincolnshire 018A,Anti-social behaviour,,
,2021-05,Humberside Police,Humberside Police,-0.044617,53.553518,On or near Coulbeck Drive,E01013130,North East Lincolnshire 018A,Anti-social behaviour,,
41276babc0efe8987f14de5ffd1dba67e6cae088913c73141ffad2399cee00e8,2021-05,Humberside Police,Humberside Police,-0.044415,53.556904,On or near Normandy Road,E01013130,North East Lincolnshire 018A,Burglary,Investigation complete; no suspect identified,
7cf433f6d9c8245f65de4cd543353cfa477db3c9528a6089de003410fbbebb05,2021-05,Humberside Police,Humberside Police,-0.047657,53.553064,On or near Davenport Drive,E01013130,North East Lincolnshire 018A,Public order,Investigation complete; no suspect identified,
244119b18f3ba35cb9add0403837630187e657faaf85c5c1b43f16d323ae93f1,2021-05,Humberside Police,Humberside Police,-0.038277,53.556435,On or near Mill Hill Crescent,E01013130,North East Lincolnshire 018A,Violence and sexual offences,Local resolution,
4b23c5b61b58adcc64c728c54378b85635ed8974c13c127eb11d70b140a78014,2021-05,Humberside Police,Humberside Police,-0.047657,53.553064,On or near Davenport Drive,E01013130,North East Lincolnshire 018A,Violence and sexual offences,Investigation complete; no suspect identified,
e020e45bf13c55acb71d23e20ae7883122d13df4e09ebe03dab904e5c3123e98,2021-05,Humberside Police,Humberside Police,-0.044617,53.553518,On or near Coulbeck Drive,E01013130,North East Lincolnshire 018A,Violence and sexual offences,Unable to prosecute suspect,
8d6090f74215b94648e587b6ab13b92f29dfd528bdd7f018706f79b4f55967df,2021-05,Humberside Police,Humberside Police,-0.047100,53.555644,On or near Lady Frances Crescent,E01013130,North East Lincolnshire 018A,Violence and sexual offences,Unable to prosecute suspect,
c0edafdf1554c41d2f2287f63edf071c09c0a2ffd23d7d6d4ede3e359b255bed,2021-05,Humberside Police,Humberside Police,-0.044617,53.553518,On or near Coulbeck Drive,E01013130,North East Lincolnshire 018A,Violence and sexual offences,Unable to prosecute suspect,
2b03a89eb81869ec5e955693ee338302d8b225496c052b8d3efd1b2309fff12d,2021-05,Humberside Police,Humberside Police,-0.044617,53.553518,On or near Coulbeck Drive,E01013130,North East Lincolnshire 018A,Violence and sexual offences,Unable to prosecute suspect,
6aa9853633f0b13907cb990dac3a12d77957ba7ddbfa9dd3df552960629d11e9,2021-05,Humberside Police,Humberside Police,-0.044617,53.553518,On or near Coulbeck Drive,E01013130,North East Lincolnshire 018A,Violence and sexual offences,Unable to prosecute suspect,
,2021-05,Humberside Police,Humberside Police,-0.043755,53.553216,On or near Curzon Avenue,E01013135,North East Lincolnshire 018B,Anti-social behaviour,,
,2021-05,Humberside Police,Humberside Police,-0.048334,53.551475,On or near Balmoral Road,E01013135,North East Lincolnshire 018B,Anti-social behaviour,,
7108e1fcceb65775651c5835220e7fa77622c02f0936e96ad63187dff7c50990,2021-05,Humberside Police,Humberside Police,-0.049361,53.551141,On or near Chatsworth Place,E01013135,North East Lincolnshire 018B,Burglary,Investigation complete; no suspect identified,
48019dd91a2ddceaa8c3c71c5ce6d0655d5fb2f047989e54f7a144cac44e6b88,2021-05,Humberside Police,Humberside Police,-0.049361,53.551141,On or near Chatsworth Place,E01013135,North East Lincolnshire 018B,Burglary,Investigation complete; no suspect identified,
230d9694813d4fecbbcceda3b34aae02e17753996bc2ec9f75d62de010df3296,2021-05,Humberside Police,Humberside Police,-0.052505,53.552694,On or near Windsor Road,E01013135,North East Lincolnshire 018B,Criminal damage and arson,Unable to prosecute suspect,
0656df0ac3b559baeba8e0c32d128e6a4d3db31e53483912201b091a852b5f7a,2021-05,Humberside Police,Humberside Police,-0.053665,53.553738,On or near Chester Place,E01013135,North East Lincolnshire 018B,Criminal damage and arson,Unable to prosecute suspect,
0d82508b86bcf3cc99064960b3f712c47a6ec7716d6f708c5805ebdef424e6e2,2021-05,Humberside Police,Humberside Police,-0.045489,53.552274,On or near Curzon Court,E01013135,North East Lincolnshire 018B,Other theft,Investigation complete; no suspect identified,
eaddfce7542f16e523f0ff042b4b60c00a341c8795b15e5238427a20f87fa11b,2021-05,Humberside Police,Humberside Police,-0.048334,53.551475,On or near Balmoral Road,E01013135,North East Lincolnshire 018B,Other theft,Investigation complete; no suspect identified,
4aa845e993fa68ec8d0f7ed10abdfd13047df4ee17c174a753ac2045bdd8f8a0,2021-05,Humberside Police,Humberside Police,-0.053665,53.553738,On or near Chester Place,E01013135,North East Lincolnshire 018B,Other theft,Investigation complete; no suspect identified,
00e9bbe8b100f60e327b788aa965873de8e2990ed60a42fb1401d43549eae427,2021-05,Humberside Police,Humberside Police,-0.049361,53.551141,On or near Chatsworth Place,E01013135,North East Lincolnshire 018B,Public order,Unable to prosecute suspect,
5c839c0d2596434206517f4744a1e76035a896ddea2721b8970a8a3143c1d883,2021-05,Humberside Police,Humberside Police,-0.052097,53.553685,On or near Lincoln Road,E01013135,North East Lincolnshire 018B,Vehicle crime,Investigation complete; no suspect identified,
23350a1f195a92251b566f4afd261a53e7a1966859fa4c8082623068f9cf58d4,2021-05,Humberside Police,Humberside Police,-0.049361,53.551141,On or near Chatsworth Place,E01013135,North East Lincolnshire 018B,Violence and sexual offences,Local resolution,
99904dd8da94e78b7b1f8eb0a9c905e2282dff294e04b4ad65e0fc79a62b24d1,2021-05,Humberside Police,Humberside Police,-0.051539,53.553011,On or near Welbeck Road,E01013135,North East Lincolnshire 018B,Violence and sexual offences,Unable to prosecute suspect,
321c38c7ee3cfa5d37d027edeb97e0e7e7a02a59510dcb0999e3a6a67aeeb0e1,2021-05,Humberside Police,Humberside Police,-0.042828,53.546800,On or near Ormsby Close,E01013154,North East Lincolnshire 018C,Public order,Unable to prosecute suspect,
e494171490572817652c86fcf873640351c06d721d9e1a2d9eb856813e3cc1b9,2021-05,Humberside Police,Humberside Police,-0.043526,53.544771,On or near High Thorpe Crescent,E01013154,North East Lincolnshire 018C,Shoplifting,Investigation complete; no suspect identified,
cd175af1e6f7df7d889ac718783593bc3d8b68f993517e6feca2a1b9ddef1195,2021-05,Humberside Police,Humberside Police,-0.043526,53.544771,On or near High Thorpe Crescent,E01013154,North East Lincolnshire 018C,Shoplifting,Investigation complete; no suspect identified,
,2021-05,Humberside Police,Humberside Police,-0.042653,53.539812,On or near Buck Beck Way,E01013156,North East Lincolnshire 018D,Anti-social behaviour,,
,2021-05,Humberside Police,Humberside Police,-0.039919,53.541170,On or near Aspen Court,E01013156,North East Lincolnshire 018D,Anti-social behaviour,,
b8f3069a0c28d73d7487a1f6ca9644b4e4ef45029a975b5b4d5f7525fcec8fde,2021-05,Humberside Police,Humberside Police,-0.037344,53.543986,On or near Quorn Mews,E01013156,North East Lincolnshire 018D,Other theft,Investigation complete; no suspect identified,
809bb6f87073bf83912a2635beb3070539adffb650499f08e19d22127aaa78d3,2021-05,Humberside Police,Humberside Police,-0.043914,53.540930,On or near Beech Way,E01013156,North East Lincolnshire 018D,Public order,Unable to prosecute suspect,
5d8b616c5ec14ad47fa7bb0c7104a42d4deb60fd0eb2f571ea01f4eda05547c7,2021-05,Humberside Police,Humberside Police,-0.042653,53.539812,On or near Buck Beck Way,E01013156,North East Lincolnshire 018D,Public order,Investigation complete; no suspect identified,
f8bdc20d4d556676214e4f176b2c459d6cad78ad226b80b4da089b8929491213,2021-05,Humberside Police,Humberside Police,-0.042653,53.539812,On or near Buck Beck Way,E01013156,North East Lincolnshire 018D,Public order,Unable to prosecute suspect,
d99cbc9bcce81d0328c92ff2ba12deffb96a98abec99f6c228496d3c12f79e3f,2021-05,Humberside Police,Humberside Police,-0.042653,53.539812,On or near Buck Beck Way,E01013156,North East Lincolnshire 018D,Shoplifting,Investigation complete; no suspect identified,
8d6496136b0f713a46434c2125f060592c2889ea815c53c47ae8af91b2eada74,2021-05,Humberside Police,Humberside Police,-0.042653,53.539812,On or near Buck Beck Way,E01013156,North East Lincolnshire 018D,Shoplifting,Investigation complete; no suspect identified,
a8556a73f5e3d9f2116dd699ecade1d531cc07b2c0ff65bf906ffdc5584f9b8f,2021-05,Humberside Police,Humberside Police,-0.042653,53.539812,On or near Buck Beck Way,E01013156,North East Lincolnshire 018D,Shoplifting,Court result unavailable,
4a1c8a05612a519b0b6750631fc806646ec392388326aa86299c97b69a6cdbfc,2021-05,Humberside Police,Humberside Police,-0.042653,53.539812,On or near Buck Beck Way,E01013156,North East Lincolnshire 018D,Shoplifting,Investigation complete; no suspect identified,
14bf070f1c234f2ec16ffaf364138121e2164ad408d56d91b157bf55da6426f9,2021-05,Humberside Police,Humberside Police,-0.042653,53.539812,On or near Buck Beck Way,E01013156,North East Lincolnshire 018D,Shoplifting,Investigation complete; no suspect identified,
3c3584d0dcad348787e9abbe0c2a2b28eca813bdd1cf3808a229057d3d95895b,2021-05,Humberside Police,Humberside Police,-0.042653,53.539812,On or near Buck Beck Way,E01013156,North East Lincolnshire 018D,Shoplifting,Local resolution,
c44c256c98518037911cc9828079b9e02ceb92ed59741e19045e8eb57f042ef9,2021-05,Humberside Police,Humberside Police,-0.042653,53.539812,On or near Buck Beck Way,E01013156,North East Lincolnshire 018D,Shoplifting,Court result unavailable,
947b29d6b843f1c203cf5f2c40ae7bf29da9ab46475a7d3880c6b3d4bf224b32,2021-05,Humberside Police,Humberside Police,-0.043914,53.540930,On or near Beech Way,E01013156,North East Lincolnshire 018D,Violence and sexual offences,Unable to prosecute suspect,
d91da9f30dd7b80943f884f1a02f6848ae4ffc27c9f9dc80fccb3e47057ec6f2,2021-05,Humberside Police,Humberside Police,-0.040962,53.540486,On or near Hollingsworth Close,E01013156,North East Lincolnshire 018D,Violence and sexual offences,Unable to prosecute suspect,
31c5c724e99cd0f8fe13d0bf90766405c2185f1207703bda90455d856a28bd37,2021-05,Humberside Police,Humberside Police,-0.041518,53.538247,On or near Wilton Road,E01013156,North East Lincolnshire 018D,Violence and sexual offences,Unable to prosecute suspect,
1d27e977755402dfa2e48ea50958fb60ede623300abd7aebd12288319537029f,2021-05,Humberside Police,Humberside Police,-0.037344,53.543986,On or near Quorn Mews,E01013156,North East Lincolnshire 018D,Other crime,Unable to prosecute suspect,
,2021-05,Humberside Police,Humberside Police,-0.103619,53.551061,On or near Milton Road,E01013204,North East Lincolnshire 019A,Anti-social behaviour,,
,2021-05,Humberside Police,Humberside Police,-0.103619,53.551061,On or near Milton Road,E01013204,North East Lincolnshire 019A,Anti-social behaviour,,
37357b35a876b1aebc10bfbae358cb3d9cdd72fc8043a8a8ac51c04c2c5b4917,2021-05,Humberside Police,Humberside Police,-0.107838,53.547856,On or near Wootton Road,E01013204,North East Lincolnshire 019A,Criminal damage and arson,Investigation complete; no suspect identified,
28a2c370fd2d958ea2af97a7e7101f55227994a15261dc0942074314d427679d,2021-05,Humberside Police,Humberside Police,-0.105447,53.548995,On or near Sutcliffe Avenue,E01013204,North East Lincolnshire 019A,Criminal damage and arson,Investigation complete; no suspect identified,
00504f596aceb09b155c982ec96a208c0871ddedc136195645414edc436f1154,2021-05,Humberside Police,Humberside Police,-0.105447,53.548995,On or near Sutcliffe Avenue,E01013204,North East Lincolnshire 019A,Criminal damage and arson,Unable to prosecute suspect,
07391c1ca22e20d3a5d9be9e0b79059d9178802ad757b4ca8c26b766cb52008c,2021-05,Humberside Police,Humberside Police,-0.105447,53.548995,On or near Sutcliffe Avenue,E01013204,North East Lincolnshire 019A,Criminal damage and arson,Investigation complete; no suspect identified,
b310053a0a854b905837a6898dd64a4c70b9d9ff2508e248edcf26cbff648b5e,2021-05,Humberside Police,Humberside Police,-0.107838,53.547856,On or near Wootton Road,E01013204,North East Lincolnshire 019A,Other theft,Investigation complete; no suspect identified,
1fb91fb002ee9c8dd054d005422a12603741517e7d783b716233b3decebc5a12,2021-05,Humberside Police,Humberside Police,-0.103619,53.551061,On or near Milton Road,E01013204,North East Lincolnshire 019A,Public order,Unable to prosecute suspect,
32a9ddf3fcfdc3366303e0a6b3c4f79ea69a234bc489ff2bfb8574e46aad4b92,2021-05,Humberside Police,Humberside Police,-0.107838,53.547856,On or near Wootton Road,E01013204,North East Lincolnshire 019A,Shoplifting,Unable to prosecute suspect,
c05b050892f3a7b46b049e72a6c7380f475dc35357055d6788f08f918e4dfced,2021-05,Humberside Police,Humberside Police,-0.101791,53.553118,On or near Gloucester Avenue,E01013204,North East Lincolnshire 019A,Violence and sexual offences,Unable to prosecute suspect,
abdfffd9fa4d0fe8ead474155f47a399f4a3d6ce010fc621d21eddf3aed187de,2021-05,Humberside Police,Humberside Police,-0.110473,53.548670,On or near Orby Grove,E01013204,North East Lincolnshire 019A,Violence and sexual offences,Action to be taken by another organisation,
c699adcd74ec47207e6e464ff615d8f5edc64cff8c1d7f9398fa0e403b07e58c,2021-05,Humberside Police,Humberside Police,-0.105447,53.548995,On or near Sutcliffe Avenue,E01013204,North East Lincolnshire 019A,Violence and sexual offences,Unable to prosecute suspect,
def135bfc21c76b04c893073c724f148a312b7da7065fe00f851d0664e0dc09e,2021-05,Humberside Police,Humberside Police,-0.110473,53.548670,On or near Orby Grove,E01013204,North East Lincolnshire 019A,Violence and sexual offences,Unable to prosecute suspect,
d36613ab51e5d03acac1ff5234b3eace54b63f54bdf5fe3af24a41ec25aa5c67,2021-05,Humberside Police,Humberside Police,-0.110473,53.548670,On or near Orby Grove,E01013204,North East Lincolnshire 019A,Violence and sexual offences,Action to be taken by another organisation,
8ef1f75d2825c05391e9dda0f544a686fc390cb8d44246073d8c0e95f24757f3,2021-05,Humberside Police,Humberside Police,-0.103619,53.551061,On or near Milton Road,E01013204,North East Lincolnshire 019A,Violence and sexual offences,Unable to prosecute suspect,
e318a42bc2e631aabde97cf9b5d7609562838f47cd752e9b82d2d71a257904ed,2021-05,Humberside Police,Humberside Police,-0.110946,53.551258,On or near Laceby Road,E01013204,North East Lincolnshire 019A,Violence and sexual offences,Unable to prosecute suspect,
be02e43ed13d5722b4462726dcda298d370d320088749b31b02af6706824916c,2021-05,Humberside Police,Humberside Police,-0.107838,53.547856,On or near Wootton Road,E01013204,North East Lincolnshire 019A,Violence and sexual offences,Unable to prosecute suspect,
2a6a8a386cc153125330cf596ae718bc32f5371aa27d946e0fdd012cd22d3d8c,2021-05,Humberside Police,Humberside Police,-0.110946,53.551258,On or near Laceby Road,E01013204,North East Lincolnshire 019A,Violence and sexual offences,Unable to prosecute suspect,
9ac6f61ce8ecde3005d9ac2ca698d24ad78ae671ab2dca191a2f2982fbfd97c0,2021-05,Humberside Police,Humberside Police,-0.110946,53.551258,On or near Laceby Road,E01013204,North East Lincolnshire 019A,Violence and sexual offences,Unable to prosecute suspect,
7dfaab67ec1cc400bfa38afe9257345e4fdc7e53efc6886c2e2192d8794d4e56,2021-05,Humberside Police,Humberside Police,-0.110473,53.548670,On or near Orby Grove,E01013204,North East Lincolnshire 019A,Violence and sexual offences,Action to be taken by another organisation,
fe8a07f079490ad6ef7e133e799619b93ee1bc1bff0e047445126a14d806a56d,2021-05,Humberside Police,Humberside Police,-0.110946,53.551258,On or near Laceby Road,E01013204,North East Lincolnshire 019A,Violence and sexual offences,Unable to prosecute suspect,
137cc00f7b92ab93a63a48cff50a2fa8f01a85cf3c3c54ccebbe061e02de228d,2021-05,Humberside Police,Humberside Police,-0.103619,53.551061,On or near Milton Road,E01013204,North East Lincolnshire 019A,Violence and sexual offences,Unable to prosecute suspect,
e20e46b0eb5d48554bc9054ab036b895faf8736b8a002f348df1819abcadd1d0,2021-05,Humberside Police,Humberside Police,-0.103619,53.551061,On or near Milton Road,E01013204,North East Lincolnshire 019A,Violence and sexual offences,Investigation complete; no suspect identified,
60d370efae8bff366f240735137d96d0b2102bc6621aac00fc28492df13533dc,2021-05,Humberside Police,Humberside Police,-0.105447,53.548995,On or near Sutcliffe Avenue,E01013204,North East Lincolnshire 019A,Violence and sexual offences,Unable to prosecute suspect,
03a64b6c54a16d2ecf54ab7e668f1004de3a83e32d76c12e9d90061c37ffb5f6,2021-05,Humberside Police,Humberside Police,-0.110946,53.551258,On or near Laceby Road,E01013204,North East Lincolnshire 019A,Violence and sexual offences,Unable to prosecute suspect,
,2021-05,Humberside Police,Humberside Police,-0.099398,53.549574,On or near Second Avenue,E01013205,North East Lincolnshire 019B,Anti-social behaviour,,
,2021-05,Humberside Police,Humberside Police,-0.095709,53.548688,On or near Cornwell Close,E01013205,North East Lincolnshire 019B,Anti-social behaviour,,
21e012439576b80a1bf35a00200a4dd368fbcdc685ef107c90756fed7ccc03d7,2021-05,Humberside Police,Humberside Police,-0.093148,53.552279,On or near A46,E01013205,North East Lincolnshire 019B,Bicycle theft,Investigation complete; no suspect identified,
b26038f641c07d6e29dc8d15c03318a9370c1caa848bf22b3a5ac12b0e07a9cb,2021-05,Humberside Police,Humberside Police,-0.092888,53.548661,On or near St Martin'S Crescent,E01013205,North East Lincolnshire 019B,Burglary,Investigation complete; no suspect identified,
8eda2678c0551cfbc3a07a5e3025215d007c74d06d09790b2f4d49f9e6150352,2021-05,Humberside Police,Humberside Police,-0.098970,53.550718,On or near Byron Grove,E01013205,North East Lincolnshire 019B,Criminal damage and arson,Investigation complete; no suspect identified,
a92eb5bb944d3d6e1cd906dd1ca3b74328b0d755fa416be6ac05aae2e13fe508,2021-05,Humberside Police,Humberside Police,-0.092236,53.550062,On or near Scartho Road,E01013205,North East Lincolnshire 019B,Criminal damage and arson,Investigation complete; no suspect identified,
9b9fe94065d68358e55dc93105965a53c56d13274d7e5f243c5f33bcd1d27088,2021-05,Humberside Police,Humberside Police,-0.096568,53.550068,On or near First Avenue,E01013205,North East Lincolnshire 019B,Criminal damage and arson,Unable to prosecute suspect,
90b8ae18b99dbf1a3c0d7b48d50183ac41175885666ea05ea7dd0afd0d5e6ad7,2021-05,Humberside Police,Humberside Police,-0.096568,53.550068,On or near First Avenue,E01013205,North East Lincolnshire 019B,Criminal damage and arson,Unable to prosecute suspect,
a720ee4627544fbb18d3a5e9fefc07ed6e04c68ad680cc51b4a77285335e64ac,2021-05,Humberside Police,Humberside Police,-0.098970,53.550718,On or near Byron Grove,E01013205,North East Lincolnshire 019B,Criminal damage and arson,Unable to prosecute suspect,
5a167c11a94886570c86d5b9aa8e6f29657a981ac8e566dbecb012ab2b8b077b,2021-05,Humberside Police,Humberside Police,-0.096568,53.550068,On or near First Avenue,E01013205,North East Lincolnshire 019B,Criminal damage and arson,Unable to prosecute suspect,
3009147d3cb38c7e518a531e2ebca02c36ff8aa9afe059dfb61e33c24a102a4c,2021-05,Humberside Police,Humberside Police,-0.092888,53.548661,On or near St Martin'S Crescent,E01013205,North East Lincolnshire 019B,Drugs,Court result unavailable,
d45a2ef53a2ee5e66320933291355a6fa112964859bc2ab9b950cbfd1b6f021e,2021-05,Humberside Police,Humberside Police,-0.094435,53.551185,On or near Leighton Grove,E01013205,North East Lincolnshire 019B,Other theft,Unable to prosecute suspect,
4cfd1b831557a2b3aa0bf9a8015e68c915501872d99783abf3f4f4726a1bf627,2021-05,Humberside Police,Humberside Police,-0.099086,53.549470,On or near Supermarket,E01013205,North East Lincolnshire 019B,Shoplifting,Court result unavailable,
a8f94a6014f337ae42ed16ab9d2d3f5524d4bd777e6e38ab031a16b44ec66e10,2021-05,Humberside Police,Humberside Police,-0.095090,53.549703,On or near Walton Grove,E01013205,North East Lincolnshire 019B,Violence and sexual offences,Unable to prosecute suspect,
99c1ba71c86dee3de7891aa222b9cf37e2f592154fd7ffcb31bfcb27d979afba,2021-05,Humberside Police,Humberside Police,-0.095659,53.549478,On or near Sutcliffe Avenue,E01013205,North East Lincolnshire 019B,Violence and sexual offences,Unable to prosecute suspect,
b262710adf93c946852069dd4f90cbbc9d39fddf9be8f53162bcc66e243b92a7,2021-05,Humberside Police,Humberside Police,-0.098970,53.550718,On or near Byron Grove,E01013205,North East Lincolnshire 019B,Violence and sexual offences,Unable to prosecute suspect,
0a5cee19e1b1ee7a5cf8f63d68f3eba66cd990f3373ffbf8d9f617f009dbdea1,2021-05,Humberside Police,Humberside Police,-0.092236,53.550062,On or near Scartho Road,E01013205,North East Lincolnshire 019B,Violence and sexual offences,Unable to prosecute suspect,
f598e0a91e3b1101c3cf82b6f2d23d7beb022703d8369a5de454f6611758eca4,2021-05,Humberside Police,Humberside Police,-0.096748,53.551437,On or near Milton Road,E01013205,North East Lincolnshire 019B,Violence and sexual offences,Unable to prosecute suspect,
1269e5b0104138e0f1337441ed5230d4ec91e95014f1d47f858217d01e788d6b,2021-05,Humberside Police,Humberside Police,-0.096487,53.550525,On or near New Close,E01013205,North East Lincolnshire 019B,Violence and sexual offences,Local resolution,
40fa8b1b27396c7b5c09d48d71e70b81d7d5e0f5bfcd4421f5296e38f76eb155,2021-05,Humberside Police,Humberside Police,-0.098970,53.550718,On or near Byron Grove,E01013205,North East Lincolnshire 019B,Violence and sexual offences,Unable to prosecute suspect,
7310b4b783fc8f565527bb68b2e41b8ff653c19412d561f7abf50f6e4a2cfc61,2021-05,Humberside Police,Humberside Police,-0.098970,53.550718,On or near Byron Grove,E01013205,North East Lincolnshire 019B,Violence and sexual offences,Unable to prosecute suspect,
57ce28641800d99dc299f1ae7d0a6036c606784d22ae27894ef7c7ac4c7604cf,2021-05,Humberside Police,Humberside Police,-0.095659,53.549478,On or near Sutcliffe Avenue,E01013205,North East Lincolnshire 019B,Violence and sexual offences,Action to be taken by another organisation,
6a691cae42908790d3e3d8ff1e3bec332529ba7f7ab35edaba09fc4fb4b209ce,2021-05,Humberside Police,Humberside Police,-0.095709,53.548688,On or near Cornwell Close,E01013205,North East Lincolnshire 019B,Violence and sexual offences,Unable to prosecute suspect,
bbc6a8e94b5bd8ad178716f57554846aa8251a51cb763527bce862eeee385d1c,2021-05,Humberside Police,Humberside Police,-0.098970,53.550718,On or near Byron Grove,E01013205,North East Lincolnshire 019B,Violence and sexual offences,Unable to prosecute suspect,
26739cabaaae4b4d05fda9b9c065aac23bb9470bf9e5209077500b4122e9cb15,2021-05,Humberside Police,Humberside Police,-0.095659,53.549478,On or near Sutcliffe Avenue,E01013205,North East Lincolnshire 019B,Violence and sexual offences,Unable to prosecute suspect,
23e3b5f58cfc438327c1762da15c17b131f6372af377aaf6a823e4623cc3260b,2021-05,Humberside Police,Humberside Police,-0.096487,53.550525,On or near New Close,E01013205,North East Lincolnshire 019B,Other crime,Unable to prosecute suspect,
3cc4217c6377446cfe851e4ff7ba7643440bb549f46bb33f63b4d3a845fd8fd7,2021-05,Humberside Police,Humberside Police,-0.099397,53.549259,On or near Second Avenue,E01013205,North East Lincolnshire 019B,Other crime,Unable to prosecute suspect,
,2021-05,Humberside Police,Humberside Police,-0.104802,53.546873,On or near Hatcllffe Close,E01013208,North East Lincolnshire 019C,Anti-social behaviour,,
,2021-05,Humberside Police,Humberside Police,-0.107323,53.545187,On or near Kirkstead Crescent,E01013208,North East Lincolnshire 019C,Anti-social behaviour,,
34de4a2568227fd31c55165af73ca91d0d6ac46f8f91074e36923e931e4d758c,2021-05,Humberside Police,Humberside Police,-0.101151,53.546500,On or near Redbourne Road,E01013208,North East Lincolnshire 019C,Criminal damage and arson,Unable to prosecute suspect,
fd37ac4eb0972d29785a1c946f2a31892774c61f8d31074de39deb45df044a7d,2021-05,Humberside Police,Humberside Police,-0.101712,53.548136,On or near Torksey Place,E01013208,North East Lincolnshire 019C,Criminal damage and arson,Investigation complete; no suspect identified,
319a219216a141004ccb296a17efd6e9ac0055b8b813d8b8d4123394de7e7901,2021-05,Humberside Police,Humberside Police,-0.104196,53.546926,On or near Fulstow Grove,E01013208,North East Lincolnshire 019C,Criminal damage and arson,Investigation complete; no suspect identified,
e32a7843060bcb9530515b085eaba0157fb9417abafb6f5c18e5dcc4bc791b8c,2021-05,Humberside Police,Humberside Police,-0.103339,53.545492,On or near Caistor Drive,E01013208,North East Lincolnshire 019C,Criminal damage and arson,Investigation complete; no suspect identified,
e4512ba48215ba62cd7ce53d89097d0b56f03eb6f58a44f11e3f5d96e126dad9,2021-05,Humberside Police,Humberside Police,-0.104196,53.546926,On or near Fulstow Grove,E01013208,North East Lincolnshire 019C,Criminal damage and arson,Investigation complete; no suspect identified,
6bc1711ed3cd20029e594fe4c84dfc193bff0afee82bb088c02932dc10ab443b,2021-05,Humberside Police,Humberside Police,-0.103339,53.545492,On or near Caistor Drive,E01013208,North East Lincolnshire 019C,Criminal damage and arson,Investigation complete; no suspect identified,
c07816d10f8d02bf161e1150b8b8eb2c45d1a9f10085023d9dbc45023ea956b0,2021-05,Humberside Police,Humberside Police,-0.105761,53.547364,On or near Burwell Drive,E01013208,North East Lincolnshire 019C,Criminal damage and arson,Investigation complete; no suspect identified,
efd2f253b23e127db873b64b9de2c5b81ca86093e6eaec6324f16f195c6075c1,2021-05,Humberside Police,Humberside Police,-0.100291,53.547493,On or near Burns Grove,E01013208,North East Lincolnshire 019C,Criminal damage and arson,Investigation complete; no suspect identified,
8eaab9c2b68465ad30425c66afa22fd6d0d4078a0cb53d9b9e3be962318d7fff,2021-05,Humberside Police,Humberside Police,-0.101024,53.545284,On or near Winthorpe Road,E01013208,North East Lincolnshire 019C,Criminal damage and arson,Investigation complete; no suspect identified,
1fef941d7bd222dc7efa0fb33e397d0ab2ed1d0667e887298cb968dcd1906465,2021-05,Humberside Police,Humberside Police,-0.103339,53.545492,On or near Caistor Drive,E01013208,North East Lincolnshire 019C,Drugs,Offender given a drugs possession warning,
ded42bbd59f59f794fd7ef9ef358542a5cdb4894a6ce912de5c2ccce25f11c8b,2021-05,Humberside Police,Humberside Police,-0.107323,53.545187,On or near Kirkstead Crescent,E01013208,North East Lincolnshire 019C,Vehicle crime,Investigation complete; no suspect identified,
babfed380d5b96bb40e9a67e563abb3e4dd587ed309898118b41b9aa8ce3d520,2021-05,Humberside Police,Humberside Police,-0.105761,53.547364,On or near Burwell Drive,E01013208,North East Lincolnshire 019C,Vehicle crime,Investigation complete; no suspect identified,
9a26029cf4c69e4292531d6b42b6bdd3e7905da607c6af10cb5a77d39d7d2148,2021-05,Humberside Police,Humberside Police,-0.101712,53.548136,On or near Torksey Place,E01013208,North East Lincolnshire 019C,Violence and sexual offences,Court result unavailable,
e4e54103b26a93d7c495cd86a731770790b0c9b829a98e6b8b8a1ea9dcdf8ce2,2021-05,Humberside Police,Humberside Police,-0.102101,53.547873,On or near Torksey Drive,E01013208,North East Lincolnshire 019C,Violence and sexual offences,Unable to prosecute suspect,
f813f07820096da9145fd520b44c3b2b2a9d892cd48d29d0698735d706296871,2021-05,Humberside Police,Humberside Police,-0.100291,53.547493,On or near Burns Grove,E01013208,North East Lincolnshire 019C,Violence and sexual offences,Unable to prosecute suspect,
efa743f3c4970e44dbd0151ab3bdd61c4df8c78c4ba0bcff2f9289375d4b3d82,2021-05,Humberside Police,Humberside Police,-0.101712,53.548136,On or near Torksey Place,E01013208,North East Lincolnshire 019C,Violence and sexual offences,Court result unavailable,
83f0c4d40fa2c2ca24018e962e0928905dfcc7362cf014b57b98058d6d77e644,2021-05,Humberside Police,Humberside Police,-0.101151,53.546500,On or near Redbourne Road,E01013208,North East Lincolnshire 019C,Violence and sexual offences,Investigation complete; no suspect identified,
00912cccdc28e3561b45e6cc2a5a29fce5878b92301028d6f393f99e77779f74,2021-05,Humberside Police,Humberside Police,-0.100291,53.547493,On or near Burns Grove,E01013208,North East Lincolnshire 019C,Violence and sexual offences,Unable to prosecute suspect,
157ef12b225fac8a2fcdbdd42fda2b4169960e78a6a8fec39f0ac0348b326388,2021-05,Humberside Police,Humberside Police,-0.101151,53.546500,On or near Redbourne Road,E01013208,North East Lincolnshire 019C,Other crime,Action to be taken by another organisation,
e1ab5b456bd11147cf13fa0a07811565f70945a566d1a80bf6fe7e5036a4ec8e,2021-05,Humberside Police,Humberside Police,-0.104802,53.546873,On or near Hatcllffe Close,E01013208,North East Lincolnshire 019C,Other crime,Unable to prosecute suspect,
1809825160a315354e5c99364b5048d2668e106c9edabd273fb3138658412322,2021-05,Humberside Police,Humberside Police,-0.103339,53.545492,On or near Caistor Drive,E01013208,North East Lincolnshire 019C,Other crime,Unable to prosecute suspect,
,2021-05,Humberside Police,Humberside Police,-0.115457,53.548273,On or near Alder View,E01013209,North East Lincolnshire 019D,Anti-social behaviour,,
,2021-05,Humberside Police,Humberside Police,-0.109915,53.547304,On or near Saxby Grove,E01013209,North East Lincolnshire 019D,Anti-social behaviour,,
,2021-05,Humberside Police,Humberside Police,-0.115457,53.548273,On or near Alder View,E01013209,North East Lincolnshire 019D,Anti-social behaviour,,
,2021-05,Humberside Police,Humberside Police,-0.109915,53.547304,On or near Saxby Grove,E01013209,North East Lincolnshire 019D,Anti-social behaviour,,
,2021-05,Humberside Police,Humberside Police,-0.115541,53.546368,On or near Dale View,E01013209,North East Lincolnshire 019D,Anti-social behaviour,,
,2021-05,Humberside Police,Humberside Police,-0.109915,53.547304,On or near Saxby Grove,E01013209,North East Lincolnshire 019D,Anti-social behaviour,,
3fe540b039f34720de6ee52235c3427600d99ee6bf79894dcd61ff135060c740,2021-05,Humberside Police,Humberside Police,-0.113831,53.546143,On or near Stainton Drive,E01013209,North East Lincolnshire 019D,Burglary,Investigation complete; no suspect identified,
df4d27cd294e4758ca5173b96b4dd82a24a5fa31c047434b66473cbde0ae72b9,2021-05,Humberside Police,Humberside Police,-0.109915,53.547304,On or near Saxby Grove,E01013209,North East Lincolnshire 019D,Burglary,Unable to prosecute suspect,
6cedef8fe285ff6d865524808bf3589b51c85a88773fcf8a81acbd92bea86361,2021-05,Humberside Police,Humberside Police,-0.113831,53.546143,On or near Stainton Drive,E01013209,North East Lincolnshire 019D,Criminal damage and arson,Investigation complete; no suspect identified,
cfe88503202f18b87b8547c48da97da770322e77e2f2f458bbde51db69887816,2021-05,Humberside Police,Humberside Police,-0.115812,53.545725,On or near Pinewood Crescent,E01013209,North East Lincolnshire 019D,Criminal damage and arson,Investigation complete; no suspect identified,
48780aa6d6cd8a933482858add70eff54559e2654b7beb2d7899c447f61feb46,2021-05,Humberside Police,Humberside Police,-0.109915,53.547304,On or near Saxby Grove,E01013209,North East Lincolnshire 019D,Criminal damage and arson,Investigation complete; no suspect identified,
e0e95fdb0a6959a23e0ad980a966c3f020cac1af5277da784eac6eac1f91f9ea,2021-05,Humberside Police,Humberside Police,-0.117278,53.545002,On or near Columbus Way,E01013209,North East Lincolnshire 019D,Public order,Local resolution,
519a778b624d82efe59bf8c00c332b18fcf8b88f7c356be0b56461d60edf6739,2021-05,Humberside Police,Humberside Police,-0.116952,53.544512,On or near Selge Way,E01013209,North East Lincolnshire 019D,Public order,Court result unavailable,
68f4c8657845a3cbc3bee45489f9844833855d9d2207c80fdcc7c99c100a26f3,2021-05,Humberside Police,Humberside Police,-0.115145,53.546802,On or near Beechwood Avenue,E01013209,North East Lincolnshire 019D,Public order,Unable to prosecute suspect,
423ea4a5d173c85abbfa162384727dd7a7f6f75f7cd493a0ed7be8a9edbac5fa,2021-05,Humberside Police,Humberside Police,-0.117278,53.545002,On or near Columbus Way,E01013209,North East Lincolnshire 019D,Public order,Unable to prosecute suspect,
f8f0ecb2e7723d897224007751f120df2e964ffb52f13ab107e7043f3f7089dc,2021-05,Humberside Police,Humberside Police,-0.109915,53.547304,On or near Saxby Grove,E01013209,North East Lincolnshire 019D,Public order,Investigation complete; no suspect identified,
60f51b4e607897e8cb2e4fb60d307fe7d2cd96945a4ced674ee280eb9599de1c,2021-05,Humberside Police,Humberside Police,-0.117278,53.545002,On or near Columbus Way,E01013209,North East Lincolnshire 019D,Public order,Unable to prosecute suspect,
27adb173e62a412fefff31c85a91c07efb52f55fca039926494b741737f8f128,2021-05,Humberside Police,Humberside Police,-0.113831,53.546143,On or near Stainton Drive,E01013209,North East Lincolnshire 019D,Vehicle crime,Investigation complete; no suspect identified,
9ff5861bb0180eaab659c973e6a45aed1f5b8e69f06b79e078995d1e2c34d8db,2021-05,Humberside Police,Humberside Police,-0.113831,53.546143,On or near Stainton Drive,E01013209,North East Lincolnshire 019D,Vehicle crime,Investigation complete; no suspect identified,
85222d6a8f0cf1220a1fb4a1d7e74461f9ee3c6d74b2355a3fc06b9fd59f3e2c,2021-05,Humberside Police,Humberside Police,-0.111119,53.547728,On or near Bonby Grove,E01013209,North East Lincolnshire 019D,Violence and sexual offences,Unable to prosecute suspect,
c3905382067be4597416e98f8f6d7a2bf042e1009e25c9cf6ef3a00caca8c222,2021-05,Humberside Police,Humberside Police,-0.115673,53.547494,On or near Bremerhaven Way,E01013209,North East Lincolnshire 019D,Violence and sexual offences,Unable to prosecute suspect,
c53fb0c2e5319f5bd1d596d3eaf7077a77a3fc9ec94dcf843e1b711ad1ef3499,2021-05,Humberside Police,Humberside Police,-0.117278,53.545002,On or near Columbus Way,E01013209,North East Lincolnshire 019D,Violence and sexual offences,Unable to prosecute suspect,
32851894d6db114b6de8c2abf65ed1f8b9fc3d1dcb2aa90e01e53de277ee1c01,2021-05,Humberside Police,Humberside Police,-0.111119,53.547728,On or near Bonby Grove,E01013209,North East Lincolnshire 019D,Violence and sexual offences,Unable to prosecute suspect,
d303ca2776d1f8ee19550200511da0ce3a6ee346425e809936435f004e3a085d,2021-05,Humberside Police,Humberside Police,-0.109915,53.547304,On or near Saxby Grove,E01013209,North East Lincolnshire 019D,Violence and sexual offences,Unable to prosecute suspect,
9e148b26bcf5ed45cf008ababd481eb63aa7689ce7d758b28e07e47189cba0fe,2021-05,Humberside Police,Humberside Police,-0.115650,53.548006,On or near Dolby Vale,E01013209,North East Lincolnshire 019D,Violence and sexual offences,Unable to prosecute suspect,
5dcfbcaab370f667d7b4ed64c40ed58495afdf850af7dd9edacb274c9d12cd50,2021-05,Humberside Police,Humberside Police,-0.109915,53.547304,On or near Saxby Grove,E01013209,North East Lincolnshire 019D,Violence and sexual offences,Unable to prosecute suspect,
a68f6061f9ebba45110f53f9dd750262cd87975a0d13d6b8fc8896c5ab3a98f6,2021-05,Humberside Police,Humberside Police,-0.115609,53.546891,On or near Wymark View,E01013209,North East Lincolnshire 019D,Violence and sexual offences,Unable to prosecute suspect,
79a2fb7f7b4ff62f69ff6d4fb16536b51f2f8591cc97b488aa2163fbbb62894c,2021-05,Humberside Police,Humberside Police,-0.116952,53.544512,On or near Selge Way,E01013209,North East Lincolnshire 019D,Violence and sexual offences,Status update unavailable,
1fecbf2739d90d66aa849696488cf2f32d517dc897b517291cda718b039990c9,2021-05,Humberside Police,Humberside Police,-0.115650,53.548006,On or near Dolby Vale,E01013209,North East Lincolnshire 019D,Violence and sexual offences,Unable to prosecute suspect,
9c555c15743671d003aba161d0d3b7b129db5e57d2a6ec77ca6430c24d6c2a5e,2021-05,Humberside Police,Humberside Police,-0.109915,53.547304,On or near Saxby Grove,E01013209,North East Lincolnshire 019D,Violence and sexual offences,Unable to prosecute suspect,
16539e689853998d2e1ed00be5c8cad104b92a764df5012edbcc48a4573cbcad,2021-05,Humberside Police,Humberside Police,-0.115609,53.546891,On or near Wymark View,E01013209,North East Lincolnshire 019D,Violence and sexual offences,Unable to prosecute suspect,
d4c48f88f9893b5125d2d1fbee844e92776f1ca8a85050b616471b236220a4e5,2021-05,Humberside Police,Humberside Police,-0.117278,53.545002,On or near Columbus Way,E01013209,North East Lincolnshire 019D,Violence and sexual offences,Unable to prosecute suspect,
82e787a70bfadd67a54c5ae190f8784ccba7eecdec9f072bd70c5c68a93b8c2d,2021-05,Humberside Police,Humberside Police,-0.109915,53.547304,On or near Saxby Grove,E01013209,North East Lincolnshire 019D,Violence and sexual offences,Unable to prosecute suspect,
8f6c020af4cee59cb7544cd2df71defc03abf97829c7ad38208cdf230b18e79b,2021-05,Humberside Police,Humberside Police,-0.115673,53.547494,On or near Bremerhaven Way,E01013209,North East Lincolnshire 019D,Other crime,Unable to prosecute suspect,
15af41ea52a69d2aaccf1e2b763e7aea665805d511ba9f646eba6ce5abfd1947,2021-05,Humberside Police,Humberside Police,-0.117278,53.545002,On or near Columbus Way,E01013209,North East Lincolnshire 019D,Other crime,Unable to prosecute suspect,
6f40450bbb1f7b01d36e8ee3e0b9e34b90a79c0cbb3911c61a007e452d7fe655,2021-05,Humberside Police,Humberside Police,-0.111908,53.544576,On or near Firsby Crescent,E01013210,North East Lincolnshire 019E,Public order,Court result unavailable,
c3c97adced63ca89a1fbeacfd8a36abc2293f5ad2350a4215ac1287b9327b88f,2021-05,Humberside Police,Humberside Police,-0.111908,53.544576,On or near Firsby Crescent,E01013210,North East Lincolnshire 019E,Public order,Court result unavailable,
6a261e9498dd535ccfba68d16f58477c73b4e239a6c28f489a8acea74b7a8857,2021-05,Humberside Police,Humberside Police,-0.102438,53.544723,On or near Cabourne Road,E01013210,North East Lincolnshire 019E,Violence and sexual offences,Investigation complete; no suspect identified,
040f1660711ba4053dad12dae9a5ae0285a3917fba0e5a89a977e7aece4c8aa0,2021-05,Humberside Police,Humberside Police,-0.111908,53.544576,On or near Firsby Crescent,E01013210,North East Lincolnshire 019E,Violence and sexual offences,Action to be taken by another organisation,
9c5101c4cbff552e5a7992bcfd3fceb445f2aa7f81c036927a2d67ef2f219704,2021-05,Humberside Police,Humberside Police,-0.104449,53.544638,On or near Wainfleet Road,E01013210,North East Lincolnshire 019E,Violence and sexual offences,Unable to prosecute suspect,
6ef81f58d5447c598efc982710d25d8611932ea32d261dde1a0c96ebd52fd7de,2021-05,Humberside Police,Humberside Police,-0.111908,53.544576,On or near Firsby Crescent,E01013210,North East Lincolnshire 019E,Violence and sexual offences,Court result unavailable,
1b4b984c48d13ab1415bf575beeadd3704b533a561c80e91072afe0648cd6573,2021-05,Humberside Police,Humberside Police,-0.104449,53.544638,On or near Wainfleet Road,E01013210,North East Lincolnshire 019E,Violence and sexual offences,Unable to prosecute suspect,
b9e15a0023cae03bf241198874048392724f766ba30164d4c3dc3a8dfa91b091,2021-05,Humberside Police,Humberside Police,-0.102438,53.544723,On or near Cabourne Road,E01013210,North East Lincolnshire 019E,Violence and sexual offences,Investigation complete; no suspect identified,
8b6c1ee5d5c3f0bf8c730d73c889695cb4a4420989bea2850026891f878acc17,2021-05,Humberside Police,Humberside Police,-0.111908,53.544576,On or near Firsby Crescent,E01013210,North East Lincolnshire 019E,Violence and sexual offences,Unable to prosecute suspect,
a9c4643783fe082a34b594d63ea9a7564329109b44c71515c4776dbce4942c3f,2021-05,Humberside Police,Humberside Police,-0.104449,53.544638,On or near Wainfleet Road,E01013210,North East Lincolnshire 019E,Violence and sexual offences,Unable to prosecute suspect,
ea15c6f7b8ea3cebf8f0ca360a00a6b71891f70ecb3c3019c61a75b4efb57496,2021-05,Humberside Police,Humberside Police,-0.111908,53.544576,On or near Firsby Crescent,E01013210,North East Lincolnshire 019E,Violence and sexual offences,Unable to prosecute suspect,
38324c25774f23b4586eb6111bfad7dbba4666761fab9a3fa6d51113edd9c4cd,2021-05,Humberside Police,Humberside Police,-0.111908,53.544576,On or near Firsby Crescent,E01013210,North East Lincolnshire 019E,Violence and sexual offences,Action to be taken by another organisation,
d9bb0cbc5078a5bbcf49a37b3c243067eabfe6094a846d6315998331b0dce4d6,2021-05,Humberside Police,Humberside Police,-0.003010,53.537170,On or near Parking Area,E01013153,North East Lincolnshire 020A,Bicycle theft,Investigation complete; no suspect identified,
60f5cd96101cb66862163d0e63f58f5fd69e5c016defdefc6b6d043a541a1600,2021-05,Humberside Police,Humberside Police,-0.003010,53.537170,On or near Parking Area,E01013153,North East Lincolnshire 020A,Bicycle theft,Investigation complete; no suspect identified,
4488cab733f98405e348c39e0529c4e1d52125bd33ad92110f8f55c6243eaa9c,2021-05,Humberside Police,Humberside Police,-0.006556,53.537175,On or near Kings Mews,E01013153,North East Lincolnshire 020A,Burglary,Investigation complete; no suspect identified,
d24b4196cd72ee702a927256eb6ba0a3f9844f9300e4dadbfca3b00dd417ab1b,2021-05,Humberside Police,Humberside Police,-0.003010,53.537170,On or near Parking Area,E01013153,North East Lincolnshire 020A,Burglary,Investigation complete; no suspect identified,
d855165068bb2c71da238cde60a3ee594f2ee08247f813e43953f48c2b19c3fc,2021-05,Humberside Police,Humberside Police,-0.006556,53.537175,On or near Kings Mews,E01013153,North East Lincolnshire 020A,Criminal damage and arson,Investigation complete; no suspect identified,
92b63a7cf7af065fe5c25bc3c7dbda6862536a9761e587e41a752be7c1af44b4,2021-05,Humberside Police,Humberside Police,-0.003010,53.537170,On or near Parking Area,E01013153,North East Lincolnshire 020A,Other theft,Investigation complete; no suspect identified,
ce044cb8db9647d04c8de47209e1adb2d1d3e6a88d0cac0c7316bc63860a8fde,2021-05,Humberside Police,Humberside Police,-0.003010,53.537170,On or near Parking Area,E01013153,North East Lincolnshire 020A,Vehicle crime,Investigation complete; no suspect identified,
62be595b49c578e318d62eb8500e1ca33c581a6d98ab2e093cdcbc98832efd05,2021-05,Humberside Police,Humberside Police,-0.022879,53.538588,On or near Rochester Court,E01013153,North East Lincolnshire 020A,Violence and sexual offences,Action to be taken by another organisation,
de30aea25313f860aa6d636285e6734a068750203ded4fb9ac60e4493344d8cf,2021-05,Humberside Police,Humberside Police,-0.022879,53.538588,On or near Rochester Court,E01013153,North East Lincolnshire 020A,Violence and sexual offences,Action to be taken by another organisation,
,2021-05,Humberside Police,Humberside Police,-0.036567,53.537609,On or near Beck Walk,E01013157,North East Lincolnshire 020B,Anti-social behaviour,,
,2021-05,Humberside Police,Humberside Police,-0.036567,53.537609,On or near Beck Walk,E01013157,North East Lincolnshire 020B,Anti-social behaviour,,
,2021-05,Humberside Police,Humberside Police,-0.036567,53.537609,On or near Beck Walk,E01013157,North East Lincolnshire 020B,Anti-social behaviour,,
,2021-05,Humberside Police,Humberside Police,-0.036567,53.537609,On or near Beck Walk,E01013157,North East Lincolnshire 020B,Anti-social behaviour,,
00da485e5665f574f13f1eddef9463f546933f6b5aff40e4f2d2baede3a68a7d,2021-05,Humberside Police,Humberside Police,-0.031391,53.535654,On or near Lairgate Place,E01013157,North East Lincolnshire 020B,Violence and sexual offences,Local resolution,
7eedd0bf61ab42a80f5487d3e02c8c908b6b32c03b797afc3fcb51c57575bbc3,2021-05,Humberside Police,Humberside Police,-0.038030,53.536977,On or near Windermere Crescent,E01013157,North East Lincolnshire 020B,Violence and sexual offences,Unable to prosecute suspect,
7a467b4cf492e15be1e4bea8e24962a51bb3b3ea7f3d499643805a0352e3326f,2021-05,Humberside Police,Humberside Police,-0.037023,53.537868,On or near Bullfinch Lane,E01013157,North East Lincolnshire 020B,Violence and sexual offences,Unable to prosecute suspect,
2d1de66845a3e2656b70463bbac8fb0bdf197a4c3b368530b728794f4d0b410c,2021-05,Humberside Police,Humberside Police,-0.037023,53.537868,On or near Bullfinch Lane,E01013157,North East Lincolnshire 020B,Violence and sexual offences,Unable to prosecute suspect,
,2021-05,Humberside Police,Humberside Police,-0.023443,53.532637,On or near Sheraton Drive,E01013166,North East Lincolnshire 020C,Anti-social behaviour,,
a9de8f04e281918e40639f6b58632a1b61124334ddbd919a74083a85b48a11de,2021-05,Humberside Police,Humberside Police,-0.023443,53.532637,On or near Sheraton Drive,E01013166,North East Lincolnshire 020C,Burglary,Investigation complete; no suspect identified,
200bb8372054175574d542e138c03f56e475a2147fe6a23aaf2d3b66b7f14de1,2021-05,Humberside Police,Humberside Police,-0.028170,53.534171,On or near Paul Crescent,E01013166,North East Lincolnshire 020C,Burglary,Investigation complete; no suspect identified,
4ac2c651f601a48f3536d4eab08b0ca312fe705fc13b582cef5abea763b1404d,2021-05,Humberside Police,Humberside Police,-0.023443,53.532637,On or near Sheraton Drive,E01013166,North East Lincolnshire 020C,Burglary,Investigation complete; no suspect identified,
a160c5694bbda69ae6b70a6c87ecc834827a6d1f46532783596a44b70806b7f8,2021-05,Humberside Police,Humberside Police,-0.023182,53.533064,On or near Chippendale Close,E01013166,North East Lincolnshire 020C,Burglary,Investigation complete; no suspect identified,
7728b3fa6d7ea9ea8149aa717fd464fd9b331bbe03ad69a53cf478bf6f7c0f7a,2021-05,Humberside Police,Humberside Police,-0.023443,53.532637,On or near Sheraton Drive,E01013166,North East Lincolnshire 020C,Criminal damage and arson,Court result unavailable,
f892fcfbe594ec5b32cdca1a118fb5873585a12becb388808ca1ba30d0b8a05e,2021-05,Humberside Police,Humberside Police,-0.023443,53.532637,On or near Sheraton Drive,E01013166,North East Lincolnshire 020C,Criminal damage and arson,Unable to prosecute suspect,
45cd83c1d8c7ffce2216553cb8e75919d982ce1f5d5ac3c8f0d296c6df2234f1,2021-05,Humberside Police,Humberside Police,-0.023443,53.532637,On or near Sheraton Drive,E01013166,North East Lincolnshire 020C,Public order,Status update unavailable,
294f3a61f4bcad1cdecc756289083cfa5251041362a7bbab7e8b9ba4441e3d40,2021-05,Humberside Police,Humberside Police,-0.023443,53.532637,On or near Sheraton Drive,E01013166,North East Lincolnshire 020C,Violence and sexual offences,Unable to prosecute suspect,
a8ee2e8e11bb7c5f7d35f39821f7dc0d62c1ec7171293620f2f21582e33fccf2,2021-05,Humberside Police,Humberside Police,-0.023443,53.532637,On or near Sheraton Drive,E01013166,North East Lincolnshire 020C,Violence and sexual offences,Unable to prosecute suspect,
cd91d890514e0fa19ec2c174dfe85332a4755b357bef4e244642ac2b34dd3c3c,2021-05,Humberside Police,Humberside Police,-0.023443,53.532637,On or near Sheraton Drive,E01013166,North East Lincolnshire 020C,Violence and sexual offences,Court result unavailable,
a94fa75fb3dbe4b27dbe90ca10c387779e41b89c51e7c2bcfa38be5337271b2e,2021-05,Humberside Police,Humberside Police,-0.023443,53.532637,On or near Sheraton Drive,E01013166,North East Lincolnshire 020C,Violence and sexual offences,Local resolution,
16a8487f542dd9badfb24f1f9b61e2c604c405f0dfaadc4a52045ebc174005d8,2021-05,Humberside Police,Humberside Police,-0.023443,53.532637,On or near Sheraton Drive,E01013166,North East Lincolnshire 020C,Other crime,Unable to prosecute suspect,
9d36c8c4984d68e2e37f4ea4786f58fd75e728d61c561bdef35a40af11d4ad51,2021-05,Humberside Police,Humberside Police,0.008040,53.532463,On or near 2Nd Avenue,E01013167,North East Lincolnshire 020D,Burglary,Investigation complete; no suspect identified,
c91e8ddf03d5710c77ffc97c64175d04ff20376169da251fa8a2e0e73a1e19c4,2021-05,Humberside Police,Humberside Police,-0.022390,53.529985,On or near Midfield Place,E01013167,North East Lincolnshire 020D,Burglary,Unable to prosecute suspect,
f9196ab027f03dddb2693a67c00985074f540a21e0cb264449dcf9a04035b016,2021-05,Humberside Police,Humberside Police,0.010114,53.532599,On or near 4Th Avenue,E01013167,North East Lincolnshire 020D,Other theft,Unable to prosecute suspect,
1451c17500800c3daa12e408f6ac4c59ff0304c3da2358fab184b35f1f096cf4,2021-05,Humberside Police,Humberside Police,0.007293,53.532305,On or near Anthony'S Bank Road,E01013167,North East Lincolnshire 020D,Public order,Local resolution,
ee1dfd897792a177654d917a9421c67dc16cdefeba0fb2f40ab1865041d27d31,2021-05,Humberside Police,Humberside Police,-0.026209,53.529302,On or near St Thomas' Road,E01013167,North East Lincolnshire 020D,Violence and sexual offences,Action to be taken by another organisation,
39c3ed0a21ab30f40891a42dbfb641be9830bdd610b254fbd5c9cd7d90dfc3c0,2021-05,Humberside Police,Humberside Police,-0.026209,53.529302,On or near St Thomas' Road,E01013167,North East Lincolnshire 020D,Violence and sexual offences,Action to be taken by another organisation,
54d72b0989e81497b96f3fea9ec57d8fe4bb8f92cc2c1c3ef79f5e6e73f6288d,2021-05,Humberside Police,Humberside Police,-0.017075,53.532639,On or near Sinderson Road,E01013167,North East Lincolnshire 020D,Violence and sexual offences,Unable to prosecute suspect,
,2021-05,Humberside Police,Humberside Police,-0.028190,53.530171,On or near St Christopher'S Road,E01013169,North East Lincolnshire 020E,Anti-social behaviour,,
,2021-05,Humberside Police,Humberside Police,-0.028255,53.525857,On or near Glebe Close,E01013169,North East Lincolnshire 020E,Anti-social behaviour,,
,2021-05,Humberside Police,Humberside Police,-0.030854,53.531627,On or near Parking Area,E01013169,North East Lincolnshire 020E,Anti-social behaviour,,
ee218edc99bf1b2ff8395fc03ac790dce3701a61d36fa01260f9058f77e8a2f2,2021-05,Humberside Police,Humberside Police,-0.027118,53.523042,On or near Walk Lane,E01013169,North East Lincolnshire 020E,Burglary,Investigation complete; no suspect identified,
7a792dd3e903402a4608a21fb380487d7b76215b552d47b98a3f7e3c28690d96,2021-05,Humberside Police,Humberside Police,-0.026736,53.532556,On or near The Crofts,E01013169,North East Lincolnshire 020E,Burglary,Investigation complete; no suspect identified,
cd8689328032b6eeb1b33c8000363aa49776d6a4383af2ca87c00c41b7762cd1,2021-05,Humberside Police,Humberside Police,-0.026736,53.532556,On or near The Crofts,E01013169,North East Lincolnshire 020E,Burglary,Investigation complete; no suspect identified,
d7f95762ba34fd59998c26bc0f14be655e34e50b89883375d506054f883814cc,2021-05,Humberside Police,Humberside Police,-0.026736,53.532556,On or near The Crofts,E01013169,North East Lincolnshire 020E,Burglary,Investigation complete; no suspect identified,
fbb81f0411ff337cb0ed3d4eac679a56df83942d9a04fcf17238f95c77a7410a,2021-05,Humberside Police,Humberside Police,-0.025260,53.527974,On or near Humberston Avenue,E01013169,North East Lincolnshire 020E,Criminal damage and arson,Investigation complete; no suspect identified,
4d990c095515e4175e89fd2edef28247e7df3cac11e08467a42a2f829f7a54ce,2021-05,Humberside Police,Humberside Police,-0.028463,53.525591,On or near Glebe Road,E01013169,North East Lincolnshire 020E,Public order,Unable to prosecute suspect,
,2021-05,Humberside Police,Humberside Police,-0.098928,53.533789,On or near Bracken Park,E01013189,North East Lincolnshire 021A,Anti-social behaviour,,
160418fca2f232187742cf7b0502576a47b0fe5805c484711fe74cc368771175,2021-05,Humberside Police,Humberside Police,-0.106876,53.532872,On or near Briar Lane,E01013189,North East Lincolnshire 021A,Other theft,Unable to prosecute suspect,
2a1aa36801f485e2e6ef5837bead859af5f371bb414a4d7db98d34bba53b47cb,2021-05,Humberside Police,Humberside Police,-0.101214,53.532288,On or near Bayons Avenue,E01013189,North East Lincolnshire 021A,Public order,Investigation complete; no suspect identified,
d39143765f5e3edf1692d24f4df6c9ffa5fac988ecb8936fa88c723e9ce3c22d,2021-05,Humberside Police,Humberside Police,-0.106876,53.532872,On or near Briar Lane,E01013189,North East Lincolnshire 021A,Violence and sexual offences,Investigation complete; no suspect identified,
b62f9bb2c8df851b3bdbd42198208ed5e6567b5b8f0e17cb19860d1c5f611ee2,2021-05,Humberside Police,Humberside Police,-0.106876,53.532872,On or near Briar Lane,E01013189,North East Lincolnshire 021A,Violence and sexual offences,Investigation complete; no suspect identified,
,2021-05,Humberside Police,Humberside Police,-0.105460,53.540932,On or near Walsh Garden,E01013190,North East Lincolnshire 021B,Anti-social behaviour,,
cc234c28751e78583e8ef884ad32cd03ef35a000df126c68fc063be3b4c23742,2021-05,Humberside Police,Humberside Police,-0.099941,53.543865,On or near Odin Court,E01013190,North East Lincolnshire 021B,Bicycle theft,Investigation complete; no suspect identified,
32957c2e1b2d91915056b1adb2c917813d0bb3102b34ccc55cf8fd5347f79952,2021-05,Humberside Police,Humberside Police,-0.105603,53.542804,On or near Belgrave Road,E01013190,North East Lincolnshire 021B,Burglary,Investigation complete; no suspect identified,
5344649d89d1bf2cfab7d52f952843093f1bcabebbdebb60c839f4deb08ccdaf,2021-05,Humberside Police,Humberside Police,-0.106453,53.543033,On or near Buckingham Grove,E01013190,North East Lincolnshire 021B,Criminal damage and arson,Unable to prosecute suspect,
1868b633585e7bf1661d0d36bea140f6ae1f6e46eb23c9493b2cf6c6929cfc55,2021-05,Humberside Police,Humberside Police,-0.103742,53.535142,On or near Sports/Recreation Area,E01013190,North East Lincolnshire 021B,Other theft,Unable to prosecute suspect,
a590d16fe5d71e6464f8912d0d62774047d1dfbd4be862cb823427e0888cccf4,2021-05,Humberside Police,Humberside Police,-0.103733,53.539385,On or near Fenwick Road,E01013190,North East Lincolnshire 021B,Public order,Unable to prosecute suspect,
3272a750b8f25d6ca4cd126776f33b0ae413af0988eba720da27df7061540965,2021-05,Humberside Police,Humberside Police,-0.106453,53.543033,On or near Buckingham Grove,E01013190,North East Lincolnshire 021B,Vehicle crime,Status update unavailable,
1d6fbd8f06e7ca13e88830ebfd5106eef8446fd3c4d4bb285b6ca09c9dbc32eb,2021-05,Humberside Police,Humberside Police,-0.103733,53.539385,On or near Fenwick Road,E01013190,North East Lincolnshire 021B,Violence and sexual offences,Investigation complete; no suspect identified,
7380bb2ea215d33b14e4b381b0c12e38381637c9e9395763733d8ac559c41e08,2021-05,Humberside Police,Humberside Police,-0.095758,53.537865,On or near Pelham Avenue,E01013190,North East Lincolnshire 021B,Violence and sexual offences,Local resolution,
3efcb2702db6b2f7e10a7c6cac0df5d294d61cbdf1f2e1c169e1eb2a0d55493f,2021-05,Humberside Police,Humberside Police,-0.107987,53.541799,On or near Paynter Walk,E01013190,North East Lincolnshire 021B,Violence and sexual offences,Unable to prosecute suspect,
ec55355432900c0bd82e78da71a9b7ed02c23c03c8841005dd8933a02d31c81e,2021-05,Humberside Police,Humberside Police,-0.103733,53.539385,On or near Fenwick Road,E01013190,North East Lincolnshire 021B,Violence and sexual offences,Investigation complete; no suspect identified,
cacfe931fced6adfd3646a6c1c853e02badc2bb448eebb2437f7e26d7a3582cd,2021-05,Humberside Police,Humberside Police,-0.103498,53.542950,On or near Freyja Croft,E01013190,North East Lincolnshire 021B,Violence and sexual offences,Action to be taken by another organisation,
994894af784fec8c4e3c494d193ab25bae76c94f0d6b6200bc62d2dddda7597b,2021-05,Humberside Police,Humberside Police,-0.103974,53.541762,On or near Wallis Court,E01013190,North East Lincolnshire 021B,Violence and sexual offences,Unable to prosecute suspect,
a9d8380c913fb0ac4c1c75a5b98c87384ace7b3bd66e0bfd4a6f723543912c19,2021-05,Humberside Police,Humberside Police,-0.103974,53.541762,On or near Wallis Court,E01013190,North East Lincolnshire 021B,Violence and sexual offences,Unable to prosecute suspect,
0443d9d64a084d730cf2fdebbee2ec81389c6ad6817c9467c6ab84c80245c0e8,2021-05,Humberside Police,Humberside Police,-0.084405,53.533953,On or near Kensington Place,E01013191,North East Lincolnshire 021C,Criminal damage and arson,Investigation complete; no suspect identified,
32b62c2fc0fb3b251014dc36443d0ceb9d0f49dd5f36c97d37ba702ef9d02fd1,2021-05,Humberside Police,Humberside Police,-0.084835,53.533780,On or near Christine Place,E01013191,North East Lincolnshire 021C,Criminal damage and arson,Investigation complete; no suspect identified,
,2021-05,Humberside Police,Humberside Police,-0.096533,53.534713,On or near Grampian Way,E01013192,North East Lincolnshire 021D,Anti-social behaviour,,
,2021-05,Humberside Police,Humberside Police,-0.093705,53.537203,On or near Parking Area,E01013192,North East Lincolnshire 021D,Anti-social behaviour,,
,2021-05,Humberside Police,Humberside Police,-0.094973,53.531820,On or near Purbeck Road,E01013192,North East Lincolnshire 021D,Anti-social behaviour,,
,2021-05,Humberside Police,Humberside Police,-0.092035,53.537428,On or near Pinfold Lane,E01013192,North East Lincolnshire 021D,Anti-social behaviour,,
74fc9952f0febc761711fa3f60601cf1d0f23286276eb556556c0e65e8cb4afe,2021-05,Humberside Police,Humberside Police,-0.094973,53.531820,On or near Purbeck Road,E01013192,North East Lincolnshire 021D,Criminal damage and arson,Investigation complete; no suspect identified,
5835f5ce1e7db53722ad8bac849ca3d7cc7aaf0beba0811775b5464a932e8da9,2021-05,Humberside Police,Humberside Police,-0.093705,53.537203,On or near Parking Area,E01013192,North East Lincolnshire 021D,Shoplifting,Local resolution,
ab53b2e128a9736dda0abda182088eb77f38040c9a94eb7bc57294f66786c963,2021-05,Humberside Police,Humberside Police,-0.093705,53.537203,On or near Parking Area,E01013192,North East Lincolnshire 021D,Shoplifting,Unable to prosecute suspect,
221e4b7238cc6b2eeee25020d9f5cb3ce6937fff332fea9982f8c73d5d56b7b3,2021-05,Humberside Police,Humberside Police,-0.093705,53.537203,On or near Parking Area,E01013192,North East Lincolnshire 021D,Shoplifting,Unable to prosecute suspect,
ff34865c2756b1af7d2060052bb021cebdb87370c8761b15bd557e196dc990d5,2021-05,Humberside Police,Humberside Police,-0.095561,53.532153,On or near Quantock Road,E01013192,North East Lincolnshire 021D,Violence and sexual offences,Unable to prosecute suspect,
a51352243de771b3e527e0b377090524543b9d61f47340efbdff8b4d6265353a,2021-05,Humberside Police,Humberside Police,-0.096533,53.534713,On or near Grampian Way,E01013192,North East Lincolnshire 021D,Violence and sexual offences,Unable to prosecute suspect,
200989b96b6db5d808879f5647611871c56188b9ce37524c0d6ac28d598e6926,2021-05,Humberside Police,Humberside Police,-0.096847,53.533774,On or near Wicklow Avenue,E01013192,North East Lincolnshire 021D,Violence and sexual offences,Unable to prosecute suspect,
11276c56a59f56849ca1f9d86b5f8cd62e6c15554f6fa011512e3469131580ed,2021-05,Humberside Police,Humberside Police,-0.096533,53.534713,On or near Grampian Way,E01013192,North East Lincolnshire 021D,Violence and sexual offences,Unable to prosecute suspect,
ef93ffaf65a674fe713d4e6740bc7caa311a126794964a5fe9079a975f6cce13,2021-05,Humberside Police,Humberside Police,-0.094973,53.531820,On or near Purbeck Road,E01013192,North East Lincolnshire 021D,Violence and sexual offences,Local resolution,
2bbcad1b2ea93141d6d48226469cb3ac5a1b3f4a5e9d83b359cdd000b3de89b7,2021-05,Humberside Police,Humberside Police,-0.096847,53.533774,On or near Wicklow Avenue,E01013192,North East Lincolnshire 021D,Violence and sexual offences,Status update unavailable,
e7ce902018cd889f228816d5589bfff9bad36e96236d47b4fabf757637c7fae0,2021-05,Humberside Police,Humberside Police,-0.096533,53.534713,On or near Grampian Way,E01013192,North East Lincolnshire 021D,Violence and sexual offences,Unable to prosecute suspect,
b417e1d095fc3290fe0522430e5e6133d07d05510e27233bd800a59191ac21e2,2021-05,Humberside Police,Humberside Police,-0.095453,53.533563,On or near Mendip Avenue,E01013192,North East Lincolnshire 021D,Violence and sexual offences,Action to be taken by another organisation,
766707587a7514941f329391cf89f812b491a69a0fd195f4559b422efbbb904d,2021-05,Humberside Police,Humberside Police,-0.092748,53.538338,On or near A1243,E01013192,North East Lincolnshire 021D,Violence and sexual offences,Court result unavailable,
bb531c19919b2d7017811c373a9437c931f53c7915857b0c7ed6fc0efec1fc74,2021-05,Humberside Police,Humberside Police,-0.092748,53.538338,On or near A1243,E01013192,North East Lincolnshire 021D,Violence and sexual offences,Investigation complete; no suspect identified,
b2f708ec131dc45364b3b2e779fa6cc7ae9a098f6ea5306b8777d86ac18baaaa,2021-05,Humberside Police,Humberside Police,-0.095561,53.532153,On or near Quantock Road,E01013192,North East Lincolnshire 021D,Violence and sexual offences,Unable to prosecute suspect,
,2021-05,Humberside Police,Humberside Police,-0.098323,53.528772,On or near Barbara Close,E01013194,North East Lincolnshire 021E,Anti-social behaviour,,
,2021-05,Humberside Police,Humberside Police,-0.101494,53.527366,On or near Kiddier Avenue,E01013194,North East Lincolnshire 021E,Anti-social behaviour,,
0c449080af107f45d3e91b9a5159f24d3418f3baac38a9bd1b6e45ab29aab8a4,2021-05,Humberside Police,Humberside Police,-0.098651,53.526845,On or near Emfield Grove,E01013194,North East Lincolnshire 021E,Other theft,Unable to prosecute suspect,
89399df1829b0a2fca22c19fb9891a97798d9bf2174f7359a2df0a4fd227e787,2021-05,Humberside Police,Humberside Police,-0.101494,53.527366,On or near Kiddier Avenue,E01013194,North East Lincolnshire 021E,Public order,Unable to prosecute suspect,
c2b30413e9d69069f88413f9308b2f40116faebd1c9e0de6031bd718a99090a8,2021-05,Humberside Police,Humberside Police,-0.101214,53.529241,On or near Coniston Avenue,E01013194,North East Lincolnshire 021E,Shoplifting,Investigation complete; no suspect identified,
829e18cff13d20618edc1307d30b5871576ebc4be3813f3366b859a8c1037816,2021-05,Humberside Police,Humberside Police,-0.101214,53.529241,On or near Coniston Avenue,E01013194,North East Lincolnshire 021E,Shoplifting,Status update unavailable,
a4e381775aa0f572348216ad4328f3bf28137fbbe731104e0072e30e151efdc0,2021-05,Humberside Police,Humberside Police,-0.098651,53.526845,On or near Emfield Grove,E01013194,North East Lincolnshire 021E,Violence and sexual offences,Further action is not in the public interest,
,2021-05,Humberside Police,Humberside Police,-0.056707,53.526557,On or near Bygott Walk,E01013168,North East Lincolnshire 022A,Anti-social behaviour,,
,2021-05,Humberside Police,Humberside Police,-0.033416,53.533970,On or near Buttermere Crescent,E01013168,North East Lincolnshire 022A,Anti-social behaviour,,
,2021-05,Humberside Police,Humberside Police,-0.033416,53.533970,On or near Buttermere Crescent,E01013168,North East Lincolnshire 022A,Anti-social behaviour,,
1708635a246223dd882ed419c873c3c68412836ada5508579f69c6d98797976e,2021-05,Humberside Police,Humberside Police,-0.054800,53.524386,On or near Cannon Oakes Court,E01013168,North East Lincolnshire 022A,Drugs,Court result unavailable,
b53baa0010bc159a310fbf803fa2f02271627f140709148635b0ab89618a7146,2021-05,Humberside Police,Humberside Police,-0.046798,53.525164,On or near Old Paddock Court,E01013168,North East Lincolnshire 022A,Other theft,Investigation complete; no suspect identified,
780e886ae5da8a57a3b5357cb1fbd26e1e9fa34acd71b076890114c68444c822,2021-05,Humberside Police,Humberside Police,-0.055854,53.527064,On or near Harvey Walk,E01013168,North East Lincolnshire 022A,Violence and sexual offences,Unable to prosecute suspect,
7170dbd3cc8f4e04312123294f6772bc0cf5512d6aff5ad23d4682b15196901c,2021-05,Humberside Police,Humberside Police,-0.057374,53.527134,On or near Mellor Way,E01013168,North East Lincolnshire 022A,Violence and sexual offences,Unable to prosecute suspect,
9851e67459352ff5f08ede02d3d98f13b83d5d40c075394985cde2a99e0f99f1,2021-05,Humberside Police,Humberside Police,-0.034725,53.534693,On or near Ennerdale Close,E01013168,North East Lincolnshire 022A,Violence and sexual offences,Action to be taken by another organisation,
c6910fbfdb136843fa14655c965a4087a0f8c09b35b1833a8a1262ad8eaf4cd5,2021-05,Humberside Police,Humberside Police,-0.055854,53.527064,On or near Harvey Walk,E01013168,North East Lincolnshire 022A,Violence and sexual offences,Unable to prosecute suspect,
,2021-05,Humberside Police,Humberside Police,-0.064093,53.529023,On or near Kenford Court,E01013170,North East Lincolnshire 022B,Anti-social behaviour,,
,2021-05,Humberside Police,Humberside Police,-0.066299,53.528285,On or near Arran Close,E01013170,North East Lincolnshire 022B,Anti-social behaviour,,
,2021-05,Humberside Police,Humberside Police,-0.046399,53.541375,On or near Humberston Road,E01013170,North East Lincolnshire 022B,Anti-social behaviour,,
,2021-05,Humberside Police,Humberside Police,-0.066299,53.528285,On or near Arran Close,E01013170,North East Lincolnshire 022B,Anti-social behaviour,,
7d77a000911e6eecfe2c9cf3703ec1184edd4df76811031c64ee47c8cdf09f5a,2021-05,Humberside Police,Humberside Police,-0.063811,53.528245,On or near Janton Court,E01013170,North East Lincolnshire 022B,Burglary,Status update unavailable,
81436dafe89048001ec46ae4cceeb7763960d5ae5ba99a6b29be9d5d694b8a0c,2021-05,Humberside Police,Humberside Police,-0.066299,53.528285,On or near Arran Close,E01013170,North East Lincolnshire 022B,Criminal damage and arson,Unable to prosecute suspect,
2d37fa42e1e383b6ecec9b89749ae8520c98eb015b415e829c82e6cf9bed1a51,2021-05,Humberside Police,Humberside Police,-0.066299,53.528285,On or near Arran Close,E01013170,North East Lincolnshire 022B,Criminal damage and arson,Investigation complete; no suspect identified,
0cac59cf311d919bba962330048eafba58c452b5c5829f24242ddc57dc18c74f,2021-05,Humberside Police,Humberside Police,-0.062733,53.528399,On or near Peaks Avenue,E01013170,North East Lincolnshire 022B,Drugs,Offender given a drugs possession warning,
d1e811af39c7d39abf28e8e611f9edef26bd6b58b8ae745470b522c553eda5f4,2021-05,Humberside Police,Humberside Police,-0.063811,53.528245,On or near Janton Court,E01013170,North East Lincolnshire 022B,Other theft,Investigation complete; no suspect identified,
f99743a53477eed3459f6cfca65172318f4a444b18b93dcacf6f9e9764a4810c,2021-05,Humberside Police,Humberside Police,-0.046399,53.541375,On or near Humberston Road,E01013170,North East Lincolnshire 022B,Shoplifting,Investigation complete; no suspect identified,
3a22876d842e74813bd3c383ab2ab2302171f4ac997068144327281c8d5c273d,2021-05,Humberside Police,Humberside Police,-0.063033,53.533734,On or near A1098,E01013170,North East Lincolnshire 022B,Violence and sexual offences,Unable to prosecute suspect,
,2021-05,Humberside Police,Humberside Police,-0.074098,53.521669,On or near Station Road,E01013171,North East Lincolnshire 022C,Anti-social behaviour,,
,2021-05,Humberside Police,Humberside Police,-0.066713,53.524822,On or near Barbican Way,E01013171,North East Lincolnshire 022C,Anti-social behaviour,,
,2021-05,Humberside Police,Humberside Police,-0.070056,53.526944,On or near Albery Way,E01013171,North East Lincolnshire 022C,Anti-social behaviour,,
312aa78693c5e520b5cff1c10203aa23ee030f39c4784c695e312b4710d2b704,2021-05,Humberside Police,Humberside Police,-0.070305,53.527775,On or near Roladan Close,E01013171,North East Lincolnshire 022C,Bicycle theft,Investigation complete; no suspect identified,
8723d4f5acdc1b55e71a99c5e149e8eb1fc3da17f3b93b2af8d4b0a73728a681,2021-05,Humberside Police,Humberside Police,-0.070056,53.526944,On or near Albery Way,E01013171,North East Lincolnshire 022C,Criminal damage and arson,Investigation complete; no suspect identified,
3138fa66e3a1f92f98307b0e907072b49cf14a9a17e88476416087ea1090577e,2021-05,Humberside Police,Humberside Police,-0.067997,53.527765,On or near St Clements Way,E01013171,North East Lincolnshire 022C,Drugs,Offender given a drugs possession warning,
29364c99e92e15afdb4cf1033182cae026520817350d5eee7c0806914a1bc155,2021-05,Humberside Police,Humberside Police,-0.075833,53.523324,On or near Simpson'S Fold Court,E01013171,North East Lincolnshire 022C,Drugs,Further action is not in the public interest,
d25c4679f9e13bc0e8f4d759cb4937deaf5dd57dc97a22d22be48d9a2150cdb8,2021-05,Humberside Police,Humberside Police,-0.075833,53.523324,On or near Simpson'S Fold Court,E01013171,North East Lincolnshire 022C,Public order,Unable to prosecute suspect,
acb00167ac53073e49e0eb237c4d50be98bccf1586ff9b6250b9d4a9259507fd,2021-05,Humberside Police,Humberside Police,-0.067916,53.526891,On or near Newlyn Close,E01013171,North East Lincolnshire 022C,Violence and sexual offences,Unable to prosecute suspect,
,2021-05,Humberside Police,Humberside Police,-0.059004,53.520211,On or near Priors Close,E01013172,North East Lincolnshire 022D,Anti-social behaviour,,
,2021-05,Humberside Police,Humberside Police,-0.065446,53.524154,On or near Greenlands Avenue,E01013172,North East Lincolnshire 022D,Anti-social behaviour,,
,2021-05,Humberside Police,Humberside Police,-0.065016,53.524992,On or near Savoy Court,E01013172,North East Lincolnshire 022D,Anti-social behaviour,,
4307e3a2017630ef4b548c80975e0552d609e2a50af6928e23b477c293ad9542,2021-05,Humberside Police,Humberside Police,-0.059004,53.520211,On or near Priors Close,E01013172,North East Lincolnshire 022D,Other theft,Investigation complete; no suspect identified,
fd0f4214b8c1bbdb3f14e79e8710310457870d9eff6ed9aa5e49d4b7a5243fd1,2021-05,Humberside Police,Humberside Police,-0.067215,53.521747,On or near Kaymile Close,E01013172,North East Lincolnshire 022D,Violence and sexual offences,Unable to prosecute suspect,
29ad84759198667a0404fda690423b1b2242fce5c697ffcc428b64708f8ccdec,2021-05,Humberside Police,Humberside Police,-0.067215,53.521747,On or near Kaymile Close,E01013172,North East Lincolnshire 022D,Violence and sexual offences,Unable to prosecute suspect,
6a060a78e6aafe22233d9c94152a3fb78e47d8bdd2f3b195288b95d7fa46fc4b,2021-05,Humberside Police,Humberside Police,-0.091276,53.531824,On or near Linwood Avenue,E01013193,North East Lincolnshire 022E,Public order,Investigation complete; no suspect identified,
87d0f356b516ad705f0705850bed62051ffab07dc3a1efb2897245af2215ba49,2021-05,Humberside Police,Humberside Police,-0.091872,53.532652,On or near Waltham Road,E01013193,North East Lincolnshire 022E,Violence and sexual offences,Action to be taken by another organisation,
9f594b2bcd09cab090d0eb47a414977256bc4fe8143c27964776ee090fe34ddb,2021-05,Humberside Police,Humberside Police,-0.094819,53.526514,On or near Boundary Road,E01013193,North East Lincolnshire 022E,Violence and sexual offences,Court result unavailable,
4f8b2e336f448340cc70ba6b5792e98e20b6bb82a3febbd6caca2e1bb79cc036,2021-05,Humberside Police,Humberside Police,-0.094819,53.526514,On or near Boundary Road,E01013193,North East Lincolnshire 022E,Violence and sexual offences,Court result unavailable,
d08f1b2721668db468515550b525e259612c8e1998d00ee7015b0dbe0e68c177,2021-05,Humberside Police,Humberside Police,-0.101099,53.520006,On or near Meadow Croft,E01013213,North East Lincolnshire 023A,Burglary,Investigation complete; no suspect identified,
198fbe9539d267254ded47a242cc8653f0a65e42df560605ac02d6a595221210,2021-05,Humberside Police,Humberside Police,-0.099714,53.518941,On or near Manor Drive,E01013213,North East Lincolnshire 023A,Burglary,Investigation complete; no suspect identified,
5c0887017a7818c703a845f20e7bb112e6066aea3ae6b66a5802edf88514107d,2021-05,Humberside Police,Humberside Police,-0.099471,53.517292,On or near Church View,E01013213,North East Lincolnshire 023A,Public order,Local resolution,
0d5bfe9f830f1f68876043f7afa543ae588071fd3d793aa815858a50cf96b432,2021-05,Humberside Police,Humberside Police,-0.101542,53.517514,On or near Ludgate Close,E01013213,North East Lincolnshire 023A,Public order,Investigation complete; no suspect identified,
8b87068a97833d60bfc6a4ea346925d40b5a50be50c2cc991d25b1612005fc4c,2021-05,Humberside Police,Humberside Police,-0.099428,53.515889,On or near All Saints Close,E01013213,North East Lincolnshire 023A,Violence and sexual offences,Unable to prosecute suspect,
27d9040a252176d91b76dc8f0e3e25b2fccbe0f7be4b1d15d2cde9c9d6067d03,2021-05,Humberside Police,Humberside Police,-0.099241,53.519060,On or near Leas Close,E01013213,North East Lincolnshire 023A,Violence and sexual offences,Unable to prosecute suspect,
8ec30c66768d4e0560959bb39e947b6979656b40aaa001eff39ed732cb2a34e0,2021-05,Humberside Police,Humberside Police,-0.099428,53.515889,On or near All Saints Close,E01013213,North East Lincolnshire 023A,Violence and sexual offences,Unable to prosecute suspect,
9ca18d83e35f2cc7764b87dcbfe65e28c2669d7d3607e86793a4f1625af0a3a1,2021-05,Humberside Police,Humberside Police,-0.099471,53.517292,On or near Church View,E01013213,North East Lincolnshire 023A,Violence and sexual offences,Unable to prosecute suspect,
cfe499846213d1640ffad86c372b8e378696cd9d9aeda3b6c533acb55e3faf1f,2021-05,Humberside Police,Humberside Police,-0.097704,53.515997,On or near Church Lane,E01013213,North East Lincolnshire 023A,Violence and sexual offences,Status update unavailable,
ae8026b117bfd82f6130c52778ae61a8a2a9b20ec7b97e8892fd989228ab0f74,2021-05,Humberside Police,Humberside Police,-0.101542,53.517514,On or near Ludgate Close,E01013213,North East Lincolnshire 023A,Violence and sexual offences,Unable to prosecute suspect,
b45e33eb8b344756b2073f58bc26d782f7c1e5b317d726b559312ad9d9a8885d,2021-05,Humberside Police,Humberside Police,-0.101099,53.520006,On or near Meadow Croft,E01013213,North East Lincolnshire 023A,Other crime,Unable to prosecute suspect,
dcb62015e73107fdb3731dc7482c05b2eb306113cc02818257b15780c35ac56b,2021-05,Humberside Police,Humberside Police,-0.111830,53.487660,On or near Chapel Lane,E01013214,North East Lincolnshire 023B,Criminal damage and arson,Investigation complete; no suspect identified,
,2021-05,Humberside Police,Humberside Police,-0.094726,53.511778,On or near Elm Road,E01013215,North East Lincolnshire 023C,Anti-social behaviour,,
ebe4918aa3e5f483b6e530bff9c63927480b166de53ed69c135000bd7193a834,2021-05,Humberside Police,Humberside Police,-0.088083,53.508580,On or near Golf Course Lane,E01013215,North East Lincolnshire 023C,Criminal damage and arson,Investigation complete; no suspect identified,
55d583dc13d3faabd3a255a3d58e32cc6960743bbeb1cd3117abf98ff4488d29,2021-05,Humberside Police,Humberside Police,-0.088083,53.508580,On or near Golf Course Lane,E01013215,North East Lincolnshire 023C,Criminal damage and arson,Investigation complete; no suspect identified,
bf162b49fb23fe7f8f162f67c8da08df97986b2d711003cc728e3dfcde5339ef,2021-05,Humberside Police,Humberside Police,-0.088083,53.508580,On or near Golf Course Lane,E01013215,North East Lincolnshire 023C,Criminal damage and arson,Investigation complete; no suspect identified,
2d7c6888b50eb1242b976a365ee83d7316db90458c34f7629b3bd5c2acfc9890,2021-05,Humberside Police,Humberside Police,-0.088083,53.508580,On or near Golf Course Lane,E01013215,North East Lincolnshire 023C,Criminal damage and arson,Investigation complete; no suspect identified,
23e1fb16070b606cedf7073140863ceb9946eaf1af37548645fc918912e7b2fb,2021-05,Humberside Police,Humberside Police,-0.099358,53.514756,On or near Tannery Close,E01013215,North East Lincolnshire 023C,Other theft,Investigation complete; no suspect identified,
d7d54f086e8b4ffccb04b5a47497f08591bc8d6e764ed258a56037518d4ffbb4,2021-05,Humberside Police,Humberside Police,-0.093953,53.518238,On or near B1203,E01013215,North East Lincolnshire 023C,Shoplifting,Investigation complete; no suspect identified,
8c11f9f8aa1c250ccdad09508ef06cf25ad4fe37d74d86909f17be89e3ed7c79,2021-05,Humberside Police,Humberside Police,-0.093953,53.518238,On or near B1203,E01013215,North East Lincolnshire 023C,Shoplifting,Investigation complete; no suspect identified,
21aebed9ccb535698156bfe0b7d48f5ac7021fab34020709c1d4f80c075bd87a,2021-05,Humberside Police,Humberside Police,-0.093953,53.518238,On or near B1203,E01013215,North East Lincolnshire 023C,Shoplifting,Investigation complete; no suspect identified,
047fe5e32aa59826038bf07f08bba6fa9af37100945e159bc9634ec0e81cad95,2021-05,Humberside Police,Humberside Police,-0.115608,53.517000,On or near Old Farm Court,E01013216,North East Lincolnshire 023D,Drugs,Offender given a caution,
,2021-05,Humberside Police,Humberside Police,-0.107302,53.513515,On or near Salisbury Drive,E01013217,North East Lincolnshire 023E,Anti-social behaviour,,
1219d24df82a13ee77ed6453c20065609984f2d202a21b753ce9d37f4fc8decb,2021-05,Humberside Police,Humberside Police,-0.112419,53.516473,On or near Lindrick Walk,E01013217,North East Lincolnshire 023E,Burglary,Investigation complete; no suspect identified,
51a43314d32d8514cd2d4d72e49f7b12e36270cf2e283b3f8cc38dbee997c00a,2021-05,Humberside Police,Humberside Police,-0.108178,53.516199,On or near Archer Road,E01013217,North East Lincolnshire 023E,Other theft,Unable to prosecute suspect,
5d8740095d8058ee4f0cc190ebd0498b7502f4af2fd9791c2f356e1a27485427,2021-05,Humberside Police,Humberside Police,-0.107302,53.513515,On or near Salisbury Drive,E01013217,North East Lincolnshire 023E,Other theft,Investigation complete; no suspect identified,
14c63794c6c5120eaeb0f11f1b6bc53eb7478b1983a6ef0b38b2bac10be4461a,2021-05,Humberside Police,Humberside Police,-0.105843,53.516126,On or near Brian Avenue,E01013217,North East Lincolnshire 023E,Violence and sexual offences,Unable to prosecute suspect,
,2021-05,Humberside Police,Humberside Police,-0.127532,53.541792,On or near Church Lane,E01013225,North East Lincolnshire 023F,Anti-social behaviour,,
1cbaa76c549a9e9e544c6bc86d54c18f0e2fb21619e079bd45c7e26ac349656a,2021-05,Humberside Police,Humberside Police,-0.195583,53.515869,On or near Trunkass Lane,E01013225,North East Lincolnshire 023F,Burglary,Investigation complete; no suspect identified,
489baed6993bc10cc91b018b727abfe764a02df675067ad60b66102bfb9bb4c6,2021-05,Humberside Police,Humberside Police,-0.161969,53.518539,On or near Walk Lane,E01013225,North East Lincolnshire 023F,Criminal damage and arson,Investigation complete; no suspect identified,
26735b0b22c03fda5cc0245fc1d79d958d5c71b26e9cecacf2cfa3d950ddbfcf,2021-05,Humberside Police,Humberside Police,-0.195583,53.515869,On or near Trunkass Lane,E01013225,North East Lincolnshire 023F,Criminal damage and arson,Investigation complete; no suspect identified,
36c268b5be79cf82b09fb593ed484ba6ee859ec29fc3e7dc312669e1bbc7a9d0,2021-05,Humberside Police,Humberside Police,-0.151226,53.467671,On or near B1203,E01013225,North East Lincolnshire 023F,Other theft,Local resolution,
64bfdcd63274c233508a522bf9882347aab3e7fdba8d29660a757fd91dd3b7f8,2021-05,Humberside Police,Humberside Police,-0.127532,53.541792,On or near Church Lane,E01013225,North East Lincolnshire 023F,Public order,Unable to prosecute suspect,
970f3505e7e8e3d03dfc5ad3fc65fa3fe9c36872299a13806ff0905cca7bd4ee,2021-05,Humberside Police,Humberside Police,-0.127532,53.541792,On or near Church Lane,E01013225,North East Lincolnshire 023F,Violence and sexual offences,Unable to prosecute suspect,
ef76124d3fc8f661127fdf3ffa55dea7fe43f4c438d426bda592372c9871ee4c,2021-05,Humberside Police,Humberside Police,-0.139094,53.511821,On or near Beck Farm Mews,E01013225,North East Lincolnshire 023F,Violence and sexual offences,Unable to prosecute suspect,
,2021-05,Humberside Police,Humberside Police,-0.439138,53.687225,On or near Queen'S Avenue,E01013254,North Lincolnshire 001A,Anti-social behaviour,,
,2021-05,Humberside Police,Humberside Police,-0.440412,53.690442,On or near Franklin Mews,E01013254,North Lincolnshire 001A,Anti-social behaviour,,
,2021-05,Humberside Police,Humberside Police,-0.442991,53.688678,On or near Parking Area,E01013254,North Lincolnshire 001A,Anti-social behaviour,,
,2021-05,Humberside Police,Humberside Police,-0.442991,53.688678,On or near Parking Area,E01013254,North Lincolnshire 001A,Anti-social behaviour,,
0c5060288cbecfae94360c37d54d059c0067d798f841b19fdca3aa3c0faad675,2021-05,Humberside Police,Humberside Police,-0.444907,53.687651,On or near Castledyke West,E01013254,North Lincolnshire 001A,Burglary,Investigation complete; no suspect identified,
790d060a58d2c7979b5bf9ddc0f00a8dac3a89912a46f5b48f9905b65271e914,2021-05,Humberside Police,Humberside Police,-0.442480,53.686945,On or near Sports/Recreation Area,E01013254,North Lincolnshire 001A,Criminal damage and arson,Investigation complete; no suspect identified,
6cef23471e3d13c34811ffd79ef7f0243f29cca1c4c5b6c2d9a187f9cf2d4e27,2021-05,Humberside Police,Humberside Police,-0.424744,53.688646,On or near Ardent Road,E01013254,North Lincolnshire 001A,Other theft,Unable to prosecute suspect,
c27732ee5d5192958c789ccf05e0948879181b8a8a0afe73512059af3daa00e0,2021-05,Humberside Police,Humberside Police,-0.441895,53.690893,On or near Shopping Area,E01013254,North Lincolnshire 001A,Shoplifting,Investigation complete; no suspect identified,
aa8c34e42b868139dbaf9cdf44c9d07db254ee1eeac4117ef48080e60b0dcaff,2021-05,Humberside Police,Humberside Police,-0.441359,53.687362,On or near Overton Court,E01013254,North Lincolnshire 001A,Violence and sexual offences,Local resolution,
47b111139e8c4983b2220df05162f5160d1ac13a4c40a33a21d8b1ef40359269,2021-05,Humberside Police,Humberside Police,-0.445918,53.686100,On or near Duncan Drive,E01013254,North Lincolnshire 001A,Violence and sexual offences,Unable to prosecute suspect,
3b38fdcc0f1da4372143b0548bfd1d47a0dbed83d7fbdd302d0ca9db6cfc48c7,2021-05,Humberside Police,Humberside Police,-0.439138,53.687225,On or near Queen'S Avenue,E01013254,North Lincolnshire 001A,Violence and sexual offences,Status update unavailable,
8dbf6cf5b7081fd1e884b9a9b65463b001e6c6da4da2d455c1242e328d9ab535,2021-05,Humberside Police,Humberside Police,-0.444907,53.687651,On or near Castledyke West,E01013254,North Lincolnshire 001A,Violence and sexual offences,Unable to prosecute suspect,
1bbd845ef195299c2944c12d27d1ac3f28a67e117a25dd645fab360b12acef9f,2021-05,Humberside Police,Humberside Police,-0.442480,53.686945,On or near Sports/Recreation Area,E01013254,North Lincolnshire 001A,Violence and sexual offences,Unable to prosecute suspect,
69acad42b57937920a2296a26d770ec58087f06187702374185c0abd4d8c579b,2021-05,Humberside Police,Humberside Police,-0.443548,53.685089,On or near Hungate,E01013254,North Lincolnshire 001A,Violence and sexual offences,Court result unavailable,
0115d9b4ac64febf8a75b0348a1a296396cd39304b5a91aeb8e46eb847477c28,2021-05,Humberside Police,Humberside Police,-0.441359,53.687362,On or near Overton Court,E01013254,North Lincolnshire 001A,Violence and sexual offences,Unable to prosecute suspect,
fceba77969351649af7e0e69d2910d5aab3180d122c09dcc3d5bc1fde59a596d,2021-05,Humberside Police,Humberside Police,-0.441359,53.687362,On or near Overton Court,E01013254,North Lincolnshire 001A,Violence and sexual offences,Unable to prosecute suspect,
aa57f146ae9cc2c3f820bf812797eb4191ebd63ce7cfd20cbb9d5f1926548071,2021-05,Humberside Police,Humberside Police,-0.442991,53.688678,On or near Parking Area,E01013254,North Lincolnshire 001A,Violence and sexual offences,Unable to prosecute suspect,
5abffb3e46331526d6038b4046a4a6b6e90dbb28fe616cda7c4d872059a44782,2021-05,Humberside Police,Humberside Police,-0.441359,53.687362,On or near Overton Court,E01013254,North Lincolnshire 001A,Violence and sexual offences,Local resolution,
3ced95e70d2dbd1ba9f8b090c4af9204b32a5d62263ec2d2215ede05d987416f,2021-05,Humberside Police,Humberside Police,-0.443548,53.685089,On or near Hungate,E01013254,North Lincolnshire 001A,Other crime,Court result unavailable,
,2021-05,Humberside Police,Humberside Police,-0.439598,53.683366,On or near George Street,E01013255,North Lincolnshire 001B,Anti-social behaviour,,
22c330f0c9bd3c19c0462e3a2166dabe671908d61a9fda3c561f68f857cd7deb,2021-05,Humberside Police,Humberside Police,-0.441395,53.685969,On or near Finkle Lane,E01013255,North Lincolnshire 001B,Criminal damage and arson,Local resolution,
c92886ad8e3f7e1002a9d2a61e2a86424e9e670266db1d4ed4b8c9880b316c31,2021-05,Humberside Police,Humberside Police,-0.442919,53.684488,On or near Police Station,E01013255,North Lincolnshire 001B,Drugs,Offender given a drugs possession warning,
893a72a1685e13dee818d8be1f0e14a94f0c9820a83883f6039d622abf63e477,2021-05,Humberside Police,Humberside Police,-0.438889,53.682494,On or near Parking Area,E01013255,North Lincolnshire 001B,Possession of weapons,Unable to prosecute suspect,
2e8054310c9a165e37f3d55f0f47c3e5ced303069f502232d4ee7fa0f495e52c,2021-05,Humberside Police,Humberside Police,-0.439203,53.684224,On or near King Street,E01013255,North Lincolnshire 001B,Public order,Unable to prosecute suspect,
f66f86a3d30f5ad66d42dcf4c9e008a417890b4c9aac30b3b837265839190bd1,2021-05,Humberside Police,Humberside Police,-0.439598,53.683366,On or near George Street,E01013255,North Lincolnshire 001B,Public order,Local resolution,
8140e64484ab450b4334f86b619935d9d8b2d385647abbdfb813b5e56f8d2c5f,2021-05,Humberside Police,Humberside Police,-0.435429,53.687608,On or near Sedge Close,E01013255,North Lincolnshire 001B,Public order,Unable to prosecute suspect,
2f098dbdeb7cb6127c3cf40f12f150433ae88b7a349f30c9e32c4aca61ead079,2021-05,Humberside Police,Humberside Police,-0.441395,53.685969,On or near Finkle Lane,E01013255,North Lincolnshire 001B,Violence and sexual offences,Unable to prosecute suspect,
3229b23692a36abc5f7007cf92ce4d92ec30a7face3e870c22fa29de7f24806c,2021-05,Humberside Police,Humberside Police,-0.438889,53.682494,On or near Parking Area,E01013255,North Lincolnshire 001B,Violence and sexual offences,Action to be taken by another organisation,
90d41238c2ad3dd64ea481e4cbc8d2e55708b09917b320e0bd9dd6893ae52193,2021-05,Humberside Police,Humberside Police,-0.439598,53.683366,On or near George Street,E01013255,North Lincolnshire 001B,Violence and sexual offences,Local resolution,
4a29d02c21b6344f2fc84f2435525242cca7e69c0380ab42bad2d44cbcdafa1c,2021-05,Humberside Police,Humberside Police,-0.435429,53.687608,On or near Sedge Close,E01013255,North Lincolnshire 001B,Violence and sexual offences,Unable to prosecute suspect,
247bfdef91e762a04240da21e8d8b0c1d42764f7da514fd9f8a6e1aab2661dc7,2021-05,Humberside Police,Humberside Police,-0.441395,53.685969,On or near Finkle Lane,E01013255,North Lincolnshire 001B,Violence and sexual offences,Unable to prosecute suspect,
b4625825ad0f53599fab4564cdc7a14743e1594edb4ad6c6ee0ab81b331661e4,2021-05,Humberside Police,Humberside Police,-0.439991,53.683407,On or near Supermarket,E01013255,North Lincolnshire 001B,Violence and sexual offences,Local resolution,
0121200e1788accbf1670150c1f77767e5d03e1a84336f933cb1a18dd0038750,2021-05,Humberside Police,Humberside Police,-0.441395,53.685969,On or near Finkle Lane,E01013255,North Lincolnshire 001B,Violence and sexual offences,Unable to prosecute suspect,
,2021-05,Humberside Police,Humberside Police,-0.446742,53.692106,On or near Pine Park,E01013256,North Lincolnshire 001C,Anti-social behaviour,,
,2021-05,Humberside Police,Humberside Police,-0.454668,53.682446,On or near Furniss Court,E01013256,North Lincolnshire 001C,Anti-social behaviour,,
,2021-05,Humberside Police,Humberside Police,-0.445078,53.686296,On or near West Acridge,E01013256,North Lincolnshire 001C,Anti-social behaviour,,
,2021-05,Humberside Police,Humberside Police,-0.444624,53.685049,On or near Holydyke,E01013256,North Lincolnshire 001C,Anti-social behaviour,,
17a5c4b9705507c15db7975f21e8543f6d4f98709a87d08724088094e4842df5,2021-05,Humberside Police,Humberside Police,-0.444290,53.691661,On or near St Chad'S Way,E01013256,North Lincolnshire 001C,Criminal damage and arson,Investigation complete; no suspect identified,
2509fbc5e6dc27096b1b0c85d8ae866e83ad7515288835bdece207cef2f6c68f,2021-05,Humberside Police,Humberside Police,-0.444624,53.685049,On or near Holydyke,E01013256,North Lincolnshire 001C,Drugs,Court result unavailable,
0d3bdea5391076b5889df1ee20fc654b05fa7c2551f41fd5fbb9e4f328a808bf,2021-05,Humberside Police,Humberside Police,-0.444624,53.685049,On or near Holydyke,E01013256,North Lincolnshire 001C,Public order,Court result unavailable,
dac6000b4af345293a001f59e570d07c2db3b66abaa1230cddcf00f374d755a3,2021-05,Humberside Police,Humberside Police,-0.446742,53.692106,On or near Pine Park,E01013256,North Lincolnshire 001C,Violence and sexual offences,Unable to prosecute suspect,
c8db0b6d77ce00b0d001dd36fa883b4a3019c4245b7930fb1cffca839825c5a9,2021-05,Humberside Police,Humberside Police,-0.446742,53.692106,On or near Pine Park,E01013256,North Lincolnshire 001C,Violence and sexual offences,Unable to prosecute suspect,
cda931311fbf96322d156482b7c42b5c3ca332199d303903a3bcd9bb44871cda,2021-05,Humberside Police,Humberside Police,-0.449088,53.690096,On or near Sports/Recreation Area,E01013256,North Lincolnshire 001C,Violence and sexual offences,Unable to prosecute suspect,
fe0394ecc4772cced3c6db776ef51450314f5080046453782939ef525870bd3c,2021-05,Humberside Police,Humberside Police,-0.451117,53.689682,On or near Sandpiper Way,E01013256,North Lincolnshire 001C,Violence and sexual offences,Unable to prosecute suspect,
,2021-05,Humberside Police,Humberside Police,-0.444936,53.676999,On or near Birchdale,E01013257,North Lincolnshire 001D,Anti-social behaviour,,
,2021-05,Humberside Police,Humberside Police,-0.443097,53.680067,On or near Beacon Avenue,E01013257,North Lincolnshire 001D,Anti-social behaviour,,
,2021-05,Humberside Police,Humberside Police,-0.451152,53.680468,On or near Bradwell Close,E01013257,North Lincolnshire 001D,Anti-social behaviour,,
6413b4c859077d02ae68c870fdbf0c85bbeac36743183fb7e557fb9cbcdbca31,2021-05,Humberside Police,Humberside Police,-0.452196,53.680491,On or near Forkedale,E01013257,North Lincolnshire 001D,Other theft,Investigation complete; no suspect identified,
f1f29f8153e41a875b555f4337ea9acc0bb4d0d69ea5118d9f698330903581cc,2021-05,Humberside Police,Humberside Police,-0.452196,53.680491,On or near Forkedale,E01013257,North Lincolnshire 001D,Other theft,Investigation complete; no suspect identified,
3ce9ef729d83651dbe646fd0ac9ef8dad98559a0cfc6a8160461a39837ec3299,2021-05,Humberside Police,Humberside Police,-0.450000,53.682161,On or near Sunnybank,E01013257,North Lincolnshire 001D,Public order,Investigation complete; no suspect identified,
1222fc402f989eec8efd4ef8bbc7deacb50da251164ea076d71f575371bf4263,2021-05,Humberside Police,Humberside Police,-0.450171,53.679566,On or near Pelham Close,E01013257,North Lincolnshire 001D,Violence and sexual offences,Local resolution,
176f09551594c82d947b1a0fa1a767d8c2b209e7c87b76f5f40b3080ac93b14e,2021-05,Humberside Police,Humberside Police,-0.452196,53.680491,On or near Forkedale,E01013257,North Lincolnshire 001D,Violence and sexual offences,Investigation complete; no suspect identified,
86c18f8a1301ebd2227dba53024bb473e6de3108e7f4193c6a5936e7d50d416f,2021-05,Humberside Police,Humberside Police,-0.443097,53.680067,On or near Beacon Avenue,E01013257,North Lincolnshire 001D,Violence and sexual offences,Unable to prosecute suspect,
,2021-05,Humberside Police,Humberside Police,-0.446496,53.681091,On or near Grange Avenue,E01013258,North Lincolnshire 001E,Anti-social behaviour,,
531e763a7203b48fbd8621913726f19feb78f4cbc6589d7df0fb16376f266ef7,2021-05,Humberside Police,Humberside Police,-0.445563,53.680108,On or near Providence Crescent,E01013258,North Lincolnshire 001E,Criminal damage and arson,Investigation complete; no suspect identified,
0add41a765b1610d6f84773d5affb1ace7967f857cb2c7ce25974aa197fb414d,2021-05,Humberside Police,Humberside Police,-0.436249,53.680185,On or near Nightingale Close,E01013258,North Lincolnshire 001E,Drugs,Local resolution,
4bd3849a3c09e9eb08c2bb2d169f072b09f080fce9ac17030a7354363a97d63a,2021-05,Humberside Police,Humberside Police,-0.429461,53.681112,On or near Oak Drive,E01013258,North Lincolnshire 001E,Violence and sexual offences,Unable to prosecute suspect,
fbcfe3f0559ab8459a3c56c197dfca01578cf2d53371b3a0b8cb96f28399ad67,2021-05,Humberside Police,Humberside Police,-0.429461,53.681112,On or near Oak Drive,E01013258,North Lincolnshire 001E,Violence and sexual offences,Action to be taken by another organisation,
2d020e69a82cbc0fcfcff3a5690f11a695b508f2f612b298407beaa079d2e028,2021-05,Humberside Police,Humberside Police,-0.444811,53.683667,On or near Harrowdyke,E01013258,North Lincolnshire 001E,Violence and sexual offences,Status update unavailable,
3b407385ff9968a3cca5c00f458fb1fd87d14e1f9d4d7581049d8dc35fa2064c,2021-05,Humberside Police,Humberside Police,-0.429461,53.681112,On or near Oak Drive,E01013258,North Lincolnshire 001E,Violence and sexual offences,Local resolution,
b2738d8cb587dd5764c8cf22d37ba066025449b8cdcba9be816b815fb56a7364,2021-05,Humberside Police,Humberside Police,-0.427062,53.678851,On or near Goodhand Close,E01013259,North Lincolnshire 001F,Criminal damage and arson,Unable to prosecute suspect,
021951052b9a08a472e46f170d3194b72c8a4fec607964e735902870ab9137c2,2021-05,Humberside Police,Humberside Police,-0.427105,53.678510,On or near Kingston View,E01013259,North Lincolnshire 001F,Other theft,Investigation complete; no suspect identified,
98f41ff49129180eb85103c0c19c12a180680ada481a1a8d003ab579db3071fa,2021-05,Humberside Police,Humberside Police,-0.426101,53.681077,On or near Cornhill Drive,E01013259,North Lincolnshire 001F,Public order,Investigation complete; no suspect identified,
1df825e9bec449d3eeaf80ad9e8f557bdb769acaa74bcc82b79b119ed11aaa33,2021-05,Humberside Police,Humberside Police,-0.428606,53.676831,On or near Fairfield Drive,E01013259,North Lincolnshire 001F,Public order,Formal action is not in the public interest,
78d70169c03601668285038c630bf795515caad9da2cbd046251a8c12b03c746,2021-05,Humberside Police,Humberside Police,-0.427715,53.677179,On or near Blyth Court,E01013259,North Lincolnshire 001F,Violence and sexual offences,Unable to prosecute suspect,
1daa290aacab726545b19c6c6543043da0d02703010bf4774b86a8172ba3872a,2021-05,Humberside Police,Humberside Police,-0.426905,53.679838,On or near Danson Close,E01013259,North Lincolnshire 001F,Violence and sexual offences,Unable to prosecute suspect,
c03aac5b9ad38ccea970274ee68b21aae6b684a3853550f04ddcdf8d1e68570a,2021-05,Humberside Police,Humberside Police,-0.428606,53.676831,On or near Fairfield Drive,E01013259,North Lincolnshire 001F,Violence and sexual offences,Unable to prosecute suspect,
5e08df26dacdee65f93032137498a2bb052e824b5fc3c0db0ff4d6029b2aad78,2021-05,Humberside Police,Humberside Police,-0.432572,53.675229,On or near Baysgarth View,E01013259,North Lincolnshire 001F,Violence and sexual offences,Court result unavailable,
f62dbf9587b6b27100a1f35919726d5ebff7a5a01c4aef29546aeebd4f2deb7e,2021-05,Humberside Police,Humberside Police,-0.428606,53.676831,On or near Fairfield Drive,E01013259,North Lincolnshire 001F,Violence and sexual offences,Unable to prosecute suspect,
980d59efbb49e6f3d14684c424a940bd96638ea39b5705e2e6da7be4fe344f9f,2021-05,Humberside Police,Humberside Police,-0.426101,53.681077,On or near Cornhill Drive,E01013259,North Lincolnshire 001F,Violence and sexual offences,Local resolution,
fa9e33facb64e4b7c5255eb390cb5e246676a7973c04ee14a355bb9559cc0e65,2021-05,Humberside Police,Humberside Police,-0.427062,53.678851,On or near Goodhand Close,E01013259,North Lincolnshire 001F,Violence and sexual offences,Unable to prosecute suspect,
cfefd65e3aeff7aecaedd7a6e3dadd39e4b1ac1fae1dcf09e1f2e625c8a06895,2021-05,Humberside Police,Humberside Police,-0.426905,53.679838,On or near Danson Close,E01013259,North Lincolnshire 001F,Violence and sexual offences,Unable to prosecute suspect,
aaac4605a327ada38947daccbb164cca17025eb84b3a2606e413266b5431c9c8,2021-05,Humberside Police,Humberside Police,-0.432572,53.675229,On or near Baysgarth View,E01013259,North Lincolnshire 001F,Violence and sexual offences,Court result unavailable,
896fdf705573c5de1ebf8c04e8b50abe3bb5d48db14d59fc57ec6a192528f3d1,2021-05,Humberside Police,Humberside Police,-0.432572,53.675229,On or near Baysgarth View,E01013259,North Lincolnshire 001F,Violence and sexual offences,Court result unavailable,
386c0fba72cf70b1d75baab2733b31e51972f24ddd9aa05ec1f76ed554de9016,2021-05,Humberside Police,Humberside Police,-0.430423,53.683345,On or near Norman Close,E01013259,North Lincolnshire 001F,Violence and sexual offences,Unable to prosecute suspect,
,2021-05,Humberside Police,Humberside Police,-0.334397,53.678191,On or near Westfield Road,E01013303,North Lincolnshire 002A,Anti-social behaviour,,
,2021-05,Humberside Police,Humberside Police,-0.361705,53.700187,On or near School Lane,E01013303,North Lincolnshire 002A,Anti-social behaviour,,
e41825c756a86a1372e28854506ea16284bf5856e5b6035c32f0331f46a9e9ff,2021-05,Humberside Police,Humberside Police,-0.361838,53.699479,On or near Wentworth Crescent,E01013303,North Lincolnshire 002A,Public order,Unable to prosecute suspect,
ec46c26fdf4c57dc3b53e0cdfc7f11a7a2106761289556e9575dc5e4ee317a03,2021-05,Humberside Police,Humberside Police,-0.358860,53.695824,On or near Peploe Crescent,E01013303,North Lincolnshire 002A,Violence and sexual offences,Action to be taken by another organisation,
6141c556b94e59a12684dbaa0d3c211378be3388ae0286c16b9fb87be8fb9d50,2021-05,Humberside Police,Humberside Police,-0.362258,53.698433,On or near Gleneagles Crescent,E01013303,North Lincolnshire 002A,Violence and sexual offences,Unable to prosecute suspect,
065f5b3f5f8c8aac57ebe034e5c0cb85ea7325e3aab9631d936dea3b2ce08fd2,2021-05,Humberside Police,Humberside Police,-0.302289,53.683323,On or near Chapel Field Road,E01013303,North Lincolnshire 002A,Violence and sexual offences,Investigation complete; no suspect identified,
e549d90e4a7c1cc195b9b71dad4e2b03fdc402f3f2b282b0cad178ebf542bb17,2021-05,Humberside Police,Humberside Police,-0.385218,53.670429,On or near Beech Garth,E01013305,North Lincolnshire 002C,Criminal damage and arson,Court result unavailable,
4fbf1d4a5a5063553e5de1858bcde0c9356ffb42255eebf5b6af08ccd5fc7d07,2021-05,Humberside Police,Humberside Police,-0.385218,53.670429,On or near Beech Garth,E01013305,North Lincolnshire 002C,Public order,Court result unavailable,
81574d913f1879218bc3c050f9604752c8f67322c6d7432356bbffe48e9af069,2021-05,Humberside Police,Humberside Police,-0.383331,53.694009,On or near Marsh Lane,E01013305,North Lincolnshire 002C,Public order,Unable to prosecute suspect,
4b5c7e17a82bed7d14e83d62649c48f125e378a72fb91e95be1b8e2c0dd301fd,2021-05,Humberside Police,Humberside Police,-0.343728,53.665331,On or near College Road,E01013305,North Lincolnshire 002C,Public order,Unable to prosecute suspect,
5708cb19fb19d383aadeb111320a0bbcdb08bbce1a0e121f8e904eb4c8fdb8d0,2021-05,Humberside Police,Humberside Police,-0.337663,53.672151,On or near Gatehouse Road,E01013305,North Lincolnshire 002C,Vehicle crime,Investigation complete; no suspect identified,
9f62d2d81127d4d2452e5d5d29a7db0cffa31c56b6aec770d5f26d902fc48377,2021-05,Humberside Police,Humberside Police,-0.383331,53.694009,On or near Marsh Lane,E01013305,North Lincolnshire 002C,Violence and sexual offences,Unable to prosecute suspect,
49aed4685ba17259aa017cdacba2289370261183a0cffc0bafa1e9d0bee7bcb6,2021-05,Humberside Police,Humberside Police,-0.407737,53.655718,On or near B1206,E01013305,North Lincolnshire 002C,Violence and sexual offences,Unable to prosecute suspect,
7a5390bc0e114755a58bb0a8f807f0544b721d5304910042d3e567cbc1a59fa0,2021-05,Humberside Police,Humberside Police,-0.385218,53.670429,On or near Beech Garth,E01013305,North Lincolnshire 002C,Violence and sexual offences,Court result unavailable,
19b74abfa69763705d74937b47229d245dd24794faba13489087198d53764921,2021-05,Humberside Police,Humberside Police,-0.385218,53.670429,On or near Beech Garth,E01013305,North Lincolnshire 002C,Violence and sexual offences,Local resolution,
2614d5a4a0a877c5c9f3f351974ab51cee2dd115e253ac9875f80404cbdf84dc,2021-05,Humberside Police,Humberside Police,-0.390267,53.685311,On or near Ferry Road,E01013305,North Lincolnshire 002C,Violence and sexual offences,Unable to prosecute suspect,
cdac75f5de58814d7b9faf3d0a209fce93981561f0d830d1ddc724947bd3e7aa,2021-05,Humberside Police,Humberside Police,-0.407737,53.655718,On or near B1206,E01013305,North Lincolnshire 002C,Violence and sexual offences,Unable to prosecute suspect,
94b26b455de8b6e97c5815f8aa1e7c4623676954a1d6a265948f80a1ac6d854d,2021-05,Humberside Police,Humberside Police,-0.337663,53.672151,On or near Gatehouse Road,E01013305,North Lincolnshire 002C,Other crime,Investigation complete; no suspect identified,
537ee9520354f9962ff353885a2caa9170012feb8fa0f1adfcb0c16782ac2906,2021-05,Humberside Police,Humberside Police,-0.385218,53.670429,On or near Beech Garth,E01013305,North Lincolnshire 002C,Other crime,Court result unavailable,
874b2a53b9413781825baa9a798af171bce05ff54283e4df2610e7e73a93bba7,2021-05,Humberside Police,Humberside Police,-0.376045,53.675914,On or near Simpson Close,E01013307,North Lincolnshire 002D,Violence and sexual offences,Unable to prosecute suspect,
3e6d3f6c5efe437bf1d315fd4959c4b9fc51ce6dbf963159327178fec5e37541,2021-05,Humberside Police,Humberside Police,-0.377689,53.680026,On or near Barton Street,E01013307,North Lincolnshire 002D,Violence and sexual offences,Investigation complete; no suspect identified,
8ac599606f367a7032ab3757366bb225355a41041cf6f3c90664261603bd2da5,2021-05,Humberside Police,Humberside Police,-0.380390,53.673959,On or near Chapel Close,E01013307,North Lincolnshire 002D,Violence and sexual offences,Unable to prosecute suspect,
,2021-05,Humberside Police,Humberside Police,-0.597451,53.655214,On or near Church Side,E01013288,North Lincolnshire 003A,Anti-social behaviour,,
08e06369f109b8d772a82ba53567256e323ccdd438a9528d0db20e57ee2a3a3f,2021-05,Humberside Police,Humberside Police,-0.596959,53.655883,On or near West Street,E01013288,North Lincolnshire 003A,Public order,Unable to prosecute suspect,
da830721a00d3cf12355c8d0eb24a07dbbbf42bf89a1cff1d81c41f961b964a4,2021-05,Humberside Police,Humberside Police,-0.596959,53.655883,On or near West Street,E01013288,North Lincolnshire 003A,Public order,Unable to prosecute suspect,
12bf50a804a75708e4830085aade98a4d8a7db9a5be067fc55ae82c62ba8b52b,2021-05,Humberside Police,Humberside Police,-0.597451,53.655214,On or near Church Side,E01013288,North Lincolnshire 003A,Violence and sexual offences,Unable to prosecute suspect,
97ce71de658b7383c3b94f3ae384a9b7f4ef604af79c15eb40a3aa2571bad0cf,2021-05,Humberside Police,Humberside Police,-0.608654,53.655048,On or near Boynton Crescent,E01013291,North Lincolnshire 003B,Other theft,Investigation complete; no suspect identified,
0ac2b23768baaa64bde476077db4151dbe8b343c62e7cd558de226bad1debb40,2021-05,Humberside Police,Humberside Police,-0.610231,53.654473,On or near Southfield Road,E01013291,North Lincolnshire 003B,Public order,Status update unavailable,
46b2028ffeb2b37028af35a4e99eca01b27b4b56129f859ccd5bf4aa27231728,2021-05,Humberside Police,Humberside Police,-0.608132,53.656193,On or near Teanby Drive,E01013291,North Lincolnshire 003B,Violence and sexual offences,Unable to prosecute suspect,
be10f567a4cbc0a3621a9a6f2a59fb6dec8953891bb147d384fac6571e4c8695,2021-05,Humberside Police,Humberside Police,-0.608132,53.656193,On or near Teanby Drive,E01013291,North Lincolnshire 003B,Violence and sexual offences,Unable to prosecute suspect,
f8f13e710b5484e73304f7ae68781ca4dd1df3585b7a6164533fa361b7577a4e,2021-05,Humberside Police,Humberside Police,-0.607738,53.656665,On or near Hiles Avenue,E01013291,North Lincolnshire 003B,Violence and sexual offences,Offender given a caution,
fa4f6bbc84e7f33a3efa4e92ce79d2512172327a1857b7620d9098fb6dd8b8d1,2021-05,Humberside Police,Humberside Police,-0.605705,53.655886,On or near Fowler Court,E01013291,North Lincolnshire 003B,Violence and sexual offences,Unable to prosecute suspect,
de7f2ddcae689d94ef520db3b91d7f56d812add60887bce95c0588bdaa6e159b,2021-05,Humberside Police,Humberside Police,-0.613190,53.651928,On or near Petrol Station,E01013291,North Lincolnshire 003B,Violence and sexual offences,Local resolution,
92178c0420860675fea47db809875d89115bbcd2e4b62892d787f04613a0ae17,2021-05,Humberside Police,Humberside Police,-0.608654,53.655048,On or near Boynton Crescent,E01013291,North Lincolnshire 003B,Violence and sexual offences,Unable to prosecute suspect,
ff4840b77f25a0171d3ec5ebde089da01a9a391440c9fd49e4481be7c1eeb34c,2021-05,Humberside Police,Humberside Police,-0.612860,53.650890,On or near Roxby Road,E01013291,North Lincolnshire 003B,Violence and sexual offences,Local resolution,
,2021-05,Humberside Police,Humberside Police,-0.603122,53.655289,On or near Saffre Close,E01013292,North Lincolnshire 003C,Anti-social behaviour,,
,2021-05,Humberside Police,Humberside Police,-0.606800,53.652986,On or near Lincoln Drive,E01013292,North Lincolnshire 003C,Anti-social behaviour,,
e82145f4dede4e98f192fcb54c4f32286708f0299207d4a56b10fa954e692dfa,2021-05,Humberside Police,Humberside Police,-0.559326,53.650986,On or near Holmes Lane,E01013292,North Lincolnshire 003C,Criminal damage and arson,Unable to prosecute suspect,
a0ad796d91aff9c126361a4e3f7991447ce15593688ef11614f74c8bbce4e789,2021-05,Humberside Police,Humberside Police,-0.600911,53.653996,On or near Low Street,E01013292,North Lincolnshire 003C,Public order,Investigation complete; no suspect identified,
cb514a3a2ff2fc0f6003dc863657c32a0099a443f59dcf7fb4e5b1210eac1292,2021-05,Humberside Police,Humberside Police,-0.603122,53.655289,On or near Saffre Close,E01013292,North Lincolnshire 003C,Violence and sexual offences,Investigation complete; no suspect identified,
ad4373c624cc626e414ce1482e9973cc9881c0fdf05d4718d98bc6c85461f606,2021-05,Humberside Police,Humberside Police,-0.603122,53.655289,On or near Saffre Close,E01013292,North Lincolnshire 003C,Violence and sexual offences,Further action is not in the public interest,
e8b3ec2557f91d888f0cc76c92df6c5d6db152a32ae38e03c8b5760000e5500c,2021-05,Humberside Police,Humberside Police,-0.600665,53.652267,On or near Hawthorne Close,E01013292,North Lincolnshire 003C,Violence and sexual offences,Court result unavailable,
2fa9360b766d4cfd87c9f88ec087ee4fdeb0ca38a43a3ace4da946bf63379439,2021-05,Humberside Police,Humberside Police,-0.599787,53.655026,On or near High Street,E01013292,North Lincolnshire 003C,Violence and sexual offences,Unable to prosecute suspect,
463d5b5c8f61a5dbe6bfe229b5b92801a2a9125712b155b2931dcbe9b52fdae6,2021-05,Humberside Police,Humberside Police,-0.607528,53.651997,On or near Coates Avenue,E01013292,North Lincolnshire 003C,Violence and sexual offences,Unable to prosecute suspect,
,2021-05,Humberside Police,Humberside Police,-0.628054,53.677834,On or near White House Lane,E01013294,North Lincolnshire 003D,Anti-social behaviour,,
89c582692a3e0a633270e284caebf370f5f8f067b3d92b97eabc82f8dac94ffd,2021-05,Humberside Police,Humberside Police,-0.593007,53.685949,On or near Harrison Close,E01013294,North Lincolnshire 003D,Public order,Formal action is not in the public interest,
fc141feaf5da9b5316e9ea943d4461c58fb3cc0876591e2edd83d38b7eac0e2b,2021-05,Humberside Police,Humberside Police,-0.591120,53.686700,On or near High Burgage,E01013294,North Lincolnshire 003D,Violence and sexual offences,Unable to prosecute suspect,
488502a00b28ae7fe3d636af46b671af3dbea3195ccf21edc2e4fd97610be563,2021-05,Humberside Police,Humberside Police,-0.591120,53.686700,On or near High Burgage,E01013294,North Lincolnshire 003D,Violence and sexual offences,Unable to prosecute suspect,
c17ddd28992b5b1f1dba93f641500fa18256c08dd09cb932c8683f4fbc573a4a,2021-05,Humberside Police,Humberside Police,-0.384596,53.582568,On or near Middlegate Mews,E01013270,North Lincolnshire 004A,Burglary,Investigation complete; no suspect identified,
f1a3700cc1c36d042e6a53ef06aa3f102fe9f2cfc35aea62747b392079f082fc,2021-05,Humberside Police,Humberside Police,-0.379405,53.576493,On or near Railway Street,E01013270,North Lincolnshire 004A,Criminal damage and arson,Unable to prosecute suspect,
81b8810dc593e8153091650a0ac9eef7c40e055c17009380bf5c7a8252141618,2021-05,Humberside Police,Humberside Police,-0.403362,53.574028,On or near Walker'S Close,E01013270,North Lincolnshire 004A,Public order,Unable to prosecute suspect,
17cb70cdd52768539f93cb2af324795fcf3846b4bee5bd00bf172104f71178ea,2021-05,Humberside Police,Humberside Police,-0.403362,53.574028,On or near Walker'S Close,E01013270,North Lincolnshire 004A,Public order,Unable to prosecute suspect,
b36e162fcb49ed6c7e2102c2743ac8505628fe5559ff71e1fb13832720b32cbd,2021-05,Humberside Police,Humberside Police,-0.403037,53.568639,On or near South Street,E01013270,North Lincolnshire 004A,Public order,Local resolution,
dac7d71adf0ad35819f3294678d9c63bba55f4c9da69463b4319e06388c8ecf2,2021-05,Humberside Police,Humberside Police,-0.403037,53.568639,On or near South Street,E01013270,North Lincolnshire 004A,Violence and sexual offences,Status update unavailable,
384e42ca0229b7e322be31cad4cd8100994cf435597c08954925fb3d3df89fe8,2021-05,Humberside Police,Humberside Police,-0.407114,53.573863,On or near Silver Street,E01013270,North Lincolnshire 004A,Violence and sexual offences,Unable to prosecute suspect,
fc4945ebdf3755477440c251e829ea92c4a191d5af70c96063ca53cadcee01a3,2021-05,Humberside Police,Humberside Police,-0.292094,53.658736,On or near College Road,E01013306,North Lincolnshire 004B,Criminal damage and arson,Investigation complete; no suspect identified,
38a9f238623e810cf12ce3b7aefb11aad8298c390a0b643d69ac7eeb0c4e5331,2021-05,Humberside Police,Humberside Police,-0.318883,53.619481,On or near Fields End,E01013306,North Lincolnshire 004B,Public order,Unable to prosecute suspect,
02816c7881620e44da4ff57a72bdd9ff6084f0ef0a28b997a1bd6de2c1acf67c,2021-05,Humberside Police,Humberside Police,-0.330987,53.616603,On or near Hallcroft,E01013306,North Lincolnshire 004B,Violence and sexual offences,Status update unavailable,
d871e7eb671a88204d20e4523d230a1d5d8b2a83ab2fb7cffd0f7837989f3f17,2021-05,Humberside Police,Humberside Police,-0.330987,53.616603,On or near Hallcroft,E01013306,North Lincolnshire 004B,Violence and sexual offences,Status update unavailable,
03cfaf386b83eb3e8d145dafc4bbf90b8c5908ad076492d05b91c06be1e1fae1,2021-05,Humberside Police,Humberside Police,-0.330987,53.616603,On or near Hallcroft,E01013306,North Lincolnshire 004B,Violence and sexual offences,Unable to prosecute suspect,
c7081ddf977021278be8fce4988e31a28214517f953c3b946022090ab90a1091,2021-05,Humberside Police,Humberside Police,-0.281762,53.662714,On or near Mill Lane,E01013306,North Lincolnshire 004B,Other crime,Court result unavailable,
b8cd40958016c0d8dc0abfb16e80392a780264a66c50d895d0d95e6ffb60aa28,2021-05,Humberside Police,Humberside Police,-0.319635,53.619222,On or near Williams Drive,E01013306,North Lincolnshire 004B,Other crime,Unable to prosecute suspect,
,2021-05,Humberside Police,Humberside Police,-0.262659,53.631506,On or near Moat Lane,E01013308,North Lincolnshire 004C,Anti-social behaviour,,
f7a7ce63e5454cc866a97f4e49bc76a3da6e9cff8f0cfa4e38845d0acafaff0b,2021-05,Humberside Police,Humberside Police,-0.261739,53.630324,On or near Briar Close,E01013308,North Lincolnshire 004C,Burglary,Investigation complete; no suspect identified,
bc20878ef5be76f6d3d7005419b3b876c8b1509acc5943dda364da28f0a9915b,2021-05,Humberside Police,Humberside Police,-0.266333,53.628575,On or near Hawkins Way,E01013308,North Lincolnshire 004C,Criminal damage and arson,Investigation complete; no suspect identified,
d884a99c1f52c6ae1c1e074f2d2eaae36e31521f309429e88062924f494bf3b8,2021-05,Humberside Police,Humberside Police,-0.264329,53.631719,On or near St Deny'S Close,E01013308,North Lincolnshire 004C,Drugs,Unable to prosecute suspect,
ef2f457a745320e3526d3c2fcfc746b2f3295b57b799ea0bb8cbc8cbc2bd6fbe,2021-05,Humberside Police,Humberside Police,-0.251016,53.629233,On or near Petrol Station,E01013308,North Lincolnshire 004C,Other theft,Court result unavailable,
7852e1909cf801d24bd5c60f4ec548b095cdf17172c26b6c682bc6b3cd8f953e,2021-05,Humberside Police,Humberside Police,-0.278986,53.640587,On or near Lancaster Approach,E01013308,North Lincolnshire 004C,Other theft,Investigation complete; no suspect identified,
c6fd3d85bf66b0b80222d19a1330238a21a4152e2d54d65968637c60362119c8,2021-05,Humberside Police,Humberside Police,-0.250505,53.624785,On or near Baptist Chapel Lane,E01013308,North Lincolnshire 004C,Vehicle crime,Unable to prosecute suspect,
5833bf368496bc74568cfefc506212139119589c570998ce784ac6a09fa54d2a,2021-05,Humberside Police,Humberside Police,-0.278986,53.640587,On or near Lancaster Approach,E01013308,North Lincolnshire 004C,Vehicle crime,Investigation complete; no suspect identified,
5328ebd2e00ba94514c9628a84ab4e89359a207a4d11d5941e1d52e7d291f981,2021-05,Humberside Police,Humberside Police,-0.302441,53.618907,On or near Station Road,E01013308,North Lincolnshire 004C,Violence and sexual offences,Unable to prosecute suspect,
ec88babdd961d4e83562fdae3144fca9227d3ed8813d53d3c2cbf183f97df751,2021-05,Humberside Police,Humberside Police,-0.267789,53.631059,On or near Celandine Close,E01013308,North Lincolnshire 004C,Violence and sexual offences,Local resolution,
45269ecdccb3536a9bcf37a904250522730dbff3736d260b2fb0bcee57dfe848,2021-05,Humberside Police,Humberside Police,-0.261739,53.630324,On or near Briar Close,E01013308,North Lincolnshire 004C,Violence and sexual offences,Action to be taken by another organisation,
aaa702b1660fcf937c38402ba1be987aa7967d879c61f4507caae7f060e6de2e,2021-05,Humberside Police,Humberside Police,-0.261739,53.630324,On or near Briar Close,E01013308,North Lincolnshire 004C,Violence and sexual offences,Action to be taken by another organisation,
539133a68b0f358cd6fa6f0a82962f3e90cedf4114275deb3ea2a9b1ee89a88c,2021-05,Humberside Police,Humberside Police,-0.263133,53.629526,On or near Pilgrim'S Close,E01013308,North Lincolnshire 004C,Violence and sexual offences,Local resolution,
5a05a4340789a6bf0d4c001e3c19c5b8a0127fbcc09cd21181abc3cfa11e7a6d,2021-05,Humberside Police,Humberside Police,-0.261739,53.630324,On or near Briar Close,E01013308,North Lincolnshire 004C,Violence and sexual offences,Action to be taken by another organisation,
528372728c3db710f722eb584d187555bd96e224d0785a343e3c0729f23c7c40,2021-05,Humberside Police,Humberside Police,-0.263133,53.629526,On or near Pilgrim'S Close,E01013308,North Lincolnshire 004C,Other crime,Local resolution,
6f9a54efabb2e04e66b70f6c0ec8ada0c2980e6a1a12ecfdd84827b2b5b82c41,2021-05,Humberside Police,Humberside Police,-0.264329,53.631719,On or near St Deny'S Close,E01013308,North Lincolnshire 004C,Other crime,Unable to prosecute suspect,
,2021-05,Humberside Police,Humberside Police,-0.331894,53.617739,On or near High Street,E01013309,North Lincolnshire 004D,Anti-social behaviour,,
,2021-05,Humberside Police,Humberside Police,-0.330481,53.617935,On or near Supermarket,E01013309,North Lincolnshire 004D,Anti-social behaviour,,
0842b6d117538519fbffaceb97f4c11480749e42d2a9409c730443b83c2615af,2021-05,Humberside Police,Humberside Police,-0.331894,53.617739,On or near High Street,E01013309,North Lincolnshire 004D,Criminal damage and arson,Investigation complete; no suspect identified,
4d752bc203fb13807293def7bf35d49bbc9556fd3c9a4432f1263b09ada3eaad,2021-05,Humberside Police,Humberside Police,-0.354510,53.600703,On or near B1211,E01013309,North Lincolnshire 004D,Vehicle crime,Investigation complete; no suspect identified,
af14e35dacd43b9ab57003d0b16139ccf04befc5decb79032c3d2e7ad6db4884,2021-05,Humberside Police,Humberside Police,-0.328724,53.621075,On or near Meadow Avenue,E01013309,North Lincolnshire 004D,Violence and sexual offences,Unable to prosecute suspect,
1508626fb921285145dc758f69b0ecc0230dcc61342c17ed7dcc0b600fbb14e6,2021-05,Humberside Police,Humberside Police,-0.361091,53.627842,On or near Hawthorne Close,E01013309,North Lincolnshire 004D,Violence and sexual offences,Unable to prosecute suspect,
,2021-05,Humberside Police,Humberside Police,-0.687876,53.588975,On or near Ashbourne Court,E01013286,North Lincolnshire 005A,Anti-social behaviour,,
,2021-05,Humberside Police,Humberside Police,-0.687765,53.566681,On or near Park Grove,E01013286,North Lincolnshire 005A,Anti-social behaviour,,
,2021-05,Humberside Police,Humberside Police,-0.687876,53.588975,On or near Ashbourne Court,E01013286,North Lincolnshire 005A,Anti-social behaviour,,
,2021-05,Humberside Police,Humberside Police,-0.686554,53.569221,On or near Second Avenue,E01013286,North Lincolnshire 005A,Anti-social behaviour,,
9f84e6182a0a3ae317704fa53d66571d2de39210e0684f2bd50c1bd50d2d25e1,2021-05,Humberside Police,Humberside Police,-0.687765,53.566681,On or near Park Grove,E01013286,North Lincolnshire 005A,Criminal damage and arson,Investigation complete; no suspect identified,
f3c76e6444217d71fabb88cf3b1b1cc66ebedac008c825f86ddc0eeb5f7b384d,2021-05,Humberside Police,Humberside Police,-0.687765,53.566681,On or near Park Grove,E01013286,North Lincolnshire 005A,Criminal damage and arson,Investigation complete; no suspect identified,
12ffd751c2952a84ba23647c017933f43147955c4f0fe768385a39bb04dc40ad,2021-05,Humberside Police,Humberside Police,-0.687610,53.569250,On or near Fourth Avenue,E01013286,North Lincolnshire 005A,Criminal damage and arson,Investigation complete; no suspect identified,
8d670df2fe1adf385c0bbfc31ab460da6d7a8adb11cfe0e60e27b33bf77f5b14,2021-05,Humberside Police,Humberside Police,-0.687640,53.568765,On or near Lagoon Road,E01013286,North Lincolnshire 005A,Criminal damage and arson,Investigation complete; no suspect identified,
1a0ab8eff582a4563d58b58955b4f546976fdac939307784460391b336e0b7e4,2021-05,Humberside Police,Humberside Police,-0.687765,53.566681,On or near Park Grove,E01013286,North Lincolnshire 005A,Criminal damage and arson,Investigation complete; no suspect identified,
63e7f559609deaecf9ceaa1b7cb374f9c04dc6caac79dae5221c0c80228bed75,2021-05,Humberside Police,Humberside Police,-0.696687,53.590833,On or near Supermarket,E01013286,North Lincolnshire 005A,Other theft,Investigation complete; no suspect identified,
a0300203d27845340c77b4c0ba48e195ff5094d35a0f7518d63f93a0b499e021,2021-05,Humberside Police,Humberside Police,-0.696687,53.590833,On or near Supermarket,E01013286,North Lincolnshire 005A,Public order,Investigation complete; no suspect identified,
aa7d0467b32edcb317fcd4aee090727e69dda1ce62e3146e64735325047fd3b8,2021-05,Humberside Police,Humberside Police,-0.696687,53.590833,On or near Supermarket,E01013286,North Lincolnshire 005A,Public order,Local resolution,
1bce4f481e0579d58dacad575e18001d8d3dbbc8d54a2519e1a14643b31643c9,2021-05,Humberside Police,Humberside Police,-0.696687,53.590833,On or near Supermarket,E01013286,North Lincolnshire 005A,Public order,Local resolution,
3b14375b8e9c492d31320c29fa3ee742e2b72374a792f0d44ef1461f6548979b,2021-05,Humberside Police,Humberside Police,-0.690708,53.588242,On or near Glossop Road,E01013286,North Lincolnshire 005A,Shoplifting,Court result unavailable,
7e45c0363a57a467ce6528432634c4e9a9a7db49157e330f8367544ffd8c81bb,2021-05,Humberside Police,Humberside Police,-0.695320,53.586656,On or near Sports/Recreation Area,E01013286,North Lincolnshire 005A,Shoplifting,Suspect charged as part of another case,
5c5a102f944ca2e3021b3051c430d08f0945bf96389e5ad616f7bbb7409ee343,2021-05,Humberside Police,Humberside Police,-0.696687,53.590833,On or near Supermarket,E01013286,North Lincolnshire 005A,Shoplifting,Investigation complete; no suspect identified,
4871f7c1715f3e5f3f47343c928e74027e0456c2e6f45ce6c61f843efe865a38,2021-05,Humberside Police,Humberside Police,-0.695320,53.586656,On or near Sports/Recreation Area,E01013286,North Lincolnshire 005A,Shoplifting,Investigation complete; no suspect identified,
85669202943fd53256a5439d050428d8f04de8a71c044689f250bfb28382994c,2021-05,Humberside Police,Humberside Police,-0.690708,53.588242,On or near Glossop Road,E01013286,North Lincolnshire 005A,Shoplifting,Suspect charged as part of another case,
c7b13ce054df495b49bf02bd276a9556946f8049632b04ffeff0f35342265071,2021-05,Humberside Police,Humberside Police,-0.695320,53.586656,On or near Sports/Recreation Area,E01013286,North Lincolnshire 005A,Shoplifting,Court result unavailable,
e83fa66e9667f5c81bb1155034688d88c7d0eb43485256904601c62128cd3982,2021-05,Humberside Police,Humberside Police,-0.690708,53.588242,On or near Glossop Road,E01013286,North Lincolnshire 005A,Shoplifting,Court result unavailable,
b840d6570ba7649b254eff1c848ffc409379ebb6bb137568c376d684fdcbea0b,2021-05,Humberside Police,Humberside Police,-0.695320,53.586656,On or near Sports/Recreation Area,E01013286,North Lincolnshire 005A,Shoplifting,Suspect charged as part of another case,
82896226580a8f134d87e3800ff8daa17a9dec8ae2c862e7db2a7fb08f0c6ed4,2021-05,Humberside Police,Humberside Police,-0.696687,53.590833,On or near Supermarket,E01013286,North Lincolnshire 005A,Shoplifting,Investigation complete; no suspect identified,
75bc9a3c32c46be3b1fed4b7bd4dd35f8a5fccf795855f29a1eb00cfd6353f78,2021-05,Humberside Police,Humberside Police,-0.696687,53.590833,On or near Supermarket,E01013286,North Lincolnshire 005A,Vehicle crime,Investigation complete; no suspect identified,
41007bf702946a04ecae85dd17287fd4814a47fda131f6ebb07cf2a6f4fd2a95,2021-05,Humberside Police,Humberside Police,-0.686483,53.591018,On or near Wilkie Close,E01013286,North Lincolnshire 005A,Violence and sexual offences,Unable to prosecute suspect,
75c6a2d0c65ae90b566782ff7a87d9dcd93ef4b27b36787c41683c8a28bdebe2,2021-05,Humberside Police,Humberside Police,-0.686483,53.591018,On or near Wilkie Close,E01013286,North Lincolnshire 005A,Violence and sexual offences,Court result unavailable,
5431176798ca8fcb0d62779bf72bec0152a483086a50fdedce37142035eabf19,2021-05,Humberside Police,Humberside Police,-0.686483,53.591018,On or near Wilkie Close,E01013286,North Lincolnshire 005A,Violence and sexual offences,Unable to prosecute suspect,
23f7102bb1528b8e386d88ebe25f99eff1dfaf3be87fe1ceab199389844ae6d2,2021-05,Humberside Police,Humberside Police,-0.686483,53.591018,On or near Wilkie Close,E01013286,North Lincolnshire 005A,Violence and sexual offences,Unable to prosecute suspect,
539d0349938f5f857c228cd82a71afc6e5c611776fa8ede67e40f17e2be9a50f,2021-05,Humberside Police,Humberside Police,-0.686483,53.591018,On or near Wilkie Close,E01013286,North Lincolnshire 005A,Violence and sexual offences,Status update unavailable,
eb0691e612e722b2a029de2803b207def0e0086c2f65a14ddb3574e859d48b48,2021-05,Humberside Police,Humberside Police,-0.688597,53.566151,On or near Westfield Road,E01013286,North Lincolnshire 005A,Violence and sexual offences,Unable to prosecute suspect,
3eccfdc0a96b5d30225ad06586f297768da30dc4d07cc18158ba5764b4ad2ac9,2021-05,Humberside Police,Humberside Police,-0.686483,53.591018,On or near Wilkie Close,E01013286,North Lincolnshire 005A,Violence and sexual offences,Status update unavailable,
,2021-05,Humberside Police,Humberside Police,-0.738236,53.572546,On or near South View Avenue,E01013287,North Lincolnshire 005B,Anti-social behaviour,,
cd653f6a189b96fb9e13c52e8e535274ac3b3b2277cd0f0b5561f24a40c3b61d,2021-05,Humberside Police,Humberside Police,-0.736466,53.574684,On or near Hadleigh Green,E01013287,North Lincolnshire 005B,Other theft,Unable to prosecute suspect,
4c70c3a5f446893a430cb63dc3fd5e214a02d95519f2f3eb70b2f44eed60c21f,2021-05,Humberside Police,Humberside Police,-0.733022,53.578225,On or near Station Road,E01013287,North Lincolnshire 005B,Violence and sexual offences,Local resolution,
b9bf6a9e347caeb6f3158b8aba3034f8abbd42826abc8a5822143f5e85b1b46a,2021-05,Humberside Police,Humberside Police,-0.735404,53.575338,On or near Orchard Close,E01013287,North Lincolnshire 005B,Violence and sexual offences,Unable to prosecute suspect,
7a003615796da99290d816983e2c1522c0445b3b7ba511c03f3118599cadf6d8,2021-05,Humberside Police,Humberside Police,-0.701665,53.621647,On or near Second Avenue,E01013289,North Lincolnshire 005C,Public order,Investigation complete; no suspect identified,
bcfdbe6f8ab78d2c09f6705223555094d989e003f2d5d1b62ecc0b5550721aec,2021-05,Humberside Police,Humberside Police,-0.684623,53.602746,On or near Blackthorn Close,E01013289,North Lincolnshire 005C,Public order,Local resolution,
,2021-05,Humberside Police,Humberside Police,-0.662261,53.686230,On or near Huteson Lane,E01013290,North Lincolnshire 005D,Anti-social behaviour,,
25a25777fec35ca3ce1865319e7a96558beaf0841a5b05afda66146e9a6030f4,2021-05,Humberside Police,Humberside Police,-0.689451,53.653272,On or near Great Stather Close,E01013290,North Lincolnshire 005D,Public order,Unable to prosecute suspect,
ebb8d8ee48ddadf8d4886d3620706aa42828aed57566586a4a0d07f4801c7125,2021-05,Humberside Police,Humberside Police,-0.666305,53.684756,On or near Cross Lane,E01013290,North Lincolnshire 005D,Public order,Court result unavailable,
51248abf45338d384d0bb7c014e11ba1268b9be2435842e213f3cfcf90ebc122,2021-05,Humberside Police,Humberside Police,-0.689451,53.653272,On or near Great Stather Close,E01013290,North Lincolnshire 005D,Public order,Unable to prosecute suspect,
f2e758b10a16a057b4ce05d3cafadda549e7b0703182c3b6767f1310cd94dee6,2021-05,Humberside Police,Humberside Police,-0.666327,53.684073,On or near Chapel Court,E01013290,North Lincolnshire 005D,Violence and sexual offences,Unable to prosecute suspect,
648fecd791f2f8b0198d95df1ba971c7daa46e2663b89c78d4cbef04d5d40f13,2021-05,Humberside Police,Humberside Police,-0.666305,53.684756,On or near Cross Lane,E01013290,North Lincolnshire 005D,Violence and sexual offences,Unable to prosecute suspect,
56cad917d4cb5581f17974c07d899c0121b4ee1ad6774a3d6d9207311c945f4c,2021-05,Humberside Police,Humberside Police,-0.689451,53.653272,On or near Great Stather Close,E01013290,North Lincolnshire 005D,Violence and sexual offences,Unable to prosecute suspect,
184d4cf1a7c09a0e210d5feef8d5be8d6ced3ce53978b5501913303c453f0b78,2021-05,Humberside Police,Humberside Police,-0.640314,53.655376,On or near Thealby Lane,E01013290,North Lincolnshire 005D,Violence and sexual offences,Unable to prosecute suspect,
f270fd2736c3e5e29998979f4f953bdaa71590274816db6a80557cdd9dd917b4,2021-05,Humberside Police,Humberside Police,-0.666327,53.684073,On or near Chapel Court,E01013290,North Lincolnshire 005D,Violence and sexual offences,Status update unavailable,
,2021-05,Humberside Police,Humberside Police,-0.682110,53.651394,On or near Vicarage Crescent,E01013293,North Lincolnshire 005E,Anti-social behaviour,,
,2021-05,Humberside Police,Humberside Police,-0.682110,53.651394,On or near Vicarage Crescent,E01013293,North Lincolnshire 005E,Anti-social behaviour,,
2f436ce2a01e301945d3bb5258093eae679e8f302b14e71798ceeae7e6ffeadf,2021-05,Humberside Police,Humberside Police,-0.681954,53.647203,On or near Eastholme Gardens,E01013293,North Lincolnshire 005E,Criminal damage and arson,Court result unavailable,
369b568050273b66594b622c128ba71587f0e1c666124bcf0c41d165957b3e40,2021-05,Humberside Police,Humberside Police,-0.680830,53.653627,On or near Waveney Close,E01013293,North Lincolnshire 005E,Criminal damage and arson,Unable to prosecute suspect,
6bdc3d774483b7c03516adb91b2616467325089d27a5c5974b606ec04b96016d,2021-05,Humberside Police,Humberside Police,-0.684281,53.653611,On or near Ashwood Close,E01013293,North Lincolnshire 005E,Violence and sexual offences,Unable to prosecute suspect,
64cb9db194a180d42a02b6af2376fd2babadb350edbae99c1da053e8d6f8e7fb,2021-05,Humberside Police,Humberside Police,-0.684281,53.653611,On or near Ashwood Close,E01013293,North Lincolnshire 005E,Violence and sexual offences,Unable to prosecute suspect,
c975e6b81a4ba192a0a0fda55bf6b9930ea4d4f8cc92dba74742a73ecbbb5c78,2021-05,Humberside Police,Humberside Police,-0.735082,53.586113,On or near Old School Lane,E01013245,North Lincolnshire 006A,Criminal damage and arson,Unable to prosecute suspect,
7f4a9e0b7c4c0efa4d089d5adab9db6ec4e77744beb5690e5312291aa8b8a323,2021-05,Humberside Police,Humberside Police,-0.735082,53.586113,On or near Old School Lane,E01013245,North Lincolnshire 006A,Criminal damage and arson,Investigation complete; no suspect identified,
327526614c69731a0d45c265bb2db6e56ece2dca6d165b41fd7c13e6e9b9a2fc,2021-05,Humberside Police,Humberside Police,-0.737178,53.588786,On or near Sands Close,E01013245,North Lincolnshire 006A,Criminal damage and arson,Investigation complete; no suspect identified,
0519609e82a666af310050b377557de1aff18e23c8a6f000574097cde111ff82,2021-05,Humberside Police,Humberside Police,-0.740359,53.594096,On or near Mariners Arms Flats,E01013245,North Lincolnshire 006A,Public order,Unable to prosecute suspect,
ce7618fc8b182461d751a346df17e3a7c6faabf9e6dab70e631408c8ac1b2c39,2021-05,Humberside Police,Humberside Police,-0.739629,53.587140,On or near Chesswick Avenue,E01013245,North Lincolnshire 006A,Shoplifting,Investigation complete; no suspect identified,
8cf44402e52bdc5fd7015ec92370fe0dc202fe20b0f491c3f4c40f782f4582a0,2021-05,Humberside Police,Humberside Police,-0.739629,53.587140,On or near Chesswick Avenue,E01013245,North Lincolnshire 006A,Violence and sexual offences,Unable to prosecute suspect,
b003d8b31e62246c5dafd1c60a0c1025c5ace5590be744b56cd128dfb5221d8f,2021-05,Humberside Police,Humberside Police,-0.743620,53.588072,On or near Chesswick Crescent,E01013245,North Lincolnshire 006A,Violence and sexual offences,Unable to prosecute suspect,
8eabe5f55680beb8859386fe0cb91eec28a6616b2a5bd60f4489f7b86e51aeda,2021-05,Humberside Police,Humberside Police,-0.735082,53.586113,On or near Old School Lane,E01013245,North Lincolnshire 006A,Violence and sexual offences,Offender given a caution,
b3ffab7d149925630447b9a20330ee1ece25660447345cf1255350c4bdb80ae1,2021-05,Humberside Police,Humberside Police,-0.740892,53.588862,On or near Margaret Avenue,E01013245,North Lincolnshire 006A,Violence and sexual offences,Status update unavailable,
f5f759a4a754f69d782c41690e4e0a6da760ec62e7669d9cf313b662fc3702b9,2021-05,Humberside Police,Humberside Police,-0.740033,53.586785,On or near George Avenue,E01013245,North Lincolnshire 006A,Violence and sexual offences,Unable to prosecute suspect,
cbcc126367043f04abfa2c551c3ebb8bfe6176c605a41839094472559da1efb6,2021-05,Humberside Police,Humberside Police,-0.740892,53.588862,On or near Margaret Avenue,E01013245,North Lincolnshire 006A,Violence and sexual offences,Further action is not in the public interest,
65ccc8f1c965179b2e393aa3ecd5d4ca197185002aab650e61f66a6c3c1039b2,2021-05,Humberside Police,Humberside Police,-0.743620,53.588072,On or near Chesswick Crescent,E01013245,North Lincolnshire 006A,Violence and sexual offences,Unable to prosecute suspect,
6b8e91cc70366c4f4b3b302b9af47441b74c57969f96622dda5bdc90dd3e30af,2021-05,Humberside Police,Humberside Police,-0.735082,53.586113,On or near Old School Lane,E01013245,North Lincolnshire 006A,Violence and sexual offences,Unable to prosecute suspect,
690eb3f0625ccdf96fa00af307528ab8ca869d4922313eada355a067a5f9f1c9,2021-05,Humberside Police,Humberside Police,-0.735082,53.586113,On or near Old School Lane,E01013245,North Lincolnshire 006A,Other crime,Local resolution,
,2021-05,Humberside Police,Humberside Police,-0.713046,53.617285,On or near Belthorn Road,E01013246,North Lincolnshire 006B,Anti-social behaviour,,
,2021-05,Humberside Police,Humberside Police,-0.709185,53.660084,On or near Shore Road,E01013246,North Lincolnshire 006B,Anti-social behaviour,,
0dd01b665f1099580b7eb60dec277819d1aaec2f04d7bc84bbb39274fc89b6f1,2021-05,Humberside Police,Humberside Police,-0.709185,53.660084,On or near Shore Road,E01013246,North Lincolnshire 006B,Public order,Unable to prosecute suspect,
aceee4218b582881f8ef48ae18d708d65874dfced805ba008fad54aee7471ccf,2021-05,Humberside Police,Humberside Police,-0.746426,53.641280,On or near Jacklin Lane,E01013246,North Lincolnshire 006B,Vehicle crime,Investigation complete; no suspect identified,
02349f6a675b0771d6adcb69f80fb09514d41bb5a8376ffc59d728d7f4fc8a69,2021-05,Humberside Police,Humberside Police,-0.709185,53.660084,On or near Shore Road,E01013246,North Lincolnshire 006B,Violence and sexual offences,Status update unavailable,
37518a5e136c3495eb5246a14cf40ddcceddfbaec923ca834a9430ef883aaa5f,2021-05,Humberside Police,Humberside Police,-0.826566,53.601508,On or near Ashfield Court,E01013247,North Lincolnshire 006C,Other theft,Investigation complete; no suspect identified,
2b928f4fac179b145b5439992fbe3d5823bcf1fa8e8ef2a20ca9ea5b23968d1b,2021-05,Humberside Police,Humberside Police,-0.818892,53.594349,On or near Wharf Road,E01013247,North Lincolnshire 006C,Violence and sexual offences,Status update unavailable,
df56234a531fc23dd5333e2c9b5f42f761a45bf2829c87878fac54c974c05bfa,2021-05,Humberside Police,Humberside Police,-0.818892,53.594349,On or near Wharf Road,E01013247,North Lincolnshire 006C,Violence and sexual offences,Unable to prosecute suspect,
c0f160a7e02dc7c299ab31a56401385f5a2aadafb5fe4f222161984102e78c35,2021-05,Humberside Police,Humberside Police,-0.816428,53.592230,On or near New Trent Street,E01013247,North Lincolnshire 006C,Violence and sexual offences,Unable to prosecute suspect,
8b8306b143f9a766df78aa3e190e487525e8005870952369ef1fcdb07358689e,2021-05,Humberside Police,Humberside Police,-0.876524,53.592486,On or near Jaque'S Bank,E01013247,North Lincolnshire 006C,Other crime,Unable to prosecute suspect,
,2021-05,Humberside Police,Humberside Police,-0.839457,53.611943,On or near Newbigg,E01013248,North Lincolnshire 006D,Anti-social behaviour,,
,2021-05,Humberside Police,Humberside Police,-0.830943,53.612103,On or near Eastoft Road,E01013248,North Lincolnshire 006D,Anti-social behaviour,,
0c29b04a1bd937e12938620bf0cb78c14bfd6d9e187506f248be95bcb13a9976,2021-05,Humberside Police,Humberside Police,-0.833135,53.604970,On or near Parking Area,E01013248,North Lincolnshire 006D,Public order,Action to be taken by another organisation,
9e4a50744db67022c3cee0c93ef6eaaf45898602c14f4857774a51f24807811f,2021-05,Humberside Police,Humberside Police,-0.833135,53.604970,On or near Parking Area,E01013248,North Lincolnshire 006D,Public order,Unable to prosecute suspect,
2c0d0fc66bc0ac7487e8bce770c7e10677a7215236b58063f123cb2f39fd76b8,2021-05,Humberside Police,Humberside Police,-0.827893,53.607615,On or near Lincoln Close,E01013248,North Lincolnshire 006D,Public order,Unable to prosecute suspect,
76e870ede6801240db2798d5025993f0817d982d1169d615da0d1c676a09fc6c,2021-05,Humberside Police,Humberside Police,-0.831887,53.611286,On or near Holme Hill,E01013248,North Lincolnshire 006D,Vehicle crime,Investigation complete; no suspect identified,
82842c9e8a68a6e033702932f776bc1037ae4c663728eb6afc07771707388b24,2021-05,Humberside Police,Humberside Police,-0.826340,53.607447,On or near Lindsey Drive,E01013248,North Lincolnshire 006D,Violence and sexual offences,Unable to prosecute suspect,
53154bbe92dcd2fdbc8efd37df3c5e19a080bc9b40cc7fd2a8314e4f74c5174f,2021-05,Humberside Police,Humberside Police,-0.833020,53.606398,On or near High Street,E01013248,North Lincolnshire 006D,Other crime,Investigation complete; no suspect identified,
,2021-05,Humberside Police,Humberside Police,-0.838321,53.601559,On or near The Croft,E01013249,North Lincolnshire 006E,Anti-social behaviour,,
,2021-05,Humberside Police,Humberside Police,-0.837079,53.609368,On or near Bowling Green Lane,E01013249,North Lincolnshire 006E,Anti-social behaviour,,
f89c929fb873fdc239b832d9457e5f291383754b8e0a79176f38b1f5d57440e4,2021-05,Humberside Police,Humberside Police,-0.838321,53.601559,On or near The Croft,E01013249,North Lincolnshire 006E,Bicycle theft,Investigation complete; no suspect identified,
c59b9ce082d310bcbe9c9f9dc81eca16347c3c35603433ef29dff0e5b6fa1e39,2021-05,Humberside Police,Humberside Police,-0.838419,53.602423,On or near Axholme Avenue,E01013249,North Lincolnshire 006E,Criminal damage and arson,Unable to prosecute suspect,
cb81dd14109c5375c3cbfd3a824ad58a74d20c9763d887ac7b5711da12f8d19b,2021-05,Humberside Police,Humberside Police,-0.838654,53.603765,On or near Lindum Grove,E01013249,North Lincolnshire 006E,Drugs,Offender given a drugs possession warning,
d3990387bcd4f3a2a9223c8fbc938962956e10147dd11c2ec776cc911076fa6d,2021-05,Humberside Police,Humberside Police,-0.832975,53.610775,On or near Cranidge Close,E01013249,North Lincolnshire 006E,Violence and sexual offences,Further action is not in the public interest,
a4f5396cd376068bc6f6358b399debdca039b11137cd78659b04dfab60a76fff,2021-05,Humberside Police,Humberside Police,-0.835778,53.608861,On or near Cross Street,E01013249,North Lincolnshire 006E,Violence and sexual offences,Unable to prosecute suspect,
676818bf7843c00f2484095228a9a635557b273692404622a4f02eaeba57d0e8,2021-05,Humberside Police,Humberside Police,-0.835778,53.608861,On or near Cross Street,E01013249,North Lincolnshire 006E,Violence and sexual offences,Unable to prosecute suspect,
c52cc9c037687addff06ff81a55acaa113296ecec6b02a9feb5865c7dfe6bfe4,2021-05,Humberside Police,Humberside Police,-0.835710,53.603637,On or near Southfield Road,E01013249,North Lincolnshire 006E,Violence and sexual offences,Unable to prosecute suspect,
7fbf24cf0e0d9a2212f279baa3313d978b79dad76680637dcc7204c8f9dd2c47,2021-05,Humberside Police,Humberside Police,-0.832975,53.610775,On or near Cranidge Close,E01013249,North Lincolnshire 006E,Other crime,Unable to prosecute suspect,
,2021-05,Humberside Police,Humberside Police,-0.657151,53.598837,On or near Ajax Court,E01013297,North Lincolnshire 007A,Anti-social behaviour,,
,2021-05,Humberside Police,Humberside Police,-0.660055,53.601143,On or near Crosby Avenue,E01013297,North Lincolnshire 007A,Anti-social behaviour,,
b0f42b500ad753f162bee7cf848feb8d5fb1c294e8f5967f809673d407a8278d,2021-05,Humberside Police,Humberside Police,-0.645499,53.604063,On or near Mannaberg Way,E01013297,North Lincolnshire 007A,Burglary,Investigation complete; no suspect identified,
c6ba05fc2e14264b7d27601b488811dba167ca9d57bbbea8d83e0ae0358b37fc,2021-05,Humberside Police,Humberside Police,-0.658480,53.601225,On or near Buckingham Avenue,E01013297,North Lincolnshire 007A,Burglary,Investigation complete; no suspect identified,
e6d5b8ffd2ea8cae60f0b5c34dd2c53c9e749d8733714028fe26493786525718,2021-05,Humberside Police,Humberside Police,-0.660055,53.601143,On or near Crosby Avenue,E01013297,North Lincolnshire 007A,Criminal damage and arson,Investigation complete; no suspect identified,
53d1b40cbf2c473d0c6cb675892733994d17d5b14eb1e92beb004882fae8ea2c,2021-05,Humberside Police,Humberside Police,-0.655953,53.601322,On or near Russel Close,E01013297,North Lincolnshire 007A,Criminal damage and arson,Investigation complete; no suspect identified,
71b12b947438ffa33516ec7d516091dc00403a257f4d5c4423b9b44367047608,2021-05,Humberside Police,Humberside Police,-0.652290,53.604355,On or near Normanby Road,E01013297,North Lincolnshire 007A,Drugs,Status update unavailable,
010bdc29aa9087f1bd04477f882f6c95f4ee3ecccce7dbe72f98565ba0d50a4a,2021-05,Humberside Police,Humberside Police,-0.656794,53.599588,On or near Sports/Recreation Area,E01013297,North Lincolnshire 007A,Other theft,Investigation complete; no suspect identified,
848a5d3d049f8ce337c62db5bb4708f4377c1e1759dd99756385735792eabce7,2021-05,Humberside Police,Humberside Police,-0.677928,53.608542,On or near Holyroad Drive,E01013297,North Lincolnshire 007A,Other theft,Unable to prosecute suspect,
a5cec4f3dd4e6342d58fb6c074c72db63ec47d58d9ec590e29fcc7fb416cf121,2021-05,Humberside Police,Humberside Police,-0.653855,53.600301,On or near Bedford Way,E01013297,North Lincolnshire 007A,Public order,Court result unavailable,
5b5e5fe730a947c69d3aea47fa4fd07f1fbaf5d5be364e0c0b8687982c1843a6,2021-05,Humberside Police,Humberside Police,-0.657151,53.598837,On or near Ajax Court,E01013297,North Lincolnshire 007A,Public order,Unable to prosecute suspect,
a36dd1a92867c59e424030832554350baaf250ee4a58a52f6680e6c1ebc2501c,2021-05,Humberside Police,Humberside Police,-0.653949,53.599718,On or near Sports/Recreation Area,E01013297,North Lincolnshire 007A,Public order,Unable to prosecute suspect,
c7680378ca418cdc4decb4ed4321871970052df2c5e0df20695191b664e80db8,2021-05,Humberside Police,Humberside Police,-0.661729,53.603149,On or near Skippingdale Road,E01013297,North Lincolnshire 007A,Vehicle crime,Investigation complete; no suspect identified,
85b6130ecd8be31e78597cdcea5588fd6c07ad4cc896ee7f71055cb588e066ca,2021-05,Humberside Police,Humberside Police,-0.645499,53.604063,On or near Mannaberg Way,E01013297,North Lincolnshire 007A,Vehicle crime,Investigation complete; no suspect identified,
7af9402ca19c6cefe30f2006be410dbb0d080274ec3a5f594e6c69fa946a02d5,2021-05,Humberside Police,Humberside Police,-0.675161,53.607604,On or near Exmoor Avenue,E01013297,North Lincolnshire 007A,Vehicle crime,Investigation complete; no suspect identified,
ae7172801ec67288d6617d26edf0e4be805fa73c3862434fc49225b2e6dbd4e3,2021-05,Humberside Police,Humberside Police,-0.655840,53.612512,On or near Cupola Way,E01013297,North Lincolnshire 007A,Vehicle crime,Investigation complete; no suspect identified,
acf223b9ea583cc79e4b694f2fd5ff3e5821744baa2337e8985462a52d8b3152,2021-05,Humberside Police,Humberside Police,-0.661729,53.603149,On or near Skippingdale Road,E01013297,North Lincolnshire 007A,Violence and sexual offences,Investigation complete; no suspect identified,
70b087e2cfd2f68e3449416bb5f43e8d9db197d8ab0a9f9d520de00f6e76c415,2021-05,Humberside Police,Humberside Police,-0.653855,53.600301,On or near Bedford Way,E01013297,North Lincolnshire 007A,Violence and sexual offences,Unable to prosecute suspect,
0e8bd911447d273cae5fafd1ac5dea18b46743106ee2a24702fe84ca3e68dc90,2021-05,Humberside Police,Humberside Police,-0.655953,53.601322,On or near Russel Close,E01013297,North Lincolnshire 007A,Violence and sexual offences,Court result unavailable,
c945dd6964cb9b872e9097052c8224d3f81d256d6d22a6f2f91fcac2ca6fda81,2021-05,Humberside Police,Humberside Police,-0.660040,53.608299,On or near Mercia Way,E01013297,North Lincolnshire 007A,Violence and sexual offences,Status update unavailable,
4de105c80ee3ea47abc98eed62d3f5aff519cd9b4b2fe29fdd4cc55c0940cbbf,2021-05,Humberside Police,Humberside Police,-0.656794,53.599588,On or near Sports/Recreation Area,E01013297,North Lincolnshire 007A,Violence and sexual offences,Local resolution,
3fda4cd6dc1a533567b5e86466727768e65ef0acb52038be8c2c555bb5d9b535,2021-05,Humberside Police,Humberside Police,-0.660040,53.608299,On or near Mercia Way,E01013297,North Lincolnshire 007A,Violence and sexual offences,Status update unavailable,
24ac2b7720600028749f2b9244fc49ced0ec20b872aa107ef9fa5ef2799a7bd6,2021-05,Humberside Police,Humberside Police,-0.661654,53.599301,On or near Sheffield Park Avenue,E01013297,North Lincolnshire 007A,Violence and sexual offences,Unable to prosecute suspect,
1f82c9f9a7a583c09ad90d32df767cde7480c6ec60ed0c6676d500b715977d9b,2021-05,Humberside Police,Humberside Police,-0.634419,53.610211,On or near Winterton Road,E01013297,North Lincolnshire 007A,Violence and sexual offences,Action to be taken by another organisation,
da9616ab18cf999a3e9d1e29510c8cb745c095d9ee7753cb4154fd66878704d8,2021-05,Humberside Police,Humberside Police,-0.657151,53.598837,On or near Ajax Court,E01013297,North Lincolnshire 007A,Violence and sexual offences,Unable to prosecute suspect,
1b1fdee3dad488ab02a5ab62056d80f39554f158b6aaf9866fa1fb4ad8ece05c,2021-05,Humberside Police,Humberside Police,-0.657151,53.598837,On or near Ajax Court,E01013297,North Lincolnshire 007A,Violence and sexual offences,Unable to prosecute suspect,
4594f9e9bb09263b7e499e81d7c5f0c204ae0a7d0a7a00f2dec02a5f78b6e0ec,2021-05,Humberside Police,Humberside Police,-0.655953,53.601322,On or near Russel Close,E01013297,North Lincolnshire 007A,Violence and sexual offences,Court result unavailable,
96fd6658cd28eb495fedae3dd5d5ed42932b7baca7977fd8b4764af69e906198,2021-05,Humberside Police,Humberside Police,-0.661729,53.603149,On or near Skippingdale Road,E01013297,North Lincolnshire 007A,Violence and sexual offences,Unable to prosecute suspect,
62555f729d116f6bbf843e2867d8b775d5a36a9a5e49c42e35496458965964fa,2021-05,Humberside Police,Humberside Police,-0.661654,53.599301,On or near Sheffield Park Avenue,E01013297,North Lincolnshire 007A,Violence and sexual offences,Unable to prosecute suspect,
e3c954e5f35648f57a300fe751df5cb72117898f49d17f2697ea43f55659ca48,2021-05,Humberside Police,Humberside Police,-0.655953,53.601322,On or near Russel Close,E01013297,North Lincolnshire 007A,Violence and sexual offences,Court result unavailable,
6e554c0fffde464edd30a3ce5f47eb1c21a3149b81c542a1dc55494a9f58f9e5,2021-05,Humberside Police,Humberside Police,-0.655953,53.601322,On or near Russel Close,E01013297,North Lincolnshire 007A,Violence and sexual offences,Court result unavailable,
25a241e62afe2cb0a1bc67293ba59cac923f34dda244f06428171bf7261249af,2021-05,Humberside Police,Humberside Police,-0.655840,53.612512,On or near Cupola Way,E01013297,North Lincolnshire 007A,Violence and sexual offences,Court result unavailable,
6e9987d2419f5eb79c00bc44884d079f45a6fee70c4aa88330570a79567f3a36,2021-05,Humberside Police,Humberside Police,-0.661654,53.599301,On or near Sheffield Park Avenue,E01013297,North Lincolnshire 007A,Violence and sexual offences,Unable to prosecute suspect,
3e7fab2f95193b6307406286a2421077e28ce98749ebd298dfa210798de5e9bc,2021-05,Humberside Police,Humberside Police,-0.660040,53.608299,On or near Mercia Way,E01013297,North Lincolnshire 007A,Violence and sexual offences,Unable to prosecute suspect,
e990ff9cfdbba81a610140aa375f4ed21b2c97ca4217404448817181ed1554b7,2021-05,Humberside Police,Humberside Police,-0.661654,53.599301,On or near Sheffield Park Avenue,E01013297,North Lincolnshire 007A,Violence and sexual offences,Unable to prosecute suspect,
,2021-05,Humberside Police,Humberside Police,-0.652750,53.595605,On or near Mulgrave Street,E01013300,North Lincolnshire 007B,Anti-social behaviour,,
,2021-05,Humberside Police,Humberside Police,-0.651232,53.595363,On or near Sheffield Street (East),E01013300,North Lincolnshire 007B,Anti-social behaviour,,
,2021-05,Humberside Police,Humberside Police,-0.652750,53.595605,On or near Mulgrave Street,E01013300,North Lincolnshire 007B,Anti-social behaviour,,
5e38614cf7735663d60593bfc72d7524acf113e3be079288631375045d737155,2021-05,Humberside Police,Humberside Police,-0.652187,53.597172,On or near Grosvenor Street North,E01013300,North Lincolnshire 007B,Bicycle theft,Investigation complete; no suspect identified,
086e6cf192041d3a204a0dc8f97913296f5c684c795ac663641437eea76e6193,2021-05,Humberside Police,Humberside Police,-0.654438,53.598600,On or near Chatterton Crescent,E01013300,North Lincolnshire 007B,Burglary,Unable to prosecute suspect,
a22a076f4f05b9a8e648b460d8e940288d9b65eb573f022c3da580b4721f57a9,2021-05,Humberside Police,Humberside Police,-0.649831,53.595213,On or near Petrol Station,E01013300,North Lincolnshire 007B,Burglary,Investigation complete; no suspect identified,
2e96b94f0540df78768cd5f296a2699bedfddefd6f5417e6835c529728955f76,2021-05,Humberside Police,Humberside Police,-0.649831,53.595213,On or near Petrol Station,E01013300,North Lincolnshire 007B,Burglary,Investigation complete; no suspect identified,
0f6d541d67470f966ed95fd26fb4d99c7ec1a45b157220c470ac66b08f96de2b,2021-05,Humberside Police,Humberside Police,-0.651322,53.594888,On or near Grosvenor Street (South),E01013300,North Lincolnshire 007B,Criminal damage and arson,Investigation complete; no suspect identified,
f98b0a1d55c28d46c8b06d7e175bc91269dba10f16ba912ec5d54121245e0baa,2021-05,Humberside Police,Humberside Police,-0.653702,53.595130,On or near Sheffield Street,E01013300,North Lincolnshire 007B,Drugs,Court result unavailable,
d6afb615beabecae82440131349fe720664a20df22c81a9119998360e2177c91,2021-05,Humberside Police,Humberside Police,-0.651282,53.598995,On or near Normanby Road,E01013300,North Lincolnshire 007B,Other theft,Status update unavailable,
c959dc55dfadd8b1709f23363cfdeb6b13dd5629c17b66f930d0dd72698157de,2021-05,Humberside Police,Humberside Police,-0.651322,53.594888,On or near Grosvenor Street (South),E01013300,North Lincolnshire 007B,Other theft,Investigation complete; no suspect identified,
2e83a2354083d9af4e9a343cd63836b32b9da9e330590550ff2441491d842db6,2021-05,Humberside Police,Humberside Police,-0.651232,53.595363,On or near Sheffield Street (East),E01013300,North Lincolnshire 007B,Other theft,Investigation complete; no suspect identified,
d3ac3a11a7196e8f44a5dff57562664cd45c0fcf0d5614ef571425a975fc8325,2021-05,Humberside Police,Humberside Police,-0.654438,53.598600,On or near Chatterton Crescent,E01013300,North Lincolnshire 007B,Public order,Unable to prosecute suspect,
7041dd682f53d9c15bb5626f889b6efbb7137bd38251960d2e4c88c993df5fb5,2021-05,Humberside Police,Humberside Police,-0.653839,53.595114,On or near Burke Street,E01013300,North Lincolnshire 007B,Public order,Unable to prosecute suspect,
80d5ecfbb05c492b4079bfd6538c8dbefa415644801030417bba3bf85c3c5c6f,2021-05,Humberside Police,Humberside Police,-0.651322,53.594888,On or near Grosvenor Street (South),E01013300,North Lincolnshire 007B,Public order,Unable to prosecute suspect,
2cf183295ac662a39bc5e8b10b81eca04bbffd5756fe54430422e6fd74a64f7f,2021-05,Humberside Police,Humberside Police,-0.653839,53.595114,On or near Burke Street,E01013300,North Lincolnshire 007B,Public order,Unable to prosecute suspect,
454c4087f7bf103abbaeee8340c23e2c46c4edbe08f33b2164dc74420f459995,2021-05,Humberside Police,Humberside Police,-0.652750,53.595605,On or near Mulgrave Street,E01013300,North Lincolnshire 007B,Public order,Unable to prosecute suspect,
df131ab71e4b5a411f4813441e1d5c3de31c95f9edd016f46bae16ac3234b3ba,2021-05,Humberside Police,Humberside Police,-0.653702,53.595130,On or near Sheffield Street,E01013300,North Lincolnshire 007B,Public order,Unable to prosecute suspect,
cffb42cf66666c57477cad581078a82c89c15f1ca062f92070eb9e4c476de0f5,2021-05,Humberside Police,Humberside Police,-0.652750,53.595605,On or near Mulgrave Street,E01013300,North Lincolnshire 007B,Vehicle crime,Unable to prosecute suspect,
fdcb5975b3b2de5d9107243fdc649f89fb08ee55d21ebc7bebfb002556824749,2021-05,Humberside Police,Humberside Police,-0.650126,53.594964,On or near George Street,E01013300,North Lincolnshire 007B,Vehicle crime,Investigation complete; no suspect identified,
746217be660ee80e16c46d4e4706cfd7ba9eb6f049f4bd8007ca20636e833c88,2021-05,Humberside Police,Humberside Police,-0.653702,53.595130,On or near Sheffield Street,E01013300,North Lincolnshire 007B,Violence and sexual offences,Local resolution,
1ec12aafeca394fc35f515a9c3153cb46d1e3d7008f82e412d296eb849a48b5e,2021-05,Humberside Police,Humberside Police,-0.651322,53.594888,On or near Grosvenor Street (South),E01013300,North Lincolnshire 007B,Violence and sexual offences,Unable to prosecute suspect,
4010c53527ccf5463febbc8dbca7ec7c1f14bdd67df52d39c1ae2fbfdbed90e8,2021-05,Humberside Police,Humberside Police,-0.650126,53.594964,On or near George Street,E01013300,North Lincolnshire 007B,Violence and sexual offences,Unable to prosecute suspect,
3f1209efe557c027392c806c12821e8dfe2dbd14ea487d08de28ff16b0ecc853,2021-05,Humberside Police,Humberside Police,-0.651322,53.594888,On or near Grosvenor Street (South),E01013300,North Lincolnshire 007B,Violence and sexual offences,Action to be taken by another organisation,
ffa28fce65b8effe695f3499a3857266c70696a1c827e4e11af31cf196659a74,2021-05,Humberside Police,Humberside Police,-0.651322,53.594888,On or near Grosvenor Street (South),E01013300,North Lincolnshire 007B,Violence and sexual offences,Unable to prosecute suspect,
254ea0c04f44fe6e2afdaa5c6d78951a79112ae4a746e6a153d005523321a05c,2021-05,Humberside Police,Humberside Police,-0.649831,53.595213,On or near Petrol Station,E01013300,North Lincolnshire 007B,Violence and sexual offences,Offender given a caution,
1821d5becd122ad50c5939b61f1ed133345e14d0b967369a34fa584150ca2574,2021-05,Humberside Police,Humberside Police,-0.649831,53.595213,On or near Petrol Station,E01013300,North Lincolnshire 007B,Violence and sexual offences,Local resolution,
203a235710e178c87ba7ff21ffa555657856e7e7ba5bcc797be3f5acb0ffdd2b,2021-05,Humberside Police,Humberside Police,-0.653601,53.598320,On or near Old Crosby,E01013300,North Lincolnshire 007B,Violence and sexual offences,Unable to prosecute suspect,
7f9e1670da646e9e407e7ae7808a5babec46b6e432181b4af77d0b8f6aed56a6,2021-05,Humberside Police,Humberside Police,-0.649831,53.595213,On or near Petrol Station,E01013300,North Lincolnshire 007B,Violence and sexual offences,Unable to prosecute suspect,
8602e794eea7ece998ca3ca7f2cce6bf57c5ea00319c46d30c677957b777f339,2021-05,Humberside Police,Humberside Police,-0.650126,53.594964,On or near George Street,E01013300,North Lincolnshire 007B,Violence and sexual offences,Investigation complete; no suspect identified,
976d1851e0b64a07172fa31548738bb79d68bd91c536021772a73b5b9bacecee,2021-05,Humberside Police,Humberside Police,-0.649831,53.595213,On or near Petrol Station,E01013300,North Lincolnshire 007B,Violence and sexual offences,Unable to prosecute suspect,
a3d3859a7ba939a93373d7ff5ae0326bbbf5728474655ff0e8e6bdd9af897961,2021-05,Humberside Police,Humberside Police,-0.653294,53.597517,On or near Diana Street,E01013300,North Lincolnshire 007B,Violence and sexual offences,Unable to prosecute suspect,
410d1c93a2c4b97a2bad844911e8438308e782c0435763290c54e40d7ff49d0e,2021-05,Humberside Police,Humberside Police,-0.649831,53.595213,On or near Petrol Station,E01013300,North Lincolnshire 007B,Violence and sexual offences,Local resolution,
c3685af018c8c966d0781a184255475ba4047e60c331987db2636be8e034563e,2021-05,Humberside Police,Humberside Police,-0.653601,53.598320,On or near Old Crosby,E01013300,North Lincolnshire 007B,Violence and sexual offences,Local resolution,
0fd431e6d6f3f4a1b6bb7b3d8e80f2eb5dac684710a15e6a7d1b3066ac8fab97,2021-05,Humberside Police,Humberside Police,-0.652187,53.597172,On or near Grosvenor Street North,E01013300,North Lincolnshire 007B,Violence and sexual offences,Unable to prosecute suspect,
b4974d185da4d4501cd8495336aa8ea3a36e6c7cbf0e1ffce9d8c730aa6cae70,2021-05,Humberside Police,Humberside Police,-0.654438,53.598600,On or near Chatterton Crescent,E01013300,North Lincolnshire 007B,Violence and sexual offences,Status update unavailable,
c1cff4a02b5fe4de805da87aae72e7eab7a6dfbd44013b726c7bd19c36166c32,2021-05,Humberside Police,Humberside Police,-0.653294,53.597517,On or near Diana Street,E01013300,North Lincolnshire 007B,Violence and sexual offences,Court result unavailable,
,2021-05,Humberside Police,Humberside Police,-0.674236,53.598524,On or near Parking Area,E01013302,North Lincolnshire 007C,Anti-social behaviour,,
,2021-05,Humberside Police,Humberside Police,-0.680825,53.599496,On or near Ferry Road West,E01013302,North Lincolnshire 007C,Anti-social behaviour,,
5de32adb6022edeb57491b30b274581248698b1f7049b1815859a7854565be66,2021-05,Humberside Police,Humberside Police,-0.671547,53.598018,On or near Hilltop Avenue,E01013302,North Lincolnshire 007C,Burglary,Investigation complete; no suspect identified,
7c7955d45867520101085d36f6ec6c6db05cdfd1896670cbd918d61b98e4ccbf,2021-05,Humberside Police,Humberside Police,-0.680032,53.598264,On or near Petrol Station,E01013302,North Lincolnshire 007C,Public order,Formal action is not in the public interest,
9c98498cd29e0aeb20764eca00b79592d55db5a71491afac666ee7ab2ea0a3d9,2021-05,Humberside Police,Humberside Police,-0.680825,53.599496,On or near Ferry Road West,E01013302,North Lincolnshire 007C,Vehicle crime,Investigation complete; no suspect identified,
3bfe2bdffabd3782d7c9842644535b423c2a2288377459113492c76b9808cd0b,2021-05,Humberside Police,Humberside Police,-0.680825,53.599496,On or near Ferry Road West,E01013302,North Lincolnshire 007C,Violence and sexual offences,Unable to prosecute suspect,
ded0d093440e6bbdea504dbbf474d34cb05de750746d3c5b37c354a615ff3048,2021-05,Humberside Police,Humberside Police,-0.675237,53.600351,On or near Chaffinch Close,E01013302,North Lincolnshire 007C,Violence and sexual offences,Unable to prosecute suspect,
063782007cef36646817eff6ed9c5be9812264375d03a31a5e61532b1fbbf2eb,2021-05,Humberside Police,Humberside Police,-0.677348,53.602424,On or near Avenue Clamart,E01013302,North Lincolnshire 007C,Violence and sexual offences,Unable to prosecute suspect,
9e24fc31515d37a11787a6feda9936c0a6b04610bedf87533110ef9721fce270,2021-05,Humberside Police,Humberside Police,-0.680032,53.598264,On or near Petrol Station,E01013302,North Lincolnshire 007C,Violence and sexual offences,Unable to prosecute suspect,
,2021-05,Humberside Police,Humberside Police,-0.641059,53.589342,On or near Tulip Road,E01013331,North Lincolnshire 007D,Anti-social behaviour,,
,2021-05,Humberside Police,Humberside Police,-0.645353,53.594452,On or near Parking Area,E01013331,North Lincolnshire 007D,Anti-social behaviour,,
,2021-05,Humberside Police,Humberside Police,-0.646886,53.593283,On or near Crosby Road,E01013331,North Lincolnshire 007D,Anti-social behaviour,,
,2021-05,Humberside Police,Humberside Police,-0.645772,53.589369,On or near Cole Street,E01013331,North Lincolnshire 007D,Anti-social behaviour,,
,2021-05,Humberside Police,Humberside Police,-0.646886,53.593283,On or near Crosby Road,E01013331,North Lincolnshire 007D,Anti-social behaviour,,
f107743ae5f6c5dd1c67d2400c59af065af638ef3e7cd1cfabf67d91b7958854,2021-05,Humberside Police,Humberside Police,-0.645353,53.594452,On or near Parking Area,E01013331,North Lincolnshire 007D,Burglary,Court result unavailable,
a0370f9d8a921a5b46ced5395599fc2a8d303941844d4e269addf76e9c6d44b3,2021-05,Humberside Police,Humberside Police,-0.649250,53.588339,On or near Corporation Road,E01013331,North Lincolnshire 007D,Burglary,Investigation complete; no suspect identified,
5764a0201e0eb77089d3810d265c4d2cc581c8ee9f398eafbc8debc2f2ac6868,2021-05,Humberside Police,Humberside Police,-0.645353,53.594452,On or near Parking Area,E01013331,North Lincolnshire 007D,Criminal damage and arson,Investigation complete; no suspect identified,
d3dab26dd513ceea1300855e0ab5e4cc3d8ec01c950ccc08bc7402a15f3c31ae,2021-05,Humberside Police,Humberside Police,-0.644268,53.589145,On or near Sports/Recreation Area,E01013331,North Lincolnshire 007D,Criminal damage and arson,Investigation complete; no suspect identified,
0da25ba4398978b4c10a30d5ac591911e41beb4abbb9fb04bfd389ba6af8bd5c,2021-05,Humberside Police,Humberside Police,-0.645011,53.592848,On or near Shopping Area,E01013331,North Lincolnshire 007D,Criminal damage and arson,Investigation complete; no suspect identified,
aa9d02ff1aeff90a2d6d8b086e21be027be6b3671fb76d80be45eddfb8c7c3ed,2021-05,Humberside Police,Humberside Police,-0.646886,53.593283,On or near Crosby Road,E01013331,North Lincolnshire 007D,Criminal damage and arson,Unable to prosecute suspect,
4d49e887343695d4d60fb92175ce9dd432ea4e6a5298897ca8b740aa3d80555a,2021-05,Humberside Police,Humberside Police,-0.643444,53.592246,On or near Shopping Area,E01013331,North Lincolnshire 007D,Other theft,Investigation complete; no suspect identified,
ffd1a08a93103e07281574ac656023eb70abcd5d8550414d54bc2002f117ce1c,2021-05,Humberside Police,Humberside Police,-0.646886,53.593283,On or near Crosby Road,E01013331,North Lincolnshire 007D,Other theft,Investigation complete; no suspect identified,
2dd71b1d67e89c6d3a23ea4619883bb7a49d31226a9928edb963d3fc54f788d6,2021-05,Humberside Police,Humberside Police,-0.647110,53.591470,On or near Shopping Area,E01013331,North Lincolnshire 007D,Other theft,Investigation complete; no suspect identified,
4ec394197a4edca890ce6772fc122427d172aff2bf73e80ae1223a0fdd0a0967,2021-05,Humberside Police,Humberside Police,-0.649250,53.588339,On or near Corporation Road,E01013331,North Lincolnshire 007D,Other theft,Investigation complete; no suspect identified,
8e59a2c969efdd6259ea63f73a76a08c7772568c4d64c8482f2a498364fad75f,2021-05,Humberside Police,Humberside Police,-0.642196,53.588744,On or near Lavender Way,E01013331,North Lincolnshire 007D,Other theft,Unable to prosecute suspect,
f1ca5df5d8093612c225f7f883280be907ebf0d6825e6e6fcbec9398f7d0f9f9,2021-05,Humberside Police,Humberside Police,-0.643234,53.590320,On or near Manley Street,E01013331,North Lincolnshire 007D,Other theft,Investigation complete; no suspect identified,
8b9b8fee7c2ac8d3b23bb49ed8db0174a8afecc2b1497fbb5ad90e24d1a1323c,2021-05,Humberside Police,Humberside Police,-0.646891,53.590775,On or near Shopping Area,E01013331,North Lincolnshire 007D,Possession of weapons,Unable to prosecute suspect,
785e660c4f1b75a606ff0000780314a2810c7e39e369ee8a473ce8e5ae93b60e,2021-05,Humberside Police,Humberside Police,-0.645011,53.592848,On or near Shopping Area,E01013331,North Lincolnshire 007D,Public order,Court result unavailable,
502fdc297cdf747dfe24f936a7cb9dae2ce4449d82d5c0f620eb093c70c790a7,2021-05,Humberside Police,Humberside Police,-0.645353,53.594452,On or near Parking Area,E01013331,North Lincolnshire 007D,Public order,Unable to prosecute suspect,
34b91234206667d9991c4cc37007174cabc43a68ca879e9e1aeecbd8f9e999f3,2021-05,Humberside Police,Humberside Police,-0.646886,53.593283,On or near Crosby Road,E01013331,North Lincolnshire 007D,Public order,Unable to prosecute suspect,
91233d1f53c04bee4fe9db50badf290c714ad0bb91f5c486917f715a2ac5a656,2021-05,Humberside Police,Humberside Police,-0.638924,53.591377,On or near High Street East,E01013331,North Lincolnshire 007D,Public order,Unable to prosecute suspect,
5411b6cbde491612175ca07f42be7d117e716c9ed6534a530beec181a789ea34,2021-05,Humberside Police,Humberside Police,-0.645353,53.594452,On or near Parking Area,E01013331,North Lincolnshire 007D,Shoplifting,Suspect charged as part of another case,
4df8bd922896e28a7d8f09fd76b9308b443d9624dd8e5c4045f301a3addc3911,2021-05,Humberside Police,Humberside Police,-0.645353,53.594452,On or near Parking Area,E01013331,North Lincolnshire 007D,Shoplifting,Investigation complete; no suspect identified,
a30e00b1e1c87c2a14c7e1b49294f94cfa710cff9346cc86ed0a759d8549455d,2021-05,Humberside Police,Humberside Police,-0.641059,53.589342,On or near Tulip Road,E01013331,North Lincolnshire 007D,Shoplifting,Court result unavailable,
614fa869e9a29317cb8d8a3c6a65014ccd81342464aa79e1236e54c6fff71c5a,2021-05,Humberside Police,Humberside Police,-0.641059,53.589342,On or near Tulip Road,E01013331,North Lincolnshire 007D,Shoplifting,Unable to prosecute suspect,
a332174f9f0d558f31e2d4300051a473c4ff7cf0c625cdf8b859b763851c69cc,2021-05,Humberside Police,Humberside Police,-0.646886,53.593283,On or near Crosby Road,E01013331,North Lincolnshire 007D,Vehicle crime,Investigation complete; no suspect identified,
07b713366f3e910776ba3ac9d96fa08e26684b5dbdcdadbe5ac8252ac72ac38c,2021-05,Humberside Police,Humberside Police,-0.646886,53.593283,On or near Crosby Road,E01013331,North Lincolnshire 007D,Vehicle crime,Investigation complete; no suspect identified,
050607a8e19b77176f3b0f257dee9a061cf1d6c3cbcb4b9ed91e0d03cbb4a4d4,2021-05,Humberside Police,Humberside Police,-0.647131,53.588908,On or near Thompson Street,E01013331,North Lincolnshire 007D,Violence and sexual offences,Unable to prosecute suspect,
0aa021d853a3c78f61da52e2275872f6230ace2329d3c98f3546e81643287d8e,2021-05,Humberside Police,Humberside Police,-0.644458,53.594091,On or near King Street,E01013331,North Lincolnshire 007D,Violence and sexual offences,Unable to prosecute suspect,
058275362a88b0441d8e38b226ed92b661cc53a65e6462adec46d07ee1830c4b,2021-05,Humberside Police,Humberside Police,-0.649250,53.588339,On or near Corporation Road,E01013331,North Lincolnshire 007D,Violence and sexual offences,Offender given penalty notice,
c4a2c466e3dce4dedb5b096a27e20b6bdc0622302861c9039597aed65f1fd91a,2021-05,Humberside Police,Humberside Police,-0.645353,53.594452,On or near Parking Area,E01013331,North Lincolnshire 007D,Violence and sexual offences,Further action is not in the public interest,
8c6e028a636d2f7f73457df439283e4cc21014fe4f5ae6a52e4bdc96a7567bf7,2021-05,Humberside Police,Humberside Police,-0.646891,53.590775,On or near Shopping Area,E01013331,North Lincolnshire 007D,Violence and sexual offences,Unable to prosecute suspect,
2b4f08af9a4f9282331151c099da96d8896233a15749ec951ba9f02169d35a44,2021-05,Humberside Police,Humberside Police,-0.645353,53.594452,On or near Parking Area,E01013331,North Lincolnshire 007D,Violence and sexual offences,Unable to prosecute suspect,
bc5e5061b1d760018aa1cd1a77277abd38da6e8e5c96a473e4ae4f8bfb508e52,2021-05,Humberside Police,Humberside Police,-0.645353,53.594452,On or near Parking Area,E01013331,North Lincolnshire 007D,Violence and sexual offences,Unable to prosecute suspect,
ef545d198af8814493af8b8768b367b2e468cfd241213d7fabbbe398a051f4f7,2021-05,Humberside Police,Humberside Police,-0.645353,53.594452,On or near Parking Area,E01013331,North Lincolnshire 007D,Violence and sexual offences,Unable to prosecute suspect,
7f76c4ae8033b35a8a939a9633d70d59f0e6b41511aed0e76a401df63b13fb18,2021-05,Humberside Police,Humberside Police,-0.645353,53.594452,On or near Parking Area,E01013331,North Lincolnshire 007D,Violence and sexual offences,Unable to prosecute suspect,
3f56a60d4a19aa3a9fcc8594d8e47aa93e17469d52ea0c5d40574f956a24066f,2021-05,Humberside Police,Humberside Police,-0.646886,53.593283,On or near Crosby Road,E01013331,North Lincolnshire 007D,Violence and sexual offences,Unable to prosecute suspect,
23dc002a9fbd65d0d8e9d2b91f531f1b105233be95a16f8daba70bcdb41d72fb,2021-05,Humberside Police,Humberside Police,-0.643444,53.592246,On or near Shopping Area,E01013331,North Lincolnshire 007D,Violence and sexual offences,Further action is not in the public interest,
37583e31ce38e5bfdf611f9c1db26f10b764a8b70900269920535b9937c04a88,2021-05,Humberside Police,Humberside Police,-0.645011,53.592848,On or near Shopping Area,E01013331,North Lincolnshire 007D,Violence and sexual offences,Unable to prosecute suspect,
de8eb9c3823568a746f787175631e5888c6c4af78cca53bd0e172e45e9ad6b3c,2021-05,Humberside Police,Humberside Police,-0.649250,53.588339,On or near Corporation Road,E01013331,North Lincolnshire 007D,Violence and sexual offences,Investigation complete; no suspect identified,
8224b3629493417db9075245d51c571d6eda528e7ae2c0a81db02eb1d4403488,2021-05,Humberside Police,Humberside Police,-0.647131,53.588908,On or near Thompson Street,E01013331,North Lincolnshire 007D,Other crime,Unable to prosecute suspect,
9e8f2a397f6b268c59ebaf40a4fec5a2bb13a1bff5febb180a49f88dd89073e1,2021-05,Humberside Police,Humberside Police,-0.649250,53.588339,On or near Corporation Road,E01013331,North Lincolnshire 007D,Other crime,Status update unavailable,
,2021-05,Humberside Police,Humberside Police,-0.655456,53.596049,On or near Frodingham Road,E01013296,North Lincolnshire 008A,Anti-social behaviour,,
,2021-05,Humberside Police,Humberside Police,-0.656384,53.594882,On or near Dale Street,E01013296,North Lincolnshire 008A,Anti-social behaviour,,
,2021-05,Humberside Police,Humberside Police,-0.657112,53.594809,On or near Sheffield Street (West),E01013296,North Lincolnshire 008A,Anti-social behaviour,,
,2021-05,Humberside Police,Humberside Police,-0.654353,53.596990,On or near Burke Street (North),E01013296,North Lincolnshire 008A,Anti-social behaviour,,
,2021-05,Humberside Police,Humberside Police,-0.655130,53.593942,On or near Shopping Area,E01013296,North Lincolnshire 008A,Anti-social behaviour,,
62cce2d2ca04f85a936764dc637914d10d5da9df9a85e37a97bc9c7231f56b28,2021-05,Humberside Police,Humberside Police,-0.656882,53.597764,On or near Detuyll Street,E01013296,North Lincolnshire 008A,Bicycle theft,Unable to prosecute suspect,
55d7a69c64a93594f540530b9c49fc104fd55877a34ae9775ab187d68107bd0f,2021-05,Humberside Police,Humberside Police,-0.655130,53.593942,On or near Shopping Area,E01013296,North Lincolnshire 008A,Burglary,Investigation complete; no suspect identified,
4b091218841d0a0668f084f71599b6e43878611f7bc55ad254f4aad45e395c7f,2021-05,Humberside Police,Humberside Police,-0.655130,53.593942,On or near Shopping Area,E01013296,North Lincolnshire 008A,Burglary,Investigation complete; no suspect identified,
c4a9f9fdce503038644bb1b6b6c48854401adddfea5963cdbb98baf1c0748d5e,2021-05,Humberside Police,Humberside Police,-0.656882,53.597764,On or near Detuyll Street,E01013296,North Lincolnshire 008A,Burglary,Investigation complete; no suspect identified,
e8ecd83d9d8e7df9fe446d54f178a0462a2e5b9bfd635ade81489929e6d34ea0,2021-05,Humberside Police,Humberside Police,-0.658169,53.597221,On or near Buckingham Street North,E01013296,North Lincolnshire 008A,Criminal damage and arson,Local resolution,
32aeb210fba4b5292b7620924f90b85b8f351b72b90854f621dde19aaa6d428a,2021-05,Humberside Police,Humberside Police,-0.654353,53.596990,On or near Burke Street (North),E01013296,North Lincolnshire 008A,Criminal damage and arson,Unable to prosecute suspect,
407f811a9dd0009b8aadfa136eedd14050e0791fc7e50548ccdcb027c3c240bb,2021-05,Humberside Police,Humberside Police,-0.656965,53.597055,On or near Dale Street North,E01013296,North Lincolnshire 008A,Criminal damage and arson,Investigation complete; no suspect identified,
4f69c2fd2d743adc579bd35056d4e595273ccdc665ca97c614e49d84d983fa8b,2021-05,Humberside Police,Humberside Police,-0.658169,53.597221,On or near Buckingham Street North,E01013296,North Lincolnshire 008A,Criminal damage and arson,Investigation complete; no suspect identified,
8193c7e9085f14df2e4b9f68505c6652730a02eb7be69d80faa96422d8ecff53,2021-05,Humberside Police,Humberside Police,-0.656965,53.597055,On or near Dale Street North,E01013296,North Lincolnshire 008A,Criminal damage and arson,Investigation complete; no suspect identified,
4d69aec8bf9c193c64fbfd9031d11e51980e07baef512ea14b55a0ce5f186be5,2021-05,Humberside Police,Humberside Police,-0.654353,53.596990,On or near Burke Street (North),E01013296,North Lincolnshire 008A,Criminal damage and arson,Investigation complete; no suspect identified,
6407a05c79a3e2686c7f0fec0ce33899ba691441282f7aa02c04f03120f4f185,2021-05,Humberside Police,Humberside Police,-0.655496,53.596220,On or near Digby Street,E01013296,North Lincolnshire 008A,Drugs,Offender given a drugs possession warning,
8804bb62d129b87109bebfae6702d97ea81653656f3d34ff393d7182ed006c17,2021-05,Humberside Police,Humberside Police,-0.657506,53.594778,On or near Buckingham Street South,E01013296,North Lincolnshire 008A,Other theft,Unable to prosecute suspect,
a15e4e53ac7a136258a24a59aad5505148270402bd269dce1619fda2141b26f8,2021-05,Humberside Police,Humberside Police,-0.655130,53.593942,On or near Shopping Area,E01013296,North Lincolnshire 008A,Other theft,Unable to prosecute suspect,
de483d238cbe6a46135f572a1d360108d9fdecb0fff118bf39e79a13e8085664,2021-05,Humberside Police,Humberside Police,-0.658169,53.597221,On or near Buckingham Street North,E01013296,North Lincolnshire 008A,Other theft,Unable to prosecute suspect,
695888c3d3fe8e482e01491ee414045b7b64cd2feae6e85883a935bd10038d11,2021-05,Humberside Police,Humberside Police,-0.655496,53.596220,On or near Digby Street,E01013296,North Lincolnshire 008A,Possession of weapons,Court result unavailable,
3e5cb3f60bcf327c4dd71705b4088d96e52117751e8b41c333383cbceb226023,2021-05,Humberside Police,Humberside Police,-0.658683,53.593398,On or near Berkeley Street,E01013296,North Lincolnshire 008A,Public order,Unable to prosecute suspect,
b5c174058f5f4fc81e154e91b0042016d13876cd2cd6a006f365232c9f87b231,2021-05,Humberside Police,Humberside Police,-0.659310,53.595553,On or near Spencer Avenue,E01013296,North Lincolnshire 008A,Public order,Unable to prosecute suspect,
a0bdc9b5e7c0af836a5846ea62e6f77ad0520fc92f02c4f4df44be12d5580221,2021-05,Humberside Police,Humberside Police,-0.654353,53.596990,On or near Burke Street (North),E01013296,North Lincolnshire 008A,Robbery,Unable to prosecute suspect,
7c13e21b3c95079729863f0585d3a4d7dbbf6cde048793b06fea7b374b3b840b,2021-05,Humberside Police,Humberside Police,-0.656384,53.594882,On or near Dale Street,E01013296,North Lincolnshire 008A,Robbery,Unable to prosecute suspect,
3a9804ad852dbec036ce7223b56f42eb7a470407293ed16b51bc465149f466b6,2021-05,Humberside Police,Humberside Police,-0.657112,53.594809,On or near Sheffield Street (West),E01013296,North Lincolnshire 008A,Vehicle crime,Investigation complete; no suspect identified,
e1c09bf5423438a2c3d6e3543138e3a26ead46c95139c8314670d0c8f74abc22,2021-05,Humberside Police,Humberside Police,-0.655130,53.593942,On or near Shopping Area,E01013296,North Lincolnshire 008A,Violence and sexual offences,Unable to prosecute suspect,
8752aca8beffeeccc02480f52123df819687e9891716b223cac24ee70991b1e5,2021-05,Humberside Police,Humberside Police,-0.655130,53.593942,On or near Shopping Area,E01013296,North Lincolnshire 008A,Violence and sexual offences,Unable to prosecute suspect,
31d42c8b7ab44fd6d9d43dc00a892e96d69f28d7e1aa927d8a4e366083a67778,2021-05,Humberside Police,Humberside Police,-0.654353,53.596990,On or near Burke Street (North),E01013296,North Lincolnshire 008A,Violence and sexual offences,Investigation complete; no suspect identified,
e24b8d613f3271f4f3367f9bae93d2d9978a670437b8a446b2716ca9f4ef4223,2021-05,Humberside Police,Humberside Police,-0.659310,53.595553,On or near Spencer Avenue,E01013296,North Lincolnshire 008A,Violence and sexual offences,Status update unavailable,
25cc6d8ee91ecdc63558f9a3fe37243159cf49a078375c2ed6a9aee89c8f187d,2021-05,Humberside Police,Humberside Police,-0.659310,53.595553,On or near Spencer Avenue,E01013296,North Lincolnshire 008A,Violence and sexual offences,Unable to prosecute suspect,
f3ebf72d6dd4ad321e401b5bfde598679723c85972f95fa2c12f8b690e8a625a,2021-05,Humberside Police,Humberside Police,-0.657506,53.594778,On or near Buckingham Street South,E01013296,North Lincolnshire 008A,Violence and sexual offences,Unable to prosecute suspect,
7a1d3b2d0be40c2fb0fe44b52f83ed4d46e45d21ee13ba9e81cb9119118aaef6,2021-05,Humberside Police,Humberside Police,-0.655130,53.593942,On or near Shopping Area,E01013296,North Lincolnshire 008A,Violence and sexual offences,Unable to prosecute suspect,
923ee14cabc8cd3f2d797cc9c213f79f248453462bdd09bd0342bb659445642e,2021-05,Humberside Police,Humberside Police,-0.655130,53.593942,On or near Shopping Area,E01013296,North Lincolnshire 008A,Violence and sexual offences,Unable to prosecute suspect,
259360553cbb185d8672a401e6debd201cb07c40f924a841b3b5c951b6f9926a,2021-05,Humberside Police,Humberside Police,-0.656384,53.594882,On or near Dale Street,E01013296,North Lincolnshire 008A,Violence and sexual offences,Unable to prosecute suspect,
3fb87028a6944873366bbb1dc0090a1d6a3a3f5c3101542a20b1194701ac90c6,2021-05,Humberside Police,Humberside Police,-0.656384,53.594882,On or near Dale Street,E01013296,North Lincolnshire 008A,Violence and sexual offences,Unable to prosecute suspect,
14556a8f270c5c138e742df936416f71dc044680bb277b57eb1514b57fb6bbc8,2021-05,Humberside Police,Humberside Police,-0.659310,53.595553,On or near Spencer Avenue,E01013296,North Lincolnshire 008A,Violence and sexual offences,Unable to prosecute suspect,
b02e151a4ed38df6723bbbaeb04a01e8eb5ff5441b7e4b49e876dcf17c317fc6,2021-05,Humberside Police,Humberside Police,-0.656965,53.597055,On or near Dale Street North,E01013296,North Lincolnshire 008A,Violence and sexual offences,Status update unavailable,
2ec42bdc957785814a89816273710ac908b98f49115431cc374a7d897281d3b3,2021-05,Humberside Police,Humberside Police,-0.658683,53.593398,On or near Berkeley Street,E01013296,North Lincolnshire 008A,Other crime,Status update unavailable,
,2021-05,Humberside Police,Humberside Police,-0.666185,53.596016,On or near Barnes Crescent,E01013298,North Lincolnshire 008B,Anti-social behaviour,,
,2021-05,Humberside Police,Humberside Police,-0.662388,53.591848,On or near Donnington Gardens,E01013298,North Lincolnshire 008B,Anti-social behaviour,,
,2021-05,Humberside Police,Humberside Police,-0.666185,53.596016,On or near Barnes Crescent,E01013298,North Lincolnshire 008B,Anti-social behaviour,,
,2021-05,Humberside Police,Humberside Police,-0.666185,53.596016,On or near Barnes Crescent,E01013298,North Lincolnshire 008B,Anti-social behaviour,,
,2021-05,Humberside Police,Humberside Police,-0.663139,53.594382,On or near Henderson Crescent,E01013298,North Lincolnshire 008B,Anti-social behaviour,,
,2021-05,Humberside Police,Humberside Police,-0.664523,53.595530,On or near Robinson Close,E01013298,North Lincolnshire 008B,Anti-social behaviour,,
,2021-05,Humberside Police,Humberside Police,-0.663139,53.594382,On or near Henderson Crescent,E01013298,North Lincolnshire 008B,Anti-social behaviour,,
,2021-05,Humberside Police,Humberside Police,-0.659034,53.597563,On or near Detuyll Street West,E01013298,North Lincolnshire 008B,Anti-social behaviour,,
,2021-05,Humberside Police,Humberside Police,-0.664523,53.595530,On or near Robinson Close,E01013298,North Lincolnshire 008B,Anti-social behaviour,,
,2021-05,Humberside Police,Humberside Police,-0.661788,53.593630,On or near Henderson Avenue,E01013298,North Lincolnshire 008B,Anti-social behaviour,,
6eca0b83f3ae5373c18ca8932f119adde2695029782fe182892bee3d314213a8,2021-05,Humberside Police,Humberside Police,-0.666185,53.596016,On or near Barnes Crescent,E01013298,North Lincolnshire 008B,Bicycle theft,Investigation complete; no suspect identified,
dbb0309b6f157e61a9c369483cfda352c819e7c882e318c5a83042467d1a3f6e,2021-05,Humberside Police,Humberside Police,-0.664523,53.595530,On or near Robinson Close,E01013298,North Lincolnshire 008B,Burglary,Investigation complete; no suspect identified,
2870b8a9414cbb69013beeb8d09a45830541d4a532bf4aa2c8d2d8ed81fe4950,2021-05,Humberside Police,Humberside Police,-0.664523,53.595530,On or near Robinson Close,E01013298,North Lincolnshire 008B,Criminal damage and arson,Investigation complete; no suspect identified,
3fd73e3debddc0298933087b0c10d890a17694bdde582958d482e1e8af2c86e9,2021-05,Humberside Police,Humberside Police,-0.662388,53.591848,On or near Donnington Gardens,E01013298,North Lincolnshire 008B,Criminal damage and arson,Investigation complete; no suspect identified,
497cb06125a75a0f4edf3126106fbe8bf795b8837b9838fc8bc62f54caf958c4,2021-05,Humberside Police,Humberside Police,-0.661270,53.596159,On or near Theodore Gardens,E01013298,North Lincolnshire 008B,Drugs,Offender given a caution,
60a79dd6106fad751048f487f52f88f68469824277e9761a0d3586cfcb69759a,2021-05,Humberside Police,Humberside Police,-0.659963,53.592109,On or near Supermarket,E01013298,North Lincolnshire 008B,Other theft,Investigation complete; no suspect identified,
f391a005dbf92f63e2be3827727ffd391715cce446bc4e849563a0dbc3096d51,2021-05,Humberside Police,Humberside Police,-0.663139,53.594382,On or near Henderson Crescent,E01013298,North Lincolnshire 008B,Other theft,Investigation complete; no suspect identified,
4edde6ce17c887d253faf520c3097589e24c18128b2771a919465decde22c06b,2021-05,Humberside Police,Humberside Police,-0.659963,53.592109,On or near Supermarket,E01013298,North Lincolnshire 008B,Other theft,Unable to prosecute suspect,
091b77c9435b0fcbc110b6359ca8a729451f76b459a88ee119f71cfe2570ad7e,2021-05,Humberside Police,Humberside Police,-0.659963,53.592109,On or near Supermarket,E01013298,North Lincolnshire 008B,Other theft,Unable to prosecute suspect,
bb2eeb4a91a35599faafc127a5c402d8a836d14de729ff88d4a53dd1c419a547,2021-05,Humberside Police,Humberside Police,-0.659230,53.590923,On or near Petrol Station,E01013298,North Lincolnshire 008B,Public order,Unable to prosecute suspect,
04a4298355a3c393ac655cff406a703c57a5bcd18578ea1147f49d73cf934d91,2021-05,Humberside Police,Humberside Police,-0.664230,53.595734,On or near Robinson Close,E01013298,North Lincolnshire 008B,Public order,Investigation complete; no suspect identified,
993f38ae1a0f73109a24e8d92674752d80703d63320365e8da53dd0b56713d2a,2021-05,Humberside Police,Humberside Police,-0.659963,53.592109,On or near Supermarket,E01013298,North Lincolnshire 008B,Public order,Unable to prosecute suspect,
d076dcb9b2f125038f8d70144d90ad8f7067a76bdaf08fc18c913ee496810a82,2021-05,Humberside Police,Humberside Police,-0.659963,53.592109,On or near Supermarket,E01013298,North Lincolnshire 008B,Public order,Unable to prosecute suspect,
85242f9ea288998515b7ace369705859c43f8cfd61ea11a13bd371e66325db3e,2021-05,Humberside Police,Humberside Police,-0.662388,53.591848,On or near Donnington Gardens,E01013298,North Lincolnshire 008B,Public order,Unable to prosecute suspect,
1974701d143c9d58376210af29197f029893d09ed8ef387ed34ac460dc7800d7,2021-05,Humberside Police,Humberside Police,-0.659963,53.592109,On or near Supermarket,E01013298,North Lincolnshire 008B,Shoplifting,Local resolution,
fafee18ff6cce2219a8a9086043a208e6b105354bf218dae8868a191c4ccfe9b,2021-05,Humberside Police,Humberside Police,-0.659963,53.592109,On or near Supermarket,E01013298,North Lincolnshire 008B,Shoplifting,Offender given a caution,
927bd40ddae71643f24589b60bf6b6e722fad53ed40ce581adee718a8defccaa,2021-05,Humberside Police,Humberside Police,-0.659963,53.592109,On or near Supermarket,E01013298,North Lincolnshire 008B,Theft from the person,Unable to prosecute suspect,
01fc66b529ac5290a0f089bc2d93f37e059f6d2ec2a6726226c01aaca6418b71,2021-05,Humberside Police,Humberside Police,-0.664391,53.593506,On or near Davy Avenue,E01013298,North Lincolnshire 008B,Vehicle crime,Court result unavailable,
acba8d8bfd3649902030587e160a6500b2e64b433ac2bffe5d4691246c18ae24,2021-05,Humberside Police,Humberside Police,-0.666185,53.596016,On or near Barnes Crescent,E01013298,North Lincolnshire 008B,Violence and sexual offences,Unable to prosecute suspect,
cb0fb9c923d9fc21e7a1a4d344bc858358ea2e9da4acbcfa6e92c45fc8b7c9ae,2021-05,Humberside Police,Humberside Police,-0.664675,53.595991,On or near Theodore Road,E01013298,North Lincolnshire 008B,Violence and sexual offences,Local resolution,
4c6fc3e37d597c7973c7bf51f9e93fd36320794af4e6ea943fdc2813e1295a6a,2021-05,Humberside Police,Humberside Police,-0.659963,53.592109,On or near Supermarket,E01013298,North Lincolnshire 008B,Violence and sexual offences,Unable to prosecute suspect,
e416e2e498b74cb85ea33e87f1cf37b5022540499094aadaeda88a89917ab1a6,2021-05,Humberside Police,Humberside Police,-0.663123,53.593456,On or near Edwards Road,E01013298,North Lincolnshire 008B,Violence and sexual offences,Unable to prosecute suspect,
4166f145908eb6dfa73920d6556e36804c193625865283c5e0564103fb540b70,2021-05,Humberside Police,Humberside Police,-0.663123,53.593456,On or near Edwards Road,E01013298,North Lincolnshire 008B,Violence and sexual offences,Offender given a caution,
5c603baeb185f1a011e2f7e2042726a6f4d5bf1c7b6c8e53e6fbc49cc0ce78b1,2021-05,Humberside Police,Humberside Police,-0.662388,53.591848,On or near Donnington Gardens,E01013298,North Lincolnshire 008B,Violence and sexual offences,Unable to prosecute suspect,
e8236215583521316934925c74eea71fb121afc9927cd09b1b5ab63e96987801,2021-05,Humberside Police,Humberside Police,-0.664230,53.595734,On or near Robinson Close,E01013298,North Lincolnshire 008B,Violence and sexual offences,Unable to prosecute suspect,
dc7307e68612fe62d0b452e9c8eac62edbe83135292c5fcf152fc39162270b40,2021-05,Humberside Police,Humberside Police,-0.659963,53.592109,On or near Supermarket,E01013298,North Lincolnshire 008B,Violence and sexual offences,Unable to prosecute suspect,
c163b7072a919fbd5ea1fad5415249116b46b114cf2f91e6918999cd72ba30dc,2021-05,Humberside Police,Humberside Police,-0.663123,53.593456,On or near Edwards Road,E01013298,North Lincolnshire 008B,Violence and sexual offences,Unable to prosecute suspect,
abf1ea44bb230aa723d58955a0418cd4e390b23f60e81e1d0159735d0bfc4cf9,2021-05,Humberside Police,Humberside Police,-0.659230,53.590923,On or near Petrol Station,E01013298,North Lincolnshire 008B,Violence and sexual offences,Unable to prosecute suspect,
5ffac9c0f87071b8cdaf1134c3dc85441038be99f565c66665dcd9d4d7703cd9,2021-05,Humberside Police,Humberside Police,-0.664391,53.593506,On or near Davy Avenue,E01013298,North Lincolnshire 008B,Violence and sexual offences,Court result unavailable,
4ede95d5803ce5c818cf19fc0f300e68611dfc2b82a8990409f5f5ecd2e76a2b,2021-05,Humberside Police,Humberside Police,-0.661270,53.596159,On or near Theodore Gardens,E01013298,North Lincolnshire 008B,Violence and sexual offences,Unable to prosecute suspect,
ac6dc18e220a5ed21fd9c8b40697365382926cc1c5d4fcb7497a0b08020d88f9,2021-05,Humberside Police,Humberside Police,-0.662388,53.591848,On or near Donnington Gardens,E01013298,North Lincolnshire 008B,Violence and sexual offences,Unable to prosecute suspect,
8c2ba41c291007287ee2fcb525333a479bc2b43b09813ebb2c177989ef83940b,2021-05,Humberside Police,Humberside Police,-0.663123,53.593456,On or near Edwards Road,E01013298,North Lincolnshire 008B,Violence and sexual offences,Offender given a caution,
eefd2b3b09d7beb62faeea76d8194593b74e1496c2fe7006ff5c629a596f949c,2021-05,Humberside Police,Humberside Police,-0.663269,53.593620,On or near Boughton Avenue,E01013298,North Lincolnshire 008B,Violence and sexual offences,Unable to prosecute suspect,
3ba8a3d9c1100c8afe4cadaf980a16cb39e170c767d1a06a4a8874ef0f52a1b4,2021-05,Humberside Police,Humberside Police,-0.663139,53.594382,On or near Henderson Crescent,E01013298,North Lincolnshire 008B,Violence and sexual offences,Unable to prosecute suspect,
,2021-05,Humberside Police,Humberside Police,-0.667786,53.596547,On or near Lockwood Court,E01013299,North Lincolnshire 008C,Anti-social behaviour,,
,2021-05,Humberside Police,Humberside Police,-0.666833,53.594163,On or near Tomlinson Avenue,E01013299,North Lincolnshire 008C,Anti-social behaviour,,
,2021-05,Humberside Police,Humberside Police,-0.666833,53.594163,On or near Tomlinson Avenue,E01013299,North Lincolnshire 008C,Anti-social behaviour,,
,2021-05,Humberside Police,Humberside Police,-0.670095,53.595170,On or near Newborn Avenue,E01013299,North Lincolnshire 008C,Anti-social behaviour,,
ab81051aec29ba2194a57ee6770579b554cba8f2d82e7a08dc72c2ded8df9c98,2021-05,Humberside Police,Humberside Police,-0.664760,53.596648,On or near Mallalieu Court,E01013299,North Lincolnshire 008C,Burglary,Investigation complete; no suspect identified,
7d39bd51b9d5e65633b9e75e89aa903a2d4e58fa6d7604518808f318e0f28df3,2021-05,Humberside Police,Humberside Police,-0.669715,53.593323,On or near Dowse Avenue,E01013299,North Lincolnshire 008C,Burglary,Investigation complete; no suspect identified,
927573bb8aa3c234248bfddcf5acdd532176f07978bab865eaaa6b174e2e6e1d,2021-05,Humberside Police,Humberside Police,-0.667638,53.593066,On or near Holland Avenue,E01013299,North Lincolnshire 008C,Burglary,Investigation complete; no suspect identified,
e3471954f504c4f53f89d07c0e8ef959189f7171b73a05d0a5821cac14feeb07,2021-05,Humberside Police,Humberside Police,-0.668525,53.593696,On or near Avenue Vivian,E01013299,North Lincolnshire 008C,Burglary,Investigation complete; no suspect identified,
c28ce7b5ba28bc42b0d9321b0358153492a22f33297c915e8292b465c3cb4db0,2021-05,Humberside Police,Humberside Police,-0.670095,53.595170,On or near Newborn Avenue,E01013299,North Lincolnshire 008C,Criminal damage and arson,Local resolution,
3b4c9343a15a358e45685c134a9b4c5c127ac06e3dde8ab969b6c96e1e57449c,2021-05,Humberside Police,Humberside Police,-0.665582,53.593601,On or near Ashdown Avenue,E01013299,North Lincolnshire 008C,Criminal damage and arson,Investigation complete; no suspect identified,
9b1f3170f7ec85b53c4bc5f2c612c2e852708662cc534033b20ad1e6fe3b580a,2021-05,Humberside Police,Humberside Police,-0.665582,53.593601,On or near Ashdown Avenue,E01013299,North Lincolnshire 008C,Criminal damage and arson,Investigation complete; no suspect identified,
7d6c32a1e924ec959d7c190f34f812d4886fda96cf9057c505ebedc24a435909,2021-05,Humberside Police,Humberside Police,-0.665839,53.594547,On or near Ashdown Avenue,E01013299,North Lincolnshire 008C,Criminal damage and arson,Investigation complete; no suspect identified,
20ab54c3e8488307e2a637b9b8766e2d91691b14566edfc8b87e84dbd4bbaed5,2021-05,Humberside Police,Humberside Police,-0.663184,53.597286,On or near Henderson Avenue,E01013299,North Lincolnshire 008C,Other theft,Investigation complete; no suspect identified,
025106d9ab942bbcb3ed7ca12a88a2c408d1bdc40c6cc455d3b4f1c37b496d56,2021-05,Humberside Police,Humberside Police,-0.668525,53.593696,On or near Avenue Vivian,E01013299,North Lincolnshire 008C,Public order,Unable to prosecute suspect,
7787bb93959882586e5fc3464299b17c5ab351af4d5c712e64d161158c44b21a,2021-05,Humberside Police,Humberside Police,-0.668525,53.593696,On or near Avenue Vivian,E01013299,North Lincolnshire 008C,Public order,Unable to prosecute suspect,
ffa6fb1ce1fd7763f58e9d6ce84baa9f562bf53660c35a024eed0a9a820a81c2,2021-05,Humberside Police,Humberside Police,-0.667786,53.596547,On or near Lockwood Court,E01013299,North Lincolnshire 008C,Public order,Investigation complete; no suspect identified,
0c6c8e0ea91767e6bac9d459765e596ef99df73e7d773359aaaea575258d94cf,2021-05,Humberside Police,Humberside Police,-0.667525,53.594728,On or near Mary Sumner Way,E01013299,North Lincolnshire 008C,Robbery,Local resolution,
91360bc91f8c3f289ac1b0536c6347fdb76fd3bf2b3a3ab3ec18c300e335b355,2021-05,Humberside Police,Humberside Police,-0.664760,53.596648,On or near Mallalieu Court,E01013299,North Lincolnshire 008C,Vehicle crime,Investigation complete; no suspect identified,
f6ae95d41d97fed7d1c5d4c1c54b432bef4cbc395dd89cb800c2ccc5b15f741c,2021-05,Humberside Police,Humberside Police,-0.668525,53.593696,On or near Avenue Vivian,E01013299,North Lincolnshire 008C,Violence and sexual offences,Unable to prosecute suspect,
0d497c3884a9ce79c26e4552801eac84eca2723574cca1e4abbbb39277735e96,2021-05,Humberside Police,Humberside Police,-0.667638,53.593066,On or near Holland Avenue,E01013299,North Lincolnshire 008C,Violence and sexual offences,Unable to prosecute suspect,
678144c47063c227eb1a1d87eb99d936274966227196252c59fe7633464fa3bc,2021-05,Humberside Police,Humberside Police,-0.670095,53.595170,On or near Newborn Avenue,E01013299,North Lincolnshire 008C,Violence and sexual offences,Unable to prosecute suspect,
7eff67e2790ed9db5ff65e8b924affd062f167d8a2285cc080d6e870ad2d91ac,2021-05,Humberside Police,Humberside Police,-0.665582,53.593601,On or near Ashdown Avenue,E01013299,North Lincolnshire 008C,Violence and sexual offences,Investigation complete; no suspect identified,
b357c30238654298a06c240df3097eb68e8ff120b77233e87eef037232ff7295,2021-05,Humberside Police,Humberside Police,-0.665839,53.594547,On or near Ashdown Avenue,E01013299,North Lincolnshire 008C,Violence and sexual offences,Investigation complete; no suspect identified,
2f04738bd9719fa815b33c29920e1f15aed4099049d010f15eb4d2d3dc3606eb,2021-05,Humberside Police,Humberside Police,-0.665582,53.593601,On or near Ashdown Avenue,E01013299,North Lincolnshire 008C,Violence and sexual offences,Investigation complete; no suspect identified,
a2bd1bfe767385f627009f7632ec32c8a19f8a8f5a80772cf3d197ed2ce2001f,2021-05,Humberside Police,Humberside Police,-0.669715,53.593323,On or near Dowse Avenue,E01013299,North Lincolnshire 008C,Violence and sexual offences,Unable to prosecute suspect,
4c25880e1191ac6dc0b8d6b4cca889ce992ae084155ae0826fb0daa2261d3a2f,2021-05,Humberside Police,Humberside Police,-0.667638,53.593066,On or near Holland Avenue,E01013299,North Lincolnshire 008C,Violence and sexual offences,Unable to prosecute suspect,
52800daed55456031ad6efc329b9212022e68b94cbe1a5b15b89b4961d6c224b,2021-05,Humberside Police,Humberside Police,-0.667525,53.594728,On or near Mary Sumner Way,E01013299,North Lincolnshire 008C,Violence and sexual offences,Local resolution,
c820bd36464a9c41eabb1506c5f575917945fb644514b6f268ed592fded58ab4,2021-05,Humberside Police,Humberside Police,-0.670439,53.593852,On or near Farthing Avenue,E01013299,North Lincolnshire 008C,Violence and sexual offences,Action to be taken by another organisation,
,2021-05,Humberside Police,Humberside Police,-0.650364,53.591282,On or near High Street,E01013330,North Lincolnshire 008D,Anti-social behaviour,,
,2021-05,Humberside Police,Humberside Police,-0.652873,53.591283,On or near Clarke Street,E01013330,North Lincolnshire 008D,Anti-social behaviour,,
,2021-05,Humberside Police,Humberside Police,-0.649394,53.592331,On or near Parking Area,E01013330,North Lincolnshire 008D,Anti-social behaviour,,
,2021-05,Humberside Police,Humberside Police,-0.653615,53.590734,On or near Nightclub,E01013330,North Lincolnshire 008D,Anti-social behaviour,,
,2021-05,Humberside Police,Humberside Police,-0.653326,53.592699,On or near Porter Street,E01013330,North Lincolnshire 008D,Anti-social behaviour,,
,2021-05,Humberside Police,Humberside Police,-0.653615,53.590734,On or near Nightclub,E01013330,North Lincolnshire 008D,Anti-social behaviour,,
,2021-05,Humberside Police,Humberside Police,-0.653615,53.590734,On or near Nightclub,E01013330,North Lincolnshire 008D,Anti-social behaviour,,
,2021-05,Humberside Police,Humberside Police,-0.653747,53.593234,On or near Percival Street,E01013330,North Lincolnshire 008D,Anti-social behaviour,,
,2021-05,Humberside Police,Humberside Police,-0.654486,53.592335,On or near Frodingham Road,E01013330,North Lincolnshire 008D,Anti-social behaviour,,
,2021-05,Humberside Police,Humberside Police,-0.652752,53.589834,On or near Dunstall Street,E01013330,North Lincolnshire 008D,Anti-social behaviour,,
,2021-05,Humberside Police,Humberside Police,-0.655125,53.591227,On or near Supermarket,E01013330,North Lincolnshire 008D,Anti-social behaviour,,
,2021-05,Humberside Police,Humberside Police,-0.653615,53.590734,On or near Nightclub,E01013330,North Lincolnshire 008D,Anti-social behaviour,,
,2021-05,Humberside Police,Humberside Police,-0.653747,53.593234,On or near Percival Street,E01013330,North Lincolnshire 008D,Anti-social behaviour,,
646133e920cfbef91e6d52e3003254ec37f840d5ad04b0c5094fc20fc1566dc6,2021-05,Humberside Police,Humberside Police,-0.653652,53.593862,On or near Berkeley Street,E01013330,North Lincolnshire 008D,Burglary,Investigation complete; no suspect identified,
f67e3b02903adc2401e8776c00eb0e066556557e30c82d36e7ad888f1b9117c4,2021-05,Humberside Police,Humberside Police,-0.653971,53.589533,On or near Oswald Road,E01013330,North Lincolnshire 008D,Burglary,Unable to prosecute suspect,
c5b1fc5505ec976c4115f4fdddc7f557e4ae01db0a7d1361eae4433316409efa,2021-05,Humberside Police,Humberside Police,-0.651681,53.591701,On or near Allanby Street,E01013330,North Lincolnshire 008D,Criminal damage and arson,Court result unavailable,
d6ec788ef4516c42e6f1362ef9a41cd9f03303ea967279f5e180103b5bc9b051,2021-05,Humberside Police,Humberside Police,-0.647004,53.592439,On or near Chapel Street,E01013330,North Lincolnshire 008D,Criminal damage and arson,Investigation complete; no suspect identified,
c05033d5fb8a47926caf86e0f8d9601a4bcb935c70b39f0e4aaf2a5f891fd459,2021-05,Humberside Police,Humberside Police,-0.654486,53.592335,On or near Frodingham Road,E01013330,North Lincolnshire 008D,Criminal damage and arson,Investigation complete; no suspect identified,
2084f9ca9590e18baae4ffa2f5247728ab369a303e0ccdc735987a49ba441591,2021-05,Humberside Police,Humberside Police,-0.652873,53.591283,On or near Clarke Street,E01013330,North Lincolnshire 008D,Criminal damage and arson,Unable to prosecute suspect,
ae43fcd5a1117bc04d94254fb2e079ce8dccbb9c5dd307f5d96bdb1dbd782c54,2021-05,Humberside Police,Humberside Police,-0.651681,53.591701,On or near Allanby Street,E01013330,North Lincolnshire 008D,Criminal damage and arson,Local resolution,
307c2e105800a2e999da3e57edaa6f7e6cc0cb428419cb649df4f5f488900410,2021-05,Humberside Police,Humberside Police,-0.651681,53.591701,On or near Allanby Street,E01013330,North Lincolnshire 008D,Criminal damage and arson,Investigation complete; no suspect identified,
ee528ce145650c8c201893754e8cb18bf7eed5320e7c8d45763eed7911718e49,2021-05,Humberside Police,Humberside Police,-0.658183,53.585814,On or near Norwood Avenue,E01013330,North Lincolnshire 008D,Criminal damage and arson,Unable to prosecute suspect,
6f87c813756f6ce43249220b011e89b7686fc027922c35885a1422d8199b9022,2021-05,Humberside Police,Humberside Police,-0.650362,53.589466,On or near Shelford Street,E01013330,North Lincolnshire 008D,Criminal damage and arson,Investigation complete; no suspect identified,
bec6464c67771f1bb05a8250feaff6224c0b92afd5419501ba84683dbec9bd25,2021-05,Humberside Police,Humberside Police,-0.653652,53.593862,On or near Berkeley Street,E01013330,North Lincolnshire 008D,Criminal damage and arson,Unable to prosecute suspect,
8ea541e48a0dcfa85e19caa7d0aea1513a9a9ca1f1c13bd113e3d61a8235852a,2021-05,Humberside Police,Humberside Police,-0.653747,53.593234,On or near Percival Street,E01013330,North Lincolnshire 008D,Drugs,Court result unavailable,
c005e5ac344294257d3bdff9827b25af6ca096a7d86c45c8f7f9c9fd1e2ceeab,2021-05,Humberside Police,Humberside Police,-0.653652,53.593862,On or near Berkeley Street,E01013330,North Lincolnshire 008D,Drugs,Offender given a drugs possession warning,
828c0c9a31c6d671a098350c0729842abc6f2b9cd3344ae5b50b5dd0f60c6215,2021-05,Humberside Police,Humberside Police,-0.649811,53.591581,On or near Supermarket,E01013330,North Lincolnshire 008D,Other theft,Investigation complete; no suspect identified,
9beb3ed9648da253293bc0c869e7a2e1f3071d34ba4715c10b87a0a011b38a54,2021-05,Humberside Police,Humberside Police,-0.653747,53.593234,On or near Percival Street,E01013330,North Lincolnshire 008D,Other theft,Investigation complete; no suspect identified,
2bfeca0391e30356b6b7b278415f2a667de593a6ebab252c787d6cbed7f538e1,2021-05,Humberside Police,Humberside Police,-0.647389,53.591257,On or near Belgrave Square,E01013330,North Lincolnshire 008D,Other theft,Investigation complete; no suspect identified,
65b7139a7601b53fd832b3b565f54645305cd3f696343f2fe54f4c0df75e90cb,2021-05,Humberside Police,Humberside Police,-0.652851,53.588640,On or near Parking Area,E01013330,North Lincolnshire 008D,Other theft,Unable to prosecute suspect,
6a116066ef48c8e52435a7a3289555c14e7ddaaa7a152eaf0bd1442be55a433b,2021-05,Humberside Police,Humberside Police,-0.655475,53.585937,On or near Bell Lane,E01013330,North Lincolnshire 008D,Other theft,Investigation complete; no suspect identified,
6ae49b3aa6451003fc3707e41275e524f9b80ad81d5b04c6c2eede17011ca8df,2021-05,Humberside Police,Humberside Police,-0.650203,53.590192,On or near Mary Street,E01013330,North Lincolnshire 008D,Public order,Formal action is not in the public interest,
375107e56ed12082f46e5c44d7f97b356068482ac8016dc24b61f3b6df8bc651,2021-05,Humberside Police,Humberside Police,-0.644378,53.590917,On or near Bus/Coach Station,E01013330,North Lincolnshire 008D,Public order,Unable to prosecute suspect,
f0dfd799c50fbca146f1a0764a2d9d367bd8fe5e39d85e6b847c161e29ddc820,2021-05,Humberside Police,Humberside Police,-0.654486,53.592335,On or near Frodingham Road,E01013330,North Lincolnshire 008D,Public order,Unable to prosecute suspect,
3e30425ddcd2a182f79ccc88a31343818de09eeb23aec5ed650dd84359ab2621,2021-05,Humberside Police,Humberside Police,-0.650362,53.589466,On or near Shelford Street,E01013330,North Lincolnshire 008D,Public order,Formal action is not in the public interest,
85ec572e29f21d3642ad159e92a21f91cd3a5a148112f8b9e00fec4b0b4d3922,2021-05,Humberside Police,Humberside Police,-0.650362,53.589466,On or near Shelford Street,E01013330,North Lincolnshire 008D,Public order,Formal action is not in the public interest,
d60788da9ea471f739e7fe7b4d8e94d79ec6e47ec59e63954d7050efdfc3da4e,2021-05,Humberside Police,Humberside Police,-0.651681,53.591701,On or near Allanby Street,E01013330,North Lincolnshire 008D,Public order,Unable to prosecute suspect,
815ee8d1e41d39dcb0c2e84b390d581afb09066e28c8526c28de867e9f5ba944,2021-05,Humberside Police,Humberside Police,-0.649811,53.591581,On or near Supermarket,E01013330,North Lincolnshire 008D,Public order,Court result unavailable,
b9f229b2f6cde463b0d5ec9cac9c51e590af89395af1f83a03e18ecc0be32480,2021-05,Humberside Police,Humberside Police,-0.644378,53.590917,On or near Bus/Coach Station,E01013330,North Lincolnshire 008D,Public order,Unable to prosecute suspect,
8837013fdeabeeaa33a9ca299433e0cbcfcc26bdc04ed3bcd6c2da148a4c44da,2021-05,Humberside Police,Humberside Police,-0.651681,53.591701,On or near Allanby Street,E01013330,North Lincolnshire 008D,Public order,Local resolution,
173f662dc71dec9f6e8eb106e2cd2249cb12de6cf0a2006e81f23c1ca8f26c1b,2021-05,Humberside Police,Humberside Police,-0.649811,53.591581,On or near Supermarket,E01013330,North Lincolnshire 008D,Public order,Investigation complete; no suspect identified,
1e401a5bf8841b4a337b6750e58f90b27626e8933446bb5fc21813b3570ecaa5,2021-05,Humberside Police,Humberside Police,-0.650362,53.589466,On or near Shelford Street,E01013330,North Lincolnshire 008D,Public order,Unable to prosecute suspect,
71e68883f44c788cf558a2e7636f25db7f8b285446ccc803ae3e03a9bd033377,2021-05,Humberside Police,Humberside Police,-0.653652,53.593862,On or near Berkeley Street,E01013330,North Lincolnshire 008D,Robbery,Unable to prosecute suspect,
aff632a8acdc11309cd907310c3e0580791a7d9fbc0e6192a7ba54f585404523,2021-05,Humberside Police,Humberside Police,-0.647389,53.591257,On or near Belgrave Square,E01013330,North Lincolnshire 008D,Shoplifting,Unable to prosecute suspect,
46713d9627f7e0e436ef91ab353d5bacc40fdcb3a58e25beb11859c7bcc762c9,2021-05,Humberside Police,Humberside Police,-0.646632,53.592246,On or near Shopping Area,E01013330,North Lincolnshire 008D,Shoplifting,Unable to prosecute suspect,
3cecea81e64db867bcae268c277e340f37a0880ca0acac6b7c6948985daf57a4,2021-05,Humberside Police,Humberside Police,-0.647004,53.592439,On or near Chapel Street,E01013330,North Lincolnshire 008D,Shoplifting,Investigation complete; no suspect identified,
daa67ec44c801074bd68195c3acb8fe54156255ef41a77619390cb3339ee7fd6,2021-05,Humberside Police,Humberside Police,-0.647004,53.592439,On or near Chapel Street,E01013330,North Lincolnshire 008D,Shoplifting,Investigation complete; no suspect identified,
e2b605126b9793de4d42a9c6c353bc2bdeea5861ee7b1d4e26c1b0f340140c5a,2021-05,Humberside Police,Humberside Police,-0.647657,53.593265,On or near Wells Street,E01013330,North Lincolnshire 008D,Shoplifting,Investigation complete; no suspect identified,
8344d3dac1d3339bd8e45ddc54cc9aab97b598f8829dc6862da1e067d099450b,2021-05,Humberside Police,Humberside Police,-0.651681,53.591701,On or near Allanby Street,E01013330,North Lincolnshire 008D,Theft from the person,Investigation complete; no suspect identified,
b8a7025ccce46f131827fa33cf1b85d3c0042c4074517b80bfccd9f880eae7f3,2021-05,Humberside Police,Humberside Police,-0.647004,53.592439,On or near Chapel Street,E01013330,North Lincolnshire 008D,Vehicle crime,Investigation complete; no suspect identified,
d799b4623ca6a7810ce4c016cc91cf716e00c5219f48b298a4629aed2732ee58,2021-05,Humberside Police,Humberside Police,-0.653850,53.588579,On or near Oswald Road,E01013330,North Lincolnshire 008D,Vehicle crime,Investigation complete; no suspect identified,
8e534023b5edc29e7c68b938ec159e969c0a629874c9b3023446e4f84f6c1cde,2021-05,Humberside Police,Humberside Police,-0.653652,53.593862,On or near Berkeley Street,E01013330,North Lincolnshire 008D,Vehicle crime,Investigation complete; no suspect identified,
8feba6cab91958bf1e67373be521daa075c4dab37252441d4cb76522f28b4db3,2021-05,Humberside Police,Humberside Police,-0.647657,53.593265,On or near Wells Street,E01013330,North Lincolnshire 008D,Violence and sexual offences,Investigation complete; no suspect identified,
077e9578e4f2b2deedd8d68398f90f76e41f02986db7d8757d7e936b51e75b3e,2021-05,Humberside Police,Humberside Police,-0.652873,53.591283,On or near Clarke Street,E01013330,North Lincolnshire 008D,Violence and sexual offences,Unable to prosecute suspect,
62531b6dbd286382ded3f9a5dd36b52a37ac49b5cd789dd9bd353763cbc04a9c,2021-05,Humberside Police,Humberside Police,-0.650362,53.589466,On or near Shelford Street,E01013330,North Lincolnshire 008D,Violence and sexual offences,Unable to prosecute suspect,
f60e6dd013b7ee866bb0f2222c0c0fa2c12eec3291fdaeceb868fea169ac1b2f,2021-05,Humberside Police,Humberside Police,-0.650904,53.592357,On or near West Street,E01013330,North Lincolnshire 008D,Violence and sexual offences,Unable to prosecute suspect,
f6c2e40cb275c2e870ab678fd4e32aa1a878860b842efc55a544bdf01aa5706a,2021-05,Humberside Police,Humberside Police,-0.647389,53.591257,On or near Belgrave Square,E01013330,North Lincolnshire 008D,Violence and sexual offences,Unable to prosecute suspect,
22faefbc2f25feb13c4074dd3f5132b301962bacce03ab27e58751781b6ca577,2021-05,Humberside Police,Humberside Police,-0.654486,53.592335,On or near Frodingham Road,E01013330,North Lincolnshire 008D,Violence and sexual offences,Action to be taken by another organisation,
00694bfcde22e9d5b496fd32e4656d8a8ea2b4fe1c71e262f8a3403c4043dd98,2021-05,Humberside Police,Humberside Police,-0.644883,53.590707,On or near Shopping Area,E01013330,North Lincolnshire 008D,Violence and sexual offences,Investigation complete; no suspect identified,
69e4854e15e8d63409ff352d25ed7c2164ed85ae5baa5121d117cae7470f5980,2021-05,Humberside Police,Humberside Police,-0.647004,53.592439,On or near Chapel Street,E01013330,North Lincolnshire 008D,Violence and sexual offences,Investigation complete; no suspect identified,
330482ecfc6b8d00c08edf18b4ff4fce171a2db9786c504ec3298356e00bf205,2021-05,Humberside Police,Humberside Police,-0.652873,53.591283,On or near Clarke Street,E01013330,North Lincolnshire 008D,Violence and sexual offences,Unable to prosecute suspect,
7a3501e91430dd3f8ac9fe51fb621820b991cb1b04ebcf13efa0b9ec0b2cb1d9,2021-05,Humberside Police,Humberside Police,-0.653652,53.593862,On or near Berkeley Street,E01013330,North Lincolnshire 008D,Violence and sexual offences,Unable to prosecute suspect,
76d44f3f65a8ce26801189e86f2afb1a392b9ddf775b8047fc6a38e92bc01f2c,2021-05,Humberside Police,Humberside Police,-0.652873,53.591283,On or near Clarke Street,E01013330,North Lincolnshire 008D,Violence and sexual offences,Unable to prosecute suspect,
c0e5926c6ee72f20d93680c935377762c89784871ceee074be4915c01f49664d,2021-05,Humberside Police,Humberside Police,-0.650222,53.588161,On or near Theatre/Concert Hall,E01013330,North Lincolnshire 008D,Violence and sexual offences,Unable to prosecute suspect,
421480de429f7a5fe87831f300c645b9d3b8d437ccf848bdd70514e9017c6950,2021-05,Humberside Police,Humberside Police,-0.644283,53.591509,On or near Shopping Area,E01013330,North Lincolnshire 008D,Violence and sexual offences,Unable to prosecute suspect,
1d57207c027cfdc9be9467561f93dc6f83e095a3626d8e6096780a3a668f44d5,2021-05,Humberside Police,Humberside Police,-0.649811,53.591581,On or near Supermarket,E01013330,North Lincolnshire 008D,Violence and sexual offences,Court result unavailable,
c511d727adbb292e1d431b679a8dacf7d75f378ab8d758bb0814e6af141439a4,2021-05,Humberside Police,Humberside Police,-0.652873,53.591283,On or near Clarke Street,E01013330,North Lincolnshire 008D,Violence and sexual offences,Investigation complete; no suspect identified,
3c02f86207979539e37dd7b76cfc2ac1912291103b510664d3a1a41544e8a7d1,2021-05,Humberside Police,Humberside Police,-0.653850,53.588579,On or near Oswald Road,E01013330,North Lincolnshire 008D,Violence and sexual offences,Investigation complete; no suspect identified,
f779a0a4bfe765626131e99d3fc79172b04f5215b25282509a3e013e4e137657,2021-05,Humberside Police,Humberside Police,-0.649462,53.592116,On or near Gilliatt Street,E01013330,North Lincolnshire 008D,Violence and sexual offences,Unable to prosecute suspect,
e637287a340f0d9b27c9719927cbc941bff54db153ed43eb1acd8912f1e3e9ca,2021-05,Humberside Police,Humberside Police,-0.647004,53.592439,On or near Chapel Street,E01013330,North Lincolnshire 008D,Violence and sexual offences,Investigation complete; no suspect identified,
320f297ef72e8fbe42eaddec0f26cf308f578df863bb4426d6fcd5f1c367b530,2021-05,Humberside Police,Humberside Police,-0.650362,53.589466,On or near Shelford Street,E01013330,North Lincolnshire 008D,Other crime,Status update unavailable,
dcd44ff8326e22841c594824f3952d275d7ccfe045b32ad2a8fc4b59599fcc7f,2021-05,Humberside Police,Humberside Police,-0.652873,53.591283,On or near Clarke Street,E01013330,North Lincolnshire 008D,Other crime,Unable to prosecute suspect,
362a5e428cb5b816baaa48965b59a4210864602b089398db0d14789b0aecd846,2021-05,Humberside Police,Humberside Police,-0.650222,53.588161,On or near Theatre/Concert Hall,E01013330,North Lincolnshire 008D,Other crime,Action to be taken by another organisation,
,2021-05,Humberside Police,Humberside Police,-0.655110,53.590274,On or near Parking Area,E01013332,North Lincolnshire 008E,Anti-social behaviour,,
,2021-05,Humberside Police,Humberside Police,-0.656409,53.591727,On or near Parkinson Avenue,E01013332,North Lincolnshire 008E,Anti-social behaviour,,
,2021-05,Humberside Police,Humberside Police,-0.656858,53.592325,On or near Fox Street,E01013332,North Lincolnshire 008E,Anti-social behaviour,,
,2021-05,Humberside Police,Humberside Police,-0.660963,53.590574,On or near Doncaster Road,E01013332,North Lincolnshire 008E,Anti-social behaviour,,
,2021-05,Humberside Police,Humberside Police,-0.660963,53.590574,On or near Doncaster Road,E01013332,North Lincolnshire 008E,Anti-social behaviour,,
d24ff56cb9698a2a8d46fe6336c9e33a1eca69920122e128337f86c71891cc35,2021-05,Humberside Police,Humberside Police,-0.656704,53.592917,On or near Smith Street,E01013332,North Lincolnshire 008E,Criminal damage and arson,Unable to prosecute suspect,
829f3c678d04b7c0242bcc35031d446a610331298a537272b1d9b01b10e2d48e,2021-05,Humberside Police,Humberside Police,-0.656704,53.592917,On or near Smith Street,E01013332,North Lincolnshire 008E,Criminal damage and arson,Court result unavailable,
54437d5fcc80f8276ef65d6f1a52eabdd1ee178b95c0906e2990166b2719ac4f,2021-05,Humberside Police,Humberside Police,-0.657946,53.587097,On or near Vicarage Gardens,E01013332,North Lincolnshire 008E,Criminal damage and arson,Investigation complete; no suspect identified,
5cd60b6ab7d6e103a4f5349726f60aca54012caba3445812541246125ac0fa84,2021-05,Humberside Police,Humberside Police,-0.654524,53.588272,On or near St James Court,E01013332,North Lincolnshire 008E,Drugs,Unable to prosecute suspect,
32ec6bba769455c41b44082c7ab68caa3b4cb40d4567ab3e37456a006ba1be15,2021-05,Humberside Police,Humberside Police,-0.656577,53.592637,On or near Elizabeth Street,E01013332,North Lincolnshire 008E,Drugs,Unable to prosecute suspect,
481ec0c80212cfe2855d55be18ecf0d78f168fea5e9d97e30f57ddf12555acb2,2021-05,Humberside Police,Humberside Police,-0.655110,53.590274,On or near Parking Area,E01013332,North Lincolnshire 008E,Public order,Unable to prosecute suspect,
497d9a00d50c9b7c6f3d5e6e4b90be3053c756ed334da6d517b19dbc94ea9511,2021-05,Humberside Police,Humberside Police,-0.656704,53.592917,On or near Smith Street,E01013332,North Lincolnshire 008E,Public order,Court result unavailable,
44164a2733b9e78b83941cc54e1181ce77552e1bb4302c8da49217bc28e1d19b,2021-05,Humberside Police,Humberside Police,-0.655110,53.590274,On or near Parking Area,E01013332,North Lincolnshire 008E,Public order,Offender given penalty notice,
c3906def9a5e25cb245b7a4c3db42feb3033b93b51509f3f0108471007293548,2021-05,Humberside Police,Humberside Police,-0.655110,53.590274,On or near Parking Area,E01013332,North Lincolnshire 008E,Public order,Investigation complete; no suspect identified,
7ebe125b89ee0ef0938bd0dd9f701cba8a3376684b35d855d8dbfa1bf1785e53,2021-05,Humberside Police,Humberside Police,-0.655110,53.590274,On or near Parking Area,E01013332,North Lincolnshire 008E,Public order,Investigation complete; no suspect identified,
06168fdbc7af860d1021456f6bb16a3dc5165375ca61a30c9a872f12a1cd78d6,2021-05,Humberside Police,Humberside Police,-0.656858,53.592325,On or near Fox Street,E01013332,North Lincolnshire 008E,Public order,Unable to prosecute suspect,
56aace28243cd068244ac147b050566284431284a8b028c426023d36e9bc8a38,2021-05,Humberside Police,Humberside Police,-0.655110,53.590274,On or near Parking Area,E01013332,North Lincolnshire 008E,Public order,Offender given a caution,
a750458e7f1b207c5d089946b2cf966b94f516998afbd666179be32fb6186d05,2021-05,Humberside Police,Humberside Police,-0.655110,53.590274,On or near Parking Area,E01013332,North Lincolnshire 008E,Public order,Investigation complete; no suspect identified,
73796bd5988456eeac84b98be11e9654285b877b2fc8b7db69d631776a2f38c2,2021-05,Humberside Police,Humberside Police,-0.655110,53.590274,On or near Parking Area,E01013332,North Lincolnshire 008E,Public order,Investigation complete; no suspect identified,
238db706225515f4503f53b449edef9ccb105ee4105e3abc123c7a7b8d6a7e44,2021-05,Humberside Police,Humberside Police,-0.655110,53.590274,On or near Parking Area,E01013332,North Lincolnshire 008E,Violence and sexual offences,Investigation complete; no suspect identified,
9c0f7a63b963b5c6601d4f4bd3cf700680efb826700e1b73ded2445f04f00ae4,2021-05,Humberside Police,Humberside Police,-0.655110,53.590274,On or near Parking Area,E01013332,North Lincolnshire 008E,Violence and sexual offences,Court result unavailable,
87f62921a0de406c6fd838a36a5e22609deefd3d4d3fcc8a50b4b9ef60d1ece2,2021-05,Humberside Police,Humberside Police,-0.655110,53.590274,On or near Parking Area,E01013332,North Lincolnshire 008E,Violence and sexual offences,Court result unavailable,
6dd00196d03c1aa2b330fe911eeab4b9c2365720579b6a50c0f316dc29418410,2021-05,Humberside Police,Humberside Police,-0.655110,53.590274,On or near Parking Area,E01013332,North Lincolnshire 008E,Violence and sexual offences,Unable to prosecute suspect,
f2d98e4f5bbfe60d920b5288889970e804ee57b688ac4c6db1a069c58da98f92,2021-05,Humberside Police,Humberside Police,-0.655110,53.590274,On or near Parking Area,E01013332,North Lincolnshire 008E,Violence and sexual offences,Court result unavailable,
10c136bfc4050002f23b28f07ad6fef25fd26514bb3e4828d6b8e208708f0909,2021-05,Humberside Police,Humberside Police,-0.656704,53.592917,On or near Smith Street,E01013332,North Lincolnshire 008E,Violence and sexual offences,Action to be taken by another organisation,
c682634e47849bb299b631b64f2b49a57129dd2a3d0decf12cb6f6e7c3f68a75,2021-05,Humberside Police,Humberside Police,-0.655110,53.590274,On or near Parking Area,E01013332,North Lincolnshire 008E,Violence and sexual offences,Court result unavailable,
9ac2c275ddd92c53517abfe4ba70abad957b4b10399db2a4d69f4d06d9923614,2021-05,Humberside Police,Humberside Police,-0.655110,53.590274,On or near Parking Area,E01013332,North Lincolnshire 008E,Violence and sexual offences,Court result unavailable,
0e1a195e46d6295af06c21710fe0979569f8f6932a42b1fb7e134f2287ca00ee,2021-05,Humberside Police,Humberside Police,-0.656858,53.592325,On or near Fox Street,E01013332,North Lincolnshire 008E,Violence and sexual offences,Unable to prosecute suspect,
5e4121ec1a43155be40d1206e9f23f873bfbbcdd365885b62659abe961139025,2021-05,Humberside Police,Humberside Police,-0.655110,53.590274,On or near Parking Area,E01013332,North Lincolnshire 008E,Violence and sexual offences,Court result unavailable,
ae8717a1684266c32d6429c8008ea372b947455a94914765b0869c06db0e6f74,2021-05,Humberside Police,Humberside Police,-0.655258,53.589916,On or near Deyne Avenue,E01013332,North Lincolnshire 008E,Violence and sexual offences,Unable to prosecute suspect,
ef327fbe8d0da07e1213f6344e8031e5e90ff34abf5e4c7de000623c75b05a92,2021-05,Humberside Police,Humberside Police,-0.656704,53.592917,On or near Smith Street,E01013332,North Lincolnshire 008E,Violence and sexual offences,Court result unavailable,
981412f37e6cee7faaf0ca0de7171d56ededad70cd00f67e53e27701db3548cc,2021-05,Humberside Police,Humberside Police,-0.656704,53.592917,On or near Smith Street,E01013332,North Lincolnshire 008E,Violence and sexual offences,Unable to prosecute suspect,
,2021-05,Humberside Police,Humberside Police,-0.673543,53.596053,On or near Sherburn Crescent,E01013295,North Lincolnshire 009A,Anti-social behaviour,,
,2021-05,Humberside Police,Humberside Police,-0.678679,53.594654,On or near Dewsbury Avenue,E01013295,North Lincolnshire 009A,Anti-social behaviour,,
,2021-05,Humberside Police,Humberside Police,-0.671137,53.595200,On or near Hempdyke Road,E01013295,North Lincolnshire 009A,Anti-social behaviour,,
,2021-05,Humberside Police,Humberside Police,-0.680154,53.595308,On or near Holmfirth Road,E01013295,North Lincolnshire 009A,Anti-social behaviour,,
4b7e19d358a71d49740df3d2a953e5cdd81be41e088bb10214fefd094e3d3da3,2021-05,Humberside Police,Humberside Police,-0.671137,53.595200,On or near Hempdyke Road,E01013295,North Lincolnshire 009A,Burglary,Investigation complete; no suspect identified,
51ee184f1bb94d894b58adf84b3c35949b235e69624c074399e42e46924b3204,2021-05,Humberside Police,Humberside Police,-0.674745,53.597226,On or near Denby Close,E01013295,North Lincolnshire 009A,Burglary,Investigation complete; no suspect identified,
2f6d7abdb09db89e11236ce3dfd8f4827474d872a79324ad21a26527e5739271,2021-05,Humberside Police,Humberside Police,-0.671137,53.595200,On or near Hempdyke Road,E01013295,North Lincolnshire 009A,Burglary,Investigation complete; no suspect identified,
4878e1030eb5d4899d61abca88e5f8b17626f43e1b96d71175c5a0fc9878ed83,2021-05,Humberside Police,Humberside Police,-0.671137,53.595200,On or near Hempdyke Road,E01013295,North Lincolnshire 009A,Burglary,Investigation complete; no suspect identified,
2da274e6c516d137f98c022a6606d8dbacac413d8780f8c6fac98e420c51eba9,2021-05,Humberside Police,Humberside Police,-0.678679,53.594654,On or near Dewsbury Avenue,E01013295,North Lincolnshire 009A,Criminal damage and arson,Investigation complete; no suspect identified,
1d98a3a42d7786859f322af85cc2e221610bf0730eee296964bd4cee6b2c3fc1,2021-05,Humberside Police,Humberside Police,-0.673543,53.596053,On or near Sherburn Crescent,E01013295,North Lincolnshire 009A,Criminal damage and arson,Investigation complete; no suspect identified,
0a13d0dcb794dca217610e76fc8d9438b6def3f0bfbee454f879e04340d240ed,2021-05,Humberside Police,Humberside Police,-0.671137,53.595200,On or near Hempdyke Road,E01013295,North Lincolnshire 009A,Public order,Local resolution,
f86955d0090dcd1e44afedae2e3e01a5cc1f9823b8e0108af470a7c8687458d6,2021-05,Humberside Police,Humberside Police,-0.678419,53.592799,On or near Marsden Drive,E01013295,North Lincolnshire 009A,Shoplifting,Investigation complete; no suspect identified,
fe90df41a31f3089e03535c51daf22aed85f4d3658a26f109191a7f4195f0ffc,2021-05,Humberside Police,Humberside Police,-0.671137,53.595200,On or near Hempdyke Road,E01013295,North Lincolnshire 009A,Vehicle crime,Investigation complete; no suspect identified,
5b6b88eaba00a7f9f9afad5f3a3d8615649122620289d20d69b727271b32a2be,2021-05,Humberside Police,Humberside Police,-0.680154,53.595308,On or near Holmfirth Road,E01013295,North Lincolnshire 009A,Violence and sexual offences,Unable to prosecute suspect,
fb35e44b1bdb68ea25db54365400e071638bf9d81967503d5f0e4b54f3517113,2021-05,Humberside Police,Humberside Police,-0.678679,53.594654,On or near Dewsbury Avenue,E01013295,North Lincolnshire 009A,Violence and sexual offences,Unable to prosecute suspect,
6f928f7ad51a292ce56075dda3b69bf9eaf033c3c7e7a1efc7c72f2fe12dc335,2021-05,Humberside Police,Humberside Police,-0.671137,53.595200,On or near Hempdyke Road,E01013295,North Lincolnshire 009A,Violence and sexual offences,Unable to prosecute suspect,
4330b20fd8f3467a247d3a2f9c2a19c2be9aff5b4aa37ebb659f75698f7379ee,2021-05,Humberside Police,Humberside Police,-0.671137,53.595200,On or near Hempdyke Road,E01013295,North Lincolnshire 009A,Violence and sexual offences,Unable to prosecute suspect,
e8bc74bf7d7987d9302b7e63b0e21cac73d172c3af3c87cf185f56c2f489a5c5,2021-05,Humberside Police,Humberside Police,-0.671137,53.595200,On or near Hempdyke Road,E01013295,North Lincolnshire 009A,Violence and sexual offences,Unable to prosecute suspect,
ab7de0cbd579ce78272e79d10b99d18501a713574f87026bc7cc7e9588fd8172,2021-05,Humberside Police,Humberside Police,-0.671137,53.595200,On or near Hempdyke Road,E01013295,North Lincolnshire 009A,Violence and sexual offences,Unable to prosecute suspect,
44147b2481eddd32e2b4c84d643acebe7644819cd1eaab5e10268f55d055ff3b,2021-05,Humberside Police,Humberside Police,-0.671137,53.595200,On or near Hempdyke Road,E01013295,North Lincolnshire 009A,Violence and sexual offences,Unable to prosecute suspect,
2f042835e84810e5251230f93a302b1afab7a1acc1f4127ca12b266dd4a42d3c,2021-05,Humberside Police,Humberside Police,-0.672099,53.591039,On or near The Cliff,E01013301,North Lincolnshire 009B,Burglary,Investigation complete; no suspect identified,
dacd1caa4f59265463294cf560e816246c58bac27cccc082732c762aba17c0e3,2021-05,Humberside Police,Humberside Police,-0.680711,53.592465,On or near Stanley Road,E01013301,North Lincolnshire 009B,Criminal damage and arson,Investigation complete; no suspect identified,
1daf2b77f37e0649984ad28cf369c5cbe9418f5797ad415a696bdd9a18eb0806,2021-05,Humberside Police,Humberside Police,-0.681987,53.591760,On or near Hartshead Avenue,E01013301,North Lincolnshire 009B,Public order,Local resolution,
4287d026a2404efa6026557cd0428457ca40a474bc1bca197c46586bfed37922,2021-05,Humberside Police,Humberside Police,-0.684564,53.592948,On or near Herriot Walk,E01013301,North Lincolnshire 009B,Violence and sexual offences,Unable to prosecute suspect,
8143ebcac50375c757428945437a0c43f9d8833d4be97bb109c8466edb72d822,2021-05,Humberside Police,Humberside Police,-0.684564,53.592948,On or near Herriot Walk,E01013301,North Lincolnshire 009B,Violence and sexual offences,Unable to prosecute suspect,
d27b66219d0c884426ad09d6eca74646f9e00b936560b1310695388ef3338df3,2021-05,Humberside Police,Humberside Police,-0.668924,53.592056,On or near Jackson Road,E01013301,North Lincolnshire 009B,Violence and sexual offences,Unable to prosecute suspect,
3a3f37b866303cbfef9465299e627c24219c46bfc3bc9b2747bb3ee626b3f01c,2021-05,Humberside Police,Humberside Police,-0.684564,53.592948,On or near Herriot Walk,E01013301,North Lincolnshire 009B,Violence and sexual offences,Unable to prosecute suspect,
ba0e9c7941ee9e2f902a0f7a696e2eec59dc18f8fceef079936e0e2207d642d3,2021-05,Humberside Police,Humberside Police,-0.684564,53.592948,On or near Herriot Walk,E01013301,North Lincolnshire 009B,Violence and sexual offences,Unable to prosecute suspect,
,2021-05,Humberside Police,Humberside Police,-0.661095,53.585451,On or near Orchid Rise,E01013333,North Lincolnshire 009C,Anti-social behaviour,,
,2021-05,Humberside Police,Humberside Police,-0.666954,53.587431,On or near Hospital,E01013333,North Lincolnshire 009C,Anti-social behaviour,,
30e545c1884b436a2cf3e5f01575ec79a8738457857ac233303cb651b9ef021c,2021-05,Humberside Police,Humberside Police,-0.660796,53.585349,On or near Fuchsia Croft,E01013333,North Lincolnshire 009C,Burglary,Investigation complete; no suspect identified,
7f2db9a8f9983d1e17b68659d88a9bfd322cf1a7674e0d7070fde7402ece2584,2021-05,Humberside Police,Humberside Police,-0.661544,53.588917,On or near Philips Crescent,E01013333,North Lincolnshire 009C,Criminal damage and arson,Investigation complete; no suspect identified,
407c997be0c767cae92ca6a9d9d11cce2e8a6111cc3eb6bd7a4119cb01242d59,2021-05,Humberside Police,Humberside Police,-0.666223,53.589554,On or near Webster Avenue,E01013333,North Lincolnshire 009C,Criminal damage and arson,Investigation complete; no suspect identified,
b5d007e38276b2afc1af332cc027201aaf0478d76423e94a322a38fee31cb4ed,2021-05,Humberside Police,Humberside Police,-0.666954,53.587431,On or near Hospital,E01013333,North Lincolnshire 009C,Other theft,Investigation complete; no suspect identified,
5e11a6344c6b2aa9e5e7742c9d06be8a678e0770043b82dc60e0fa4ae16f629f,2021-05,Humberside Police,Humberside Police,-0.663720,53.586020,On or near Church Lane,E01013333,North Lincolnshire 009C,Vehicle crime,Unable to prosecute suspect,
04d0c431106bba2323940b90f9ac056b4416359c00eb24ffd39d54aeb653cd56,2021-05,Humberside Police,Humberside Police,-0.668248,53.589046,On or near Highfield Avenue,E01013333,North Lincolnshire 009C,Violence and sexual offences,Unable to prosecute suspect,
497d74cedb2ae3085c6ce9480bb261e075e9e6ddb9dab80d2935d3ce1db49263,2021-05,Humberside Police,Humberside Police,-0.666954,53.587431,On or near Hospital,E01013333,North Lincolnshire 009C,Violence and sexual offences,Investigation complete; no suspect identified,
b8c7688545f986b2021f68cbc281d1c808eca91f2c77c5459f7a3798fd36d1b1,2021-05,Humberside Police,Humberside Police,-0.666679,53.589460,On or near Agard Avenue,E01013333,North Lincolnshire 009C,Violence and sexual offences,Local resolution,
18e892568a89ddbbcfadbde45e49f5882c3831c4bf85d137ff6885dbcdc3e794,2021-05,Humberside Police,Humberside Police,-0.666954,53.587431,On or near Hospital,E01013333,North Lincolnshire 009C,Violence and sexual offences,Unable to prosecute suspect,
fea47ce1d9649f6fa5734850fe721b823844e89a9b61ec436bd41b2e13876d4a,2021-05,Humberside Police,Humberside Police,-0.666679,53.589460,On or near Agard Avenue,E01013333,North Lincolnshire 009C,Violence and sexual offences,Local resolution,
,2021-05,Humberside Police,Humberside Police,-0.673033,53.586771,On or near Axholme Road,E01013334,North Lincolnshire 009D,Anti-social behaviour,,
,2021-05,Humberside Police,Humberside Police,-0.683571,53.589908,On or near Doncaster Road,E01013334,North Lincolnshire 009D,Anti-social behaviour,,
00fbc55104deaf53181ab81ced82eed7b4f24a9685b90b27885a0f5b290a8055,2021-05,Humberside Police,Humberside Police,-0.686258,53.587546,On or near Lodge Road,E01013334,North Lincolnshire 009D,Bicycle theft,Investigation complete; no suspect identified,
a9b520b56e76cd6c1dbe7e13047e555111d4aa1b2802c1b9ac0b586305dd291a,2021-05,Humberside Police,Humberside Police,-0.683571,53.589908,On or near Doncaster Road,E01013334,North Lincolnshire 009D,Burglary,Investigation complete; no suspect identified,
7dce2c30a2ce720c035b593caa222abe30f8006ee2a4b667c0a61c9817288689,2021-05,Humberside Police,Humberside Police,-0.683571,53.589908,On or near Doncaster Road,E01013334,North Lincolnshire 009D,Burglary,Investigation complete; no suspect identified,
5777e6629d7a7c5f274f7f081f6b5e55af3dd96199ac2263289361791c3a8ef2,2021-05,Humberside Police,Humberside Police,-0.686258,53.587546,On or near Lodge Road,E01013334,North Lincolnshire 009D,Criminal damage and arson,Investigation complete; no suspect identified,
9fa4d1563fca8af1cb6ea968fcc3be32039b7cf028c4c3b8e42eadfeede5c8f4,2021-05,Humberside Police,Humberside Police,-0.685160,53.589808,On or near Petrol Station,E01013334,North Lincolnshire 009D,Other theft,Investigation complete; no suspect identified,
399822bc145529bdb1b4a6e25da72749960d817f860cab6a83cdd2e47bd28d7e,2021-05,Humberside Police,Humberside Police,-0.685160,53.589808,On or near Petrol Station,E01013334,North Lincolnshire 009D,Other theft,Investigation complete; no suspect identified,
aa0ccc54459c4df61c25abaab2df7f8e90f7206608c4c31ca1a32bef9981555a,2021-05,Humberside Police,Humberside Police,-0.673033,53.586771,On or near Axholme Road,E01013334,North Lincolnshire 009D,Public order,Investigation complete; no suspect identified,
95313dceb2e2bb76295cae3e93a1b8873067a3adb65ae6ceafd3a697360cd8b3,2021-05,Humberside Police,Humberside Police,-0.686261,53.585488,On or near The Fairways,E01013334,North Lincolnshire 009D,Vehicle crime,Investigation complete; no suspect identified,
c22781d09e406be6263c5951a411c423804f95198feabcd7a5ad3a460dec3d50,2021-05,Humberside Police,Humberside Police,-0.671533,53.586440,On or near Burnham Road,E01013334,North Lincolnshire 009D,Violence and sexual offences,Unable to prosecute suspect,
d7b48ce8ca9dffac3838b1ddd27e9420e805a7055f47ef2916108400c321e386,2021-05,Humberside Police,Humberside Police,-0.671533,53.586440,On or near Burnham Road,E01013334,North Lincolnshire 009D,Violence and sexual offences,Local resolution,
8311d8313215d70b221e28ede188715860181eb2f7b524f58f0aeb568ff78984,2021-05,Humberside Police,Humberside Police,-0.671041,53.589095,On or near Newland Drive,E01013334,North Lincolnshire 009D,Violence and sexual offences,Further action is not in the public interest,
,2021-05,Humberside Police,Humberside Police,-0.618230,53.567597,On or near Arkwright Way,E01013310,North Lincolnshire 010A,Anti-social behaviour,,
190f1a410734a20aed0b4a056f81409402d662f5835d5caece0d6e4f81766520,2021-05,Humberside Police,Humberside Police,-0.642237,53.577580,On or near Hampton Road,E01013310,North Lincolnshire 010A,Bicycle theft,Unable to prosecute suspect,
159e3d202f2876a9c4972dc68147f7fa660629cec78103efdfb87be06ccee042,2021-05,Humberside Police,Humberside Police,-0.624629,53.578422,On or near Grange Lane North,E01013310,North Lincolnshire 010A,Burglary,Investigation complete; no suspect identified,
c8e1d47b4b150616086cf9b01e8fafe960f18c1982cc47e38ff4d41b984674bd,2021-05,Humberside Police,Humberside Police,-0.602192,53.574494,On or near The Subway,E01013310,North Lincolnshire 010A,Burglary,Investigation complete; no suspect identified,
21fef0011da4e59a700004e9f25ac1b150de0ace2584eabf05accd6e55336d15,2021-05,Humberside Police,Humberside Police,-0.639545,53.576264,On or near Warley Avenue,E01013310,North Lincolnshire 010A,Other theft,Unable to prosecute suspect,
4738cb4c704f062399077158c642e12c85e65d5652e0190c5c1b81635bfd9ad6,2021-05,Humberside Police,Humberside Police,-0.626009,53.575921,On or near Kendale Road,E01013310,North Lincolnshire 010A,Other theft,Investigation complete; no suspect identified,
1cec205517022268f96d7e8ff63d1c9bdf5e4e331654c0aa3714f8fc4fac00ba,2021-05,Humberside Police,Humberside Police,-0.633460,53.578550,On or near Woodstock Road,E01013310,North Lincolnshire 010A,Possession of weapons,Court result unavailable,
9f6057bf2d4aabfa85fcba11b1b4f30573a30c31d34336114d3023b57e5d288e,2021-05,Humberside Police,Humberside Police,-0.634215,53.579511,On or near Lilac Avenue,E01013310,North Lincolnshire 010A,Public order,Unable to prosecute suspect,
8b2fa6873dfa05a55985c7d08125be383a6ab64ce7a9940e3393a0ec690bfa0f,2021-05,Humberside Police,Humberside Police,-0.623821,53.567949,On or near Shopping Area,E01013310,North Lincolnshire 010A,Public order,Investigation complete; no suspect identified,
ff27f69865a23f66679c14460f6f2351eae2c60602b64347a45735c5d32907d6,2021-05,Humberside Police,Humberside Police,-0.623821,53.567949,On or near Shopping Area,E01013310,North Lincolnshire 010A,Shoplifting,Investigation complete; no suspect identified,
c797fd9e5e02b2cb9879e43f5f71ec2434b2f3c346a32b54d78512e408963f70,2021-05,Humberside Police,Humberside Police,-0.633627,53.582741,On or near Parking Area,E01013310,North Lincolnshire 010A,Shoplifting,Unable to prosecute suspect,
c8f5e4bff5365a1e70d19b7456f31cd24fd19703de791b7be280133acdf7fe08,2021-05,Humberside Police,Humberside Police,-0.620274,53.569275,On or near Dunlop Way,E01013310,North Lincolnshire 010A,Vehicle crime,Investigation complete; no suspect identified,
f68e36fa37fcba8c5ba6a5bb1701bf4f990ae4762004073501fe8aeefe5e20d2,2021-05,Humberside Police,Humberside Police,-0.633460,53.578550,On or near Woodstock Road,E01013310,North Lincolnshire 010A,Violence and sexual offences,Unable to prosecute suspect,
44291a83e308556873aa445e7a2f8ac6a795b98e43b56e350c4c6b6095cc0ce3,2021-05,Humberside Police,Humberside Police,-0.636455,53.579366,On or near Leamington Close,E01013310,North Lincolnshire 010A,Violence and sexual offences,Unable to prosecute suspect,
106490034e56fee11738a67699b7e04878add6ac954d183b313065d9c774ab55,2021-05,Humberside Police,Humberside Police,-0.633460,53.578550,On or near Woodstock Road,E01013310,North Lincolnshire 010A,Violence and sexual offences,Local resolution,
c2b6f8d3114d53fc52bd89eab3273a72d0884ec08ca171d245757ae211836113,2021-05,Humberside Police,Humberside Police,-0.639545,53.576264,On or near Warley Avenue,E01013310,North Lincolnshire 010A,Violence and sexual offences,Unable to prosecute suspect,
,2021-05,Humberside Police,Humberside Police,-0.644160,53.583103,On or near Earl Street,E01013312,North Lincolnshire 010B,Anti-social behaviour,,
,2021-05,Humberside Police,Humberside Police,-0.643394,53.582960,On or near Beauchamp Street,E01013312,North Lincolnshire 010B,Anti-social behaviour,,
,2021-05,Humberside Police,Humberside Police,-0.644160,53.583103,On or near Earl Street,E01013312,North Lincolnshire 010B,Anti-social behaviour,,
,2021-05,Humberside Police,Humberside Police,-0.644160,53.583103,On or near Earl Street,E01013312,North Lincolnshire 010B,Anti-social behaviour,,
,2021-05,Humberside Police,Humberside Police,-0.640603,53.586128,On or near Redbourne Street,E01013312,North Lincolnshire 010B,Anti-social behaviour,,
,2021-05,Humberside Police,Humberside Police,-0.639802,53.586622,On or near Queen Street,E01013312,North Lincolnshire 010B,Anti-social behaviour,,
,2021-05,Humberside Police,Humberside Police,-0.644160,53.583103,On or near Earl Street,E01013312,North Lincolnshire 010B,Anti-social behaviour,,
,2021-05,Humberside Police,Humberside Police,-0.639802,53.586622,On or near Queen Street,E01013312,North Lincolnshire 010B,Anti-social behaviour,,
,2021-05,Humberside Police,Humberside Police,-0.643394,53.582960,On or near Beauchamp Street,E01013312,North Lincolnshire 010B,Anti-social behaviour,,
,2021-05,Humberside Police,Humberside Police,-0.644160,53.583103,On or near Earl Street,E01013312,North Lincolnshire 010B,Anti-social behaviour,,
,2021-05,Humberside Police,Humberside Police,-0.644160,53.583103,On or near Earl Street,E01013312,North Lincolnshire 010B,Anti-social behaviour,,
,2021-05,Humberside Police,Humberside Police,-0.644160,53.583103,On or near Earl Street,E01013312,North Lincolnshire 010B,Anti-social behaviour,,
,2021-05,Humberside Police,Humberside Police,-0.644160,53.583103,On or near Earl Street,E01013312,North Lincolnshire 010B,Anti-social behaviour,,
,2021-05,Humberside Police,Humberside Police,-0.644160,53.583103,On or near Earl Street,E01013312,North Lincolnshire 010B,Anti-social behaviour,,
,2021-05,Humberside Police,Humberside Police,-0.644160,53.583103,On or near Earl Street,E01013312,North Lincolnshire 010B,Anti-social behaviour,,
,2021-05,Humberside Police,Humberside Police,-0.642953,53.586353,On or near William Street,E01013312,North Lincolnshire 010B,Anti-social behaviour,,
,2021-05,Humberside Police,Humberside Police,-0.642065,53.585300,On or near Trent Street,E01013312,North Lincolnshire 010B,Anti-social behaviour,,
,2021-05,Humberside Police,Humberside Police,-0.644160,53.583103,On or near Earl Street,E01013312,North Lincolnshire 010B,Anti-social behaviour,,
,2021-05,Humberside Police,Humberside Police,-0.644160,53.583103,On or near Earl Street,E01013312,North Lincolnshire 010B,Anti-social behaviour,,
,2021-05,Humberside Police,Humberside Police,-0.644160,53.583103,On or near Earl Street,E01013312,North Lincolnshire 010B,Anti-social behaviour,,
,2021-05,Humberside Police,Humberside Police,-0.644160,53.583103,On or near Earl Street,E01013312,North Lincolnshire 010B,Anti-social behaviour,,
,2021-05,Humberside Police,Humberside Police,-0.644160,53.583103,On or near Earl Street,E01013312,North Lincolnshire 010B,Anti-social behaviour,,
,2021-05,Humberside Police,Humberside Police,-0.644160,53.583103,On or near Earl Street,E01013312,North Lincolnshire 010B,Anti-social behaviour,,
,2021-05,Humberside Police,Humberside Police,-0.643394,53.582960,On or near Beauchamp Street,E01013312,North Lincolnshire 010B,Anti-social behaviour,,
,2021-05,Humberside Police,Humberside Police,-0.644160,53.583103,On or near Earl Street,E01013312,North Lincolnshire 010B,Anti-social behaviour,,
,2021-05,Humberside Police,Humberside Police,-0.644160,53.583103,On or near Earl Street,E01013312,North Lincolnshire 010B,Anti-social behaviour,,
,2021-05,Humberside Police,Humberside Police,-0.643394,53.582960,On or near Beauchamp Street,E01013312,North Lincolnshire 010B,Anti-social behaviour,,
,2021-05,Humberside Police,Humberside Police,-0.644160,53.583103,On or near Earl Street,E01013312,North Lincolnshire 010B,Anti-social behaviour,,
,2021-05,Humberside Police,Humberside Police,-0.644160,53.583103,On or near Earl Street,E01013312,North Lincolnshire 010B,Anti-social behaviour,,
,2021-05,Humberside Police,Humberside Police,-0.644160,53.583103,On or near Earl Street,E01013312,North Lincolnshire 010B,Anti-social behaviour,,
,2021-05,Humberside Police,Humberside Police,-0.644160,53.583103,On or near Earl Street,E01013312,North Lincolnshire 010B,Anti-social behaviour,,
,2021-05,Humberside Police,Humberside Police,-0.644160,53.583103,On or near Earl Street,E01013312,North Lincolnshire 010B,Anti-social behaviour,,
,2021-05,Humberside Police,Humberside Police,-0.644160,53.583103,On or near Earl Street,E01013312,North Lincolnshire 010B,Anti-social behaviour,,
,2021-05,Humberside Police,Humberside Police,-0.644160,53.583103,On or near Earl Street,E01013312,North Lincolnshire 010B,Anti-social behaviour,,
,2021-05,Humberside Police,Humberside Police,-0.644160,53.583103,On or near Earl Street,E01013312,North Lincolnshire 010B,Anti-social behaviour,,
690b77882ff1468dda083cc515977a504c294c1666e64ebca1d276889695301b,2021-05,Humberside Police,Humberside Police,-0.643685,53.585201,On or near Hallgarth Avenue,E01013312,North Lincolnshire 010B,Burglary,Investigation complete; no suspect identified,
0c2830dd7821f38a7943b4000e86c818ba6e78aeda87483fe92bb3992b0fdf35,2021-05,Humberside Police,Humberside Police,-0.644160,53.583103,On or near Earl Street,E01013312,North Lincolnshire 010B,Criminal damage and arson,Investigation complete; no suspect identified,
21d101bba8f7a30fc76130ef3f60111f6d7b78e939a21610055571a2a26a5cad,2021-05,Humberside Police,Humberside Police,-0.639802,53.586622,On or near Queen Street,E01013312,North Lincolnshire 010B,Criminal damage and arson,Unable to prosecute suspect,
ca868404d549e4314388ec3597a15d5a457fd835a0ce6208ff063279f7b3c398,2021-05,Humberside Police,Humberside Police,-0.643685,53.585201,On or near Hallgarth Avenue,E01013312,North Lincolnshire 010B,Other theft,Investigation complete; no suspect identified,
540c2ab6cf0fe07b9242dc7e41c5508568f484571809ef1f86a17cb1afe95215,2021-05,Humberside Police,Humberside Police,-0.644160,53.583103,On or near Earl Street,E01013312,North Lincolnshire 010B,Public order,Investigation complete; no suspect identified,
117763ecdc3a4b7df1171ac321fd39c166d62327555cd264483588781e5b9c38,2021-05,Humberside Police,Humberside Police,-0.644160,53.583103,On or near Earl Street,E01013312,North Lincolnshire 010B,Vehicle crime,Investigation complete; no suspect identified,
0136e20ebd2f24bc862756cab018b7cf6e8966c7a6d93d271d0252404b2465d7,2021-05,Humberside Police,Humberside Police,-0.644160,53.583103,On or near Earl Street,E01013312,North Lincolnshire 010B,Violence and sexual offences,Unable to prosecute suspect,
3bf6f5c547da7c4ee703ced6597d99234e536ebef3bece2b9076ac5c68817038,2021-05,Humberside Police,Humberside Police,-0.639802,53.586622,On or near Queen Street,E01013312,North Lincolnshire 010B,Violence and sexual offences,Local resolution,
e3c86000dbc656bde6cea30442bfeb3ba0cceea13d617c9b0828c9ef98b75543,2021-05,Humberside Police,Humberside Police,-0.640603,53.586128,On or near Redbourne Street,E01013312,North Lincolnshire 010B,Violence and sexual offences,Local resolution,
e6f0d83df85e6cbac84f0bea2952781a546584c9d7e136e434737adc383ceb82,2021-05,Humberside Police,Humberside Police,-0.641813,53.586564,On or near Winn Street,E01013312,North Lincolnshire 010B,Violence and sexual offences,Unable to prosecute suspect,
822b4e0046f69cea4012ae090d9a419053fcb975c53eefde94d720ae42d4fbe9,2021-05,Humberside Police,Humberside Police,-0.639802,53.586622,On or near Queen Street,E01013312,North Lincolnshire 010B,Violence and sexual offences,Unable to prosecute suspect,
69bb7b7d81e70fdb23871a33ace09ce0c858d1ae6ed3e83bb06355411ee76e80,2021-05,Humberside Police,Humberside Police,-0.642065,53.585300,On or near Trent Street,E01013312,North Lincolnshire 010B,Violence and sexual offences,Unable to prosecute suspect,
4174e3c019dce684038005c1d7ab0f78b9dd3bdd5db0c377fb5358b16e8721ad,2021-05,Humberside Police,Humberside Police,-0.644032,53.586158,On or near The Crofts,E01013312,North Lincolnshire 010B,Violence and sexual offences,Investigation complete; no suspect identified,
14606a35f6e4ad9f28d0f017094c49ec77073f5f629d4d2a66869a2fd502decf,2021-05,Humberside Police,Humberside Police,-0.642065,53.585300,On or near Trent Street,E01013312,North Lincolnshire 010B,Violence and sexual offences,Unable to prosecute suspect,
f1f169e0ac43044287c1b1fd6abfd6af777cc627fa72f16f12e6c3905f802720,2021-05,Humberside Police,Humberside Police,-0.639802,53.586622,On or near Queen Street,E01013312,North Lincolnshire 010B,Violence and sexual offences,Unable to prosecute suspect,
deedfc5e597fb362c0714d98e83a1f30c6395d0a2379e6f861fa0c675ff15857,2021-05,Humberside Police,Humberside Police,-0.644160,53.583103,On or near Earl Street,E01013312,North Lincolnshire 010B,Violence and sexual offences,Unable to prosecute suspect,
841161d298a92af26df3d5efe91da02e04f2c21fe4284bd9cf1c7e22359665f2,2021-05,Humberside Police,Humberside Police,-0.641309,53.585327,On or near Cliff Street,E01013312,North Lincolnshire 010B,Violence and sexual offences,Court result unavailable,
8b67209d69b29fd968e105d951c048406e45273e20200cf1de3858fadc45ca18,2021-05,Humberside Police,Humberside Police,-0.646646,53.584237,On or near The Close,E01013312,North Lincolnshire 010B,Violence and sexual offences,Unable to prosecute suspect,
1d2efd04eb1552f075629acf9df5a2365ff5b34d1fe0c0bb5373d98b5f56b2b1,2021-05,Humberside Police,Humberside Police,-0.641813,53.586564,On or near Winn Street,E01013312,North Lincolnshire 010B,Violence and sexual offences,Unable to prosecute suspect,
1d6a81e3182baebce7a6f3858265a1bc61613555d50264d8fab108555d8bbfdf,2021-05,Humberside Police,Humberside Police,-0.641405,53.586092,On or near Lindsey Street,E01013312,North Lincolnshire 010B,Violence and sexual offences,Unable to prosecute suspect,
481db2e0bb72e4ac83a6062bb19e6e3d8a908db37a31f6060c18ea8f43fc70d7,2021-05,Humberside Police,Humberside Police,-0.644160,53.583103,On or near Earl Street,E01013312,North Lincolnshire 010B,Violence and sexual offences,Unable to prosecute suspect,
beadd6ee3af8e2b300fbf8e4e4726d8a6a52c621c927f499a3cacbca7450951b,2021-05,Humberside Police,Humberside Police,-0.629653,53.584664,On or near Brigg Road,E01013313,North Lincolnshire 010C,Criminal damage and arson,Court result unavailable,
4b4acd83b90a8c9b1e2c20e8b2dbe09372174cb6cfb0d4c17b5a8e24783f78e8,2021-05,Humberside Police,Humberside Police,-0.644783,53.580620,On or near Cemetery Road,E01013313,North Lincolnshire 010C,Other theft,Investigation complete; no suspect identified,
8596bcc9a644c0e3c70ff9240c3fb794042414670f6b854f74a8374482780c53,2021-05,Humberside Police,Humberside Police,-0.629653,53.584664,On or near Brigg Road,E01013313,North Lincolnshire 010C,Possession of weapons,Local resolution,
e95253855f582bb2aafcf5a14ecb9ff9798cca6a1481332b04f34217c47f19a5,2021-05,Humberside Police,Humberside Police,-0.629653,53.584664,On or near Brigg Road,E01013313,North Lincolnshire 010C,Theft from the person,Investigation complete; no suspect identified,
3a770f7fbce0c18f2027d768007959970a0b07ac4b0cd69378b2b4127f4947e3,2021-05,Humberside Police,Humberside Police,-0.604278,53.588209,On or near Redbourn East Road,E01013313,North Lincolnshire 010C,Violence and sexual offences,Unable to prosecute suspect,
143ece688987f0fcc9382e371c27acdae4da1e24bace4a78b6fe63e66459d195,2021-05,Humberside Police,Humberside Police,-0.629653,53.584664,On or near Brigg Road,E01013313,North Lincolnshire 010C,Violence and sexual offences,Unable to prosecute suspect,
,2021-05,Humberside Police,Humberside Police,-0.649865,53.583249,On or near Plum Tree Way,E01013314,North Lincolnshire 010D,Anti-social behaviour,,
,2021-05,Humberside Police,Humberside Police,-0.653327,53.583162,On or near Ashby Road,E01013314,North Lincolnshire 010D,Anti-social behaviour,,
,2021-05,Humberside Police,Humberside Police,-0.651145,53.583856,On or near Wortley Street,E01013314,North Lincolnshire 010D,Anti-social behaviour,,
,2021-05,Humberside Police,Humberside Police,-0.654364,53.579057,On or near Ashby Road,E01013314,North Lincolnshire 010D,Anti-social behaviour,,
,2021-05,Humberside Police,Humberside Police,-0.653327,53.583162,On or near Ashby Road,E01013314,North Lincolnshire 010D,Anti-social behaviour,,
,2021-05,Humberside Police,Humberside Police,-0.653327,53.583162,On or near Ashby Road,E01013314,North Lincolnshire 010D,Anti-social behaviour,,
,2021-05,Humberside Police,Humberside Police,-0.649865,53.583249,On or near Plum Tree Way,E01013314,North Lincolnshire 010D,Anti-social behaviour,,
3f9e963f0a46e73b6e5bd54ce2e51ec2033c69319103843eaa029e000f38ecd2,2021-05,Humberside Police,Humberside Police,-0.646133,53.576663,On or near Marlborough Drive,E01013314,North Lincolnshire 010D,Bicycle theft,Investigation complete; no suspect identified,
86a607bd3ec13762c963ecb4c62857489d8d8b3a1d78f57684289e6fdee0effd,2021-05,Humberside Police,Humberside Police,-0.652191,53.581828,On or near King Edward Street,E01013314,North Lincolnshire 010D,Burglary,Investigation complete; no suspect identified,
e5f03d229c8e7a34db1ad6ddb0b00ace00a86acd3b03153745c23a73666e3a46,2021-05,Humberside Police,Humberside Police,-0.654364,53.579057,On or near Ashby Road,E01013314,North Lincolnshire 010D,Burglary,Unable to prosecute suspect,
9eaab0dd3c383b54440ce1304e5035fcb0cf9f3e055c640ae7c90a0c4d2102c2,2021-05,Humberside Police,Humberside Police,-0.641220,53.574432,On or near Marmion Road,E01013314,North Lincolnshire 010D,Burglary,Investigation complete; no suspect identified,
64438c217551ae538eb4d6e62fd7f021d7499c3b2c73aaacf965588473e6e6c4,2021-05,Humberside Police,Humberside Police,-0.652191,53.581828,On or near King Edward Street,E01013314,North Lincolnshire 010D,Burglary,Investigation complete; no suspect identified,
602a3b687cc47e62e4c46160e0d33cec0e73f8690350038454f207d2460150bb,2021-05,Humberside Police,Humberside Police,-0.646133,53.576663,On or near Marlborough Drive,E01013314,North Lincolnshire 010D,Other theft,Local resolution,
8392f50b5d21fce1dc4217e1dfcf27e1c5a4c97185112348771ab898c6e84244,2021-05,Humberside Police,Humberside Police,-0.643794,53.576133,On or near Shirley Crescent,E01013314,North Lincolnshire 010D,Public order,Unable to prosecute suspect,
deb5f908cc5593ee21ff969e498dd65996cb4038a2644690eed337aa73980897,2021-05,Humberside Police,Humberside Police,-0.649167,53.582872,On or near Sanderson Close,E01013314,North Lincolnshire 010D,Public order,Unable to prosecute suspect,
9fc521902e6b7f2dd0f274127ee56995b1b6f94572c676a30a49e75e20c0abfa,2021-05,Humberside Police,Humberside Police,-0.643794,53.576133,On or near Shirley Crescent,E01013314,North Lincolnshire 010D,Public order,Court result unavailable,
2786fac4a9c1d36888d4493bd18718a649d2831eaa33bea1fcf6e3be3ff358ff,2021-05,Humberside Police,Humberside Police,-0.650215,53.584116,On or near Abercorn Street,E01013314,North Lincolnshire 010D,Violence and sexual offences,Unable to prosecute suspect,
b307b60bcf57a41480abc86ef7064df992f27cf67861aee6d554b9dac87fc49c,2021-05,Humberside Police,Humberside Police,-0.643794,53.576133,On or near Shirley Crescent,E01013314,North Lincolnshire 010D,Violence and sexual offences,Unable to prosecute suspect,
caaff671ea4673cd31a423de9808fa0816487a025a85cf431a8e489e9a6728ae,2021-05,Humberside Police,Humberside Police,-0.649865,53.583249,On or near Plum Tree Way,E01013314,North Lincolnshire 010D,Violence and sexual offences,Investigation complete; no suspect identified,
960dad0d2d060368ba0e559917e37b09e7d66e386807aa7e00eb4a62fb6c9e3f,2021-05,Humberside Police,Humberside Police,-0.646133,53.576663,On or near Marlborough Drive,E01013314,North Lincolnshire 010D,Violence and sexual offences,Unable to prosecute suspect,
fbe1ba535b4bfb6bf6480d68442c292ac2866ba6dee4f1c4214c610644da761d,2021-05,Humberside Police,Humberside Police,-0.643794,53.576133,On or near Shirley Crescent,E01013314,North Lincolnshire 010D,Violence and sexual offences,Unable to prosecute suspect,
b5ceeae097e328bf2939316d8c00d8840c0712cf28484d948d53a71cb539c72e,2021-05,Humberside Police,Humberside Police,-0.652191,53.581828,On or near King Edward Street,E01013314,North Lincolnshire 010D,Violence and sexual offences,Court result unavailable,
6f9b39a2cd029fcfd1a3a51a1529f4450f36df34a37a4f6bef4dab631475bd5c,2021-05,Humberside Police,Humberside Police,-0.654364,53.579057,On or near Ashby Road,E01013314,North Lincolnshire 010D,Violence and sexual offences,Unable to prosecute suspect,
9e683ae3fdc822d0648fa1490ccc3b6e0ca4dee2c03d53c69363bfd010076300,2021-05,Humberside Police,Humberside Police,-0.646133,53.576663,On or near Marlborough Drive,E01013314,North Lincolnshire 010D,Violence and sexual offences,Unable to prosecute suspect,
173f0918be4388488c9f3cbef8704532c449594f4dabdd3f37dab2ceefad867f,2021-05,Humberside Police,Humberside Police,-0.643794,53.576133,On or near Shirley Crescent,E01013314,North Lincolnshire 010D,Violence and sexual offences,Unable to prosecute suspect,
3cd0eba9d3df74caae3af5bab90685a77038ba73c289302d3876b5849714810c,2021-05,Humberside Police,Humberside Police,-0.648268,53.582170,On or near Redbourn Close,E01013314,North Lincolnshire 010D,Violence and sexual offences,Unable to prosecute suspect,
a657cce6461531fbd579d63f3c1b7808fb5022273a0d8b5efedaeaf8d213ba24,2021-05,Humberside Police,Humberside Police,-0.650215,53.584116,On or near Abercorn Street,E01013314,North Lincolnshire 010D,Violence and sexual offences,Unable to prosecute suspect,
c95406915b5b628f0303f7b4931397fb8d6de1a920e9f0ac73c44b6f0afba41f,2021-05,Humberside Police,Humberside Police,-0.652191,53.581828,On or near King Edward Street,E01013314,North Lincolnshire 010D,Violence and sexual offences,Unable to prosecute suspect,
74fbaf0b1d14280ff803b08419f8ea8f74eba1432c084ab9f61d7f325a671c56,2021-05,Humberside Police,Humberside Police,-0.646133,53.576663,On or near Marlborough Drive,E01013314,North Lincolnshire 010D,Violence and sexual offences,Investigation complete; no suspect identified,
e60421ff16445294d5b12710c94448ba479d81fdce0be127b6203335417a1eb5,2021-05,Humberside Police,Humberside Police,-0.652191,53.581828,On or near King Edward Street,E01013314,North Lincolnshire 010D,Other crime,Status update unavailable,
cfee0ef6faa01dd6e5a3680f242b6d3363e9fdaecbbc78633986a4399851d511,2021-05,Humberside Police,Humberside Police,-0.648268,53.582170,On or near Redbourn Close,E01013314,North Lincolnshire 010D,Other crime,Unable to prosecute suspect,
db46a86587ad9156cc563c0b644fe9d5b3b3ecc185d505cc72d24ef854a59e70,2021-05,Humberside Police,Humberside Police,-0.466463,53.610343,On or near Hurd'S Farm,E01013267,North Lincolnshire 011A,Criminal damage and arson,Unable to prosecute suspect,
023241fff52dcaf764bc36e0a9b6c4d34270135a80d14723904b3fc3e577ae6b,2021-05,Humberside Police,Humberside Police,-0.467944,53.611162,On or near Main Street,E01013267,North Lincolnshire 011A,Violence and sexual offences,Unable to prosecute suspect,
455af03ae6936b05c7a37364bf8a9c2297451b877ff900afc93bbf7d25e4db92,2021-05,Humberside Police,Humberside Police,-0.503572,53.638976,On or near Main Street,E01013268,North Lincolnshire 011B,Burglary,Investigation complete; no suspect identified,
14cb144cb091db3215d097ae8c2b3e4b0af94c5a8f93489df31a97a30fd7c238,2021-05,Humberside Police,Humberside Police,-0.505199,53.676822,On or near The Rise,E01013268,North Lincolnshire 011B,Other theft,Investigation complete; no suspect identified,
5d2597226c154bb805b2f7d4bd5abc02f54e7d7413640df3ffe294f568d036f7,2021-05,Humberside Police,Humberside Police,-0.508238,53.676060,On or near Queen Elizabeth Avenue,E01013268,North Lincolnshire 011B,Violence and sexual offences,Unable to prosecute suspect,
cf6da08268a6cd5fd4eadac008d4cfd75d6d5786e6e03b68171adfc18fc44ad9,2021-05,Humberside Police,Humberside Police,-0.516716,53.676076,On or near Andrews Road,E01013268,North Lincolnshire 011B,Violence and sexual offences,Unable to prosecute suspect,
b4f2742f8697d8d768fc370a50ec11310cf369cabf77e48665c36734eeb56b51,2021-05,Humberside Police,Humberside Police,-0.420985,53.580582,On or near Parking Area,E01013269,North Lincolnshire 011C,Burglary,Court result unavailable,
7a4aca0133e9afc36c897f2ec3e9e0dfb38ac993eedc0ba97b7041db426b7746,2021-05,Humberside Police,Humberside Police,-0.466424,53.562997,On or near Brigg Road,E01013269,North Lincolnshire 011C,Other theft,Unable to prosecute suspect,
de4b0a382cfc640094515f7de08d9a474c5738835aa0d73f75e3a2ae45d1118a,2021-05,Humberside Police,Humberside Police,-0.463105,53.578326,On or near B1206,E01013269,North Lincolnshire 011C,Other theft,Investigation complete; no suspect identified,
,2021-05,Humberside Police,Humberside Police,-0.482265,53.560835,On or near Horstead Avenue,E01013271,North Lincolnshire 011D,Anti-social behaviour,,
,2021-05,Humberside Police,Humberside Police,-0.481677,53.560809,On or near Foxton Way,E01013271,North Lincolnshire 011D,Anti-social behaviour,,
d140a9dc962406f5d79feb0ca33e4f9b4abee2833d3251b57e9877929cfbe175,2021-05,Humberside Police,Humberside Police,-0.481677,53.560809,On or near Foxton Way,E01013271,North Lincolnshire 011D,Criminal damage and arson,Investigation complete; no suspect identified,
d0113a4f8e6cf0a8cfc7183912789d8fcd39fe0e0fcf60c6c762145ed49a0502,2021-05,Humberside Police,Humberside Police,-0.487962,53.556457,On or near Old School Close,E01013271,North Lincolnshire 011D,Public order,Investigation complete; no suspect identified,
35f3241d5a4840e447d832ed9bff0efb2618dfb0c5d170bf3258135c6fb01b73,2021-05,Humberside Police,Humberside Police,-0.485634,53.556122,On or near Woodbine Avenue,E01013271,North Lincolnshire 011D,Public order,Unable to prosecute suspect,
c21fd1fa2fae5ba811bc797082e0998772d1dac6b692efb711840412df01a702,2021-05,Humberside Police,Humberside Police,-0.485634,53.556122,On or near Woodbine Avenue,E01013271,North Lincolnshire 011D,Public order,Unable to prosecute suspect,
de8931542368aae9357be879d48353d760523b3c6b24af170f18ae68ffa6b0cf,2021-05,Humberside Police,Humberside Police,-0.482265,53.560835,On or near Horstead Avenue,E01013271,North Lincolnshire 011D,Vehicle crime,Investigation complete; no suspect identified,
94e5d1365258e0164b76baa6a39d47814a0d7fcbaa10934e4380659be32287c8,2021-05,Humberside Police,Humberside Police,-0.484337,53.560744,On or near Highfield Grove,E01013271,North Lincolnshire 011D,Vehicle crime,Investigation complete; no suspect identified,
36c998dac35c7dc5d93861fcbcc80ee648093742df6c602987954132f191f542,2021-05,Humberside Police,Humberside Police,-0.488629,53.555540,On or near Glebe Road,E01013271,North Lincolnshire 011D,Violence and sexual offences,Unable to prosecute suspect,
ca45de523ead79ab6146cd92021e2d77b151f781a14b9a1330901f7bb5160e8e,2021-05,Humberside Police,Humberside Police,-0.488629,53.555540,On or near Glebe Road,E01013271,North Lincolnshire 011D,Violence and sexual offences,Unable to prosecute suspect,
51a619de79a8aa33f90fcc3028613724dc8775a77308d719210c6ffc57a4cd50,2021-05,Humberside Police,Humberside Police,-0.494055,53.557900,On or near Bluebell Grove,E01013271,North Lincolnshire 011D,Violence and sexual offences,Local resolution,
5d8ac00503368b2b649a737cf8b2bdae700f5a659dfe9c336ff36f11ffca04da,2021-05,Humberside Police,Humberside Police,-0.483906,53.560963,On or near Poplar Drive,E01013271,North Lincolnshire 011D,Violence and sexual offences,Unable to prosecute suspect,
6a7ced16fbd75519abe80799eed525fa40134d321b6520bc46e33ab46beb684e,2021-05,Humberside Police,Humberside Police,-0.488577,53.557831,On or near Preston Drive,E01013271,North Lincolnshire 011D,Violence and sexual offences,Unable to prosecute suspect,
f072da99e32771106ed27366fe26afaa6a77b2c30922dbf09e41742d52ccb9c0,2021-05,Humberside Police,Humberside Police,-0.487518,53.559607,On or near Springbank,E01013271,North Lincolnshire 011D,Violence and sexual offences,Unable to prosecute suspect,
88ec6dc5bf578310ec6055df965a2ba2d45fe6c692d53f38d279aaa7511bdc9c,2021-05,Humberside Police,Humberside Police,-0.487518,53.559607,On or near Springbank,E01013271,North Lincolnshire 011D,Violence and sexual offences,Unable to prosecute suspect,
ea4b67c6a544ad2b9bc241a6e597794693477dfd1a272cc38747c82ab1d8774f,2021-05,Humberside Police,Humberside Police,-0.483906,53.560963,On or near Poplar Drive,E01013271,North Lincolnshire 011D,Violence and sexual offences,Court result unavailable,
617de8ca565819198bce7e0800920530c9f343cf83ca207a94b1a41addad7087,2021-05,Humberside Police,Humberside Police,-0.484337,53.560744,On or near Highfield Grove,E01013271,North Lincolnshire 011D,Violence and sexual offences,Investigation complete; no suspect identified,
e17579c6c049d47d1a4014784c55bb69cf8d6fac0d3c59bb53ce486256a24432,2021-05,Humberside Police,Humberside Police,-0.486555,53.557383,On or near Hawthorn Avenue,E01013271,North Lincolnshire 011D,Violence and sexual offences,Further action is not in the public interest,
85eede4bb2dc6bdcf40dda2fdbe3eeb510e3117bf954f9c3adcedde4fad1f561,2021-05,Humberside Police,Humberside Police,-0.486555,53.557383,On or near Hawthorn Avenue,E01013271,North Lincolnshire 011D,Violence and sexual offences,Unable to prosecute suspect,
c69aabc5d6cf69fc67f9fd0674f05f19673f3788963cebe5b7ca4af697c2eea4,2021-05,Humberside Police,Humberside Police,-0.481677,53.560809,On or near Foxton Way,E01013271,North Lincolnshire 011D,Violence and sexual offences,Unable to prosecute suspect,
c68661667530037cb5c43feaae9e24e5dd023dfdd1528c0394b64da2e290cc76,2021-05,Humberside Police,Humberside Police,-0.487518,53.559607,On or near Springbank,E01013271,North Lincolnshire 011D,Other crime,Unable to prosecute suspect,
,2021-05,Humberside Police,Humberside Police,-0.492214,53.551944,On or near Shopping Area,E01013272,North Lincolnshire 011E,Anti-social behaviour,,
,2021-05,Humberside Police,Humberside Police,-0.499021,53.550690,On or near Bridge Street,E01013272,North Lincolnshire 011E,Anti-social behaviour,,
e8ad3355f28c65eeba250901f01204fb0e57dbb60736843bd67e58d04d476c91,2021-05,Humberside Police,Humberside Police,-0.493710,53.553168,On or near Supermarket,E01013272,North Lincolnshire 011E,Bicycle theft,Unable to prosecute suspect,
137cf52afdf292f86edc3d008de94c8e80de34a4fc9502392a9cba90f21fe613,2021-05,Humberside Police,Humberside Police,-0.494232,53.555898,On or near Cherry Tree Avenue,E01013272,North Lincolnshire 011E,Burglary,Investigation complete; no suspect identified,
78773fab7d23489607a1c86b31b233057db85510390d2b89a94a36aa44c31ce8,2021-05,Humberside Police,Humberside Police,-0.497719,53.548247,On or near Mill Lane,E01013272,North Lincolnshire 011E,Criminal damage and arson,Investigation complete; no suspect identified,
76af5ee91047489b6438ba9f43962999967ee17c0f2e0982a072e34455df45c5,2021-05,Humberside Police,Humberside Police,-0.492214,53.551944,On or near Shopping Area,E01013272,North Lincolnshire 011E,Criminal damage and arson,Local resolution,
56829d0794ed8f2e1b27b978bd3dbcd42b497eb44f2fcced30d135ac0a005ea2,2021-05,Humberside Police,Humberside Police,-0.494853,53.551582,On or near Bridge Street,E01013272,North Lincolnshire 011E,Criminal damage and arson,Court result unavailable,
d148c540955c12141ff5bc555a74d587e568d58c700b5b5152cc9d0085a226a4,2021-05,Humberside Police,Humberside Police,-0.498089,53.550571,On or near Petrol Station,E01013272,North Lincolnshire 011E,Drugs,Offender given a caution,
d742a861ef4e8b11356eeabf63761a15b99ab38b85d6992cd9913988d89be33c,2021-05,Humberside Police,Humberside Police,-0.493871,53.550347,On or near Manley Gardens,E01013272,North Lincolnshire 011E,Other theft,Unable to prosecute suspect,
1c81f465c4302ff9df139419ea751d4cc65e8a07bf3ec12bc9e7ee9865b1c0e5,2021-05,Humberside Police,Humberside Police,-0.494853,53.551582,On or near Bridge Street,E01013272,North Lincolnshire 011E,Public order,Unable to prosecute suspect,
f2ad47aea477485dfc2a99d68fbdc7e8383d51a88003297621da6c34520ec087,2021-05,Humberside Police,Humberside Police,-0.499021,53.550690,On or near Bridge Street,E01013272,North Lincolnshire 011E,Public order,Investigation complete; no suspect identified,
0b4eb1be35a6ca9a092a5a096858b37f43d8790fa5f69350fef6c72b17b4b08d,2021-05,Humberside Police,Humberside Police,-0.494853,53.551582,On or near Bridge Street,E01013272,North Lincolnshire 011E,Public order,Unable to prosecute suspect,
5cbb7b56d9628d3a7e9d1da359d0ca430d0a31cfcd5721bea88bd1b7af00275c,2021-05,Humberside Police,Humberside Police,-0.493710,53.553168,On or near Supermarket,E01013272,North Lincolnshire 011E,Shoplifting,Court result unavailable,
17814088313487d9c331f1cba9fac625d70db42df02cf02fe0381f5cced1dacf,2021-05,Humberside Police,Humberside Police,-0.493591,53.552699,On or near Springs Way,E01013272,North Lincolnshire 011E,Shoplifting,Investigation complete; no suspect identified,
7fc3b90e89d404f68e650abd59ffd9d91037efd11a6d7cb8f216ef73c4b80265,2021-05,Humberside Police,Humberside Police,-0.492966,53.553293,On or near Cary Lane,E01013272,North Lincolnshire 011E,Shoplifting,Local resolution,
4124ca37584a9193a532562073d2f0850a2a1e8fb4768bcc2e87adbbff3d9253,2021-05,Humberside Police,Humberside Police,-0.493710,53.553168,On or near Supermarket,E01013272,North Lincolnshire 011E,Shoplifting,Investigation complete; no suspect identified,
9166a5750e448fbca97b1bf78190747f987eba7c7a9181027e47c4cc5fe897ec,2021-05,Humberside Police,Humberside Police,-0.493710,53.553168,On or near Supermarket,E01013272,North Lincolnshire 011E,Shoplifting,Court result unavailable,
cc62c2ef2bdf75a0b7320ed3e5ec732d4fd31038077e5561b766030572daf8c3,2021-05,Humberside Police,Humberside Police,-0.493710,53.553168,On or near Supermarket,E01013272,North Lincolnshire 011E,Shoplifting,Investigation complete; no suspect identified,
1520587c4db4dab4fbafd1d42876f4c0a5afa8ebffc1c8ab849161b34893ff0a,2021-05,Humberside Police,Humberside Police,-0.493710,53.553168,On or near Supermarket,E01013272,North Lincolnshire 011E,Shoplifting,Court result unavailable,
6284172e1ee8eec2e34457d94448d8fb316e38d502cf610791ebf04d6b16b63d,2021-05,Humberside Police,Humberside Police,-0.493710,53.553168,On or near Supermarket,E01013272,North Lincolnshire 011E,Shoplifting,Court result unavailable,
d333ae4ffcb8caa55d60f57d25485b9419a754d221416f8fd37b8e8216bc0815,2021-05,Humberside Police,Humberside Police,-0.495913,53.554058,On or near A18,E01013272,North Lincolnshire 011E,Violence and sexual offences,Status update unavailable,
af9e9b781cf3d6db9bb402b3d493451b476911c3bc63a68d711d84229e64997f,2021-05,Humberside Police,Humberside Police,-0.492214,53.551944,On or near Shopping Area,E01013272,North Lincolnshire 011E,Violence and sexual offences,Local resolution,
a463e81b09823f6248f7958c83cbec42ab1f60be8c864aa08489547400f1d35a,2021-05,Humberside Police,Humberside Police,-0.494853,53.551582,On or near Bridge Street,E01013272,North Lincolnshire 011E,Violence and sexual offences,Unable to prosecute suspect,
7016d4b399da177249488f80322c3b6f08c48882c92e20bd477af06401e813b7,2021-05,Humberside Police,Humberside Police,-0.497719,53.548247,On or near Mill Lane,E01013272,North Lincolnshire 011E,Violence and sexual offences,Unable to prosecute suspect,
2fb030508cf0065712d5d3d099004f6f423bac86bd6042a3c01eef9aee9e94f5,2021-05,Humberside Police,Humberside Police,-0.492214,53.551944,On or near Shopping Area,E01013272,North Lincolnshire 011E,Violence and sexual offences,Unable to prosecute suspect,
dd9d4bca43ca5433c21d3702294963eb597fc5da0c66d94d240fa7ae761ee92f,2021-05,Humberside Police,Humberside Police,-0.498089,53.550571,On or near Petrol Station,E01013272,North Lincolnshire 011E,Violence and sexual offences,Court result unavailable,
2e7a00b0ea48b69d3c1c2f300b24fbaea66a7134294413d3dd9a6a9958493fcd,2021-05,Humberside Police,Humberside Police,-0.493591,53.552699,On or near Springs Way,E01013272,North Lincolnshire 011E,Violence and sexual offences,Investigation complete; no suspect identified,
b2d3a513374af1a1346b85125e8311d8b89d50d83942d318f7dfc4b8e6c55b59,2021-05,Humberside Police,Humberside Police,-0.498089,53.550571,On or near Petrol Station,E01013272,North Lincolnshire 011E,Violence and sexual offences,Court result unavailable,
d582b8a9e111d17a7603f5cbfc5e231f59d695e826edc0a68280df0e81da2e86,2021-05,Humberside Police,Humberside Police,-0.496023,53.556478,On or near Redcombe Lane,E01013272,North Lincolnshire 011E,Violence and sexual offences,Investigation complete; no suspect identified,
f0b5de265cd742a57df70499efd61b78df34d59770d1bd7213a1c155b9c955c6,2021-05,Humberside Police,Humberside Police,-0.498089,53.550571,On or near Petrol Station,E01013272,North Lincolnshire 011E,Violence and sexual offences,Unable to prosecute suspect,
928d4c8cd587570b78fbc760c0fc941b82ef45a56f76499f84143148bdef9e27,2021-05,Humberside Police,Humberside Police,-0.498089,53.550571,On or near Petrol Station,E01013272,North Lincolnshire 011E,Violence and sexual offences,Unable to prosecute suspect,
e44d68bbbd69bcd8934c3f8c8da27f1b3b3a92854811d742eef337579ab292e7,2021-05,Humberside Police,Humberside Police,-0.489137,53.552723,On or near Grammar School Road South,E01013273,North Lincolnshire 011F,Criminal damage and arson,Unable to prosecute suspect,
360fe025a37430f22f810dbb8d66dd02e1088da037324c9f8c7d6d7a9561b64c,2021-05,Humberside Police,Humberside Police,-0.483751,53.550516,On or near Bigby Road,E01013273,North Lincolnshire 011F,Other theft,Unable to prosecute suspect,
b074062bc3ea3ecbdd3c96c47b1299996318f4bbac8de2d6887d8c14af13d4c3,2021-05,Humberside Police,Humberside Police,-0.479635,53.555857,On or near Holme Close,E01013273,North Lincolnshire 011F,Public order,Investigation complete; no suspect identified,
9bfbc7cc2f0e7274ec69a69e3f7b739882ef793c9f1783852da4b07add7dd8e4,2021-05,Humberside Police,Humberside Police,-0.483751,53.550516,On or near Bigby Road,E01013273,North Lincolnshire 011F,Violence and sexual offences,Unable to prosecute suspect,
11a99c718b493998821a003ea4a72c6bba9f3e59bc38be98e345bd56a3dbabdf,2021-05,Humberside Police,Humberside Police,-0.481871,53.552020,On or near St Helen'S Road,E01013273,North Lincolnshire 011F,Violence and sexual offences,Unable to prosecute suspect,
add38f44dff13c9249c3cad8583bc64d6298a148e332c38aec0728e95c61a7cc,2021-05,Humberside Police,Humberside Police,-0.489137,53.552723,On or near Grammar School Road South,E01013273,North Lincolnshire 011F,Violence and sexual offences,Unable to prosecute suspect,
,2021-05,Humberside Police,Humberside Police,-0.681419,53.575079,On or near Dorchester Road,E01013279,North Lincolnshire 012A,Anti-social behaviour,,
,2021-05,Humberside Police,Humberside Police,-0.681914,53.573727,On or near Rochester Close,E01013279,North Lincolnshire 012A,Anti-social behaviour,,
,2021-05,Humberside Police,Humberside Police,-0.681914,53.573727,On or near Rochester Close,E01013279,North Lincolnshire 012A,Anti-social behaviour,,
,2021-05,Humberside Police,Humberside Police,-0.682572,53.577321,On or near Lynmouth Drive,E01013279,North Lincolnshire 012A,Anti-social behaviour,,
425e006ed475d84f28e46bc640fe7c6e7e2b2623e45546c1a8a8f0cec45725e5,2021-05,Humberside Police,Humberside Police,-0.677463,53.578442,On or near Charles Lovell Way,E01013279,North Lincolnshire 012A,Burglary,Investigation complete; no suspect identified,
09519c3444df2f3fa703ba1dde8c0efa9984d84b88deaa52777b0cc74bebed7f,2021-05,Humberside Police,Humberside Police,-0.676865,53.574831,On or near Barnstaple Road,E01013279,North Lincolnshire 012A,Criminal damage and arson,Investigation complete; no suspect identified,
8a20e4a9bd74df15f60c296cfc1687ca2921295cb6597a78d54c3f5e56782a97,2021-05,Humberside Police,Humberside Police,-0.681532,53.575817,On or near Torrington Road,E01013279,North Lincolnshire 012A,Criminal damage and arson,Investigation complete; no suspect identified,
6abdf3bf3306e5322447bde1b40f64af5bfd2d37efbe43b5f0f56e8f35272067,2021-05,Humberside Police,Humberside Police,-0.681795,53.576566,On or near Exmoor Road,E01013279,North Lincolnshire 012A,Drugs,Offender given a drugs possession warning,
3f70ff0aa77f2c83588990b3396226142994d52b88ddae17e275923f2ea379e0,2021-05,Humberside Police,Humberside Police,-0.681532,53.575817,On or near Torrington Road,E01013279,North Lincolnshire 012A,Other theft,Unable to prosecute suspect,
afd219edf1a26e4ada90a2242fe58291e36c8fc32ec6e728e6540bbc4b9acdb6,2021-05,Humberside Police,Humberside Police,-0.682572,53.577321,On or near Lynmouth Drive,E01013279,North Lincolnshire 012A,Other theft,Unable to prosecute suspect,
4f8c2211d7b2db67e1ebbaf42f91882617313ff2494e33d9b1b38af5a57d6674,2021-05,Humberside Police,Humberside Police,-0.681532,53.575817,On or near Torrington Road,E01013279,North Lincolnshire 012A,Other theft,Investigation complete; no suspect identified,
a18963689f9abc5082c75a8a36e1debfe7aed3dd1a59f7dd39fdce761582c2d4,2021-05,Humberside Police,Humberside Police,-0.681914,53.573727,On or near Rochester Close,E01013279,North Lincolnshire 012A,Other theft,Unable to prosecute suspect,
327ee283793ef23925c0e85857e9cf5eb58979d6f07fe26d43e643033ab20d0c,2021-05,Humberside Police,Humberside Police,-0.681419,53.575079,On or near Dorchester Road,E01013279,North Lincolnshire 012A,Public order,Investigation complete; no suspect identified,
b5b18d0b2292dc526d1f8e03f728b3fac8e1007571fa7e2b3d72397ff8ec2e1d,2021-05,Humberside Police,Humberside Police,-0.677202,53.576147,On or near Seaton Road,E01013279,North Lincolnshire 012A,Violence and sexual offences,Unable to prosecute suspect,
472a50be3e5d8d1affd53cf0cc5d8da121a9181255073f18e07edc90ae49fe3b,2021-05,Humberside Police,Humberside Police,-0.681419,53.575079,On or near Dorchester Road,E01013279,North Lincolnshire 012A,Violence and sexual offences,Unable to prosecute suspect,
6ae0e07ff077c7e29ec572ef73304d67e5363564d42026dd26df4de95f2b63e9,2021-05,Humberside Police,Humberside Police,-0.681532,53.575817,On or near Torrington Road,E01013279,North Lincolnshire 012A,Violence and sexual offences,Investigation complete; no suspect identified,
7b13885e83e2b89b8201e121c59e731aaff1da88af94603247d3d5a6ca8d267b,2021-05,Humberside Police,Humberside Police,-0.682572,53.577321,On or near Lynmouth Drive,E01013279,North Lincolnshire 012A,Violence and sexual offences,Unable to prosecute suspect,
1a3cd0109326511b9637621377700f7fcb7c07b99c281aca81b664c53d4834ee,2021-05,Humberside Police,Humberside Police,-0.681532,53.575817,On or near Torrington Road,E01013279,North Lincolnshire 012A,Violence and sexual offences,Local resolution,
77461f2110a0b889cd87724f9fd4b8e0c956ac1e15184359711ea0f48026bdab,2021-05,Humberside Police,Humberside Police,-0.681795,53.576566,On or near Exmoor Road,E01013279,North Lincolnshire 012A,Violence and sexual offences,Investigation complete; no suspect identified,
d16e68f310af342d5fb41d616e2a2232479a9dfa11ad505b4345a274770bd21e,2021-05,Humberside Police,Humberside Police,-0.677405,53.576913,On or near Bridgewater Road,E01013279,North Lincolnshire 012A,Violence and sexual offences,Action to be taken by another organisation,
c8e576fa5c1b4f505c4880d3455f8b2f8c1264c98c19898297a9b4a0fd344677,2021-05,Humberside Police,Humberside Police,-0.681532,53.575817,On or near Torrington Road,E01013279,North Lincolnshire 012A,Violence and sexual offences,Investigation complete; no suspect identified,
bc9fd9fceff71ac45e6c8dc1f59fabfdfdfdb3eab5896a07c885fa84a0a29910,2021-05,Humberside Police,Humberside Police,-0.677202,53.576147,On or near Seaton Road,E01013279,North Lincolnshire 012A,Violence and sexual offences,Unable to prosecute suspect,
72feadc7490a4eba41cf333ae1f4236915e30bd8bd76df99d2fa9cceab8348bd,2021-05,Humberside Police,Humberside Police,-0.681795,53.576566,On or near Exmoor Road,E01013279,North Lincolnshire 012A,Violence and sexual offences,Unable to prosecute suspect,
adb3aaa0157b3971f107470164e571502296ac5b254a6925cde7684dc047e64a,2021-05,Humberside Police,Humberside Police,-0.677573,53.575378,On or near Clevedon Road,E01013279,North Lincolnshire 012A,Violence and sexual offences,Status update unavailable,
c51a8c442826d45d2138e2ff59444adf626107bd7414a6ec3a023a48f4ae1c13,2021-05,Humberside Police,Humberside Police,-0.681795,53.576566,On or near Exmoor Road,E01013279,North Lincolnshire 012A,Violence and sexual offences,Investigation complete; no suspect identified,
d28fe56c126d5b18bdcbc39b3957454878891da95839f4f94e66b682a7523343,2021-05,Humberside Police,Humberside Police,-0.682572,53.577321,On or near Lynmouth Drive,E01013279,North Lincolnshire 012A,Violence and sexual offences,Unable to prosecute suspect,
5d7388234ad1ceb2c7e1421e6ed4e627a562b3de8fba201d91bb9c0df2a0d2c8,2021-05,Humberside Police,Humberside Police,-0.681795,53.576566,On or near Exmoor Road,E01013279,North Lincolnshire 012A,Violence and sexual offences,Unable to prosecute suspect,
03dfbd9a87888596975c8922382d2c1b027f67d85da5bf2a558b8268244463a2,2021-05,Humberside Police,Humberside Police,-0.681914,53.573727,On or near Rochester Close,E01013279,North Lincolnshire 012A,Violence and sexual offences,Unable to prosecute suspect,
66a5617ca0e13151578974dfa38659d659be82aafdce658deb87985efcea336d,2021-05,Humberside Police,Humberside Police,-0.681532,53.575817,On or near Torrington Road,E01013279,North Lincolnshire 012A,Violence and sexual offences,Investigation complete; no suspect identified,
984731182a6380aee8a2354868e682e0e29f435ab668417bcd19f7c584cf721c,2021-05,Humberside Police,Humberside Police,-0.677405,53.576913,On or near Bridgewater Road,E01013279,North Lincolnshire 012A,Violence and sexual offences,Action to be taken by another organisation,
113f03ec2e7efd8c4e1c3efbbd8ec7e86c65f756d35b98d758809511b0a51a00,2021-05,Humberside Police,Humberside Police,-0.681532,53.575817,On or near Torrington Road,E01013279,North Lincolnshire 012A,Other crime,Investigation complete; no suspect identified,
d68d242849ef9a1b06e5815c6eeaf5011697f0bf561a6a9a4c21334460bc0677,2021-05,Humberside Police,Humberside Police,-0.681914,53.573727,On or near Rochester Close,E01013279,North Lincolnshire 012A,Other crime,Investigation complete; no suspect identified,
,2021-05,Humberside Police,Humberside Police,-0.675330,53.573223,On or near Landor Avenue,E01013285,North Lincolnshire 012B,Anti-social behaviour,,
,2021-05,Humberside Police,Humberside Police,-0.678881,53.579447,On or near Dartmouth Road,E01013285,North Lincolnshire 012B,Anti-social behaviour,,
,2021-05,Humberside Police,Humberside Police,-0.674400,53.572062,On or near Clare Avenue,E01013285,North Lincolnshire 012B,Anti-social behaviour,,
a767e4b4b1a82db32702f730422d55eb96bfbbafd10efcbe89e57faf3dea31fc,2021-05,Humberside Police,Humberside Police,-0.683513,53.580118,On or near Bristol Road,E01013285,North Lincolnshire 012B,Criminal damage and arson,Unable to prosecute suspect,
176d10f0f68880e2c82c02cd7d86cf7f8bdafaf7b391cd4face7f5eac15f908f,2021-05,Humberside Police,Humberside Police,-0.674400,53.572062,On or near Clare Avenue,E01013285,North Lincolnshire 012B,Public order,Investigation complete; no suspect identified,
e6c81661f2147375d2ac65a68e1295031d8122c82833f6bfbfc10657aa88b442,2021-05,Humberside Police,Humberside Police,-0.674400,53.572062,On or near Clare Avenue,E01013285,North Lincolnshire 012B,Public order,Investigation complete; no suspect identified,
121a5c52fab72497e8b56b365b6a5047737759c993b37d575f63db7c22437bea,2021-05,Humberside Police,Humberside Police,-0.676266,53.577108,On or near Plymouth Road,E01013285,North Lincolnshire 012B,Violence and sexual offences,Investigation complete; no suspect identified,
019f8354a18662c128eb7837beab7f7c44b4079a030a12e92fd2def07e277c90,2021-05,Humberside Police,Humberside Police,-0.676266,53.577108,On or near Plymouth Road,E01013285,North Lincolnshire 012B,Violence and sexual offences,Unable to prosecute suspect,
,2021-05,Humberside Police,Humberside Police,-0.659518,53.572265,On or near Malvern Road,E01013316,North Lincolnshire 012C,Anti-social behaviour,,
,2021-05,Humberside Police,Humberside Police,-0.657564,53.572459,On or near West Common Gardens,E01013316,North Lincolnshire 012C,Anti-social behaviour,,
,2021-05,Humberside Police,Humberside Police,-0.672846,53.572953,On or near Herrick Road,E01013316,North Lincolnshire 012C,Anti-social behaviour,,
,2021-05,Humberside Police,Humberside Police,-0.656109,53.574977,On or near Ashby Road,E01013316,North Lincolnshire 012C,Anti-social behaviour,,
,2021-05,Humberside Police,Humberside Police,-0.664773,53.578984,On or near Kingsway,E01013316,North Lincolnshire 012C,Anti-social behaviour,,
,2021-05,Humberside Police,Humberside Police,-0.657564,53.572459,On or near West Common Gardens,E01013316,North Lincolnshire 012C,Anti-social behaviour,,
,2021-05,Humberside Police,Humberside Police,-0.657564,53.572459,On or near West Common Gardens,E01013316,North Lincolnshire 012C,Anti-social behaviour,,
5b3d204d9cf5b48760c44de405393a1409ccf892c845fad34610820ed0e76c1e,2021-05,Humberside Police,Humberside Police,-0.656109,53.574977,On or near Ashby Road,E01013316,North Lincolnshire 012C,Bicycle theft,Investigation complete; no suspect identified,
f3ec632185bd600890364487c15c07134043ed8f242480ed138ccebf0e8f29f0,2021-05,Humberside Police,Humberside Police,-0.657564,53.572459,On or near West Common Gardens,E01013316,North Lincolnshire 012C,Other theft,Court result unavailable,
a3aa26777377f9bab968f0fdccc393d79e98bb372e4cbc48092910040b1f5533,2021-05,Humberside Police,Humberside Police,-0.667516,53.572929,On or near Sports/Recreation Area,E01013316,North Lincolnshire 012C,Other theft,Investigation complete; no suspect identified,
03937e618491a5b97d7768b095e4fad254a1bad97ff7dfc69dcc6e4e30ccc5f4,2021-05,Humberside Police,Humberside Police,-0.669951,53.580525,On or near Ridge Way,E01013316,North Lincolnshire 012C,Public order,Investigation complete; no suspect identified,
12467219f4b3b342ebbdf648b383928d5a699c276d4a35beb01163897d276706,2021-05,Humberside Police,Humberside Police,-0.666313,53.578049,On or near Further/Higher Educational Building,E01013316,North Lincolnshire 012C,Public order,Unable to prosecute suspect,
9ae201c6d49a4b7ec9b9b44fc2b85a8f3701f71c8676a0cd6e70a0892433338f,2021-05,Humberside Police,Humberside Police,-0.656073,53.575184,On or near West Common Lane,E01013316,North Lincolnshire 012C,Public order,Unable to prosecute suspect,
dc391dd48bef9ca96cb7d9ce2fb2e89c58db3c4e13600deb8d5954de0f737e75,2021-05,Humberside Police,Humberside Police,-0.656109,53.574977,On or near Ashby Road,E01013316,North Lincolnshire 012C,Shoplifting,Unable to prosecute suspect,
4782ae24fa4e446c747b26f47bb3c97aae7024e579399458c78768546d724e89,2021-05,Humberside Police,Humberside Police,-0.655359,53.572937,On or near Ashby Road,E01013316,North Lincolnshire 012C,Violence and sexual offences,Unable to prosecute suspect,
f94757f916dfc84881a53359437010f9fe80775b5bdea141eeaec2507bc1c4b4,2021-05,Humberside Police,Humberside Police,-0.665169,53.576472,On or near Glover Road,E01013316,North Lincolnshire 012C,Violence and sexual offences,Unable to prosecute suspect,
c511ac4fa477f84619ea2831b31d8ed1300b395e40989844d143e574285af157,2021-05,Humberside Police,Humberside Police,-0.672846,53.572953,On or near Herrick Road,E01013316,North Lincolnshire 012C,Violence and sexual offences,Further action is not in the public interest,
92461ce6845d4935ab6fee03ed912cee7f63f8545f0aceb30545993e282d93ef,2021-05,Humberside Police,Humberside Police,-0.666716,53.574835,On or near Further/Higher Educational Building,E01013316,North Lincolnshire 012C,Violence and sexual offences,Court result unavailable,
c82404aee381cd60155276d107369befc1b6c368e2bf2d487f49d35124da88be,2021-05,Humberside Police,Humberside Police,-0.659518,53.572265,On or near Malvern Road,E01013316,North Lincolnshire 012C,Violence and sexual offences,Offender given a caution,
fc20366a13196c3221a5748ea267d39cb55b8eed0f0b1e4452c3076aab7905a8,2021-05,Humberside Police,Humberside Police,-0.666716,53.574835,On or near Further/Higher Educational Building,E01013316,North Lincolnshire 012C,Violence and sexual offences,Court result unavailable,
e98fdfaa037c89d2828d47e60cd7d1c9b7f5d1a38f20550d2a06d952ca4e3082,2021-05,Humberside Police,Humberside Police,-0.666716,53.574835,On or near Further/Higher Educational Building,E01013316,North Lincolnshire 012C,Violence and sexual offences,Court result unavailable,
bef7744249d998e5ecb6bfac2a4e17535ccc2cf7d600f9fc8b5b78283ef94893,2021-05,Humberside Police,Humberside Police,-0.662832,53.572536,On or near Rothbury Road,E01013316,North Lincolnshire 012C,Violence and sexual offences,Unable to prosecute suspect,
b572a69bdc0b8fd2d07ea71443afcb3240236039b8e62380cd52e45db34c14e9,2021-05,Humberside Police,Humberside Police,-0.666716,53.574835,On or near Further/Higher Educational Building,E01013316,North Lincolnshire 012C,Violence and sexual offences,Action to be taken by another organisation,
b0bc3aba1e26c033c69d833f433a0931b73edbe1f3b31e22b66209186a722f59,2021-05,Humberside Police,Humberside Police,-0.655359,53.572937,On or near Ashby Road,E01013316,North Lincolnshire 012C,Violence and sexual offences,Unable to prosecute suspect,
a1838e84c81487334b043f09171c27df211793b5e9555cbb70a8ea177f8190d7,2021-05,Humberside Police,Humberside Police,-0.666716,53.574835,On or near Further/Higher Educational Building,E01013316,North Lincolnshire 012C,Violence and sexual offences,Court result unavailable,
,2021-05,Humberside Police,Humberside Police,-0.656676,53.582840,On or near Sports/Recreation Area,E01013321,North Lincolnshire 012D,Anti-social behaviour,,
,2021-05,Humberside Police,Humberside Police,-0.657799,53.583635,On or near Sports/Recreation Area,E01013321,North Lincolnshire 012D,Anti-social behaviour,,
,2021-05,Humberside Police,Humberside Police,-0.656042,53.581395,On or near Parking Area,E01013321,North Lincolnshire 012D,Anti-social behaviour,,
,2021-05,Humberside Police,Humberside Police,-0.656676,53.582840,On or near Sports/Recreation Area,E01013321,North Lincolnshire 012D,Anti-social behaviour,,
,2021-05,Humberside Police,Humberside Police,-0.658915,53.576986,On or near Danum Road,E01013321,North Lincolnshire 012D,Anti-social behaviour,,
00c3b58a5a156611e82c3d98856dc130e4a221271732fed3e328d7f5f80d7e5b,2021-05,Humberside Police,Humberside Police,-0.657799,53.583635,On or near Sports/Recreation Area,E01013321,North Lincolnshire 012D,Burglary,Investigation complete; no suspect identified,
bf7fabc85dabc8680a195bd3c403f6abbec183132fd838db83370a8517bd42c6,2021-05,Humberside Police,Humberside Police,-0.662891,53.584051,On or near Pavilion Gardens,E01013321,North Lincolnshire 012D,Burglary,Investigation complete; no suspect identified,
49eaa1dad312128b5f359b52111b5906d0d42c6d0d7fbbf8a8fca582e933a248,2021-05,Humberside Police,Humberside Police,-0.662891,53.584051,On or near Pavilion Gardens,E01013321,North Lincolnshire 012D,Burglary,Investigation complete; no suspect identified,
58d6bc321ee7390dd8fb2b40c47f1162613afdbd4545d8e969b3eb2f09cf44fe,2021-05,Humberside Police,Humberside Police,-0.662891,53.584051,On or near Pavilion Gardens,E01013321,North Lincolnshire 012D,Burglary,Investigation complete; no suspect identified,
96e111be4ad8f093eae4858c8d80845f40ead5d93909380eb65198ac620c7dcd,2021-05,Humberside Police,Humberside Police,-0.658463,53.576019,On or near West Common Crescent,E01013321,North Lincolnshire 012D,Burglary,Local resolution,
880837e7e74e662c37402c4322419f73d7fe79c96ad3ae625c437c2e38eeb5e4,2021-05,Humberside Police,Humberside Police,-0.661603,53.579389,On or near Parking Area,E01013321,North Lincolnshire 012D,Criminal damage and arson,Investigation complete; no suspect identified,
0c964c77e4babbdade955398b467a18dff57991d969cf9c8d89e069440bf02ef,2021-05,Humberside Police,Humberside Police,-0.656676,53.582840,On or near Sports/Recreation Area,E01013321,North Lincolnshire 012D,Criminal damage and arson,Investigation complete; no suspect identified,
52b7e09bcdcb50f78378d938e04fde3d5b21c51e86634a8ca9506a26e135ebfd,2021-05,Humberside Police,Humberside Police,-0.656676,53.582840,On or near Sports/Recreation Area,E01013321,North Lincolnshire 012D,Criminal damage and arson,Investigation complete; no suspect identified,
1e8541e5db3c72146def4243d0c9de2e870810a720176fd4ae0c71f457ec14c7,2021-05,Humberside Police,Humberside Police,-0.658915,53.576986,On or near Danum Road,E01013321,North Lincolnshire 012D,Public order,Unable to prosecute suspect,
595cf806652c4fdb103060c12135171f0567e2faa1fa2fff8d7a65818be27407,2021-05,Humberside Police,Humberside Police,-0.662891,53.584051,On or near Pavilion Gardens,E01013321,North Lincolnshire 012D,Public order,Investigation complete; no suspect identified,
323778f498f0fd3ce635d1f715d1a85f1e58dd8a9c9210ab58651d971b69341b,2021-05,Humberside Police,Humberside Police,-0.660052,53.583561,On or near Brumby Hall Gardens,E01013321,North Lincolnshire 012D,Violence and sexual offences,Status update unavailable,
35853a90a7aeee56fc219484917d0d6c6400806f45d88a8f4027e5ffeb7847a1,2021-05,Humberside Police,Humberside Police,-0.662891,53.584051,On or near Pavilion Gardens,E01013321,North Lincolnshire 012D,Violence and sexual offences,Unable to prosecute suspect,
0282094244007624de8ac79fb13b701489d197e636712ec68c21e75e129b3121,2021-05,Humberside Police,Humberside Police,-0.657321,53.576771,On or near Atlas Road,E01013321,North Lincolnshire 012D,Violence and sexual offences,Unable to prosecute suspect,
34f1299e5bce9a7c65d6811a8d35b2e3f63ca084f774284e3e7c01fede9a7278,2021-05,Humberside Police,Humberside Police,-0.656175,53.576236,On or near Petrol Station,E01013321,North Lincolnshire 012D,Other crime,Unable to prosecute suspect,
,2021-05,Humberside Police,Humberside Police,-0.537264,53.572756,On or near Common Road,E01013274,North Lincolnshire 013A,Anti-social behaviour,,
61027fde6d0aaa81d6e9198b9d602b9229b06c2a93ba964e3f09a9ee543f4c6c,2021-05,Humberside Police,Humberside Police,-0.611764,53.640064,On or near West Street,E01013274,North Lincolnshire 013A,Criminal damage and arson,Investigation complete; no suspect identified,
91d322578e643961e2c44b7c3660314408253a83509cb3d9e322474424697b4a,2021-05,Humberside Police,Humberside Police,-0.633496,53.615378,On or near High Street,E01013274,North Lincolnshire 013A,Criminal damage and arson,Investigation complete; no suspect identified,
c52bc0998e69f012334752615c7fdf8ff887b6550e200d5182d50c4d6c704504,2021-05,Humberside Police,Humberside Police,-0.558999,53.622406,On or near Church Side,E01013274,North Lincolnshire 013A,Criminal damage and arson,Unable to prosecute suspect,
776f5f2669435a13c00ac0fd1f83d5a0846d40bc8c3db87b3962e4648ac3f9a6,2021-05,Humberside Police,Humberside Police,-0.609552,53.641998,On or near Sports/Recreation Area,E01013274,North Lincolnshire 013A,Other theft,Investigation complete; no suspect identified,
7fbf6d826ade1e49dcdf327fef5ad38986bede4bc80daaad2c2ac37d1ec6a565,2021-05,Humberside Police,Humberside Police,-0.633496,53.615378,On or near High Street,E01013274,North Lincolnshire 013A,Other theft,Investigation complete; no suspect identified,
2e6a9d86e336ff391efa70ea247ed4049d72505fa7ab0d8345a9fe4dfcbc7c65,2021-05,Humberside Police,Humberside Police,-0.557789,53.546092,On or near A15,E01013274,North Lincolnshire 013A,Other theft,Investigation complete; no suspect identified,
8f8ef433c995e85926c427a46a2544f62f105e89e08a3b56901f478332962c33,2021-05,Humberside Police,Humberside Police,-0.564759,53.620650,On or near Beck Lane,E01013274,North Lincolnshire 013A,Public order,Unable to prosecute suspect,
dc04c2eff16c7c38693a06b86c0cdde225b56b5f79bfaba50d8a7af8f4ff80dd,2021-05,Humberside Police,Humberside Police,-0.530170,53.569154,On or near B1208,E01013274,North Lincolnshire 013A,Theft from the person,Investigation complete; no suspect identified,
6b98297ed32c42c0a7c5f3dd35d4cd62707cb71bdb7582d7183797191fb75c68,2021-05,Humberside Police,Humberside Police,-0.532618,53.549480,On or near Parking Area,E01013274,North Lincolnshire 013A,Vehicle crime,Investigation complete; no suspect identified,
05b9715b911708e2b7579a1e23c9d7662a18175bfd0ca7add2e5895c7424c2b7,2021-05,Humberside Police,Humberside Police,-0.561324,53.622074,On or near Haytons Lane,E01013274,North Lincolnshire 013A,Violence and sexual offences,Unable to prosecute suspect,
876da6470ca2190cc949786a7a925d94870b04ddc3107a5e611205e3cf3a494a,2021-05,Humberside Police,Humberside Police,-0.503206,53.553565,On or near Kingfisher Close,E01013274,North Lincolnshire 013A,Violence and sexual offences,Unable to prosecute suspect,
27049712f9ae487454603d601985de8d31946adda7a8dd3628f0fc4544d053cb,2021-05,Humberside Police,Humberside Police,-0.502948,53.550605,On or near Anchors Way,E01013274,North Lincolnshire 013A,Violence and sexual offences,Unable to prosecute suspect,
bf8f61903ee2a962bcd3e1bf260ceaf615f7d4266e665cb6c6916ae4fdbbbcef,2021-05,Humberside Police,Humberside Police,-0.564905,53.621704,On or near Paul Lane,E01013274,North Lincolnshire 013A,Violence and sexual offences,Investigation complete; no suspect identified,
,2021-05,Humberside Police,Humberside Police,-0.556957,53.565247,On or near Greenhill,E01013275,North Lincolnshire 013B,Anti-social behaviour,,
0381c9528c219fd1c91071c461ca57747ac455bc87ba02c19e540a803dcb39ab,2021-05,Humberside Police,Humberside Police,-0.552038,53.573080,On or near Raven Close,E01013275,North Lincolnshire 013B,Burglary,Local resolution,
a210783adf004c32f74be6ac75c230ebc0c6b21b1dc9a6d02a19910b566aaea8,2021-05,Humberside Police,Humberside Police,-0.546208,53.572667,On or near Beechwood Crescent,E01013275,North Lincolnshire 013B,Drugs,Offender given a drugs possession warning,
0addcfb8359efbb7674e0eaece4368808077d4b620e25b608aea5cf951fbae95,2021-05,Humberside Police,Humberside Police,-0.552705,53.565510,On or near High Street,E01013275,North Lincolnshire 013B,Other theft,Investigation complete; no suspect identified,
c0632e7cfc85bbcc321a82df333b8c71895c29a8ceb9617c9145c5592f4f973c,2021-05,Humberside Police,Humberside Police,-0.556957,53.565247,On or near Greenhill,E01013275,North Lincolnshire 013B,Other theft,Investigation complete; no suspect identified,
e5401876bc2c60952bf87a44a0fc58e1e6fa43c46ebbe5575e935a3a5b064afd,2021-05,Humberside Police,Humberside Police,-0.556450,53.566832,On or near Poplar Drive,E01013275,North Lincolnshire 013B,Violence and sexual offences,Unable to prosecute suspect,
255c4623b2b69d123c6f09a11dad769a3d07559b1b9a16a516f2f6329b2c928f,2021-05,Humberside Police,Humberside Police,-0.554956,53.562373,On or near George Street,E01013275,North Lincolnshire 013B,Violence and sexual offences,Unable to prosecute suspect,
8e16409083ae70b97ca69284750dc29a529ca8945d637420f098e4429e7c29c1,2021-05,Humberside Police,Humberside Police,-0.557008,53.571720,On or near Westminster Road,E01013275,North Lincolnshire 013B,Violence and sexual offences,Local resolution,
4bdfbca5be225f681b9ffab94e9721b1d0c6096893b9082515a48e9a2b3aa27e,2021-05,Humberside Police,Humberside Police,-0.549864,53.572640,On or near Avenue Nozay,E01013275,North Lincolnshire 013B,Violence and sexual offences,Unable to prosecute suspect,
f25ffdcbb051f047b3a6439bb4ef379bff43ab3d4db82d189684f1fe9e7b91db,2021-05,Humberside Police,Humberside Police,-0.556450,53.566832,On or near Poplar Drive,E01013275,North Lincolnshire 013B,Violence and sexual offences,Unable to prosecute suspect,
6b97618457461bb33921ce141769c2ca2c348c57da69849a9e8e63a9b2cbbc98,2021-05,Humberside Police,Humberside Police,-0.555904,53.564218,On or near Lych Gate,E01013275,North Lincolnshire 013B,Violence and sexual offences,Unable to prosecute suspect,
2fb2cbe7fb5075be5468a350f14a835ea04a966a4504ec230454329b2177613c,2021-05,Humberside Police,Humberside Police,-0.553027,53.572885,On or near Emmery Close,E01013275,North Lincolnshire 013B,Other crime,Court result unavailable,
,2021-05,Humberside Police,Humberside Police,-0.548451,53.566708,On or near Barrowby Close,E01013276,North Lincolnshire 013C,Anti-social behaviour,,
,2021-05,Humberside Police,Humberside Police,-0.549184,53.566025,On or near High Street,E01013276,North Lincolnshire 013C,Anti-social behaviour,,
,2021-05,Humberside Police,Humberside Police,-0.549248,53.564578,On or near Coronation Gardens,E01013276,North Lincolnshire 013C,Anti-social behaviour,,
,2021-05,Humberside Police,Humberside Police,-0.549248,53.564578,On or near Coronation Gardens,E01013276,North Lincolnshire 013C,Anti-social behaviour,,
,2021-05,Humberside Police,Humberside Police,-0.549184,53.566025,On or near High Street,E01013276,North Lincolnshire 013C,Anti-social behaviour,,
,2021-05,Humberside Police,Humberside Police,-0.556239,53.561490,On or near Wyatt Avenue,E01013276,North Lincolnshire 013C,Anti-social behaviour,,
a75e786db54946a0c139c3ff33331f95d0c8c98b8c79a69c9ab12832ab89a6a9,2021-05,Humberside Police,Humberside Police,-0.555232,53.569316,On or near Trinity Court,E01013276,North Lincolnshire 013C,Criminal damage and arson,Unable to prosecute suspect,
2da400ba8560e23b50a8b9c289348374e249b63bc0f9c16469661e5a8ec26fea,2021-05,Humberside Police,Humberside Police,-0.553318,53.568340,On or near Southfield Road,E01013276,North Lincolnshire 013C,Other theft,Investigation complete; no suspect identified,
113eacaef69d131077fb43b4eb1d0142e51ee1dc19148ef3bf35c7085b582502,2021-05,Humberside Police,Humberside Police,-0.551740,53.568096,On or near Brooklands Avenue,E01013276,North Lincolnshire 013C,Public order,Unable to prosecute suspect,
4602040b30e47878e64ed4a717a46d6d5650fb50323184c466893d51ee072408,2021-05,Humberside Police,Humberside Police,-0.553734,53.570305,On or near South View,E01013276,North Lincolnshire 013C,Public order,Unable to prosecute suspect,
b0c608bab4b5708efdc3152caee80084595617db2a0037e03edc8f4a5b172779,2021-05,Humberside Police,Humberside Police,-0.549248,53.564578,On or near Coronation Gardens,E01013276,North Lincolnshire 013C,Public order,Investigation complete; no suspect identified,
5ffe974a5fa1f89c23b3a1ae030a0e4821b79d646499989ede04f2a56201a17b,2021-05,Humberside Police,Humberside Police,-0.549184,53.566025,On or near High Street,E01013276,North Lincolnshire 013C,Shoplifting,Investigation complete; no suspect identified,
5d047e78adf957490829eba38b06f370e7ffc63d94237d7528f956035eecf23d,2021-05,Humberside Police,Humberside Police,-0.549184,53.566025,On or near High Street,E01013276,North Lincolnshire 013C,Violence and sexual offences,Unable to prosecute suspect,
0e50e5604ff0a62968bb19cc122ca09d5e4f7829c72ff931b6be23528b1925fd,2021-05,Humberside Police,Humberside Police,-0.552605,53.567531,On or near Sand Lane,E01013276,North Lincolnshire 013C,Violence and sexual offences,Unable to prosecute suspect,
,2021-05,Humberside Police,Humberside Police,-0.541158,53.566251,On or near Cloister Wk,E01013277,North Lincolnshire 013D,Anti-social behaviour,,
,2021-05,Humberside Police,Humberside Police,-0.643074,53.569374,On or near Cherry Grove,E01013315,North Lincolnshire 014A,Anti-social behaviour,,
,2021-05,Humberside Police,Humberside Police,-0.643074,53.569374,On or near Cherry Grove,E01013315,North Lincolnshire 014A,Anti-social behaviour,,
,2021-05,Humberside Police,Humberside Police,-0.647224,53.572774,On or near Gloucester Avenue,E01013315,North Lincolnshire 014A,Anti-social behaviour,,
,2021-05,Humberside Police,Humberside Police,-0.641062,53.570421,On or near Lindale Gardens,E01013315,North Lincolnshire 014A,Anti-social behaviour,,
792dce364302ff4d70bb0643014e06b8fd82060d2f51f37068da4b1479402da7,2021-05,Humberside Police,Humberside Police,-0.643074,53.569374,On or near Cherry Grove,E01013315,North Lincolnshire 014A,Burglary,Investigation complete; no suspect identified,
cf9680b9d122f36d637956d4eef0e70ff39e0b399599a34d41eb0ff3c3813165,2021-05,Humberside Police,Humberside Police,-0.641062,53.570421,On or near Lindale Gardens,E01013315,North Lincolnshire 014A,Burglary,Investigation complete; no suspect identified,
473db178c6c0792acf60ef29f9e376204a6735b1b2b82680adfc27ea4fae0cf6,2021-05,Humberside Police,Humberside Police,-0.641270,53.568643,On or near Westfield Road,E01013315,North Lincolnshire 014A,Burglary,Investigation complete; no suspect identified,
77e58cad5e69433b13726805ee6783b75997199afa108dba9411583882b396a6,2021-05,Humberside Police,Humberside Police,-0.641270,53.568643,On or near Westfield Road,E01013315,North Lincolnshire 014A,Burglary,Unable to prosecute suspect,
de67b159ee537bb162782739c780089de3760f53fba012a26d906f5d7bcad39f,2021-05,Humberside Police,Humberside Police,-0.645927,53.572229,On or near Beechway,E01013315,North Lincolnshire 014A,Criminal damage and arson,Unable to prosecute suspect,
1af9c0325f0b567877fb28f502bacb870d23bc99e693c8cd8ccb3d38554eacbb,2021-05,Humberside Police,Humberside Police,-0.643074,53.569374,On or near Cherry Grove,E01013315,North Lincolnshire 014A,Criminal damage and arson,Unable to prosecute suspect,
5d8926362978719089f3372387a5d533eab5ee7708a41120b3921bb6e90e04f5,2021-05,Humberside Police,Humberside Police,-0.643235,53.572360,On or near Lime Grove,E01013315,North Lincolnshire 014A,Criminal damage and arson,Investigation complete; no suspect identified,
4c01b0fc030b66e3b385ecee75163b57347f2b1a12ecf3d1c0786a2f65621ffd,2021-05,Humberside Police,Humberside Police,-0.646975,53.567791,On or near Collum Lane,E01013315,North Lincolnshire 014A,Drugs,Status update unavailable,
2bcc257b34d8ad78b2d34e9a6e1b8c71cb62535b562e4e9c5b0cc1a1a85d8aa0,2021-05,Humberside Police,Humberside Police,-0.648031,53.573978,On or near Larch Grove,E01013315,North Lincolnshire 014A,Drugs,Offender given a drugs possession warning,
ee8c90e6f28fd9592332cecb4129a03a378784d5ee0bc1403513a4c1fa5716ab,2021-05,Humberside Police,Humberside Police,-0.644290,53.567698,On or near Parking Area,E01013315,North Lincolnshire 014A,Other theft,Investigation complete; no suspect identified,
52fef6a87846180d7c438c454733bec43673fedfd5cf801224e7bad1e076c907,2021-05,Humberside Police,Humberside Police,-0.643074,53.569374,On or near Cherry Grove,E01013315,North Lincolnshire 014A,Other theft,Unable to prosecute suspect,
e9e851be006aedf085e5b2d3d9f0817fa632604eb03e6ae81fe081b874b31b4a,2021-05,Humberside Police,Humberside Police,-0.643074,53.569374,On or near Cherry Grove,E01013315,North Lincolnshire 014A,Public order,Unable to prosecute suspect,
0b3fd60e05ea90fbae38c4b1ed9b03c55e0a39966c414da4b404a109463bd141,2021-05,Humberside Police,Humberside Police,-0.644686,53.574687,On or near Almond Grove,E01013315,North Lincolnshire 014A,Public order,Unable to prosecute suspect,
520d2836925b275b2de81355c16b616128abe00e97c32f661970a47249f9c983,2021-05,Humberside Police,Humberside Police,-0.646906,53.570900,On or near Lincoln Gardens,E01013315,North Lincolnshire 014A,Violence and sexual offences,Local resolution,
6f354d90529d21875d6684c63d634f2f1b418ceacd59bcceaf55ea40713afcb3,2021-05,Humberside Police,Humberside Police,-0.645597,53.567425,On or near School Road,E01013315,North Lincolnshire 014A,Violence and sexual offences,Further action is not in the public interest,
44c74edaceeef49009098f3e661b2d170012d0b3b6f9690ab610ab7c79ae9a47,2021-05,Humberside Police,Humberside Police,-0.645597,53.567425,On or near School Road,E01013315,North Lincolnshire 014A,Violence and sexual offences,Unable to prosecute suspect,
f3093a0d6007bcbeef61ab4c10397481579f22ffbf1500dd9584f8ee13b2622b,2021-05,Humberside Police,Humberside Police,-0.641062,53.570421,On or near Lindale Gardens,E01013315,North Lincolnshire 014A,Violence and sexual offences,Unable to prosecute suspect,
adf0d4dee3c7cbc64911a3b3cd14fd53f8974bdcfc547e4848fb797005924577,2021-05,Humberside Police,Humberside Police,-0.643074,53.569374,On or near Cherry Grove,E01013315,North Lincolnshire 014A,Violence and sexual offences,Local resolution,
9fffca3a29ee8cc39409c75ada8863cd5133e404f120d6ee08e946933ee5ea7f,2021-05,Humberside Police,Humberside Police,-0.643074,53.569374,On or near Cherry Grove,E01013315,North Lincolnshire 014A,Violence and sexual offences,Local resolution,
f7f47db46501b7a229a0cfa7529813f88016b68a0f4ee801fd80cf744f9903bc,2021-05,Humberside Police,Humberside Police,-0.645140,53.568516,On or near Acacia Court,E01013315,North Lincolnshire 014A,Violence and sexual offences,Action to be taken by another organisation,
d75bdda6d9017ec3f787ed3b6b20afc6018bf33a9084fea9531dd2c4400d352a,2021-05,Humberside Police,Humberside Police,-0.641062,53.570421,On or near Lindale Gardens,E01013315,North Lincolnshire 014A,Violence and sexual offences,Unable to prosecute suspect,
0575ca0a9c9afee717ea1d17e9cb2f4ae98cf399a544bf1826a23f79c8ad0f41,2021-05,Humberside Police,Humberside Police,-0.645597,53.567425,On or near School Road,E01013315,North Lincolnshire 014A,Violence and sexual offences,Unable to prosecute suspect,
2a5bfc1814010d39d71f58ab22ca19894280ae00c51dcc2ddd0f7315e6242304,2021-05,Humberside Police,Humberside Police,-0.643739,53.567943,On or near Rosemount Drive,E01013315,North Lincolnshire 014A,Violence and sexual offences,Unable to prosecute suspect,
4c843628e52b0fa22d1eaa15806f7c9604e31e078c990142d56e3fb9860810ec,2021-05,Humberside Police,Humberside Police,-0.645597,53.567425,On or near School Road,E01013315,North Lincolnshire 014A,Violence and sexual offences,Unable to prosecute suspect,
e75a875a3dcf023c3e3f2d281e10849590b00d7571c24c5f1af3877163aa62a0,2021-05,Humberside Police,Humberside Police,-0.643074,53.569374,On or near Cherry Grove,E01013315,North Lincolnshire 014A,Violence and sexual offences,Unable to prosecute suspect,
b9fb26e077fc850bec8dbcaf36701283d64cf93060245d83bd55857096fba698,2021-05,Humberside Police,Humberside Police,-0.643074,53.569374,On or near Cherry Grove,E01013315,North Lincolnshire 014A,Violence and sexual offences,Local resolution,
02e9be89a281039b739be2eab91743cd73d44e74107c18f57b5d9ace8703b036,2021-05,Humberside Police,Humberside Police,-0.643739,53.567943,On or near Rosemount Drive,E01013315,North Lincolnshire 014A,Violence and sexual offences,Unable to prosecute suspect,
,2021-05,Humberside Police,Humberside Police,-0.654434,53.578743,On or near Ashby Road,E01013317,North Lincolnshire 014B,Anti-social behaviour,,
,2021-05,Humberside Police,Humberside Police,-0.653046,53.571095,On or near Thornton Avenue,E01013317,North Lincolnshire 014B,Anti-social behaviour,,
d1e65b7a50f65cc1ec143deabe70835b2aed9d7c8ac9e74844635b91e966b3b3,2021-05,Humberside Police,Humberside Police,-0.647312,53.573314,On or near Alvingham Road,E01013317,North Lincolnshire 014B,Burglary,Status update unavailable,
cc301f08649fe749eafaeee8215091c2966143b05c6e240de413b58d930de9b3,2021-05,Humberside Police,Humberside Police,-0.653046,53.571095,On or near Thornton Avenue,E01013317,North Lincolnshire 014B,Criminal damage and arson,Investigation complete; no suspect identified,
0fb1aa8d7fcc3963547c43842c84ca510d59b910f4a2430ae8c4eed32470151a,2021-05,Humberside Police,Humberside Police,-0.654542,53.574411,On or near Rivelin Place,E01013317,North Lincolnshire 014B,Criminal damage and arson,Investigation complete; no suspect identified,
60b7ff0d7f1a427fcf925e32d11b8ee79542ecac32dc7fd9281c119fa1d8c813,2021-05,Humberside Police,Humberside Police,-0.652494,53.573732,On or near Riverdale Road,E01013317,North Lincolnshire 014B,Criminal damage and arson,Investigation complete; no suspect identified,
8441081fccf77abfcd5c78682a5a291d2d58f9e2b21b4035c162a1e9aa07dc09,2021-05,Humberside Police,Humberside Police,-0.653046,53.571095,On or near Thornton Avenue,E01013317,North Lincolnshire 014B,Criminal damage and arson,Unable to prosecute suspect,
8151521687d8249fa6d5bbd44b6d7afff7d9424d26c7be1b2b8fc16b7842b7f1,2021-05,Humberside Police,Humberside Police,-0.655072,53.576242,On or near Beauchief Gardens,E01013317,North Lincolnshire 014B,Drugs,Offender given a caution,
5f09326fdcf03d6cc8941fec6d952a073add2aa6abb23745ea1c7079f4ac8fe1,2021-05,Humberside Police,Humberside Police,-0.653046,53.571095,On or near Thornton Avenue,E01013317,North Lincolnshire 014B,Other theft,Local resolution,
b065a94e75eaa3d508dc1d6c752373feb196dd512fcf84e8edc2e97c02a464e6,2021-05,Humberside Police,Humberside Police,-0.653046,53.571095,On or near Thornton Avenue,E01013317,North Lincolnshire 014B,Public order,Local resolution,
3c5742dcaaab18e536d86469a55453e6842cbfc88d6621e4386dcf8e753a3c84,2021-05,Humberside Police,Humberside Police,-0.649433,53.576889,On or near Rugby Road,E01013317,North Lincolnshire 014B,Vehicle crime,Unable to prosecute suspect,
febb8b398499a461f0bc8e75e9843e3ba72dfd6d1ab9e4940235c161b95c0290,2021-05,Humberside Police,Humberside Police,-0.649397,53.575666,On or near Brumby House Drive,E01013317,North Lincolnshire 014B,Violence and sexual offences,Unable to prosecute suspect,
795924b34a9a6249b3d92ef31a2b3fc05d787a81a0eda42a643a730f3c6c6eb9,2021-05,Humberside Police,Humberside Police,-0.653844,53.572597,On or near Kingston Road,E01013317,North Lincolnshire 014B,Violence and sexual offences,Unable to prosecute suspect,
4d87236c51a183befd8b8277c7657b8be8a0c28839a24d0dcd64015d8121e94c,2021-05,Humberside Police,Humberside Police,-0.653046,53.571095,On or near Thornton Avenue,E01013317,North Lincolnshire 014B,Violence and sexual offences,Unable to prosecute suspect,
86c89974196b3dfab2cb331df01c5e601b1ee279dae5a1b5f2f6002e9827a682,2021-05,Humberside Police,Humberside Police,-0.647746,53.575332,On or near Traviss Close,E01013317,North Lincolnshire 014B,Violence and sexual offences,Unable to prosecute suspect,
736ed0efaf8a15b48f38736ebabdfe4c82364adffd824db0e2daf7a954be00cd,2021-05,Humberside Police,Humberside Police,-0.653046,53.571095,On or near Thornton Avenue,E01013317,North Lincolnshire 014B,Violence and sexual offences,Offender given a caution,
c928513d309829085b21b16192687ea5d5b6080a61e40a0c92f1cb5640c2f783,2021-05,Humberside Police,Humberside Police,-0.654542,53.574411,On or near Rivelin Place,E01013317,North Lincolnshire 014B,Other crime,Unable to prosecute suspect,
,2021-05,Humberside Police,Humberside Police,-0.654053,53.566972,On or near Ashby Road,E01013318,North Lincolnshire 014C,Anti-social behaviour,,
,2021-05,Humberside Police,Humberside Police,-0.650835,53.570810,On or near Bardney Avenue,E01013318,North Lincolnshire 014C,Anti-social behaviour,,
,2021-05,Humberside Police,Humberside Police,-0.650835,53.570810,On or near Bardney Avenue,E01013318,North Lincolnshire 014C,Anti-social behaviour,,
7b27ca15d8c798ff6033bf80eab727158a467a9f6045edf8c0ccdf114b4b8767,2021-05,Humberside Police,Humberside Police,-0.655358,53.566771,On or near Burringham Road,E01013318,North Lincolnshire 014C,Burglary,Unable to prosecute suspect,
89d5fb01b62040948987f987b84738ca172927f3a1f04783f5732989577b4d28,2021-05,Humberside Police,Humberside Police,-0.655712,53.569400,On or near Priory Crescent,E01013318,North Lincolnshire 014C,Criminal damage and arson,Unable to prosecute suspect,
790fd27dfba5fc3c453fab9f8288ec3e3a6433970053205d50d425b25dde447b,2021-05,Humberside Police,Humberside Police,-0.650008,53.573084,On or near Revesby Avenue,E01013318,North Lincolnshire 014C,Drugs,Court result unavailable,
5da9d9ab81513cdaa457e5658800960bb418c0167c1a9608de6ffe5f5907f437,2021-05,Humberside Police,Humberside Police,-0.654053,53.566972,On or near Ashby Road,E01013318,North Lincolnshire 014C,Violence and sexual offences,Unable to prosecute suspect,
dc310617fb3fa8f531d3e03399735f26be03ba90962636f6ee6da2f674f25fb3,2021-05,Humberside Police,Humberside Police,-0.655712,53.569400,On or near Priory Crescent,E01013318,North Lincolnshire 014C,Violence and sexual offences,Unable to prosecute suspect,
b0550c22750a71ce76059bc4093ce415079e0f219ed12efc5541fcac5c2d7666,2021-05,Humberside Police,Humberside Police,-0.655712,53.569400,On or near Priory Crescent,E01013318,North Lincolnshire 014C,Violence and sexual offences,Local resolution,
,2021-05,Humberside Police,Humberside Police,-0.666847,53.567798,On or near Greyfriars Close,E01013319,North Lincolnshire 014D,Anti-social behaviour,,
,2021-05,Humberside Police,Humberside Police,-0.670264,53.569095,On or near Browning Close,E01013319,North Lincolnshire 014D,Anti-social behaviour,,
,2021-05,Humberside Police,Humberside Police,-0.670436,53.569879,On or near Byron Close,E01013319,North Lincolnshire 014D,Anti-social behaviour,,
5d4cb668e3341b47db790759f994f71d869c914dde4a363a3bd0a1d56222b99e,2021-05,Humberside Police,Humberside Police,-0.666694,53.569307,On or near Oriole Road,E01013319,North Lincolnshire 014D,Burglary,Investigation complete; no suspect identified,
5b8d800cb66dd44c2cb6ed7d640e825ac559f673ee332e2d879c68894b651ae6,2021-05,Humberside Police,Humberside Police,-0.660164,53.567580,On or near Abbots Road,E01013319,North Lincolnshire 014D,Burglary,Unable to prosecute suspect,
400d96fc28fdee4f4717a9e41103af1b734b250d6c24962e3287b88d8682af9e,2021-05,Humberside Police,Humberside Police,-0.668152,53.567588,On or near Pheasant Close,E01013319,North Lincolnshire 014D,Burglary,Unable to prosecute suspect,
a1129bd41dcdcde070a3e8b53d441df622b499d88816784611d45f85dcfa7b51,2021-05,Humberside Police,Humberside Police,-0.670436,53.569879,On or near Byron Close,E01013319,North Lincolnshire 014D,Burglary,Investigation complete; no suspect identified,
a464ea3e5135d3be920342cb5e5727a8390b86979f589b43afd70213af72bb75,2021-05,Humberside Police,Humberside Police,-0.668630,53.567746,On or near Manor Farm Road,E01013319,North Lincolnshire 014D,Criminal damage and arson,Investigation complete; no suspect identified,
aa86688231325812b7e51d5f57882d8f1c7148351928768529a14269c7e29479,2021-05,Humberside Police,Humberside Police,-0.669206,53.567195,On or near Mallard Road,E01013319,North Lincolnshire 014D,Criminal damage and arson,Unable to prosecute suspect,
16761ecf02e7bb76ae263bfc145ef347da6b1c1886fa2091ec24ec48ced922d8,2021-05,Humberside Police,Humberside Police,-0.660164,53.567580,On or near Abbots Road,E01013319,North Lincolnshire 014D,Other theft,Court result unavailable,
3690de5dce5ce3c245c73a5b047358bf50f69421bc4f74d1e788c492fbefdfe6,2021-05,Humberside Police,Humberside Police,-0.668390,53.568193,On or near Partridge Close,E01013319,North Lincolnshire 014D,Public order,Unable to prosecute suspect,
33f83d4a68c8ec42d9ff95b6d8c23302f792ec5940e11548918f265d218a53e0,2021-05,Humberside Police,Humberside Police,-0.668152,53.567588,On or near Pheasant Close,E01013319,North Lincolnshire 014D,Public order,Court result unavailable,
1600eb26ba86d4133e85efc8cc9cd3057b5ee6ca92a236e1bdceec2ea1f8ca2a,2021-05,Humberside Police,Humberside Police,-0.666157,53.567170,On or near Cloister Close,E01013319,North Lincolnshire 014D,Public order,Unable to prosecute suspect,
450cf69a348ea64f9443b698fbd97379676b366224c3dd48fb49640793956670,2021-05,Humberside Police,Humberside Police,-0.668152,53.567588,On or near Pheasant Close,E01013319,North Lincolnshire 014D,Public order,Unable to prosecute suspect,
5cd1dfd030167f6dbf4691d0e2113784e3fed63e7991c50022bf4141a3df9359,2021-05,Humberside Police,Humberside Police,-0.668390,53.568193,On or near Partridge Close,E01013319,North Lincolnshire 014D,Violence and sexual offences,Unable to prosecute suspect,
368421c14a32db702815b87ae2aad19f0cacd2989f7ec4d72f9bedc0c2f2d2ca,2021-05,Humberside Police,Humberside Police,-0.670356,53.567622,On or near Kestrel Road,E01013319,North Lincolnshire 014D,Violence and sexual offences,Investigation complete; no suspect identified,
9c1ced100826afcb201d408da413eccb468a161e8de7a5f843a5ddcccc760035,2021-05,Humberside Police,Humberside Police,-0.668152,53.567588,On or near Pheasant Close,E01013319,North Lincolnshire 014D,Violence and sexual offences,Unable to prosecute suspect,
8dbca9ecc96ffc54efa6f9fc400d5385299661d5de1ae35ff95d400fb5ab8635,2021-05,Humberside Police,Humberside Police,-0.669617,53.568539,On or near Merlin Road,E01013319,North Lincolnshire 014D,Violence and sexual offences,Unable to prosecute suspect,
7f7e94209bc314a60c56decc19e804b51bc30a8a308e787b832dc9865041a608,2021-05,Humberside Police,Humberside Police,-0.670181,53.567898,On or near Mavis Road,E01013319,North Lincolnshire 014D,Violence and sexual offences,Unable to prosecute suspect,
87434ab76968aa553bebbc840f25f2e0401a3cdcfe70642037ce514ab60086c4,2021-05,Humberside Police,Humberside Police,-0.670356,53.567622,On or near Kestrel Road,E01013319,North Lincolnshire 014D,Violence and sexual offences,Court result unavailable,
8ad12ee9049c294ebb8d147d43847995f0e345040d4ee645eb9a636d172dc11a,2021-05,Humberside Police,Humberside Police,-0.669617,53.568539,On or near Merlin Road,E01013319,North Lincolnshire 014D,Violence and sexual offences,Unable to prosecute suspect,
79b70557296e08813d9ef1f0eaed008da87d31d4075e8f934c6b94a5121e3eea,2021-05,Humberside Police,Humberside Police,-0.670865,53.570648,On or near Blake Avenue,E01013319,North Lincolnshire 014D,Violence and sexual offences,Unable to prosecute suspect,
,2021-05,Humberside Police,Humberside Police,-0.633056,53.566725,On or near North Parade,E01013238,North Lincolnshire 015A,Anti-social behaviour,,
c239e881676fd20a4a05ca710e1a8f31097b11ef7cabbf3dd845f81c5ba86864,2021-05,Humberside Police,Humberside Police,-0.634551,53.566751,On or near Smithfield Road,E01013238,North Lincolnshire 015A,Burglary,Investigation complete; no suspect identified,
0880f37214496e3a47250de68796d2ada7a4e3a5bf455267dae2b77b7d2127e1,2021-05,Humberside Police,Humberside Police,-0.639954,53.566812,On or near Ashby High Street,E01013238,North Lincolnshire 015A,Other theft,Status update unavailable,
ce5ce10f943535a49bdaf617cd4008ab46cf0fc8a83a75794e4a1bcbaf11d6c9,2021-05,Humberside Police,Humberside Police,-0.633056,53.566725,On or near North Parade,E01013238,North Lincolnshire 015A,Other theft,Investigation complete; no suspect identified,
49b32e0df9bbb38a3848390cc54cc8623f6528f3cbf8389846e79e5743a70a61,2021-05,Humberside Police,Humberside Police,-0.630945,53.566188,On or near Calder Road,E01013238,North Lincolnshire 015A,Possession of weapons,Offender given a caution,
b049bbfa8a1cfd863542c7a7086be5307cb78be56854f47a35ab29c28d9ce194,2021-05,Humberside Police,Humberside Police,-0.642248,53.567333,On or near Emmanuel Court,E01013238,North Lincolnshire 015A,Public order,Local resolution,
eb5cd7374247eeed6c08298db7960fc2b30b379ad057381b81a3ea0bd0d65171,2021-05,Humberside Police,Humberside Police,-0.643309,53.566734,On or near Ashby High Street,E01013238,North Lincolnshire 015A,Public order,Investigation complete; no suspect identified,
62ab0ae1832cc4294dd261ae7ab64ae2af5e114f3308ed5ffa00496ce6cf1564,2021-05,Humberside Police,Humberside Police,-0.641490,53.564610,On or near Kathleen Avenue,E01013238,North Lincolnshire 015A,Public order,Unable to prosecute suspect,
e9a9dbb5f04bcb41ade1b7fac68766109e78718365d4fa38940ba56442ad31b7,2021-05,Humberside Police,Humberside Police,-0.630945,53.566188,On or near Calder Road,E01013238,North Lincolnshire 015A,Public order,Unable to prosecute suspect,
64edf068f3f6af8270268d0cff9ea30e353b649aeb083a3bd7aefb44eba78711,2021-05,Humberside Police,Humberside Police,-0.630945,53.566188,On or near Calder Road,E01013238,North Lincolnshire 015A,Vehicle crime,Status update unavailable,
0c110764f1be840e0c8917ea515b18b65945fa0d90326bcbedbeda3a5ee5638e,2021-05,Humberside Police,Humberside Police,-0.641490,53.564610,On or near Kathleen Avenue,E01013238,North Lincolnshire 015A,Violence and sexual offences,Unable to prosecute suspect,
74e95d31de07b8279242bf539803c141586d9efe19cd1da06068f61a1b468110,2021-05,Humberside Police,Humberside Police,-0.639954,53.566812,On or near Ashby High Street,E01013238,North Lincolnshire 015A,Violence and sexual offences,Unable to prosecute suspect,
90972423ab9d39d49c38050a72178cf7b78f6a0be911f5e3f305e93c8cd67083,2021-05,Humberside Police,Humberside Police,-0.635133,53.564133,On or near Cornwall Road,E01013238,North Lincolnshire 015A,Violence and sexual offences,Unable to prosecute suspect,
a189d870bcb486afd24c90b54f6883c727b142beafeefd14f815c19ff702f98d,2021-05,Humberside Police,Humberside Police,-0.633056,53.566725,On or near North Parade,E01013238,North Lincolnshire 015A,Violence and sexual offences,Investigation complete; no suspect identified,
527b800fbbe3e4b666ac31e0ea6a5f2ba016381c860556a0af4e617d9d8e5b95,2021-05,Humberside Police,Humberside Police,-0.633056,53.566725,On or near North Parade,E01013238,North Lincolnshire 015A,Violence and sexual offences,Unable to prosecute suspect,
4c2b2b605fbf3839a7461bd0f6de3cfb8c9dd96c36d0e54376f176ab96752075,2021-05,Humberside Police,Humberside Police,-0.629838,53.564926,On or near Leven Road,E01013238,North Lincolnshire 015A,Violence and sexual offences,Court result unavailable,
51394170bd14412e89d41539264e1b5a2e299fe5e8f52edf36d1ea91685066c8,2021-05,Humberside Police,Humberside Police,-0.633056,53.566725,On or near North Parade,E01013238,North Lincolnshire 015A,Violence and sexual offences,Unable to prosecute suspect,
3a5d0f2b35ca86bb5e19a61468c4a75a09fab4b86c4b83ac622cb80db6dc178c,2021-05,Humberside Police,Humberside Police,-0.635133,53.564133,On or near Cornwall Road,E01013238,North Lincolnshire 015A,Violence and sexual offences,Unable to prosecute suspect,
,2021-05,Humberside Police,Humberside Police,-0.626483,53.567800,On or near Byrd Road,E01013240,North Lincolnshire 015B,Anti-social behaviour,,
,2021-05,Humberside Police,Humberside Police,-0.613958,53.563404,On or near Gadwall Way,E01013240,North Lincolnshire 015B,Anti-social behaviour,,
,2021-05,Humberside Police,Humberside Police,-0.613958,53.563404,On or near Gadwall Way,E01013240,North Lincolnshire 015B,Anti-social behaviour,,
,2021-05,Humberside Police,Humberside Police,-0.613868,53.561533,On or near Linnet Garth,E01013240,North Lincolnshire 015B,Anti-social behaviour,,
,2021-05,Humberside Police,Humberside Police,-0.613958,53.563404,On or near Gadwall Way,E01013240,North Lincolnshire 015B,Anti-social behaviour,,
472bc6bd82ceed5bf1859745e9f6a625a2e75b5ad30864da0bd68c2885d33e79,2021-05,Humberside Police,Humberside Police,-0.613958,53.563404,On or near Gadwall Way,E01013240,North Lincolnshire 015B,Bicycle theft,Investigation complete; no suspect identified,
94365538f6fcbdafcadaf69a1b0360bb516531632f3324105b8b3f873d5f98cd,2021-05,Humberside Police,Humberside Police,-0.622696,53.565860,On or near Wensleydale Road,E01013240,North Lincolnshire 015B,Burglary,Unable to prosecute suspect,
b8d9cc2823b7ab4dd9dd1389f7e89a3815a67cf28ec8fea41d6548fcf91b8957,2021-05,Humberside Police,Humberside Police,-0.617186,53.562569,On or near Sanderling Way,E01013240,North Lincolnshire 015B,Burglary,Investigation complete; no suspect identified,
9fb428dc255e620fa9446f8ae5efd74e5b33f9935df7a9441a01abb7f8723689,2021-05,Humberside Police,Humberside Police,-0.623750,53.566420,On or near Queensway,E01013240,North Lincolnshire 015B,Burglary,Unable to prosecute suspect,
1e28d3d77bd17cdd61e4915b441c7c928b9135664d94a412e6b0e76c8d5670c2,2021-05,Humberside Police,Humberside Police,-0.622696,53.565860,On or near Wensleydale Road,E01013240,North Lincolnshire 015B,Burglary,Investigation complete; no suspect identified,
28d1dafc769af3f29fe1582774fe9f0bf119e0107ed38f75f6b69c0dc89e25a3,2021-05,Humberside Police,Humberside Police,-0.622696,53.565860,On or near Wensleydale Road,E01013240,North Lincolnshire 015B,Burglary,Investigation complete; no suspect identified,
c73ba282971e7b8c678df1ca1f5d0fc53852afe542030916140d6cb47b98a25d,2021-05,Humberside Police,Humberside Police,-0.627772,53.565783,On or near Derwent Road,E01013240,North Lincolnshire 015B,Burglary,Investigation complete; no suspect identified,
7cc660e806b3b1b70b6414c518e9e0504ec77b807bb93eeb807344d096c7dcdd,2021-05,Humberside Police,Humberside Police,-0.626978,53.571177,On or near Hereward Place,E01013240,North Lincolnshire 015B,Burglary,Investigation complete; no suspect identified,
b964557c74f0c1246c0d4ec47852e15cddb2eee4a94080fb18bfaf0d8766889c,2021-05,Humberside Police,Humberside Police,-0.626887,53.566061,On or near Wharfedale Place,E01013240,North Lincolnshire 015B,Criminal damage and arson,Investigation complete; no suspect identified,
084d4a2e3571249992bae342ab90678c850d6b05dc6876598931795754fc88d7,2021-05,Humberside Police,Humberside Police,-0.610760,53.565156,On or near A18,E01013240,North Lincolnshire 015B,Criminal damage and arson,Investigation complete; no suspect identified,
0c58571de0e681120ec9c3512af58fb3f709a9e881b21884801ad233dfaf101a,2021-05,Humberside Police,Humberside Police,-0.623321,53.562865,On or near Coverdale Road,E01013240,North Lincolnshire 015B,Criminal damage and arson,Local resolution,
0bb1da50a34f3d8a951a9b60909e51226acab377e8636a4396a04e75ae0c1ed9,2021-05,Humberside Police,Humberside Police,-0.626483,53.567800,On or near Byrd Road,E01013240,North Lincolnshire 015B,Criminal damage and arson,Action to be taken by another organisation,
833fe5a7e46d89d6ed2ca24d52b0fa6fba64e6f88224b1f2536e503454cb891e,2021-05,Humberside Police,Humberside Police,-0.623553,53.564090,On or near Melford Court,E01013240,North Lincolnshire 015B,Drugs,Status update unavailable,
096276543b8414ed5c7d6027d11be80be05820ce41c5538aadc97f1d06684106,2021-05,Humberside Police,Humberside Police,-0.623553,53.564090,On or near Melford Court,E01013240,North Lincolnshire 015B,Drugs,Court result unavailable,
8d13f91febab13ba171b7a5bf05231aa9543027ec9dffe7f724b9c2df93fe008,2021-05,Humberside Police,Humberside Police,-0.613958,53.563404,On or near Gadwall Way,E01013240,North Lincolnshire 015B,Public order,Investigation complete; no suspect identified,
2c15401aba8cdd4b1c8df1d02561728f6ee5a3dff92ed942aa2e51479e98d698,2021-05,Humberside Police,Humberside Police,-0.626978,53.571177,On or near Hereward Place,E01013240,North Lincolnshire 015B,Public order,Local resolution,
3b63366444c8f09dc1badfc154a46c8c798849dc73a100d461adf6808233d6a1,2021-05,Humberside Police,Humberside Police,-0.613958,53.563404,On or near Gadwall Way,E01013240,North Lincolnshire 015B,Shoplifting,Investigation complete; no suspect identified,
9bcb2f2c8c52eab7873fe66d400e3ae0c0211524100f88370a2dfec1e84b4a9e,2021-05,Humberside Police,Humberside Police,-0.615744,53.560943,On or near Whimbrel Chase,E01013240,North Lincolnshire 015B,Vehicle crime,Investigation complete; no suspect identified,
c4179753c23cc5055c2349d2254ef1c0bbcd7aa1ed2f24a54e0aa5635b6fef38,2021-05,Humberside Police,Humberside Police,-0.615744,53.560943,On or near Whimbrel Chase,E01013240,North Lincolnshire 015B,Vehicle crime,Investigation complete; no suspect identified,
3785a8a7c6c634100bf95528f0bf3d4e5f3432faf488ef62dc778b92b3831438,2021-05,Humberside Police,Humberside Police,-0.615744,53.560943,On or near Whimbrel Chase,E01013240,North Lincolnshire 015B,Violence and sexual offences,Unable to prosecute suspect,
d126c9dab6ad74a3c11766648ee1a9660d1b1f8179dbdea4927a5c8f50b29cba,2021-05,Humberside Police,Humberside Police,-0.615744,53.560943,On or near Whimbrel Chase,E01013240,North Lincolnshire 015B,Violence and sexual offences,Unable to prosecute suspect,
93c9fafb2fcdea68e9fd11c8715e23d7820cb3a1c0ce8bcf550fbed6e6fa8013,2021-05,Humberside Police,Humberside Police,-0.617186,53.562569,On or near Sanderling Way,E01013240,North Lincolnshire 015B,Violence and sexual offences,Action to be taken by another organisation,
ac5df7dfe28d611b8237b65fae9940ec5bd77e1c8f0bd51eb5067f58b169ca4e,2021-05,Humberside Police,Humberside Police,-0.616623,53.562248,On or near Dunlin Drive,E01013240,North Lincolnshire 015B,Violence and sexual offences,Unable to prosecute suspect,
2ba74ed376ece2994397b2d6db661008228c46c14909a49a68ea2ca9f4c2f628,2021-05,Humberside Police,Humberside Police,-0.627195,53.569606,On or near Bellingham Road,E01013240,North Lincolnshire 015B,Violence and sexual offences,Unable to prosecute suspect,
ae9c19081c17f12fa69a8299ccd24f0d88a2ecac4e15094e3275850120f50986,2021-05,Humberside Police,Humberside Police,-0.627957,53.569867,On or near Tennyson Road,E01013240,North Lincolnshire 015B,Violence and sexual offences,Unable to prosecute suspect,
a1007340fa2dd0abee1bac372781cf9bc67d0235210ddecbd482483bd16f4eee,2021-05,Humberside Police,Humberside Police,-0.627195,53.569606,On or near Bellingham Road,E01013240,North Lincolnshire 015B,Violence and sexual offences,Unable to prosecute suspect,
9a53f4f5d990285f12cdff6fb2aa8d0da71e1e896e320b7c522773c662ef869f,2021-05,Humberside Police,Humberside Police,-0.627957,53.569867,On or near Tennyson Road,E01013240,North Lincolnshire 015B,Violence and sexual offences,Local resolution,
18ccddf31c26d9588fea09f8fd92f3e6364c49203991c7ea70c200a248b46e37,2021-05,Humberside Police,Humberside Police,-0.615744,53.560943,On or near Whimbrel Chase,E01013240,North Lincolnshire 015B,Violence and sexual offences,Status update unavailable,
ab36d7585a843d085e0faebe7ad9fd68bdc091568bc5acd5ca6e44c621b300d3,2021-05,Humberside Police,Humberside Police,-0.625579,53.568212,On or near Franklin Crescent,E01013240,North Lincolnshire 015B,Violence and sexual offences,Local resolution,
953e4fa1a0d869a32a4bd2c035119a71728ffa55d2fa05a9e9be93cfc0b84168,2021-05,Humberside Police,Humberside Police,-0.627957,53.569867,On or near Tennyson Road,E01013240,North Lincolnshire 015B,Violence and sexual offences,Unable to prosecute suspect,
4681e8142bf0bde4ae751074e6186af04ee7313ddd8e17de044387f8a559c9c5,2021-05,Humberside Police,Humberside Police,-0.626978,53.571177,On or near Hereward Place,E01013240,North Lincolnshire 015B,Violence and sexual offences,Local resolution,
6c829e38b8e83582147ce28b3357260d6d85b5f81bc7a9c1291665d2a2c83423,2021-05,Humberside Police,Humberside Police,-0.627957,53.569867,On or near Tennyson Road,E01013240,North Lincolnshire 015B,Violence and sexual offences,Unable to prosecute suspect,
34e3973d12348ddb4ebdd8f641741fd566d8e27365919a70ee621c8f9dd66bfb,2021-05,Humberside Police,Humberside Police,-0.622696,53.565860,On or near Wensleydale Road,E01013240,North Lincolnshire 015B,Other crime,Unable to prosecute suspect,
08ac8d2b52a596f7ebf32e29e95d889ada7c759c6744880b51f4d65687c42312,2021-05,Humberside Police,Humberside Police,-0.631186,53.570865,On or near St Lawrence'S Place,E01013311,North Lincolnshire 015C,Burglary,Unable to prosecute suspect,
05c6e72563c1a8bf0141b106def42d42cb25b2dd9389b634e9c5ff5de53dd364,2021-05,Humberside Police,Humberside Police,-0.632759,53.570811,On or near Fardell Road,E01013311,North Lincolnshire 015C,Criminal damage and arson,Investigation complete; no suspect identified,
a10dd835c7c15004e34df34e8575bace4b5d28a9586a494dc88d6c18544bdc53,2021-05,Humberside Police,Humberside Police,-0.637139,53.573612,On or near St Botolph'S Road,E01013311,North Lincolnshire 015C,Other theft,Unable to prosecute suspect,
b663dbbed3c0e44dc6e2fd3a5fd2b45d5ef8efc2350b9edfa3be4c2048b00242,2021-05,Humberside Police,Humberside Police,-0.635257,53.574346,On or near Healey Road,E01013311,North Lincolnshire 015C,Other theft,Unable to prosecute suspect,
c0fe65c2d0f65f993cbd6d295b26bf2563134df6cc33bfdc670760feb4c411c9,2021-05,Humberside Police,Humberside Police,-0.631186,53.570865,On or near St Lawrence'S Place,E01013311,North Lincolnshire 015C,Public order,Local resolution,
d6d613d90e50d0398ddd163b40d509c28e9f7ea8372dfeff9c4188a30bd661e4,2021-05,Humberside Police,Humberside Police,-0.633255,53.575545,On or near Burghley Road,E01013311,North Lincolnshire 015C,Public order,Court result unavailable,
5d16c3ec1c7ea5156d594c02ed7d058b40577a99ea8407d67de3d98f346f3720,2021-05,Humberside Police,Humberside Police,-0.633255,53.575545,On or near Burghley Road,E01013311,North Lincolnshire 015C,Public order,Unable to prosecute suspect,
1ec63071d57b20ca065b10e9c3570451faa5fb9ba60220202c8f9982e4c823b2,2021-05,Humberside Police,Humberside Police,-0.630870,53.570367,On or near St Lawrence'S Road,E01013311,North Lincolnshire 015C,Vehicle crime,Investigation complete; no suspect identified,
38513092e88f3ea988a4fdb3060b88c209a172a554d031194a2f323870f9416a,2021-05,Humberside Police,Humberside Police,-0.634232,53.575691,On or near Holgate Road,E01013311,North Lincolnshire 015C,Violence and sexual offences,Investigation complete; no suspect identified,
b8e378fa9eefa386e3c30efe09aa6d40d6fc221a4e92a829176c1a0fb5b00513,2021-05,Humberside Police,Humberside Police,-0.637386,53.574370,On or near Anderson Road,E01013311,North Lincolnshire 015C,Violence and sexual offences,Status update unavailable,
e92bb4a98da370ceb6015cad1a368544d12ec5b0085eaed19e75cf58ab1da683,2021-05,Humberside Police,Humberside Police,-0.635094,53.577058,On or near East Common Lane,E01013311,North Lincolnshire 015C,Violence and sexual offences,Unable to prosecute suspect,
749dac8e657530734507e87f58cc1f25edf8fed549ac5c3d76f6f5969e188b9b,2021-05,Humberside Police,Humberside Police,-0.631186,53.570865,On or near St Lawrence'S Place,E01013311,North Lincolnshire 015C,Violence and sexual offences,Unable to prosecute suspect,
edcb2ce60b07f7e6adaf770b239cecbfe90ac997ab5298247b2badb58f34e659,2021-05,Humberside Police,Humberside Police,-0.637316,53.575610,On or near Cuxwold Road,E01013311,North Lincolnshire 015C,Violence and sexual offences,Investigation complete; no suspect identified,
2bc7dfc3bf86e066877f95abbcb027b10c3aa62ba7599df64b1eed8e96b1824c,2021-05,Humberside Police,Humberside Police,-0.633255,53.575545,On or near Burghley Road,E01013311,North Lincolnshire 015C,Violence and sexual offences,Unable to prosecute suspect,
7c315605d961d4605bfe7266e7d469af4dd8d1204c4bc8a9b4ba9260052fad90,2021-05,Humberside Police,Humberside Police,-0.631186,53.570865,On or near St Lawrence'S Place,E01013311,North Lincolnshire 015C,Violence and sexual offences,Unable to prosecute suspect,
15534ee67b6e563642f41bdac974e3b806428bc7c73e3812a507b54b638019dc,2021-05,Humberside Police,Humberside Police,-0.630870,53.570367,On or near St Lawrence'S Road,E01013311,North Lincolnshire 015C,Violence and sexual offences,Unable to prosecute suspect,
968ac578ac1cb8a97a1f5a672131d3a6e4f79c7ff1a054e56563efb7aeee2bd6,2021-05,Humberside Police,Humberside Police,-0.630870,53.570367,On or near St Lawrence'S Road,E01013311,North Lincolnshire 015C,Other crime,Unable to prosecute suspect,
,2021-05,Humberside Police,Humberside Police,-0.631741,53.567717,On or near Grange Lane South,E01013320,North Lincolnshire 015D,Anti-social behaviour,,
,2021-05,Humberside Police,Humberside Police,-0.637185,53.567473,On or near Parkers Lane,E01013320,North Lincolnshire 015D,Anti-social behaviour,,
2a607036091e496c80ab1d94cd04297a4b60e69a6973f34feaa25815c0972333,2021-05,Humberside Police,Humberside Police,-0.634553,53.567623,On or near Smithfield Road,E01013320,North Lincolnshire 015D,Burglary,Unable to prosecute suspect,
1ecc5156b02b3dfcf109de932ca3a959827c17a44ee16272893d2c008a055c15,2021-05,Humberside Police,Humberside Police,-0.631741,53.567717,On or near Grange Lane South,E01013320,North Lincolnshire 015D,Criminal damage and arson,Investigation complete; no suspect identified,
47b125444e7378c6fd4249743e2571eb8e0d0bc82eb61beb9adddd372cde44c9,2021-05,Humberside Police,Humberside Police,-0.633059,53.568055,On or near North Parade,E01013320,North Lincolnshire 015D,Criminal damage and arson,Unable to prosecute suspect,
022ace004389be8a6a97db5fd64ad93e10b004bea5544b79785ca1c5c670179d,2021-05,Humberside Police,Humberside Police,-0.637487,53.568402,On or near Sports/Recreation Area,E01013320,North Lincolnshire 015D,Other theft,Investigation complete; no suspect identified,
23bbbd3d95f380a319cd80d864ed36ae215a5baca1550270ad78422be302f124,2021-05,Humberside Police,Humberside Police,-0.637487,53.568402,On or near Sports/Recreation Area,E01013320,North Lincolnshire 015D,Violence and sexual offences,Unable to prosecute suspect,
63fa1ef9f8be358ada68a868037113428c0e9dfe94e834038e76e8c87560a9a4,2021-05,Humberside Police,Humberside Police,-0.633059,53.568055,On or near North Parade,E01013320,North Lincolnshire 015D,Violence and sexual offences,Unable to prosecute suspect,
,2021-05,Humberside Police,Humberside Police,-0.678719,53.571571,On or near Coventry Close,E01013278,North Lincolnshire 016A,Anti-social behaviour,,
,2021-05,Humberside Police,Humberside Police,-0.678187,53.574109,On or near West Common Lane,E01013278,North Lincolnshire 016A,Anti-social behaviour,,
,2021-05,Humberside Police,Humberside Police,-0.677490,53.572231,On or near Supermarket,E01013278,North Lincolnshire 016A,Anti-social behaviour,,
,2021-05,Humberside Police,Humberside Police,-0.678658,53.573529,On or near Canterbury Close,E01013278,North Lincolnshire 016A,Anti-social behaviour,,
,2021-05,Humberside Police,Humberside Police,-0.679824,53.570019,On or near Scott Avenue,E01013278,North Lincolnshire 016A,Anti-social behaviour,,
7e495768468f339104e57b6d87c677b8999cc2cc6b5aafc0202975361ef7ffe1,2021-05,Humberside Police,Humberside Police,-0.677777,53.569825,On or near Gray Road,E01013278,North Lincolnshire 016A,Bicycle theft,Investigation complete; no suspect identified,
fd5739059cb67f3e1eab9e54315259884ccb42f5525383e84bfedfab1a7a5c23,2021-05,Humberside Police,Humberside Police,-0.678187,53.574109,On or near West Common Lane,E01013278,North Lincolnshire 016A,Burglary,Investigation complete; no suspect identified,
6c8b7a2783a860f0940cd7b28682f603480377a5ae313d9a16fc59ef705bcbe7,2021-05,Humberside Police,Humberside Police,-0.680315,53.573665,On or near Salisbury Close,E01013278,North Lincolnshire 016A,Criminal damage and arson,Investigation complete; no suspect identified,
d3c087ede1f93db288f2d3e17cb64999c3b6d297de420c99836a800180cb6085,2021-05,Humberside Police,Humberside Police,-0.677490,53.572231,On or near Supermarket,E01013278,North Lincolnshire 016A,Criminal damage and arson,Investigation complete; no suspect identified,
90ff4660889b1e33d0222fdb7e447d213fd240bc4182c78bfd521386b6b0744b,2021-05,Humberside Police,Humberside Police,-0.679753,53.570386,On or near Marlowe Road,E01013278,North Lincolnshire 016A,Criminal damage and arson,Investigation complete; no suspect identified,
7aaa4d22fa4ad2400d15c57b043bbef506ea10243971579d6a3f4ded1f271e8a,2021-05,Humberside Police,Humberside Police,-0.680315,53.573665,On or near Salisbury Close,E01013278,North Lincolnshire 016A,Criminal damage and arson,Investigation complete; no suspect identified,
d259fb9e0602b3aabbc77298eda8aec8efd62ec59c19ec90f6a27db54cd8f063,2021-05,Humberside Police,Humberside Police,-0.679753,53.570386,On or near Marlowe Road,E01013278,North Lincolnshire 016A,Criminal damage and arson,Investigation complete; no suspect identified,
acc680463e759e4d12dda5ce01f58a740af75bddf60d06583dddcb6e25bf2bb5,2021-05,Humberside Police,Humberside Police,-0.680256,53.571677,On or near St Albans Close,E01013278,North Lincolnshire 016A,Criminal damage and arson,Investigation complete; no suspect identified,
0af78e69b6bc5103463c6e42054e56a7862e48bbdfafae991de04590dfb8cd11,2021-05,Humberside Police,Humberside Police,-0.679641,53.571050,On or near Lichfield Avenue,E01013278,North Lincolnshire 016A,Public order,Court result unavailable,
f36c3363c85e65cab6f00c7b1ed23ab2d4ea2fdea1ddffb5474a3103792da337,2021-05,Humberside Police,Humberside Police,-0.679753,53.570386,On or near Marlowe Road,E01013278,North Lincolnshire 016A,Violence and sexual offences,Unable to prosecute suspect,
8f9a01706bb54bfa3ebd789a40759699c5ad961b7908bd19f7b30fbf24ff6e53,2021-05,Humberside Police,Humberside Police,-0.677781,53.572603,On or near Swinburne Lane,E01013278,North Lincolnshire 016A,Violence and sexual offences,Unable to prosecute suspect,
48d68dde4ad61e648d2abc13eaf42c7367289cb72c204eaf7134ccb04b5b0a99,2021-05,Humberside Police,Humberside Police,-0.677781,53.572603,On or near Swinburne Lane,E01013278,North Lincolnshire 016A,Violence and sexual offences,Local resolution,
6e25ed7942589720e173503c3935e6fe3a4f815ce8045ce8a4b4509c5baab601,2021-05,Humberside Police,Humberside Police,-0.678187,53.574109,On or near West Common Lane,E01013278,North Lincolnshire 016A,Violence and sexual offences,Court result unavailable,
71be3f33cc9cd2f5edcce59f487722856dbd946aa2dcbf7826a49163350bbb78,2021-05,Humberside Police,Humberside Police,-0.677777,53.569825,On or near Gray Road,E01013278,North Lincolnshire 016A,Violence and sexual offences,Unable to prosecute suspect,
a3b17a3fed26b44253108f266cd991e23c28780efb9f776235794c39da3ae1d6,2021-05,Humberside Police,Humberside Police,-0.677490,53.572231,On or near Supermarket,E01013278,North Lincolnshire 016A,Violence and sexual offences,Status update unavailable,
615c92d8dec9febd1aa8eb6984d9f75d1361bde881414a6c0ed52d2d5c4295b4,2021-05,Humberside Police,Humberside Police,-0.679753,53.570386,On or near Marlowe Road,E01013278,North Lincolnshire 016A,Violence and sexual offences,Unable to prosecute suspect,
463356728d89d2978a6453cdfece3075eae6b038fa2b255b5dd035d04fd1f115,2021-05,Humberside Police,Humberside Police,-0.678187,53.574109,On or near West Common Lane,E01013278,North Lincolnshire 016A,Violence and sexual offences,Investigation complete; no suspect identified,
b88c0cd78f327dbaddbdc542fe21956e11bd7c8a18fcb10c5020ee314f4aec99,2021-05,Humberside Police,Humberside Police,-0.677490,53.572231,On or near Supermarket,E01013278,North Lincolnshire 016A,Violence and sexual offences,Local resolution,
0ad7e39ce70107e85336a573403453944f67b46cf1224a4625620c95c16baf41,2021-05,Humberside Police,Humberside Police,-0.679753,53.570386,On or near Marlowe Road,E01013278,North Lincolnshire 016A,Violence and sexual offences,Unable to prosecute suspect,
bc8bce08c2a6382bbdfa8bba0fc16c4c15326a8f4c5d0c29c55945690e6d6215,2021-05,Humberside Police,Humberside Police,-0.677490,53.572231,On or near Supermarket,E01013278,North Lincolnshire 016A,Violence and sexual offences,Investigation complete; no suspect identified,
61722477e287ece55b85f3dda8faab104139010d4e23a57a7e24098e3fcd8acf,2021-05,Humberside Police,Humberside Police,-0.677777,53.569825,On or near Gray Road,E01013278,North Lincolnshire 016A,Violence and sexual offences,Unable to prosecute suspect,
b11fda1abf1ee2c8dd6a4b4d66c85a1cbd8e571aa48c24f30f26b55ba58f09e3,2021-05,Humberside Police,Humberside Police,-0.677781,53.572603,On or near Swinburne Lane,E01013278,North Lincolnshire 016A,Other crime,Unable to prosecute suspect,
,2021-05,Humberside Police,Humberside Police,-0.684636,53.565325,On or near Supermarket,E01013280,North Lincolnshire 016B,Anti-social behaviour,,
ccf1bdd50d4982967bd734502078a02099fdb5adc6b6bd2ade8247b24c2e2b2f,2021-05,Humberside Police,Humberside Police,-0.680995,53.566849,On or near Meadow Road,E01013280,North Lincolnshire 016B,Burglary,Court result unavailable,
86e953ba9ede120a2c58e4e2f812060f6c9447c0ee3fb009b2f4b308ce13fb33,2021-05,Humberside Police,Humberside Police,-0.680995,53.566849,On or near Meadow Road,E01013280,North Lincolnshire 016B,Burglary,Court result unavailable,
d498ae9fee320aba4b83f6bbb38901a90b9bcaf4ce6fa27e83ab91d188aa6922,2021-05,Humberside Police,Humberside Police,-0.684636,53.565325,On or near Supermarket,E01013280,North Lincolnshire 016B,Burglary,Investigation complete; no suspect identified,
4e49943677ba7fcd70b8b819d8e81377edffd876bc5a658a62254750135fc007,2021-05,Humberside Police,Humberside Police,-0.684636,53.565325,On or near Supermarket,E01013280,North Lincolnshire 016B,Burglary,Investigation complete; no suspect identified,
344ea3a6588317d5c3c86ef48f0138cd4326e4436f31e0ff609079f73b916695,2021-05,Humberside Police,Humberside Police,-0.677961,53.566834,On or near Whitfield Road,E01013280,North Lincolnshire 016B,Criminal damage and arson,Investigation complete; no suspect identified,
68e2975cd6fa22d844678dc6fdde30fb8545bcdbda28a31ec59df5210214163b,2021-05,Humberside Police,Humberside Police,-0.679966,53.565948,On or near Brookdale Road,E01013280,North Lincolnshire 016B,Criminal damage and arson,Unable to prosecute suspect,
9a42b138dce2c0c3847fd4ea65ee27c7d19ca9bc4d99e2e5f6b200a703b45239,2021-05,Humberside Police,Humberside Police,-0.681518,53.565093,On or near Petrol Station,E01013280,North Lincolnshire 016B,Other theft,Investigation complete; no suspect identified,
1d0fcdf587712f376cb10cb55c8bf5653bd12f944348f74b4281b30fe0f75187,2021-05,Humberside Police,Humberside Police,-0.681518,53.565093,On or near Petrol Station,E01013280,North Lincolnshire 016B,Other theft,Investigation complete; no suspect identified,
1a65e3317cada698f6b5d581177cb1e49e4d7bc5280e556483e974289d77a649,2021-05,Humberside Police,Humberside Police,-0.684636,53.565325,On or near Supermarket,E01013280,North Lincolnshire 016B,Shoplifting,Court result unavailable,
9e0731f0a221a2a4937416bc0cd0acb4a6c2f076576a1e83a2e1d9742bc4c40d,2021-05,Humberside Police,Humberside Police,-0.684636,53.565325,On or near Supermarket,E01013280,North Lincolnshire 016B,Shoplifting,Investigation complete; no suspect identified,
d97757230a9bae44a2fbb1b2dddb8202728c1172f53a7c27d40067e673d1a05b,2021-05,Humberside Police,Humberside Police,-0.684636,53.565325,On or near Supermarket,E01013280,North Lincolnshire 016B,Shoplifting,Local resolution,
1814d1756f42e37471b85b8af533e413a8aaf3edeed7efbe14b3d8058a6b9d88,2021-05,Humberside Police,Humberside Police,-0.680995,53.566849,On or near Meadow Road,E01013280,North Lincolnshire 016B,Vehicle crime,Court result unavailable,
d76d01d4c40a358066466cdddf9f107fefc51294308f21829c004a1814017440,2021-05,Humberside Police,Humberside Police,-0.681268,53.569738,On or near Whitman Road,E01013280,North Lincolnshire 016B,Violence and sexual offences,Unable to prosecute suspect,
25f656edaaa641057ab28fb7bac4900227917d1d7bb01210a304bb552f695f7b,2021-05,Humberside Police,Humberside Police,-0.681268,53.569738,On or near Whitman Road,E01013280,North Lincolnshire 016B,Violence and sexual offences,Unable to prosecute suspect,
e169fe01a89da35ca18d175166737d102a6bf2398c727936c25692df21c0a3a2,2021-05,Humberside Police,Humberside Police,-0.681268,53.569738,On or near Whitman Road,E01013280,North Lincolnshire 016B,Violence and sexual offences,Unable to prosecute suspect,
,2021-05,Humberside Police,Humberside Police,-0.670696,53.564470,On or near Saxby Road,E01013281,North Lincolnshire 016C,Anti-social behaviour,,
,2021-05,Humberside Police,Humberside Police,-0.675363,53.571686,On or near Keats Avenue,E01013281,North Lincolnshire 016C,Anti-social behaviour,,
,2021-05,Humberside Police,Humberside Police,-0.672088,53.562445,On or near Coningsby Road,E01013281,North Lincolnshire 016C,Anti-social behaviour,,
,2021-05,Humberside Police,Humberside Police,-0.670696,53.564470,On or near Saxby Road,E01013281,North Lincolnshire 016C,Anti-social behaviour,,
,2021-05,Humberside Police,Humberside Police,-0.670696,53.564470,On or near Saxby Road,E01013281,North Lincolnshire 016C,Anti-social behaviour,,
,2021-05,Humberside Police,Humberside Police,-0.675071,53.570398,On or near Chaucer Avenue,E01013281,North Lincolnshire 016C,Anti-social behaviour,,
2307ed24c7acf90839c255f192e0b24d35299f244bb21f0056cedee6e8e4288e,2021-05,Humberside Police,Humberside Police,-0.675363,53.571686,On or near Keats Avenue,E01013281,North Lincolnshire 016C,Criminal damage and arson,Unable to prosecute suspect,
b6081e599c4d28363a4283f9036e451593d2fd3fd56ded6b819fbaedc3a90d80,2021-05,Humberside Police,Humberside Police,-0.675363,53.571686,On or near Keats Avenue,E01013281,North Lincolnshire 016C,Criminal damage and arson,Unable to prosecute suspect,
ea2d502fc6ba4d4a2d9c392ba702f28ab6a82017a822cca8a849eac40c6e9568,2021-05,Humberside Police,Humberside Police,-0.675363,53.571686,On or near Keats Avenue,E01013281,North Lincolnshire 016C,Criminal damage and arson,Status update unavailable,
45b0511c2d00031f40db0dfd04ed6f7151719d8554046ebabce03d4ca2c3ae14,2021-05,Humberside Police,Humberside Police,-0.675363,53.571686,On or near Keats Avenue,E01013281,North Lincolnshire 016C,Criminal damage and arson,Court result unavailable,
c23e5b78268146073185705f443ada85aba06a8894f2210070a62ab84ce81064,2021-05,Humberside Police,Humberside Police,-0.670696,53.564470,On or near Saxby Road,E01013281,North Lincolnshire 016C,Criminal damage and arson,Unable to prosecute suspect,
e03b3ae7f8561a8544f439c88793b4dadcdd809c3564b5c3a3dff02b41833977,2021-05,Humberside Police,Humberside Police,-0.671898,53.564178,On or near Grasby Road,E01013281,North Lincolnshire 016C,Criminal damage and arson,Investigation complete; no suspect identified,
dd823507d327a984a58d6275ec30caf81b17e64b272c3fcfb9a8c49ad816ba88,2021-05,Humberside Police,Humberside Police,-0.670696,53.564470,On or near Saxby Road,E01013281,North Lincolnshire 016C,Drugs,Offender given a caution,
28457fd5301c2cac8e919aeadfce478d09c01fb8051fb367a9cc691051b3bbf2,2021-05,Humberside Police,Humberside Police,-0.672088,53.562445,On or near Coningsby Road,E01013281,North Lincolnshire 016C,Violence and sexual offences,Unable to prosecute suspect,
e544da022f2a1e28b0430082c0ed0fd75045cfb27fa98422d42691f5d63d79d9,2021-05,Humberside Police,Humberside Police,-0.667661,53.565425,On or near Beesby Road,E01013281,North Lincolnshire 016C,Violence and sexual offences,Unable to prosecute suspect,
7ccb2a04195d14cb8b0087d49da96d80f12902f34a5aef92cd35c3614582b86c,2021-05,Humberside Police,Humberside Police,-0.672088,53.562445,On or near Coningsby Road,E01013281,North Lincolnshire 016C,Violence and sexual offences,Unable to prosecute suspect,
d94f8d920071eedb9ae0ad5a76904e21427b7c0d079a141e3bbfada231292153,2021-05,Humberside Police,Humberside Police,-0.675363,53.571686,On or near Keats Avenue,E01013281,North Lincolnshire 016C,Violence and sexual offences,Local resolution,
bb2ce9edbbb21f27480fb7496ea708beaf21763495c55a7b8ef0c4b1e761c7a7,2021-05,Humberside Police,Humberside Police,-0.667661,53.565425,On or near Beesby Road,E01013281,North Lincolnshire 016C,Violence and sexual offences,Unable to prosecute suspect,
,2021-05,Humberside Police,Humberside Police,-0.674550,53.562895,On or near Thoresby Road,E01013283,North Lincolnshire 016D,Anti-social behaviour,,
62d3fb6b7fb309d5da46c0c0bf6ea600670bf4704fac484f756835b48977dd25,2021-05,Humberside Police,Humberside Police,-0.670047,53.558683,On or near Sunningdale Road,E01013283,North Lincolnshire 016D,Burglary,Investigation complete; no suspect identified,
4a282df3c2c8c5716d5cff37b424af903a68f41b3336ebae8bec71eddaa20479,2021-05,Humberside Police,Humberside Police,-0.680883,53.561715,On or near Acer Grove,E01013283,North Lincolnshire 016D,Criminal damage and arson,Investigation complete; no suspect identified,
34456ca7a924f99b431915e35a106385f8efca4002fa5567c532c04df544886f,2021-05,Humberside Police,Humberside Police,-0.674080,53.562476,On or near Sports/Recreation Area,E01013283,North Lincolnshire 016D,Criminal damage and arson,Investigation complete; no suspect identified,
a01563601e96643df74af17d44c4b784a386f334f9ba502f5451bd910c2cf2a5,2021-05,Humberside Police,Humberside Police,-0.670047,53.558683,On or near Sunningdale Road,E01013283,North Lincolnshire 016D,Criminal damage and arson,Unable to prosecute suspect,
ad9345b109ab9fddb497263951fa58ffa37500e5b9be75ac04ef383c1ef5c476,2021-05,Humberside Police,Humberside Police,-0.671271,53.561061,On or near Salmonby Road,E01013283,North Lincolnshire 016D,Criminal damage and arson,Unable to prosecute suspect,
272bf0b244746b25f3f241a4146296ed6693308c13a09b369ba47c3df1c47483,2021-05,Humberside Police,Humberside Police,-0.671271,53.561061,On or near Salmonby Road,E01013283,North Lincolnshire 016D,Other theft,Unable to prosecute suspect,
69467f431600b7104b484b50b90678940e8a10c1f093033c8eb9589c1c402329,2021-05,Humberside Police,Humberside Police,-0.674080,53.562476,On or near Sports/Recreation Area,E01013283,North Lincolnshire 016D,Shoplifting,Offender given a caution,
28b69ce772d43b9068582359c68fad3eb1ff1f458b7f53b0e8c60ab779c780b6,2021-05,Humberside Police,Humberside Police,-0.675093,53.560986,On or near Wragby Road,E01013283,North Lincolnshire 016D,Violence and sexual offences,Unable to prosecute suspect,
6d30b8e6d74d0d3bb8a13869b6e31040aa82d4c5b36b16d2b5dcf2b908c60cbf,2021-05,Humberside Police,Humberside Police,-0.673220,53.563447,On or near Somerby Road,E01013283,North Lincolnshire 016D,Violence and sexual offences,Unable to prosecute suspect,
76acd950784b5b0fca6b40c67cf8cddd4511149f6f9085b4651f1a6b26de5f6d,2021-05,Humberside Police,Humberside Police,-0.673220,53.563447,On or near Somerby Road,E01013283,North Lincolnshire 016D,Violence and sexual offences,Unable to prosecute suspect,
6073756dfc732175350cf1db204f8eff1ee9a546c35e26bf71e78d5d36274c80,2021-05,Humberside Police,Humberside Police,-0.673220,53.563447,On or near Somerby Road,E01013283,North Lincolnshire 016D,Violence and sexual offences,Unable to prosecute suspect,
bfdcba37a98ac0446335975bea27315bdea8b6ad0f9eebfe3fea369906391f66,2021-05,Humberside Police,Humberside Police,-0.675093,53.560986,On or near Wragby Road,E01013283,North Lincolnshire 016D,Violence and sexual offences,Unable to prosecute suspect,
c5d2935708db2f146c67fff0407c90074359b04b708db74c29195896f6a2a8a0,2021-05,Humberside Police,Humberside Police,-0.675093,53.560986,On or near Wragby Road,E01013283,North Lincolnshire 016D,Violence and sexual offences,Unable to prosecute suspect,
71eb8a401b8753a14272baf074d460909a4ba28c25c414944fbb609daf143370,2021-05,Humberside Police,Humberside Police,-0.675689,53.561730,On or near Ulceby Road,E01013283,North Lincolnshire 016D,Violence and sexual offences,Unable to prosecute suspect,
863304bd800c79cca9de5cccd010a5b95406e70afaf8b01c1dbda43450069fa5,2021-05,Humberside Police,Humberside Police,-0.669091,53.559311,On or near Searby Road,E01013283,North Lincolnshire 016D,Violence and sexual offences,Unable to prosecute suspect,
0f677a04bc7a41afa784dd43aecdad089f0717cc6082b3828ad673c7bd8750d9,2021-05,Humberside Police,Humberside Police,-0.673220,53.563447,On or near Somerby Road,E01013283,North Lincolnshire 016D,Violence and sexual offences,Unable to prosecute suspect,
c8d17487e55ec7d7b2950493ee1fd48ebea9659e53e5b5d5c46944b2c868ddcf,2021-05,Humberside Police,Humberside Police,-0.653087,53.561738,On or near Morecambe Avenue,E01013236,North Lincolnshire 017A,Burglary,Investigation complete; no suspect identified,
7335b6ee3edee7dd89f60f497664dd89554ea56275ee49d335a18165762dd09b,2021-05,Humberside Police,Humberside Police,-0.655200,53.562212,On or near Ancaster Court,E01013236,North Lincolnshire 017A,Violence and sexual offences,Further investigation is not in the public interest,
59e68ced02509189e186a2837fa6a50e9c54fe8ed5dc31ddf82ee6116fca819a,2021-05,Humberside Police,Humberside Police,-0.645171,53.563761,On or near Bottesford Avenue,E01013236,North Lincolnshire 017A,Violence and sexual offences,Unable to prosecute suspect,
,2021-05,Humberside Police,Humberside Police,-0.647654,53.566387,On or near Shopping Area,E01013239,North Lincolnshire 017B,Anti-social behaviour,,
,2021-05,Humberside Police,Humberside Police,-0.656603,53.563207,On or near Messingham Road,E01013239,North Lincolnshire 017B,Anti-social behaviour,,
,2021-05,Humberside Police,Humberside Police,-0.649612,53.568423,On or near Mason Walk,E01013239,North Lincolnshire 017B,Anti-social behaviour,,
,2021-05,Humberside Police,Humberside Police,-0.645568,53.565977,On or near Parking Area,E01013239,North Lincolnshire 017B,Anti-social behaviour,,
,2021-05,Humberside Police,Humberside Police,-0.649352,53.562856,On or near Covert Road,E01013239,North Lincolnshire 017B,Anti-social behaviour,,
,2021-05,Humberside Police,Humberside Police,-0.655194,53.566230,On or near Old Rectory Gardens,E01013239,North Lincolnshire 017B,Anti-social behaviour,,
,2021-05,Humberside Police,Humberside Police,-0.651396,53.566951,On or near Belmont Street,E01013239,North Lincolnshire 017B,Anti-social behaviour,,
,2021-05,Humberside Police,Humberside Police,-0.651396,53.566951,On or near Belmont Street,E01013239,North Lincolnshire 017B,Anti-social behaviour,,
,2021-05,Humberside Police,Humberside Police,-0.651396,53.566951,On or near Belmont Street,E01013239,North Lincolnshire 017B,Anti-social behaviour,,
,2021-05,Humberside Police,Humberside Police,-0.652511,53.567017,On or near Parking Area,E01013239,North Lincolnshire 017B,Anti-social behaviour,,
,2021-05,Humberside Police,Humberside Police,-0.645070,53.566924,On or near Parking Area,E01013239,North Lincolnshire 017B,Anti-social behaviour,,
6e3fd03f152faeba407ea7c7b46a1f1a7302f846b91a3601fc3005e7408545bf,2021-05,Humberside Police,Humberside Police,-0.652511,53.567017,On or near Parking Area,E01013239,North Lincolnshire 017B,Bicycle theft,Investigation complete; no suspect identified,
9eaa8a870aec137cc5f790cc36fbf6f4330647f8e9dc98592f2589fb9a5c4f81,2021-05,Humberside Police,Humberside Police,-0.652511,53.567017,On or near Parking Area,E01013239,North Lincolnshire 017B,Burglary,Further action is not in the public interest,
f9e880cb67ee53116c030768cffc19320e8c78548ced00c1b36751363a18e246,2021-05,Humberside Police,Humberside Police,-0.656603,53.563207,On or near Messingham Road,E01013239,North Lincolnshire 017B,Burglary,Unable to prosecute suspect,
3045935625f08a8f1c3a1d12a1c7f7659646b5feff026eaddb7d5fd843321750,2021-05,Humberside Police,Humberside Police,-0.656603,53.563207,On or near Messingham Road,E01013239,North Lincolnshire 017B,Burglary,Status update unavailable,
3bcaeb8f2150d8bb0f6d4828eb6eb7775fcbe005d1e04f985e13024c72182f23,2021-05,Humberside Police,Humberside Police,-0.651401,53.567751,On or near Belmont Street,E01013239,North Lincolnshire 017B,Criminal damage and arson,Court result unavailable,
b45fd799921eca9b0f955e2e1086d924fa713cfd248b0f457ccadf0a3af7ac47,2021-05,Humberside Police,Humberside Police,-0.656603,53.563207,On or near Messingham Road,E01013239,North Lincolnshire 017B,Criminal damage and arson,Unable to prosecute suspect,
7a8c976fcb49df9394ac084e2154e4a5dfd69e959baeb7d323a7a8f3a4ad2565,2021-05,Humberside Police,Humberside Police,-0.656603,53.563207,On or near Messingham Road,E01013239,North Lincolnshire 017B,Criminal damage and arson,Unable to prosecute suspect,
98347e5b70cec2a0f0e19b03fb0e0e99e429cead994d22b9cf50ca7e00e612bd,2021-05,Humberside Police,Humberside Police,-0.656603,53.563207,On or near Messingham Road,E01013239,North Lincolnshire 017B,Criminal damage and arson,Unable to prosecute suspect,
a9e378c79885450733a512fe7d65ec09bc14392ce05c64bad7958d94c1b69ead,2021-05,Humberside Police,Humberside Police,-0.651396,53.566951,On or near Belmont Street,E01013239,North Lincolnshire 017B,Public order,Court result unavailable,
6711b6a33070dbd7721cd44b7ee329bf636d26117436d53e4e3027e9387574f8,2021-05,Humberside Police,Humberside Police,-0.648396,53.564418,On or near St Augustine Crescent,E01013239,North Lincolnshire 017B,Public order,Unable to prosecute suspect,
4de378f801f108e142c1fd968584cd55518f4bcb52d01465afc0e3f8b17cd8b8,2021-05,Humberside Police,Humberside Police,-0.650263,53.566947,On or near Lindley Street,E01013239,North Lincolnshire 017B,Public order,Unable to prosecute suspect,
829bd412981fb0a192faf4a7fd14bef00b0442ba6ad342d3aed5d86e39da0e33,2021-05,Humberside Police,Humberside Police,-0.649217,53.561866,On or near Sunway Grove,E01013239,North Lincolnshire 017B,Robbery,Unable to prosecute suspect,
fdacdfb9ea344d90672406ce927661b4e3c2d69240903b89fbc5411b637e6c7b,2021-05,Humberside Police,Humberside Police,-0.649116,53.566943,On or near Modder Street,E01013239,North Lincolnshire 017B,Robbery,Unable to prosecute suspect,
2d356880d55ab01a2ba00c7885ce687c65b4b21eff10c9ea2fc271f7879a87c7,2021-05,Humberside Police,Humberside Police,-0.656603,53.563207,On or near Messingham Road,E01013239,North Lincolnshire 017B,Violence and sexual offences,Unable to prosecute suspect,
ad9c5efb5d6a152f679df3d1143b5287ee331c74183efa76696ccb64c0c6f8b3,2021-05,Humberside Police,Humberside Police,-0.656603,53.563207,On or near Messingham Road,E01013239,North Lincolnshire 017B,Violence and sexual offences,Unable to prosecute suspect,
6ec14b833f9efd11083a625c5592fcd830fd1b268122c408d2040bed690dc93a,2021-05,Humberside Police,Humberside Police,-0.655194,53.566230,On or near Old Rectory Gardens,E01013239,North Lincolnshire 017B,Violence and sexual offences,Status update unavailable,
fa0e1d5324eae00eabfb07567f7fe1be8dcc20032e6f65b4139beb488922ff8b,2021-05,Humberside Police,Humberside Police,-0.649217,53.561866,On or near Sunway Grove,E01013239,North Lincolnshire 017B,Violence and sexual offences,Unable to prosecute suspect,
48074f652d6aeb4e99911387171cd7f12b0f775d8c83cc2ca9ae239881e05ba1,2021-05,Humberside Police,Humberside Police,-0.651401,53.567751,On or near Belmont Street,E01013239,North Lincolnshire 017B,Violence and sexual offences,Unable to prosecute suspect,
f89cb138483cc9bd5fb27d8ab53d0009abff9996b72232e0be991ecddf2a2675,2021-05,Humberside Police,Humberside Police,-0.651401,53.567751,On or near Belmont Street,E01013239,North Lincolnshire 017B,Violence and sexual offences,Court result unavailable,
c6a3fdc927c215e7b482e444eb9e28493d9e4b7bf2d0d6aaf4b677e29fad3c8a,2021-05,Humberside Police,Humberside Police,-0.655194,53.566230,On or near Old Rectory Gardens,E01013239,North Lincolnshire 017B,Violence and sexual offences,Unable to prosecute suspect,
89ea5e0b5e39edfc6d3d6fe1165a4670b30d3f1707591c3da108e95020e6dd90,2021-05,Humberside Police,Humberside Police,-0.650267,53.567774,On or near Lindley Street,E01013239,North Lincolnshire 017B,Violence and sexual offences,Action to be taken by another organisation,
d49b32fb6592cab4ef8a85f42f58c93e21fc40bde282a78601ea8a4ae5f30cf2,2021-05,Humberside Police,Humberside Police,-0.651396,53.566951,On or near Belmont Street,E01013239,North Lincolnshire 017B,Violence and sexual offences,Further action is not in the public interest,
34e02278bc8dac88a0e2ee04b422fa7b097bbe792c1636d5d0323523af46d44e,2021-05,Humberside Police,Humberside Police,-0.651401,53.567751,On or near Belmont Street,E01013239,North Lincolnshire 017B,Violence and sexual offences,Court result unavailable,
e5808342d321d73b81500d13fd506e3bad071cf1e02e4a59e8d2e77df00a03fb,2021-05,Humberside Police,Humberside Police,-0.649217,53.561866,On or near Sunway Grove,E01013239,North Lincolnshire 017B,Violence and sexual offences,Unable to prosecute suspect,
275979ab4303c38e15525017e70ae6e57107b4d0134f2cffee7417ae31e2a1d6,2021-05,Humberside Police,Humberside Police,-0.645568,53.565977,On or near Parking Area,E01013239,North Lincolnshire 017B,Violence and sexual offences,Investigation complete; no suspect identified,
5f20ea8fecb2a1b5e864a56375987d048135b67b53fb48bf1deff8fe02c446b7,2021-05,Humberside Police,Humberside Police,-0.656603,53.563207,On or near Messingham Road,E01013239,North Lincolnshire 017B,Violence and sexual offences,Status update unavailable,
,2021-05,Humberside Police,Humberside Police,-0.663763,53.561669,On or near Keelby Road,E01013282,North Lincolnshire 017C,Anti-social behaviour,,
9709ecdf968749912beaf7c5200f34fedce19a2914c9e963c81e22236bcc1eb4,2021-05,Humberside Police,Humberside Police,-0.660783,53.562337,On or near Barnetby Road,E01013282,North Lincolnshire 017C,Criminal damage and arson,Investigation complete; no suspect identified,
9519648afaea62cbc5378f60c9e229d2dcec446017a0b4f2c1ce5992bc8a4fe7,2021-05,Humberside Police,Humberside Police,-0.663624,53.564185,On or near Aylesby Road,E01013282,North Lincolnshire 017C,Criminal damage and arson,Investigation complete; no suspect identified,
83bf5e162ef1748da8a7ac7c9e04ee9ed9e9135c40621b0ec0ac9ccf442652a0,2021-05,Humberside Police,Humberside Police,-0.663624,53.564185,On or near Aylesby Road,E01013282,North Lincolnshire 017C,Criminal damage and arson,Unable to prosecute suspect,
317c3a0ad559cbe6fecc5ae3385cdccace47420b2c1749377981cfb611992b74,2021-05,Humberside Police,Humberside Police,-0.661070,53.566170,On or near Roman Way,E01013282,North Lincolnshire 017C,Criminal damage and arson,Investigation complete; no suspect identified,
a774fddc5d63f160e88d64f3e765a1671da8268ab75654c5fe843996d6551abc,2021-05,Humberside Police,Humberside Police,-0.663763,53.561669,On or near Keelby Road,E01013282,North Lincolnshire 017C,Criminal damage and arson,Investigation complete; no suspect identified,
d9cd804007848fc50b7ca42134f75315f57c3e260ae25960902b8d1c966fa712,2021-05,Humberside Police,Humberside Police,-0.660084,53.563920,On or near Peacock Street,E01013282,North Lincolnshire 017C,Other theft,Investigation complete; no suspect identified,
594e792c47dd87c20cb7782985731f8e163bf7fb32b318385f17f58d304ad6e2,2021-05,Humberside Police,Humberside Police,-0.662765,53.563645,On or near Morley Road,E01013282,North Lincolnshire 017C,Public order,Unable to prosecute suspect,
9caeefd43f5349778c90b5232ef3fd5871cecc671dc328f7a91a1231990b1d0c,2021-05,Humberside Police,Humberside Police,-0.664844,53.561879,On or near Supermarket,E01013282,North Lincolnshire 017C,Public order,Investigation complete; no suspect identified,
7b1a7be35b48962a4ead9590c766b5149e4f7859f4162d1e00322c61cb88c40a,2021-05,Humberside Police,Humberside Police,-0.663624,53.564185,On or near Aylesby Road,E01013282,North Lincolnshire 017C,Public order,Unable to prosecute suspect,
5d1c4f1f9ba5e82e31f174c78b1829132f085d242943c30f344518b129b29e7b,2021-05,Humberside Police,Humberside Police,-0.663624,53.564185,On or near Aylesby Road,E01013282,North Lincolnshire 017C,Public order,Status update unavailable,
20dd98b415fc0c54bf0c9a7335b05b091525884c551e19cf5a53c4fe24a57978,2021-05,Humberside Police,Humberside Police,-0.663763,53.561669,On or near Keelby Road,E01013282,North Lincolnshire 017C,Robbery,Unable to prosecute suspect,
0740172a87e6f9f7486b667f0796bd4b07d3b6b29453c01857aa5c25f40386dd,2021-05,Humberside Police,Humberside Police,-0.664844,53.561879,On or near Supermarket,E01013282,North Lincolnshire 017C,Shoplifting,Investigation complete; no suspect identified,
8de7751bed8bf8b34f09dd477e6f417f39272324e8dacde1cb03b099a6b9ba8a,2021-05,Humberside Police,Humberside Police,-0.664844,53.561879,On or near Supermarket,E01013282,North Lincolnshire 017C,Shoplifting,Investigation complete; no suspect identified,
2515d0b138b53b10430b6825b34c10e92c42e0a494b21e7c112586f4947bc98c,2021-05,Humberside Police,Humberside Police,-0.664844,53.561879,On or near Supermarket,E01013282,North Lincolnshire 017C,Shoplifting,Investigation complete; no suspect identified,
e69c219d9c4af33812584fb81b9a390a6f82b0d2287e3e5782c8c2d8f63f0c28,2021-05,Humberside Police,Humberside Police,-0.664844,53.561879,On or near Supermarket,E01013282,North Lincolnshire 017C,Shoplifting,Investigation complete; no suspect identified,
0f70563fe74121176dea1418863c76d5c01af18f8cb57a0565952333fdfdf902,2021-05,Humberside Police,Humberside Police,-0.663763,53.561669,On or near Keelby Road,E01013282,North Lincolnshire 017C,Violence and sexual offences,Unable to prosecute suspect,
d6bdbe289be09a2e76e54d9813a0c0297be82ae2511e15654e813e9af3c7e2fc,2021-05,Humberside Police,Humberside Police,-0.663624,53.564185,On or near Aylesby Road,E01013282,North Lincolnshire 017C,Violence and sexual offences,Status update unavailable,
58fb78d3db18de253872f87a495d5e1e1529ad42e162e3b00f57b8c6e75b6092,2021-05,Humberside Police,Humberside Police,-0.660783,53.562337,On or near Barnetby Road,E01013282,North Lincolnshire 017C,Violence and sexual offences,Unable to prosecute suspect,
55167544465dc194dba659e53ffa3badd13696547522364b202479c2f6559b11,2021-05,Humberside Police,Humberside Police,-0.662765,53.563645,On or near Morley Road,E01013282,North Lincolnshire 017C,Violence and sexual offences,Investigation complete; no suspect identified,
167ba8c429c7e118c0f1729d2322053a12e3c9ea3a64b255c4eca3a7a6243f6e,2021-05,Humberside Police,Humberside Police,-0.663624,53.564185,On or near Aylesby Road,E01013282,North Lincolnshire 017C,Violence and sexual offences,Unable to prosecute suspect,
939b3ffc68a5b4f24739e327133d931896e656fd7f166975ddaa9b5ed2b3b4ee,2021-05,Humberside Police,Humberside Police,-0.660783,53.562337,On or near Barnetby Road,E01013282,North Lincolnshire 017C,Violence and sexual offences,Status update unavailable,
723b84edea7155b373a7e5f58f87fa45347aa049e5f23394f7d3106a86195ebf,2021-05,Humberside Police,Humberside Police,-0.660783,53.562337,On or near Barnetby Road,E01013282,North Lincolnshire 017C,Violence and sexual offences,Unable to prosecute suspect,
85708df6ec0c00e6ac5544992d9bdcc47726259dd1a275587ffacb4cb63cf5be,2021-05,Humberside Police,Humberside Police,-0.660925,53.563094,On or near Angerstein Road,E01013282,North Lincolnshire 017C,Violence and sexual offences,Unable to prosecute suspect,
43ce0a90b9555923f3ba36caf4ef903d5e8ed11c530d22e288fed563f781c6f8,2021-05,Humberside Police,Humberside Police,-0.662765,53.563645,On or near Morley Road,E01013282,North Lincolnshire 017C,Other crime,Status update unavailable,
f6802e489fc87694f6ae1c17523adfb796e78ee13418b2f6b20d2fd70c987f42,2021-05,Humberside Police,Humberside Police,-0.662765,53.563645,On or near Morley Road,E01013282,North Lincolnshire 017C,Other crime,Unable to prosecute suspect,
,2021-05,Humberside Police,Humberside Police,-0.659316,53.561467,On or near Bonby Grove,E01013284,North Lincolnshire 017D,Anti-social behaviour,,
,2021-05,Humberside Police,Humberside Police,-0.659316,53.561467,On or near Bonby Grove,E01013284,North Lincolnshire 017D,Anti-social behaviour,,
,2021-05,Humberside Police,Humberside Police,-0.659316,53.561467,On or near Bonby Grove,E01013284,North Lincolnshire 017D,Anti-social behaviour,,
0a4d4d5b7eb6a3e2a209419e43332d92c364ecb0eb03aaeb78b300f7ced6a577,2021-05,Humberside Police,Humberside Police,-0.665578,53.561087,On or near Petrol Station,E01013284,North Lincolnshire 017D,Criminal damage and arson,Investigation complete; no suspect identified,
e7be28613ddb18a1ae73f8712810786d34cb0074694a28ae935b58db39b17494,2021-05,Humberside Police,Humberside Police,-0.659316,53.561467,On or near Bonby Grove,E01013284,North Lincolnshire 017D,Criminal damage and arson,Investigation complete; no suspect identified,
6c18976fc6fe317c247f0730838d9413fa34ae4153eabb37814a3f3f666d597b,2021-05,Humberside Police,Humberside Police,-0.666824,53.559888,On or near Kirkby Road,E01013284,North Lincolnshire 017D,Other theft,Unable to prosecute suspect,
1f721417e56a4ce3365ae5cc98931c63ad391bdba6db6e6ecb9d8baa0e52d3e6,2021-05,Humberside Police,Humberside Police,-0.663940,53.558939,On or near Fotherby Road,E01013284,North Lincolnshire 017D,Vehicle crime,Investigation complete; no suspect identified,
0cb64dec4e8ae04509c54cf05407e882a462229127f00c5501a16a462ac9d353,2021-05,Humberside Police,Humberside Police,-0.665879,53.558736,On or near Bolingbroke Road,E01013284,North Lincolnshire 017D,Violence and sexual offences,Status update unavailable,
0ae79d267f12335e81279d71c1dcda92e3ed2fca843d7fafe750599ea481e8d1,2021-05,Humberside Police,Humberside Police,-0.658476,53.561278,On or near Brocklesby Road,E01013284,North Lincolnshire 017D,Violence and sexual offences,Unable to prosecute suspect,
f989599d7c6e1f95a1864ee6b48080e8f9eafc25fa0e7c25f0c67760da34a689,2021-05,Humberside Police,Humberside Police,-0.658476,53.561278,On or near Brocklesby Road,E01013284,North Lincolnshire 017D,Violence and sexual offences,Unable to prosecute suspect,
317ba8fbd4e7c46ad2bf66d1be18b36da1ca89d544c63c03d3e8639dd0fa8fe0,2021-05,Humberside Police,Humberside Police,-0.666824,53.559888,On or near Kirkby Road,E01013284,North Lincolnshire 017D,Violence and sexual offences,Unable to prosecute suspect,
b7d1835ee35171f928065e66e9f7fb10036ff4463fb467a4419db02436d547fa,2021-05,Humberside Police,Humberside Police,-0.667702,53.562693,On or near Wrawby Road,E01013284,North Lincolnshire 017D,Violence and sexual offences,Unable to prosecute suspect,
45449d5cf36990650a6b953c3c20daaa8ff638769ef75db17f604542dea4e01c,2021-05,Humberside Police,Humberside Police,-0.665278,53.562954,On or near Willoughby Road,E01013284,North Lincolnshire 017D,Violence and sexual offences,Investigation complete; no suspect identified,
9f3be5486fa05c9a5e0818fd08f10b49a928cf675d527f2f7e6e85fc863f3767,2021-05,Humberside Police,Humberside Police,-0.666824,53.559888,On or near Kirkby Road,E01013284,North Lincolnshire 017D,Violence and sexual offences,Unable to prosecute suspect,
,2021-05,Humberside Police,Humberside Police,-0.632079,53.561464,On or near Bransdale Road,E01013237,North Lincolnshire 018B,Anti-social behaviour,,
8dd67108bec6b590f4df1938f1b16864cd6c2ebcd9c03f54910f202da39a7707,2021-05,Humberside Police,Humberside Police,-0.639147,53.562318,On or near Hunt Road,E01013237,North Lincolnshire 018B,Burglary,Unable to prosecute suspect,
7e623cb90198294f8abf8fbeb454764b7efe08ef41b72cf43e9b1fea725a5a27,2021-05,Humberside Police,Humberside Police,-0.635398,53.561996,On or near Marshfield Road,E01013237,North Lincolnshire 018B,Burglary,Unable to prosecute suspect,
3302d59d6e56b442e8ecb6c4370947ed7ce98ad4a5f8853ebd889a74034c65d4,2021-05,Humberside Police,Humberside Police,-0.639147,53.562318,On or near Hunt Road,E01013237,North Lincolnshire 018B,Criminal damage and arson,Unable to prosecute suspect,
7ca3c81802534041c8748c917459c7d63a928406462c63fbb3a6a0b3bc9ee212,2021-05,Humberside Police,Humberside Police,-0.639147,53.562318,On or near Hunt Road,E01013237,North Lincolnshire 018B,Criminal damage and arson,Local resolution,
bbd077d783568d7175bce09f89cfe75dd249a5a66ecc2071ae2ae5d44356cdfd,2021-05,Humberside Police,Humberside Police,-0.638292,53.560753,On or near Petrol Station,E01013237,North Lincolnshire 018B,Criminal damage and arson,Investigation complete; no suspect identified,
f63a9ebbb729d8fcdd5f3fab01d504bddb8577da373140df8daaad165a35cee9,2021-05,Humberside Police,Humberside Police,-0.635657,53.562853,On or near Southfield Road,E01013237,North Lincolnshire 018B,Public order,Unable to prosecute suspect,
b4e67519414a994af5875a19246c7afdebfa9dd9e29b194261d507d000b91806,2021-05,Humberside Police,Humberside Police,-0.640692,53.563603,On or near Tensing Road,E01013237,North Lincolnshire 018B,Violence and sexual offences,Unable to prosecute suspect,
c44f5429ff4c4373e42eaacf6dfe51b29b0aa8e3f516f9156fc8dd7ca4cfdd25,2021-05,Humberside Police,Humberside Police,-0.635398,53.561996,On or near Marshfield Road,E01013237,North Lincolnshire 018B,Violence and sexual offences,Court result unavailable,
4b07b1f2bc4561422900881516edc3a2e8e4ccd70c65df589796fc5ebce1ffbe,2021-05,Humberside Police,Humberside Police,-0.639147,53.562318,On or near Hunt Road,E01013237,North Lincolnshire 018B,Violence and sexual offences,Status update unavailable,
2cdf109e3999ccec7f415e645e079b865a0a102c18d103ec327d7d89dbd67aa8,2021-05,Humberside Police,Humberside Police,-0.633606,53.561401,On or near Mallory Road,E01013237,North Lincolnshire 018B,Violence and sexual offences,Unable to prosecute suspect,
1e647402119ad17d19ddec4022083ab4db5ecd4aa7b3092dcdff5a5d2a04fa92,2021-05,Humberside Police,Humberside Police,-0.639147,53.562318,On or near Hunt Road,E01013237,North Lincolnshire 018B,Violence and sexual offences,Action to be taken by another organisation,
e05b9a86be25946e159f2f3e4f4a08af36515a25de55a724217076302ec21b67,2021-05,Humberside Police,Humberside Police,-0.639147,53.562318,On or near Hunt Road,E01013237,North Lincolnshire 018B,Violence and sexual offences,Court result unavailable,
9fb30481f9beaf315dc1d2aaffc5330dbda5a861211b3ff29f3718f41638c41a,2021-05,Humberside Police,Humberside Police,-0.635398,53.561996,On or near Marshfield Road,E01013237,North Lincolnshire 018B,Violence and sexual offences,Status update unavailable,
91120ef1bcc72535c3109c38c2d566f7e14fdb7d63a688087eeb8a98591172f3,2021-05,Humberside Police,Humberside Police,-0.638292,53.560753,On or near Petrol Station,E01013237,North Lincolnshire 018B,Violence and sexual offences,Unable to prosecute suspect,
657bd01d62c9fb90972cff9226527df05f82db62427d9d130ae1b1d10328378d,2021-05,Humberside Police,Humberside Police,-0.649311,53.553722,On or near Templar Court,E01013261,North Lincolnshire 018C,Burglary,Investigation complete; no suspect identified,
5f0845776e6a84bdbfa82fd77fa01e7a9d22501190477027e6cf006966bed15b,2021-05,Humberside Police,Humberside Police,-0.652554,53.558074,On or near St Catherines Crescent,E01013261,North Lincolnshire 018C,Violence and sexual offences,Unable to prosecute suspect,
,2021-05,Humberside Police,Humberside Police,-0.633897,53.555651,On or near Redwood Court,E01013262,North Lincolnshire 018D,Anti-social behaviour,,
f8a5e6e9ccc92ff44754f2290a0678a4abec1995d12cb3c6bb3caacc966ca0ab,2021-05,Humberside Police,Humberside Police,-0.640881,53.556288,On or near Charterhouse Drive,E01013262,North Lincolnshire 018D,Burglary,Investigation complete; no suspect identified,
dae42e580b253f365ac37ae938b296599ac14d4e27361271e2fb7a9bf09377e2,2021-05,Humberside Police,Humberside Police,-0.640326,53.555221,On or near Rossall Close,E01013262,North Lincolnshire 018D,Violence and sexual offences,Unable to prosecute suspect,
ec81bf4767002c5233ab28f16124544148f9089603de6604800b9a0aacd3a3a8,2021-05,Humberside Police,Humberside Police,-0.636459,53.557181,On or near Richmond Drive,E01013262,North Lincolnshire 018D,Violence and sexual offences,Local resolution,
,2021-05,Humberside Police,Humberside Police,-0.651503,53.559320,On or near Chancel Road,E01013263,North Lincolnshire 018E,Anti-social behaviour,,
,2021-05,Humberside Police,Humberside Police,-0.651085,53.557248,On or near Cavendish Road,E01013263,North Lincolnshire 018E,Anti-social behaviour,,
,2021-05,Humberside Police,Humberside Police,-0.642791,53.560274,On or near Grange Lane South,E01013263,North Lincolnshire 018E,Anti-social behaviour,,
55f8da6f48a67d7cd82b0e9193dffc2aa330b426b8b07f411a37e32419a85e8e,2021-05,Humberside Police,Humberside Police,-0.642791,53.560274,On or near Grange Lane South,E01013263,North Lincolnshire 018E,Violence and sexual offences,Unable to prosecute suspect,
3cef620bc1b7683ead0c707e7e7e1eec68cfa64b83b3c3779d5dd7d748eab584,2021-05,Humberside Police,Humberside Police,-0.651503,53.559320,On or near Chancel Road,E01013263,North Lincolnshire 018E,Violence and sexual offences,Action to be taken by another organisation,
,2021-05,Humberside Police,Humberside Police,-0.636942,53.560000,On or near Holly Close,E01033297,North Lincolnshire 018G,Anti-social behaviour,,
3c3e7572a048042bf378bbff8d43d3cf70e8763e4ea6b04faf1c20a1c5f2a729,2021-05,Humberside Police,Humberside Police,-0.635108,53.559278,On or near Plantain Close,E01033297,North Lincolnshire 018G,Violence and sexual offences,Unable to prosecute suspect,
aaa19ca4a9bf7a80215ce51a2ccc7c18488e7f91043606611e2bc81aacc936b6,2021-05,Humberside Police,Humberside Police,-0.632885,53.557518,On or near Timberland,E01033297,North Lincolnshire 018G,Violence and sexual offences,Unable to prosecute suspect,
32141f0b257718b79060ffd85caeb4fd51836dbc07e374c451e3bf0866757f6c,2021-05,Humberside Police,Humberside Police,-0.632398,53.556721,On or near Wilkinson Way,E01033297,North Lincolnshire 018G,Violence and sexual offences,Unable to prosecute suspect,
988246d0161141e8e631e29d913c48cb49fa1442b3e29c1e1b93966e00ac7465,2021-05,Humberside Police,Humberside Police,-0.635108,53.559278,On or near Plantain Close,E01033297,North Lincolnshire 018G,Violence and sexual offences,Unable to prosecute suspect,
fe98c9cd227c0aca1ccac8aadfc46fbccea5c00e00547121e438efe5158a8f5e,2021-05,Humberside Police,Humberside Police,-0.627759,53.558709,On or near Daisy Close,E01033297,North Lincolnshire 018G,Other crime,Unable to prosecute suspect,
bdf25b2f641ce1c4d0de7c8f2730d112a5aeffc0e4aab2d977644cb9f8783641,2021-05,Humberside Police,Humberside Police,-0.628202,53.557141,On or near Woodcross Avenue,E01033297,North Lincolnshire 018G,Other crime,Investigation complete; no suspect identified,
,2021-05,Humberside Police,Humberside Police,-0.667955,53.556089,On or near The Rise,E01013264,North Lincolnshire 019B,Anti-social behaviour,,
,2021-05,Humberside Police,Humberside Police,-0.667955,53.556089,On or near The Rise,E01013264,North Lincolnshire 019B,Anti-social behaviour,,
,2021-05,Humberside Police,Humberside Police,-0.667010,53.556851,On or near Hammerton Road,E01013264,North Lincolnshire 019B,Anti-social behaviour,,
2b635fbc4ab1a04d0396fbe889f2e3202877803add694afeb4ad4aadd027558a,2021-05,Humberside Police,Humberside Police,-0.668621,53.551710,On or near Moorwell Road,E01013264,North Lincolnshire 019B,Burglary,Investigation complete; no suspect identified,
37ea67e091b29480b6a3fff80c3592eda492dd15ed6df016fb782ae6cf0bc65d,2021-05,Humberside Police,Humberside Police,-0.679856,53.551052,On or near Scotter Road South,E01013264,North Lincolnshire 019B,Criminal damage and arson,Unable to prosecute suspect,
b5fdab6afbd0176858f26aefe2a67c23bbc21892ca9afd55526c1c7c27c3762f,2021-05,Humberside Police,Humberside Police,-0.675759,53.552706,On or near North Farm Road,E01013264,North Lincolnshire 019B,Criminal damage and arson,Local resolution,
fe32ed5ef715ed9545f1a5ea115829cea7efa8ec4deb3b0d42603c2d203676cd,2021-05,Humberside Police,Humberside Police,-0.670918,53.552589,On or near Headingley Avenue,E01013264,North Lincolnshire 019B,Criminal damage and arson,Investigation complete; no suspect identified,
b0f13f6940269cbee181c309daf52bde9da7a67f1f56ed3d143157f005ffc13d,2021-05,Humberside Police,Humberside Police,-0.678296,53.552204,On or near Wentworth Road,E01013264,North Lincolnshire 019B,Drugs,Court result unavailable,
aceac915e56e77de11f8747cf791a13970f930341cf7105d30908d8154f58d4d,2021-05,Humberside Police,Humberside Police,-0.679856,53.551052,On or near Scotter Road South,E01013264,North Lincolnshire 019B,Public order,Unable to prosecute suspect,
ce57c9c3e7a313111ad93dfe98c3ef82ddee2dc5d96ad1858cae9c64171381f4,2021-05,Humberside Police,Humberside Police,-0.674002,53.552435,On or near Newdown Road,E01013264,North Lincolnshire 019B,Vehicle crime,Investigation complete; no suspect identified,
0953e27522961a00938340cd638b61c83111e561cfe880fc5233a5bb21309306,2021-05,Humberside Police,Humberside Police,-0.673606,53.556889,On or near Goodwood,E01013264,North Lincolnshire 019B,Violence and sexual offences,Unable to prosecute suspect,
cea7cf8d42098c471b726cc8f63629eee9e9693037a4d2b24a62b2dc3380d2e7,2021-05,Humberside Police,Humberside Police,-0.673606,53.556889,On or near Goodwood,E01013264,North Lincolnshire 019B,Violence and sexual offences,Unable to prosecute suspect,
e19a376fc4e7bed47a521cd8032554b95a32513d9d42ff43a3bfbb9ace57da30,2021-05,Humberside Police,Humberside Police,-0.670207,53.556959,On or near Lovell Road,E01013264,North Lincolnshire 019B,Violence and sexual offences,Unable to prosecute suspect,
25a16b5d97ca9a7154114251cc498ea516350d2712f9c192450fb073fe747bb4,2021-05,Humberside Police,Humberside Police,-0.670207,53.556959,On or near Lovell Road,E01013264,North Lincolnshire 019B,Violence and sexual offences,Unable to prosecute suspect,
2e308e8ab3912b1fbd93db552b6e3391ee490e9e16fb70a2c6e2156225db7fab,2021-05,Humberside Police,Humberside Police,-0.675759,53.552706,On or near North Farm Road,E01013264,North Lincolnshire 019B,Violence and sexual offences,Unable to prosecute suspect,
7673a27828de24fa23f5d1c756de4c675e9269762a7aaeaed3f3fda35d9a0bc8,2021-05,Humberside Police,Humberside Police,-0.661716,53.553350,On or near Glanford Road,E01013265,North Lincolnshire 019C,Other theft,Unable to prosecute suspect,
1ac4883a8fc19a0e71a8a9a0fd7670b43e986e2239b993eaba9bfb36c1dae4f0,2021-05,Humberside Police,Humberside Police,-0.661625,53.550005,On or near High Street,E01013265,North Lincolnshire 019C,Violence and sexual offences,Unable to prosecute suspect,
bea4d613915a337d28c4e0d053a6d4ec5e0a2b9930a4f461ea01442670b652f5,2021-05,Humberside Police,Humberside Police,-0.653773,53.552020,On or near Bramley Crescent,E01013266,North Lincolnshire 019D,Criminal damage and arson,Investigation complete; no suspect identified,
47f7087235729dde17a6864def69daef7e666305063b5a5b091534a40d0387f7,2021-05,Humberside Police,Humberside Police,-0.650543,53.549152,On or near Worcester Close,E01013266,North Lincolnshire 019D,Criminal damage and arson,Unable to prosecute suspect,
441b17bca99e856201211d5f4af8b21167e074c83a7487dc76760628ed2d044c,2021-05,Humberside Police,Humberside Police,-0.652296,53.548623,On or near Lambourne Rise,E01013266,North Lincolnshire 019D,Other theft,Unable to prosecute suspect,
9144c04cedc3874d46c5ce407aee39fbfe9499d4f4345e5f881bf1d6905c0cba,2021-05,Humberside Police,Humberside Police,-0.650686,53.549873,On or near Conference Court,E01013266,North Lincolnshire 019D,Public order,Unable to prosecute suspect,
5f7f50ebc9e59b25d6a7e94c550842ffb51d66c206f1f0d9dadc7963ead126b6,2021-05,Humberside Police,Humberside Police,-0.647663,53.551412,On or near Sturmer Court,E01013266,North Lincolnshire 019D,Violence and sexual offences,Unable to prosecute suspect,
b73f1fd18aff9a9c143ac1696c398e7e177ccd165eb349d1c7069167a61f26fe,2021-05,Humberside Police,Humberside Police,-0.652296,53.548623,On or near Lambourne Rise,E01013266,North Lincolnshire 019D,Violence and sexual offences,Unable to prosecute suspect,
1a93332133e65d7368b06bfad1dabd9da8d70fff0681f02eb78fd427ced9c0bf,2021-05,Humberside Police,Humberside Police,-0.647927,53.549293,On or near Merryweather Court,E01013266,North Lincolnshire 019D,Other crime,Unable to prosecute suspect,
424212c31f5a411dd30e1eb155886453f2b7dafccf36e74e5173fcaed328d8ff,2021-05,Humberside Police,Humberside Police,-0.812843,53.522783,On or near Rectory Street,E01013241,North Lincolnshire 020A,Burglary,Investigation complete; no suspect identified,
23354a71cd8d1589acb0296ed4b32093bd39b3c1ac0b6903a8e2951b777ac2fd,2021-05,Humberside Police,Humberside Police,-0.813648,53.522584,On or near Mowbray Court,E01013241,North Lincolnshire 020A,Burglary,Investigation complete; no suspect identified,
5fd0ada3912446351698b48152c5fa102482c948b8ac96d44a79890ae8ffb625,2021-05,Humberside Police,Humberside Police,-0.820548,53.525627,On or near Church Street,E01013241,North Lincolnshire 020A,Criminal damage and arson,Unable to prosecute suspect,
33406b34eb71e04b68c75c801d0d4202bcc67d936ed2908d37f89507bffee11c,2021-05,Humberside Police,Humberside Police,-0.813648,53.522584,On or near Mowbray Court,E01013241,North Lincolnshire 020A,Other theft,Unable to prosecute suspect,
fcc477c608177f51a0a1f75220a2ecdc6d484021cb1edd53b314d4dcfef8dfbd,2021-05,Humberside Police,Humberside Police,-0.806908,53.521420,On or near Melwood Hill,E01013241,North Lincolnshire 020A,Other theft,Unable to prosecute suspect,
435815a93ee0598e95275680cece64a284172e3770620f2a3a7fe7c868581774,2021-05,Humberside Police,Humberside Police,-0.806908,53.521420,On or near Melwood Hill,E01013241,North Lincolnshire 020A,Other theft,Investigation complete; no suspect identified,
f25a58809af7d7d0fdabf7a43de30e05fb01d505626202cc23ad5f9b4d03d118,2021-05,Humberside Police,Humberside Police,-0.813011,53.525409,On or near Lockwood Bank,E01013241,North Lincolnshire 020A,Vehicle crime,Investigation complete; no suspect identified,
5ad41cca3ac48b0bd0f66041e0d580929b9182ca9ee007beac4b78aa47c52cc9,2021-05,Humberside Police,Humberside Police,-0.819324,53.522982,On or near Mowbray Street,E01013241,North Lincolnshire 020A,Vehicle crime,Unable to prosecute suspect,
60a8afe83a24147abb3fc4f55ba7d4f1b757446d36b5633f8086cce2f8240fd8,2021-05,Humberside Police,Humberside Police,-0.813011,53.525409,On or near Lockwood Bank,E01013241,North Lincolnshire 020A,Vehicle crime,Investigation complete; no suspect identified,
3cac8e9ddae4a69fa606be226f75a54c8a33cfb7a31818a19ba63c3362984189,2021-05,Humberside Police,Humberside Police,-0.820629,53.524882,On or near Manor Court Road,E01013241,North Lincolnshire 020A,Violence and sexual offences,Unable to prosecute suspect,
4f1eebe03774e93a0a83e1bca3c6e6ad3501fe2370d8f152a11aad59c53b1c14,2021-05,Humberside Police,Humberside Police,-0.819758,53.525260,On or near Market Place,E01013241,North Lincolnshire 020A,Violence and sexual offences,Unable to prosecute suspect,
dae7a56dfa87f60ccb76f5b6b976cd54ee6d7d1504092d6157bb343551bb81a3,2021-05,Humberside Police,Humberside Police,-0.828362,53.557866,On or near Westgate Road,E01013242,North Lincolnshire 020B,Robbery,Unable to prosecute suspect,
207545db8038e437194a8ba2bcd515b6337b5c45d930e6c35bcdcf8d67525c3d,2021-05,Humberside Police,Humberside Police,-0.811437,53.554715,On or near Knights Close,E01013242,North Lincolnshire 020B,Vehicle crime,Investigation complete; no suspect identified,
1afc68fe52eb32d9cda1e4894ae64f8852c1cea081d0f0754009d739d79cfa9b,2021-05,Humberside Police,Humberside Police,-0.811437,53.554715,On or near Knights Close,E01013242,North Lincolnshire 020B,Violence and sexual offences,Unable to prosecute suspect,
cc17c3116120ecdc5b30f82ec4e4854daeae898c38ea2a2756a3a06662de498f,2021-05,Humberside Police,Humberside Police,-0.811437,53.554715,On or near Knights Close,E01013242,North Lincolnshire 020B,Violence and sexual offences,Further action is not in the public interest,
11b75e679dca6baa41eba9512da19fe174205c68fadb26f32ba25a2f17356a63,2021-05,Humberside Police,Humberside Police,-0.834040,53.524312,On or near King Oswald Road,E01013243,North Lincolnshire 020C,Burglary,Investigation complete; no suspect identified,
3b4b900835ca0be4dedab764a1277456e4baa3a648648861bbaaa068f8aa99a2,2021-05,Humberside Police,Humberside Police,-0.834040,53.524312,On or near King Oswald Road,E01013243,North Lincolnshire 020C,Burglary,Investigation complete; no suspect identified,
4726dc13f5ea4010fe737b83a1ff2719ee23acf321c43035e47c2aeda49b497e,2021-05,Humberside Police,Humberside Police,-0.834040,53.524312,On or near King Oswald Road,E01013243,North Lincolnshire 020C,Burglary,Investigation complete; no suspect identified,
b307ff29acdfd4366b6be00867d505a4ddf7c30d37c62585f5878eaa7f15b78b,2021-05,Humberside Police,Humberside Police,-0.827640,53.529356,On or near Windmill View,E01013243,North Lincolnshire 020C,Other theft,Investigation complete; no suspect identified,
8415d094a683c96d5a32dbe292cdbac8db473288cebb7a5bd1c95a2e0eaedb33,2021-05,Humberside Police,Humberside Police,-0.827640,53.529356,On or near Windmill View,E01013243,North Lincolnshire 020C,Other theft,Investigation complete; no suspect identified,
94d10c7e7ee7e655da299828378b543709f9c610444c35bf9573871e65e325ab,2021-05,Humberside Police,Humberside Police,-0.827640,53.529356,On or near Windmill View,E01013243,North Lincolnshire 020C,Other theft,Investigation complete; no suspect identified,
0947b81dc5c2afb86a93316189865dfeeec4c42fdaedb4c39dea480e3c980402,2021-05,Humberside Police,Humberside Police,-0.885382,53.545791,On or near Idle Bank,E01013243,North Lincolnshire 020C,Public order,Investigation complete; no suspect identified,
4447bf93a0ee642edddfaf950b9dcf5c8ccca50b697526a7e1a5d9f020726173,2021-05,Humberside Police,Humberside Police,-0.834040,53.524312,On or near King Oswald Road,E01013243,North Lincolnshire 020C,Vehicle crime,Investigation complete; no suspect identified,
f43e85e1eedf29d0b4249bb3d19d2aa5215b66c6bdde70149ca2b05ee9250dc4,2021-05,Humberside Police,Humberside Police,-0.833527,53.525422,On or near Massey Close,E01013243,North Lincolnshire 020C,Vehicle crime,Investigation complete; no suspect identified,
444a23ae1e3f5b55ebcbf4b89691efc6f7e2bee60c9a1fe2d774045f00d9150d,2021-05,Humberside Police,Humberside Police,-0.828184,53.527168,On or near Coronation Crescent,E01013243,North Lincolnshire 020C,Violence and sexual offences,Local resolution,
65755079e014c5fcb8a6f317314e1452fb5655d1685adb6e7a6ac6cd82c5e0ad,2021-05,Humberside Police,Humberside Police,-0.843900,53.536696,On or near West End Road,E01013243,North Lincolnshire 020C,Violence and sexual offences,Investigation complete; no suspect identified,
66901f95d62e3427144b2539089b2503e2c6c3e0322da31f811f9d4849916cc8,2021-05,Humberside Police,Humberside Police,-0.828184,53.527168,On or near Coronation Crescent,E01013243,North Lincolnshire 020C,Violence and sexual offences,Local resolution,
bbbf08ca1231aa36bec46704f720e11e0b46b731309b5663a9ed05a3ebae6bf0,2021-05,Humberside Police,Humberside Police,-0.853504,53.523026,On or near Turbary Road,E01013243,North Lincolnshire 020C,Other crime,Investigation complete; no suspect identified,
c2c744b701d5c1383102dde4248a56030f24657dd0f537ecbdd013646d57d320,2021-05,Humberside Police,Humberside Police,-0.834040,53.524312,On or near King Oswald Road,E01013243,North Lincolnshire 020C,Other crime,Investigation complete; no suspect identified,
,2021-05,Humberside Police,Humberside Police,-0.824712,53.528886,On or near Mill View Close,E01013244,North Lincolnshire 020D,Anti-social behaviour,,
,2021-05,Humberside Police,Humberside Police,-0.817485,53.551081,On or near High Street,E01013244,North Lincolnshire 020D,Anti-social behaviour,,
,2021-05,Humberside Police,Humberside Police,-0.813227,53.552243,On or near Jeffrey Lane,E01013244,North Lincolnshire 020D,Anti-social behaviour,,
63877d316ecf94aa19725cd56029269ff410f4462025f9085b8a380818429edb,2021-05,Humberside Police,Humberside Police,-0.831041,53.524211,On or near Waterhall,E01013244,North Lincolnshire 020D,Burglary,Investigation complete; no suspect identified,
2dfdafa4a3bca465f7e95c31f4733d29ea0f1fa5ff9ca6968777e2fc2dff2548,2021-05,Humberside Police,Humberside Police,-0.831625,53.524370,On or near Field Reeves Walk,E01013244,North Lincolnshire 020D,Burglary,Investigation complete; no suspect identified,
dd5171dcabd7fd796f532763ac2d3b1baaddaa43a987e0c1267de71ef2cec412,2021-05,Humberside Police,Humberside Police,-0.832600,53.525665,On or near Studcross,E01013244,North Lincolnshire 020D,Burglary,Investigation complete; no suspect identified,
d9ed6c16b9714369b30d45f3dafdfb012c60aef44d463f9c782576d40fdcee03,2021-05,Humberside Police,Humberside Police,-0.823942,53.526155,On or near High Street,E01013244,North Lincolnshire 020D,Burglary,Investigation complete; no suspect identified,
90777e4c728a247f516a4c68f43a990fea5e55e57a6ef8a7cffa46fb12a3c756,2021-05,Humberside Police,Humberside Police,-0.831957,53.526009,On or near The Lidgett,E01013244,North Lincolnshire 020D,Criminal damage and arson,Court result unavailable,
d9cf27f7e909957c799f5d1b3a2d1db6c081435f79344090a4ad1d26036158f0,2021-05,Humberside Police,Humberside Police,-0.831041,53.524211,On or near Waterhall,E01013244,North Lincolnshire 020D,Other theft,Unable to prosecute suspect,
2d372bfef82fda0bc2fd9b77e613cb61151398138527e994c405efd18bb240dd,2021-05,Humberside Police,Humberside Police,-0.831957,53.526009,On or near The Lidgett,E01013244,North Lincolnshire 020D,Public order,Unable to prosecute suspect,
d16ac0abee0d7f293d3961ac5945b64138a320e2aea2d9adf2d570706c452882,2021-05,Humberside Police,Humberside Police,-0.831957,53.526009,On or near The Lidgett,E01013244,North Lincolnshire 020D,Public order,Unable to prosecute suspect,
762ee9e0e0e0cf4911b513f19deea9a2fdd0cc55b12e9ead91a8d5f5fd938221,2021-05,Humberside Police,Humberside Police,-0.831041,53.524211,On or near Waterhall,E01013244,North Lincolnshire 020D,Public order,Unable to prosecute suspect,
c3df04d217ade7f8b5e9e7d88b8b798726002b840bb3c2cc29153fdbe0a0eb68,2021-05,Humberside Police,Humberside Police,-0.827452,53.525785,On or near Guisefield Road,E01013244,North Lincolnshire 020D,Public order,Unable to prosecute suspect,
1988dbe929a712ec2f109015595cb68ff205d363049c63deffdcb8f829f0818d,2021-05,Humberside Police,Humberside Police,-0.823942,53.526155,On or near High Street,E01013244,North Lincolnshire 020D,Public order,Unable to prosecute suspect,
a7bb7a19846941444da015d53234b1baec4f0508a699d54aa560f172a94d16b9,2021-05,Humberside Police,Humberside Police,-0.825956,53.525896,On or near Morfield Grove,E01013244,North Lincolnshire 020D,Public order,Unable to prosecute suspect,
24df04ac3712dc434fe2756e1d2d78bbc00e2d174c9c228ec9d0ac016c49d8c4,2021-05,Humberside Police,Humberside Police,-0.827452,53.525785,On or near Guisefield Road,E01013244,North Lincolnshire 020D,Public order,Status update unavailable,
e928b1a59421168d4e4b6168ebbef205830a9a48110cbdf3ac8088994e21d3f4,2021-05,Humberside Police,Humberside Police,-0.826092,53.525331,On or near Southfield Drive,E01013244,North Lincolnshire 020D,Theft from the person,Investigation complete; no suspect identified,
74919f0d2ffea829cdc17234481135d88c33b081f01e7593691008f4b42b6e9e,2021-05,Humberside Police,Humberside Police,-0.827943,53.526608,On or near Stanfield Road,E01013244,North Lincolnshire 020D,Vehicle crime,Investigation complete; no suspect identified,
e5ddfd41730ee9fd808d587d6fc1df304534a38172b00161d961e64bf4a3bb7c,2021-05,Humberside Police,Humberside Police,-0.813080,53.553689,On or near Aldam Drive,E01013244,North Lincolnshire 020D,Violence and sexual offences,Unable to prosecute suspect,
5b5748df7d8892cde47680d904ed19ff0c4d74d2422726b26cb1495907db3938,2021-05,Humberside Police,Humberside Police,-0.831957,53.526009,On or near The Lidgett,E01013244,North Lincolnshire 020D,Violence and sexual offences,Court result unavailable,
40804ede40369e04e8deef25dff1c99b523af5675ab23127c2133c53a4a7a0d8,2021-05,Humberside Police,Humberside Police,-0.831041,53.524211,On or near Waterhall,E01013244,North Lincolnshire 020D,Violence and sexual offences,Unable to prosecute suspect,
39279cdf0c27768ac7d76b01f2c89d191a27ba698b9da06851439e74ef1375fd,2021-05,Humberside Police,Humberside Police,-0.825956,53.525896,On or near Morfield Grove,E01013244,North Lincolnshire 020D,Violence and sexual offences,Unable to prosecute suspect,
504658c53babce487b0beb6de009c69222a562a8c719823d93331e690dffbe20,2021-05,Humberside Police,Humberside Police,-0.817019,53.544541,On or near Belgrave Close,E01013244,North Lincolnshire 020D,Violence and sexual offences,Unable to prosecute suspect,
,2021-05,Humberside Police,Humberside Police,-0.654381,53.538534,On or near Northfield Road,E01013324,North Lincolnshire 021A,Anti-social behaviour,,
15e09a0a340f74b71666ac0217a2de9f36cc149b5941c4691b9d4f6f207eef68,2021-05,Humberside Police,Humberside Police,-0.632190,53.518668,On or near Kirton Road,E01013324,North Lincolnshire 021A,Criminal damage and arson,Investigation complete; no suspect identified,
4b379fd2bb48c36f8fecedb78319b58b54e50980f5ee709ac028277c01f79e59,2021-05,Humberside Police,Humberside Police,-0.632190,53.518668,On or near Kirton Road,E01013324,North Lincolnshire 021A,Criminal damage and arson,Investigation complete; no suspect identified,
15d0c2d053bf2e5fe8fc44ee1f1d7a7d100cea5e17e8489f225a697d257c5fe3,2021-05,Humberside Police,Humberside Police,-0.632190,53.518668,On or near Kirton Road,E01013324,North Lincolnshire 021A,Criminal damage and arson,Investigation complete; no suspect identified,
45e340453b2a7aab132b8883bd89fe1d055a61f05c8f32ad23a83541cff7d1a4,2021-05,Humberside Police,Humberside Police,-0.632190,53.518668,On or near Kirton Road,E01013324,North Lincolnshire 021A,Criminal damage and arson,Investigation complete; no suspect identified,
5d3fb48efda61184f1c29976065ef50d727b018c5591f2748c2689e6a5151fc9,2021-05,Humberside Police,Humberside Police,-0.632190,53.518668,On or near Kirton Road,E01013324,North Lincolnshire 021A,Criminal damage and arson,Investigation complete; no suspect identified,
75cacef48b9c9bf05839dd1600333f34a2b09114ff1bc7bfe4dc75c3d2f26b2d,2021-05,Humberside Police,Humberside Police,-0.647461,53.530312,On or near Darnholme Crescent,E01013324,North Lincolnshire 021A,Public order,Unable to prosecute suspect,
2818cec096f0394b9609a29f0e84eba45cb814b8db35081bb5ef5042beba35c5,2021-05,Humberside Police,Humberside Police,-0.632190,53.518668,On or near Kirton Road,E01013324,North Lincolnshire 021A,Violence and sexual offences,Investigation complete; no suspect identified,
0a0e54acc103d45c9c8fb59f6c7245c875c8a7dfcf333f696d54d0f139767a00,2021-05,Humberside Police,Humberside Police,-0.734366,53.548405,On or near Chapel Lane,E01013324,North Lincolnshire 021A,Violence and sexual offences,Investigation complete; no suspect identified,
abc730cfd3fff6b9877e52c16296f2357196d0d54fdceb250f373a9dc4cf9fbb,2021-05,Humberside Police,Humberside Police,-0.734366,53.548405,On or near Chapel Lane,E01013324,North Lincolnshire 021A,Violence and sexual offences,Further action is not in the public interest,
b32f4fff8505024af23699356204dd71f0faab802b72a2d8834ef29474914736,2021-05,Humberside Police,Humberside Police,-0.673471,53.535601,On or near North Moor Lane,E01013324,North Lincolnshire 021A,Violence and sexual offences,Unable to prosecute suspect,
,2021-05,Humberside Police,Humberside Police,-0.514345,53.551017,On or near B1208,E01013326,North Lincolnshire 021B,Anti-social behaviour,,
c865326d421f228514501bcc6a43d5e6ea3ac22627f933be471a21f2096c9f3d,2021-05,Humberside Police,Humberside Police,-0.543417,53.540039,On or near Vicarage Paddock,E01013326,North Lincolnshire 021B,Burglary,Investigation complete; no suspect identified,
60c9b5c8daf13946141bf22c4cccf16060dd50faed1a24e820eb8a3a4640f008,2021-05,Humberside Police,Humberside Police,-0.539827,53.535168,On or near West Street,E01013326,North Lincolnshire 021B,Robbery,Investigation complete; no suspect identified,
c862cf027612ec35a340480de3dca67fd3bf9c87b87f618122ed63ba58d950e5,2021-05,Humberside Police,Humberside Police,-0.538440,53.534270,On or near Beechwood Drive,E01013326,North Lincolnshire 021B,Violence and sexual offences,Unable to prosecute suspect,
0cf800eaa4c8ae2886be3e495c8e335fd183d1a55489a0f8fec060d22723cd24,2021-05,Humberside Police,Humberside Police,-0.536814,53.531526,On or near St Hybald'S Grove,E01013326,North Lincolnshire 021B,Violence and sexual offences,Unable to prosecute suspect,
c4e81a6feff382fee18a4ea982e971bc76f4b09153786e66c767f84f5710427c,2021-05,Humberside Police,Humberside Police,-0.541210,53.537513,On or near Old Manor Drive,E01013326,North Lincolnshire 021B,Violence and sexual offences,Investigation complete; no suspect identified,
c45878b1051e6163aecbc8c526c9343b780aabc4f4b179e43150c1efd448f347,2021-05,Humberside Police,Humberside Police,-0.517165,53.544624,On or near Brook Lane,E01013326,North Lincolnshire 021B,Violence and sexual offences,Unable to prosecute suspect,
dbb199290db1aa24efc9a5bb6cc027d2916aff4c25b55c45b0a0646e44d8033b,2021-05,Humberside Police,Humberside Police,-0.539544,53.537259,On or near Chapel Lane,E01013326,North Lincolnshire 021B,Violence and sexual offences,Unable to prosecute suspect,
65cecace37d55dc1c2f6b1fb876f793443ae264f4ef58a5574e8fd6becffa338,2021-05,Humberside Police,Humberside Police,-0.514345,53.551017,On or near B1208,E01013326,North Lincolnshire 021B,Other crime,Investigation complete; no suspect identified,
7f70e5e818fc4859bbc4e7dd99ab44da249b4fbdf7ce54b4b4d05eca4584a210,2021-05,Humberside Police,Humberside Police,-0.656604,53.531233,On or near Middleton Close,E01013327,North Lincolnshire 021C,Violence and sexual offences,Unable to prosecute suspect,
2ecd3440b53c1ec413b0c61af7f9fea532702d16c5825c5bde120fc5f2933a76,2021-05,Humberside Police,Humberside Police,-0.656604,53.531233,On or near Middleton Close,E01013327,North Lincolnshire 021C,Violence and sexual offences,Court result unavailable,
966721fe9980daf18ebf37c550a39cb6109914540760d445af522cdcf78fda39,2021-05,Humberside Police,Humberside Police,-0.651132,53.532996,On or near Allison Close,E01013327,North Lincolnshire 021C,Violence and sexual offences,Unable to prosecute suspect,
833c96085458357714347ffccd7f52f8c5e059a83ce7343137dffebaa2e93b2d,2021-05,Humberside Police,Humberside Police,-0.656604,53.531233,On or near Middleton Close,E01013327,North Lincolnshire 021C,Violence and sexual offences,Unable to prosecute suspect,
65dcea9f1ead7c4daf9b2d341b98ed8843a9ea6cacb24ca9b1e9e14d4fc8c1a9,2021-05,Humberside Police,Humberside Police,-0.651132,53.532996,On or near Allison Close,E01013327,North Lincolnshire 021C,Violence and sexual offences,Unable to prosecute suspect,
82d23cb8454fe668d962b90c9aa82fee36b3de7d82d10e0b207d2bad996a0b45,2021-05,Humberside Police,Humberside Police,-0.656604,53.531233,On or near Middleton Close,E01013327,North Lincolnshire 021C,Violence and sexual offences,Unable to prosecute suspect,
80f9705a92c406f79242dc97946b7c572f91e5a36fb059da0cf1f5d20b17c3f2,2021-05,Humberside Police,Humberside Police,-0.651132,53.532996,On or near Allison Close,E01013327,North Lincolnshire 021C,Violence and sexual offences,Unable to prosecute suspect,
,2021-05,Humberside Police,Humberside Police,-0.657848,53.527687,On or near Hewson Street,E01013328,North Lincolnshire 021D,Anti-social behaviour,,
,2021-05,Humberside Police,Humberside Police,-0.657848,53.527687,On or near Hewson Street,E01013328,North Lincolnshire 021D,Anti-social behaviour,,
3d6ddd222742c37e01db75f9d6aeb2718574947d6a488da90f8ea9df41f06953,2021-05,Humberside Police,Humberside Police,-0.659508,53.528146,On or near West View,E01013328,North Lincolnshire 021D,Burglary,Investigation complete; no suspect identified,
5ff66f29e5bd2dadb611df854a8316d7491d5d2b24d3507df9828066833fd148,2021-05,Humberside Police,Humberside Police,-0.659508,53.528146,On or near West View,E01013328,North Lincolnshire 021D,Burglary,Investigation complete; no suspect identified,
4999c1657a63fa24ad0fbe1ff95996bd237f34c44a297030b22021de611883fa,2021-05,Humberside Police,Humberside Police,-0.653796,53.527974,On or near Petrol Station,E01013328,North Lincolnshire 021D,Criminal damage and arson,Investigation complete; no suspect identified,
5de54b2907b479ae57fd0d41353aa0ab1114edc6a66162cf7dfd6655ac1f839b,2021-05,Humberside Police,Humberside Police,-0.659508,53.528146,On or near West View,E01013328,North Lincolnshire 021D,Criminal damage and arson,Investigation complete; no suspect identified,
d1e6be785384b54c1e0ed284ed87220465fb0fe12267a19125814f32bf523897,2021-05,Humberside Police,Humberside Police,-0.658839,53.528328,On or near Hilltop Gardens,E01013328,North Lincolnshire 021D,Violence and sexual offences,Offender given a caution,
,2021-05,Humberside Police,Humberside Police,-0.593668,53.484979,On or near Parking Area,E01013322,North Lincolnshire 022A,Anti-social behaviour,,
39fac3a8d7a333985a7ca8594265e5e98ba6f79812fcfc5416aacf35047a378b,2021-05,Humberside Police,Humberside Police,-0.593515,53.477301,On or near Church Street,E01013322,North Lincolnshire 022A,Burglary,Unable to prosecute suspect,
e7de3f345a19923f4250791c2aab487cb7816bf6459644897ea2a6e5349e106a,2021-05,Humberside Police,Humberside Police,-0.593668,53.484979,On or near Parking Area,E01013322,North Lincolnshire 022A,Other theft,Unable to prosecute suspect,
a18ccbeaab286338456ec7d2acc6ca9b5764a6eb2a0c1e04e8fbe2211dcf18e1,2021-05,Humberside Police,Humberside Police,-0.594369,53.475621,On or near St Andrew'S Street,E01013322,North Lincolnshire 022A,Public order,Unable to prosecute suspect,
9cb82b4e379cfcdeaefa1bf0432c178d487fe2c5bc2b6f6d0fa271df9cbe36f2,2021-05,Humberside Police,Humberside Police,-0.595719,53.479466,On or near East Dale Drive,E01013322,North Lincolnshire 022A,Shoplifting,Further investigation is not in the public interest,
280c00a6259b4f085a53051fa66a6e662d46ed8f2ae9060dc9b0294a3dc65b52,2021-05,Humberside Police,Humberside Police,-0.595719,53.479466,On or near East Dale Drive,E01013322,North Lincolnshire 022A,Shoplifting,Investigation complete; no suspect identified,
1c905f050ebb21dda2a972ae80865d3cd4cac2bf4175f868cf1dd0cc65916022,2021-05,Humberside Police,Humberside Police,-0.587752,53.476136,On or near Coachyard Mews,E01013322,North Lincolnshire 022A,Shoplifting,Investigation complete; no suspect identified,
22ca78e950c9f49b95eb73d542220500c2f05dfede62f0aa9b9af3986305d5bc,2021-05,Humberside Police,Humberside Police,-0.587752,53.476136,On or near Coachyard Mews,E01013322,North Lincolnshire 022A,Shoplifting,Investigation complete; no suspect identified,
f8f5071a7ae4db7d3fe9c41ffb6e7e88ddf0432e385940be5230d44d46605e76,2021-05,Humberside Police,Humberside Police,-0.589563,53.476508,On or near George Street,E01013322,North Lincolnshire 022A,Violence and sexual offences,Unable to prosecute suspect,
afc7106fe54e2c94123654e1d25d57cfb75fb2cf9effb381c3b25456c032a4a9,2021-05,Humberside Police,Humberside Police,-0.585815,53.478666,On or near Bus/Coach Station,E01013322,North Lincolnshire 022A,Violence and sexual offences,Status update unavailable,
b2c6974bdba1e86e2285f8dcc10a6c97b73f22eccc0fdcc8fc7174901de1818f,2021-05,Humberside Police,Humberside Police,-0.585030,53.476895,On or near Sports/Recreation Area,E01013322,North Lincolnshire 022A,Violence and sexual offences,Status update unavailable,
6f51cb08b2961b962eaf75932df72287f58981969c59e2441738a32c6b9d4564,2021-05,Humberside Police,Humberside Police,-0.596110,53.479920,On or near North-Dale Court,E01013322,North Lincolnshire 022A,Violence and sexual offences,Further action is not in the public interest,
77467be87e1560a21a866ca126385eb05df92bd025375522347ef7b6bb31074d,2021-05,Humberside Police,Humberside Police,-0.574575,53.470065,On or near Henlow Close,E01013323,North Lincolnshire 022B,Violence and sexual offences,Local resolution,
c48e744a9703bc10d2c66625425bc9c24868e05bbfd4f07eaf141e96c351265c,2021-05,Humberside Police,Humberside Police,-0.530935,53.467280,On or near Redbourne Road,E01013323,North Lincolnshire 022B,Violence and sexual offences,Local resolution,
7b2b79bf17d2b8baec1a8803ce3467f919966dea0e425f26de37796d40006389,2021-05,Humberside Police,Humberside Police,-0.575804,53.469819,On or near Lincoln Crescent,E01013323,North Lincolnshire 022B,Violence and sexual offences,Unable to prosecute suspect,
,2021-05,Humberside Police,Humberside Police,-0.534567,53.531499,On or near Sutton Place,E01013325,North Lincolnshire 022C,Anti-social behaviour,,
,2021-05,Humberside Police,Humberside Police,-0.526143,53.516006,On or near Brigg Road,E01013325,North Lincolnshire 022C,Anti-social behaviour,,
,2021-05,Humberside Police,Humberside Police,-0.478488,53.525980,On or near Brigg Road,E01013325,North Lincolnshire 022C,Anti-social behaviour,,
,2021-05,Humberside Police,Humberside Police,-0.478488,53.525980,On or near Brigg Road,E01013325,North Lincolnshire 022C,Anti-social behaviour,,
17f97c6c383ef0b71981f597f845ab8a425255889676c69cb9da35431e321f7f,2021-05,Humberside Police,Humberside Police,-0.533857,53.518420,On or near Manton Court,E01013325,North Lincolnshire 022C,Burglary,Local resolution,
8c7f6e1f2bd832229e60ee755850975ed4ad114ad311416cce226bfb0b8be9a2,2021-05,Humberside Police,Humberside Police,-0.526143,53.516006,On or near Brigg Road,E01013325,North Lincolnshire 022C,Criminal damage and arson,Investigation complete; no suspect identified,
5f089663bc52e5d55c2969eb004d841ff4ac2a699b481d638ed189c362de8a3f,2021-05,Humberside Police,Humberside Police,-0.507037,53.548103,On or near Silversides Lane,E01013325,North Lincolnshire 022C,Criminal damage and arson,Unable to prosecute suspect,
dc0071351e41df02610daf587ca65c6048e2e4dc348a7ef68df734e2847d97f1,2021-05,Humberside Police,Humberside Police,-0.527430,53.513253,On or near Hunts Lane,E01013325,North Lincolnshire 022C,Public order,Investigation complete; no suspect identified,
a4d04d51c436f140df73a41b2aba3bb7f5840712745b27046d941c612a855074,2021-05,Humberside Police,Humberside Police,-0.502998,53.550066,On or near Waters Edge,E01013325,North Lincolnshire 022C,Shoplifting,Investigation complete; no suspect identified,
645be2aa5b9e78cc6cdfe54b843b9992e8c331a652f6d6a32092a926588ac7af,2021-05,Humberside Police,Humberside Police,-0.502998,53.550066,On or near Waters Edge,E01013325,North Lincolnshire 022C,Theft from the person,Action to be taken by another organisation,
2b90a066139cd1ec92d590c4ff3c92429a9042abce0f0aa429d40913bce19087,2021-05,Humberside Police,Humberside Police,-0.531447,53.514417,On or near Woods Meadow,E01013325,North Lincolnshire 022C,Vehicle crime,Investigation complete; no suspect identified,
879e8d7c8ebadeb64a1e707c746e601695df65ab29d71c85facd2390ef98e6ea,2021-05,Humberside Police,Humberside Police,-0.531447,53.514417,On or near Woods Meadow,E01013325,North Lincolnshire 022C,Vehicle crime,Investigation complete; no suspect identified,
226f81b0afac9e9553781a4357c29b9fb58ababf4a6acc2acd95d3a23f285200,2021-05,Humberside Police,Humberside Police,-0.526143,53.516006,On or near Brigg Road,E01013325,North Lincolnshire 022C,Violence and sexual offences,Unable to prosecute suspect,
3149ff0435daa6b2509255d6025a101fd374df57ce69ac34ea9e5204a76e3132,2021-05,Humberside Police,Humberside Police,-0.526143,53.516006,On or near Brigg Road,E01013325,North Lincolnshire 022C,Violence and sexual offences,Unable to prosecute suspect,
8895971cea1a5974c878807efefe2a1999fd9ccccee2fa95de42b6defa1b3a27,2021-05,Humberside Police,Humberside Police,-0.524589,53.507779,On or near Sargent'S Way,E01013329,North Lincolnshire 022D,Burglary,Investigation complete; no suspect identified,
7c7a4049999edd9293780d29ca10072d931d4f6cfb9651e03fb375d2ba378433,2021-05,Humberside Police,Humberside Police,-0.528092,53.506762,On or near Fox Covert,E01013329,North Lincolnshire 022D,Public order,Unable to prosecute suspect,
bc6b3d0cb8ddd96b9eebb41fdc6c62683054320ff76bb4e7a8acf0a27562b41b,2021-05,Humberside Police,Humberside Police,-0.523530,53.508737,On or near Barley Close,E01013329,North Lincolnshire 022D,Public order,Investigation complete; no suspect identified,
ca7d50f7d7c30442b0522b4026fe85be0341ae4c38f42f45fa8c2862cead8a09,2021-05,Humberside Police,Humberside Police,-0.526732,53.509478,On or near Old School Drive,E01013329,North Lincolnshire 022D,Violence and sexual offences,Unable to prosecute suspect,
16db86992662381b737d351e5235c4df81b917ec7acc56e1ef4e8444a508b31d,2021-05,Humberside Police,Humberside Police,-0.528943,53.510494,On or near Cocketts Lane,E01013329,North Lincolnshire 022D,Violence and sexual offences,Status update unavailable,
0e67a42af4d1bf0a7985b020d7746541c8547b1c34ba385414579b52e5456bf9,2021-05,Humberside Police,Humberside Police,-0.832498,53.478319,On or near Ferry Road,E01013250,North Lincolnshire 023A,Burglary,Investigation complete; no suspect identified,
fd10a1983913f8a29babbe2b971ea4522bdf25fb270d82f5248a79e5b6eec079,2021-05,Humberside Police,Humberside Police,-0.861912,53.489569,On or near Crackle Hill,E01013250,North Lincolnshire 023A,Other theft,Investigation complete; no suspect identified,
4aa883e2e3ef11727eae2976981d4ffb914edd89d043a0e499b5aec8a29b0627,2021-05,Humberside Police,Humberside Police,-0.840270,53.489496,On or near High Street,E01013250,North Lincolnshire 023A,Public order,Unable to prosecute suspect,
3ab2ae2fa61f32e202a3d67eb9a19bc00acadf0caa4cef8a4118690f9e7231b6,2021-05,Humberside Police,Humberside Police,-0.838206,53.490006,On or near Marlborough Avenue,E01013250,North Lincolnshire 023A,Vehicle crime,Unable to prosecute suspect,
23e29fe29d7ac348f9a58f4659d114183139a2379bdca7e44486674b74564bf1,2021-05,Humberside Police,Humberside Police,-0.838206,53.490006,On or near Marlborough Avenue,E01013250,North Lincolnshire 023A,Violence and sexual offences,Offender given a caution,
c8889afc6d2330a7a3201071be48ee725f929a1d3939501f7f567a86c03524c3,2021-05,Humberside Police,Humberside Police,-0.835382,53.488568,On or near Low Street,E01013250,North Lincolnshire 023A,Violence and sexual offences,Unable to prosecute suspect,
,2021-05,Humberside Police,Humberside Police,-0.831894,53.490448,On or near Granary Croft,E01013251,North Lincolnshire 023B,Anti-social behaviour,,
191857b7599c50fb0b9edaac10ec8a9caef647d4777f82e2edf4e1cb2322f9ef,2021-05,Humberside Police,Humberside Police,-0.917953,53.519079,On or near Woodside Lane,E01013251,North Lincolnshire 023B,Vehicle crime,Investigation complete; no suspect identified,
c608c00121676646dc9a5e337de7eca0f9a87b6f9276329ff1f9ccafff9503df,2021-05,Humberside Police,Humberside Police,-0.835944,53.484007,On or near Haxey Lane,E01013251,North Lincolnshire 023B,Violence and sexual offences,Action to be taken by another organisation,
a5326137498d7dfd168b6bbfb4403cdc7bd432c423f6b01402551fedfdd8e5ac,2021-05,Humberside Police,Humberside Police,-0.839019,53.493376,On or near The Nooking,E01013251,North Lincolnshire 023B,Violence and sexual offences,Status update unavailable,
f4bc99c925d51caa38818892080cf3a4c4bdaf87b174a2494dfba714072939c1,2021-05,Humberside Police,Humberside Police,-0.833850,53.503753,On or near Epworth Road,E01013251,North Lincolnshire 023B,Violence and sexual offences,Action to be taken by another organisation,
d0dd0a7541107aa44b81fe6af6a70640dab248557d5e0ab2140136468001a7b9,2021-05,Humberside Police,Humberside Police,-0.839007,53.492144,On or near Saddler'S Way,E01013251,North Lincolnshire 023B,Other crime,Local resolution,
141c753c62653c89d644d2f19871677ebe160fa7a69d07d9db676c9fbecbe690,2021-05,Humberside Police,Humberside Police,-0.872072,53.490097,On or near The Rowans,E01013252,North Lincolnshire 023C,Violence and sexual offences,Unable to prosecute suspect,
1a4f33cc5c6515ff54c9d65e0e0f5930fe9ed40fedbdb61334fd2abd7dc5db2f,2021-05,Humberside Police,Humberside Police,-0.776971,53.489854,On or near Nightclub,E01013253,North Lincolnshire 023D,Bicycle theft,Investigation complete; no suspect identified,
ff24895ff91374be9537f51321c00b7987fbe0b4ffee54cc59dc8d6ae78403c0,2021-05,Humberside Police,Humberside Police,-0.777385,53.491719,On or near Croft'S Lane,E01013253,North Lincolnshire 023D,Burglary,Unable to prosecute suspect,
55b2d638a2423642c823d763c917c3c1e11583073095b4884c619fa2684612d6,2021-05,Humberside Police,Humberside Police,-0.748708,53.541617,On or near Parklands,E01013253,North Lincolnshire 023D,Criminal damage and arson,Local resolution,
071a07a5ffa843bf1c550efbfc7b154e5719e834ee202b822a3050f7777b52cd,2021-05,Humberside Police,Humberside Police,-0.742654,53.543243,On or near School Lane,E01013253,North Lincolnshire 023D,Criminal damage and arson,Investigation complete; no suspect identified,
7cdcfc3b64b7e4294540739511fde2eddeb0b876020e4bfc376e64ad59545fae,2021-05,Humberside Police,Humberside Police,-0.748708,53.541617,On or near Parklands,E01013253,North Lincolnshire 023D,Drugs,Offender given a caution,
a5137f5ffffc092ec0f6493b126aee5ebe4d748c033d66db5f41f385ab9f08e8,2021-05,Humberside Police,Humberside Police,-0.777385,53.491719,On or near Croft'S Lane,E01013253,North Lincolnshire 023D,Public order,Court result unavailable,
31eb5c460ef1f18b2eb72f42ca3e9306100ce78fbcbf12d30932ae84bcbe1b32,2021-05,Humberside Police,Humberside Police,-0.777385,53.491719,On or near Croft'S Lane,E01013253,North Lincolnshire 023D,Violence and sexual offences,Unable to prosecute suspect,
aad9e12538b104b579d165db528f926a2e9439a58a5e064a10e7e78c02e8efd2,2021-05,Humberside Police,Humberside Police,-0.776328,53.490189,On or near Silver Street,E01013253,North Lincolnshire 023D,Violence and sexual offences,Court result unavailable,
7a280aee304aa76410c1f4810753dc9b41184f4dcf081ac963c4877bcdd8ec7a,2021-05,Humberside Police,Humberside Police,-0.777385,53.491719,On or near Croft'S Lane,E01013253,North Lincolnshire 023D,Violence and sexual offences,Unable to prosecute suspect,
d51d8aba91f49115cf59244dedbd32a92086eb65cfb5f5eec74911cb91c4be27,2021-05,Humberside Police,Humberside Police,-0.740463,53.545872,On or near North Street,E01013253,North Lincolnshire 023D,Violence and sexual offences,Status update unavailable,
