Crime ID,Month,Reported by,Falls within,Longitude,Latitude,Location,LSOA code,LSOA name,Outcome type
9ab8382fd4920f6e7f445143146ec3c7c42381cbb445353da9aea9e155147c2f,2021-03,South Yorkshire Police,South Yorkshire Police,,,No location,,,Unable to prosecute suspect
db4518fb4af86f90d06bdfe47e5824fcaacc53536ce896cb86f6620e7c5bf097,2021-03,South Yorkshire Police,South Yorkshire Police,,,No location,,,Further action is not in the public interest
83c551edf8c73796e6d5229c1cc048270d3ce36ff994ff10feda06a100d2defa,2021-03,South Yorkshire Police,South Yorkshire Police,,,No location,,,Suspect charged
1b3c0c614e7d34f4c65b569cc4471d1c49643a011d647c24d6de92a3cfc381ad,2021-03,South Yorkshire Police,South Yorkshire Police,,,No location,,,Suspect charged
d9747af7dd58a75f2d192ad5988380036b22690dc17392909ced8c81005f8dc5,2021-03,South Yorkshire Police,South Yorkshire Police,,,No location,,,Unable to prosecute suspect
d227c9478154d58f2670c80e3c8fbcf15974abddbdb49449c08bb03a072a2955,2021-03,South Yorkshire Police,South Yorkshire Police,,,No location,,,Unable to prosecute suspect
4c6b7cf966a3fd69b774e6f29791a987089dffda793d8b36e5ed87090361eb26,2021-03,South Yorkshire Police,South Yorkshire Police,,,No location,,,Investigation complete; no suspect identified
3c90fd46988aff1151806a541d8a995ae8f6a10cca586b66052178477c9223b2,2021-03,South Yorkshire Police,South Yorkshire Police,,,No location,,,Further investigation is not in the public interest
752fc897e5692d75f0ad6dbfbeb89c7dc58297a2050d99b0521e5b6ef7423732,2021-03,South Yorkshire Police,South Yorkshire Police,,,No location,,,Unable to prosecute suspect
6e30dd406da95c8dec5091f32c9092e32dcd473573e0667569b2f5ddd0878435,2021-03,South Yorkshire Police,South Yorkshire Police,,,No location,,,Unable to prosecute suspect
1afa9df6868bbef6f6225c5b772ee16e0a918a60906b7d81c1fa5ffd8c27c394,2021-03,South Yorkshire Police,South Yorkshire Police,,,No location,,,Unable to prosecute suspect
b5c0cc69769b8c9307f3a91c52e297faa63ca43c74ed0d1adf25040663bb157a,2021-03,South Yorkshire Police,South Yorkshire Police,,,No location,,,Suspect charged
55508dcd45dd595f6dd385cb5f521197ee61ec5926cf540fcf2381d2a32625ab,2021-03,South Yorkshire Police,South Yorkshire Police,,,No location,,,Suspect charged
bf9117c2860f993316b90654d8ae3b08bedc7e1fa3a6fcf3fffa48b4fab5e8b6,2021-03,South Yorkshire Police,South Yorkshire Police,,,No location,,,Unable to prosecute suspect
18098c94a9e289e0cc19b3c7b230c1413900607c4b07e9175db4961ca8b01f1a,2021-03,South Yorkshire Police,South Yorkshire Police,,,No location,,,Unable to prosecute suspect
5f708af5f0e6bc969c12b37041041cf54a740f2f2a2bb44b1dcdb388eae21cbc,2021-03,South Yorkshire Police,South Yorkshire Police,,,No location,,,Unable to prosecute suspect
d1e7968d7d6ada3b22bfa79fa74a2a95cd9246c2c82f0ef9ed9fd5bce7c5ab81,2021-03,South Yorkshire Police,South Yorkshire Police,,,No location,,,Unable to prosecute suspect
01dacc27b242df75465954763ae5507e7f71f7b876205ac60690c4ddacee69f2,2021-03,South Yorkshire Police,South Yorkshire Police,,,No location,,,Suspect charged
9d3971b85162c2ce4714279fa71a51831330fb703a77bed835b963f31d1d7acb,2021-03,South Yorkshire Police,South Yorkshire Police,,,No location,,,Investigation complete; no suspect identified
7ff3b2f2648b14bfd1f6090b5c066a15e9a41e0ce3e13a4c11e9135c2b507e71,2021-03,South Yorkshire Police,South Yorkshire Police,,,No location,,,Unable to prosecute suspect
cbe2bf658074dc1f2d6a051cb3a3f46ac56c444a84750a29ba91e77ac7e691ea,2021-03,South Yorkshire Police,South Yorkshire Police,,,No location,,,Investigation complete; no suspect identified
fddb89af117fc4575c3e64e9912cda591666b2e57683bfba6d2317524b6c86c7,2021-03,South Yorkshire Police,South Yorkshire Police,,,No location,,,Investigation complete; no suspect identified
c8b3b2019a6534b8b9f4b688c131e6df09275c2d5634498dda0943224a546b16,2021-03,South Yorkshire Police,South Yorkshire Police,,,No location,,,Unable to prosecute suspect
6fb7f970daf10462798f9c1e7fcc6713e8cba6749615d7ded42234f6ebfbdc5b,2021-03,South Yorkshire Police,South Yorkshire Police,,,No location,,,Unable to prosecute suspect
7850fda13ad824adc902ac4aa3c6a022a4143441733ba82edf293ebad6295d2d,2021-03,South Yorkshire Police,South Yorkshire Police,,,No location,,,Investigation complete; no suspect identified
4e0d077383f24a515f41aee2cb08ff40ef3597ef9e8f36a31be2d7ff746ea807,2021-03,South Yorkshire Police,South Yorkshire Police,,,No location,,,Unable to prosecute suspect
243b7e18f9b9858819aafc09b650e933ad78ac1b8168bf685d1fca7c1fe09a4a,2021-03,South Yorkshire Police,South Yorkshire Police,,,No location,,,Unable to prosecute suspect
3336cf07e7712dbfaae52fb79b16102c5e4a4d92e2dd57f81da41a9671456ce8,2021-03,South Yorkshire Police,South Yorkshire Police,,,No location,,,Investigation complete; no suspect identified
849388dd0265d573b83bb9ff2df05602416eaaf58f33bfea02fdca1f35478bf4,2021-03,South Yorkshire Police,South Yorkshire Police,-1.155208,53.514168,On or near WINDLE ROAD,E01007531,Doncaster 022C,Unable to prosecute suspect
3d19ecf3ba3b8ad99b8cdb45b5a392071571eb807ff7f6e7771fa4c68c34b5f8,2021-03,South Yorkshire Police,South Yorkshire Police,,,No location,,,Unable to prosecute suspect
21d20eef2426e5b9e2fa641aa98e85bdb3a0693307ec0546c5c6b55b042f3c86,2021-03,South Yorkshire Police,South Yorkshire Police,,,No location,,,Investigation complete; no suspect identified
2ad98f182a63803ac0f335289c35c1934ce7f93d64e4f66af52af9fe53f73acc,2021-03,South Yorkshire Police,South Yorkshire Police,,,No location,,,Unable to prosecute suspect
6ef20db854ff7b5b0c7b9303760c8a954483ac9535825b57abd00afcb4c6b879,2021-03,South Yorkshire Police,South Yorkshire Police,,,No location,,,Unable to prosecute suspect
70f996a3626e1d406a0845a4f9f403d6e57bb1bbc058247ed3ff4912944bff47,2021-03,South Yorkshire Police,South Yorkshire Police,,,No location,,,Investigation complete; no suspect identified
374373c6d98e79b6d9b23e4203f7d838de23834c0ed50f9d487e3f3b73943b33,2021-03,South Yorkshire Police,South Yorkshire Police,-1.437741,53.455984,On or near WORTLEY MEWS,E01007803,Rotherham 007D,Unable to prosecute suspect
b992aa43fb1f55d046db6531f3af0773a7b841c0f9314db32faf4041ce85fde3,2021-03,South Yorkshire Police,South Yorkshire Police,,,No location,,,Investigation complete; no suspect identified
d07d67c0fcfbfd2836343d1bd20926b47d97c6e60dd2ad69a1cb2dfcfea5df2e,2021-03,South Yorkshire Police,South Yorkshire Police,,,No location,,,Unable to prosecute suspect
52b1cf62813c95707b036138628ce1d5003c6f20919fda1160d12a3704c2b181,2021-03,South Yorkshire Police,South Yorkshire Police,,,No location,,,Unable to prosecute suspect
561a8c565d61ca6efddb83f42b469ff357e759562bac40e301e471c6a1a32834,2021-03,South Yorkshire Police,South Yorkshire Police,,,No location,,,Unable to prosecute suspect
fa8bff7e505e15a62c3bfce356dccdc9de1dc60a5c8aebb9749f5062ff56ff35,2021-03,South Yorkshire Police,South Yorkshire Police,,,No location,,,Unable to prosecute suspect
3ea182b92d8585b59be3fe9903c8bec4965e5475b157d178993f03c3772275f1,2021-03,South Yorkshire Police,South Yorkshire Police,,,No location,,,Investigation complete; no suspect identified
80de18db60a97f2c5f797caa4e8c3c81e929e58af00cfd9ecdca7fdafce7156d,2021-03,South Yorkshire Police,South Yorkshire Police,,,No location,,,Unable to prosecute suspect
65bf28b94a6f0d7aaee7392831779c6bc150d75d5c25b8ba8e3c43598e4f59dd,2021-03,South Yorkshire Police,South Yorkshire Police,,,No location,,,Investigation complete; no suspect identified
f646e2faed85fb5261f7f230f1099ae5935aa28f9ebb2ccdf36cbd49502a74e6,2021-03,South Yorkshire Police,South Yorkshire Police,,,No location,,,Investigation complete; no suspect identified
49111c17d37009e93a5bbcfe0783b3a7b0651e4bf90f1e2bf3a117365247dcd9,2021-03,South Yorkshire Police,South Yorkshire Police,,,No location,,,Unable to prosecute suspect
4461ffdd0f08625702cef9c7e5fafa76c57696dc08a98f6144254f1b292fe653,2021-03,South Yorkshire Police,South Yorkshire Police,,,No location,,,Suspect charged
55c166d5d4b6b4e08edc9cdf05504178f5f8ad5992f81d2b03c314c41c43f303,2021-03,South Yorkshire Police,South Yorkshire Police,,,No location,,,Unable to prosecute suspect
924eba23b60ed3aca93d196bbda99068eab9814184a28fc4b634144ae53b5e11,2021-03,South Yorkshire Police,South Yorkshire Police,,,No location,,,Unable to prosecute suspect
e9cec61730d96b3955845701faa6e5ecdb870b7e7c316d202fbd0673fdaa2f6a,2021-03,South Yorkshire Police,South Yorkshire Police,,,No location,,,Investigation complete; no suspect identified
f63dfb3119d854c422b99f3208825b7585bcc849c257bfc82b366b65b67349ac,2021-03,South Yorkshire Police,South Yorkshire Police,,,No location,,,Further action is not in the public interest
82f906135f2841274ebc45affdcc3e0fc53af29f87598efcaf5e4c33952ee27a,2021-03,South Yorkshire Police,South Yorkshire Police,,,No location,,,Investigation complete; no suspect identified
64807486cb4b4aa4b6a1ca7e5c794910a686e6fc7916004ac2aa43e8247c4e5f,2021-03,South Yorkshire Police,South Yorkshire Police,-1.497967,53.439183,On or near BLACKSMITH LANE,E01008134,Sheffield 005B,Unable to prosecute suspect
0be064405393a4db76e798225cbacf546843f31206731263133ac2edeb4d5b6c,2021-03,South Yorkshire Police,South Yorkshire Police,-1.126338,53.529861,On or near CHESHIRE ROAD,E01007655,Doncaster 022F,Unable to prosecute suspect
6e9f9149d5b9ef6849b8b5a5d45306a522f3c724375c9a68e5a15c2d91635d06,2021-03,South Yorkshire Police,South Yorkshire Police,,,No location,,,Investigation complete; no suspect identified
5569c11af5e4972234e50c71cf6a6ff55fe22a3daec94b94e5a0cd47d7069cc5,2021-03,South Yorkshire Police,South Yorkshire Police,,,No location,,,Investigation complete; no suspect identified
223ac96c614c979b8287a044e57edd6da7f09a874f5913b348dc350f1af03eb4,2021-03,South Yorkshire Police,South Yorkshire Police,,,No location,,,Investigation complete; no suspect identified
6121552e93c8e6be905c970201db1665ee129943ceb6949bd37737cea93e61c4,2021-03,South Yorkshire Police,South Yorkshire Police,,,No location,,,Local resolution
8029f49f4f7e77f95431488cf6886a71ec7983a3275f6353a121a4a562026f40,2021-03,South Yorkshire Police,South Yorkshire Police,,,No location,,,Unable to prosecute suspect
622f9292653a82d580a85899b3a6326fa8cef0e2c8fcfe2393ea653e8483aa9c,2021-03,South Yorkshire Police,South Yorkshire Police,,,No location,,,Investigation complete; no suspect identified
fd7d242fa247c80117310dbde54749c90a18699ff8304d3e2019b968f5263a6d,2021-03,South Yorkshire Police,South Yorkshire Police,,,No location,,,Investigation complete; no suspect identified
c909bb1249d1b3dcc0ce6b548f45494cdd1c1380fa99fb8330c2ce030c602ca6,2021-03,South Yorkshire Police,South Yorkshire Police,,,No location,,,Unable to prosecute suspect
3543d4db833bb402ea117aaba17e271e96ec7dfe009c486679405e4571d93e77,2021-03,South Yorkshire Police,South Yorkshire Police,,,No location,,,Offender given penalty notice
68027eca11b0a6134bab20905b12c764c492c138616bc8126963a14ed74d49fb,2021-03,South Yorkshire Police,South Yorkshire Police,,,No location,,,Local resolution
3bcf4d75a20df8c9e6ce0af946550a602176f0f59ba01e08ab0d13494c4f335c,2021-03,South Yorkshire Police,South Yorkshire Police,,,No location,,,Unable to prosecute suspect
b832d97acfaf8704c44ce6900730a3c83669597e068b0f324d86af612d94b6d4,2021-03,South Yorkshire Police,South Yorkshire Police,,,No location,,,Unable to prosecute suspect
1fbbbbb50798a58217ce06799dae4c40a13c04af26b7841c4a94ac9b40d27658,2021-03,South Yorkshire Police,South Yorkshire Police,,,No location,,,Investigation complete; no suspect identified
657e60fde56ea540512c2a100acadb8f6ae68b610189fcaac02c37ab80c9e0b1,2021-03,South Yorkshire Police,South Yorkshire Police,,,No location,,,Unable to prosecute suspect
315136a69172a576e6a575545264bb59e8b1be9641a205fd7ad67d71b96e10e9,2021-03,South Yorkshire Police,South Yorkshire Police,,,No location,,,Unable to prosecute suspect
c7309db44c24c18f9b5b6eeb5e219bcc390eedbf7942821b96b6ebe35df92788,2021-03,South Yorkshire Police,South Yorkshire Police,,,No location,,,Investigation complete; no suspect identified
91f111bd88a6573ee06b8c51982877893c540a0bdf6677c537e86fe8acfcf88d,2021-03,South Yorkshire Police,South Yorkshire Police,,,No location,,,Investigation complete; no suspect identified
87bc1d7a4d8faa556d4df4cd5861a3444bc9eaf8895aee8985ac92b31db64f00,2021-03,South Yorkshire Police,South Yorkshire Police,,,No location,,,Unable to prosecute suspect
1a893b88cc303e893ebcab2dc8d214215976794f8594b5884282ab5d0a180e98,2021-03,South Yorkshire Police,South Yorkshire Police,,,No location,,,Investigation complete; no suspect identified
0f4de537bc9ef5b4d3450d0579c950c87fbf0aca2ad91dbb042926cfefa6cd92,2021-03,South Yorkshire Police,South Yorkshire Police,,,No location,,,Local resolution
fe8552dcfa7497807f8736483bf6736286971dd5a999078ab00b41c130a531bf,2021-03,South Yorkshire Police,South Yorkshire Police,,,No location,,,Investigation complete; no suspect identified
12a1af53d49c074667a61c254895ab754da9f981d3099a847229714502cdab52,2021-03,South Yorkshire Police,South Yorkshire Police,,,No location,,,Investigation complete; no suspect identified
f73f9428b224225e64e9bc3de8510fbfe8646944566bc376f8c132bebb9e737d,2021-03,South Yorkshire Police,South Yorkshire Police,,,No location,,,Investigation complete; no suspect identified
314cb3e390d8dd2fe0e298071d6ea0f99403a941e75648a3442059ec11680db1,2021-03,South Yorkshire Police,South Yorkshire Police,,,No location,,,Investigation complete; no suspect identified
1892bfe063c89897f41f35e6929f3f471e254827df31bf8a35caa414096f72ae,2021-03,South Yorkshire Police,South Yorkshire Police,,,No location,,,Investigation complete; no suspect identified
30f2e7ea440c948f54a4deb393a33b9dcf6f82c7c08b05a29c09a8118cdcbbd8,2021-03,South Yorkshire Police,South Yorkshire Police,,,No location,,,Unable to prosecute suspect
7fa630f6351d7e5c4890eac007805b1983b384975a665bd87804c252ba344e8e,2021-03,South Yorkshire Police,South Yorkshire Police,,,No location,,,Local resolution
0daed8b246e599102ddf1b6fbc5c385e470859d47db99fc0f4055d7bcb08a2c2,2021-03,South Yorkshire Police,South Yorkshire Police,,,No location,,,Unable to prosecute suspect
3ff96fc33da56ab872e90da4abf7a55239708dc226c4eb1a4d25a6963d1d87bd,2021-03,South Yorkshire Police,South Yorkshire Police,,,No location,,,Unable to prosecute suspect
2064c84988183b2263b5e53e315debef5e840312f0d603975cf493b45e314251,2021-03,South Yorkshire Police,South Yorkshire Police,,,No location,,,Investigation complete; no suspect identified
20cdbf5ab43040a4292e6c711a357add3dd3fc8263a19f419643ee38ba8d62bd,2021-03,South Yorkshire Police,South Yorkshire Police,,,No location,,,Investigation complete; no suspect identified
ffddef32cce7e054d81c69f4758b6508489cc78cb05739ecbde2f06224e07cbf,2021-03,South Yorkshire Police,South Yorkshire Police,,,No location,,,Investigation complete; no suspect identified
b9b3249bb8e547b893ec7824cafcb25aff7a7d0f53c10e09df482b2ddd8b2fec,2021-03,South Yorkshire Police,South Yorkshire Police,,,No location,,,Investigation complete; no suspect identified
8d8b5112482a615859083b6a15d34bb3b33e65cf00f7c7514716591220f57de5,2021-03,South Yorkshire Police,South Yorkshire Police,-1.458879,53.534695,On or near YEWS AVENUE,E01007461,Barnsley 021D,Unable to prosecute suspect
29a5a111ea09e3b0680b24bfaad4d2e9d8c05a3d4c10eb2a194e0407e43c070b,2021-03,South Yorkshire Police,South Yorkshire Police,,,No location,,,Further action is not in the public interest
014aceeae72e382fa3fc553b171edddbcdcfbb6f50d3f1c3956a19a41d17e2eb,2021-03,South Yorkshire Police,South Yorkshire Police,,,No location,,,Offender given a drugs possession warning
7d6e46053a880307491f88ac478c86adb39588e532915b0fe7d48a6aa2525d06,2021-03,South Yorkshire Police,South Yorkshire Police,,,No location,,,Unable to prosecute suspect
5a115dc05c11ed3bf70647d03552e24814ece7141c236372fbcf39332e49cf03,2021-03,South Yorkshire Police,South Yorkshire Police,,,No location,,,Investigation complete; no suspect identified
0a3adc0ff8ae4943af7f761537e3ac6f7624442d070561e1a6570bcdf2771ac7,2021-03,South Yorkshire Police,South Yorkshire Police,,,No location,,,Local resolution
b50a523bf616f5f992f7cae86b5f20b5c3393296a8abc36d5623fedb5c2f9c72,2021-03,South Yorkshire Police,South Yorkshire Police,,,No location,,,Investigation complete; no suspect identified
a62272a4a55a8e17be5ec921da2228163382c4ef60a806db1ed14e9fe7f52b12,2021-03,South Yorkshire Police,South Yorkshire Police,-1.431906,53.367301,On or near CARY GROVE,E01008012,Sheffield 039B,Unable to prosecute suspect
20d1529456afc27d316ea40bc4127c52f5ff1d7018fb019883b7c124b4f8263a,2021-03,South Yorkshire Police,South Yorkshire Police,,,No location,,,Investigation complete; no suspect identified
cd400af09dc268761923643cd46d04b943adc415117e06871e4ff1b82a036f32,2021-03,South Yorkshire Police,South Yorkshire Police,,,No location,,,Offender given a caution
3a62ea0ac715b4cbe4eaac1fe31f0c13ccaed569dc73f4cb4bedd288c7c48f13,2021-03,South Yorkshire Police,South Yorkshire Police,,,No location,,,Investigation complete; no suspect identified
b0bc8397028a7b3d61057a6e33f53ef539c07be684cf7e06f31bc9a678ae225d,2021-03,South Yorkshire Police,South Yorkshire Police,-1.502569,53.438294,On or near VICARAGE CRESCENT,E01008141,Sheffield 005E,Investigation complete; no suspect identified
e22c210b3a8a19392d00a759debe35e56d98aa0ba00fd85fe07cf3775e5b8d7e,2021-03,South Yorkshire Police,South Yorkshire Police,-1.329428,53.429430,On or near BROWNING DRIVE,E01007735,Rotherham 013B,Unable to prosecute suspect
fbff3a22fe9e575f6ae57fcbf1fadbfa272ec92609e3d002ed0c0e23b37ce9b6,2021-03,South Yorkshire Police,South Yorkshire Police,,,No location,,,Investigation complete; no suspect identified
59d290d3be48a8b940bd675274a630bcf57818890c3bbb7e78060c64e4f3c214,2021-03,South Yorkshire Police,South Yorkshire Police,-1.495243,53.374318,On or near BROOMGROVE LANE,E01007860,Sheffield 036B,Investigation complete; no suspect identified
febb5ad93b5ad209e31ba2efbb60dffbb2da81692e3d9fa9b70171464a835551,2021-03,South Yorkshire Police,South Yorkshire Police,,,No location,,,Investigation complete; no suspect identified
00326b7bd587577a98b69d46f58e79dbbe105fd81b838c9bccd1bb4eb1a6f591,2021-03,South Yorkshire Police,South Yorkshire Police,,,No location,,,Unable to prosecute suspect
cca9214d0c793553602df82811c4388ba08d3860297010675979aff0905680c3,2021-03,South Yorkshire Police,South Yorkshire Police,,,No location,,,Investigation complete; no suspect identified
9b393d16b8b5184af2e4a7b51b6bc60185e083595a8fb44fdd76f64fec522310,2021-03,South Yorkshire Police,South Yorkshire Police,,,No location,,,Investigation complete; no suspect identified
25c816465599cdc652d6845e77c4fdbf0f4fd66b3a512e8526da192d7a985148,2021-03,South Yorkshire Police,South Yorkshire Police,,,No location,,,Investigation complete; no suspect identified
4ea5f602b1d71997e9b6a1e95452f41fd29814bbef0da25784c385260d2bff4b,2021-03,South Yorkshire Police,South Yorkshire Police,,,No location,,,Investigation complete; no suspect identified
2e40b6fc7fe68ca06bbdfb576de67da3cf3150905972a5940c3e4400a2113edb,2021-03,South Yorkshire Police,South Yorkshire Police,,,No location,,,Investigation complete; no suspect identified
52e6e135aa8abc12bcef75b2790736b2ad34a96829b710b35a699054f444e8ee,2021-03,South Yorkshire Police,South Yorkshire Police,,,No location,,,Unable to prosecute suspect
a1bdc59f6b5fcb76dfbd855cfe89d06046ef6016e0499dd9828aa79648a11602,2021-03,South Yorkshire Police,South Yorkshire Police,,,No location,,,Suspect charged
c16dd0cd0284c44c2ac5b221841b125cff71fcef765ce77ca6ea5853207beeb3,2021-03,South Yorkshire Police,South Yorkshire Police,,,No location,,,Investigation complete; no suspect identified
67557d9311094ff139e212dced70d0354dc9dd0865e115f826fa364a31b5bc18,2021-03,South Yorkshire Police,South Yorkshire Police,,,No location,,,Unable to prosecute suspect
26a6c788f1956e083f50eefc875ee974747273560a3a337d919d44d824221522,2021-03,South Yorkshire Police,South Yorkshire Police,,,No location,,,Suspect charged
cd5d2509dc9a79d2d34b585a14783bd2d873be9bd5a52e5ea6fd74f7a9018066,2021-03,South Yorkshire Police,South Yorkshire Police,,,No location,,,Unable to prosecute suspect
bc1701012310b5deb2304c3edc3d2f286e2f1248abf8c75b68cd8ac74a0e16a7,2021-03,South Yorkshire Police,South Yorkshire Police,,,No location,,,Investigation complete; no suspect identified
296bd8a54576e678dcec14d049eb67e3201c134e20d03f3e6c9b7abb8d36a813,2021-03,South Yorkshire Police,South Yorkshire Police,,,No location,,,Unable to prosecute suspect
9d59fc487907c8b23d0c819041c3c4e8be0d23ca4110b0b6db6ffd636a1dfbf0,2021-03,South Yorkshire Police,South Yorkshire Police,,,No location,,,Investigation complete; no suspect identified
4eabd0e4667dde41a5d59dc921e94f29ab1157113f9e7a6ab9232d8849f6c5a8,2021-03,South Yorkshire Police,South Yorkshire Police,,,No location,,,Investigation complete; no suspect identified
b28d1db40e350199f41de33bd91ea92fc564a31f5c4e7f11d51933a7941b5fd5,2021-03,South Yorkshire Police,South Yorkshire Police,-1.145848,53.525912,On or near Prison,E01007529,Doncaster 022A,Action to be taken by another organisation
91be968cf2f50c0259ae6d27d5e6ac65a9293996a76bbcf285cee770fc5a6dba,2021-03,South Yorkshire Police,South Yorkshire Police,,,No location,,,Investigation complete; no suspect identified
a1b33682f014e4546b7c161ca37cf75d5580f5823b0cfb5dee2f525f655b5423,2021-03,South Yorkshire Police,South Yorkshire Police,,,No location,,,Investigation complete; no suspect identified
a3b1ca9fdb72867d95245e9a3735fc87ddbc16db4cf2081376e4b0321dd6ce98,2021-03,South Yorkshire Police,South Yorkshire Police,,,No location,,,Investigation complete; no suspect identified
197136b8bcb22c347e027e8068dc92c25ad7bd55c684ea967a7879f6c43e556d,2021-03,South Yorkshire Police,South Yorkshire Police,,,No location,,,Action to be taken by another organisation
35150870ad962a9bc7cc97169492cba4912c814bf4fe573bbd46b51f61d1901a,2021-03,South Yorkshire Police,South Yorkshire Police,-1.069526,53.514556,On or near CROCHLEY CLOSE,E01007525,Doncaster 024B,Investigation complete; no suspect identified
e846694cf63211e0227397a13f849ad80d84a8ea99afa8a31831046fbd17e2f3,2021-03,South Yorkshire Police,South Yorkshire Police,,,No location,,,Investigation complete; no suspect identified
53ca4492198e73dc56f50164c5d6856e7e641c67313cda2f47d68db09fd21d87,2021-03,South Yorkshire Police,South Yorkshire Police,,,No location,,,Investigation complete; no suspect identified
1b7170f5c042540345b76d636e4d73ed2b665b0e7794e70a911f67437fe1abbe,2021-03,South Yorkshire Police,South Yorkshire Police,,,No location,,,Suspect charged
c30557be21f242bac7e0d93302a2c4b614e135d5ef792ab59d878cf72d61e9cb,2021-03,South Yorkshire Police,South Yorkshire Police,,,No location,,,Investigation complete; no suspect identified
48a0f716b232b13fef6080f30becea6cd9bfb666adfd106c09bc2bc6d60d7f52,2021-03,South Yorkshire Police,South Yorkshire Police,,,No location,,,Suspect charged
2d364e31831d4327d50956519498a97ba824962c5b547ebd2f39954e6d05882e,2021-03,South Yorkshire Police,South Yorkshire Police,,,No location,,,Investigation complete; no suspect identified
b8d4a56129a56c73d79749861d1671871eb4a90aeac70f1853089327d4cb1ae5,2021-03,South Yorkshire Police,South Yorkshire Police,-1.449160,53.342726,On or near GAUNT DRIVE,E01008075,Sheffield 060B,Investigation complete; no suspect identified
58a92e320952ffb5736767514be8c54063371235c680717400e76c83b70d0e4d,2021-03,South Yorkshire Police,South Yorkshire Police,-1.134244,53.618555,On or near EDEN DRIVE,E01007488,Doncaster 002B,Investigation complete; no suspect identified
9d5556dad16863e49bd760f46db9fa42bebba7a4c815f8dc0633b336c4581eb0,2021-03,South Yorkshire Police,South Yorkshire Police,-1.419700,53.345400,On or near LISTER DRIVE,E01007846,Sheffield 062D,Local resolution
0b65cff7ff3eeca401bb434fb54008997ea6ce7b69b2f9694445148b3794559f,2021-03,South Yorkshire Police,South Yorkshire Police,,,No location,,,Unable to prosecute suspect
f11920d17c8b27e905773364e88ee27f350073d7346ddaf1a7b513ced1f4293d,2021-03,South Yorkshire Police,South Yorkshire Police,,,No location,,,Investigation complete; no suspect identified
474edc068a453eed30e81d1162bcc344c3d5ee16f44c5a7e5c2e920d2f383183,2021-03,South Yorkshire Police,South Yorkshire Police,,,No location,,,Investigation complete; no suspect identified
3be06a0ed1d9fdce3ff8542046b8895acc8ae25aa3bc30143e28ace0cce1cf84,2021-03,South Yorkshire Police,South Yorkshire Police,,,No location,,,Investigation complete; no suspect identified
86dda3a02a477dfa53752b7e289744c64aee3afcc73102221a19bff1440abcac,2021-03,South Yorkshire Police,South Yorkshire Police,,,No location,,,Investigation complete; no suspect identified
67fce6875cffec3464d5a6732f3cb8fe7fc82aa601417bcc47dbb2843e556012,2021-03,South Yorkshire Police,South Yorkshire Police,,,No location,,,Investigation complete; no suspect identified
a7d80faabe921aa2006909e4c3629edc9334222a4e35102eb418d82a4838fe9f,2021-03,South Yorkshire Police,South Yorkshire Police,-1.143917,53.546887,On or near FINKLE STREET,E01007510,Doncaster 010D,Unable to prosecute suspect
93869ee95d862a5aef439324f21ccc358d8c4947232eee756952e17308bf0408,2021-03,South Yorkshire Police,South Yorkshire Police,,,No location,,,Suspect charged
323c629c90d7143ba571c9d909e4d01f47cf6bde059d719dde62e37df84aae37,2021-03,South Yorkshire Police,South Yorkshire Police,,,No location,,,Investigation complete; no suspect identified
a77c37b7b0ab46e2471ceb031aac0b204f045a720a9ee03ffa0bf851b7da7b6f,2021-03,South Yorkshire Police,South Yorkshire Police,,,No location,,,Unable to prosecute suspect
8798fb799652d62b38f892b0314f0bf5703caa082cdb731ba4982cd154372971,2021-03,South Yorkshire Police,South Yorkshire Police,,,No location,,,Investigation complete; no suspect identified
5aad43acfa13f95fa46cce31b6602ccc93c1baaf2d8394b766520c3a6e8579f6,2021-03,South Yorkshire Police,South Yorkshire Police,,,No location,,,Investigation complete; no suspect identified
e7564c7bb482a879917ea51f6b7be07fc0cb60e195fe1d4438d268fd96f53d36,2021-03,South Yorkshire Police,South Yorkshire Police,,,No location,,,Investigation complete; no suspect identified
343c23ae7c0ee997438d867871a50c4db634fd348e8fc4cbd501049c23056801,2021-03,South Yorkshire Police,South Yorkshire Police,,,No location,,,Investigation complete; no suspect identified
b338a73bd86c5f7bc5af349737e276f9d62ead5f8dabbc1d52ff8a6b4dc86d7a,2021-03,South Yorkshire Police,South Yorkshire Police,,,No location,,,Unable to prosecute suspect
a05e573694aaafd2c809edf8cb6b02fe1e9078a79a65bb2403864d050d54671a,2021-03,South Yorkshire Police,South Yorkshire Police,,,No location,,,Investigation complete; no suspect identified
4e56c7e026cdcf9e9a90092d59fdb2e4121efecbaf2ceaf448d1ddfea567b6a9,2021-03,South Yorkshire Police,South Yorkshire Police,,,No location,,,Unable to prosecute suspect
1e1d9819706fcc8e4255a79c92a996d1e374b06fc131dcdf0100d96cf861b18a,2021-03,South Yorkshire Police,South Yorkshire Police,,,No location,,,Investigation complete; no suspect identified
b2557bf58c160ba59143ca162f407a5e760eab4f350598f52693711557fe2f31,2021-03,South Yorkshire Police,South Yorkshire Police,,,No location,,,Investigation complete; no suspect identified
af64107fcb63a3ca959646b2e5bc4509d79b16256f4c0b5a59b9a942d4cd43bb,2021-03,South Yorkshire Police,South Yorkshire Police,,,No location,,,Unable to prosecute suspect
3913e5ae3e93c092175eef84cbce83880f4bcb97e462ae5fc8ba2dd0b43b5dce,2021-03,South Yorkshire Police,South Yorkshire Police,,,No location,,,Further investigation is not in the public interest
7cca30c5ec6b3be8664699b2d61719b4597292e624452ba861db1f7c1ea9a0f3,2021-03,South Yorkshire Police,South Yorkshire Police,,,No location,,,Action to be taken by another organisation
4e81fb5ab39b80435cb3213c7c0f7cd7f0306f34bbf6bb342724275302759050,2021-03,South Yorkshire Police,South Yorkshire Police,-1.590881,53.478151,On or near STANLEY ROAD,E01008145,Sheffield 001B,Unable to prosecute suspect
98c45aaf46c9253833919dcd39c253096865a1fad244ab91e50bd9f57f434138,2021-03,South Yorkshire Police,South Yorkshire Police,,,No location,,,Investigation complete; no suspect identified
500e411fb6bce9620960503e8d7ae3dcce92ea9c962c5dd2f5ce440bcdfe5939,2021-03,South Yorkshire Police,South Yorkshire Police,,,No location,,,Action to be taken by another organisation
fdbd2b3c8baba3647d486d999fc82f2e978dee966cb9d5eff4cb9675818ed004,2021-03,South Yorkshire Police,South Yorkshire Police,,,No location,,,Investigation complete; no suspect identified
0913eb650e977097cd16ad7c9c5da1c74b26c60d100f24fa9121ea5368a46288,2021-03,South Yorkshire Police,South Yorkshire Police,,,No location,,,Investigation complete; no suspect identified
c638f361e5e92b583347d29973e2f7ffb1ebeb64a410b4bde38ec35ca8ee150e,2021-03,South Yorkshire Police,South Yorkshire Police,,,No location,,,Suspect charged
47895465559a2b31644f9fa0bc4f102a45d2c4796edf22dba23cab552835f2aa,2021-03,South Yorkshire Police,South Yorkshire Police,,,No location,,,Unable to prosecute suspect
009595f6e199b7d00c955601003b52c1b1ddaa804833bcbbbf0809246e003f44,2021-03,South Yorkshire Police,South Yorkshire Police,,,No location,,,Unable to prosecute suspect
53c8fcbd08058f77435b940492cbb1f8a01cd9671697e0938664a1c5544ea1c5,2021-03,South Yorkshire Police,South Yorkshire Police,,,No location,,,Suspect charged
201705c85220580032b588c00b43a1a9f9559ac0fb80b353b795593f44355d7a,2021-03,South Yorkshire Police,South Yorkshire Police,-1.122665,53.530185,On or near BECKETT ROAD,E01007646,Doncaster 019B,Unable to prosecute suspect
b9191d01368658528dce7a7b4d0cecdc09aa49018b2ab942b7ba23b975e4e8c4,2021-03,South Yorkshire Police,South Yorkshire Police,-1.452694,53.547439,On or near OAKS CRESCENT,E01007322,Barnsley 015C,Suspect charged
2a60dafbd1c32159f6fb8caedc9628d111f70d8f1a8c653f3345aa1fff0f745f,2021-03,South Yorkshire Police,South Yorkshire Police,-1.292282,53.532756,On or near FOXMIRES GROVE,E01007369,Barnsley 022A,Unable to prosecute suspect
2a60dafbd1c32159f6fb8caedc9628d111f70d8f1a8c653f3345aa1fff0f745f,2021-03,South Yorkshire Police,South Yorkshire Police,-1.292282,53.532756,On or near FOXMIRES GROVE,E01007369,Barnsley 022A,Unable to prosecute suspect
651fabfad7e5e59ad555f9e216cb4913f32f3a5d6d4629794b0add259d911570,2021-03,South Yorkshire Police,South Yorkshire Police,-1.095400,53.507016,On or near BAHRAM ROAD,E01007527,Doncaster 027B,Unable to prosecute suspect
92ce109404ba9bbf27119d445a669537def9d3090b85ad8ccc93533d93bdb185,2021-03,South Yorkshire Police,South Yorkshire Police,-1.199501,53.570903,On or near ST LAWRENCE COURT,E01007465,Doncaster 009B,Unable to prosecute suspect
974bd957e6cb2a749f04b1e539099e1de18260f6f55295cc28d038be844f3ca8,2021-03,South Yorkshire Police,South Yorkshire Police,,,No location,,,Suspect charged
0a43f8cc1ba5e7c2c2cfc7efe92025f70840242a7a40cbf674b1cd2520993e24,2021-03,South Yorkshire Police,South Yorkshire Police,,,No location,,,Suspect charged
4cc934f8fa1bea497bae1389dc78a4a062055a6d6f0cc1b1a9e4720c23959229,2021-03,South Yorkshire Police,South Yorkshire Police,-1.505939,53.407351,On or near WARNER ROAD,E01007992,Sheffield 021B,Unable to prosecute suspect
755ce9db9aa4855bff4cba566f4a4b5c124c84f42c8d3990be0b6932f96be9b5,2021-03,South Yorkshire Police,South Yorkshire Police,-1.488118,53.370620,On or near SAWDON ROAD,E01008111,Sheffield 040D,Unable to prosecute suspect
755ce9db9aa4855bff4cba566f4a4b5c124c84f42c8d3990be0b6932f96be9b5,2021-03,South Yorkshire Police,South Yorkshire Police,-1.488118,53.370620,On or near SAWDON ROAD,E01008111,Sheffield 040D,Unable to prosecute suspect
67b44aa24bee49f946f55e4a851c4030b90ceba27d78e6421f07c4743abfc419,2021-03,South Yorkshire Police,South Yorkshire Police,-1.474628,53.371299,On or near DENBY STREET,E01008109,Sheffield 042B,Unable to prosecute suspect
336a0a8630d351f9a65c8d75d4b36c85908cef4bfec8d3c7d1bfc815add2b105,2021-03,South Yorkshire Police,South Yorkshire Police,-1.127951,53.524021,On or near PARK TERRACE,E01007645,Doncaster 022E,Suspect charged
a3ac229fc4e2ef8f8d6d4be38c27c8c286857d2f36ed47ee006708b15b56bbb4,2021-03,South Yorkshire Police,South Yorkshire Police,-1.452694,53.547439,On or near OAKS CRESCENT,E01007322,Barnsley 015C,Suspect charged
54d3c407f11f4b2fa4ceffeb34214c941a04b12b1620651513ea5fc8db1221ef,2021-03,South Yorkshire Police,South Yorkshire Police,-1.592216,53.481904,On or near Supermarket,E01008144,Sheffield 001A,Suspect charged
35fed64cbe68fd86709a8af3829adbddcf80ea16f29cfad0733d39fe1fb2052a,2021-03,South Yorkshire Police,South Yorkshire Police,-1.056287,53.531468,On or near TOFTSTEAD,E01007483,Doncaster 017A,Unable to prosecute suspect
7e9d1ac653d7642b749d730e686bd74f3ec29096cbf57e3625cc24800dae5525,2021-03,South Yorkshire Police,South Yorkshire Police,-1.219526,53.356439,On or near THE GREEN,E01007662,Rotherham 032D,Suspect charged
d402a6402a81a70910fdd2527a519ad3194b62987818a907b4fe6103b0c816e5,2021-03,South Yorkshire Police,South Yorkshire Police,-1.449104,53.412289,On or near CAMMELL ROAD,E01007949,Sheffield 020E,Unable to prosecute suspect
be1f3d74f8ab3394713ee549b8e721e9f798889491076ac03cbcd5dbc91d9b27,2021-03,South Yorkshire Police,South Yorkshire Police,-1.449560,53.404929,On or near WHITEWAYS CLOSE,E01007873,Sheffield 020C,Offender given penalty notice
5c0229390dcbc90472c428b96dc9635321ce3a2db0dbb9e1728ac2493c75382d,2021-03,South Yorkshire Police,South Yorkshire Police,-1.472143,53.330299,On or near LITTLE NORTON LANE,E01007833,Sheffield 064C,Investigation complete; no suspect identified
57a062150a9a88f2c6cf826da3377e14d84e92811b4f4e4af4a21017a9a35d31,2021-03,South Yorkshire Police,South Yorkshire Police,-1.497622,53.419954,On or near TRAFALGAR ROAD,E01008088,Sheffield 012B,Investigation complete; no suspect identified
8feb369699aa8c2c9e4944e823263c86a7ca956fe63e38e5a6333c939ebedd70,2021-03,South Yorkshire Police,South Yorkshire Police,-1.411270,53.392549,On or near GREENLAND COURT,E01007902,Sheffield 027B,Unable to prosecute suspect
1f1408394901db9f3b7a9ae427c6911c2c1a8b7ec82d70117601b727d4b2f182,2021-03,South Yorkshire Police,South Yorkshire Police,-1.149000,53.541755,On or near HIGH STREET,E01007514,Doncaster 013B,Investigation complete; no suspect identified
e55e358be351d6118e9781a7a2a62333f6a876fcc125bc483d1e0407d456660a,2021-03,South Yorkshire Police,South Yorkshire Police,-1.063382,53.451884,On or near STRIPE ROAD,E01007609,Doncaster 038B,Local resolution
6a663d66e0aab2f1e98566b930e8dcdb04e8ed20ce08a5f725fd6570d9aca739,2021-03,South Yorkshire Police,South Yorkshire Police,-1.493223,53.336817,On or near Supermarket,E01007834,Sheffield 066D,Investigation complete; no suspect identified
251c246bb35f530bb1b6f77cad3d515d2693c419b09b23f14819998a388c7475,2021-03,South Yorkshire Police,South Yorkshire Police,-1.368460,53.433067,On or near BROWN STREET,E01007716,Rotherham 016B,Local resolution
a7c931ccda5ad20d6b1a23fbefa6bb8aefd192c7a1f0f61fcb87ab6473762da9,2021-03,South Yorkshire Police,South Yorkshire Police,-1.152794,53.562617,On or near CONEY ROAD,E01007511,Doncaster 010E,Investigation complete; no suspect identified
6f1a649153b8ea9d8fc73e214efb2230885a213c6dc19bd5a4ddc36660e217ce,2021-03,South Yorkshire Police,South Yorkshire Police,-1.486484,53.371467,On or near POMONA STREET,E01008111,Sheffield 040D,Investigation complete; no suspect identified
db4035661199269b96d361f7ee4600ad05bc128bb16c00796a7e635148412a3e,2021-03,South Yorkshire Police,South Yorkshire Police,-1.364450,53.343617,On or near HALTON COURT,E01008033,Sheffield 061B,Further investigation is not in the public interest
08e982e6dbc100da2c4eeaa7dbf53bf1161f18e7c93ed82266e6436e3f3c337c,2021-03,South Yorkshire Police,South Yorkshire Police,-1.068229,53.579867,On or near BROWNING ROAD,E01007630,Doncaster 007E,Investigation complete; no suspect identified
523efe93f11edf774be6b4a1e1fe1f911768c8c358e3e1b80b2a3a8c745afa83,2021-03,South Yorkshire Police,South Yorkshire Police,-1.188253,53.417633,On or near LEE CROFT,E01007764,Rotherham 020F,Investigation complete; no suspect identified
94225f666094a255d641a4cbf2f7f094f916acbe6ee1563aca629ab5b958fc3e,2021-03,South Yorkshire Police,South Yorkshire Police,-1.324083,53.514918,On or near DEARNE ROAD,E01007368,Barnsley 025E,Investigation complete; no suspect identified
8a56dbba15a02820ef50f8aa60a49c1c4f5d639dbe2e92a2f8bd1d7f6582b275,2021-03,South Yorkshire Police,South Yorkshire Police,-1.465816,53.398073,On or near MINNA ROAD,E01007870,Sheffield 019A,Investigation complete; no suspect identified
9672c94193046be057e6af36385021de9dff98f7eba2fb852122f097279c60fa,2021-03,South Yorkshire Police,South Yorkshire Police,-1.400537,53.427579,On or near MEADOWHALL ROAD,E01007745,Rotherham 015E,Investigation complete; no suspect identified
e3c50a7ee59e86f49100864a589c8ae4692d26e6301821f293564cbf26c3a30a,2021-03,South Yorkshire Police,South Yorkshire Police,-1.430614,53.359349,On or near DAGNAM PLACE,E01008098,Sheffield 048A,Unable to prosecute suspect
4999e8f46ca7d24dcb64212b7311eb1a840228ac5275dc644244eecf4d5fcff3,2021-03,South Yorkshire Police,South Yorkshire Police,-1.460099,53.373247,On or near Park/Open Space,E01008095,Sheffield 043A,Investigation complete; no suspect identified
9c0012bb15cf35f68540cdb75c9aa9b543b83a4823a7791ccf553484d3e52d33,2021-03,South Yorkshire Police,South Yorkshire Police,-1.461336,53.602632,On or near BUCKINGHAM COURT,E01007438,Barnsley 001C,Unable to prosecute suspect
e25f0864baca921c4ebb45334185429fd1701958b6083e821314b68ef0f1fa91,2021-03,South Yorkshire Police,South Yorkshire Police,-1.148090,53.508176,On or near Pedestrian Subway,E01007534,Doncaster 028D,Unable to prosecute suspect
e87548a53bd296fe97895be001a9ca184fb1b663a3d1008a937c03674efdee9e,2021-03,South Yorkshire Police,South Yorkshire Police,-1.514109,53.413776,On or near GROVE AVENUE,E01007988,Sheffield 016B,Investigation complete; no suspect identified
980cfa8c1103f5831de5c1996c2088d8a22aa4f97a3b0069748481b60d8b3faf,2021-03,South Yorkshire Police,South Yorkshire Police,-1.460480,53.324045,On or near HAZLEBARROW CLOSE,E01008081,Sheffield 070A,Investigation complete; no suspect identified
49811f53ce8e2debd8ddc6737bf1262a1203cb8ba642d33e91077cc8c1ba03b7,2021-03,South Yorkshire Police,South Yorkshire Police,-1.466329,53.532499,On or near LOBWOOD,E01007461,Barnsley 021D,Investigation complete; no suspect identified
1963859d066345140e53a3bfae220e2cb4e935e89e22faa31f30c6c91f3f8762,2021-03,South Yorkshire Police,South Yorkshire Police,-1.140241,53.555490,On or near ARTHUR PLACE,E01007506,Doncaster 010A,Unable to prosecute suspect
d50d50785ec51f414bc669836339200c9df70e5660a5735e3c6dc00e8dbc09c5,2021-03,South Yorkshire Police,South Yorkshire Police,-1.397871,53.350972,On or near ALPORT AVENUE,E01007838,Sheffield 076A,Suspect charged
1532108529de644a95261b6046dbf968b050acd0968032628f3125ef2bc00162,2021-03,South Yorkshire Police,South Yorkshire Police,-1.348333,53.470649,On or near PAYNE CRESCENT,E01007781,Rotherham 005D,Unable to prosecute suspect
f02a1c2ea1007d7412ac455b135d343b44a49c92f2da597ca09b55d2d41f11ab,2021-03,South Yorkshire Police,South Yorkshire Police,-1.466947,53.378546,On or near HOWARD LANE,E01033264,Sheffield 073D,Investigation complete; no suspect identified
f8a0af2dd06b8744f2d76826089c54fb4be8f2c1738cd23008da0a42d57958a0,2021-03,South Yorkshire Police,South Yorkshire Police,-1.097358,53.523426,On or near Sports/Recreation Area,E01007569,Doncaster 018F,Investigation complete; no suspect identified
bfa715544b589499ad1972e571d3ed9f802ab6cdb1572ba72ff198bbeefe413c,2021-03,South Yorkshire Police,South Yorkshire Police,-1.191257,53.417914,On or near GAITSKELL CLOSE,E01007764,Rotherham 020F,Further investigation is not in the public interest
c1aa965677f4ae0018300bc183bea683af6644da96b64cc3589fb6f3e1bdbf8e,2021-03,South Yorkshire Police,South Yorkshire Police,-1.593192,53.475957,On or near ASKEW COURT,E01008148,Sheffield 001C,Investigation complete; no suspect identified
400ac927d1d9d22e79948772d12a13ae32b0c5a1b2e283f3779199b35017eda3,2021-03,South Yorkshire Police,South Yorkshire Police,-1.416752,53.369862,On or near VIKINGLEA ROAD,E01008011,Sheffield 039A,Investigation complete; no suspect identified
2073a9a03b7880e6038da4525547426a7cb7ae91924d7846ece3849ed5db99ed,2021-03,South Yorkshire Police,South Yorkshire Police,-1.495703,53.385043,On or near WARRINGTON ROAD,E01008067,Sheffield 030D,Investigation complete; no suspect identified
3a18e2a439565a4168460845680e29501db483dea5ff051dd586ce06e976727a,2021-03,South Yorkshire Police,South Yorkshire Police,-1.458879,53.534695,On or near YEWS AVENUE,E01007461,Barnsley 021D,Investigation complete; no suspect identified
d70c2fa282870b2264b852cda18cbcf39da269a378944daac8c244f49a0d722f,2021-03,South Yorkshire Police,South Yorkshire Police,-1.454443,53.539403,On or near THE FIRS,E01007416,Barnsley 018D,Suspect charged
8acd3ed074bc6166e5a783c34eadcc499eb39653789ace521664faadebe90a68,2021-03,South Yorkshire Police,South Yorkshire Police,-1.443251,53.426212,On or near BELLHOUSE MEWS,E01007849,Sheffield 010A,Unable to prosecute suspect
67ff4982f5716b5fcc174038b810325f913cc67e643cbff1a6c828cee06c83bf,2021-03,South Yorkshire Police,South Yorkshire Police,-1.385372,53.505469,On or near PLOUGHMANS CROFT,E01007695,Rotherham 001C,Investigation complete; no suspect identified
97fec1dc7fa13ff14e4b0f1471ca9d31a92a1b3a34fd6832c299e5c90ee053b3,2021-03,South Yorkshire Police,South Yorkshire Police,-1.466553,53.384836,On or near SNIG HILL,E01033264,Sheffield 073D,Further investigation is not in the public interest
2d9bfad1afcc1f4bee49cfa959503122e2e38d7a50a92fa4f3b293dceb244e08,2021-03,South Yorkshire Police,South Yorkshire Police,-1.187757,53.572253,On or near MANOR FARM CLOSE,E01007471,Doncaster 009E,Investigation complete; no suspect identified
66fa46b17659db1d77394c0d6707c6102d4f93cc10231beb0255d8f0deacf361,2021-03,South Yorkshire Police,South Yorkshire Police,-1.421619,53.360106,On or near Sports/Recreation Area,E01008004,Sheffield 052C,Investigation complete; no suspect identified
ee0527c89634addd0bbc4d338a63b189b161135bee076b12d781602f3407004e,2021-03,South Yorkshire Police,South Yorkshire Police,-1.480463,53.378371,On or near CAVENDISH STREET,E01008114,Sheffield 074A,Investigation complete; no suspect identified
21cde3065591803e2e363d7183f6ceb919bccd0372a9aee9ae59665453ed25c2,2021-03,South Yorkshire Police,South Yorkshire Police,,,No location,,,Unable to prosecute suspect
21b8c3172011170a39a12c62eb5ae90ff0b5bea688991261ad79ca771bccfba4,2021-03,South Yorkshire Police,South Yorkshire Police,-1.523472,53.406559,On or near STUDFIELD HILL,E01007990,Sheffield 021A,Unable to prosecute suspect
1ac54589748be0c531b49743b0bc0db9ac19c4210e641e4f75f17ac51557fa54,2021-03,South Yorkshire Police,South Yorkshire Police,-1.149105,53.536551,On or near HASLEMERE GROVE,E01007513,Doncaster 012B,Local resolution
ed7148426430bfe3f60679e0207920a3a0b755c8226c905611542f011e9c5d3b,2021-03,South Yorkshire Police,South Yorkshire Police,-1.465816,53.398073,On or near MINNA ROAD,E01007870,Sheffield 019A,Investigation complete; no suspect identified
d73faae866f08c0e79f483cfe1390044cc320966d9a3c69406d1017086dabf2c,2021-03,South Yorkshire Police,South Yorkshire Police,-1.414617,53.377617,On or near LITTLEDALE ROAD,E01008016,Sheffield 032F,Investigation complete; no suspect identified
a5af36bb284f3b3ed77868d9642ce0438958b9506e9afcbac0c96c07f53be206,2021-03,South Yorkshire Police,South Yorkshire Police,-1.091766,53.507716,On or near ELLERS CRESCENT,E01007527,Doncaster 027B,Investigation complete; no suspect identified
ca3532063ab11c4a272d43ba6193f7714290e406b0046151a839c2cd7eeeb7e7,2021-03,South Yorkshire Police,South Yorkshire Police,-1.418638,53.423470,On or near DARA STREET,E01007852,Sheffield 014C,Investigation complete; no suspect identified
7e1d66a3701d76fcb36ed255861c5fbf68622aec58f08cac57daad4449cbe240,2021-03,South Yorkshire Police,South Yorkshire Police,-1.183360,53.392647,On or near EAST FIELD LANE,E01007788,Rotherham 028B,Investigation complete; no suspect identified
68401182e6bd88551ec2730d1e3e9da64172cbfe0ca1c641b757a4b8b758a2e6,2021-03,South Yorkshire Police,South Yorkshire Police,-1.441256,53.546200,On or near WATERFIELD PLACE,E01007322,Barnsley 015C,Unable to prosecute suspect
d9677c19f193f6abee2878eba0b163becc533e4574eb18d73add39cd64f50b1f,2021-03,South Yorkshire Police,South Yorkshire Police,-1.188092,53.566610,On or near CAXTON ROAD,E01007464,Doncaster 009A,Unable to prosecute suspect
0547fffdb948897369dfbdff06283ef7a124f9274c5ee1125a371b93b5a269ee,2021-03,South Yorkshire Police,South Yorkshire Police,-1.469925,53.348150,On or near BRINDLEY CRESCENT,E01007830,Sheffield 064B,Unable to prosecute suspect
612613e0b47d17ebfa2aafc37f31dad2b66f739d7db7a27b4de106169d56ecf5,2021-03,South Yorkshire Police,South Yorkshire Police,-1.069945,53.519539,On or near Sports/Recreation Area,E01007525,Doncaster 024B,Investigation complete; no suspect identified
93f99eb14b4ca898e35c6408ee67fd4674e5133091e86c7a1ad7c030998fcc87,2021-03,South Yorkshire Police,South Yorkshire Police,-1.069945,53.519539,On or near Sports/Recreation Area,E01007525,Doncaster 024B,Investigation complete; no suspect identified
3aeff47bdb8d04c634dd354945a48ae079bbad05145310c998f540fce25ffc60,2021-03,South Yorkshire Police,South Yorkshire Police,-1.385372,53.505469,On or near PLOUGHMANS CROFT,E01007695,Rotherham 001C,Investigation complete; no suspect identified
1d820c67274371e58290358582048e7981d34d6ca569f7e27fcd8a77a4bf2ca1,2021-03,South Yorkshire Police,South Yorkshire Police,-1.506610,53.349296,On or near KINGSLEY PARK GROVE,E01007930,Sheffield 055D,Investigation complete; no suspect identified
f9cb50b033e560692ef6410ad77e98d9fb55d0b6ac0938dd463d737f8d96f590,2021-03,South Yorkshire Police,South Yorkshire Police,-1.439234,53.359749,On or near ERRINGTON ROAD,E01008102,Sheffield 048C,Unable to prosecute suspect
a891c54aa38ba0d15d72650852e4fafe2d005c4e939a8102df13d008b36950ce,2021-03,South Yorkshire Police,South Yorkshire Police,-1.511850,53.536100,On or near ROCKINGHAM ROAD,E01007385,Barnsley 019D,Investigation complete; no suspect identified
b2782d96d1d3884705eb955c5962f6960cb38676186bf0debf3533f07fa3e160,2021-03,South Yorkshire Police,South Yorkshire Police,-1.079234,53.555791,On or near DONCASTER ROAD,E01007477,Doncaster 011C,Investigation complete; no suspect identified
86e53776f487996244433439a9e0b05719348e0ee34b78308515202d921cb831,2021-03,South Yorkshire Police,South Yorkshire Police,-1.069945,53.519539,On or near Sports/Recreation Area,E01007525,Doncaster 024B,Investigation complete; no suspect identified
394d0b68e40120da7a59866c5c1ab29ac164732d74618ab99937e2bc17713e35,2021-03,South Yorkshire Police,South Yorkshire Police,-1.305220,53.498154,On or near Hospital,E01007574,Doncaster 031D,Investigation complete; no suspect identified
68252f093401d6190524544016bbfe7956f5972bb10dbade01b2189d161d52fc,2021-03,South Yorkshire Police,South Yorkshire Police,-0.961994,53.616538,On or near MILLFIELD ROAD,E01007636,Doncaster 003A,Investigation complete; no suspect identified
53c5e31c85dfc40792e1db8e41d7c9b34bc1b2c99419a4c158f2af4e5733ec3d,2021-03,South Yorkshire Police,South Yorkshire Police,,,No location,,,Investigation complete; no suspect identified
202b7f0c64a36898ee3c89f30ccd79ceb5775c688ba62bb8725188d441436685,2021-03,South Yorkshire Police,South Yorkshire Police,-1.419475,53.367511,On or near PRINCESS COURT,E01008011,Sheffield 039A,Investigation complete; no suspect identified
21223930a8a8499476ac0c3386167e116d613062ece1d0f8c747ae2deabd7c92,2021-03,South Yorkshire Police,South Yorkshire Police,-1.387461,53.517452,On or near EVERILL CLOSE,E01032925,Barnsley 026G,Investigation complete; no suspect identified
6c9081e3f6ae5d657b5d2762c3699e1708e1f6bb33eb31087a0b5ad19b211550,2021-03,South Yorkshire Police,South Yorkshire Police,-1.482961,53.338427,On or near GREENHILL ROAD,E01007834,Sheffield 066D,Investigation complete; no suspect identified
d7f8ae43a601c99d02b62041407ffd7a53e9783b3e857e316b52f468b0a4c8d6,2021-03,South Yorkshire Police,South Yorkshire Police,-1.198603,53.570483,On or near LYNDEN AVENUE,E01007465,Doncaster 009B,Unable to prosecute suspect
1243760587cf34451a9738ea05562fa091189462599e72eb31fcd7f3e7430aee,2021-03,South Yorkshire Police,South Yorkshire Police,-1.405828,53.362185,On or near RICHMOND ROAD,E01008008,Sheffield 045D,Investigation complete; no suspect identified
9202a9f8ffaaacda32ec61208e32d826785f1bd8cf1de98e102ee7a9f94d4d40,2021-03,South Yorkshire Police,South Yorkshire Police,-1.349899,53.434226,On or near Parking Area,E01007714,Rotherham 017B,Unable to prosecute suspect
38ceca8f701b73a1aa8e30ccbe4eb4a81228fe55d83a5b1bdcff4f2d8ec8a5f8,2021-03,South Yorkshire Police,South Yorkshire Police,-1.144009,53.507904,On or near GREAT CENTRAL AVENUE,E01007534,Doncaster 028D,Investigation complete; no suspect identified
ec0870c48bf8a9f9cc3e8644dc6a990b943e7f87939bf97ae3bff4721209ba78,2021-03,South Yorkshire Police,South Yorkshire Police,-1.493403,53.429303,On or near COWPER CRESCENT,E01008085,Sheffield 009A,Investigation complete; no suspect identified
8f2227cbd898799aafa3b66070fa6f07ff52a6c5f432e995e13e6b99cde08912,2021-03,South Yorkshire Police,South Yorkshire Police,-1.468357,53.427127,On or near HOLGATE CRESCENT,E01008119,Sheffield 009F,Investigation complete; no suspect identified
fbd841313797671644001fdea55322c3022979d769f53d7da8e7f2ddbf0e3783,2021-03,South Yorkshire Police,South Yorkshire Police,-1.545826,53.364013,On or near Supermarket,E01007959,Sheffield 041E,Investigation complete; no suspect identified
fcddcf7e6850b0769acdc29ff374abacc27d4596e7af98fa456719c5ed708792,2021-03,South Yorkshire Police,South Yorkshire Police,-1.636225,53.516265,On or near WOOD END AVENUE,E01007431,Barnsley 024E,Investigation complete; no suspect identified
d8bf29672706c990b33ead02086e189e4b8609aa57364c7602e79ee03ee6974a,2021-03,South Yorkshire Police,South Yorkshire Police,-1.406748,53.365129,On or near SPINKHILL ROAD,E01008008,Sheffield 045D,Unable to prosecute suspect
29d29bccda2f9109f673db0f18c1691977e0b0374125c733f6956fc77a6aaba4,2021-03,South Yorkshire Police,South Yorkshire Police,-1.107276,53.498664,On or near Park/Open Space,E01007534,Doncaster 028D,Investigation complete; no suspect identified
5cdd332197dade38c3983227fb0d704b301248b1204dae4805d10ae179acb695,2021-03,South Yorkshire Police,South Yorkshire Police,-0.954252,53.611707,On or near HAYNES GREEN,E01007638,Doncaster 003C,Investigation complete; no suspect identified
b4a819e6ee5ae109ad49eb9d3fedf838e9ddaee1baa408fb7be7c295c8c8cc97,2021-03,South Yorkshire Police,South Yorkshire Police,-1.312405,53.369765,On or near SPRINGWOOD COURT,E01007668,Rotherham 030B,Investigation complete; no suspect identified
9bb224ce88228f65aa00d91929e433d34fe8fcad80233f59a0fc2c5d47785cc5,2021-03,South Yorkshire Police,South Yorkshire Police,-1.436202,53.557367,On or near LANG AVENUE,E01007403,Barnsley 011C,Investigation complete; no suspect identified
e9f031546d5f6375253bb843ea196013ec9618e66ff4182f69e1b3effd47e45b,2021-03,South Yorkshire Police,South Yorkshire Police,-1.117755,53.532692,On or near WENTWORTH ROAD,E01007654,Doncaster 019F,Unable to prosecute suspect
8823b90c4a8024bd2f4274174bee86d612d926834f6e11814736fa13ac36a5f0,2021-03,South Yorkshire Police,South Yorkshire Police,-1.442828,53.372215,On or near WARLEY ROAD,E01007881,Sheffield 075C,Suspect charged
8996f72319140e0911719cab56db1b52c0b1f3371a4258f1d04ae55eb0c2b89f,2021-03,South Yorkshire Police,South Yorkshire Police,-1.380717,53.428601,On or near HARTINGTON CLOSE,E01007718,Rotherham 016D,Unable to prosecute suspect
014d794f8ea6a690cfee86a8f329948203f1f7f7c5a76975f5056aaee2116b05,2021-03,South Yorkshire Police,South Yorkshire Police,-1.490155,53.417739,On or near AVISFORD DRIVE,E01008092,Sheffield 012D,Unable to prosecute suspect
0af4596037af9db1b7904aa52673ee9643496c1bf2e71749c6744e5c2ea5c18e,2021-03,South Yorkshire Police,South Yorkshire Police,-1.437386,53.359704,On or near Supermarket,E01008102,Sheffield 048C,Investigation complete; no suspect identified
c5d9dba0277bfb85c845c23567cffe6ec1e6edb178a84c1981f69f9bffd9deae,2021-03,South Yorkshire Police,South Yorkshire Police,-1.493173,53.543555,On or near LOCKE STREET,E01007415,Barnsley 013C,Investigation complete; no suspect identified
62b46b41442733329942721209a48ff9e9cda762efef6ccd4ca803e75bf522bb,2021-03,South Yorkshire Police,South Yorkshire Police,-1.404753,53.447887,On or near BEEVERS ROAD,E01007804,Rotherham 011B,Unable to prosecute suspect
2b992b548f419c6a9adbcd454681a34a96c16b667acad8d4a1d66b1160d05d67,2021-03,South Yorkshire Police,South Yorkshire Police,-1.599705,53.488356,On or near Parking Area,E01008144,Sheffield 001A,Investigation complete; no suspect identified
fb8ca231d99e887b02ad18c591e39e42b679f341194133716f53f14b1cd52148,2021-03,South Yorkshire Police,South Yorkshire Police,-1.580751,53.472561,On or near ROYD COURT,E01008147,Sheffield 002D,Investigation complete; no suspect identified
436015188de4688540c1e3b8c8cf87720026c6ccf23b894281fe70b7a82127fc,2021-03,South Yorkshire Police,South Yorkshire Police,-0.945604,53.635469,On or near HAIG ROAD,E01007633,Doncaster 001B,Investigation complete; no suspect identified
a2a830c936f8a9ad029b4b3830af1ecfd27250cb9eab4b9b24385d1b90d15503,2021-03,South Yorkshire Police,South Yorkshire Police,-1.479363,53.431642,On or near Supermarket,E01008117,Sheffield 009D,Investigation complete; no suspect identified
970d0158e9f8a9ace6dd589a7365b973aa5648168a19eed55cd125b678a8f5e3,2021-03,South Yorkshire Police,South Yorkshire Police,-1.187719,53.416425,On or near BIRKS HOLT DRIVE,E01007764,Rotherham 020F,Investigation complete; no suspect identified
a5eaae234082d1f7a559cae96666ce6e7a98a16a279ee07370109f15345a829a,2021-03,South Yorkshire Police,South Yorkshire Police,-1.482698,53.375046,On or near HANOVER STREET,E01008114,Sheffield 074A,Unable to prosecute suspect
78ff23bac0da43896da4b5304d89a5f6c953414422ca22ca9bd34faaf15a2ba2,2021-03,South Yorkshire Police,South Yorkshire Police,-0.958482,53.611834,On or near CHURCH STREET,E01007638,Doncaster 003C,Investigation complete; no suspect identified
4b399c971bc9b004071abc1a3c4a567b180f9af52f3ba2a638ce0475693eaa1a,2021-03,South Yorkshire Police,South Yorkshire Police,-1.442546,53.570861,On or near FISH DAM LANE,E01007344,Barnsley 011A,Further action is not in the public interest
336a7b13a00c3e5a10a7667b1e1f2bc0f008f175373d105cd1585db4ae34b21b,2021-03,South Yorkshire Police,South Yorkshire Police,-1.473637,53.388292,On or near EBENEZER PLACE,E01033262,Sheffield 073B,Investigation complete; no suspect identified
dbb751fcd14af9d839ea421bdf2cf7b6b9c5aada6d91c00a217663924da8e517,2021-03,South Yorkshire Police,South Yorkshire Police,-1.468799,53.321457,On or near WHINACRE PLACE,E01008082,Sheffield 070B,Suspect charged
86743e96a5daf4787a50fb10a87a9a8844fea4238af64ff04151e24c7c403942,2021-03,South Yorkshire Police,South Yorkshire Police,-1.351387,53.500543,On or near FLEMING SQUARE,E01007822,Rotherham 002F,Unable to prosecute suspect
f2d1fb040bf5afb747f2e3561f46c1a47f42abf596165cf47961d04f163b4341,2021-03,South Yorkshire Police,South Yorkshire Police,-1.455190,53.528207,On or near OAKWOOD CLOSE,E01007458,Barnsley 021A,Investigation complete; no suspect identified
0810cab1db94adf82453cff85de8592cd42d9ae724969b9726093dd8c1bdcf7a,2021-03,South Yorkshire Police,South Yorkshire Police,-1.501571,53.472186,On or near BOOTH ROAD,E01007892,Sheffield 003B,Unable to prosecute suspect
94ee1b74ffc9b42b8a544455307909fb25d188cbce44592832dc8d31c206e249,2021-03,South Yorkshire Police,South Yorkshire Police,-1.393140,53.364683,On or near GLENHOLME DRIVE,E01007967,Sheffield 045B,Investigation complete; no suspect identified
c8179f4d69b6cc173df5b04df701825f970e3f4fd5fee70ad51e6cb62aa7add1,2021-03,South Yorkshire Police,South Yorkshire Police,-1.441668,53.411455,On or near WENSLEY GARDENS,E01007940,Sheffield 022E,Investigation complete; no suspect identified
0990e8a9bde57b3726f4f678912e9c711ac117793e05c2bcc5399f19e5462c88,2021-03,South Yorkshire Police,South Yorkshire Police,-1.439902,53.376372,On or near SOUTHEND PLACE,E01007886,Sheffield 075F,Local resolution
60f00e9940f860a3a265839dd2781845dbb055d5fe1b91331661bd4ddacca97f,2021-03,South Yorkshire Police,South Yorkshire Police,-1.467371,53.548063,On or near OSBORNE STREET,E01007337,Barnsley 015D,Unable to prosecute suspect
938dae09c677ebdbe8fff0ffaaa32507f358a936e99118d268f4b12cec7bee93,2021-03,South Yorkshire Police,South Yorkshire Police,-1.318798,53.483347,On or near PINFOLD CLOSE,E01007799,Rotherham 003D,Suspect charged
5896dd166072711df46055b605c02b08372717d45cc52cc22a837a72c9351d05,2021-03,South Yorkshire Police,South Yorkshire Police,-1.455034,53.377952,On or near GRAFTON STREET,E01007879,Sheffield 075B,Unable to prosecute suspect
895f5f76a89c0988a710248f83f887a8ee1daabdc6788c78bf2b1ad7557adce3,2021-03,South Yorkshire Police,South Yorkshire Police,-1.414617,53.377617,On or near LITTLEDALE ROAD,E01008016,Sheffield 032F,Unable to prosecute suspect
5e18201e23eecb25d5fda309874ab51a2b0ddd4c1acce1b2ce3d6aaf5baf3cf9,2021-03,South Yorkshire Police,South Yorkshire Police,-1.487763,53.559172,On or near EARNSHAW TERRACE,E01007409,Barnsley 010D,Unable to prosecute suspect
1c24b61afae684636b135825ec49e9da649f79633e8304f638468112a333e116,2021-03,South Yorkshire Police,South Yorkshire Police,-1.497630,53.361744,On or near OSBORNE ROAD,E01008048,Sheffield 046D,Unable to prosecute suspect
1b64e2ff48c1814802115b49332b636580fb8b9686b571b5c0e3185e03e9c301,2021-03,South Yorkshire Police,South Yorkshire Police,-1.327975,53.413683,On or near OSBERT ROAD,E01007712,Rotherham 023E,Unable to prosecute suspect
66762cdc83d34823b6095de69e27450a6a13d0248fb2e981d2a4b800b3986539,2021-03,South Yorkshire Police,South Yorkshire Police,-1.327975,53.413683,On or near OSBERT ROAD,E01007712,Rotherham 023E,Unable to prosecute suspect
536f034a8c16e47bc7acd6182057394a39f9d86067b3720cfd5804142bc85d6e,2021-03,South Yorkshire Police,South Yorkshire Police,-1.327975,53.413683,On or near OSBERT ROAD,E01007712,Rotherham 023E,Unable to prosecute suspect
9705048a533943dbcffd781c0ef7c790f9f5c8dd7b473b3d3906d907e9a24317,2021-03,South Yorkshire Police,South Yorkshire Police,-1.350986,53.493251,On or near QUARRY HILL COURT,E01007817,Rotherham 002B,Suspect charged
ebecb80c5a18688e4e5c6b600d63784adab7abdf8c25361c53e2c421fb0d49f8,2021-03,South Yorkshire Police,South Yorkshire Police,-1.440318,53.350388,On or near FLEURY ROAD,E01007979,Sheffield 051D,Unable to prosecute suspect
7b8121fec271e2a5823f21d9960b8797d4d5919c5f7991f7ace177cfeec84669,2021-03,South Yorkshire Police,South Yorkshire Police,-1.350509,53.434661,On or near ST ANN'S ROAD,E01007714,Rotherham 017B,Investigation complete; no suspect identified
22c13242fdec8e14b03fa4225ceec7ac6f4fa7b9cf4402f2abbe732df0349f0b,2021-03,South Yorkshire Police,South Yorkshire Police,-1.443598,53.555173,On or near TUXFORD CRESCENT,E01007405,Barnsley 011D,Unable to prosecute suspect
df63885fb5636a3256927fb052994184adc1e9eac3eee1ab91bf2f2de0832f6d,2021-03,South Yorkshire Police,South Yorkshire Police,-1.520747,53.588656,On or near APPLEBY CLOSE,E01007355,Barnsley 005A,Unable to prosecute suspect
6e0fdd547a6bdb5e4f085fa82a289c3a99182712abc3168076571e13391eb5b2,2021-03,South Yorkshire Police,South Yorkshire Police,-1.445610,53.576817,On or near KIRKHAM PLACE,E01007406,Barnsley 009E,Unable to prosecute suspect
6b1cc589c6c40a26670ca6bbeb879bbdcfdf1a691135feef072e02aa154142c0,2021-03,South Yorkshire Police,South Yorkshire Police,-1.443598,53.555173,On or near TUXFORD CRESCENT,E01007405,Barnsley 011D,Unable to prosecute suspect
f9b87eba7c4b6b65215a1abc6dc96a23e74c17f33281e8ea6be7d95d28fe5ab3,2021-03,South Yorkshire Police,South Yorkshire Police,-1.372934,53.430799,On or near UNION STREET,E01007715,Rotherham 016A,Suspect charged
cca9403888e0e0e1ad6976ca28214be1f3c7818b81a0cf6ac25fe9ebe4a1a5e1,2021-03,South Yorkshire Police,South Yorkshire Police,-1.485116,53.385187,On or near BRAMWELL STREET,E01008065,Sheffield 026A,Unable to prosecute suspect
7d8651c7886a0653967cff50c17c7cec67de6a56d2b85d08d5b7a8ca96304970,2021-03,South Yorkshire Police,South Yorkshire Police,-1.473814,53.380005,On or near CARVER STREET,E01033265,Sheffield 074C,Investigation complete; no suspect identified
530fd7f7f1183d48fe471661f178b5309b5e99ef1e9aa409e3ea9a614aa10f3e,2021-03,South Yorkshire Police,South Yorkshire Police,-1.095366,53.514961,On or near Petrol Station,E01007526,Doncaster 025D,Investigation complete; no suspect identified
54fce779fad48546d7cb590b707b422b8a68ba473b27701beefe496e5e0bd171,2021-03,South Yorkshire Police,South Yorkshire Police,-1.312442,53.547462,On or near ASHBERRY CLOSE,E01007372,Barnsley 014A,Unable to prosecute suspect
e295718aaafe74c469f820e0ccdfe31e3d885a9d2d77754838abf9feaf35aafb,2021-03,South Yorkshire Police,South Yorkshire Police,-1.398197,53.412070,On or near NEWBURN DRIVE,E01007913,Sheffield 018C,Investigation complete; no suspect identified
a23ff4367cf00de29bce4bc8b38109f7d051c87cd0f5711117d03d5f6edab501,2021-03,South Yorkshire Police,South Yorkshire Police,-1.446055,53.576217,On or near ST ANNES DRIVE,E01007406,Barnsley 009E,Unable to prosecute suspect
2d46d0f1938551c9f2ea970d243332b3ff16edec182a771004449b1a9abc0270,2021-03,South Yorkshire Police,South Yorkshire Police,-1.307915,53.533512,On or near BARNSLEY ROAD,E01007376,Barnsley 022D,Investigation complete; no suspect identified
cb3e476866ab38e1f76644eb5de5d6fdb3a42fd3172f26b08d3a70803d4a71d5,2021-03,South Yorkshire Police,South Yorkshire Police,-1.122791,53.533583,On or near Supermarket,E01007654,Doncaster 019F,Unable to prosecute suspect
10ad21e72fb0fc5a3e933082a75598e7c5f4d2899577fbcd89e869aa54d245f6,2021-03,South Yorkshire Police,South Yorkshire Police,-1.373382,53.357282,On or near SKELTON GROVE,E01007970,Sheffield 049D,Investigation complete; no suspect identified
ff61afec903c3b9305936dc8000f393fa07f88439c50dbc534c7213a88020801,2021-03,South Yorkshire Police,South Yorkshire Police,-1.333876,53.406722,On or near MOORGATE ROAD,E01007813,Rotherham 024C,Investigation complete; no suspect identified
83381ee9c75c2833b10363cf6dd2b73b648bc0650ad921893b57732d3ebe7474,2021-03,South Yorkshire Police,South Yorkshire Police,-1.466553,53.384836,On or near SNIG HILL,E01033264,Sheffield 073D,Further investigation is not in the public interest
6fb8c90415a5fa2dc7d0c959ba357cfa9c5c4cb815e18482e384cc0a3a66633d,2021-03,South Yorkshire Police,South Yorkshire Police,-1.596472,53.482835,On or near Supermarket,E01008144,Sheffield 001A,Investigation complete; no suspect identified
c1b0ab49665a53e099bcbde734bbf6e752a60e1ed3209d4831039415e8f6059a,2021-03,South Yorkshire Police,South Yorkshire Police,-1.428958,53.361849,On or near QUEEN MARY MEWS,E01008013,Sheffield 039C,Unable to prosecute suspect
3675c568637fdd14a7825166291977c5753f5da47c13c9706404971ed40ddcea,2021-03,South Yorkshire Police,South Yorkshire Police,-1.450519,53.432098,On or near HARTLEY BROOK ROAD,E01008057,Sheffield 007D,Investigation complete; no suspect identified
0906af0dae66853842d6397011f888190cda3c4419beba21a23f618197b81f02,2021-03,South Yorkshire Police,South Yorkshire Police,-1.429157,53.506549,On or near MILTON CLOSE,E01007457,Barnsley 029E,Unable to prosecute suspect
6261ae7ea04aeb88cc09d6ba7ad6d220395f3626509cce4dc80370638a693778,2021-03,South Yorkshire Police,South Yorkshire Police,-1.485250,53.554766,On or near CHURCHFIELD,E01007336,Barnsley 013A,Suspect charged
f4d0f90e098d5e02e439d7bcb0adbc15bb755d91169caa6fb84aee09aa05df17,2021-03,South Yorkshire Police,South Yorkshire Police,-1.459621,53.444292,On or near Supermarket,E01008135,Sheffield 005C,Investigation complete; no suspect identified
5bf1d68283dd588725007dcfe1149239418e0831ea8cbafc15b281b2b084a49c,2021-03,South Yorkshire Police,South Yorkshire Police,-1.492202,53.358305,On or near OAKDALE ROAD,E01008052,Sheffield 050F,Investigation complete; no suspect identified
4f407541a1ed099174ffc5276865056fc3bab6b19871c43097c5e0e1b279dd7d,2021-03,South Yorkshire Police,South Yorkshire Police,-1.388231,53.375867,On or near FINCHWELL CLOSE,E01007909,Sheffield 032C,Unable to prosecute suspect
8b25900f89f81a44b923a171d2709678964b0544f7e3996cced0acc6f9278265,2021-03,South Yorkshire Police,South Yorkshire Police,-1.591684,53.479242,On or near VICTORIA ROAD,E01008144,Sheffield 001A,Action to be taken by another organisation
2c7aceb65b9854da960594615f9ffa220ab91ff8f46d4d2e56652b4be28b020d,2021-03,South Yorkshire Police,South Yorkshire Police,-1.213003,53.353268,On or near NARROW LANE,E01007662,Rotherham 032D,Unable to prosecute suspect
25a9953125d86204259baa94aa8edf6259dd9f6f973759416cec07b8503dafa2,2021-03,South Yorkshire Police,South Yorkshire Police,-1.591684,53.479242,On or near VICTORIA ROAD,E01008144,Sheffield 001A,Action to be taken by another organisation
e0a9d5342d63675b25479b823d79a51570d4cdde5e2de8b30043c60eb353a4c3,2021-03,South Yorkshire Police,South Yorkshire Police,-1.142985,53.518278,On or near ABBOTT STREET,E01007529,Doncaster 022A,Investigation complete; no suspect identified
536b5842f5072653b9f7fd4ec272dd1e668a8f8a05da8a6f10d7b9497afb1243,2021-03,South Yorkshire Police,South Yorkshire Police,-1.288027,53.427474,On or near MAGNA CRESCENT,E01007724,Rotherham 021E,Investigation complete; no suspect identified
4dd60739b3459b412ff167bede0546239d5e6cbd2f897f04c9fe38164b281a8d,2021-03,South Yorkshire Police,South Yorkshire Police,-1.238553,53.335024,On or near Sports/Recreation Area,E01007752,Rotherham 033D,Suspect charged
4dd60739b3459b412ff167bede0546239d5e6cbd2f897f04c9fe38164b281a8d,2021-03,South Yorkshire Police,South Yorkshire Police,-1.238553,53.335024,On or near Sports/Recreation Area,E01007752,Rotherham 033D,Suspect charged
a86f2a071b3887b93355bfd1ca4ead5187546e548dea6029ed63d8684e5db395,2021-03,South Yorkshire Police,South Yorkshire Police,-1.459117,53.377225,On or near CLAYWOOD DRIVE,E01007879,Sheffield 075B,Investigation complete; no suspect identified
be0d8128fe5d1efc908501fd133e3a0ff041b44af46bb7d9a43434fa8eb4ba47,2021-03,South Yorkshire Police,South Yorkshire Police,-1.069664,53.477290,On or near BEVAN AVENUE,E01007595,Doncaster 037D,Suspect charged
ec9d8a40580d83b6e80e4d68915eb10db09fd0732dce9fb213cbe78a4c03c1f0,2021-03,South Yorkshire Police,South Yorkshire Police,-1.348387,53.335162,On or near SANDY ACRES DRIVE,E01008039,Sheffield 065F,Local resolution
ce8823d0ed30b15bf0f709eac66caa3010fb6bffee0e3365cd6504a9834bf1f0,2021-03,South Yorkshire Police,South Yorkshire Police,-1.668065,53.523432,On or near BIRKS LANE,E01007427,Barnsley 024A,Investigation complete; no suspect identified
570cae182d663d0dabd5a9db2942bb7ce8d37ffb3c1a1c23d3636386d1039e83,2021-03,South Yorkshire Police,South Yorkshire Police,-1.145848,53.525912,On or near Prison,E01007529,Doncaster 022A,Action to be taken by another organisation
eb43c63fde2a1319ddf614ae9a3eccb25172aaa7f1fe70015e11531d2c61af3d,2021-03,South Yorkshire Police,South Yorkshire Police,-1.356571,53.497686,On or near NEWFIELD CRESCENT,E01007817,Rotherham 002B,Suspect charged
4881afdfa5d5e3d07af87438c5bef6f750a130dba9236748982f83f113565a32,2021-03,South Yorkshire Police,South Yorkshire Police,-1.477040,53.419740,On or near CROWDER AVENUE,E01008123,Sheffield 015E,Investigation complete; no suspect identified
0b3a08a8d60fc0193a951e0979b73be52ee34c5a3f80aec35870c8a2f68b5480,2021-03,South Yorkshire Police,South Yorkshire Police,-1.445610,53.576817,On or near KIRKHAM PLACE,E01007406,Barnsley 009E,Suspect charged
0b3a08a8d60fc0193a951e0979b73be52ee34c5a3f80aec35870c8a2f68b5480,2021-03,South Yorkshire Police,South Yorkshire Police,-1.445610,53.576817,On or near KIRKHAM PLACE,E01007406,Barnsley 009E,Suspect charged
ac6662187f8c91fb6e37f5d0c14bb1bc90a7230fb3dad1b4728b451a75da4d9c,2021-03,South Yorkshire Police,South Yorkshire Police,-1.356571,53.497686,On or near NEWFIELD CRESCENT,E01007817,Rotherham 002B,Suspect charged
12b3a164e200e973cd80ddbe4cc60832c71e7d9d80b4154512aa5fbd0b40683f,2021-03,South Yorkshire Police,South Yorkshire Police,-1.127086,53.529417,On or near Pedestrian Subway,E01007655,Doncaster 022F,Local resolution
dd3c8de604f97053d72eb33752ee9035975a1dfd92f7eec9b6c2ed9d9f6b5d78,2021-03,South Yorkshire Police,South Yorkshire Police,-1.350986,53.493251,On or near QUARRY HILL COURT,E01007817,Rotherham 002B,Unable to prosecute suspect
209bb14c37ee9d0262b265d55d81c4528c3de127b93f4cfd4c61ede7e52f666b,2021-03,South Yorkshire Police,South Yorkshire Police,-1.350986,53.493251,On or near QUARRY HILL COURT,E01007817,Rotherham 002B,Unable to prosecute suspect
4f2f8600305652251a8ed209c5937af151fa0993d8e7163e2cc4f8f4c33bf3a6,2021-03,South Yorkshire Police,South Yorkshire Police,-1.145793,53.507656,On or near BURTON AVENUE,E01007534,Doncaster 028D,Investigation complete; no suspect identified
c44a3da012df9edeaf578936ff6b03157d1b8a32bd8e0c7409bb0a6724a38900,2021-03,South Yorkshire Police,South Yorkshire Police,-1.461337,53.370458,On or near Petrol Station,E01008096,Sheffield 043B,Investigation complete; no suspect identified
6802029b7ebff615998411554f4507d82e6e9c664afad2233436b50729996730,2021-03,South Yorkshire Police,South Yorkshire Police,-1.443110,53.428917,On or near FIRCROFT ROAD,E01007857,Sheffield 010B,Further action is not in the public interest
e98b4e2d18f4ba226c52163d79eaf8c3120caf84af6d84c8cf9c2862d7cd5122,2021-03,South Yorkshire Police,South Yorkshire Police,-1.449022,53.338294,On or near MAWFA CRESCENT,E01008077,Sheffield 060D,Local resolution
0015923c8efb128774cf5e30d914a3c5da2c6eefb1590f4c18b930bf256af001,2021-03,South Yorkshire Police,South Yorkshire Police,-1.110919,53.503932,On or near WISCONSIN DRIVE,E01007644,Doncaster 019A,Investigation complete; no suspect identified
719efdda22e445cacf678e0f8a5d5d2436f660f6e97fc5267bbdebd7b4a871ef,2021-03,South Yorkshire Police,South Yorkshire Police,-1.444582,53.428034,On or near FIRCROFT AVENUE,E01007857,Sheffield 010B,Further action is not in the public interest
a3d63b88fed4a2330e0c25f0a4393801ecb1576024fea961b21d4ba72546a9a2,2021-03,South Yorkshire Police,South Yorkshire Police,-1.508108,53.589539,On or near MELFORD CLOSE,E01007357,Barnsley 004B,Local resolution
e6975ec3658f922c329e2e1abfe5e3ad1c4e9b29646d58e4bf0d7c67fe734886,2021-03,South Yorkshire Police,South Yorkshire Police,-1.124317,53.531303,On or near STANHOPE ROAD,E01007655,Doncaster 022F,Investigation complete; no suspect identified
9b575fbd6d171796e8f7bd8c34746570143e17e4e4efc97903c48d89e763f3c0,2021-03,South Yorkshire Police,South Yorkshire Police,-1.443110,53.428917,On or near FIRCROFT ROAD,E01007857,Sheffield 010B,Further action is not in the public interest
421d854d816883c60a47ad6122955dc911463b3b4dfa9ebff0dee9901f6f96f3,2021-03,South Yorkshire Police,South Yorkshire Police,-1.325334,53.404733,On or near SORRELSYKES CLOSE,E01007814,Rotherham 024D,Unable to prosecute suspect
1073154c7ef4acc7c45a1145d37f3b721b019f443e233e31083d2367261b9f18,2021-03,South Yorkshire Police,South Yorkshire Police,-1.373636,53.410623,On or near PAVILION LANE,E01007676,Rotherham 025A,Investigation complete; no suspect identified
de6c9f15eefa4245764ba1f7136e0e28ea7269c1b7bf66ef13ffca381417ab5c,2021-03,South Yorkshire Police,South Yorkshire Police,-1.394670,53.365905,On or near RAVENSCROFT PLACE,E01007967,Sheffield 045B,Offender given a caution
7069cfadd3658466c48b3a92bb09c27d4da26cca98afe65971e1fe6a9a683376,2021-03,South Yorkshire Police,South Yorkshire Police,-1.473616,53.364373,On or near GLOVER ROAD,E01008112,Sheffield 042D,Unable to prosecute suspect
4fe917f64a031ba45267233e33b82353e0ac1b3bdef8b6b81bdae9094054de8f,2021-03,South Yorkshire Police,South Yorkshire Police,-1.510564,53.358130,On or near BANNER COURT,E01007937,Sheffield 047E,Unable to prosecute suspect
26b698afb1a8b2271a7b79423d94d7d2ed94201103958e8a8b4e8a40e95d2273,2021-03,South Yorkshire Police,South Yorkshire Police,-1.445819,53.410386,On or near HINDE HOUSE LANE,E01007944,Sheffield 022F,Investigation complete; no suspect identified
3ffd7d31c762d371ac497bc255f1d47b6193cfa634da7c32b2f1b9c4eee4ea26,2021-03,South Yorkshire Police,South Yorkshire Police,-1.375114,53.576587,On or near Sports/Recreation Area,E01007332,Barnsley 006C,Investigation complete; no suspect identified
639019b64fb981e6badc4add0451b70f493c45185db18d3dc205e3f21abe22b2,2021-03,South Yorkshire Police,South Yorkshire Police,-1.366459,53.535185,On or near CHURCH VIEW,E01007351,Barnsley 020D,Investigation complete; no suspect identified
7b2c2852885d86dd937c86b9e9b7d98f621f00399b3d2ff3019363e82bddfa15,2021-03,South Yorkshire Police,South Yorkshire Police,-1.022293,53.490952,On or near WILLOW CRESCENT,E01007608,Doncaster 038A,Investigation complete; no suspect identified
fa17fb1a56ebd7d989f295c1332f67a6b02a756d7399e514d0286fb7e1b5062d,2021-03,South Yorkshire Police,South Yorkshire Police,-1.022293,53.490952,On or near WILLOW CRESCENT,E01007608,Doncaster 038A,Investigation complete; no suspect identified
e2e9889753a8f51f81104708423f554b58aeb5dbdcc00e173cb68bd4448b1698,2021-03,South Yorkshire Police,South Yorkshire Police,-1.022293,53.490952,On or near WILLOW CRESCENT,E01007608,Doncaster 038A,Investigation complete; no suspect identified
6a7176b2187591c24c6d770d31497b9929280da1c6694bc3ac83f343c5cab71c,2021-03,South Yorkshire Police,South Yorkshire Police,-1.099213,53.541201,On or near GUILDFORD ROAD,E01007652,Doncaster 015D,Investigation complete; no suspect identified
1d9f8d7846a6b7a80136bfcbf1405d468d0ce3d94b6944af75b974641a0b38ef,2021-03,South Yorkshire Police,South Yorkshire Police,-1.132915,53.527653,On or near Parking Area,E01007655,Doncaster 022F,Investigation complete; no suspect identified
914bc8be63447b9db5950920cb1f7687f8a75aec0105a6370798f6dfdbb2a332,2021-03,South Yorkshire Police,South Yorkshire Police,-1.414029,53.369012,On or near ANGLETON GREEN,E01008011,Sheffield 039A,Action to be taken by another organisation
d1722fd93f43f84677d3a54b5ae26f0d0d673164cca5f19ed1da0a51a3d6ffb4,2021-03,South Yorkshire Police,South Yorkshire Police,-1.510564,53.358130,On or near BANNER COURT,E01007937,Sheffield 047E,Unable to prosecute suspect
e8d28ccf7749d2d6b45bf0e2da82a788ab6287c3e27d7ea0b0d751be32ca7816,2021-03,South Yorkshire Police,South Yorkshire Police,-1.528809,53.327741,On or near ASHFURLONG ROAD,E01007920,Sheffield 068A,Investigation complete; no suspect identified
079cf25fc4d19b4a5139808ba3570c9c90e4f0681d69ba73992fa5c048aea698,2021-03,South Yorkshire Police,South Yorkshire Police,-1.067552,53.503512,On or near HUNSTER CLOSE,E01007607,Doncaster 025E,Investigation complete; no suspect identified
d59a649c51ed60a4b2fdafa0469088aa3dbdd9f62a1e0f487a61f3757e1e4360,2021-03,South Yorkshire Police,South Yorkshire Police,-1.446411,53.361320,On or near FRAMLINGHAM PLACE,E01008100,Sheffield 048B,Unable to prosecute suspect
4d711a1e9a2a74617c5f8a11ad3a2146ba2c10414b7a7c66b8c732a37a50c39c,2021-03,South Yorkshire Police,South Yorkshire Police,-1.485197,53.549148,On or near PARK AVENUE,E01007417,Barnsley 013D,Investigation complete; no suspect identified
2c2d6a89c31bcf0564a121697d50a4b04eae0ab78366a8ce63ad0276f67d0062,2021-03,South Yorkshire Police,South Yorkshire Police,-1.497909,53.367462,On or near Parking Area,E01008047,Sheffield 046C,Investigation complete; no suspect identified
f156a3f9541e8bf5a36c0811b15d0793d0e7bb696c75aefa49ad8d11557ea9ca,2021-03,South Yorkshire Police,South Yorkshire Police,-1.474684,53.380171,On or near ROCKINGHAM LANE,E01033265,Sheffield 074C,Suspect charged
77d680062400f6f33a07c3fc4035b013759107227101e9cf06c7a9dfd65b7958,2021-03,South Yorkshire Police,South Yorkshire Police,-1.451690,53.412436,On or near WHELDRAKE ROAD,E01007949,Sheffield 020E,Investigation complete; no suspect identified
b633c7597f09ce57062b5e0f5129b9dc1a2d7daa58f1d42b8fcdd8766f1e3e9f,2021-03,South Yorkshire Police,South Yorkshire Police,-1.379024,53.435271,On or near DOVERCOURT ROAD,E01007717,Rotherham 016C,Suspect charged
6a5074bc0460f2572de05fe0621ec1ff4b97a69bc292ea02ddc5cb7fc9a87466,2021-03,South Yorkshire Police,South Yorkshire Police,-1.125042,53.526867,On or near KING'S ROAD,E01007648,Doncaster 019D,Investigation complete; no suspect identified
86dd1062cc883b1fb7adadb5950a02de6ae8ffa7ba7ef907db8100be46a711ed,2021-03,South Yorkshire Police,South Yorkshire Police,-1.298782,53.534763,On or near GARDEN STREET,E01007369,Barnsley 022A,Unable to prosecute suspect
e5ddf672892a5a142173e4200d868f2ccd40b7179127225c266102bb37c2dca2,2021-03,South Yorkshire Police,South Yorkshire Police,-1.449160,53.342726,On or near GAUNT DRIVE,E01008075,Sheffield 060B,Investigation complete; no suspect identified
df040d8814f0322cc0073c152064be20e139b05ac181db3f250f198b38554f2a,2021-03,South Yorkshire Police,South Yorkshire Police,-1.458644,53.395569,On or near CATHERINE ROAD,E01007869,Sheffield 020A,Investigation complete; no suspect identified
2e7a14e192787ebec3353f30ede314bfc676a97e440d1422c0420239d3ec1a54,2021-03,South Yorkshire Police,South Yorkshire Police,-1.170217,53.537931,On or near Supermarket,E01007589,Doncaster 016D,Investigation complete; no suspect identified
014472bb221b1ea7669e99a67db2558b3cba8a0f75687e5c3039e5b3978d5359,2021-03,South Yorkshire Police,South Yorkshire Police,-1.424436,53.370726,On or near STONECLIFFE ROAD,E01008018,Sheffield 039F,Investigation complete; no suspect identified
f4f5669a99ea1076d575936753424e8b9584402a8a32b61ee12c473f4474c210,2021-03,South Yorkshire Police,South Yorkshire Police,-1.372533,53.389530,On or near Petrol Station,E01007699,Rotherham 027B,Investigation complete; no suspect identified
eb9acb92d328f6e7247043989a7b7c7f694e171c232226ceb041b8a32b8f3b59,2021-03,South Yorkshire Police,South Yorkshire Police,-1.313964,53.433630,On or near LAUDSDALE CLOSE,E01007737,Rotherham 013C,Investigation complete; no suspect identified
823525a1685a4578a58325de5762a6a9803aad84498edc2114d4a16d11ce536d,2021-03,South Yorkshire Police,South Yorkshire Police,-1.481276,53.547666,On or near FLEMING PLACE,E01007338,Barnsley 017A,Local resolution
8e09666a65fb8e6422979e0a4df91b94f06e1455a7cf2b78ec897d54b8943859,2021-03,South Yorkshire Police,South Yorkshire Police,-1.472548,53.368108,On or near ALDERSON PLACE,E01008108,Sheffield 042A,Investigation complete; no suspect identified
003233d4b558417261b633c750e8e2fee50ba4c13b85523f027a9fa767e60f8f,2021-03,South Yorkshire Police,South Yorkshire Police,-1.474310,53.547168,On or near SHEFFIELD ROAD,E01007338,Barnsley 017A,Local resolution
0217f9f4328c296583a35a19b36d01916bfa87ac2450506b09ead008698e2ab1,2021-03,South Yorkshire Police,South Yorkshire Police,-1.136715,53.524004,On or near Shopping Area,E01007645,Doncaster 022E,Investigation complete; no suspect identified
95319c0d5549b0288b57d1a02c8e8eb71daef0be34795e92d8f0703d834d1f77,2021-03,South Yorkshire Police,South Yorkshire Police,-1.473795,53.363286,On or near PRESTON STREET,E01008108,Sheffield 042A,Unable to prosecute suspect
e51f0bf12186278982da8ab9572397ae7c4f5e32838f532d3b45ecb9cebca427,2021-03,South Yorkshire Police,South Yorkshire Police,-1.472668,53.382715,On or near Parking Area,E01033262,Sheffield 073B,Investigation complete; no suspect identified
ee705eff6d62fb6b38ad6a3797112aa47be4e1f5221bc7842b8df995a215d54f,2021-03,South Yorkshire Police,South Yorkshire Police,-1.327320,53.516230,On or near BROOMHILL VIEW,E01007367,Barnsley 025D,Local resolution
e11a8e2a965c9f950dda1c887022d78c5b31c445797cce579fe9ef221ce82a2c,2021-03,South Yorkshire Police,South Yorkshire Police,-1.473604,53.366575,On or near HIGHFIELD PLACE,E01008109,Sheffield 042B,Suspect charged
5a256c161d1d5d3acf7f8d7b9b8b833f30b7501a4b9cc8d4773fae151a052133,2021-03,South Yorkshire Police,South Yorkshire Police,-1.497961,53.582738,On or near BEAULIEU CLOSE,E01007362,Barnsley 004D,Investigation complete; no suspect identified
80bf0048aac3fdd835a40558008487e3c3b64988336a4c54095426b3863c9b01,2021-03,South Yorkshire Police,South Yorkshire Police,-1.443907,53.574202,On or near FORMBY COURT,E01007406,Barnsley 009E,Unable to prosecute suspect
36f4759cfab508f67efb9e86abf5eac455678e7beb8282480f71c6462a8ab5d8,2021-03,South Yorkshire Police,South Yorkshire Police,-1.488202,53.325893,On or near RENEY ROAD,E01007823,Sheffield 069A,Investigation complete; no suspect identified
4b87894f6828a2ca9382137170918aafe82148fbfe3fcacb9a1ed52c243b3cca,2021-03,South Yorkshire Police,South Yorkshire Police,-1.445328,53.393827,On or near NORROY STREET,E01033269,Sheffield 022G,Investigation complete; no suspect identified
5268ac205d725a208c1007b12b2b8e674fad867bc506aee67378b7e9a9527065,2021-03,South Yorkshire Police,South Yorkshire Police,-1.183922,53.583229,On or near PARK AVENUE,E01007474,Doncaster 005F,Unable to prosecute suspect
e54bac1bff1609f6b6f3b6db811524b1804ee8214743e336eff0a44822faa285,2021-03,South Yorkshire Police,South Yorkshire Police,-1.443907,53.574202,On or near FORMBY COURT,E01007406,Barnsley 009E,Unable to prosecute suspect
1b55989476d94663161ebc56a462fda9894dca74c1a5863ddf851fbce4b2120a,2021-03,South Yorkshire Police,South Yorkshire Police,-1.349746,53.332670,On or near CHALLONER WAY,E01008022,Sheffield 065C,Investigation complete; no suspect identified
ee05c5a77621696ab56f4106b22189a11a19f81900e806014a67045567f6977a,2021-03,South Yorkshire Police,South Yorkshire Police,-1.439768,53.533115,On or near MITCHELL'S STREET,E01007462,Barnsley 021E,Investigation complete; no suspect identified
f241dacacdb09d769b086fc625da32254d67e283581ac2b55bb8eb2c32cca6d4,2021-03,South Yorkshire Police,South Yorkshire Police,-1.368980,53.356252,On or near SPA LANE CROFT,E01007970,Sheffield 049D,Unable to prosecute suspect
451aa3d52c00f9075e8a947ff1fe5dd048993c0221f0d075def44b8287f6729a,2021-03,South Yorkshire Police,South Yorkshire Police,-1.495253,53.557712,On or near BLACKBURN LANE,E01007441,Barnsley 013E,Further action is not in the public interest
8c1cce1fb844a9b4960c7db1ffe9d77a12599e46b55e88f7d932050b62ce4cd5,2021-03,South Yorkshire Police,South Yorkshire Police,-1.405828,53.362185,On or near RICHMOND ROAD,E01008008,Sheffield 045D,Unable to prosecute suspect
33c0fab664044c1b5364b070838b0c26b3ad28a35c4f9614f9741906b54f570f,2021-03,South Yorkshire Police,South Yorkshire Police,-1.461024,53.335697,On or near NORTON CHURCH GLEBE,E01008078,Sheffield 064E,Further action is not in the public interest
e9bfb4c7359e2f11b55d5dbfcd9e93d5625f2abbefb87aac4f9e92e448c38aff,2021-03,South Yorkshire Police,South Yorkshire Police,-1.404871,53.388751,On or near CATLEY ROAD,E01007902,Sheffield 027B,Investigation complete; no suspect identified
4e31f3b26b68685b4231cfaff91dc7e3c2432a23296d0b6189a841fcf2ce0b2c,2021-03,South Yorkshire Police,South Yorkshire Police,-1.307915,53.533512,On or near BARNSLEY ROAD,E01007376,Barnsley 022D,Investigation complete; no suspect identified
c4ea550544fe9b74bea4636f4fe0be105500edc19dd83c68bc52430b31a18157,2021-03,South Yorkshire Police,South Yorkshire Police,-1.188647,53.559684,On or near WELFARE ROAD,E01007467,Doncaster 009D,Unable to prosecute suspect
22f73b5f07509bc8c82fa2eda9404792cfe926ba04351b7b1082746c4c8d9173,2021-03,South Yorkshire Police,South Yorkshire Police,-1.485216,53.423030,On or near WORDSWORTH CRESCENT,E01008118,Sheffield 009E,Investigation complete; no suspect identified
c889b4525c0bf77708dcbea9a06f67eeb3ca1a2e34a2634907b3240a922827b0,2021-03,South Yorkshire Police,South Yorkshire Police,-1.370069,53.432168,On or near ST JOHN'S AVENUE,E01007716,Rotherham 016B,Further action is not in the public interest
e18643d1d3c4974e0720d956edc6f0cabd73a2819734dcb920e8cb88419cc53f,2021-03,South Yorkshire Police,South Yorkshire Police,-1.379672,53.429054,On or near HARTINGTON ROAD,E01007715,Rotherham 016A,Investigation complete; no suspect identified
a4f66e6202e1f9dbf68b78119702c764be38eea5019d9b1a5db5d3aebf485b9e,2021-03,South Yorkshire Police,South Yorkshire Police,-1.304551,53.362897,On or near MALTON DRIVE,E01007672,Rotherham 030E,Investigation complete; no suspect identified
8f223bac732c7b4aa6ef1240694dc44a5fefdd92128ad0c12ec563f5af0d3e4d,2021-03,South Yorkshire Police,South Yorkshire Police,-1.404871,53.388751,On or near CATLEY ROAD,E01007902,Sheffield 027B,Investigation complete; no suspect identified
c6668310b579e1520679bcd264fe1a84cfa94b5e22283f01cd2e02d7899603b6,2021-03,South Yorkshire Police,South Yorkshire Police,-1.068730,53.514424,On or near BRAMHAM ROAD,E01007525,Doncaster 024B,Investigation complete; no suspect identified
f13e44d767a3a876afe09d616e89df32102cc1a3fda20170b44f2ec6e114d209,2021-03,South Yorkshire Police,South Yorkshire Police,-1.425190,53.372779,On or near MOTEHALL DRIVE,E01008018,Sheffield 039F,Investigation complete; no suspect identified
171a1ee5312cc8d68042db675a9cfa98a8607fd069fccd15303b2989470acb17,2021-03,South Yorkshire Police,South Yorkshire Police,-1.142432,53.509816,On or near CLARENCE AVENUE,E01007534,Doncaster 028D,Unable to prosecute suspect
171a1ee5312cc8d68042db675a9cfa98a8607fd069fccd15303b2989470acb17,2021-03,South Yorkshire Police,South Yorkshire Police,-1.142432,53.509816,On or near CLARENCE AVENUE,E01007534,Doncaster 028D,Unable to prosecute suspect
171a1ee5312cc8d68042db675a9cfa98a8607fd069fccd15303b2989470acb17,2021-03,South Yorkshire Police,South Yorkshire Police,-1.142432,53.509816,On or near CLARENCE AVENUE,E01007534,Doncaster 028D,Unable to prosecute suspect
d188082787f12f1dbdc821df6475e00e4d0b31538aec8b2165e9214136919bf4,2021-03,South Yorkshire Police,South Yorkshire Police,-1.466591,53.319191,On or near BATEMOOR ROAD,E01008084,Sheffield 070D,Investigation complete; no suspect identified
bddef3726ffbba6c7a04294144146986af822d7fcb380a8bcd25a882c18660ef,2021-03,South Yorkshire Police,South Yorkshire Police,-1.453264,53.407032,On or near BLYDE ROAD,E01007942,Sheffield 020D,Unable to prosecute suspect
410d9282e05d7e923d532e3117674cc9fe6e7f318280a9a1b7f742e93be47d1b,2021-03,South Yorkshire Police,South Yorkshire Police,-1.344927,53.452104,On or near WANNOP STREET,E01007784,Rotherham 008D,Investigation complete; no suspect identified
41f25f96bd3dcefe7f9671084e9289dd7b43282953e2615af8bcf228a8abb4bd,2021-03,South Yorkshire Police,South Yorkshire Police,-1.137529,53.523300,On or near Shopping Area,E01007645,Doncaster 022E,Unable to prosecute suspect
39863fae17417f723a21d50180427f5535c64142ca8990c27f11208e9c340b62,2021-03,South Yorkshire Police,South Yorkshire Police,-1.144473,53.517804,On or near ELLERKER AVENUE,E01007529,Doncaster 022A,Investigation complete; no suspect identified
55ee45d27bfa7cc0247cad109f548a95843c93f0a09de1308da2e28c2be80e7b,2021-03,South Yorkshire Police,South Yorkshire Police,-1.311713,53.544033,On or near SHEPHERD LANE,E01007375,Barnsley 014D,Investigation complete; no suspect identified
e3a20e1e46a5f08847d192461b4b59c45d061022a511223f0f331beeeae7bafb,2021-03,South Yorkshire Police,South Yorkshire Police,,,No location,,,Unable to prosecute suspect
2555323c5875eefe6473e62e72323a5eb33c53d732062673c13c04c050b6a688,2021-03,South Yorkshire Police,South Yorkshire Police,-1.501947,53.442624,On or near NORFOLK HILL CROFT,E01008134,Sheffield 005B,Unable to prosecute suspect
dba16954471bcd9a7b5c6e8e0a3751e19d26e734a84c05fe721cce92d02ae78a,2021-03,South Yorkshire Police,South Yorkshire Police,-1.487763,53.559172,On or near EARNSHAW TERRACE,E01007409,Barnsley 010D,Unable to prosecute suspect
3e6e0ba0d62fbfceebf0e4c74e1e32c01b067f92067e94d21224e01c0fe89269,2021-03,South Yorkshire Police,South Yorkshire Police,-1.346829,53.428277,On or near PARK MOUNT,E01007767,Rotherham 017C,Unable to prosecute suspect
c2bef5702e617eb81afa23efd3715edd310e2cc81a712aa3b271d77279be1446,2021-03,South Yorkshire Police,South Yorkshire Police,-1.346829,53.428277,On or near PARK MOUNT,E01007767,Rotherham 017C,Unable to prosecute suspect
47953cb3a904132f83b3e2cac2d88d9d64ffba9ae6387c004fd14a743ac39d27,2021-03,South Yorkshire Police,South Yorkshire Police,-1.346829,53.428277,On or near PARK MOUNT,E01007767,Rotherham 017C,Unable to prosecute suspect
f26bac432fb69e3ef2bce3cf993144a5ecd753f9aa4ea02019da237c0c569828,2021-03,South Yorkshire Police,South Yorkshire Police,-1.188647,53.559684,On or near WELFARE ROAD,E01007467,Doncaster 009D,Unable to prosecute suspect
87a4f2d4ea7d5e367785fb9913d51d5a34576fa459458c15aab0bbd189fd8f44,2021-03,South Yorkshire Police,South Yorkshire Police,-1.462566,53.393447,On or near RICHMOND STREET,E01007875,Sheffield 022B,Investigation complete; no suspect identified
36a40f510d6772261a8a6728c527fc75d70397a9f980fad5369dfa3ac075d264,2021-03,South Yorkshire Police,South Yorkshire Police,-1.352997,53.386765,On or near WORRAL AVENUE,E01007701,Rotherham 027D,Unable to prosecute suspect
d9d6aa159ceb32d2cd85d86644dc03bdcad14e1568991c23785b1604404a19c0,2021-03,South Yorkshire Police,South Yorkshire Police,-1.531549,53.390178,On or near LIBERTY PLACE,E01008158,Sheffield 025D,Unable to prosecute suspect
631548d107aba4f0d321d3540982a6ef2af66806d3fb5bbc6199c8936820ab44,2021-03,South Yorkshire Police,South Yorkshire Police,-1.305053,53.469605,On or near GREENWOOD ROAD,E01007772,Rotherham 006B,Local resolution
d42c0009335d4ad26309693c9329dd5776fcf8dfc83c75b172ea28089e71ec89,2021-03,South Yorkshire Police,South Yorkshire Police,-1.669073,53.523722,On or near KENNEDY CLOSE,E01007427,Barnsley 024A,Investigation complete; no suspect identified
d61a63085af67caf789536fc227d70b9f0e5468c88b67d9a0559eb0b32320ac7,2021-03,South Yorkshire Police,South Yorkshire Police,-1.136477,53.521647,On or near CHANCERY PLACE,E01007645,Doncaster 022E,Suspect charged
f04d606cc2dad4d2f8e50ac169194ca06642be0c1b3667e6e8789a54b2e717a5,2021-03,South Yorkshire Police,South Yorkshire Police,-1.469130,53.327499,On or near Pedestrian Subway,E01008079,Sheffield 064F,Unable to prosecute suspect
831fd6298200b8024813d6559bb3862206a8684e99b9fa2acd2d98270c99f486,2021-03,South Yorkshire Police,South Yorkshire Police,-1.385372,53.505469,On or near PLOUGHMANS CROFT,E01007695,Rotherham 001C,Unable to prosecute suspect
882a526204f41481953e705764c09d37a3b973fe51c3824e164f44149a86f32a,2021-03,South Yorkshire Police,South Yorkshire Police,-1.315654,53.361127,On or near FLORENCE AVENUE,E01007673,Rotherham 030F,Local resolution
a152d02fcaadd6ce954f5fb984c872569aeb5443899717afdc1427551ca418b2,2021-03,South Yorkshire Police,South Yorkshire Police,-1.358667,53.355613,On or near STACYE RISE,E01007969,Sheffield 044B,Investigation complete; no suspect identified
5be1ec6d606a24697c9e407adecb16039ed789b0021bedd78c7411b3fb452f80,2021-03,South Yorkshire Police,South Yorkshire Police,-1.336211,53.469342,On or near BRADLEA RISE,E01007771,Rotherham 006A,Investigation complete; no suspect identified
f5b2cca90c0ab5db9ae938bbbda1ec16c012f7ad31aede3a59d784347d4b06c4,2021-03,South Yorkshire Police,South Yorkshire Police,-1.016772,53.577774,On or near WARRENNE CLOSE,E01007555,Doncaster 006B,Unable to prosecute suspect
bee3afef428e46a870394ef3395732f06e69a5036c03520376b4c52e805797d5,2021-03,South Yorkshire Police,South Yorkshire Police,-1.219526,53.356439,On or near THE GREEN,E01007662,Rotherham 032D,Investigation complete; no suspect identified
435ad6f76321ec3a3508c0d8b68f9c243c9fc6d916c3e87590338b2911268e6b,2021-03,South Yorkshire Police,South Yorkshire Police,-1.358667,53.355613,On or near STACYE RISE,E01007969,Sheffield 044B,Investigation complete; no suspect identified
d8ddcfb7b02d83d1c3d254494af19f980f8a8fbaec8c1d1ba8d47952ab26ac74,2021-03,South Yorkshire Police,South Yorkshire Police,-1.315654,53.361127,On or near FLORENCE AVENUE,E01007673,Rotherham 030F,Local resolution
b2fc0b50b5e1cefced047bd72c5459821662303d9c237eec532d41a8929c7445,2021-03,South Yorkshire Police,South Yorkshire Police,-1.479513,53.553626,On or near Theatre/Concert Hall,E01007340,Barnsley 013B,Investigation complete; no suspect identified
2abe69c23c86081dcbf2e1e7ae8f962f18b47dcd87d1c416a62511a89b951974,2021-03,South Yorkshire Police,South Yorkshire Police,-1.307960,53.475213,On or near AITKEN ROAD,E01007777,Rotherham 004A,Unable to prosecute suspect
8b0a9c980b60ca36aa116675ace4fd0a2b33702e753928ca47cb27a1ac28f0d1,2021-03,South Yorkshire Police,South Yorkshire Police,-1.471194,53.386448,On or near GIBRALTAR STREET,E01033262,Sheffield 073B,Unable to prosecute suspect
83caa26acd2c0832dfdfc406682b02556584d4e2c4b25e10cf0492d95c8087ba,2021-03,South Yorkshire Police,South Yorkshire Police,-1.389101,53.370694,On or near WENLOCK STREET,E01007973,Sheffield 037D,Investigation complete; no suspect identified
845b00b98905bc0d7561027df958f094642edd65d9452f8ca1baa3d05c0a7f39,2021-03,South Yorkshire Police,South Yorkshire Police,-1.459365,53.559326,On or near TREWAN COURT,E01007335,Barnsley 009B,Investigation complete; no suspect identified
844497447b0e5849f996052d0ef3c2327067dadb5b03201ec009a73178c2f8f2,2021-03,South Yorkshire Police,South Yorkshire Police,-1.016772,53.577774,On or near WARRENNE CLOSE,E01007555,Doncaster 006B,Unable to prosecute suspect
62ba861117c55ceb0a970cae82ecebd6125bcc6fca484daca038f17b774e4be9,2021-03,South Yorkshire Police,South Yorkshire Police,-1.355568,53.433592,On or near WATER STREET,E01007714,Rotherham 017B,Investigation complete; no suspect identified
433f37e1a1d2a75ddf457dd007170da9ac30a958ceb9cfd79bfa61ca144998b1,2021-03,South Yorkshire Police,South Yorkshire Police,-1.177011,53.550175,On or near GREEN LANE,E01007518,Doncaster 012D,Investigation complete; no suspect identified
c5107c484f2d558c98c21b12e1d6dd07673a6450e99de9a044136de4f5e0e5c1,2021-03,South Yorkshire Police,South Yorkshire Police,-1.144489,53.547709,On or near Police Station,E01007508,Doncaster 010B,Investigation complete; no suspect identified
ab66976aba1b312f501cf66762f468a1eb03914c43820c9b3bc41e9cd3ae7c67,2021-03,South Yorkshire Police,South Yorkshire Police,-1.462593,53.547592,On or near BOUNDARY STREET,E01007337,Barnsley 015D,Unable to prosecute suspect
1d24ecb0a5416de927844392de1e6d7cc3eef7b84cfd10f57e6cbb7c9a99c11b,2021-03,South Yorkshire Police,South Yorkshire Police,-1.463339,53.401289,On or near FIRSHILL CLOSE,E01007870,Sheffield 019A,Suspect charged
35f9b85f03fd0616781ecf7c7f69dc8acdab721715afdbc9004a2d34e72e2ce2,2021-03,South Yorkshire Police,South Yorkshire Police,-1.447876,53.503643,On or near CROWN STREET,E01007395,Barnsley 030E,Investigation complete; no suspect identified
2b2e1506b598034c185eb6259aa14e9bee74b12f6e8e02c23c945b5c0a5f37ef,2021-03,South Yorkshire Police,South Yorkshire Police,-1.482215,53.552326,On or near PEEL SQUARE,E01007340,Barnsley 013B,Unable to prosecute suspect
d4afba6eb67ab5299b6770304d0a5d6129c311bb25b516768eff771d1adabdf8,2021-03,South Yorkshire Police,South Yorkshire Police,-1.201349,53.562610,On or near ROMAN RIDGE,E01007466,Doncaster 009C,Investigation complete; no suspect identified
8efde2947393bf71f6223ed89597ec929b5922bd08244ddad4eae27268d38ba9,2021-03,South Yorkshire Police,South Yorkshire Police,-1.454353,53.377158,On or near GLENCOE PLACE,E01007879,Sheffield 075B,Unable to prosecute suspect
3d45e9c40f9a38cbd7f14aec8bced5f08cf71335c1ea25c232332fea457a18fc,2021-03,South Yorkshire Police,South Yorkshire Police,-1.459365,53.559326,On or near TREWAN COURT,E01007335,Barnsley 009B,Investigation complete; no suspect identified
27b3d908237abc1fa83646e30716c17f076d792eee80b78265849a65ba346f69,2021-03,South Yorkshire Police,South Yorkshire Police,-1.412661,53.584048,On or near SCHOOL STREET,E01007343,Barnsley 003D,Investigation complete; no suspect identified
f6ecf352fff700ba1dcf12c494ac71706e4d20cb7b52dfa8fc50dceea96ad83c,2021-03,South Yorkshire Police,South Yorkshire Police,-1.439616,53.367230,On or near Petrol Station,E01008097,Sheffield 043C,Investigation complete; no suspect identified
df387ae154cf5f4a8a00a64f104ffb0bbf7fff82c92f9e648b97f8ad44a0f2d8,2021-03,South Yorkshire Police,South Yorkshire Police,-1.487130,53.360216,On or near BANK CLOSE,E01008052,Sheffield 050F,Investigation complete; no suspect identified
eb23bd5c910425ea86b60e0e8f72cda6c7cc08fd3cce6b9e8a5fb61539251b67,2021-03,South Yorkshire Police,South Yorkshire Police,-1.166902,53.503859,On or near KENILWORTH ROAD,E01007496,Doncaster 029A,Unable to prosecute suspect
f7e713240bfaa4ccac5a623b9f99f9fc5565468d0c5d1781d07f85798254d1dc,2021-03,South Yorkshire Police,South Yorkshire Police,-1.508227,53.343199,On or near WHIRLOWDALE ROAD,E01007932,Sheffield 055E,Investigation complete; no suspect identified
3a431164a5c3ba1655070ea896321b786f2c2e56438d9f1c647fe2c67508b175,2021-03,South Yorkshire Police,South Yorkshire Police,-1.128763,53.522670,On or near PRINCE'S STREET,E01007645,Doncaster 022E,Investigation complete; no suspect identified
16add1249572abb5a83e70d4af71aa621f924d2250fb90b4be3531ecbdb97998,2021-03,South Yorkshire Police,South Yorkshire Police,-1.435597,53.344999,On or near MORLAND DRIVE,E01008007,Sheffield 060A,Investigation complete; no suspect identified
13cde965e97eac4b35cd5154a6bdb1e78dd271ff45a62a1ec60c8ab8234e9f60,2021-03,South Yorkshire Police,South Yorkshire Police,-1.070214,53.559622,On or near MAGNOLIA CLOSE,E01007623,Doncaster 007C,Unable to prosecute suspect
1ce101af90f9e29f323cfc989842e81be4fdc3e894a636221ab34c3bf31e98e9,2021-03,South Yorkshire Police,South Yorkshire Police,-1.096562,53.543842,On or near CROMPTON ROAD,E01007656,Doncaster 015F,Investigation complete; no suspect identified
33c7f3be129077302e0a34963361430b28d84af4c2d58f5ea0f56b212f98ce83,2021-03,South Yorkshire Police,South Yorkshire Police,-1.495806,53.471730,On or near HURST GREEN,E01007892,Sheffield 003B,Investigation complete; no suspect identified
57fceb3557009bab08bb34cf32f0a499e6637607b0bb5494816b23a0243cd3ce,2021-03,South Yorkshire Police,South Yorkshire Police,-1.396965,53.521500,On or near HIGH STREET,E01007451,Barnsley 026A,Investigation complete; no suspect identified
369bd7fa0850cb26423758da3623d837905ce4b2c67ba85590cd217a21d0d3f8,2021-03,South Yorkshire Police,South Yorkshire Police,-1.201978,53.423119,On or near HIGH STREET,E01007763,Rotherham 020E,Investigation complete; no suspect identified
5c15d824ff281cecf3d8ebed2b1220c4d308a78fc265dc5ff4494ddef75e32e5,2021-03,South Yorkshire Police,South Yorkshire Police,-1.485056,53.388989,On or near ADELPHI STREET,E01008065,Sheffield 026A,Investigation complete; no suspect identified
2b30f60c24e473438b9d87810505848a009b77f4e3d3ceaffcb709f2d03aed22,2021-03,South Yorkshire Police,South Yorkshire Police,-1.490983,53.320619,On or near Supermarket,E01007919,Sheffield 069C,Investigation complete; no suspect identified
779b5dd1b250e9e476be00876eb1887be6c68d14e6f7f4c78c074159e0ce064e,2021-03,South Yorkshire Police,South Yorkshire Police,-1.445418,53.571854,On or near AINSDALE COURT,E01007406,Barnsley 009E,Investigation complete; no suspect identified
5ed7cb10723ad4dacf355635d9350c5d1ddc1aace4ff109a1ab2589dd9b1a42f,2021-03,South Yorkshire Police,South Yorkshire Police,-1.467481,53.393595,On or near GRAY STREET,E01033269,Sheffield 022G,Investigation complete; no suspect identified
a6789e1d46ddde92e83a707000e7fa3e082a3e4452941ac7d5b3b0207343c858,2021-03,South Yorkshire Police,South Yorkshire Police,-1.345544,53.504062,On or near Supermarket,E01007822,Rotherham 002F,Investigation complete; no suspect identified
d35ccdba68c5d47ddb2b37892478782d32a4d35b56fd91b8b571b08ea02ede2d,2021-03,South Yorkshire Police,South Yorkshire Police,-1.470507,53.539897,On or near MOUNT VERNON CRESCENT,E01007460,Barnsley 021C,Investigation complete; no suspect identified
8a6a354c3bdc38b7b52e17456cc51dc5e08ede7680f6ce08bd225eb263c2f940,2021-03,South Yorkshire Police,South Yorkshire Police,-1.313066,53.435189,On or near HOUNSFIELD CRESCENT,E01007723,Rotherham 013A,Further action is not in the public interest
7194672d8e03de598ea8420569a219cadf16f540dbcaabb7aabbbd7cd313ba0c,2021-03,South Yorkshire Police,South Yorkshire Police,,,No location,,,Investigation complete; no suspect identified
c0d4d19b4cc6635fceb8b7d251cc33dcac317a69b6b026dd9a4ffcddc8def989,2021-03,South Yorkshire Police,South Yorkshire Police,-1.201244,53.369891,On or near LORDENS HILL,E01007790,Rotherham 029E,Investigation complete; no suspect identified
177496019b2dd88d9c9c06638787d39b6efab1fab5b743b868046157818bb176,2021-03,South Yorkshire Police,South Yorkshire Police,-1.097445,53.431256,On or near MEADOW DRIVE,E01007615,Doncaster 039D,Investigation complete; no suspect identified
9759d23bbfcb96fe529026fb40d6160f4bc874f434049d42759ca5ed7f53874a,2021-03,South Yorkshire Police,South Yorkshire Police,-1.358359,53.345149,On or near Shopping Area,E01008033,Sheffield 061B,Investigation complete; no suspect identified
61d5052b9a5dfa036f9aa86b521b2c31a82eec5eb5d9001c66b4a3f73be6a7b4,2021-03,South Yorkshire Police,South Yorkshire Police,,,No location,,,Investigation complete; no suspect identified
c9b75251152fd7938779cff0e09318b44c561ac9f17e55f41daac3fc80fbbf27,2021-03,South Yorkshire Police,South Yorkshire Police,-1.493504,53.472754,On or near SHERINGHAM CLOSE,E01007892,Sheffield 003B,Investigation complete; no suspect identified
3311ab1496747a628150e6f1bbf7d40676e34ea0433aaf4717bd0b0788ae8b26,2021-03,South Yorkshire Police,South Yorkshire Police,-1.469604,53.409101,On or near MUSGRAVE DRIVE,E01007943,Sheffield 019C,Unable to prosecute suspect
a6962021172b8890106d5c8e3733507f53bb26d52a874a421ba5c47dace59686,2021-03,South Yorkshire Police,South Yorkshire Police,-1.319753,53.369861,On or near WESTCOTT MEWS,E01007667,Rotherham 030A,Unable to prosecute suspect
001af6770be3f9ad2941b2c36bd471a4f17352eeaeedb30045fe046354b3861c,2021-03,South Yorkshire Police,South Yorkshire Police,-1.058947,53.530554,On or near PASTURE CLOSE,E01007483,Doncaster 017A,Investigation complete; no suspect identified
175458dec16bdb918ba0f3ce08e4ebd7c13e99e43be3e202f9c2ffceacdf415b,2021-03,South Yorkshire Police,South Yorkshire Police,,,No location,,,Investigation complete; no suspect identified
6eb6f1cb744547708a0350735277c4bc0e2b1b6e004d930557113287f387d1b1,2021-03,South Yorkshire Police,South Yorkshire Police,-1.349528,53.360867,On or near RYAN DRIVE,E01007974,Sheffield 044D,Investigation complete; no suspect identified
747eb15f1a1e3b9a5deedd9cf14a5ded45859f7259625698611954a9579e94b6,2021-03,South Yorkshire Police,South Yorkshire Police,-1.307915,53.533512,On or near BARNSLEY ROAD,E01007376,Barnsley 022D,Investigation complete; no suspect identified
3f2bb19ae0bea5468d70938503093151bffde124036f09f75d32f2f48713fd47,2021-03,South Yorkshire Police,South Yorkshire Police,-0.955275,53.603977,On or near SOUTHFIELD CLOSE,E01007642,Doncaster 003G,Investigation complete; no suspect identified
bab4ab9a2ca67caf1ca82601ea65a8c0f0099bad26a2a81eea70942496433e69,2021-03,South Yorkshire Police,South Yorkshire Police,-1.466908,53.353988,On or near ARGYLE CLOSE,E01007980,Sheffield 053B,Investigation complete; no suspect identified
68d8e5367c05237a1c88050a67f517c1897274408997afe3b5f18d409b7cd0b9,2021-03,South Yorkshire Police,South Yorkshire Police,-1.425159,53.365012,On or near FRETSON ROAD SOUTH,E01008013,Sheffield 039C,Unable to prosecute suspect
53b316a35a54dbf1de62c317713db5388dd9ec54ca433d84b93d0b8f846a68ee,2021-03,South Yorkshire Police,South Yorkshire Police,-1.422442,53.413709,On or near TIPTON STREET,E01007854,Sheffield 014E,Investigation complete; no suspect identified
1557181ddaeae8832f066ab5f439e8c0e9dc243acae2ef6271dba52cce95ff5f,2021-03,South Yorkshire Police,South Yorkshire Police,-1.425825,53.505391,On or near ALLOTT CRESCENT,E01007457,Barnsley 029E,Investigation complete; no suspect identified
979c53063e2faf8453497cc0b2652eef7ba22b0e9280d3bcc8f2ae3322e0b827,2021-03,South Yorkshire Police,South Yorkshire Police,-1.475721,53.386279,On or near CROSS SMITHFIELD,E01033263,Sheffield 073C,Investigation complete; no suspect identified
ecaf7c8d51be89acf8702381e6b3d282ed53df5a2824f2272bdb0909db8ae034,2021-03,South Yorkshire Police,South Yorkshire Police,-1.379177,53.451622,On or near LOY CLOSE,E01007730,Rotherham 009C,Investigation complete; no suspect identified
aac29cd77b294e6af794afaf1da7c535c1cfafa5bbacbcaa5aa8c87c9c963bf8,2021-03,South Yorkshire Police,South Yorkshire Police,-1.399627,53.523096,On or near HIGH STREET,E01007448,Barnsley 023B,Investigation complete; no suspect identified
de50e8a5274529207332bcb2919ef14ee1fa24ed85b00756fe002770cbbffe5a,2021-03,South Yorkshire Police,South Yorkshire Police,-1.468978,53.389305,On or near Theatre/Concert Hall,E01033270,Sheffield 022H,Investigation complete; no suspect identified
09f88ef7a0bd111bef09e23d4f53c919eca10dc064f528e4b5de7b83e10367ed,2021-03,South Yorkshire Police,South Yorkshire Police,-1.314383,53.548767,On or near THORNWOOD COURT,E01007372,Barnsley 014A,Investigation complete; no suspect identified
e82d93fbe89522f6a216a7090c27378e33bea191c26cecda05cf3fa64ac31acd,2021-03,South Yorkshire Police,South Yorkshire Police,-1.378761,53.583293,On or near MOUNT PLEASANT,E01007328,Barnsley 006A,Investigation complete; no suspect identified
59bc5abe6880d73fbbd0982574e22e0a6f3d5d2c4b5f4f4f2c379773fd8e16a4,2021-03,South Yorkshire Police,South Yorkshire Police,-1.373243,53.433326,On or near Supermarket,E01007716,Rotherham 016B,Further investigation is not in the public interest
a175243d310e93e5dca02e275f6fcaafee4780dee309c205c351b739cfab9a6f,2021-03,South Yorkshire Police,South Yorkshire Police,-1.479877,53.389461,On or near ST PHILIP'S LANE,E01033263,Sheffield 073C,Investigation complete; no suspect identified
948a2a753920fa0347d6f86172e7e4d8c309ac598d862e5df92172a659b0190d,2021-03,South Yorkshire Police,South Yorkshire Police,-1.364440,53.388750,On or near ORGREAVE ROAD,E01007699,Rotherham 027B,Unable to prosecute suspect
d4d37a1ec91d4d710a324ac466af5cad10f9330b82a141e27b8b9baac38aa69b,2021-03,South Yorkshire Police,South Yorkshire Police,-1.255261,53.390564,On or near SAWN MOOR ROAD,E01007810,Rotherham 026C,Investigation complete; no suspect identified
b2cd98a0553ae8d3c08b8d5e8d5537b4e534cad4c1879d156c4d130d41b8f18b,2021-03,South Yorkshire Police,South Yorkshire Police,-1.518199,53.565662,On or near CLAYCLIFFE AVENUE,E01007387,Barnsley 012D,Investigation complete; no suspect identified
96e022d295d648a7c915c6a38400dca6b0c35e84a3dcd358378dbb68e63e5367,2021-03,South Yorkshire Police,South Yorkshire Police,-1.224031,53.423543,On or near BEECH CLOSE,E01007761,Rotherham 018E,Unable to prosecute suspect
41777c22a3a8ff3072e654b5c6b295f0276bd68e788932ec1681ffb64cbdb9f5,2021-03,South Yorkshire Police,South Yorkshire Police,-1.579449,53.491424,On or near GREEN MOOR ROAD,E01007422,Barnsley 027B,Unable to prosecute suspect
f0a995bc927a001050be6673e1c4415d681c0e1ce53481e59642374ac2ca4712,2021-03,South Yorkshire Police,South Yorkshire Police,-1.090097,53.527919,On or near MALVERN ROAD,E01007569,Doncaster 018F,Investigation complete; no suspect identified
bb96e1f2a8761a0c2f861895fa8dd5695f27c1a83ec09fb89fc1f1305e403c54,2021-03,South Yorkshire Police,South Yorkshire Police,-1.714851,53.532918,On or near MIDDLECLIFFE DRIVE,E01007426,Barnsley 027D,Investigation complete; no suspect identified
e03f22b68611b8b08e5ccf76b839e38e261da24644fee7e688dbac98ca5b87fd,2021-03,South Yorkshire Police,South Yorkshire Police,-1.497385,53.471979,On or near POTTERS GATE,E01007892,Sheffield 003B,Suspect charged
68b29baa3863f1643ce004c386428e986d9bd41f91f4666f1d6d8c2be0b90c6e,2021-03,South Yorkshire Police,South Yorkshire Police,-1.492630,53.473982,On or near MILGROVE CRESCENT,E01007900,Sheffield 003F,Suspect charged
910a8307dbb863241d3a01eccae670f3b64cfc9b0d014185aa5e6cdb5649eedd,2021-03,South Yorkshire Police,South Yorkshire Police,-1.493504,53.472754,On or near SHERINGHAM CLOSE,E01007892,Sheffield 003B,Suspect charged
3c44e2350ab589b9f030a8c0d073dd95984255a1cbaa13313cce1be5e71afd4a,2021-03,South Yorkshire Police,South Yorkshire Police,-1.475943,53.389066,On or near DUN STREET,E01033263,Sheffield 073C,Investigation complete; no suspect identified
30471aa7d8f6fd3421f90c656d7356928781d85802df2b2cfc395b0deea606b9,2021-03,South Yorkshire Police,South Yorkshire Police,-1.343365,53.343368,On or near SOTHALL MEWS,E01008032,Sheffield 056C,Investigation complete; no suspect identified
b2e32a07294efe3e83b365186929f150d631e33f466f7b285f7b8228f609da8f,2021-03,South Yorkshire Police,South Yorkshire Police,-1.485750,53.498536,On or near LIDGETT LANE,E01007424,Barnsley 028E,Offender given a caution
387aec9f978e9cba668bb601852d7c5335ed68e461b91329dc7139052134845c,2021-03,South Yorkshire Police,South Yorkshire Police,-1.463978,53.570564,On or near BELMONT AVENUE,E01032550,Barnsley 010G,Unable to prosecute suspect
6572d58a3ca60b302148bee19f1b1210018d07546378028515243c1a7b58b7d5,2021-03,South Yorkshire Police,South Yorkshire Police,-1.365314,53.430021,On or near Pedestrian Subway,E01007714,Rotherham 017B,Unable to prosecute suspect
e238ae30d83013ebf4bcd0aafaade83b48b46ff64d610b0310d879b488e575b1,2021-03,South Yorkshire Police,South Yorkshire Police,-1.319417,53.443710,On or near Supermarket,E01007737,Rotherham 013C,Suspect charged
73c427378bea6bfd9c92905359d2de24251d49390a90a388073230b7b9fbf056,2021-03,South Yorkshire Police,South Yorkshire Police,-1.241271,53.430647,On or near BRAMLEY WAY,E01007685,Rotherham 018A,Investigation complete; no suspect identified
3e0ead7b31865087426cbb0441bd84937b1c043f44994e4be03578820e16276e,2021-03,South Yorkshire Police,South Yorkshire Police,,,No location,,,Suspect charged
fc085ff6731b3a3fba661454b4816aa96cfc887df6eba1ac2eff8d5da128d5cd,2021-03,South Yorkshire Police,South Yorkshire Police,-1.414067,53.356320,On or near CADMAN ROAD,E01008001,Sheffield 052B,Unable to prosecute suspect
1ebeb0f81738aa8aefc6f1ef09b6805e65fd3e0d405d0d23243476d26762ea03,2021-03,South Yorkshire Police,South Yorkshire Police,-1.440477,53.373786,On or near SWIFT WAY,E01007881,Sheffield 075C,Investigation complete; no suspect identified
6835a16521bee40b70eaf85d07d778e8173a21e001f195bf5bddbf606b346650,2021-03,South Yorkshire Police,South Yorkshire Police,-1.482856,53.373213,On or near Petrol Station,E01033272,Sheffield 040F,Suspect charged
999a1d085b111e420f99e1a50d45b2cdaec0800639c8dd38136d1590b77714d0,2021-03,South Yorkshire Police,South Yorkshire Police,-1.497385,53.471979,On or near POTTERS GATE,E01007892,Sheffield 003B,Suspect charged
2193e69220e1512a2d26681ce64d75713c8bed85de8953c7a1e8e0f3831e1e30,2021-03,South Yorkshire Police,South Yorkshire Police,-1.475338,53.544584,On or near DILLINGTON ROAD,E01007414,Barnsley 017D,Investigation complete; no suspect identified
90d37ed65776b9ae341fcf65029bbd7e4f589066d7ab6a5e4ca17769da9d2501,2021-03,South Yorkshire Police,South Yorkshire Police,-1.452637,53.355020,On or near CALLOW MOUNT,E01007977,Sheffield 051C,Unable to prosecute suspect
a97014a349611dc3f93c3dc29c3e06dfef322e094b519bcdd6248081eedc0a34,2021-03,South Yorkshire Police,South Yorkshire Police,,,No location,,,Unable to prosecute suspect
b820444dfd30368061d76d8ec07993e5e29da3fd7ab3bc9926f653e8ac113a57,2021-03,South Yorkshire Police,South Yorkshire Police,-1.091343,53.535245,On or near DANESTHORPE CLOSE,E01007650,Doncaster 015B,Unable to prosecute suspect
eb94d01c962d91552a0327cbfa6d2761f66389bdf486fb7ea403740b31d8a9f9,2021-03,South Yorkshire Police,South Yorkshire Police,-1.486198,53.377731,On or near BRUNSWICK STREET,E01008115,Sheffield 074B,Investigation complete; no suspect identified
ccb6a3332b36dd3c3bfc18856d7f44724e09c121db900b1e5528cae053119da9,2021-03,South Yorkshire Police,South Yorkshire Police,-1.390998,53.343081,On or near WEAKLAND DRIVE,E01033278,Sheffield 076E,Unable to prosecute suspect
bbab16cec15ff0046868bc3e35508b9fcaccdda843ada0cf4ace7fe8279f7525,2021-03,South Yorkshire Police,South Yorkshire Police,-1.199999,53.566951,On or near HAROLD AVENUE,E01007466,Doncaster 009C,Investigation complete; no suspect identified
5921e06560fb8e241e20562c3ce27355b3629ff7d87d326fc4a1acf4613bb0be,2021-03,South Yorkshire Police,South Yorkshire Police,-0.953251,53.608786,On or near HAYNES GROVE,E01007638,Doncaster 003C,Unable to prosecute suspect
3723c9b1deecd7025c61a3bd35fee63726c182069d5ba5e2a9633a866b9a9e5a,2021-03,South Yorkshire Police,South Yorkshire Police,-1.444627,53.554944,On or near CHERRYS ROAD,E01007405,Barnsley 011D,Investigation complete; no suspect identified
9a9806415ba4e11b4a726fa19284d16a01a4ac57a852654bff0937a5ba44f273,2021-03,South Yorkshire Police,South Yorkshire Police,-1.421670,53.336312,On or near STONELEY CLOSE,E01007836,Sheffield 062B,Investigation complete; no suspect identified
f396743725714164228cce0894e652e18573473bd65470da9dd9dea2d9fe0687,2021-03,South Yorkshire Police,South Yorkshire Police,-1.132540,53.518670,On or near COLLEGE ROAD,E01007645,Doncaster 022E,Offender given a caution
28d854559778b98119381262a783bcbb868d5bcf98856d80abd6b08c6ea6aa9e,2021-03,South Yorkshire Police,South Yorkshire Police,-1.492814,53.319377,On or near BOLAND ROAD,E01007917,Sheffield 071B,Unable to prosecute suspect
38ea639b3383722a75d449466becf69f431f1db9bf145f093cd9f242b48c5193,2021-03,South Yorkshire Police,South Yorkshire Police,-1.349693,53.472364,On or near WOOD CLOSE,E01007781,Rotherham 005D,Further action is not in the public interest
8656fe5ef43bdae2e65e301d27aed43db16dfaed2fc4b732c9c93259dd18e586,2021-03,South Yorkshire Police,South Yorkshire Police,-1.481526,53.420820,On or near KYLE CRESCENT,E01008124,Sheffield 012F,Investigation complete; no suspect identified
f711e07226076c9213de1896c3bd598ca28a5fbc5a365aa74134710b70cc610c,2021-03,South Yorkshire Police,South Yorkshire Police,-1.126506,53.526060,On or near BROXHOLME LANE,E01007648,Doncaster 019D,Unable to prosecute suspect
7adbc45a16c80b87665db90d2432975df151b253d5b5c9f29fd710b6efe888ef,2021-03,South Yorkshire Police,South Yorkshire Police,-1.477319,53.557697,On or near HONEYWELL STREET,E01007336,Barnsley 013A,Investigation complete; no suspect identified
2eb63aa6c266d2e53d1b180501e67d2069bded606597f1d5188f4f59b03a5f2b,2021-03,South Yorkshire Police,South Yorkshire Police,-1.428141,53.366762,On or near BASSLEDENE ROAD,E01008012,Sheffield 039B,Suspect charged
fa88f297c14bbcaca31cbc62320d8f3f711d054e8e76c2ed12e9387b0dbe34ad,2021-03,South Yorkshire Police,South Yorkshire Police,-1.531146,53.320074,On or near KING ECGBERT ROAD,E01007923,Sheffield 068C,Further action is not in the public interest
4a169ccb71f866eca62bd26cee6a8e004529408d15c74330fe50dbfb6672a382,2021-03,South Yorkshire Police,South Yorkshire Police,-1.256465,53.487092,On or near SKIPTON CLOSE,E01007543,Doncaster 032C,Unable to prosecute suspect
2de9a5e6cb56212e9e5a2286b3053faef3be3f9c8154afeb34057c7ea738a160,2021-03,South Yorkshire Police,South Yorkshire Police,-1.493987,53.546102,On or near RALEY STREET,E01007445,Barnsley 013G,Unable to prosecute suspect
9c71b6121d849cb34b34c65f9eb81998a238ae624686b7a7f2f1e28cacbd02ee,2021-03,South Yorkshire Police,South Yorkshire Police,-1.473454,53.549240,On or near DONCASTER ROAD,E01007338,Barnsley 017A,Suspect charged
da8cd0d682b6189a8f3576f86aa7b3252b5e1ad9ac93ecc0f11a4ff61efa8dc6,2021-03,South Yorkshire Police,South Yorkshire Police,-1.481526,53.420820,On or near KYLE CRESCENT,E01008124,Sheffield 012F,Action to be taken by another organisation
d1295377a5dc3241af40aef4fd11d28b5cb57997a8a82e31fcc9ad18eae8b928,2021-03,South Yorkshire Police,South Yorkshire Police,-1.325862,53.421743,On or near SHENSTONE DRIVE,E01007708,Rotherham 021A,Investigation complete; no suspect identified
e5cd8d2e97a05ac4acb1c698d1991f0134cfe660446e0c46f026ad0803f53506,2021-03,South Yorkshire Police,South Yorkshire Police,-1.165169,53.550597,On or near RADCLIFFE LANE,E01007518,Doncaster 012D,Investigation complete; no suspect identified
735dbe86477b5147f6ef6f80bc06da1551ba124ca8ca8b8dd6329709e41641b3,2021-03,South Yorkshire Police,South Yorkshire Police,-1.428958,53.361849,On or near QUEEN MARY MEWS,E01008013,Sheffield 039C,Suspect charged
d32a8620db4b17002a49227fc76f87e059f65f0aa64c60336305b51d46282ff8,2021-03,South Yorkshire Police,South Yorkshire Police,-1.344324,53.451184,On or near BROAD STREET,E01007784,Rotherham 008D,Suspect charged
2b1e70959f6c325bcd72f86a4f421c12870242800f451091f17515c692854ca5,2021-03,South Yorkshire Police,South Yorkshire Police,-1.344324,53.451184,On or near BROAD STREET,E01007784,Rotherham 008D,Suspect charged
2a90a7e0b007250831956c83b1c03b05b51bda686a023d7b523f238ade59a895,2021-03,South Yorkshire Police,South Yorkshire Police,,,No location,,,Suspect charged
5ecbc15d793c6611818b7e23ae10bac899d7368f0e18df7794e791137e3fd40c,2021-03,South Yorkshire Police,South Yorkshire Police,-1.151702,53.531176,On or near Petrol Station,E01007584,Doncaster 021A,Suspect charged
6ebef2cf48e50fbd0d212a5fb85c660efad5fb82a0c1bf79d4840b0d75ad470a,2021-03,South Yorkshire Police,South Yorkshire Police,-1.428141,53.366762,On or near BASSLEDENE ROAD,E01008012,Sheffield 039B,Unable to prosecute suspect
13ef1bc2fcca7e6f5f05ba5488cc67449e8193c0988b6fd8cd28ecd6daf8ec32,2021-03,South Yorkshire Police,South Yorkshire Police,-1.117074,53.536409,On or near LIVERPOOL AVENUE,E01007651,Doncaster 015C,Investigation complete; no suspect identified
65fc5fffa998ec858aedb291092bcc6cd96a7166482b702ba821e34877044661,2021-03,South Yorkshire Police,South Yorkshire Police,-1.257129,53.422333,On or near Parking Area,E01007684,Rotherham 022A,Investigation complete; no suspect identified
25dd265a3169022d3f4edb9a8849a09c3b2327142430d6fb39a139f9f527a2b1,2021-03,South Yorkshire Police,South Yorkshire Police,-1.135114,53.518186,On or near MILTON WALK,E01007532,Doncaster 023B,Investigation complete; no suspect identified
e653725ce0b707609a1417b257691c23f85c894a5063392e55ed0b2aa0ed7ef9,2021-03,South Yorkshire Police,South Yorkshire Police,-1.494522,53.418674,On or near BINSTED CLOSE,E01008088,Sheffield 012B,Unable to prosecute suspect
6c8b531af8c27886e049c28289415da3c2405313801f53615a5a376f02cd6cd1,2021-03,South Yorkshire Police,South Yorkshire Police,-1.191257,53.417914,On or near GAITSKELL CLOSE,E01007764,Rotherham 020F,Unable to prosecute suspect
a9c74032b9cd3a4adbacf13ca5603ba6f338c97181f7c68b0f4fff796a885957,2021-03,South Yorkshire Police,South Yorkshire Police,-1.069920,53.437993,On or near Parking Area,E01007614,Doncaster 039C,Investigation complete; no suspect identified
8f712094ce60bf3f9fc2584650aa072bb79c3855b3aefcbe6ab0986d1e7361f4,2021-03,South Yorkshire Police,South Yorkshire Police,-1.324683,53.423012,On or near DUKES PLACE,E01007708,Rotherham 021A,Investigation complete; no suspect identified
34711f6725caa8725b96daec239db74e2751a37d9d6294db2e684b74608bf8df,2021-03,South Yorkshire Police,South Yorkshire Police,-1.300661,53.535160,On or near MAIN STREET,E01007376,Barnsley 022D,Investigation complete; no suspect identified
8c232d07a304f100cc7298087bd52d8648e5fb8bddafb4beccb7edd8dcc81aab,2021-03,South Yorkshire Police,South Yorkshire Police,-1.459117,53.377225,On or near CLAYWOOD DRIVE,E01007879,Sheffield 075B,Investigation complete; no suspect identified
c6dcd992f8a0c0563483aaeede3272e4823df961d6f82d68720591c766d15779,2021-03,South Yorkshire Police,South Yorkshire Police,-1.138324,53.494551,On or near ADDY CLOSE,E01007502,Doncaster 028C,Investigation complete; no suspect identified
871b11b806b09c45f4eb898df05af0659c19d8561a76f7f462ffd878f75645ab,2021-03,South Yorkshire Police,South Yorkshire Police,-1.458638,53.413798,On or near LONGLEY HALL WAY,E01007947,Sheffield 013C,Unable to prosecute suspect
0da5770a3738b24bdab194d670bd20de0875d2189c67a5fc95a631c64bdd0fde,2021-03,South Yorkshire Police,South Yorkshire Police,-1.447920,53.496731,On or near SHAFTESBURY DRIVE,E01007391,Barnsley 030C,Unable to prosecute suspect
18aa7d7fe4abd8cdfde5804c98bf70a1276c9259c813a810aac02763224698d3,2021-03,South Yorkshire Police,South Yorkshire Police,-1.447920,53.496731,On or near SHAFTESBURY DRIVE,E01007391,Barnsley 030C,Unable to prosecute suspect
12b07e883e31ffaf4fd6a52f95911a86c53713b446c69e95f4d9603ede10fc52,2021-03,South Yorkshire Police,South Yorkshire Police,-1.449522,53.340273,On or near Supermarket,E01008077,Sheffield 060D,Unable to prosecute suspect
b16b2b3e3f219a268b4165eb48d1936ca2129ee7e7fc6d6e15e916d513a4f9d5,2021-03,South Yorkshire Police,South Yorkshire Police,-1.050905,53.539390,On or near HAWKSLEY COURT,E01007482,Doncaster 014D,Suspect charged
f6b798dd8454e7df82b3fdee08a6840e00a5c589b43b4e6e989553705fe15991,2021-03,South Yorkshire Police,South Yorkshire Police,-1.407383,53.525076,On or near PRINCESS STREET,E01007448,Barnsley 023B,Unable to prosecute suspect
c8d98ed227813be320891a56e416129147e8d1496eef1a26a18b530ca584c20d,2021-03,South Yorkshire Police,South Yorkshire Police,-1.500498,53.564798,On or near HUDDERSFIELD ROAD,E01007381,Barnsley 012C,Investigation complete; no suspect identified
b15edcf322116914facd16a97e478c4064b3058a4445b888a1990a48f6d45638,2021-03,South Yorkshire Police,South Yorkshire Police,-1.473630,53.544792,On or near COPE STREET,E01007338,Barnsley 017A,Investigation complete; no suspect identified
8a8433910bb810410b66f6bfe5d1024e2ddb0ea00a23e8a35ecdd1152c3ebd53,2021-03,South Yorkshire Police,South Yorkshire Police,-1.304375,53.357988,On or near FINCH RISE,E01007670,Rotherham 030D,Unable to prosecute suspect
82ab7b649f585b8086f6bd8d41b23863eec46d8231cb16d3a77b4b99b3e8e508,2021-03,South Yorkshire Police,South Yorkshire Police,-1.424811,53.412013,On or near LIMPSFIELD ROAD,E01007854,Sheffield 014E,Investigation complete; no suspect identified
e82416d27c9b09fdc25374676f3ae26664ede68f26f7e8d69354c6d83722b296,2021-03,South Yorkshire Police,South Yorkshire Police,-1.446461,53.345859,On or near GAUNT WAY,E01008075,Sheffield 060B,Suspect charged
5873b6593f684b337b72355170558aab91f13df2d1eca166fe1cd1d101a3816f,2021-03,South Yorkshire Police,South Yorkshire Police,-1.703110,53.509628,On or near WHAMS ROAD,E01007426,Barnsley 027D,Investigation complete; no suspect identified
37b9d0c50a30b91f109e951df2bf45739bdd3f4ebb5bee191528fc206f4c596f,2021-03,South Yorkshire Police,South Yorkshire Police,-1.257129,53.422333,On or near Parking Area,E01007684,Rotherham 022A,Investigation complete; no suspect identified
cf3a4799dfccf83e7fcd93a4783224a21720a66c7aef23cc4de284cddd1ce2f6,2021-03,South Yorkshire Police,South Yorkshire Police,-1.322602,53.337086,On or near Park/Open Space,E01007750,Rotherham 031D,Investigation complete; no suspect identified
93cc9fbc243c83c779935bf007c36b678089f509bf67aef5ee88ca3a33e91cad,2021-03,South Yorkshire Police,South Yorkshire Police,-1.257129,53.422333,On or near Parking Area,E01007684,Rotherham 022A,Investigation complete; no suspect identified
7b606eb40a88236db88df91570f26545a89814ee3f143552973662a3abe94327,2021-03,South Yorkshire Police,South Yorkshire Police,-1.375171,53.356132,On or near WATER SLACKS CLOSE,E01007970,Sheffield 049D,Investigation complete; no suspect identified
6f42276da39678dd653426a1cc5234b17d4cd1427ec1b1c6f49f0b8ce89e284b,2021-03,South Yorkshire Police,South Yorkshire Police,-1.257129,53.422333,On or near Parking Area,E01007684,Rotherham 022A,Investigation complete; no suspect identified
d800865c906bb057383a84bd618dcdeb32de92e9d6dc527e92649ec407a52dfa,2021-03,South Yorkshire Police,South Yorkshire Police,-1.669413,53.526644,On or near NEW ROYD,E01007426,Barnsley 027D,Investigation complete; no suspect identified
5792b8946717f1dbb6e651959027b76af9d6fe843f60f48585171a856b47433e,2021-03,South Yorkshire Police,South Yorkshire Police,-1.447920,53.496731,On or near SHAFTESBURY DRIVE,E01007391,Barnsley 030C,Suspect charged
27d1f6ffaac9dccebbe7c201fabf7833000b806060f921eb3d8e384967a1e070,2021-03,South Yorkshire Police,South Yorkshire Police,-1.364450,53.343617,On or near HALTON COURT,E01008033,Sheffield 061B,Further investigation is not in the public interest
e0b7033c52f35f8b1c60a1ed33a59a46a81ff236fc9da100b6b33f3bb09aef29,2021-03,South Yorkshire Police,South Yorkshire Police,-1.476453,53.369536,On or near BENNETT STREET,E01008109,Sheffield 042B,Investigation complete; no suspect identified
6147fd1ac5791c3315f6fa1f760cd34f836b1be098e46551da0052ef09e0becf,2021-03,South Yorkshire Police,South Yorkshire Police,-1.439616,53.367230,On or near Petrol Station,E01008097,Sheffield 043C,Investigation complete; no suspect identified
62a9d07cafa3c20f032f210f862669afa13167f012f601055afe5c4766e7d26f,2021-03,South Yorkshire Police,South Yorkshire Police,-1.126138,53.518327,On or near WHITBURN ROAD,E01007645,Doncaster 022E,Unable to prosecute suspect
6fe00d3fbe70ba5745942fcdac9c769c12ca476f9cd3072d17fce6c1b235b94d,2021-03,South Yorkshire Police,South Yorkshire Police,-1.113232,53.506556,On or near Shopping Area,E01007644,Doncaster 019A,Suspect charged
17a2daa8992e2f578645ae50eca37fb14d030f315ac70a835f7b2c164b90b2c0,2021-03,South Yorkshire Police,South Yorkshire Police,-1.471487,53.344498,On or near DERBYSHIRE LANE,E01007830,Sheffield 064B,Local resolution
f7bcf0bb12c30d5edd6344dfa67f033fcbe014f897f2025f9c1dd8eb0ee0f9f7,2021-03,South Yorkshire Police,South Yorkshire Police,-1.437491,53.365449,On or near Sports/Recreation Area,E01008097,Sheffield 043C,Investigation complete; no suspect identified
23e4c6c699443f12cf4a3dbbf83b6d23387699d9def4fae7e228247e01e0c35a,2021-03,South Yorkshire Police,South Yorkshire Police,-1.198954,53.600669,On or near CARDINAL GARDENS,E01007490,Doncaster 002D,Unable to prosecute suspect
54864c5ba093707284ea734945af817c19501b2a52d5e29272880b3e1f20d975,2021-03,South Yorkshire Police,South Yorkshire Police,-1.132915,53.527653,On or near Parking Area,E01007655,Doncaster 022F,Investigation complete; no suspect identified
747ad6edca421cfbebf9a40ab1f2db23f1b87b6afcc95212401b5dda0ad31ce3,2021-03,South Yorkshire Police,South Yorkshire Police,-1.387626,53.513291,On or near DOVE CLOSE,E01007455,Barnsley 026E,Unable to prosecute suspect
54dee1cdded6e75ea8a43c4b5c6645d8a1326d0dbf9515101eeffdcab41f68c8,2021-03,South Yorkshire Police,South Yorkshire Police,-0.945859,53.631903,On or near GAINFORD SQUARE,E01007632,Doncaster 001A,Unable to prosecute suspect
150751a3a6f6898f08421202284538957bb0163fd1922ddb9623eb88bd9217ff,2021-03,South Yorkshire Police,South Yorkshire Police,-1.414599,53.578287,On or near NEW ROAD COURT,E01007345,Barnsley 008B,Investigation complete; no suspect identified
7fa0775ad7ce877a7f5ee9496d1bf7ef8337e78733d84e8b6e18318385f2477d,2021-03,South Yorkshire Police,South Yorkshire Police,-1.351387,53.500543,On or near FLEMING SQUARE,E01007822,Rotherham 002F,Unable to prosecute suspect
f1a0f97ea56d995760e5873e14c61aec8f07ee62b1a2fa9da9c87f5656c72649,2021-03,South Yorkshire Police,South Yorkshire Police,-1.469604,53.409101,On or near MUSGRAVE DRIVE,E01007943,Sheffield 019C,Unable to prosecute suspect
b7111b2c0adbc63add0629bfe338dff11ad000fc4603091820b16148aabe7f80,2021-03,South Yorkshire Police,South Yorkshire Police,-1.367965,53.433964,On or near WALTER STREET,E01007716,Rotherham 016B,Local resolution
5d45bb7c0cbe1e4bb99ad08cc65b5d85c0f5d962135d62b38edb6725e2d7686d,2021-03,South Yorkshire Police,South Yorkshire Police,-1.352997,53.386765,On or near WORRAL AVENUE,E01007701,Rotherham 027D,Unable to prosecute suspect
b0f9e76cde89edc0c0a7a9af2e18547ed4531bd2192f892eea930bd10227b89f,2021-03,South Yorkshire Police,South Yorkshire Police,-1.424928,53.366521,On or near MELVILLE DRIVE,E01008013,Sheffield 039C,Investigation complete; no suspect identified
d879a3848e2b7c88df642a21abbddeda1b18804281a56a2286bb703119e34ea2,2021-03,South Yorkshire Police,South Yorkshire Police,-1.452637,53.355020,On or near CALLOW MOUNT,E01007977,Sheffield 051C,Investigation complete; no suspect identified
0056261432236f826d42bd97f87f5007f6b7aa45f8f9816ea64fdf67ced6befb,2021-03,South Yorkshire Police,South Yorkshire Police,-1.346829,53.428277,On or near PARK MOUNT,E01007767,Rotherham 017C,Unable to prosecute suspect
688d77af346ca6a7e1c47173cbfbb6c574af271013d880e58f55421c744dba98,2021-03,South Yorkshire Police,South Yorkshire Police,-1.440376,53.553369,On or near GRANGE LANE,E01007403,Barnsley 011C,Unable to prosecute suspect
3e78bf1e3ed6e9f110bd7d497a6c7749f511bd4cf543edb937c8364e5faa5703,2021-03,South Yorkshire Police,South Yorkshire Police,-1.473533,53.461324,On or near GREENHEAD GARDENS,E01007895,Sheffield 004F,Unable to prosecute suspect
8f5e4c69ea74b59688a3658224be29a26a9632743ca88082c4a170c814fe9f35,2021-03,South Yorkshire Police,South Yorkshire Police,-1.412519,53.394659,On or near PALMER ROAD,E01007902,Sheffield 027B,Local resolution
5bfa58522214bf2aa182599a849587347f20b379cdc4cebc23811b081635c4c5,2021-03,South Yorkshire Police,South Yorkshire Police,-1.473533,53.461324,On or near GREENHEAD GARDENS,E01007895,Sheffield 004F,Unable to prosecute suspect
739a3d71b0c858d68615ad706aa09a76c49300b2ff10beb143821f2bc48a9ba6,2021-03,South Yorkshire Police,South Yorkshire Police,-1.300174,53.550096,On or near LANCASTER STREET,E01007373,Barnsley 014B,Unable to prosecute suspect
642e6f67c1e2f5ad4fde538857ad8d0192f8e711913796f935c09707ed3bb4e0,2021-03,South Yorkshire Police,South Yorkshire Police,-1.217641,53.483887,On or near Petrol Station,E01007620,Doncaster 020D,Investigation complete; no suspect identified
227c7d3d04a05729262e1b085df4109f43386b34601447cca8d1c6a67efda388,2021-03,South Yorkshire Police,South Yorkshire Police,-1.372033,53.533722,On or near CHURCH STREET,E01007353,Barnsley 020F,Investigation complete; no suspect identified
84f6ed5048393ae5784f1f01a50396ecb8451ce328bbfe2160faa9bb082b7726,2021-03,South Yorkshire Police,South Yorkshire Police,-1.421475,53.394037,On or near DOCTOR LANE,E01007904,Sheffield 018B,Investigation complete; no suspect identified
8a663741e462c8c7b89669c1c882d25b4079822728c553a51b4d6afcdbb8dcf4,2021-03,South Yorkshire Police,South Yorkshire Police,-1.135456,53.524345,On or near Shopping Area,E01007655,Doncaster 022F,Suspect charged
df3606e71bc8cf5e97a3be99bea4bd1705da1bfca35f058270479b1fa86f72a8,2021-03,South Yorkshire Police,South Yorkshire Police,-1.138561,53.614434,On or near NORBRECK ROAD,E01007492,Doncaster 002F,Investigation complete; no suspect identified
51565d491e690b213405de1a0690183891e1a1e9034cb56592b372083f0eab23,2021-03,South Yorkshire Police,South Yorkshire Police,-1.437386,53.359704,On or near Supermarket,E01008102,Sheffield 048C,Investigation complete; no suspect identified
048214a6f2b0741c41a70b94fd53a7978bdfb138fc573e71a27921e258a262e8,2021-03,South Yorkshire Police,South Yorkshire Police,-1.532775,53.584263,On or near WELLS STREET,E01007386,Barnsley 005E,Investigation complete; no suspect identified
5aff638fc6982341ab29b3928ce83f8059902c776f3440a7269ac106748038de,2021-03,South Yorkshire Police,South Yorkshire Police,-1.454931,53.597713,On or near NEW STREET,E01007434,Barnsley 001A,Unable to prosecute suspect
8c8b704567dd53182ca1ec860a7f691b6aa63a42d82619ccc2ac191c534ef652,2021-03,South Yorkshire Police,South Yorkshire Police,-1.463184,53.383769,On or near DIXON LANE,E01033268,Sheffield 075G,Investigation complete; no suspect identified
ac0cd2f9d50660a5ed3f8573ea6277ae6807eb1e1530035d27952e7a77ac1dd7,2021-03,South Yorkshire Police,South Yorkshire Police,-1.221298,53.422410,On or near CHERRY TREE ROAD,E01007761,Rotherham 018E,Unable to prosecute suspect
e8f917de0798820fdd049b66ab7acdc2cffa610409130b51a338473ae383a457,2021-03,South Yorkshire Police,South Yorkshire Police,-1.475445,53.414897,On or near SOUTHEY RISE,E01007950,Sheffield 015D,Unable to prosecute suspect
7c5a0e9df64ee3476d294d24581413f3b1eba8c56bc52054773bf3b1a1f9382c,2021-03,South Yorkshire Police,South Yorkshire Police,-1.349123,53.339067,On or near BECKTON GROVE,E01008037,Sheffield 065E,Local resolution
1e5fe86497f940bc17ad349ef8eec718bd6c48be96105d12179ad442ec471f97,2021-03,South Yorkshire Police,South Yorkshire Police,-1.045921,53.542226,On or near MERCEL AVENUE,E01007479,Doncaster 014A,Investigation complete; no suspect identified
ce343b0552d3abbeda36f3525d05c04a1c18f75c6b1cbaa7849562f1b7a39103,2021-03,South Yorkshire Police,South Yorkshire Police,-1.585115,53.477637,On or near BROOMFIELD COURT,E01008142,Sheffield 002A,Investigation complete; no suspect identified
cdad9fed56a8938c3a72c87cb4174b000eea5560704bef26e04c21ab465fa25c,2021-03,South Yorkshire Police,South Yorkshire Police,-1.045921,53.542226,On or near MERCEL AVENUE,E01007479,Doncaster 014A,Investigation complete; no suspect identified
1f5fa62c5d948bcbc54c63b86ecba4482c2ab20155afe2882cb542fa416de339,2021-03,South Yorkshire Police,South Yorkshire Police,-1.468439,53.396359,On or near PITSMOOR ROAD,E01007870,Sheffield 019A,Further investigation is not in the public interest
ad7b9d0450d0d3a39160e9606c4d1526c0847d3502fe9a9cf8cd86698723b2eb,2021-03,South Yorkshire Police,South Yorkshire Police,-1.475445,53.414897,On or near SOUTHEY RISE,E01007950,Sheffield 015D,Unable to prosecute suspect
8596ab47a9b26e044e61f5820c246dc6fca7970008b35c8b0ea5baff3e37d661,2021-03,South Yorkshire Police,South Yorkshire Police,-1.139260,53.523483,On or near Parking Area,E01007529,Doncaster 022A,Investigation complete; no suspect identified
15eb216b46847f94699db9137027c872060d6ee6631f81156529a6e54c5ec87d,2021-03,South Yorkshire Police,South Yorkshire Police,-1.462566,53.393447,On or near RICHMOND STREET,E01007875,Sheffield 022B,Investigation complete; no suspect identified
2136a4111a88f086cea51037e05e9bf174c38d15899e7de621de61a4966e3553,2021-03,South Yorkshire Police,South Yorkshire Police,-1.379276,53.424198,On or near CENTURION STREET,E01007718,Rotherham 016D,Investigation complete; no suspect identified
8a60373f2357e0f2dbebc2a108fabee53ccba2abfe3467d97b528dee14d7a733,2021-03,South Yorkshire Police,South Yorkshire Police,-1.152102,53.515665,On or near SHIRLEY ROAD,E01007531,Doncaster 022C,Investigation complete; no suspect identified
2c49eba129fc327a823c1745543514068f618fd3b9e4dcc3e2d9024c92f07d21,2021-03,South Yorkshire Police,South Yorkshire Police,-1.461029,53.426968,On or near DRUMMOND ROAD,E01033277,Sheffield 011E,Unable to prosecute suspect
a4b807e2c0b2456e457c3d4f347ce961cbc31c3f1104786c7e6dd9ea557937e8,2021-03,South Yorkshire Police,South Yorkshire Police,-1.480885,53.367146,On or near SMEATON STREET,E01008105,Sheffield 040A,Further action is not in the public interest
7649fe7a1a60f29ffc77e983edd952e341b951a804028bff0be64d2d9c3d1ec3,2021-03,South Yorkshire Police,South Yorkshire Police,-1.478136,53.545288,On or near WARREN QUARRY LANE,E01007338,Barnsley 017A,Investigation complete; no suspect identified
8c6b8db97c03760a7981d42e21037236db771ab00831dc814db1c5c9fd921c61,2021-03,South Yorkshire Police,South Yorkshire Police,-1.384797,53.532674,On or near MARGARET ROAD,E01007352,Barnsley 020E,Local resolution
cd807a65012247103c9d28b2eba5eeabc0200664dacb597d57e97b2694bfa3e9,2021-03,South Yorkshire Police,South Yorkshire Police,-1.533495,53.390986,On or near HALL PARK HILL,E01008133,Sheffield 023E,Investigation complete; no suspect identified
e9135706d9213019e3b0347d41d2dc9f60d0558ffd8f118937a75d2a16485d73,2021-03,South Yorkshire Police,South Yorkshire Police,-1.208834,53.612159,On or near NEW CLOSE LANE,E01007490,Doncaster 002D,Investigation complete; no suspect identified
a67b33d51239ebfb6a6929aa619786dea7805c2e8f1e16c17c3bc8812d6fd979,2021-03,South Yorkshire Police,South Yorkshire Police,-1.451250,53.363562,On or near KENNINGHALL MOUNT,E01008096,Sheffield 043B,Unable to prosecute suspect
42e45cd8452801ada7857897308007d3dab741037fce02bc3b9c4f71bf861813,2021-03,South Yorkshire Police,South Yorkshire Police,-1.071144,53.512969,On or near LEVET ROAD,E01007525,Doncaster 024B,Investigation complete; no suspect identified
8bb3b051a78aa43c39e51a15382d166300b98669e43eb8c9d9e795d083ec4bd5,2021-03,South Yorkshire Police,South Yorkshire Police,-1.482837,53.545866,On or near CASTLE STREET,E01007340,Barnsley 013B,Unable to prosecute suspect
1a7a3ae2cd8bfb3fb1004f01706203b54e55e3298898c757e326f14f72e676eb,2021-03,South Yorkshire Police,South Yorkshire Police,-1.469130,53.327499,On or near Pedestrian Subway,E01008079,Sheffield 064F,Investigation complete; no suspect identified
eeb2d7c5ea2130f87daab88059b7d7cffc7130064a566d6a3ec41e94a62e6484,2021-03,South Yorkshire Police,South Yorkshire Police,-1.426092,53.363821,On or near FAIRLEIGH,E01008013,Sheffield 039C,Unable to prosecute suspect
b7b939c6d17ff1225ad060cf665a7ec88e505c0387f08d8f47402ab7a41a5302,2021-03,South Yorkshire Police,South Yorkshire Police,-1.566065,53.541630,On or near Sports/Recreation Area,E01007420,Barnsley 016C,Investigation complete; no suspect identified
9ebddcaddc6ee38993da1bef9cc74a2ad165a0dddf2647f1c33aa95d27217422,2021-03,South Yorkshire Police,South Yorkshire Police,-1.467371,53.548063,On or near OSBORNE STREET,E01007337,Barnsley 015D,Suspect charged
9ebddcaddc6ee38993da1bef9cc74a2ad165a0dddf2647f1c33aa95d27217422,2021-03,South Yorkshire Police,South Yorkshire Police,-1.467371,53.548063,On or near OSBORNE STREET,E01007337,Barnsley 015D,Suspect charged
0dad891889e9e9b9dad78d8d6006c96f8c3fc272cc4c4561a4fa5dfc01a1fcc7,2021-03,South Yorkshire Police,South Yorkshire Police,-1.194754,53.479726,On or near CARR ROAD,E01007549,Doncaster 034D,Investigation complete; no suspect identified
9f6b78ba708cab9f3608727e1a1f2348a8008ceb29222b0025155897523c5018,2021-03,South Yorkshire Police,South Yorkshire Police,-1.109257,53.530733,On or near Hospital,E01007567,Doncaster 018D,Investigation complete; no suspect identified
1d52d0489c3767d080640f3795c9575ccd117f566302da00db3f79586db07bca,2021-03,South Yorkshire Police,South Yorkshire Police,-1.464280,53.598025,On or near MANOR DRIVE,E01007435,Barnsley 001B,Unable to prosecute suspect
69b2ba19a073d0d0a28894270c63dce851dbd39102ee9ca4e058b2fdd2fcde66,2021-03,South Yorkshire Police,South Yorkshire Police,-1.125170,53.516981,On or near RAINTON ROAD,E01007645,Doncaster 022E,Investigation complete; no suspect identified
7f4a55efddfeae6a2045f5b078559f22211cec5d9252da39466ea3e516f085f8,2021-03,South Yorkshire Police,South Yorkshire Police,-1.467239,53.384111,On or near Parking Area,E01033264,Sheffield 073D,Investigation complete; no suspect identified
701ac0e2ed615e89fbc9b6799e78af434de921b57f6507612ef3df683183a8d3,2021-03,South Yorkshire Police,South Yorkshire Police,-1.326887,53.427348,On or near CAMPBELL DRIVE,E01007734,Rotherham 021F,Unable to prosecute suspect
699ec59e4d15762182e0de6dfb126082de61c9ba9bf2d73642633ab0bd896b6f,2021-03,South Yorkshire Police,South Yorkshire Police,-1.455711,53.440400,On or near Sports/Recreation Area,E01008135,Sheffield 005C,Further action is not in the public interest
32d1a3cab49247e6627e1152fbbd3a285d2eafd91ed4c81fb0c0efa7c10bee6f,2021-03,South Yorkshire Police,South Yorkshire Police,-1.467371,53.548063,On or near OSBORNE STREET,E01007337,Barnsley 015D,Suspect charged
32d1a3cab49247e6627e1152fbbd3a285d2eafd91ed4c81fb0c0efa7c10bee6f,2021-03,South Yorkshire Police,South Yorkshire Police,-1.467371,53.548063,On or near OSBORNE STREET,E01007337,Barnsley 015D,Suspect charged
42650d698132c533b6ff6c43af767b5a88735624256ff098bd77fff6a602ac78,2021-03,South Yorkshire Police,South Yorkshire Police,-1.477035,53.418949,On or near SOUTHEY GREEN ROAD,E01008123,Sheffield 015E,Unable to prosecute suspect
3fe7b8215f5f9836eaeb7abde30274d564a085bbb8803c3addd799be42ccfb90,2021-03,South Yorkshire Police,South Yorkshire Police,-1.156162,53.542839,On or near LAWN GARTH,E01007513,Doncaster 012B,Investigation complete; no suspect identified
ea7877239aa351518ee3ae2be0386205a5b39ea4d415c6f52d68ba03756a4210,2021-03,South Yorkshire Police,South Yorkshire Police,-1.503533,53.395620,On or near PARSONAGE STREET,E01008153,Sheffield 024B,Investigation complete; no suspect identified
417ca98275a0505105926005a790ac979e3e4838fe116946ccd8f248e421779f,2021-03,South Yorkshire Police,South Yorkshire Police,-1.462751,53.562505,On or near TENNYSON ROAD,E01007334,Barnsley 009A,Investigation complete; no suspect identified
494e71414fd98549382772f266f1383945b0b9e2cfeded946c2102f26b81a64b,2021-03,South Yorkshire Police,South Yorkshire Police,-1.442914,53.380611,On or near MALTRAVERS CRESCENT,E01007885,Sheffield 075E,Unable to prosecute suspect
e9ede2c23499381deb6ffd759ddf47cd0c53ba53f42cef4ccd065109152e9d4a,2021-03,South Yorkshire Police,South Yorkshire Police,-1.446417,53.348043,On or near OVEREND WAY,E01008075,Sheffield 060B,Investigation complete; no suspect identified
c5837e605a4d76c87a3b3adbbd62d11a89d5428b492a0a5de07edf7ec6dce056,2021-03,South Yorkshire Police,South Yorkshire Police,-1.153570,53.619763,On or near SELBY ROAD,E01007489,Doncaster 002C,Investigation complete; no suspect identified
3757aa6fa8a342b894fb4a9c707772564d6f88c3069315dfbe1a584db8bf8edf,2021-03,South Yorkshire Police,South Yorkshire Police,-1.465859,53.388590,On or near SPITALFIELDS,E01033270,Sheffield 022H,Investigation complete; no suspect identified
8a718d817300629af059e98f70e5327d7280a9a38d4504fca3d9be1bbae25a1d,2021-03,South Yorkshire Police,South Yorkshire Police,-1.452893,53.373745,On or near GRANVILLE ROAD,E01008095,Sheffield 043A,Investigation complete; no suspect identified
ba2b0bfb4b857e6931bca6b370b6a11c90d2695506d15e3b0cc15eb4b96f7ca0,2021-03,South Yorkshire Police,South Yorkshire Police,-1.136477,53.521647,On or near CHANCERY PLACE,E01007645,Doncaster 022E,Investigation complete; no suspect identified
46398523c8365770ef5ec2bdc8cd5c50291dc86afe0763c97c680239c54dbfb7,2021-03,South Yorkshire Police,South Yorkshire Police,-1.267482,53.501955,On or near ULLSWATER ROAD,E01007580,Doncaster 030D,Investigation complete; no suspect identified
3686e6190595452315490cf636bb82e18246aab8d59966bed0b154db3f451376,2021-03,South Yorkshire Police,South Yorkshire Police,-1.208973,53.368100,On or near LEOPOLD STREET,E01007790,Rotherham 029E,Investigation complete; no suspect identified
0daa4f3d703d565c322cba9cfba5739064e98ef3dc3482f8ad989cf5474f4960,2021-03,South Yorkshire Police,South Yorkshire Police,-1.587613,53.564977,On or near BARK HOUSE LANE,E01007418,Barnsley 016A,Investigation complete; no suspect identified
c43900072cad95bcabef2b4921b334c3cd7cd308337dbf241152c3c1417f5d99,2021-03,South Yorkshire Police,South Yorkshire Police,-1.458879,53.534695,On or near YEWS AVENUE,E01007461,Barnsley 021D,Unable to prosecute suspect
aca54e0a5b628d28242c5d8c12dd1d37dc7efc716958852ccb9ca03e6042f885,2021-03,South Yorkshire Police,South Yorkshire Police,-1.485251,53.428917,On or near WORDSWORTH CLOSE,E01008116,Sheffield 009C,Investigation complete; no suspect identified
8d105053b1abab97a52d8c60496b657cd91025f55c297c67c84b6f2e43e95d21,2021-03,South Yorkshire Police,South Yorkshire Police,-1.489044,53.417536,On or near HALLIWELL CRESCENT,E01008092,Sheffield 012D,Investigation complete; no suspect identified
74227b1d900d8b164d7562ddf1ce114fa27fbaeba6d1fda032ff15e770d5b0cf,2021-03,South Yorkshire Police,South Yorkshire Police,-1.170217,53.537931,On or near Supermarket,E01007589,Doncaster 016D,Investigation complete; no suspect identified
51397a18b201a62bb29e27826e13bad29ec8bad94d8ae414e3e3c2d2ba90e5cd,2021-03,South Yorkshire Police,South Yorkshire Police,-1.465816,53.398073,On or near MINNA ROAD,E01007870,Sheffield 019A,Unable to prosecute suspect
2a5c4bb2c9b1354cc11e8e946e038be48759d23dc3b67221d230358566125286,2021-03,South Yorkshire Police,South Yorkshire Police,-1.302212,53.448123,On or near ROYDS CLOSE CRESCENT,E01007719,Rotherham 010A,Unable to prosecute suspect
f47d3def3cdf6b4222d74b604ff4a60fead5d480314b5a791516d2e74ae18270,2021-03,South Yorkshire Police,South Yorkshire Police,-1.252411,53.487112,On or near BOLTON STREET,E01007544,Doncaster 032D,Investigation complete; no suspect identified
1997eb1413bf61c4679b5f83b3956e1df607c06c662ee893a58fbb3889dc3abd,2021-03,South Yorkshire Police,South Yorkshire Police,-1.359865,53.418046,On or near CASTLE AVENUE,E01007677,Rotherham 017A,Investigation complete; no suspect identified
18726037ef4433f8e1e1d5ebf027ce57f5a26976d1b8c5bc481b435ca0769094,2021-03,South Yorkshire Police,South Yorkshire Police,-1.409846,53.363931,On or near HASTILAR ROAD SOUTH,E01008009,Sheffield 045E,Investigation complete; no suspect identified
ae228a963b3eeb7db136c32cd279743cc4751a75811091d61ec306b50c6a0495,2021-03,South Yorkshire Police,South Yorkshire Police,-1.459632,53.363870,On or near WARBURTON GARDENS,E01008096,Sheffield 043B,Suspect charged
fb25d588b17cff8e4f3c39a85071fd8263786f7b31d466d66492db00f498a068,2021-03,South Yorkshire Police,South Yorkshire Police,-1.244273,53.480310,On or near CEDRIC AVENUE,E01007538,Doncaster 035B,Unable to prosecute suspect
d5fd799b380f14f61faf3a37480549244304a44dd0df3a11117402f5b454bcd3,2021-03,South Yorkshire Police,South Yorkshire Police,-1.302212,53.448123,On or near ROYDS CLOSE CRESCENT,E01007719,Rotherham 010A,Unable to prosecute suspect
d42445b10a2c2a4d75bb789818dafbcd0688f5ccd32d0c2e1bdd38fe981b143a,2021-03,South Yorkshire Police,South Yorkshire Police,-1.342674,53.318978,On or near HALL MEADOW GROVE,E01008023,Sheffield 072B,Unable to prosecute suspect
9bc68c89c36568d653b5b2953a0b0a2c8db611b5b43dc2f1c294fd56524b6804,2021-03,South Yorkshire Police,South Yorkshire Police,-1.458171,53.428052,On or near DEERLANDS AVENUE,E01008061,Sheffield 011A,Investigation complete; no suspect identified
17a18d87a98b299805883d923c9896069334be5e0f7d982e6e3b14f561c4a532,2021-03,South Yorkshire Police,South Yorkshire Police,-1.460136,53.384609,On or near Park/Open Space,E01033268,Sheffield 075G,Further investigation is not in the public interest
b5a3fa05f2e2bfd1f1ed128bb0496a1641b05ba99a3f177ab1c0762bbdbe7284,2021-03,South Yorkshire Police,South Yorkshire Police,-1.152193,53.542847,On or near KIRKSTONE CLOSE,E01007513,Doncaster 012B,Investigation complete; no suspect identified
be3fdcb5fde26e54f5870d73d1736c7d452bb45b8f742abb99ad2d91343a1ecd,2021-03,South Yorkshire Police,South Yorkshire Police,-1.511660,53.400283,On or near LOXLEY ROAD,E01007996,Sheffield 021E,Unable to prosecute suspect
be3fdcb5fde26e54f5870d73d1736c7d452bb45b8f742abb99ad2d91343a1ecd,2021-03,South Yorkshire Police,South Yorkshire Police,-1.511660,53.400283,On or near LOXLEY ROAD,E01007996,Sheffield 021E,Unable to prosecute suspect
61d8a1ced83dc263cb94fa40eb550a6224119a7991fd680cbfa82e0c9fce54af,2021-03,South Yorkshire Police,South Yorkshire Police,-1.504645,53.543288,On or near KERESFORTH MEWS,E01007442,Barnsley 012E,Investigation complete; no suspect identified
6ae5e7c4e10311a978be183779045e1a17776e18612a7d2af72367d912058653,2021-03,South Yorkshire Police,South Yorkshire Police,-1.436938,53.541785,On or near Park/Open Space,E01007319,Barnsley 015A,Unable to prosecute suspect
b6e6be9c2fbbb05463adf7a437f6ceb8e0e707e343b356aceda7a545bc420b1d,2021-03,South Yorkshire Police,South Yorkshire Police,-1.151037,53.508565,On or near EARLESMERE AVENUE,E01007535,Doncaster 023D,Investigation complete; no suspect identified
0c45c4c90a854e267bb7a610c8958f75c2c81a1a8ef1fd79212b2026bba34b6b,2021-03,South Yorkshire Police,South Yorkshire Police,-1.448019,53.496085,On or near MEADOW VIEW CLOSE,E01007391,Barnsley 030C,Local resolution
0cbdf581581d0609f14cb560e10fa1f2072b031a90e247c333f492c35ec2a51c,2021-03,South Yorkshire Police,South Yorkshire Police,-1.442914,53.380611,On or near MALTRAVERS CRESCENT,E01007885,Sheffield 075E,Investigation complete; no suspect identified
369d1cec454fb5c892b038ad1a07a48f8d779327b735498086896092628e24ee,2021-03,South Yorkshire Police,South Yorkshire Police,-1.669073,53.523722,On or near KENNEDY CLOSE,E01007427,Barnsley 024A,Investigation complete; no suspect identified
1c198a46c92bbc24e0dfcc2ef27737e619efbc9ff6dca4a4c8317d499288c8e3,2021-03,South Yorkshire Police,South Yorkshire Police,-1.449564,53.502510,On or near KIRK BALK,E01007397,Barnsley 028B,Unable to prosecute suspect
a3f486ec29de5acb5137d2e82621e148ecc0f926a559e0788e751b0d131ec807,2021-03,South Yorkshire Police,South Yorkshire Police,-1.137529,53.523300,On or near Shopping Area,E01007645,Doncaster 022E,Investigation complete; no suspect identified
69a99b874d322ef9a6df75eef57ee4f7f468fb0870b736ce80b970895eeed4b4,2021-03,South Yorkshire Police,South Yorkshire Police,-1.152102,53.515665,On or near SHIRLEY ROAD,E01007531,Doncaster 022C,Investigation complete; no suspect identified
542ff219c3363402fda2381dd55069432fe09d7824969df842e50e4ef1f6aba1,2021-03,South Yorkshire Police,South Yorkshire Police,-1.475900,53.375430,On or near FITZWILLIAM GATE,E01033274,Sheffield 042G,Unable to prosecute suspect
9acf93992f9385a7bcddb0eef6d7a6ecaddddd12971f09f30035f5c2e398e87e,2021-03,South Yorkshire Police,South Yorkshire Police,-1.483120,53.430823,On or near FULMERE CRESCENT,E01008116,Sheffield 009C,Investigation complete; no suspect identified
52fd30389ea12cb7ccf9f652f7342a3a5bfbf2a8b5027842bb4a80d3873a06df,2021-03,South Yorkshire Police,South Yorkshire Police,-1.261454,53.395879,On or near KATHERINE ROAD,E01007815,Rotherham 026D,Investigation complete; no suspect identified
cfe3acf5f35fe56f8c713c31c45a590b2343e98b44ed0c9ff57574d0c2cda8a5,2021-03,South Yorkshire Police,South Yorkshire Police,-1.449245,53.585310,On or near SPRING LANE,E01007437,Barnsley 002C,Unable to prosecute suspect
362cd134beb58b502cf94030ae17af6c7fc52e8db64fe8dab7069e0187e7a51b,2021-03,South Yorkshire Police,South Yorkshire Police,-1.373382,53.357282,On or near SKELTON GROVE,E01007970,Sheffield 049D,Investigation complete; no suspect identified
d19d641e5a4b57c3b4472bc776809dbff416a5012e30ed396753e02c621eb13c,2021-03,South Yorkshire Police,South Yorkshire Police,-1.483071,53.421241,On or near DRYDEN DRIVE,E01008122,Sheffield 012E,Investigation complete; no suspect identified
03325cfb594783f27b87b97589fc847c3a3c818ec6847c54dea6e600797b5aba,2021-03,South Yorkshire Police,South Yorkshire Police,-1.403109,53.519014,On or near WINDERS PLACE,E01007451,Barnsley 026A,Unable to prosecute suspect
52684500881b0a10f4e7c9df5a87d9777ab3278d42d5fb7738360c1506b59880,2021-03,South Yorkshire Police,South Yorkshire Police,-0.955096,53.605710,On or near PASHLEY ROAD,E01007642,Doncaster 003G,Investigation complete; no suspect identified
eef295c4547d57372326a9b5d99c0eedcb7f138fb4ada189bfa6d77f9de60617,2021-03,South Yorkshire Police,South Yorkshire Police,-1.113232,53.506556,On or near Shopping Area,E01007644,Doncaster 019A,Unable to prosecute suspect
45b3b2a2661bef1dbb51c356b60823767f236ac057109dca3480d18e1e078b17,2021-03,South Yorkshire Police,South Yorkshire Police,-1.378532,53.437057,On or near HENLEY WAY,E01007717,Rotherham 016C,Unable to prosecute suspect
b28441c7d28e6651be19aff868d9c943509826bc9f085d10476c260cab03d4ce,2021-03,South Yorkshire Police,South Yorkshire Police,-1.469729,53.356706,On or near RUSKIN SQUARE,E01007978,Sheffield 053A,Investigation complete; no suspect identified
d2317745f0358db177a7131d818a441a66833c92194806915831cb080dfe2bcd,2021-03,South Yorkshire Police,South Yorkshire Police,,,No location,,,Investigation complete; no suspect identified
26caa360792589249e3ccdb3ef9e3b796028ee1eca19cebb3f29eb30633b26a3,2021-03,South Yorkshire Police,South Yorkshire Police,-1.068606,53.564104,On or near ST HELEN'S SQUARE,E01007621,Doncaster 007A,Investigation complete; no suspect identified
10d3f79a10c3bada088fc86fc5d1f13a37a528ea270365f29e327baa28599032,2021-03,South Yorkshire Police,South Yorkshire Police,-1.354046,53.540844,On or near QUEEN'S AVENUE,E01007349,Barnsley 020B,Unable to prosecute suspect
a4ebbace0654a3050d696dad325e80a1eccb02696ee3a329c819fbea704e2952,2021-03,South Yorkshire Police,South Yorkshire Police,-1.449272,53.559972,On or near LONG CAUSEWAY,E01007404,Barnsley 009D,Unable to prosecute suspect
9d8b6032d255b538075e1bd22855c4663a8ea13fec822960352109fd9eaad79c,2021-03,South Yorkshire Police,South Yorkshire Police,-1.463872,53.386406,On or near GUN LANE,E01033270,Sheffield 022H,Investigation complete; no suspect identified
34126871c5eb74c5385f9b832dae006d264a287b7e1114de35fbe6b51fac16d8,2021-03,South Yorkshire Police,South Yorkshire Police,-1.428141,53.366762,On or near BASSLEDENE ROAD,E01008012,Sheffield 039B,Suspect charged
caa87f31eb550519175e81861028b2b5add9df0f7a432ed7b631e1582ab70acd,2021-03,South Yorkshire Police,South Yorkshire Police,-1.222458,53.560816,On or near PICKBURN LANE,E01007587,Doncaster 020C,Investigation complete; no suspect identified
ea9fb5d101fcb5fc2e561080fbaba7e066ed44c0376e534450e9edb1402b4083,2021-03,South Yorkshire Police,South Yorkshire Police,-1.488400,53.431133,On or near MANSEL CRESCENT,E01008116,Sheffield 009C,Unable to prosecute suspect
287fce511251cdeb352bdf4a032eb3c0c1ea2401bdeb910f0bb701c672727dae,2021-03,South Yorkshire Police,South Yorkshire Police,-1.478118,53.503788,On or near ROCKINGHAM STREET,E01007399,Barnsley 028D,Investigation complete; no suspect identified
6eb83694119edff349b3b0c179e3ceafec867146bac3161d8a0fa026a5673ef8,2021-03,South Yorkshire Police,South Yorkshire Police,-1.497805,53.396720,On or near GROUSE STREET,E01008157,Sheffield 026D,Investigation complete; no suspect identified
9b47715c73305c8fab61108de889e16f6733197c3591fed96828cc1a623cd6af,2021-03,South Yorkshire Police,South Yorkshire Police,-1.087424,53.548393,On or near CLAY LANE,E01007656,Doncaster 015F,Investigation complete; no suspect identified
018adc2647ed7bb9c1dab3812ea4022cc5f7e8fc2bc553dc108f9f2a4de91e0f,2021-03,South Yorkshire Police,South Yorkshire Police,-1.496457,53.565653,On or near WILTHORPE CRESCENT,E01032551,Barnsley 010H,Local resolution
9b872284724f1f1c564b86b32090df173fef7530c1de35fabf4bda3b202d4717,2021-03,South Yorkshire Police,South Yorkshire Police,-1.183246,53.557930,On or near GREAT NORTH ROAD,E01007507,Doncaster 009G,Investigation complete; no suspect identified
7ac0060b7fd0c5cc72976e6193e7913c294989e3e276492bd338cf95036460f4,2021-03,South Yorkshire Police,South Yorkshire Police,-1.171502,53.499900,On or near Petrol Station,E01007501,Doncaster 029E,Investigation complete; no suspect identified
cb0ccab59da313f8e6ad4741d1c1ab4a9508706ffb71f664f3851fc15dc0c794,2021-03,South Yorkshire Police,South Yorkshire Police,-1.223855,53.427425,On or near LARCH ROAD,E01007754,Rotherham 018B,Unable to prosecute suspect
d4e5ceb67b0f1809b045afcfeaff96deb81a7adfa2a843ad7d08509af13da640,2021-03,South Yorkshire Police,South Yorkshire Police,-1.259712,53.389702,On or near Sports/Recreation Area,E01007809,Rotherham 026B,Unable to prosecute suspect
4ce2de451ccbbbb0bbeb9a5b725f349943c2b2233220a22b29b8b2b61b9013fd,2021-03,South Yorkshire Police,South Yorkshire Police,-1.033897,53.599082,On or near Police Station,E01007626,Doncaster 004B,Unable to prosecute suspect
ca09c8e307519626fc151612c92c07dfe93d2b8861d341e6c21483db6b987d42,2021-03,South Yorkshire Police,South Yorkshire Police,-1.481650,53.436641,On or near CRESWICK AVENUE,E01008125,Sheffield 009G,Investigation complete; no suspect identified
74f44ae47fd5fcea1118701b710758b91a2d43751e4a1cfe19e49bfb81855cd4,2021-03,South Yorkshire Police,South Yorkshire Police,-1.587196,53.544231,On or near WHIH MOOR LANE,E01007420,Barnsley 016C,Investigation complete; no suspect identified
bb5c2ebead7e386cf0a3125802f82efd3f8109c88bd4582dacfe1c11f2c1899c,2021-03,South Yorkshire Police,South Yorkshire Police,-1.302782,53.535568,On or near LOCKWOOD ROAD,E01007376,Barnsley 022D,Investigation complete; no suspect identified
9e5fc6310312b12a8af1d3487ec8578bbd97e1bcfa4dd8deee3011dc5702883c,2021-03,South Yorkshire Police,South Yorkshire Police,-1.466991,53.319571,On or near WHITE THORNS DRIVE,E01008084,Sheffield 070D,Unable to prosecute suspect
3055aa8d37e551eeb7c9f6fd1aa2d602417b2e1e9eea7bdf3cfa506dbb9aec34,2021-03,South Yorkshire Police,South Yorkshire Police,-1.391228,53.378597,On or near SHINING BANK,E01007909,Sheffield 032C,Unable to prosecute suspect
7e9ef30cdf568c598ac592b36f14fbbfcdd02b80b7b902fd6fc2532c31aab221,2021-03,South Yorkshire Police,South Yorkshire Police,,,No location,,,Local resolution
b4151fd617eaf1f24bc58c6f72148f25d3d52bce3bc66ab2c5d645bc65d0f986,2021-03,South Yorkshire Police,South Yorkshire Police,-1.328804,53.431772,On or near CENTRAL AVENUE,E01007766,Rotherham 014C,Unable to prosecute suspect
f2686c8dcafb5dc8b16ee0f2c1dca2e8873b2a8263cbda74c4ed44c4d25cd817,2021-03,South Yorkshire Police,South Yorkshire Police,-1.566065,53.541630,On or near Sports/Recreation Area,E01007420,Barnsley 016C,Investigation complete; no suspect identified
c1a3602b98f7a7e6bac95b8dc27fea421c2df547740bc670f2407f70dfc1a74a,2021-03,South Yorkshire Police,South Yorkshire Police,-1.445001,53.427002,On or near GREGG HOUSE ROAD,E01007857,Sheffield 010B,Investigation complete; no suspect identified
cbef2e055da6330c87402d5e6f520420e022fce395fd45b649aa0fd0142e8d32,2021-03,South Yorkshire Police,South Yorkshire Police,-1.669413,53.526644,On or near NEW ROYD,E01007426,Barnsley 027D,Local resolution
a9788e79a8543fbca47bb957f310c1bad26a0be1300e093bcda6eeff5207bc30,2021-03,South Yorkshire Police,South Yorkshire Police,-1.343921,53.452899,On or near Nightclub,E01007784,Rotherham 008D,Investigation complete; no suspect identified
d04194f291495f713e660bfb6da19780424f0f9a81778861708626ee90f305a9,2021-03,South Yorkshire Police,South Yorkshire Police,-1.339840,53.501487,On or near STRATHMORE GROVE,E01007821,Rotherham 002E,Unable to prosecute suspect
87b9c43ecf879a564d511cfe2863835fc00d6c68e04f59c6cc53c3ec15d2269b,2021-03,South Yorkshire Police,South Yorkshire Police,-0.929378,53.589959,On or near HIGH LEVELS BANK,E01007632,Doncaster 001A,Unable to prosecute suspect
fe646ae1ce8562ba13c2effdc4611c587087e01f370552599bada2d9a12c48c3,2021-03,South Yorkshire Police,South Yorkshire Police,-1.064225,53.555288,On or near WORRAL COURT,E01007475,Doncaster 011A,Investigation complete; no suspect identified
31b68c18bcb57617904119030428dc7dc4e7c046b63d31efc8026287565cdfd0,2021-03,South Yorkshire Police,South Yorkshire Police,-1.366688,53.357813,On or near MEETINGHOUSE LANE,E01007969,Sheffield 044B,Suspect charged
1eb3e3e0585327e39e1be8db8e3ff412dd968824b4f90faf141627f2f19af1ce,2021-03,South Yorkshire Police,South Yorkshire Police,-1.484106,53.385443,On or near DAISY BANK,E01008065,Sheffield 026A,Investigation complete; no suspect identified
1eda74448d4fcee71cb8d35049a4ffbd52a292381d6744b31abe5baedca9524a,2021-03,South Yorkshire Police,South Yorkshire Police,-1.488593,53.359755,On or near Supermarket,E01008052,Sheffield 050F,Investigation complete; no suspect identified
4d5f425afb407976d0df25cc2ec0bb08301511716b850e25e7f90a784bb6856a,2021-03,South Yorkshire Police,South Yorkshire Police,-1.444008,53.504273,On or near WINDSOR STREET,E01007392,Barnsley 030D,Investigation complete; no suspect identified
0971c273ee0f9daf9ec668b8d03448aee99d06aef97b3815db8b5619b4d93568,2021-03,South Yorkshire Police,South Yorkshire Police,-1.415253,53.359688,On or near GLENMORE CROFT,E01008004,Sheffield 052C,Unable to prosecute suspect
b73c5fd3da691b32645e8810ada4f3f87b857f0991a822b3f11901df239782f1,2021-03,South Yorkshire Police,South Yorkshire Police,-1.444672,53.408403,On or near POPPLE STREET,E01007944,Sheffield 022F,Investigation complete; no suspect identified
7a7003eac357960b3a219ff826b5d9db74bf35692aa2417c69b91a43565d45d0,2021-03,South Yorkshire Police,South Yorkshire Police,-1.444672,53.408403,On or near POPPLE STREET,E01007944,Sheffield 022F,Investigation complete; no suspect identified
242fd4af03e16a9470f2077fbbd35fca22ecf72bcf400a920e2702ead2d0af33,2021-03,South Yorkshire Police,South Yorkshire Police,-1.454110,53.397346,On or near LYONS CLOSE,E01007874,Sheffield 022A,Investigation complete; no suspect identified
e3e04132a3c8db10779a13a8e6874cf5cfc2a0697b138f80ed19cae35b102c68,2021-03,South Yorkshire Police,South Yorkshire Police,-1.563020,53.476848,On or near Sports/Recreation Area,E01008147,Sheffield 002D,Investigation complete; no suspect identified
5970c66779d32ecbe26f84ea1b76d217b9caa7bf2965a988a87962f6f5fa98fb,2021-03,South Yorkshire Police,South Yorkshire Police,-1.461241,53.401882,On or near PASSHOUSES ROAD,E01007869,Sheffield 020A,Investigation complete; no suspect identified
1e6ab62ba0dfee79397dfd14f535f4ec6364f2c66017254541dab79a10971eba,2021-03,South Yorkshire Police,South Yorkshire Police,-1.380817,53.532465,On or near SNAPE HILL ROAD,E01007353,Barnsley 020F,Investigation complete; no suspect identified
2b8d7a43573019add3a41e6f276267ea30e841b9badb12741be8ef741a2a70fe,2021-03,South Yorkshire Police,South Yorkshire Police,-1.472697,53.408387,On or near MUSGRAVE ROAD,E01007943,Sheffield 019C,Investigation complete; no suspect identified
791a66ff9a37837b99c8300b24a2585b2b41952c994a4e441215d6e4e3e0aeb4,2021-03,South Yorkshire Police,South Yorkshire Police,-1.163248,53.522485,On or near Supermarket,E01007585,Doncaster 021B,Investigation complete; no suspect identified
7231de3326d8c87bb5fe04d45ef6929251b8097dccca51562fb97af8c50e73cb,2021-03,South Yorkshire Police,South Yorkshire Police,-1.162915,53.503426,On or near GILBERTHORPE ROAD,E01007496,Doncaster 029A,Investigation complete; no suspect identified
f4a46c056cdb702a4d76ba4495171b179f0272110549b83339d9611b63084f04,2021-03,South Yorkshire Police,South Yorkshire Police,-1.444979,53.598422,On or near PARK VIEW,E01007440,Barnsley 002D,Further action is not in the public interest
c4c31c372ac93a09d374dbc06ec947b2d22e65e030095fd591eae5e648551af4,2021-03,South Yorkshire Police,South Yorkshire Police,-1.306344,53.356094,On or near JAY LANE,E01007674,Rotherham 031B,Further investigation is not in the public interest
1cbfa3bc575f4d41973316969469290090b61b69a0ec1fd7ccec53cbec3746b9,2021-03,South Yorkshire Police,South Yorkshire Police,-1.306344,53.356094,On or near JAY LANE,E01007674,Rotherham 031B,Further investigation is not in the public interest
f77cdaf43d3f6f40c5899908a30e663387d72325f4361f9b1f3ed069bd3d9bdc,2021-03,South Yorkshire Police,South Yorkshire Police,-1.188253,53.417633,On or near LEE CROFT,E01007764,Rotherham 020F,Unable to prosecute suspect
2bcca801a18780b4258df975f280bfb4473248b173f76b2b4ff6dd483c88fa0c,2021-03,South Yorkshire Police,South Yorkshire Police,-1.349310,53.330762,On or near Supermarket,E01008022,Sheffield 065C,Local resolution
7c0637bf99326e2902224ccae36bc137f0d5ece2f38145942968c7f6655d14d5,2021-03,South Yorkshire Police,South Yorkshire Police,-1.359696,53.322010,On or near LADYBANK ROAD,E01008025,Sheffield 072D,Unable to prosecute suspect
8555dc959963376c49125c520535c0da3d056309b40cecad31cb5ed147dd86fe,2021-03,South Yorkshire Police,South Yorkshire Police,-1.394352,53.347026,On or near EAST GLADE DELL,E01033278,Sheffield 076E,Investigation complete; no suspect identified
eabb4c939512b60c6eba41417682cb9d32ff8ffb72728a225a23b0518d93d440,2021-03,South Yorkshire Police,South Yorkshire Police,-1.400435,53.360990,On or near RICHMOND HILL ROAD,E01007963,Sheffield 045A,Unable to prosecute suspect
e362915c75d3223ef7a59b3e73b9615fef3304dbe0b76a7999da858971829cd1,2021-03,South Yorkshire Police,South Yorkshire Police,-1.405696,53.416980,On or near A631,E01007913,Sheffield 018C,Suspect charged
6c5729e40403611d6e5c08a45dcae4ea477e5843535a5f05c44bde85720b63dd,2021-03,South Yorkshire Police,South Yorkshire Police,-1.394352,53.347026,On or near EAST GLADE DELL,E01033278,Sheffield 076E,Investigation complete; no suspect identified
0bcc220ab706845fcf282194615e74ee45ecedb88e49c9c043b4607a889682cc,2021-03,South Yorkshire Police,South Yorkshire Police,-1.320480,53.434620,On or near HIGH GREAVE PLACE,E01007735,Rotherham 013B,Investigation complete; no suspect identified
8b4d23d76daea58a93a5f8122710c7f98d31e74a2e970757b74b2fcc3aa32131,2021-03,South Yorkshire Police,South Yorkshire Police,-1.194156,53.419767,On or near MUGLET LANE,E01007760,Rotherham 020D,Investigation complete; no suspect identified
93769ff5972d3a386a7ea2c642297f6e0f0e616b11bcdba4d3d0d98043f0c954,2021-03,South Yorkshire Police,South Yorkshire Police,,,No location,,,Suspect charged
daf4158e6d3b74b0ddcd8d4f7b316e8a5a968fd02189225f01822a8422e3f23e,2021-03,South Yorkshire Police,South Yorkshire Police,-1.098629,53.525368,On or near RUNNYMEDE ROAD,E01007569,Doncaster 018F,Further action is not in the public interest
771429076d5632998a57490a405722f2a42a68aef8df03fb7c5977e64284a3a6,2021-03,South Yorkshire Police,South Yorkshire Police,-1.437905,53.558732,On or near Supermarket,E01007405,Barnsley 011D,Investigation complete; no suspect identified
e2d591003da81f04bd816687a71f48fc3a76f1555a09b090f1953b79fe249def,2021-03,South Yorkshire Police,South Yorkshire Police,-1.452424,53.533308,On or near ALLENDALE,E01007462,Barnsley 021E,Unable to prosecute suspect
baff4e126b6d05271e4adb585bfb0ca031fc01563eda7f79452f127bf033399c,2021-03,South Yorkshire Police,South Yorkshire Police,-1.477038,53.499649,On or near SHEFFIELD ROAD,E01007424,Barnsley 028E,Unable to prosecute suspect
68a1385d19bb5e3b00a0f1ac641250fb9a7abf95adb9997146361e68adaff50b,2021-03,South Yorkshire Police,South Yorkshire Police,-1.140141,53.556729,On or near ARTHUR STREET,E01007506,Doncaster 010A,Unable to prosecute suspect
69d1d8ffe25b79330246b90d4c1d03fe4a8557d0524c0e9fbbe47508a37ec2b9,2021-03,South Yorkshire Police,South Yorkshire Police,-1.350730,53.398411,On or near A630,E01007706,Rotherham 027E,Investigation complete; no suspect identified
763dc2066bdad317cf500fa0e546e836475cefdf1a87d22445271808b633d44c,2021-03,South Yorkshire Police,South Yorkshire Police,-1.449160,53.342726,On or near GAUNT DRIVE,E01008075,Sheffield 060B,Investigation complete; no suspect identified
fca57db0047be908272723fbee433a888278e9879bac94b1de6e96054402db1d,2021-03,South Yorkshire Police,South Yorkshire Police,-1.172483,53.595788,On or near NORTH PARK LANE,E01007488,Doncaster 002B,Investigation complete; no suspect identified
3f2a63722da19ffaff4a70c48b34ece0198f51dc4e442f445314a56345118a88,2021-03,South Yorkshire Police,South Yorkshire Police,-1.446141,53.597439,On or near PARK AVENUE,E01007433,Barnsley 002A,Unable to prosecute suspect
99d528e9abd7ebfacf88ee229bbe5d6ece173d0afd96a7f908cb48860e9298ce,2021-03,South Yorkshire Police,South Yorkshire Police,-1.480011,53.358702,On or near Parking Area,E01008112,Sheffield 042D,Investigation complete; no suspect identified
a3ba17559addefe2959fda84ed685ebdbf6a69c90f3621817b2867c6bff42023,2021-03,South Yorkshire Police,South Yorkshire Police,-1.400934,53.438960,On or near HILL VIEW EAST,E01007743,Rotherham 015C,Suspect charged
c5177eb9590dafa5b5c17d2814bf67a8c4507e0b3a48c8f2a4e2fbe90d2c693a,2021-03,South Yorkshire Police,South Yorkshire Police,-1.471951,53.546277,On or near TUNE STREET,E01007339,Barnsley 017B,Offender given a caution
dba13838c4945f118b32f106766455a54d96c67a72fd0b9bbed55afdd394e4c3,2021-03,South Yorkshire Police,South Yorkshire Police,-1.490710,53.391413,On or near BRANSBY STREET,E01008073,Sheffield 030E,Unable to prosecute suspect
dc3046e256c9b54d21f187ff571993603126bb6162e9bf4f28a35d5caacc8727,2021-03,South Yorkshire Police,South Yorkshire Police,-1.464890,53.422716,On or near EMERSON CRESCENT,E01008063,Sheffield 011B,Unable to prosecute suspect
14772899d14f38443cd5980b9e1df1d674fececeae79545598e85397f6970312,2021-03,South Yorkshire Police,South Yorkshire Police,-1.020617,53.581995,On or near ABBEYFIELD ROAD,E01007563,Doncaster 006F,Investigation complete; no suspect identified
814db67524100c1c4a69ea0ae33587d34aebf817e0cc6b4c29e944568e5a2fbe,2021-03,South Yorkshire Police,South Yorkshire Police,-1.459041,53.563351,On or near Petrol Station,E01007335,Barnsley 009B,Unable to prosecute suspect
cc913364a42188b4cc3b3749e04cc3f1f68f453d942ee5ad4f5a6a5618e80c39,2021-03,South Yorkshire Police,South Yorkshire Police,-1.475673,53.556495,On or near JAMES STREET,E01007336,Barnsley 013A,Investigation complete; no suspect identified
5a1f417c2e5d195de6cb799131d2a495084eede494aa78b48fff35aa892bf4ee,2021-03,South Yorkshire Police,South Yorkshire Police,-1.317236,53.529962,On or near EDWARD ROAD,E01007371,Barnsley 022C,Investigation complete; no suspect identified
8f97bf9c0a94d8248b2e19546708e1c7fd6086022872428f68922c9aa44e4f76,2021-03,South Yorkshire Police,South Yorkshire Police,-1.459041,53.563351,On or near Petrol Station,E01007335,Barnsley 009B,Unable to prosecute suspect
8eccc073a4f055a8f8972e63df7efe93fdb7ccf96e21791372e2c6fbc2194a28,2021-03,South Yorkshire Police,South Yorkshire Police,-1.395698,53.440911,On or near LANGDON ROAD,E01007742,Rotherham 015B,Suspect charged
002977a45b4092f4f38c20750cd820c0199bd081716cb3ac6b71bb47325af583,2021-03,South Yorkshire Police,South Yorkshire Police,-1.128247,53.522819,On or near Supermarket,E01007645,Doncaster 022E,Investigation complete; no suspect identified
ea159fbe089e27ca9191924c25d6321a6e5f5d1ea5875aad4871b6566bc43a9d,2021-03,South Yorkshire Police,South Yorkshire Police,-1.337782,53.450672,On or near ALDWARKE ROAD,E01007776,Rotherham 008B,Local resolution
8fc3b4ada3a356b17347ce55b9cd5fa5b8d5622f8826ab29921e265cf362b0dd,2021-03,South Yorkshire Police,South Yorkshire Police,-1.349693,53.472364,On or near WOOD CLOSE,E01007781,Rotherham 005D,Unable to prosecute suspect
175e0e8b0820b2cda4b5dd26d5b3fabf9f5926631d38767c956ea4a1dd7db557,2021-03,South Yorkshire Police,South Yorkshire Police,-1.473630,53.544792,On or near COPE STREET,E01007338,Barnsley 017A,Investigation complete; no suspect identified
a47a197604a766c6edb9b1bde9eb725393218c59679ef857fbe86cc61de65c63,2021-03,South Yorkshire Police,South Yorkshire Police,-1.464890,53.422716,On or near EMERSON CRESCENT,E01008063,Sheffield 011B,Unable to prosecute suspect
37796dcc09351dc00267801db72452ed96d387e78f8363bcf9e56ddb258205c2,2021-03,South Yorkshire Police,South Yorkshire Police,-1.376975,53.370551,On or near BALLIFIELD RISE,E01007971,Sheffield 037C,Further action is not in the public interest
0ce55d81b62bc12bc386f79472f0d99bb731c8800c7a770f47da660e4814e0ae,2021-03,South Yorkshire Police,South Yorkshire Police,-1.436791,53.372933,On or near MANOR PARK COURT,E01007881,Sheffield 075C,Investigation complete; no suspect identified
2908f0431bf014a2eaab81e70b4523c70ee7f1a41e0f7befcff807b4deb08389,2021-03,South Yorkshire Police,South Yorkshire Police,-1.411831,53.393244,On or near GREENLAND DRIVE,E01007902,Sheffield 027B,Investigation complete; no suspect identified
dedf3e0edadc900d180968dd7743824c7ee62f597de19ecc339fa832572d3839,2021-03,South Yorkshire Police,South Yorkshire Police,-1.474198,53.528184,On or near HAVERLANDS RIDGE,E01007459,Barnsley 021B,Unable to prosecute suspect
8580207ecf9dbcd2e2c1ee5bd5a5bf960b16d591d6f4bb20894fb5a83c3c77ed,2021-03,South Yorkshire Police,South Yorkshire Police,-1.477420,53.362943,On or near CHIPPINGHOUSE ROAD,E01008112,Sheffield 042D,Investigation complete; no suspect identified
7f4f5d35f9eca6926ac9518131bd595677459f48254e541b9a3c2aad936245bd,2021-03,South Yorkshire Police,South Yorkshire Police,-1.317236,53.529962,On or near EDWARD ROAD,E01007371,Barnsley 022C,Investigation complete; no suspect identified
1fa2af97fbbb29e99eeaf0cdad28de35d398c89abbd8d46ec7803b7a41ba20b9,2021-03,South Yorkshire Police,South Yorkshire Police,-1.501808,53.397779,On or near LONSDALE ROAD,E01008160,Sheffield 024F,Investigation complete; no suspect identified
72bb7a90bf78a5f548a1d456e5dd3e4cb5853f9c90a99b63d6d8cf688b81be97,2021-03,South Yorkshire Police,South Yorkshire Police,-1.432462,53.393335,On or near BALTIC LANE,E01033269,Sheffield 022G,Local resolution
5432624fb37c1a2236a5e4b793c24e08ad011a01deedc3b5240b805ef9beaac1,2021-03,South Yorkshire Police,South Yorkshire Police,-1.149303,53.501056,On or near FORSTER ROAD,E01007500,Doncaster 028B,Local resolution
6d676600468280d26ccc2b115f4a7fe135e72968f1fc79b2282cfdd9a90e89b0,2021-03,South Yorkshire Police,South Yorkshire Police,-1.385372,53.505469,On or near PLOUGHMANS CROFT,E01007695,Rotherham 001C,Investigation complete; no suspect identified
43d03cbb9d609935734530c60e5b1cfc7111b1bb1c5130abd8881b2d19d6d1c2,2021-03,South Yorkshire Police,South Yorkshire Police,-1.284477,53.341223,On or near THE SQUARE,E01007751,Rotherham 033C,Investigation complete; no suspect identified
998d7c1d3920865e502f58d9e07cd8099d84efb5b6e5dc5dbcec63c928cc074e,2021-03,South Yorkshire Police,South Yorkshire Police,-1.358903,53.425025,On or near CANKLOW ROAD,E01007677,Rotherham 017A,Investigation complete; no suspect identified
e577a5c0d395cf1b421696ee96006167b571af26caa6fafa6cebc1d42cacc7a0,2021-03,South Yorkshire Police,South Yorkshire Police,-1.458514,53.360791,On or near MYRTLE DRIVE,E01008101,Sheffield 043D,Unable to prosecute suspect
9a8a19b1ceca982edaca4c09f9cc07325319461f743adb074b5c2e1cc02c93ba,2021-03,South Yorkshire Police,South Yorkshire Police,-1.016327,53.432161,On or near QUEEN'S CRESCENT,E01007609,Doncaster 038B,Local resolution
167e5eccfc211855f6af1b207544e24536ace95cf5490085dc96b314b9bc7bca,2021-03,South Yorkshire Police,South Yorkshire Police,-1.458514,53.360791,On or near MYRTLE DRIVE,E01008101,Sheffield 043D,Unable to prosecute suspect
fe17541a144afcf3adb9edc43bccd4bb41815280c6fb6a9cfc9485e18a3d8f54,2021-03,South Yorkshire Police,South Yorkshire Police,-1.460826,53.322761,On or near LINGFOOT DRIVE,E01008081,Sheffield 070A,Investigation complete; no suspect identified
e95399b0d40b38182c620cade1bb7bedb27f71beffea2fc11d5b0dac7ca8e6b7,2021-03,South Yorkshire Police,South Yorkshire Police,-1.244547,53.475080,On or near PINE GROVE,E01007541,Doncaster 035E,Investigation complete; no suspect identified
846c9656e418b511240175e9362ec028b1fe77c1454a7d3f1e95fcc3ddc93564,2021-03,South Yorkshire Police,South Yorkshire Police,-1.479750,53.329586,On or near MEADOW HEAD AVENUE,E01008080,Sheffield 069D,Unable to prosecute suspect
442515219a0a1a004597ea3c36b4d8bbfb5710246a5364d8caa7ed0b316ae61b,2021-03,South Yorkshire Police,South Yorkshire Police,-1.479750,53.329586,On or near MEADOW HEAD AVENUE,E01008080,Sheffield 069D,Unable to prosecute suspect
9e5693358904caf50963c0985f9a6ac824ef26611bfa4e832510daa6f1b44ff6,2021-03,South Yorkshire Police,South Yorkshire Police,-1.523472,53.406559,On or near STUDFIELD HILL,E01007990,Sheffield 021A,Unable to prosecute suspect
3cdb3e7c5eabfeb64281c6bb65316702c684dd33644b80dbe8d100605b38a3ab,2021-03,South Yorkshire Police,South Yorkshire Police,-1.128191,53.516760,On or near CUNNINGHAM ROAD,E01007645,Doncaster 022E,Investigation complete; no suspect identified
9028bd2b9741db26ca89b206844fee5edf56fb1a98ba993638de976d28071d2a,2021-03,South Yorkshire Police,South Yorkshire Police,-1.112959,53.538392,On or near ELY ROAD,E01007651,Doncaster 015C,Unable to prosecute suspect
a76f746b1df99c87a53b99822cce68598f551893728ccc5ee66c5302c01ffffb,2021-03,South Yorkshire Police,South Yorkshire Police,-1.436938,53.541785,On or near Park/Open Space,E01007319,Barnsley 015A,Investigation complete; no suspect identified
c5d1e474da064b915b51370ecb3b313e9eb7f250d32344e3fcddcc56eb3e9ffb,2021-03,South Yorkshire Police,South Yorkshire Police,-1.471720,53.377911,On or near Pedestrian Subway,E01033265,Sheffield 074C,Suspect charged
a67025aa5a9eb603e0bf285ef55b11ec25d9d2415ac5e63846cf25554dfad0a6,2021-03,South Yorkshire Police,South Yorkshire Police,-1.438344,53.556397,On or near ROGER ROAD,E01007403,Barnsley 011C,Local resolution
c4b1fa7fd213441688332174cb6fb0554da6681b1da4e2d25db3a878f7479a3c,2021-03,South Yorkshire Police,South Yorkshire Police,-1.596799,53.478504,On or near SHAY HOUSE LANE,E01008145,Sheffield 001B,Unable to prosecute suspect
dfd0d326fb0c0ca46d443da0fee2fed76ba1f667760431ea72ca9867588c71f5,2021-03,South Yorkshire Police,South Yorkshire Police,-1.281331,53.427362,On or near REYNOLDS CLOSE,E01007726,Rotherham 019F,Unable to prosecute suspect
47d00b74a01f1b9da024cd8752eac65fa56f6383198ce9de4fec2167684ad1c3,2021-03,South Yorkshire Police,South Yorkshire Police,-1.281331,53.427362,On or near REYNOLDS CLOSE,E01007726,Rotherham 019F,Investigation complete; no suspect identified
93b27a4ff3eab3a07860bc1121741ec6a2d82ec7605880cc524996f16adb2b71,2021-03,South Yorkshire Police,South Yorkshire Police,-1.281331,53.427362,On or near REYNOLDS CLOSE,E01007726,Rotherham 019F,Unable to prosecute suspect
5699c9ef79eca23f08039dbb8742ed17d39e80892882124355dc96d53adcb3b7,2021-03,South Yorkshire Police,South Yorkshire Police,-1.358359,53.345149,On or near Shopping Area,E01008033,Sheffield 061B,Investigation complete; no suspect identified
2f8dcde656a9da72d2e88bf6c7f20cf522bac1be0e6d31484f4fd1bd80af6f58,2021-03,South Yorkshire Police,South Yorkshire Police,-1.281331,53.427362,On or near REYNOLDS CLOSE,E01007726,Rotherham 019F,Unable to prosecute suspect
1f3b50fc200cef56d4031f338be30bfe8cecd0f5f4eff9cfc05273dba78f4c13,2021-03,South Yorkshire Police,South Yorkshire Police,-1.456819,53.545939,On or near Hospital,E01007322,Barnsley 015C,Unable to prosecute suspect
58e466f08c93786f9e10009950238ff79eec757ac8952e20fbb9022392e14b34,2021-03,South Yorkshire Police,South Yorkshire Police,-1.448668,53.541390,On or near NEVILLE CLOSE,E01007317,Barnsley 018A,Investigation complete; no suspect identified
35158be07b81ca8fcee732c0c60f67cd83430ca7f6c85c724f700615dcc436ab,2021-03,South Yorkshire Police,South Yorkshire Police,-1.463978,53.570564,On or near BELMONT AVENUE,E01032550,Barnsley 010G,Unable to prosecute suspect
ba780b581e787f4cde5cd4f1e3b50bee3461ad07bb168dde02b9378263345c52,2021-03,South Yorkshire Police,South Yorkshire Police,-1.109257,53.530733,On or near Hospital,E01007567,Doncaster 018D,Unable to prosecute suspect
6c5374dba041a23b353f28d6fb74ff4fcc4d8693f36e89186c433e2b9bd1d48e,2021-03,South Yorkshire Police,South Yorkshire Police,-1.291052,53.447357,On or near RERESBY ROAD,E01007727,Rotherham 010D,Unable to prosecute suspect
5e0c76d4aeceec83235a96d5f37621cdfa4cb55e0937953ee0223479b656660d,2021-03,South Yorkshire Police,South Yorkshire Police,-1.474744,53.382607,On or near BAILEY STREET,E01033265,Sheffield 074C,Investigation complete; no suspect identified
67678d0b82de1c26bc22b528fddae81362b17058c76ceae63acd9fb62342323b,2021-03,South Yorkshire Police,South Yorkshire Police,-1.479588,53.542589,On or near WARREN PLACE,E01007413,Barnsley 017C,Investigation complete; no suspect identified
d365cf0e60fd811a0ea1ca8080362e7f8dd5946545a7ccd6f48d015e338d6531,2021-03,South Yorkshire Police,South Yorkshire Police,-1.478410,53.420951,On or near NORTH HILL ROAD,E01008123,Sheffield 015E,Unable to prosecute suspect
2e49398152999cc61f39e700f7400299f80a5f31db6919fbef34adbadebdfb4b,2021-03,South Yorkshire Police,South Yorkshire Police,-1.461100,53.415418,On or near LONGLEY LANE,E01007947,Sheffield 013C,Further investigation is not in the public interest
dd9214d796174f7429344c035011dd5e9f513abab2e679723a517ff43f742876,2021-03,South Yorkshire Police,South Yorkshire Police,-1.495559,53.362796,On or near ST ANDREW'S CLOSE,E01008049,Sheffield 050D,Unable to prosecute suspect
dd48f4b927ba8d5ba0ea079b971582ce5fc4e160b167fc9abd43c809d16cb933,2021-03,South Yorkshire Police,South Yorkshire Police,-1.445061,53.578342,On or near INDUSTRY ROAD,E01007406,Barnsley 009E,Investigation complete; no suspect identified
6cf64a9274666cf702ba2c736e0ee6445bf6cd9db5cbdad4114a4062cab339e6,2021-03,South Yorkshire Police,South Yorkshire Police,-1.484541,53.432869,On or near KNUTTON RISE,E01008117,Sheffield 009D,Further action is not in the public interest
f5d4fcb81c3d6fababdbd457c1844d0b83533dd893661c6c955694b8e3452c8d,2021-03,South Yorkshire Police,South Yorkshire Police,-1.471833,53.543678,On or near SHEFFIELD ROAD,E01007414,Barnsley 017D,Investigation complete; no suspect identified
43266d7692f93dbb71b0552e2399436e9c66d1469885de16b203bace3b7e2d16,2021-03,South Yorkshire Police,South Yorkshire Police,-1.467068,53.382115,On or near GEORGE STREET,E01033264,Sheffield 073D,Investigation complete; no suspect identified
8deb92d50beddd6160c6e5729b1087dd05c8de32ebe478dcc86219bb74b341f2,2021-03,South Yorkshire Police,South Yorkshire Police,-1.158912,53.503812,On or near HOLLY TERRACE,E01007499,Doncaster 029D,Suspect charged
e1cc8e6d6275e2c825dc0a85b7647975d6e05db9bde40031d082fc24670f5bda,2021-03,South Yorkshire Police,South Yorkshire Police,-1.206724,53.590024,On or near LEYBURN ROAD,E01007468,Doncaster 005A,Investigation complete; no suspect identified
56d5b82a1a316c57868fbde63b4cdf462ff48fd80df247555ec2e2a42d82857d,2021-03,South Yorkshire Police,South Yorkshire Police,-1.107276,53.498664,On or near Park/Open Space,E01007534,Doncaster 028D,Investigation complete; no suspect identified
be1f3d74f8ab3394713ee549b8e721e9f798889491076ac03cbcd5dbc91d9b27,2021-03,South Yorkshire Police,South Yorkshire Police,-1.449560,53.404929,On or near WHITEWAYS CLOSE,E01007873,Sheffield 020C,Offender given penalty notice
be1f3d74f8ab3394713ee549b8e721e9f798889491076ac03cbcd5dbc91d9b27,2021-03,South Yorkshire Police,South Yorkshire Police,-1.449560,53.404929,On or near WHITEWAYS CLOSE,E01007873,Sheffield 020C,Offender given penalty notice
a0639bb74dbb2d0bd78d0741a931af8d5bae0a875fc9589e3c6705d54dd2ac9b,2021-03,South Yorkshire Police,South Yorkshire Police,-1.453264,53.407032,On or near BLYDE ROAD,E01007942,Sheffield 020D,Unable to prosecute suspect
239308c223f7c37fa698280127a91f0ff9002efc6b0f28d51e6be7598d49b965,2021-03,South Yorkshire Police,South Yorkshire Police,-1.378769,53.429058,On or near CAVENDISH ROAD,E01007715,Rotherham 016A,Suspect charged
63301ee61740895dad8f5b63b563132d963dc69315b391bcbe8a4b2e0a5fd9fe,2021-03,South Yorkshire Police,South Yorkshire Police,-1.183742,53.488191,On or near WICKET WAY,E01007545,Doncaster 034A,Unable to prosecute suspect
ebff6655119b88da2984cdc36db2c485991da20be8f9d8fa1b217aabd1a65dae,2021-03,South Yorkshire Police,South Yorkshire Police,-1.373288,53.375934,On or near HIGHFIELD LANE,E01007911,Sheffield 032D,Suspect charged
24f227248e5f008cc440089b736363d1e75a21b74cb9392bdcd12747452749f3,2021-03,South Yorkshire Police,South Yorkshire Police,-1.375160,53.536552,On or near NANNY MARR ROAD,E01007351,Barnsley 020D,Unable to prosecute suspect
24f227248e5f008cc440089b736363d1e75a21b74cb9392bdcd12747452749f3,2021-03,South Yorkshire Police,South Yorkshire Police,-1.375160,53.536552,On or near NANNY MARR ROAD,E01007351,Barnsley 020D,Unable to prosecute suspect
24f227248e5f008cc440089b736363d1e75a21b74cb9392bdcd12747452749f3,2021-03,South Yorkshire Police,South Yorkshire Police,-1.375160,53.536552,On or near NANNY MARR ROAD,E01007351,Barnsley 020D,Unable to prosecute suspect
b43a466811da51b529dfb932008d08691a3d89671a2bef5a36bd1fcd18dc23b8,2021-03,South Yorkshire Police,South Yorkshire Police,-1.377677,53.576897,On or near DEWFIELD CLOSE,E01007332,Barnsley 006C,Suspect charged
2a7cd3261e3c0379b2490db57b086f84324e964330ba3a12547914f1f852e186,2021-03,South Yorkshire Police,South Yorkshire Police,-1.382230,53.535924,On or near WOODHALL CLOSE,E01007350,Barnsley 020C,Suspect charged
8418f24a3149d423ccba0982ce21f60f7487460e2cda5622f4581ce100f6453d,2021-03,South Yorkshire Police,South Yorkshire Police,-1.472852,53.362958,On or near LONDON ROAD SOUTH,E01008108,Sheffield 042A,Unable to prosecute suspect
9539839ab164a36db9a8fd9eb843e793da9e1ab49552434ea198dae0013d967f,2021-03,South Yorkshire Police,South Yorkshire Police,-1.324548,53.548268,On or near CLAYTON DRIVE,E01007374,Barnsley 014C,Suspect charged
9539839ab164a36db9a8fd9eb843e793da9e1ab49552434ea198dae0013d967f,2021-03,South Yorkshire Police,South Yorkshire Police,-1.324548,53.548268,On or near CLAYTON DRIVE,E01007374,Barnsley 014C,Suspect charged
a9a61a9868237faa9d3f6bb52ed013c40d44ba4d42e1aa8841d0595b59c00e64,2021-03,South Yorkshire Police,South Yorkshire Police,-1.115561,53.515634,On or near LIME TREE COURT,E01007643,Doncaster 022D,Unable to prosecute suspect
a8cf1113f4845c524c094670e16a07cf9724af1a214efc9acb026d63684b1701,2021-03,South Yorkshire Police,South Yorkshire Police,-1.594705,53.476897,On or near KENWORTHY ROAD,E01008145,Sheffield 001B,Unable to prosecute suspect
48af86395afc83b40f67b5bcc0c7784d45000dea634bfc7e6def1df389b4c243,2021-03,South Yorkshire Police,South Yorkshire Police,-1.404204,53.362249,On or near STRADBROKE AVENUE,E01007963,Sheffield 045A,Suspect charged
5d555c916f8f676148bcabe80e310010e1a65eea63446bb40e402b3674bdedbb,2021-03,South Yorkshire Police,South Yorkshire Police,-1.318291,53.545994,On or near MARLBOROUGH CLOSE,E01007378,Barnsley 014F,Unable to prosecute suspect
5d555c916f8f676148bcabe80e310010e1a65eea63446bb40e402b3674bdedbb,2021-03,South Yorkshire Police,South Yorkshire Police,-1.318291,53.545994,On or near MARLBOROUGH CLOSE,E01007378,Barnsley 014F,Unable to prosecute suspect
5d555c916f8f676148bcabe80e310010e1a65eea63446bb40e402b3674bdedbb,2021-03,South Yorkshire Police,South Yorkshire Police,-1.318291,53.545994,On or near MARLBOROUGH CLOSE,E01007378,Barnsley 014F,Unable to prosecute suspect
5d555c916f8f676148bcabe80e310010e1a65eea63446bb40e402b3674bdedbb,2021-03,South Yorkshire Police,South Yorkshire Police,-1.318291,53.545994,On or near MARLBOROUGH CLOSE,E01007378,Barnsley 014F,Unable to prosecute suspect
5d555c916f8f676148bcabe80e310010e1a65eea63446bb40e402b3674bdedbb,2021-03,South Yorkshire Police,South Yorkshire Police,-1.318291,53.545994,On or near MARLBOROUGH CLOSE,E01007378,Barnsley 014F,Unable to prosecute suspect
5d555c916f8f676148bcabe80e310010e1a65eea63446bb40e402b3674bdedbb,2021-03,South Yorkshire Police,South Yorkshire Police,-1.318291,53.545994,On or near MARLBOROUGH CLOSE,E01007378,Barnsley 014F,Unable to prosecute suspect
5d555c916f8f676148bcabe80e310010e1a65eea63446bb40e402b3674bdedbb,2021-03,South Yorkshire Police,South Yorkshire Police,-1.318291,53.545994,On or near MARLBOROUGH CLOSE,E01007378,Barnsley 014F,Unable to prosecute suspect
5d555c916f8f676148bcabe80e310010e1a65eea63446bb40e402b3674bdedbb,2021-03,South Yorkshire Police,South Yorkshire Police,-1.318291,53.545994,On or near MARLBOROUGH CLOSE,E01007378,Barnsley 014F,Unable to prosecute suspect
5d555c916f8f676148bcabe80e310010e1a65eea63446bb40e402b3674bdedbb,2021-03,South Yorkshire Police,South Yorkshire Police,-1.318291,53.545994,On or near MARLBOROUGH CLOSE,E01007378,Barnsley 014F,Unable to prosecute suspect
e0350c4f6a1dacc5202c1a730872dfede9cdf820503b45ee971190c7f7dda0fd,2021-03,South Yorkshire Police,South Yorkshire Police,-1.494662,53.347224,On or near HUTCHINSON LANE,E01007929,Sheffield 055C,Unable to prosecute suspect
a9700e4c516788545f668dd869ef7d8461a74fe8e398398dd6519011ee4a049e,2021-03,South Yorkshire Police,South Yorkshire Police,-1.466313,53.355882,On or near CANTERBURY ROAD,E01007980,Sheffield 053B,Investigation complete; no suspect identified
be6c9caffa88d3f262ad4d7be9fae0d0b0e6cdfda658ddfc4bee90fd6670d99f,2021-03,South Yorkshire Police,South Yorkshire Police,-1.444063,53.359304,On or near BERNERS DRIVE,E01008100,Sheffield 048B,Unable to prosecute suspect
d7d5fdceef8a28e85bfc3072742dedade7bcb557a592166765e16d846d5166e5,2021-03,South Yorkshire Police,South Yorkshire Police,-1.471292,53.318996,On or near BOWSHAW VIEW,E01008084,Sheffield 070D,Unable to prosecute suspect
dc0256f78f47671d265d767c69fe91603f0f7bce1c91cb9258e1323387201465,2021-03,South Yorkshire Police,South Yorkshire Police,-1.495138,53.558457,On or near GAWBER ROAD,E01007441,Barnsley 013E,Suspect charged
b046d27ae8883bdffb41539b45fad6edbff70f1fae85804d8a0de6f191d732a0,2021-03,South Yorkshire Police,South Yorkshire Police,-1.092022,53.532419,On or near CARDIGAN ROAD,E01007566,Doncaster 018C,Unable to prosecute suspect
b86368599387ef4823c41b30c5590c95f8041833780661c35b84007704201063,2021-03,South Yorkshire Police,South Yorkshire Police,-1.092022,53.532419,On or near CARDIGAN ROAD,E01007566,Doncaster 018C,Suspect charged
677aac6617f8a2a1115b65b4b981e6af4b26c5f1ce7eaf36b3a395c11f29c366,2021-03,South Yorkshire Police,South Yorkshire Police,-1.505264,53.392850,On or near HEAVYGATE AVENUE,E01008154,Sheffield 024C,Unable to prosecute suspect
04dcfcfc546f744d43793116e399f7c6473428a079b379a4fc466d4dc32138a0,2021-03,South Yorkshire Police,South Yorkshire Police,-1.158912,53.503812,On or near HOLLY TERRACE,E01007499,Doncaster 029D,Unable to prosecute suspect
04dcfcfc546f744d43793116e399f7c6473428a079b379a4fc466d4dc32138a0,2021-03,South Yorkshire Police,South Yorkshire Police,-1.158912,53.503812,On or near HOLLY TERRACE,E01007499,Doncaster 029D,Unable to prosecute suspect
e072cce3a0d8f7e53be2aa982cb62e3a40e01964b5aeebca49d5c732d3bfd1fa,2021-03,South Yorkshire Police,South Yorkshire Police,-1.412851,53.348602,On or near QUARRY VALE GROVE,E01007841,Sheffield 076C,Suspect charged
5e66de38cf473585feb0b2af702316d5a864ef622036b6ae7610c58df276018a,2021-03,South Yorkshire Police,South Yorkshire Police,-1.384403,53.348405,On or near DYKE VALE WAY,E01033278,Sheffield 076E,Suspect charged
dfa5736b2cf87f4e0cf2e02a54dff31c4ed7f005472c04faff83dfe4f401be79,2021-03,South Yorkshire Police,South Yorkshire Police,-1.079482,53.563846,On or near NUNNINGTON WAY,E01007624,Doncaster 007D,Investigation complete; no suspect identified
f87d53f14e8a987544c0bca70edb20ea8f646ba05d0b162b93f9e7bc9f97c737,2021-03,South Yorkshire Police,South Yorkshire Police,-1.050905,53.539390,On or near HAWKSLEY COURT,E01007482,Doncaster 014D,Formal action is not in the public interest
4090f272f6af6d481b916621678073808ce76b4da05b759cc716157df820fdd0,2021-03,South Yorkshire Police,South Yorkshire Police,-1.493718,53.552258,On or near SPRINGFIELD PLACE,E01007443,Barnsley 013F,Unable to prosecute suspect
4090f272f6af6d481b916621678073808ce76b4da05b759cc716157df820fdd0,2021-03,South Yorkshire Police,South Yorkshire Police,-1.493718,53.552258,On or near SPRINGFIELD PLACE,E01007443,Barnsley 013F,Unable to prosecute suspect
4090f272f6af6d481b916621678073808ce76b4da05b759cc716157df820fdd0,2021-03,South Yorkshire Police,South Yorkshire Police,-1.493718,53.552258,On or near SPRINGFIELD PLACE,E01007443,Barnsley 013F,Unable to prosecute suspect
2426e224320123d348be78be2da9dabeaf9394dfe69f677fff92da0471d79830,2021-03,South Yorkshire Police,South Yorkshire Police,-1.452694,53.547439,On or near OAKS CRESCENT,E01007322,Barnsley 015C,Suspect charged
c5051a4885df8386af55d3f1ad0655697dd0a160eb8870006a9c9d4f7ff32047,2021-03,South Yorkshire Police,South Yorkshire Police,-1.389419,53.350552,On or near SPA BROOK CLOSE,E01033279,Sheffield 076F,Unable to prosecute suspect
a2a6e2137853a48b7b40e75f0c831d13faeff673c2bda498bf2c1981dc89c9ef,2021-03,South Yorkshire Police,South Yorkshire Police,-1.197249,53.421748,On or near TENNYSON ROAD,E01007763,Rotherham 020E,Unable to prosecute suspect
5f210bcc6b3e9311b80fe98c7f6efa6b50fbb0dfac37d90a1ae90585d09999bf,2021-03,South Yorkshire Police,South Yorkshire Police,-1.156587,53.608755,On or near MANOR WAY,E01007491,Doncaster 002E,Unable to prosecute suspect
5f210bcc6b3e9311b80fe98c7f6efa6b50fbb0dfac37d90a1ae90585d09999bf,2021-03,South Yorkshire Police,South Yorkshire Police,-1.156587,53.608755,On or near MANOR WAY,E01007491,Doncaster 002E,Unable to prosecute suspect
476f9c89e913c3c7b885bd3c067488c2717987824d0a821953cb83e61839bf20,2021-03,South Yorkshire Police,South Yorkshire Police,-1.520026,53.355858,On or near MARSH HOUSE ROAD,E01007928,Sheffield 055B,Suspect charged
3a37fb9157af84d2af23ee14b383160093e0b0bc85cc98b53c4b6f5dc4f06076,2021-03,South Yorkshire Police,South Yorkshire Police,-1.453484,53.361649,On or near EAST BANK ROAD,E01008101,Sheffield 043D,Suspect charged
8a9b73ba938d9fd36a563af459547657087d21819e41720a71362031af7a5892,2021-03,South Yorkshire Police,South Yorkshire Police,-1.404204,53.362249,On or near STRADBROKE AVENUE,E01007963,Sheffield 045A,Suspect charged
8a9b73ba938d9fd36a563af459547657087d21819e41720a71362031af7a5892,2021-03,South Yorkshire Police,South Yorkshire Police,-1.404204,53.362249,On or near STRADBROKE AVENUE,E01007963,Sheffield 045A,Suspect charged
8a9b73ba938d9fd36a563af459547657087d21819e41720a71362031af7a5892,2021-03,South Yorkshire Police,South Yorkshire Police,-1.404204,53.362249,On or near STRADBROKE AVENUE,E01007963,Sheffield 045A,Suspect charged
8a9b73ba938d9fd36a563af459547657087d21819e41720a71362031af7a5892,2021-03,South Yorkshire Police,South Yorkshire Police,-1.404204,53.362249,On or near STRADBROKE AVENUE,E01007963,Sheffield 045A,Suspect charged
ab37bd3398145a5d519c5afd2d4e06b8392dcf4a32b1b2b50fb202fa0ce04b53,2021-03,South Yorkshire Police,South Yorkshire Police,-1.467077,53.370528,On or near EDMUND ROAD,E01033273,Sheffield 042F,Unable to prosecute suspect
5d085cae8fd8cafcc0598ccc151d413e7062f0a38405107433940b9e318d648c,2021-03,South Yorkshire Police,South Yorkshire Police,-1.493539,53.398832,On or near CHANNING STREET,E01008157,Sheffield 026D,Suspect charged
5d085cae8fd8cafcc0598ccc151d413e7062f0a38405107433940b9e318d648c,2021-03,South Yorkshire Police,South Yorkshire Police,-1.493539,53.398832,On or near CHANNING STREET,E01008157,Sheffield 026D,Suspect charged
293a87baae3566a3665728dba7a591026c2b45fa1c228970e855e5bd4800a723,2021-03,South Yorkshire Police,South Yorkshire Police,-1.354350,53.555632,On or near PEAR TREE CLOSE,E01007354,Barnsley 020G,Action to be taken by another organisation
31bfa26b0563b3227771ba43ec4648d8d33e9fea02123eae95ea3e4780fa838a,2021-03,South Yorkshire Police,South Yorkshire Police,-1.415174,53.390744,On or near BASFORD PLACE,E01007906,Sheffield 027D,Unable to prosecute suspect
e2ad2dc36d2354597445041b7895d07377579bdf2b58b48a94bcc9c33f0020c9,2021-03,South Yorkshire Police,South Yorkshire Police,-1.415174,53.390744,On or near BASFORD PLACE,E01007906,Sheffield 027D,Suspect charged
828e75556231687dd9ad7ec51af2aefec494cbaaf3193029dffab61ae39145d8,2021-03,South Yorkshire Police,South Yorkshire Police,,,No location,,,Suspect charged
828e75556231687dd9ad7ec51af2aefec494cbaaf3193029dffab61ae39145d8,2021-03,South Yorkshire Police,South Yorkshire Police,,,No location,,,Suspect charged
ff5bf4f3a7e4259397f7b43359b7f944b9dc9502c9cd2a36f455466ba53f2cb6,2021-03,South Yorkshire Police,South Yorkshire Police,-1.287783,53.459157,On or near Park/Open Space,E01007720,Rotherham 010B,Investigation complete; no suspect identified
d55e04f36479f4ebebf9181649ca529bfbad161bef401361bf3b142a374af778,2021-03,South Yorkshire Police,South Yorkshire Police,-1.368875,53.454813,On or near MAIN STREET,E01007731,Rotherham 009D,Investigation complete; no suspect identified
5452cd17fb663f594d216b820d17af46facfa2ff93a211c61f8fc495a937c4b5,2021-03,South Yorkshire Police,South Yorkshire Police,-1.357739,53.434349,On or near Parking Area,E01007714,Rotherham 017B,Investigation complete; no suspect identified
dbcce3c409db51136e935f4f6f44042c53f779ef094bf8c15119a12f1c66747f,2021-03,South Yorkshire Police,South Yorkshire Police,-0.979986,53.620837,On or near LOWHILL,E01007640,Doncaster 003E,Investigation complete; no suspect identified
82a868685a6fff7f1e70397914a94a0864f95fd96ea383d73a6083aec62ba03a,2021-03,South Yorkshire Police,South Yorkshire Police,-1.145848,53.525912,On or near Prison,E01007529,Doncaster 022A,Suspect charged
246af74eaee108e88ff48b71430e171bde6e6c5109b13157a12796780cd66303,2021-03,South Yorkshire Police,South Yorkshire Police,-1.256465,53.487092,On or near SKIPTON CLOSE,E01007543,Doncaster 032C,Action to be taken by another organisation
9b019ac2f27f2f2236e0f385b7533cac7e01365b8d33c011ffc73744a676ae36,2021-03,South Yorkshire Police,South Yorkshire Police,-1.256465,53.487092,On or near SKIPTON CLOSE,E01007543,Doncaster 032C,Action to be taken by another organisation
134b188b13bc2df2755bd1970d604f9f481dbc0adfd3a646753185672b14b729,2021-03,South Yorkshire Police,South Yorkshire Police,-1.496527,53.488434,On or near MAPLE COURT,E01007424,Barnsley 028E,Investigation complete; no suspect identified
97ca771779baaf35f7f00fcfff135ecf038161494a18ab6a4c8c92fb01d63528,2021-03,South Yorkshire Police,South Yorkshire Police,-1.373622,53.359369,On or near Supermarket,E01007970,Sheffield 049D,Investigation complete; no suspect identified
3598e0f52f42c97b029ba183c1204ffa27c0e92ec905fc0d9284cb98fdb533eb,2021-03,South Yorkshire Police,South Yorkshire Police,-1.347077,53.438633,On or near HARDWICKE ROAD,E01007768,Rotherham 014D,Suspect charged
25d7c0f482afedb0e344fbbf88005fa14d4f3a4ab957267a5339ed7732a8b78e,2021-03,South Yorkshire Police,South Yorkshire Police,-1.508000,53.360286,On or near PSALTER LANE,E01007936,Sheffield 047D,Investigation complete; no suspect identified
2a2c3714a87b8ee914b6ae51a588e975bc2671d0bfdb5f7d987f61b2a8ac5ec6,2021-03,South Yorkshire Police,South Yorkshire Police,-1.264602,53.425246,On or near MAIN STREET,E01007681,Rotherham 012A,Investigation complete; no suspect identified
02642d0d3fb124162343505f1434e425be09042781a7fcad236aad57b4109de4,2021-03,South Yorkshire Police,South Yorkshire Police,-1.476996,53.357125,On or near LITTLE LONDON PLACE,E01007981,Sheffield 053C,Investigation complete; no suspect identified
ee5925d8172b5b6b130a61488a99a53b6181b8b7ad7f65b10b3601efb2b0c02b,2021-03,South Yorkshire Police,South Yorkshire Police,-1.440968,53.432736,On or near LOWHOUSE ROAD,E01008055,Sheffield 007C,Further action is not in the public interest
7200aac80db5380c7c5eceddea6915c86650c70d445f9b23d64cc7661bad7b6e,2021-03,South Yorkshire Police,South Yorkshire Police,-1.484687,53.474271,On or near PACK HORSE LANE,E01007898,Sheffield 003D,Investigation complete; no suspect identified
2d8537b5416897d07c3937a9570bb833c3086b1342e4599645990f3ee7f21c18,2021-03,South Yorkshire Police,South Yorkshire Police,-1.466406,53.394157,On or near FOX STREET,E01007875,Sheffield 022B,Investigation complete; no suspect identified
54769c5e140ca491fb4cf1348a800ca87e2b9178dead870a8da328e7c0d83900,2021-03,South Yorkshire Police,South Yorkshire Police,-1.442201,53.394891,On or near EAST COAST ROAD,E01033269,Sheffield 022G,Unable to prosecute suspect
a5d27ba76767711777d7a833ee18a70bd74871ec82990a7ecf4dd56505e5e6d5,2021-03,South Yorkshire Police,South Yorkshire Police,-1.370504,53.358831,On or near CROSS STREET,E01007964,Sheffield 049A,Unable to prosecute suspect
f1599cb1b321284b9fe520ebbfc83f90e7f6faea910f54f9baee20459b6f8027,2021-03,South Yorkshire Police,South Yorkshire Police,-1.460401,53.538369,On or near WORSLEY CLOSE,E01007416,Barnsley 018D,Suspect charged
e47a196fc81ab26374309c586202c2a879b10eaf46dcb955976d0ad1e722100c,2021-03,South Yorkshire Police,South Yorkshire Police,-1.451339,53.383571,On or near ST JOHN'S ROAD,E01007885,Sheffield 075E,Investigation complete; no suspect identified
e9208dba67df86eb9398b0421ac25ef200904e14c2c1c7ebebade380b6e34de9,2021-03,South Yorkshire Police,South Yorkshire Police,-1.026687,53.597864,On or near KENNETH AVENUE,E01007628,Doncaster 004D,Investigation complete; no suspect identified
ddac029be1ce3b76c316bbe0241f2836bd658100748e1c018603822308d13d85,2021-03,South Yorkshire Police,South Yorkshire Police,-1.145273,53.554492,On or near DAW LANE,E01007506,Doncaster 010A,Investigation complete; no suspect identified
18bf047b81007a2e1bc12e1988b2901cbf05efcdc5cc7cd0dd521a1c2327951a,2021-03,South Yorkshire Police,South Yorkshire Police,-1.487022,53.385510,On or near ST STEPHEN'S WALK,E01008068,Sheffield 026B,Investigation complete; no suspect identified
72cfccfe10b62e2e9da2ce3f7f604ae76cc263fc0648ae4c7c3ba1a544f6878f,2021-03,South Yorkshire Police,South Yorkshire Police,-1.448589,53.364835,On or near BELDON PLACE,E01008095,Sheffield 043A,Further action is not in the public interest
8ccab553b664c721ce4e064b90facf4ea2388ea75b10bed0a1f33eab08f5cf2b,2021-03,South Yorkshire Police,South Yorkshire Police,-1.477924,53.361039,On or near DALTON COURT,E01008112,Sheffield 042D,Unable to prosecute suspect
e929f5a219c173ecce5d251a232511165f4460d006c70bbbec2d3fdc4622c732,2021-03,South Yorkshire Police,South Yorkshire Police,-1.494162,53.418654,On or near BINSTED AVENUE,E01008088,Sheffield 012B,Investigation complete; no suspect identified
bb8f7793c99f6570454991ab1d6875c3bc2561f78d61214657debc0eb4e164bb,2021-03,South Yorkshire Police,South Yorkshire Police,-0.951457,53.609211,On or near TRAVIS AVENUE,E01007642,Doncaster 003G,Unable to prosecute suspect
96cb86a2f4204c6ed91b168a9df46a46e4fcfaa66659795d431a3741dae5c661,2021-03,South Yorkshire Police,South Yorkshire Police,-1.428958,53.361849,On or near QUEEN MARY MEWS,E01008013,Sheffield 039C,Suspect charged
ecd80788571d0dba4cfc518d7846a0cc0efcd433f92b0bc5e795e7658fd3377c,2021-03,South Yorkshire Police,South Yorkshire Police,-0.951457,53.609211,On or near TRAVIS AVENUE,E01007642,Doncaster 003G,Unable to prosecute suspect
2ee1896e622af00aa2683f18fe55cf300801f97b6501487ee762a15fdb59511d,2021-03,South Yorkshire Police,South Yorkshire Police,-1.268685,53.340768,On or near THOMAS STREET,E01007751,Rotherham 033C,Offender given a caution
a40d0644360d8a913deb95e8dc9630c5cf64e5526436c209c490e8f784ab2bd2,2021-03,South Yorkshire Police,South Yorkshire Police,-1.131567,53.522753,On or near Nightclub,E01007645,Doncaster 022E,Investigation complete; no suspect identified
0e61cd5182f1b417a270c197699e9984d98ef5d50bf6f7df4d3e9029561f7983,2021-03,South Yorkshire Police,South Yorkshire Police,-1.396275,53.416070,On or near NEWMARCH STREET,E01007913,Sheffield 018C,Investigation complete; no suspect identified
ae8b5bf31a0760c38ccaa1512632df8fbf70c44da41b97792a5ca8a7cc51b860,2021-03,South Yorkshire Police,South Yorkshire Police,-1.461029,53.426968,On or near DRUMMOND ROAD,E01033277,Sheffield 011E,Investigation complete; no suspect identified
23e7b6495735d4ee2d5e5fa30a828a790f84889152429af1053d9d70c9853d1c,2021-03,South Yorkshire Police,South Yorkshire Police,-1.443798,53.498402,On or near ALLENDALE DRIVE,E01007389,Barnsley 030A,Unable to prosecute suspect
b0a25f5cb8f1893c320ccd9d842a49a017df16a6cb8cdaa4fb6eb41ed305193c,2021-03,South Yorkshire Police,South Yorkshire Police,,,No location,,,Investigation complete; no suspect identified
b25ecfa5857710c6b30a301664b2f4c6e8f41c8e29a4958ae790be6cbf36d2d4,2021-03,South Yorkshire Police,South Yorkshire Police,-1.400259,53.524258,On or near SNOWDEN TERRACE,E01007448,Barnsley 023B,Investigation complete; no suspect identified
3dbcd0dae39b905b7450564ab9a53dc6f52b97ed06876e5e8518a7b2107ef071,2021-03,South Yorkshire Police,South Yorkshire Police,-1.475469,53.366413,On or near WARD PLACE,E01008112,Sheffield 042D,Action to be taken by another organisation
b06d5536749e00b71c614fb6733e2e70d67b9ed8f329391dcdc2f23cf3999412,2021-03,South Yorkshire Police,South Yorkshire Police,-1.434662,53.379314,On or near MANOR LANE,E01007886,Sheffield 075F,Investigation complete; no suspect identified
0e72b36c4fb30ece1358a5e911ec4847f9124b6611d225599e79b990352c08c7,2021-03,South Yorkshire Police,South Yorkshire Police,-1.282939,53.315640,On or near Motorway Service Area,E01007751,Rotherham 033C,Investigation complete; no suspect identified
503f3437e10c74251b730c015e378073678e66c8eb88e5ddc60fbca692327a47,2021-03,South Yorkshire Police,South Yorkshire Police,-1.475469,53.366413,On or near WARD PLACE,E01008112,Sheffield 042D,Action to be taken by another organisation
73877245712cae1f3e33aa1a7ab4d41ef0b120566edf33f4dd2c0fe733af6ca3,2021-03,South Yorkshire Police,South Yorkshire Police,-1.670087,53.490252,On or near SHAW LANE,E01008128,Sheffield 008C,Investigation complete; no suspect identified
60f32d818e3e0fb9eb446a28117b0ab0100b348ac62f6e2e7c5e2bcca46b5c27,2021-03,South Yorkshire Police,South Yorkshire Police,-1.458478,53.540050,On or near LARCH PLACE,E01007416,Barnsley 018D,Suspect charged
60f32d818e3e0fb9eb446a28117b0ab0100b348ac62f6e2e7c5e2bcca46b5c27,2021-03,South Yorkshire Police,South Yorkshire Police,-1.458478,53.540050,On or near LARCH PLACE,E01007416,Barnsley 018D,Suspect charged
cf396f3ac9efcc3d1164e6e5f0bd74f95f4ef766432847d4d7089d28c32ef128,2021-03,South Yorkshire Police,South Yorkshire Police,-1.475469,53.366413,On or near WARD PLACE,E01008112,Sheffield 042D,Action to be taken by another organisation
6c1034d16c2d5a6ea33b0f6a41f75ef51644c13e840d66fa9f43383add42560b,2021-03,South Yorkshire Police,South Yorkshire Police,-1.475469,53.366413,On or near WARD PLACE,E01008112,Sheffield 042D,Action to be taken by another organisation
551fc766b21e741e80d2b385d21b72c3af724dbaecb3f68e7535876432aff56f,2021-03,South Yorkshire Police,South Yorkshire Police,-1.459245,53.355221,On or near CARFIELD LANE,E01007976,Sheffield 051B,Investigation complete; no suspect identified
0d30a3682f5fed55518dcacd66b344dcf1a957c831684f98a29bb063e0d4925c,2021-03,South Yorkshire Police,South Yorkshire Police,-1.354342,53.434017,On or near Pedestrian Subway,E01007714,Rotherham 017B,Investigation complete; no suspect identified
89e947b893c50584a1751b20c27faa6fe1980e89d4dbaa311dd52df6bfb6f100,2021-03,South Yorkshire Police,South Yorkshire Police,,,No location,,,Investigation complete; no suspect identified
d0421657558c9755404737267d1d448d84cfba10d7293edd84d7849872e0264b,2021-03,South Yorkshire Police,South Yorkshire Police,-1.077214,53.477196,On or near RECREATION LANE,E01007592,Doncaster 037B,Investigation complete; no suspect identified
acce6346cddc7f12cf601249f9a6a7abecb4df6cb8e7cdd7686897ae9c1380de,2021-03,South Yorkshire Police,South Yorkshire Police,-1.459117,53.377225,On or near CLAYWOOD DRIVE,E01007879,Sheffield 075B,Investigation complete; no suspect identified
0f928c0299d4016abbb4f5e4a5c7e7c9a51c8463266153f0f1c5f3928135f5d7,2021-03,South Yorkshire Police,South Yorkshire Police,-1.475469,53.366413,On or near WARD PLACE,E01008112,Sheffield 042D,Action to be taken by another organisation
32843073fd8201f09a5a15f61afd93c2f08e71520a37daff4fb7b4cb507e5fc4,2021-03,South Yorkshire Police,South Yorkshire Police,-1.380011,53.509126,On or near KNOLLBECK AVENUE,E01007694,Rotherham 001B,Investigation complete; no suspect identified
293fa3af823b033abc6cd9161861d6117e4067148db4c470957ef552e104cee9,2021-03,South Yorkshire Police,South Yorkshire Police,-1.451310,53.433818,On or near PERKYN ROAD,E01008057,Sheffield 007D,Investigation complete; no suspect identified
299034d823a9608682c129282f31bd0ec12e8a421883895490261c0a3453f2e7,2021-03,South Yorkshire Police,South Yorkshire Police,,,No location,,,Investigation complete; no suspect identified
7ce8b0cf2b5000b70e09c716b49727cd866fef0ddbe72b5ea9760d597a9391da,2021-03,South Yorkshire Police,South Yorkshire Police,-1.475469,53.366413,On or near WARD PLACE,E01008112,Sheffield 042D,Action to be taken by another organisation
877c2fd3703625196260cab6e90c747a8531c98ee7c66035d4ae1a2d93832666,2021-03,South Yorkshire Police,South Yorkshire Police,-1.153570,53.619763,On or near SELBY ROAD,E01007489,Doncaster 002C,Investigation complete; no suspect identified
b7a3ef0d416bc272db3e428eb52fd4b6e2ef1376cf81ad5ee73172c813bf552f,2021-03,South Yorkshire Police,South Yorkshire Police,-1.228614,53.483788,On or near CASTLE STREET,E01007542,Doncaster 032B,Investigation complete; no suspect identified
53c35b07150348b4cc4ea5fb9f5a40cdaba762e10dabc8f330f40fc848065191,2021-03,South Yorkshire Police,South Yorkshire Police,-1.510154,53.353311,On or near WOODHOLM ROAD,E01007931,Sheffield 047A,Investigation complete; no suspect identified
624c59e8f94e8a3b6b928fc145e572ef35493f2647cb63a65855428c9dc0c2a5,2021-03,South Yorkshire Police,South Yorkshire Police,-0.973763,53.616838,On or near DOROTHY AVENUE,E01007640,Doncaster 003E,Investigation complete; no suspect identified
75910d7aacce40efbde70903738f3873c2a56fed646a4cc175140cc0df880953,2021-03,South Yorkshire Police,South Yorkshire Police,-1.466826,53.387012,On or near MILLSANDS,E01033264,Sheffield 073D,Investigation complete; no suspect identified
51aa424d45e6517fc9e9cace3d1d38db5072aa45560b34b5b5a166bb3791a288,2021-03,South Yorkshire Police,South Yorkshire Police,-1.395700,53.361065,On or near STRADBROKE DRIVE,E01007963,Sheffield 045A,Investigation complete; no suspect identified
b89eca1cd6141523023eff2a77b04c5a486c3a7496ba2f0314beafd88a93295a,2021-03,South Yorkshire Police,South Yorkshire Police,-1.407224,53.590484,On or near BLEAK AVENUE,E01007331,Barnsley 003B,Investigation complete; no suspect identified
2d07bd09b0fbfdfab17de144d611f4e774bb457ea337dd644aab5f5a9087d104,2021-03,South Yorkshire Police,South Yorkshire Police,-1.355568,53.433592,On or near WATER STREET,E01007714,Rotherham 017B,Investigation complete; no suspect identified
d2b6c76197e3262f8154399cd0a9c526ff076bd198790e8babc5be89fef16ecc,2021-03,South Yorkshire Police,South Yorkshire Police,-1.593299,53.460120,On or near Park/Open Space,E01008147,Sheffield 002D,Investigation complete; no suspect identified
168b446541b62ee472a612c00b4835d9a68b2a8d85087eb2c93bca29ad70d663,2021-03,South Yorkshire Police,South Yorkshire Police,-1.446614,53.411783,On or near ADDISON ROAD,E01007949,Sheffield 020E,Suspect charged
6b31a0432eec00e407ea564ac2400b32b7e0e94bba1553f959db7d34cff3ebdf,2021-03,South Yorkshire Police,South Yorkshire Police,-1.102440,53.542044,On or near Supermarket,E01007652,Doncaster 015D,Investigation complete; no suspect identified
4de2dd4b8a256cf265768c068489bc79a31807f83819bdb6dae1fc7a11634532,2021-03,South Yorkshire Police,South Yorkshire Police,-1.153272,53.515961,On or near SHADY SIDE,E01007529,Doncaster 022A,Further action is not in the public interest
d6d4497f3df0d82edeb318af50481efe782ed9f3cd16d1dc617567188a0968ca,2021-03,South Yorkshire Police,South Yorkshire Police,-1.630622,53.456457,On or near MOOR LANE,E01008128,Sheffield 008C,Investigation complete; no suspect identified
335c46379c13651ff0049e6ed0772f66d8aec39322f4fec2689d8f426b94f487,2021-03,South Yorkshire Police,South Yorkshire Police,-1.488947,53.424394,On or near DOE ROYD DRIVE,E01008118,Sheffield 009E,Investigation complete; no suspect identified
4796fd9ecd64e2abc0a579370834398010cf0e3e3bd5bb1af6005a7b6b40ebec,2021-03,South Yorkshire Police,South Yorkshire Police,-1.478863,53.584427,On or near LAXTON ROAD,E01007323,Barnsley 007A,Investigation complete; no suspect identified
6d1e672f05baddcdbace862fef2a666f969b456f79b7dc7a04ca88fdc439f0e5,2021-03,South Yorkshire Police,South Yorkshire Police,-1.371444,53.370495,On or near RETFORD ROAD,E01007911,Sheffield 032D,Investigation complete; no suspect identified
cf240cb1acca9e5479562df03e66efca845808add72daa309c3f966c0ca709ef,2021-03,South Yorkshire Police,South Yorkshire Police,-1.098629,53.525368,On or near RUNNYMEDE ROAD,E01007569,Doncaster 018F,Investigation complete; no suspect identified
1fbed49a3d6d16c1bbf78db0d8a9e1bfaac15ed41b58d32bb786f161a4fec8d8,2021-03,South Yorkshire Police,South Yorkshire Police,-1.474468,53.531960,On or near STAINBOROUGH VIEW,E01007459,Barnsley 021B,Investigation complete; no suspect identified
5f2a78665ddfc48debcdb4255c435a6cd7b8337754d17087af8a895195fa0380,2021-03,South Yorkshire Police,South Yorkshire Police,-1.456042,53.409750,On or near Hospital,E01007942,Sheffield 020D,Investigation complete; no suspect identified
d6ca075d792692b4a7f92661058b317c138f1f2521fdc8e88a0dcbaf8e990a26,2021-03,South Yorkshire Police,South Yorkshire Police,-1.487260,53.376945,On or near HOLBERRY GARDENS,E01008104,Sheffield 036E,Investigation complete; no suspect identified
3511019e67412131bb6f50e5bb4ff0872f4c1512cdf443a3e77e04f444600d4b,2021-03,South Yorkshire Police,South Yorkshire Police,-1.487260,53.376945,On or near HOLBERRY GARDENS,E01008104,Sheffield 036E,Investigation complete; no suspect identified
5b9be3abc3224f7cbda9aba6c61ccfe426fdbba7a8585af817473334b45e07e0,2021-03,South Yorkshire Police,South Yorkshire Police,-1.194060,53.600528,On or near WELL LANE,E01007490,Doncaster 002D,Investigation complete; no suspect identified
653a6ea84578bbbebe0d5cf10dc62c439519b729fd41ebd2db568f7ee76fd164,2021-03,South Yorkshire Police,South Yorkshire Police,-1.196680,53.416800,On or near VICTORIA STREET,E01007760,Rotherham 020D,Investigation complete; no suspect identified
dccdca6f282075c81b2d32f3cf59f4d48ec81e27c2e9737f74574170f11a843c,2021-03,South Yorkshire Police,South Yorkshire Police,-1.089816,53.548744,On or near MERCHANTS WAY,E01007656,Doncaster 015F,Investigation complete; no suspect identified
7eb3dd93be062060ffb160adcc575ee1bf73ca61d909a60a3cc7f2b09d6d0413,2021-03,South Yorkshire Police,South Yorkshire Police,-1.498662,53.409604,On or near BARKER'S PLACE,E01008091,Sheffield 017C,Investigation complete; no suspect identified
ea539573d1ff22ef3eea3a4898b4303bcbb304ac2991c24369e151f419408359,2021-03,South Yorkshire Police,South Yorkshire Police,-1.491257,53.393492,On or near BURGOYNE CLOSE,E01008157,Sheffield 026D,Investigation complete; no suspect identified
1be87e6ac132dafdca62270db037cba97013d705bf625aa651e303986b143713,2021-03,South Yorkshire Police,South Yorkshire Police,-1.157464,53.607971,On or near Sports/Recreation Area,E01007491,Doncaster 002E,Investigation complete; no suspect identified
6a806b29c62540eea13f19389a3150b8ff33e59ca0313e59c2df41a83269cfc8,2021-03,South Yorkshire Police,South Yorkshire Police,-1.366853,53.411576,On or near AUGUSTUS ROAD,E01007676,Rotherham 025A,Investigation complete; no suspect identified
ef0e8da9f8512f814d7a159c556b3b7703d93633ae59191040ff3d0da99aca38,2021-03,South Yorkshire Police,South Yorkshire Police,-1.197849,53.365841,On or near MASEFIELD COURT,E01007791,Rotherham 029F,Investigation complete; no suspect identified
d99680946174e40edd9b86ae8f5730aa7a1bde6a9beec5799521fa50eef310dc,2021-03,South Yorkshire Police,South Yorkshire Police,-1.472770,53.369565,On or near HARWOOD STREET,E01008108,Sheffield 042A,Investigation complete; no suspect identified
dcd184c6ba1d23589ae705af269fb0dbc8f4b48396f03a4a0a5f4659fb095c36,2021-03,South Yorkshire Police,South Yorkshire Police,-1.474684,53.380171,On or near ROCKINGHAM LANE,E01033265,Sheffield 074C,Investigation complete; no suspect identified
12e91bf7f97002979ecd1153fc4174e647eb5c312d55f2c98ae837c2f5badabf,2021-03,South Yorkshire Police,South Yorkshire Police,-1.368242,53.435574,On or near HARTLEY LANE,E01007716,Rotherham 016B,Investigation complete; no suspect identified
c12e81aa0d917e9d5bfea6c71149a677353598f33ac3670112fab427594c14bd,2021-03,South Yorkshire Police,South Yorkshire Police,-1.374700,53.401685,On or near BRINSWORTH HALL CRESCENT,E01007704,Rotherham 025D,Investigation complete; no suspect identified
5925171b840270a6e173ebf3e5933106ffd674fc06114f04532491015fd62123,2021-03,South Yorkshire Police,South Yorkshire Police,-1.453522,53.388058,On or near SUSSEX ROAD,E01033268,Sheffield 075G,Investigation complete; no suspect identified
f38c1a2c9eb427eb7c51e72e61e207123fb4c7cb58617ef6706315e784dcbdfc,2021-03,South Yorkshire Police,South Yorkshire Police,-1.115709,53.519401,On or near BENNETTHORPE,E01007647,Doncaster 019C,Investigation complete; no suspect identified
4dd84bcbd689e8e025fce86d54a5fdc728c5b99b3947d23fec634107a7d5995a,2021-03,South Yorkshire Police,South Yorkshire Police,-1.508673,53.549858,On or near DALESWOOD AVENUE,E01007442,Barnsley 012E,Local resolution
ac5dd3d1aa64b8ba0d82b438c5d635346f7d24f7d5b5ec65f515e910e267a81c,2021-03,South Yorkshire Police,South Yorkshire Police,-1.375301,53.349310,On or near CARR FORGE ROAD,E01008031,Sheffield 061A,Suspect charged
51be525a954195db45d0fc1942bc0453a72b10424623a543eae67ba173c7fa8c,2021-03,South Yorkshire Police,South Yorkshire Police,-1.147158,53.529814,On or near SPROTBROUGH ROAD,E01007517,Doncaster 013D,Investigation complete; no suspect identified
b798eeaecaf83029b0e202dcc7d1649987de188384da072b491fb32e68b15f06,2021-03,South Yorkshire Police,South Yorkshire Police,-1.258735,53.489192,On or near PITMAN ROAD,E01007543,Doncaster 032C,Investigation complete; no suspect identified
75cdc4be2bce92de68d038f078f8f21540ccf989672121e31f3b5933007405cc,2021-03,South Yorkshire Police,South Yorkshire Police,-1.505352,53.555111,On or near GLENDALE CLOSE,E01007444,Barnsley 012F,Investigation complete; no suspect identified
6a4d8ec6bbeaf66cd831bc2fdddc3332e88973f259774cc898e3fe7cf2c5de55,2021-03,South Yorkshire Police,South Yorkshire Police,-1.367277,53.511693,On or near DERWENT WAY,E01007695,Rotherham 001C,Investigation complete; no suspect identified
05b444d21d58a187b875f20e0722714ec7ef506d7489248d686e2b9e78bab3fe,2021-03,South Yorkshire Police,South Yorkshire Police,-1.468439,53.477256,On or near BROOKDALE COURT,E01007889,Sheffield 004B,Investigation complete; no suspect identified
5a58d1d91572d92394688c3647237c8b3cd022e7d52c4e283e1f03db509cc922,2021-03,South Yorkshire Police,South Yorkshire Police,-1.071810,53.562574,On or near THE BEECHES,E01007623,Doncaster 007C,Investigation complete; no suspect identified
65f1e3cc50a41bb6fb0c5756055616a31f0a855d5d9609ef1aabb2d455829a2c,2021-03,South Yorkshire Police,South Yorkshire Police,-1.471617,53.547695,On or near GOLD STREET,E01007339,Barnsley 017B,Investigation complete; no suspect identified
4b40a2bbf4c649d5e74ec5c498232e05bdfdc54e9a5e39e0438664728a441d9e,2021-03,South Yorkshire Police,South Yorkshire Police,-1.153272,53.515961,On or near SHADY SIDE,E01007529,Doncaster 022A,Further action is not in the public interest
74ef37a67fdf510d8afa3c1d27ca2c73504580a87bf69ce2f328c52bb4c71c9f,2021-03,South Yorkshire Police,South Yorkshire Police,-1.155275,53.504721,On or near HIGH ROAD,E01007494,Doncaster 023A,Suspect charged
8531dfe7578c9bb14e13bec55bee753095ad0904f2f9acad1896a0520c82d488,2021-03,South Yorkshire Police,South Yorkshire Police,-1.463278,53.424057,On or near EMERSON CLOSE,E01008061,Sheffield 011A,Unable to prosecute suspect
3676d451c69daddbb79266312e89dd0f2c2c301445594ef3a3a5be7eaf98a0e0,2021-03,South Yorkshire Police,South Yorkshire Police,-1.332987,53.488559,On or near RACECOURSE ROAD,E01007818,Rotherham 003F,Investigation complete; no suspect identified
b6c2e55f7c7a691b945416b5ea73ad67c38a7205771d961bf3822d55de3d9cc0,2021-03,South Yorkshire Police,South Yorkshire Police,-1.496173,53.590811,On or near Petrol Station,E01007356,Barnsley 004A,Investigation complete; no suspect identified
7a9ac1c554a14cd25affa8e522c96c435100cbe83b69c4308e83932fcb349ea4,2021-03,South Yorkshire Police,South Yorkshire Police,-1.488643,53.467313,On or near SHEPLEY CROFT,E01007901,Sheffield 003G,Further action is not in the public interest
82bc4e7aaf1f80c21ca61f1129ccbe5fee85df626c2edeef659d05c438a1a6ce,2021-03,South Yorkshire Police,South Yorkshire Police,-1.446066,53.585772,On or near IVY FARM CLOSE,E01007436,Barnsley 002B,Investigation complete; no suspect identified
5e3011a1a49a95d1b554a45ad175a9ef41e7f54de516c4295621d706568f358a,2021-03,South Yorkshire Police,South Yorkshire Police,-1.478670,53.472286,On or near IRONSTONE DRIVE,E01007889,Sheffield 004B,Investigation complete; no suspect identified
cc5a680986e9507dca4b1d341f67e9618bb71e419bd4dc43c692cbad69604188,2021-03,South Yorkshire Police,South Yorkshire Police,-1.357364,53.432262,On or near BRIDGEGATE,E01007714,Rotherham 017B,Investigation complete; no suspect identified
1370d06ff10e13b07e8fe7e82bedadf2263c28412e7a054bf4754a2378422c71,2021-03,South Yorkshire Police,South Yorkshire Police,-1.329119,53.468151,On or near APOLLO STREET,E01007773,Rotherham 006C,Offender given a caution
243111a7f59bc84683796a67b4fb4989ebad2669cb34d865c086fab88cd81768,2021-03,South Yorkshire Police,South Yorkshire Police,-1.479496,53.434268,On or near DUGDALE DRIVE,E01008125,Sheffield 009G,Investigation complete; no suspect identified
080dd07f31fc269d5de61dced66016bb572c49b6bfa5d8e84e2b73a0796f1da3,2021-03,South Yorkshire Police,South Yorkshire Police,-1.113368,53.430620,On or near PINFOLD CLOSE,E01007616,Doncaster 039E,Investigation complete; no suspect identified
6482c7642d3acbbc5d2e393b4310f619b9a64f489d4f7ab2dacac72d1d2e7931,2021-03,South Yorkshire Police,South Yorkshire Police,-1.163646,53.503809,On or near ARMITAGE ROAD,E01007496,Doncaster 029A,Investigation complete; no suspect identified
56d198f5a2eeae04e86f4fa5b9db2b102c2a6fac6263f74e35111bfb264a9140,2021-03,South Yorkshire Police,South Yorkshire Police,-1.184567,53.631331,On or near RYECROFT AVENUE,E01007493,Doncaster 002G,Investigation complete; no suspect identified
e8d18294e2e7f92868a00e7ae53d054902d60fdaf284cebe0f585a6e028a889e,2021-03,South Yorkshire Police,South Yorkshire Police,-1.044419,53.528507,On or near ALDER HOLT CLOSE,E01007485,Doncaster 017C,Investigation complete; no suspect identified
ca488e0cf7c61f8da7c733d5da3fa53f2ff3d75acc4af03032d393e1f5bc2362,2021-03,South Yorkshire Police,South Yorkshire Police,-1.532161,53.367277,On or near STUMPERLOWE AVENUE,E01007865,Sheffield 038D,Investigation complete; no suspect identified
1711b824a18b429a4351a997b745500f2588218c7d3f239fa60a3ec8be6c2ad4,2021-03,South Yorkshire Police,South Yorkshire Police,-1.463278,53.424057,On or near EMERSON CLOSE,E01008061,Sheffield 011A,Unable to prosecute suspect
e74d69891eb0f31faf3d825b3dbd3c0ef6f8ee4f399ff34f46e454f295210fab,2021-03,South Yorkshire Police,South Yorkshire Police,-1.244835,53.484287,On or near MARKHAM AVENUE,E01007538,Doncaster 035B,Investigation complete; no suspect identified
aa042cb8e8e4211a5649c378367abecee28d42c9e51706e9b6f1ee3b36ba5724,2021-03,South Yorkshire Police,South Yorkshire Police,-1.071023,53.577129,On or near ELM CLOSE,E01007624,Doncaster 007D,Investigation complete; no suspect identified
a37095eaab08803703f9559cb7028fcbb1f1571b837145da4eb020cf4b7952f4,2021-03,South Yorkshire Police,South Yorkshire Police,-1.538094,53.396711,On or near RIBER CLOSE,E01008131,Sheffield 023C,Investigation complete; no suspect identified
320233c847c03d82d170d23031f15d1d9cf5a04f701cdb595a74eb3914b86a25,2021-03,South Yorkshire Police,South Yorkshire Police,-1.343959,53.453411,On or near BEAR TREE STREET,E01007784,Rotherham 008D,Investigation complete; no suspect identified
332672144693705cfcefa57353dc9f331c49876c157d775283edfbc93b0ed736,2021-03,South Yorkshire Police,South Yorkshire Police,-1.478658,53.535960,On or near VERNON CRESCENT,E01007459,Barnsley 021B,Investigation complete; no suspect identified
2c2a117e582f92f4fc59f2bec0a4610011dc7e5b7968d6a9a36bb17dd1ed88f2,2021-03,South Yorkshire Police,South Yorkshire Police,-1.434754,53.501757,On or near GREEN STREET,E01007393,Barnsley 029B,Investigation complete; no suspect identified
b04c3fdf47780eb4cd826d1bbede6602f0791648839f19d02694a2d22a3ea57a,2021-03,South Yorkshire Police,South Yorkshire Police,-1.414625,53.517292,On or near FOUNDRY GATE,E01007452,Barnsley 026B,Investigation complete; no suspect identified
4768b38d8df47cc36158d5b5cdafb85bd42b447a801d70d84b01e90658b62825,2021-03,South Yorkshire Police,South Yorkshire Police,-1.302403,53.531089,On or near POPLAR AVENUE,E01007370,Barnsley 022B,Investigation complete; no suspect identified
f682e0444dd044e87b560c99d23758c1ac3ebf2773e41927c6c6f39ab9e5da44,2021-03,South Yorkshire Police,South Yorkshire Police,-1.064225,53.555288,On or near WORRAL COURT,E01007475,Doncaster 011A,Investigation complete; no suspect identified
f2a5a62d33d33544506219d6caeb654039700d58a7724507bc2c6a25d3b0889b,2021-03,South Yorkshire Police,South Yorkshire Police,-0.969082,53.615386,On or near BROOKE STREET,E01007639,Doncaster 003D,Unable to prosecute suspect
4769bcf7b9f816f9e7e9930e97c9575da81b9aa3cd8383308048e1126e269362,2021-03,South Yorkshire Police,South Yorkshire Police,-1.413031,53.362877,On or near CHADWICK ROAD,E01008009,Sheffield 045E,Investigation complete; no suspect identified
655a755fec3a90f20dafc53446bacbdb062f75249a5fbaf6b990b4a339df450c,2021-03,South Yorkshire Police,South Yorkshire Police,-0.972430,53.615721,On or near Parking Area,E01007639,Doncaster 003D,Investigation complete; no suspect identified
7bcfb23597473fa6c5dece3c519ea457401ec8a655fad157b7b6f4b770d89713,2021-03,South Yorkshire Police,South Yorkshire Police,-1.350571,53.319893,On or near TWICKENHAM GLADE,E01008023,Sheffield 072B,Investigation complete; no suspect identified
5e28b86d03070947a840dfe600e34270731391b05edc2eaa4c094e8cd94c6693,2021-03,South Yorkshire Police,South Yorkshire Police,-1.085111,53.478551,On or near HOLMES CARR CRESCENT,E01007593,Doncaster 037C,Unable to prosecute suspect
4127e171ef2aa7b4e3f63c8b08ec8751c6bf55eeb4f08cc34053ca1fc1a0cb58,2021-03,South Yorkshire Police,South Yorkshire Police,-1.364971,53.362146,On or near MOSCROP CLOSE,E01007965,Sheffield 044A,Investigation complete; no suspect identified
d44316e2f19ab3faeb5e987bf8fd22e5e16d877f8d91ba61e3be6e9e626e31b6,2021-03,South Yorkshire Police,South Yorkshire Police,-1.441258,53.369287,On or near CITY ROAD,E01007881,Sheffield 075C,Investigation complete; no suspect identified
43b940a92288f6789e4b788081f38ac577e14debc9740a8e0c3093c31064fe3b,2021-03,South Yorkshire Police,South Yorkshire Police,-1.115370,53.537079,On or near LINCOLN ROAD,E01007651,Doncaster 015C,Investigation complete; no suspect identified
4cd0674697f4230564d84a243244ea7857d1d416ca945c29d23cfd1fee41c8b8,2021-03,South Yorkshire Police,South Yorkshire Police,-1.343035,53.323771,On or near Petrol Station,E01008023,Sheffield 072B,Investigation complete; no suspect identified
843c228eec853efd1779d4bce80d3c60a310eb8357c44f098fee0223fda373db,2021-03,South Yorkshire Police,South Yorkshire Police,-1.468492,53.382418,On or near FARGATE,E01033264,Sheffield 073D,Suspect charged
b4e276fa36a12773558bd79b8a171e7e832367dab57e4592f708f43cc424f2de,2021-03,South Yorkshire Police,South Yorkshire Police,-1.344541,53.459590,On or near HIGH STREET,E01007783,Rotherham 008C,Investigation complete; no suspect identified
bf52ad6a1d2744384707e0296d92a6bf1770418f7fb1829d0b6cb9ca3a9f6997,2021-03,South Yorkshire Police,South Yorkshire Police,-1.344541,53.459590,On or near HIGH STREET,E01007783,Rotherham 008C,Unable to prosecute suspect
c947aae48036ba4208ce1e7d246f1bb90853bff498f70b881304ff8f89ceb667,2021-03,South Yorkshire Police,South Yorkshire Police,-1.468492,53.382418,On or near FARGATE,E01033264,Sheffield 073D,Suspect charged
d6e23ce7188ca0ba7732b0dc61a6936bcef56e35263189861cc225964bc7102e,2021-03,South Yorkshire Police,South Yorkshire Police,-1.505599,53.402927,On or near HUNTER ROAD,E01007995,Sheffield 017A,Investigation complete; no suspect identified
4a9d3b7a775d8da1df0d26a6512f15074b88681a44f4bd84fc66c6349dcb16f2,2021-03,South Yorkshire Police,South Yorkshire Police,-1.386583,53.535416,On or near PADUA RISE,E01007350,Barnsley 020C,Investigation complete; no suspect identified
4dd4369675e31d007bdcb22599086aee12327a500299d0fae355dc8797a217ce,2021-03,South Yorkshire Police,South Yorkshire Police,-1.354997,53.437499,On or near RAWMARSH ROAD,E01007714,Rotherham 017B,Investigation complete; no suspect identified
dcb12bbec3b4ef78252f679cc3de9004ff86d91025de53f6a5a7cd15e6034028,2021-03,South Yorkshire Police,South Yorkshire Police,-1.315749,53.436786,On or near GREENFIELD ROAD,E01007737,Rotherham 013C,Investigation complete; no suspect identified
72c082d688c095eb5f46357fa0c914b80421e14a880a8575cc6ecf70b557c82c,2021-03,South Yorkshire Police,South Yorkshire Police,-1.496338,53.419113,On or near Supermarket,E01008091,Sheffield 017C,Unable to prosecute suspect
23b714a0910873518b2fc1b3fb7fdbc6d0281d9af71a8cb89c19bda97a90903e,2021-03,South Yorkshire Police,South Yorkshire Police,-1.032438,53.600796,On or near BRIDGE HILL,E01007626,Doncaster 004B,Investigation complete; no suspect identified
4efddaf0fc1699f24eabbc11374f5a07dd7dc43e96147e972821868a42af8e6f,2021-03,South Yorkshire Police,South Yorkshire Police,-1.478670,53.472286,On or near IRONSTONE DRIVE,E01007889,Sheffield 004B,Investigation complete; no suspect identified
48dcc6b1d2ab02519908941b04589b148b2fa916bd91ab3d12ef230befddf930,2021-03,South Yorkshire Police,South Yorkshire Police,-1.294016,53.544649,On or near ALBION DRIVE,E01007373,Barnsley 014B,Investigation complete; no suspect identified
4832e567f69b7e02a742dc685a1d698a1b80f8cfe1ecb867c65f651fff987718,2021-03,South Yorkshire Police,South Yorkshire Police,-1.406534,53.442197,On or near DROPPINGWELL FARM CLOSE,E01007743,Rotherham 015C,Investigation complete; no suspect identified
a47163ddda9153ad2ba9b983ab9b3d26edfce97fffd36ec3a938fbfeb497ecd5,2021-03,South Yorkshire Police,South Yorkshire Police,-1.344493,53.444138,On or near Shopping Area,E01007784,Rotherham 008D,Investigation complete; no suspect identified
8b1f3c414883f3bcbe9bc942dca0dccc12e4751339aebabe3cac78d0c9efa722,2021-03,South Yorkshire Police,South Yorkshire Police,-1.375255,53.428465,On or near HOLMES LANE,E01007715,Rotherham 016A,Investigation complete; no suspect identified
8ba254175a89f133f6880d59c514fbe354f5eec7f648a499a7e0088abffbf5e4,2021-03,South Yorkshire Police,South Yorkshire Police,-1.400222,53.448871,On or near REMOUNT ROAD,E01007805,Rotherham 011C,Investigation complete; no suspect identified
efcee7362aa02f90d1c32b9e28a8a18d8ed7330636888ef3be76fe24024272ee,2021-03,South Yorkshire Police,South Yorkshire Police,,,No location,,,Action to be taken by another organisation
80857703cf663489d7c33a2ad759966a4629312d725b5cd2f313c2403e05ae4d,2021-03,South Yorkshire Police,South Yorkshire Police,-1.476010,53.468032,On or near PECKHAM ROAD,E01007901,Sheffield 003G,Unable to prosecute suspect
4b872e91df9d0abc3a8e090fe7653b6807e7bb87ddac8130ba1b663b633bdb9c,2021-03,South Yorkshire Police,South Yorkshire Police,-1.441396,53.544709,On or near STANLEY ROAD,E01007322,Barnsley 015C,Investigation complete; no suspect identified
f8c03ef24124cfc404565e4a249a0de599363a4cef0fabed4d6381df19bba49f,2021-03,South Yorkshire Police,South Yorkshire Police,-1.491634,53.547279,On or near THE SQUARE,E01007445,Barnsley 013G,Investigation complete; no suspect identified
7acb33c7beb81ad2f56b0a2df884dc3f4b1b78ca4fdd995723b2ec318bf88943,2021-03,South Yorkshire Police,South Yorkshire Police,-1.170636,53.501763,On or near MELBOURNE ROAD,E01007497,Doncaster 029B,Unable to prosecute suspect
a248963b610bac3f0ef0ce487b6d8b7ca918d5c09203d5ae78075c9a3759e317,2021-03,South Yorkshire Police,South Yorkshire Police,-1.458030,53.392986,On or near BRUNSWICK ROAD,E01033269,Sheffield 022G,Unable to prosecute suspect
80fdab5e39a2599123ce31dc6541042e7031fbf7a3e0d117422a3ebdbfe6b418,2021-03,South Yorkshire Police,South Yorkshire Police,-1.422473,53.382483,On or near PARKWAY DRIVE,E01007883,Sheffield 027A,Investigation complete; no suspect identified
3ff111c1479a848b8966bc9fab12975a69468fe46efd5b7f50f350d5d8b3f635,2021-03,South Yorkshire Police,South Yorkshire Police,-1.429470,53.375271,On or near Supermarket,E01008015,Sheffield 039D,Investigation complete; no suspect identified
62eae79e4e21529a12ca9960d6abaf5869a9d503cf3dde3263aa770332a95988,2021-03,South Yorkshire Police,South Yorkshire Police,-1.478253,53.561567,On or near HONEYWELL PLACE,E01007410,Barnsley 010E,Further investigation is not in the public interest
ee6030abaf355a60145de500220bdfb3ea6ce29883887b5ee335e07906aaf903,2021-03,South Yorkshire Police,South Yorkshire Police,-1.441396,53.544709,On or near STANLEY ROAD,E01007322,Barnsley 015C,Investigation complete; no suspect identified
c6ddb06ef0badb4bf9f8e34d40fde0c4f8866b76021d88f318c141b099a8b481,2021-03,South Yorkshire Police,South Yorkshire Police,-1.130369,53.523796,On or near FRANCES STREET,E01007645,Doncaster 022E,Investigation complete; no suspect identified
4ae989a2d69a53d14b65bcbb40341c417d4ffa8d197ef40fff6e50277a69dc70,2021-03,South Yorkshire Police,South Yorkshire Police,-1.396857,53.414338,On or near NORBOROUGH ROAD,E01007914,Sheffield 018D,Investigation complete; no suspect identified
c1522892a9521e3a7b69bf0a38ad58296eeafd4e94aac208514e42fb77233961,2021-03,South Yorkshire Police,South Yorkshire Police,-1.238983,53.479486,On or near DAYLANDS AVENUE,E01007540,Doncaster 035D,Investigation complete; no suspect identified
f0c82c631425916eb7f7e5fcf98a32c782a37aa564efb35994c6320c5c161678,2021-03,South Yorkshire Police,South Yorkshire Police,-1.439509,53.344496,On or near MORLAND BANK,E01008007,Sheffield 060A,Action to be taken by another organisation
a7a90bc31391a9a7acd7adee337bda83c66596ef0926504aac9bd789f84da8e4,2021-03,South Yorkshire Police,South Yorkshire Police,-0.972430,53.615721,On or near Parking Area,E01007639,Doncaster 003D,Investigation complete; no suspect identified
6b07ee4856a5ebb2ba2e56754fe40b7602457cbfe74625f2440b6a988f0cc8df,2021-03,South Yorkshire Police,South Yorkshire Police,-1.388448,53.441477,On or near SMITHY CLOSE,E01007740,Rotherham 011A,Investigation complete; no suspect identified
da31a3e158349f23a52da4f32ea1749580b10292a3f721563c0d1a8842339335,2021-03,South Yorkshire Police,South Yorkshire Police,-1.269358,53.435756,On or near SANDEBY DRIVE,E01007692,Rotherham 012C,Investigation complete; no suspect identified
80b8379a37ab868d481aa97900ab4bedd144c5e95d302691cc3d5bd9c117edee,2021-03,South Yorkshire Police,South Yorkshire Police,-1.439509,53.344496,On or near MORLAND BANK,E01008007,Sheffield 060A,Action to be taken by another organisation
6a27d08d6397c9ef46aaa723220b88143f90d68f3a89e633baeada1a077104db,2021-03,South Yorkshire Police,South Yorkshire Police,-1.467754,53.433191,On or near WHEATA ROAD,E01008056,Sheffield 006B,Investigation complete; no suspect identified
4ecae2063f34527223befe9fca5fc8dc325d32082f205acbe100e08d53f36c05,2021-03,South Yorkshire Police,South Yorkshire Police,-1.238714,53.427188,On or near Bus/Coach Station,E01007685,Rotherham 018A,Investigation complete; no suspect identified
69ec54cfc31d59678742589e2be2daeabd1bbd2a91ad0f0ec3c900c0b11ebc18,2021-03,South Yorkshire Police,South Yorkshire Police,-1.528948,53.522210,On or near CASTLE DRIVE,E01007421,Barnsley 027A,Investigation complete; no suspect identified
4222f19baef94cf3a877babb04304d03518b6bd68c7ee7c23f9c8c8953ee5954,2021-03,South Yorkshire Police,South Yorkshire Police,,,No location,,,Investigation complete; no suspect identified
143af5e71ed139785b6fe3a56594fb832e7500562f1ba48b14968b3629ef6270,2021-03,South Yorkshire Police,South Yorkshire Police,-1.476010,53.468032,On or near PECKHAM ROAD,E01007901,Sheffield 003G,Unable to prosecute suspect
99c3c33dcd51da3ca3a61c0207ce783a48a9eec94dc31c096c36e81943835bfc,2021-03,South Yorkshire Police,South Yorkshire Police,-1.564672,53.349099,On or near HOUNDKIRK ROAD,E01007939,Sheffield 055F,Offender given a caution
f999581d9078749591d5de0b51ac55a00da0d81fb2a24016c44a95e986aa5fdb,2021-03,South Yorkshire Police,South Yorkshire Police,-1.359865,53.418046,On or near CASTLE AVENUE,E01007677,Rotherham 017A,Investigation complete; no suspect identified
a4a76805c8c76a113753bec02c44b9bc669020f617589b26158a35c143278082,2021-03,South Yorkshire Police,South Yorkshire Police,-1.463358,53.359105,On or near CARRFIELD LANE,E01007976,Sheffield 051B,Investigation complete; no suspect identified
20c12b05f57e596c83df0f01ea62b8f40f94da88be4f93146eeaa9f74c2a8d58,2021-03,South Yorkshire Police,South Yorkshire Police,-1.439616,53.367230,On or near Petrol Station,E01008097,Sheffield 043C,Investigation complete; no suspect identified
ccbe4bdb148531ed47e8c9efa607bdfac0fff44ae615d5c599ff5405e6d0a508,2021-03,South Yorkshire Police,South Yorkshire Police,-0.973763,53.616838,On or near DOROTHY AVENUE,E01007640,Doncaster 003E,Investigation complete; no suspect identified
2326f6e8c1369f5d675ac1e05b5627ebb51d51b3699ec6125fa28854d6d78ab1,2021-03,South Yorkshire Police,South Yorkshire Police,-1.303834,53.448340,On or near GARBROADS CRESCENT,E01007719,Rotherham 010A,Further investigation is not in the public interest
d75c74c3c5d061bff7423680891131e6711766cd57ec1ae7fc95f5c75698aa9d,2021-03,South Yorkshire Police,South Yorkshire Police,-1.308271,53.444941,On or near OLDGATE LANE,E01007719,Rotherham 010A,Further investigation is not in the public interest
51d9e1062a1044c5b6315de1c8edfacc88df29d93211040c1ffbd82d9c75eb63,2021-03,South Yorkshire Police,South Yorkshire Police,-1.442787,53.546836,On or near SHAFTESBURY STREET,E01007322,Barnsley 015C,Investigation complete; no suspect identified
bf4997dec191418599d88259eb8539820bcd2d6d8b4b354d698e4056c066c1ae,2021-03,South Yorkshire Police,South Yorkshire Police,-0.953596,53.630290,On or near BELVEDERE DRIVE,E01007635,Doncaster 001D,Unable to prosecute suspect
45cb4defc9d0f519fc78fc13e77068f41082a428bef961801754b52609ecd6de,2021-03,South Yorkshire Police,South Yorkshire Police,-1.015893,53.499161,On or near THE HOLLOWS,E01007599,Doncaster 026A,Unable to prosecute suspect
bf39b5f861190241383823d67da46490541f6be9b77734a002ef4c2246dc09de,2021-03,South Yorkshire Police,South Yorkshire Police,-1.134130,53.521343,On or near CLEVELAND STREET,E01007645,Doncaster 022E,Investigation complete; no suspect identified
34b9175c1dc01e24bdf7ed26c43bd8899850e82372521902d1204c80973ed4ad,2021-03,South Yorkshire Police,South Yorkshire Police,-1.363020,53.361974,On or near BADGER PLACE,E01007964,Sheffield 049A,Investigation complete; no suspect identified
4ee17e36e214c595d6621085978fd557d9e23aa50def0e5cbeddeb19786653be,2021-03,South Yorkshire Police,South Yorkshire Police,,,No location,,,Investigation complete; no suspect identified
3b33af986079a1ca14b95a6c1786357cb7f6ddc58bcd7a0defb7eb86133dfcfa,2021-03,South Yorkshire Police,South Yorkshire Police,-0.980314,53.618512,On or near QUAY ROAD,E01007640,Doncaster 003E,Investigation complete; no suspect identified
05aca741128cd6b1b687721e0b02d4dc78c1e4b2853cbd49aeca3ca799174093,2021-03,South Yorkshire Police,South Yorkshire Police,-1.022109,53.431418,On or near TOP STREET,E01007610,Doncaster 038C,Investigation complete; no suspect identified
0d5ddf2399ae8bf891e280c59dddb43472517c9e79f6ccaaf9676aa8b8b72841,2021-03,South Yorkshire Police,South Yorkshire Police,-1.463018,53.364685,On or near HEELEY BANK ROAD,E01008099,Sheffield 051E,Investigation complete; no suspect identified
72b6e824b295fceded7ec18de0172813695a185ac39b815983b7f789852e0235,2021-03,South Yorkshire Police,South Yorkshire Police,-1.486456,53.393813,On or near BARRACK LANE,E01008072,Sheffield 026C,Investigation complete; no suspect identified
64af1dde191d2fa63c3e3053482b2b1652e619114c51216256e232e33467549d,2021-03,South Yorkshire Police,South Yorkshire Police,-1.135114,53.518186,On or near MILTON WALK,E01007532,Doncaster 023B,Investigation complete; no suspect identified
19c93e9087e2055e41e0ce849c0538b6c14b2dc009e1211ae88101cb6f6d919b,2021-03,South Yorkshire Police,South Yorkshire Police,-1.506095,53.380799,On or near LYDGATE LANE,E01007868,Sheffield 030C,Unable to prosecute suspect
d9d31f28f83a032ed7bb5d1173c8f048609935d7b50383527ac8b1920ec0f8be,2021-03,South Yorkshire Police,South Yorkshire Police,-1.471582,53.389047,On or near KELHAM ISLAND,E01033262,Sheffield 073B,Investigation complete; no suspect identified
f5335ac9c1f9c10c030f8b2ac57ceafcc9134056462bf2228f7c0a41a413f1a1,2021-03,South Yorkshire Police,South Yorkshire Police,-1.459404,53.390188,On or near SPITAL HILL,E01033270,Sheffield 022H,Investigation complete; no suspect identified
d5b97c798d53d8576e47e2fcf98760ffc49d7426423d233ecb7a81fc283632c2,2021-03,South Yorkshire Police,South Yorkshire Police,-1.463278,53.424057,On or near EMERSON CLOSE,E01008061,Sheffield 011A,Investigation complete; no suspect identified
4b5295381c67e77bd5ceeef33829e6017c08fe8c1c9a08b4bd31b9aac5649635,2021-03,South Yorkshire Police,South Yorkshire Police,-1.512336,53.418847,On or near Pedestrian Subway,E01008089,Sheffield 017B,Investigation complete; no suspect identified
3a11730a29ee3add14132554d52d347b96933ffd78551d3981ed639bc10ad357,2021-03,South Yorkshire Police,South Yorkshire Police,-1.354342,53.434017,On or near Pedestrian Subway,E01007714,Rotherham 017B,Investigation complete; no suspect identified
b95c16351fcbb52c9657bf9e8830625b5c7286944b835ee1921603f46228cee9,2021-03,South Yorkshire Police,South Yorkshire Police,-1.065779,53.540927,On or near PARK AVENUE,E01033260,Doncaster 014F,Investigation complete; no suspect identified
40cd0ea42bbd4cfffbe791d64e4c58c8a52e9daa5da90f22465226aa28026788,2021-03,South Yorkshire Police,South Yorkshire Police,-1.449000,53.535522,On or near Sports/Recreation Area,E01007317,Barnsley 018A,Investigation complete; no suspect identified
b034aa38671673d7b32e1ea7d435d0b3b53e3dc5f2ac6fc2943858552c267a0f,2021-03,South Yorkshire Police,South Yorkshire Police,-1.055499,53.535687,On or near Petrol Station,E01007482,Doncaster 014D,Investigation complete; no suspect identified
1eb1158e4cc795c7ba3b0495612890258a812fb3ce3770bb3d4b4ca485949e75,2021-03,South Yorkshire Police,South Yorkshire Police,-1.494297,53.424983,On or near BROWNING DRIVE,E01008088,Sheffield 012B,Investigation complete; no suspect identified
3b529c35e243d5bc7b5894e0cde2a7d51b3f96c4af7be6a4b394317e130ba21c,2021-03,South Yorkshire Police,South Yorkshire Police,-1.255608,53.394827,On or near CHURCH STREET,E01007815,Rotherham 026D,Local resolution
39a4ec90fc53d0e2c21f827e92936b77bfceda4d511c780a0a72f81ba648779f,2021-03,South Yorkshire Police,South Yorkshire Police,-1.326154,53.522210,On or near FAIRFIELD,E01007364,Barnsley 025A,Unable to prosecute suspect
21dbf80d107c729f29c7ebb031f6cfd7f8adce6e0e5e4d7d4182ef30072fee65,2021-03,South Yorkshire Police,South Yorkshire Police,-1.494297,53.424983,On or near BROWNING DRIVE,E01008088,Sheffield 012B,Investigation complete; no suspect identified
c0cc6fbb40d27fd48bb0d0b3c882064057c8560cd8c8a63fb205b266549e7502,2021-03,South Yorkshire Police,South Yorkshire Police,-1.417226,53.392453,On or near UTTLEY CROFT,E01007904,Sheffield 018B,Further action is not in the public interest
7e9a1e63430a2f1fc6fd12a89b8123b5e72c213f451194666f6dbfd55ecac6db,2021-03,South Yorkshire Police,South Yorkshire Police,-1.160431,53.546734,On or near NEWSTEAD ROAD,E01007519,Doncaster 012E,Unable to prosecute suspect
09cb5e17e706cfe1052af4571eb2b303c22a3bf46a13a93278d61fee0d1e1ad9,2021-03,South Yorkshire Police,South Yorkshire Police,-1.483204,53.351849,On or near ATHOL ROAD,E01007983,Sheffield 053D,Further action is not in the public interest
7b5d2e0e9375e7c35d1d0b94a9574fabe002e105b99ed5d4546d41cf16218a18,2021-03,South Yorkshire Police,South Yorkshire Police,-1.494297,53.424983,On or near BROWNING DRIVE,E01008088,Sheffield 012B,Investigation complete; no suspect identified
659622ca30621a81cbe182b205a328ae896f65dfbf7c43cea54417f3e40db747,2021-03,South Yorkshire Police,South Yorkshire Police,-1.320563,53.519068,On or near BEECHFIELD CLOSE,E01007368,Barnsley 025E,Offender given a caution
45bc163eb20f79f86316d27bda40c65c64132568e018a2789ddca7ad4559e602,2021-03,South Yorkshire Police,South Yorkshire Police,-1.301786,53.532848,On or near MARKET SQUARE,E01007369,Barnsley 022A,Unable to prosecute suspect
355be1cdfc4e57e761537928bc874c114c3099c47669d53da53e635d7ff35673,2021-03,South Yorkshire Police,South Yorkshire Police,-1.443739,53.409595,On or near WADE STREET,E01007944,Sheffield 022F,Investigation complete; no suspect identified
226fbeaaf76451900c3eb35c212d990d3166c99e5f3082fc820cf88df04646ec,2021-03,South Yorkshire Police,South Yorkshire Police,-1.320563,53.519068,On or near BEECHFIELD CLOSE,E01007368,Barnsley 025E,Offender given a caution
7d9556e712a1444d73bc57cb63a1290bcdc753a3956041ffe648688259fc0f7c,2021-03,South Yorkshire Police,South Yorkshire Police,-1.320563,53.519068,On or near BEECHFIELD CLOSE,E01007368,Barnsley 025E,Suspect charged
a3851816e2aa0c8aa23f71f9645ec7f980ba388e17204929076f80a8f305c480,2021-03,South Yorkshire Police,South Yorkshire Police,-1.230607,53.483576,On or near WELLGATE,E01007542,Doncaster 032B,Unable to prosecute suspect
5a44b32500b2530b1fe9c0410393c06bea916623f93f3b29ca81a2527ca270be,2021-03,South Yorkshire Police,South Yorkshire Police,-1.476590,53.424556,On or near BUCHANAN ROAD,E01033277,Sheffield 011E,Unable to prosecute suspect
882740b92705e3e7e642a35612308e74125fa6af6ce650f970ca651f0f5c1b97,2021-03,South Yorkshire Police,South Yorkshire Police,-1.152203,53.517418,On or near EDEN GROVE,E01007531,Doncaster 022C,Investigation complete; no suspect identified
85fd0182be62bf7ad979108c41f5240eb072c01baf25bc2124fa487375df8019,2021-03,South Yorkshire Police,South Yorkshire Police,-1.356591,53.435584,On or near CLAIRE COURT,E01007714,Rotherham 017B,Investigation complete; no suspect identified
66dfa27c79923ae2a1ebdc7ad61bcb6d2089bd8cdde8cb05dee0bee6b633174d,2021-03,South Yorkshire Police,South Yorkshire Police,-1.353691,53.385600,On or near STATION ROAD,E01007701,Rotherham 027D,Unable to prosecute suspect
a0f29c2aa48673160802129c3b35c491a649da054d605ee31e5335c9b6415c27,2021-03,South Yorkshire Police,South Yorkshire Police,,,No location,,,Investigation complete; no suspect identified
2c382f630f2dfa144a28d6d78157a5c3b39272dc9190dfabd6537034268c0792,2021-03,South Yorkshire Police,South Yorkshire Police,-1.323542,53.364049,On or near SCHOOL STREET,E01007671,Rotherham 031A,Unable to prosecute suspect
020b19865a0678d99ce79726bd362a7097ddbcfcdd7ee4146b34cf21501d972e,2021-03,South Yorkshire Police,South Yorkshire Police,-1.230607,53.483576,On or near WELLGATE,E01007542,Doncaster 032B,Local resolution
6aabea4f7aceb17ec38a75a72ecf5df5924a49b54ae4597752e7544082e75b19,2021-03,South Yorkshire Police,South Yorkshire Police,-1.316888,53.551586,On or near BURNSIDE,E01007378,Barnsley 014F,Suspect charged
f04e75208625f76dfc631b4a73575976eccea5bfb131250e13443b485f4a5536,2021-03,South Yorkshire Police,South Yorkshire Police,-1.354046,53.540844,On or near QUEEN'S AVENUE,E01007349,Barnsley 020B,Further action is not in the public interest
424c84bbe104d8ae70378cc80fc17400222e6a9c831bf167ebc4a47607ac6f90,2021-03,South Yorkshire Police,South Yorkshire Police,-1.460031,53.413139,On or near LONGLEY HALL ROAD,E01007947,Sheffield 013C,Investigation complete; no suspect identified
8db22554d494f210257210ee19aeed6b75317be6771a8a862178143aaa671cf5,2021-03,South Yorkshire Police,South Yorkshire Police,-1.312734,53.486530,On or near Supermarket,E01007800,Rotherham 003E,Unable to prosecute suspect
41fed4c5fa161f6b547bd4ee92b83b0a9f7cf4b2684d6da902f11d86adac318a,2021-03,South Yorkshire Police,South Yorkshire Police,-1.129259,53.553648,On or near STATION ROAD,E01007505,Doncaster 013A,Investigation complete; no suspect identified
984300999d0c2f951f0c4ecf336cec683065bd0a769c628c922de9a4ae0a83ae,2021-03,South Yorkshire Police,South Yorkshire Police,-1.459425,53.542742,On or near BRACKEN COURT,E01007416,Barnsley 018D,Unable to prosecute suspect
39fab26ef543705050d7a0bbe9bf239edf1593ce86c4343fbeb209e865fda1c9,2021-03,South Yorkshire Police,South Yorkshire Police,-1.380808,53.429590,On or near ROSEBERY STREET,E01007715,Rotherham 016A,Unable to prosecute suspect
f8ccbe1db6ac6e05241b11e7c8f4a34f1c6217faa89861a3094c40413dfd6379,2021-03,South Yorkshire Police,South Yorkshire Police,-1.462774,53.332693,On or near NORTON LANE,E01008079,Sheffield 064F,Investigation complete; no suspect identified
bfdb665e9f65c96b791da18b8f37e6cc81dd15406b2e4ff343b467499a201930,2021-03,South Yorkshire Police,South Yorkshire Police,-1.482606,53.419863,On or near DRYDEN AVENUE,E01008122,Sheffield 012E,Suspect charged
fcea0b3be0bc51f4e56a907d682fa4969ce5f46e77da8375784fe9a2bf5bba02,2021-03,South Yorkshire Police,South Yorkshire Police,-1.486886,53.365572,On or near AGDEN ROAD,E01008111,Sheffield 040D,Unable to prosecute suspect
702cd3690c46dccb3ec6d0b3e2a09a475c6724d61bd9b1432ae8621394997a1c,2021-03,South Yorkshire Police,South Yorkshire Police,-1.462265,53.430398,On or near MARTIN CRESCENT,E01008056,Sheffield 006B,Investigation complete; no suspect identified
29a4b88222925a7c5f4d96c9de44e631907c8e5869f63cf5c053807b3c62afed,2021-03,South Yorkshire Police,South Yorkshire Police,-1.486886,53.365572,On or near AGDEN ROAD,E01008111,Sheffield 040D,Unable to prosecute suspect
89cef1397cf2b8b50b07d19446fa1fb5e46ea39b3b9c070e6f27d02147a88152,2021-03,South Yorkshire Police,South Yorkshire Police,-1.397622,53.375043,On or near RICHMOND PARK CRESCENT,E01007910,Sheffield 037A,Investigation complete; no suspect identified
44edfe2bb32eeefd133f6bd8c06a2aabf8aa17396ea64ee75cfa992e7e3e2353,2021-03,South Yorkshire Police,South Yorkshire Police,-1.537309,53.395657,On or near LITTLE MATLOCK GARDENS,E01008131,Sheffield 023C,Investigation complete; no suspect identified
3a7963f8fdcb3a59ed2231bd22a7327419193a732350624fc21bad2a362a86ed,2021-03,South Yorkshire Police,South Yorkshire Police,-1.481464,53.369045,On or near WASHINGTON ROAD,E01008107,Sheffield 040C,Investigation complete; no suspect identified
18de818b4b38ad1b4c04eea91eb33a670f1cddc7ad1493695e1561addcbc1f29,2021-03,South Yorkshire Police,South Yorkshire Police,,,No location,,,Unable to prosecute suspect
77e3b145a536b2638e53e90a375f37b211ec1ff688909be67333ef7a0e0a1f50,2021-03,South Yorkshire Police,South Yorkshire Police,-1.530837,53.394777,On or near WOODFARM CLOSE,E01007997,Sheffield 025A,Investigation complete; no suspect identified
4f7a932c03576830e17cf9e3214f4a859c0ffbe361e6dff2fe465bdf1027b9e9,2021-03,South Yorkshire Police,South Yorkshire Police,-1.493139,53.369248,On or near Supermarket,E01007864,Sheffield 036D,Investigation complete; no suspect identified
d25e1171c6081824620c8f28bcff31bae9e91cfb6355ffc2246b03feaf900fb2,2021-03,South Yorkshire Police,South Yorkshire Police,-1.372582,53.537402,On or near SHROGGS HEAD CLOSE,E01007351,Barnsley 020D,Investigation complete; no suspect identified
4d90a9b4e622a61481c9b3d18bf8cbff494141b645dd63b0b2dec9c621275635,2021-03,South Yorkshire Police,South Yorkshire Police,-1.516605,53.397921,On or near WOODEND CLOSE,E01007996,Sheffield 021E,Investigation complete; no suspect identified
66e42b233d0fe81a6226660dd1e3535867c02ae049a53dcea196f5a01a530638,2021-03,South Yorkshire Police,South Yorkshire Police,-1.064225,53.555288,On or near WORRAL COURT,E01007475,Doncaster 011A,Investigation complete; no suspect identified
339b1c850eb36b32782bc35ac6dff8de5d45f873c8bc0f9d99df36d455a89bc7,2021-03,South Yorkshire Police,South Yorkshire Police,-1.307103,53.535189,On or near GOSLING GATE ROAD,E01007376,Barnsley 022D,Investigation complete; no suspect identified
654b10d41beb47d201608e63ec21622c14983b5b6b42faa5dc0ec64a084fa60c,2021-03,South Yorkshire Police,South Yorkshire Police,-1.324206,53.435072,On or near SOUTH CRESCENT,E01007739,Rotherham 013E,Investigation complete; no suspect identified
15a2e4f874f480226d3c99dbf78c7fa86c330b66d49567bea349214f151f7dd7,2021-03,South Yorkshire Police,South Yorkshire Police,-1.475550,53.427158,On or near DEERLANDS AVENUE,E01033277,Sheffield 011E,Investigation complete; no suspect identified
0186bf782c28c8197a7ada0b00daf99dc88e178832f611458123544db1846be7,2021-03,South Yorkshire Police,South Yorkshire Police,-1.177392,53.630877,On or near MANOR CLOSE,E01007493,Doncaster 002G,Investigation complete; no suspect identified
0bc2545d525b2ebb7643308d735a38d3315b4029773a329f7f55acbdf63c3399,2021-03,South Yorkshire Police,South Yorkshire Police,-0.953184,53.605406,On or near FOXHILL ROAD,E01007642,Doncaster 003G,Investigation complete; no suspect identified
48c4d49ddf6c5983a2c0f229125c9105ed5b1b2e37a599efea5ba8c482c8766d,2021-03,South Yorkshire Police,South Yorkshire Police,-1.537309,53.395657,On or near LITTLE MATLOCK GARDENS,E01008131,Sheffield 023C,Investigation complete; no suspect identified
89b52176dbf84f7e68fe9c1a5c63520c06fa199fd4c6f6ebeb314a5dd2d912b6,2021-03,South Yorkshire Police,South Yorkshire Police,-1.435597,53.344999,On or near MORLAND DRIVE,E01008007,Sheffield 060A,Investigation complete; no suspect identified
5658a24900a58d3c6173f54d613a41e6f6fedd05e05e693ea2ca2b69bff47105,2021-03,South Yorkshire Police,South Yorkshire Police,-1.306197,53.534347,On or near KELLY STREET,E01007376,Barnsley 022D,Investigation complete; no suspect identified
19b70cbb5e9c9f395d5ca112dacf6088a7d17a010c6cf17adc5c9f29cac433dc,2021-03,South Yorkshire Police,South Yorkshire Police,-1.463495,53.446269,On or near WHITLEY VIEW,E01008135,Sheffield 005C,Unable to prosecute suspect
279d19caba5a47973fd64b84fb001043cfaacabeadecc556d535af167cd4fe2b,2021-03,South Yorkshire Police,South Yorkshire Police,-1.306837,53.366488,On or near ROSSLYN AVENUE,E01007669,Rotherham 030C,Investigation complete; no suspect identified
22c5afb04cc8d10c83e7ad7fbd8341da5797e69023df490741bb956a831e293e,2021-03,South Yorkshire Police,South Yorkshire Police,-1.438721,53.405616,On or near ADSETTS STREET,E01007877,Sheffield 022D,Suspect charged
87d8b07b0f71d88ef2f59eddc1adbbdcded26cc2d98c432886f10e6387d1ba17,2021-03,South Yorkshire Police,South Yorkshire Police,-1.342620,53.451328,On or near LLOYD STREET,E01007784,Rotherham 008D,Investigation complete; no suspect identified
c4b4922616784870ca5e6dab0c2dcbe1429a1a5371d489b77caee6982bacc6c5,2021-03,South Yorkshire Police,South Yorkshire Police,-1.380447,53.594016,On or near CHURCH COURT,E01007330,Barnsley 006B,Unable to prosecute suspect
39788e734b149a95fbd6e3caee719e65767a90dcb301188bace64747ccabc9ab,2021-03,South Yorkshire Police,South Yorkshire Police,-1.379701,53.450834,On or near ROBINETS ROAD,E01007730,Rotherham 009C,Unable to prosecute suspect
f69a91abe1b916577248c83752078d21dc97dc69e000ec7b548316a2f49ed055,2021-03,South Yorkshire Police,South Yorkshire Police,-1.528255,53.356242,On or near BENTS GREEN PLACE,E01007939,Sheffield 055F,Suspect charged
313f79a7c38da659b5253241a71095bba28531a4e9ed30ab8811aca64ac60b07,2021-03,South Yorkshire Police,South Yorkshire Police,-1.528255,53.356242,On or near BENTS GREEN PLACE,E01007939,Sheffield 055F,Suspect charged
a15e21e473ae21dc392e2002977805f19a876c21532ecfbf7ae82d9d7832b1aa,2021-03,South Yorkshire Police,South Yorkshire Police,-1.145848,53.525912,On or near Prison,E01007529,Doncaster 022A,Unable to prosecute suspect
25d95d3b4546c3c98f1686bb64646a74d9cd1944e9f502c5f4365dae5cc9f4a1,2021-03,South Yorkshire Police,South Yorkshire Police,-1.434103,53.392003,On or near STANIFORTH ROAD,E01033269,Sheffield 022G,Unable to prosecute suspect
71a6dd5c5a0ee6349c2af7eb7acf2fa6f22f7158086df7246a8619ad5166d21d,2021-03,South Yorkshire Police,South Yorkshire Police,-1.327464,53.437527,On or near DENE ROAD,E01007738,Rotherham 013D,Unable to prosecute suspect
bfaefe749bef6da23ce8e5cfd4c47c0a075b4e4c2f2152853ca70faf6e94c4b2,2021-03,South Yorkshire Police,South Yorkshire Police,-1.361124,53.429451,On or near MAIN STREET,E01007714,Rotherham 017B,Further investigation is not in the public interest
2cba4a636874aa7e69c57860ad9b7a1be4e915024b5fb5c0ea8eeaf4482b83c3,2021-03,South Yorkshire Police,South Yorkshire Police,-1.338357,53.462100,On or near GEORGE PLACE,E01007775,Rotherham 008A,Suspect charged
34d2c12c8ff02b2222872725c6da42a6439b44ba7a0443018536f56a77533a4e,2021-03,South Yorkshire Police,South Yorkshire Police,-1.145848,53.525912,On or near Prison,E01007529,Doncaster 022A,Unable to prosecute suspect
ab8408a70fc575278fac41a43fb729d15a8c6019e9e11ca4bf9cb3963daf760b,2021-03,South Yorkshire Police,South Yorkshire Police,-1.387519,53.452744,On or near Pedestrian Subway,E01007732,Rotherham 009E,Unable to prosecute suspect
d02c4b7fc1a68c51f48dc41a66e56c4b9910bc6430bf2ebb3a985531410779e8,2021-03,South Yorkshire Police,South Yorkshire Police,-1.391428,53.377259,On or near QUARRY ROAD,E01007909,Sheffield 032C,Unable to prosecute suspect
4bcc93fd2bcc063c58d2a7ce38cb8cd7864c3a9a33f85b6bc25964b061bd838c,2021-03,South Yorkshire Police,South Yorkshire Police,-1.501703,53.471144,On or near HAGUE LANE,E01007899,Sheffield 003E,Unable to prosecute suspect
bb1639d8ffeb60c70fe33b1c0f9c1f610b18121ac30397fcfdd8765cb20f23d3,2021-03,South Yorkshire Police,South Yorkshire Police,-1.485250,53.554766,On or near CHURCHFIELD,E01007336,Barnsley 013A,Unable to prosecute suspect
46899845754bc9d4d5652c192f49d2e6247701140c64e2c5ca48da5c45f5ae01,2021-03,South Yorkshire Police,South Yorkshire Police,-1.338105,53.460885,On or near HALLAM PLACE,E01007776,Rotherham 008B,Unable to prosecute suspect
4d4947df2a768c306bb63b15932fdbbc12165c184c463209d6394b436d37e752,2021-03,South Yorkshire Police,South Yorkshire Police,-1.491595,53.414374,On or near OXSPRING BANK,E01008092,Sheffield 012D,Suspect charged
58402d51d85cd28e3bfa8ddd5f051c215e98d23edf25883dd81a0052f2dda582,2021-03,South Yorkshire Police,South Yorkshire Police,-0.946131,53.629469,On or near SOUTH ROAD,E01007634,Doncaster 001C,Unable to prosecute suspect
b1ff22038bf89f6053b1d0b1e5507a5fa69f8d85bd9f010fa465c53d8838a6fb,2021-03,South Yorkshire Police,South Yorkshire Police,-1.437854,53.364084,On or near CRADOCK ROAD,E01008097,Sheffield 043C,Unable to prosecute suspect
414b7df1a0f3e4ef4f08bdcbf9ad4c9f61809ccea3330b947f6ee70746de7ac1,2021-03,South Yorkshire Police,South Yorkshire Police,-1.437854,53.364084,On or near CRADOCK ROAD,E01008097,Sheffield 043C,Unable to prosecute suspect
86908d953fbb7244d28f6ea18aa9ecc217e59cffd28cad09d94e6414571c8788,2021-03,South Yorkshire Police,South Yorkshire Police,-1.485251,53.428917,On or near WORDSWORTH CLOSE,E01008116,Sheffield 009C,Suspect charged
b837a9b7023be18d8ff4c8d35f17207a6761bd60dcffc408920e3950f8938c65,2021-03,South Yorkshire Police,South Yorkshire Police,-1.305220,53.498154,On or near Hospital,E01007574,Doncaster 031D,Investigation complete; no suspect identified
afc9eff0538735968e18c5bdb1946b746a18be9a005882598066d1380ab96e85,2021-03,South Yorkshire Police,South Yorkshire Police,-1.480417,53.379720,On or near Supermarket,E01033266,Sheffield 074D,Investigation complete; no suspect identified
62567b896a4ae198e3ac5947c9d2b8174f62e5e382d47a75c161539f957ed79c,2021-03,South Yorkshire Police,South Yorkshire Police,-0.988158,53.576844,On or near OLD EPWORTH ROAD (EAST),E01007553,Doncaster 008A,Investigation complete; no suspect identified
9bfa74add841315c8c8061ce55543d3fd6890818198a63b23fb456117aeda7e1,2021-03,South Yorkshire Police,South Yorkshire Police,-1.442021,53.340778,On or near RAEBURN ROAD,E01008076,Sheffield 060C,Investigation complete; no suspect identified
46fa986fa2572c178404d71666bb29150f03df80672705b67b86893ea695a5da,2021-03,South Yorkshire Police,South Yorkshire Police,,,No location,,,Investigation complete; no suspect identified
f530579ef8dcef8e19d4b28990d857441ee04f5d9cf14bb166ce245d6e60fcea,2021-03,South Yorkshire Police,South Yorkshire Police,-1.451039,53.412738,On or near ELLERTON ROAD,E01007949,Sheffield 020E,Investigation complete; no suspect identified
02b16a72804a1b4e50c17b80a23275b7f89c1b7810fa78a4dc40f5da499813a8,2021-03,South Yorkshire Police,South Yorkshire Police,-1.130127,53.522356,On or near HALL GATE,E01007645,Doncaster 022E,Investigation complete; no suspect identified
34b2c071406d0524f6eb84195d558ccb562e9796cd862213f81053ee922a488a,2021-03,South Yorkshire Police,South Yorkshire Police,-1.132407,53.553267,On or near Pedestrian Subway,E01007505,Doncaster 013A,Investigation complete; no suspect identified
d939def3cd3f51b424f0d7d7ed880d2b870aefe7e117acbb7630219e44b0bc8a,2021-03,South Yorkshire Police,South Yorkshire Police,-1.330130,53.464202,On or near CLAY PIT LANE,E01007774,Rotherham 006D,Investigation complete; no suspect identified
788f64ee571d292abbb17d1ed278ca152b61d53671929ae8be90f0cc510bb420,2021-03,South Yorkshire Police,South Yorkshire Police,-1.299092,53.447377,On or near WEST VALE GROVE,E01007719,Rotherham 010A,Investigation complete; no suspect identified
9e53fe5737758a90fbe931ee86937ff93caf10138e6577336b465c0bdc3b045b,2021-03,South Yorkshire Police,South Yorkshire Police,-1.471453,53.409244,On or near LONGLEY AVENUE WEST,E01007943,Sheffield 019C,Investigation complete; no suspect identified
56878204eafb706c80ecd0c9af946c36409b79435a51c09e4a5ab42d19ce3d16,2021-03,South Yorkshire Police,South Yorkshire Police,-1.351376,53.342019,On or near Supermarket,E01008034,Sheffield 056D,Suspect charged
cfe56b3dacb81b9cef835d28615c5c1b45b88f4318974a388517e9165c9bf19f,2021-03,South Yorkshire Police,South Yorkshire Police,-1.351376,53.342019,On or near Supermarket,E01008034,Sheffield 056D,Suspect charged
9104518a922bb1425b5a256494855586bbca7676f9e68562db91b2975533a2cf,2021-03,South Yorkshire Police,South Yorkshire Police,-1.216232,53.485145,On or near MILNER GATE,E01007620,Doncaster 020D,Investigation complete; no suspect identified
d257ce82fbbcca6592f426e0a8f1016a10d4b9f4fe7b0ac05bec5188429d555b,2021-03,South Yorkshire Police,South Yorkshire Police,-1.424906,53.389344,On or near GARTH CLOSE,E01007905,Sheffield 027C,Investigation complete; no suspect identified
3184d49f5dcfb0e81535a7006a7d4920b6897e88a2612b491d58cb284d6b2511,2021-03,South Yorkshire Police,South Yorkshire Police,-1.468638,53.569866,On or near EMLEY VIEW,E01032550,Barnsley 010G,Investigation complete; no suspect identified
b99b36fa74068450360fe658056b6ae9bdbee1443ac8a6d010c7b34ff9db441b,2021-03,South Yorkshire Police,South Yorkshire Police,-1.459129,53.499623,On or near STONEY CROFT,E01007396,Barnsley 028A,Investigation complete; no suspect identified
ea22f75e824a540346a9ed4b7ae83353502bf2acee62843c422c6dd1cb6918bb,2021-03,South Yorkshire Police,South Yorkshire Police,-1.433235,53.458524,On or near SOUGH HALL ROAD,E01007802,Rotherham 007C,Investigation complete; no suspect identified
afa9f77e459512df6bc27697bdaf886864f7c371152ffafc8d9fa96b37a6bad9,2021-03,South Yorkshire Police,South Yorkshire Police,-1.456429,53.535079,On or near WELLINGTON CRESCENT,E01007462,Barnsley 021E,Investigation complete; no suspect identified
8136159abb5aac8d756daa30eb4f1811196e8754bede0e97efa5bb983ee168a1,2021-03,South Yorkshire Police,South Yorkshire Police,-1.464976,53.375094,On or near FORNHAM STREET,E01033274,Sheffield 042G,Investigation complete; no suspect identified
ed55886fc551e0a48a23cf52d331273d18d2be63d33b47720deda29220000e6b,2021-03,South Yorkshire Police,South Yorkshire Police,-1.496440,53.442331,On or near PENISTONE ROAD,E01008134,Sheffield 005B,Investigation complete; no suspect identified
a7b43d20bdcdd0971c3f075da70ad0d9a110917da025165b6124c2e9e543ff4f,2021-03,South Yorkshire Police,South Yorkshire Police,-1.479509,53.354304,On or near BINFIELD ROAD,E01007981,Sheffield 053C,Investigation complete; no suspect identified
e068b428ff356c592780a1989eaf2d9d658f3c6d9fa10ba8ad0604710f0d2db9,2021-03,South Yorkshire Police,South Yorkshire Police,-1.463871,53.439160,On or near Supermarket,E01008138,Sheffield 006D,Investigation complete; no suspect identified
b87e90a421e598a4780a53afd65b70c86646c1ed8d55c2903adba9ae8d192c77,2021-03,South Yorkshire Police,South Yorkshire Police,-1.350860,53.384901,On or near FRONT STREET,E01007700,Rotherham 027C,Investigation complete; no suspect identified
c96aa596860990b08a2793f301ae90712c5ca7d47c7437bcd77f7f81800fbe77,2021-03,South Yorkshire Police,South Yorkshire Police,-1.105155,53.528518,On or near Sports/Recreation Area,E01007565,Doncaster 018B,Investigation complete; no suspect identified
40a6a4a1b4c22a690d3f498d9f759a0b7d2242b2102af9094ce7db5df5c17e16,2021-03,South Yorkshire Police,South Yorkshire Police,-1.351376,53.342019,On or near Supermarket,E01008034,Sheffield 056D,Suspect charged
f28e490e9c7967e8a72950c4539e48d7564ad0b3f546b4c5ec184de2d07684d9,2021-03,South Yorkshire Police,South Yorkshire Police,-0.990449,53.591649,On or near Petrol Station,E01007559,Doncaster 008D,Investigation complete; no suspect identified
333d828f18956d3e9e5c52a73a51c2ec2e9374a734af9862e601da8dd06afaf9,2021-03,South Yorkshire Police,South Yorkshire Police,-1.147158,53.529814,On or near SPROTBROUGH ROAD,E01007517,Doncaster 013D,Unable to prosecute suspect
baeca8d675db46c34d8b675cb57fae033e7711f2d0f0a88674eb807dfaecf8a1,2021-03,South Yorkshire Police,South Yorkshire Police,-1.448370,53.419009,On or near Supermarket,E01008062,Sheffield 013E,Investigation complete; no suspect identified
356dc88bb790cf694327f4ca18563163fe3ae0e1efa73af386784046c75d82b7,2021-03,South Yorkshire Police,South Yorkshire Police,-1.402931,53.525198,On or near LOWER YORK STREET,E01007448,Barnsley 023B,Investigation complete; no suspect identified
b1856b93bb635fd20e71cabfa232c07ef8ce23133d6521fa589c850889e6973d,2021-03,South Yorkshire Police,South Yorkshire Police,-1.340743,53.501573,On or near NEW ROAD,E01007821,Rotherham 002E,Investigation complete; no suspect identified
26977ab9c20c8d1413ed296f74a8c66d308487f862a95168159c60c73cf4b420,2021-03,South Yorkshire Police,South Yorkshire Police,-1.411542,53.583027,On or near MONTAGUE STREET,E01007342,Barnsley 003C,Unable to prosecute suspect
5035ca85daf9a57ab5125029a4a59c1d28941cae22cf81b95e6ed7c311897bd6,2021-03,South Yorkshire Police,South Yorkshire Police,,,No location,,,Investigation complete; no suspect identified
1a94bd9cdbdc6264d1b881a00311570ba16506cecba0b6cf2342e15b91739eb5,2021-03,South Yorkshire Police,South Yorkshire Police,-1.471019,53.406608,On or near Sports/Recreation Area,E01007871,Sheffield 019B,Investigation complete; no suspect identified
d2b998a22ac44eb8913c3b0a0d2c2e87f20972aef3e6d490b056dc3a7024192b,2021-03,South Yorkshire Police,South Yorkshire Police,-1.565435,53.550095,On or near WHINMOOR WAY,E01007420,Barnsley 016C,Investigation complete; no suspect identified
cd54cd27c3360219d506aa6d463ebf9671ec510556336f01c816cf7b90d15532,2021-03,South Yorkshire Police,South Yorkshire Police,-1.434497,53.500723,On or near VICTORIA STREET,E01007393,Barnsley 029B,Investigation complete; no suspect identified
733d1bcbf32fa78d1bab2bc6aa7163a972bce8ac15a8822b0112ed6db8fcd84f,2021-03,South Yorkshire Police,South Yorkshire Police,-1.565435,53.550095,On or near WHINMOOR WAY,E01007420,Barnsley 016C,Investigation complete; no suspect identified
a856f996a74154aa75de6cb412d6c1a4706b25a125855ac2f0515cf7b6af0122,2021-03,South Yorkshire Police,South Yorkshire Police,-1.468357,53.427127,On or near HOLGATE CRESCENT,E01008119,Sheffield 009F,Investigation complete; no suspect identified
e2ee50e87e211d2e5ebba171b785e2578cf4945742ae1012d8d1119d895e9e1d,2021-03,South Yorkshire Police,South Yorkshire Police,-1.344493,53.444138,On or near Shopping Area,E01007784,Rotherham 008D,Investigation complete; no suspect identified
6e8aeb82f1d3a6a824e570a2ab014f01e744fb66c443f9db9dc1d062915d627a,2021-03,South Yorkshire Police,South Yorkshire Police,-1.359337,53.508199,On or near Petrol Station,E01007693,Rotherham 001A,Investigation complete; no suspect identified
fede1ea6997007e1024141c0e7daabfad01d29277151493ee42821d5e6a376ac,2021-03,South Yorkshire Police,South Yorkshire Police,-1.317236,53.529962,On or near EDWARD ROAD,E01007371,Barnsley 022C,Unable to prosecute suspect
95b29623d4359908b1487465f099600f18e1f7338f4934957cd563d638adff4e,2021-03,South Yorkshire Police,South Yorkshire Police,-1.359337,53.508199,On or near Petrol Station,E01007693,Rotherham 001A,Investigation complete; no suspect identified
66f182a74a48ebfb080f75cb61ca42ca9e62a4eaef750fedd8b3a5b125830123,2021-03,South Yorkshire Police,South Yorkshire Police,-1.087424,53.548393,On or near CLAY LANE,E01007656,Doncaster 015F,Investigation complete; no suspect identified
516e42548e124f5501370a3fb19babbdbe39c424b7a22584e0ee22e2362c2841,2021-03,South Yorkshire Police,South Yorkshire Police,-1.500203,53.384640,On or near SPRING VIEW ROAD,E01008069,Sheffield 028C,Suspect charged
516e42548e124f5501370a3fb19babbdbe39c424b7a22584e0ee22e2362c2841,2021-03,South Yorkshire Police,South Yorkshire Police,-1.500203,53.384640,On or near SPRING VIEW ROAD,E01008069,Sheffield 028C,Suspect charged
b10796c4b29d0673f1834349dce1f6d081e359f9a9b0aa6e376e39d2e21d05b8,2021-03,South Yorkshire Police,South Yorkshire Police,-1.496063,53.374852,On or near CLARKEHOUSE ROAD,E01007860,Sheffield 036B,Investigation complete; no suspect identified
4ab862f37efd6d705bac454ed2f6d117bc9c3ed7f46d2771057838313eb60a31,2021-03,South Yorkshire Police,South Yorkshire Police,-1.314018,53.564765,On or near TAN PIT CLOSE,E01007587,Doncaster 020C,Investigation complete; no suspect identified
4e20ddcc3b65ee0dc8cd56b6c928a06b92042a07462f5c66667bb59a21e075f8,2021-03,South Yorkshire Police,South Yorkshire Police,-1.350986,53.493251,On or near QUARRY HILL COURT,E01007817,Rotherham 002B,Investigation complete; no suspect identified
fabe01c3a5e2a641f0e3f8fee52a4cf2296bd170172dd0f8c0f891baaad05b64,2021-03,South Yorkshire Police,South Yorkshire Police,-1.345954,53.346969,On or near WYEDALE CROFT,E01008034,Sheffield 056D,Suspect charged
838f2b9c126f29a3835a688c7944a6d06d8e5c10e16c9c85a40f8cac4d7d7741,2021-03,South Yorkshire Police,South Yorkshire Police,-1.334127,53.333798,On or near LONGACRE CLOSE,E01008041,Sheffield 063D,Investigation complete; no suspect identified
24e717f94baf5fc3fc6513f3df25668316fe5691e9d815742a44aa07cbb25297,2021-03,South Yorkshire Police,South Yorkshire Police,-1.476438,53.373239,On or near Pedestrian Subway,E01033271,Sheffield 040E,Investigation complete; no suspect identified
390a911e65a3f77f6c48110be7af35d1cd043e7c462315d2b222df81f19fe54c,2021-03,South Yorkshire Police,South Yorkshire Police,-1.123596,53.515037,On or near CHILDERS STREET,E01007530,Doncaster 022B,Investigation complete; no suspect identified
fd303efad5d14a6d4721d92abc3f88d05fe371abce66578051deb009185e0b48,2021-03,South Yorkshire Police,South Yorkshire Police,-1.476968,53.329880,On or near MEADOW VIEW ROAD,E01008080,Sheffield 069D,Investigation complete; no suspect identified
dc4f9b08de4cb4225cb168915ac2cc5cfc5874719458a28fc81bd4f049808ecb,2021-03,South Yorkshire Police,South Yorkshire Police,-1.387605,53.433122,On or near BRADGATE LANE,E01007717,Rotherham 016C,Investigation complete; no suspect identified
4ef56107f65394058f345c3e84e09e957647bae09a2cf874e4f0b5462a4c6847,2021-03,South Yorkshire Police,South Yorkshire Police,-1.458353,53.532167,On or near HIGH STREET,E01007458,Barnsley 021A,Unable to prosecute suspect
e674d7842de60909748dfd5d1cd6c50ae30129f9d08847a911b8ab2d3ade6740,2021-03,South Yorkshire Police,South Yorkshire Police,,,No location,,,Unable to prosecute suspect
946026475aac76b71a6a87441f4eb278f72f93575f3abd6ffe8d507fd01610f5,2021-03,South Yorkshire Police,South Yorkshire Police,-1.473289,53.406735,On or near STANDISH ROAD,E01007871,Sheffield 019B,Investigation complete; no suspect identified
a5d62d41dbb9c2a606afa6b6395fd8e0f26c321506b16f34e26270c4311522fe,2021-03,South Yorkshire Police,South Yorkshire Police,-1.398613,53.415695,On or near DUNDAS ROAD,E01007913,Sheffield 018C,Offender given a caution
38db59b57d5018c1bb705ce345c73265a392295b1e160f2ad1efe58cfd6794f6,2021-03,South Yorkshire Police,South Yorkshire Police,-1.350247,53.384709,On or near WOODLANDS FARM,E01007700,Rotherham 027C,Investigation complete; no suspect identified
ec0c9d913830d07d340327edc0ec4e4e1f11a07536336fa887b040ee2a176561,2021-03,South Yorkshire Police,South Yorkshire Police,-1.469297,53.437414,On or near MONTENEY ROAD,E01008058,Sheffield 006C,Investigation complete; no suspect identified
0d0211a3060f314047abf83b82e9a4afa7124b51bf12955301c1703cef276fbc,2021-03,South Yorkshire Police,South Yorkshire Police,-1.464837,53.460548,On or near FALDING STREET,E01007894,Sheffield 004E,Investigation complete; no suspect identified
fcf5326e8aaed75cf6318148b98ff8532a0e89ee4312d1c279e895651c74fe68,2021-03,South Yorkshire Police,South Yorkshire Police,-1.479650,53.435203,On or near YEW LANE,E01008125,Sheffield 009G,Investigation complete; no suspect identified
d5bf3aee32f748f7412bff782e22f063f999dfc484d1d6630d5d5c8236446ef7,2021-03,South Yorkshire Police,South Yorkshire Police,-1.435464,53.559566,On or near THE CLOSE,E01007402,Barnsley 011B,Investigation complete; no suspect identified
2503caa18e341a794d6f0802c8d27233673162101a202946faab242b89a9e849,2021-03,South Yorkshire Police,South Yorkshire Police,-1.479650,53.435203,On or near YEW LANE,E01008125,Sheffield 009G,Investigation complete; no suspect identified
c88c1b7b52176ce936a6b103763000e1b52890d4c73e7abe67d2e58222075161,2021-03,South Yorkshire Police,South Yorkshire Police,-1.406658,53.448418,On or near THE COPPICE,E01007804,Rotherham 011B,Offender given a caution
adda2189cd4835f407071ef8fff3b5bc8dc9bad04c27f96659412672f348bf98,2021-03,South Yorkshire Police,South Yorkshire Police,-1.278037,53.325022,On or near WALSEKER LANE,E01007751,Rotherham 033C,Investigation complete; no suspect identified
ca1f22da67ba9d7dd18d722af6f28aa2f9a4ed0faf0c951856b3ca9cf07c3065,2021-03,South Yorkshire Police,South Yorkshire Police,-1.531174,53.366842,On or near Petrol Station,E01007865,Sheffield 038D,Investigation complete; no suspect identified
f54da3a28efd29d6f5ad208d99665b43eaa6808b7748e77b64fbbf972887661e,2021-03,South Yorkshire Police,South Yorkshire Police,-1.428159,53.367625,On or near BASSLEDENE COURT,E01008012,Sheffield 039B,Investigation complete; no suspect identified
4d0166db26463f23f6217009c2012bd21128d8fcb8b31dfc5d474af328881233,2021-03,South Yorkshire Police,South Yorkshire Police,-1.485251,53.428917,On or near WORDSWORTH CLOSE,E01008116,Sheffield 009C,Local resolution
c88478dc0ebefa60cb4b49a42a79408077fb67fe9ab910949b012fde88bfc8eb,2021-03,South Yorkshire Police,South Yorkshire Police,-1.466313,53.355882,On or near CANTERBURY ROAD,E01007980,Sheffield 053B,Investigation complete; no suspect identified
32e391352e79e8f9e76c12d668086d32bbe959932c2bca490f8c978ad69a5f77,2021-03,South Yorkshire Police,South Yorkshire Police,-1.182389,53.625869,On or near Sports/Recreation Area,E01007493,Doncaster 002G,Investigation complete; no suspect identified
b82b3bfee7a6b4d4b4a17aacbdd5c188c54627a305f5d0fa125a9371c957c05f,2021-03,South Yorkshire Police,South Yorkshire Police,-1.118599,53.499288,On or near BALBY CARR BANK,E01007502,Doncaster 028C,Investigation complete; no suspect identified
38defb12e52f730d635b27f122304762873184ff976b9b005733416e59be431e,2021-03,South Yorkshire Police,South Yorkshire Police,-1.494134,53.545204,On or near CUTLERS AVENUE,E01007445,Barnsley 013G,Investigation complete; no suspect identified
2a3a1d88b1cff174068e0c2d90550f0f583843badcad6da0876d39880ee777e9,2021-03,South Yorkshire Police,South Yorkshire Police,-1.482961,53.338427,On or near GREENHILL ROAD,E01007834,Sheffield 066D,Investigation complete; no suspect identified
99613310b9517229606e78b4c5a1e96012265ff0cda108efb8998ddb92f221e5,2021-03,South Yorkshire Police,South Yorkshire Police,-1.422075,53.422975,On or near JEDBURGH STREET,E01007847,Sheffield 014A,Investigation complete; no suspect identified
8befef2399e1afb39bf8b3e1b0ab53d673c003f3b4e971629817e8a24f5eb476,2021-03,South Yorkshire Police,South Yorkshire Police,-1.212660,53.364555,On or near FALCON WAY,E01007786,Rotherham 029D,Investigation complete; no suspect identified
d232851a46b8aaed6482dbb229e0464d31af87602b263eb0d7b1dc085a682e38,2021-03,South Yorkshire Police,South Yorkshire Police,-1.463725,53.376581,On or near TURNER STREET,E01033268,Sheffield 075G,Investigation complete; no suspect identified
c6df05777d3a2cbf25cba9b68c62469e7aa9b1aaf099eebf5242e96ba7e348b1,2021-03,South Yorkshire Police,South Yorkshire Police,-1.473643,53.552207,On or near SHERWOOD STREET,E01007337,Barnsley 015D,Investigation complete; no suspect identified
2ed1296e4cf91745863880346b9da59aba7838dfe44b9a568b6dfd67c787e2fa,2021-03,South Yorkshire Police,South Yorkshire Police,-1.461337,53.370458,On or near Petrol Station,E01008096,Sheffield 043B,Investigation complete; no suspect identified
ac138168353a9260200fdf80a3e0582078111b2c467fbf4616233db4b0f6e541,2021-03,South Yorkshire Police,South Yorkshire Police,-1.107276,53.498664,On or near Park/Open Space,E01007534,Doncaster 028D,Investigation complete; no suspect identified
f36187fcf96fdbd4c63b81c5d53737f783d4039606b8005febd1226bef5f1416,2021-03,South Yorkshire Police,South Yorkshire Police,-1.370061,53.513083,On or near MOORBRIDGE CRESCENT,E01007695,Rotherham 001C,Investigation complete; no suspect identified
2984ffc2326645ae5921b86702c8b05ce49788b16c094b71ef48f4b2ec0af3d4,2021-03,South Yorkshire Police,South Yorkshire Police,-1.524604,53.369737,On or near HANGING WATER CLOSE,E01007865,Sheffield 038D,Investigation complete; no suspect identified
254a9a4964687fe0b99034aaca307eb5f8c34a5f5139214e9b3ee2990a7694ec,2021-03,South Yorkshire Police,South Yorkshire Police,-1.144489,53.547709,On or near Police Station,E01007508,Doncaster 010B,Investigation complete; no suspect identified
1fe585a8296f0aafb3793e0dd0474acdc9028683cfbf492c56d32dfeb7b6dfe9,2021-03,South Yorkshire Police,South Yorkshire Police,,,No location,,,Investigation complete; no suspect identified
9d37d4148c973600b5c90b946865de4ff81d93d9268614a0b584c0fa2a28521a,2021-03,South Yorkshire Police,South Yorkshire Police,-1.127437,53.512350,On or near DECOY BANK NORTH,E01007530,Doncaster 022B,Investigation complete; no suspect identified
a96a74378476e7aadfff2b1b56e39e1a47c765ae93eaec672562869fdd20e388,2021-03,South Yorkshire Police,South Yorkshire Police,-1.459117,53.377225,On or near CLAYWOOD DRIVE,E01007879,Sheffield 075B,Investigation complete; no suspect identified
3806124e7c593abfc4a9e8c71167f8d87cd7df0c4d9767defe813f5de8640490,2021-03,South Yorkshire Police,South Yorkshire Police,-1.464964,53.384487,On or near CASTLE GREEN,E01033264,Sheffield 073D,Unable to prosecute suspect
a9d5400fe2c5c84e114f9ae55af67790a5e67da4f644f36c46deb4c88be7e72b,2021-03,South Yorkshire Police,South Yorkshire Police,-1.345544,53.504062,On or near Supermarket,E01007822,Rotherham 002F,Investigation complete; no suspect identified
8c2cd4e73622e6a8542d1c10f2ea3eed47ebe7955277bb046c4d911cc158ebd5,2021-03,South Yorkshire Police,South Yorkshire Police,-1.463881,53.353327,On or near CARFIELD PLACE,E01007976,Sheffield 051B,Investigation complete; no suspect identified
79f9266188ff37a086cd2e6a8320d71a9838e477b03c6be4fc6b0d71749880d3,2021-03,South Yorkshire Police,South Yorkshire Police,-1.521771,53.352980,On or near HAUGH LANE,E01007928,Sheffield 055B,Investigation complete; no suspect identified
1d3e8be1374d40c2109cf86bf37c06cdb8b32f5bb2b6c1c95c72d7fb36cdb4c9,2021-03,South Yorkshire Police,South Yorkshire Police,-1.345392,53.434633,On or near ST LEONARD'S ROAD,E01007768,Rotherham 014D,Action to be taken by another organisation
8370f4f24b025cfd726da34bfac22ee29ebe020bc61a0b4c55da8d7ca10152f2,2021-03,South Yorkshire Police,South Yorkshire Police,-1.310878,53.543399,On or near HALL FARM DRIVE,E01007375,Barnsley 014D,Investigation complete; no suspect identified
030be5dfaeb154517ba42cc9f9d0835d4be4e3429beed570ec390967a3b9e25b,2021-03,South Yorkshire Police,South Yorkshire Police,-1.323848,53.520184,On or near CARR HEAD LANE,E01007368,Barnsley 025E,Unable to prosecute suspect
02057380b1b04cb856cb32b7a3c9a71f63c7af24425e09d8479caaf4940f48d1,2021-03,South Yorkshire Police,South Yorkshire Police,-1.139502,53.557713,On or near AMY ROAD,E01007506,Doncaster 010A,Investigation complete; no suspect identified
9cf4bbcc665e7fe20f3630575937b01fbe6bb680fe25158f85ac7b8511779708,2021-03,South Yorkshire Police,South Yorkshire Police,-1.368004,53.515562,On or near PONTEFRACT ROAD,E01032924,Barnsley 026F,Investigation complete; no suspect identified
1cfb2cf5ddee563e81a6020e8a55bac78d5f0f609f8ad28ddc5e92d138354d31,2021-03,South Yorkshire Police,South Yorkshire Police,-1.323848,53.520184,On or near CARR HEAD LANE,E01007368,Barnsley 025E,Unable to prosecute suspect
a82a407ebd640f0f3f5b846f471e0c35246734ab640a3be2cc7ba16b9b636ff7,2021-03,South Yorkshire Police,South Yorkshire Police,-1.131567,53.522753,On or near Nightclub,E01007645,Doncaster 022E,Suspect charged
ab1989b95e42e62c533e845000d0e9e20cd3e2c3d1d52ceaeb00e96ce77e7626,2021-03,South Yorkshire Police,South Yorkshire Police,-1.416182,53.386281,On or near PARKER WAY,E01007906,Sheffield 027D,Suspect charged
30d3f6d8f67b7c2ce026e2eb7c23d175026fe8645fbf7bf09de5547510bf4b07,2021-03,South Yorkshire Police,South Yorkshire Police,-1.276210,53.494090,On or near CROSS GATE,E01007578,Doncaster 030B,Investigation complete; no suspect identified
8a823823a2d0aad29f10c604bb8611825385794817ef35cdebef5c27f7740817,2021-03,South Yorkshire Police,South Yorkshire Police,-1.463407,53.395914,On or near BURNGREAVE ROAD,E01007875,Sheffield 022B,Unable to prosecute suspect
2e32801902b1a8661e1c51cb9548b00b28733b5786186540c2367b1f8a68e407,2021-03,South Yorkshire Police,South Yorkshire Police,-1.459621,53.444292,On or near Supermarket,E01008135,Sheffield 005C,Investigation complete; no suspect identified
37d45d7f8573a378dca168e5c3569603f74104276d7bdd91654d39f109533759,2021-03,South Yorkshire Police,South Yorkshire Police,-1.396857,53.414338,On or near NORBOROUGH ROAD,E01007914,Sheffield 018D,Investigation complete; no suspect identified
e91224ddf4950e0abbc7ccc4309ca700b622e98c02607493eaeabb36208ca0d0,2021-03,South Yorkshire Police,South Yorkshire Police,-1.145812,53.509714,On or near BALBY ROAD,E01007534,Doncaster 028D,Investigation complete; no suspect identified
e7134f068ecd63a9bbb3533cc9bda42063af111d120e862c4aa0a6d63031bf3c,2021-03,South Yorkshire Police,South Yorkshire Police,-1.463407,53.395914,On or near BURNGREAVE ROAD,E01007875,Sheffield 022B,Unable to prosecute suspect
28a367cada4a329e814728e2d90b1b43e3d37ab4ea2c367ea71000c38670bd0f,2021-03,South Yorkshire Police,South Yorkshire Police,-1.469066,53.372560,On or near MIDLAND STREET,E01033273,Sheffield 042F,Investigation complete; no suspect identified
90f40ae2b69ed71c0b35dbcec00db0d0667c9b55adf53ddc1cd44abe3987dad0,2021-03,South Yorkshire Police,South Yorkshire Police,-1.468046,53.396528,On or near POLKA COURT,E01007870,Sheffield 019A,Investigation complete; no suspect identified
6685784834ec2a5b48177150cc5fffb6330ca57e29958738887e3e3a4a3cc761,2021-03,South Yorkshire Police,South Yorkshire Police,-1.021560,53.577139,On or near ST LAWRENCE ROAD,E01007556,Doncaster 006C,Investigation complete; no suspect identified
05b97b67c2e2db98823173f735f99560ee554f216bd205c6dde108dff4f8ea54,2021-03,South Yorkshire Police,South Yorkshire Police,-1.430643,53.499131,On or near NOBLE STREET,E01007388,Barnsley 029A,Investigation complete; no suspect identified
cb1cdd14dab3caa392a3d115934f0890b39a736ebae99456eca483e9349286e6,2021-03,South Yorkshire Police,South Yorkshire Police,-1.210129,53.354354,On or near CAPERNS ROAD,E01007662,Rotherham 032D,Investigation complete; no suspect identified
6e7cb4e301354fd5c06ec7351092a3e787392758c0083de29d2dcec4eff1e1c2,2021-03,South Yorkshire Police,South Yorkshire Police,-1.447028,53.567664,On or near Petrol Station,E01007404,Barnsley 009D,Investigation complete; no suspect identified
4122bb3c5b06232ee9e06ed1c4d96c75d6faa6ead1eb69e59b3a4393d52db303,2021-03,South Yorkshire Police,South Yorkshire Police,-1.607037,53.520146,On or near LONGLEY INGS,E01007422,Barnsley 027B,Investigation complete; no suspect identified
020f5a38840797d2a451b1c90fc5dcf56d2b64bc14217e12dc034137a5ebd3e0,2021-03,South Yorkshire Police,South Yorkshire Police,-1.465076,53.423472,On or near EMERSON CRESCENT,E01008123,Sheffield 015E,Investigation complete; no suspect identified
8454bcd457a08b391b662831d5f2cc2f44862796a0fd880c08c7e3e6393b5f5e,2021-03,South Yorkshire Police,South Yorkshire Police,-1.223974,53.477915,On or near CLIFTON HILL,E01007537,Doncaster 035A,Investigation complete; no suspect identified
fd1e3f450deb413c54a00d33f8f97198eb6b0c24f3cbc96dd98c5602343cf9f4,2021-03,South Yorkshire Police,South Yorkshire Police,-1.484568,53.547491,On or near AGNES ROAD,E01007417,Barnsley 013D,Investigation complete; no suspect identified
8ce6bcc8ce9ec3ac6cea37d01fe618620e715edff19dca05aa7bf9b5e750de8f,2021-03,South Yorkshire Police,South Yorkshire Police,-1.461416,53.535695,On or near CLIFFE AVENUE,E01007461,Barnsley 021D,Unable to prosecute suspect
d5198fbee1133c3584a078d7c342a87877f62edc45ab5e0f5e6f13f9d1c017e6,2021-03,South Yorkshire Police,South Yorkshire Police,-1.448822,53.363102,On or near KENNING HALL CLOSE,E01008100,Sheffield 048B,Investigation complete; no suspect identified
347118233664953f92af8c000056eb144fa2de5d58b0fdebcab546e3556f58f3,2021-03,South Yorkshire Police,South Yorkshire Police,-0.960482,53.614719,On or near UPPER KENYON STREET,E01007637,Doncaster 003B,Investigation complete; no suspect identified
9222206fb19138ca03656ff953bd5126b6a0602bf9ad40f458f2332a539a7151,2021-03,South Yorkshire Police,South Yorkshire Police,-1.373382,53.357282,On or near SKELTON GROVE,E01007970,Sheffield 049D,Investigation complete; no suspect identified
c27ac0a5e76fbf870c2e022861682763f005de938758dc67f6351046adefb971,2021-03,South Yorkshire Police,South Yorkshire Police,-1.449939,53.423412,On or near ILKLEY ROAD,E01008062,Sheffield 013E,Investigation complete; no suspect identified
6a57fa345ae53346ef36eca04fb6a1ed14f1469bdd41c60faacbb1074330350d,2021-03,South Yorkshire Police,South Yorkshire Police,-1.411120,53.596004,On or near DOG HILL DRIVE,E01007329,Barnsley 003A,Investigation complete; no suspect identified
2dbdb2a43103084979d634992c9ee0632bc6878895b49b5d681d98d513faf64c,2021-03,South Yorkshire Police,South Yorkshire Police,-1.258735,53.489192,On or near PITMAN ROAD,E01007543,Doncaster 032C,Investigation complete; no suspect identified
4b8b68c5047e752446f5be1edc8546666ca15da4d2eecb7eac35b2fb64724b64,2021-03,South Yorkshire Police,South Yorkshire Police,-1.421461,53.387287,On or near RIBSTON MEWS,E01007883,Sheffield 027A,Investigation complete; no suspect identified
7dd1af93fa2300fdbb07363c0a8f75b0181175cf20521e497b8a070b2670cf7a,2021-03,South Yorkshire Police,South Yorkshire Police,-1.446658,53.514972,On or near QUARRY ROAD,E01007395,Barnsley 030E,Unable to prosecute suspect
8506f00eac583b66a605d72cf314e2cb3da168cbf81d0e199e717e1391df583f,2021-03,South Yorkshire Police,South Yorkshire Police,-1.490947,53.421967,On or near MEYNELL ROAD,E01008090,Sheffield 012C,Unable to prosecute suspect
987fae14b307525de8b47fe92c747f8ba100371581910d09ba1f6a03cbc12526,2021-03,South Yorkshire Police,South Yorkshire Police,-1.453676,53.401847,On or near CAWSTON ROAD,E01007872,Sheffield 020B,Investigation complete; no suspect identified
b6b253e117976445500eba9e62c931fe18f2cc702bdeea88ee63c6142a119ee6,2021-03,South Yorkshire Police,South Yorkshire Police,-1.191506,53.422266,On or near SEYMOUR ROAD,E01007760,Rotherham 020D,Investigation complete; no suspect identified
23ca77825a6764f520736113fd28a756cd8625162c31e3190607aa7ec720519e,2021-03,South Yorkshire Police,South Yorkshire Police,-1.485250,53.554766,On or near CHURCHFIELD,E01007336,Barnsley 013A,Further investigation is not in the public interest
67be23ac8f1a2589702b1e9ab0ac60d2877821fd955384826555ca2290edc273,2021-03,South Yorkshire Police,South Yorkshire Police,-1.100732,53.509384,On or near LANGSETT COURT,E01007527,Doncaster 027B,Investigation complete; no suspect identified
962ccc558e35237c23be505acb049c1a393095d4e66b6b1dc1e56f16f048a3a6,2021-03,South Yorkshire Police,South Yorkshire Police,-1.485681,53.354556,On or near ABBEYDALE ROAD,E01008042,Sheffield 050A,Investigation complete; no suspect identified
e873f3e534138a4be3c0ca213546454cb42147a07e98885dd7c24739d6f4676e,2021-03,South Yorkshire Police,South Yorkshire Police,-1.459404,53.390188,On or near SPITAL HILL,E01033270,Sheffield 022H,Unable to prosecute suspect
90273f949d6f627c3a8ce29893ee7555441f35ab15d144222d60cb452f3bcfb0,2021-03,South Yorkshire Police,South Yorkshire Police,-1.412647,53.397347,On or near DANNEMORA DRIVE,E01007904,Sheffield 018B,Investigation complete; no suspect identified
06b6d0ed319cbc4dd6f2db3eb3327f080bdd5c6b0d460cde912af1eb2a7840c4,2021-03,South Yorkshire Police,South Yorkshire Police,-1.453533,53.499831,On or near Sports/Recreation Area,E01007397,Barnsley 028B,Investigation complete; no suspect identified
0601f227af555db3f38b8022a27bf0f883b6df8fa58eaa54ad915ef63bd1efe0,2021-03,South Yorkshire Police,South Yorkshire Police,,,No location,,,Investigation complete; no suspect identified
469b1d11cd370ab5850af0586d1ba1d342660810d3252b1b1488812125aaff73,2021-03,South Yorkshire Police,South Yorkshire Police,-1.367760,53.418376,On or near FULLERTON ROAD,E01007676,Rotherham 025A,Investigation complete; no suspect identified
8ecc53e6a73027223dcecbfea0862c847f4bdbfef63d9d0a765c3952924732e7,2021-03,South Yorkshire Police,South Yorkshire Police,-1.432237,53.501701,On or near CHERRY TREE STREET,E01007393,Barnsley 029B,Investigation complete; no suspect identified
780778f8c1cfc763f5b788208c2050288361320772278fd640a0a9d37be424d1,2021-03,South Yorkshire Police,South Yorkshire Police,-1.499593,53.558305,On or near Hospital,E01007446,Barnsley 012G,Investigation complete; no suspect identified
961ddb7a22374064000089813244e4acc70c27282542f0a46f9726e133e0f7b7,2021-03,South Yorkshire Police,South Yorkshire Police,-1.137272,53.528520,On or near NEW BRIDGE ROAD,E01007655,Doncaster 022F,Investigation complete; no suspect identified
013ddd6454a4f5a21167625a8e9ac442e097fea0b22f566fe97e6adb57881aff,2021-03,South Yorkshire Police,South Yorkshire Police,-1.353284,53.435305,On or near KENNETH STREET,E01007714,Rotherham 017B,Investigation complete; no suspect identified
ce7bf9254652041388224ca891b8453980d9cf08c6e6a277fe68b087a4efd712,2021-03,South Yorkshire Police,South Yorkshire Police,-1.435597,53.344999,On or near MORLAND DRIVE,E01008007,Sheffield 060A,Investigation complete; no suspect identified
758bf595f0f7772844c71a00bddcdda4230136ccb1736ef952e05f87883fe1aa,2021-03,South Yorkshire Police,South Yorkshire Police,-1.464661,53.497284,On or near HUNT STREET,E01007396,Barnsley 028A,Investigation complete; no suspect identified
97bf4927438335b97f1faba499991068bfe4504308bdcc3fe4d1090c32585c27,2021-03,South Yorkshire Police,South Yorkshire Police,-1.369734,53.504641,On or near BRAMPTON ROAD,E01007695,Rotherham 001C,Offender given a caution
a3c2e142b62d3ce94124b93e212e919ea3ac010396c201d03f4636b0d525bc01,2021-03,South Yorkshire Police,South Yorkshire Police,-1.150244,53.558024,On or near ASKERN ROAD,E01007511,Doncaster 010E,Investigation complete; no suspect identified
d808f443b20060f33d72fec214e787cf0ea151f556f937b5b6751c7ec46fd2f1,2021-03,South Yorkshire Police,South Yorkshire Police,-1.468535,53.329474,On or near NORTON PARK ROAD,E01007833,Sheffield 064C,Investigation complete; no suspect identified
6fd1e185bf02444efe980f420f09d02f0e779b73ae7faa5196fb40d41c8ddde1,2021-03,South Yorkshire Police,South Yorkshire Police,-1.473019,53.329907,On or near LITTLE NORTON DRIVE,E01007833,Sheffield 064C,Investigation complete; no suspect identified
ba37ee899c330b100bb4b1089ee4f8611c759b32fba2557df6e454ceccd6c366,2021-03,South Yorkshire Police,South Yorkshire Police,-1.346878,53.328727,On or near EASTCROFT GLEN,E01008019,Sheffield 065A,Investigation complete; no suspect identified
54f42713729867e554722f64ca5901a592f76c4af0e32581c423989e1c08a88d,2021-03,South Yorkshire Police,South Yorkshire Police,-1.498202,53.557266,On or near HELENSBURGH CLOSE,E01007446,Barnsley 012G,Investigation complete; no suspect identified
f52ec847206ed3552444a49f4d40ab069fc1f6f4ee3a3b377ef799ec929727ee,2021-03,South Yorkshire Police,South Yorkshire Police,-1.108672,53.506126,On or near LAKESIDE BOULEVARD,E01007644,Doncaster 019A,Investigation complete; no suspect identified
f3fa5b96332e5aaf255b97a637a2332eac37b532dfd3c33293126e6f36256c0a,2021-03,South Yorkshire Police,South Yorkshire Police,-1.528032,53.392771,On or near WELLINGTON ROAD,E01007998,Sheffield 025B,Investigation complete; no suspect identified
4fb157864d036718856332a7dcb662d53d3957a9b1c270437e1f23e68233550e,2021-03,South Yorkshire Police,South Yorkshire Police,-1.330868,53.501626,On or near GOREHILL CLOSE,E01007820,Rotherham 002D,Investigation complete; no suspect identified
cdb134c660dc2cd55400854694d48317e0c3b71557d774ab417475abd205a063,2021-03,South Yorkshire Police,South Yorkshire Police,-1.439661,53.351239,On or near SANDS CLOSE,E01007979,Sheffield 051D,Investigation complete; no suspect identified
92ca5a79f68243f921f74093d94c191aeb61438b95965a4d7fdb33d94911277e,2021-03,South Yorkshire Police,South Yorkshire Police,-1.507154,53.376309,On or near CHESTERWOOD DRIVE,E01007868,Sheffield 030C,Investigation complete; no suspect identified
32e662209faec932287f28ff35d83ff9333949bf1fcd8ff210147c4ac91f40b0,2021-03,South Yorkshire Police,South Yorkshire Police,-1.064225,53.555288,On or near WORRAL COURT,E01007475,Doncaster 011A,Investigation complete; no suspect identified
b5351c2b6efc2f991549752b8c986448d5436ff48c0491e2fc48e96c3cfd61ed,2021-03,South Yorkshire Police,South Yorkshire Police,-1.507154,53.376309,On or near CHESTERWOOD DRIVE,E01007868,Sheffield 030C,Investigation complete; no suspect identified
156d4454601a9ce6ed2523f3ca392cdf7b562309b5ae64188a3adf755346366c,2021-03,South Yorkshire Police,South Yorkshire Police,-1.143778,53.531318,On or near HUNT LANE,E01007517,Doncaster 013D,Local resolution
781a6a14cac88897d9bd6e717e4afb492f3c4c9145ae2f4ff395f2cfe72f7551,2021-03,South Yorkshire Police,South Yorkshire Police,-1.464413,53.382813,On or near FITZALAN SQUARE,E01033264,Sheffield 073D,Suspect charged
be509bc36dcd43f5270cb4312fdda50cc0049cb1db212d6bd417130c43e52481,2021-03,South Yorkshire Police,South Yorkshire Police,-1.212380,53.374055,On or near OUTGANG LANE,E01007789,Rotherham 028C,Investigation complete; no suspect identified
ccc7f133bb2faa3135d1e3bf0835de9080d889e4f23ba376b9bb6116f37f7b90,2021-03,South Yorkshire Police,South Yorkshire Police,-1.131941,53.519960,On or near Parking Area,E01007645,Doncaster 022E,Suspect charged
9d75d7f790a3f3d6fd75f438f1b84e9221e87de78df3e50c039274407f1e3667,2021-03,South Yorkshire Police,South Yorkshire Police,-1.159186,53.530321,On or near Sports/Recreation Area,E01007584,Doncaster 021A,Investigation complete; no suspect identified
c1156c5393a054302a112026827759e853aebedb1c020fbc78fee89b4bcef86a,2021-03,South Yorkshire Police,South Yorkshire Police,-1.307110,53.532941,On or near DEARNE VIEW,E01007369,Barnsley 022A,Local resolution
b108a300c84c48bcab12f9694754926650b8ef12b6e56f683738c047c8592f10,2021-03,South Yorkshire Police,South Yorkshire Police,-1.132540,53.518670,On or near COLLEGE ROAD,E01007645,Doncaster 022E,Suspect charged
8eba69dbd0c4c97c78317130c7783c159c0b48339d0d3b054de8785868ee795a,2021-03,South Yorkshire Police,South Yorkshire Police,-1.454608,53.406633,On or near FIR VALE ROAD,E01007942,Sheffield 020D,Offender given a caution
19b55772fb5b3cc5e6a2799d21b669616b05994b0613a2e7ec63df3909a3b71c,2021-03,South Yorkshire Police,South Yorkshire Police,-1.448988,53.563251,On or near HANBURY CLOSE,E01007404,Barnsley 009D,Investigation complete; no suspect identified
ef13e73866580429e1faa122546a514f094a4b6da091aa1a72ae47b5c5eb122a,2021-03,South Yorkshire Police,South Yorkshire Police,-1.108242,53.523759,On or near SANDRINGHAM ROAD,E01007649,Doncaster 019E,Unable to prosecute suspect
6014ecdb31bad842b4576039bf69cdceaae30a9b374a3cc252af24ec9b46353c,2021-03,South Yorkshire Police,South Yorkshire Police,-1.356167,53.433748,On or near Bus/Coach Station,E01007714,Rotherham 017B,Suspect charged
8ac37493e76556f4e35f0d7b8493c9d40f17a97522b813a4c2cc4d1d2878e70d,2021-03,South Yorkshire Police,South Yorkshire Police,-1.234411,53.479052,On or near ST PETER'S ROAD,E01007540,Doncaster 035D,Unable to prosecute suspect
6eb03a04852ec7da332ca81f2164018e61389dc2c4fd91aeaf31917d6b456292,2021-03,South Yorkshire Police,South Yorkshire Police,-1.458353,53.532167,On or near HIGH STREET,E01007458,Barnsley 021A,Unable to prosecute suspect
d34344fab1f7939791306a14393826d61b8bd28ebcd60b80bc39c0d93fe0c4a7,2021-03,South Yorkshire Police,South Yorkshire Police,-1.492393,53.387762,On or near WELLFIELD CLOSE,E01008073,Sheffield 030E,Unable to prosecute suspect
6c93ea57056c03265584e754afa1dad003a00aa5acd03014743bb8ebad8fb0b0,2021-03,South Yorkshire Police,South Yorkshire Police,-1.506218,53.379335,On or near HALLAMGATE ROAD,E01007868,Sheffield 030C,Unable to prosecute suspect
cdad1f63d2521b4458d62bf956e57536fa26f2be9fe596ff85741c0e2ced6775,2021-03,South Yorkshire Police,South Yorkshire Police,-1.420765,53.573535,On or near MANOR ROAD,E01007346,Barnsley 008C,Unable to prosecute suspect
91c408010d21f8ca4493af7cec1299f7829de6c4ab47f468cbd9332950699297,2021-03,South Yorkshire Police,South Yorkshire Police,-1.420765,53.573535,On or near MANOR ROAD,E01007346,Barnsley 008C,Unable to prosecute suspect
0a3f1b70454941ced40e85873fe73bbbfe3e77809c4b9fb073a49890c40edfcf,2021-03,South Yorkshire Police,South Yorkshire Police,-1.465816,53.398073,On or near MINNA ROAD,E01007870,Sheffield 019A,Action to be taken by another organisation
1a198887416b64676d001cbdf800fee48a8d5b7646eee2bb9849d1b070c96aa3,2021-03,South Yorkshire Police,South Yorkshire Police,-1.494297,53.424983,On or near BROWNING DRIVE,E01008088,Sheffield 012B,Investigation complete; no suspect identified
cb151a4db02ab2d4eec0a75cf8557b78e54710aa0cb40af01a9f9b08120d75f9,2021-03,South Yorkshire Police,South Yorkshire Police,-1.302300,53.546549,On or near CHAPEL CLOSE,E01007373,Barnsley 014B,Unable to prosecute suspect
ebf186fc93bd3d8033f159c1415b0f3705ca11edc4873638c7ffe9bc9c60ac5d,2021-03,South Yorkshire Police,South Yorkshire Police,-1.333676,53.459970,On or near GREEN ACRES,E01007776,Rotherham 008B,Action to be taken by another organisation
ad66e2377d7c6823796bff583849de38f473df0c67f9cc6d66a59fb53ede73b5,2021-03,South Yorkshire Police,South Yorkshire Police,-1.532775,53.584263,On or near WELLS STREET,E01007386,Barnsley 005E,Unable to prosecute suspect
39f1273dfbf3284d23d08a84a8b848df8b82ee526bc31b3eb379594a65ee8958,2021-03,South Yorkshire Police,South Yorkshire Police,-1.459066,53.440604,On or near MINSTER CLOSE,E01008138,Sheffield 006D,Investigation complete; no suspect identified
29907549fc15683c3f4cfdf630737c064fb3e5393e1a60a8de9191f7fb647bcf,2021-03,South Yorkshire Police,South Yorkshire Police,-1.444524,53.409364,On or near LLOYD STREET,E01007944,Sheffield 022F,Action to be taken by another organisation
052c4dc22b4251ca71b75ebb2af818368b79aa86c13576dde80a7572f5434404,2021-03,South Yorkshire Police,South Yorkshire Police,-1.444524,53.409364,On or near LLOYD STREET,E01007944,Sheffield 022F,Action to be taken by another organisation
78d49ccf91ec6399726ea2a90b27081f06d72ca40b6d307038265279f422a299,2021-03,South Yorkshire Police,South Yorkshire Police,-1.303310,53.469352,On or near GLASSHOUSE ROAD,E01007772,Rotherham 006B,Local resolution
55fc2c42ff1fc61f4afc5c71d599119d679d31a3c091dcd525a65c89a84e5c3e,2021-03,South Yorkshire Police,South Yorkshire Police,-1.487260,53.376945,On or near HOLBERRY GARDENS,E01008104,Sheffield 036E,Investigation complete; no suspect identified
56c7a018df9b109ed93f5cd6d57fb291bc92c0405226454b01c09818f1f95e15,2021-03,South Yorkshire Police,South Yorkshire Police,-1.482838,53.411945,On or near TEYNHAM ROAD,E01008094,Sheffield 019D,Unable to prosecute suspect
35db4e0aef98b548bac5da2c55e5258626959836de20945be9bbead004bf828e,2021-03,South Yorkshire Police,South Yorkshire Police,,,No location,,,Investigation complete; no suspect identified
9d49b3ecb5b42d5952db14ca116a328c86c88caa7bd7037671c63be987f8ed63,2021-03,South Yorkshire Police,South Yorkshire Police,-1.461655,53.571587,On or near ST HELENS AVENUE,E01032550,Barnsley 010G,Local resolution
4a84bcb76e12bcb4d469776908df0b9ba8a963bd61db3bc0fada435453575aa8,2021-03,South Yorkshire Police,South Yorkshire Police,-1.406190,53.525160,On or near BLYTHE STREET,E01007448,Barnsley 023B,Suspect charged
f9fd8098907b7d2b9e91d32b55b973b565bb90e7683f01c3bdf85958ff493b06,2021-03,South Yorkshire Police,South Yorkshire Police,-0.986323,53.574653,On or near CEMETERY ROAD,E01007559,Doncaster 008D,Unable to prosecute suspect
f9fd8098907b7d2b9e91d32b55b973b565bb90e7683f01c3bdf85958ff493b06,2021-03,South Yorkshire Police,South Yorkshire Police,-0.986323,53.574653,On or near CEMETERY ROAD,E01007559,Doncaster 008D,Unable to prosecute suspect
ba0f6eff966814a9af0a4623725f0d4a7f28a98376c3776f20d9404126ca114e,2021-03,South Yorkshire Police,South Yorkshire Police,-1.461655,53.571587,On or near ST HELENS AVENUE,E01032550,Barnsley 010G,Local resolution
4d03280b0a12abf1b7edb52f3d2dd38adae9c318d0e1e7fa1618becaeeda056e,2021-03,South Yorkshire Police,South Yorkshire Police,-1.212453,53.355430,On or near WHITE GATE,E01007660,Rotherham 032B,Unable to prosecute suspect
2a66ed9534b78e54909f7d325a0a22cf47f5001bc9d93a8dc7668d745eae5075,2021-03,South Yorkshire Police,South Yorkshire Police,-1.375899,53.408163,On or near CROWNHILL ROAD,E01007703,Rotherham 025C,Investigation complete; no suspect identified
1009ec26a45c821afa0d35165bba2bdf219b9aeaaff1bfb07ff0adb33f1285ac,2021-03,South Yorkshire Police,South Yorkshire Police,-1.540699,53.395067,On or near FALLON ROAD,E01008131,Sheffield 023C,Investigation complete; no suspect identified
8136134fa0ce59442e6e46fe19c30ae12ca03dc5dd8a75fc11670cfc99b6700f,2021-03,South Yorkshire Police,South Yorkshire Police,-1.028432,53.590975,On or near Supermarket,E01007626,Doncaster 004B,Investigation complete; no suspect identified
91fa491054421db81e22b46dfd3176de01a1f14d020baca14e915f161b95f9f3,2021-03,South Yorkshire Police,South Yorkshire Police,-0.986323,53.574653,On or near CEMETERY ROAD,E01007559,Doncaster 008D,Unable to prosecute suspect
25fa65b537b67aeace4d0b364dce6ffe2f51619560c94f6438f40439a5e88d0c,2021-03,South Yorkshire Police,South Yorkshire Police,-1.448692,53.596435,On or near PLANTATION AVENUE,E01007433,Barnsley 002A,Investigation complete; no suspect identified
14291acfbd9a87179ab7f45b71221c2841f9bee0e5083cd3b78f1d82582b566a,2021-03,South Yorkshire Police,South Yorkshire Police,-1.164167,53.365242,On or near BURRS LANE,E01007788,Rotherham 028B,Investigation complete; no suspect identified
8c070918e5e764d112e9f35bfb9c9cfadc0937d2a2c03bc2ba6e7b99349176ba,2021-03,South Yorkshire Police,South Yorkshire Police,-1.479938,53.553367,On or near THE ARCADE,E01007340,Barnsley 013B,Offender given a caution
b7a7b0e4d075b7b3d2c2d37b95e0ee68df14dc3f020ed7e1d1202af39c0681a5,2021-03,South Yorkshire Police,South Yorkshire Police,-1.417698,53.369938,On or near VIKINGLEA GLADE,E01008011,Sheffield 039A,Local resolution
062b81c2a48c2a4eda9be3a25a65e32c3a17ac39850ccddd9ae85a8a624ad560,2021-03,South Yorkshire Police,South Yorkshire Police,-1.464661,53.497284,On or near HUNT STREET,E01007396,Barnsley 028A,Investigation complete; no suspect identified
97565880a534003306b1e4b6f5851c0f591ae17b19a0514d6c26bf7da00e00e4,2021-03,South Yorkshire Police,South Yorkshire Police,-1.461337,53.370458,On or near Petrol Station,E01008096,Sheffield 043B,Investigation complete; no suspect identified
67f9df4963370a66ea73e497bfddcbcdf58328affe1222e9b5c2d94b7a68e0d9,2021-03,South Yorkshire Police,South Yorkshire Police,-1.496524,53.543461,On or near LACEBY COURT,E01007415,Barnsley 013C,Unable to prosecute suspect
d9ca43e740e753c7677d8717fc847c2de73cd616aa2bdc2b0a5f96a09544a04a,2021-03,South Yorkshire Police,South Yorkshire Police,-1.448192,53.568676,On or near SILVERDALE DRIVE,E01007406,Barnsley 009E,Investigation complete; no suspect identified
e1dc751b67f7111fa284402acce713c0e4aad5fd1b362d5441f4de7d798ffb1b,2021-03,South Yorkshire Police,South Yorkshire Police,-1.481814,53.586435,On or near FOUNTAIN COURT,E01007323,Barnsley 007A,Offender given a caution
e1dc751b67f7111fa284402acce713c0e4aad5fd1b362d5441f4de7d798ffb1b,2021-03,South Yorkshire Police,South Yorkshire Police,-1.481814,53.586435,On or near FOUNTAIN COURT,E01007323,Barnsley 007A,Offender given a caution
e1dc751b67f7111fa284402acce713c0e4aad5fd1b362d5441f4de7d798ffb1b,2021-03,South Yorkshire Police,South Yorkshire Police,-1.481814,53.586435,On or near FOUNTAIN COURT,E01007323,Barnsley 007A,Offender given a caution
f5a1b6df211109b76bee024a3b76e153b584a3d0dd312adf5ba01ef8370fc762,2021-03,South Yorkshire Police,South Yorkshire Police,,,No location,,,Action to be taken by another organisation
481d0d7ff9f5dbcfb703fa114b34e16c0698702b5e82a1e824764049e7c225fd,2021-03,South Yorkshire Police,South Yorkshire Police,-1.367494,53.340919,On or near LINDHOLME GARDENS,E01008040,Sheffield 061D,Investigation complete; no suspect identified
a562713801cb82099c5e302137caa5a3e7a5f2254dba6dc98bab690219c94a20,2021-03,South Yorkshire Police,South Yorkshire Police,-1.406190,53.525160,On or near BLYTHE STREET,E01007448,Barnsley 023B,Suspect charged
dacb5c11c328af47e33a5b418d79fbf99cd8a3a366c08a2742cee846adeb4b99,2021-03,South Yorkshire Police,South Yorkshire Police,-1.451999,53.422343,On or near PADLEY WAY,E01008062,Sheffield 013E,Investigation complete; no suspect identified
cc1094e8dd865a758a6aa902d21d2906e3f3c75a81a4b55199e9dde823ebcc88,2021-03,South Yorkshire Police,South Yorkshire Police,-1.172483,53.595788,On or near NORTH PARK LANE,E01007488,Doncaster 002B,Investigation complete; no suspect identified
7b41a9375c947b08934c0997e7cd47b62676dd8eb485a8cda61340e3a71e248c,2021-03,South Yorkshire Police,South Yorkshire Police,-1.232975,53.375564,On or near REDWALL CLOSE,E01007789,Rotherham 028C,Unable to prosecute suspect
8677fed2f67cd196dd77b812422ab671a8238cf1771de85b71a4fde92784231a,2021-03,South Yorkshire Police,South Yorkshire Police,-1.443160,53.369763,On or near ST AIDAN'S RISE,E01007881,Sheffield 075C,Investigation complete; no suspect identified
acb704742285a38dd0704c2d439f7f3d87dfa9934505acd003b238283ac3c2ee,2021-03,South Yorkshire Police,South Yorkshire Police,-1.367026,53.408017,On or near Petrol Station,E01007704,Rotherham 025D,Investigation complete; no suspect identified
10d706a73d43c24cd1c1ff77a9807f4a74750fb84fe79b7544fbed1511d1ac08,2021-03,South Yorkshire Police,South Yorkshire Police,-1.422442,53.413709,On or near TIPTON STREET,E01007854,Sheffield 014E,Unable to prosecute suspect
cfbde8d5bf994eb959db2288b7143f94c29ba37e678c34baa9a1971e69696504,2021-03,South Yorkshire Police,South Yorkshire Police,-1.470350,53.384188,On or near PARADISE LANE,E01033262,Sheffield 073B,Investigation complete; no suspect identified
0e460b8c29ec18bdd4482b2ca2205861a2897d902f1f8b1c8166fef9f6e99918,2021-03,South Yorkshire Police,South Yorkshire Police,-1.278350,53.366076,On or near HARDWICK LANE,E01007670,Rotherham 030D,Investigation complete; no suspect identified
d55fe2755331560ce46f3cbf1c9e42cb0730887acb05758a4e650cc4c7e8dfb1,2021-03,South Yorkshire Police,South Yorkshire Police,-1.466947,53.378546,On or near HOWARD LANE,E01033264,Sheffield 073D,Investigation complete; no suspect identified
9c061713eecd2e080f24487631f2e09fae08ba96c7528cc7ee696cf60dce4fcd,2021-03,South Yorkshire Police,South Yorkshire Police,-1.095366,53.514961,On or near Petrol Station,E01007526,Doncaster 025D,Investigation complete; no suspect identified
af7ddeaf052d2c28003559ddf5e828f127bb777cc6517b85b70115b0b527e2d9,2021-03,South Yorkshire Police,South Yorkshire Police,-1.349890,53.426900,On or near BERNARD STREET,E01007680,Rotherham 023D,Investigation complete; no suspect identified
2f8851767f83c2d48c0b743104f0afa42814505dd9678f66c072ebf5a75a8daf,2021-03,South Yorkshire Police,South Yorkshire Police,-1.262607,53.395337,On or near CROSS STREET,E01007809,Rotherham 026B,Investigation complete; no suspect identified
f628ad42bbe3b21d631a06cc8e82284f785d64a381d08df9a1c76592204ee9ad,2021-03,South Yorkshire Police,South Yorkshire Police,-1.357948,53.431429,On or near CORPORATION STREET,E01007714,Rotherham 017B,Investigation complete; no suspect identified
f7fb69066a07d5a75b1613d61a9db77d606ebc0bb588e82b74e1b177a9053683,2021-03,South Yorkshire Police,South Yorkshire Police,-1.422686,53.389009,On or near CATTAL STREET,E01007905,Sheffield 027C,Unable to prosecute suspect
01fa109598dfdd8188e76b69dd6ca4d40e50c94acdda8ad0ab9951e53714cd40,2021-03,South Yorkshire Police,South Yorkshire Police,-1.410684,53.400079,On or near RANSKILL COURT,E01007904,Sheffield 018B,Further investigation is not in the public interest
3ff75acb9e06021f404f27dc9a5926be87f42760501d77791eb06e0688735389,2021-03,South Yorkshire Police,South Yorkshire Police,-1.474857,53.375911,On or near Shopping Area,E01008114,Sheffield 074A,Investigation complete; no suspect identified
95417c3b3d107489178097606280eece1bd0b99d7c21358238de201c9ff93ea3,2021-03,South Yorkshire Police,South Yorkshire Police,-1.488054,53.394737,On or near WOOD STREET,E01008072,Sheffield 026C,Investigation complete; no suspect identified
cc187d755de8dbe3c953359ea5633def75ea5ab4266b21a0b5acdda71b884a26,2021-03,South Yorkshire Police,South Yorkshire Police,-1.527349,53.595450,On or near BLUEBELL ROAD,E01007355,Barnsley 005A,Investigation complete; no suspect identified
ebe49d2e7bbd1b779e35763dbde19115fdb93be0b7b5479ca353797f69975bc8,2021-03,South Yorkshire Police,South Yorkshire Police,-1.182033,53.539396,On or near Parking Area,E01007587,Doncaster 020C,Action to be taken by another organisation
3509258e6ef50497dfb702caec28c713d95567cdf7407b281983e3d61aa08cb2,2021-03,South Yorkshire Police,South Yorkshire Police,-1.367026,53.408017,On or near Petrol Station,E01007704,Rotherham 025D,Investigation complete; no suspect identified
719e54d4a47f72e3fb0b9ec97af4bf73543f115b051ef3550396a2a0bf850532,2021-03,South Yorkshire Police,South Yorkshire Police,-0.990449,53.591649,On or near Petrol Station,E01007559,Doncaster 008D,Investigation complete; no suspect identified
3d22205dda5d849314ebdfc5d4e73525b301e6424a33acf6f72c8e4a6cd80b54,2021-03,South Yorkshire Police,South Yorkshire Police,-1.182033,53.539396,On or near Parking Area,E01007587,Doncaster 020C,Action to be taken by another organisation
8e5987a385e3c6d0dee78618f7408d6ffb73343ff67990d6d81e32d2ea02bf3c,2021-03,South Yorkshire Police,South Yorkshire Police,-1.161757,53.504012,On or near MILNER ROAD,E01007496,Doncaster 029A,Investigation complete; no suspect identified
e731a337353c66be0676005c7a3c0b790aa25d348511e090c1324cb97e82d7c7,2021-03,South Yorkshire Police,South Yorkshire Police,-1.375781,53.514857,On or near TEAL CLOSE,E01032924,Barnsley 026F,Unable to prosecute suspect
8ebf9eb6eae20e328f9011ce1dd2fd4b373f9825f316899dcc8da834ec13b975,2021-03,South Yorkshire Police,South Yorkshire Police,-1.490240,53.379178,On or near SHEARWOOD ROAD,E01007860,Sheffield 036B,Suspect charged
686a5aa731680a528831bcd1cca912b298d074ec686196ff9954ec19ab5e56b8,2021-03,South Yorkshire Police,South Yorkshire Police,-1.472447,53.382345,On or near PINFOLD STREET,E01033265,Sheffield 074C,Unable to prosecute suspect
145ade2b58ac39717ea526127a14b22093f49028b3b4f4a7025d6917f80da110,2021-03,South Yorkshire Police,South Yorkshire Police,-1.461336,53.602632,On or near BUCKINGHAM COURT,E01007438,Barnsley 001C,Unable to prosecute suspect
8f13cec974372eb7eebf0f59450c6bd3be291c6debdcbfc42812cd9e231cf43b,2021-03,South Yorkshire Police,South Yorkshire Police,-1.466584,53.440080,On or near Theatre/Concert Hall,E01008139,Sheffield 006E,Unable to prosecute suspect
72565deb75b34ef5d6fbb96c7956cdb92b0212848736e37a97f2aea0e6a4337f,2021-03,South Yorkshire Police,South Yorkshire Police,-1.446161,53.384087,On or near ASTON STREET,E01007885,Sheffield 075E,Investigation complete; no suspect identified
0b7219337d95f226e8c939343ac8dc6c2e5143ff8250a8fc4e66075f343c0c5d,2021-03,South Yorkshire Police,South Yorkshire Police,-1.486484,53.371467,On or near POMONA STREET,E01008111,Sheffield 040D,Unable to prosecute suspect
070a6d0d514d12ec5d58142351a612566f65fb1a48f2dbb65b5f6ffa70592bb7,2021-03,South Yorkshire Police,South Yorkshire Police,-1.372989,53.510861,On or near MELTON AVENUE,E01007695,Rotherham 001C,Unable to prosecute suspect
bdb0ca9f41a83bc1f3fc0ae125c00910bcab3315c72aad22360bf90cb1fd9c8b,2021-03,South Yorkshire Police,South Yorkshire Police,-1.444627,53.554944,On or near CHERRYS ROAD,E01007405,Barnsley 011D,Investigation complete; no suspect identified
f09d411c674775846f7623674bfcadb06c610679715c66184d4fd575a90d1cc0,2021-03,South Yorkshire Police,South Yorkshire Police,-1.481991,53.418521,On or near HILLTOP GREEN,E01008122,Sheffield 012E,Investigation complete; no suspect identified
570d30dc311f9e63a5d2b24c4990bf65d925c9d0e5213d67e8199796010c634f,2021-03,South Yorkshire Police,South Yorkshire Police,-1.417056,53.360811,On or near ULLEY CRESCENT,E01008010,Sheffield 052E,Unable to prosecute suspect
739670ad311fe026619206f538e22d6893a7c5983a02db42812273fdba132f05,2021-03,South Yorkshire Police,South Yorkshire Police,-1.304264,53.532601,On or near HIGH STREET,E01007369,Barnsley 022A,Investigation complete; no suspect identified
e093882902c11aef7ad15f8185fc4ca3e17eeaecdc5ef4a9a4d8525088d569f6,2021-03,South Yorkshire Police,South Yorkshire Police,-0.962171,53.611785,On or near KING STREET,E01007639,Doncaster 003D,Investigation complete; no suspect identified
f55c965b073bd33b91846d0cadb65edd6c6388c7398cdcb041d287a7bbf48e4a,2021-03,South Yorkshire Police,South Yorkshire Police,-1.466584,53.440080,On or near Theatre/Concert Hall,E01008139,Sheffield 006E,Unable to prosecute suspect
f30fad75fd0fd74e2145e84b28f824f3472e2a36888c0d76bc59aba99f6a6fa7,2021-03,South Yorkshire Police,South Yorkshire Police,-1.524859,53.542534,On or near TANNERY COURT,E01007382,Barnsley 019A,Investigation complete; no suspect identified
1db9a381910d50ea268fb379113978554028d6824b6e1cc5eba2f0f017588642,2021-03,South Yorkshire Police,South Yorkshire Police,-1.303200,53.531211,On or near ALBERT ROAD,E01007369,Barnsley 022A,Local resolution
bd98bee1eaf54464baac0266f77d4fde46adfdfabaaaa97c1d0daa4d54fced91,2021-03,South Yorkshire Police,South Yorkshire Police,-1.222401,53.479055,On or near SHELDON AVENUE,E01007537,Doncaster 035A,Offender given a drugs possession warning
1308370fdd85956e9b1d8059c8e966b31320ea37428f72943e09ee8ec753c873,2021-03,South Yorkshire Police,South Yorkshire Police,-1.326588,53.426259,On or near STEVENSON DRIVE,E01007734,Rotherham 021F,Investigation complete; no suspect identified
68667c56a293be68a740b0c3aad1a329da9e612682dc632a4a61afe755f6b94a,2021-03,South Yorkshire Police,South Yorkshire Police,-1.479595,53.384237,On or near Supermarket,E01033261,Sheffield 073A,Suspect charged
b11700e195ba74f3952cbd13853784a3ec901b13caa55ab61c5a414d842d5801,2021-03,South Yorkshire Police,South Yorkshire Police,-1.140942,53.491046,On or near PLANTATION ROAD,E01007502,Doncaster 028C,Investigation complete; no suspect identified
09db9ce9416d638fe023853ded24f672ea8b0914a62767f70c3a910c5756ca83,2021-03,South Yorkshire Police,South Yorkshire Police,-1.140942,53.491046,On or near PLANTATION ROAD,E01007502,Doncaster 028C,Investigation complete; no suspect identified
b3353b323400d50adeedf0e9231fca54fa118f85ec6023f447aa65eda0bc0713,2021-03,South Yorkshire Police,South Yorkshire Police,-1.306116,53.496829,On or near HIGHWOODS CRESCENT,E01007574,Doncaster 031D,Investigation complete; no suspect identified
9913b7ddae98b06220e7963e53879e5b8073a808ba7856d9c05a377a79e5a293,2021-03,South Yorkshire Police,South Yorkshire Police,-1.462483,53.530073,On or near WALBROOK,E01007463,Barnsley 021F,Unable to prosecute suspect
04605f63b93d1b4931e3f286307c0f10d4ab33b9b4edc2c19e0f6b9735cb46fd,2021-03,South Yorkshire Police,South Yorkshire Police,-1.460480,53.324045,On or near HAZLEBARROW CLOSE,E01008081,Sheffield 070A,Unable to prosecute suspect
888400e5df9a43effdc45539084410c7c4278f6e77d34364852655da6a6f0ede,2021-03,South Yorkshire Police,South Yorkshire Police,-1.343203,53.504346,On or near MOOR ROAD,E01007820,Rotherham 002D,Unable to prosecute suspect
a92658c55ac4b8aa5ca0e447f8ce35d58f2de5e271825d8e4586211f129d979d,2021-03,South Yorkshire Police,South Yorkshire Police,-1.486817,53.551240,On or near HOLDEN COURT,E01007417,Barnsley 013D,Investigation complete; no suspect identified
01407cd6d0a14a7ed02c8102db55539e39bbb9f8e788d5c0c64e8ae42b167619,2021-03,South Yorkshire Police,South Yorkshire Police,-1.182033,53.539396,On or near Parking Area,E01007587,Doncaster 020C,Action to be taken by another organisation
d00adc8a24b5099615db82737f8c30b1ac8e7568662915db89e7ac4f861835b8,2021-03,South Yorkshire Police,South Yorkshire Police,-0.990449,53.591649,On or near Petrol Station,E01007559,Doncaster 008D,Investigation complete; no suspect identified
b74e4d4354862efc659c0a1604ea92dc46f8965818433ebff5feaadae8d15f2c,2021-03,South Yorkshire Police,South Yorkshire Police,-1.486836,53.388430,On or near BURLINGTON STREET,E01008065,Sheffield 026A,Further action is not in the public interest
2e8e248cd65069d85be4fdab3b09dba1a1c717ce2300387a3f4bc5800a87d535,2021-03,South Yorkshire Police,South Yorkshire Police,-1.437386,53.359704,On or near Supermarket,E01008102,Sheffield 048C,Investigation complete; no suspect identified
b596e95c05d472154996d52e7c90dc3eec2bfcfc7f3217ac7d0ea11c84c08a18,2021-03,South Yorkshire Police,South Yorkshire Police,-1.462483,53.530073,On or near WALBROOK,E01007463,Barnsley 021F,Unable to prosecute suspect
02a69a98d8c3d7d20f07ba5696cc9fa7ed4a8b5550eca72e3e443c8b79224f6c,2021-03,South Yorkshire Police,South Yorkshire Police,-1.213643,53.365047,On or near CARVER DRIVE,E01007786,Rotherham 029D,Investigation complete; no suspect identified
4a30f498d443b09f2addaa4ac10e39dbdd551acf5b99126aeac373cb7622604f,2021-03,South Yorkshire Police,South Yorkshire Police,-1.396379,53.427881,On or near THORNTON STREET,E01007745,Rotherham 015E,Further action is not in the public interest
c4485c7e5cbbd06477a481d9b426a892626ede12ba647d3143c185f1857bcaf1,2021-03,South Yorkshire Police,South Yorkshire Police,-1.271843,53.418091,On or near WOOD LANE,E01007687,Rotherham 022B,Investigation complete; no suspect identified
7334c82c43f02b88f702ec1445647ceb1c29602688ab3b8f08ba64c3c7be25fd,2021-03,South Yorkshire Police,South Yorkshire Police,-1.318363,53.439021,On or near FRETWELL ROAD,E01007737,Rotherham 013C,Action to be taken by another organisation
7dd10806e51cd39ebf3a4b75230a92de5f1a89b6c2062640bfdef92dcd4c2d4d,2021-03,South Yorkshire Police,South Yorkshire Police,-1.343203,53.504346,On or near MOOR ROAD,E01007820,Rotherham 002D,Unable to prosecute suspect
96e962f2ea4fb98b82f879a8d570bae3a47f04ac47274bf7f9e7cd7e59872ded,2021-03,South Yorkshire Police,South Yorkshire Police,-1.274185,53.422833,On or near BEECH GROVE,E01007687,Rotherham 022B,Unable to prosecute suspect
52f914316f773f2fd015d3e2f209814e2be3627ca72b0b8626b96487a9687084,2021-03,South Yorkshire Police,South Yorkshire Police,-1.195921,53.417118,On or near ADELAIDE STREET,E01007760,Rotherham 020D,Unable to prosecute suspect
6f2e3fdf7a332be58dff217dc607dcfc554d579fde5439403fbd490dd4a23349,2021-03,South Yorkshire Police,South Yorkshire Police,-1.155275,53.504721,On or near HIGH ROAD,E01007494,Doncaster 023A,Action to be taken by another organisation
4badd8229d2bd8f400bbf63081d6fdba158e8618a76350b19663779e18172601,2021-03,South Yorkshire Police,South Yorkshire Police,-1.356167,53.433748,On or near Bus/Coach Station,E01007714,Rotherham 017B,Investigation complete; no suspect identified
f26870742bacb8de1ccb2b84f366e225d28176cd537e0bc8bb483bb01d0412b5,2021-03,South Yorkshire Police,South Yorkshire Police,-1.446427,53.500320,On or near BROAD STREET,E01007390,Barnsley 030B,Investigation complete; no suspect identified
6ab5f0c918c6194caeec2085a924dae519ebde1565f6e4dc675aee418c99782e,2021-03,South Yorkshire Police,South Yorkshire Police,-1.306197,53.534347,On or near KELLY STREET,E01007376,Barnsley 022D,Unable to prosecute suspect
791468cf04375605d23201437e2f1a315d6ac480e3b48f62826c538410a44a95,2021-03,South Yorkshire Police,South Yorkshire Police,-1.135114,53.518186,On or near MILTON WALK,E01007532,Doncaster 023B,Investigation complete; no suspect identified
bb9d7c24b982051b677b5dcb4fbc2c1a7fb754daacc5da7394ec09261703b82d,2021-03,South Yorkshire Police,South Yorkshire Police,-1.382023,53.594743,On or near CHURCH STREET,E01007330,Barnsley 006B,Investigation complete; no suspect identified
9bcba0d03ce75e7abdcffa39fe983299c260f78b9a293d60a2f77cc70790b746,2021-03,South Yorkshire Police,South Yorkshire Police,-1.472750,53.584004,On or near OXTON ROAD,E01007325,Barnsley 007C,Investigation complete; no suspect identified
1ba5164d8b3c58470f861480dc05a041a939fa3ab7691fad35c601e4738ba293,2021-03,South Yorkshire Police,South Yorkshire Police,-1.067266,53.471851,On or near ELMFIELD ROAD,E01007591,Doncaster 036A,Investigation complete; no suspect identified
6c1f1f37af9be478e3fa721681775766217fc1dfc1965961af0c562653398755,2021-03,South Yorkshire Police,South Yorkshire Police,-1.446161,53.384087,On or near ASTON STREET,E01007885,Sheffield 075E,Investigation complete; no suspect identified
3b512fcc6c66c6ef60a5df1ef50b455335acec7c7b9ab176f503242c8f62ce85,2021-03,South Yorkshire Police,South Yorkshire Police,-1.439616,53.367230,On or near Petrol Station,E01008097,Sheffield 043C,Investigation complete; no suspect identified
4e0b1629d63658a587eb372e98c7f95fad83fcb563fc7bcfb723c1a44c7d22ec,2021-03,South Yorkshire Police,South Yorkshire Police,-1.453716,53.417515,On or near TIDESWELL ROAD,E01007948,Sheffield 013D,Investigation complete; no suspect identified
867827185bd176f39a3794dc69bd6b861de1d00bd594dc214e8b918827f9f436,2021-03,South Yorkshire Police,South Yorkshire Police,-1.497622,53.419954,On or near TRAFALGAR ROAD,E01008088,Sheffield 012B,Investigation complete; no suspect identified
164ca6f7a4e76a9c8fd0135daf4b58ceaacd07e0fd41333e2191af1ffed387a6,2021-03,South Yorkshire Police,South Yorkshire Police,-1.387857,53.533912,On or near VENETIAN CRESCENT,E01007449,Barnsley 023C,Investigation complete; no suspect identified
46ec901cb2fd1c5cf0b89107df74665515e81098b4b49a9a120c05a6b4e5e297,2021-03,South Yorkshire Police,South Yorkshire Police,-1.345544,53.504062,On or near Supermarket,E01007822,Rotherham 002F,Investigation complete; no suspect identified
5c881c4ca3deea334f7335c9b5cbcd945cb34d865ccbc3417f1c67699fa2b2fc,2021-03,South Yorkshire Police,South Yorkshire Police,-1.343365,53.343368,On or near SOTHALL MEWS,E01008032,Sheffield 056C,Investigation complete; no suspect identified
4c7e3a5c0f8a38f25709cd14cd800075fd32f9849b981311c22fb1a1fc38bdeb,2021-03,South Yorkshire Police,South Yorkshire Police,-1.478360,53.581099,On or near HIGH CROFT DRIVE,E01007324,Barnsley 007B,Investigation complete; no suspect identified
c654a0a1038933c21b12750d2dc2e09371f0e6ab51488e47c3ad9b63cc2a1f4f,2021-03,South Yorkshire Police,South Yorkshire Police,-1.020197,53.570090,On or near Petrol Station,E01007562,Doncaster 006E,Investigation complete; no suspect identified
da5d5a48b382ad2b03c78398d51484e92a5072ca57ec071fa39afce372df2573,2021-03,South Yorkshire Police,South Yorkshire Police,-1.454931,53.597713,On or near NEW STREET,E01007434,Barnsley 001A,Investigation complete; no suspect identified
0eeef2606e6368cd8fb5d387808fde4ada34e567317c97168d93dbfa08d9769a,2021-03,South Yorkshire Police,South Yorkshire Police,-1.531174,53.366842,On or near Petrol Station,E01007865,Sheffield 038D,Investigation complete; no suspect identified
246f457210486c76891c6f2ad1375508704fb218c14f981f6d6de5c51722577f,2021-03,South Yorkshire Police,South Yorkshire Police,-1.406748,53.365129,On or near SPINKHILL ROAD,E01008008,Sheffield 045D,Investigation complete; no suspect identified
8323698e6b1168f9f29363ad1df8718317a6c1e7812b7110434271d81a017a8b,2021-03,South Yorkshire Police,South Yorkshire Police,,,No location,,,Investigation complete; no suspect identified
5e5b79c0675890389db412f16e1cb46d0ffff5edbe74fbdb7f15a85a95ba2fce,2021-03,South Yorkshire Police,South Yorkshire Police,-1.495633,53.379479,On or near SEVERN COURT,E01007866,Sheffield 030A,Investigation complete; no suspect identified
0c245e023711717ec0b52ae69ce40d610460c068be4d2682c0e2e3bb42bfe0c2,2021-03,South Yorkshire Police,South Yorkshire Police,-1.451690,53.412436,On or near WHELDRAKE ROAD,E01007949,Sheffield 020E,Unable to prosecute suspect
fb97a3c8ebc8bc7bb0980bf192b712e99fe4c5eb92824a9f30e8d11289cb043a,2021-03,South Yorkshire Police,South Yorkshire Police,-1.196819,53.418212,On or near FIRTH CRESCENT,E01007763,Rotherham 020E,Investigation complete; no suspect identified
36d19a6fbf741716e487c28085071de426b144d7e105116f16949e61ff3cebfb,2021-03,South Yorkshire Police,South Yorkshire Police,-1.357242,53.431345,On or near Shopping Area,E01007714,Rotherham 017B,Investigation complete; no suspect identified
69f149336fc8fb7dcc0290d099bbef9f7abc9d9f76039950907fb5485dc526eb,2021-03,South Yorkshire Police,South Yorkshire Police,-1.438633,53.383737,On or near CRICKET INN ROAD,E01008015,Sheffield 039D,Investigation complete; no suspect identified
c2a218fe78e6211080fd58c12411156cd709034f3f6456015f4e2e84fa943b00,2021-03,South Yorkshire Police,South Yorkshire Police,-1.463358,53.359105,On or near CARRFIELD LANE,E01007976,Sheffield 051B,Investigation complete; no suspect identified
8bd6ad4dd73425e96a78e05fc4a17775d3d26ea08bb4d43a29d2bc822998a6a5,2021-03,South Yorkshire Police,South Yorkshire Police,-1.076853,53.545193,On or near Petrol Station,E01007478,Doncaster 011D,Investigation complete; no suspect identified
6984ec16b82f075afb8ff7daeb93244c11c88b90daa9d031258c9f11734afce7,2021-03,South Yorkshire Police,South Yorkshire Police,-1.245422,53.425720,On or near LOWTON WAY,E01007685,Rotherham 018A,Suspect charged
813767f169bd88b9c27457ee87d80175f71b01fb6ae4d0c04784eabe7d0bc14a,2021-03,South Yorkshire Police,South Yorkshire Police,-1.481628,53.335680,On or near Petrol Station,E01007834,Sheffield 066D,Investigation complete; no suspect identified
32fb4c5d7a27b26bc9971f29fabbfe93c701a2a18880eac43a3218ac3a2ad3ff,2021-03,South Yorkshire Police,South Yorkshire Police,-1.503363,53.428266,On or near EDGE WELL DRIVE,E01008086,Sheffield 009B,Investigation complete; no suspect identified
5328b7e185f777f774e3086948270d5d7980b683f8ae6559ee02d63025c1a531,2021-03,South Yorkshire Police,South Yorkshire Police,-1.030705,53.601223,On or near MEADOW LANE,E01007626,Doncaster 004B,Suspect charged
639289257eb639f2f7bbee23a19272031bc13aad9f84eb77a02da3af8f5566a4,2021-03,South Yorkshire Police,South Yorkshire Police,-1.462483,53.530073,On or near WALBROOK,E01007463,Barnsley 021F,Unable to prosecute suspect
3d1c744282984986bbdab553a805dbdcd984ad30f43092ed3c595ff4d834fe72,2021-03,South Yorkshire Police,South Yorkshire Police,-1.462483,53.530073,On or near WALBROOK,E01007463,Barnsley 021F,Unable to prosecute suspect
d440096b99da0ccb67614876e2b9aad02c182265d130198ccc7da3d36672783a,2021-03,South Yorkshire Police,South Yorkshire Police,-1.540046,53.327245,On or near Supermarket,E01007921,Sheffield 068B,Investigation complete; no suspect identified
a443774b1439f396b437a83f31419e7aeebeecae7fc06d11165028f36564b252,2021-03,South Yorkshire Police,South Yorkshire Police,-1.418638,53.423470,On or near DARA STREET,E01007852,Sheffield 014C,Investigation complete; no suspect identified
74c9d32b8c778c65e7506c4b3cfb59c64b09de4596cb6087a8c895f4cafa1ef8,2021-03,South Yorkshire Police,South Yorkshire Police,-1.160126,53.498059,On or near WESTBOURNE GARDENS,E01007499,Doncaster 029D,Investigation complete; no suspect identified
bddabf20d4f1d02104a845f71856b7ebde00e2bf0b3f0e2f75d963b070557d4d,2021-03,South Yorkshire Police,South Yorkshire Police,-1.349685,53.432427,On or near NELSON STREET,E01007714,Rotherham 017B,Suspect charged
162528ae54d0f5e2c4fa6868bcd2c726f7e8279f58d30b1b540aa1619c526fe2,2021-03,South Yorkshire Police,South Yorkshire Police,-1.461715,53.363088,On or near MADEHURST VIEW,E01008096,Sheffield 043B,Unable to prosecute suspect
e4a3cb3a4924cef1e4155f87b72d3c4cc9dc14ba221d1922edf9691881ea9877,2021-03,South Yorkshire Police,South Yorkshire Police,-1.459404,53.390188,On or near SPITAL HILL,E01033270,Sheffield 022H,Investigation complete; no suspect identified
44cdf7f99744ed19a479ab8521e0a1918363d8ee04dce6031cdb0fd1de7e3402,2021-03,South Yorkshire Police,South Yorkshire Police,-1.186091,53.585886,On or near CHESTNUT AVENUE,E01007472,Doncaster 005D,Investigation complete; no suspect identified
3d824f762bd8aa826ad66482588675d350b681d47f16aa1878a3724b89c77cce,2021-03,South Yorkshire Police,South Yorkshire Police,-1.369021,53.407345,On or near LETARD DRIVE,E01007704,Rotherham 025D,Further investigation is not in the public interest
546ef25b80016a15809fb28b312cd16da21a9749595804eb995e79de0f47ae6a,2021-03,South Yorkshire Police,South Yorkshire Police,-0.951978,53.629709,On or near MOORSIDE COURT,E01007634,Doncaster 001C,Investigation complete; no suspect identified
92fbc10c9b30865564666c32ae278c910c8c8e914fa082e55b0f97482bedb22a,2021-03,South Yorkshire Police,South Yorkshire Police,-1.424309,53.401332,On or near AMBERLEY STREET,E01007904,Sheffield 018B,Investigation complete; no suspect identified
c77015ff7c88fe21f4f8590c57cc7ae0e022bb3095db3e12676e436a2d51b773,2021-03,South Yorkshire Police,South Yorkshire Police,-1.520470,53.337694,On or near FOREST EDGE,E01007933,Sheffield 068F,Suspect charged
a6ff7083ff1a434282d620f51d2750695c62e90d2c98b723ea3c5a8c772d4380,2021-03,South Yorkshire Police,South Yorkshire Police,-1.479687,53.361874,On or near BROOKFIELD ROAD,E01008112,Sheffield 042D,Investigation complete; no suspect identified
804770492a2aae080434c37edefa0af4470d4120986e18ac28c9185ea2ce195d,2021-03,South Yorkshire Police,South Yorkshire Police,-1.135114,53.518186,On or near MILTON WALK,E01007532,Doncaster 023B,Suspect charged
6ed04f3a8a8a602f00ddb4c9e4c7c436306eaf1503c5c79417177e167b1fd3e5,2021-03,South Yorkshire Police,South Yorkshire Police,-1.475215,53.560619,On or near Supermarket,E01007410,Barnsley 010E,Investigation complete; no suspect identified
c83146675e0af1fc19eaa2e8015ec1e15e38697b98a32150d758de2a9996fa23,2021-03,South Yorkshire Police,South Yorkshire Police,-1.473067,53.322357,On or near CHESTERFIELD ROAD SOUTH,E01008082,Sheffield 070B,Suspect charged
3679d797ab767102de53c54791b4b663030d00a8dd33a3e2c47a9237428bde92,2021-03,South Yorkshire Police,South Yorkshire Police,-1.080064,53.559285,On or near SANDALL STONES ROAD,E01007624,Doncaster 007D,Investigation complete; no suspect identified
bf269bf728046c53affacea44cf43879874483ce07a323bd0080b0bc5dd43920,2021-03,South Yorkshire Police,South Yorkshire Police,-1.473067,53.322357,On or near CHESTERFIELD ROAD SOUTH,E01008082,Sheffield 070B,Unable to prosecute suspect
815d52bfc188211eb824719a0f7f05d1191d9a9cff19878e116760449addbf38,2021-03,South Yorkshire Police,South Yorkshire Police,-1.565155,53.548000,On or near MARTIN CROFT,E01007420,Barnsley 016C,Investigation complete; no suspect identified
1bb6a6fba4672f8815ff9301a951dc698122c7e0c01a33ce320f3204d200cd51,2021-03,South Yorkshire Police,South Yorkshire Police,-1.473041,53.378087,On or near Pedestrian Subway,E01008114,Sheffield 074A,Unable to prosecute suspect
4b26a3d2c455be519d0316c8f01a1affa4ce2a49c528b730d616ba9692b53881,2021-03,South Yorkshire Police,South Yorkshire Police,-1.343633,53.438399,On or near BETHEL ROAD,E01007768,Rotherham 014D,Investigation complete; no suspect identified
4b791c852997c8b2581f855ef1bbf807c270ace3709162d11e96249839da5ddd,2021-03,South Yorkshire Police,South Yorkshire Police,-1.371190,53.358152,On or near TANNERY STREET,E01007970,Sheffield 049D,Investigation complete; no suspect identified
fa01e0c8c2fc4bc0e8158aa09a6eae6df791fe30957e7ed8fffd9458d4c40bba,2021-03,South Yorkshire Police,South Yorkshire Police,-1.448692,53.596435,On or near PLANTATION AVENUE,E01007433,Barnsley 002A,Local resolution
361e72974c7419a91f9ef41290cfb1f7ec71746006ff033627e25e037cf1316e,2021-03,South Yorkshire Police,South Yorkshire Police,-1.473041,53.378087,On or near Pedestrian Subway,E01008114,Sheffield 074A,Offender given penalty notice
79f58d740c7853d7a849606d1d19cc6e2aba938bf374f807fa4173bfa7a45d39,2021-03,South Yorkshire Police,South Yorkshire Police,-1.471943,53.410936,On or near BUSK PARK,E01007943,Sheffield 019C,Suspect charged
ee807e72c4ead1e2dc20a2b9a26cf16419c051b26607f602bef5cbfc0ba89f5a,2021-03,South Yorkshire Police,South Yorkshire Police,-1.459117,53.377225,On or near CLAYWOOD DRIVE,E01007879,Sheffield 075B,Investigation complete; no suspect identified
a29f1c26f6ab21b268704621b6001739c622d1234e211a1fb0f200d635b4815d,2021-03,South Yorkshire Police,South Yorkshire Police,-1.414825,53.396423,On or near STOVIN CLOSE,E01007904,Sheffield 018B,Investigation complete; no suspect identified
db9c301a9fd3a6f566250c88ba76911a272b0122d261111e5b91514696481fcd,2021-03,South Yorkshire Police,South Yorkshire Police,-1.598572,53.483840,On or near PEARSON STREET,E01008144,Sheffield 001A,Investigation complete; no suspect identified
009ce6ea9bf6307c4d3ca613b5e9c838ee267b2012e428131e56fe21ff5e0c1a,2021-03,South Yorkshire Police,South Yorkshire Police,-1.444187,53.376311,On or near QUAIL RISE,E01007878,Sheffield 075A,Local resolution
43c87bd90f10343a820b9562c2472331ccc5d518d560957515b5fadf4e745372,2021-03,South Yorkshire Police,South Yorkshire Police,-1.191993,53.486260,On or near CHURCH ROAD,E01007546,Doncaster 033A,Investigation complete; no suspect identified
8b625c3f61d8088870e1ea018f5fb4cc33075355eb18d094637e6ff3cec2e3d1,2021-03,South Yorkshire Police,South Yorkshire Police,-1.714851,53.532918,On or near MIDDLECLIFFE DRIVE,E01007426,Barnsley 027D,Investigation complete; no suspect identified
d36b78d77325d6ac252f4f4e83ea9ace1d4c80a5fac1040b152e900a951fe82d,2021-03,South Yorkshire Police,South Yorkshire Police,-1.359353,53.322907,On or near MOSS HOUSE COURT,E01008025,Sheffield 072D,Investigation complete; no suspect identified
d7804e7f8672bad28c051055784d1393970005f406b68a2d2d2440cf791de65a,2021-03,South Yorkshire Police,South Yorkshire Police,-1.593192,53.475957,On or near ASKEW COURT,E01008148,Sheffield 001C,Investigation complete; no suspect identified
ce491af19906f340971a928e295106aae4e0da86f3a2d8358223d55a1ecee094,2021-03,South Yorkshire Police,South Yorkshire Police,-1.588698,53.479591,On or near KNOLL CLOSE,E01008144,Sheffield 001A,Investigation complete; no suspect identified
5005c9e49374d47445068ae84f6f77cba235a9adb55715e38fc80e3f961c2f7a,2021-03,South Yorkshire Police,South Yorkshire Police,-1.156162,53.542839,On or near LAWN GARTH,E01007513,Doncaster 012B,Investigation complete; no suspect identified
abcd7dd62fb78a3eb71d8a29d293926598af777b6bdcd1e942a6b2c0fbe0f2bc,2021-03,South Yorkshire Police,South Yorkshire Police,-1.344324,53.451184,On or near BROAD STREET,E01007784,Rotherham 008D,Local resolution
88f148d2a086cb92a45a4d0698c5c7d9bc7b53962892cbc4d78001885067a09d,2021-03,South Yorkshire Police,South Yorkshire Police,-1.188253,53.417633,On or near LEE CROFT,E01007764,Rotherham 020F,Unable to prosecute suspect
22a3a2d30f56c8ff0b6512e2e560efc6241efec518d8681c7a0df070f61b3bef,2021-03,South Yorkshire Police,South Yorkshire Police,-1.471720,53.377911,On or near Pedestrian Subway,E01033265,Sheffield 074C,Investigation complete; no suspect identified
4b7008b0d78a6d0ea381ace5b76556e43ba1a4725e560ac3fba7c45cb6b700e3,2021-03,South Yorkshire Police,South Yorkshire Police,-1.483043,53.552536,On or near Supermarket,E01007340,Barnsley 013B,Investigation complete; no suspect identified
9a0e9b222ab2e2818f05a69b3dfce3ddb1ff1e84700126ada699939bc7314353,2021-03,South Yorkshire Police,South Yorkshire Police,-1.257129,53.422333,On or near Parking Area,E01007684,Rotherham 022A,Investigation complete; no suspect identified
63967270fefaadf2e80ead097e0c32c50157e3aab9236876ce51cca9998fa3d6,2021-03,South Yorkshire Police,South Yorkshire Police,-1.399793,53.522072,On or near HOYLAND STREET,E01007449,Barnsley 023C,Investigation complete; no suspect identified
59c99243d20e9c9e653ac773842241e29c153d8f5cb63d78b9bba65c0c49f89f,2021-03,South Yorkshire Police,South Yorkshire Police,-1.499593,53.558305,On or near Hospital,E01007446,Barnsley 012G,Suspect charged
72ec7ad2b3ac3f8200443fec408bd9b82a5e0016c8c55b1d77f0bc1021b5be9c,2021-03,South Yorkshire Police,South Yorkshire Police,-1.512806,53.404000,On or near DYKES LANE,E01007994,Sheffield 021D,Unable to prosecute suspect
180c6c55926e942c41a5d011f57697967d621f8b4282d643873d2eba8492adf2,2021-03,South Yorkshire Police,South Yorkshire Police,-1.336303,53.338700,On or near ROTHBURY CLOSE,E01008036,Sheffield 063C,Investigation complete; no suspect identified
c0ae8fbec6ec4f520b1fc9f0dd7553e117bb3db7ca7c2c7c3904bdace783ccf2,2021-03,South Yorkshire Police,South Yorkshire Police,-1.480221,53.373615,On or near MOORE STREET,E01033271,Sheffield 040E,Offender given a drugs possession warning
43839abe54f6d55a1f6366073da517079efe6b5bd0b8db330b3b8dcc620bebdd,2021-03,South Yorkshire Police,South Yorkshire Police,-1.600297,53.475118,On or near CHESTNUT AVENUE,E01008148,Sheffield 001C,Action to be taken by another organisation
7fb5b8cd0fb22785cf41c20b10f6355a39d3f17bafb7b067d01b4b3b99d1d7a2,2021-03,South Yorkshire Police,South Yorkshire Police,-1.297203,53.494323,On or near BRITAIN STREET,E01007577,Doncaster 031F,Further action is not in the public interest
7fb5b8cd0fb22785cf41c20b10f6355a39d3f17bafb7b067d01b4b3b99d1d7a2,2021-03,South Yorkshire Police,South Yorkshire Police,-1.297203,53.494323,On or near BRITAIN STREET,E01007577,Doncaster 031F,Further action is not in the public interest
fe8d0a5987db5db5686e1cca08100c0a0242fc68e7eebb590b3faa8c12ee4c10,2021-03,South Yorkshire Police,South Yorkshire Police,-1.429269,53.359945,On or near Hospital,E01008098,Sheffield 048A,Unable to prosecute suspect
bfd92d16868ba148e7d573628b32dddaae64602a72e7c98a9e94516ef4bd27a9,2021-03,South Yorkshire Police,South Yorkshire Police,-1.344927,53.452104,On or near WANNOP STREET,E01007784,Rotherham 008D,Investigation complete; no suspect identified
285ede8ed04fbaec8059cbb18606e984cd25098df8aeaf243244427066f86257,2021-03,South Yorkshire Police,South Yorkshire Police,-1.477018,53.381107,On or near HOLLAND STREET,E01033266,Sheffield 074D,Investigation complete; no suspect identified
8e97bcbf2249e0be65766a74d25d4611330b0b5b20233689da5239f05c5b6845,2021-03,South Yorkshire Police,South Yorkshire Police,-1.136918,53.522963,On or near Parking Area,E01007645,Doncaster 022E,Investigation complete; no suspect identified
49f0ed20fddebe4424adc7ff89631c92270e782a642555c9516df29783c890ad,2021-03,South Yorkshire Police,South Yorkshire Police,-1.028459,53.600962,On or near FINKLE STREET,E01007626,Doncaster 004B,Investigation complete; no suspect identified
36fb16da2a5024ee8585b22f7135842da2529037998f629bd04ae8e8dfa40e54,2021-03,South Yorkshire Police,South Yorkshire Police,-1.488946,53.413194,On or near SCRAITH WOOD DRIVE,E01008092,Sheffield 012D,Unable to prosecute suspect
0adc134d44a54ddc697bb1d89d4bec0393caba20247f2367a6577d11decb3523,2021-03,South Yorkshire Police,South Yorkshire Police,-1.511768,53.400094,On or near LOXLEY ROAD,E01007996,Sheffield 021E,Further investigation is not in the public interest
04b22180e52ac2224e8ec7b178dc980f8edb86694f5ade7360ac809967ac3617,2021-03,South Yorkshire Police,South Yorkshire Police,-1.489064,53.368161,On or near Parking Area,E01008111,Sheffield 040D,Further action is not in the public interest
161ec8c9974efb4b1611758b59874c7ab3a94ff818f05f3509076bff14d95e07,2021-03,South Yorkshire Police,South Yorkshire Police,-1.449406,53.499561,On or near SOUTH VIEW ROAD,E01007390,Barnsley 030B,Suspect charged
9e1a1baf58e0918210131f75066a8a026d11abf4591535c3c07e821bb38b8de3,2021-03,South Yorkshire Police,South Yorkshire Police,-1.190327,53.485089,On or near MAIN AVENUE,E01007547,Doncaster 034B,Investigation complete; no suspect identified
ae3d294ac7b2929f9753481fae6ef0ee37406c0f2e37a4e23658168dab9216ec,2021-03,South Yorkshire Police,South Yorkshire Police,-1.594935,53.479648,On or near OLIVE ROAD,E01008144,Sheffield 001A,Unable to prosecute suspect
736c766849d5e895b866a26e757273ebd45fa7b914bc75839731d56bcc8088c6,2021-03,South Yorkshire Police,South Yorkshire Police,-1.594935,53.479648,On or near OLIVE ROAD,E01008144,Sheffield 001A,Unable to prosecute suspect
9aa270360b79e550bc541ecac7d47f76649d05b13d9507556e49951a5d32dc14,2021-03,South Yorkshire Police,South Yorkshire Police,-1.327902,53.518535,On or near VANCOUVER DRIVE,E01007367,Barnsley 025D,Suspect charged
bf536570ac100fa630d487491d431cc703d62ebbbea44a6897dd0e8ec5456bd5,2021-03,South Yorkshire Police,South Yorkshire Police,-1.327902,53.518535,On or near VANCOUVER DRIVE,E01007367,Barnsley 025D,Suspect charged
8f6a8dee97c07dcd528c44bf80fe0bcf8a7ea1f5ce180084457191aebd0bbaa9,2021-03,South Yorkshire Police,South Yorkshire Police,-1.027141,53.601113,On or near MANOR ROAD,E01007626,Doncaster 004B,Investigation complete; no suspect identified
b84c911972aad864e57f994d205281d5c403dfb0754b9f8b4d52df04927cd786,2021-03,South Yorkshire Police,South Yorkshire Police,-1.463645,53.368607,On or near CHARLOTTE ROAD,E01033273,Sheffield 042F,Investigation complete; no suspect identified
fc565aae9c10b47751d08dbf765e09270e2c05711514436a43a7a73117dd0b94,2021-03,South Yorkshire Police,South Yorkshire Police,-1.495322,53.401958,On or near Supermarket,E01008093,Sheffield 017D,Investigation complete; no suspect identified
805f8e16919e7b086d3d13636ea8221109a7b6d36dfd40e629faad862edd86f6,2021-03,South Yorkshire Police,South Yorkshire Police,-1.456862,53.567314,On or near THE RIDINGS,E01007400,Barnsley 009C,Investigation complete; no suspect identified
6233fc631846cc459b6c42cfbcadcaeb72a551c0e75d0164949165092cf5a220,2021-03,South Yorkshire Police,South Yorkshire Police,-1.524206,53.321835,On or near Supermarket,E01007918,Sheffield 071C,Investigation complete; no suspect identified
50e29f290b8a474e5cda333e407a80809c169a6a814460952d9cb84ceb7e3300,2021-03,South Yorkshire Police,South Yorkshire Police,-1.421383,53.497208,On or near CHURCH STREET,E01007388,Barnsley 029A,Investigation complete; no suspect identified
2e03f1b56170ee8a75fc3a3286de130a5028b8873ce78bd0c786259037b7c9eb,2021-03,South Yorkshire Police,South Yorkshire Police,-1.449000,53.535522,On or near Sports/Recreation Area,E01007317,Barnsley 018A,Investigation complete; no suspect identified
097acf3f2f72596e7d52e180761749fd3e41f24c5cf2463bc011d35d32e2dfe8,2021-03,South Yorkshire Police,South Yorkshire Police,-1.317236,53.529962,On or near EDWARD ROAD,E01007371,Barnsley 022C,Investigation complete; no suspect identified
6e5d048290fe397ff7f426c8bcd3dbecbf95fe3efe18307bcba2f06d5e6dca47,2021-03,South Yorkshire Police,South Yorkshire Police,-1.537304,53.490387,On or near PARK AVENUE,E01007421,Barnsley 027A,Investigation complete; no suspect identified
d01ae7491f06a3347991e2afe258b53a373905deeb68ebd0a775a339ca6e78af,2021-03,South Yorkshire Police,South Yorkshire Police,-1.475943,53.389066,On or near DUN STREET,E01033263,Sheffield 073C,Investigation complete; no suspect identified
9d8c7c2ed581fc650cfd5633ae72d392096bff574588f93a0dc2c1dc0d8a5974,2021-03,South Yorkshire Police,South Yorkshire Police,-1.492046,53.344839,On or near Supermarket,E01007829,Sheffield 059B,Investigation complete; no suspect identified
c4b8b008b1e17bad9d1d21f9fd5828b51fcd03ee2128d70c1a4b32dac38e0ac1,2021-03,South Yorkshire Police,South Yorkshire Police,-1.514411,53.354173,On or near ECCLESALL ROAD SOUTH,E01007928,Sheffield 055B,Investigation complete; no suspect identified
88f8f008141b82fb99f3983440542880fccb8baffe5965d65c0d14621c00d63b,2021-03,South Yorkshire Police,South Yorkshire Police,-1.365314,53.430021,On or near Pedestrian Subway,E01007714,Rotherham 017B,Suspect charged
b28e0b5c74f8d62e4c6f4094cf8600223405781f15df7c5f971795e20b0ae519,2021-03,South Yorkshire Police,South Yorkshire Police,-0.990449,53.591649,On or near Petrol Station,E01007559,Doncaster 008D,Investigation complete; no suspect identified
89b4d3ab9f26b06a249cba5061d3bd6a8bf5c777edb0392060e8e6a0ebb9581b,2021-03,South Yorkshire Police,South Yorkshire Police,-0.990449,53.591649,On or near Petrol Station,E01007559,Doncaster 008D,Investigation complete; no suspect identified
13392812b8dfc068e16655da214c082af92cfb70e8090a31015089bd40b8d58c,2021-03,South Yorkshire Police,South Yorkshire Police,-1.361542,53.414622,On or near WOOD LANE,E01007676,Rotherham 025A,Investigation complete; no suspect identified
dc157a799ddd678340d6889ddf92061710b0ec2838eb66270d89c02d18700fe1,2021-03,South Yorkshire Police,South Yorkshire Police,-1.353634,53.428134,On or near MANSFIELD ROAD,E01007714,Rotherham 017B,Action to be taken by another organisation
39de5f482eb57b0485b223fc3a100ba8f8a9288414a3cd92cc6f0cdfd06e6ae9,2021-03,South Yorkshire Police,South Yorkshire Police,-1.493272,53.346624,On or near Supermarket,E01007829,Sheffield 059B,Investigation complete; no suspect identified
92b6a0479bf5d76a21a97814e08a94e9e30f91b96cd2c4e7de690443f786638a,2021-03,South Yorkshire Police,South Yorkshire Police,-1.471292,53.318996,On or near BOWSHAW VIEW,E01008084,Sheffield 070D,Investigation complete; no suspect identified
b316dab559d3415dff7b4f7c20debb422c468e4d1c7c9ec36396fec8613ca55a,2021-03,South Yorkshire Police,South Yorkshire Police,-1.331756,53.440274,On or near FITZWILLIAM ROAD,E01007736,Rotherham 014A,Action to be taken by another organisation
4241596cf5a0d1142427a869180d56959b40e7f7163b063299b8e4f77f4d03a1,2021-03,South Yorkshire Police,South Yorkshire Police,-1.510110,53.397786,On or near RACKER WAY,E01008160,Sheffield 024F,Investigation complete; no suspect identified
89494f9d38349cc3f56bee6d4c685318f97acbdafb3789cc5243dd0b75ed7b73,2021-03,South Yorkshire Police,South Yorkshire Police,-1.461029,53.426968,On or near DRUMMOND ROAD,E01033277,Sheffield 011E,Unable to prosecute suspect
1e2d466c400d0ff5d9baf9a1b7944163cbf7b03df27592321f17bde4cb730ccd,2021-03,South Yorkshire Police,South Yorkshire Police,-1.152203,53.517418,On or near EDEN GROVE,E01007531,Doncaster 022C,Investigation complete; no suspect identified
13c3351c1ed0df67d65bda5ccea09179286c4ab2893f1528c3467a90110750ad,2021-03,South Yorkshire Police,South Yorkshire Police,-0.990449,53.591649,On or near Petrol Station,E01007559,Doncaster 008D,Investigation complete; no suspect identified
e269101dcc09dd3d15e19fd6bb1643b0a87ae4e8094a8d05b45d0e7cd3d838a4,2021-03,South Yorkshire Police,South Yorkshire Police,-1.422439,53.409493,On or near WEEDON STREET,E01033269,Sheffield 022G,Investigation complete; no suspect identified
8369b38cca68f2f833d0cbdf7daff58ec650642f64905da22c16acb5ce5873e6,2021-03,South Yorkshire Police,South Yorkshire Police,-1.123206,53.523708,On or near LAWN AVENUE,E01007648,Doncaster 019D,Further action is not in the public interest
0475f4694c1a73255a25c925121239987b7cddd904109aa58b415e8dbf9d772c,2021-03,South Yorkshire Police,South Yorkshire Police,,,No location,,,Suspect charged
6d713a1d58f7d1bd6b3dc67fdc8a9eec38b8085e7d7de4fdc4b1276b974fe759,2021-03,South Yorkshire Police,South Yorkshire Police,-1.436938,53.541785,On or near Park/Open Space,E01007319,Barnsley 015A,Investigation complete; no suspect identified
0d0271db5a846a5b0be74765d96e9fcdeb87d4daab8abcd08a531aebc9d62800,2021-03,South Yorkshire Police,South Yorkshire Police,-1.139981,53.550445,On or near BALFOUR ROAD,E01007508,Doncaster 010B,Investigation complete; no suspect identified
e16245c6dc383d851de30fb5bd540c28923553184b1a6cba0f04c04d97e33825,2021-03,South Yorkshire Police,South Yorkshire Police,-1.140942,53.491046,On or near PLANTATION ROAD,E01007502,Doncaster 028C,Investigation complete; no suspect identified
ef8587879abd1b867f1bed1520281fb44cd43eaba273004fbd39f97aa6d87f59,2021-03,South Yorkshire Police,South Yorkshire Police,-1.211880,53.366905,On or near CHURCH LANE,E01007786,Rotherham 029D,Investigation complete; no suspect identified
2c8d8fc16d2d2717789bd8de325452ae0768cb76b6f220361e0fef2eab06f4f5,2021-03,South Yorkshire Police,South Yorkshire Police,-1.443068,53.457483,On or near HESLEY BAR,E01007803,Rotherham 007D,Investigation complete; no suspect identified
6d71a3cb169639d01acc611a080476b022d39e5115ef6a3f1b45351213aae694,2021-03,South Yorkshire Police,South Yorkshire Police,-1.543376,53.396372,On or near DURMAST GROVE,E01008132,Sheffield 023D,Investigation complete; no suspect identified
9e0d19edb9d9c96afdbcd3794573c4507cfa5945e7ae9f2e4773dcd8ccf91f87,2021-03,South Yorkshire Police,South Yorkshire Police,-1.302001,53.449021,On or near CROFTS DRIVE,E01007719,Rotherham 010A,Investigation complete; no suspect identified
1928dfa4e75e4db9657805781ced56735ab33c9fa4a1e73361e1730429241184,2021-03,South Yorkshire Police,South Yorkshire Police,-1.470262,53.375513,On or near NEWTON LANE,E01033274,Sheffield 042G,Investigation complete; no suspect identified
0d7e38693b0aeb22b58d1ca420a76b66300b0040ab25e1183925b8571d85d1b1,2021-03,South Yorkshire Police,South Yorkshire Police,-1.145598,53.518854,On or near FLOWITT STREET,E01007529,Doncaster 022A,Investigation complete; no suspect identified
f7e217dd188f5fc762fd11816f826c64c62be2e0bc3acc787be6b7d47617142e,2021-03,South Yorkshire Police,South Yorkshire Police,-1.446614,53.411783,On or near ADDISON ROAD,E01007949,Sheffield 020E,Suspect charged
5ff36b596a32bc8e8aa685ba7193889d75b82cdaf4204f37685f3391f048f0ab,2021-03,South Yorkshire Police,South Yorkshire Police,-1.504675,53.372389,On or near ENDCLIFFE AVENUE,E01007862,Sheffield 038C,Investigation complete; no suspect identified
8331a2d812bf9d647f3f5c0b7b144885cc144e28d6955f68bfb1fcdf255ccfa4,2021-03,South Yorkshire Police,South Yorkshire Police,-1.154611,53.566918,On or near VILLA GARDENS,E01007511,Doncaster 010E,Investigation complete; no suspect identified
480ae848275ce3c469e9222e8502a471f8e5ec7453a29ed11bf3b067163ef253,2021-03,South Yorkshire Police,South Yorkshire Police,-1.471945,53.568613,On or near QUARRY STREET,E01032550,Barnsley 010G,Unable to prosecute suspect
1e117094518e10f4fab2bf0f317b7c700c5d4ddb33438ea537f59b2afc518c44,2021-03,South Yorkshire Police,South Yorkshire Police,-1.506072,53.401042,On or near HOLME LANE,E01008161,Sheffield 026E,Local resolution
66445c8ea601bfa5c70ba017530ab1d3aed5cca34450453ccda4400a8bb7dc78,2021-03,South Yorkshire Police,South Yorkshire Police,-1.018938,53.600992,On or near Sports/Recreation Area,E01007627,Doncaster 004C,Investigation complete; no suspect identified
e87d046fffdf30c5de41daed4ced12a42867f895a7db8d4fc9b65266c97ae25f,2021-03,South Yorkshire Police,South Yorkshire Police,-1.420231,53.392629,On or near QUARRYFIELD ROAD,E01007905,Sheffield 027C,Investigation complete; no suspect identified
3c830d6a83e836dfa144fea8aa3b18385571ad4d06a150402b029863cfab5fe2,2021-03,South Yorkshire Police,South Yorkshire Police,-1.142985,53.518278,On or near ABBOTT STREET,E01007529,Doncaster 022A,Unable to prosecute suspect
e2cbea3602c7ed690c2c68161246eca7f0d7a295c07e255190d829fef71bbafa,2021-03,South Yorkshire Police,South Yorkshire Police,-1.393382,53.362446,On or near SMELTER WOOD CLOSE,E01007967,Sheffield 045B,Unable to prosecute suspect
c5dd257cf10a9335df7c990bd7bfe5ffd91a80550f0d9d7cca787f7a0476401a,2021-03,South Yorkshire Police,South Yorkshire Police,-1.188087,53.487187,On or near VICTORIA ROAD,E01007545,Doncaster 034A,Investigation complete; no suspect identified
6b385601f67c127c3d2b4d52cb7dc475b547780ac647ad251360cc20d696c304,2021-03,South Yorkshire Police,South Yorkshire Police,-1.506072,53.401042,On or near HOLME LANE,E01008161,Sheffield 026E,Local resolution
49795463c8863a57360652b5f76c892040cfbcee6352eb233547a421ecf3978a,2021-03,South Yorkshire Police,South Yorkshire Police,-1.484224,53.389354,On or near UPPERTHORPE ROAD,E01008065,Sheffield 026A,Action to be taken by another organisation
7b797a8db61f1f7ec6446856ada61d30fb4f42bddfaaa3fadfcb427acd237ba0,2021-03,South Yorkshire Police,South Yorkshire Police,,,No location,,,Unable to prosecute suspect
2ce2ec0029d784c1f24618b247f5c76e8e4c4d9cd73d0ff412667f0e1e942278,2021-03,South Yorkshire Police,South Yorkshire Police,,,No location,,,Unable to prosecute suspect
4ed20e16ed0f3396a00502910a091bfa04220b16785692897e5315f8ee661a94,2021-03,South Yorkshire Police,South Yorkshire Police,-1.159671,53.566809,On or near ADWICK AVENUE,E01007511,Doncaster 010E,Unable to prosecute suspect
dda2907883ebcb2d78b9dee68d0d03bb372a543f5ce448e9c10d46db3bd08535,2021-03,South Yorkshire Police,South Yorkshire Police,-1.194156,53.419767,On or near MUGLET LANE,E01007760,Rotherham 020D,Investigation complete; no suspect identified
6e3e188f49c2558a0b0731fb92399ba4986ff14104bc538009204f80443b2444,2021-03,South Yorkshire Police,South Yorkshire Police,-1.142985,53.518278,On or near ABBOTT STREET,E01007529,Doncaster 022A,Unable to prosecute suspect
b8ec613497a9bd6b7bf3790255c3d1168a3422a9b13cf8a54392da1c2d35608a,2021-03,South Yorkshire Police,South Yorkshire Police,-1.140942,53.491046,On or near PLANTATION ROAD,E01007502,Doncaster 028C,Investigation complete; no suspect identified
bc7f5e025a0d5e4664ca298c49d7a85e34f3edbffcd9ae4178a0401b3a3a93cb,2021-03,South Yorkshire Police,South Yorkshire Police,-1.447920,53.496731,On or near SHAFTESBURY DRIVE,E01007391,Barnsley 030C,Unable to prosecute suspect
13aa7d741696176fb4563179999c6f207b178e8a29f2a39b5f06c35eddecc646,2021-03,South Yorkshire Police,South Yorkshire Police,-1.209577,53.588515,On or near SHERBURN CLOSE,E01007468,Doncaster 005A,Unable to prosecute suspect
b7ea66b68bacec705a9f1c89a1af8f2473502480ad43cf8641e22b0749266439,2021-03,South Yorkshire Police,South Yorkshire Police,-1.209577,53.588515,On or near SHERBURN CLOSE,E01007468,Doncaster 005A,Unable to prosecute suspect
519d18196b30915a658fd43cf75b368e713b028fbec22152f37a828fd9c507c8,2021-03,South Yorkshire Police,South Yorkshire Police,-1.372129,53.515027,On or near BITTERN CROFT,E01032924,Barnsley 026F,Investigation complete; no suspect identified
f4f0dbe5d9d67e10ed41ed9e0521fdcaf694d312f178601c5eb5dcde5b86539e,2021-03,South Yorkshire Police,South Yorkshire Police,-1.169607,53.505064,On or near CHURCH COTTAGE MEWS,E01007496,Doncaster 029A,Investigation complete; no suspect identified
cddeb59ded18a6cae4861fa1630839a8685e59bbef5dd535de55bdf0af268e82,2021-03,South Yorkshire Police,South Yorkshire Police,-0.957566,53.622019,On or near CEDAR ROAD,E01007635,Doncaster 001D,Investigation complete; no suspect identified
89da0129628a599bd40998700a0e1f68453c6f94bdb33db34c2640f11dbe8141,2021-03,South Yorkshire Police,South Yorkshire Police,-1.270243,53.494817,On or near HEWITT STREET,E01007579,Doncaster 030C,Offender given a drugs possession warning
0c99f213f54e2a1ef4919e64d8681890c9e6d4ea9734265bf245561a1cf697be,2021-03,South Yorkshire Police,South Yorkshire Police,-1.220737,53.386406,On or near CROFT CLOSE,E01007787,Rotherham 028A,Investigation complete; no suspect identified
4459d31bd43e4411be91dbc29ed9f6bc35cb9ab66da454f97e76edab0aad0783,2021-03,South Yorkshire Police,South Yorkshire Police,-1.435952,53.417073,On or near BLUEBELL ROAD,E01007848,Sheffield 013A,Investigation complete; no suspect identified
dfa7a26830c392d52d948693188b70e59847a4bf9e04e786c8aee415226cd28d,2021-03,South Yorkshire Police,South Yorkshire Police,-1.471617,53.547695,On or near GOLD STREET,E01007339,Barnsley 017B,Investigation complete; no suspect identified
cbd531fe1ca15ffa6c1618b920994168b0acb34d2b02d22cabf708d16ed48b6e,2021-03,South Yorkshire Police,South Yorkshire Police,-1.466826,53.387012,On or near MILLSANDS,E01033264,Sheffield 073D,Investigation complete; no suspect identified
2c4d3c9536dba04533a3c1133cb9f2fdc5f74a70322b3aea10c348ce4dbb963c,2021-03,South Yorkshire Police,South Yorkshire Police,-1.473199,53.382322,On or near BELLS SQUARE,E01033262,Sheffield 073B,Unable to prosecute suspect
4e8449deb59b8438dc51e3337fd9a8c621e8701081f6ec8c3b8d3d9a23c69ac1,2021-03,South Yorkshire Police,South Yorkshire Police,-1.426287,53.389539,On or near CHINLEY STREET,E01007905,Sheffield 027C,Unable to prosecute suspect
6208bcebf7d553a01fcb45a36f89641adc974563cd114610fe049bde32570971,2021-03,South Yorkshire Police,South Yorkshire Police,-1.426287,53.389539,On or near CHINLEY STREET,E01007905,Sheffield 027C,Unable to prosecute suspect
680cf65e81ff191dbf5664f11d07937074a170ce9f451dad18b0b4a47dc8f909,2021-03,South Yorkshire Police,South Yorkshire Police,-1.464824,53.359624,On or near DENSON CLOSE,E01007975,Sheffield 051A,Investigation complete; no suspect identified
789d91a06469e49ed1b794cad14ab3d39742d58749fa3f199577cce305d6ad69,2021-03,South Yorkshire Police,South Yorkshire Police,-1.162883,53.536433,On or near CUSWORTH LANE,E01007516,Doncaster 013C,Investigation complete; no suspect identified
a23e0dad986258643ea36bc619fb314a220f56538fdb8ad23e98e2127c21fac8,2021-03,South Yorkshire Police,South Yorkshire Police,-1.529372,53.406268,On or near CAVENDISH AVENUE,E01008130,Sheffield 023B,Investigation complete; no suspect identified
5ad21b1487c2281929e3bec8c2af5ca97f39e3c0822d5958bf5060ad0ef9f495,2021-03,South Yorkshire Police,South Yorkshire Police,-1.373288,53.375934,On or near HIGHFIELD LANE,E01007911,Sheffield 032D,Unable to prosecute suspect
ac444e9688f67c0bc02fd01d6516118997d18101af57d44e7198a1a25ad76b25,2021-03,South Yorkshire Police,South Yorkshire Police,-1.473199,53.382322,On or near BELLS SQUARE,E01033262,Sheffield 073B,Unable to prosecute suspect
7d085fed7d562ecd1d5c476bcc155961cdf94dd6e5e64bbcea48c72cdda86ef6,2021-03,South Yorkshire Police,South Yorkshire Police,-1.436938,53.541785,On or near Park/Open Space,E01007319,Barnsley 015A,Investigation complete; no suspect identified
89cdbb56dbe3f557b6797174f3343ec4827d4984546a99b9b5da2048839ecd17,2021-03,South Yorkshire Police,South Yorkshire Police,-1.450588,53.545785,On or near GERALD CRESCENT,E01007320,Barnsley 018C,Unable to prosecute suspect
a0d86a2cf8a2af9589dde6b3ceca53c3a36493286570116a43d03fa8c82fde5f,2021-03,South Yorkshire Police,South Yorkshire Police,-1.303881,53.534792,On or near ELIZABETH STREET,E01007376,Barnsley 022D,Investigation complete; no suspect identified
0e1948d7dc0c0f5b2d554941dbb747a3532d3126f4734f9877f96c39619dba4e,2021-03,South Yorkshire Police,South Yorkshire Police,-1.420231,53.392629,On or near QUARRYFIELD ROAD,E01007905,Sheffield 027C,Offender given a drugs possession warning
038a3dc9963510f81576b788dbaa163fad0b1349bd0f8f949717e0da5de9c09b,2021-03,South Yorkshire Police,South Yorkshire Police,-1.006522,53.578858,On or near LINDEN CLOSE,E01007558,Doncaster 008C,Unable to prosecute suspect
002898e9878a747d58d53b0bade7cdb8fa202ac8a494fb03e6db98cf4dbcab7d,2021-03,South Yorkshire Police,South Yorkshire Police,-1.265539,53.495732,On or near PASTURES COURT,E01007579,Doncaster 030C,Investigation complete; no suspect identified
d206f5797f865b773ce7f6306b99609894c4b82e04d8c26a96d4b24ab33936c5,2021-03,South Yorkshire Police,South Yorkshire Police,-1.446284,53.390802,On or near LOVELL STREET,E01033269,Sheffield 022G,Investigation complete; no suspect identified
3431eb5b8fbc935354d4d484b07ce8feaa51659ee73c27157205d14826eb16e0,2021-03,South Yorkshire Police,South Yorkshire Police,-1.149105,53.536551,On or near HASLEMERE GROVE,E01007513,Doncaster 012B,Local resolution
2afb638082727364bfbc7ed4c6b3a1f36b07d1062c96b5e85d72061d14883c82,2021-03,South Yorkshire Police,South Yorkshire Police,-1.462751,53.562505,On or near TENNYSON ROAD,E01007334,Barnsley 009A,Investigation complete; no suspect identified
e77665f73aeca79ee5041964b442d08dd94411502cb5f0c0dfcceed737246d08,2021-03,South Yorkshire Police,South Yorkshire Police,-1.477403,53.371751,On or near LANSDOWNE ROAD,E01033271,Sheffield 040E,Unable to prosecute suspect
e77665f73aeca79ee5041964b442d08dd94411502cb5f0c0dfcceed737246d08,2021-03,South Yorkshire Police,South Yorkshire Police,-1.477403,53.371751,On or near LANSDOWNE ROAD,E01033271,Sheffield 040E,Unable to prosecute suspect
3494936253f0d2a86cbfd4bdff48d8107c2f32e427aab0185bb042690d35d305,2021-03,South Yorkshire Police,South Yorkshire Police,-1.474632,53.369726,On or near HILL STREET,E01008109,Sheffield 042B,Investigation complete; no suspect identified
d9410e9f05f12866d9e4d19cadbdd12768c7023cf33b97f41163c22dd476cc67,2021-03,South Yorkshire Police,South Yorkshire Police,-1.451664,53.599163,On or near JACK CLOSE ORCHARD,E01007434,Barnsley 001A,Unable to prosecute suspect
fa2994f1cd5350b854fb421e3c05b9a82014910f90318a4ff9daf12112449ec2,2021-03,South Yorkshire Police,South Yorkshire Police,-1.410684,53.400079,On or near RANSKILL COURT,E01007904,Sheffield 018B,Local resolution
542d06bad94b67beeaccf7ff92800be0e81947e7a1cd42efd27500e697d996c4,2021-03,South Yorkshire Police,South Yorkshire Police,-0.954252,53.611707,On or near HAYNES GREEN,E01007638,Doncaster 003C,Investigation complete; no suspect identified
3929a2e1d48d8dadda156f8aab89b544b8a16e31bca5bd7c83852e6b1f560140,2021-03,South Yorkshire Police,South Yorkshire Police,-1.335011,53.433308,On or near LORD STREET,E01007770,Rotherham 014E,Unable to prosecute suspect
d49c38d3ebc39ce8c613f0ad94f145a33251ccd8f846b7cf02129b54292c5abe,2021-03,South Yorkshire Police,South Yorkshire Police,-1.476003,53.360842,On or near CUTTS TERRACE,E01008112,Sheffield 042D,Investigation complete; no suspect identified
0a8db90f19c728a9a3437a6ff52a4c1143ee8c3e02a876bb2f8ce9e70dc4b18d,2021-03,South Yorkshire Police,South Yorkshire Police,-1.254975,53.483559,On or near CATTERICK CLOSE,E01007543,Doncaster 032C,Offender given a drugs possession warning
05dec52175050cf72c67183424dddc22505af239fbbd4da8c21d2c566e2cb916,2021-03,South Yorkshire Police,South Yorkshire Police,-1.214624,53.588468,On or near Petrol Station,E01007587,Doncaster 020C,Investigation complete; no suspect identified
ea20b78e507ca393caa8ce99d462a6c554d9ecc2addc283bc299305d872f9f85,2021-03,South Yorkshire Police,South Yorkshire Police,-1.467481,53.393595,On or near GRAY STREET,E01033269,Sheffield 022G,Investigation complete; no suspect identified
73ede8bfe2d1e493760bd4ee30940965b359395cba1eaec3f0b0c59351d1891a,2021-03,South Yorkshire Police,South Yorkshire Police,-1.424879,53.422620,On or near STANWELL AVENUE,E01007847,Sheffield 014A,Investigation complete; no suspect identified
7e5659c0187e2f4a881589a11849f1128cdc51aeaab2424d0f6a06732b661b7c,2021-03,South Yorkshire Police,South Yorkshire Police,-1.289613,53.422566,On or near MELCISS ROAD,E01007688,Rotherham 019D,Investigation complete; no suspect identified
a5494f19027f8278c4586334f56a7e1232e3857377d20b9177d7dbf4559133c8,2021-03,South Yorkshire Police,South Yorkshire Police,-1.345281,53.501571,On or near OLD CROSS LANE,E01007822,Rotherham 002F,Investigation complete; no suspect identified
00d5e51cd9ce3f42ed2ef6ac4a6decece16670120904cbbd957cf4dff269fa68,2021-03,South Yorkshire Police,South Yorkshire Police,-1.497998,53.428918,On or near CARRILL DRIVE,E01008086,Sheffield 009B,Investigation complete; no suspect identified
a492993036035fd70e9e6ba69b05e95c059356062a14934b7992af7ee2eb9947,2021-03,South Yorkshire Police,South Yorkshire Police,-1.357349,53.505097,On or near CO-OPERATIVE STREET,E01007693,Rotherham 001A,Investigation complete; no suspect identified
e839ef8bebd829d5e35bd0ca4ac4ed654ce8c23ceb8c5d02ed4082c4f51f1ce0,2021-03,South Yorkshire Police,South Yorkshire Police,-1.562512,53.536440,On or near BEACON COURT,E01007419,Barnsley 016B,Investigation complete; no suspect identified
b1466f5f1e07ff53121e45f7e3af90bc3a1145ac6ebb59ed8bfd4c31c7318ee7,2021-03,South Yorkshire Police,South Yorkshire Police,-1.155601,53.388067,On or near PARK HILL DRIVE,E01007788,Rotherham 028B,Further investigation is not in the public interest
dd7449254d50256f5158cb823f10418268dba23c0ab45623361794a8395af691,2021-03,South Yorkshire Police,South Yorkshire Police,-1.534684,53.396383,On or near WEBBS AVENUE,E01008131,Sheffield 023C,Local resolution
279874762960ff9750d5a863762dec923570f6f9c2b28ca8fcf7b84159667dc6,2021-03,South Yorkshire Police,South Yorkshire Police,-1.423839,53.379307,On or near GREENWOOD CRESCENT,E01008016,Sheffield 032F,Investigation complete; no suspect identified
00fa83a2d63585d676742f3ae84ab3e4f4ae664486905ce06389c3bd7e1a4531,2021-03,South Yorkshire Police,South Yorkshire Police,,,No location,,,Investigation complete; no suspect identified
337a5b634d6b026963dfbe288d4498135ffc9aed5f4a7e92c8716eb3ec761812,2021-03,South Yorkshire Police,South Yorkshire Police,-1.588118,53.478753,On or near ELLORSLIE DRIVE,E01008144,Sheffield 001A,Investigation complete; no suspect identified
7339be74e66161a710ff94fac9320769dadacd753aff9be61d0f96693c8d6256,2021-03,South Yorkshire Police,South Yorkshire Police,-1.469272,53.580726,On or near LAITHES LANE,E01007326,Barnsley 007D,Action to be taken by another organisation
1098126c5ecedfddb110b6e08e05283bc101893cac96c5bbcc64ed1fb7fe463c,2021-03,South Yorkshire Police,South Yorkshire Police,-1.416745,53.371533,On or near ALISON CRESCENT,E01008017,Sheffield 039E,Investigation complete; no suspect identified
79eb4a976baaa72ff64322c7ae287baf9affe1a7acb8d53f9aeb5be94203b69e,2021-03,South Yorkshire Police,South Yorkshire Police,-1.448668,53.541390,On or near NEVILLE CLOSE,E01007317,Barnsley 018A,Investigation complete; no suspect identified
0611b5e7498d8ab797547601f42a614f08cfa66845337288ec12ac6ea0a9a280,2021-03,South Yorkshire Police,South Yorkshire Police,-1.223172,53.424472,On or near LABURNUM PARADE,E01007761,Rotherham 018E,Investigation complete; no suspect identified
88d53cb318636793b27a3cda7524659399561d27b8c64d0549bc78136c19e24b,2021-03,South Yorkshire Police,South Yorkshire Police,-1.466798,53.351947,On or near Supermarket,E01007984,Sheffield 064D,Investigation complete; no suspect identified
3f588def1902142868b2b92a8ca81ba58fa07e7f73a915a2b861a37bab4e878d,2021-03,South Yorkshire Police,South Yorkshire Police,-1.060995,53.560071,On or near NEWHALL ROAD,E01007622,Doncaster 007B,Investigation complete; no suspect identified
1083de24adf3d8db6bd220a0566157265d3115d44de8f91a69fe3754bb1e76c8,2021-03,South Yorkshire Police,South Yorkshire Police,-1.453658,53.365668,On or near PARK GRANGE MOUNT,E01008096,Sheffield 043B,Investigation complete; no suspect identified
12e796b318e431a08856736b5e0c2e23366ac5ce158766e939234069ecb0a3df,2021-03,South Yorkshire Police,South Yorkshire Police,-1.417033,53.418690,On or near EVESHAM CLOSE,E01007852,Sheffield 014C,Investigation complete; no suspect identified
06cc02f1172ea66f0b135c30901b9fa7250962214136936af9cc7041e1afc387,2021-03,South Yorkshire Police,South Yorkshire Police,-1.417033,53.418690,On or near EVESHAM CLOSE,E01007852,Sheffield 014C,Investigation complete; no suspect identified
9455e049fe9796202224178332f34261ee8bef57508cd000cb6f99e501302a75,2021-03,South Yorkshire Police,South Yorkshire Police,-1.296936,53.499534,On or near WALNUT GROVE,E01007573,Doncaster 031C,Unable to prosecute suspect
5332cfb429cbb4c870d2dcdebad57615a249f09f61305beffa31942e6529fb0f,2021-03,South Yorkshire Police,South Yorkshire Police,-1.119642,53.498441,On or near Petrol Station,E01007495,Doncaster 028A,Investigation complete; no suspect identified
37795e5bf0cfe2560f52cd498599b09d3a42d38d579cb40b92d719c1c154a9f0,2021-03,South Yorkshire Police,South Yorkshire Police,-1.485251,53.428917,On or near WORDSWORTH CLOSE,E01008116,Sheffield 009C,Suspect charged
85636978bb9a471be0a2690966c68244aa7b9bde62610e047a459c6c730170fc,2021-03,South Yorkshire Police,South Yorkshire Police,-1.474647,53.367272,On or near ST BARNABAS LANE,E01008109,Sheffield 042B,Unable to prosecute suspect
a1b37b12791609120df6b465cf16b04a35b23248055d88d70adbd685b3b09d16,2021-03,South Yorkshire Police,South Yorkshire Police,-1.282965,53.427785,On or near ROMNEY CLOSE,E01007726,Rotherham 019F,Further action is not in the public interest
7c207e33392d0df6871c2fec48abb9602ff152f2db89e262f1808c2e90216777,2021-03,South Yorkshire Police,South Yorkshire Police,-1.352992,53.430764,On or near DONCASTER GATE,E01007714,Rotherham 017B,Offender given a caution
f8260bf7c46b5785c92f96bb27e89fea637fb2099daa191d9eaeadbf0cf33b6a,2021-03,South Yorkshire Police,South Yorkshire Police,-1.422641,53.422303,On or near FIFE WAY,E01007847,Sheffield 014A,Unable to prosecute suspect
e68dab6016cf7ad941fd50b235d34b89eacb866c597a2d663fd7a54a55a72b83,2021-03,South Yorkshire Police,South Yorkshire Police,-1.324324,53.465608,On or near THRYBERGH HALL ROAD,E01007773,Rotherham 006C,Investigation complete; no suspect identified
b216780c8ad130dc331b09682d343d9fc1b4c6ed2f58788a2a5b9a02c9a3e9c8,2021-03,South Yorkshire Police,South Yorkshire Police,-1.296587,53.446823,On or near VALE CRESCENT,E01007727,Rotherham 010D,Suspect charged
e707dac2ae096735ad09917cc37b9df4da9dec2b7c37f2197cc0235f273ee0a5,2021-03,South Yorkshire Police,South Yorkshire Police,-1.470869,53.532618,On or near CROFT STREET,E01007463,Barnsley 021F,Investigation complete; no suspect identified
0d3b15cbb1a309549e91ada9463dee69d66f70070ca6789c2bbccf2142edaff7,2021-03,South Yorkshire Police,South Yorkshire Police,-1.217641,53.483887,On or near Petrol Station,E01007620,Doncaster 020D,Investigation complete; no suspect identified
ed7dda2ab1de1aface9ce5f19a6bc0a4c17ab9afc2d7e6323aa241947a0638f2,2021-03,South Yorkshire Police,South Yorkshire Police,-1.493223,53.336817,On or near Supermarket,E01007834,Sheffield 066D,Investigation complete; no suspect identified
183775955c43c41fb09d94a87d6f0e7dfbee63f05e8d956572b06554507b9cfd,2021-03,South Yorkshire Police,South Yorkshire Police,-1.448894,53.357538,On or near DARESBURY CLOSE,E01008100,Sheffield 048B,Investigation complete; no suspect identified
cc7d4191f78d2f3465465f71b1f8987e4fdff1c40adaa8767040be39d96cde0f,2021-03,South Yorkshire Police,South Yorkshire Police,-1.449855,53.504533,On or near MOUNT CRESCENT,E01007395,Barnsley 030E,Investigation complete; no suspect identified
d6a0209b0fb14ca2918a7b5006abefd075ac79a7029d1ebe51a71de9f3464ca0,2021-03,South Yorkshire Police,South Yorkshire Police,-1.587196,53.544231,On or near WHIH MOOR LANE,E01007420,Barnsley 016C,Unable to prosecute suspect
f2ebc2a75421cd9e4e1fff4c56f90a01afd1e9e5f3e40e305a3cac95e00989f7,2021-03,South Yorkshire Police,South Yorkshire Police,-1.433183,53.541569,On or near Petrol Station,E01007319,Barnsley 015A,Investigation complete; no suspect identified
41b558d321f3eeac35b6fe6cae45ea1301a1aa516a5929ea85d0cf5935ff1cc4,2021-03,South Yorkshire Police,South Yorkshire Police,-1.461024,53.541608,On or near YEWS LANE,E01007416,Barnsley 018D,Unable to prosecute suspect
ff8a3c45779eab997ef5ae993e4ae09bc0fb2ebc8586004c09fb3a1056a76c7a,2021-03,South Yorkshire Police,South Yorkshire Police,-1.482347,53.323440,On or near LUPTON ROAD,E01007916,Sheffield 069B,Investigation complete; no suspect identified
339b01f49dcd3b09c0818c29a5dd2f640e54e411dd8ce348f670dc80127cf616,2021-03,South Yorkshire Police,South Yorkshire Police,-1.447637,53.544099,On or near BIRK HOUSE LANE,E01007320,Barnsley 018C,Investigation complete; no suspect identified
49c09f271dd47f63ac071b91b8933ed4bd764ae401125eddc6dc57999e039fbd,2021-03,South Yorkshire Police,South Yorkshire Police,-1.338009,53.342961,On or near WEST STREET,E01008030,Sheffield 063A,Unable to prosecute suspect
0b6036911c1fc5df702b437715b47e17e0a0de8e44a2b1c29d0e8f25bccce236,2021-03,South Yorkshire Police,South Yorkshire Police,-1.169328,53.533242,On or near ST STEPHENS WALK,E01007582,Doncaster 016B,Investigation complete; no suspect identified
cfc40a60a0db20d3586025d4796fb7dd943f38b196b6f9a8d89c67964b7ec9e5,2021-03,South Yorkshire Police,South Yorkshire Police,-1.463566,53.531453,On or near QUEENSWAY,E01007461,Barnsley 021D,Unable to prosecute suspect
85abf060b769296deea2d12ab14db8000dee4021fc2502f98a7f97f7e8fb5d7c,2021-03,South Yorkshire Police,South Yorkshire Police,-1.463566,53.531453,On or near QUEENSWAY,E01007461,Barnsley 021D,Unable to prosecute suspect
d9397a50a98a50136f343f720404fd27aafc0f31782f7a8981587261b80f3f4b,2021-03,South Yorkshire Police,South Yorkshire Police,-1.417800,53.496903,On or near WATH ROAD,E01007388,Barnsley 029A,Investigation complete; no suspect identified
5947cc9d651343f1a77e0db283680e9fac976bfa8d5d82add3a95bea192c3008,2021-03,South Yorkshire Police,South Yorkshire Police,-1.488968,53.351046,On or near BANNERDALE ROAD,E01007929,Sheffield 055C,Investigation complete; no suspect identified
bca179666e24d3584eb0b7f7df4a64500457b4b3186bb70972458294f9ef4f6c,2021-03,South Yorkshire Police,South Yorkshire Police,-1.390877,53.428492,On or near EDALE ROAD,E01007718,Rotherham 016D,Unable to prosecute suspect
acfec2d05ab752b0fa19c3556de54e9c89b892483ac92a96593d9c5594c298fe,2021-03,South Yorkshire Police,South Yorkshire Police,-1.183506,53.561662,On or near SECOND AVENUE,E01007504,Doncaster 009F,Investigation complete; no suspect identified
60c437421362bfcee150534d0aba82fa89e6d29ccd31277bf1a81f9832041110,2021-03,South Yorkshire Police,South Yorkshire Police,-1.524568,53.344623,On or near BROOMCROFT PARK,E01007933,Sheffield 068F,Local resolution
1f4ca55e0665aea28516e7f4941a5ec82e3d5c7eb078c1ba63fe8611ce07aa6e,2021-03,South Yorkshire Police,South Yorkshire Police,-1.404204,53.362249,On or near STRADBROKE AVENUE,E01007963,Sheffield 045A,Unable to prosecute suspect
9c204c66b4519a41735c83cfb00f07d9302d03b6812ab17572c5c33bd90a9ae9,2021-03,South Yorkshire Police,South Yorkshire Police,-1.475690,53.366827,On or near SITWELL PLACE,E01008109,Sheffield 042B,Local resolution
dcd0c7fc65e1c3b42e1217e5ae7590553c8ff3c7ec08e2162b6349bd20d5efee,2021-03,South Yorkshire Police,South Yorkshire Police,-1.370504,53.358831,On or near CROSS STREET,E01007964,Sheffield 049A,Investigation complete; no suspect identified
d6f723d25f536c9a9d773ce5a25096b280a9b3a33e61bb94097dda395138bada,2021-03,South Yorkshire Police,South Yorkshire Police,-1.005523,53.445591,On or near BUTTEN MEADOW,E01007609,Doncaster 038B,Investigation complete; no suspect identified
10139c074b524cf64d20c140e66819146b76957884015c100a7c3b6b2c6a0b57,2021-03,South Yorkshire Police,South Yorkshire Police,-1.417919,53.389058,On or near BALFOUR ROAD,E01007906,Sheffield 027D,Investigation complete; no suspect identified
87d210864872b8f72d7565c77452745c30b598a8630e3b8319d9f0cea5bdc98f,2021-03,South Yorkshire Police,South Yorkshire Police,-1.446776,53.381888,On or near WHITE'S LANE,E01007885,Sheffield 075E,Unable to prosecute suspect
da868abb1ac18b1502568c525d3b63914f9ca38684df8b0367ffcb3785c52a9d,2021-03,South Yorkshire Police,South Yorkshire Police,-1.418895,53.353737,On or near FOXDALE AVENUE,E01008001,Sheffield 052B,Unable to prosecute suspect
ae1154de0c8aec9743e4d1b831e968313e7151ce55f7d799cc71e23ada67f784,2021-03,South Yorkshire Police,South Yorkshire Police,-1.350949,53.432443,On or near ELLIOTT COURT,E01007714,Rotherham 017B,Unable to prosecute suspect
9a886d0a3e5e574e9dfb2cbe46862936b130078d406e9b7168ee3db1925cb17b,2021-03,South Yorkshire Police,South Yorkshire Police,-1.387500,53.440447,On or near NEARCROFT ROAD,E01007740,Rotherham 011A,Unable to prosecute suspect
aea875fac9ffc76a88a0fe054d3b9cd6e2fec0f6942f86e5362c122fb28ff7ca,2021-03,South Yorkshire Police,South Yorkshire Police,-1.372265,53.573174,On or near NANCY ROAD,E01007333,Barnsley 006D,Unable to prosecute suspect
6239bdd7346a4a3aff53c27acb6c1de1f2243dfd00e74a2ba1d73d190be050c3,2021-03,South Yorkshire Police,South Yorkshire Police,-1.372265,53.573174,On or near NANCY ROAD,E01007333,Barnsley 006D,Unable to prosecute suspect
85a83c02c89ead33a09a60b1588d24f9f14f4e10de6c23ab708a84415854d605,2021-03,South Yorkshire Police,South Yorkshire Police,-1.504455,53.551800,On or near DODWORTH ROAD,E01007444,Barnsley 012F,Unable to prosecute suspect
4b6d4281e6f5e5c7d17a40c6e622ea890a0421732b0ec34622efac014063fc34,2021-03,South Yorkshire Police,South Yorkshire Police,-1.486788,53.346147,On or near CAWTHORNE GROVE,E01007829,Sheffield 059B,Unable to prosecute suspect
4c1b2d31ee148e7eea7dd7a31786018b4ca0fc2a64118db5a9f4b08b4bc3e46f,2021-03,South Yorkshire Police,South Yorkshire Police,-1.236120,53.483710,On or near ATHELSTANE ROAD,E01007539,Doncaster 035C,Investigation complete; no suspect identified
b8413aec2c3cf5f78139b3549d0e870350a7e9cb3bcb02b229a52fe3641455e5,2021-03,South Yorkshire Police,South Yorkshire Police,-1.344324,53.451184,On or near BROAD STREET,E01007784,Rotherham 008D,Suspect charged
b4249c16ab43748269504bc0f9fdd3da2faef39685f46141f9600970b2b8e636,2021-03,South Yorkshire Police,South Yorkshire Police,-1.512693,53.383640,On or near TRUSWELL AVENUE,E01007960,Sheffield 029B,Unable to prosecute suspect
70326b86bfb6051b9569b4e696a2e3c0eb37b06b6461300fa919ad4db9919772,2021-03,South Yorkshire Police,South Yorkshire Police,-1.435549,53.503244,On or near KEY AVENUE,E01007393,Barnsley 029B,Investigation complete; no suspect identified
4b63e500a6068065a0fdc0265d648ac0c84d3e9ea0da2c6f954e4bff9ba1cf16,2021-03,South Yorkshire Police,South Yorkshire Police,-1.435549,53.503244,On or near KEY AVENUE,E01007393,Barnsley 029B,Investigation complete; no suspect identified
33eefa68fa4a416d38ec542640f4f9c5eb884bcc7aaf5939d56b0c3e89e44460,2021-03,South Yorkshire Police,South Yorkshire Police,-0.951602,53.635720,On or near THE AVENUE,E01007633,Doncaster 001B,Unable to prosecute suspect
ae1120f2cafc3e1887904fe27d1232aa685d36b7dd8738873ca04c88c9248361,2021-03,South Yorkshire Police,South Yorkshire Police,-1.107907,53.520314,On or near Race Track,E01007644,Doncaster 019A,Suspect charged
ae1120f2cafc3e1887904fe27d1232aa685d36b7dd8738873ca04c88c9248361,2021-03,South Yorkshire Police,South Yorkshire Police,-1.107907,53.520314,On or near Race Track,E01007644,Doncaster 019A,Suspect charged
05ba572e09c884279901b2af47415aa2c6898f5884c2e9f68a8127d081274f79,2021-03,South Yorkshire Police,South Yorkshire Police,,,No location,,,Investigation complete; no suspect identified
a4940d2bd5289498574d13edc341e7155dd04602a75b26d513e8f34c35d8d7d5,2021-03,South Yorkshire Police,South Yorkshire Police,-1.435549,53.503244,On or near KEY AVENUE,E01007393,Barnsley 029B,Investigation complete; no suspect identified
c6fa1d62f16a62d22c1862eaf2ea2f4988500e6ec0258673cb79922c0eaf94c6,2021-03,South Yorkshire Police,South Yorkshire Police,-1.317429,53.545180,On or near KINGSWAY,E01007375,Barnsley 014D,Unable to prosecute suspect
f93e6cc729d4bb42dd0f7fe29312dbed7dba4e5d97afcf1323e4bd8aeb379807,2021-03,South Yorkshire Police,South Yorkshire Police,-1.437905,53.558732,On or near Supermarket,E01007405,Barnsley 011D,Investigation complete; no suspect identified
16159fe9f0faf7e0d5d7ff4958154344d22ce54048b6e355fe6e22ac370e047f,2021-03,South Yorkshire Police,South Yorkshire Police,-1.437905,53.558732,On or near Supermarket,E01007405,Barnsley 011D,Investigation complete; no suspect identified
00dbc0211f04415cbf50cd5ca371e97dc362647fd59bc221ff944e092eb6d438,2021-03,South Yorkshire Police,South Yorkshire Police,-1.504289,53.406886,On or near MIDDLEWOOD ROAD,E01007989,Sheffield 016C,Investigation complete; no suspect identified
ce9fc8d8a29cc92af230ba5da8d85824ca9eba8f3c5d5dc20c91f260eb8af6c8,2021-03,South Yorkshire Police,South Yorkshire Police,-1.462213,53.366551,On or near ST ELIZABETH CLOSE,E01008096,Sheffield 043B,Unable to prosecute suspect
55ee9a10354161109f7458a969afb805dbc43d991e08e1a51340f9c5a70d0309,2021-03,South Yorkshire Police,South Yorkshire Police,-1.378498,53.537343,On or near NORTH STREET,E01007348,Barnsley 020A,Investigation complete; no suspect identified
c85bbfb3f0115651b8feb1b91b421f3f529128ed33ee5f219be72db9f21851b4,2021-03,South Yorkshire Police,South Yorkshire Police,-1.413507,53.580799,On or near PONTEFRACT ROAD,E01007343,Barnsley 003D,Investigation complete; no suspect identified
6ed12153c42c77c3f883028d6de2bc29d6aae74730a8f912e953d9753b98be8e,2021-03,South Yorkshire Police,South Yorkshire Police,-1.461889,53.321858,On or near LINGFOOT AVENUE,E01008081,Sheffield 070A,Suspect charged
49a81be7926c421773581ba565e614254ad57ee2590b09f00f8caacff4fe4965,2021-03,South Yorkshire Police,South Yorkshire Police,-1.480463,53.378371,On or near CAVENDISH STREET,E01008114,Sheffield 074A,Investigation complete; no suspect identified
f270233fd025a74d7aac2c74aac79acf1a2e2e722a772b97086fd15d6049a31e,2021-03,South Yorkshire Police,South Yorkshire Police,-0.965285,53.617340,On or near HIGHFIELD CRESCENT,E01007636,Doncaster 003A,Investigation complete; no suspect identified
5de0e0893c76af76ff3719516b7b4002fd3a06aa7514a55e2ff6587134fd0575,2021-03,South Yorkshire Police,South Yorkshire Police,-1.432196,53.461890,On or near CHAPELFIELD LANE,E01007808,Rotherham 007E,Investigation complete; no suspect identified
6f161ba4b39330e5fa987f87dccd9c6c108cfa141ec513a42da27684bb7660f5,2021-03,South Yorkshire Police,South Yorkshire Police,-1.142985,53.518278,On or near ABBOTT STREET,E01007529,Doncaster 022A,Unable to prosecute suspect
d2cc1649e0b806c7d60fba6ccd7aeccba5b73c897fe5fcae9ca7fefc53b48a8a,2021-03,South Yorkshire Police,South Yorkshire Police,-1.145599,53.551798,On or near CROSS STREET,E01007508,Doncaster 010B,Investigation complete; no suspect identified
b403ebbde43c5d3cdefcf055891e53bde8b347b7d3e0e4214b40f22ac760f5e2,2021-03,South Yorkshire Police,South Yorkshire Police,-1.192391,53.477948,On or near LINDEN GROVE,E01007549,Doncaster 034D,Investigation complete; no suspect identified
cc3c9f1d7e67124cbc26c519f88221bdb0b8f7859e6ca58a416ab6b1e97ab577,2021-03,South Yorkshire Police,South Yorkshire Police,-1.388962,53.513748,On or near HOOBER VIEW,E01007455,Barnsley 026E,Unable to prosecute suspect
f8357410dbb07151f7387b39b890436c1a83396d61374faaf8a0fa2deb4955ba,2021-03,South Yorkshire Police,South Yorkshire Police,-1.488400,53.431133,On or near MANSEL CRESCENT,E01008116,Sheffield 009C,Unable to prosecute suspect
3e48865771ada4f603d9215a53dd99be57bc487eed8f2f9190b20688180a0899,2021-03,South Yorkshire Police,South Yorkshire Police,-0.957924,53.605609,On or near BEECH TREE AVENUE,E01007642,Doncaster 003G,Unable to prosecute suspect
3f6f921d48389707e8a2ab3f9d75fee819944368e204ac46f613e14e188bbe14,2021-03,South Yorkshire Police,South Yorkshire Police,-1.178464,53.546832,On or near CHARTER DRIVE,E01007518,Doncaster 012D,Investigation complete; no suspect identified
184c44d3ef4153af536d5758a2dd991b4341a8413457a8ede69981218f9448ad,2021-03,South Yorkshire Police,South Yorkshire Police,-1.266685,53.438886,On or near MOOR LANE NORTH,E01007691,Rotherham 012B,Action to be taken by another organisation
f284e936b299c61fe247422a3a58cec7b0b32df69bfd05e85c7d7ec56f12025a,2021-03,South Yorkshire Police,South Yorkshire Police,-1.462129,53.325418,On or near HAZLEBARROW COURT,E01008081,Sheffield 070A,Further action is not in the public interest
05919a60dc2ea70d13b1e83b517ca35443d4552de1b76b0c512015194ab48b2d,2021-03,South Yorkshire Police,South Yorkshire Police,-1.357591,53.338277,On or near BOOTH CROFT,E01008037,Sheffield 065E,Offender given penalty notice
c41b025de64030cdb17a3f9200b1e98a928174b628229bc173f956816ae89887,2021-03,South Yorkshire Police,South Yorkshire Police,-1.145812,53.509714,On or near BALBY ROAD,E01007534,Doncaster 028D,Investigation complete; no suspect identified
6f5bee7aabe58b26be43a88117b6d692c2a2ff2610d46f1cdab1206b9b9447f0,2021-03,South Yorkshire Police,South Yorkshire Police,-1.446461,53.345859,On or near GAUNT WAY,E01008075,Sheffield 060B,Investigation complete; no suspect identified
2ed9037f3c0ad13b16cd89a31d622d5e0427bd6459b0aba8497de00237543090,2021-03,South Yorkshire Police,South Yorkshire Police,-1.378532,53.437057,On or near HENLEY WAY,E01007717,Rotherham 016C,Offender given a caution
3e6f5c2b0975b12c8280e008a3063bc75d89582f18b22ccad65f8bfb75438e24,2021-03,South Yorkshire Police,South Yorkshire Police,-1.496425,53.474142,On or near BLACKTHORN CLOSE,E01007899,Sheffield 003E,Suspect charged
f2433b877109103066b07ae5d4bf1f2cd38ff2b6f10294c7438e370af50a62fc,2021-03,South Yorkshire Police,South Yorkshire Police,-1.186091,53.585886,On or near CHESTNUT AVENUE,E01007472,Doncaster 005D,Offender given a drugs possession warning
9975de97b30dd64135f1f6548b57c4c340bdb9deaae3b6ea19a1af9052a5132d,2021-03,South Yorkshire Police,South Yorkshire Police,-1.188647,53.559684,On or near WELFARE ROAD,E01007467,Doncaster 009D,Investigation complete; no suspect identified
7ab79e3c0824ae296d34a9a40f694e61ddf1babe383b891f31f31d298179d7ff,2021-03,South Yorkshire Police,South Yorkshire Police,-1.473637,53.388292,On or near EBENEZER PLACE,E01033262,Sheffield 073B,Investigation complete; no suspect identified
3b8a70bd75c9fb846992fc360477ab014ae18ea3adde58ca4444d24816d6c2fa,2021-03,South Yorkshire Police,South Yorkshire Police,-1.186091,53.585886,On or near CHESTNUT AVENUE,E01007472,Doncaster 005D,Offender given a drugs possession warning
34ad1756e78be186f687eb8f5ce402adf0f993170b8c9d2397ab4d6e0e355f1f,2021-03,South Yorkshire Police,South Yorkshire Police,-1.479178,53.515712,On or near CORONATION DRIVE,E01007398,Barnsley 028C,Investigation complete; no suspect identified
c49c1531c8f6c44d2dd5f59eb804933d159a74e2d97f54c204eb1601abc010d8,2021-03,South Yorkshire Police,South Yorkshire Police,-1.153752,53.565294,On or near CAVENDISH ROAD,E01007511,Doncaster 010E,Investigation complete; no suspect identified
4ddf739cad0080e61c74190385487421ffb5b9787698ac24ab0c26d6524c35bd,2021-03,South Yorkshire Police,South Yorkshire Police,-1.484763,53.577477,On or near STANDHILL CRESCENT,E01007411,Barnsley 007F,Unable to prosecute suspect
73cd3597da994eaa95357e4190e5b314c31ca60afe4cf77a8e9ca25428a3efa4,2021-03,South Yorkshire Police,South Yorkshire Police,-1.244273,53.480310,On or near CEDRIC AVENUE,E01007538,Doncaster 035B,Unable to prosecute suspect
a0f9902e1d6cacb2ed538e627febc3c7f804b9968db94d67041d29d78ebe8f77,2021-03,South Yorkshire Police,South Yorkshire Police,-1.484029,53.552127,On or near Nightclub,E01007340,Barnsley 013B,Suspect charged
448cc630773409b3f73750df9dc090757afd8995b50653494e6d4d94747a27d4,2021-03,South Yorkshire Police,South Yorkshire Police,-1.474963,53.508988,On or near HAY GREEN LANE,E01007399,Barnsley 028D,Investigation complete; no suspect identified
21f030963d967b4341cee261101e981d7fbe0e049374237f642496ad024d9f58,2021-03,South Yorkshire Police,South Yorkshire Police,-1.397721,53.447924,On or near SHEARMAN AVENUE,E01007805,Rotherham 011C,Investigation complete; no suspect identified
8d8321ccad60075180ad9572edc6e16218c275587348f8fc0b4559bb55d8a123,2021-03,South Yorkshire Police,South Yorkshire Police,-1.428141,53.366762,On or near BASSLEDENE ROAD,E01008012,Sheffield 039B,Unable to prosecute suspect
e049c784e29104313a8779fb14e42b9455e2687d0c46a3ef69b58e239046bf40,2021-03,South Yorkshire Police,South Yorkshire Police,-1.508418,53.412799,On or near WITHENS AVENUE,E01007987,Sheffield 016A,Investigation complete; no suspect identified
c81739c8bcd1f97205fc42e8f5b6cde65865028f3490507e87e496d836c22be7,2021-03,South Yorkshire Police,South Yorkshire Police,-1.145598,53.518854,On or near FLOWITT STREET,E01007529,Doncaster 022A,Investigation complete; no suspect identified
9737d36ce35b55834fc7eb110a40c0ef496d6885727c286aead8ce49b70926f2,2021-03,South Yorkshire Police,South Yorkshire Police,-1.460210,53.325257,On or near HAZLEBARROW CRESCENT,E01008081,Sheffield 070A,Further action is not in the public interest
5fdf0d8b0f62e7fb4a6c091dd6ee8cb1f5fdbddb5f4ee76858b0383bc8fc3d02,2021-03,South Yorkshire Police,South Yorkshire Police,-1.009388,53.613255,On or near GROVE ROAD,E01007625,Doncaster 004A,Investigation complete; no suspect identified
7bbe91ee93e86ade5455706612657cdaab1ddcf5146f8d9a0bb2014417c3dcf8,2021-03,South Yorkshire Police,South Yorkshire Police,-1.484224,53.389354,On or near UPPERTHORPE ROAD,E01008065,Sheffield 026A,Unable to prosecute suspect
9f5939bea759c107a0d313b384ec0539f18aaec1988dc8fddd7bbded111249ea,2021-03,South Yorkshire Police,South Yorkshire Police,-1.580404,53.477117,On or near ARMITAGE ROAD,E01008142,Sheffield 002A,Further investigation is not in the public interest
ff82bd8ebec5fc9fe1a990a0034e14a8001ad8205efcd1f55607e2133fbccfb5,2021-03,South Yorkshire Police,South Yorkshire Police,-1.145812,53.509714,On or near BALBY ROAD,E01007534,Doncaster 028D,Investigation complete; no suspect identified
a4100af0fd236373f7f447570a8a19988d301f8f5592e96ac226b0f085d96e98,2021-03,South Yorkshire Police,South Yorkshire Police,-1.374368,53.369998,On or near HANDSWORTH GRANGE WAY,E01007971,Sheffield 037C,Offender given a caution
d369c682acb2bb5435b5d2924d40c23cf31ec87d120935581ea159da79569df3,2021-03,South Yorkshire Police,South Yorkshire Police,,,No location,,,Unable to prosecute suspect
3c36e88cb5bff765ec6197fe85158c39aaefe7536cc9cf362a27aee3faf59c76,2021-03,South Yorkshire Police,South Yorkshire Police,-1.394258,53.438423,On or near MANOR FIELDS,E01007741,Rotherham 015A,Investigation complete; no suspect identified
6fbcd85e85a1682e7462b1f7f60e42707714174ce4205fff16d06013fc7d49f6,2021-03,South Yorkshire Police,South Yorkshire Police,-1.455729,53.405955,On or near CANNON HALL ROAD,E01007942,Sheffield 020D,Unable to prosecute suspect
9c9f8fa76d9fa307c02401862b88afff7ba0b13779216a3d03a967706ed73e49,2021-03,South Yorkshire Police,South Yorkshire Police,-1.481009,53.564599,On or near HALIFAX STREET,E01007410,Barnsley 010E,Action to be taken by another organisation
d63c72361a0eb6d3869ad71511f102ab8a647eca9ef4ddebb7cddc6d962e3552,2021-03,South Yorkshire Police,South Yorkshire Police,-1.507596,53.404464,On or near PORTSEA ROAD,E01007995,Sheffield 017A,Unable to prosecute suspect
b977ab8d1e78fc760acba1460536a5cfc2710c6fcfb68f7c85769c3ed5b92a4a,2021-03,South Yorkshire Police,South Yorkshire Police,-1.314737,53.545506,On or near WELFARE ROAD,E01007375,Barnsley 014D,Investigation complete; no suspect identified
57e50a7c3c755874ae9dc16653307f75b22e26853d1ced19903fc5d2688fbdbf,2021-03,South Yorkshire Police,South Yorkshire Police,-1.506617,53.403318,On or near HAWTHORN ROAD,E01007995,Sheffield 017A,Unable to prosecute suspect
49a642f46be1cc42360903c7c334107b50811137056356441629cd7cd486d72e,2021-03,South Yorkshire Police,South Yorkshire Police,-1.506617,53.403318,On or near HAWTHORN ROAD,E01007995,Sheffield 017A,Unable to prosecute suspect
1e84de0160f94bcf80041432e8bafeeb90aa67ba1731cbab947909a8c44fc644,2021-03,South Yorkshire Police,South Yorkshire Police,-1.466553,53.384836,On or near SNIG HILL,E01033264,Sheffield 073D,Further investigation is not in the public interest
92dcaf9830d6cd6f4f1fec121853b087042b6b156a3bd2edd76eb6548b350db8,2021-03,South Yorkshire Police,South Yorkshire Police,-1.530847,53.540059,On or near DODWORTH GREEN ROAD,E01007384,Barnsley 019C,Investigation complete; no suspect identified
efc572da4f740de22c3f883caffd8e63b1e478e01a414db3d7cd907f7995eb3d,2021-03,South Yorkshire Police,South Yorkshire Police,-1.436167,53.417901,On or near WINCOBANK CLOSE,E01007848,Sheffield 013A,Unable to prosecute suspect
95a9351102238191688ac2b5410b8ed21da000c31ba3fdbae3abe06649d43d1e,2021-03,South Yorkshire Police,South Yorkshire Police,-1.463760,53.345030,On or near WOODLAND ROAD,E01007827,Sheffield 064A,Unable to prosecute suspect
894dd6e8cd650305b9848d8a2739390ebf43e4dd3002af081e10fc53ed83b371,2021-03,South Yorkshire Police,South Yorkshire Police,-1.530777,53.542324,On or near EYAM CLOSE,E01007384,Barnsley 019C,Unable to prosecute suspect
0c667c0779c792a9a81494d18a9ea4d7987f34fc23bf1992d8f7d0edae0a6e3f,2021-03,South Yorkshire Police,South Yorkshire Police,-1.437143,53.343964,On or near MORLAND ROAD,E01008007,Sheffield 060A,Unable to prosecute suspect
2f56364ac5ce25ade65b774e57a74d91dc7f379ead2036d15942bb83c01f383a,2021-03,South Yorkshire Police,South Yorkshire Police,-1.477924,53.361039,On or near DALTON COURT,E01008112,Sheffield 042D,Investigation complete; no suspect identified
c48ce1506f80e871794d17c96b9edf8bcda899771898b33229e90f0943fcf188,2021-03,South Yorkshire Police,South Yorkshire Police,-0.946751,53.634940,On or near THE FAIRWAY,E01007633,Doncaster 001B,Unable to prosecute suspect
eaaaa9128df726df51a4003603a1723755113e374c239ec259b8815b5378ff6b,2021-03,South Yorkshire Police,South Yorkshire Police,-1.351387,53.500543,On or near FLEMING SQUARE,E01007822,Rotherham 002F,Unable to prosecute suspect
b441a56fb80375f03683bd29ebae584c79182fdbde55d27681918c25fae57948,2021-03,South Yorkshire Police,South Yorkshire Police,-1.397622,53.375043,On or near RICHMOND PARK CRESCENT,E01007910,Sheffield 037A,Investigation complete; no suspect identified
bb295a28082c2aee12a157d94bc67a57574b83552513533918b67f630fd01ad4,2021-03,South Yorkshire Police,South Yorkshire Police,-1.444799,53.410211,On or near LAUDER STREET,E01007944,Sheffield 022F,Investigation complete; no suspect identified
6c7d53e02e66c4cc94c2d412175a3a955c409cd6758b7936011b9c67a8efa9c5,2021-03,South Yorkshire Police,South Yorkshire Police,-1.385372,53.505469,On or near PLOUGHMANS CROFT,E01007695,Rotherham 001C,Investigation complete; no suspect identified
cc865d29b87f7f7a85babcf8006dce8308c30f3e2fff0d44a5702c9ecf90dd4c,2021-03,South Yorkshire Police,South Yorkshire Police,-1.504823,53.389369,On or near Petrol Station,E01008074,Sheffield 028D,Investigation complete; no suspect identified
4f8256762314ca02f4218836cef931ec2d78b1e97331d0e8ec3d33d79e96a317,2021-03,South Yorkshire Police,South Yorkshire Police,-1.456247,53.401958,On or near SKIPTON ROAD,E01007872,Sheffield 020B,Investigation complete; no suspect identified
d616e53aaf6b999beb617a0412e5d0d52f55125e15c82fca0c8eee1015bd23d0,2021-03,South Yorkshire Police,South Yorkshire Police,-1.200834,53.476927,On or near LICHFIELD GARDENS,E01007549,Doncaster 034D,Unable to prosecute suspect
7debf83a23e8540ab9b02fdd17210471ea5d27b75414e6c4ccdf3cb1aa912176,2021-03,South Yorkshire Police,South Yorkshire Police,-1.131941,53.519960,On or near Parking Area,E01007645,Doncaster 022E,Unable to prosecute suspect
f8bc0590449c118c5190340a4832ae0d607fd9a1ea49243525d752bdc92568e1,2021-03,South Yorkshire Police,South Yorkshire Police,-1.437272,53.499486,On or near GEORGE STREET,E01007391,Barnsley 030C,Local resolution
784151c07b3edc1aa41e410c3ca1756c5aa0e2c7722e9ef4b1ebfd84c128e15e,2021-03,South Yorkshire Police,South Yorkshire Police,-1.515118,53.403110,On or near FINDON CRESCENT,E01007996,Sheffield 021E,Investigation complete; no suspect identified
ebd55a16574d3c782aef246516c5cba58ba7e22ff59a68271e8a003be084b85f,2021-03,South Yorkshire Police,South Yorkshire Police,-1.474827,53.549264,On or near QUARRY STREET,E01007338,Barnsley 017A,Further action is not in the public interest
0d5f9586e772966a7aacc6e92969c825b81fc50b7e0211d025c6951fa34ee05b,2021-03,South Yorkshire Police,South Yorkshire Police,-1.470042,53.545720,On or near PINDAR OAKS STREET,E01007339,Barnsley 017B,Unable to prosecute suspect
0fc2482c265373e3f66440b289aaf8ac856c564b4a5412bf9a868057ed5c40c3,2021-03,South Yorkshire Police,South Yorkshire Police,-1.482838,53.411945,On or near TEYNHAM ROAD,E01008094,Sheffield 019D,Unable to prosecute suspect
f0265f84eaad0436ccaf486090d71fafd095d702abbed88fa9f02021dfaea3b7,2021-03,South Yorkshire Police,South Yorkshire Police,-1.461100,53.415418,On or near LONGLEY LANE,E01007947,Sheffield 013C,Investigation complete; no suspect identified
3918503ae94d3aab898eb9f2f9ae0b12094ae934f3477d8285220df16acffc95,2021-03,South Yorkshire Police,South Yorkshire Police,-1.474764,53.327219,On or near Petrol Station,E01008079,Sheffield 064F,Investigation complete; no suspect identified
ed1508618032ecd9fa57e343b53168ee5b0f6604ad9393ab9b79339dec42eb22,2021-03,South Yorkshire Police,South Yorkshire Police,-1.231591,53.376463,On or near HAYDOCK AVENUE,E01007787,Rotherham 028A,Unable to prosecute suspect
43fc4c538f7cec53d33c2efb5788ed9660a031dc42fec2051d2b33accb343480,2021-03,South Yorkshire Police,South Yorkshire Police,-0.975170,53.617416,On or near LYNDHURST CLOSE,E01007640,Doncaster 003E,Investigation complete; no suspect identified
afc937d5407c89f9e8fa2dc7701f79b902b23e70e090b80b3962402b3b93c5f5,2021-03,South Yorkshire Police,South Yorkshire Police,-1.234415,53.377416,On or near KENSINGTON CLOSE,E01007787,Rotherham 028A,Unable to prosecute suspect
3ea285a4849fa51caebdd4b1d45ae330fa6e9db5cef2b6411c380036178aeaa4,2021-03,South Yorkshire Police,South Yorkshire Police,-1.127228,53.525454,On or near VAUGHAN AVENUE,E01007648,Doncaster 019D,Further action is not in the public interest
9314d9cd8239bbd501de24fc821e2d113f999cde2eb18721648614ee2c2a9d33,2021-03,South Yorkshire Police,South Yorkshire Police,-1.152102,53.515665,On or near SHIRLEY ROAD,E01007531,Doncaster 022C,Unable to prosecute suspect
604a7cf410570bf2378a0fc0ebfbfe08000ec0d854b69b0b4e1e135c5d85ff55,2021-03,South Yorkshire Police,South Yorkshire Police,-1.145812,53.509714,On or near BALBY ROAD,E01007534,Doncaster 028D,Unable to prosecute suspect
1c116eec93f4b6785ca06bc12c87c38363c69a11c386ffa9d0772d4bea9e0997,2021-03,South Yorkshire Police,South Yorkshire Police,-1.486108,53.423923,On or near WORDSWORTH AVENUE,E01008090,Sheffield 012C,Unable to prosecute suspect
a4834cc849ec85fd7e985646a1b3002b777dbf474b446d87efb0be1231a3c055,2021-03,South Yorkshire Police,South Yorkshire Police,-1.477106,53.578640,On or near REGENT CRESCENT,E01007324,Barnsley 007B,Investigation complete; no suspect identified
066f5e614423b324cd698258f4227ae55d3ab6d64a960684a70aec33bf6d790f,2021-03,South Yorkshire Police,South Yorkshire Police,-1.464015,53.385831,On or near LADY'S BRIDGE,E01033270,Sheffield 022H,Investigation complete; no suspect identified
8451ea86f864595251553cc70fc166d79d695dea2fd78f03ed0ec7258990b4b4,2021-03,South Yorkshire Police,South Yorkshire Police,-1.339960,53.345021,On or near NEWBOULD CRESCENT,E01008030,Sheffield 063A,Suspect charged
c648278d857b3a4681206b68ae4176d7688965c3a170037eeecce511f1fa7459,2021-03,South Yorkshire Police,South Yorkshire Police,-1.460744,53.423326,On or near FAR VIEW ROAD,E01008063,Sheffield 011B,Unable to prosecute suspect
0f927a8c2299c8c958b0a196088c8939dd8fe345e627efae55bd93e865d8db06,2021-03,South Yorkshire Police,South Yorkshire Police,-1.448238,53.429238,On or near WHEATFIELD CRESCENT,E01008059,Sheffield 010C,Unable to prosecute suspect
1a5c1653751974498c443df4e11670eab714187f466836f9f9d8dea5c98b19dc,2021-03,South Yorkshire Police,South Yorkshire Police,-0.970162,53.544268,On or near Prison,E01007557,Doncaster 008B,Action to be taken by another organisation
1b7b262ebc6f022e5a32c9cb4ee0b9162c09aba2262bf195ec6a783611d11c71,2021-03,South Yorkshire Police,South Yorkshire Police,-1.357948,53.431429,On or near CORPORATION STREET,E01007714,Rotherham 017B,Investigation complete; no suspect identified
7292b7e01d7b70b54d839ddf7ec194d6e32d47a2d923873e92682541b96acde1,2021-03,South Yorkshire Police,South Yorkshire Police,-1.471617,53.547695,On or near GOLD STREET,E01007339,Barnsley 017B,Suspect charged
d4531474a293f78c75c0a890d8f531ae4cf0cad2e7afd40be1dcbc6bf09ddfb7,2021-03,South Yorkshire Police,South Yorkshire Police,-1.149270,53.517739,On or near BENTLEY AVENUE,E01007529,Doncaster 022A,Unable to prosecute suspect
177cda19c72742b4e7757d7ac9bb1a60e03f039c36e482e923940e1cec9e80e7,2021-03,South Yorkshire Police,South Yorkshire Police,-1.343627,53.457320,On or near RECTORY STREET,E01007783,Rotherham 008C,Investigation complete; no suspect identified
eda43942d05e2e4f7e6cf063e51f0c9a6cdee348a1ed7be05415ddf334444e72,2021-03,South Yorkshire Police,South Yorkshire Police,-1.449832,53.478305,On or near LODGE DRIVE,E01007696,Rotherham 007A,Investigation complete; no suspect identified
eeb3010513bce50b76d2923a4a166ab3527fc8ba9822d40a6b189ee55fdc1191,2021-03,South Yorkshire Police,South Yorkshire Police,-1.027071,53.589688,On or near KING GEORGES COURT,E01007629,Doncaster 004E,Unable to prosecute suspect
43b9020acfd26bb89e5ba474a5cd8cdc5dc0d1c2b5abdecb02b9750a21d6acff,2021-03,South Yorkshire Police,South Yorkshire Police,-1.145848,53.525912,On or near Prison,E01007529,Doncaster 022A,Action to be taken by another organisation
efaca191f578eb32bf89172bc8e4259cda192dab4966aa1b5474758387daf108,2021-03,South Yorkshire Police,South Yorkshire Police,-1.188878,53.554688,On or near MARKET STREET,E01007507,Doncaster 009G,Offender given a caution
f0b4a24ff510c1f5c592c579b9ff6393f10ca3db6855069a53538059021c96b9,2021-03,South Yorkshire Police,South Yorkshire Police,-1.358859,53.319812,On or near HALLSIDE COURT,E01032585,Sheffield 072E,Unable to prosecute suspect
02a8d872ca2f29548ecce70838a00a3043d2db54b3a4d74a0fbf7b6f607860cb,2021-03,South Yorkshire Police,South Yorkshire Police,-1.448988,53.563251,On or near HANBURY CLOSE,E01007404,Barnsley 009D,Local resolution
ad383cc7fca1e1845b106451aca82cceacf8761fda62948f6ff643bc00681229,2021-03,South Yorkshire Police,South Yorkshire Police,-1.117074,53.536409,On or near LIVERPOOL AVENUE,E01007651,Doncaster 015C,Unable to prosecute suspect
4a96950c69abec573b33fd538dde9ad3ea038383752db6ef2148769a01d27d81,2021-03,South Yorkshire Police,South Yorkshire Police,-1.257049,53.423447,On or near Supermarket,E01007684,Rotherham 022A,Local resolution
ddae5e7a12c4953be24f0a366e668eab86538d9c76b353db1cd934a84a6510aa,2021-03,South Yorkshire Police,South Yorkshire Police,-1.552183,53.388379,On or near HOPWOOD LANE,E01008133,Sheffield 023E,Unable to prosecute suspect
49baf7405412445e4bf405313ed7ce9df2ee5b33163532a5e10a144cc78bf44d,2021-03,South Yorkshire Police,South Yorkshire Police,-0.957590,53.622882,On or near HOLLY ROAD,E01007635,Doncaster 001D,Unable to prosecute suspect
e76d01a038aa8c5645e3b8ca664096d974b29a55ff147e98a35b639fd0e68d0a,2021-03,South Yorkshire Police,South Yorkshire Police,-1.205227,53.571588,On or near BEAUMONT AVENUE,E01007465,Doncaster 009B,Offender given a drugs possession warning
0a1785b1f8dbd1dd74c72165ce927b659d667e2f66e9138f70f9517da71446f8,2021-03,South Yorkshire Police,South Yorkshire Police,-1.474310,53.547168,On or near SHEFFIELD ROAD,E01007338,Barnsley 017A,Unable to prosecute suspect
279af63bd4db364591244dc80f501dc78cdf9e2e1e481e4ec772aa1fc1438398,2021-03,South Yorkshire Police,South Yorkshire Police,-1.506597,53.388127,On or near NORTHFIELD ROAD,E01008154,Sheffield 024C,Investigation complete; no suspect identified
24895095fdac56cd61ee65950f10c8b8b6bc28f89cd18aff16da89b2adb20595,2021-03,South Yorkshire Police,South Yorkshire Police,-1.461655,53.571587,On or near ST HELENS AVENUE,E01032550,Barnsley 010G,Unable to prosecute suspect
d6106813cab91090fc69fd1017962de618b8d414923e22ef464e08e37af213f5,2021-03,South Yorkshire Police,South Yorkshire Police,-1.172621,53.632831,On or near ARUNDEL ROAD,E01007493,Doncaster 002G,Unable to prosecute suspect
43593bbd034f0b8e83d7f2c0351d655ac74d81278935655eed3f0a7f58fc7772,2021-03,South Yorkshire Police,South Yorkshire Police,-1.013427,53.578754,On or near CROOKES BROOM LANE,E01007555,Doncaster 006B,Investigation complete; no suspect identified
421df4b32fd9c4cde5a44f25935c56067002d63e4bc4239a2f689035f0fe6cb7,2021-03,South Yorkshire Police,South Yorkshire Police,-1.495322,53.401958,On or near Supermarket,E01008093,Sheffield 017D,Investigation complete; no suspect identified
ae8a1ed381b63000bd35296a77597e4d52ec22da022ce07155e432276c029049,2021-03,South Yorkshire Police,South Yorkshire Police,-1.495322,53.401958,On or near Supermarket,E01008093,Sheffield 017D,Investigation complete; no suspect identified
e79fb92a05db948e81aaed3f37531bcdd39a0d855a7c099a402b80a6ba1a3871,2021-03,South Yorkshire Police,South Yorkshire Police,-1.451130,53.539990,On or near COLLEY AVENUE,E01007317,Barnsley 018A,Unable to prosecute suspect
3b02cabf92091f856c75f9b2dfd33d1a1e99c4a1083bff58d5eebd67a804948f,2021-03,South Yorkshire Police,South Yorkshire Police,-1.410804,53.390354,On or near GREENLAND VIEW,E01007902,Sheffield 027B,Suspect charged
456e261310cbe31d9e935a3025ed8be2e84c53fdff6acab21b1f12516e2f38a7,2021-03,South Yorkshire Police,South Yorkshire Police,-1.186091,53.585886,On or near CHESTNUT AVENUE,E01007472,Doncaster 005D,Investigation complete; no suspect identified
b05816562991406134d13599745bf47d84912fd3e36499be5d56a7dde5405023,2021-03,South Yorkshire Police,South Yorkshire Police,-1.457081,53.417979,On or near LONGLEY LANE,E01008063,Sheffield 011B,Investigation complete; no suspect identified
c494593ec5a4218c5729cbf9021d82ffc917a97ddad7111fcd01023474c6b5c1,2021-03,South Yorkshire Police,South Yorkshire Police,-1.442914,53.380611,On or near MALTRAVERS CRESCENT,E01007885,Sheffield 075E,Investigation complete; no suspect identified
a526981f4a479b8073d6ce7104045fe22f641d35e4b9ce90f06aafbe58077a47,2021-03,South Yorkshire Police,South Yorkshire Police,-1.182862,53.584138,On or near CROASDALE GARDENS,E01007474,Doncaster 005F,Unable to prosecute suspect
812df33855f6b1bb67745f839fb06d3ccc37c4e7b48650e7488ccb8ad9819537,2021-03,South Yorkshire Police,South Yorkshire Police,-1.357591,53.407194,On or near WEST BAWTRY ROAD,E01007678,Rotherham 023B,Investigation complete; no suspect identified
2a4833a2b1385aa6f469121b1bd223442658a4e0f62fbc5778a2427be2a4e227,2021-03,South Yorkshire Police,South Yorkshire Police,-1.445029,53.515010,On or near WOODHEAD DRIVE,E01007395,Barnsley 030E,Investigation complete; no suspect identified
a70235192449fb6cf590f0779283a39e49cbbc8bf55e21ddfb3c983f5af231a3,2021-03,South Yorkshire Police,South Yorkshire Police,-1.074884,53.510211,On or near ANSTEN CRESCENT,E01007528,Doncaster 024C,Unable to prosecute suspect
d38ccd27082f885a9ecbfe7cbacbbc54d8714341c79db1547f15140f08d6710f,2021-03,South Yorkshire Police,South Yorkshire Police,-1.447197,53.409691,On or near BOLSOVER ROAD EAST,E01007944,Sheffield 022F,Investigation complete; no suspect identified
c1e3f9cb57d7671a10dfb27de34a8f7b4607a19bd9c8be00868e2fb6da8648a3,2021-03,South Yorkshire Police,South Yorkshire Police,-1.417009,53.421521,On or near BARROW ROAD,E01007852,Sheffield 014C,Unable to prosecute suspect
c1e3f9cb57d7671a10dfb27de34a8f7b4607a19bd9c8be00868e2fb6da8648a3,2021-03,South Yorkshire Police,South Yorkshire Police,-1.417009,53.421521,On or near BARROW ROAD,E01007852,Sheffield 014C,Unable to prosecute suspect
9319a8a25038fd58f5b77f97b190587ed613d501907ae87b80d8487f1fe9fcd7,2021-03,South Yorkshire Police,South Yorkshire Police,-1.503010,53.394036,On or near ORCHARD ROAD,E01008153,Sheffield 024B,Unable to prosecute suspect
2ebd39abb980c311175a1fda9ce995a1acfb7b355f2b5f25617e042437be5481,2021-03,South Yorkshire Police,South Yorkshire Police,-1.592835,53.477142,On or near GRAYSON CLOSE,E01008145,Sheffield 001B,Suspect charged
450a281b77baf25e61d473243594b6e8fa3f22b04af1c3fb1101eec861d0447b,2021-03,South Yorkshire Police,South Yorkshire Police,-1.592835,53.477142,On or near GRAYSON CLOSE,E01008145,Sheffield 001B,Suspect charged
a4dddf573515cbb571231d88976216bebf5ba2d5a0142376b560a318bb17f578,2021-03,South Yorkshire Police,South Yorkshire Police,-1.592835,53.477142,On or near GRAYSON CLOSE,E01008145,Sheffield 001B,Unable to prosecute suspect
a2eaae5eec16410b202936eb950db661abecdbdae7118a220fbb37a4e7d888e8,2021-03,South Yorkshire Police,South Yorkshire Police,-1.592835,53.477142,On or near GRAYSON CLOSE,E01008145,Sheffield 001B,Suspect charged
7879f5185703d33a1b72cce2e32facd9b13ef2ca798ac6bffac7704c0b8954c7,2021-03,South Yorkshire Police,South Yorkshire Police,-1.391256,53.360809,On or near SMELTER WOOD RISE,E01007966,Sheffield 049B,Unable to prosecute suspect
384fa7e18efca2d583096764eb07029f1e9b160b3c50325e6676b19beb3d71b8,2021-03,South Yorkshire Police,South Yorkshire Police,-1.592835,53.477142,On or near GRAYSON CLOSE,E01008145,Sheffield 001B,Suspect charged
cb4454c607d5046bf32c319af0e938aa901041ed15506be87bf9ac0bf5c1165b,2021-03,South Yorkshire Police,South Yorkshire Police,-1.356503,53.500238,On or near MICHAEL CROFT,E01007822,Rotherham 002F,Local resolution
3cf52943ad926b07ca669b6be4ff5eac8ea7b93f85fbcf983fc54b8c6686f4bc,2021-03,South Yorkshire Police,South Yorkshire Police,-1.414397,53.401311,On or near Parking Area,E01007904,Sheffield 018B,Investigation complete; no suspect identified
ce8f4cb6b2e11158388f17bf2098a2ee98b2b5e79518975599eed15b18be67d2,2021-03,South Yorkshire Police,South Yorkshire Police,-1.443251,53.426212,On or near BELLHOUSE MEWS,E01007849,Sheffield 010A,Investigation complete; no suspect identified
8b0600774e981efb0cc851fdaf2d938139fe83404c40b8a850f3150a0f82ed9a,2021-03,South Yorkshire Police,South Yorkshire Police,-1.278691,53.430438,On or near LOW RIDDINGS,E01032927,Rotherham 012F,Local resolution
148d4f802f6ed71b7f5e0e53e8ad067ebbacdc43b3402455829a97d04f888b84,2021-03,South Yorkshire Police,South Yorkshire Police,-1.397721,53.447924,On or near SHEARMAN AVENUE,E01007805,Rotherham 011C,Investigation complete; no suspect identified
70bcee106cd75f7039709911d8058d61994b787f5438f14999566570a4915d37,2021-03,South Yorkshire Police,South Yorkshire Police,-1.592835,53.477142,On or near GRAYSON CLOSE,E01008145,Sheffield 001B,Suspect charged
0c8534e3669448152e89dbb19e68a601fd96ffc7c8b561446a2f192a5d4f09f4,2021-03,South Yorkshire Police,South Yorkshire Police,-1.383376,53.537008,On or near CLARNEY AVENUE,E01007352,Barnsley 020E,Investigation complete; no suspect identified
a69f39c0d472b9d8914a6b59d21fdfccca13c80f2eb4ba2be84195330247ad7e,2021-03,South Yorkshire Police,South Yorkshire Police,-1.173782,53.537695,On or near KENILWORTH CLOSE,E01007589,Doncaster 016D,Unable to prosecute suspect
7ad1c531834c05f5a98ee54da147196f4f2076ddf73773918482ff177b658ba1,2021-03,South Yorkshire Police,South Yorkshire Police,-1.395645,53.344804,On or near BIRLEY MOOR CLOSE,E01007842,Sheffield 076D,Unable to prosecute suspect
b45f69497964f4ffdee10fac00d2013321dfce1fdbe4c653dac0e861fd9f1def,2021-03,South Yorkshire Police,South Yorkshire Police,-1.474237,53.378587,On or near WELLINGTON STREET,E01033265,Sheffield 074C,Investigation complete; no suspect identified
c9fe57db1388cc2efac587cb9e0a50e589679c117b111cc30df30e8df2261bf5,2021-03,South Yorkshire Police,South Yorkshire Police,-1.061878,53.536519,On or near Petrol Station,E01033259,Doncaster 014E,Unable to prosecute suspect
32222d944aaf53cab774f5efc89dc1ea9faefcde3bbaa82bb9ef61e072e37655,2021-03,South Yorkshire Police,South Yorkshire Police,-1.445709,53.403842,On or near MARGATE DRIVE,E01007873,Sheffield 020C,Investigation complete; no suspect identified
f372ed48df65419e6501d58f8c8b7a7b182e4ddc496ff7331ae6c1bd7b58e80f,2021-03,South Yorkshire Police,South Yorkshire Police,-1.428958,53.361849,On or near QUEEN MARY MEWS,E01008013,Sheffield 039C,Offender given a drugs possession warning
75a479e6a6899da08b42a7777d31777cee19e52243a464be5e356070620f7079,2021-03,South Yorkshire Police,South Yorkshire Police,-1.399570,53.350909,On or near Sports/Recreation Area,E01007838,Sheffield 076A,Local resolution
49c01da28f399b14454842818977f03de9836dc7a0beeddac976c3246ab6ea84,2021-03,South Yorkshire Police,South Yorkshire Police,-1.350509,53.434661,On or near ST ANN'S ROAD,E01007714,Rotherham 017B,Local resolution
6b600630cfbc5a2bcb468aae828fa2bfc187fb3da374db259438e97490c00b26,2021-03,South Yorkshire Police,South Yorkshire Police,-1.146513,53.507068,On or near STONEGATE MEWS,E01007534,Doncaster 028D,Offender given penalty notice
4de8b370ef6b68b576b43d87e9c1edefeabf6d5654d3cd96990d4dc1271e18ef,2021-03,South Yorkshire Police,South Yorkshire Police,-1.292968,53.362748,On or near MELTON COURT,E01007670,Rotherham 030D,Investigation complete; no suspect identified
511bf5fa736c11c8a519822bea071f609403bf1b45f267fc14b266e01c614b75,2021-03,South Yorkshire Police,South Yorkshire Police,-1.399570,53.350909,On or near Sports/Recreation Area,E01007838,Sheffield 076A,Local resolution
e760d6729c52cb65665bb59d19fc8810518ae38a2748fc0f10a9c3eab552033d,2021-03,South Yorkshire Police,South Yorkshire Police,-1.534647,53.385966,On or near RIVELIN VALLEY ROAD,E01008158,Sheffield 025D,Investigation complete; no suspect identified
b0b97648744a6483d8296e459072a0c0ee40a0c50ca42ebc0ff81b8e0436d2f3,2021-03,South Yorkshire Police,South Yorkshire Police,-1.109257,53.530733,On or near Hospital,E01007567,Doncaster 018D,Investigation complete; no suspect identified
07432bdfa31862e4fae23512b69b412b05c902e197d194f22edb614c98db7443,2021-03,South Yorkshire Police,South Yorkshire Police,-1.379963,53.449379,On or near ORCHARD FLATTS CRESCENT,E01007730,Rotherham 009C,Unable to prosecute suspect
76d1f0636b98323211ff7bebfe35fc3d50d93fbb6bb6ef7499625f4b31bd03d9,2021-03,South Yorkshire Police,South Yorkshire Police,-1.327464,53.437527,On or near DENE ROAD,E01007738,Rotherham 013D,Unable to prosecute suspect
01145f526055dabb18a907362a83ff4594504111d7384456d5638b232f6516bc,2021-03,South Yorkshire Police,South Yorkshire Police,-1.479181,53.368910,On or near CLUB GARDEN ROAD,E01008107,Sheffield 040C,Local resolution
95d0bbdae7c3a87f5122f0e8b98eeadd9c2a94deed947c26e2ea2f9a13f6a75d,2021-03,South Yorkshire Police,South Yorkshire Police,-1.146804,53.499357,On or near BURNS ROAD,E01007500,Doncaster 028B,Unable to prosecute suspect
3e21b84e76cdc2c269cbf3bb174092bc38cdebd75581f89572c3e4ba20bbbb03,2021-03,South Yorkshire Police,South Yorkshire Police,-1.651903,53.531691,On or near KENSINGTON AVENUE,E01007428,Barnsley 024B,Local resolution
7db4dbee47eb16703acd3c849ec30442e240d27fb65d53f40d196f547d988713,2021-03,South Yorkshire Police,South Yorkshire Police,-1.491595,53.414374,On or near OXSPRING BANK,E01008092,Sheffield 012D,Investigation complete; no suspect identified
9ad126bce7f7bf9923bb617c6bd6d2a2803806f661690a6e9f25527c67f0a669,2021-03,South Yorkshire Police,South Yorkshire Police,-1.453729,53.387178,On or near CADMAN STREET,E01033268,Sheffield 075G,Investigation complete; no suspect identified
3cbbb8e68704d38092be67be6728f3cd82ac763b99c59a615324108e8618910a,2021-03,South Yorkshire Police,South Yorkshire Police,-1.347986,53.328975,On or near SHORTBROOK CROFT,E01008019,Sheffield 065A,Investigation complete; no suspect identified
5b387e4bf15e027b031d99c08d529184edd6dc18e77dceea8e75010fd0ad2377,2021-03,South Yorkshire Police,South Yorkshire Police,-1.085257,53.503990,On or near MIDDLEFIELD ROAD,E01007521,Doncaster 025A,Investigation complete; no suspect identified
59343b09bfeae6949d0bddaf5bf6a7980b7e7717690f4830ad7ffe4deeacd6c7,2021-03,South Yorkshire Police,South Yorkshire Police,-1.398312,53.379397,On or near Supermarket,E01007910,Sheffield 037A,Investigation complete; no suspect identified
37372a1a0186707ba5b00ea7722a106b63fade110224449ac9a358eecae3eed4,2021-03,South Yorkshire Police,South Yorkshire Police,-1.184200,53.564849,On or near STAFFORD ROAD,E01007467,Doncaster 009D,Unable to prosecute suspect
1ee155de2e960ab23b06528f2f6066cc7120d53e1234878e6d21f980797bafad,2021-03,South Yorkshire Police,South Yorkshire Police,-1.521835,53.371371,On or near FULWOOD ROAD,E01007858,Sheffield 038A,Further action is not in the public interest
057f6ca752be3dd9a078fcd244973d3ad5cf262bae6041cbd858da3e04add841,2021-03,South Yorkshire Police,South Yorkshire Police,-1.521835,53.371371,On or near FULWOOD ROAD,E01007858,Sheffield 038A,Further action is not in the public interest
e8ed1962317aefa37173a1a145e1ea225d8feb3dd20135bf84f84fb5b5e4a38d,2021-03,South Yorkshire Police,South Yorkshire Police,-1.521835,53.371371,On or near FULWOOD ROAD,E01007858,Sheffield 038A,Further action is not in the public interest
672cfd1b14315b19c86a8eda6b85fd7842321fae9deb8fadeff9d913dbdffafe,2021-03,South Yorkshire Police,South Yorkshire Police,-1.521835,53.371371,On or near FULWOOD ROAD,E01007858,Sheffield 038A,Further action is not in the public interest
1b73562504a9913e384d06f2d1e200a3f52fb34069eef511fbb97059ecd548fe,2021-03,South Yorkshire Police,South Yorkshire Police,-1.521835,53.371371,On or near FULWOOD ROAD,E01007858,Sheffield 038A,Further action is not in the public interest
d46ff0da96392ebc06812b02deee9ab1436ac6cfcc2e2da8081b8c98c9fca30b,2021-03,South Yorkshire Police,South Yorkshire Police,-1.521835,53.371371,On or near FULWOOD ROAD,E01007858,Sheffield 038A,Further action is not in the public interest
91c49f2d8c24677845d28f729a4ac08ea1d43128271717722f278175c16ed621,2021-03,South Yorkshire Police,South Yorkshire Police,-1.521835,53.371371,On or near FULWOOD ROAD,E01007858,Sheffield 038A,Further action is not in the public interest
0446d730ad369b9743b8def171f00c8365b2910200c8889bcbea889c1ca91c35,2021-03,South Yorkshire Police,South Yorkshire Police,-1.521835,53.371371,On or near FULWOOD ROAD,E01007858,Sheffield 038A,Further action is not in the public interest
78a3330abd27709248cd62ae624675efc1a7e1a18036963e8f9f03cdb83ea1df,2021-03,South Yorkshire Police,South Yorkshire Police,-1.447842,53.352859,On or near PLOWRIGHT WAY,E01007979,Sheffield 051D,Investigation complete; no suspect identified
9822a28e37fba3ec335769ddcf271a06343d8ac3543be02b960d09f5dcf29f33,2021-03,South Yorkshire Police,South Yorkshire Police,-1.349073,53.425215,On or near RAMSDEN ROAD,E01007680,Rotherham 023D,Investigation complete; no suspect identified
4a4de025df364745d373a177cfcc5d47ad311a3dccc3c4a67330a6ae6d9d29eb,2021-03,South Yorkshire Police,South Yorkshire Police,-1.491600,53.321682,On or near ATLANTIC ROAD,E01007919,Sheffield 069C,Local resolution
e5277150aec87038515774f52f2e2d8cb2e36d7b8e270127bc2390bbc34df203,2021-03,South Yorkshire Police,South Yorkshire Police,-1.521835,53.371371,On or near FULWOOD ROAD,E01007858,Sheffield 038A,Further action is not in the public interest
a486026154891d62c31006a4fc9c9aae950e3391df5d0d8c4fa597abfb61d85d,2021-03,South Yorkshire Police,South Yorkshire Police,-1.471617,53.547695,On or near GOLD STREET,E01007339,Barnsley 017B,Investigation complete; no suspect identified
ab637b20abb5911dbca7899bea258f061d260fd7d10b0399a61af8369a56a3fe,2021-03,South Yorkshire Police,South Yorkshire Police,-1.490253,53.547884,On or near RACECOMMON ROAD,E01007417,Barnsley 013D,Suspect charged
796239f569946bff10e46ddcd4938eb973052b4271007cb457f8c5127a04ad68,2021-03,South Yorkshire Police,South Yorkshire Police,-1.382317,53.583905,On or near MANOR GROVE,E01007328,Barnsley 006A,Offender given a drugs possession warning
cf48614b11d67445c7346e7e8ae20aa33390e5dc2bc791862f171932cf7e864b,2021-03,South Yorkshire Police,South Yorkshire Police,-1.163667,53.615295,On or near MARIAN CRESCENT,E01007490,Doncaster 002D,Investigation complete; no suspect identified
1fed8509e39f8e5e3d7c9ada76b820aae21ae0aa4c2da1bf186ed93a5df4f395,2021-03,South Yorkshire Police,South Yorkshire Police,,,No location,,,Unable to prosecute suspect
06a3ac76326f93bd2d78ccfb9e34b86df6819944c314a29a8e84edab7be89f08,2021-03,South Yorkshire Police,South Yorkshire Police,-1.149127,53.557261,On or near WILLOW WALK,E01007511,Doncaster 010E,Investigation complete; no suspect identified
f72a707eb49dfe9d4049a195b68c7780d8f39e630d07378080bae310648079a1,2021-03,South Yorkshire Police,South Yorkshire Police,-1.291517,53.501759,On or near EDEN TERRACE,E01007572,Doncaster 031B,Unable to prosecute suspect
e5d255ec5e816e81ec4d4e29a4db2650830da58a8926d7d2131b0c5fa6baaf5c,2021-03,South Yorkshire Police,South Yorkshire Police,-1.445227,53.366851,On or near GUILDFORD RISE,E01008095,Sheffield 043A,Suspect charged
a47e4342eb35c89d95a277af7c0ec4b0eadf9685719ff3fc5273f7ab04495d5e,2021-03,South Yorkshire Police,South Yorkshire Police,-1.096037,53.529483,On or near WINDERMERE AVENUE,E01007564,Doncaster 018A,Investigation complete; no suspect identified
1b4613c6f52987dcb2474d238259a49051ad765ee89a639e01f3f910e7a47652,2021-03,South Yorkshire Police,South Yorkshire Police,-1.460438,53.410660,On or near Hospital,E01007941,Sheffield 015A,Investigation complete; no suspect identified
8442d0b7addc4dda95eb5ece07b81271ff150cd6093783a13bccc881d49aecea,2021-03,South Yorkshire Police,South Yorkshire Police,-1.316798,53.422069,On or near WOODLAND WAY,E01007710,Rotherham 021C,Further action is not in the public interest
1bbc8d779bd548a0539234107988da3153f92b369c8691eeac1fb407d80b6275,2021-03,South Yorkshire Police,South Yorkshire Police,-1.214731,53.354915,On or near EASTWOOD AVENUE,E01007662,Rotherham 032D,Investigation complete; no suspect identified
9167d5143b946bba94ef4bf4d1c717da4db9d0eb4369e56b0dfda6699005980f,2021-03,South Yorkshire Police,South Yorkshire Police,-1.534619,53.365085,On or near SEFTON ROAD,E01007861,Sheffield 038B,Investigation complete; no suspect identified
d5f664309c8678616c006e97cd40dedd84af36abb029ce0f02f9abb3997e8b3f,2021-03,South Yorkshire Police,South Yorkshire Police,-1.531669,53.583261,On or near Petrol Station,E01007386,Barnsley 005E,Unable to prosecute suspect
b9010b264673ee37bfd2781e2e671e389948b59733efa6c6586f23db647d868d,2021-03,South Yorkshire Police,South Yorkshire Police,-1.462213,53.366551,On or near ST ELIZABETH CLOSE,E01008096,Sheffield 043B,Investigation complete; no suspect identified
f49ebeea3310a3429842b81b772be37bfb6cfe411710a954c462dd90a7f9ed43,2021-03,South Yorkshire Police,South Yorkshire Police,-1.343043,53.351636,On or near WOODLANDS AVENUE,E01008028,Sheffield 056A,Investigation complete; no suspect identified
03b171d8affbd01087d73ff7fbb7ed1eecd2586a6c950bd724370d5c89f375ab,2021-03,South Yorkshire Police,South Yorkshire Police,-1.116126,53.531934,On or near LIFFORD ROAD,E01007654,Doncaster 019F,Investigation complete; no suspect identified
b911c3e1ba379022227451588e190b22b132ef385ce7fc692fae2881dc20a2e1,2021-03,South Yorkshire Police,South Yorkshire Police,-1.312667,53.368391,On or near LOVETOT AVENUE,E01007668,Rotherham 030B,Investigation complete; no suspect identified
001c95e04bd3c134adb2c4992b3f8c67f3956d994c590d478e294ce5234d8eaa,2021-03,South Yorkshire Police,South Yorkshire Police,-1.488652,53.377427,On or near GLOUCESTER STREET,E01008104,Sheffield 036E,Investigation complete; no suspect identified
5e9dcad3dbb27aa42e8e258322d33a7d37313a18ead9d20508263fe5f8503ca4,2021-03,South Yorkshire Police,South Yorkshire Police,-1.384476,53.505887,On or near LAKESIDE COURT,E01007694,Rotherham 001B,Investigation complete; no suspect identified
b0e49606cba969c0bdfcb4af2fd6e9fe83a8e90dc7d380ba56537ae22f8bec40,2021-03,South Yorkshire Police,South Yorkshire Police,-1.343035,53.323771,On or near Petrol Station,E01008023,Sheffield 072B,Unable to prosecute suspect
0367b687beab3cb0e53ea1da0b0c6a53e23dddeba7d1e980c9997a302f92f949,2021-03,South Yorkshire Police,South Yorkshire Police,-1.203751,53.372488,On or near DOE QUARRY LANE,E01007790,Rotherham 029E,Investigation complete; no suspect identified
bf473d24273723c8cf337519a01c3275c92e55a1f543c4b5935eab066e658638,2021-03,South Yorkshire Police,South Yorkshire Police,-1.468606,53.318913,On or near BOWSHAW CLOSE,E01008084,Sheffield 070D,Unable to prosecute suspect
6fe461c42e845c08dc14fbdd026102f49abf8b90079bf905f0d8feb8363ead57,2021-03,South Yorkshire Police,South Yorkshire Police,-1.642022,53.519078,On or near SCHOLE HILL LANE,E01007431,Barnsley 024E,Investigation complete; no suspect identified
01194eb860926b5784a697222708a87132d200c38b4b8d51b1f71bd2256807c7,2021-03,South Yorkshire Police,South Yorkshire Police,-1.155601,53.388067,On or near PARK HILL DRIVE,E01007788,Rotherham 028B,Investigation complete; no suspect identified
03cd5aa24313010e01cd36cf8754e4046f43217ee90a66466cf08272847202a6,2021-03,South Yorkshire Police,South Yorkshire Police,-1.449443,53.436137,On or near DUNNINC ROAD,E01008057,Sheffield 007D,Local resolution
ac6132525f2ffaefa94eeca3effb72a25c5ac65eeed9e01971605c46f150340f,2021-03,South Yorkshire Police,South Yorkshire Police,-1.537936,53.434921,On or near SYCAMORE COURT,E01008140,Sheffield 008E,Investigation complete; no suspect identified
030c4db68ab11571d3399499d9b02974a7356e7643bbe8254758305ed4d39c21,2021-03,South Yorkshire Police,South Yorkshire Police,-1.245422,53.425720,On or near LOWTON WAY,E01007685,Rotherham 018A,Suspect charged
d00ac0af9ac78f00a079ab41ac75e0768e2c959abb51489407b06c3220d48101,2021-03,South Yorkshire Police,South Yorkshire Police,-1.344908,53.428905,On or near PARKFIELD ROAD,E01007767,Rotherham 017C,Investigation complete; no suspect identified
401681e89e584606f08bb92b5c48dda0a5e3428df1d7a48b31c45d0f488976e8,2021-03,South Yorkshire Police,South Yorkshire Police,-1.400435,53.360990,On or near RICHMOND HILL ROAD,E01007963,Sheffield 045A,Investigation complete; no suspect identified
ca4ec9d98297671afb82c0f882fa237e5cfa42136492805b7a3da8a99491aec4,2021-03,South Yorkshire Police,South Yorkshire Police,-1.415516,53.579631,On or near WILLOW CLOSE,E01007343,Barnsley 003D,Local resolution
07615659fe07dfe016be5f49cb16574b2d037fb227f250635bac1e694ac66602,2021-03,South Yorkshire Police,South Yorkshire Police,-1.291517,53.501759,On or near EDEN TERRACE,E01007572,Doncaster 031B,Suspect charged
74eb8e63de9cfcb63c0a90533ebba1902485e2f5ada264f1c2fd614a9f523140,2021-03,South Yorkshire Police,South Yorkshire Police,-1.468637,53.404611,On or near FIRSHILL CRESCENT,E01007872,Sheffield 020B,Suspect charged
026094b1a8e29e089e7397e927013cf422fd108df7b7e8ada84af4c57c3b2380,2021-03,South Yorkshire Police,South Yorkshire Police,-1.493139,53.369248,On or near Supermarket,E01007864,Sheffield 036D,Investigation complete; no suspect identified
672ca89c676a15c39bbcd9a3312a85f0bfeda4372a0514eb7fea1a0455749971,2021-03,South Yorkshire Police,South Yorkshire Police,-1.460157,53.406722,On or near CRABTREE CRESCENT,E01007872,Sheffield 020B,Unable to prosecute suspect
7803a4445460012ab968320bdde9a72246233477d4d60a43340142fa4e40947e,2021-03,South Yorkshire Police,South Yorkshire Police,-1.187386,53.406292,On or near GIPSY LANE,E01007764,Rotherham 020F,Investigation complete; no suspect identified
4e95bfea3d3bc75ae869099adc6cdd87c89dfbe5b8fa755d13b06e34462d72a8,2021-03,South Yorkshire Police,South Yorkshire Police,-1.348711,53.417357,On or near Sports/Recreation Area,E01007678,Rotherham 023B,Local resolution
ab5aa5becbe0e6f5ba4457bc306cc3c182401b1efb08844e81dc465b2e93e4b5,2021-03,South Yorkshire Police,South Yorkshire Police,-1.472553,53.413941,On or near RAISEN HALL PLACE,E01007945,Sheffield 015B,Local resolution
91888ad5ec1de763741ac7b8dbfe513074e2ddc44c6f717cfa641dd479855eb0,2021-03,South Yorkshire Police,South Yorkshire Police,-1.238625,53.489416,On or near THRYBERGH COURT,E01007542,Doncaster 032B,Investigation complete; no suspect identified
d853eb64bea7610d52170079b9eb73216a60aa14103113e5e7feda5b7d5605a7,2021-03,South Yorkshire Police,South Yorkshire Police,-1.196680,53.416800,On or near VICTORIA STREET,E01007760,Rotherham 020D,Investigation complete; no suspect identified
933db15c0f0c8dca1f4a21c674645d1d0debb096e21906129c9426f81c654465,2021-03,South Yorkshire Police,South Yorkshire Police,-1.478948,53.429870,On or near MILNROW ROAD,E01008117,Sheffield 009D,Further action is not in the public interest
15067650e9a3f1406b4613e886dc6a672aa4b1fd3a5bfeef3c06ae1b19dfcd33,2021-03,South Yorkshire Police,South Yorkshire Police,-1.207238,53.571449,On or near ELMWOOD AVENUE,E01007465,Doncaster 009B,Investigation complete; no suspect identified
ea67c96fbe734c2ea3c102b40b88488abacecc41cef6af5743a0de354fdda9c5,2021-03,South Yorkshire Police,South Yorkshire Police,-1.344493,53.444138,On or near Shopping Area,E01007784,Rotherham 008D,Investigation complete; no suspect identified
7197a277ffcee0a500476d630b48f020ce156488493550e13ea071fc87101ff2,2021-03,South Yorkshire Police,South Yorkshire Police,-1.192391,53.477948,On or near LINDEN GROVE,E01007549,Doncaster 034D,Unable to prosecute suspect
4b7aa0b57b36d0b931748d44029205d9f2b3bf330809ae0ee5f4e37efcf4a4ba,2021-03,South Yorkshire Police,South Yorkshire Police,-1.415516,53.579631,On or near WILLOW CLOSE,E01007343,Barnsley 003D,Local resolution
82b502fcc5b1d1c885c8f98371db8b3361de47f2973d648adf9bb9ec1e28028d,2021-03,South Yorkshire Police,South Yorkshire Police,-1.474562,53.436493,On or near MONTENEY ROAD,E01008125,Sheffield 009G,Investigation complete; no suspect identified
97c2c9f3e7180621955a943a11788405c37a39d6ccef201cfe6e6384ddbe3198,2021-03,South Yorkshire Police,South Yorkshire Police,-1.302984,53.496613,On or near SYCAMORE COURT,E01007574,Doncaster 031D,Investigation complete; no suspect identified
820a532ae827c7dc8a23f953551f519ee6c46c783460f93f4e93441c26f72e6b,2021-03,South Yorkshire Police,South Yorkshire Police,-1.395741,53.435716,On or near CRANE DRIVE,E01007744,Rotherham 015D,Investigation complete; no suspect identified
081e8cfbc0a7f8c412de016fca4ce5117d9095fcbd044b796f8521cdefc288be,2021-03,South Yorkshire Police,South Yorkshire Police,-1.190157,53.421960,On or near BERESFORD ROAD,E01007764,Rotherham 020F,Investigation complete; no suspect identified
8c7c1e7bc367d46e5eb290ba6bb8065581acd28710a5fe8a5109f9867e22d031,2021-03,South Yorkshire Police,South Yorkshire Police,-1.474632,53.369726,On or near HILL STREET,E01008109,Sheffield 042B,Investigation complete; no suspect identified
a70d5cd9765ebe473a9670a948f9e70a16ebeb057b49f86f3284e2898b5be562,2021-03,South Yorkshire Police,South Yorkshire Police,-1.479580,53.418754,On or near Supermarket,E01008123,Sheffield 015E,Investigation complete; no suspect identified
f292e074a2061e2d396d18172a03261eb9dac32f491981139586da8adcd2a4cc,2021-03,South Yorkshire Police,South Yorkshire Police,-1.474632,53.369726,On or near HILL STREET,E01008109,Sheffield 042B,Investigation complete; no suspect identified
a7546099ad8da39e9b3785c08fe20adf4e12895d2bcc88b9ba39718808d53c51,2021-03,South Yorkshire Police,South Yorkshire Police,-1.153934,53.610669,On or near DONCASTER ROAD,E01007492,Doncaster 002F,Investigation complete; no suspect identified
17784119c3f2ad598c3abfb64979d91dc18d1d3c2f928bdef97e042f49cb685c,2021-03,South Yorkshire Police,South Yorkshire Police,-1.351970,53.507809,On or near SKYLARK VIEW,E01007693,Rotherham 001A,Investigation complete; no suspect identified
aefb6b1a8f4b7df07e6345ec5f7f32ba1b130e9081b214fdda6b2bc5e27c5a32,2021-03,South Yorkshire Police,South Yorkshire Police,-1.440791,53.505876,On or near CUMBERLAND CLOSE,E01007392,Barnsley 030D,Unable to prosecute suspect
c1b6f786be44e0828b4316b665a04b3d666bf2e541afeab3456b509fbdd2d80e,2021-03,South Yorkshire Police,South Yorkshire Police,-1.396499,53.352413,On or near ALPORT DRIVE,E01007838,Sheffield 076A,Investigation complete; no suspect identified
6f5917e463e7664b58550533c7d45d0391fe6dbc4baad1db2581eb3ff69286c9,2021-03,South Yorkshire Police,South Yorkshire Police,-1.391807,53.351661,On or near WICKFIELD DRIVE,E01033279,Sheffield 076F,Investigation complete; no suspect identified
580a9e5be6176b47ed1a4c56d29454eb06d35ef640b0a7848039d28d0110f804,2021-03,South Yorkshire Police,South Yorkshire Police,-1.469598,53.374539,On or near SYLVESTER GARDENS,E01033274,Sheffield 042G,Investigation complete; no suspect identified
ea4eeafd17c011cb029da174eac70f0f801786205e865b60d8c75d9abcd68a6e,2021-03,South Yorkshire Police,South Yorkshire Police,-1.111027,53.438917,On or near ESTFELD CLOSE,E01007612,Doncaster 039B,Investigation complete; no suspect identified
001fd58aba94574861a75d5ccb42e278333190e60e63fbb93394d155854456e8,2021-03,South Yorkshire Police,South Yorkshire Police,-1.239404,53.479542,On or near LEWES ROAD,E01007541,Doncaster 035E,Local resolution
7560f000fa1098986bfaacd8e725d8d1b233ff210bc9c915f7a5d63067b64c24,2021-03,South Yorkshire Police,South Yorkshire Police,-1.390290,53.525215,On or near BAYFORD WAY,E01032924,Barnsley 026F,Local resolution
66f4a90376a47f85d1700420927632b7c30838d4058a97bb9bcc50680994ff79,2021-03,South Yorkshire Police,South Yorkshire Police,-1.489218,53.390490,On or near BRANDRETH ROAD,E01008072,Sheffield 026C,Investigation complete; no suspect identified
309ece136b491a4b5ddcb0575a61a4efdd0cc19639faef520dde35ec25a03501,2021-03,South Yorkshire Police,South Yorkshire Police,-1.477446,53.389127,On or near A61,E01033263,Sheffield 073C,Unable to prosecute suspect
c1910cb6a643df9e3050096e3314b05346bc319796654a2025a533943bfa6dae,2021-03,South Yorkshire Police,South Yorkshire Police,-1.452637,53.355020,On or near CALLOW MOUNT,E01007977,Sheffield 051C,Investigation complete; no suspect identified
af3e573e131370b10c4b79b09f05c0b7d94d5f8eecde5873a173fe948e562020,2021-03,South Yorkshire Police,South Yorkshire Police,-1.390290,53.525215,On or near BAYFORD WAY,E01032924,Barnsley 026F,Local resolution
faea8d996546c3b99b4098de19018021222102fcc4f563a5a57474f71b76c83b,2021-03,South Yorkshire Police,South Yorkshire Police,-1.474586,53.357591,On or near BRADBURY STREET,E01007978,Sheffield 053A,Investigation complete; no suspect identified
83489dc71cfa197d500f6a814bcf9306e3a89f370275748fd258f377dc1afc6e,2021-03,South Yorkshire Police,South Yorkshire Police,-1.449603,53.354952,On or near FLOWRIGHT CLOSE,E01007979,Sheffield 051D,Unable to prosecute suspect
69a985d27b854e3f18c571dd161b3c93deeef9b91a0c206380166f163aa08f2c,2021-03,South Yorkshire Police,South Yorkshire Police,-1.449603,53.354952,On or near FLOWRIGHT CLOSE,E01007979,Sheffield 051D,Unable to prosecute suspect
e94a7b423b01d873c9b89a47fdaf721d271f5ee9bf933694247c274d5d8e9b1f,2021-03,South Yorkshire Police,South Yorkshire Police,-1.376056,53.435435,On or near HENLEY RISE,E01007717,Rotherham 016C,Investigation complete; no suspect identified
607492612fac3cbeeab927ba2f3f5cab5c3bed5af6d160caaa7c765610fc8e44,2021-03,South Yorkshire Police,South Yorkshire Police,-1.477420,53.362943,On or near CHIPPINGHOUSE ROAD,E01008112,Sheffield 042D,Investigation complete; no suspect identified
b563e9bcc1ad3b9b55fd68e13412a30ebc10ae6cb420ebcda719848d003e7685,2021-03,South Yorkshire Police,South Yorkshire Police,-1.093874,53.505728,On or near THEALBY GARDENS,E01007527,Doncaster 027B,Unable to prosecute suspect
1cf31930eac7bf1e732c3264886f77133ac7712332c8adcf60cb6bc6bb6933ea,2021-03,South Yorkshire Police,South Yorkshire Police,-1.302895,53.530526,On or near WINDERMERE AVENUE,E01007370,Barnsley 022B,Investigation complete; no suspect identified
4a5cbca9ce3dd80f1a5cfcd06f123bcd1d86cf08366fa2dfeac9f55cebdd92a8,2021-03,South Yorkshire Police,South Yorkshire Police,-1.146236,53.555398,On or near HAWTHORNE GROVE,E01007506,Doncaster 010A,Investigation complete; no suspect identified
75da379357df013b16915cee132d3472b2f055116f73910e7c5547cdc5739609,2021-03,South Yorkshire Police,South Yorkshire Police,-1.375825,53.513860,On or near Sports/Recreation Area,E01007693,Rotherham 001A,Investigation complete; no suspect identified
00ae8f1e6d4f083f6820d06f8b96268d2a96496505a6b14a4c928fe894f1eb73,2021-03,South Yorkshire Police,South Yorkshire Police,-1.464890,53.422716,On or near EMERSON CRESCENT,E01008063,Sheffield 011B,Further action is not in the public interest
8e087287da4b70491cbc5b1519736d3bdf91591804d89cc20c56519c3ea17e9e,2021-03,South Yorkshire Police,South Yorkshire Police,-1.599705,53.488356,On or near Parking Area,E01008144,Sheffield 001A,Investigation complete; no suspect identified
cd868c939ad5f70bc10e4cc26b6d316a7c72d60dd6f91d880d2f3aee2226a3b4,2021-03,South Yorkshire Police,South Yorkshire Police,-1.471945,53.568613,On or near QUARRY STREET,E01032550,Barnsley 010G,Unable to prosecute suspect
1615c07312cf9eecd8141f8370b206b0d2115562d9beedd4e18395417714c2e0,2021-03,South Yorkshire Police,South Yorkshire Police,-1.411831,53.393244,On or near GREENLAND DRIVE,E01007902,Sheffield 027B,Investigation complete; no suspect identified
9c47d731a69e2f48e022aefcb5ca844a81fbd86b4825ae87f5a8a5bf67399124,2021-03,South Yorkshire Police,South Yorkshire Police,-1.468978,53.389305,On or near Theatre/Concert Hall,E01033270,Sheffield 022H,Suspect charged
f5d2308afedd2ca7be213a11b3d152feeca5463ba191972b5ab67865033efabd,2021-03,South Yorkshire Police,South Yorkshire Police,-1.533495,53.390986,On or near HALL PARK HILL,E01008133,Sheffield 023E,Unable to prosecute suspect
eaab917493b63a7179b51372a13aa93288c79833508a110de57368778aebb024,2021-03,South Yorkshire Police,South Yorkshire Police,-1.357364,53.432262,On or near BRIDGEGATE,E01007714,Rotherham 017B,Investigation complete; no suspect identified
73699e62a970cdcf4409c70733c40f48b91133bc2fa1b6981d1d6ac04a34d738,2021-03,South Yorkshire Police,South Yorkshire Police,-1.458238,53.383720,On or near Parking Area,E01033268,Sheffield 075G,Investigation complete; no suspect identified
0c0d88f563b7abf80ced939c37d55ac0bd5c338d5661b2483c679094b83c2c02,2021-03,South Yorkshire Police,South Yorkshire Police,-1.286821,53.497686,On or near ALBERT ROAD,E01007571,Doncaster 031A,Investigation complete; no suspect identified
b5ed01881c7324df469678d3c69c125e48926b12a14c6da7aea8e0ece61ce3d5,2021-03,South Yorkshire Police,South Yorkshire Police,-1.417237,53.379536,On or near MATHER ROAD,E01008016,Sheffield 032F,Unable to prosecute suspect
af0eeb9bf6bc7f5a664ecf473a968943608676a7e96857c2e5cd418fdfe29c7e,2021-03,South Yorkshire Police,South Yorkshire Police,-1.446141,53.597439,On or near PARK AVENUE,E01007433,Barnsley 002A,Suspect charged
af0eeb9bf6bc7f5a664ecf473a968943608676a7e96857c2e5cd418fdfe29c7e,2021-03,South Yorkshire Police,South Yorkshire Police,-1.446141,53.597439,On or near PARK AVENUE,E01007433,Barnsley 002A,Suspect charged
1ca23c4755ae8cc6935c42ff1e5455afac0a31902498ac4ba342558d436a476f,2021-03,South Yorkshire Police,South Yorkshire Police,-0.951196,53.613038,On or near CHURCH BALK,E01007637,Doncaster 003B,Investigation complete; no suspect identified
5073e9fb4efaef1246911add26deb467f5a971b0fdbc145c61206432a7619ba4,2021-03,South Yorkshire Police,South Yorkshire Police,-1.456055,53.361499,On or near ERSKINE CRESCENT,E01008101,Sheffield 043D,Investigation complete; no suspect identified
47d5df3e19742d1a962e39e1f475c45739fd28bcd2284a99817dbfde1f786cb6,2021-03,South Yorkshire Police,South Yorkshire Police,-1.459447,53.381999,On or near ANSON STREET,E01033268,Sheffield 075G,Investigation complete; no suspect identified
45fe100f6d6d250a79e731270ae60ce32a2b99f16c942a2f0ea15cb8670c3bf8,2021-03,South Yorkshire Police,South Yorkshire Police,-1.493139,53.369248,On or near Supermarket,E01007864,Sheffield 036D,Investigation complete; no suspect identified
e83b8c5417f216e578bafa9b6fea3133b2b823a0b6360bd1f7b9f7564686b1c4,2021-03,South Yorkshire Police,South Yorkshire Police,-1.633619,53.526450,On or near STOTTERCLIFFE ROAD,E01007428,Barnsley 024B,Investigation complete; no suspect identified
3e34933836b12ba2d7c82edb368797cf391b10fa008552aa94eb35aaf7ec818b,2021-03,South Yorkshire Police,South Yorkshire Police,-1.502452,53.351616,On or near SPRINGFIELD AVENUE,E01007931,Sheffield 047A,Local resolution
85e20b82a9ccca8b8adefa4684c67a19aa4f13205f6d187784663d2353f6a9f8,2021-03,South Yorkshire Police,South Yorkshire Police,,,No location,,,Investigation complete; no suspect identified
634b4049cf52a0ffc70312cb2d44bc4a0e29e35d0963b321da2868f8c98528f8,2021-03,South Yorkshire Police,South Yorkshire Police,-1.352722,53.495068,On or near WOMBWELL AVENUE,E01007817,Rotherham 002B,Unable to prosecute suspect
2e721b7edfa1bc5845371644143360a6fce749db06189d3dc1196a672e6fc904,2021-03,South Yorkshire Police,South Yorkshire Police,-1.464357,53.364539,On or near DELF STREET,E01008099,Sheffield 051E,Investigation complete; no suspect identified
cb89ee1b3e8b744aa45f09c47e1f589c4968529b5898108d63e08374da394951,2021-03,South Yorkshire Police,South Yorkshire Police,-1.485250,53.554766,On or near CHURCHFIELD,E01007336,Barnsley 013A,Suspect charged
1c092cc471a02fa48c2bfbe48345961c5083353d3ddb64ab3ed8e6af865431c0,2021-03,South Yorkshire Police,South Yorkshire Police,-1.013427,53.578754,On or near CROOKES BROOM LANE,E01007555,Doncaster 006B,Unable to prosecute suspect
6a93d495c650f7e94580695e640f0fb99220d7a8fc91d9a3e7ced547c9737b23,2021-03,South Yorkshire Police,South Yorkshire Police,-1.485865,53.415446,On or near ADKINS DRIVE,E01008124,Sheffield 012F,Investigation complete; no suspect identified
834ad1ba493e3f70acae03b7b35dfd6969da56d9375958c61e55a43dfd5e20c7,2021-03,South Yorkshire Police,South Yorkshire Police,-1.384974,53.476694,On or near ANGEL LANE,E01007696,Rotherham 007A,Local resolution
603811501c74c0c7205907a21868146eb0a319a2c689bb60167e01241a706621,2021-03,South Yorkshire Police,South Yorkshire Police,-1.387334,53.512679,On or near GRANTLEY CLOSE,E01007455,Barnsley 026E,Investigation complete; no suspect identified
5fed08fd7bd452c7bc2545f3fe23748322b4a95aa812368bec635216834567e2,2021-03,South Yorkshire Police,South Yorkshire Police,-1.442820,53.407379,On or near Petrol Station,E01007877,Sheffield 022D,Further action is not in the public interest
759935ecaa9562f338c83c21571a7dbb486627eb6858cba1553adc9e075052bb,2021-03,South Yorkshire Police,South Yorkshire Police,-1.365156,53.474964,On or near KAY CRESCENT,E01007779,Rotherham 005B,Local resolution
08d1da75d3910bcf24bfd08014d1e1e24e5a28dd08e20439fc6dc842af659b94,2021-03,South Yorkshire Police,South Yorkshire Police,-1.413997,53.366945,On or near CASTLEBECK DRIVE,E01008011,Sheffield 039A,Investigation complete; no suspect identified
763c448352d5db593946153ef59513f0c61925cb0b463f6f89edc647ba99ee3a,2021-03,South Yorkshire Police,South Yorkshire Police,-1.442820,53.407379,On or near Petrol Station,E01007877,Sheffield 022D,Further action is not in the public interest
a370ad7869c4ca5db175f3cc72e88150ecbaa20d3f5d5fc0764a8be2d15ee77e,2021-03,South Yorkshire Police,South Yorkshire Police,-1.107859,53.433473,On or near TITHES LANE,E01007615,Doncaster 039D,Investigation complete; no suspect identified
34e3efa352465283730cb79698966e1231bb00b260ee987022c222a9c89c57df,2021-03,South Yorkshire Police,South Yorkshire Police,-1.068263,53.478618,On or near THE POTTERIES,E01007598,Doncaster 036D,Unable to prosecute suspect
ab3e7883ed812cb372fbabddfe09e091e737e1593c6d522b00f5fea1b64f58f3,2021-03,South Yorkshire Police,South Yorkshire Police,-1.274103,53.486841,On or near DENABY LANE,E01007543,Doncaster 032C,Investigation complete; no suspect identified
e893dedd439934063652e88a3aa4fc2e600789974923cf259c3c93cad530d77a,2021-03,South Yorkshire Police,South Yorkshire Police,-1.442820,53.407379,On or near Petrol Station,E01007877,Sheffield 022D,Further action is not in the public interest
d44cd069a5345aa28605d19aa5ab0a8e8c9011650f29b35c5314fe2d6532be6a,2021-03,South Yorkshire Police,South Yorkshire Police,-1.513478,53.409746,On or near BRAEMORE ROAD,E01007991,Sheffield 016D,Local resolution
d8fd38f5dfa1bdee0498f68e6eda2159991188e436c2278c06bc87ca5ff70e03,2021-03,South Yorkshire Police,South Yorkshire Police,-1.141892,53.499214,On or near DRYDEN ROAD,E01007500,Doncaster 028B,Further action is not in the public interest
893328b4d8d045dd5f19b9152dbd55fbc37b6b754b5434abe01bad969d68e342,2021-03,South Yorkshire Police,South Yorkshire Police,-1.381730,53.531939,On or near OWRAM STREET,E01007353,Barnsley 020F,Investigation complete; no suspect identified
05816bd5aeca2e761382c844e4cfdb9003a545e94013edc71be19ce6f55d376d,2021-03,South Yorkshire Police,South Yorkshire Police,-1.434103,53.392003,On or near STANIFORTH ROAD,E01033269,Sheffield 022G,Investigation complete; no suspect identified
621aedb23678f8c1584c3e9ea4f13a7a30593ab10262f2c80c8c66bf1bb353ee,2021-03,South Yorkshire Police,South Yorkshire Police,-1.333809,53.361904,On or near ROTHER VIEW CLOSE,E01007665,Rotherham 027A,Investigation complete; no suspect identified
eaf6bbc879620cb3b68a9c3c8d8b67affcc9750b505e6ae9b7b70288ce043016,2021-03,South Yorkshire Police,South Yorkshire Police,-1.364710,53.359457,On or near TILFORD ROAD,E01007964,Sheffield 049A,Investigation complete; no suspect identified
52d058aa192b93a7b8e478fcd553324e01f33818eebe2dd736700bc87bc78435,2021-03,South Yorkshire Police,South Yorkshire Police,-1.440125,53.418989,On or near BRACKEN ROAD,E01007848,Sheffield 013A,Unable to prosecute suspect
de681752bda492ecdf7fb8898ef8c4779d33b4e07bcaceb79b03038340c150ba,2021-03,South Yorkshire Police,South Yorkshire Police,-1.491399,53.399236,On or near CUTHBERT BANK ROAD,E01008161,Sheffield 026E,Unable to prosecute suspect
1fec9ad4a18dbe92461d508ec6fa1351354b017456c3a189a1993078ed6a196f,2021-03,South Yorkshire Police,South Yorkshire Police,-1.093480,53.532664,On or near DORSET CRESCENT,E01007566,Doncaster 018C,Unable to prosecute suspect
85423d272b5c0fececab047e661cadeb4e2e805378a3cf59277775168842223e,2021-03,South Yorkshire Police,South Yorkshire Police,-1.466337,53.382893,On or near HIGH STREET,E01033264,Sheffield 073D,Investigation complete; no suspect identified
d3962e486a92df4eca454188ff47e80eb81118a982710576364b1104794d9e8b,2021-03,South Yorkshire Police,South Yorkshire Police,-1.453638,53.586651,On or near CROOKES LANE,E01007437,Barnsley 002C,Investigation complete; no suspect identified
e19622125453b1686a32c3f27cb56e257eb3afaf06d6d69c7b8709de82fc7483,2021-03,South Yorkshire Police,South Yorkshire Police,-1.363989,53.358455,On or near BALMORAL ROAD,E01007969,Sheffield 044B,Investigation complete; no suspect identified
dd17872c33a39d10eaf06a314ab3d2e56073252db945902759249233ff7d8db8,2021-03,South Yorkshire Police,South Yorkshire Police,-1.357276,53.400154,On or near HOWARTH ROAD,E01007706,Rotherham 027E,Unable to prosecute suspect
d23654a6b252a9d58d4b386664ef3fbb4d6b546421196df0bb2a8bfc87d806e6,2021-03,South Yorkshire Police,South Yorkshire Police,-1.357276,53.400154,On or near HOWARTH ROAD,E01007706,Rotherham 027E,Unable to prosecute suspect
cdaf2ab8b42314bc3e3f0945f688dede53d8544e983f41859f064d7f6aeed6b8,2021-03,South Yorkshire Police,South Yorkshire Police,-1.321614,53.526930,On or near COMMERCIAL ROAD,E01007371,Barnsley 022C,Investigation complete; no suspect identified
c0812837d80ea965f558a74759bc7e5945a26566b97a8c926f1d92125dfba771,2021-03,South Yorkshire Police,South Yorkshire Police,-1.466401,53.573604,On or near HIGHFIELD AVENUE,E01007326,Barnsley 007D,Local resolution
d88bdd4cae1d9cdb2e5e7a70332d002be2becf209764d83d10850b64ba2bb223,2021-03,South Yorkshire Police,South Yorkshire Police,-1.318131,53.408368,On or near MIDDLEFIELDS DRIVE,E01007812,Rotherham 024B,Suspect charged
ff5b7c07c01c8a9ae0d0b2e78a89a31af0aba2d7dcc80642330359efd92defb3,2021-03,South Yorkshire Police,South Yorkshire Police,-1.486816,53.411369,On or near PENRITH CLOSE,E01008094,Sheffield 019D,Suspect charged
280249cc772d0729e8799331f9bc00295956c302ee98d1758be88578d0b3a8c5,2021-03,South Yorkshire Police,South Yorkshire Police,-1.397567,53.522636,On or near NEW STREET,E01007449,Barnsley 023C,Investigation complete; no suspect identified
3303c9741d551c0333256be57702496da3e7043f44e7182c8e2c5cf4fbf85df5,2021-03,South Yorkshire Police,South Yorkshire Police,-1.471487,53.321451,On or near BATEMOOR PLACE,E01008084,Sheffield 070D,Suspect charged
d1eb5bf0406e15b7be2002bfd0bd43b77ca7c7924384bbe70f6f6c9baa2ebf8a,2021-03,South Yorkshire Police,South Yorkshire Police,-1.478228,53.323863,On or near LUPTON ROAD,E01008080,Sheffield 069D,Unable to prosecute suspect
598e561d3c4412a941538f24da16341948bf51573d874d2d82a3e839d9dcbeb7,2021-03,South Yorkshire Police,South Yorkshire Police,-1.314739,53.443432,On or near DONCASTER ROAD,E01007721,Rotherham 010C,Investigation complete; no suspect identified
87d521dc2bc37daf3d55039319bb81284e410e29a3b3b8cb6031e501fca77886,2021-03,South Yorkshire Police,South Yorkshire Police,-1.433872,53.349351,On or near BARTLE WAY,E01008002,Sheffield 054B,Investigation complete; no suspect identified
4ce70ffc04b226429824cde0ba93a10f11992ecd90f2207c83a76a397d81f4d7,2021-03,South Yorkshire Police,South Yorkshire Police,-1.528489,53.381294,On or near DEN BANK CRESCENT,E01007952,Sheffield 033A,Investigation complete; no suspect identified
25d3cb93c1371dd6eec37ea81c0294dd37fa65e8d1493f7f19107d3e628e6d0c,2021-03,South Yorkshire Police,South Yorkshire Police,-1.395741,53.435716,On or near CRANE DRIVE,E01007744,Rotherham 015D,Investigation complete; no suspect identified
345b2f6dff59b43fe281548d565b3e2f2b24d121007b85236603a244d8085070,2021-03,South Yorkshire Police,South Yorkshire Police,-1.437143,53.343964,On or near MORLAND ROAD,E01008007,Sheffield 060A,Investigation complete; no suspect identified
fd9b373486ce9ea8a7dc6dd0f03cc6d4f90e8dd2f8fa7b7b8834f5277dcfaffc,2021-03,South Yorkshire Police,South Yorkshire Police,-1.464997,53.321764,On or near Pedestrian Subway,E01008082,Sheffield 070B,Suspect charged
482bec1c3ab9df180aa38b3f188ff2e6a3dec735d11b0636ef9fc998fcc932d9,2021-03,South Yorkshire Police,South Yorkshire Police,-1.025419,53.590582,On or near EAST AVENUE,E01007629,Doncaster 004E,Further action is not in the public interest
9158891ebd0663422f4d144e64cf41589db694298098555496de900aaca11a15,2021-03,South Yorkshire Police,South Yorkshire Police,-1.319266,53.488005,On or near CHURCH STREET,E01007799,Rotherham 003D,Unable to prosecute suspect
2ff06554e0566b60b1da6232c54f0af3c3864756a94f2cadf6d6fb6ec0a39f20,2021-03,South Yorkshire Police,South Yorkshire Police,-1.137449,53.481951,On or near PEARTREE MEWS,E01007611,Doncaster 039A,Unable to prosecute suspect
5c13d761cb806b50820541adafe1784f55425c91fc4f6a686c21b13f233ebbb9,2021-03,South Yorkshire Police,South Yorkshire Police,-1.471253,53.379221,On or near CROSS BURGESS STREET,E01033265,Sheffield 074C,Investigation complete; no suspect identified
dfa89ee5b2bfed2f78366e035120b4bde0414baffc7f3ce0fbfacc9503b2235a,2021-03,South Yorkshire Police,South Yorkshire Police,-1.464997,53.321764,On or near Pedestrian Subway,E01008082,Sheffield 070B,Suspect charged
2800937a61544ccc37fd76e8146bb1ed3467492744ffd8c4f5964dd2190f203f,2021-03,South Yorkshire Police,South Yorkshire Police,-1.458638,53.413798,On or near LONGLEY HALL WAY,E01007947,Sheffield 013C,Investigation complete; no suspect identified
285d6aeafaeaeac4a43c0925ccdc025f0c580c6c9953e80bbc224da8bb9f9e1d,2021-03,South Yorkshire Police,South Yorkshire Police,,,No location,,,Investigation complete; no suspect identified
fda6e1f527522fcacb5e09f650fe4b2eeaa52e385065947b2980fcdfb59a7549,2021-03,South Yorkshire Police,South Yorkshire Police,-1.483214,53.415650,On or near DONOVAN CLOSE,E01008124,Sheffield 012F,Unable to prosecute suspect
7a46c7a74145261ce6c919c59611f8a89e39f72c54c6697df7c389fe738bb88c,2021-03,South Yorkshire Police,South Yorkshire Police,-1.240454,53.478974,On or near SANDAL ROAD,E01007541,Doncaster 035E,Unable to prosecute suspect
45d1ee4e0d32fa8bc5daccd4b06f25f1062ede3624b93bb05ebacf854cff44a3,2021-03,South Yorkshire Police,South Yorkshire Police,-1.491399,53.399236,On or near CUTHBERT BANK ROAD,E01008161,Sheffield 026E,Unable to prosecute suspect
b3534f02284d731ee059d771bcfafe4a27bf6a77f614d3d1a0903c516376e62c,2021-03,South Yorkshire Police,South Yorkshire Police,-1.436938,53.541785,On or near Park/Open Space,E01007319,Barnsley 015A,Unable to prosecute suspect
e629eaeb0af5f83c7451e51df3e10fa8e771dbcd9011600d335e495a09686fc0,2021-03,South Yorkshire Police,South Yorkshire Police,-1.451339,53.383571,On or near ST JOHN'S ROAD,E01007885,Sheffield 075E,Investigation complete; no suspect identified
7386f6f005ac1b0dd5d4d72767a6bc5613a9fbac188191b19718f0d248239123,2021-03,South Yorkshire Police,South Yorkshire Police,-1.319266,53.488005,On or near CHURCH STREET,E01007799,Rotherham 003D,Suspect charged
be90a91ed568f0f56a4404dcc71126da6a2a7fef42989862bc37ca1a7113a7b4,2021-03,South Yorkshire Police,South Yorkshire Police,-1.449745,53.410422,On or near IDSWORTH ROAD,E01007942,Sheffield 020D,Unable to prosecute suspect
aeb24101dee542bd454e4db410e58858fdd75ba6a8502ab2763a2e4229b3e10e,2021-03,South Yorkshire Police,South Yorkshire Police,-1.440700,53.379765,On or near SAUNDERS ROAD,E01007886,Sheffield 075F,Local resolution
49bc03086d0e01b4450b21ae145175acc06091df6176b2bf663355fad1757201,2021-03,South Yorkshire Police,South Yorkshire Police,-1.240454,53.478974,On or near SANDAL ROAD,E01007541,Doncaster 035E,Unable to prosecute suspect
4d6284abcc4f7ff89faf8b64d1d95fbe3ddff6c96c8d4f4cb45b3b6942d26d35,2021-03,South Yorkshire Police,South Yorkshire Police,-1.121479,53.497098,On or near Park/Open Space,E01007495,Doncaster 028A,Investigation complete; no suspect identified
7024e9483d57cefa0df6432d8c78913d6b2fccd9fea0b98acfc57f6c1cbe9914,2021-03,South Yorkshire Police,South Yorkshire Police,-0.945230,53.630432,On or near GENEVA SQUARE,E01007634,Doncaster 001C,Unable to prosecute suspect
de06d844b03062c061ab8c6718f87c54e7f0d3e3e6732fc4ef5be62c9368a198,2021-03,South Yorkshire Police,South Yorkshire Police,-1.306640,53.543240,On or near QUEEN STREET,E01007373,Barnsley 014B,Unable to prosecute suspect
ed2da9103358163ab183d70a16008b3589356c81285bbf9084961c6bd6e779e8,2021-03,South Yorkshire Police,South Yorkshire Police,-1.487792,53.395257,On or near LIME STREET,E01008157,Sheffield 026D,Investigation complete; no suspect identified
cbe78de4d3921f08118c169366fe1fdfa7474abe96edb12380bc044d3c96cd84,2021-03,South Yorkshire Police,South Yorkshire Police,-1.522035,53.341440,On or near HOLKHAM RISE,E01007933,Sheffield 068F,Investigation complete; no suspect identified
50953e47ae22706a9f71248a6911cd91525dd14720aecf574fd6cf1db0925cb1,2021-03,South Yorkshire Police,South Yorkshire Police,-1.458171,53.428052,On or near DEERLANDS AVENUE,E01008061,Sheffield 011A,Unable to prosecute suspect
f6238d858c68d2b2a7726d8c6ac26b95d2fbb65aa672fa7ecd61ca0cb911c1e0,2021-03,South Yorkshire Police,South Yorkshire Police,-1.445381,53.545797,On or near KENWOOD CLOSE,E01007322,Barnsley 015C,Unable to prosecute suspect
be14f2c0bc7655bd3cf1925c9bb94b3aa2b7cb0e0375a7393466c3d32028afb5,2021-03,South Yorkshire Police,South Yorkshire Police,-1.496502,53.420534,On or near HEATH ROAD,E01008087,Sheffield 012A,Unable to prosecute suspect
b7e29d386c5b13b014ac9b95aea3cb1fe0e75e07c549ac7f0fa60c1da42ad4d2,2021-03,South Yorkshire Police,South Yorkshire Police,-1.438859,53.375666,On or near SOUTHEND ROAD,E01007881,Sheffield 075C,Investigation complete; no suspect identified
2a7d252cd85dc566f7c0cdde475462a4df7c560c1397eb35656ea7d06be7b763,2021-03,South Yorkshire Police,South Yorkshire Police,-1.149169,53.518251,On or near RAMSDEN ROAD,E01007531,Doncaster 022C,Investigation complete; no suspect identified
bc29152ef9030392981c2a52f3ba5c24a8ff9eba09f3145ca5006d958f258f37,2021-03,South Yorkshire Police,South Yorkshire Police,-1.339626,53.466727,On or near Petrol Station,E01007782,Rotherham 005E,Investigation complete; no suspect identified
cad184691bc866524f2ed0233fe802bbfc3fd1fb9c87ed2c3808478b30afcef0,2021-03,South Yorkshire Police,South Yorkshire Police,,,No location,,,Offender given a drugs possession warning
8c32251f2b918c9b324c919cadbff7c3f2092db10ec82ee1516b76774a8d753a,2021-03,South Yorkshire Police,South Yorkshire Police,-1.144999,53.508882,On or near CARR HILL COURT,E01007534,Doncaster 028D,Investigation complete; no suspect identified
765c074c68fe31dcb352863797b36595f784a56054ebdde2aa5009b91c889b01,2021-03,South Yorkshire Police,South Yorkshire Police,-1.587889,53.589454,On or near CHURCH LANE,E01007418,Barnsley 016A,Investigation complete; no suspect identified
e8f73964e6a9929471c25a24bd9df5027f2ef120482ca35c80fd4309fcb1c67c,2021-03,South Yorkshire Police,South Yorkshire Police,-1.209754,53.375413,On or near DUKE STREET,E01007788,Rotherham 028B,Unable to prosecute suspect
80944cc3030e6ac1527cd6a9f47b710d7d6376e943acd270bd8fb45e9fa16ec3,2021-03,South Yorkshire Police,South Yorkshire Police,-1.386409,53.345701,On or near SPA VIEW ROAD,E01033278,Sheffield 076E,Investigation complete; no suspect identified
ddbf1b898a0987b169dcec961bca4c62f33402e1a7dc813295d67118c43271b5,2021-03,South Yorkshire Police,South Yorkshire Police,-1.441526,53.382088,On or near CRICKET INN CRESCENT,E01007883,Sheffield 027A,Investigation complete; no suspect identified
a60d70c8034bedb24f9b1b2561d893c2a99acc51111ce64fd13d5f54b3563f03,2021-03,South Yorkshire Police,South Yorkshire Police,-1.206305,53.368504,On or near EDWARD STREET,E01007790,Rotherham 029E,Unable to prosecute suspect
95972a9a2b1e0d1d039c7728a18177b02e5ee05ad3c05434c89311b51c4111cd,2021-03,South Yorkshire Police,South Yorkshire Police,-1.352748,53.335761,On or near MAY TREE CLOSE,E01008020,Sheffield 065B,Unable to prosecute suspect
1a93761c7b5485faf4d62951af6e7bd7fe293abe10d715f5ed6888b1e72fe4fd,2021-03,South Yorkshire Police,South Yorkshire Police,-1.427460,53.396241,On or near Sports/Recreation Area,E01033269,Sheffield 022G,Unable to prosecute suspect
58e5c108c533f2f8ce66c7528002d81f6c4f1d7b77b259380d602e1f75617d70,2021-03,South Yorkshire Police,South Yorkshire Police,-1.446103,53.349129,On or near OVEREND CLOSE,E01008075,Sheffield 060B,Action to be taken by another organisation
eb74eda1eaa614826cc64c996632bb4091ab305221b54c861fbe104212302a30,2021-03,South Yorkshire Police,South Yorkshire Police,-1.479363,53.431642,On or near Supermarket,E01008117,Sheffield 009D,Suspect charged
5c02be701c0cce250f4af17d22d58bb3248d434ef4d691356e1143f30622ae17,2021-03,South Yorkshire Police,South Yorkshire Police,-1.399320,53.522420,On or near DIAMOND STREET,E01007449,Barnsley 023C,Investigation complete; no suspect identified
443709606fe1f23e6c9f02397ae972f46fc9a182ecbd1aa8c7315c7b0910169f,2021-03,South Yorkshire Police,South Yorkshire Police,-1.375160,53.536552,On or near NANNY MARR ROAD,E01007351,Barnsley 020D,Investigation complete; no suspect identified
03eeaf593b76dc5f87cd5bc78e95684e924c01d43be21682231370e14b2be35f,2021-03,South Yorkshire Police,South Yorkshire Police,-1.532984,53.378615,On or near COLDWELL LANE,E01007952,Sheffield 033A,Investigation complete; no suspect identified
b47a37168619a41f8e238c647bea7182cfdae648cec41b208f5455598453e789,2021-03,South Yorkshire Police,South Yorkshire Police,-1.463870,53.375808,On or near SUFFOLK ROAD,E01033274,Sheffield 042G,Investigation complete; no suspect identified
b70883d8c1d0c9e8e9d3c0b208a48e7a83b1c1834b722f31f27bf4af5e0fa8b0,2021-03,South Yorkshire Police,South Yorkshire Police,-1.357242,53.431345,On or near Shopping Area,E01007714,Rotherham 017B,Investigation complete; no suspect identified
9084d86f8a05a5506f3ddbdd1e7825ec439e22f94c2c0d8e22fb6a10a7da0636,2021-03,South Yorkshire Police,South Yorkshire Police,-1.280556,53.495545,On or near GENOA STREET,E01007576,Doncaster 031E,Investigation complete; no suspect identified
1ce5bbfa646db8e8be364af28b01514a10224f0bffd094b0c732edb080fd8db7,2021-03,South Yorkshire Police,South Yorkshire Police,-1.259712,53.389702,On or near Sports/Recreation Area,E01007809,Rotherham 026B,Investigation complete; no suspect identified
53013fe76edb22b087c28e3b1273b448adc83ddf5885f34c905f9c2aa8c4a605,2021-03,South Yorkshire Police,South Yorkshire Police,-1.474930,53.459137,On or near STEVEN CLOSE,E01007895,Sheffield 004F,Unable to prosecute suspect
23459e284d1e20c64bdc0e51a54241f5443283b1b7b8b76e71c94a14fbe05b2e,2021-03,South Yorkshire Police,South Yorkshire Police,-1.345544,53.504062,On or near Supermarket,E01007822,Rotherham 002F,Investigation complete; no suspect identified
ee67d27c4bce3326bc5a924a132f0d11e2faa7f28ed57ac530bf4df94bcf06a4,2021-03,South Yorkshire Police,South Yorkshire Police,-1.492047,53.392767,On or near WALES PLACE,E01008157,Sheffield 026D,Investigation complete; no suspect identified
9a97628159285487917a1fa604f35b250aca96769c29ba70f1134cf9ad03856f,2021-03,South Yorkshire Police,South Yorkshire Police,-1.461024,53.335697,On or near NORTON CHURCH GLEBE,E01008078,Sheffield 064E,Local resolution
2045efb2e537dc20198b217309ffa2353c2cdef32d3f48c9f9c7b96625c718b2,2021-03,South Yorkshire Police,South Yorkshire Police,-1.390181,53.374008,On or near DODSON DRIVE,E01007909,Sheffield 032C,Investigation complete; no suspect identified
8bb2767b6603370c4547b5bbd3b451b9d7729101fb47c84b1727504d48033815,2021-03,South Yorkshire Police,South Yorkshire Police,-1.472710,53.406130,On or near STANDISH DRIVE,E01007871,Sheffield 019B,Unable to prosecute suspect
8cf3026201332d1d597a3de3d9a5f53dea2c56f3a68d728afeda0a288a8d4842,2021-03,South Yorkshire Police,South Yorkshire Police,-1.030040,53.592004,On or near LORD STREET,E01007626,Doncaster 004B,Investigation complete; no suspect identified
c4dc344d66e96eb7de93ba06387f0856786aa4e7f7101fe385004760d3908eaf,2021-03,South Yorkshire Police,South Yorkshire Police,-1.444672,53.408403,On or near POPPLE STREET,E01007944,Sheffield 022F,Investigation complete; no suspect identified
80f9826d903a0700246ada0ae526bc47cbfeb1e9eabc2b77f38f8e8efb8af797,2021-03,South Yorkshire Police,South Yorkshire Police,-1.139502,53.557713,On or near AMY ROAD,E01007506,Doncaster 010A,Unable to prosecute suspect
dc4738f9d12b47ee95de3cd1fef97a76fc7da36fbc71d933bf5da76b8ca59078,2021-03,South Yorkshire Police,South Yorkshire Police,-1.367965,53.433964,On or near WALTER STREET,E01007716,Rotherham 016B,Unable to prosecute suspect
64460032cb596368979edaed7da9a363d6e662b5fc57faa741ac12e209d84f3f,2021-03,South Yorkshire Police,South Yorkshire Police,-1.329978,53.431770,On or near GREENS ROAD,E01007766,Rotherham 014C,Unable to prosecute suspect
6ceb949877d94d35d6430c302211c8c8249781fef3e0ab78a4320a9bdd935ea4,2021-03,South Yorkshire Police,South Yorkshire Police,-1.564945,53.543451,On or near Petrol Station,E01007419,Barnsley 016B,Unable to prosecute suspect
9db7a76396fbd73637a473003ff070c508958ffc96b5a5b3b3529328cbc3d391,2021-03,South Yorkshire Police,South Yorkshire Police,-1.484687,53.474271,On or near PACK HORSE LANE,E01007898,Sheffield 003D,Investigation complete; no suspect identified
8ae86a31f781d5a37d1953eb0d4cdb7ccb12532cf7299dbdeb16bc0410935a0b,2021-03,South Yorkshire Police,South Yorkshire Police,-1.347607,53.437387,On or near HATHERLEY ROAD,E01007769,Rotherham 017D,Further action is not in the public interest
c9f7d266c708113b4f16b7cf9c24b4d8c961a9cb5c36f1ea3dc11b33a512dd02,2021-03,South Yorkshire Police,South Yorkshire Police,-1.149000,53.541755,On or near HIGH STREET,E01007514,Doncaster 013B,Investigation complete; no suspect identified
b202a9fe8478e8b4efe6aaa6d4c9232cb806ae8673488450c0da2515f3f1c09e,2021-03,South Yorkshire Police,South Yorkshire Police,-1.461641,53.359412,On or near DENMARK ROAD,E01007976,Sheffield 051B,Investigation complete; no suspect identified
904442fcc75ba3c95bb0508bfeea4052456aefb5ba4b0cb1b8fa1016b9d71748,2021-03,South Yorkshire Police,South Yorkshire Police,-1.454976,53.415489,On or near HORNINGLOW ROAD,E01007947,Sheffield 013C,Investigation complete; no suspect identified
a0c26f8e75c5fdd91a846372b6f957f10d04be9d0cf11e076d9d1ab1f168aa3e,2021-03,South Yorkshire Police,South Yorkshire Police,-1.359337,53.508199,On or near Petrol Station,E01007693,Rotherham 001A,Investigation complete; no suspect identified
06e833fa627cd6c057d238eea14ed266777905b9bef56925260f42580b6e5183,2021-03,South Yorkshire Police,South Yorkshire Police,-1.355019,53.533461,On or near Petrol Station,E01007349,Barnsley 020B,Investigation complete; no suspect identified
15cce29aed07e77981b759d0eb1bbcd665ca615c778652a37efcc36f98904128,2021-03,South Yorkshire Police,South Yorkshire Police,-1.074049,53.509782,On or near GREEN BOULEVARDE,E01007528,Doncaster 024C,Investigation complete; no suspect identified
c06db76c9db2049b38d3d0d329ff99acfacaa07f021f1cd944abaaf7757fa583,2021-03,South Yorkshire Police,South Yorkshire Police,-1.190327,53.485089,On or near MAIN AVENUE,E01007547,Doncaster 034B,Investigation complete; no suspect identified
b331779dd1c6b8d90d7cee7385f674b5e028c40bb662c60b5af615d73a710ab1,2021-03,South Yorkshire Police,South Yorkshire Police,-1.183500,53.619207,On or near CEDAR WALK,E01007490,Doncaster 002D,Unable to prosecute suspect
61ba9e38f6597c9e39c0e1e437fb922f1cf530355f01781ff3b765132bf8a234,2021-03,South Yorkshire Police,South Yorkshire Police,-1.396074,53.430307,On or near CLEMENT MEWS,E01007744,Rotherham 015D,Unable to prosecute suspect
6759388abb79ea15713f75200d4621d6d9b29ba6b2c27397983ec6aaa2567120,2021-03,South Yorkshire Police,South Yorkshire Police,-1.236120,53.483710,On or near ATHELSTANE ROAD,E01007539,Doncaster 035C,Offender given a caution
90ea71c0d498c88908370dd2cb841349d64b9095d19bf73840d1ad1218d36ad7,2021-03,South Yorkshire Police,South Yorkshire Police,-1.258686,53.395969,On or near PETER STREET,E01007815,Rotherham 026D,Investigation complete; no suspect identified
51df32567f57d8ea6525e0e6a1a159e05c463ac3ddff66194c0d1ee444c22424,2021-03,South Yorkshire Police,South Yorkshire Police,-1.484972,53.545291,On or near SPENCER STREET,E01007340,Barnsley 013B,Investigation complete; no suspect identified
f4432988861dc8cdf23a9f3ac860baeef8a80d4f9864c071316e80b4b8b0eb02,2021-03,South Yorkshire Police,South Yorkshire Police,-1.402103,53.445762,On or near REDSCOPE CRESCENT,E01007804,Rotherham 011B,Investigation complete; no suspect identified
dbe0bb62c647fdd82103d27656727041d8e9e7b4c467dbf5e860cffb685253c3,2021-03,South Yorkshire Police,South Yorkshire Police,-1.190109,53.483893,On or near WELLINGTON ROAD,E01007547,Doncaster 034B,Investigation complete; no suspect identified
4e084cf9388d2ea36a87cfc1b034c599beb259ff1fa2c978f7472d19a84d7549,2021-03,South Yorkshire Police,South Yorkshire Police,-1.091343,53.535245,On or near DANESTHORPE CLOSE,E01007650,Doncaster 015B,Unable to prosecute suspect
b468074c5210f2f8d6e34dd98090f42248eb51ee47c3551eac88146f7fa35e00,2021-03,South Yorkshire Police,South Yorkshire Police,-1.437143,53.343964,On or near MORLAND ROAD,E01008007,Sheffield 060A,Further action is not in the public interest
75d2effaffeaad769bf6da8bb3be842b57d712c507a3233c6efe3902f4006c2b,2021-03,South Yorkshire Police,South Yorkshire Police,-1.408424,53.365641,On or near AUGHTON DRIVE,E01008008,Sheffield 045D,Investigation complete; no suspect identified
10e68da37f3b5ec8adba8d42d99dc0457184226a47c5cd004a1b4e505571b7a8,2021-03,South Yorkshire Police,South Yorkshire Police,-1.445181,53.435156,On or near BECK ROAD,E01008057,Sheffield 007D,Investigation complete; no suspect identified
47ae4d496f28d8af03ee91a9ec26e57328cd19f178e496b430d4751ba6f3bc95,2021-03,South Yorkshire Police,South Yorkshire Police,-1.444871,53.433555,On or near HESLEY ROAD,E01008054,Sheffield 007B,Investigation complete; no suspect identified
f79388d15ecc867cd2a36ad0ef9898a6a9472a31461ed346bfc9b9402d10d545,2021-03,South Yorkshire Police,South Yorkshire Police,-1.113721,53.509822,On or near Sports/Recreation Area,E01007644,Doncaster 019A,Investigation complete; no suspect identified
d5478c9363018b2ed1097721f1bc967caa4770f3425c0318ae25e772a8ae51f2,2021-03,South Yorkshire Police,South Yorkshire Police,-1.475215,53.560619,On or near Supermarket,E01007410,Barnsley 010E,Investigation complete; no suspect identified
a626e8651b3b8a4448a88735e35f844a9231922f67b1e55880a2d2ed7a32e41d,2021-03,South Yorkshire Police,South Yorkshire Police,-1.352874,53.330386,On or near BIRCHWOOD VIEW,E01008022,Sheffield 065C,Unable to prosecute suspect
3b504677e14c0cf4f938f4a8dcec5656f49c348b5618cf50bc0bee3d67f52982,2021-03,South Yorkshire Police,South Yorkshire Police,-1.561537,53.550557,On or near GUEST LANE,E01007420,Barnsley 016C,Investigation complete; no suspect identified
8c0c89feace678de4af3480972faddccdfcdf8da4f22015a92f4018cdc787a14,2021-03,South Yorkshire Police,South Yorkshire Police,-0.946131,53.629469,On or near SOUTH ROAD,E01007634,Doncaster 001C,Further investigation is not in the public interest
b6d03be1c0243228026076ef6507a40048b72f6971b05ee5e8b503e8803ed0a3,2021-03,South Yorkshire Police,South Yorkshire Police,-1.475550,53.582327,On or near FOREST ROAD,E01007325,Barnsley 007C,Investigation complete; no suspect identified
ed4418d10815396ae021b6cc19ff7b2bd45c3240b070797e4656690e70c56614,2021-03,South Yorkshire Police,South Yorkshire Police,-1.502844,53.444398,On or near GRENO GATE,E01008134,Sheffield 005B,Investigation complete; no suspect identified
fe7466369a333fcf023da830c8167c5d7655b9d49ec2737120c7450182b0c74c,2021-03,South Yorkshire Police,South Yorkshire Police,,,No location,,,Local resolution
9b79a5f88ad8f6fe6f04441db0b6c425c57c6d2fa67aa42024d94024874d48e3,2021-03,South Yorkshire Police,South Yorkshire Police,-1.594473,53.482316,On or near BUTTON ROW,E01008144,Sheffield 001A,Unable to prosecute suspect
5c8562e19c7566aa73ffe79d6af313c09f0e72b77e4f85dc0ac719601ae75e3b,2021-03,South Yorkshire Police,South Yorkshire Police,-1.357591,53.407194,On or near WEST BAWTRY ROAD,E01007678,Rotherham 023B,Investigation complete; no suspect identified
e88bcee6e0f8f0905a3cdac78663100520f1a101e48d29ba72fa97f3936a4167,2021-03,South Yorkshire Police,South Yorkshire Police,-1.150423,53.509109,On or near ST JOHN'S ROAD,E01007535,Doncaster 023D,Unable to prosecute suspect
6288d4efec7924f4ab8de98501bd890ea3880f8fcc4ed98c22c5bc8fb4b2976a,2021-03,South Yorkshire Police,South Yorkshire Police,-1.421698,53.367540,On or near ARCHDALE CLOSE,E01008011,Sheffield 039A,Local resolution
43f468ed108f060c52e7b51b8216f2e438d297b6d62f76b47d06177c383b2083,2021-03,South Yorkshire Police,South Yorkshire Police,,,No location,,,Investigation complete; no suspect identified
46963a72e98372fb95f459a9fc29b20ca415d4d4d9f212c4286f6fb687fdd29d,2021-03,South Yorkshire Police,South Yorkshire Police,-1.453114,53.377665,On or near ROBINSON ROAD,E01007879,Sheffield 075B,Suspect charged
3ffbc952e27a4fc16d9eee45edc70963b925d8b71327d980db42f3b46146721f,2021-03,South Yorkshire Police,South Yorkshire Police,-1.314333,53.484589,On or near MANOR ROAD,E01007794,Rotherham 004C,Offender given a caution
c7bff31ebaae3f946747efef1589e1c1850c9c45f9ac363c9fdea2300077ebd3,2021-03,South Yorkshire Police,South Yorkshire Police,-1.509339,53.553635,On or near ST MARTINS CLOSE,E01007442,Barnsley 012E,Unable to prosecute suspect
1ab42b8258fc4ea0842c0d61227bd921bee5bf8e6245ce286d1543e16aa82b41,2021-03,South Yorkshire Police,South Yorkshire Police,-1.064826,53.616343,On or near MOSS ROAD,E01007488,Doncaster 002B,Investigation complete; no suspect identified
b93ca340d5d7e9501a7c86bf86b13c0fccda5d4409d3bad3c9a62442e149b5bd,2021-03,South Yorkshire Police,South Yorkshire Police,-1.150423,53.509109,On or near ST JOHN'S ROAD,E01007535,Doncaster 023D,Unable to prosecute suspect
fd5bc2df08a55567792ef4cf399b61ea45568505a25249ed5adf9ed0dd0a3088,2021-03,South Yorkshire Police,South Yorkshire Police,-1.445061,53.578342,On or near INDUSTRY ROAD,E01007406,Barnsley 009E,Investigation complete; no suspect identified
75ebc1cf82654c1fd60ca98cbff427815cdc38e1296c624c87ad2ae3910f1dcf,2021-03,South Yorkshire Police,South Yorkshire Police,-1.468382,53.380422,On or near SURREY STREET,E01033264,Sheffield 073D,Investigation complete; no suspect identified
06eeb3c79eb81273d36ca178050639f79c2b320fd2a5139ca6f031d89f266c47,2021-03,South Yorkshire Police,South Yorkshire Police,-1.412510,53.532822,On or near MITCHELL ROAD,E01007449,Barnsley 023C,Investigation complete; no suspect identified
c1c64e44eff3067baa3e1d3f32ed802d0c095bf449c4ada89b7310ea0165d3a7,2021-03,South Yorkshire Police,South Yorkshire Police,-1.415815,53.366954,On or near CASTLEDALE CROFT,E01008011,Sheffield 039A,Investigation complete; no suspect identified
6dee933838e329167cd4c6e947601001c90631c46d40e4ca941ba20e9ef8139e,2021-03,South Yorkshire Police,South Yorkshire Police,-0.954223,53.631257,On or near DARLINGTON GROVE,E01007634,Doncaster 001C,Unable to prosecute suspect
32040fb2246050360efa3b9df48fdc590c1f15dc9a19406455fddad28393cd8c,2021-03,South Yorkshire Police,South Yorkshire Police,-1.403883,53.588454,On or near HAZLEDENE CRESCENT,E01007331,Barnsley 003B,Unable to prosecute suspect
e1f959c451bd2e7f1e7171c35ce521b8b540e6d73008dcdac0a90d63ae13ccd8,2021-03,South Yorkshire Police,South Yorkshire Police,-1.136715,53.524004,On or near Shopping Area,E01007645,Doncaster 022E,Suspect charged
a58cc74b00ed1b2b7969422976edd80c0200917db709c440412f07653b6e9ed5,2021-03,South Yorkshire Police,South Yorkshire Police,-1.483236,53.371588,On or near SUMMERFIELD STREET,E01033272,Sheffield 040F,Investigation complete; no suspect identified
9f95b1c7197c8563fcf3a3fe071a94324a38d28cd8c4ece04522781a271bb0a4,2021-03,South Yorkshire Police,South Yorkshire Police,-1.429738,53.366455,On or near CARY ROAD,E01008012,Sheffield 039B,Investigation complete; no suspect identified
2b35977dcd9a6d2dcf38fbaaff36164010dc21a896a15da8829c69485a6e6743,2021-03,South Yorkshire Police,South Yorkshire Police,-1.379147,53.574441,On or near QUEENSWAY,E01007332,Barnsley 006C,Investigation complete; no suspect identified
651c5b2be867694adafbdf6d05171541389d1c16ae892f5eed75a83f33ac7caf,2021-03,South Yorkshire Police,South Yorkshire Police,-1.187386,53.406292,On or near GIPSY LANE,E01007764,Rotherham 020F,Investigation complete; no suspect identified
5fd36504e5800a9ae00392d527f1b83b6cbe92d093544c4d7351ebe845102a0b,2021-03,South Yorkshire Police,South Yorkshire Police,-1.510085,53.584469,On or near IBBERSON AVENUE,E01007361,Barnsley 004C,Investigation complete; no suspect identified
935a4d23b7eba58b563f98c080e5097e8440c5550ef80c553fa702e166192a1a,2021-03,South Yorkshire Police,South Yorkshire Police,-1.139017,53.520605,On or near BURNABY STREET,E01007529,Doncaster 022A,Investigation complete; no suspect identified
046c0fe354d54af25fb59c9c55a08ecf674741b96f907dabc06c71a84115fd73,2021-03,South Yorkshire Police,South Yorkshire Police,-1.330891,53.362095,On or near WEST PARK DRIVE,E01007665,Rotherham 027A,Unable to prosecute suspect
98d2bf4d3143a7785459493b6b60adc9704e53cb80aad8cb2ba0cde0c4f61eba,2021-03,South Yorkshire Police,South Yorkshire Police,-1.468807,53.415156,On or near EVERINGHAM ROAD,E01007945,Sheffield 015B,Investigation complete; no suspect identified
16e4c1ed9de87ed1434dc20a5e0c98c907484b7aac15ba0dffcd97d1855c8aa1,2021-03,South Yorkshire Police,South Yorkshire Police,-1.174243,53.621795,On or near GRANGE ROAD,E01007487,Doncaster 002A,Investigation complete; no suspect identified
023ce961ffcca2fa379b49087c088761d3c7ef0f25e9a4fe9ae93ddf3c4bc6f0,2021-03,South Yorkshire Police,South Yorkshire Police,-1.460360,53.381132,On or near GILBERT STREET,E01033268,Sheffield 075G,Investigation complete; no suspect identified
08aaf5ad8e8784d42728f26c4ac7b70606adc466de440af7d12d72f2f7c31f3c,2021-03,South Yorkshire Police,South Yorkshire Police,-1.316798,53.422069,On or near WOODLAND WAY,E01007710,Rotherham 021C,Further action is not in the public interest
d1d01649a7622795b80b889abd32a047797475d9e6f0d534a4b41d7455afc0ab,2021-03,South Yorkshire Police,South Yorkshire Police,-1.502380,53.415777,On or near NIAGARA ROAD,E01008089,Sheffield 017B,Investigation complete; no suspect identified
e729ac126750a87c023090115e72818bd8c566748b045e8f195245fb8547110e,2021-03,South Yorkshire Police,South Yorkshire Police,-1.474416,53.412915,On or near Petrol Station,E01008094,Sheffield 019D,Investigation complete; no suspect identified
9f0ea58350f3d1203f2da1403d0b712fb216be1007faa0aafdd9368a54d3b244,2021-03,South Yorkshire Police,South Yorkshire Police,-1.427184,53.367512,On or near PAYLER CLOSE,E01008012,Sheffield 039B,Unable to prosecute suspect
416ba46b58d91bbbcd4d1867d5f75b138865322640b4c2688685100ed8c69067,2021-03,South Yorkshire Police,South Yorkshire Police,-1.502380,53.415777,On or near NIAGARA ROAD,E01008089,Sheffield 017B,Investigation complete; no suspect identified
b7372084d018ecf3e6985fc9d914dba811ecd9464b635553a00ace44810b8cf9,2021-03,South Yorkshire Police,South Yorkshire Police,-1.531669,53.583261,On or near Petrol Station,E01007386,Barnsley 005E,Unable to prosecute suspect
0b3c5583daca98b7fac78392c0240f936671413967033024755b1ebb8cf78e50,2021-03,South Yorkshire Police,South Yorkshire Police,-1.291741,53.499198,On or near LYNWOOD DRIVE,E01007571,Doncaster 031A,Suspect charged
94db7526a14de95c3462f8bcca457ffdf7d1d2493785db46bbe9c743c62f808a,2021-03,South Yorkshire Police,South Yorkshire Police,-1.363494,53.423935,On or near Pedestrian Subway,E01007677,Rotherham 017A,Investigation complete; no suspect identified
fc35987e1d5d0e4d5d760496edb7ff75e83dffaa461b101fd5daff0ccc6fe133,2021-03,South Yorkshire Police,South Yorkshire Police,-1.516964,53.402120,On or near WISEWOOD ROAD,E01007996,Sheffield 021E,Investigation complete; no suspect identified
c1327a55f06554d0023b114586ca6b1a225c8f3183a291273079a0fabaa0b86f,2021-03,South Yorkshire Police,South Yorkshire Police,-1.375781,53.514857,On or near TEAL CLOSE,E01032924,Barnsley 026F,Investigation complete; no suspect identified
fdd06b0d2d6331590ddcfb121b5c1c28c138e604f55def4c9609a82b458cd98c,2021-03,South Yorkshire Police,South Yorkshire Police,-1.599172,53.476139,On or near CEDAR CLOSE,E01008145,Sheffield 001B,Unable to prosecute suspect
fd94c34932dc00df55dbec56fe8d62eb27d11550b91090ad0a47aec062d73cab,2021-03,South Yorkshire Police,South Yorkshire Police,-1.469892,53.377480,On or near FURNIVAL SQUARE,E01033264,Sheffield 073D,Unable to prosecute suspect
e43fa5b30d98784d191a7a799237245206566869108d2b1f447d40efa4edbaf2,2021-03,South Yorkshire Police,South Yorkshire Police,-1.150274,53.616036,On or near STATION ROAD,E01007489,Doncaster 002C,Suspect charged
44e015fef3180e9d5f50df2eec56fb6ba0521b5157a8e8c3108461bfa230ff57,2021-03,South Yorkshire Police,South Yorkshire Police,-1.380808,53.429590,On or near ROSEBERY STREET,E01007715,Rotherham 016A,Investigation complete; no suspect identified
687d1e70a6062a21424e7f4cfae0ebb2a41f321006d11e1bb824e15735c4c8e9,2021-03,South Yorkshire Police,South Yorkshire Police,-1.314333,53.484589,On or near MANOR ROAD,E01007794,Rotherham 004C,Investigation complete; no suspect identified
d1b216b7e8f08fa243bbaf9ac293dcb526a037036cb90472e50c0c50d55baad0,2021-03,South Yorkshire Police,South Yorkshire Police,-1.502639,53.585687,On or near Parking Area,E01007361,Barnsley 004C,Unable to prosecute suspect
5dcbf1d5753ff7d289dcfa0d140c87de4cc5e0ac88058172e2cd1f213064ae72,2021-03,South Yorkshire Police,South Yorkshire Police,,,No location,,,Action to be taken by another organisation
1451fc810ff4ca6153bf05fa840960399b8fd9db9d3b05a89365392b782f9348,2021-03,South Yorkshire Police,South Yorkshire Police,-1.439907,53.501988,On or near LITTLE LEEDS,E01007391,Barnsley 030C,Investigation complete; no suspect identified
cb6bf639762a7aaa2dcfcf558b8156593c207fac5f2f790e0277fcf21b90d9eb,2021-03,South Yorkshire Police,South Yorkshire Police,-1.481644,53.386358,On or near NETHERTHORPE STREET,E01008065,Sheffield 026A,Unable to prosecute suspect
4e20a0ed41bdac3573aa97eb1a5d42d4f96d1e683cb036fc66f66e15612cda90,2021-03,South Yorkshire Police,South Yorkshire Police,,,No location,,,Action to be taken by another organisation
227ac972a349e678a565c42a475c21de6c5dd1ac88f39dbddce6b621f65cf687,2021-03,South Yorkshire Police,South Yorkshire Police,-1.136477,53.521647,On or near CHANCERY PLACE,E01007645,Doncaster 022E,Investigation complete; no suspect identified
1014db23c1284f83ab30e8c75dacf8c14aa7b37f0fb0e918c8069ca6e5e84d99,2021-03,South Yorkshire Police,South Yorkshire Police,-1.447428,53.600708,On or near MIDLAND ROAD,E01007440,Barnsley 002D,Unable to prosecute suspect
018161558d447b0213633e557b807fa443d1a19a8de1a86dbd49612ec0252ab9,2021-03,South Yorkshire Police,South Yorkshire Police,-1.251010,53.487948,On or near STAINTON STREET,E01007542,Doncaster 032B,Investigation complete; no suspect identified
66d008c0d0b8f82682a65ec8e232b2cc17db09cb5ef6f5a9e778ec3d415a462f,2021-03,South Yorkshire Police,South Yorkshire Police,-1.387185,53.367062,On or near SUNDOWN PLACE,E01007973,Sheffield 037D,Unable to prosecute suspect
efbf0601ae35552537a1d7cfd25aa3f6ce7417697d59cd8f76f242cb75e73024,2021-03,South Yorkshire Police,South Yorkshire Police,-1.348695,53.435181,On or near YORK ROAD,E01007769,Rotherham 017D,Unable to prosecute suspect
fd304233d959ff657fac8df2c3dea3d42d13bd1048f74ef0eed2b99798bd54ea,2021-03,South Yorkshire Police,South Yorkshire Police,-1.297965,53.500197,On or near CEDAR AVENUE,E01007573,Doncaster 031C,Unable to prosecute suspect
8b37c37d2491ac722b541f19c16cb1587522ecff53a628b3014b24f59ba4e3e6,2021-03,South Yorkshire Police,South Yorkshire Police,-1.391858,53.542130,On or near DONCASTER ROAD,E01007350,Barnsley 020C,Investigation complete; no suspect identified
f3cbb4d37e35c8a655500cd96ea5407038a123dabd9dd0535005ce74f68a1f90,2021-03,South Yorkshire Police,South Yorkshire Police,-1.360389,53.400153,On or near MENDIP RISE,E01007706,Rotherham 027E,Investigation complete; no suspect identified
05b5dd967c3e34f03e97df07ed499d129729a8f4c88cafa9e09e15dfb384aafd,2021-03,South Yorkshire Police,South Yorkshire Police,-1.146292,53.550373,On or near REDBOURNE ROAD,E01007509,Doncaster 010C,Unable to prosecute suspect
0f0da05a0a2b84ffc05a7f2196f8417e20e6347d0f77e0a5cb26fdbb253a3e1a,2021-03,South Yorkshire Police,South Yorkshire Police,-1.483972,53.369146,On or near PEARL STREET,E01008107,Sheffield 040C,Investigation complete; no suspect identified
186a4167d6811ef8171c60f7e9949a577b3a167d5105c5af66ccdbe659cff29a,2021-03,South Yorkshire Police,South Yorkshire Police,-1.176668,53.536708,On or near NASEBY AVENUE,E01007588,Doncaster 016C,Investigation complete; no suspect identified
c9ab12f21c1ff71a67d653703f2f4aeacfa8b2c8afb896c5cd2c350dfdf65783,2021-03,South Yorkshire Police,South Yorkshire Police,-1.315749,53.436786,On or near GREENFIELD ROAD,E01007737,Rotherham 013C,Unable to prosecute suspect
456031e8482a0bd630bb35d9afd4ff25c5a3c9976096b091aee1e18045fd2293,2021-03,South Yorkshire Police,South Yorkshire Police,-1.607071,53.482215,On or near WOOLLEY ROAD,E01008149,Sheffield 001D,Unable to prosecute suspect
31b3dd24718903998042ca84ab73ed6b392d20e002bc0a61951833a3ccb358f1,2021-03,South Yorkshire Police,South Yorkshire Police,-1.460099,53.373247,On or near Park/Open Space,E01008095,Sheffield 043A,Investigation complete; no suspect identified
8053cb35e44bc1ab315f63103e9b65f5a73789eed137ace5bfd88a05ba6794e4,2021-03,South Yorkshire Police,South Yorkshire Police,,,No location,,,Action to be taken by another organisation
c214bf200411113bbd5d3a4443cb011fa3ff4fcd0035dc267a565c23fabecc17,2021-03,South Yorkshire Police,South Yorkshire Police,-1.309712,53.421983,On or near CAVENDISH CLOSE,E01007724,Rotherham 021E,Investigation complete; no suspect identified
16e98dda4a784a54f66cc64c90531cf897f15bc2529cd14fc7e71b057319f276,2021-03,South Yorkshire Police,South Yorkshire Police,-1.405461,53.565344,On or near CROWN AVENUE,E01007341,Barnsley 008A,Local resolution
fbd02963931ba0ed9395cb4ecc870449b7a3b42475cd33dbb923e371b3f0392d,2021-03,South Yorkshire Police,South Yorkshire Police,-1.385396,53.567418,On or near PARK SPRING ROAD,E01007332,Barnsley 006C,Local resolution
1c639fc8e42434131a686bb4a163ad9db56210483ddff7d0b4d5c393f6115395,2021-03,South Yorkshire Police,South Yorkshire Police,-1.079539,53.472144,On or near BOSWELL CLOSE,E01007597,Doncaster 037E,Unable to prosecute suspect
783e024a1d6f501972e808a7aeeddefb0e53b5df1c99fc1dff7c27b357dab08a,2021-03,South Yorkshire Police,South Yorkshire Police,-1.148512,53.530758,On or near Pedestrian Subway,E01007517,Doncaster 013D,Investigation complete; no suspect identified
359955bcb0593076bbc527275bcfbe67dc2e322af74ff983262a7dff9616c211,2021-03,South Yorkshire Police,South Yorkshire Police,-1.440535,53.367126,On or near ST AIDAN'S PLACE,E01008097,Sheffield 043C,Unable to prosecute suspect
b86427ff08489c7e463620bbf5a99e62a683931ec1e8d2c11e8c92c437ef3f1b,2021-03,South Yorkshire Police,South Yorkshire Police,-1.360881,53.409504,On or near Petrol Station,E01007676,Rotherham 025A,Investigation complete; no suspect identified
3cc6dd63c39eb679579ee8a39cecbcc07507c273fb9e0dd557fa493935a78aab,2021-03,South Yorkshire Police,South Yorkshire Police,-1.477832,53.558949,On or near LEIGHTON CLOSE,E01007410,Barnsley 010E,Unable to prosecute suspect
b785a9417f7f26ca0c16532d697dbe5cd5288c2c6d16945b8cd65562c05091bb,2021-03,South Yorkshire Police,South Yorkshire Police,-1.461241,53.401882,On or near PASSHOUSES ROAD,E01007869,Sheffield 020A,Unable to prosecute suspect
4cf801c8108b868433aec546e88bd2b9d394fc071274f95aa99c4fa0868351bb,2021-03,South Yorkshire Police,South Yorkshire Police,-1.448152,53.534664,On or near HUNNINGLEY LANE,E01007462,Barnsley 021E,Investigation complete; no suspect identified
f06eacfe01bade7073fb210b0d3cd9621200abad279dbd0fd177cfe9f89b31a0,2021-03,South Yorkshire Police,South Yorkshire Police,-1.436512,53.495393,On or near WEIR CLOSE,E01007389,Barnsley 030A,Investigation complete; no suspect identified
36fc29147daae32fc0998d9f2ff7906e78479e2aeeffb0349ebb3c4c3577cd2c,2021-03,South Yorkshire Police,South Yorkshire Police,-1.109257,53.530733,On or near Hospital,E01007567,Doncaster 018D,Investigation complete; no suspect identified
d789c12ae25251a2646dad94cd2296cd98aa3ba797a7977227c1ddb2f1a2c23a,2021-03,South Yorkshire Police,South Yorkshire Police,-1.316032,53.373174,On or near RICKNALD CLOSE,E01007666,Rotherham 026A,Investigation complete; no suspect identified
fa81aa20634166ebd2c606a5e8bf4c4e2ba57b94444ed38cf35ca9550cc2bd62,2021-03,South Yorkshire Police,South Yorkshire Police,-1.482175,53.558132,On or near CAXTON STREET,E01007409,Barnsley 010D,Investigation complete; no suspect identified
9875e9b6408b8a37ad6a2bf87b7c4ed30bf79e114a70e84f66f6dba79c920196,2021-03,South Yorkshire Police,South Yorkshire Police,-1.505688,53.404267,On or near AVONDALE ROAD,E01007995,Sheffield 017A,Unable to prosecute suspect
a5eedee1b655d9c6177e804bd2aba9d4ea31d7c17621b5cecfba726473c4a4d6,2021-03,South Yorkshire Police,South Yorkshire Police,-1.400435,53.360990,On or near RICHMOND HILL ROAD,E01007963,Sheffield 045A,Investigation complete; no suspect identified
2569848f9ca602638cd7fd5bada88dac3abf64988b7ce51c7a2edbf797644a70,2021-03,South Yorkshire Police,South Yorkshire Police,,,No location,,,Investigation complete; no suspect identified
18f097a89714672721635862a0c1c83ae90ea21a9413f1351f8b01d53bd37e84,2021-03,South Yorkshire Police,South Yorkshire Police,-1.309207,53.443858,On or near ARUNDEL AVENUE,E01007721,Rotherham 010C,Investigation complete; no suspect identified
d540f854f5933a5736b61dd69e2d6479203ddc21ff26c5126073dbd72a0b7711,2021-03,South Yorkshire Police,South Yorkshire Police,-1.441368,53.379211,On or near MANOR OAKS CLOSE,E01007886,Sheffield 075F,Investigation complete; no suspect identified
dee9a646e25dd1195f644fd865e12c9f56fb8a87c0853c2437a2075a35751da2,2021-03,South Yorkshire Police,South Yorkshire Police,-1.455684,53.359978,On or near HALLYBURTON DRIVE,E01008101,Sheffield 043D,Action to be taken by another organisation
cd82da13538f3dd01de3ddb68c98654fc77134f16de964c528345babb652ef1f,2021-03,South Yorkshire Police,South Yorkshire Police,-1.436512,53.495393,On or near WEIR CLOSE,E01007389,Barnsley 030A,Investigation complete; no suspect identified
51778bcdc1f2d47076fa0e711be4e84a6714ab1d454e0e1e38e928c673643155,2021-03,South Yorkshire Police,South Yorkshire Police,-1.511219,53.319266,On or near ST QUENTIN DRIVE,E01007922,Sheffield 071D,Investigation complete; no suspect identified
6a42167bc82310c53043eb74b4b186acd4753f584440d3b5555421dbfc647407,2021-03,South Yorkshire Police,South Yorkshire Police,-1.489038,53.357770,On or near NETHER EDGE ROAD,E01008042,Sheffield 050A,Local resolution
27629aae9aadeb4e89a5c1ab4101af055f3cce821264bbae41a177768c6bf69f,2021-03,South Yorkshire Police,South Yorkshire Police,-1.095366,53.514961,On or near Petrol Station,E01007526,Doncaster 025D,Investigation complete; no suspect identified
96199c54670c705ac1d6d02fa80d89c0ed757e9f89694be43156438d34cc82d5,2021-03,South Yorkshire Police,South Yorkshire Police,-1.480221,53.373615,On or near MOORE STREET,E01033271,Sheffield 040E,Unable to prosecute suspect
5659f68f9f69bddd5ee80632e77ec870836826bb1e64b366c1d09f3a05271707,2021-03,South Yorkshire Police,South Yorkshire Police,-1.477446,53.389127,On or near A61,E01033263,Sheffield 073C,Investigation complete; no suspect identified
7d598be1d6e69a25de2e87cd59c303e28ae78726643c353be5a8064816971826,2021-03,South Yorkshire Police,South Yorkshire Police,-1.475657,53.371941,On or near BOSTON STREET,E01008105,Sheffield 040A,Investigation complete; no suspect identified
ad6b9b406c1cfbe81c56153be28382b1f108bb97e2f94560dd6c491ff0d1982d,2021-03,South Yorkshire Police,South Yorkshire Police,-1.475362,53.377567,On or near TRAFALGAR STREET,E01008114,Sheffield 074A,Investigation complete; no suspect identified
41d1d44946157424892e69ce8448c6ecdb8c9023fc27fd12dbd4f39d90afb6d1,2021-03,South Yorkshire Police,South Yorkshire Police,,,No location,,,Investigation complete; no suspect identified
8f41a7f269fd9f5fa59323c9079e9af19c776e76740c26ed527dc0b2412e0c24,2021-03,South Yorkshire Police,South Yorkshire Police,-1.030040,53.592004,On or near LORD STREET,E01007626,Doncaster 004B,Investigation complete; no suspect identified
e50359dbca86934c63d33226c0006498d4e1279a139cabb947159ad3135d3353,2021-03,South Yorkshire Police,South Yorkshire Police,-1.470761,53.388603,On or near ALMA STREET,E01033262,Sheffield 073B,Investigation complete; no suspect identified
702677e1db8a3368f4d019f28bea8dc2ef14c989e8300a1d84fd0aa756fe6575,2021-03,South Yorkshire Police,South Yorkshire Police,-1.237363,53.483322,On or near ROWENA ROAD,E01007539,Doncaster 035C,Unable to prosecute suspect
d9fb9f8b9f2b82314ec3c5e53a4724b70adec44285a4e6e52973d838a2ee6afd,2021-03,South Yorkshire Police,South Yorkshire Police,-1.404871,53.388751,On or near CATLEY ROAD,E01007902,Sheffield 027B,Investigation complete; no suspect identified
e34366869775c42fc9c9ffdc79613231d86fe53c2ff648c9ba9ad2baef3e6c1e,2021-03,South Yorkshire Police,South Yorkshire Police,-1.496184,53.432164,On or near OWEN PLACE,E01008085,Sheffield 009A,Suspect charged
003bdb1e408c7cf4334f74f6352c3715a189b3ad4e9cfbd21c02c56bc41fe285,2021-03,South Yorkshire Police,South Yorkshire Police,-1.457276,53.374268,On or near FARM BANK ROAD,E01033268,Sheffield 075G,Unable to prosecute suspect
1aefd3f3da91d35624b20aa5b824bf5f076169bd29edd5ed3992e7a31a63fd4e,2021-03,South Yorkshire Police,South Yorkshire Police,-1.493139,53.369248,On or near Supermarket,E01007864,Sheffield 036D,Investigation complete; no suspect identified
ba8bedb1ac9f2903b1182ef5c1fce8395e26f6c1b0ecd91a754effcc0b8714f6,2021-03,South Yorkshire Police,South Yorkshire Police,-1.473231,53.524656,On or near SHEFFIELD ROAD,E01007458,Barnsley 021A,Investigation complete; no suspect identified
2010896e6b9f0b3ae7e71566c17ba2c340bc316b85e00af9d95d7f36d7a884b9,2021-03,South Yorkshire Police,South Yorkshire Police,-1.473231,53.524656,On or near SHEFFIELD ROAD,E01007458,Barnsley 021A,Investigation complete; no suspect identified
97a3a931fe982c22014de63f3468c551389ede3c8ad990593b74f4aa220919b4,2021-03,South Yorkshire Police,South Yorkshire Police,-1.500498,53.564798,On or near HUDDERSFIELD ROAD,E01007381,Barnsley 012C,Investigation complete; no suspect identified
4f32b6e1432f80aec8f77e64737ff65241ccb21e8fcc7c780ebb7b54ff438fba,2021-03,South Yorkshire Police,South Yorkshire Police,-1.426219,53.366609,On or near DARNLEY DRIVE,E01008013,Sheffield 039C,Investigation complete; no suspect identified
40fdf93ade5f1d1180ae058d8a9a56d1e260e4274d219c3d366ee2ab2aee1ab2,2021-03,South Yorkshire Police,South Yorkshire Police,-1.304330,53.534076,On or near WHITWORTH STREET,E01007369,Barnsley 022A,Local resolution
199120042eb8e10cdb6bee37200cdb31237378e605a9f3ab08ac0459fd189b1b,2021-03,South Yorkshire Police,South Yorkshire Police,-1.315108,53.545922,On or near Supermarket,E01007375,Barnsley 014D,Local resolution
f5d5fce30edce8f110564099b98221b2fd70e58bce1737df1365eb1cd8400893,2021-03,South Yorkshire Police,South Yorkshire Police,-1.499300,53.403890,On or near Petrol Station,E01008093,Sheffield 017D,Suspect charged
a232f968e14c2300c2dbb9e6daaa036df9d07d7ba20af7c74802ecf560c34cd5,2021-03,South Yorkshire Police,South Yorkshire Police,,,No location,,,Offender given penalty notice
a232f968e14c2300c2dbb9e6daaa036df9d07d7ba20af7c74802ecf560c34cd5,2021-03,South Yorkshire Police,South Yorkshire Police,,,No location,,,Offender given penalty notice
d3eb490007c9e9dc023704ca69893c5359705e11e402f00028df1dbcfaca2556,2021-03,South Yorkshire Police,South Yorkshire Police,-1.476830,53.463882,On or near MARRICK COURT,E01007890,Sheffield 004C,Investigation complete; no suspect identified
68e215032dbd717de74f41188b985ffac6989d5629f82853f3011674c188e81d,2021-03,South Yorkshire Police,South Yorkshire Police,-1.433183,53.541569,On or near Petrol Station,E01007319,Barnsley 015A,Unable to prosecute suspect
88c404f356c776b2ecfefd89b76c7cbfc0925f9730da7b1e9e3dc53a4ef54953,2021-03,South Yorkshire Police,South Yorkshire Police,-1.047658,53.532766,On or near THE CRESCENT,E01007486,Doncaster 017D,Unable to prosecute suspect
9f1ab3d9072e9ea4ab3a6199f2c1a78c5f196ce35063d6538b86fbe2168e5c15,2021-03,South Yorkshire Police,South Yorkshire Police,-1.461555,53.497342,On or near KAY STREET,E01007396,Barnsley 028A,Investigation complete; no suspect identified
2131f15ca901539b59c54c73212f38819328f5fa37ba86d589422a3cff2aaac9,2021-03,South Yorkshire Police,South Yorkshire Police,-1.359477,53.505971,On or near WINTERWELL ROAD,E01007693,Rotherham 001A,Unable to prosecute suspect
cd05dd4d73593391aa45421d43735b5a5b8c15ff9cc5fd7c739c374cf716fc99,2021-03,South Yorkshire Police,South Yorkshire Police,-1.306640,53.543240,On or near QUEEN STREET,E01007373,Barnsley 014B,Unable to prosecute suspect
a950774a98f48658cb7a99f84699fcf7a847e69b8e362628507ec2ef14993ffb,2021-03,South Yorkshire Police,South Yorkshire Police,-1.306640,53.543240,On or near QUEEN STREET,E01007373,Barnsley 014B,Unable to prosecute suspect
1af57b0f6029357cc88f13d558fccdd852fac3b358533492b486bc67c38f331f,2021-03,South Yorkshire Police,South Yorkshire Police,-1.418367,53.393645,On or near CLAY PIT WAY,E01007905,Sheffield 027C,Offender given a caution
b4327b887f3eb99c01c0b0086f469f3a4f9ee90213b435abc366decfd512c0d9,2021-03,South Yorkshire Police,South Yorkshire Police,-1.448382,53.601692,On or near MILGATE STREET,E01007440,Barnsley 002D,Unable to prosecute suspect
e20364d79842c8acfc973216f54323929a26e0ef65b385b3f58b4c8faec0af69,2021-03,South Yorkshire Police,South Yorkshire Police,-1.527349,53.595450,On or near BLUEBELL ROAD,E01007355,Barnsley 005A,Local resolution
e49e946b134948a476eaf2c643361a9915ab3833de7b6c14647f92d276cf001d,2021-03,South Yorkshire Police,South Yorkshire Police,-1.486839,53.549451,On or near ST GEORGE'S ROAD,E01007417,Barnsley 013D,Unable to prosecute suspect
067b692055a4a463d2a3ea5bdb62d889ad41550df35b83769def19fa8198dacb,2021-03,South Yorkshire Police,South Yorkshire Police,-1.496457,53.565653,On or near WILTHORPE CRESCENT,E01032551,Barnsley 010H,Suspect charged
60e1a84f22be99edaa4fdb487ad7c472bab61f68886f92262e2d4f9c4caa3fac,2021-03,South Yorkshire Police,South Yorkshire Police,-1.231301,53.380884,On or near SANDALL VIEW,E01007787,Rotherham 028A,Investigation complete; no suspect identified
b3c41f0fa03594b715a29302c2d0e2d1fcb6e8c6ab4e5bf959caf333a70173a2,2021-03,South Yorkshire Police,South Yorkshire Police,-1.345598,53.343704,On or near PRIMROSE CRESCENT,E01008039,Sheffield 065F,Unable to prosecute suspect
b4a7e54c50daef5ce0e22e0a83d8ed0a33e39cff24b7480949d74373f9b49089,2021-03,South Yorkshire Police,South Yorkshire Police,,,No location,,,Investigation complete; no suspect identified
2c6c9fd6c82ca4b39f90da7f4808d9cc76840a24fc676271fa316907cf54eb0f,2021-03,South Yorkshire Police,South Yorkshire Police,-1.184750,53.632788,On or near BARNSDALE VIEW,E01007493,Doncaster 002G,Unable to prosecute suspect
63a5ea98455ee841f47eadc65d0b11390fe4da54d818383acbd77373ab5f38e8,2021-03,South Yorkshire Police,South Yorkshire Police,-1.348006,53.344400,On or near VIOLET AVENUE,E01008034,Sheffield 056D,Investigation complete; no suspect identified
7f03d2aad46f1fd7de561ef422b03434d12bd96583078072a917e1cf5659e00c,2021-03,South Yorkshire Police,South Yorkshire Police,-1.161170,53.534533,On or near NEWLANDS DRIVE,E01007582,Doncaster 016B,Investigation complete; no suspect identified
854853a3c5aacd74f854980c81bb96eea1f01e493e4ad60afd41c2a6ecddfe60,2021-03,South Yorkshire Police,South Yorkshire Police,-1.496457,53.565653,On or near WILTHORPE CRESCENT,E01032551,Barnsley 010H,Suspect charged
854853a3c5aacd74f854980c81bb96eea1f01e493e4ad60afd41c2a6ecddfe60,2021-03,South Yorkshire Police,South Yorkshire Police,-1.496457,53.565653,On or near WILTHORPE CRESCENT,E01032551,Barnsley 010H,Suspect charged
5388f3fb8ea14a41879ac1ba0137931b66668678c5e501a73b802b2adacd38e3,2021-03,South Yorkshire Police,South Yorkshire Police,-1.338712,53.434425,On or near OLD GARDEN DRIVE,E01007770,Rotherham 014E,Unable to prosecute suspect
0a39bfba255a566ffd79f609e5ea7c2227bb942cba21dc5c1e34b81a4af7fd7b,2021-03,South Yorkshire Police,South Yorkshire Police,-1.493405,53.453194,On or near WOOD SEATS,E01008135,Sheffield 005C,Further action is not in the public interest
8a4f7392b5f0bccf455ae315ceac54dfc68660c41ba9b65fbc39558946c144c5,2021-03,South Yorkshire Police,South Yorkshire Police,-1.415015,53.374932,On or near Pedestrian Subway,E01008017,Sheffield 039E,Investigation complete; no suspect identified
9ba9f102f3d7ae3b40dde8f6e9ecc6b754d38a370e2bb167519389ab694e8556,2021-03,South Yorkshire Police,South Yorkshire Police,-1.415015,53.374932,On or near Pedestrian Subway,E01008017,Sheffield 039E,Investigation complete; no suspect identified
bacac173700959d9b3eb549e9cc0d68dfb4c3c44b0dc58484f32831177873fd2,2021-03,South Yorkshire Police,South Yorkshire Police,-1.300289,53.533944,On or near VICTORIA STREET,E01007369,Barnsley 022A,Suspect charged
dfe4acd998a0b32832f55b671a0c412a107ca5ad58ae9b1174afc9ac15c0b291,2021-03,South Yorkshire Police,South Yorkshire Police,-1.568240,53.363162,On or near GORSE LANE,E01007956,Sheffield 041B,Action to be taken by another organisation
85be5fbdf13dd3baf2b041784ff44dc3abac55680e3b4bf15c3f4d473a7b3a8c,2021-03,South Yorkshire Police,South Yorkshire Police,-1.497311,53.400412,On or near HATTON ROAD,E01008161,Sheffield 026E,Unable to prosecute suspect
5b27bbccc5b5ca6aa4556aabb0d937a7c0f1023a74cf585e45bacc490793fe22,2021-03,South Yorkshire Police,South Yorkshire Police,-1.083708,53.554117,On or near CENTURY CLOSE,E01007624,Doncaster 007D,Investigation complete; no suspect identified
a270eb22d21b67504f761d65cc68ee9bdd0966d5c3fd4424797e2ff082b90382,2021-03,South Yorkshire Police,South Yorkshire Police,-1.447518,53.539299,On or near FOXFIELD WALK,E01007317,Barnsley 018A,Unable to prosecute suspect
16443f3866970c8822b9f3614106c88292112be551c46efca27daeeaf6d2e41d,2021-03,South Yorkshire Police,South Yorkshire Police,-1.174820,53.576650,On or near Petrol Station,E01007504,Doncaster 009F,Investigation complete; no suspect identified
fa52864234af6aecd7b6b0f52058ad357db805e42f3fbf5cc9fa55e720d752ac,2021-03,South Yorkshire Police,South Yorkshire Police,-1.411831,53.393244,On or near GREENLAND DRIVE,E01007902,Sheffield 027B,Investigation complete; no suspect identified
ca535e2ba06c97784788290d435314f07c642eb57bd5a85cbb759dcd43534e3e,2021-03,South Yorkshire Police,South Yorkshire Police,-1.342573,53.414402,On or near Hospital,E01007678,Rotherham 023B,Unable to prosecute suspect
3b4d79ad4d778cb2e56855295fe2d464d8b06f88c0334404dea1cfc0e9ad4a83,2021-03,South Yorkshire Police,South Yorkshire Police,-1.128247,53.522819,On or near Supermarket,E01007645,Doncaster 022E,Suspect charged
5454dba2688cf09364d63a35fcbbdb62baba662e14b096965953526ef1206bc8,2021-03,South Yorkshire Police,South Yorkshire Police,-1.384465,53.355587,On or near COISLEY ROAD,E01007966,Sheffield 049B,Investigation complete; no suspect identified
b8be7cdd1df8026dc47ed55f8fd8684da1e1d8c54aada9fb5456abafd2f00646,2021-03,South Yorkshire Police,South Yorkshire Police,-1.485674,53.461134,On or near CHAPEL ROAD,E01007897,Sheffield 005A,Unable to prosecute suspect
b83538ab0e53a18206ec4bc8d8a7194d4e24ce111dfe7ebf9370fbc63b624dc0,2021-03,South Yorkshire Police,South Yorkshire Police,-1.113205,53.537441,On or near RIPON AVENUE,E01007651,Doncaster 015C,Investigation complete; no suspect identified
61af28a1848e4a2c2cca6eefa73aeae0bfdaa6cf48f0a492769e1256f01aea87,2021-03,South Yorkshire Police,South Yorkshire Police,-1.300289,53.533944,On or near VICTORIA STREET,E01007369,Barnsley 022A,Suspect charged
3124d49bb23eb8cffc049f20301f45a9d4d0a347b869cf7548e27d3b0ca778f2,2021-03,South Yorkshire Police,South Yorkshire Police,-1.352992,53.430764,On or near DONCASTER GATE,E01007714,Rotherham 017B,Investigation complete; no suspect identified
169e355dd89d0f22d231300a862f9f191ec7bb6ac05de0849cb78bfb03edf87a,2021-03,South Yorkshire Police,South Yorkshire Police,-1.489583,53.564707,On or near HALL BANK,E01032551,Barnsley 010H,Unable to prosecute suspect
89465ba20c900a93530a172309678ff19f0f67f2d84c6969fb0a92a7fa5a4b74,2021-03,South Yorkshire Police,South Yorkshire Police,-1.301029,53.496341,On or near OAK CLOSE,E01007574,Doncaster 031D,Unable to prosecute suspect
6b5fb67de2b82d4e4c412f06c9a4fabe464cf42269e93553a425701de38ae9e2,2021-03,South Yorkshire Police,South Yorkshire Police,-1.169607,53.505064,On or near CHURCH COTTAGE MEWS,E01007496,Doncaster 029A,Investigation complete; no suspect identified
3927d80865b341c5baedb57fdb8d19ec65ee25d7af386b6ff6272259bd68fde2,2021-03,South Yorkshire Police,South Yorkshire Police,-1.320227,53.363643,On or near ALPINA WAY,E01007671,Rotherham 031A,Local resolution
9f93ed80f583c74172cf2d095c942a7940072a3f2f2912a8938b5bed16799316,2021-03,South Yorkshire Police,South Yorkshire Police,-1.396965,53.521500,On or near HIGH STREET,E01007451,Barnsley 026A,Investigation complete; no suspect identified
fee27175435edbe39fc3f2e32afc057cf8adcb093c3ba571098506d3d0a1b41d,2021-03,South Yorkshire Police,South Yorkshire Police,-1.468899,53.533284,On or near TUDOR WAY,E01007461,Barnsley 021D,Unable to prosecute suspect
c407e92836136b9b4735fa2f7f9a6b57df21bf3862bb253015ed0d8bd20ef6e5,2021-03,South Yorkshire Police,South Yorkshire Police,-1.446772,53.342733,On or near IRONSIDE CLOSE,E01008076,Sheffield 060C,Investigation complete; no suspect identified
cb6bffc42dbd7813a0f96f3b3e1621bfd1226f329087b8572d1a3dd7b2294ce0,2021-03,South Yorkshire Police,South Yorkshire Police,-1.110815,53.537729,On or near PARKWAY NORTH,E01007652,Doncaster 015D,Investigation complete; no suspect identified
149e66372d00a05d42be8edf600bcc9cd3ee7658c57e322b2a8b5a61520a04e7,2021-03,South Yorkshire Police,South Yorkshire Police,-1.481712,53.384453,On or near RADFORD STREET,E01033276,Sheffield 073E,Further investigation is not in the public interest
85ed0a04a78487b3ff5cce1aac3c69e5bbd9841d344b1e00d076baf30c18cf68,2021-03,South Yorkshire Police,South Yorkshire Police,-1.486777,53.550781,On or near Parking Area,E01007417,Barnsley 013D,Unable to prosecute suspect
248f656166409ab4891e70bb868c262656a5d79f5b8173c61726a778ceb2390c,2021-03,South Yorkshire Police,South Yorkshire Police,-1.455537,53.422233,On or near Supermarket,E01008063,Sheffield 011B,Investigation complete; no suspect identified
8b233df6e4fdd8620c301a02a9b5cd0d7e5b4fe55091a7c876cbe2942bcfc3ef,2021-03,South Yorkshire Police,South Yorkshire Police,-1.471205,53.380677,On or near POOL SQUARE,E01033265,Sheffield 074C,Investigation complete; no suspect identified
28cb870735219727346710a143385ba5a10a1b941712b9151aeadf230bd46b82,2021-03,South Yorkshire Police,South Yorkshire Police,-1.107223,53.536336,On or near BRISTOL GROVE,E01007652,Doncaster 015D,Unable to prosecute suspect
945c5fa3c859530fcc06e49d96a8241d9f09fcfc1519e57556cf66bb1e71517e,2021-03,South Yorkshire Police,South Yorkshire Police,-1.156623,53.493009,On or near DOWNLAND CLOSE,E01007503,Doncaster 029F,Unable to prosecute suspect
4c25cc0e16b35c54fe7cc4cb43296f9b0e9dcc785ea768aa9317464441ae4065,2021-03,South Yorkshire Police,South Yorkshire Police,-1.198964,53.371296,On or near DOE QUARRY PLACE,E01007790,Rotherham 029E,Unable to prosecute suspect
af2f28d7090663a503a0c36aeb685e153c76f69967b0bdbfb93da903203729d0,2021-03,South Yorkshire Police,South Yorkshire Police,-0.963946,53.612160,On or near CHAPEL LANE,E01007639,Doncaster 003D,Unable to prosecute suspect
e5ea1b915109211efb4ae45b41eed1242526b35b32cb2d340fe7bd6829b4e581,2021-03,South Yorkshire Police,South Yorkshire Police,-1.054161,53.542247,On or near HAWTHORN AVENUE,E01007480,Doncaster 014B,Unable to prosecute suspect
b5c7a4053b874dccfd8ac4b2479944868ccbf900f5506be68be6ad9b80340402,2021-03,South Yorkshire Police,South Yorkshire Police,-1.475469,53.366413,On or near WARD PLACE,E01008112,Sheffield 042D,Unable to prosecute suspect
643eb060c01c780fa7a2c00293ea318388e13230d400d5acb3dd28b8ca42121c,2021-03,South Yorkshire Police,South Yorkshire Police,-1.480011,53.358702,On or near Parking Area,E01008112,Sheffield 042D,Investigation complete; no suspect identified
c450a8376c960911149b0bd70e02d5a11d0d87c9859a3766a600c0fe93332bc0,2021-03,South Yorkshire Police,South Yorkshire Police,-1.484029,53.552127,On or near Nightclub,E01007340,Barnsley 013B,Investigation complete; no suspect identified
8b4403cbb6438eb40a04c1679bae93e39543048e247e8a787ee9d20727c2c7ff,2021-03,South Yorkshire Police,South Yorkshire Police,-1.451310,53.433818,On or near PERKYN ROAD,E01008057,Sheffield 007D,Investigation complete; no suspect identified
ec8295a5418ac7cb48c676f15dc06e62a7c45eedad71bc5b7c865514e010b672,2021-03,South Yorkshire Police,South Yorkshire Police,-1.307915,53.533512,On or near BARNSLEY ROAD,E01007376,Barnsley 022D,Investigation complete; no suspect identified
a4e58c838019264ec41c043aa912b14718751a6dad8a265b79e1a0d4cb35c780,2021-03,South Yorkshire Police,South Yorkshire Police,-1.306116,53.496829,On or near HIGHWOODS CRESCENT,E01007574,Doncaster 031D,Unable to prosecute suspect
3f1d43bcb59edada93edff2fa0ed2ebf9fb13b5965dbfed6ab420ff8f6d6142d,2021-03,South Yorkshire Police,South Yorkshire Police,-1.020981,53.580631,On or near PARKS ROAD,E01007563,Doncaster 006F,Unable to prosecute suspect
14833c9950c8b9aefbd0f709c534d3b1076d7d149ee1fc86b78e45fd407d2b4f,2021-03,South Yorkshire Police,South Yorkshire Police,-1.127747,53.527355,On or near PENISTONE STREET,E01007655,Doncaster 022F,Investigation complete; no suspect identified
82f7b547c092df9d435e5056a07f6386543dd9e5965c5c992e469e6acc7f5d00,2021-03,South Yorkshire Police,South Yorkshire Police,-1.125456,53.514808,On or near COOPER STREET,E01007530,Doncaster 022B,Investigation complete; no suspect identified
0efc2cf9e90e7e54868862c5d34fc9891c25389ea9b27d0fe633ab792a502d69,2021-03,South Yorkshire Police,South Yorkshire Police,-1.150352,53.541315,On or near BROUGHTON AVENUE,E01007514,Doncaster 013B,Unable to prosecute suspect
552e698511ad9f4ccdc6ee8d554b5eea99fd6c0f52ae2ccf5b30a1e11dd88ca7,2021-03,South Yorkshire Police,South Yorkshire Police,-1.149169,53.518251,On or near RAMSDEN ROAD,E01007531,Doncaster 022C,Investigation complete; no suspect identified
6dce41709cfa9def73d486314969e54c6483cd67ad3f4d11d0efbfca10d130f1,2021-03,South Yorkshire Police,South Yorkshire Police,-1.461337,53.370458,On or near Petrol Station,E01008096,Sheffield 043B,Unable to prosecute suspect
1de8dd19ff87a7c553e286559f5cec3e8847a7ef99ccef9400270cc33f63be87,2021-03,South Yorkshire Police,South Yorkshire Police,-1.163667,53.615295,On or near MARIAN CRESCENT,E01007490,Doncaster 002D,Investigation complete; no suspect identified
c074f9fb42e4bd40e05927da7f4eb420b268cdadd5dab05aa7576fc7d8b27ef2,2021-03,South Yorkshire Police,South Yorkshire Police,-1.479874,53.369991,On or near MOUNT STREET,E01008105,Sheffield 040A,Unable to prosecute suspect
f2ac0ca6408a71dd77c3dd0561d3e9d0e982b448f4a482cf30670484a84bfe5d,2021-03,South Yorkshire Police,South Yorkshire Police,-1.067985,53.565546,On or near KING GEORGE SQUARE,E01007621,Doncaster 007A,Unable to prosecute suspect
ee590bdc82d1d440f122eec5150fa32513f198a8f7923a4bb526cae5a82ec31d,2021-03,South Yorkshire Police,South Yorkshire Police,-1.441516,53.384002,On or near Shopping Area,E01007883,Sheffield 027A,Investigation complete; no suspect identified
031de386807522ad5199672111cb4f0c126c301ef493552a675edf78b6515f55,2021-03,South Yorkshire Police,South Yorkshire Police,-0.946751,53.634940,On or near THE FAIRWAY,E01007633,Doncaster 001B,Unable to prosecute suspect
aa9fc0874ffb4a5becdf51d14fa639a19f0ee906cce41d4af36e0d2acea69f3d,2021-03,South Yorkshire Police,South Yorkshire Police,-1.355419,53.470319,On or near MARRIOTT PLACE,E01007778,Rotherham 005A,Unable to prosecute suspect
e0286764b27d82528e29ed36ffdc7207ce9fac8f63a8aa7c98b11bcacaf8f37a,2021-03,South Yorkshire Police,South Yorkshire Police,-0.946751,53.634940,On or near THE FAIRWAY,E01007633,Doncaster 001B,Unable to prosecute suspect
05e434244bab7c2c807f77768a7e70d66b8a606c67a008fb0244275d840f70b2,2021-03,South Yorkshire Police,South Yorkshire Police,-1.355419,53.470319,On or near MARRIOTT PLACE,E01007778,Rotherham 005A,Unable to prosecute suspect
3fe4a9ec174d2c2b2e7dcd8c6c763f75d24ceb59ab0267294bee0cd689a99c9e,2021-03,South Yorkshire Police,South Yorkshire Police,-1.420826,53.378690,On or near GREENWOOD CLOSE,E01008016,Sheffield 032F,Investigation complete; no suspect identified
fc1065187c2e496c6c492a5192ee56a1b0704bf3d3b50c8412044e3afe7537bf,2021-03,South Yorkshire Police,South Yorkshire Police,-1.177653,53.622906,On or near WELLINGTONIA DRIVE,E01007487,Doncaster 002A,Investigation complete; no suspect identified
e483a972f25fdb434cb2826b5bcf57fa2d5635bbd81aaf4f203cce6f6302effa,2021-03,South Yorkshire Police,South Yorkshire Police,-1.509715,53.384985,On or near CHICHESTER ROAD,E01007960,Sheffield 029B,Investigation complete; no suspect identified
c5a43b77ea9444133f2c0a1e0e2e1e3eb0688caf5684abf236ff95c27dcc0a52,2021-03,South Yorkshire Police,South Yorkshire Police,-1.432500,53.357650,On or near METHLEY CLOSE,E01008102,Sheffield 048C,Local resolution
91c3fd842425edd2147b7568271dfb89711ab7a3da8e811e1ead99e5e1af2fe6,2021-03,South Yorkshire Police,South Yorkshire Police,-1.444213,53.437866,On or near ECCLESFIELD ROAD,E01008055,Sheffield 007C,Unable to prosecute suspect
c1d39b080ba11a9270ab7cd58f56571fbb081b9682bb8e6c73b669ebea3e6ab1,2021-03,South Yorkshire Police,South Yorkshire Police,-1.292517,53.493333,On or near WEST STREET,E01007577,Doncaster 031F,Offender given penalty notice
11fc38e7ba82ad2aec223094ace5d72b2836de2bbb75acbcef9f3bdb7ec903db,2021-03,South Yorkshire Police,South Yorkshire Police,-1.465808,53.410711,On or near NORWOOD AVENUE,E01007941,Sheffield 015A,Unable to prosecute suspect
82706e3e7dfdff0988bd49ba1a36ea5a3aabd674217deda63e7a12b0fa6b039b,2021-03,South Yorkshire Police,South Yorkshire Police,-0.979884,53.524675,On or near Parking Area,E01007603,Doncaster 026E,Investigation complete; no suspect identified
d8f9e24d3d915a5f4b8f3728be881518d14218e955da51dea8c00b341aff8eb3,2021-03,South Yorkshire Police,South Yorkshire Police,-1.136715,53.524004,On or near Shopping Area,E01007645,Doncaster 022E,Investigation complete; no suspect identified
df05988ecfddf726b42d3fc995e84b0980440ba7e923bf56044e187ede51f86d,2021-03,South Yorkshire Police,South Yorkshire Police,-1.485251,53.428917,On or near WORDSWORTH CLOSE,E01008116,Sheffield 009C,Local resolution
2d8aaf72d2a7fa7c9f845d34f6576a97f5d8b612f1f74720696b07cd31479906,2021-03,South Yorkshire Police,South Yorkshire Police,-1.378716,53.357265,On or near HOLLIS CROFT,E01007968,Sheffield 049C,Investigation complete; no suspect identified
03647fb7ab1e5f548ac92f0eedd2c9949e186556f1bf6c293983a54cbc723938,2021-03,South Yorkshire Police,South Yorkshire Police,-1.451690,53.412436,On or near WHELDRAKE ROAD,E01007949,Sheffield 020E,Investigation complete; no suspect identified
c2026001a3eff131e4f2391280abe3229f0f9a1a3baa39763b51dfac91bbda02,2021-03,South Yorkshire Police,South Yorkshire Police,-1.400774,53.587234,On or near ENGINE LANE CLOSE,E01007331,Barnsley 003B,Investigation complete; no suspect identified
374c153a508b523c6a8a9d76934461b3682cc455a7b83b4ab790bf27d3d63725,2021-03,South Yorkshire Police,South Yorkshire Police,-1.480975,53.545139,On or near Petrol Station,E01007415,Barnsley 013C,Investigation complete; no suspect identified
9341642c9c925985ebd183223c4efdc69fe79d80c726fcdb3591bab159bc7f91,2021-03,South Yorkshire Police,South Yorkshire Police,-1.410875,53.576723,On or near BELLE GREEN GARDENS,E01007345,Barnsley 008B,Local resolution
cd73452e074f94673dc4db0c096df7c1bbe9b0ec0d0fc58de2188efb4c24a9c0,2021-03,South Yorkshire Police,South Yorkshire Police,-1.139000,53.516227,On or near CLEVELAND STREET,E01007532,Doncaster 023B,Unable to prosecute suspect
fde16bcfcc4ee1bf52a6a07e7c3652c9811ac671503ca4f9bd03e88a7fa616c2,2021-03,South Yorkshire Police,South Yorkshire Police,-1.139000,53.516227,On or near CLEVELAND STREET,E01007532,Doncaster 023B,Unable to prosecute suspect
c8c3dcb2656b8c8d572b28d8e46c94b01177b0e4b361673d4ca35bfcbdb2f9c7,2021-03,South Yorkshire Police,South Yorkshire Police,-1.139000,53.516227,On or near CLEVELAND STREET,E01007532,Doncaster 023B,Unable to prosecute suspect
cdcedd39d208e07dc11cbfa1cae6d307ad2894cdad8171b5bf598cd4953369bd,2021-03,South Yorkshire Police,South Yorkshire Police,-1.323183,53.431264,On or near SHERIDAN DRIVE,E01007739,Rotherham 013E,Investigation complete; no suspect identified
e7f8f87004c36f75fb618d290f810fbc3435f6b33d92b116d311397c159b22ff,2021-03,South Yorkshire Police,South Yorkshire Police,-1.449160,53.342726,On or near GAUNT DRIVE,E01008075,Sheffield 060B,Investigation complete; no suspect identified
9205050cd0e0dc857419fbc6734ed5fc47eb4ab2e09d3971042de20d6724030d,2021-03,South Yorkshire Police,South Yorkshire Police,-1.463881,53.353327,On or near CARFIELD PLACE,E01007976,Sheffield 051B,Investigation complete; no suspect identified
ac04bceffe40005a5a885c9336fcc0b7a775337fdbbc8b6e40f58966e93ab5db,2021-03,South Yorkshire Police,South Yorkshire Police,-1.372521,53.466967,On or near DANIEL LANE,E01007696,Rotherham 007A,Investigation complete; no suspect identified
8883a662828dd560b392839658c521bf6a5be2b609c2c08851ec17531a6d0aa2,2021-03,South Yorkshire Police,South Yorkshire Police,-1.303310,53.469352,On or near GLASSHOUSE ROAD,E01007772,Rotherham 006B,Unable to prosecute suspect
87164a4fa2740b4aa93769bcff8c14afd241223808fa9c6bd3abdbc817229fb6,2021-03,South Yorkshire Police,South Yorkshire Police,-1.375022,53.533648,On or near THOMAS STREET,E01007353,Barnsley 020F,Investigation complete; no suspect identified
73175c3fd3a0480c2c259449cdbf619fedbb3c96245bdce9960d4b0c1430cef7,2021-03,South Yorkshire Police,South Yorkshire Police,-1.462675,53.548213,On or near BARNSBRIDGE GROVE,E01007337,Barnsley 015D,Unable to prosecute suspect
bdd5eea2e3a2463f89f3605ab629dedcf02421bab3b5ecb4ccae2652daa61b30,2021-03,South Yorkshire Police,South Yorkshire Police,-1.028432,53.590975,On or near Supermarket,E01007626,Doncaster 004B,Suspect charged
17b202f79af796d6d3102cdf987eb93c354a6e870d72796d72d9d3be92ff90b4,2021-03,South Yorkshire Police,South Yorkshire Police,-1.199501,53.570903,On or near ST LAWRENCE COURT,E01007465,Doncaster 009B,Investigation complete; no suspect identified
85e647fc1f343089b6dcb96150e0d92d1768f2035940c7b9364135a3750abdfb,2021-03,South Yorkshire Police,South Yorkshire Police,-1.527868,53.393957,On or near DEER PARK PLACE,E01007998,Sheffield 025B,Investigation complete; no suspect identified
c96caf045f08a9002f1ee3a1409ef63256cc362af936059c6270f5200a4ee862,2021-03,South Yorkshire Police,South Yorkshire Police,-1.028432,53.590975,On or near Supermarket,E01007626,Doncaster 004B,Unable to prosecute suspect
e2a53613f026f4ca599e1f7eed0816142fa72a312cfd64b96245558187260351,2021-03,South Yorkshire Police,South Yorkshire Police,-1.485251,53.428917,On or near WORDSWORTH CLOSE,E01008116,Sheffield 009C,Further investigation is not in the public interest
80aa50baa23656aefea5b6ced130bebabd782a5f7c8658724744517a5ffc7103,2021-03,South Yorkshire Police,South Yorkshire Police,-1.357242,53.431345,On or near Shopping Area,E01007714,Rotherham 017B,Investigation complete; no suspect identified
4e734ffd735a1a5f6f97a787b9c96f7432f9224e132556b27a37f6d3e8a718c0,2021-03,South Yorkshire Police,South Yorkshire Police,-1.487384,53.431695,On or near MANSEL AVENUE,E01008116,Sheffield 009C,Unable to prosecute suspect
7d1d96630b59e72f7844571e7fcb4bae3980ed8c70f0806738265aeb77983566,2021-03,South Yorkshire Police,South Yorkshire Police,-1.479574,53.365028,On or near RAMPTON ROAD,E01008113,Sheffield 042E,Unable to prosecute suspect
ecbaafaaf2bb8b0518b3e12a6dc52893572ae14b27ee4b4670c6dc6238248992,2021-03,South Yorkshire Police,South Yorkshire Police,-1.412765,53.368008,On or near ANGLETON GARDENS,E01008011,Sheffield 039A,Unable to prosecute suspect
9cfb85ca80d1bb1ab195318f42a66b673cf17225afac1fed53cd9286000d6e26,2021-03,South Yorkshire Police,South Yorkshire Police,-1.061130,53.542365,On or near MERE LANE,E01007478,Doncaster 011D,Action to be taken by another organisation
d3225e564cb328adc7b9858faed805302f41a21eb4d84dc650fbee3bbc1400ff,2021-03,South Yorkshire Police,South Yorkshire Police,-1.131428,53.523651,On or near SILVER STREET,E01007645,Doncaster 022E,Investigation complete; no suspect identified
a42c4955f54162e9243e16deff25416f42e8e06c6cb382196b89bfdb2d15b891,2021-03,South Yorkshire Police,South Yorkshire Police,-1.069629,53.540175,On or near MANSFIELD CRESCENT,E01033260,Doncaster 014F,Investigation complete; no suspect identified
80ed4043165ea3772c33c37d521d9bc7b4bd0b630323803e674c2d6e719fcb32,2021-03,South Yorkshire Police,South Yorkshire Police,-1.028432,53.590975,On or near Supermarket,E01007626,Doncaster 004B,Suspect charged
cbbfcae7f75fbd2921c96ddcfa6986747cb89b234d8c22cb061c8d06953c4512,2021-03,South Yorkshire Police,South Yorkshire Police,-1.495566,53.399146,On or near VICTOR STREET,E01008161,Sheffield 026E,Suspect charged
5ca0777bf750b53671e7e31b2ec90556cd7d4af61a572575077be323c00d45b0,2021-03,South Yorkshire Police,South Yorkshire Police,-1.144489,53.547709,On or near Police Station,E01007508,Doncaster 010B,Unable to prosecute suspect
7ea650ff804c8dd1698e64715b7a72eddd2ac7503f6df64fbae0fa779e080a31,2021-03,South Yorkshire Police,South Yorkshire Police,-1.475691,53.321371,On or near LOWEDGES PLACE,E01008083,Sheffield 070C,Unable to prosecute suspect
8340aeb573969a752cc03b1b952dc6fe2ce3fc18d3e58f6b8028dfdaeb78230d,2021-03,South Yorkshire Police,South Yorkshire Police,-1.328853,53.503161,On or near COMMON LANE,E01007820,Rotherham 002D,Unable to prosecute suspect
f0f3774f7b9de8f8bf226b2cef8e5331c548e0c4ce3f45398409c219a39ddee4,2021-03,South Yorkshire Police,South Yorkshire Police,-1.477033,53.415471,On or near MOONSHINE LANE,E01007945,Sheffield 015B,Suspect charged
b10a0e4c41953522e3087ce7490334cb1cdd158669b371cc69d33ce8d4d0421a,2021-03,South Yorkshire Police,South Yorkshire Police,-1.320655,53.545369,On or near CROSS BUTCHER STREET,E01007378,Barnsley 014F,Investigation complete; no suspect identified
23a371ba48908f68007d23e7028307e38c4d3d14fd64a6ec930267bda5664267,2021-03,South Yorkshire Police,South Yorkshire Police,-1.161032,53.504123,On or near RANYARD ROAD,E01007496,Doncaster 029A,Investigation complete; no suspect identified
c5daee4cd91c7f1b85ced4e72ee64bd377dbc235f4cda33dc0953506b23dfe1c,2021-03,South Yorkshire Police,South Yorkshire Police,-1.439377,53.555917,On or near HARWOOD TERRACE,E01007403,Barnsley 011C,Suspect charged
c5daee4cd91c7f1b85ced4e72ee64bd377dbc235f4cda33dc0953506b23dfe1c,2021-03,South Yorkshire Police,South Yorkshire Police,-1.439377,53.555917,On or near HARWOOD TERRACE,E01007403,Barnsley 011C,Suspect charged
cae65a2da9a49814500ef85d570ab0f0182d3608043886f067e5b10e806026fa,2021-03,South Yorkshire Police,South Yorkshire Police,-1.128763,53.522670,On or near PRINCE'S STREET,E01007645,Doncaster 022E,Investigation complete; no suspect identified
d788ef24ce56d2de72b281c5c7f8838f8e1353e5942466652915eb5d014028a1,2021-03,South Yorkshire Police,South Yorkshire Police,-1.128763,53.522670,On or near PRINCE'S STREET,E01007645,Doncaster 022E,Investigation complete; no suspect identified
2622ca881d084d8199fbe920ce4de4a3c7e845508462c9e1f7fcb029400a0ac3,2021-03,South Yorkshire Police,South Yorkshire Police,-1.320511,53.418512,On or near WICKERSLEY ROAD,E01007709,Rotherham 021B,Investigation complete; no suspect identified
231df0f0d917c83626afabbef5648971f9d31b6d5a3b3f29bbc487f781fa5b2a,2021-03,South Yorkshire Police,South Yorkshire Police,-1.566206,53.479125,On or near TRUMAN GROVE,E01008143,Sheffield 002B,Local resolution
95b4bc376f203db86d09e2d295283d8c826356b04cf3437a5b52f95f3f7be1a9,2021-03,South Yorkshire Police,South Yorkshire Police,-1.471487,53.344498,On or near DERBYSHIRE LANE,E01007830,Sheffield 064B,Investigation complete; no suspect identified
5c7de9e1ae2d992f5677e9916544b4344f43915d5d58dc2ba92f68d9177b181f,2021-03,South Yorkshire Police,South Yorkshire Police,-1.493139,53.369248,On or near Supermarket,E01007864,Sheffield 036D,Suspect charged
55b501766de826ddc5f1ec1e7e6c39fe4a5a7b7d20fa00f23b539b64949a8456,2021-03,South Yorkshire Police,South Yorkshire Police,-1.176064,53.579480,On or near STATION ROAD,E01007473,Doncaster 005E,Unable to prosecute suspect
d2fa2f146c4f667748bbebd2f5f1fef481ae0bce6bcba46cc8d36f67acf4c941,2021-03,South Yorkshire Police,South Yorkshire Police,-1.109257,53.530733,On or near Hospital,E01007567,Doncaster 018D,Investigation complete; no suspect identified
4a098ad0ad0c17f7b9ed7a2e50bb6431d8cea6daad6c682b6fdfcf7cc9e70127,2021-03,South Yorkshire Police,South Yorkshire Police,-0.970162,53.544268,On or near Prison,E01007557,Doncaster 008B,Action to be taken by another organisation
3e54a3f0f8c29f5c906d19bf9d3ce0ea074e7f9632c7e6981e22a00ca326794b,2021-03,South Yorkshire Police,South Yorkshire Police,-1.501886,53.393716,On or near Supermarket,E01008153,Sheffield 024B,Investigation complete; no suspect identified
93659844c8eb49ae5f7f629d04a967fd5e26acab95dd0c28f4d668475e100f86,2021-03,South Yorkshire Police,South Yorkshire Police,-1.430436,53.392975,On or near SHIRLAND LANE,E01033269,Sheffield 022G,Investigation complete; no suspect identified
3b279da320209c33f9aa9284c1fa9dddd754d2064fd178d408fa1ed0ff7141c9,2021-03,South Yorkshire Police,South Yorkshire Police,-1.112754,53.515694,On or near CLUMBER ROAD,E01007643,Doncaster 022D,Investigation complete; no suspect identified
6bf8fa88e6c552ec8e561ab260c6db70f459f87bcf7e547d56c6499248525434,2021-03,South Yorkshire Police,South Yorkshire Police,-1.455711,53.440400,On or near Sports/Recreation Area,E01008135,Sheffield 005C,Investigation complete; no suspect identified
601777c3aff4b315a5ee120df1c1d0ad1912d9b59814d234c5a38d2a7c656aee,2021-03,South Yorkshire Police,South Yorkshire Police,-1.112754,53.515694,On or near CLUMBER ROAD,E01007643,Doncaster 022D,Investigation complete; no suspect identified
e6c92fab376e3a5ab9e210effa7317dd7649ffe0e79a41ff36e88dfc761404b0,2021-03,South Yorkshire Police,South Yorkshire Police,-1.349523,53.438134,On or near ERSKINE ROAD,E01007768,Rotherham 014D,Unable to prosecute suspect
558d74a5220d6f99515d66d7725db0552ca1594005aaa622177624c24cdc91e3,2021-03,South Yorkshire Police,South Yorkshire Police,-1.492080,53.468353,On or near ACRE GATE,E01007888,Sheffield 003A,Investigation complete; no suspect identified
a7aaf0f91ce20458c5954a742f7560f6ca40d56b7613de4e2731ea7ec047bfcf,2021-03,South Yorkshire Police,South Yorkshire Police,-1.314857,53.370552,On or near WHARTON AVENUE,E01007668,Rotherham 030B,Local resolution
caeeca042dd67689b292f39e05e8b8de2ea75250a122db7a7de55fe895e5b7f3,2021-03,South Yorkshire Police,South Yorkshire Police,-0.970162,53.544268,On or near Prison,E01007557,Doncaster 008B,Action to be taken by another organisation
ac9e25a16ffdf4d14b7644c4124aec410c45f59fbbe2853fe8f1e44477eb25a1,2021-03,South Yorkshire Police,South Yorkshire Police,-1.448370,53.419009,On or near Supermarket,E01008062,Sheffield 013E,Investigation complete; no suspect identified
73ec012a6e803fa75b999d1d7a3e60a85d4b937382c2427934dccae2d8bfc4b4,2021-03,South Yorkshire Police,South Yorkshire Police,-1.448370,53.419009,On or near Supermarket,E01008062,Sheffield 013E,Investigation complete; no suspect identified
1fb0b8a5960f5d218df27841c3c468286d8b1d0a5261f31caedc4b350afa40c1,2021-03,South Yorkshire Police,South Yorkshire Police,-1.148256,53.552518,On or near HUNTINGTON STREET,E01007509,Doncaster 010C,Investigation complete; no suspect identified
02614391421a68c8ed71abc8133e5e068a1d6fdf70b43ba9985db8c7a2532f87,2021-03,South Yorkshire Police,South Yorkshire Police,-1.463978,53.570564,On or near BELMONT AVENUE,E01032550,Barnsley 010G,Unable to prosecute suspect
a61e1e8df0423add4f4e2c7b29591f63c12bbda91d432cb7b70fdf5ddfd9423d,2021-03,South Yorkshire Police,South Yorkshire Police,-1.473814,53.380005,On or near CARVER STREET,E01033265,Sheffield 074C,Investigation complete; no suspect identified
6fadf142e426c9e91379962e750dae85a489ce5c171a563b3d3e98c0e0e52c12,2021-03,South Yorkshire Police,South Yorkshire Police,-1.463978,53.570564,On or near BELMONT AVENUE,E01032550,Barnsley 010G,Unable to prosecute suspect
07a5a1fe0da7b8ceb09d6cdf96c7cacbe7fc1781f0baddca4919bf4bc741a8e7,2021-03,South Yorkshire Police,South Yorkshire Police,-1.386586,53.352200,On or near SCOWERDONS CLOSE,E01033279,Sheffield 076F,Suspect charged
61dbe9673b6bf49ff36a72547f1585f9cc513fcb4ecda976627746b436a04924,2021-03,South Yorkshire Police,South Yorkshire Police,-1.403109,53.519014,On or near WINDERS PLACE,E01007451,Barnsley 026A,Unable to prosecute suspect
f7f9fd0467774e9540f308ca7fb83f130cbbc3a9fd1e307bf05a906a208658a0,2021-03,South Yorkshire Police,South Yorkshire Police,-1.419700,53.345400,On or near LISTER DRIVE,E01007846,Sheffield 062D,Local resolution
97fab695f9448d9f15030dddb03a14449a20a713d6344d5ea855af3566e8ff4c,2021-03,South Yorkshire Police,South Yorkshire Police,-1.448370,53.419009,On or near Supermarket,E01008062,Sheffield 013E,Investigation complete; no suspect identified
dff001b8f3b1ef3509daa6eafecaba55e97683d2051af74156274c4d651e4b65,2021-03,South Yorkshire Police,South Yorkshire Police,-1.317236,53.529962,On or near EDWARD ROAD,E01007371,Barnsley 022C,Investigation complete; no suspect identified
d646c0e2c4c971821129b9cf91524757a3cc294ae11560291f22a483687eca77,2021-03,South Yorkshire Police,South Yorkshire Police,-1.484816,53.358975,On or near SHELDON ROAD,E01008052,Sheffield 050F,Investigation complete; no suspect identified
c84afb156252ad177583a9b308b8dbf751251416b6e3fcbb95483f7137f787f3,2021-03,South Yorkshire Police,South Yorkshire Police,-1.356503,53.500238,On or near MICHAEL CROFT,E01007822,Rotherham 002F,Local resolution
ddc7db0b33c75203bc0b06c984ddff55f6388daffab7b0612cc1f0b70edae58a,2021-03,South Yorkshire Police,South Yorkshire Police,-1.345544,53.504062,On or near Supermarket,E01007822,Rotherham 002F,Investigation complete; no suspect identified
b284c77e8355e6d710dd4f7504cac0af93378402bffeab07ac9301b14eacba84,2021-03,South Yorkshire Police,South Yorkshire Police,-1.437386,53.359704,On or near Supermarket,E01008102,Sheffield 048C,Investigation complete; no suspect identified
42d9ff83a51d0355001cf607488cc6bd4386ddb795e536bade14300b3bd5ff15,2021-03,South Yorkshire Police,South Yorkshire Police,-1.254927,53.471640,On or near FIRSBY LANE,E01007541,Doncaster 035E,Investigation complete; no suspect identified
8f341ea550e9b9f2b517ee09f5b09d6420e5e2e617830f9f06fb85b792ed0785,2021-03,South Yorkshire Police,South Yorkshire Police,-1.531174,53.366842,On or near Petrol Station,E01007865,Sheffield 038D,Investigation complete; no suspect identified
17cb297fdb4ec345809597cf439b59ee7474846483072fd336895a4d666bf1c4,2021-03,South Yorkshire Police,South Yorkshire Police,-1.130363,53.526322,On or near HARRINGTON STREET,E01007655,Doncaster 022F,Investigation complete; no suspect identified
a2ad72a1c46963405966651a7e67076ef0e1e76dea8fa9121e4a76eee3eaaa8f,2021-03,South Yorkshire Police,South Yorkshire Police,-1.284477,53.341223,On or near THE SQUARE,E01007751,Rotherham 033C,Unable to prosecute suspect
441b4ee62f532aa4694c3f8186a812e897b2809cf600555bfc51d14958d7e80e,2021-03,South Yorkshire Police,South Yorkshire Police,-0.973170,53.546550,On or near VULCAN WAY,E01007557,Doncaster 008B,Action to be taken by another organisation
6aefe220fa44b88fc03445aecd056fb0474f2a10152cffa78c5692036b8ca4a9,2021-03,South Yorkshire Police,South Yorkshire Police,-1.254927,53.471640,On or near FIRSBY LANE,E01007541,Doncaster 035E,Investigation complete; no suspect identified
eb4cf761a709d78fdf4a1fa31861b9487ba9f41dfbf273467fd8e0d69158b325,2021-03,South Yorkshire Police,South Yorkshire Police,-1.503010,53.394036,On or near ORCHARD ROAD,E01008153,Sheffield 024B,Unable to prosecute suspect
60c91fb635db91587a9dfa767cfaf1d9edb323df8302286b393c21eb7bc38cb6,2021-03,South Yorkshire Police,South Yorkshire Police,-1.150724,53.529497,On or near MAYFIELD ROAD,E01007584,Doncaster 021A,Action to be taken by another organisation
6757b415deb3f6ac7b5493d103535169f892709b7748bb9adf89b11cd903347c,2021-03,South Yorkshire Police,South Yorkshire Police,-1.503363,53.428266,On or near EDGE WELL DRIVE,E01008086,Sheffield 009B,Unable to prosecute suspect
638495616a963ac9e63cc8e1a2d80db25c221c6628b01df6eaf90acabba1e2f4,2021-03,South Yorkshire Police,South Yorkshire Police,-1.503363,53.428266,On or near EDGE WELL DRIVE,E01008086,Sheffield 009B,Unable to prosecute suspect
38a16e2495247407ad2426e259b9667e28d8eba60e5ce3a11ffff203a4cafb74,2021-03,South Yorkshire Police,South Yorkshire Police,-1.096562,53.543842,On or near CROMPTON ROAD,E01007656,Doncaster 015F,Investigation complete; no suspect identified
152f52d082a2059d65dff00c28ff5610312790e2523da0315e09c776b44957fe,2021-03,South Yorkshire Police,South Yorkshire Police,-1.468492,53.382418,On or near FARGATE,E01033264,Sheffield 073D,Unable to prosecute suspect
1dc64c9a6b61bdd02b4eb8970080c47769a3a92a0a14693f713d949e1c33d91c,2021-03,South Yorkshire Police,South Yorkshire Police,-1.366169,53.358314,On or near BEIGHTON ROAD,E01007969,Sheffield 044B,Investigation complete; no suspect identified
8fcfd34e59ab839de0a7e4335f1b242e4ea2fe28c357cb1c72a9221bb1dd0319,2021-03,South Yorkshire Police,South Yorkshire Police,-1.236723,53.486195,On or near Sports/Recreation Area,E01007542,Doncaster 032B,Action to be taken by another organisation
0d1f9807b99b015a7dd33f2664fb058aff92b16b7a66842835ce23245c080b2c,2021-03,South Yorkshire Police,South Yorkshire Police,,,No location,,,Investigation complete; no suspect identified
ae228d368ccffa195f885dac4d97254e24b6fc0c5a5312d1a941f62c20ed0265,2021-03,South Yorkshire Police,South Yorkshire Police,-1.018938,53.600992,On or near Sports/Recreation Area,E01007627,Doncaster 004C,Unable to prosecute suspect
e082b749d02872570b0b995fbf45d38f97c2f8b6fe929b46f7d4ab826e68bf3c,2021-03,South Yorkshire Police,South Yorkshire Police,-1.018938,53.600992,On or near Sports/Recreation Area,E01007627,Doncaster 004C,Unable to prosecute suspect
92fef34d062f894ab512860bf6799adb959dd5f95b0a3f51b107761154ec843c,2021-03,South Yorkshire Police,South Yorkshire Police,-1.427785,53.355173,On or near RIDGEWAY CESCENT,E01008003,Sheffield 054C,Investigation complete; no suspect identified
897c644b0be0802f4126e45a8d5bcf66f6c983c551cbb6bd59a83a244e6cf2e8,2021-03,South Yorkshire Police,South Yorkshire Police,-1.297440,53.451682,On or near ARRAN HILL,E01007720,Rotherham 010B,Investigation complete; no suspect identified
f61608eac698bf754cc36c34df96a9a6c4e6ae474909b8ec9920c6752bbac72c,2021-03,South Yorkshire Police,South Yorkshire Police,-1.466784,53.373547,On or near LENTON STREET,E01033273,Sheffield 042F,Investigation complete; no suspect identified
9bc55525b8c0826b919de3e7a6b439353fd33a02a6671bb387ee0877fb2bfd6b,2021-03,South Yorkshire Police,South Yorkshire Police,-1.515516,53.403777,On or near FINDON ROAD,E01007996,Sheffield 021E,Unable to prosecute suspect
b151a915de9a59d66f5905d60be642239ac0fba2a71b09701e2a9eabb2dbb5cf,2021-03,South Yorkshire Police,South Yorkshire Police,-1.139017,53.520605,On or near BURNABY STREET,E01007529,Doncaster 022A,Investigation complete; no suspect identified
85d9e628202b3c37898ce228d8f63ab03e0b1ed5491d88a0f9968b58920a91a2,2021-03,South Yorkshire Police,South Yorkshire Police,-1.231208,53.361863,On or near CRAMFIT ROAD,E01007658,Rotherham 032A,Unable to prosecute suspect
07f1a16d3e9b7d1e72792b9134d8969c7434ffa9d3784841aa8efce02a02ba12,2021-03,South Yorkshire Police,South Yorkshire Police,-1.454931,53.597713,On or near NEW STREET,E01007434,Barnsley 001A,Suspect charged
09521c02fd21daf88572d553a2f3db25f0de77ad72dd22a07211afec385aa80c,2021-03,South Yorkshire Police,South Yorkshire Police,-1.376901,53.406487,On or near HILL TOP CLOSE,E01007705,Rotherham 025E,Investigation complete; no suspect identified
44397a47ac14957ed97d80a56f1579d155ffaab979120481c72224e541db6725,2021-03,South Yorkshire Police,South Yorkshire Police,-1.064862,53.562025,On or near BRECKS LANE,E01007622,Doncaster 007B,Further action is not in the public interest
f97b3ac24b287b8639bd3d189a03de68c72bde62e905f59904135105e023b69f,2021-03,South Yorkshire Police,South Yorkshire Police,-1.064862,53.562025,On or near BRECKS LANE,E01007622,Doncaster 007B,Further action is not in the public interest
fc5e8ff97fc95851c81fb473242f136453dd8f3e8cd5e3cf9af5d0af6828fabb,2021-03,South Yorkshire Police,South Yorkshire Police,-1.469952,53.416239,On or near EVERINGHAM CLOSE,E01007945,Sheffield 015B,Suspect charged
ae86bd7b40978a893ebc9c51b15766b0cfaf731d4640ef374154abc7b0e8bb8a,2021-03,South Yorkshire Police,South Yorkshire Police,-1.479595,53.384237,On or near Supermarket,E01033261,Sheffield 073A,Investigation complete; no suspect identified
846274a55050f7076cde1b797392d1a765a627490687c71254e5674d88f92245,2021-03,South Yorkshire Police,South Yorkshire Police,-1.494228,53.557554,On or near QUEEN'S AVENUE,E01007441,Barnsley 013E,Investigation complete; no suspect identified
aa64706ceb7638aa74dc5a304e631536cdf01c21fd2e9e95bbb817963c45f2a0,2021-03,South Yorkshire Police,South Yorkshire Police,-1.437386,53.359704,On or near Supermarket,E01008102,Sheffield 048C,Investigation complete; no suspect identified
6a7f752aa08fb3a4fbae2395e8cf88b7c5a73321c35c8662fcd024e5d094d392,2021-03,South Yorkshire Police,South Yorkshire Police,-1.437386,53.359704,On or near Supermarket,E01008102,Sheffield 048C,Investigation complete; no suspect identified
5eec70a8abfe06ec86da7f3128b960c7b88f02b3f30020da69a05a5b29ca2a33,2021-03,South Yorkshire Police,South Yorkshire Police,-1.319753,53.369861,On or near WESTCOTT MEWS,E01007667,Rotherham 030A,Unable to prosecute suspect
14ec321129c81e5cf69e0c8722948c814740312b7faeaf4c94d92f60ef937408,2021-03,South Yorkshire Police,South Yorkshire Police,-1.074644,53.556528,On or near SCOTT CRESCENT,E01007477,Doncaster 011C,Investigation complete; no suspect identified
406be43e24344d5b20f0c19f6cffe17f47acae4781b6e67b33f8d55409bee4cc,2021-03,South Yorkshire Police,South Yorkshire Police,-1.462787,53.411695,On or near NORWOOD GRANGE DRIVE,E01007941,Sheffield 015A,Further investigation is not in the public interest
5b7ebfb250b9a77e4d0113e72944658a0e92a577039e88223bbe3af554a9b791,2021-03,South Yorkshire Police,South Yorkshire Police,-1.025572,53.589828,On or near VICTORIA CLOSE,E01007629,Doncaster 004E,Investigation complete; no suspect identified
07b455d5a945feadff768ad504098b98fca90edc030da7664f4da5b43934c1dc,2021-03,South Yorkshire Police,South Yorkshire Police,-1.520853,53.414720,On or near DYKEWOOD DRIVE,E01033275,Sheffield 008F,Investigation complete; no suspect identified
7c9765fb93a90875ad6cc7475dfe9b7cef09f22eb7efcd461631f7a535453f98,2021-03,South Yorkshire Police,South Yorkshire Police,-1.493139,53.369248,On or near Supermarket,E01007864,Sheffield 036D,Investigation complete; no suspect identified
3b33b8e5743a86f7b7be59ddace0e773049773264a225eb29ea1ae1d1fb4b336,2021-03,South Yorkshire Police,South Yorkshire Police,-1.471512,53.412921,On or near Supermarket,E01007943,Sheffield 019C,Investigation complete; no suspect identified
bbed26d49b27a3aa3660eec83950353c8e727bbb781cbb4cb8b3b150683c24d3,2021-03,South Yorkshire Police,South Yorkshire Police,-1.441596,53.418115,On or near HEATHER ROAD,E01007848,Sheffield 013A,Investigation complete; no suspect identified
cc464c0b239c304ecb2b02c5c78a1400fc1069f2af87b902303da5347b2addf5,2021-03,South Yorkshire Police,South Yorkshire Police,-1.305899,53.472216,On or near SPRINGFIELD ROAD,E01007777,Rotherham 004A,Investigation complete; no suspect identified
bae780153520675f1b4f49aa0ca71940c0c227cb68d3dd1ed84fe75056f59535,2021-03,South Yorkshire Police,South Yorkshire Police,-1.194156,53.419767,On or near MUGLET LANE,E01007760,Rotherham 020D,Investigation complete; no suspect identified
4ae5f1aabfe8c12994853eaae1ce6d0c9be84d75ee351c8f8d0b85af2b5f3a51,2021-03,South Yorkshire Police,South Yorkshire Police,-1.442900,53.546253,On or near SCHOOL STREET,E01007322,Barnsley 015C,Investigation complete; no suspect identified
4b4f1cec16a95dd37d270d70d44a8c0d0c443d3a05da6398cec1b1ffc7ec9e4e,2021-03,South Yorkshire Police,South Yorkshire Police,-1.497673,53.586601,On or near Sports/Recreation Area,E01007362,Barnsley 004D,Investigation complete; no suspect identified
a409cd95ed7b95037c50eaad85e392c5153d1ebc027c26c2c9100bef7cd3ec7a,2021-03,South Yorkshire Police,South Yorkshire Police,-1.479718,53.578741,On or near WAKEFIELD ROAD,E01007324,Barnsley 007B,Suspect charged
d914f8b214a1fe860cd94ea916495c7584d025adabca394fa891136e569d98c4,2021-03,South Yorkshire Police,South Yorkshire Police,,,No location,,,Unable to prosecute suspect
57cb23213f3cbb439fdd87bfba4d20310eedade851d695a5f5de6d029daaf465,2021-03,South Yorkshire Police,South Yorkshire Police,-1.291517,53.501759,On or near EDEN TERRACE,E01007572,Doncaster 031B,Unable to prosecute suspect
ed738e88d51f889b2a33a14f0049c50bcd992ba2c35439f2e3ab2a5ff3dbd519,2021-03,South Yorkshire Police,South Yorkshire Police,-1.446772,53.342733,On or near IRONSIDE CLOSE,E01008076,Sheffield 060C,Further investigation is not in the public interest
ee4580babbb49ec97b3934310b231db7547aeab9f977d73a4b1b76fcf77b3753,2021-03,South Yorkshire Police,South Yorkshire Police,-1.453114,53.377665,On or near ROBINSON ROAD,E01007879,Sheffield 075B,Unable to prosecute suspect
299ebf5791744a1c6ea4e8b6ecd46d66997660147f02a6f7ea60a3dcac7d7d45,2021-03,South Yorkshire Police,South Yorkshire Police,-1.474237,53.378587,On or near WELLINGTON STREET,E01033265,Sheffield 074C,Investigation complete; no suspect identified
407eb1f1966e2910d6f3d8a42da29c4fcfc18665bb3cbe9b1f7873eb66decddd,2021-03,South Yorkshire Police,South Yorkshire Police,-1.392754,53.351657,On or near WICKFIELD PLACE,E01033279,Sheffield 076F,Investigation complete; no suspect identified
0e70cb3de22370dd14b0bc0e5bc4171529c782308bec8ce8d78450594800609d,2021-03,South Yorkshire Police,South Yorkshire Police,-1.592777,53.467381,On or near WALDERS LANE,E01008147,Sheffield 002D,Investigation complete; no suspect identified
e48ef0cad055488e7680dc6f3d59e2cadeab5693bb81a1a914c35478dfe830c7,2021-03,South Yorkshire Police,South Yorkshire Police,-1.093874,53.505728,On or near THEALBY GARDENS,E01007527,Doncaster 027B,Unable to prosecute suspect
b7f9c3b59be1fdeb534c38c9caffacdd31b6c08eb53c69372b16d345847ee719,2021-03,South Yorkshire Police,South Yorkshire Police,-1.093874,53.505728,On or near THEALBY GARDENS,E01007527,Doncaster 027B,Unable to prosecute suspect
844dedbba134dd1d85219449917c056b17fbb3f5a7d07cbbc6d18f22515f0baa,2021-03,South Yorkshire Police,South Yorkshire Police,-1.457971,53.579813,On or near BLAKELEY CLOSE,E01007327,Barnsley 007E,Investigation complete; no suspect identified
1fec183b74902ba1995fa6766d4a0f1a8763bddf4ac8073f7215f26eaf049514,2021-03,South Yorkshire Police,South Yorkshire Police,-1.477016,53.550407,On or near Pedestrian Subway,E01007340,Barnsley 013B,Investigation complete; no suspect identified
12d605f56f170a05d61e56eb44f403ad035bc6f4514808b61c5e45c31dedb955,2021-03,South Yorkshire Police,South Yorkshire Police,-1.437386,53.359704,On or near Supermarket,E01008102,Sheffield 048C,Investigation complete; no suspect identified
62add30811260a3aa5bfd629c4d07d816c2042a662c370e9d441fe2b23ec099d,2021-03,South Yorkshire Police,South Yorkshire Police,-1.414312,53.375773,On or near Pedestrian Subway,E01008017,Sheffield 039E,Local resolution
6ece24af36f962888609f3f297788cae3ea7ab47feda071b813afd85c88aebdf,2021-03,South Yorkshire Police,South Yorkshire Police,-1.460099,53.373247,On or near Park/Open Space,E01008095,Sheffield 043A,Investigation complete; no suspect identified
f233b48dc13c507c0deded92cc4973daa81f92507d773476158ab08fda98e747,2021-03,South Yorkshire Police,South Yorkshire Police,-1.146810,53.497569,On or near Hospital,E01007502,Doncaster 028C,Unable to prosecute suspect
d900c3a345fe0815c449fcac9fa5694e635742e9b282dda27e52e589d9f39d1e,2021-03,South Yorkshire Police,South Yorkshire Police,-1.461024,53.335697,On or near NORTON CHURCH GLEBE,E01008078,Sheffield 064E,Local resolution
a6723df2f522380acd4b00188efd2e7c268529ce6b9f1dcd4213089571a739b4,2021-03,South Yorkshire Police,South Yorkshire Police,-1.423005,53.389883,On or near SHIRLAND MEWS,E01007905,Sheffield 027C,Investigation complete; no suspect identified
5954063fc011b39a4ac8b2e80618f4ea78f4ace8cb47aa917f9f60bb454335da,2021-03,South Yorkshire Police,South Yorkshire Police,-1.414312,53.375773,On or near Pedestrian Subway,E01008017,Sheffield 039E,Local resolution
5e8a2d6d277c03ccdd19d6374ec4b54c0f71fd7fcd9da6672cdd7990e5937e36,2021-03,South Yorkshire Police,South Yorkshire Police,-1.056194,53.492852,On or near PLANTATION AVENUE,E01007606,Doncaster 027D,Investigation complete; no suspect identified
a2dc7966dc01464284a4151e87899caa28510cbb030ef547b3628b30d78b2d6c,2021-03,South Yorkshire Police,South Yorkshire Police,-1.380011,53.509126,On or near KNOLLBECK AVENUE,E01007694,Rotherham 001B,Investigation complete; no suspect identified
f34a82cd545c2e0521261735dfa820edcf004cd33c8921b6ff9cdc6b41473fc9,2021-03,South Yorkshire Police,South Yorkshire Police,-1.463057,53.360371,On or near HEELEY GREEN,E01007976,Sheffield 051B,Suspect charged
d109370808a0112db3c102714c9c939bd804a70e0635d03ff5758981049a6b73,2021-03,South Yorkshire Police,South Yorkshire Police,-1.513500,53.385324,On or near STANNINGTON VIEW ROAD,E01008159,Sheffield 029D,Investigation complete; no suspect identified
dfab527cf3f5203b7549d8170960da850626af2e0306dff72b447b9ee41818fc,2021-03,South Yorkshire Police,South Yorkshire Police,-1.439969,53.434278,On or near THE RAVINE,E01008054,Sheffield 007B,Unable to prosecute suspect
4a0e6a078302b764b062327a396f7a8a5930a6ab21ce28b417b580a753848491,2021-03,South Yorkshire Police,South Yorkshire Police,-1.439969,53.434278,On or near THE RAVINE,E01008054,Sheffield 007B,Unable to prosecute suspect
6ee812006a042264bed430607f3ea0927abbe158ce353b8b9b11bef25aa70cdd,2021-03,South Yorkshire Police,South Yorkshire Police,-1.486542,53.367926,On or near GRANGE CRESCENT ROAD,E01008111,Sheffield 040D,Investigation complete; no suspect identified
9d045b93766c77e72a4d0d895b08e1352cc5483ccb76ec8c15136d1bad1cd077,2021-03,South Yorkshire Police,South Yorkshire Police,-1.469988,53.344258,On or near MOUNT VIEW AVENUE,E01007830,Sheffield 064B,Investigation complete; no suspect identified
b8579ab9ff18b5342f53a9b800cec8f63828b40c012484ad99c58069640b6f59,2021-03,South Yorkshire Police,South Yorkshire Police,-1.361124,53.429451,On or near MAIN STREET,E01007714,Rotherham 017B,Further investigation is not in the public interest
4d5a3d3780a987358e389b755d2fd52f9a97b262a9b51aceca3dcfa379b04e49,2021-03,South Yorkshire Police,South Yorkshire Police,-1.533495,53.390986,On or near HALL PARK HILL,E01008133,Sheffield 023E,Investigation complete; no suspect identified
fccc124e11b724115d1f4ab653afcfd3f8e1c9b9415045e0981d3bb3de5ac2d1,2021-03,South Yorkshire Police,South Yorkshire Police,,,No location,,,Unable to prosecute suspect
d2911a96e4a766d1b888cfae4b8137ec6d85bcbc4117d233b8109ef220f030fb,2021-03,South Yorkshire Police,South Yorkshire Police,-1.474338,53.469301,On or near HEYHOUSE DRIVE,E01007889,Sheffield 004B,Unable to prosecute suspect
ef4db7a446a40bd654b9caa9be5b3daf3a9bc1d3e06949ce8199ded5b8f4c2f8,2021-03,South Yorkshire Police,South Yorkshire Police,-1.506072,53.401042,On or near HOLME LANE,E01008161,Sheffield 026E,Unable to prosecute suspect
6bf92e041ab81acb0c5b1d15d5e1fc15f4690902baa556d5680853bf0e94f782,2021-03,South Yorkshire Police,South Yorkshire Police,-1.145018,53.530455,On or near BENTLEY ROAD,E01007517,Doncaster 013D,Unable to prosecute suspect
ed2de289991b0adb89c2e3cf742b577a67d2a4e6ab0e94d6b3ce0f9689271460,2021-03,South Yorkshire Police,South Yorkshire Police,-1.137529,53.523300,On or near Shopping Area,E01007645,Doncaster 022E,Unable to prosecute suspect
a1c45d03eec12ce6206c4273bfadee80959af6ac8fa3aa7958093aa5dbeea595,2021-03,South Yorkshire Police,South Yorkshire Police,-1.145018,53.530455,On or near BENTLEY ROAD,E01007517,Doncaster 013D,Unable to prosecute suspect
4695a690e588e42f1db8a8b13686eefae9fda969f788506db320a13ecce51e0c,2021-03,South Yorkshire Police,South Yorkshire Police,-1.360529,53.472081,On or near WHITFIELD ROAD,E01007779,Rotherham 005B,Investigation complete; no suspect identified
fe6064243f8db00c67bb6ef78548bcfbbb585e47f83fe23e74994b7c33985c5f,2021-03,South Yorkshire Police,South Yorkshire Police,-1.361124,53.429451,On or near MAIN STREET,E01007714,Rotherham 017B,Further investigation is not in the public interest
5ef3f23b5c7ddfb8f8dceb8e0f6de5422f049695eb443878afab5d62a63c1178,2021-03,South Yorkshire Police,South Yorkshire Police,-1.149983,53.532611,On or near Petrol Station,E01007517,Doncaster 013D,Investigation complete; no suspect identified
01d696e846adefc0c458fbcbb37c9c196a2627e526e4a38b18abe669e7a76af8,2021-03,South Yorkshire Police,South Yorkshire Police,-1.364043,53.407318,On or near HIGHLOW VIEW,E01007702,Rotherham 025B,Unable to prosecute suspect
218d59ef30e95c1d5d2c97c31278971c088bdc692495fd2d9d16bbd3d55a5eb1,2021-03,South Yorkshire Police,South Yorkshire Police,-1.339960,53.345021,On or near NEWBOULD CRESCENT,E01008030,Sheffield 063A,Unable to prosecute suspect
ba7e4f577430d7ee3f975513bb638b9250c0173a50a9f14e28da7926ccf22013,2021-03,South Yorkshire Police,South Yorkshire Police,-1.420097,53.361491,On or near KILVINGTON ROAD,E01008010,Sheffield 052E,Investigation complete; no suspect identified
4b0d940d57ea3c2abf166bf422b043f51959c0a76afb2813c45f17f0c4abb3bc,2021-03,South Yorkshire Police,South Yorkshire Police,-1.144689,53.513814,On or near FIRTH STREET,E01007533,Doncaster 023C,Investigation complete; no suspect identified
004cefb2cb355711c3c33e6f0b7361a10e36960d4af9d885d4cacb15f417e7b7,2021-03,South Yorkshire Police,South Yorkshire Police,-1.127228,53.525454,On or near VAUGHAN AVENUE,E01007648,Doncaster 019D,Investigation complete; no suspect identified
0668fa3cd3c827d6631a985488bb36ff1b0536d9186b49d166b2099b2ec1ce20,2021-03,South Yorkshire Police,South Yorkshire Police,-1.493272,53.346624,On or near Supermarket,E01007829,Sheffield 059B,Investigation complete; no suspect identified
24d199a3174798ff408d5332fee05a2ba16481e438774861aa247bdaa8c24944,2021-03,South Yorkshire Police,South Yorkshire Police,-1.132540,53.517960,On or near TRAFFORD WAY,E01007530,Doncaster 022B,Suspect charged
5831ace4439c0505989a12f261ad5fa98f0a020522d1721bb1842fda8b7cc727,2021-03,South Yorkshire Police,South Yorkshire Police,-1.132540,53.517960,On or near TRAFFORD WAY,E01007530,Doncaster 022B,Suspect charged
d98c36ef6dd7ebc7e5bddd909228de50f0b56a90a2333cb4a1aa985b4ad11649,2021-03,South Yorkshire Police,South Yorkshire Police,-1.476438,53.373239,On or near Pedestrian Subway,E01033271,Sheffield 040E,Investigation complete; no suspect identified
ca05bb5225339ef410ce515727da038a67c2d1b770afd97dc5539114a844c9b3,2021-03,South Yorkshire Police,South Yorkshire Police,-1.429108,53.363018,On or near LEONARD CLOSE,E01008013,Sheffield 039C,Offender given penalty notice
7dd9153d0b7b3b6e02be946bc135ee7629a8ca393b883ca0af6cdc1edfff4194,2021-03,South Yorkshire Police,South Yorkshire Police,-1.472564,53.376575,On or near Shopping Area,E01033274,Sheffield 042G,Investigation complete; no suspect identified
388bfff98f8627627fac4c38b507b306158b87d2b42fa2fba1d4073b321d319e,2021-03,South Yorkshire Police,South Yorkshire Police,-1.348634,53.427361,On or near PINFOLD LANE,E01007767,Rotherham 017C,Unable to prosecute suspect
3a1f6002aee9a598e3298d3ea2b327b267ef12c3936d67af0700285f2d401b5f,2021-03,South Yorkshire Police,South Yorkshire Police,-1.447198,53.362033,On or near FRAMLINGHAM ROAD,E01008100,Sheffield 048B,Unable to prosecute suspect
863bf991a3e090d18c42dd432f1c3d20bd6047ce8d9fa1cb89c45e250df31262,2021-03,South Yorkshire Police,South Yorkshire Police,,,No location,,,Unable to prosecute suspect
456e871f622929cb7b846f231fac7c3d8f47f65259e2afaa1f8bf24f05fa4b72,2021-03,South Yorkshire Police,South Yorkshire Police,-1.491403,53.560284,On or near WESTVILLE ROAD,E01007409,Barnsley 010D,Investigation complete; no suspect identified
b75f878c94f1c89028fc0f79f3c6d4bb9d9b76131cbeff84cfcd8f1ed6307365,2021-03,South Yorkshire Police,South Yorkshire Police,-1.411181,53.367335,On or near CASTLEBECK AVENUE,E01008009,Sheffield 045E,Investigation complete; no suspect identified
84941dbffac41ce1ead983daf9d2f84e8f4ba7edc079ff50457b2bf0169fb4a9,2021-03,South Yorkshire Police,South Yorkshire Police,-1.354342,53.434017,On or near Pedestrian Subway,E01007714,Rotherham 017B,Unable to prosecute suspect
872abdfeaca4f05693f4df609699edbd6a5bb3278644f80f0ce379be7cb1efb9,2021-03,South Yorkshire Police,South Yorkshire Police,-1.224554,53.499024,On or near INGS ROAD,E01007620,Doncaster 020D,Investigation complete; no suspect identified
0ded2d85aec27060f09141453345eb58e3a5dbd9b15e7162bcbd3dc3d33c2fe1,2021-03,South Yorkshire Police,South Yorkshire Police,-1.198083,53.419785,On or near EARL AVENUE,E01007763,Rotherham 020E,Investigation complete; no suspect identified
5936154cef4653ffd7303a05c668cffb37477520ea44b7a952960a47327b7511,2021-03,South Yorkshire Police,South Yorkshire Police,-1.493139,53.369248,On or near Supermarket,E01007864,Sheffield 036D,Investigation complete; no suspect identified
970c120c1f0f5dd746ad0281a1d9ffb390ab9f025eb7d40395888da17a63271a,2021-03,South Yorkshire Police,South Yorkshire Police,-1.490922,53.492095,On or near WENTWORTH WAY,E01007424,Barnsley 028E,Investigation complete; no suspect identified
545a5829b2a9ddf145006d4730d86298a17c71e66f37eaa0f997d7db7d1f2ddc,2021-03,South Yorkshire Police,South Yorkshire Police,-1.316689,53.439200,On or near LAUDSDALE ROAD,E01007723,Rotherham 013A,Unable to prosecute suspect
d50fbfffce7cf25a4b36e06e148f53372e7a55602058d6677988943292330dd0,2021-03,South Yorkshire Police,South Yorkshire Police,-1.166114,53.538639,On or near YORK ROAD,E01007512,Doncaster 012A,Investigation complete; no suspect identified
9f214fdfd7f796a37aed6e26456479484005a3abbb948466e34c32905dcd824c,2021-03,South Yorkshire Police,South Yorkshire Police,-1.343842,53.503010,On or near NORTHSIDE ROAD,E01007822,Rotherham 002F,Investigation complete; no suspect identified
9a8325025497dff97b96b75b665d0668901558d652734af0ac8e7e8826799eb0,2021-03,South Yorkshire Police,South Yorkshire Police,-1.463057,53.360371,On or near HEELEY GREEN,E01007976,Sheffield 051B,Unable to prosecute suspect
57e773e44d3976fa7fdfeae2358baa6b340fc6141975ebdc88e7be16759365ae,2021-03,South Yorkshire Police,South Yorkshire Police,-1.172483,53.595788,On or near NORTH PARK LANE,E01007488,Doncaster 002B,Investigation complete; no suspect identified
f4875425fe5b30e7eacfeb6a4eaf6a6c3413eac2576dbaa79bc0761f01170195,2021-03,South Yorkshire Police,South Yorkshire Police,-0.957322,53.607986,On or near SOUTHFIELD ROAD,E01007638,Doncaster 003C,Investigation complete; no suspect identified
83e02fd823393953529b6e1dc109070ccc9ede5997515f65c2b77b1fdc07acad,2021-03,South Yorkshire Police,South Yorkshire Police,-1.444240,53.382640,On or near MALTRAVERS PLACE,E01007885,Sheffield 075E,Investigation complete; no suspect identified
75ee268ff2e65ad8e64f7a3de047dae9034b4b9e97b99bc8365a2a530b6e6bd9,2021-03,South Yorkshire Police,South Yorkshire Police,-1.452519,53.541156,On or near LAVENDER COURT,E01007318,Barnsley 018B,Investigation complete; no suspect identified
37a9f2d139b8ac1ae5ee86640bbbeaa02447bac337a659d219382a600e5f3eac,2021-03,South Yorkshire Police,South Yorkshire Police,-1.527616,53.318864,On or near AKLEY BANK CLOSE,E01007923,Sheffield 068C,Investigation complete; no suspect identified
893ef4f5d3953fe3ddcf426a7347a8b405c855a44646ba06a2e8ca013244bd1a,2021-03,South Yorkshire Police,South Yorkshire Police,-1.429470,53.375271,On or near Supermarket,E01008015,Sheffield 039D,Unable to prosecute suspect
fbfcde386438265db8e2519549f4fb1508bf9a7765170991c6acd4c538514bc0,2021-03,South Yorkshire Police,South Yorkshire Police,-1.507154,53.376309,On or near CHESTERWOOD DRIVE,E01007868,Sheffield 030C,Further action is not in the public interest
7d031280e9946084afb614c30f99494f6f076a33fc8c4e7c12ec2669c3549248,2021-03,South Yorkshire Police,South Yorkshire Police,-1.482175,53.558132,On or near CAXTON STREET,E01007409,Barnsley 010D,Investigation complete; no suspect identified
08a31aa1a47df52e5128964c5b4eaad054e043c29f4b9bb7b876faab4bb64bfa,2021-03,South Yorkshire Police,South Yorkshire Police,-1.194472,53.423778,On or near WALTERS ROAD,E01007759,Rotherham 020C,Unable to prosecute suspect
c88ff1196948783edc760eda44bc1a6bec2bcf08af8bf977992d8fbf562bb802,2021-03,South Yorkshire Police,South Yorkshire Police,-1.477720,53.321155,On or near LOWEDGES DRIVE,E01008083,Sheffield 070C,Investigation complete; no suspect identified
3787659bfc431188c9be937a7c285a89a8f34cb390f84f769e8ff400bba3b344,2021-03,South Yorkshire Police,South Yorkshire Police,-1.273544,53.409184,On or near MOATLANDS,E01007690,Rotherham 022D,Unable to prosecute suspect
5527ec07018e764ccf57c8ad4ddf1d701aefba023c0abb3e426730a47b8adcee,2021-03,South Yorkshire Police,South Yorkshire Police,-1.461024,53.335697,On or near NORTON CHURCH GLEBE,E01008078,Sheffield 064E,Investigation complete; no suspect identified
512425e1088059eb9d257ecd7e983c55bb612bad8804a0efba87ea6d9bae5343,2021-03,South Yorkshire Police,South Yorkshire Police,-1.016564,53.577000,On or near SHEEP DIP LANE,E01007555,Doncaster 006B,Investigation complete; no suspect identified
66d06f6214ecfa309410bd9919847e8b2ef2e8dae0edeb17766270bd77cafa82,2021-03,South Yorkshire Police,South Yorkshire Police,-1.459404,53.390188,On or near SPITAL HILL,E01033270,Sheffield 022H,Investigation complete; no suspect identified
855c9547a98a021c99f64bc7ee1b327934a279bdf69758f867af23054263fd7e,2021-03,South Yorkshire Police,South Yorkshire Police,-1.449206,53.374115,On or near TYLNEY ROAD,E01007882,Sheffield 075D,Investigation complete; no suspect identified
1c8e258dedc1937c67500ef7c4fae58d10756861a1655dd262b1262e0d193a41,2021-03,South Yorkshire Police,South Yorkshire Police,-1.427489,53.360430,On or near CITY ROAD,E01008013,Sheffield 039C,Investigation complete; no suspect identified
1a82cc0769cc7f5e4b6cd17af383dada252d5aed36ca94eb1c5c9a851927770b,2021-03,South Yorkshire Police,South Yorkshire Police,-1.471019,53.406608,On or near Sports/Recreation Area,E01007871,Sheffield 019B,Investigation complete; no suspect identified
6a8d57893c99f40db7e09c1de409bb5734b9a188cff48a3cd05b75395b097599,2021-03,South Yorkshire Police,South Yorkshire Police,-1.435689,53.498355,On or near SOUTHLEA CLOSE,E01007389,Barnsley 030A,Investigation complete; no suspect identified
a0dad9867a163f5fbaf9f640953d47cac01d5b89fde72967ef05647cdb11bfd6,2021-03,South Yorkshire Police,South Yorkshire Police,-1.430715,53.364221,On or near BABINGTON COURT,E01008012,Sheffield 039B,Unable to prosecute suspect
d2108e805ed313989632b849c636633c8d6a1a88bc259190ff5c86bdfa3d2004,2021-03,South Yorkshire Police,South Yorkshire Police,-1.439234,53.359749,On or near ERRINGTON ROAD,E01008102,Sheffield 048C,Investigation complete; no suspect identified
ec9595a6faf00f2c0fec062abdbdf069a26fc0f70645e002f0d60f880ebc03dc,2021-03,South Yorkshire Police,South Yorkshire Police,-1.430647,53.460561,On or near THORPEFIELD CLOSE,E01007808,Rotherham 007E,Investigation complete; no suspect identified
c960bb78c635fb39333007746c211575755cbb62b6d11881b126c46bac4696e1,2021-03,South Yorkshire Police,South Yorkshire Police,-1.028432,53.590975,On or near Supermarket,E01007626,Doncaster 004B,Suspect charged
040b5d4590befda060d55805f74d42ff5af5c3ee5381bc87e85db9fb967c33fe,2021-03,South Yorkshire Police,South Yorkshire Police,-1.378065,53.533934,On or near SOUTH VIEW,E01007352,Barnsley 020E,Suspect charged
2f8da538864a3b842dbb7aa54d6b4da08789dc2d9bb22ce9ea3dbdacd772d56d,2021-03,South Yorkshire Police,South Yorkshire Police,-1.496457,53.565653,On or near WILTHORPE CRESCENT,E01032551,Barnsley 010H,Suspect charged
2f8da538864a3b842dbb7aa54d6b4da08789dc2d9bb22ce9ea3dbdacd772d56d,2021-03,South Yorkshire Police,South Yorkshire Police,-1.496457,53.565653,On or near WILTHORPE CRESCENT,E01032551,Barnsley 010H,Suspect charged
32c6e4bdaa277eb137a72f99d3e24e4d49dd2d52be9a28b39a7e9bf499b0b305,2021-03,South Yorkshire Police,South Yorkshire Police,-1.420426,53.572968,On or near THORNWELL GROVE,E01007346,Barnsley 008C,Unable to prosecute suspect
e42c4cdbc4888e10504991712fe29ba397edb6cf56c99d814845bc1e8c4d76ec,2021-03,South Yorkshire Police,South Yorkshire Police,-1.496457,53.565653,On or near WILTHORPE CRESCENT,E01032551,Barnsley 010H,Suspect charged
a3964b5c04a92abfbd3e4be96493867462bcf5f9183ce42c603dfd13b9471ff1,2021-03,South Yorkshire Police,South Yorkshire Police,-1.209960,53.350479,On or near BELVEDERE CLOSE,E01007660,Rotherham 032B,Investigation complete; no suspect identified
c7c29530a67ae99edfd0acadaa7195e572f56bbfe06b4f9f67afa5b948b33be9,2021-03,South Yorkshire Police,South Yorkshire Police,-0.972635,53.571129,On or near LAUROLD AVENUE,E01007557,Doncaster 008B,Investigation complete; no suspect identified
65fd9fef96de780b41b0f208e824f030f889e9d2150b156751ad23724b641a93,2021-03,South Yorkshire Police,South Yorkshire Police,-1.028432,53.590975,On or near Supermarket,E01007626,Doncaster 004B,Suspect charged
3db4ce41aa72043bd45ce91a730b6843fbb6fb11072dc56d657d7425d95868ba,2021-03,South Yorkshire Police,South Yorkshire Police,-1.442735,53.502442,On or near ST ANDREWS CRESCENT,E01007391,Barnsley 030C,Investigation complete; no suspect identified
c45489ca4d2b0c938d2bc59a120b6840ee6820afd812c99f8eab91a58f7296f7,2021-03,South Yorkshire Police,South Yorkshire Police,-1.182027,53.539711,On or near Parking Area,E01007587,Doncaster 020C,Investigation complete; no suspect identified
a26c20e00c92bd590928b4311986fff6338e3d697c472ce82373fe4e0c6f09ba,2021-03,South Yorkshire Police,South Yorkshire Police,-1.238625,53.489416,On or near THRYBERGH COURT,E01007542,Doncaster 032B,Investigation complete; no suspect identified
8c637afd47fa542a634d9051d5631b35c911cf0f8df4d44b4da7420626e2e4f7,2021-03,South Yorkshire Police,South Yorkshire Police,-1.418623,53.373754,On or near DAWLANDS CLOSE,E01008017,Sheffield 039E,Unable to prosecute suspect
190a527f00c2a9762d50772f91caa664430b5b055f510b5a14e2c32b0ccf949e,2021-03,South Yorkshire Police,South Yorkshire Police,-0.982577,53.586648,On or near Prison,E01007559,Doncaster 008D,Suspect charged
6ebd52c46906bfd62aebb99fed35febb5318c2e69386d5e442f98c895489f2e7,2021-03,South Yorkshire Police,South Yorkshire Police,-1.378065,53.533934,On or near SOUTH VIEW,E01007352,Barnsley 020E,Suspect charged
7eaee7e0191d5ebc8bab8367391db6fa1d27ee477c6dc10334bb9598d4c7956f,2021-03,South Yorkshire Police,South Yorkshire Police,-0.982577,53.586648,On or near Prison,E01007559,Doncaster 008D,Suspect charged
147df7212b60f0b8aed3dc7154715624704c465b8e21a68f8dab6b0dcdfd175f,2021-03,South Yorkshire Police,South Yorkshire Police,-1.442735,53.502442,On or near ST ANDREWS CRESCENT,E01007391,Barnsley 030C,Investigation complete; no suspect identified
b2e84c317b662a0d92b5ab61c208b3fe6a7d86d14879627c814d54dd232abaaf,2021-03,South Yorkshire Police,South Yorkshire Police,-1.364064,53.512755,On or near DEARNE LANE,E01007693,Rotherham 001A,Investigation complete; no suspect identified
0f9b15de18410f9848824be14118c321c39217eb781a41c7463de45e11eb547a,2021-03,South Yorkshire Police,South Yorkshire Police,-1.390308,53.344058,On or near FERN VIEW CLOSE,E01033278,Sheffield 076E,Investigation complete; no suspect identified
c58d8d72f8cebdf37363fd68a4ccb43727511c4ae40e5e1074d2a5c54e0b38f6,2021-03,South Yorkshire Police,South Yorkshire Police,-1.176491,53.539637,On or near ROSEDALE ROAD,E01007588,Doncaster 016C,Investigation complete; no suspect identified
945253fcec7dabb3d697d33d672431c7adbfe2858fae44bea6b2a1212f00d8c6,2021-03,South Yorkshire Police,South Yorkshire Police,-1.617508,53.524845,On or near SHEFFIELD ROAD,E01007430,Barnsley 024D,Investigation complete; no suspect identified
3f5f2fabc466b55db06a507892df05387e26613f3c77adedeb28e6f11b5605af,2021-03,South Yorkshire Police,South Yorkshire Police,-1.519147,53.407252,On or near SEVENFIELDS COURT,E01007993,Sheffield 021C,Investigation complete; no suspect identified
92e798f24d05b2015e405fb48347d8eba074f72b65a87f15fbfe9445b1f82a2d,2021-03,South Yorkshire Police,South Yorkshire Police,-1.467664,53.392158,On or near FOX HILL,E01033269,Sheffield 022G,Unable to prosecute suspect
ed1d47b55eb38f114eb3b1f63c0390b78dd5b97b32e1bcbab9cefa22695531ff,2021-03,South Yorkshire Police,South Yorkshire Police,-1.024050,53.583775,On or near HAZEL ROAD,E01007556,Doncaster 006C,Investigation complete; no suspect identified
15b5b09b52d14a31d277c6aeaf2b395f30012a9c75a1f62687cd095d02a3727e,2021-03,South Yorkshire Police,South Yorkshire Police,-1.508673,53.549858,On or near DALESWOOD AVENUE,E01007442,Barnsley 012E,Unable to prosecute suspect
25d51a54946a40417e966effe6d6499cf18a137bc7de34f0a83480ad17a5bbec,2021-03,South Yorkshire Police,South Yorkshire Police,-1.364043,53.407318,On or near HIGHLOW VIEW,E01007702,Rotherham 025B,Investigation complete; no suspect identified
f7a5846de394c07b7a443696e117c1754a347d3375a68b23377d09e5aa0f23b5,2021-03,South Yorkshire Police,South Yorkshire Police,-1.249671,53.392057,On or near ARBOUR DRIVE,E01007810,Rotherham 026C,Investigation complete; no suspect identified
c888e951c4f5ba7bbeb0eaf36f22a434ec19b86debfe4ce6543dbf2060dfcfcc,2021-03,South Yorkshire Police,South Yorkshire Police,-1.454353,53.377158,On or near GLENCOE PLACE,E01007879,Sheffield 075B,Investigation complete; no suspect identified
9eade876e31fd58f753454cdf61f0b757214e1f166fe69a2ef9bc199ca63921b,2021-03,South Yorkshire Police,South Yorkshire Police,-1.474223,53.374839,On or near CUMBERLAND STREET,E01033274,Sheffield 042G,Investigation complete; no suspect identified
edd56ff371d1b32355fc9499bc99b529c10c3ddb03cefc22e7cc4ca529236038,2021-03,South Yorkshire Police,South Yorkshire Police,-1.219946,53.369610,On or near CHURCH LANE,E01007789,Rotherham 028C,Investigation complete; no suspect identified
234d74224d2b25218050ddd223e1a54fa07a7d578789af5c333d317bfbb376d2,2021-03,South Yorkshire Police,South Yorkshire Police,-1.214624,53.588468,On or near Petrol Station,E01007587,Doncaster 020C,Investigation complete; no suspect identified
923d9eb323fd0db73114ca49a28c96987801c0477aa82489d6fe952ad8e597aa,2021-03,South Yorkshire Police,South Yorkshire Police,-1.109335,53.516927,On or near ST HILDA'S ROAD,E01007644,Doncaster 019A,Investigation complete; no suspect identified
2c4b03f529a93f05ba8561c0a608935656301d5d4dc01e01c4ab7bc43e8b7dd3,2021-03,South Yorkshire Police,South Yorkshire Police,-1.477655,53.537799,On or near HIGHSTONE LANE,E01007460,Barnsley 021C,Unable to prosecute suspect
b9bee5585d195047846227f25ab4d53a43cc0d4f6fb719a91bb7858d8bac6002,2021-03,South Yorkshire Police,South Yorkshire Police,-1.379963,53.449379,On or near ORCHARD FLATTS CRESCENT,E01007730,Rotherham 009C,Unable to prosecute suspect
d75c9830f8bae36703aadb14fd1b963d8b6bfe341d308d55f9186efadecc2178,2021-03,South Yorkshire Police,South Yorkshire Police,-1.492822,53.393391,On or near BURGOYNE ROAD,E01008155,Sheffield 024D,Investigation complete; no suspect identified
e00e184bc196cda18e5431534dbb47b5b97334ae0a1028b43bfd5afd8214bc2f,2021-03,South Yorkshire Police,South Yorkshire Police,-1.476912,53.324693,On or near Sports/Recreation Area,E01008080,Sheffield 069D,Unable to prosecute suspect
c2c078807cafba91f65c45685987cc16a8bfa07b9b1e2df51cee17e7eb5f9a63,2021-03,South Yorkshire Police,South Yorkshire Police,-1.108457,53.532192,On or near SUNNINGDALE ROAD,E01007565,Doncaster 018B,Investigation complete; no suspect identified
da2b428917a76b166c1417114114bdd56d8a546c8197ac3ca9a0a94d03e43f2a,2021-03,South Yorkshire Police,South Yorkshire Police,-1.438859,53.375666,On or near SOUTHEND ROAD,E01007881,Sheffield 075C,Investigation complete; no suspect identified
8fc805b056a74d34b91f814e661528d8fb435c11fd27974a75ad53de24e174e0,2021-03,South Yorkshire Police,South Yorkshire Police,-1.449229,53.431786,On or near SHIREHALL ROAD,E01008057,Sheffield 007D,Unable to prosecute suspect
2e678e1eaaf6ff77ec3ddd2cfc14440727abfa8055fd295e3a08d0f9ae061930,2021-03,South Yorkshire Police,South Yorkshire Police,-1.478493,53.390776,On or near DIXON STREET,E01033263,Sheffield 073C,Investigation complete; no suspect identified
feb4a041ca7f0027d7c1b60fcb49ae19f553156a11ee82126e3a30542ae83b26,2021-03,South Yorkshire Police,South Yorkshire Police,-1.473717,53.467114,On or near SENIORS PLACE,E01007889,Sheffield 004B,Investigation complete; no suspect identified
3ad1a3a1c530fba3ff14cde190b309b0afa61f832484c16f24d44b3ca15bee88,2021-03,South Yorkshire Police,South Yorkshire Police,-1.497630,53.361744,On or near OSBORNE ROAD,E01008048,Sheffield 046D,Unable to prosecute suspect
437bcba80310c51c8b05fd001007df285b450d9c928d6353857f4c8f597a06c1,2021-03,South Yorkshire Police,South Yorkshire Police,-1.354046,53.540844,On or near QUEEN'S AVENUE,E01007349,Barnsley 020B,Unable to prosecute suspect
37abbde6430658473a93a8ad75c1c888630af47af20176f99e739c69857f6e88,2021-03,South Yorkshire Police,South Yorkshire Police,-1.354046,53.540844,On or near QUEEN'S AVENUE,E01007349,Barnsley 020B,Unable to prosecute suspect
03c7e3ddac461ed25e18b15c630a1c987737e8ae176870c303459902dfdf5fd9,2021-03,South Yorkshire Police,South Yorkshire Police,-1.354046,53.540844,On or near QUEEN'S AVENUE,E01007349,Barnsley 020B,Unable to prosecute suspect
707da8845813eb7ea1cd4c5bf25d54e744819a909c167762002822c3d8f9a421,2021-03,South Yorkshire Police,South Yorkshire Police,-1.153681,53.390112,On or near KINGSWOOD CLOSE,E01007788,Rotherham 028B,Investigation complete; no suspect identified
d8a1a5f11a866297e0ebd88ae0b14119a44fa2a44200efaea295cf1e5e7f4cd2,2021-03,South Yorkshire Police,South Yorkshire Police,-1.437386,53.359704,On or near Supermarket,E01008102,Sheffield 048C,Investigation complete; no suspect identified
497165b24d40b11dd11ba77fa7b4dd54bdf71da6c4fd6f6452f3917f0c8ea0c5,2021-03,South Yorkshire Police,South Yorkshire Police,-1.497796,53.355336,On or near BANNERDALE ROAD,E01008043,Sheffield 046A,Investigation complete; no suspect identified
631b8dcebb9b0483d1eebae7499da95adb151ed38c453705d839d4605dc29ded,2021-03,South Yorkshire Police,South Yorkshire Police,-1.437386,53.359704,On or near Supermarket,E01008102,Sheffield 048C,Investigation complete; no suspect identified
d09cf2fb396b2642c1fae172cb3653974d0eeb2b86a10efe5db0d43328033d21,2021-03,South Yorkshire Police,South Yorkshire Police,-1.418701,53.514759,On or near ROCKLEY AVENUE,E01007452,Barnsley 026B,Local resolution
d7074ee0c7f21b3c2c1b37acc6728954838c1f3dca22aa5f0a751490a5cc3dfd,2021-03,South Yorkshire Police,South Yorkshire Police,-1.418701,53.514759,On or near ROCKLEY AVENUE,E01007452,Barnsley 026B,Local resolution
c766e79be62206da3e6beb57d5396dbc3a9d27d16f4c561cb27b2a0958fc724c,2021-03,South Yorkshire Police,South Yorkshire Police,-1.034853,53.593598,On or near OLDFIELD CLOSE,E01007626,Doncaster 004B,Investigation complete; no suspect identified
fb540da6a5d893941a88d12346bc9d2f8b5ba8b107e5b2de67aa4af200bd97f2,2021-03,South Yorkshire Police,South Yorkshire Police,-1.212836,53.385195,On or near DOLESWOOD DRIVE,E01007789,Rotherham 028C,Unable to prosecute suspect
c68ce83c6c88586c8c5288c1cee43b77603ef98e0b73ad9fff5c37b1d6f7b7b9,2021-03,South Yorkshire Police,South Yorkshire Police,,,No location,,,Investigation complete; no suspect identified
b013a2dfd742fc08fd47e1e5c9bb0e59d86ac3241f771f65b4c002cb43a78ddb,2021-03,South Yorkshire Police,South Yorkshire Police,-1.020693,53.581303,On or near HAMPTON ROAD,E01007563,Doncaster 006F,Investigation complete; no suspect identified
8c1803392ce7ee6df7134bc4e49760b1081c25137d99ad152defbb5c6ce28fb4,2021-03,South Yorkshire Police,South Yorkshire Police,-1.488094,53.350036,On or near ARCHER ROAD,E01007929,Sheffield 055C,Suspect charged
183e2f736c6699c269c2d8d7c22ffe00b719ee48f4874907fa9900d789d29431,2021-03,South Yorkshire Police,South Yorkshire Police,-1.461889,53.321858,On or near LINGFOOT AVENUE,E01008081,Sheffield 070A,Local resolution
38d78a72f8ffa3d7a2002bacd714bb3c5b181338655698e9f118bba13cffe0d7,2021-03,South Yorkshire Police,South Yorkshire Police,-1.415015,53.374932,On or near Pedestrian Subway,E01008017,Sheffield 039E,Investigation complete; no suspect identified
b928363c341c4e15f9d3db6f2cbec3ae98221523064c7a022f7356fc4fc5492e,2021-03,South Yorkshire Police,South Yorkshire Police,-1.463858,53.496417,On or near ALLOTT STREET,E01007396,Barnsley 028A,Further action is not in the public interest
29e6450183424212c2d626dc77c04e685833e45dcc86284abcf5b73b95fd51d4,2021-03,South Yorkshire Police,South Yorkshire Police,-0.970162,53.544268,On or near Prison,E01007557,Doncaster 008B,Action to be taken by another organisation
7ed6b4b09422432cbcd91c22a77b1ae3c8a6cb371d8bda7b0222c8f988ccaa13,2021-03,South Yorkshire Police,South Yorkshire Police,-1.315388,53.520100,On or near EDNA STREET,E01007366,Barnsley 025C,Local resolution
b0de66b5dedf6e106c92357e9d57e362f1c8e4268fcccc0abb9599594cce4513,2021-03,South Yorkshire Police,South Yorkshire Police,-1.190332,53.486384,On or near PRINCE'S CRESCENT,E01007547,Doncaster 034B,Further action is not in the public interest
c4db12658c546146ac0bfabc959aa94f53f61aae24919d067ca2b9f7ab87b8a7,2021-03,South Yorkshire Police,South Yorkshire Police,-1.108355,53.516209,On or near ST AGNES' ROAD,E01007644,Doncaster 019A,Investigation complete; no suspect identified
d2b437670e90f538be2132a20e1e3b7f6b3c5e68c8f081e1cee8e3d82ad0ac71,2021-03,South Yorkshire Police,South Yorkshire Police,-1.127416,53.517033,On or near SOMERSET ROAD,E01007645,Doncaster 022E,Suspect charged
d2b437670e90f538be2132a20e1e3b7f6b3c5e68c8f081e1cee8e3d82ad0ac71,2021-03,South Yorkshire Police,South Yorkshire Police,-1.127416,53.517033,On or near SOMERSET ROAD,E01007645,Doncaster 022E,Suspect charged
48a5791dd35d323e29de694d377c14168833f783c0bdb3926e10ecf35bd71373,2021-03,South Yorkshire Police,South Yorkshire Police,-1.355419,53.470319,On or near MARRIOTT PLACE,E01007778,Rotherham 005A,Suspect charged
a3e86f137c09346cf4151fa738f17702623910f1a5d756fa37463b7732b1a102,2021-03,South Yorkshire Police,South Yorkshire Police,-1.393981,53.520272,On or near GOWER STREET,E01032925,Barnsley 026G,Unable to prosecute suspect
0e1a1fa995f750ede0831ddaee3e2879ce6fe48ac4a08fdecb597b237b0ad8c5,2021-03,South Yorkshire Police,South Yorkshire Police,-0.965398,53.613359,On or near WAVERLEY COURT,E01007639,Doncaster 003D,Unable to prosecute suspect
39bc7c16d1ac9c1af20aecbd06a333ce91d428e06d20e1bf43d24167ea1b35d9,2021-03,South Yorkshire Police,South Yorkshire Police,-1.071550,53.558572,On or near PETUNIA ROAD,E01007623,Doncaster 007C,Offender given a caution
c62e87e54d2d410885fe6e0ffb992234fcd8ab091449f2c32037dec9735cc61b,2021-03,South Yorkshire Police,South Yorkshire Police,-0.973170,53.546550,On or near VULCAN WAY,E01007557,Doncaster 008B,Action to be taken by another organisation
1bac037768af0616d50a1b119456605e038a367770fc184173c7b123ac51f06e,2021-03,South Yorkshire Police,South Yorkshire Police,-1.454931,53.597713,On or near NEW STREET,E01007434,Barnsley 001A,Unable to prosecute suspect
d86740214c816e10f34b1662e52b969b175acc1f94605df15f470bc50a4059c1,2021-03,South Yorkshire Police,South Yorkshire Police,-1.319753,53.369861,On or near WESTCOTT MEWS,E01007667,Rotherham 030A,Unable to prosecute suspect
92495c358fcd1da158457f49b4b9fced6c7b737a5f474abd87ceab0b0d904f0e,2021-03,South Yorkshire Police,South Yorkshire Police,-1.444627,53.554944,On or near CHERRYS ROAD,E01007405,Barnsley 011D,Investigation complete; no suspect identified
66a1435fef9ad06b1b73dc447409ec96cced530261c97e126f20c2b105c269db,2021-03,South Yorkshire Police,South Yorkshire Police,-1.512887,53.408791,On or near DUNELLA PLACE,E01007991,Sheffield 016D,Further action is not in the public interest
b3adcb259e3ca8ac709a6555955979ef907ea4cd1d24dce1539f961d3a21ec42,2021-03,South Yorkshire Police,South Yorkshire Police,-1.188878,53.554688,On or near MARKET STREET,E01007507,Doncaster 009G,Unable to prosecute suspect
a311ecb81249cf4979d3b0f82486fddcd4cd0d4d55d58c029772b99d90bb6af9,2021-03,South Yorkshire Police,South Yorkshire Police,-1.399617,53.440536,On or near HUNGERHILL CLOSE,E01007742,Rotherham 015B,Investigation complete; no suspect identified
13fb46695698101fb7ca573a3870406033ff65657bbf1d276dea77be5564003e,2021-03,South Yorkshire Police,South Yorkshire Police,-1.066901,53.479588,On or near ATTERBY DRIVE,E01007598,Doncaster 036D,Local resolution
e874d355e4d6504123d5f7644e27ac953ad19eb373793310552599a91fe0cc18,2021-03,South Yorkshire Police,South Yorkshire Police,-1.371465,53.358881,On or near CROSS DRIVE,E01007970,Sheffield 049D,Suspect charged
c6566401c6b60403403fe3f1120595160497c9b308875f139e84dbc21ce9c4d9,2021-03,South Yorkshire Police,South Yorkshire Police,,,No location,,,Local resolution
7ef9fa745bfd573474554dc9ebb37ac5d52f33de894f1eb7f335e89330d4d71b,2021-03,South Yorkshire Police,South Yorkshire Police,-1.493835,53.430958,On or near COWPER DRIVE,E01008085,Sheffield 009A,Unable to prosecute suspect
dd081df022c781d76051722f16ac7c2f9b11b6ebd072059d5a8554369b330232,2021-03,South Yorkshire Police,South Yorkshire Police,-1.359477,53.505971,On or near WINTERWELL ROAD,E01007693,Rotherham 001A,Investigation complete; no suspect identified
90cc3c2aefcce8bec7201717f840f6d3a43d33ae5a6d12a623723a14140f21db,2021-03,South Yorkshire Police,South Yorkshire Police,-1.489980,53.320327,On or near LOWEDGES ROAD,E01007919,Sheffield 069C,Investigation complete; no suspect identified
ad5b2e320aba8f4acb10133e264e743d6c1f4bb52037d8335585b7e23c964948,2021-03,South Yorkshire Police,South Yorkshire Police,-1.436896,53.559707,On or near PONTEFRACT ROAD,E01007402,Barnsley 011B,Investigation complete; no suspect identified
d7dc1665df9ace0d8933b515f7317abbe72277617b9bbeba9631d87ff52bc59b,2021-03,South Yorkshire Police,South Yorkshire Police,-1.120630,53.535186,On or near DRAKE ROAD,E01007653,Doncaster 015E,Unable to prosecute suspect
aee11990932596815ac1db53ae2fbecbee44795283d48c730ce5aa2ad986451a,2021-03,South Yorkshire Police,South Yorkshire Police,-1.294988,53.496970,On or near YORK STREET,E01007577,Doncaster 031F,Investigation complete; no suspect identified
7d7a519f4688534b2c77985301f7c7990e333f413186cbec2e9b7e2aca1135b3,2021-03,South Yorkshire Police,South Yorkshire Police,-1.120630,53.535186,On or near DRAKE ROAD,E01007653,Doncaster 015E,Unable to prosecute suspect
c3bad532620be4be053d25ef4c6deba6739ac79a374fcab8a752826ca3de6272,2021-03,South Yorkshire Police,South Yorkshire Police,-1.414391,53.598789,On or near GREENSIDE,E01007329,Barnsley 003A,Investigation complete; no suspect identified
f5032235fc9863bc886dedd34a13c94ce4e476efd510243db790ccd26a8af5fa,2021-03,South Yorkshire Police,South Yorkshire Police,-1.495566,53.399146,On or near VICTOR STREET,E01008161,Sheffield 026E,Suspect charged
e42a454b781b38a97924adfaa24065f52069b50f02afcf606e59839c5b276d0d,2021-03,South Yorkshire Police,South Yorkshire Police,,,No location,,,Investigation complete; no suspect identified
3a7206df6f843edb9e7bd1a9a738b26bd1fd67a0b77aab9a634175bbdb540660,2021-03,South Yorkshire Police,South Yorkshire Police,-1.018969,53.435743,On or near SOUTH AVENUE,E01007610,Doncaster 038C,Unable to prosecute suspect
d84f8e0bffcc31723a4a0330178447a501738b009a135ae42b2487e77d68cb07,2021-03,South Yorkshire Police,South Yorkshire Police,-1.109315,53.524369,On or near HOLYROOD ROAD,E01007649,Doncaster 019E,Offender given a caution
b67a7217f6a1d2b9b90fdbcba03acba333c5aa232d104943e16f1e2752bbaa15,2021-03,South Yorkshire Police,South Yorkshire Police,-1.257119,53.485928,On or near TODMORDEN CLOSE,E01007543,Doncaster 032C,Investigation complete; no suspect identified
194535ab0e8a5281065c7f19c2aedd8541a8acc85c49172d9cb25f5faf06c395,2021-03,South Yorkshire Police,South Yorkshire Police,-1.150057,53.537214,On or near LAUDER ROAD,E01007513,Doncaster 012B,Investigation complete; no suspect identified
c6e5104dbc4cacb3a0c4da10a8477d7c386e97eb5d6a0c03fbc9b3dc59fc9399,2021-03,South Yorkshire Police,South Yorkshire Police,-1.397721,53.447924,On or near SHEARMAN AVENUE,E01007805,Rotherham 011C,Unable to prosecute suspect
6bd148e23cc12545683bc317c7b8b611e231d051cd9579fe0d08eb0a43c7f8c9,2021-03,South Yorkshire Police,South Yorkshire Police,-1.375171,53.356132,On or near WATER SLACKS CLOSE,E01007970,Sheffield 049D,Investigation complete; no suspect identified
5b2ba1aba03d79142895d1459ce5dfce00dbb44d78419517c7943f5b030a97b2,2021-03,South Yorkshire Police,South Yorkshire Police,-1.343442,53.507394,On or near CAWOOD DRIVE,E01007693,Rotherham 001A,Investigation complete; no suspect identified
7407bd0c79fab946a657fbb94b8d7238cfa36b970959369a741bc24830d48ef0,2021-03,South Yorkshire Police,South Yorkshire Police,-1.516192,53.405173,On or near OWLINGS PLACE,E01007993,Sheffield 021C,Investigation complete; no suspect identified
83195df5a1625d56685212011b9798153066ce332eb6027925fe58de44dc105c,2021-03,South Yorkshire Police,South Yorkshire Police,-1.142076,53.546874,On or near MILLSIDE COURT,E01007508,Doncaster 010B,Investigation complete; no suspect identified
21f73acaf3909d86585be5df372027765ff9835bba435ab703283de7e038bb2c,2021-03,South Yorkshire Police,South Yorkshire Police,-1.414793,53.342868,On or near BASEGREEN ROAD,E01007836,Sheffield 062B,Investigation complete; no suspect identified
593cd49ac527651552bbf86a8963491fe893d73de67073b1e0634b93d5839d45,2021-03,South Yorkshire Police,South Yorkshire Police,-1.474857,53.375911,On or near Shopping Area,E01008114,Sheffield 074A,Suspect charged
6e3b0fd618d1dc58b25cb2702a47488b5997beb43d65b89d103aa4e51331ef1f,2021-03,South Yorkshire Police,South Yorkshire Police,-1.127747,53.527355,On or near PENISTONE STREET,E01007655,Doncaster 022F,Investigation complete; no suspect identified
a8ec57c6833f8be0246105fade81aab35cfc42a7473cb93f611e8043da0e95d4,2021-03,South Yorkshire Police,South Yorkshire Police,-1.120630,53.535186,On or near DRAKE ROAD,E01007653,Doncaster 015E,Unable to prosecute suspect
737a9fc7a45ad0a988a0f3a7ac592d4a70018daae1dd8c758862b6d151db1ced,2021-03,South Yorkshire Police,South Yorkshire Police,-1.470869,53.532618,On or near CROFT STREET,E01007463,Barnsley 021F,Unable to prosecute suspect
b51921d454212afd9cc8ab0e753039315de6a58181ab4f768741392cea87fc33,2021-03,South Yorkshire Police,South Yorkshire Police,-1.470869,53.532618,On or near CROFT STREET,E01007463,Barnsley 021F,Unable to prosecute suspect
941e94deaeaad8936db9a853eaa5115f4a5d04a95e9772f9f11f6625f2ea1ddd,2021-03,South Yorkshire Police,South Yorkshire Police,-1.490157,53.558454,On or near LINGARD STREET,E01007409,Barnsley 010D,Unable to prosecute suspect
91fc09847f8d9f93ad211279b869d23aa2e28c55ef2a6bb78ac22d330be7182d,2021-03,South Yorkshire Police,South Yorkshire Police,-1.492455,53.357246,On or near EDGEHILL ROAD,E01008045,Sheffield 050B,Unable to prosecute suspect
508ef8adce5d85d476df9fe8d93a21587638843372d523f5856dd7bf40e5bf71,2021-03,South Yorkshire Police,South Yorkshire Police,-1.470869,53.532618,On or near CROFT STREET,E01007463,Barnsley 021F,Suspect charged
e341ae16bb797a7e2cec59e0d4b509c76d832ae339f75fe718dc52de0e69759e,2021-03,South Yorkshire Police,South Yorkshire Police,-1.331683,53.343142,On or near DOVECOTT LEA,E01008035,Sheffield 063B,Offender given a drugs possession warning
f600457477cb68ede7ea6c20859b5090f72be0b22a57757146921b26f2398296,2021-03,South Yorkshire Police,South Yorkshire Police,-1.508772,53.387273,On or near STOTHARD ROAD,E01008159,Sheffield 029D,Investigation complete; no suspect identified
35189885d385c323a35f0a9ff8aac0572e1d61303f16c6a77a6191c3abf0b5ef,2021-03,South Yorkshire Police,South Yorkshire Police,-1.453114,53.377665,On or near ROBINSON ROAD,E01007879,Sheffield 075B,Investigation complete; no suspect identified
6604b291f07d3251cce15084ab1c69ebae2f5faef8df5d86792874ca91f7cc64,2021-03,South Yorkshire Police,South Yorkshire Police,-1.466337,53.382893,On or near HIGH STREET,E01033264,Sheffield 073D,Unable to prosecute suspect
dda749869528a22ac3bd8c5576a025b940d58075f5af3061f0bd2f22b5ade334,2021-03,South Yorkshire Police,South Yorkshire Police,-1.131941,53.519960,On or near Parking Area,E01007645,Doncaster 022E,Offender given a drugs possession warning
078004fd237bd5a7eae530fb084293dc94ebe3458d58cd4afb4c7952a56af9b7,2021-03,South Yorkshire Police,South Yorkshire Police,,,No location,,,Investigation complete; no suspect identified
9347eca7226d98acfa1a1a403054bfff38770ef5b9511c55ec9001f1c2c70d01,2021-03,South Yorkshire Police,South Yorkshire Police,-1.415500,53.524963,On or near JONES AVENUE,E01007447,Barnsley 023A,Local resolution
676c20767fc0833725675c61b8fcb3eb25ecba364a688784340441d66df9c617,2021-03,South Yorkshire Police,South Yorkshire Police,-1.331683,53.343142,On or near DOVECOTT LEA,E01008035,Sheffield 063B,Unable to prosecute suspect
4d6f0f6c659e8c2fe903611d989dba1793e2cec6ecf6a999bfb5f7e0bf1e7bea,2021-03,South Yorkshire Police,South Yorkshire Police,-1.465343,53.372201,On or near DUCHESS ROAD,E01033273,Sheffield 042F,Investigation complete; no suspect identified
db3abd6a91b038236cdff64674e2502679b90d4dae58df2fbd86ae5cab26a8c6,2021-03,South Yorkshire Police,South Yorkshire Police,-1.516964,53.402120,On or near WISEWOOD ROAD,E01007996,Sheffield 021E,Offender given a caution
f99bf86e689ec33f8ff13bd08fefd0a1154b89e1014b8c619795975ef4af8f87,2021-03,South Yorkshire Police,South Yorkshire Police,-1.479108,53.371193,On or near CLIFF STREET,E01033271,Sheffield 040E,Investigation complete; no suspect identified
639504cf6b7e9a306f5091b14c35e9e54010334e9c7548f8745f7d428210bb06,2021-03,South Yorkshire Police,South Yorkshire Police,-1.417568,53.347502,On or near JAUNTY WAY,E01007843,Sheffield 062C,Local resolution
e27d1ab9d1bdcd1b6e6cb435677307fb8e501f486a4279ef819a263a798b8b7e,2021-03,South Yorkshire Police,South Yorkshire Police,-1.477832,53.558949,On or near LEIGHTON CLOSE,E01007410,Barnsley 010E,Investigation complete; no suspect identified
9030d31493b45449c27827677ffb78949e04dc0f8a65c9c85ffba5a9e6d3cd10,2021-03,South Yorkshire Police,South Yorkshire Police,-1.064225,53.555288,On or near WORRAL COURT,E01007475,Doncaster 011A,Investigation complete; no suspect identified
332358e89e116bd24d4588c9570d7e19908bf00ddc46ae826095875ab67a357e,2021-03,South Yorkshire Police,South Yorkshire Police,-1.192008,53.546520,On or near TOWN VIEW AVENUE,E01007587,Doncaster 020C,Unable to prosecute suspect
3bb7346f1d993d7c25ec8a3c3453a842cd81cb8d7869578f1d3b6de09b8bebbd,2021-03,South Yorkshire Police,South Yorkshire Police,-1.187386,53.406292,On or near GIPSY LANE,E01007764,Rotherham 020F,Investigation complete; no suspect identified
c61d503114c0cfe6b3f5807690ecbaae897b1c51d1a04f03c25c304c0ae9d4f9,2021-03,South Yorkshire Police,South Yorkshire Police,-1.397207,53.429989,On or near GRATTAN STREET,E01007744,Rotherham 015D,Investigation complete; no suspect identified
e4efe5ee05698d9a3015aa8ce7ca20a392a6343d334a4a3a30ac678ca2493aef,2021-03,South Yorkshire Police,South Yorkshire Police,-1.474857,53.375911,On or near Shopping Area,E01008114,Sheffield 074A,Suspect charged
47ac0e717c7a57d810aaa3338222e7536e28752967101a4a04b115c783600ce0,2021-03,South Yorkshire Police,South Yorkshire Police,-1.593392,53.481872,On or near HOPE STREET,E01008144,Sheffield 001A,Investigation complete; no suspect identified
9eee4fc26fc0295767c5405f09c3b33547eb93856a755afc95c2b7867d855522,2021-03,South Yorkshire Police,South Yorkshire Police,-1.410371,53.375961,On or near BOWDEN WOOD PLACE,E01008014,Sheffield 032E,Investigation complete; no suspect identified
6cb225600f99253ecbe52ce0a7569604d9929998a35ded3a1179068a90ccf654,2021-03,South Yorkshire Police,South Yorkshire Police,-1.481464,53.369045,On or near WASHINGTON ROAD,E01008107,Sheffield 040C,Investigation complete; no suspect identified
6d310dbd86d8a3083b77e84963dc92f91d2a65ae70b9ea32447943614e748527,2021-03,South Yorkshire Police,South Yorkshire Police,-1.493139,53.369248,On or near Supermarket,E01007864,Sheffield 036D,Investigation complete; no suspect identified
77f791952a8f23dd861b5e090643d00c0c70260a428c2e5377918724fd16f2cc,2021-03,South Yorkshire Police,South Yorkshire Police,-1.434240,53.357901,On or near MORDAUNT ROAD,E01008102,Sheffield 048C,Investigation complete; no suspect identified
66c0f986a85f0842d46f422fbdd4ad731dfa50600bd752ec2c13b9c507edff01,2021-03,South Yorkshire Police,South Yorkshire Police,-1.495322,53.401958,On or near Supermarket,E01008093,Sheffield 017D,Investigation complete; no suspect identified
466d249040c8abeddec41b5b87a33d99779fc139786ca8a83ec0f5d06508bf23,2021-03,South Yorkshire Police,South Yorkshire Police,-1.489121,53.387272,On or near OXFORD STREET,E01008065,Sheffield 026A,Unable to prosecute suspect
9915c3d9cd1a66a33a298c7ea8da03872c0c07ed50412dff1d8195e4ad098ecb,2021-03,South Yorkshire Police,South Yorkshire Police,-1.484029,53.552127,On or near Nightclub,E01007340,Barnsley 013B,Investigation complete; no suspect identified
15c6320187bee03f049af295066dfdd24175d4c0e21be96565467a373ebd13a8,2021-03,South Yorkshire Police,South Yorkshire Police,-1.119642,53.498441,On or near Petrol Station,E01007495,Doncaster 028A,Investigation complete; no suspect identified
93e6a9ee2493b533797ad6be22837c296f45404ffc85294273f82f2766c11b48,2021-03,South Yorkshire Police,South Yorkshire Police,-1.479562,53.362314,On or near ST RONAN'S ROAD,E01008112,Sheffield 042D,Investigation complete; no suspect identified
87857258d975cb60c594e29c0a7fa93c3022f7a317c033e9a92300ca3641df34,2021-03,South Yorkshire Police,South Yorkshire Police,-1.454016,53.414100,On or near CALDER WAY,E01007947,Sheffield 013C,Further action is not in the public interest
9eb181589087ed72f5f03b38e4de8e8c6058b1974ef78d3154a37688e4b1c962,2021-03,South Yorkshire Police,South Yorkshire Police,-1.469098,53.365153,On or near MYRTLE ROAD,E01008108,Sheffield 042A,Investigation complete; no suspect identified
5c46c62f7d179eca0c8168f1841138fe76b17ad994e69cb4ff455b7c34b4c84c,2021-03,South Yorkshire Police,South Yorkshire Police,-1.143972,53.532928,On or near YARBOROUGH TERRACE,E01007517,Doncaster 013D,Investigation complete; no suspect identified
5efc293b1a43bc03383a3366981021d26613654a52d340ba2ec27e3e3eba9e2c,2021-03,South Yorkshire Police,South Yorkshire Police,-1.440353,53.434900,On or near BELLHOUSE ROAD,E01008055,Sheffield 007C,Further action is not in the public interest
c05ba7efa79f2dfda1c91eabbaf6690728e66bd4795e70cbcccf12b817dac744,2021-03,South Yorkshire Police,South Yorkshire Police,-1.481454,53.389621,On or near MONTGOMERY TERRACE ROAD,E01033263,Sheffield 073C,Suspect charged
942f8b0633608147912b350ab9c2a362b301cc19e2d8035df9df29e2eaacd7d7,2021-03,South Yorkshire Police,South Yorkshire Police,-1.232865,53.377541,On or near BAKER STREET,E01007787,Rotherham 028A,Unable to prosecute suspect
d10611315ad8939596cd13dbf371aa577e66e0b6de218b18dbc4ac9c84e136f8,2021-03,South Yorkshire Police,South Yorkshire Police,-1.460031,53.413139,On or near LONGLEY HALL ROAD,E01007947,Sheffield 013C,Investigation complete; no suspect identified
d64d9861cf0ce444933e0bf4f175b8d366e60cdf2253c9cefb7092da398a5049,2021-03,South Yorkshire Police,South Yorkshire Police,-1.124519,53.514918,On or near PALMER STREET,E01007530,Doncaster 022B,Unable to prosecute suspect
88e894e4066d1d875641f929c9ffb44f86c309da725730ea70acb21300a300ed,2021-03,South Yorkshire Police,South Yorkshire Police,-1.437143,53.343964,On or near MORLAND ROAD,E01008007,Sheffield 060A,Unable to prosecute suspect
38ec0903d745d8a714fc0675e72887ef0159a90da269af3997c3a37639f26406,2021-03,South Yorkshire Police,South Yorkshire Police,-1.453970,53.418846,On or near RIBBLE WAY,E01007948,Sheffield 013D,Unable to prosecute suspect
36551a6c3eb3c183ca2ce346fb03ad0385d68eca395f11b4d2e05769a1e3b052,2021-03,South Yorkshire Police,South Yorkshire Police,-1.471720,53.377911,On or near Pedestrian Subway,E01033265,Sheffield 074C,Unable to prosecute suspect
3b3cdc084c009e8cf84f156cda7dc0913eefd32fdc404ef9f29acd8d60506863,2021-03,South Yorkshire Police,South Yorkshire Police,-1.017130,53.566901,On or near TOWER GARDENS,E01007560,Doncaster 008E,Investigation complete; no suspect identified
a83f6185f1b1e4c2575a2c35f3f9fbbdec13110fd9a2bef155fd3c4b8e134251,2021-03,South Yorkshire Police,South Yorkshire Police,-1.418638,53.423470,On or near DARA STREET,E01007852,Sheffield 014C,Investigation complete; no suspect identified
49c01eaf076f3107ca1615e0977355d08e04cb8efd98b8a94a0a8fcd218bca9b,2021-03,South Yorkshire Police,South Yorkshire Police,-1.421185,53.388813,On or near BRAMHAM ROAD,E01007905,Sheffield 027C,Investigation complete; no suspect identified
d69d9544b641180603f5b1858b2bbf7f919f5d36ae12989ca1593c760da0d814,2021-03,South Yorkshire Police,South Yorkshire Police,,,No location,,,Suspect charged
242aacc08b8c0b403c95fbf99b21a42b92ec3bf7dc931f49c9b0d18a3a88fd7f,2021-03,South Yorkshire Police,South Yorkshire Police,-1.316985,53.550220,On or near MERRILL ROAD,E01007378,Barnsley 014F,Investigation complete; no suspect identified
f50715639b6a08b99376aa9ddb274c8a113dd8bee163053194beb25604bec0ab,2021-03,South Yorkshire Police,South Yorkshire Police,-1.464925,53.370734,On or near PRIESTLEY STREET,E01033273,Sheffield 042F,Investigation complete; no suspect identified
bbd6fe4c23991cd6218561fc3011f638bc28790f8d1440d8b4c77a9b1698ab91,2021-03,South Yorkshire Police,South Yorkshire Police,-1.472492,53.362921,On or near SARK ROAD,E01008108,Sheffield 042A,Local resolution
3321cb7c8e3dfae72f858c3acc3f0f4eb3b8b2b5ab443ada83e37764b9eab54d,2021-03,South Yorkshire Police,South Yorkshire Police,-1.092488,53.546625,On or near WHITTINGTONS COURT,E01007656,Doncaster 015F,Investigation complete; no suspect identified
0016579c7a65f06e180b6e710a9ba624fb2f192fe80b584995e30f385046487f,2021-03,South Yorkshire Police,South Yorkshire Police,-1.549288,53.363460,On or near BROOKLANDS AVENUE,E01007959,Sheffield 041E,Investigation complete; no suspect identified
98e470a4f987b87adcc7c9effd2713608d3e641853038d2d6c1279c5623833d4,2021-03,South Yorkshire Police,South Yorkshire Police,-1.348834,53.497941,On or near STUMP CROSS ROAD,E01007821,Rotherham 002E,Further action is not in the public interest
55b94d92d30735dfb6e1a2291c69becfb3550ddf4cf7c5f3c5dc682f55676bdb,2021-03,South Yorkshire Police,South Yorkshire Police,-1.471047,53.547378,On or near WILBY LANE,E01007339,Barnsley 017B,Investigation complete; no suspect identified
617aa80776ba5d5cf963313dd725057bc1040abe720c50e774299c5f967459a7,2021-03,South Yorkshire Police,South Yorkshire Police,-1.176627,53.514730,On or near ASH COURT,E01007619,Doncaster 021E,Investigation complete; no suspect identified
be07fdd60806898c9a2318b05247e4376c2c38ca4b483aeb67bd305958632241,2021-03,South Yorkshire Police,South Yorkshire Police,-1.096627,53.527995,On or near CUMBERLAND AVENUE,E01007564,Doncaster 018A,Unable to prosecute suspect
3eb13192c793d31791bc05f2e17dbd910f8b3d6aa24ae0a22fb73ff7cf4439f9,2021-03,South Yorkshire Police,South Yorkshire Police,-1.315108,53.545922,On or near Supermarket,E01007375,Barnsley 014D,Local resolution
959ca41686a1899cc3b3fbb7483c9dc2138990765e57c15e6403809e7025fc3b,2021-03,South Yorkshire Police,South Yorkshire Police,-1.488593,53.359755,On or near Supermarket,E01008052,Sheffield 050F,Suspect charged
e0104e67b6d89744f7033cac5e09e2f7fd23e90831752df09abc1c48d0c28f42,2021-03,South Yorkshire Police,South Yorkshire Police,-1.136245,53.518949,On or near GROVE PLACE,E01007532,Doncaster 023B,Investigation complete; no suspect identified
f626f012f143d3635910e72b215f80cabbb8a408d070e7585898fee0d5b75662,2021-03,South Yorkshire Police,South Yorkshire Police,-1.479439,53.323014,On or near TOPPHAM ROAD,E01008083,Sheffield 070C,Investigation complete; no suspect identified
ad7d13cf0eb48adc5c86c6ce6000621536160447872157a229257bffe4734add,2021-03,South Yorkshire Police,South Yorkshire Police,-1.303200,53.531211,On or near ALBERT ROAD,E01007369,Barnsley 022A,Unable to prosecute suspect
2ed9103d5a6599f972a61abc406e3b3d1cb590a413d3e6db7b0c9661baab3837,2021-03,South Yorkshire Police,South Yorkshire Police,-1.482837,53.545866,On or near CASTLE STREET,E01007340,Barnsley 013B,Unable to prosecute suspect
a0018dec1d2c8dea5d1556ff45b9ca1435e37800e259e19b33857cc6db6c4a91,2021-03,South Yorkshire Police,South Yorkshire Police,-1.516503,53.396338,On or near CARLBY ROAD,E01008152,Sheffield 025C,Investigation complete; no suspect identified
2c36f22d247ae19cb9ab5cb0c25f888c479796f3190f88185585c49ec49ee016,2021-03,South Yorkshire Police,South Yorkshire Police,-1.346135,53.323302,On or near ROTHERHAM ROAD,E01008027,Sheffield 065D,Investigation complete; no suspect identified
66ce49f306fad175d0b3bcd400896d2410da52224f42174d9486d8557f9c6097,2021-03,South Yorkshire Police,South Yorkshire Police,-1.125274,53.525817,On or near ST VINCENT ROAD,E01007648,Doncaster 019D,Investigation complete; no suspect identified
be5cb80dfdde68daa5407fabc5e814b3f7375efafd4d7f7f8b0db261348f5bcc,2021-03,South Yorkshire Police,South Yorkshire Police,-1.478413,53.546053,On or near PARK ROAD,E01007413,Barnsley 017C,Investigation complete; no suspect identified
e12829bc3d6bf460fe3ad0e52b92a58993f4de1e328afa6274028846df75079b,2021-03,South Yorkshire Police,South Yorkshire Police,,,No location,,,Investigation complete; no suspect identified
1ea54eb991f25809342d135c2e79ed63ff32797f9b480b32420d8325cf8160c3,2021-03,South Yorkshire Police,South Yorkshire Police,-1.443077,53.398023,On or near ATLAS WAY,E01033269,Sheffield 022G,Action to be taken by another organisation
8e187dd9f1b12fe9d9a1d26f2d1e07a3587e17cc82803adf90adf13636420a0a,2021-03,South Yorkshire Police,South Yorkshire Police,-1.486461,53.372141,On or near ECCLESALL ROAD,E01008104,Sheffield 036E,Investigation complete; no suspect identified
9820e4558ba8116c87148b780a8bc2002d428f8ff2589c78eee081e97154c372,2021-03,South Yorkshire Police,South Yorkshire Police,-1.470350,53.384188,On or near PARADISE LANE,E01033262,Sheffield 073B,Investigation complete; no suspect identified
f5d6752a2ea0558d277001c29b18c83b8b09deff994a7dfd788ac60284748f47,2021-03,South Yorkshire Police,South Yorkshire Police,-1.476591,53.417150,On or near SOUTHEY PLACE,E01007946,Sheffield 015C,Investigation complete; no suspect identified
9973d34bd90261ec79f91bca8c74ede5d82bfe9ccdf50f1163ba1db0007f8c7a,2021-03,South Yorkshire Police,South Yorkshire Police,-1.413539,53.575208,On or near SNYDALE ROAD,E01007345,Barnsley 008B,Investigation complete; no suspect identified
bef389b2530fa6f85b7f15f8429f95abda7b24f051cdc363970bd0f256c69e17,2021-03,South Yorkshire Police,South Yorkshire Police,-1.393486,53.350842,On or near WICKFIELD GROVE,E01033279,Sheffield 076F,Unable to prosecute suspect
4cbc9bea23602816c732fd1287fcb8918226746a2bbbdf436cfaa119e7b78dc0,2021-03,South Yorkshire Police,South Yorkshire Police,-1.172483,53.595788,On or near NORTH PARK LANE,E01007488,Doncaster 002B,Investigation complete; no suspect identified
36c1813052b141b7e677142383ae98972dafc7605e6c9dafd6ba83a2b6df1bbb,2021-03,South Yorkshire Police,South Yorkshire Police,-1.132915,53.527653,On or near Parking Area,E01007655,Doncaster 022F,Investigation complete; no suspect identified
9bc7a77512cd0d05d3b18fe25d3fe602d321627141b2bc83360e02e33f910d10,2021-03,South Yorkshire Police,South Yorkshire Police,-1.439907,53.501988,On or near LITTLE LEEDS,E01007391,Barnsley 030C,Investigation complete; no suspect identified
8c02fce94b4ab20a8b25a92cd7035b9afdeed4d80c0f79a2f36a5371aff83374,2021-03,South Yorkshire Police,South Yorkshire Police,-1.101458,53.542791,On or near Shopping Area,E01007652,Doncaster 015D,Investigation complete; no suspect identified
3689b62ed021794454a7bb03bde20cde386e069791732edf59eaa096a240e981,2021-03,South Yorkshire Police,South Yorkshire Police,-0.946751,53.634940,On or near THE FAIRWAY,E01007633,Doncaster 001B,Unable to prosecute suspect
51c0ed5d7101a418e26dd7a4080ed34a99fba66e1e1a3861e7232805cd998510,2021-03,South Yorkshire Police,South Yorkshire Police,-1.407383,53.525076,On or near PRINCESS STREET,E01007448,Barnsley 023B,Investigation complete; no suspect identified
eea8fdb0126d9467cd598d54bd1447b36c8d8a1520b719a7bcf6ce38178ff4a5,2021-03,South Yorkshire Police,South Yorkshire Police,-1.533570,53.432217,On or near LANGSETT ROAD SOUTH,E01008140,Sheffield 008E,Investigation complete; no suspect identified
9eb4d833e5fd5daa604d56f238abb090cebdd73daa4f905255e862262e893ce1,2021-03,South Yorkshire Police,South Yorkshire Police,-1.378799,53.404241,On or near QUARRY CLOSE,E01007705,Rotherham 025E,Unable to prosecute suspect
18f8804e2bc53c2ea028f0a22bac01b11d83f2916e3814a632642344240b3b3c,2021-03,South Yorkshire Police,South Yorkshire Police,-1.483248,53.546829,On or near NURSERY STREET,E01007340,Barnsley 013B,Suspect charged
039c456e7f8f745af304197ecc2d7f0bad758eb48066812c69e911fa58fe401a,2021-03,South Yorkshire Police,South Yorkshire Police,-1.479614,53.374080,On or near Pedestrian Subway,E01033271,Sheffield 040E,Unable to prosecute suspect
16f56ea759665e0b1b83faaad3d9cca6191078e01053954c3aeeea2aeb896b01,2021-03,South Yorkshire Police,South Yorkshire Police,-1.432500,53.357650,On or near METHLEY CLOSE,E01008102,Sheffield 048C,Further action is not in the public interest
ad697a1e4c2459a187075fb8eeda013bc6103c9742daf1ab197d0eea64d22b7b,2021-03,South Yorkshire Police,South Yorkshire Police,-1.356019,53.509269,On or near MANVERS WAY,E01007693,Rotherham 001A,Investigation complete; no suspect identified
e0092f481445b9d8baae18ea4ececcdf120b81e402b00a9997db6b806d8384f0,2021-03,South Yorkshire Police,South Yorkshire Police,-1.510078,53.383494,On or near TASKER ROAD,E01007960,Sheffield 029B,Unable to prosecute suspect
5b84614a86fa1daae45c12f1ef401a28c73b4010e2c5df3abf8ebfd3d72a5567,2021-03,South Yorkshire Police,South Yorkshire Police,-1.483248,53.546829,On or near NURSERY STREET,E01007340,Barnsley 013B,Suspect charged
a0d60e1b2c6340d700c9a68c2192bf05294137099fc1f00b2cb7ad8861c26eab,2021-03,South Yorkshire Police,South Yorkshire Police,-1.195418,53.590335,On or near ACACIA ROAD,E01007469,Doncaster 005B,Investigation complete; no suspect identified
bf70c99554cf324445cbc4bc79e806ce6f96856137ea850c6c9a40ad616b24a5,2021-03,South Yorkshire Police,South Yorkshire Police,-1.433337,53.540195,On or near Supermarket,E01007319,Barnsley 015A,Investigation complete; no suspect identified
79489b652e1a26f8e1d2365e96743b5e0f477dd0b99e70cd7f1a6c79db8981ea,2021-03,South Yorkshire Police,South Yorkshire Police,-1.386207,53.505087,On or near LYNTHWAITE CLOSE,E01007695,Rotherham 001C,Local resolution
b7ea00894956221db365eef03f15fcb2c066ad1706f2e175de5d49b6737c70a8,2021-03,South Yorkshire Police,South Yorkshire Police,-1.085422,53.543263,On or near Supermarket,E01007656,Doncaster 015F,Unable to prosecute suspect
b4dc111e5d5ac721bc5da8d7c25db55935861fd5d921ec5da250232e6fd64835,2021-03,South Yorkshire Police,South Yorkshire Police,-1.341247,53.549808,On or near Sports/Recreation Area,E01007349,Barnsley 020B,Investigation complete; no suspect identified
479597950991cc64e70768a493faca41574098d9717d6a9e2032ee323e348a78,2021-03,South Yorkshire Police,South Yorkshire Police,-1.396248,53.362739,On or near STRADBROKE PLACE,E01007967,Sheffield 045B,Investigation complete; no suspect identified
ba8c10005ef621130efe2437f29dac7b098694d5c875ad64477dfd39648c8cda,2021-03,South Yorkshire Police,South Yorkshire Police,,,No location,,,Unable to prosecute suspect
5a9852b69bfd9e654717daf92dca6d8db868be1d5de91834e65b2a7d3d6384b0,2021-03,South Yorkshire Police,South Yorkshire Police,-1.418638,53.423470,On or near DARA STREET,E01007852,Sheffield 014C,Investigation complete; no suspect identified
ee54ffbd1a0d7164d03dd26aeee5a3391b8d6206b83093281681f30a05661270,2021-03,South Yorkshire Police,South Yorkshire Police,-1.414876,53.570235,On or near LOW CUDWORTH,E01007347,Barnsley 008D,Unable to prosecute suspect
eeb12e51b1fad42c1dd1b05d3dd5dc9736ad17562ce2fa8126c11d35f4339d5a,2021-03,South Yorkshire Police,South Yorkshire Police,-1.304375,53.544224,On or near CLARKE STREET,E01007373,Barnsley 014B,Investigation complete; no suspect identified
b65cd7b4c9279184332e78e753849a7e6593ab52c0e18352eff07de7c037e3b6,2021-03,South Yorkshire Police,South Yorkshire Police,-1.378192,53.436624,On or near COPLEY PLACE,E01007717,Rotherham 016C,Investigation complete; no suspect identified
a615721d3eca2471795fcbac58e4d4e0fd03a075c995509895cb5120b53739ee,2021-03,South Yorkshire Police,South Yorkshire Police,-1.481986,53.512955,On or near CASTLE VIEW,E01007398,Barnsley 028C,Investigation complete; no suspect identified
ca1142a15866d406b750b9c129385b7f602a6e03704ab1a295455363cdea0cc0,2021-03,South Yorkshire Police,South Yorkshire Police,-1.489600,53.388649,On or near ADDY DRIVE,E01008072,Sheffield 026C,Unable to prosecute suspect
994454051d260ed1985ac10f5cd8fceaa4a22798e812188b82f5bf8bc7779e85,2021-03,South Yorkshire Police,South Yorkshire Police,-1.410684,53.400079,On or near RANSKILL COURT,E01007904,Sheffield 018B,Suspect charged
de6966d5267bca0b5bfea5719a8009e24296d480804119d7a8a8731e8bcc857d,2021-03,South Yorkshire Police,South Yorkshire Police,-1.471409,53.543730,On or near Petrol Station,E01007414,Barnsley 017D,Investigation complete; no suspect identified
d6a44877a8994006380d379281ad6e0414fa80db6e238f5a3c105ed6a0f7ade6,2021-03,South Yorkshire Police,South Yorkshire Police,-1.424928,53.366521,On or near MELVILLE DRIVE,E01008013,Sheffield 039C,Unable to prosecute suspect
881bc66d94a634a60d18b184057fa6658e4916a8e03106aac9b8098ef1b46a4c,2021-03,South Yorkshire Police,South Yorkshire Police,-1.140942,53.491046,On or near PLANTATION ROAD,E01007502,Doncaster 028C,Investigation complete; no suspect identified
44b2c6b60ed82b44d06da8b13ccde6c44894d3ed7756035f2c27276fbacdd67e,2021-03,South Yorkshire Police,South Yorkshire Police,-1.162915,53.503426,On or near GILBERTHORPE ROAD,E01007496,Doncaster 029A,Investigation complete; no suspect identified
9d36ef769d196eee710017cda5f4328cfb6de1ab6387cc0958baab333b4f1c23,2021-03,South Yorkshire Police,South Yorkshire Police,-1.538069,53.368469,On or near STUMPERLOWE HALL ROAD,E01007958,Sheffield 041D,Investigation complete; no suspect identified
6c8cec8a440b49c83c90280739f1d660af04c869e4d992e2081b88751495ef8c,2021-03,South Yorkshire Police,South Yorkshire Police,-1.169606,53.535958,On or near COLCHESTER COURT,E01007582,Doncaster 016B,Investigation complete; no suspect identified
e445c3fdf8163d76690b789520037cc1eb772e553b7ee928c210eac38eacf02c,2021-03,South Yorkshire Police,South Yorkshire Police,-1.169606,53.535958,On or near COLCHESTER COURT,E01007582,Doncaster 016B,Investigation complete; no suspect identified
b1c462bcecb0ad54f6e44bacf602d7b1b655000103c1e7b574ee749a38dc0820,2021-03,South Yorkshire Police,South Yorkshire Police,-1.458347,53.456834,On or near WELLBOURNE CLOSE,E01007891,Sheffield 004D,Investigation complete; no suspect identified
1559685ff7e2db8f6cdc09bde4856eb5ce4fc779c6f65c1d8228cadb57e0518b,2021-03,South Yorkshire Police,South Yorkshire Police,-1.521264,53.395504,On or near STANWOOD AVENUE,E01007997,Sheffield 025A,Investigation complete; no suspect identified
fa455f786950ead803c70540b7b269f952ca69fb0dbb3a2cb158647422ddec9b,2021-03,South Yorkshire Police,South Yorkshire Police,-1.458030,53.392986,On or near BRUNSWICK ROAD,E01033269,Sheffield 022G,Investigation complete; no suspect identified
8c94d36e61735132955113b6ca48f3873516396f7c5a9c8df34814d1f01dc9eb,2021-03,South Yorkshire Police,South Yorkshire Police,-1.312713,53.487833,On or near Parking Area,E01007797,Rotherham 003B,Investigation complete; no suspect identified
85122d0f5d228d77fd411649b86caea537f879ab7997ff1f8a04274721e60be8,2021-03,South Yorkshire Police,South Yorkshire Police,-1.470297,53.458685,On or near WILLOW CRESCENT,E01007896,Sheffield 004G,Unable to prosecute suspect
6441c1fb751b9b163890dccc88a96f7cbd3c4a9a9a6bbdc059c25c6092120118,2021-03,South Yorkshire Police,South Yorkshire Police,-1.262506,53.391588,On or near ULRICA DRIVE,E01007809,Rotherham 026B,Investigation complete; no suspect identified
822e231561b5914e0a583962406fd2bbb6d3d42dbef4d3986d5da9b265b2e2bd,2021-03,South Yorkshire Police,South Yorkshire Police,-1.085012,53.548959,On or near LIVINGSTONE AVENUE,E01007656,Doncaster 015F,Investigation complete; no suspect identified
047e023bc12d4b948fe4eb92ff0a38ff7e933edbfe01890ab4db61ad6ee9c72a,2021-03,South Yorkshire Police,South Yorkshire Police,-1.169606,53.535958,On or near COLCHESTER COURT,E01007582,Doncaster 016B,Investigation complete; no suspect identified
df044628705012fdc08a0aaf8dd051b34b08556bad2d9b8a1af7f3e6a1f30e4b,2021-03,South Yorkshire Police,South Yorkshire Police,-1.456121,53.456599,On or near BURN GROVE,E01007891,Sheffield 004D,Further action is not in the public interest
502b74f0eeb0b89df05b0b66bf07b2faa75d030c7a3f239695134e34e6abbcf1,2021-03,South Yorkshire Police,South Yorkshire Police,-1.312713,53.487833,On or near Parking Area,E01007797,Rotherham 003B,Investigation complete; no suspect identified
dfe7ddf1f2511d91d350d44c59fd0aa9fd05e9d4e50e1716276888a5a0e4e7e2,2021-03,South Yorkshire Police,South Yorkshire Police,-1.446055,53.576217,On or near ST ANNES DRIVE,E01007406,Barnsley 009E,Further action is not in the public interest
48b83f231417ebbae33f9c612b509d4cc4d745caf62c6daa49b714a57caad365,2021-03,South Yorkshire Police,South Yorkshire Police,-1.474684,53.380171,On or near ROCKINGHAM LANE,E01033265,Sheffield 074C,Investigation complete; no suspect identified
5e902145e5ed3481ba3b9553eddac6dc7f2cdb8017287735c8d54e7bee274fe1,2021-03,South Yorkshire Police,South Yorkshire Police,-1.262506,53.391588,On or near ULRICA DRIVE,E01007809,Rotherham 026B,Investigation complete; no suspect identified
13a1d0dc199db27fc9611ce373333221f83edcf97a36dcae45f1482126895cb3,2021-03,South Yorkshire Police,South Yorkshire Police,-1.188843,53.421430,On or near LUMLEY DRIVE,E01007764,Rotherham 020F,Suspect charged
382d6fadc745aff97bd97953081fde589d8d279d0c1bb4373f828808181e0bbc,2021-03,South Yorkshire Police,South Yorkshire Police,-1.302351,53.547997,On or near GRANGE CRESCENT,E01007377,Barnsley 014E,Local resolution
f181c72a81dca6efd3d8707f085e173e08372c499c2b49aea5dad0424c214dc9,2021-03,South Yorkshire Police,South Yorkshire Police,-1.557257,53.371706,On or near WORCESTER CLOSE,E01007956,Sheffield 041B,Unable to prosecute suspect
aab0c98c3485bc25024da67dee507e9d3e31d73336978f317a1c281943260f4d,2021-03,South Yorkshire Police,South Yorkshire Police,-0.951950,53.605179,On or near MOWBRAY ROAD,E01007642,Doncaster 003G,Unable to prosecute suspect
9050ea1939d4015576bf71b8942ab46444312fa1d6847b11639482d491952598,2021-03,South Yorkshire Police,South Yorkshire Police,-1.485032,53.347263,On or near HAVERCROFT ROAD,E01007829,Sheffield 059B,Investigation complete; no suspect identified
94634452665e27b6579d5f1ab746743ddef8ba909a7afa4f976c9edd94c5f087,2021-03,South Yorkshire Police,South Yorkshire Police,,,No location,,,Unable to prosecute suspect
4a9478f136b6951d85b25d1be19bade28eeb070c8bddad2a4f91bcf83f57f26d,2021-03,South Yorkshire Police,South Yorkshire Police,-1.428141,53.366762,On or near BASSLEDENE ROAD,E01008012,Sheffield 039B,Investigation complete; no suspect identified
fbe6cf344cc670197de91f4e263fda9dd3eab39df8cd9bed5daf173755e682c3,2021-03,South Yorkshire Police,South Yorkshire Police,-1.288027,53.427474,On or near MAGNA CRESCENT,E01007724,Rotherham 021E,Unable to prosecute suspect
ab9f20c88190f9173689719225dd4c11e9cf5829f7e565bc77aec80d2092cfd6,2021-03,South Yorkshire Police,South Yorkshire Police,-1.538069,53.368469,On or near STUMPERLOWE HALL ROAD,E01007958,Sheffield 041D,Investigation complete; no suspect identified
7e9c206532d8f0ad02e4f877f9ef96e0027c7ea9ba45be593e758b44135c0cc7,2021-03,South Yorkshire Police,South Yorkshire Police,-1.301528,53.542985,On or near PHOENIX LANE,E01007373,Barnsley 014B,Investigation complete; no suspect identified
6cf59b0d93482efe06e716d9995fe80b068c0f8357b55429a254949764391134,2021-03,South Yorkshire Police,South Yorkshire Police,-1.189204,53.486268,On or near KING'S CRESCENT,E01007545,Doncaster 034A,Investigation complete; no suspect identified
c96d538d6d8c3b1f5845eb33e978c9c75e9c38ec740c59dcad11d1f65f347c5c,2021-03,South Yorkshire Police,South Yorkshire Police,-1.379080,53.532645,On or near BEECH COURT,E01007352,Barnsley 020E,Local resolution
50ec3d7a92e040c80d93d42f91c95e18dee82f7c4936f6f694ea6e0353e0c5f0,2021-03,South Yorkshire Police,South Yorkshire Police,-1.437477,53.495406,On or near ALDER MEWS,E01007389,Barnsley 030A,Unable to prosecute suspect
8c5daef688f6ebbb1953e4103cd5d0b8d31f6ef41f1802045d281c8c3eb22cc2,2021-03,South Yorkshire Police,South Yorkshire Police,-1.454443,53.539403,On or near THE FIRS,E01007416,Barnsley 018D,Local resolution
3ce7924b27ef4bd96facfc8d4f0bb29e2201f3cb91990b7c26bab6065442817c,2021-03,South Yorkshire Police,South Yorkshire Police,,,No location,,,Investigation complete; no suspect identified
24e77541e47d0fc209edaec1c9cb7a993d9cb8f1bcd895e238450c79721d852e,2021-03,South Yorkshire Police,South Yorkshire Police,-1.379080,53.532645,On or near BEECH COURT,E01007352,Barnsley 020E,Local resolution
0281205bad8a0279552571200c50433ead2eff9e3f7f07175d3b555f40f12946,2021-03,South Yorkshire Police,South Yorkshire Police,-1.533303,53.321817,On or near DURVALE COURT,E01007923,Sheffield 068C,Unable to prosecute suspect
e024fd0692aada3adf9d33bda490d6dcdfd0e82a5ba84fbe7838828e8961f837,2021-03,South Yorkshire Police,South Yorkshire Police,-1.017513,53.580378,On or near YORK ROAD,E01007555,Doncaster 006B,Investigation complete; no suspect identified
77a71e80b15984bbbd299b5d88e9869f54b10659d0d6fe40a4e1a1f496883cc2,2021-03,South Yorkshire Police,South Yorkshire Police,-1.184750,53.632788,On or near BARNSDALE VIEW,E01007493,Doncaster 002G,Investigation complete; no suspect identified
a012396efac0798ae04d8e5b66862fd01e3232ed2aea476416f593e291e15b7a,2021-03,South Yorkshire Police,South Yorkshire Police,-1.134259,53.522395,On or near Nightclub,E01007645,Doncaster 022E,Suspect charged
9e987d6ea2e3323dad0486084bc4679096709535af532a22d5c10e860a6eb5e3,2021-03,South Yorkshire Police,South Yorkshire Police,-1.474382,53.370471,On or near Theatre/Concert Hall,E01008109,Sheffield 042B,Unable to prosecute suspect
601102be560912d3509d119e866810ac2b8bd649cfcbe1d72accd308708ea21b,2021-03,South Yorkshire Police,South Yorkshire Police,-1.442754,53.501058,On or near OLDFIELD CLOSE,E01007395,Barnsley 030E,Investigation complete; no suspect identified
256d40bd3567eff261859fda27de18f6672ad0c8de218f6804cdf9dfee93368e,2021-03,South Yorkshire Police,South Yorkshire Police,-1.327732,53.433906,On or near MIDDLE PLACE,E01007766,Rotherham 014C,Investigation complete; no suspect identified
e8c66213f064dfcc2b5358551608af4b919d4605b7ea274859276b96aedd9a2b,2021-03,South Yorkshire Police,South Yorkshire Police,-1.377677,53.576897,On or near DEWFIELD CLOSE,E01007332,Barnsley 006C,Suspect charged
9c19547ec960371092dc9e212aeb6dac5e65b73ecb722ca559a0b6883cce7408,2021-03,South Yorkshire Police,South Yorkshire Police,-0.961994,53.616538,On or near MILLFIELD ROAD,E01007636,Doncaster 003A,Suspect charged
ed1026d271c2f0310ee5c75d7648da59af3c4628d3edafbbf70cd96ab0824c6f,2021-03,South Yorkshire Police,South Yorkshire Police,-1.568156,53.474036,On or near ROOKERY DELL,E01008146,Sheffield 002C,Investigation complete; no suspect identified
26c3c841e438aae879625d6209f90ba3b5d6894a164bc0ec9d5ca7021289bd41,2021-03,South Yorkshire Police,South Yorkshire Police,-1.451339,53.383571,On or near ST JOHN'S ROAD,E01007885,Sheffield 075E,Investigation complete; no suspect identified
f6066a582c60d08ce4d986aaa41a4e654131bc3cee06e77438004658875928f0,2021-03,South Yorkshire Police,South Yorkshire Police,-1.410684,53.400079,On or near RANSKILL COURT,E01007904,Sheffield 018B,Further investigation is not in the public interest
d9ef2c14303bbf5ed27cabd09aa8eb50064d84f5a76b6823c9ac7ef05770e1d9,2021-03,South Yorkshire Police,South Yorkshire Police,-1.171502,53.499900,On or near Petrol Station,E01007501,Doncaster 029E,Investigation complete; no suspect identified
ee314e7527e4a89237ecc1fc353c9cd2f85f14d796186c2a60538285995f9f57,2021-03,South Yorkshire Police,South Yorkshire Police,-1.472492,53.362921,On or near SARK ROAD,E01008108,Sheffield 042A,Unable to prosecute suspect
655cc06e7a43e40d03e988d095e7a15b83870a605b96d1eebed2b3f05809b6c4,2021-03,South Yorkshire Police,South Yorkshire Police,-0.990449,53.591649,On or near Petrol Station,E01007559,Doncaster 008D,Investigation complete; no suspect identified
3c085aea58c22bc119cbe0a54dffafb80738088f772aa605e0d99a74d32b7da3,2021-03,South Yorkshire Police,South Yorkshire Police,-1.385932,53.341258,On or near MOORTHORPE GARDENS,E01008038,Sheffield 061C,Unable to prosecute suspect
c4c3a1ce9d7d203aa600d1dcb0167ff39a6649b3252597cda67379b9c3da0d20,2021-03,South Yorkshire Police,South Yorkshire Police,-1.382317,53.583905,On or near MANOR GROVE,E01007328,Barnsley 006A,Unable to prosecute suspect
926ad79b9cad964050673461a77fa0afe84692821461624e5b2651de310f17bb,2021-03,South Yorkshire Police,South Yorkshire Police,-1.149105,53.536551,On or near HASLEMERE GROVE,E01007513,Doncaster 012B,Suspect charged
3825fb90a76c0a6b985786c1e6196e4ed89d934fd1132250efcc23e507d17fc4,2021-03,South Yorkshire Police,South Yorkshire Police,-1.472525,53.339505,On or near BOLE HILL,E01007827,Sheffield 064A,Investigation complete; no suspect identified
00097b8a12913bc7c5176fd60938464c0ad67c00d31064348caba93eb804ce19,2021-03,South Yorkshire Police,South Yorkshire Police,-1.149105,53.536551,On or near HASLEMERE GROVE,E01007513,Doncaster 012B,Suspect charged
325d3345ea353c0e09cba025cb00f12e25fc12cdf806c516cc493985b08ff45a,2021-03,South Yorkshire Police,South Yorkshire Police,-1.497630,53.361744,On or near OSBORNE ROAD,E01008048,Sheffield 046D,Unable to prosecute suspect
562d4da109de5e743805422ea4db0835286c79ea48d3cd592205608f83b8cb08,2021-03,South Yorkshire Police,South Yorkshire Police,-1.489600,53.388649,On or near ADDY DRIVE,E01008072,Sheffield 026C,Further action is not in the public interest
8b1a9ac7189ffcef20410cba1fd5c69ccda4530b564c2206cc982748da961941,2021-03,South Yorkshire Police,South Yorkshire Police,-1.140621,53.512904,On or near Petrol Station,E01007530,Doncaster 022B,Investigation complete; no suspect identified
c6ee17648cd3e16c44857c154d9d5095ae7f883a629793d519e154e480bf8430,2021-03,South Yorkshire Police,South Yorkshire Police,-1.493139,53.369248,On or near Supermarket,E01007864,Sheffield 036D,Investigation complete; no suspect identified
360a4930ed36b227a644f4afda21ffbf6b15febcd6faa4075d331c98494577b0,2021-03,South Yorkshire Police,South Yorkshire Police,-1.392726,53.413858,On or near Sports/Recreation Area,E01007914,Sheffield 018D,Suspect charged
f36880f5dc5bda1267ed5f9b94cc156a74d175a82008cdbbbac4d096f3faedbe,2021-03,South Yorkshire Police,South Yorkshire Police,-1.471538,53.545493,On or near COMMERCIAL STREET,E01007339,Barnsley 017B,Offender given a caution
2efa4862bb2d9964d98ce5be7c15c2ea1a489709f43d122a6ca2119313143d3f,2021-03,South Yorkshire Police,South Yorkshire Police,-1.445213,53.430392,On or near PEAR TREE ROAD,E01008059,Sheffield 010C,Investigation complete; no suspect identified
2680e0570d2a484df0d11e011d7b4325e487bf6dca3f20c8b2f0e16c9d4a513c,2021-03,South Yorkshire Police,South Yorkshire Police,-1.017872,53.429792,On or near ST NICHOLAS WAY,E01007609,Doncaster 038B,Investigation complete; no suspect identified
470b0ae28d298c540e83d48f2a6e04140b79f0cb700519c163e66e47886c041b,2021-03,South Yorkshire Police,South Yorkshire Police,-1.506072,53.401042,On or near HOLME LANE,E01008161,Sheffield 026E,Unable to prosecute suspect
bcdacbe2b0dcf8c51c5df2bda990b1da80982760aeb4f3c519bcd3444849f671,2021-03,South Yorkshire Police,South Yorkshire Police,-1.398236,53.449850,On or near OAKS LANE,E01007732,Rotherham 009E,Suspect charged
783486069863a11fcec10015a010fbeddcb1e27d7a025249f62cc5f3cd335924,2021-03,South Yorkshire Police,South Yorkshire Police,-1.085012,53.548959,On or near LIVINGSTONE AVENUE,E01007656,Doncaster 015F,Offender given penalty notice
defb1255866095152075b67aa9b21c7c994677eb53eead5c23a3795f00cf6c13,2021-03,South Yorkshire Police,South Yorkshire Police,-1.419700,53.345400,On or near LISTER DRIVE,E01007846,Sheffield 062D,Investigation complete; no suspect identified
328efbc4fa98694f11fee0bd8bd55cf8fefb2a8c7e20ca072e55cd89d6b43742,2021-03,South Yorkshire Police,South Yorkshire Police,-1.183246,53.557930,On or near GREAT NORTH ROAD,E01007507,Doncaster 009G,Investigation complete; no suspect identified
d0c3f736d323b04d5824cc5e5a007e4dd18d79c4f4bb9a7b38fb84ec2760d167,2021-03,South Yorkshire Police,South Yorkshire Police,-1.398236,53.449850,On or near OAKS LANE,E01007732,Rotherham 009E,Suspect charged
e272e4897cfbcba8d7ea87f8acfa2378dcb3a2d47bac4fdafae2667cb995e2f8,2021-03,South Yorkshire Police,South Yorkshire Police,-1.410684,53.400079,On or near RANSKILL COURT,E01007904,Sheffield 018B,Suspect charged
0ce4f05fc31ece5682940e56a2061fe0d749f8f30248b29b573a16626704ac35,2021-03,South Yorkshire Police,South Yorkshire Police,-1.432538,53.409110,On or near SKELWITH CLOSE,E01007855,Sheffield 014F,Unable to prosecute suspect
c4c0b76e79cf17d5a95e7e0e7e4d678435fb366c126b17be51c997459a074573,2021-03,South Yorkshire Police,South Yorkshire Police,-1.183246,53.557930,On or near GREAT NORTH ROAD,E01007507,Doncaster 009G,Unable to prosecute suspect
5c019270b9b44c663fe7cc8685f91d04bfc48d28de9b64d2b1e285899232d74c,2021-03,South Yorkshire Police,South Yorkshire Police,-1.183246,53.557930,On or near GREAT NORTH ROAD,E01007507,Doncaster 009G,Offender given a caution
b1022d92e80aa80b29b09fc01ea9e11b084affa2344e955c1f162a95f0d11d3b,2021-03,South Yorkshire Police,South Yorkshire Police,-1.475768,53.558634,On or near ELDON STREET NORTH,E01007410,Barnsley 010E,Suspect charged
8c70d396459fc344d8b8725fbb3c53303c5eb6df14ea566e8889085ec5733419,2021-03,South Yorkshire Police,South Yorkshire Police,-1.205227,53.571588,On or near BEAUMONT AVENUE,E01007465,Doncaster 009B,Unable to prosecute suspect
8a20818a0df72f0a520a35b8b0d039e26411edd5ac64dad85a7420d0dd57b180,2021-03,South Yorkshire Police,South Yorkshire Police,-1.079668,53.497484,On or near TORKSEY CLOSE,E01007523,Doncaster 025B,Investigation complete; no suspect identified
beebef937c44d1b1858a9d99a384734c4f4293149ab642af21dbf9f65e5eb6df,2021-03,South Yorkshire Police,South Yorkshire Police,-1.483610,53.459984,On or near MEADOW DRIVE,E01007897,Sheffield 005A,Unable to prosecute suspect
4da02b0fbeeca0dfce800165d295279bc6146be339a7e1f85cf022fe87f77df9,2021-03,South Yorkshire Police,South Yorkshire Police,-1.357591,53.338277,On or near BOOTH CROFT,E01008037,Sheffield 065E,Investigation complete; no suspect identified
801d514b56459e2ff46101116f61799d9fe9868aafe35c8453a361236e7b3833,2021-03,South Yorkshire Police,South Yorkshire Police,-1.392373,53.524093,On or near EDWARD STREET,E01032925,Barnsley 026G,Unable to prosecute suspect
03b60b1ff65d240479b2e68be0dbd0a65dd3933b3d76769d9704b7d5a6b8af17,2021-03,South Yorkshire Police,South Yorkshire Police,-1.382326,53.593612,On or near HODROYD COTTAGES,E01007330,Barnsley 006B,Unable to prosecute suspect
65c023027c33336eb3c41baf1d4a632e98b29e2a5103e7b3857458e8767335d3,2021-03,South Yorkshire Police,South Yorkshire Police,-1.444858,53.503809,On or near CROFT ROAD,E01007395,Barnsley 030E,Unable to prosecute suspect
76753f0a64a65f68411b427eba86fedce2d989b90f1ca7397ca87ff8950e8a4d,2021-03,South Yorkshire Police,South Yorkshire Police,-1.316181,53.435216,On or near BECKWITH ROAD,E01007737,Rotherham 013C,Unable to prosecute suspect
d021901780f335a24b7ddd928a92609c7972ba59fb02ec33b37888b2f5a3c9ff,2021-03,South Yorkshire Police,South Yorkshire Police,-1.146225,53.549169,On or near TENNYSON ROAD,E01007509,Doncaster 010C,Unable to prosecute suspect
360d97ef7eeaba3d20aa3f31aa48422342eb5f16571b71a8af0728f6a8f2d404,2021-03,South Yorkshire Police,South Yorkshire Police,-1.519407,53.544256,On or near QUEEN'S DRIVE,E01007383,Barnsley 019B,Investigation complete; no suspect identified
81a17db04562c7dca5d9f132918152e0acebb85032fecc84c590f1ff483e38d2,2021-03,South Yorkshire Police,South Yorkshire Police,-1.380887,53.582495,On or near MANOR CRESCENT,E01007328,Barnsley 006A,Unable to prosecute suspect
f119181ed12d6001472027c3cf33f12dd7ecac73800eb028e0d4247d244d90a3,2021-03,South Yorkshire Police,South Yorkshire Police,,,No location,,,Investigation complete; no suspect identified
78120275a8b0a5f5fb0ca5f11eec0d9a56de7364b1677a98403423062bfa5109,2021-03,South Yorkshire Police,South Yorkshire Police,-1.485250,53.554766,On or near CHURCHFIELD,E01007336,Barnsley 013A,Suspect charged
2fb070672274a566c3d44583456edc477842f10c1da2bb4eac89f14aec0d863a,2021-03,South Yorkshire Police,South Yorkshire Police,-1.450964,53.536529,On or near Sports/Recreation Area,E01007317,Barnsley 018A,Investigation complete; no suspect identified
e76b25c2a634a616ab517d341a624825f3cce797c62f22c8161e811db03e9038,2021-03,South Yorkshire Police,South Yorkshire Police,-1.527870,53.404635,On or near STUDFIELD HILL,E01008129,Sheffield 023A,Unable to prosecute suspect
7bee7a69a2bd6e61704cf65c635afe2fa1b0570f9cff8e32a474176fb1e747b3,2021-03,South Yorkshire Police,South Yorkshire Police,-1.454608,53.406633,On or near FIR VALE ROAD,E01007942,Sheffield 020D,Investigation complete; no suspect identified
eb861069a160190e7f9d8c4f1be5485ce8fb8ec5d630b049ea4828107c233992,2021-03,South Yorkshire Police,South Yorkshire Police,-1.450964,53.536529,On or near Sports/Recreation Area,E01007317,Barnsley 018A,Local resolution
9584a8d7b8266689e6c5b3aa9d2f4fdacd47b5f8e4e1360da3e96f008acbc9dd,2021-03,South Yorkshire Police,South Yorkshire Police,-1.358667,53.355613,On or near STACYE RISE,E01007969,Sheffield 044B,Unable to prosecute suspect
ef8de1f7f62bde428af9655fcba4b77a69b8a131efe467025b7b5d0346116571,2021-03,South Yorkshire Police,South Yorkshire Police,-1.441518,53.431004,On or near NETHER SHIRE LANE,E01007857,Sheffield 010B,Unable to prosecute suspect
50f7b646e73dd8b7cd0538700da48233904981fe89901cfa7112a1ddf6d5b983,2021-03,South Yorkshire Police,South Yorkshire Police,-1.417570,53.373857,On or near Sports/Recreation Area,E01008017,Sheffield 039E,Unable to prosecute suspect
9335effbed6f0d9a73cdc22e0b4e7f62cbcbb11c3a5a77bc7feb7351c206508e,2021-03,South Yorkshire Police,South Yorkshire Police,-1.444627,53.554944,On or near CHERRYS ROAD,E01007405,Barnsley 011D,Investigation complete; no suspect identified
f3d20319d1874b9712d936d9f5841c9aa0aed3d0b3c0e1660861d748575dec0a,2021-03,South Yorkshire Police,South Yorkshire Police,-1.553733,53.372429,On or near WESTMINSTER CRESCENT,E01007953,Sheffield 033B,Unable to prosecute suspect
997b3cb8dac9bf8b9b81fb4a279e3b14ba016960c8c48d5ff718c16efb8bd97b,2021-03,South Yorkshire Police,South Yorkshire Police,-1.188878,53.554688,On or near MARKET STREET,E01007507,Doncaster 009G,Unable to prosecute suspect
377b1788d1905c41aba361b788138f3b3b46bd3037474faff8c57fc40145eb9b,2021-03,South Yorkshire Police,South Yorkshire Police,-1.479509,53.354304,On or near BINFIELD ROAD,E01007981,Sheffield 053C,Unable to prosecute suspect
1240ad65afc0ea191263e88dc9c1343fed2a10a864e8c78d09cc35799cf27b9f,2021-03,South Yorkshire Police,South Yorkshire Police,-1.323560,53.468192,On or near HOLLYWELL CLOSE,E01007773,Rotherham 006C,Unable to prosecute suspect
a1f7f95e08f6347ad5698e7ee54aaba4167c20a4a2116950eca81670c3f25f41,2021-03,South Yorkshire Police,South Yorkshire Police,-1.343959,53.453411,On or near BEAR TREE STREET,E01007784,Rotherham 008D,Investigation complete; no suspect identified
63d8b7db0df7a75448e621fcc8b58aee5da2fec9ead10d961beb844614d2accf,2021-03,South Yorkshire Police,South Yorkshire Police,-1.447428,53.600708,On or near MIDLAND ROAD,E01007440,Barnsley 002D,Unable to prosecute suspect
32a3379cc80c1e03f5169454ed29d17c3d8390e739d4e3f75c4f8926c1973ae3,2021-03,South Yorkshire Police,South Yorkshire Police,-1.353634,53.428134,On or near MANSFIELD ROAD,E01007714,Rotherham 017B,Unable to prosecute suspect
b09062a11eaccc218822e3b4a224ebc9b1f935a450fe8a0c2c3f04023155c03e,2021-03,South Yorkshire Police,South Yorkshire Police,-1.113791,53.535414,On or near Supermarket,E01007651,Doncaster 015C,Investigation complete; no suspect identified
54c006de0bf2a5ddd64f74a47d6e29efc653d73eef8090fe8870dc900f65624c,2021-03,South Yorkshire Police,South Yorkshire Police,-1.504645,53.543288,On or near KERESFORTH MEWS,E01007442,Barnsley 012E,Investigation complete; no suspect identified
716257e11f6fa3022199bd50e1b3824996644aebca5b8eb7784b4556a01a9de0,2021-03,South Yorkshire Police,South Yorkshire Police,-1.188878,53.554688,On or near MARKET STREET,E01007507,Doncaster 009G,Unable to prosecute suspect
adbcf18a0c8f8a6297edfd1d12eb1a1908a4f5795315bbac7e34d15fdaf186f9,2021-03,South Yorkshire Police,South Yorkshire Police,-1.462787,53.411695,On or near NORWOOD GRANGE DRIVE,E01007941,Sheffield 015A,Unable to prosecute suspect
643b5774090116c84a15d1924571184acc75236127527b82c70703eadb0dedd2,2021-03,South Yorkshire Police,South Yorkshire Police,-1.027673,53.597063,On or near TURNBERRY MEWS,E01007628,Doncaster 004D,Investigation complete; no suspect identified
761dedd339e29505c1553758b654c281f4b59ce10adc26f58366af7af1d00f69,2021-03,South Yorkshire Police,South Yorkshire Police,-1.521836,53.382077,On or near VERNON DELPH,E01007961,Sheffield 033D,Local resolution
62713eee80d14c7c49b0b95c0dfd02a50bb4bc1a938b37cbbd980a4397888e63,2021-03,South Yorkshire Police,South Yorkshire Police,-1.018227,53.500591,On or near RUSHLEY CLOSE,E01007599,Doncaster 026A,Unable to prosecute suspect
467665f11d23440e55560e23d38c898cbcbc796861b5f759b4d5c146ce609d0b,2021-03,South Yorkshire Police,South Yorkshire Police,-1.350773,53.428226,On or near SHERWOOD CRESCENT,E01007714,Rotherham 017B,Investigation complete; no suspect identified
6eb6398378bd7d4e58d8cd6850aa68e00f607dd8318e87274f7a129d261130fc,2021-03,South Yorkshire Police,South Yorkshire Police,-1.358667,53.355613,On or near STACYE RISE,E01007969,Sheffield 044B,Unable to prosecute suspect
fcffebfefea38cfcf9b9697d6993e86ad1c557408581c1ae3cd693bf56562ee6,2021-03,South Yorkshire Police,South Yorkshire Police,-1.519392,53.396224,On or near BARLOW DRIVE,E01007997,Sheffield 025A,Local resolution
9db8b56fa4ca58b094e6d9a761bc727d7e538e4053c05da498696372397303c3,2021-03,South Yorkshire Police,South Yorkshire Police,-1.018227,53.500591,On or near RUSHLEY CLOSE,E01007599,Doncaster 026A,Unable to prosecute suspect
a7786de54a913da1951db72074a704d94fb862a30275ebdb7ba347a4353f949f,2021-03,South Yorkshire Police,South Yorkshire Police,-1.508405,53.468771,On or near Petrol Station,E01007421,Barnsley 027A,Unable to prosecute suspect
87b30213fdec4b4c93d436b51fb8596a4642080a006bf1b61abcce0fcdc7c52f,2021-03,South Yorkshire Police,South Yorkshire Police,-1.029211,53.596518,On or near PRINCESS AVENUE,E01007628,Doncaster 004D,Unable to prosecute suspect
69ff5a57dffcad480f7eda0674c2eb0fe8cc83fea9260be89ace9f25408dadde,2021-03,South Yorkshire Police,South Yorkshire Police,-1.477103,53.382725,On or near Hospital,E01033261,Sheffield 073A,Investigation complete; no suspect identified
a8778f1be900cad31975e05f7b51dd309a25de022cc68f03b2967c0be6d416cd,2021-03,South Yorkshire Police,South Yorkshire Police,-1.493139,53.369248,On or near Supermarket,E01007864,Sheffield 036D,Investigation complete; no suspect identified
5fa067b88e8992328950a2114b05974e3ce132ed9d00de80b17ed880aa9c6f7a,2021-03,South Yorkshire Police,South Yorkshire Police,-1.404436,53.446888,On or near OAKS LANE,E01007804,Rotherham 011B,Investigation complete; no suspect identified
f65e8da668fad3d93c76bacf8813fe12d19609b07bfa374ecdc23e24a1c4adab,2021-03,South Yorkshire Police,South Yorkshire Police,-1.472149,53.371189,On or near Petrol Station,E01008108,Sheffield 042A,Suspect charged
578fcfa79c50e6dc6979b8047fc579a0f166fc526c15d96fb1149d807e298363,2021-03,South Yorkshire Police,South Yorkshire Police,-1.233818,53.408181,On or near THE AVENUE,E01007787,Rotherham 028A,Investigation complete; no suspect identified
8f4fef827c69d9afef4cf48aea61a245c4be9ebeb6dee6d6a2a922f8e25184a7,2021-03,South Yorkshire Police,South Yorkshire Police,-1.484963,53.549767,On or near PRINCESS STREET,E01007417,Barnsley 013D,Investigation complete; no suspect identified
8b4329794e206b59a787f39a00a1433d2a797013619949e29888368be0e3a123,2021-03,South Yorkshire Police,South Yorkshire Police,-1.028093,53.596500,On or near JUNCTION ROAD,E01007628,Doncaster 004D,Investigation complete; no suspect identified
4e18cb25d012a0e594795fe9eb8a03f5457302aca3d90d6890e9be00acaeecad,2021-03,South Yorkshire Police,South Yorkshire Police,-1.313066,53.435189,On or near HOUNSFIELD CRESCENT,E01007723,Rotherham 013A,Investigation complete; no suspect identified
1a47e0606a82622fa31c646c08c95d6e2dbb0835f0c21c97e79d274b4416c12c,2021-03,South Yorkshire Police,South Yorkshire Police,-1.222604,53.446526,On or near BACK LANE,E01007613,Doncaster 033D,Investigation complete; no suspect identified
cc7c9065ebe0714839713122c2b8e13979b2dc69cb34485c29bed62c3b6594af,2021-03,South Yorkshire Police,South Yorkshire Police,-1.460734,53.458660,On or near HARCOURT RISE,E01007894,Sheffield 004E,Investigation complete; no suspect identified
2c65704c18aad4178275aab77b53a750c166d6b3e1983edc95b70cc725ff828a,2021-03,South Yorkshire Police,South Yorkshire Police,-1.028093,53.596500,On or near JUNCTION ROAD,E01007628,Doncaster 004D,Investigation complete; no suspect identified
04b04cbee8584f77704b0a8fe53737a0a4af46a09d6babf191023b644b75f9d8,2021-03,South Yorkshire Police,South Yorkshire Police,-1.449245,53.585310,On or near SPRING LANE,E01007437,Barnsley 002C,Unable to prosecute suspect
ecbfd949e84c6c431e3295b789edb75db594e0c36e5e50fb96323ee80d1b29ba,2021-03,South Yorkshire Police,South Yorkshire Police,-1.347650,53.436551,On or near DENMAN STREET,E01007769,Rotherham 017D,Unable to prosecute suspect
9174a86fd2dfa4f69cbb86c6b62243d89620f3c8b174241c15d91229812ca0eb,2021-03,South Yorkshire Police,South Yorkshire Police,-1.542346,53.391505,On or near OLDFIELD ROAD,E01008133,Sheffield 023E,Investigation complete; no suspect identified
2d20f22f01046042a44de038f020a32150dc47f1f0bec1e9fdecce555a9c1ed1,2021-03,South Yorkshire Police,South Yorkshire Police,-1.464258,53.602150,On or near CHEVET RISE,E01007439,Barnsley 001D,Investigation complete; no suspect identified
a18ffbe5738a6e29e34cbc5e101d120e6edede9ddfbdf7931896874c71e3c328,2021-03,South Yorkshire Police,South Yorkshire Police,-1.144805,53.617382,On or near KING'S ROAD,E01007489,Doncaster 002C,Local resolution
f412380170cdce2cb3d26ef95c1c36e3a8c8f8c839a1b59af2baeb4840a89494,2021-03,South Yorkshire Police,South Yorkshire Police,-1.412458,53.421993,On or near Pedestrian Subway,E01007852,Sheffield 014C,Offender given a drugs possession warning
406b54fc4afa3efebc7a3bb3f547bb449731835ef10dd6e622c4bf3b4b4fbb8f,2021-03,South Yorkshire Police,South Yorkshire Police,-1.412458,53.421993,On or near Pedestrian Subway,E01007852,Sheffield 014C,Offender given a drugs possession warning
2461fed7e5d87856130b44d02ff491ea2bfce932ac94ba3c98b7d37657733003,2021-03,South Yorkshire Police,South Yorkshire Police,-1.477812,53.536020,On or near NAPIER MOUNT,E01007459,Barnsley 021B,Investigation complete; no suspect identified
4dabd2fae1e6bb7ab3585853b84aaac3c1e20a31b67a5a4c7c39d1b513523f40,2021-03,South Yorkshire Police,South Yorkshire Police,-1.346327,53.437470,On or near GROSVENOR ROAD,E01007769,Rotherham 017D,Action to be taken by another organisation
8e191e7f062843cade0c4f2018858901be64304a10bf42cb7d6d217132927678,2021-03,South Yorkshire Police,South Yorkshire Police,-1.478943,53.552051,On or near Supermarket,E01007336,Barnsley 013A,Unable to prosecute suspect
2ef384cba139a6d4fe869d39212545c3b9b1a28ceb8982066849e3dd413e20bd,2021-03,South Yorkshire Police,South Yorkshire Police,-1.132915,53.527653,On or near Parking Area,E01007655,Doncaster 022F,Investigation complete; no suspect identified
f63e992e4d6ebe0d02e22447de7621bdf2d5ba8c00cb3a43fcb440504c25a1bc,2021-03,South Yorkshire Police,South Yorkshire Police,-1.412943,53.530982,On or near Sports/Recreation Area,E01007450,Barnsley 023D,Investigation complete; no suspect identified
cbab7b6358336d0ddd61b909198b74fb23ff567ed0031594ec588ad0ea2c0cd4,2021-03,South Yorkshire Police,South Yorkshire Police,-1.183571,53.497870,On or near MAYFLOWER ROAD,E01007552,Doncaster 033C,Investigation complete; no suspect identified
a55303082c3cc6a0f5d6c59bf5f03c2502f1fc2e2d70c913b32dcd89ab16fa60,2021-03,South Yorkshire Police,South Yorkshire Police,-1.187386,53.406292,On or near GIPSY LANE,E01007764,Rotherham 020F,Investigation complete; no suspect identified
a14327acf1e0727c68a86243ee26e4a522906d5f14e27f1cd5365c6742ee8da2,2021-03,South Yorkshire Police,South Yorkshire Police,-1.493139,53.369248,On or near Supermarket,E01007864,Sheffield 036D,Investigation complete; no suspect identified
c0ea69eee1352c5147d0aaaabf9b88b7ec0710a8ea794224e15d2918ffcc132f,2021-03,South Yorkshire Police,South Yorkshire Police,-1.368858,53.367560,On or near FLOCKTON CRESCENT,E01007972,Sheffield 044C,Unable to prosecute suspect
f8d37874855903d264b51d8c3403713e50962bbd7bc9c6f47470cf90bf063427,2021-03,South Yorkshire Police,South Yorkshire Police,-1.222604,53.446526,On or near BACK LANE,E01007613,Doncaster 033D,Investigation complete; no suspect identified
1243e046b7ae647a9d7744d95e365463eb8edd43d4e3fd56fcc6d61ffa920645,2021-03,South Yorkshire Police,South Yorkshire Police,-1.210355,53.372208,On or near PLANTATION AVENUE,E01007790,Rotherham 029E,Unable to prosecute suspect
ef39fe6765742df7abc9248ce839cb7fbe943bb3a872b4e6a2edd69433722b15,2021-03,South Yorkshire Police,South Yorkshire Police,-1.495738,53.426598,On or near WOLFE ROAD,E01008086,Sheffield 009B,Unable to prosecute suspect
f24db76fe6bba0b0911c5a67232b055487de61ff282af3cf3088ad70aaadea2f,2021-03,South Yorkshire Police,South Yorkshire Police,-1.457276,53.374268,On or near FARM BANK ROAD,E01033268,Sheffield 075G,Unable to prosecute suspect
514a578c93d1016a2a9c828cd4190110cc932dcdf3a3e4c64bd53a6a62f8c3a3,2021-03,South Yorkshire Police,South Yorkshire Police,-1.438344,53.556397,On or near ROGER ROAD,E01007403,Barnsley 011C,Investigation complete; no suspect identified
c222088b9bbc660ebdfefdb784ff3c0479fe70f2ab2ec9f87e6a91188de37d5e,2021-03,South Yorkshire Police,South Yorkshire Police,-1.444063,53.359304,On or near BERNERS DRIVE,E01008100,Sheffield 048B,Investigation complete; no suspect identified
e707bd7ee4dba6e8e9b8f03c89c5fbc52ff4bfe6f73f1ed584ef521294778a94,2021-03,South Yorkshire Police,South Yorkshire Police,-1.444063,53.359304,On or near BERNERS DRIVE,E01008100,Sheffield 048B,Investigation complete; no suspect identified
81aa3ca19f20f90ad42965e769aae88170daa8c89d7d87a58bcf69bfebf6c30f,2021-03,South Yorkshire Police,South Yorkshire Police,-1.506351,53.366481,On or near MARMION ROAD,E01007935,Sheffield 047C,Investigation complete; no suspect identified
14a7329c45ad9cdd808dec833fdca8b7a4103d563a5beb8afe0444bc972d1dd9,2021-03,South Yorkshire Police,South Yorkshire Police,-1.337129,53.454920,On or near VICTORIA ROAD,E01007776,Rotherham 008B,Suspect charged
a79c5195268b952ed408f44c4098f921d92122d6d18a35b01ca6b156b700bd6a,2021-03,South Yorkshire Police,South Yorkshire Police,-0.945230,53.630432,On or near GENEVA SQUARE,E01007634,Doncaster 001C,Investigation complete; no suspect identified
f15898df8a959d303860dd0347511facc76f7d51bae2bc5665d962f228fdd434,2021-03,South Yorkshire Police,South Yorkshire Police,-1.465930,53.381723,On or near Pedestrian Subway,E01033264,Sheffield 073D,Local resolution
fc1264d677457818cf6f728a006f2e29c952c5685c699015bf63226662e1b2ba,2021-03,South Yorkshire Police,South Yorkshire Police,-1.480141,53.388815,On or near MALINDA STREET,E01033263,Sheffield 073C,Investigation complete; no suspect identified
cf5de7ffee7ff376dcb0b164290b4066eb5f37bf2126eacc8a29b76d4e924dd3,2021-03,South Yorkshire Police,South Yorkshire Police,-1.292517,53.493333,On or near WEST STREET,E01007577,Doncaster 031F,Unable to prosecute suspect
45645d783abc2ae69e4a9cd352d58c918951142716642de113dd03905a6176b0,2021-03,South Yorkshire Police,South Yorkshire Police,-1.515484,53.378824,On or near TAPTON BANK,E01007951,Sheffield 029A,Investigation complete; no suspect identified
2a50836401890c812d59e35ca86bc2192a4ca30c40ab78fe1780a452ea01385e,2021-03,South Yorkshire Police,South Yorkshire Police,-1.356714,53.429436,On or near SHIP HILL,E01007714,Rotherham 017B,Unable to prosecute suspect
5591e4f58811e780e32a81a1571a7f0866808bb9fd64dca0a584cb62b8ac0a72,2021-03,South Yorkshire Police,South Yorkshire Police,-1.461024,53.335697,On or near NORTON CHURCH GLEBE,E01008078,Sheffield 064E,Local resolution
6a4d1ebb071a952d3d809a8469d9a509b7153af48e0548e22ec3e48eb964a678,2021-03,South Yorkshire Police,South Yorkshire Police,-1.184090,53.568974,On or near PARK VIEW,E01007504,Doncaster 009F,Investigation complete; no suspect identified
529dd78c98cc65fb3f3186790ec2d458ae1630e469c72fecbd69ae44049a28fc,2021-03,South Yorkshire Police,South Yorkshire Police,-1.191926,53.423096,On or near FARQUHAR ROAD,E01007763,Rotherham 020E,Investigation complete; no suspect identified
1a6304b8287bc7cbd1320b1f14dd964157ffcaf98e4daf56c790ceb1f13f2203,2021-03,South Yorkshire Police,South Yorkshire Police,-1.439819,53.412498,On or near WENSLEY STREET,E01007851,Sheffield 013B,Further action is not in the public interest
c4d88a7014cf78def0044deedb2662ae4523a6e8203c25e49994d29483205f7d,2021-03,South Yorkshire Police,South Yorkshire Police,-1.418278,53.388026,On or near BALFOUR DRIVE,E01007906,Sheffield 027D,Investigation complete; no suspect identified
6624fa8daae8028cfac93066b3a0fe23155d4e25d1e08c05642b99c4c3cd1738,2021-03,South Yorkshire Police,South Yorkshire Police,-1.464516,53.570980,On or near RIDINGS AVENUE,E01032550,Barnsley 010G,Unable to prosecute suspect
9d068277dcb300667022de076be4bcdabcc50726650b7bb9508a19f8023f2178,2021-03,South Yorkshire Police,South Yorkshire Police,,,No location,,,Suspect charged
3769b6e80f146d1d19e26e9dfc10db318288b8af5f0c718c94808c7701d43cfa,2021-03,South Yorkshire Police,South Yorkshire Police,-1.090337,53.534312,On or near MONTGOMERY GARDENS,E01007566,Doncaster 018C,Investigation complete; no suspect identified
cf90c8f69d6e226f4e0fc50543bd35bf8e696a3c542779cbb7e057303ed163ac,2021-03,South Yorkshire Police,South Yorkshire Police,-1.457356,53.529888,On or near WEST STREET,E01007458,Barnsley 021A,Unable to prosecute suspect
2f00962489157da38f1b31b1a02085fb134478fd64f2280b429065c9cfd4d077,2021-03,South Yorkshire Police,South Yorkshire Police,-1.388024,53.341008,On or near ARDSLEY DRIVE,E01008038,Sheffield 061C,Investigation complete; no suspect identified
e68fe6ac4b58e3a4c2cccc3601df900d5c7e82c322207513c4e57b1074462c64,2021-03,South Yorkshire Police,South Yorkshire Police,-1.273451,53.493210,On or near BENITA AVENUE,E01007579,Doncaster 030C,Unable to prosecute suspect
09596f0ca8d8456e724b801f02a9cd197590671aa726179ca82431e05ae47d99,2021-03,South Yorkshire Police,South Yorkshire Police,-1.482512,53.364385,On or near THORNSETT ROAD,E01008051,Sheffield 050E,Suspect charged
1d752c920b117ffcba6ca47f98bad8712ff2ed6c16cf0299601a71bc29fff8ea,2021-03,South Yorkshire Police,South Yorkshire Police,-1.154848,53.529994,On or near Sports/Recreation Area,E01007584,Doncaster 021A,Unable to prosecute suspect
cd39b718e484c5aaca01eb6646f4b35c1bc1cda2ea64d96ef6c178272b49c58d,2021-03,South Yorkshire Police,South Yorkshire Police,-1.427626,53.344593,On or near WHITE LANE,E01008006,Sheffield 054D,Unable to prosecute suspect
c569c94e40e3df8b920e400aee98d0a08e5ac860be25b1590c544b332ae3deac,2021-03,South Yorkshire Police,South Yorkshire Police,-1.342620,53.451328,On or near LLOYD STREET,E01007784,Rotherham 008D,Investigation complete; no suspect identified
b2b0a0d0939d3968d827603ce6581705546c58278e215c78ce0dc933903f0619,2021-03,South Yorkshire Police,South Yorkshire Police,-1.006687,53.574383,On or near DONCASTER ROAD,E01007555,Doncaster 006B,Investigation complete; no suspect identified
1e05a9f8727feb9e1eb8c9e930d85dab724f791a03d0b96dd3bbeebddbba38d3,2021-03,South Yorkshire Police,South Yorkshire Police,-1.451008,53.601982,On or near RUSTON DRIVE,E01007434,Barnsley 001A,Further action is not in the public interest
a838f2c2b5bf5ec7fa02888d6f7b298fc8754aac8cf9b45c759f816801582bae,2021-03,South Yorkshire Police,South Yorkshire Police,-1.082095,53.478672,On or near RUFUS LANE,E01007592,Doncaster 037B,Unable to prosecute suspect
b84021b667355c8eff783c9f5795b0ac9dd62b7a524df56010f5e94447158433,2021-03,South Yorkshire Police,South Yorkshire Police,-1.386207,53.505087,On or near LYNTHWAITE CLOSE,E01007695,Rotherham 001C,Suspect charged
c3975f29ae87a17417d77bc60d2df7694bbe2530f645f6cfe2678721c54d4bf5,2021-03,South Yorkshire Police,South Yorkshire Police,-1.342308,53.436423,On or near CLARENDON ROAD,E01007768,Rotherham 014D,Investigation complete; no suspect identified
42525ce3d5f7d701002742bd59da8567bbea4c430d910ce46600fd1bd254472b,2021-03,South Yorkshire Police,South Yorkshire Police,-1.470378,53.379487,On or near PINSTONE STREET,E01033264,Sheffield 073D,Investigation complete; no suspect identified
bd46f837c483a418aa8bc57c4269fff00fbf847ee64e27080ea9c77610e17a42,2021-03,South Yorkshire Police,South Yorkshire Police,-1.396422,53.415270,On or near OVERSLEY STREET,E01007914,Sheffield 018D,Unable to prosecute suspect
d19f9fa808a597a13bf2cf68321b36787755f51855f38de5d57596376bab714a,2021-03,South Yorkshire Police,South Yorkshire Police,-1.388434,53.450879,On or near TEESDALE ROAD,E01007730,Rotherham 009C,Unable to prosecute suspect
29a072544ef1245a3cbb546c0144c63273aad1583ed969d2979a4c877e60efa9,2021-03,South Yorkshire Police,South Yorkshire Police,-1.488118,53.370620,On or near SAWDON ROAD,E01008111,Sheffield 040D,Suspect charged
de573e103e612745cfd24e012d951b3f77418e9c8085eadf9498b22a0e586ef4,2021-03,South Yorkshire Police,South Yorkshire Police,-1.238683,53.476050,On or near POPLAR GROVE,E01007540,Doncaster 035D,Suspect charged
a6dae0d1fcab73a92d0711c27b3cbaf48087b395bdd79725f365fd93d7cdfe9a,2021-03,South Yorkshire Police,South Yorkshire Police,-1.447674,53.418206,On or near B6086,E01007851,Sheffield 013B,Unable to prosecute suspect
165e01f569742985ece54912c2b9dcfdf914285fbd29356099bdfdd871794a64,2021-03,South Yorkshire Police,South Yorkshire Police,-1.388935,53.454764,On or near Pedestrian Subway,E01007732,Rotherham 009E,Unable to prosecute suspect
4ade60b281900b2fbdcea567b688d2349bb2a9cd408805e9b604c7301618aa9d,2021-03,South Yorkshire Police,South Yorkshire Police,-1.482526,53.556570,On or near Further/Higher Educational Building,E01007336,Barnsley 013A,Unable to prosecute suspect
feed2aae555c27c0e150a32efc6e33106e3ed15d4328c015782b3af3f2e1300c,2021-03,South Yorkshire Police,South Yorkshire Police,-1.179980,53.543373,On or near LAYDEN DRIVE,E01007587,Doncaster 020C,Unable to prosecute suspect
6e378a5fc72039c950abbb5c6c8e5bea711bace60f399751fa5d81a9475d6fcb,2021-03,South Yorkshire Police,South Yorkshire Police,-1.513478,53.409746,On or near BRAEMORE ROAD,E01007991,Sheffield 016D,Investigation complete; no suspect identified
adaea5d923736105f0a11645c23e1c54fac6928163f4aa5900a4d2ec56f89ce4,2021-03,South Yorkshire Police,South Yorkshire Police,-1.396422,53.415270,On or near OVERSLEY STREET,E01007914,Sheffield 018D,Unable to prosecute suspect
c4d14c3e50906c367356b93bba8af0d193ac3076ccc4b0143915559076d9e9d4,2021-03,South Yorkshire Police,South Yorkshire Police,-1.465650,53.461784,On or near MARKET STREET,E01007894,Sheffield 004E,Investigation complete; no suspect identified
02e3f2aba5fc67e81bb55fa83a934f8e65affcb2854dbfe7a9686cc2d4e9b1bf,2021-03,South Yorkshire Police,South Yorkshire Police,-1.212380,53.374055,On or near OUTGANG LANE,E01007789,Rotherham 028C,Suspect charged
c7cd1e4bf3c20fe8060ff6ba795bfd2216d6630043f62d434c5e48eaac6191a1,2021-03,South Yorkshire Police,South Yorkshire Police,-1.142426,53.616888,On or near SUNNYMEDE TERRACE,E01007489,Doncaster 002C,Unable to prosecute suspect
dd099b2193cad2692f8d6ec50318c653571e4650e298e92c0edcafedb734472e,2021-03,South Yorkshire Police,South Yorkshire Police,-1.460881,53.573040,On or near ST HELEN'S BOULEVARD,E01007327,Barnsley 007E,Investigation complete; no suspect identified
1f9d5e4b2c032393e253f97a6a6eb9e334e09102c12ef051e4b5f76e43eb1498,2021-03,South Yorkshire Police,South Yorkshire Police,-1.357293,53.427003,On or near COKE HILL,E01007714,Rotherham 017B,Unable to prosecute suspect
191bd2f280473b846e878a0ad564f3bc97d1c8f6f2f0b31dc77958a4eb991934,2021-03,South Yorkshire Police,South Yorkshire Police,-1.486278,53.578329,On or near ELLAND CLOSE,E01007411,Barnsley 007F,Investigation complete; no suspect identified
02a88766e3419fcd36258b7a9808978ea00fda8b5a3a4032ef3fe00160d07db9,2021-03,South Yorkshire Police,South Yorkshire Police,-1.179980,53.543373,On or near LAYDEN DRIVE,E01007587,Doncaster 020C,Unable to prosecute suspect
6f3c19f234088aa20a07b31f1e4cb2721e07033f2c13e487171f26d38e3aa7b6,2021-03,South Yorkshire Police,South Yorkshire Police,-1.390316,53.445612,On or near SIMMONITE ROAD,E01007806,Rotherham 011D,Unable to prosecute suspect
64ec5ede1d21b452c318a65c112129d50a1736fcd666cbef16acf640f81a8711,2021-03,South Yorkshire Police,South Yorkshire Police,-0.960151,53.615237,On or near KENYON CLOSE,E01007637,Doncaster 003B,Unable to prosecute suspect
3a1b8fe81941b39693f3703b733e2fee1cb790d5139f688faacf03ee45a2eedf,2021-03,South Yorkshire Police,South Yorkshire Police,-1.466337,53.382893,On or near HIGH STREET,E01033264,Sheffield 073D,Unable to prosecute suspect
622bbf5a475cc8c3c2a6736731d52b21260a82344755d10de8c9bc4417d4e984,2021-03,South Yorkshire Police,South Yorkshire Police,-0.967203,53.610624,On or near DUNSTAN DRIVE,E01007639,Doncaster 003D,Investigation complete; no suspect identified
67f98edbe70fba220c7a28b0523df3c320d9db498a2209554275e6fb081ced47,2021-03,South Yorkshire Police,South Yorkshire Police,-1.493139,53.369248,On or near Supermarket,E01007864,Sheffield 036D,Investigation complete; no suspect identified
af0c4315df840b1c0c87f4ec6a5231b6fcaad6ecb64212bb8edbbc5d4a75223c,2021-03,South Yorkshire Police,South Yorkshire Police,-1.380816,53.434184,On or near Pedestrian Subway,E01007715,Rotherham 016A,Investigation complete; no suspect identified
1b9f5d799867a5dc9c801f724315b9c11254810d7f39fc6a9e257389741eb7ec,2021-03,South Yorkshire Police,South Yorkshire Police,-1.348387,53.335162,On or near SANDY ACRES DRIVE,E01008039,Sheffield 065F,Unable to prosecute suspect
55291caed8f9ecadb4cbe33238c5a0cd48955e56f0539a67c714cca9e713ae14,2021-03,South Yorkshire Police,South Yorkshire Police,-1.030428,53.598793,On or near NEW GREEN,E01007628,Doncaster 004D,Unable to prosecute suspect
719110245bc4687a7a396c5fa635a7b0784be4a6d847ae431b3725566a5ccbfe,2021-03,South Yorkshire Police,South Yorkshire Police,-1.427953,53.363929,On or near CULLABINE ROAD,E01008013,Sheffield 039C,Unable to prosecute suspect
f75bbc215f4c641adbced6a6d55c407ebf5fa4afd406dace21c4497bc70bc65c,2021-03,South Yorkshire Police,South Yorkshire Police,-1.303881,53.534792,On or near ELIZABETH STREET,E01007376,Barnsley 022D,Investigation complete; no suspect identified
070954eaf04e1c0d28748a790e584b74488f647f3f2b12b8aef71014a4b52f67,2021-03,South Yorkshire Police,South Yorkshire Police,-1.145474,53.467285,On or near CHURCH ROAD,E01007611,Doncaster 039A,Investigation complete; no suspect identified
ae18a23b7be39fe9332d4622a46fbda551c5d2d5000c6c1a18e969a228617d6c,2021-03,South Yorkshire Police,South Yorkshire Police,-1.113420,53.521389,On or near MANOR DRIVE,E01007647,Doncaster 019C,Investigation complete; no suspect identified
38fb0bda5cc514ce0c8b13275fd3cec0601cb0116bff40f410302d6d06023dbe,2021-03,South Yorkshire Police,South Yorkshire Police,-1.359948,53.417526,On or near WARDEN STREET,E01007676,Rotherham 025A,Unable to prosecute suspect
b1f8f6e0b7adf60dd0d38dd2032683f3a5393e3a43fbf979966286c7b7821fb5,2021-03,South Yorkshire Police,South Yorkshire Police,-1.169934,53.530774,On or near WALSHAM DRIVE,E01007589,Doncaster 016D,Investigation complete; no suspect identified
aef391648ff7d770be5d4d5fe6389af57b956484ec7499e9a0954fcb3dcc612b,2021-03,South Yorkshire Police,South Yorkshire Police,-1.359948,53.417526,On or near WARDEN STREET,E01007676,Rotherham 025A,Unable to prosecute suspect
5eb69bb385b2d55d6920a6f41cc694174b92a7c2199949fc593005dc0a0ac389,2021-03,South Yorkshire Police,South Yorkshire Police,-1.386142,53.431245,On or near UPPER CLARA STREET,E01007718,Rotherham 016D,Unable to prosecute suspect
4458a8bf93b31bac66b2437e292a01277ad80ed72e8013c8a81862a2a6461a83,2021-03,South Yorkshire Police,South Yorkshire Police,-1.488722,53.414263,On or near HERRIES ROAD,E01008124,Sheffield 012F,Investigation complete; no suspect identified
76fbc57dde3308ba474616bfb4f229f905a4500d252337cab1a601bd89b52f97,2021-03,South Yorkshire Police,South Yorkshire Police,-1.373622,53.359369,On or near Supermarket,E01007970,Sheffield 049D,Investigation complete; no suspect identified
3adf7498022fc802167b85ca90df8a7b8429f70c9e5bf00e55c117a1232417c8,2021-03,South Yorkshire Police,South Yorkshire Police,-1.495487,53.560858,On or near CHURCH VIEW,E01007408,Barnsley 010C,Further action is not in the public interest
70afe2c92890e8ef8ad6d73b8fec3639e0b8a625284478fa576babb8753cbbe7,2021-03,South Yorkshire Police,South Yorkshire Police,-1.386207,53.505087,On or near LYNTHWAITE CLOSE,E01007695,Rotherham 001C,Suspect charged
03366243d7c75b854e3b1f112b7c80c078401cb4fa143c6ea70bf68da611dac3,2021-03,South Yorkshire Police,South Yorkshire Police,-1.408529,53.592216,On or near HIGH GATE WAY,E01007331,Barnsley 003B,Action to be taken by another organisation
91a736cb4ef0dca257ebd741bbcc83f64d0a95113c81339505c215786f38d9fd,2021-03,South Yorkshire Police,South Yorkshire Police,-1.397622,53.375043,On or near RICHMOND PARK CRESCENT,E01007910,Sheffield 037A,Unable to prosecute suspect
bafdc7596cca098159f1abc6a533b00bb8e570e51e14211c63ab492c62a42e51,2021-03,South Yorkshire Police,South Yorkshire Police,-1.449674,53.601113,On or near STRAWBERRY GARDENS,E01007434,Barnsley 001A,Investigation complete; no suspect identified
63694d2680be48607f00b20c9aee9095289935d38db321b4a11f21446bef42aa,2021-03,South Yorkshire Police,South Yorkshire Police,-1.362122,53.447236,On or near BARBOT HALL DRIVE,E01007728,Rotherham 009A,Investigation complete; no suspect identified
6d60b3815671b3dccf97584e291bdbb4631dea70813c79408adcc9fc707fafff,2021-03,South Yorkshire Police,South Yorkshire Police,-1.088217,53.545190,On or near Park/Open Space,E01007656,Doncaster 015F,Investigation complete; no suspect identified
00de45879a5a233dbecec8b97ac991f7276d1290ac9f5f6cd215a949ad8b7898,2021-03,South Yorkshire Police,South Yorkshire Police,-1.069517,53.512911,On or near BRANTWOOD CRESCENT,E01007525,Doncaster 024B,Investigation complete; no suspect identified
0a3cb822172c88d44cbe3915fcf9307803523e255df0c1edc23de0b2817e60dd,2021-03,South Yorkshire Police,South Yorkshire Police,-1.229850,53.423823,On or near Police Station,E01007761,Rotherham 018E,Unable to prosecute suspect
d4124d4d0968f4d45143968238a62dd2bc11730f712a3cca7b3da66f12322339,2021-03,South Yorkshire Police,South Yorkshire Police,-1.353363,53.331809,On or near MEADOWCROFT GARDENS,E01008022,Sheffield 065C,Investigation complete; no suspect identified
c5f9978adde99a990a83a9b2883bed4ec9f6b5b8bf00087db1b28acfa18303ba,2021-03,South Yorkshire Police,South Yorkshire Police,-1.016327,53.432161,On or near QUEEN'S CRESCENT,E01007609,Doncaster 038B,Investigation complete; no suspect identified
6f6567592aecf66fbd02bbcb563707ce265007bf838ac587f56fb0a0dd491bce,2021-03,South Yorkshire Police,South Yorkshire Police,-1.427990,53.404936,On or near BRIGHTSIDE LANE,E01033269,Sheffield 022G,Investigation complete; no suspect identified
e63e86f7ca579813cac2d285631dca9e2b28620a7de306a74901b80f97851acc,2021-03,South Yorkshire Police,South Yorkshire Police,-1.403307,53.447925,On or near FOX CLOSE,E01007804,Rotherham 011B,Local resolution
2ccba4ef5cc605d5f3f069e5bb722323eb72a01628181c36ea5992b4a36c2998,2021-03,South Yorkshire Police,South Yorkshire Police,-1.403307,53.447925,On or near FOX CLOSE,E01007804,Rotherham 011B,Local resolution
d1045ed2ef09846b2f3ec124d31d5eac9c57cedb19f82494d1ba7e5d5ad029ae,2021-03,South Yorkshire Police,South Yorkshire Police,-1.198954,53.600669,On or near CARDINAL GARDENS,E01007490,Doncaster 002D,Investigation complete; no suspect identified
0601bebd7b54cd74b8e0a1ae0a382c3e1e191a9c7274029e3b1a37befd0642c3,2021-03,South Yorkshire Police,South Yorkshire Police,-1.403307,53.447925,On or near FOX CLOSE,E01007804,Rotherham 011B,Local resolution
2393d2e7fab04027cd3f026877bdf550f3920376b23bf0358af9adb405e1fcb9,2021-03,South Yorkshire Police,South Yorkshire Police,-1.398500,53.346841,On or near Petrol Station,E01007838,Sheffield 076A,Investigation complete; no suspect identified
bb161bb55cd0a0c13504dfebb710325d762e840c9525673b3a9bb63ce58c3a9f,2021-03,South Yorkshire Police,South Yorkshire Police,-1.211535,53.370948,On or near Supermarket,E01007790,Rotherham 029E,Investigation complete; no suspect identified
a789cd823248cd648a39680baec559568d96956ccf497a6fe709218df343a83e,2021-03,South Yorkshire Police,South Yorkshire Police,-1.476474,53.377635,On or near ELDON STREET,E01008114,Sheffield 074A,Local resolution
78cfc614971d0be9c663e47ec75473e98dae708f377dea58508fc73e0a0031d4,2021-03,South Yorkshire Police,South Yorkshire Police,-1.466037,53.397202,On or near CHRIST CHURCH ROAD,E01007870,Sheffield 019A,Further action is not in the public interest
07bcd1a2ee0a60a5055e5bdb714f0ef4b8286da87db55bd0ff340457ed3dac5c,2021-03,South Yorkshire Police,South Yorkshire Police,-1.149614,53.502074,On or near CROOKES ROAD,E01007495,Doncaster 028A,Unable to prosecute suspect
cec8192ac73ac75128e6448444adac73f99d95ab9e2c4a2635311f5cb299710e,2021-03,South Yorkshire Police,South Yorkshire Police,-1.055499,53.535687,On or near Petrol Station,E01007482,Doncaster 014D,Investigation complete; no suspect identified
0423fa3ccc37fbd55d0fd63c6c3a6a7f3af3c12b8113f554272f29f3fe6b05b2,2021-03,South Yorkshire Police,South Yorkshire Police,-1.476474,53.377635,On or near ELDON STREET,E01008114,Sheffield 074A,Investigation complete; no suspect identified
6f1acb9254ed56c244e9843348ba4bd76a1e53e4dc827a00e3abae6f383aa8c5,2021-03,South Yorkshire Police,South Yorkshire Police,-1.153752,53.565294,On or near CAVENDISH ROAD,E01007511,Doncaster 010E,Investigation complete; no suspect identified
7c81b83cf54585846239af5bed78144792e7ba5a3465d0ecf34c07ee26dce09d,2021-03,South Yorkshire Police,South Yorkshire Police,-1.467809,53.531176,On or near ASHOVER CLOSE,E01007463,Barnsley 021F,Investigation complete; no suspect identified
6214265e5c36dc662e4b7051c719c37bc5016f6a922b243a413cdc7aa2576f42,2021-03,South Yorkshire Police,South Yorkshire Police,-1.444858,53.503809,On or near CROFT ROAD,E01007395,Barnsley 030E,Unable to prosecute suspect
f011937a88d274f7d23f739ec969d98201f9647e66d337dfbd7bf6a02ce29945,2021-03,South Yorkshire Police,South Yorkshire Police,-1.218339,53.427056,On or near COLUMBUS WAY,E01007756,Rotherham 018D,Investigation complete; no suspect identified
666e65d1f95f41432832b65868340d283580a914c126cddda0ce80db223ea421,2021-03,South Yorkshire Police,South Yorkshire Police,-1.201267,53.466664,On or near B6094,E01007613,Doncaster 033D,Investigation complete; no suspect identified
eb88698860fbc8f171983dbbace095b7a3cbe195f4ccd8cd3820a026765ea2f0,2021-03,South Yorkshire Police,South Yorkshire Police,-1.432874,53.378164,On or near SEATON CRESCENT,E01008015,Sheffield 039D,Investigation complete; no suspect identified
e6617b74383d73c2038d932cd41bf51af18ec4c7a42e926014b1ea25e0a9f3b6,2021-03,South Yorkshire Police,South Yorkshire Police,-0.990449,53.591649,On or near Petrol Station,E01007559,Doncaster 008D,Investigation complete; no suspect identified
47cc523822f0adb4c2c1a56f34ea5429af894feede656da6f256d8b77e787231,2021-03,South Yorkshire Police,South Yorkshire Police,-1.481114,53.363156,On or near STEADE ROAD,E01008105,Sheffield 040A,Investigation complete; no suspect identified
88921dfdb714ca51d09444328a1259c2ef2f3e1cddcd0b34363cc71f5e79f4bc,2021-03,South Yorkshire Police,South Yorkshire Police,-1.471720,53.377911,On or near Pedestrian Subway,E01033265,Sheffield 074C,Investigation complete; no suspect identified
a0704aefb379381d2b7fd820b383dfa33b3d053ada59cba1b8010e9c08ec5b43,2021-03,South Yorkshire Police,South Yorkshire Police,-1.077614,53.496983,On or near BESSACARR LANE,E01007606,Doncaster 027D,Unable to prosecute suspect
cbaf2c1404a95212a88e94faf9b469eb3f5ff9a9daf0a947f79b21241e536962,2021-03,South Yorkshire Police,South Yorkshire Police,-1.380072,53.356985,On or near SWALLOW WOOD COURT,E01007968,Sheffield 049C,Investigation complete; no suspect identified
ac500019e7ce8059a80e3f9ed9f0c699da9ac66469e48ed76116d56618d4a10e,2021-03,South Yorkshire Police,South Yorkshire Police,-1.214398,53.426113,On or near Sports/Recreation Area,E01007762,Rotherham 018F,Investigation complete; no suspect identified
9282fbf28e34e57255f65ac1e9012e03441e99df9ec2805cc57fd54eb78c8bab,2021-03,South Yorkshire Police,South Yorkshire Police,-1.475988,53.550573,On or near FREEMANS YARD,E01007338,Barnsley 017A,Investigation complete; no suspect identified
92d9741098b5907d8daf307b2619de65068b72763bb5655b270666ef639e9beb,2021-03,South Yorkshire Police,South Yorkshire Police,-1.023099,53.598177,On or near CROSSWAYS,E01007628,Doncaster 004D,Investigation complete; no suspect identified
4b216a444074027a60aae29570fe304272903de72d9e5d4ec1cd60f40fa29a2c,2021-03,South Yorkshire Police,South Yorkshire Police,-1.587196,53.544231,On or near WHIH MOOR LANE,E01007420,Barnsley 016C,Investigation complete; no suspect identified
208db007da7e9f12595594f47f5da9ede20e874e10f079a0c0f5973489b219f4,2021-03,South Yorkshire Police,South Yorkshire Police,-1.483402,53.561481,On or near HONEYWELL LANE,E01007409,Barnsley 010D,Investigation complete; no suspect identified
c4649ba76d0ec0b9cab3c5b8fc7a3ec4e11166b913db86afa60be9b153c8efc9,2021-03,South Yorkshire Police,South Yorkshire Police,-1.465172,53.371437,On or near STORE STREET,E01033273,Sheffield 042F,Local resolution
cb048c5227acb52d64377b56d07a54924edd27f379e9f4b1b4df94c961cc180b,2021-03,South Yorkshire Police,South Yorkshire Police,-1.460136,53.384609,On or near Park/Open Space,E01033268,Sheffield 075G,Investigation complete; no suspect identified
6fb47b2f6f64484844021a6c1c4ce2003ddcb0be6d92d95d7b48e510cf9b2766,2021-03,South Yorkshire Police,South Yorkshire Police,-1.144864,53.513366,On or near LITTLEMOOR LANE,E01007533,Doncaster 023C,Investigation complete; no suspect identified
e42156fa49b97e25b8d95637ccc057bd0e0d966ea62e1d37aec92acc10b7e57a,2021-03,South Yorkshire Police,South Yorkshire Police,-1.120369,53.531795,On or near OLD SCHOOL WAY,E01007654,Doncaster 019F,Investigation complete; no suspect identified
88343befe7f79d92bc5187b649945ebb69c78a7e5d81da5f1f65963d67508a1c,2021-03,South Yorkshire Police,South Yorkshire Police,-1.151611,53.504767,On or near TENBY GARDENS,E01007495,Doncaster 028A,Investigation complete; no suspect identified
ee057ccd2d5ba50eb3ab788f277004b8fc5cd088abb0f4edd4e0b5fb97800307,2021-03,South Yorkshire Police,South Yorkshire Police,-1.465172,53.371437,On or near STORE STREET,E01033273,Sheffield 042F,Local resolution
47839f9871ee7006d6209bb63d708120b8d3a071964a90b628eaad87d5e36972,2021-03,South Yorkshire Police,South Yorkshire Police,-1.465215,53.528719,On or near HALDENE,E01007463,Barnsley 021F,Unable to prosecute suspect
99a936e8cb9cef85b4dd2586eb97c297a58b5daafd53d3668b295e96df209b12,2021-03,South Yorkshire Police,South Yorkshire Police,-1.474857,53.375911,On or near Shopping Area,E01008114,Sheffield 074A,Investigation complete; no suspect identified
26bb16e7420d57cd10277ab33f3f9f087e1d7f8ec5f9626f11eb665e0ea6015b,2021-03,South Yorkshire Police,South Yorkshire Police,-1.487384,53.431695,On or near MANSEL AVENUE,E01008116,Sheffield 009C,Investigation complete; no suspect identified
657fb63754df642ba3c240d44b973ccb9c04926926a1028f7fa1ea9b5f8ccbb4,2021-03,South Yorkshire Police,South Yorkshire Police,-1.465935,53.541091,On or near Sports/Recreation Area,E01007414,Barnsley 017D,Unable to prosecute suspect
fe1da5e72b15ae2297d704838897f6305af2d5fb1051631aa5cdae1db7f104f0,2021-03,South Yorkshire Police,South Yorkshire Police,-1.108854,53.485220,On or near RAKE'S LANE,E01007611,Doncaster 039A,Investigation complete; no suspect identified
0b0e20c234e6aa93c2e9e116174167e1a787b8adc605a3a44321e5f33456066a,2021-03,South Yorkshire Police,South Yorkshire Police,-1.351944,53.553983,On or near CHURCH STREET,E01007349,Barnsley 020B,Investigation complete; no suspect identified
e6ea8a6d74bbb24c33ca8d86963778b6f62745a311a3d9ce3090a66c92898a5b,2021-03,South Yorkshire Police,South Yorkshire Police,-1.375641,53.359964,On or near MAUNCER CRESCENT,E01007964,Sheffield 049A,Offender given a caution
436ff2ece1c410659ed377d44282396d32d157cc71962286df075bd8e55e087a,2021-03,South Yorkshire Police,South Yorkshire Police,-1.373029,53.535759,On or near VICTORIA STREET,E01007351,Barnsley 020D,Investigation complete; no suspect identified
af23419812ed40d9bf31cb7ee985b95d1368f1e1d796d65c87ad084514a7f73a,2021-03,South Yorkshire Police,South Yorkshire Police,-1.478228,53.323863,On or near LUPTON ROAD,E01008080,Sheffield 069D,Investigation complete; no suspect identified
aba389c09a199d0c9876e826282bd04545d9431827ba5ba89b6adc2d58bffcef,2021-03,South Yorkshire Police,South Yorkshire Police,-1.419912,53.389490,On or near FLAXBY ROAD,E01007905,Sheffield 027C,Investigation complete; no suspect identified
b0a0e558d71133de4a1cde1e88e14bd4d0dc2107ca2c707052dcae393b45eb66,2021-03,South Yorkshire Police,South Yorkshire Police,-1.467881,53.409758,On or near LONGLEY AVENUE WEST,E01007872,Sheffield 020B,Investigation complete; no suspect identified
5054c56af0d5adcd63007580a93bab004493dd3d25575cf12f6f3f1ae5414184,2021-03,South Yorkshire Police,South Yorkshire Police,-1.490798,53.559131,On or near CARRINGTON STREET,E01007409,Barnsley 010D,Investigation complete; no suspect identified
176d8fe44756900ab8118d4e26c3461e26897a37f49f09aa28a815d710c64970,2021-03,South Yorkshire Police,South Yorkshire Police,-1.493139,53.369248,On or near Supermarket,E01007864,Sheffield 036D,Investigation complete; no suspect identified
e70f360168dcc27fb5d03d2f5a5f607a46e7d050ca8ec4cc97b57504bf70cef2,2021-03,South Yorkshire Police,South Yorkshire Police,-1.265747,53.500327,On or near DONNINGTON ROAD,E01007580,Doncaster 030D,Unable to prosecute suspect
3cd548837bde0e15f4b379d8bf863111e972fdf9b779fb7f3aac5db01e25dd69,2021-03,South Yorkshire Police,South Yorkshire Police,-1.265747,53.500327,On or near DONNINGTON ROAD,E01007580,Doncaster 030D,Unable to prosecute suspect
048bdc49cd51a7dc95e3d56b1ba79a8ed37bc82d116d3f0baeb7a1030fc04dbc,2021-03,South Yorkshire Police,South Yorkshire Police,-1.456429,53.535079,On or near WELLINGTON CRESCENT,E01007462,Barnsley 021E,Unable to prosecute suspect
786e722bfaad8ea1576104f67b0dc61803b82cdc6db7698eb48451952a677d31,2021-03,South Yorkshire Police,South Yorkshire Police,-1.492091,53.419464,On or near COOKSON CLOSE,E01008090,Sheffield 012C,Unable to prosecute suspect
ed85ee2144e9f5abf29194ee643a94a39e695409bf821da0ddf20ff65783f126,2021-03,South Yorkshire Police,South Yorkshire Police,-1.155208,53.514168,On or near WINDLE ROAD,E01007531,Doncaster 022C,Further action is not in the public interest
0cfc0633a2b297ceee42dfec0a9e1258279e81b3d53caad67c0a9648264307d5,2021-03,South Yorkshire Police,South Yorkshire Police,-1.260200,53.340689,On or near STONE CLOSE,E01007749,Rotherham 033B,Unable to prosecute suspect
62ab708290db7a513e8b9e6edae51214f42db12462b09eb834e69bab2f54959f,2021-03,South Yorkshire Police,South Yorkshire Police,-1.364106,53.432352,On or near Pedestrian Subway,E01007714,Rotherham 017B,Local resolution
2dcf0e53cc8ac14cfc622d55ee07e4c3f9915689d2a3e132162c99c3e7d8e32c,2021-03,South Yorkshire Police,South Yorkshire Police,-1.410675,53.584578,On or near CHARLES STREET,E01007343,Barnsley 003D,Investigation complete; no suspect identified
beec0eb9177b16206239f8196ff7acd6581643e1fd436b1379ba1d55ac0455de,2021-03,South Yorkshire Police,South Yorkshire Police,-1.593418,53.479203,On or near SHELDON ROAD,E01008145,Sheffield 001B,Suspect charged
beec0eb9177b16206239f8196ff7acd6581643e1fd436b1379ba1d55ac0455de,2021-03,South Yorkshire Police,South Yorkshire Police,-1.593418,53.479203,On or near SHELDON ROAD,E01008145,Sheffield 001B,Suspect charged
beec0eb9177b16206239f8196ff7acd6581643e1fd436b1379ba1d55ac0455de,2021-03,South Yorkshire Police,South Yorkshire Police,-1.593418,53.479203,On or near SHELDON ROAD,E01008145,Sheffield 001B,Suspect charged
3cb87145de844938bcb3c9bc8b278c00f1f234016d60e4301fd0afee3bb0bb88,2021-03,South Yorkshire Police,South Yorkshire Police,-1.518711,53.537836,On or near ROB ROYD,E01007385,Barnsley 019D,Unable to prosecute suspect
9ac6ffef0cb5abfeaf40e020eb4e1b211e0a9efbb86a7bca993d9dd6752406b5,2021-03,South Yorkshire Police,South Yorkshire Police,-1.492213,53.428120,On or near WILCOX ROAD,E01008116,Sheffield 009C,Investigation complete; no suspect identified
050771fb4113b011b491f35c831103b99650cfc87d6738025e4893dbf8fc72dc,2021-03,South Yorkshire Police,South Yorkshire Police,-1.428958,53.361849,On or near QUEEN MARY MEWS,E01008013,Sheffield 039C,Investigation complete; no suspect identified
bf82a04e5c6def3da3a3cdbb5fa7f7bd45681b3fb3541e6291d34b7d8bf9005f,2021-03,South Yorkshire Police,South Yorkshire Police,-1.500381,53.377135,On or near PEEL STREET,E01007867,Sheffield 030B,Investigation complete; no suspect identified
6e6f11335ed7f616803f7fbe1cfb3b3d38148d45345e14e2178df03143fdce48,2021-03,South Yorkshire Police,South Yorkshire Police,-1.317245,53.369712,On or near MASON DRIVE,E01007667,Rotherham 030A,Investigation complete; no suspect identified
60d9fefaf2b4e9d5c4b5dbb961363ad04b687603b46052354a6bd9182ded5980,2021-03,South Yorkshire Police,South Yorkshire Police,-1.493835,53.430958,On or near COWPER DRIVE,E01008085,Sheffield 009A,Unable to prosecute suspect
c16d486a2824a830d6fb746e9ab1448646416be19316ce8184816aee0126c59b,2021-03,South Yorkshire Police,South Yorkshire Police,-1.489826,53.549518,On or near RACECOMMON ROAD,E01007445,Barnsley 013G,Unable to prosecute suspect
c16d486a2824a830d6fb746e9ab1448646416be19316ce8184816aee0126c59b,2021-03,South Yorkshire Police,South Yorkshire Police,-1.489826,53.549518,On or near RACECOMMON ROAD,E01007445,Barnsley 013G,Unable to prosecute suspect
c16d486a2824a830d6fb746e9ab1448646416be19316ce8184816aee0126c59b,2021-03,South Yorkshire Police,South Yorkshire Police,-1.489826,53.549518,On or near RACECOMMON ROAD,E01007445,Barnsley 013G,Unable to prosecute suspect
6ac8b36e21746100b45b0e2ea4ed613fd76b16fe86488999fb6dcaef2f1cb6c1,2021-03,South Yorkshire Police,South Yorkshire Police,-1.484061,53.432660,On or near KNUTTON CRESCENT,E01008117,Sheffield 009D,Unable to prosecute suspect
f0f381d81f95600c273f7c106c071db46c26999c0ef5e0def079847c6a65e99a,2021-03,South Yorkshire Police,South Yorkshire Police,-1.141796,53.533110,On or near INGS ROAD,E01007517,Doncaster 013D,Investigation complete; no suspect identified
9d9a338f11f8f33ca9ce94cb29fba23894da7c958143df7cb2c6dbbd513304c2,2021-03,South Yorkshire Police,South Yorkshire Police,-1.474542,53.417356,On or near RAISEN HALL ROAD,E01007946,Sheffield 015C,Investigation complete; no suspect identified
112dec3f1412af69b4b4c4537224c1de2aad267413b9e9df7a9d7d42550c8f95,2021-03,South Yorkshire Police,South Yorkshire Police,-1.097612,53.507913,On or near CORNFLOWER DRIVE,E01007527,Doncaster 027B,Further action is not in the public interest
26db69d3ecf69a88c7ec3725b4b539c5707b85c79efd1a1c938a5f4e0a4d5e49,2021-03,South Yorkshire Police,South Yorkshire Police,-1.371167,53.434232,On or near CLOUGH ROAD,E01007716,Rotherham 016B,Unable to prosecute suspect
bfc80f3351e1cb0fa4f0003b139869b7c089ec96012e94110d309eeff396ae81,2021-03,South Yorkshire Police,South Yorkshire Police,-1.296275,53.499378,On or near MAPLE ROAD,E01007573,Doncaster 031C,Suspect charged
d32dd16903c0a84dbacc7558d535cfaf0fc98bd5730d22d2aeb4fcfb144dd763,2021-03,South Yorkshire Police,South Yorkshire Police,-1.296275,53.499378,On or near MAPLE ROAD,E01007573,Doncaster 031C,Unable to prosecute suspect
d2aa68a2f9f6c12c8e94448c74bc546593004b307144827c795e15060e185458,2021-03,South Yorkshire Police,South Yorkshire Police,-1.368224,53.346406,On or near DELVES TERRACE,E01008033,Sheffield 061B,Unable to prosecute suspect
117414d6e233ae8bedc3c88b22e21f56a86658c1348e1fcf99166ee767aae9f8,2021-03,South Yorkshire Police,South Yorkshire Police,-1.495749,53.589658,On or near HORNES LANE,E01007356,Barnsley 004A,Unable to prosecute suspect
5202accd961ebdd900c34897485891fb70fb75a15fa9031f723bff298f07034d,2021-03,South Yorkshire Police,South Yorkshire Police,-1.334609,53.465827,On or near MARRION ROAD,E01007774,Rotherham 006D,Unable to prosecute suspect
32fe5133b0a45ee4fe42fcbaa72d989d175357292dd1972697c782cef9153ee6,2021-03,South Yorkshire Police,South Yorkshire Police,-1.153085,53.616065,On or near SWAN COURT,E01007489,Doncaster 002C,Unable to prosecute suspect
ca62d8efdc6cee8862b98ecc53ea132622ce9d344c213533697c2539e4f6c979,2021-03,South Yorkshire Police,South Yorkshire Police,-1.355488,53.364207,On or near JOHN WARD STREET,E01007974,Sheffield 044D,Offender given a caution
1330dddff395bf022c198a45bed5a5d4bce80be9c3e19933bbe96722f21a48b2,2021-03,South Yorkshire Police,South Yorkshire Police,-1.397911,53.415332,On or near RABY STREET,E01007914,Sheffield 018D,Investigation complete; no suspect identified
d1efa593689465078c36898f6efea14ff25725bac27d0249d9901d7d49b60520,2021-03,South Yorkshire Police,South Yorkshire Police,,,No location,,,Unable to prosecute suspect
5e454d3395f1b271b43af1d7b41c01afcba37bab1be438129765954f427c2820,2021-03,South Yorkshire Police,South Yorkshire Police,-1.334609,53.465827,On or near MARRION ROAD,E01007774,Rotherham 006D,Unable to prosecute suspect
307d3ec27ed1e9332a06ba3b404743cb2b03ca80245f713a3b449b7ec76b333f,2021-03,South Yorkshire Police,South Yorkshire Police,-1.340211,53.428034,On or near GRANVILLE TERRACE,E01007767,Rotherham 017C,Unable to prosecute suspect
5809d4e59052f81d069ffed54f4a0ecf8979409dda0885cfddc4c8c189aa3e45,2021-03,South Yorkshire Police,South Yorkshire Police,-1.450583,53.407307,On or near SKINNERTHORPE ROAD,E01007877,Sheffield 022D,Investigation complete; no suspect identified
ef88468c2cf9addf29855e69b75c19c4e035f3700934ade388ed8156d00d3253,2021-03,South Yorkshire Police,South Yorkshire Police,-1.393486,53.350842,On or near WICKFIELD GROVE,E01033279,Sheffield 076F,Investigation complete; no suspect identified
8b07d4dbc852e68c263507578af1e217619e691ccdd3412ff52f74b4560d5b8c,2021-03,South Yorkshire Police,South Yorkshire Police,-1.458638,53.413798,On or near LONGLEY HALL WAY,E01007947,Sheffield 013C,Unable to prosecute suspect
5d8c9ef07992d7798cc4da9e4a15b5f05289788cc15280ea1192ca8870ee93d6,2021-03,South Yorkshire Police,South Yorkshire Police,-1.349628,53.436148,On or near BRAMWELL STREET,E01007769,Rotherham 017D,Investigation complete; no suspect identified
fc4dba22116db169768f460ce61a682be8fedf2cf1639ce07285263b350c08fd,2021-03,South Yorkshire Police,South Yorkshire Police,-1.153085,53.616065,On or near SWAN COURT,E01007489,Doncaster 002C,Unable to prosecute suspect
42398ae19538ede965cc22e19aad8b0af38fc2bb902c3733f605b418c4843f41,2021-03,South Yorkshire Police,South Yorkshire Police,-1.078855,53.477963,On or near NORMAN CRESCENT,E01007592,Doncaster 037B,Investigation complete; no suspect identified
1a3402afe5956e4ff3d18c9b74f9be8c45dce2a6f05b3e7e3996773b55a6293f,2021-03,South Yorkshire Police,South Yorkshire Police,-1.380124,53.574788,On or near CARLTON STREET,E01007332,Barnsley 006C,Further action is not in the public interest
76772bc01681ce01b67864c8815b79c84ff1f736b48a7cfce9cbb7a700c3beac,2021-03,South Yorkshire Police,South Yorkshire Police,-1.344908,53.428905,On or near PARKFIELD ROAD,E01007767,Rotherham 017C,Unable to prosecute suspect
75f4e1eb3afe89293a2f2ce52fd29386e934fe8d1a6cbbe1f00c8ddf5d735ef1,2021-03,South Yorkshire Police,South Yorkshire Police,-1.400537,53.427579,On or near MEADOWHALL ROAD,E01007745,Rotherham 015E,Suspect charged
bf1d472acae6faa4476b6e19f04ec3121fd0c0e3a7f4d39d1b6f640ca00caa31,2021-03,South Yorkshire Police,South Yorkshire Police,-1.103397,53.433808,On or near Sports/Recreation Area,E01007615,Doncaster 039D,Further action is not in the public interest
34e4ec0f6e4d554cdd8c40acf7324efa758fccae59a68e94196e9acb0748f0d0,2021-03,South Yorkshire Police,South Yorkshire Police,-1.103397,53.433808,On or near Sports/Recreation Area,E01007615,Doncaster 039D,Further action is not in the public interest
3b201da6cb9a077b93550c79dc831ab1ae39cf1cffa03719475628e1669dd097,2021-03,South Yorkshire Police,South Yorkshire Police,-1.507743,53.373480,On or near Sports/Recreation Area,E01007862,Sheffield 038C,Investigation complete; no suspect identified
cafebd6c9a30d2d52ca027cec3cbcf232f5cdb2d0161551dbdc0bbe205759f90,2021-03,South Yorkshire Police,South Yorkshire Police,-1.351524,53.437192,On or near ST ANN'S ROAD,E01007769,Rotherham 017D,Investigation complete; no suspect identified
2b5616d9b9887035fc8f9094abae648473964b9245f1379aa7e009eb4030c870,2021-03,South Yorkshire Police,South Yorkshire Police,-1.449229,53.431786,On or near SHIREHALL ROAD,E01008057,Sheffield 007D,Unable to prosecute suspect
6a6afb7717db12ecf84cfd7851a505d0cc8512006b3fcdbf32c0881a06215684,2021-03,South Yorkshire Police,South Yorkshire Police,-1.449229,53.431786,On or near SHIREHALL ROAD,E01008057,Sheffield 007D,Local resolution
10aa14f0013a1671b49558262a5edee0db4fa8ae83290ec8d021e32e79906756,2021-03,South Yorkshire Police,South Yorkshire Police,-1.420298,53.350032,On or near ELSTREE ROAD,E01008005,Sheffield 052D,Unable to prosecute suspect
d16e80af666fa94885e60d2b140eebe357924e0a10e1684795bc3c68b77b96a1,2021-03,South Yorkshire Police,South Yorkshire Police,-1.482017,53.346981,On or near WOODSEATS ROAD,E01007986,Sheffield 059E,Investigation complete; no suspect identified
80da5de9c8b9c4b13d622418887f8fdb8f5989b1d819a39b61b9629f1bfa1a7c,2021-03,South Yorkshire Police,South Yorkshire Police,-1.482017,53.346981,On or near WOODSEATS ROAD,E01007986,Sheffield 059E,Investigation complete; no suspect identified
06dea5649a5348dd38a0ed9b285d8b0d65c8c7a5d360b2f913514fd11b8044c3,2021-03,South Yorkshire Police,South Yorkshire Police,-1.126667,53.528506,On or near ATHRON STREET,E01007648,Doncaster 019D,Investigation complete; no suspect identified
d6c2999a1928ca0fcbf8c749a9514aac409344611db42a811ee1d5f2e1f56d0c,2021-03,South Yorkshire Police,South Yorkshire Police,-1.451315,53.434546,On or near PERKYN TERRACE,E01008057,Sheffield 007D,Unable to prosecute suspect
6de4843f3133ec10ffcad0cecaff57618fd2a76d316c7b89520928a436946303,2021-03,South Yorkshire Police,South Yorkshire Police,-1.391310,53.446660,On or near WOODCOCK CLOSE,E01007805,Rotherham 011C,Investigation complete; no suspect identified
acd71c3b5e437d3697cd18a1bf59369c02a9c1faf620d736b7dcdafcaedbc4fe,2021-03,South Yorkshire Police,South Yorkshire Police,-1.465776,53.578886,On or near PEVERIL CRESCENT,E01007327,Barnsley 007E,Investigation complete; no suspect identified
3397d91bd6216501ef99c2686ce6a8c6b8875bb1d633c61361b3403aaac2f762,2021-03,South Yorkshire Police,South Yorkshire Police,-0.990449,53.591649,On or near Petrol Station,E01007559,Doncaster 008D,Investigation complete; no suspect identified
35646f9e72673ae412c9f0771829500a03347544b3a5b30cdca51a18a5a7bd31,2021-03,South Yorkshire Police,South Yorkshire Police,-0.990449,53.591649,On or near Petrol Station,E01007559,Doncaster 008D,Investigation complete; no suspect identified
dbf11038665977d30c114b499fdf96b8417ff494abca809f323c2c6021462f01,2021-03,South Yorkshire Police,South Yorkshire Police,-1.475673,53.556495,On or near JAMES STREET,E01007336,Barnsley 013A,Investigation complete; no suspect identified
244d82e696ea97ce1aace7ee5a5d464bb6064cbff0825049deacb54e93a10910,2021-03,South Yorkshire Police,South Yorkshire Police,-1.391310,53.446660,On or near WOODCOCK CLOSE,E01007805,Rotherham 011C,Investigation complete; no suspect identified
709c265d22a6a2ffa82f1a9229ef402880b45899b78b3902473be1753bf24484,2021-03,South Yorkshire Police,South Yorkshire Police,-1.135912,53.521976,On or near Shopping Area,E01007645,Doncaster 022E,Unable to prosecute suspect
c58895f554ab5ee2b987cb903f708f767787871cfb12785ebdff05912ee33f20,2021-03,South Yorkshire Police,South Yorkshire Police,-1.403459,53.447827,On or near Supermarket,E01007804,Rotherham 011B,Unable to prosecute suspect
1f6ca690ee50abcf52dc25a7314ff87f6813d51005cc43b4a2c2d97ca070613b,2021-03,South Yorkshire Police,South Yorkshire Police,-1.511762,53.403258,On or near ELLENBRO ROAD,E01007994,Sheffield 021D,Investigation complete; no suspect identified
26faee4c0ca2e953d73fd2040f3d654b8bdb56421c42733e8804980b6687e745,2021-03,South Yorkshire Police,South Yorkshire Police,-1.071666,53.513935,On or near BARRET ROAD,E01007525,Doncaster 024B,Unable to prosecute suspect
fb6eb2f3ea1ed6b2d4204d9682a8d0ed51b461098302b9347aefb2ff93580fb1,2021-03,South Yorkshire Police,South Yorkshire Police,-1.534670,53.433524,On or near RIVER BANK,E01008140,Sheffield 008E,Unable to prosecute suspect
210581a1f5aca71d43c00f641466631e285dd65847a01bca4518baf711b428f1,2021-03,South Yorkshire Police,South Yorkshire Police,-1.446776,53.381888,On or near WHITE'S LANE,E01007885,Sheffield 075E,Further action is not in the public interest
162acf96a89302d35c2295d03ca369d7bb6253eee46b77ecd0fbea405d6dc969,2021-03,South Yorkshire Police,South Yorkshire Police,-1.193151,53.423581,On or near STONE PARK CLOSE,E01007759,Rotherham 020C,Unable to prosecute suspect
03064de38979335f2e279e914c69eff3d9f24be51a8aa68310c8b3f958087dbd,2021-03,South Yorkshire Police,South Yorkshire Police,-1.502146,53.375291,On or near ASHDELL,E01007859,Sheffield 036A,Investigation complete; no suspect identified
69b00d40c7049c541b7a3f4a16ad3132a2fc8b65fb750442d7c9307a12fcca52,2021-03,South Yorkshire Police,South Yorkshire Police,-1.371167,53.434232,On or near CLOUGH ROAD,E01007716,Rotherham 016B,Unable to prosecute suspect
a62e36b1367d29af96a590ac6ff5c31f809bd71c8b5d66033362856ef991d30d,2021-03,South Yorkshire Police,South Yorkshire Police,-1.444060,53.381479,On or near MALTRAVERS WAY,E01007885,Sheffield 075E,Unable to prosecute suspect
e6d04b656cd8a5333e95792feeb56f2b948b57fb8cea3b8c94243a61f62f2d36,2021-03,South Yorkshire Police,South Yorkshire Police,,,No location,,,Offender given a drugs possession warning
ebf958f81aa3423130216e1b15ddf40791a01fb0ed5e4c234a6d542fe0eea47a,2021-03,South Yorkshire Police,South Yorkshire Police,-1.378117,53.513916,On or near NAVIGATION WAY,E01007694,Rotherham 001B,Unable to prosecute suspect
9c3b963b1237d67fb904aa8eba0efd56fb800cf715e94aab080b70618c3d168e,2021-03,South Yorkshire Police,South Yorkshire Police,-1.378117,53.513916,On or near NAVIGATION WAY,E01007694,Rotherham 001B,Unable to prosecute suspect
4bb63f50e7cbe8e499828922144af9b32ea5526a66b815b9ef33290ae4227de8,2021-03,South Yorkshire Police,South Yorkshire Police,-1.511307,53.418034,On or near WINN CLOSE,E01008089,Sheffield 017B,Investigation complete; no suspect identified
91acd5ab871cef915b124c2ad83f278bbe96758b24dc3048c7926e952a6df43d,2021-03,South Yorkshire Police,South Yorkshire Police,-1.378117,53.513916,On or near NAVIGATION WAY,E01007694,Rotherham 001B,Investigation complete; no suspect identified
e73afd1b461cd10c06489f0aa840a0a9eb982740df5a3f4f132310b587bcc061,2021-03,South Yorkshire Police,South Yorkshire Police,-1.441876,53.554077,On or near GRANGE CRESCENT,E01007405,Barnsley 011D,Unable to prosecute suspect
769a2fdc9b2c492d7f2a80fd966952d08c18a8d8677e66aab39b6292f9853ba2,2021-03,South Yorkshire Police,South Yorkshire Police,-1.444874,53.377807,On or near BASSETT ROAD,E01007878,Sheffield 075A,Further investigation is not in the public interest
5ac5fdf5b3798211d7dc4887de99e8b9b955eefddc7097f187ada914a761de63,2021-03,South Yorkshire Police,South Yorkshire Police,-1.417763,53.527122,On or near UPTON CLOSE,E01007447,Barnsley 023A,Unable to prosecute suspect
df33cf5c39106351374e2a54724aaa504a78fb94a3cb5538993e08b9ed72696a,2021-03,South Yorkshire Police,South Yorkshire Police,-1.506597,53.388127,On or near NORTHFIELD ROAD,E01008154,Sheffield 024C,Investigation complete; no suspect identified
d5562e2b184ff956e8c859416ea0dde0084064ea99e1c9c268ec90d54f85a090,2021-03,South Yorkshire Police,South Yorkshire Police,-1.400529,53.441008,On or near HUNGERHILL ROAD,E01007742,Rotherham 015B,Investigation complete; no suspect identified
e41211bd595ef0dc9708271755107aa1c54114d05756477280b45f75f430d7b6,2021-03,South Yorkshire Police,South Yorkshire Police,-1.443739,53.409595,On or near WADE STREET,E01007944,Sheffield 022F,Investigation complete; no suspect identified
94b2c60ae84ae72d3abdf6d603022678c27fff1fd0b779a98a2e87e70fdbaa44,2021-03,South Yorkshire Police,South Yorkshire Police,-1.500463,53.417602,On or near CARRWELL LANE,E01008089,Sheffield 017B,Investigation complete; no suspect identified
da2d1376e81964020f8ea969072f3b02fe0fc65426960909d4447926e6d74cee,2021-03,South Yorkshire Police,South Yorkshire Police,-1.292833,53.495160,On or near BHATIA CLOSE,E01007577,Doncaster 031F,Suspect charged
e216cdbbd183dffc7b8662bf9d4642dfc93bfb956bb35b6970fd6610eef05b91,2021-03,South Yorkshire Police,South Yorkshire Police,-1.201294,53.429092,On or near SALISBURY ROAD,E01007758,Rotherham 020B,Investigation complete; no suspect identified
3f0b9542b67052d7ca2b7484ee5f36a626f13c28d8d3c11c90d4e787900b0341,2021-03,South Yorkshire Police,South Yorkshire Police,-1.504079,53.412000,On or near Supermarket,E01008089,Sheffield 017B,Investigation complete; no suspect identified
ea729a6dde7c6c8f5dbf61f24de9535716fb5aca979f6bbb2f8d6a1bc87919a1,2021-03,South Yorkshire Police,South Yorkshire Police,-1.197029,53.499669,On or near Park/Open Space,E01007617,Doncaster 021C,Investigation complete; no suspect identified
fc86ef168d6532cfdaf6dc66cb1156139a735a0ec8943b7a191848f722280a20,2021-03,South Yorkshire Police,South Yorkshire Police,-1.083737,53.552778,On or near BARNBY DUN ROAD,E01007624,Doncaster 007D,Investigation complete; no suspect identified
8758e12f2aec737e9c5ec6f33460e290a84239bb1db18f784a27ec406df7f5d4,2021-03,South Yorkshire Police,South Yorkshire Police,-1.437143,53.343964,On or near MORLAND ROAD,E01008007,Sheffield 060A,Investigation complete; no suspect identified
77b270c6f328c5b4636d8894572f4f5dd0c4704ac56a089b8e6e3b0bc4a789d0,2021-03,South Yorkshire Police,South Yorkshire Police,-1.360914,53.395257,On or near VICTORIA STREET,E01007699,Rotherham 027B,Unable to prosecute suspect
cc7f11e462bc3f154b9f0dd250fec9c64c1b7b63b2129db2096a6f020a23ebc7,2021-03,South Yorkshire Police,South Yorkshire Police,-1.388020,53.529904,On or near MILLMOOR COURT,E01007449,Barnsley 023C,Investigation complete; no suspect identified
59069f736c97d6b8b10a169ff403e08e15b068c33520442ef7655eda50fa16c9,2021-03,South Yorkshire Police,South Yorkshire Police,-1.410664,53.363441,On or near FISHPONDS ROAD WEST,E01008009,Sheffield 045E,Further action is not in the public interest
0b87907eef249ca624d970487a1e894936ed125e29e1f2c90f3b2f5970d9fa55,2021-03,South Yorkshire Police,South Yorkshire Police,-1.443556,53.602092,On or near ROBIN HOOD AVENUE,E01007440,Barnsley 002D,Unable to prosecute suspect
7e55a4f38aae665d60d2ce40fb81779a6240c6de86d3f30f6a7ee63982b482e3,2021-03,South Yorkshire Police,South Yorkshire Police,-1.482524,53.503466,On or near THE WALK,E01007399,Barnsley 028D,Investigation complete; no suspect identified
7767c172775c301910accd317f1dcadf53e9ec2cea1d84df2a4e6de43dc6bdec,2021-03,South Yorkshire Police,South Yorkshire Police,-1.424928,53.366521,On or near MELVILLE DRIVE,E01008013,Sheffield 039C,Investigation complete; no suspect identified
99e87923709a4d80f99f9aced6546e847c13171ca85393caa3567c1c20a7156b,2021-03,South Yorkshire Police,South Yorkshire Police,-1.383016,53.578443,On or near MILEFIELD VIEW,E01007332,Barnsley 006C,Investigation complete; no suspect identified
c5eb698c7944b4ea1286f2b0f1d594f031a63f2a90f1379d2a1d1b2d10f0e4e2,2021-03,South Yorkshire Police,South Yorkshire Police,-1.368980,53.356252,On or near SPA LANE CROFT,E01007970,Sheffield 049D,Investigation complete; no suspect identified
ec70a23b0a12ffd170ef603dc0c983293eb930b737664d2c20f90508a5c372b8,2021-03,South Yorkshire Police,South Yorkshire Police,-1.292833,53.495160,On or near BHATIA CLOSE,E01007577,Doncaster 031F,Unable to prosecute suspect
34a535dd9a014ae7ca46aef8500e6cabbfc06091b87a12a1db63f1fb97e2350f,2021-03,South Yorkshire Police,South Yorkshire Police,-1.074645,53.508025,On or near Petrol Station,E01007522,Doncaster 024A,Unable to prosecute suspect
43fe6c7e46bd1c3cb5d3167c8d789b06ecd7240d47f624683fe41ae11a2ac197,2021-03,South Yorkshire Police,South Yorkshire Police,-1.481276,53.547666,On or near FLEMING PLACE,E01007338,Barnsley 017A,Investigation complete; no suspect identified
919f9818213433b81bb0f414e3885c21289aaaaad685f357617c3c679960ef28,2021-03,South Yorkshire Police,South Yorkshire Police,-1.521076,53.322487,On or near BRINKBURN DRIVE,E01007918,Sheffield 071C,Further action is not in the public interest
881237e3c40be4a51d9c2302feb9fbdeb0af2489d8c6a1c9c65fb4e70b25ea93,2021-03,South Yorkshire Police,South Yorkshire Police,-1.389725,53.450076,On or near ROUGHWOOD ROAD,E01007730,Rotherham 009C,Unable to prosecute suspect
7f6053f67791a1ab169d6485bcaaf06836a9c0ab3182109fbe5dd2b99f4a8b8e,2021-03,South Yorkshire Police,South Yorkshire Police,-1.474310,53.547168,On or near SHEFFIELD ROAD,E01007338,Barnsley 017A,Investigation complete; no suspect identified
54884f93dd6533366371ed6a99df559c23700030a8fd2c1b1c07c089b8bd5550,2021-03,South Yorkshire Police,South Yorkshire Police,-1.380124,53.574788,On or near CARLTON STREET,E01007332,Barnsley 006C,Further action is not in the public interest
46e38730c7cbb65c97bc1218d5879220853d05d0dcf514f1abdc1cdf551d2c0f,2021-03,South Yorkshire Police,South Yorkshire Police,-1.128763,53.522670,On or near PRINCE'S STREET,E01007645,Doncaster 022E,Investigation complete; no suspect identified
670db0a1b86e4c2891002505453d2a0b30181ef36a4cd71d9fc1bed867f3835a,2021-03,South Yorkshire Police,South Yorkshire Police,-1.375618,53.449977,On or near WOODSIDE WALK,E01007729,Rotherham 009B,Unable to prosecute suspect
554f7a00e955eb8f2a6c2170e02e56d424fbf37e6a75a9ea933c05d7f7f19d75,2021-03,South Yorkshire Police,South Yorkshire Police,-1.159122,53.501566,On or near BELVEDERE,E01007498,Doncaster 029C,Investigation complete; no suspect identified
b008be11f90bb271be043001d0e9061037934463ced65e5275b748a058101b9f,2021-03,South Yorkshire Police,South Yorkshire Police,-1.116126,53.531934,On or near LIFFORD ROAD,E01007654,Doncaster 019F,Unable to prosecute suspect
aab037b6c718a6ec8ff934d8168547430a9bd79efb6c0d58d153816fdfbbce69,2021-03,South Yorkshire Police,South Yorkshire Police,-1.149270,53.517739,On or near BENTLEY AVENUE,E01007529,Doncaster 022A,Investigation complete; no suspect identified
9b532ba601875606d61dee15c312fb2562f34b2a63deb350f35b120321036cbd,2021-03,South Yorkshire Police,South Yorkshire Police,-1.505871,53.441786,On or near MIDDLE LANE,E01008141,Sheffield 005E,Offender given a caution
1c47fb0b4579571c4507d9039ba617f8c0302cfb926244cded6851d2882e274e,2021-03,South Yorkshire Police,South Yorkshire Police,-1.223798,53.414849,On or near LOW LANE,E01007787,Rotherham 028A,Unable to prosecute suspect
9d2f1cacc90bc17150df9466133a62f6825660665afe82f2b05910add7b2f49e,2021-03,South Yorkshire Police,South Yorkshire Police,-1.374994,53.450414,On or near OAK LEA,E01007729,Rotherham 009B,Unable to prosecute suspect
b6b81f23e94e5009156eceabb926b854b1fe821e6d5956b8085fc4e446cbdf6d,2021-03,South Yorkshire Police,South Yorkshire Police,-1.067443,53.536643,On or near HALLER CLOSE,E01033259,Doncaster 014E,Investigation complete; no suspect identified
e091fc42dde610bd1f03d203027be1d4a0df6eb22de38c2436efe9981847142f,2021-03,South Yorkshire Police,South Yorkshire Police,-1.517446,53.404675,On or near WISEWOOD PLACE,E01007993,Sheffield 021C,Unable to prosecute suspect
6e4d497a7361e8a0d8e4e19f676673c10e3026b725cbd411d9156b139093624f,2021-03,South Yorkshire Police,South Yorkshire Police,-1.379220,53.408360,On or near BALK LANE,E01007705,Rotherham 025E,Unable to prosecute suspect
5818da6f7ca356bb3056b160df7515f7663ea59bf930f11838c8aa705ef9f437,2021-03,South Yorkshire Police,South Yorkshire Police,-1.291517,53.501759,On or near EDEN TERRACE,E01007572,Doncaster 031B,Investigation complete; no suspect identified
ed55a7869c1fc244653a99b65ded52c84ba595f8e1bfa2bc127d57ed2294d95d,2021-03,South Yorkshire Police,South Yorkshire Police,-1.473858,53.544640,On or near CHESTNUT COURT,E01007414,Barnsley 017D,Investigation complete; no suspect identified
3a9ef9dd1d4322e314864a288bf7b0ac50b2c5a7945530698876a7aeeab24757,2021-03,South Yorkshire Police,South Yorkshire Police,-1.352530,53.541340,On or near JOHN STREET,E01007349,Barnsley 020B,Local resolution
aa24fd20e34071f0a9f67931ce26e9a7bab681e491a08ab00bb1e3f168010536,2021-03,South Yorkshire Police,South Yorkshire Police,-1.356503,53.500238,On or near MICHAEL CROFT,E01007822,Rotherham 002F,Investigation complete; no suspect identified
199ce34a11ded64cb47203996e00d6658b5e79da698c3d1dd7c5daeec9c81aaf,2021-03,South Yorkshire Police,South Yorkshire Police,-1.226077,53.345641,On or near KIRKSTALL CLOSE,E01007663,Rotherham 032E,Unable to prosecute suspect
ad10ad3a2ee3225bf2624bdec756f049a9c3cb0b9269e61e0a4c2cd60bf12e86,2021-03,South Yorkshire Police,South Yorkshire Police,-1.259788,53.326331,On or near NORTHLANDS,E01007752,Rotherham 033D,Investigation complete; no suspect identified
1fde51e58fbfaae79b8c3842047c46e7a91dd33596498a2bfee7ce50f2d0c218,2021-03,South Yorkshire Police,South Yorkshire Police,-1.456042,53.409750,On or near Hospital,E01007942,Sheffield 020D,Unable to prosecute suspect
4d9056ab5dbad6882ace583cd16466931921fefec15628eb963d6ae79be9b1b6,2021-03,South Yorkshire Police,South Yorkshire Police,-1.211535,53.370948,On or near Supermarket,E01007790,Rotherham 029E,Investigation complete; no suspect identified
9ed26a7153db4d5d59b46498f07849d3d56b0d03443e374ae8f6b1eccdb25585,2021-03,South Yorkshire Police,South Yorkshire Police,-1.471882,53.540964,On or near MILDEN PLACE,E01007414,Barnsley 017D,Investigation complete; no suspect identified
9fc94e2928429d225b02cc4c2e87a90d1412062506ee431461b26f56023f66de,2021-03,South Yorkshire Police,South Yorkshire Police,-1.447790,53.431285,On or near RONKSLEY CRESCENT,E01008054,Sheffield 007B,Investigation complete; no suspect identified
6bb2aa86239d05bfd3c654e51e21432c344c6b20746517c9a23542fbb13ec7e8,2021-03,South Yorkshire Police,South Yorkshire Police,-1.422594,53.375751,On or near BEAUMONT AVENUE,E01008017,Sheffield 039E,Unable to prosecute suspect
680b60cda149df17f80f2c168e589948c2de043729e1654e65b18d3988ef3fa8,2021-03,South Yorkshire Police,South Yorkshire Police,-1.458735,53.401403,On or near COLLEGE CLOSE,E01007869,Sheffield 020A,Unable to prosecute suspect
5116c29e9d03d857c53760715e7fda130038d0b3cfab764b94de8d1f40f95a22,2021-03,South Yorkshire Police,South Yorkshire Police,-1.153173,53.503556,On or near REGENT STREET,E01007498,Doncaster 029C,Unable to prosecute suspect
5bb5185c05c63333e34a329cb0f3458eea34d7868e36d4d8bb1fa751333bd615,2021-03,South Yorkshire Police,South Yorkshire Police,-1.521076,53.322487,On or near BRINKBURN DRIVE,E01007918,Sheffield 071C,Investigation complete; no suspect identified
ce95d7be93d97fc0a9baff150f7aa8ba8c6b6aeedb58140ff97429ae5dbcea0d,2021-03,South Yorkshire Police,South Yorkshire Police,-1.364817,53.420985,On or near BRADMARSH WAY,E01007676,Rotherham 025A,Investigation complete; no suspect identified
bb55bbfee9c2566526e1118e118290eb59f846581934aafca9622126c5a693c3,2021-03,South Yorkshire Police,South Yorkshire Police,-1.504093,53.335730,On or near FOLDS DRIVE,E01007825,Sheffield 066B,Local resolution
d287afd332735a5157989a2b8ce7cc6af54a52dac2791ea879d55a409ddce2fa,2021-03,South Yorkshire Police,South Yorkshire Police,-1.229066,53.479638,On or near URCH CLOSE,E01007537,Doncaster 035A,Suspect charged
c8cc97dc0198b911079afca38343a326830dbefecde5440a0fad710ccd668aaf,2021-03,South Yorkshire Police,South Yorkshire Police,-1.158648,53.495801,On or near PRIESTLEY CLOSE,E01007498,Doncaster 029C,Investigation complete; no suspect identified
9b0638474f6f49becad991da488b0b0fa7d8c5c7d6186c2ae2e0becb383f1d19,2021-03,South Yorkshire Police,South Yorkshire Police,-1.072800,53.508955,On or near WILLOW AVENUE,E01007522,Doncaster 024A,Further action is not in the public interest
a3bea44f07db21360a31676f07a0f6dc6ae39ce3eb7b4952ef7e6cf7c33668ae,2021-03,South Yorkshire Police,South Yorkshire Police,-1.437081,53.417087,On or near BLUEBELL CLOSE,E01007848,Sheffield 013A,Unable to prosecute suspect
47a1d8b797dc18ee5b447d394d98eab5c2e2c0b0bbd65d0e0f4a8e18cf05bd5c,2021-03,South Yorkshire Police,South Yorkshire Police,-1.328189,53.466960,On or near EVELYN STREET,E01007773,Rotherham 006C,Investigation complete; no suspect identified
605c86bda1230bd61bf28675abe5d31c949efae25333b19117307dc897e4753d,2021-03,South Yorkshire Police,South Yorkshire Police,-1.449515,53.427068,On or near HOMESTEAD CLOSE,E01008060,Sheffield 010D,Unable to prosecute suspect
43571ed0eaec579d5823038c267ebd578a8d895e93dac81676512e432f100fd9,2021-03,South Yorkshire Police,South Yorkshire Police,-1.403459,53.447827,On or near Supermarket,E01007804,Rotherham 011B,Investigation complete; no suspect identified
18138b4b87bc97cce0f151b13c3fe5ecc328c2d8695146e2d1e7217492f8ac33,2021-03,South Yorkshire Police,South Yorkshire Police,-1.487316,53.357278,On or near HERBERT ROAD,E01008042,Sheffield 050A,Investigation complete; no suspect identified
1536c0df9ba70bdeada8e62320c30d4e739b186938c21cc23c893c51dcb1fb4f,2021-03,South Yorkshire Police,South Yorkshire Police,-1.436892,53.557748,On or near WIKE ROAD,E01007403,Barnsley 011C,Unable to prosecute suspect
a880079aa2acd8978514d95d970ee6de47aad913ced3e30db0eca6514808c06a,2021-03,South Yorkshire Police,South Yorkshire Police,-1.505871,53.441786,On or near MIDDLE LANE,E01008141,Sheffield 005E,Offender given a caution
4cd0efd6f452a7f6862ccaf36021be7403eba2da15e5cd53a30bcd599b12e3da,2021-03,South Yorkshire Police,South Yorkshire Police,-1.504675,53.372389,On or near ENDCLIFFE AVENUE,E01007862,Sheffield 038C,Investigation complete; no suspect identified
66d74c84784efd2d4f508334702eb192ef15f76e53e6b6ba428477228d8a3185,2021-03,South Yorkshire Police,South Yorkshire Police,-1.304070,53.533418,On or near Supermarket,E01007369,Barnsley 022A,Investigation complete; no suspect identified
f3f791de51a9ac97a55b7c674dc55e31a21fe67be2e733e64b32633d504dcc40,2021-03,South Yorkshire Police,South Yorkshire Police,-1.476714,53.380117,On or near WESTFIELD TERRACE,E01033265,Sheffield 074C,Suspect charged
4273700c62795600bbf7d20146588ce6b676eaef59d1c46a4322cee372a8eab1,2021-03,South Yorkshire Police,South Yorkshire Police,-1.359248,53.342960,On or near Sports/Recreation Area,E01008037,Sheffield 065E,Investigation complete; no suspect identified
8579058bee98e2cc5e0ec7905a2b66b3f1f7ac39e4dde1b8b096273037e510b1,2021-03,South Yorkshire Police,South Yorkshire Police,-1.471194,53.386448,On or near GIBRALTAR STREET,E01033262,Sheffield 073B,Investigation complete; no suspect identified
0b72ab1cccd2ef24ebc46d69b6e678bb0c728e7f1c12e6ef8fa8dbc82c93777a,2021-03,South Yorkshire Police,South Yorkshire Police,-1.439907,53.501988,On or near LITTLE LEEDS,E01007391,Barnsley 030C,Investigation complete; no suspect identified
96372a86f2445caa9eef14944fc74d4e5ba9e9bf237c28d1345ddb94158fb121,2021-03,South Yorkshire Police,South Yorkshire Police,-1.143334,53.514452,On or near WESTHOLME ROAD,E01007533,Doncaster 023C,Unable to prosecute suspect
f13161134a2575e8d47793f74e1f1f5d3059e1826a0c772ac2ed2811b6451ca9,2021-03,South Yorkshire Police,South Yorkshire Police,-1.454477,53.376853,On or near GLENCOE ROAD,E01007879,Sheffield 075B,Investigation complete; no suspect identified
016391d458772e9e828674a069463166299cdf4a83fd51d0793bd49e839fc1de,2021-03,South Yorkshire Police,South Yorkshire Police,-1.517518,53.374338,On or near Hospital,E01007862,Sheffield 038C,Unable to prosecute suspect
b7774dfa2496dc49e4eeac7f0f9727387eb62ca3eea12783c41eb73bc33a5b17,2021-03,South Yorkshire Police,South Yorkshire Police,-1.454477,53.376853,On or near GLENCOE ROAD,E01007879,Sheffield 075B,Investigation complete; no suspect identified
c0e387b6675f014a7aa6f3624841c458f5bb7d84b30270c60cb196a60e871ac4,2021-03,South Yorkshire Police,South Yorkshire Police,-1.472149,53.371189,On or near Petrol Station,E01008108,Sheffield 042A,Investigation complete; no suspect identified
d9eeccacb41994ee777ce0e2024fd3e2252feac5c8ee3812ee3c88b7b45aca5c,2021-03,South Yorkshire Police,South Yorkshire Police,-1.479718,53.578741,On or near WAKEFIELD ROAD,E01007324,Barnsley 007B,Suspect charged
a781a4da3c503a05e4b8d589eeeeb42fdfeca70c603b49e38c30e86b36a421f7,2021-03,South Yorkshire Police,South Yorkshire Police,-1.412855,53.528617,On or near ROSE GROVE,E01007447,Barnsley 023A,Investigation complete; no suspect identified
587e96748920c5afa36ae024deecd9a69e712b2efe0f681c8e5dada6f47aa10f,2021-03,South Yorkshire Police,South Yorkshire Police,-1.125456,53.514808,On or near COOPER STREET,E01007530,Doncaster 022B,Investigation complete; no suspect identified
2c25e2d8b4298b9f84f444c4b2d07396fcefa68842c6c811c374798b5cbd399c,2021-03,South Yorkshire Police,South Yorkshire Police,-1.160314,53.501521,On or near WARDE AVENUE,E01007499,Doncaster 029D,Investigation complete; no suspect identified
5362f048f1215ff3516272ef91392fc0bcbbf6cdfee947b56e2508d2a24c4f31,2021-03,South Yorkshire Police,South Yorkshire Police,-1.327992,53.487093,On or near BRAMELD ROAD,E01007818,Rotherham 003F,Investigation complete; no suspect identified
daeec965eccb24a446e631ee4d7f912f440548bc1ad9d4987122fd626f8d20f6,2021-03,South Yorkshire Police,South Yorkshire Police,-1.432903,53.373670,On or near MANOR PARK WAY,E01008015,Sheffield 039D,Unable to prosecute suspect
974bf5760491ea61e2f435d011089759046b2f84bccf907418b912f576f0b703,2021-03,South Yorkshire Police,South Yorkshire Police,-1.447097,53.339651,On or near CONSTABLE WAY,E01008077,Sheffield 060D,Investigation complete; no suspect identified
ceb5febad334e9f8d0a63972c5285b2f8980b43dd30404413efb60042c698f57,2021-03,South Yorkshire Police,South Yorkshire Police,-1.482215,53.411206,On or near TEYNHAM DRIVE,E01008094,Sheffield 019D,Unable to prosecute suspect
e0810176df7c0ca2b7bdebaeb8fff5562b41ec4db59a94975a43989317c6ac27,2021-03,South Yorkshire Police,South Yorkshire Police,-1.476714,53.380117,On or near WESTFIELD TERRACE,E01033265,Sheffield 074C,Suspect charged
275d576441ab53e75152d8edc717a30b17dcee0a8fc48d2127e1212bb233db9d,2021-03,South Yorkshire Police,South Yorkshire Police,-1.465827,53.368338,On or near QUEENS ROAD,E01008099,Sheffield 051E,Investigation complete; no suspect identified
776181bb2e28a227428c81c36c5f365879c8f2ff36cb7cab068f2c038a71e444,2021-03,South Yorkshire Police,South Yorkshire Police,-1.100732,53.509384,On or near LANGSETT COURT,E01007527,Doncaster 027B,Investigation complete; no suspect identified
e1d0b79c67154587f370d74b1f2e9471235462aaa3c1009a16e8001f3be25014,2021-03,South Yorkshire Police,South Yorkshire Police,-1.465810,53.564145,On or near BURTON BANK ROAD,E01007400,Barnsley 009C,Unable to prosecute suspect
21ab2152eab0e9ab2f9c7565024425717a71a5779f178b3cbef3424ae05d6233,2021-03,South Yorkshire Police,South Yorkshire Police,-1.481634,53.428075,On or near DEERLANDS CLOSE,E01033277,Sheffield 011E,Further investigation is not in the public interest
e905e60db8eb40b59357955a977faa942564c31b0c475d993d07023023909011,2021-03,South Yorkshire Police,South Yorkshire Police,-1.531430,53.405135,On or near AUSTIN CLOSE,E01008130,Sheffield 023B,Investigation complete; no suspect identified
5023ffb5924fa017812fb20f8e8f965f9fb649ccc313663c71734e4cdd54a179,2021-03,South Yorkshire Police,South Yorkshire Police,-1.468492,53.382418,On or near FARGATE,E01033264,Sheffield 073D,Suspect charged
e43c5214d56afb659a40778287a23576a4247766144a8a71155b6439b758e1da,2021-03,South Yorkshire Police,South Yorkshire Police,-1.444627,53.554944,On or near CHERRYS ROAD,E01007405,Barnsley 011D,Local resolution
0dd0f336dd2b62c9118c19663394464f0ed22b077c957725b1829c229ed40b40,2021-03,South Yorkshire Police,South Yorkshire Police,-1.464539,53.359623,On or near FARISH PLACE,E01007976,Sheffield 051B,Local resolution
ef26662e6ad1d57203f66daceaa6be2eb12e387ffc4ef4dae56494202abeba27,2021-03,South Yorkshire Police,South Yorkshire Police,-1.472843,53.436755,On or near BUTCHILL AVENUE,E01008058,Sheffield 006C,Unable to prosecute suspect
f3cd6d146a7760b8aeb1989d363bdea2af84f3a393c0f8c4780ec0f88357d3a2,2021-03,South Yorkshire Police,South Yorkshire Police,-1.072800,53.508955,On or near WILLOW AVENUE,E01007522,Doncaster 024A,Further action is not in the public interest
729c07c198e229adcf502072496ed5f2d84f55849324fbe8fd9ab1681bc9233e,2021-03,South Yorkshire Police,South Yorkshire Police,-1.128983,53.531795,On or near WHARF ROAD,E01007655,Doncaster 022F,Unable to prosecute suspect
26e1a1ce1bea0b6d0de6967883fd659b52016d36509b37e43443d8a1965d33df,2021-03,South Yorkshire Police,South Yorkshire Police,-1.488174,53.357146,On or near ASHLAND ROAD,E01008042,Sheffield 050A,Investigation complete; no suspect identified
74d021322a0edd681642aecdc76768f11933beaacf23877cdd481c74326674f0,2021-03,South Yorkshire Police,South Yorkshire Police,-1.297965,53.500197,On or near CEDAR AVENUE,E01007573,Doncaster 031C,Unable to prosecute suspect
bb5f0fce9457a2dbfbb1b960bd792aea2a911688c7d2b32d7d0f6b25287a3477,2021-03,South Yorkshire Police,South Yorkshire Police,-1.140141,53.556729,On or near ARTHUR STREET,E01007506,Doncaster 010A,Local resolution
e95d02b0fe339cc7dfca97d092c5b9b5fada53d7487b5fe6fc7f4cb51f6081ff,2021-03,South Yorkshire Police,South Yorkshire Police,-1.375618,53.449977,On or near WOODSIDE WALK,E01007729,Rotherham 009B,Unable to prosecute suspect
38ea72b68705bb9b4124ef3a1cdc5e8652d35978fd3377c293e8bceb47c99ae2,2021-03,South Yorkshire Police,South Yorkshire Police,-1.354638,53.428391,On or near STANLEY STREET,E01007714,Rotherham 017B,Unable to prosecute suspect
cb41c1d865aca71e502c1ae882dc6f5c0e7ded903d3711bbaa4d686c97b61a65,2021-03,South Yorkshire Police,South Yorkshire Police,-1.413908,53.546267,On or near HEATHCROFT CHASE,E01007321,Barnsley 015B,Investigation complete; no suspect identified
6b54c0e58a5ee5eba9850d066de97aeb5368b0dbbb3b2b98375220c82985a671,2021-03,South Yorkshire Police,South Yorkshire Police,-1.452852,53.339417,On or near BACKMOOR ROAD,E01008078,Sheffield 064E,Investigation complete; no suspect identified
f71508cf1eaf687a63969b0ccfc2113f6cc14dd66b3cee2f097492c7ae9e6a58,2021-03,South Yorkshire Police,South Yorkshire Police,-1.499300,53.403890,On or near Petrol Station,E01008093,Sheffield 017D,Investigation complete; no suspect identified
212707ff1b7ac39d4b4bd35667acfc1dad0ec09868ef8688aefcff9060caacff,2021-03,South Yorkshire Police,South Yorkshire Police,-1.477038,53.499649,On or near SHEFFIELD ROAD,E01007424,Barnsley 028E,Investigation complete; no suspect identified
862f7600ac3eb5fd609685575135ff4b8c9b3fd68dfb7cf632efbc91991e8188,2021-03,South Yorkshire Police,South Yorkshire Police,-1.313322,53.486497,On or near TEMPERANCE STREET,E01007800,Rotherham 003E,Unable to prosecute suspect
2974b2da4853dd86a3eb3f521bfff08629e99cd625ac07aac91923d3f213dc35,2021-03,South Yorkshire Police,South Yorkshire Police,-1.433337,53.540195,On or near Supermarket,E01007319,Barnsley 015A,Investigation complete; no suspect identified
6aecf80937d908a030d6b63a426af8ac5d3f30533baf6d93b331ac0bd3d0dcd1,2021-03,South Yorkshire Police,South Yorkshire Police,-1.371695,53.356545,On or near SKELTON LANE,E01007970,Sheffield 049D,Unable to prosecute suspect
47f4475abb59582e78d8211d77422de46eed13fddeda3f54cb8f831f9756abdc,2021-03,South Yorkshire Police,South Yorkshire Police,-0.951950,53.605179,On or near MOWBRAY ROAD,E01007642,Doncaster 003G,Unable to prosecute suspect
1682035ae76cc20cec586860bf10e46a19175862b392832de3e0da087ab6fb98,2021-03,South Yorkshire Police,South Yorkshire Police,-1.480559,53.411324,On or near LONGLEY AVENUE WEST,E01008094,Sheffield 019D,Local resolution
cb4d8c9a2a0ba2889d948d19689d65460bff5f77c89a8b8751d274d422034f82,2021-03,South Yorkshire Police,South Yorkshire Police,-1.512088,53.373390,On or near ENDCLIFFE EDGE,E01007862,Sheffield 038C,Action to be taken by another organisation
49a8aa4bce55538dc15e1e4f1d188717f8f4b68f9f8cae481b3e20a71bb9905f,2021-03,South Yorkshire Police,South Yorkshire Police,-1.258468,53.405056,On or near KINGSFORTH LANE,E01007810,Rotherham 026C,Investigation complete; no suspect identified
f487f9fceea8b334e499dbf13b83d75fe0430d8b5ca121230b8602c018225e6e,2021-03,South Yorkshire Police,South Yorkshire Police,-1.401610,53.430442,On or near HILL TOP LANE,E01007745,Rotherham 015E,Unable to prosecute suspect
4b2b66cedb8a9ff1240b44adb67b7d8cb911f8115f5e3a770a4110cff5ac508e,2021-03,South Yorkshire Police,South Yorkshire Police,-1.143334,53.514452,On or near WESTHOLME ROAD,E01007533,Doncaster 023C,Investigation complete; no suspect identified
50b50ad72dd43c62c9729123651722c10bc9129add9905cd1ed4efb691ece5b0,2021-03,South Yorkshire Police,South Yorkshire Police,-1.531893,53.430062,On or near BERTRAM ROAD,E01033280,Sheffield 008G,Investigation complete; no suspect identified
a6201598dad6f1dc6b3d89a9876e263d7bf6a06771fae668d0efcc29de2fde1e,2021-03,South Yorkshire Police,South Yorkshire Police,-1.190415,53.588055,On or near POPLAR ROAD,E01007470,Doncaster 005C,Investigation complete; no suspect identified
c16351413fbf991b0eff4925d53f32b0992bafc0b7f2f68426106196dc6cc6fb,2021-03,South Yorkshire Police,South Yorkshire Police,-1.154848,53.529994,On or near Sports/Recreation Area,E01007584,Doncaster 021A,Unable to prosecute suspect
0daa9cfc71afe5e12587a9dd56e7713e0c20d38f068c2ea14cb7c663a786e77e,2021-03,South Yorkshire Police,South Yorkshire Police,-1.254712,53.492564,On or near DONCASTER ROAD,E01007543,Doncaster 032C,Unable to prosecute suspect
7e36a568e7fd196c15f16770caf3bb027eb2bcfff1163a10249fccf99e1079d5,2021-03,South Yorkshire Police,South Yorkshire Police,-1.499044,53.370586,On or near WIGFULL ROAD,E01007863,Sheffield 036C,Investigation complete; no suspect identified
b3cec6512df3d1138bb3d11ecbf591beebf78e4cc164ed432d1f0fbfe2a27dfe,2021-03,South Yorkshire Police,South Yorkshire Police,-1.307825,53.527022,On or near Sports/Recreation Area,E01007371,Barnsley 022C,Unable to prosecute suspect
8a346ffc3359fcf9e9d1c17fede830641c899ea6dc505ec691bab61e0a427c4a,2021-03,South Yorkshire Police,South Yorkshire Police,-1.493789,53.427255,On or near WILCOX CLOSE,E01008086,Sheffield 009B,Investigation complete; no suspect identified
3e3dd55049450d9a8670d976c1e99d1a6b9f6fcd0c979f7f25bfc1ef8bb0a766,2021-03,South Yorkshire Police,South Yorkshire Police,-1.222601,53.322031,On or near SLAYPIT LANE,E01007753,Rotherham 033E,Investigation complete; no suspect identified
66d4698e3ac3607709571cc1af67db231dad5557479130519553d90f7288e633,2021-03,South Yorkshire Police,South Yorkshire Police,-1.487786,53.390718,On or near DANIEL HILL,E01008072,Sheffield 026C,Offender given a caution
baa4a2f65c886b395ee9cacfb9f19d1ec034261eef27a15c107b87f1d00d4bbe,2021-03,South Yorkshire Police,South Yorkshire Police,-1.163667,53.615295,On or near MARIAN CRESCENT,E01007490,Doncaster 002D,Investigation complete; no suspect identified
4022b9a5d7c7462fbe6676098cb1f82b4113329ecd9503cc3bc10a3c8a349b0d,2021-03,South Yorkshire Police,South Yorkshire Police,-1.476781,53.377115,On or near BOWDON STREET,E01008114,Sheffield 074A,Investigation complete; no suspect identified
9edee8a141e078a15f40499f764caf3ebd8f2cd24c47b97f7f800d54672e4502,2021-03,South Yorkshire Police,South Yorkshire Police,-1.356887,53.400035,On or near MILLER DALE DRIVE,E01007706,Rotherham 027E,Investigation complete; no suspect identified
d3dba7f8c5337565742468a67f7e9578da2fc5df364cb1c7367d7078eff88d2f,2021-03,South Yorkshire Police,South Yorkshire Police,-1.531893,53.430062,On or near BERTRAM ROAD,E01033280,Sheffield 008G,Investigation complete; no suspect identified
9b4d93bbe8a5d22b8b083afbf3887aad909e2a651f2bf5956a58a1f246c7099e,2021-03,South Yorkshire Police,South Yorkshire Police,-0.953954,53.628064,On or near LAUREL AVENUE,E01007635,Doncaster 001D,Further investigation is not in the public interest
a28408ddb67bda75ce2b13b5d24e3847bf12964e852ba0c1584783e411ba7d5e,2021-03,South Yorkshire Police,South Yorkshire Police,-1.311014,53.492237,On or near ALBERT STREET,E01007797,Rotherham 003B,Investigation complete; no suspect identified
370f16d4cc7536057c24f16e52dc5bc911080be5df8f8904139a68d129297d2c,2021-03,South Yorkshire Police,South Yorkshire Police,-1.437477,53.495406,On or near ALDER MEWS,E01007389,Barnsley 030A,Unable to prosecute suspect
be7274b50fa73679c43a121cd035f06b85dbf7d7264c11d8558aafd459e6101b,2021-03,South Yorkshire Police,South Yorkshire Police,-1.588374,53.432005,On or near DELF ROAD,E01008128,Sheffield 008C,Investigation complete; no suspect identified
29945cd4081a87e8dcd9ae198de0376681bc9b72dd7a8f8a1fbc3abd32484ae3,2021-03,South Yorkshire Police,South Yorkshire Police,-1.067117,53.575472,On or near TOP ROAD,E01007630,Doncaster 007E,Investigation complete; no suspect identified
77782ba413203eee8595c1a851072e004b7fd084eb372a3f5ab0556620f8ee97,2021-03,South Yorkshire Police,South Yorkshire Police,-1.416769,53.524772,On or near TURNER AVENUE,E01007447,Barnsley 023A,Unable to prosecute suspect
cf42f659b747011f2154e10b6404182b0de76cff52ca5d08f08766b70bc3aac6,2021-03,South Yorkshire Police,South Yorkshire Police,-1.211771,53.351633,On or near ELM TREE CLOSE,E01007660,Rotherham 032B,Investigation complete; no suspect identified
dcf06a88202407cd9d0aa6120172b1dbae9b9f1dc15466754c762f55bdf82d25,2021-03,South Yorkshire Police,South Yorkshire Police,-1.451130,53.539990,On or near COLLEY AVENUE,E01007317,Barnsley 018A,Unable to prosecute suspect
708dda235f34772ec70948299c64d216a84f0d8926dfe5e15c02d63661e20ad8,2021-03,South Yorkshire Police,South Yorkshire Police,-1.451130,53.539990,On or near COLLEY AVENUE,E01007317,Barnsley 018A,Unable to prosecute suspect
4c7d1ed0b5b65ad458e9675cd8d4bd3b4cdda1107b45952dec77f3edf2b75477,2021-03,South Yorkshire Police,South Yorkshire Police,-1.451130,53.539990,On or near COLLEY AVENUE,E01007317,Barnsley 018A,Unable to prosecute suspect
86b4207ed58035bd2c5fbe93507e4f229ac874bc21e76594315e900f5252601e,2021-03,South Yorkshire Police,South Yorkshire Police,-1.451130,53.539990,On or near COLLEY AVENUE,E01007317,Barnsley 018A,Local resolution
012d578b911f3632815cc3948911b31220dc12906b92518211766ed7af071775,2021-03,South Yorkshire Police,South Yorkshire Police,-1.149297,53.494566,On or near TICKHILL ROAD,E01007502,Doncaster 028C,Investigation complete; no suspect identified
a55b8f3492abe3665afe3f134c5ef7b1ad4728fc7703edbd3a54f16c0b7e2d46,2021-03,South Yorkshire Police,South Yorkshire Police,-1.451130,53.539990,On or near COLLEY AVENUE,E01007317,Barnsley 018A,Local resolution
5f4bcd2de7067bd6d6a386730550885fafe79392c04ee22649b7fde31dd21133,2021-03,South Yorkshire Police,South Yorkshire Police,-1.113232,53.506556,On or near Shopping Area,E01007644,Doncaster 019A,Investigation complete; no suspect identified
6a6c8740cc85f1a04d4a2de10cd0d1b9c82e09666c0c1c2ef2ca513840541a1b,2021-03,South Yorkshire Police,South Yorkshire Police,-1.432115,53.401315,On or near FELL STREET,E01033269,Sheffield 022G,Investigation complete; no suspect identified
05f306e0026a33e601cdc2046046d305b3619e175263db8a7d8fa3ee0853a5b2,2021-03,South Yorkshire Police,South Yorkshire Police,-1.294016,53.544649,On or near ALBION DRIVE,E01007373,Barnsley 014B,Investigation complete; no suspect identified
9edb2430d17af313bda8967bf133839e087794f58a3570fba371dbffff68baf1,2021-03,South Yorkshire Police,South Yorkshire Police,-1.466553,53.384836,On or near SNIG HILL,E01033264,Sheffield 073D,Further investigation is not in the public interest
1d97c9565299664a6112df6187335e3a851dcd93ddc2bb1e6ce27fd625b4dc33,2021-03,South Yorkshire Police,South Yorkshire Police,-1.432115,53.401315,On or near FELL STREET,E01033269,Sheffield 022G,Investigation complete; no suspect identified
994784ad9253c83336dfedd7fd3354e5e4e628d37024d35a283743ef5f400a7a,2021-03,South Yorkshire Police,South Yorkshire Police,-1.035955,53.539845,On or near YORKSHIRE WAY,E01007479,Doncaster 014A,Investigation complete; no suspect identified
988150e66fcd1def5815837849634a16c407de85d6dbf85de8ad9d8dd7b810db,2021-03,South Yorkshire Police,South Yorkshire Police,-1.436102,53.437657,On or near DEEP LANE,E01008055,Sheffield 007C,Investigation complete; no suspect identified
581d23d3b168384df53610fb84354ac826239ba8895c36776b76e278e998bd15,2021-03,South Yorkshire Police,South Yorkshire Police,-1.104256,53.515361,On or near Petrol Station,E01007526,Doncaster 025D,Investigation complete; no suspect identified
750923836e3042e0b76d658ef0fe77cc95b694c9f2b11a84827ab8fdcfe94291,2021-03,South Yorkshire Police,South Yorkshire Police,-1.466553,53.384836,On or near SNIG HILL,E01033264,Sheffield 073D,Further investigation is not in the public interest
0afd7022df6bf654a3cf70c087c19f2edf485384e84442474215074f6418ed2a,2021-03,South Yorkshire Police,South Yorkshire Police,-1.400288,53.340405,On or near BIRLEY LANE,E01007842,Sheffield 076D,Investigation complete; no suspect identified
2e0d1890c987afd310a8b4b209b3761ae46db90c6cb01833b7b5530f2e5d486f,2021-03,South Yorkshire Police,South Yorkshire Police,-1.466553,53.384836,On or near SNIG HILL,E01033264,Sheffield 073D,Further investigation is not in the public interest
ada52367d936d0e2f4ed72dead8381e055c7d9e685641a3f96384920e92702c6,2021-03,South Yorkshire Police,South Yorkshire Police,-1.466749,53.431731,On or near ROKEBY DRIVE,E01008056,Sheffield 006B,Unable to prosecute suspect
1c733a673d201b18fb96b53fac770c918e09cb9255e926d577a826ca187fb5f3,2021-03,South Yorkshire Police,South Yorkshire Police,-1.398723,53.448405,On or near STRAFFORD ROAD,E01007805,Rotherham 011C,Investigation complete; no suspect identified
2d31395a9d2518c36c6b34b9792248573fa06c2c3486106c52339756dc10a8fd,2021-03,South Yorkshire Police,South Yorkshire Police,-1.516941,53.404088,On or near WISEWOOD AVENUE,E01007993,Sheffield 021C,Investigation complete; no suspect identified
da4e863452a214cc6d5eaffc54168316052cb6e928a22521af146f17f38233d8,2021-03,South Yorkshire Police,South Yorkshire Police,-1.299585,53.444872,On or near Sports/Recreation Area,E01007719,Rotherham 010A,Investigation complete; no suspect identified
caf55ca765fbddbffddb19b8622a2e62dbacb66a58f13c069d7999aa5c2c0eaf,2021-03,South Yorkshire Police,South Yorkshire Police,-1.466749,53.431731,On or near ROKEBY DRIVE,E01008056,Sheffield 006B,Unable to prosecute suspect
73a0893af23666191ec2937b1ac01ddf8d673af85555c0258f8b1750f624fdbc,2021-03,South Yorkshire Police,South Yorkshire Police,-1.376240,53.521556,On or near Park/Open Space,E01032924,Barnsley 026F,Investigation complete; no suspect identified
cbb431f3e66e0626b49f334a3c66fb81cf38f8f8c50da8f4943ce60932e02b8d,2021-03,South Yorkshire Police,South Yorkshire Police,-1.568240,53.363162,On or near GORSE LANE,E01007956,Sheffield 041B,Investigation complete; no suspect identified
49a5669cfac6aaaba6357d111c53ba6c289943abc74490525adaeab0965569d5,2021-03,South Yorkshire Police,South Yorkshire Police,-1.446614,53.411783,On or near ADDISON ROAD,E01007949,Sheffield 020E,Investigation complete; no suspect identified
67399890366e8e0d5bdb704a926939df7c1a410898c70c120b241eab001163c9,2021-03,South Yorkshire Police,South Yorkshire Police,-1.478187,53.501802,On or near Park/Open Space,E01007399,Barnsley 028D,Further investigation is not in the public interest
e7f9a7325ad5d1155bd57a68278417d2ebc04c3745254eb5c6601e1c9cf16632,2021-03,South Yorkshire Police,South Yorkshire Police,-1.471292,53.318996,On or near BOWSHAW VIEW,E01008084,Sheffield 070D,Unable to prosecute suspect
e0efdf374f9b9d19424c136d211c746abb0e183f1ce46ba5d55d54f2d33b3619,2021-03,South Yorkshire Police,South Yorkshire Police,-1.186102,53.582974,On or near CHAPEL STREET,E01007474,Doncaster 005F,Unable to prosecute suspect
319317bfda7613c835664a31b114dac86081be50a022052ec7eaf6c459e916db,2021-03,South Yorkshire Police,South Yorkshire Police,-1.297440,53.451682,On or near ARRAN HILL,E01007720,Rotherham 010B,Unable to prosecute suspect
373a5fcd994341c018445d1b4eab4595205163587acd08fe3e833afe936a1126,2021-03,South Yorkshire Police,South Yorkshire Police,-1.297440,53.451682,On or near ARRAN HILL,E01007720,Rotherham 010B,Unable to prosecute suspect
93e0dc97d9a8a6dc9dbb4c4b55fcdc4ad8ca68a98a1e0927e8336310186dd36d,2021-03,South Yorkshire Police,South Yorkshire Police,-1.350737,53.502634,On or near THORNHILL PLACE,E01007822,Rotherham 002F,Investigation complete; no suspect identified
699e17cad1191078853fa2ae657629512fb78c39f548f03f4b446d42fc5686cd,2021-03,South Yorkshire Police,South Yorkshire Police,-1.521076,53.322487,On or near BRINKBURN DRIVE,E01007918,Sheffield 071C,Further action is not in the public interest
e13cfdec619951fb90586669d9a94d62412e8cb31685b32d1ae66f2dee5b26d4,2021-03,South Yorkshire Police,South Yorkshire Police,-1.445213,53.430392,On or near PEAR TREE ROAD,E01008059,Sheffield 010C,Investigation complete; no suspect identified
276a060a1eae2a26163f8e74fc9d196ae73f196c4763b249f40b3085e5c9bccc,2021-03,South Yorkshire Police,South Yorkshire Police,-1.475110,53.365108,On or near HORNER ROAD,E01008112,Sheffield 042D,Investigation complete; no suspect identified
8aabbf52cd7ff5e086bca78e139edb2ad7d16b4a103b39a5a950d9b97e1b1df8,2021-03,South Yorkshire Police,South Yorkshire Police,-1.488662,53.320133,On or near GRESLEY ROAD,E01007916,Sheffield 069B,Investigation complete; no suspect identified
7c3a14e06f05218cb88178d0fd9b605d796d6e11d0f0eca3f5dfffa745b7c469,2021-03,South Yorkshire Police,South Yorkshire Police,-1.528010,53.436887,On or near FAIRHOLME HEIGHTS,E01033280,Sheffield 008G,Investigation complete; no suspect identified
462e7ef15f5e9afc16aef24c2e310b5fa56b19c47a9c43b23e2ee149741f22eb,2021-03,South Yorkshire Police,South Yorkshire Police,-0.973170,53.546550,On or near VULCAN WAY,E01007557,Doncaster 008B,Action to be taken by another organisation
91b8bd71c6a522a2c0660de758bb0fab4aed574ba63e6a59fb0cc0a7e7ea583e,2021-03,South Yorkshire Police,South Yorkshire Police,-1.137787,53.496461,On or near OAK COURT,E01007502,Doncaster 028C,Further action is not in the public interest
71b23410e5211dd39639b86eab339cf3e6f2463b2d2726f2db61c09cc55295ee,2021-03,South Yorkshire Police,South Yorkshire Police,-0.973170,53.546550,On or near VULCAN WAY,E01007557,Doncaster 008B,Action to be taken by another organisation
c40d9ae2b385f332429984c39d9e4a1c1e9398e81f3077e6c689d419dacb70fa,2021-03,South Yorkshire Police,South Yorkshire Police,-1.202660,53.568371,On or near OSBORNE AVENUE,E01007465,Doncaster 009B,Unable to prosecute suspect
497fbdc4275ea478c43ff9ae610db1d4c210f898304ce8c3bc377ed7d61e4078,2021-03,South Yorkshire Police,South Yorkshire Police,-1.342834,53.426763,On or near Sports/Recreation Area,E01007767,Rotherham 017C,Investigation complete; no suspect identified
a71da722ab7ba21cc6a7452ff5681931df2bf9f12c87e2f9eedce6e0a8d78ac8,2021-03,South Yorkshire Police,South Yorkshire Police,-0.973170,53.546550,On or near VULCAN WAY,E01007557,Doncaster 008B,Action to be taken by another organisation
883b8889a549148271c607c0ac61bcb8ad1981eb3e6165babd5464cf0ad9445d,2021-03,South Yorkshire Police,South Yorkshire Police,-1.509745,53.589051,On or near BROADWAY,E01007357,Barnsley 004B,Local resolution
f676da5bd18b8c7a8c7ffb03c6ffbc5d7d46c6e57ed0e3ae4a51a45d4f48912c,2021-03,South Yorkshire Police,South Yorkshire Police,-1.450307,53.413490,On or near VICKERS ROAD,E01007949,Sheffield 020E,Investigation complete; no suspect identified
b308d8605fd6ab378ad03bd3ead896b376bbe44cf1ae02695b2f0cd9c4d27ae9,2021-03,South Yorkshire Police,South Yorkshire Police,-1.188843,53.421430,On or near LUMLEY DRIVE,E01007764,Rotherham 020F,Suspect charged
4753a493b8bf82d46af82c0c34f137f96ebc993855283ad2b8482ee35f60d41f,2021-03,South Yorkshire Police,South Yorkshire Police,-1.416769,53.524772,On or near TURNER AVENUE,E01007447,Barnsley 023A,Investigation complete; no suspect identified
c8cee6fa65a575e3e8dbb018b64944579ac44e73fd5cde2ef220f114d3719792,2021-03,South Yorkshire Police,South Yorkshire Police,-1.483604,53.390933,On or near ALBERT TERRACE ROAD,E01008072,Sheffield 026C,Investigation complete; no suspect identified
cf17615798254bf799c7ee68869f55d7ebe55b7c9cf5d7fba90472b77ebb6efe,2021-03,South Yorkshire Police,South Yorkshire Police,-1.139017,53.520605,On or near BURNABY STREET,E01007529,Doncaster 022A,Investigation complete; no suspect identified
bd2c83b62f218da60fb72f680fff0fdbb2ab549186ddd89a059fe348a3865b46,2021-03,South Yorkshire Police,South Yorkshire Police,-1.484273,53.548155,On or near SPRING STREET,E01007417,Barnsley 013D,Investigation complete; no suspect identified
0fc26cf703695c2f55667320ea8c216639be97f395a2e025035c7f71e7756b77,2021-03,South Yorkshire Police,South Yorkshire Police,,,No location,,,Investigation complete; no suspect identified
8f031904575aec9b93c3a4f2358016568b37c54915c271e5f74af3db9fdb18d9,2021-03,South Yorkshire Police,South Yorkshire Police,-1.452877,53.544950,On or near LAMBERT ROAD,E01007320,Barnsley 018C,Investigation complete; no suspect identified
7db494a75da168b63247ff754897380ae07def842efa0ad234b540fee8787b6c,2021-03,South Yorkshire Police,South Yorkshire Police,-1.464976,53.375094,On or near FORNHAM STREET,E01033274,Sheffield 042G,Investigation complete; no suspect identified
4c6d3991a819a8c6a32b2ce3fabeb587077f75f671bd36a4194b71bef44ff5fe,2021-03,South Yorkshire Police,South Yorkshire Police,-1.485250,53.554766,On or near CHURCHFIELD,E01007336,Barnsley 013A,Unable to prosecute suspect
dd0c23a07e00f8fc39b65846f636c7b8ed6edb61a08779a23b1657d6f0b22032,2021-03,South Yorkshire Police,South Yorkshire Police,-1.475215,53.560619,On or near Supermarket,E01007410,Barnsley 010E,Investigation complete; no suspect identified
3bdf1f8d2562d0a0584b9e4b26df92d2d013772ba4bbd23cee5dce99f6e87177,2021-03,South Yorkshire Police,South Yorkshire Police,-1.379672,53.429054,On or near HARTINGTON ROAD,E01007715,Rotherham 016A,Investigation complete; no suspect identified
acc12a7a6be02abce1d3c85dad7b3002ec241de9811b40aca4e77fa95c0418ec,2021-03,South Yorkshire Police,South Yorkshire Police,-1.145745,53.545264,On or near OLD HALL ROAD,E01007505,Doncaster 013A,Investigation complete; no suspect identified
1620d6db5a98e0c9d6288c07194b0193db6575d03d37f7767c0fc2b91428ffe8,2021-03,South Yorkshire Police,South Yorkshire Police,-1.303200,53.531211,On or near ALBERT ROAD,E01007369,Barnsley 022A,Investigation complete; no suspect identified
eb9588f615051aeb0e85134ab269e25b220192e653218f5043925c955dbcc6a7,2021-03,South Yorkshire Police,South Yorkshire Police,-1.480307,53.414685,On or near BARRIE ROAD,E01007950,Sheffield 015D,Investigation complete; no suspect identified
b1c7ecbaea2ebe97e0f63b4fa71b8470e45d0aebe28b4f6337573986ba9d7db0,2021-03,South Yorkshire Police,South Yorkshire Police,-1.146745,53.513541,On or near GRESLEY ROAD,E01007533,Doncaster 023C,Unable to prosecute suspect
5e357e553d20155deb96cd6b35f8464055c0f0384136240a1d8c3d66e102e9d4,2021-03,South Yorkshire Police,South Yorkshire Police,-1.183922,53.583229,On or near PARK AVENUE,E01007474,Doncaster 005F,Unable to prosecute suspect
246809c489b9d7a33331f913e41667b10193b2a3ca5e20b602a06d58f1fecf46,2021-03,South Yorkshire Police,South Yorkshire Police,-1.087490,53.497589,On or near ROXBY CLOSE,E01007520,Doncaster 027A,Unable to prosecute suspect
a527420bd973b89dbd96567a9baf98594f26e65b4a1ba641257450eb35755840,2021-03,South Yorkshire Police,South Yorkshire Police,-1.477735,53.381479,On or near PORTOBELLO STREET,E01033266,Sheffield 074D,Unable to prosecute suspect
4375e41db88ba781f4c779c31acda9cc1bbc2af7a71b63fc93edbe6d214e31fc,2021-03,South Yorkshire Police,South Yorkshire Police,-1.481288,53.388442,On or near DOWNING LANE,E01008065,Sheffield 026A,Further action is not in the public interest
7845de714a783dfbd23b3ece3993004d99255958f0efd8eaad7dd566d148a081,2021-03,South Yorkshire Police,South Yorkshire Police,-1.124327,53.528579,On or near BAXTER AVENUE,E01007648,Doncaster 019D,Local resolution
246686c52fb9b482aa9f715c771a0723dc09b9bb726474f3ef0fa216ce9c5dd2,2021-03,South Yorkshire Police,South Yorkshire Police,-1.473616,53.364373,On or near GLOVER ROAD,E01008112,Sheffield 042D,Investigation complete; no suspect identified
a60a64f9b31ab15a4cc8faf07fab4629fa03b43d84640af6d4a228d3fcdc7aa0,2021-03,South Yorkshire Police,South Yorkshire Police,-1.477832,53.558949,On or near LEIGHTON CLOSE,E01007410,Barnsley 010E,Investigation complete; no suspect identified
c9140be99472adc9e4987f62f9a436c172c61b0025ab74eb31f4cfbc9178a9e5,2021-03,South Yorkshire Police,South Yorkshire Police,-1.407275,53.384592,On or near MAIN ROAD,E01007907,Sheffield 032A,Unable to prosecute suspect
ef3e188a62277bd1383c286253df9ce03a68db362588878cadf25252748b63bc,2021-03,South Yorkshire Police,South Yorkshire Police,-1.476845,53.558172,On or near KAYE STREET,E01007336,Barnsley 013A,Unable to prosecute suspect
4c6e34301e239873a1cf2e29c0eb504db74369fd04c73d2e2efdb7b5cbcf23bd,2021-03,South Yorkshire Police,South Yorkshire Police,-1.364817,53.420985,On or near BRADMARSH WAY,E01007676,Rotherham 025A,Investigation complete; no suspect identified
54a5aacd63e7f7abe72b1c15de0c856ee41c66d64e22807caac4d900a4b4cf02,2021-03,South Yorkshire Police,South Yorkshire Police,-1.502223,53.336397,On or near BEAUCHIEF RISE,E01007825,Sheffield 066B,Investigation complete; no suspect identified
6854133b02da72c89bce5e38d06307c6c181a64392d94ac7921e682ae5789cb6,2021-03,South Yorkshire Police,South Yorkshire Police,-1.492900,53.474109,On or near DARWALL CLOSE,E01007900,Sheffield 003F,Local resolution
bd6d520efa64771bc8660497c817a9558161833181216ddd0d99e01834d69634,2021-03,South Yorkshire Police,South Yorkshire Police,-1.018300,53.568556,On or near HODDESDON CRESCENT,E01007562,Doncaster 006E,Unable to prosecute suspect
4e07725b27d82bb9c0208535563f39b89c06e6f4f875c327a6b0ecc67be90e9e,2021-03,South Yorkshire Police,South Yorkshire Police,-1.289477,53.496641,On or near HELENA STREET,E01007571,Doncaster 031A,Suspect charged
1018279fc4ec304b347655b5d449af36cfd8aeef4ef0c02806ce03d6de59c20b,2021-03,South Yorkshire Police,South Yorkshire Police,-1.297965,53.500197,On or near CEDAR AVENUE,E01007573,Doncaster 031C,Unable to prosecute suspect
9663ca1860007455247821e08df3b976ebf3af36bcae994998facb7de3f0e356,2021-03,South Yorkshire Police,South Yorkshire Police,-1.432903,53.373670,On or near MANOR PARK WAY,E01008015,Sheffield 039D,Further action is not in the public interest
4028aa230aead859f31edb75d8db7a7ad2d213f5ccfec646d09d8f0b6987d1a9,2021-03,South Yorkshire Police,South Yorkshire Police,-1.445567,53.573167,On or near PRESTON WAY,E01007406,Barnsley 009E,Investigation complete; no suspect identified
9f505578dd75eb33b9163f91d503688f81bfd92afd61b0de687ecf1b90c47420,2021-03,South Yorkshire Police,South Yorkshire Police,-1.304516,53.486824,On or near BROOMVILLE STREET,E01007800,Rotherham 003E,Unable to prosecute suspect
95dca50da5f916ba68cd2de36ed8146daf56ae1463fefc315d778bc98a959b8e,2021-03,South Yorkshire Police,South Yorkshire Police,-1.498202,53.557266,On or near HELENSBURGH CLOSE,E01007446,Barnsley 012G,Unable to prosecute suspect
9384126fe31984378333d16d72672221c28a7950138695356b4d8e6fa6d7f250,2021-03,South Yorkshire Police,South Yorkshire Police,-1.141892,53.499214,On or near DRYDEN ROAD,E01007500,Doncaster 028B,Investigation complete; no suspect identified
2768a68f8a685439a4e095b8bcdc967409cce30d41a183992e78ca43dde2227d,2021-03,South Yorkshire Police,South Yorkshire Police,-1.495254,53.346687,On or near HUTCHINSON ROAD,E01007929,Sheffield 055C,Investigation complete; no suspect identified
8e32ff4ac4f278278b8239485406f0effe26f5509412f217d4e1fcdd8eb85c55,2021-03,South Yorkshire Police,South Yorkshire Police,-1.500463,53.417602,On or near CARRWELL LANE,E01008089,Sheffield 017B,Unable to prosecute suspect
44ae19e40ffc2ec309adc0a218bbfe26a2b4cbd6470d8a100d2f1a3d67a31a19,2021-03,South Yorkshire Police,South Yorkshire Police,-1.434585,53.505388,On or near GREENSIDE LANE,E01007457,Barnsley 029E,Unable to prosecute suspect
5423ebb84180f137091de41c7afccd233a0a46c40aa703e0873033de6c981a7a,2021-03,South Yorkshire Police,South Yorkshire Police,-1.291417,53.536661,On or near DONCASTER ROAD,E01007376,Barnsley 022D,Local resolution
7bf73b40d870992fecb86d34aa115f6322705ae763b8fee2c667b85f2da324c0,2021-03,South Yorkshire Police,South Yorkshire Police,-1.491551,53.477312,On or near DOWLAND COURT,E01007898,Sheffield 003D,Investigation complete; no suspect identified
f18ee613685118959976771a24cdb196e0a7719fd90ce1d74857d8fea7e88a9c,2021-03,South Yorkshire Police,South Yorkshire Police,-1.479473,53.496522,On or near MACNAGHTEN ROAD,E01007424,Barnsley 028E,Local resolution
efc19271e61ede98c4b175e91fa15c7492704df281ea23616e507ad0ab1bbc9a,2021-03,South Yorkshire Police,South Yorkshire Police,-1.417568,53.347502,On or near JAUNTY WAY,E01007843,Sheffield 062C,Investigation complete; no suspect identified
e7ed2dbbad9f496b8445ce2ca46ba701cb68498ebc3498f5022b95bb3e05f394,2021-03,South Yorkshire Police,South Yorkshire Police,-1.493504,53.472754,On or near SHERINGHAM CLOSE,E01007892,Sheffield 003B,Investigation complete; no suspect identified
5562d1c2d7ae13612800a339dca3811a84c32e6624f063e5ab09b29876d1c996,2021-03,South Yorkshire Police,South Yorkshire Police,-1.122665,53.530185,On or near BECKETT ROAD,E01007646,Doncaster 019B,Investigation complete; no suspect identified
4711778d6c0698d0aa5ab8aaa116cd759b156f72a93ad91605358c819cfceab7,2021-03,South Yorkshire Police,South Yorkshire Police,-1.420568,53.340100,On or near WOODLAND DRIVE,E01007836,Sheffield 062B,Local resolution
24379f25b7a0cdc20f5ed0ddad6351201a7e837f173cefeb74a2b7fbe71902ff,2021-03,South Yorkshire Police,South Yorkshire Police,-1.312940,53.484050,On or near BROOKFIELD AVENUE,E01007798,Rotherham 003C,Unable to prosecute suspect
40056fb66464a8aefbcb5cb7bcb3fd42d774f84a3395975eb1aadb4592b2bbc4,2021-03,South Yorkshire Police,South Yorkshire Police,-1.553733,53.372429,On or near WESTMINSTER CRESCENT,E01007953,Sheffield 033B,Unable to prosecute suspect
fea5edd0844e453e9d09c2d610d83d65db371d38d02603900242492c07fb7efd,2021-03,South Yorkshire Police,South Yorkshire Police,-1.122325,53.532061,On or near MORLEY ROAD,E01007654,Doncaster 019F,Investigation complete; no suspect identified
0780b6fb3a2cf7fac2be2adcfe6ebc4c4ed7822c6178044190420c88cf504e3a,2021-03,South Yorkshire Police,South Yorkshire Police,-1.401974,53.348674,On or near HEATHFIELD ROAD,E01007839,Sheffield 076B,Investigation complete; no suspect identified
15177f6892380d300610228529f89ffabfc5cb24e3ea281f902a989c385bbc2a,2021-03,South Yorkshire Police,South Yorkshire Police,-0.958644,53.617507,On or near Supermarket,E01007637,Doncaster 003B,Unable to prosecute suspect
03776aabc0da30dabb40d965e14685410f0d675b4b2c5454f4c91ad200d0790c,2021-03,South Yorkshire Police,South Yorkshire Police,-1.493139,53.369248,On or near Supermarket,E01007864,Sheffield 036D,Suspect charged
224f5f1514cbce8610c495860aec3c4f91c329ee670efb1fa7bda007326f0847,2021-03,South Yorkshire Police,South Yorkshire Police,-1.470350,53.384188,On or near PARADISE LANE,E01033262,Sheffield 073B,Investigation complete; no suspect identified
3864bf2099b12acfb856ba4ab44101188f8bc0bddac4ac6013fcce48826169bc,2021-03,South Yorkshire Police,South Yorkshire Police,-1.467241,53.344147,On or near HARVEY CLOUGH ROAD,E01007830,Sheffield 064B,Local resolution
2a779de1055ce155f50715538a28191c81d61c17d857a35b0bb05424f45c8349,2021-03,South Yorkshire Police,South Yorkshire Police,-1.343627,53.457320,On or near RECTORY STREET,E01007783,Rotherham 008C,Investigation complete; no suspect identified
191bc2594a462da1760194dd8952408a365e54713eff9307fcd1e3f440c2ac61,2021-03,South Yorkshire Police,South Yorkshire Police,-1.541217,53.324454,On or near CHURCH LANE,E01007921,Sheffield 068B,Investigation complete; no suspect identified
250e3b9576945aaacbfac2a7deb8805c28132477bd420ec582d4044068a53618,2021-03,South Yorkshire Police,South Yorkshire Police,-1.169934,53.530774,On or near WALSHAM DRIVE,E01007589,Doncaster 016D,Investigation complete; no suspect identified
1fcbcb2267e8eca2e4640f84753cc003dcc6aa70580ff6a6268f5ae53dae3f80,2021-03,South Yorkshire Police,South Yorkshire Police,-1.463942,53.365265,On or near SPURR STREET,E01008099,Sheffield 051E,Investigation complete; no suspect identified
3b6330564c681c38dcded3fe71e1e85faa638b0bd1e36e0acdca17d3914f7b7a,2021-03,South Yorkshire Police,South Yorkshire Police,-1.475404,53.533124,On or near TRELAWNEY WALK,E01007459,Barnsley 021B,Investigation complete; no suspect identified
567af92f7e169607f4d6c6e9d08cf3f16fe53bf0308a1452d946c8696a0bdb17,2021-03,South Yorkshire Police,South Yorkshire Police,-1.301786,53.532848,On or near MARKET SQUARE,E01007369,Barnsley 022A,Investigation complete; no suspect identified
4611588920b80fd92d2bd8bf11a6f72dfb2ed6c1ca6a9a0611505f52ab573d27,2021-03,South Yorkshire Police,South Yorkshire Police,-1.226091,53.422001,On or near BROOKLANDS,E01007761,Rotherham 018E,Investigation complete; no suspect identified
2779d2a4d04de5ac25140c760dbaefba804ef393f406ee84fe95c14e3b1e4f5e,2021-03,South Yorkshire Police,South Yorkshire Police,-1.352530,53.541340,On or near JOHN STREET,E01007349,Barnsley 020B,Local resolution
721667cbd9718dd984f05ed5c78359d019b989185c9a8c93ad0aa8d2769dadff,2021-03,South Yorkshire Police,South Yorkshire Police,-1.493594,53.386590,On or near BURNS ROAD,E01008073,Sheffield 030E,Unable to prosecute suspect
25b39434a6dd4afe5d1a6bdc457141edd715178d74b4444888c577692f31564a,2021-03,South Yorkshire Police,South Yorkshire Police,-1.486528,53.469075,On or near NEWTON ROAD,E01007901,Sheffield 003G,Investigation complete; no suspect identified
a5b8d8af918b3c82ea22753c0c9fd9c4fd7aa2799483ee9622293b01847516fb,2021-03,South Yorkshire Police,South Yorkshire Police,-1.182728,53.496274,On or near WRIGHTSON AVENUE,E01007546,Doncaster 033A,Investigation complete; no suspect identified
05746dc5244cd596269c48d9e97c81d5f5b27ba9dbeb184b4c1eb774954a4878,2021-03,South Yorkshire Police,South Yorkshire Police,-1.189041,53.485323,On or near Supermarket,E01007547,Doncaster 034B,Investigation complete; no suspect identified
7aa44eb1d6a293f5758174500db9f5699dbb836b2983943ee302f271c51f71fa,2021-03,South Yorkshire Police,South Yorkshire Police,-1.183360,53.392647,On or near EAST FIELD LANE,E01007788,Rotherham 028B,Investigation complete; no suspect identified
a8bb01bb9f871127a8e19f3181354bfd2ca70e4f458d62dc3286c610d014b18d,2021-03,South Yorkshire Police,South Yorkshire Police,-1.499300,53.403890,On or near Petrol Station,E01008093,Sheffield 017D,Investigation complete; no suspect identified
e9ab5c477520d19277feb1ed78bc18bf5b1c611df46f687e97bf366880213001,2021-03,South Yorkshire Police,South Yorkshire Police,-1.345544,53.504062,On or near Supermarket,E01007822,Rotherham 002F,Unable to prosecute suspect
090bee0299d94c67e5a731a8f0759d850927414b1ac2afd94bb026294cfaf53c,2021-03,South Yorkshire Police,South Yorkshire Police,-1.391310,53.446660,On or near WOODCOCK CLOSE,E01007805,Rotherham 011C,Unable to prosecute suspect
e395c523adeb5d91ae858ee8f6665aaafcd84f8aefe3cc5cc03c5359b11a1f34,2021-03,South Yorkshire Police,South Yorkshire Police,-1.195356,53.419182,On or near SCHOLFIELD CRESCENT,E01007760,Rotherham 020D,Unable to prosecute suspect
cca87691fc860ca39b63692cf8fcb318ee047b26b61e1cfc64889a55ea073aec,2021-03,South Yorkshire Police,South Yorkshire Police,-1.345544,53.504062,On or near Supermarket,E01007822,Rotherham 002F,Unable to prosecute suspect
1e0828a84aad5ca1dadad8c529603896a0d5a6a74dd32209f282ca8307d420fc,2021-03,South Yorkshire Police,South Yorkshire Police,-1.483214,53.415650,On or near DONOVAN CLOSE,E01008124,Sheffield 012F,Investigation complete; no suspect identified
0fffae88e8a464d6a682a67f64b40c0b1c570323cca1cf5ad045ace1f8bbd9fd,2021-03,South Yorkshire Police,South Yorkshire Police,-1.473630,53.544792,On or near COPE STREET,E01007338,Barnsley 017A,Investigation complete; no suspect identified
7df93641aad5c1630594aefb57a8e58de9129021efb960e6d0753c1deae9a47f,2021-03,South Yorkshire Police,South Yorkshire Police,-1.071903,53.552103,On or near Sports/Recreation Area,E01007477,Doncaster 011C,Investigation complete; no suspect identified
daec9c5506977743946ca487877401984cb2048d8f8a58ddb835c64bfc8e146c,2021-03,South Yorkshire Police,South Yorkshire Police,-1.328189,53.466960,On or near EVELYN STREET,E01007773,Rotherham 006C,Investigation complete; no suspect identified
bb2b333bc68ca313a647f8034a89b6781b1bb7dc0f3d28230e99ff2d48e0ae4a,2021-03,South Yorkshire Police,South Yorkshire Police,-1.375974,53.405107,On or near ELLEN TREE CLOSE,E01007705,Rotherham 025E,Investigation complete; no suspect identified
3bb236dbd9194414713fc0cdab9924fed433db7c7eba6cebe716728cab50e20d,2021-03,South Yorkshire Police,South Yorkshire Police,-1.493676,53.477258,On or near SUNDEW GARDENS,E01007899,Sheffield 003E,Unable to prosecute suspect
b7860eb921abf0b98e351fc3c181e99b1e4365197ad6548f9f348e600d58eb5b,2021-03,South Yorkshire Police,South Yorkshire Police,-1.484775,53.323775,On or near GERVASE AVENUE,E01007916,Sheffield 069B,Unable to prosecute suspect
98e26a9b022e2bcaec2070d40cb7502aed338fb2e0e82379c5409280de3fc223,2021-03,South Yorkshire Police,South Yorkshire Police,-1.089722,53.532042,On or near WEMBLEY CLOSE,E01007566,Doncaster 018C,Unable to prosecute suspect
bb6ebd5c79e34e0000659f1707bc9fcb5a12fc3e2a16c488dda13d4d65b56d06,2021-03,South Yorkshire Police,South Yorkshire Police,-1.493941,53.500602,On or near THE AVENUE,E01007424,Barnsley 028E,Investigation complete; no suspect identified
a35951f33c293a23b1f1fb4010ae23f76a057fd7aa94e941b5d4db3a0d121e8c,2021-03,South Yorkshire Police,South Yorkshire Police,-1.328189,53.466960,On or near EVELYN STREET,E01007773,Rotherham 006C,Investigation complete; no suspect identified
fc34a00a552d4834150b253d22af811f5dfd9347ee37d40929f8f62e03279ac8,2021-03,South Yorkshire Police,South Yorkshire Police,-1.458317,53.552660,On or near ELM ROW,E01007322,Barnsley 015C,Unable to prosecute suspect
06428d375db2982ab312a76a0a6f87d8ad4a7dbc77a0433905dbc8fa7001b0e7,2021-03,South Yorkshire Police,South Yorkshire Police,-1.483660,53.424803,On or near LYTTON ROAD,E01008118,Sheffield 009E,Investigation complete; no suspect identified
11ffc9a66d4ad2d0ecac41601f66eaec1cafae6978e085e2c4d71459c2b6f55f,2021-03,South Yorkshire Police,South Yorkshire Police,-1.447974,53.504192,On or near CORONATION ROAD,E01007395,Barnsley 030E,Investigation complete; no suspect identified
3333960b14ab012f06af64e0c617fff723757503b7af60ef42b2649dba141452,2021-03,South Yorkshire Police,South Yorkshire Police,,,No location,,,Offender given a caution
4898a3e33d6095a450b726aedba2f07fe50b326f27987d35d8523c195cf6e56f,2021-03,South Yorkshire Police,South Yorkshire Police,-1.420568,53.340100,On or near WOODLAND DRIVE,E01007836,Sheffield 062B,Local resolution
f2f16f13b08684250bc0430fdc425833f9f603f93190dab2e85b4038bd6f739d,2021-03,South Yorkshire Police,South Yorkshire Police,-1.493139,53.369248,On or near Supermarket,E01007864,Sheffield 036D,Investigation complete; no suspect identified
a782394e78f35fabdea0af9977e509fd4dc71d54fa89fb673a7a345f99572949,2021-03,South Yorkshire Police,South Yorkshire Police,-1.268743,53.498799,On or near CHATSWORTH AVENUE,E01007580,Doncaster 030D,Investigation complete; no suspect identified
5bf8006c4d3a19184080831acb3a24c266e57549ccb235f1574c37a252913e17,2021-03,South Yorkshire Police,South Yorkshire Police,-1.328017,53.465440,On or near SOUTHWELL ROAD,E01007774,Rotherham 006D,Investigation complete; no suspect identified
98fae64eaaee824d14eee3d1809f24a3c4d357dcd0bb44ddd0c24c33b482bc66,2021-03,South Yorkshire Police,South Yorkshire Police,-1.472414,53.350992,On or near LEES HOUSE COURT,E01007985,Sheffield 053E,Investigation complete; no suspect identified
76d62da36ceea6f68a743c5fa6ea84ca923e51bf98aa6c0ec2b7af61f1eaea5a,2021-03,South Yorkshire Police,South Yorkshire Police,-1.380101,53.333218,On or near PARKGATE CROFT,E01008021,Sheffield 072A,Investigation complete; no suspect identified
5eb266a8d6adedcff92b9764f8eec4e56544c8d90723b7783008b88d7434f10f,2021-03,South Yorkshire Police,South Yorkshire Police,-1.483391,53.359993,On or near WOODSTOCK ROAD,E01008051,Sheffield 050E,Investigation complete; no suspect identified
666f95adb558dd06ab5b2256a2ca87567ae097daaa6159ae85d848c7fcde96ca,2021-03,South Yorkshire Police,South Yorkshire Police,-1.461233,53.332210,On or near THE MEADS,E01008079,Sheffield 064F,Unable to prosecute suspect
2277f12e5e437ec314798693b14c4fc9f67aefe348362521b02455d8cdd733bd,2021-03,South Yorkshire Police,South Yorkshire Police,-1.159931,53.536142,On or near FAIRFIELD ROAD,E01007516,Doncaster 013C,Investigation complete; no suspect identified
3419ced370b6b811de36e23efe483e225444732b23ceb2a93561cb4f92735ee0,2021-03,South Yorkshire Police,South Yorkshire Police,-1.421592,53.414226,On or near CASTLEDINE CROFT,E01007854,Sheffield 014E,Investigation complete; no suspect identified
111008484bf773778d6d75b4c99ff820a48c5076ea1ad2563b5a4a90cc9d4689,2021-03,South Yorkshire Police,South Yorkshire Police,-1.046158,53.541114,On or near THE WOODLANDS,E01007479,Doncaster 014A,Unable to prosecute suspect
9743550777cc66c78b78b1464db4f917520bd734cd99ff20cd65a3bf40da762f,2021-03,South Yorkshire Police,South Yorkshire Police,-1.270409,53.340077,On or near Supermarket,E01007751,Rotherham 033C,Investigation complete; no suspect identified
c134fa18058c20d32f638ed7450a69dc2d9883191c15e3f089417bc272394cb2,2021-03,South Yorkshire Police,South Yorkshire Police,-1.046158,53.541114,On or near THE WOODLANDS,E01007479,Doncaster 014A,Unable to prosecute suspect
71f76d7fd23787f91f89e8a1fa3ead539af19f8c9fde9d918b0b72af00175ad2,2021-03,South Yorkshire Police,South Yorkshire Police,-1.353390,53.364789,On or near HARBURY STREET,E01007974,Sheffield 044D,Investigation complete; no suspect identified
ec0f5aa81bf0c30211f7c676e7768d1a41a498c6c8dd68fab17742b5ac736923,2021-03,South Yorkshire Police,South Yorkshire Police,-0.955096,53.605710,On or near PASHLEY ROAD,E01007642,Doncaster 003G,Investigation complete; no suspect identified
536e520a3f2330e9761c2d5cd1d55745d51c4bcbf928aa8bb95734b1267d918e,2021-03,South Yorkshire Police,South Yorkshire Police,-1.377677,53.576897,On or near DEWFIELD CLOSE,E01007332,Barnsley 006C,Investigation complete; no suspect identified
47080a040e0a63d37fb8c37d6439be78d8a4224b6fbc8853c52afe30d948c774,2021-03,South Yorkshire Police,South Yorkshire Police,,,No location,,,Unable to prosecute suspect
8aa165ccb882de6e274ddeb947553bb45736e0fb1cbc6e097de49850a2f035e6,2021-03,South Yorkshire Police,South Yorkshire Police,-1.471617,53.547695,On or near GOLD STREET,E01007339,Barnsley 017B,Unable to prosecute suspect
c53c84970566682166d2ff927854dc8a4f39a53b1d7850ad69fa350fe3e4541d,2021-03,South Yorkshire Police,South Yorkshire Police,-1.470827,53.581965,On or near KIRKBY AVENUE,E01007325,Barnsley 007C,Investigation complete; no suspect identified
31e460b353520544ca3224d10eb2d9bca469c3da0d068b4f7fc7a117ebdcfd0c,2021-03,South Yorkshire Police,South Yorkshire Police,-1.471545,53.466106,On or near MOUNT PLEASANT CLOSE,E01007889,Sheffield 004B,Unable to prosecute suspect
69e4eb39e76dc55d75190f79b8f2fc318d070286f179a5b14983753702cecba6,2021-03,South Yorkshire Police,South Yorkshire Police,-1.108201,53.522833,On or near HAREWOOD ROAD,E01007649,Doncaster 019E,Investigation complete; no suspect identified
2fca28a6fb50dcfb885551ecd99354a8489fbc6264e917c16c47547d26c1ec8e,2021-03,South Yorkshire Police,South Yorkshire Police,-1.442311,53.370325,On or near CITY ROAD,E01007881,Sheffield 075C,Investigation complete; no suspect identified
83bd2392e04ae2587a82cd9eac804098417e4b4f3f16c3e54a0a306b9b68e68b,2021-03,South Yorkshire Police,South Yorkshire Police,-1.451288,53.497421,On or near OAK CLOSE,E01007391,Barnsley 030C,Investigation complete; no suspect identified
1142a4b94ed98f9bddaab19cbd2dd28905da804c0429274ff73693db142ff917,2021-03,South Yorkshire Police,South Yorkshire Police,-1.179849,53.582149,On or near QUEEN'S ROAD,E01007473,Doncaster 005E,Unable to prosecute suspect
4d1ef009ce09e74b1c81c8c393e1092f0fc5ff4735e72bc6a66be6e9f9840e9a,2021-03,South Yorkshire Police,South Yorkshire Police,-1.410423,53.586383,On or near QUEEN'S ROAD,E01007343,Barnsley 003D,Investigation complete; no suspect identified
891453364e9e27292eec5df3cc9ebc90752a4f2f1623408d6b31d1484dcc2e59,2021-03,South Yorkshire Police,South Yorkshire Police,-1.357591,53.407194,On or near WEST BAWTRY ROAD,E01007678,Rotherham 023B,Investigation complete; no suspect identified
cd41c7395ea73753bae3a6c505154497713063162601ebef187bfad05d1e582e,2021-03,South Yorkshire Police,South Yorkshire Police,-1.127228,53.525454,On or near VAUGHAN AVENUE,E01007648,Doncaster 019D,Unable to prosecute suspect
bb3b1201635015a30fba9a05b308536afd8114eff2cbe0b4871ef03684447f94,2021-03,South Yorkshire Police,South Yorkshire Police,-1.434585,53.505388,On or near GREENSIDE LANE,E01007457,Barnsley 029E,Investigation complete; no suspect identified
d627660f3ec3545980a0ba5976eb616b0d1eca4655c4756e81d26eda8599d160,2021-03,South Yorkshire Police,South Yorkshire Police,-1.480649,53.549577,On or near Petrol Station,E01007340,Barnsley 013B,Further investigation is not in the public interest
2f5f6f6ff13653c4620c6c821d792b02b837422787e519d9c4281519f4f12ff2,2021-03,South Yorkshire Police,South Yorkshire Police,-1.127228,53.525454,On or near VAUGHAN AVENUE,E01007648,Doncaster 019D,Unable to prosecute suspect
b8471b5e0b76cc91bd6c6dc0fb9fa034fcddb18277f0fa05f0c84a781bf36123,2021-03,South Yorkshire Police,South Yorkshire Police,-1.380124,53.574788,On or near CARLTON STREET,E01007332,Barnsley 006C,Further action is not in the public interest
9feb150f679e97cca704b8742261bc2a0546c650b1e95baaec531c500fb28c7d,2021-03,South Yorkshire Police,South Yorkshire Police,-1.475900,53.375430,On or near FITZWILLIAM GATE,E01033274,Sheffield 042G,Unable to prosecute suspect
650240a2e096985e0cd706285716f70592042c8ed29e6cbda946f410dbf23cc3,2021-03,South Yorkshire Police,South Yorkshire Police,-1.254927,53.471640,On or near FIRSBY LANE,E01007541,Doncaster 035E,Unable to prosecute suspect
f6e0e1622464d45fa0497379a1b0998631714ba3589bbd91a32911c699bb5a12,2021-03,South Yorkshire Police,South Yorkshire Police,-1.315903,53.502224,On or near PIONEER CLOSE,E01007820,Rotherham 002D,Investigation complete; no suspect identified
ea3f0eeaf0b387d356fbf2745be1017df4c47fc50b728a86da3e8ca3e0dfc319,2021-03,South Yorkshire Police,South Yorkshire Police,-1.474856,53.380846,On or near Nightclub,E01033265,Sheffield 074C,Investigation complete; no suspect identified
bb228420d151ffc76ddbf495f48533b181915502fce728a18b6a28ca311e373a,2021-03,South Yorkshire Police,South Yorkshire Police,-1.371465,53.358881,On or near CROSS DRIVE,E01007970,Sheffield 049D,Investigation complete; no suspect identified
17f896e1383b9928068e6db5bbce6bae6ef8281341195ad2c8fe17fe6002e16e,2021-03,South Yorkshire Police,South Yorkshire Police,-1.315903,53.502224,On or near PIONEER CLOSE,E01007820,Rotherham 002D,Investigation complete; no suspect identified
7b060ce356de289df686631aaa92e1388706091961091e6ca624cbf66057eab7,2021-03,South Yorkshire Police,South Yorkshire Police,-1.298257,53.496234,On or near Sports/Recreation Area,E01007577,Doncaster 031F,Unable to prosecute suspect
d18c31707f18b99a158bd0c9cdc978d9210a8b4613f4f9545b8bb7177eb4e5d4,2021-03,South Yorkshire Police,South Yorkshire Police,-1.055499,53.535687,On or near Petrol Station,E01007482,Doncaster 014D,Investigation complete; no suspect identified
550e21a0535b7cb396bc688108e12ec4a26f37aedc10a87b16183b9ddb7c6631,2021-03,South Yorkshire Police,South Yorkshire Police,-1.265747,53.500327,On or near DONNINGTON ROAD,E01007580,Doncaster 030D,Unable to prosecute suspect
a030dcc89e2a329d46e9938dd7d54451800551a5fe3781271bab55ecac011b40,2021-03,South Yorkshire Police,South Yorkshire Police,-1.419384,53.337650,On or near CHARNOCK WOOD ROAD,E01007836,Sheffield 062B,Unable to prosecute suspect
f8c65f0ab0d0e372ba10695fb446d0fc7d188d6edd2a0b6a0c7c450d547ac8cc,2021-03,South Yorkshire Police,South Yorkshire Police,-1.466145,53.362120,On or near ALEXANDRA ROAD,E01007975,Sheffield 051A,Investigation complete; no suspect identified
4b69e1654a49670c8b09fa396fbb9f7be670106490ff684a605aa15f81ee9687,2021-03,South Yorkshire Police,South Yorkshire Police,-1.446936,53.405466,On or near WHITEWAYS GROVE,E01007877,Sheffield 022D,Investigation complete; no suspect identified
edd23c022f556fc5bace2e067875742dde0132a6699cdfad3e523d9c24982c2e,2021-03,South Yorkshire Police,South Yorkshire Police,-1.302346,53.487692,On or near WALKER STREET,E01007800,Rotherham 003E,Investigation complete; no suspect identified
0f5ccaffd9723abccc1678351c99477357c52069fb91396b375f51fdef7a8026,2021-03,South Yorkshire Police,South Yorkshire Police,-1.195356,53.419182,On or near SCHOLFIELD CRESCENT,E01007760,Rotherham 020D,Unable to prosecute suspect
c9d0a09541f455e0a22a9947714bb38b8d20312ae9351d60fc14ee48149e7a71,2021-03,South Yorkshire Police,South Yorkshire Police,-1.448019,53.418252,On or near B6086,E01008062,Sheffield 013E,Investigation complete; no suspect identified
29f6065cb80dbd16c3c9ff0da1546fda62a8ce04e5a56f5e208e499967d74411,2021-03,South Yorkshire Police,South Yorkshire Police,-1.488610,53.429921,On or near DEERLANDS MOUNT,E01008116,Sheffield 009C,Investigation complete; no suspect identified
a831795f213097a04d53422df38b15c50c01c037ccea8ab99f0ca5acd1f8c769,2021-03,South Yorkshire Police,South Yorkshire Police,-1.466145,53.362120,On or near ALEXANDRA ROAD,E01007975,Sheffield 051A,Investigation complete; no suspect identified
d28af1c09c18cb84e0555e07d436df0d06609ea30c204bcf0ea9955167f9e5b9,2021-03,South Yorkshire Police,South Yorkshire Police,-1.140942,53.491046,On or near PLANTATION ROAD,E01007502,Doncaster 028C,Investigation complete; no suspect identified
3bfe00ef74347b3687060c4b6b27cfd6d2e9fdae44ca255ebaea48c15382e2bc,2021-03,South Yorkshire Police,South Yorkshire Police,-1.380717,53.428601,On or near HARTINGTON CLOSE,E01007718,Rotherham 016D,Investigation complete; no suspect identified
80d5983aec793b8a8e9c3a25cb2964d6b50ac116e84f1332dde69cfe40bd779f,2021-03,South Yorkshire Police,South Yorkshire Police,-1.468638,53.569866,On or near EMLEY VIEW,E01032550,Barnsley 010G,Investigation complete; no suspect identified
6994e1e863109a17d403317fc33c05fa321c6a1c601017938f89018105cb59a3,2021-03,South Yorkshire Police,South Yorkshire Police,-1.302346,53.487692,On or near WALKER STREET,E01007800,Rotherham 003E,Investigation complete; no suspect identified
c4848dd7d62c6042ed0bc6b7ab356b3ee0f6d10dd5b03fb0b318379f732a9e3b,2021-03,South Yorkshire Police,South Yorkshire Police,-1.463085,53.546893,On or near DONCASTER ROAD,E01007414,Barnsley 017D,Unable to prosecute suspect
ea2830f879b318b10ee167dc90f0842f528c477c7031064b168e684a44f3a670,2021-03,South Yorkshire Police,South Yorkshire Police,-1.475215,53.560619,On or near Supermarket,E01007410,Barnsley 010E,Investigation complete; no suspect identified
08f1b096807f04176056a92251d7024f9df305a740dbe22398579aca700f0961,2021-03,South Yorkshire Police,South Yorkshire Police,-1.470613,53.379928,On or near Supermarket,E01033265,Sheffield 074C,Investigation complete; no suspect identified
eb4ed825c8e31537aa2d6f9c173aacaff58f807f222d82e22eaa2c89a120327b,2021-03,South Yorkshire Police,South Yorkshire Police,-1.594935,53.479648,On or near OLIVE ROAD,E01008144,Sheffield 001A,Investigation complete; no suspect identified
15b66d81ddd447b002f2973a3aef16931f20f9570bc0ace8a30357d55544b1a2,2021-03,South Yorkshire Police,South Yorkshire Police,-1.531934,53.341299,On or near Conference/Exhibition Centre,E01007933,Sheffield 068F,Investigation complete; no suspect identified
fe99b0476ee1dc007299d0a9ee6b9bc3c0eb3fd5cfbcb986abf919539a4992eb,2021-03,South Yorkshire Police,South Yorkshire Police,-1.264610,53.425660,On or near BALK LANE,E01007681,Rotherham 012A,Unable to prosecute suspect
3b90593bc5314528e72e8bd767b2e3de85bd90f56c0da50b2b1b96fefa1d3980,2021-03,South Yorkshire Police,South Yorkshire Police,-1.347510,53.472235,On or near GLEBELAND CLOSE,E01007781,Rotherham 005D,Investigation complete; no suspect identified
131c6b2cd2525a55d0b9120c1dc861ee210d15936d4cb9999c0ffea6b0cc070b,2021-03,South Yorkshire Police,South Yorkshire Police,-1.475215,53.560619,On or near Supermarket,E01007410,Barnsley 010E,Investigation complete; no suspect identified
05b31fb2dd179dbddfb5ff28cd74855357d370b34fea123cfb22579199ff2306,2021-03,South Yorkshire Police,South Yorkshire Police,-1.175600,53.547433,On or near ASHTON AVENUE,E01007518,Doncaster 012D,Investigation complete; no suspect identified
3f6ca0493b8fb47091fde2a036d094bc0f17a1e571f3b032271f750f27bc5824,2021-03,South Yorkshire Police,South Yorkshire Police,-1.479684,53.369532,On or near CLUB STREET,E01008107,Sheffield 040C,Investigation complete; no suspect identified
e34875b19f698c4fc52b7c5a3a02b0d1c34a033de0a0b1c1a69d950eb5ba1e9f,2021-03,South Yorkshire Police,South Yorkshire Police,-1.165178,53.500287,On or near AUSTEN AVENUE,E01007499,Doncaster 029D,Investigation complete; no suspect identified
af0f52663c85ecbd68f401b84ee27f9cb5677063a51de8a0f50d82736e195820,2021-03,South Yorkshire Police,South Yorkshire Police,-1.411965,53.376984,On or near BOWDEN WOOD ROAD,E01008014,Sheffield 032E,Investigation complete; no suspect identified
00cf6309f46af4c8d7922da81802cf0b16172e3fcfe52097b9cb1894e6d23beb,2021-03,South Yorkshire Police,South Yorkshire Police,-1.411965,53.376984,On or near BOWDEN WOOD ROAD,E01008014,Sheffield 032E,Investigation complete; no suspect identified
7055458d1417cc6e9a7606e9f24fb0485d5c8361ecc616b763492d01e959c0b2,2021-03,South Yorkshire Police,South Yorkshire Police,-1.503484,53.438567,On or near CROSS HOUSE ROAD,E01008141,Sheffield 005E,Investigation complete; no suspect identified
9ca396548a9da42c72088bf0d4793dcf34db2a1119f7749cdf89f1f2ad114ae5,2021-03,South Yorkshire Police,South Yorkshire Police,-1.482961,53.338427,On or near GREENHILL ROAD,E01007834,Sheffield 066D,Investigation complete; no suspect identified
9e00bbb9576826fe8f5835f7666e3f3b6246b0d58a17be0dc0ec6fdd690234e5,2021-03,South Yorkshire Police,South Yorkshire Police,-1.149303,53.501056,On or near FORSTER ROAD,E01007500,Doncaster 028B,Action to be taken by another organisation
ceafade9841507555bf569fa4b6c504aa50708c556c1abdc41ce871a9de906bd,2021-03,South Yorkshire Police,South Yorkshire Police,-1.238751,53.480662,On or near ST ANDREW'S ROAD,E01007539,Doncaster 035C,Investigation complete; no suspect identified
2325a63a5233e394b7ef08346c00bfbcf90438e98eeb7ba18dc763023315cdc6,2021-03,South Yorkshire Police,South Yorkshire Police,-1.543270,53.583180,On or near RUSHWORTH CLOSE,E01007359,Barnsley 005C,Investigation complete; no suspect identified
3b52a2a5559c5b3c78131422cf7a4f5688d94d9354ec8674037a914f183716ba,2021-03,South Yorkshire Police,South Yorkshire Police,-1.521676,53.392350,On or near HOLLINS CLOSE,E01008152,Sheffield 025C,Investigation complete; no suspect identified
7eb598027876d715b94b5e648539583fd2801c6e77d55c412b92170d1de05513,2021-03,South Yorkshire Police,South Yorkshire Police,-1.264792,53.422955,On or near FIELDING DRIVE,E01007684,Rotherham 022A,Unable to prosecute suspect
f79716f16bf5bfedd4181da0f5bff7bc021b5202fa86a65ddf4ce588e3bcecf1,2021-03,South Yorkshire Police,South Yorkshire Police,-1.434072,53.343284,On or near LEIGHTON DRIVE,E01008007,Sheffield 060A,Further action is not in the public interest
07b2ff51c9a1620834cbb4ad2a89ec282bf3a20435bfa77d5593e53cdf048a12,2021-03,South Yorkshire Police,South Yorkshire Police,-1.411965,53.376984,On or near BOWDEN WOOD ROAD,E01008014,Sheffield 032E,Unable to prosecute suspect
55713055f485c497954ff60c60c928de670d1c4b4d308c5e2ea0cc8b92a0ea18,2021-03,South Yorkshire Police,South Yorkshire Police,-1.275892,53.542815,On or near CASTLE HILL FOLD,E01007586,Doncaster 020B,Investigation complete; no suspect identified
68f4b3323f5713483403f7b183940cb12afe174d5ae90bf8e2e2205ae804c0fd,2021-03,South Yorkshire Police,South Yorkshire Police,-1.482961,53.338427,On or near GREENHILL ROAD,E01007834,Sheffield 066D,Investigation complete; no suspect identified
58f407de25260820e91382c3a5d00a47bc1f27c3bcd298807acc5d4316699b1d,2021-03,South Yorkshire Police,South Yorkshire Police,-1.364992,53.361705,On or near BADGER RISE,E01007965,Sheffield 044A,Investigation complete; no suspect identified
9ce142aa4ac09fa5ba13f0e38974e2a7e87e0921a0972455514b9c4636550bda,2021-03,South Yorkshire Police,South Yorkshire Police,-1.149303,53.501056,On or near FORSTER ROAD,E01007500,Doncaster 028B,Action to be taken by another organisation
5cca68bf15c778a3089f7a4cdaea7f531ec0d8cc5894e0390c22e1e3948d6718,2021-03,South Yorkshire Police,South Yorkshire Police,-1.378065,53.533934,On or near SOUTH VIEW,E01007352,Barnsley 020E,Unable to prosecute suspect
5c197b0201b3c766136c8b411ebea00a5d5411e0a8a936d6c4dbc8b64b3b9e58,2021-03,South Yorkshire Police,South Yorkshire Police,-1.335886,53.455380,On or near WILLIAM STREET,E01007776,Rotherham 008B,Investigation complete; no suspect identified
f0692b4bee0f64088142fe93c649065598438f0409a2db6ee4f595f42c84c8c9,2021-03,South Yorkshire Police,South Yorkshire Police,-1.360319,53.337582,On or near HILL TOP CRESCENT,E01008040,Sheffield 061D,Unable to prosecute suspect
c6e568b87682b72e5fa31b190a185ae0a794cfb1839cade344dfd136b03ffd64,2021-03,South Yorkshire Police,South Yorkshire Police,-1.614296,53.484827,On or near GODDARD AVENUE,E01008149,Sheffield 001D,Investigation complete; no suspect identified
b5483f91fa52a6755356b9c95350a7df7ee3a4091eabcc7a0c6f51e1f7e6fc26,2021-03,South Yorkshire Police,South Yorkshire Police,-1.458238,53.383720,On or near Parking Area,E01033268,Sheffield 075G,Investigation complete; no suspect identified
e5e33b5f7b4220519489a31a67931bc6a1e6548983df4da60dfc60b2367a3ca4,2021-03,South Yorkshire Police,South Yorkshire Police,-1.499300,53.403890,On or near Petrol Station,E01008093,Sheffield 017D,Investigation complete; no suspect identified
c69089bb74b40aa0866f45a52294483b95dfd8d7e644895f5ee1320b3bcfa2b4,2021-03,South Yorkshire Police,South Yorkshire Police,-1.404819,53.362288,On or near RICHMOND COURT,E01007963,Sheffield 045A,Investigation complete; no suspect identified
b066d8fc0646dc00ec9dbca433769f69a56f4672025c758abb60cecd5a108561,2021-03,South Yorkshire Police,South Yorkshire Police,-1.347650,53.436551,On or near DENMAN STREET,E01007769,Rotherham 017D,Investigation complete; no suspect identified
485d55e512d698ee5ffbca29bda6f54fbf1d39252aca5cb16e61fa472d53146c,2021-03,South Yorkshire Police,South Yorkshire Police,-1.476714,53.380117,On or near WESTFIELD TERRACE,E01033265,Sheffield 074C,Unable to prosecute suspect
7c75a04780b857963b471c3a837caab26cc66fdb68200e1167e3cc88d0d7265b,2021-03,South Yorkshire Police,South Yorkshire Police,-1.538227,53.364946,On or near OLD FULWOOD ROAD,E01007861,Sheffield 038B,Unable to prosecute suspect
0cbdf4126b633c055ba3d5af51294b6233da5ee1401beaba84cba048c3423113,2021-03,South Yorkshire Police,South Yorkshire Police,-1.483009,53.368027,On or near FENTONVILLE STREET,E01008107,Sheffield 040C,Unable to prosecute suspect
509c509c33793a3a4fdd47aff47050285be5d0b1afeba254014fc14e5181821a,2021-03,South Yorkshire Police,South Yorkshire Police,-1.444815,53.408952,On or near ROBEY STREET,E01007944,Sheffield 022F,Suspect charged
2368200d97b33622ff3595e99bc4f3571da2c1d37815b44524dea34764095a06,2021-03,South Yorkshire Police,South Yorkshire Police,-1.327618,53.357159,On or near CHESTERFIELD ROAD,E01007665,Rotherham 027A,Investigation complete; no suspect identified
ab51f08de1d9c2907bc718e15b413b6d37b1e93b70089f004122fa58e6621956,2021-03,South Yorkshire Police,South Yorkshire Police,-1.319417,53.443710,On or near Supermarket,E01007737,Rotherham 013C,Unable to prosecute suspect
a67bedef5669c9537f67f8b9c0c2c9fc2e8e200630440b4724ecf793c83f9c5a,2021-03,South Yorkshire Police,South Yorkshire Police,-1.480606,53.503754,On or near ROCKINGHAM CLOSE,E01007399,Barnsley 028D,Investigation complete; no suspect identified
41ce663d8a5d9ffba9ef5503c0b8853e4c927468fb0f687b0befd5dde81e3904,2021-03,South Yorkshire Police,South Yorkshire Police,-1.035862,53.541301,On or near DERBYSHIRE COURT,E01007479,Doncaster 014A,Investigation complete; no suspect identified
3ef5edbdb58ee82a5b8912a87d13b325862c67840fc0352865279fcf5065b963,2021-03,South Yorkshire Police,South Yorkshire Police,-1.403200,53.595129,On or near PARK MEADOWS,E01007331,Barnsley 003B,Investigation complete; no suspect identified
5de12ced2fe1e2c709e0f55e8e4b0d5eaa0650762f60a2894e932e4333d2f9c1,2021-03,South Yorkshire Police,South Yorkshire Police,-1.154827,53.534075,On or near BALDWIN AVENUE,E01007516,Doncaster 013C,Investigation complete; no suspect identified
0150a07066b1a5134ab8ed33cee6ca27c539fd620219abe4a80138dd68497f8b,2021-03,South Yorkshire Police,South Yorkshire Police,-1.424622,53.360255,On or near Sports/Recreation Area,E01008000,Sheffield 052A,Investigation complete; no suspect identified
6df6adb5897ffbd8e334efc6a48706fc7515c4295eea412de19bc5adf51b8ad2,2021-03,South Yorkshire Police,South Yorkshire Police,-1.495463,53.351883,On or near Sports/Recreation Area,E01007929,Sheffield 055C,Investigation complete; no suspect identified
48fd6aa0d41bd8b903684c245575df1f33fc4453fbe631d9b30b9dab04d8b338,2021-03,South Yorkshire Police,South Yorkshire Police,-1.143334,53.514452,On or near WESTHOLME ROAD,E01007533,Doncaster 023C,Unable to prosecute suspect
48fd6aa0d41bd8b903684c245575df1f33fc4453fbe631d9b30b9dab04d8b338,2021-03,South Yorkshire Police,South Yorkshire Police,-1.143334,53.514452,On or near WESTHOLME ROAD,E01007533,Doncaster 023C,Unable to prosecute suspect
48fd6aa0d41bd8b903684c245575df1f33fc4453fbe631d9b30b9dab04d8b338,2021-03,South Yorkshire Police,South Yorkshire Police,-1.143334,53.514452,On or near WESTHOLME ROAD,E01007533,Doncaster 023C,Unable to prosecute suspect
bd8990c612240dc117379ade455eba9735ccceba54dc9ac947ab46dddbcc9d01,2021-03,South Yorkshire Police,South Yorkshire Police,-1.356779,53.430138,On or near HIGH STREET,E01007714,Rotherham 017B,Unable to prosecute suspect
ef93ae8cecfec9c24b75c629dca4add37c90274cdf1867aedd02604994da8a88,2021-03,South Yorkshire Police,South Yorkshire Police,-1.207238,53.571449,On or near ELMWOOD AVENUE,E01007465,Doncaster 009B,Investigation complete; no suspect identified
e59ba8f773a0c6521198b080f30f10c5d0995b8734ea6a666add2b1e6714a09a,2021-03,South Yorkshire Police,South Yorkshire Police,-1.441601,53.509610,On or near SILKSTONE VIEW,E01007395,Barnsley 030E,Investigation complete; no suspect identified
f5f5e8253b36f0e71f43c2fe456d17f47270cf88d9132857d942624d58426eca,2021-03,South Yorkshire Police,South Yorkshire Police,-1.484200,53.431160,On or near FULMERE ROAD,E01008117,Sheffield 009D,Investigation complete; no suspect identified
86adcd83f29cb1bff11a6f4daf43d3d02dc12071df4e9e2842fd6c4d4fb28748,2021-03,South Yorkshire Police,South Yorkshire Police,-1.406766,53.567085,On or near STANLEY STREET,E01007341,Barnsley 008A,Investigation complete; no suspect identified
20ecf48ee40972705ae0aefe9e48bf3bbebecd9b83289c7ba0dda56253441e2e,2021-03,South Yorkshire Police,South Yorkshire Police,-1.355440,53.495765,On or near NEWHILL ROAD,E01007822,Rotherham 002F,Investigation complete; no suspect identified
aab66827f55a312630c296e3550e6db6e3f26a6b6dc986506ca38e86ae9a8d34,2021-03,South Yorkshire Police,South Yorkshire Police,-1.481454,53.389621,On or near MONTGOMERY TERRACE ROAD,E01033263,Sheffield 073C,Unable to prosecute suspect
939c42549d9ee95f31d575f5feedfa4396ddb866be24e1b97f3cbe66ad941ab1,2021-03,South Yorkshire Police,South Yorkshire Police,-1.202683,53.551086,On or near GREEN LANE,E01007587,Doncaster 020C,Investigation complete; no suspect identified
be811dfb94ccea496489579bf10917d71ea753992e409c7597e73655cfd0cee9,2021-03,South Yorkshire Police,South Yorkshire Police,-1.057549,53.615225,On or near KIRKHOUSE GREEN ROAD,E01007488,Doncaster 002B,Suspect charged
82d150bbd042253b78802a50132a23bfc467edbbaeb81eec65ef839cbab56258,2021-03,South Yorkshire Police,South Yorkshire Police,-1.194156,53.419767,On or near MUGLET LANE,E01007760,Rotherham 020D,Investigation complete; no suspect identified
18f6fd645966cf55dc7d9b9d8814cc07af29c0598b3a423e9f612cc0b9462376,2021-03,South Yorkshire Police,South Yorkshire Police,-1.495463,53.351883,On or near Sports/Recreation Area,E01007929,Sheffield 055C,Investigation complete; no suspect identified
2507220860b5d2779b0fe6c6fd726fe5ebcba02c1eb1b36bbdfa5d98ed8a249e,2021-03,South Yorkshire Police,South Yorkshire Police,-1.475215,53.560619,On or near Supermarket,E01007410,Barnsley 010E,Investigation complete; no suspect identified
95c4dcbce4b47faf131b603e35c3e7c1e6041099bd02f7fb25176db3a7ff9977,2021-03,South Yorkshire Police,South Yorkshire Police,-1.452893,53.373745,On or near GRANVILLE ROAD,E01008095,Sheffield 043A,Offender given a caution
0d9c3d56049cb40f1b5db5f69bb5e5043431054d22437cac4497b6c07f239468,2021-03,South Yorkshire Police,South Yorkshire Police,-1.143334,53.514452,On or near WESTHOLME ROAD,E01007533,Doncaster 023C,Unable to prosecute suspect
9600ff5b80b204920be7f212d9a60ba05c597728cc80da7a09d795e01feeeb4b,2021-03,South Yorkshire Police,South Yorkshire Police,-1.143334,53.514452,On or near WESTHOLME ROAD,E01007533,Doncaster 023C,Suspect charged
560bf3ebe4a44f760824cf41b014db01c566aecb4a1db04202e186a6b62ca392,2021-03,South Yorkshire Police,South Yorkshire Police,-1.463516,53.598677,On or near SUMMER VIEW,E01007435,Barnsley 001B,Local resolution
3573f5771a226ac905bec7da1cdeae5bc24d445d3a6c904dd6054a7bcb634067,2021-03,South Yorkshire Police,South Yorkshire Police,-1.434204,53.365110,On or near WULFRIC CLOSE,E01008012,Sheffield 039B,Investigation complete; no suspect identified
5eea0b3bd69781516808bb1716e45ada447360d93ed716fda2216eb21b191dd7,2021-03,South Yorkshire Police,South Yorkshire Police,-1.491596,53.553004,On or near STANHOPE STREET,E01007443,Barnsley 013F,Local resolution
f2358e35fed27f6bd89f6b2790af1ba4b6f3ed65024034962ba9a25f431a70f6,2021-03,South Yorkshire Police,South Yorkshire Police,-1.188253,53.417633,On or near LEE CROFT,E01007764,Rotherham 020F,Investigation complete; no suspect identified
5d4ed320890c1c126d5a771a96c1bfa45916db64d16bc1526a5efc6a6fa6494d,2021-03,South Yorkshire Police,South Yorkshire Police,-1.386083,53.528249,On or near TOWNLANDS CLOSE,E01032924,Barnsley 026F,Investigation complete; no suspect identified
9ea776c934ca7aab06c6c13f86a5ddac5cf69affe0bad0dacab6f358db747276,2021-03,South Yorkshire Police,South Yorkshire Police,-1.127844,53.529953,On or near DON STREET,E01007655,Doncaster 022F,Unable to prosecute suspect
b99dc34dc5eb6061252105315561b208d3f98cacf5c989efc1fa75cc9508ad55,2021-03,South Yorkshire Police,South Yorkshire Police,-1.596472,53.482835,On or near Supermarket,E01008144,Sheffield 001A,Investigation complete; no suspect identified
96e6b108a99a6928fbab0e99f33eb73c47298fb8cb231aa171fbf60b08af8624,2021-03,South Yorkshire Police,South Yorkshire Police,-1.480559,53.411324,On or near LONGLEY AVENUE WEST,E01008094,Sheffield 019D,Local resolution
31a10c202829cf345d1bc7570e22620f25397b751c536da58eacda6f78133ef5,2021-03,South Yorkshire Police,South Yorkshire Police,-1.119642,53.498441,On or near Petrol Station,E01007495,Doncaster 028A,Investigation complete; no suspect identified
0b884b9f2991307ad6ece5a88c3fb58be4f4693bdd5e2cbc44de867618628895,2021-03,South Yorkshire Police,South Yorkshire Police,-1.342573,53.414402,On or near Hospital,E01007678,Rotherham 023B,Local resolution
f49a0843557c64ca8da4ef3dd4312f223d2b6aa45aae1cd4abcd8d6fd6fb6f59,2021-03,South Yorkshire Police,South Yorkshire Police,-1.057133,53.540913,On or near Sports/Recreation Area,E01007480,Doncaster 014B,Investigation complete; no suspect identified
2482691a2e54826bf01399f5928f496efe220228b6db8723c58013b5a2d1bedf,2021-03,South Yorkshire Police,South Yorkshire Police,-1.363051,53.392131,On or near STATION ROAD,E01007701,Rotherham 027D,Unable to prosecute suspect
13df8215fa2b0dfd2f7da3b352fafe5fcab292a514beb0981a2228e769e1eed9,2021-03,South Yorkshire Police,South Yorkshire Police,-1.406707,53.596117,On or near ASHWELL CLOSE,E01007329,Barnsley 003A,Investigation complete; no suspect identified
b7dcbe2228c2c48349b6dc9e29f9bc6a9cf15a7aae16d7eb46242fbcbb4d0e1a,2021-03,South Yorkshire Police,South Yorkshire Police,-1.075973,53.471901,On or near HAIG CRESCENT,E01007590,Doncaster 037A,Action to be taken by another organisation
f968b15ec41beba913b57be5c44b5088c329ad8adcd27657b41b17377ee7106d,2021-03,South Yorkshire Police,South Yorkshire Police,-1.457526,53.393586,On or near CLUN ROAD,E01033269,Sheffield 022G,Investigation complete; no suspect identified
e3fafc501bbab7c2b9fb181cae4034d17d06faa95e0cd2d3060fdb7e86d390a2,2021-03,South Yorkshire Police,South Yorkshire Police,-1.390677,53.356149,On or near NORMANTON GROVE,E01007966,Sheffield 049B,Investigation complete; no suspect identified
c3f9c69dfa5dbefa80f88d418899aa78e0ac9ff64bed955cf53959b067ec2b61,2021-03,South Yorkshire Police,South Yorkshire Police,-1.306197,53.534347,On or near KELLY STREET,E01007376,Barnsley 022D,Investigation complete; no suspect identified
4fa03e02fa604bee5faf295b21b9217775f95ee5b3798617d598c7600e7a03d0,2021-03,South Yorkshire Police,South Yorkshire Police,-1.470044,53.321553,On or near BATEMOOR DRIVE,E01008084,Sheffield 070D,Investigation complete; no suspect identified
357996958c1d6cd1ffd0e8318a7d8672679bec572a6de7cc2c59015f8c7717f8,2021-03,South Yorkshire Police,South Yorkshire Police,-1.156623,53.493009,On or near DOWNLAND CLOSE,E01007503,Doncaster 029F,Unable to prosecute suspect
9f716200891ef17b764c101aa569745df703d1a85cb282474104c203cbf2b039,2021-03,South Yorkshire Police,South Yorkshire Police,-1.390677,53.356149,On or near NORMANTON GROVE,E01007966,Sheffield 049B,Investigation complete; no suspect identified
f49a9244de7bb9974bbbb9181d8b089f480a43a545403a8049672d57950f2bdb,2021-03,South Yorkshire Police,South Yorkshire Police,-1.258036,53.396981,On or near Supermarket,E01007815,Rotherham 026D,Unable to prosecute suspect
e45751603fb2e6bb5fc1515ad144b6ffbefba01a7f264398a79da000cea69ba7,2021-03,South Yorkshire Police,South Yorkshire Police,-1.365765,53.340011,On or near LUNDWOOD GROVE,E01008040,Sheffield 061D,Unable to prosecute suspect
13dd75b772cfe20c63b0bdbff632185c1a613bac2c891cc3d0bdaa241e73fa31,2021-03,South Yorkshire Police,South Yorkshire Police,-1.391256,53.360809,On or near SMELTER WOOD RISE,E01007966,Sheffield 049B,Unable to prosecute suspect
560187bc7bfd3fdb84494f645b645823a2faa18570bdf705d684a25b9e9567fd,2021-03,South Yorkshire Police,South Yorkshire Police,-1.451339,53.383571,On or near ST JOHN'S ROAD,E01007885,Sheffield 075E,Investigation complete; no suspect identified
2dde9a2e9fba75a5e6a62371c95e462c52ded8465d4bdf599dc1a58aed47b172,2021-03,South Yorkshire Police,South Yorkshire Police,-1.385396,53.567418,On or near PARK SPRING ROAD,E01007332,Barnsley 006C,Investigation complete; no suspect identified
4d5fb74327f12859ec7381c5b928002753b89eae695a435a85044fd6be41aa9b,2021-03,South Yorkshire Police,South Yorkshire Police,-1.369905,53.395349,On or near OLIVERS WAY,E01007699,Rotherham 027B,Investigation complete; no suspect identified
9c2adc8af42f1f8fd56db02e37ea59789943631bb5011fc3e53411018f12ed5b,2021-03,South Yorkshire Police,South Yorkshire Police,-1.462675,53.548213,On or near BARNSBRIDGE GROVE,E01007337,Barnsley 015D,Local resolution
b9fbf4b1650a892c82a12d82675dd06f64f5317bbc1b489d0b39845730931666,2021-03,South Yorkshire Police,South Yorkshire Police,-1.072800,53.508955,On or near WILLOW AVENUE,E01007522,Doncaster 024A,Further action is not in the public interest
3b9723670b376b12314ff63063fff283aa05ec49e8316c153c69fa8631b11669,2021-03,South Yorkshire Police,South Yorkshire Police,-1.408880,53.406551,On or near Park/Open Space,E01007913,Sheffield 018C,Investigation complete; no suspect identified
058a2100a2f8ca069895f295d4c69cb1a3d4f6854e99313f8fcfc80c910534a0,2021-03,South Yorkshire Police,South Yorkshire Police,-1.021541,53.520340,On or near GATE WOOD LANE,E01007603,Doncaster 026E,Investigation complete; no suspect identified
53869cab163a8cdbb3fb977c47c9697c3650c736fe3235a59d40255af63488d9,2021-03,South Yorkshire Police,South Yorkshire Police,-1.187719,53.416425,On or near BIRKS HOLT DRIVE,E01007764,Rotherham 020F,Unable to prosecute suspect
9e083722033ed2911401b2365c8e01eda3dbe4f70a80534f55e2f604724970cd,2021-03,South Yorkshire Police,South Yorkshire Police,-1.369905,53.395349,On or near OLIVERS WAY,E01007699,Rotherham 027B,Investigation complete; no suspect identified
610fe594c23b4214ab33825642115a845a5d8a534b307c590fa7883e8407194c,2021-03,South Yorkshire Police,South Yorkshire Police,-1.344927,53.452104,On or near WANNOP STREET,E01007784,Rotherham 008D,Investigation complete; no suspect identified
e784eda1bc3e82806ce27c92e94dbec1d630ee3c0dd38fb036a412908956ed9a,2021-03,South Yorkshire Police,South Yorkshire Police,-1.092999,53.514925,On or near MOORLAND GROVE,E01007526,Doncaster 025D,Investigation complete; no suspect identified
01fead49cb0343d0baf4bb243312385ee84b625e065db461f791eb15cad1b138,2021-03,South Yorkshire Police,South Yorkshire Police,-1.476591,53.417150,On or near SOUTHEY PLACE,E01007946,Sheffield 015C,Unable to prosecute suspect
cceee04a3c6b30402d6c6e31446ea81b85a22605f61a17c3e3d89b1d22553f6a,2021-03,South Yorkshire Police,South Yorkshire Police,-1.183500,53.619207,On or near CEDAR WALK,E01007490,Doncaster 002D,Investigation complete; no suspect identified
5a9fcb2635f321ab747040b5ba75284038b94784946cb7844bce3d779ff6e40d,2021-03,South Yorkshire Police,South Yorkshire Police,-1.318798,53.483347,On or near PINFOLD CLOSE,E01007799,Rotherham 003D,Unable to prosecute suspect
ef438862613c786f99b62a43b80cd8f48d26626ec7862a25683bb0b19c958bac,2021-03,South Yorkshire Police,South Yorkshire Police,-1.583577,53.476239,On or near BREARLEY AVENUE,E01008142,Sheffield 002A,Unable to prosecute suspect
74a8679f0d76838fb211ebe0966a7c150da48ff773275b2b28fd9cdb1e0467c9,2021-03,South Yorkshire Police,South Yorkshire Police,-1.469267,53.442276,On or near ST MARY'S LANE,E01008135,Sheffield 005C,Investigation complete; no suspect identified
ccc5884d30b827bc369b4d4e92fdf19041e1456adda9d0b0c1daf43f62b3175b,2021-03,South Yorkshire Police,South Yorkshire Police,-1.079104,53.477615,On or near ARGYLE LANE,E01007592,Doncaster 037B,Investigation complete; no suspect identified
22266d008b1b3c6816c14464aa4cbe3192e6bc8810f5b198776f6677b7cb7d02,2021-03,South Yorkshire Police,South Yorkshire Police,-1.342573,53.414402,On or near Hospital,E01007678,Rotherham 023B,Suspect charged
37ac0b7b34b295fb8294ae927018439773814611ad1e875ffb7c7c99356791e8,2021-03,South Yorkshire Police,South Yorkshire Police,-1.342573,53.414402,On or near Hospital,E01007678,Rotherham 023B,Suspect charged
c7f7792619722d7a54b3bbdcf09173112c9d275396cd0a13569a5dde32721026,2021-03,South Yorkshire Police,South Yorkshire Police,-1.342573,53.414402,On or near Hospital,E01007678,Rotherham 023B,Suspect charged
7375c047b97c82e2e1a2f091973ab897cc654c3e09b9f875a78924a028ee0765,2021-03,South Yorkshire Police,South Yorkshire Police,-1.452893,53.373745,On or near GRANVILLE ROAD,E01008095,Sheffield 043A,Unable to prosecute suspect
3b9124fd413940a085bbd9bd3be0db95804da46f5ee9031e0511439258907b4c,2021-03,South Yorkshire Police,South Yorkshire Police,-1.482347,53.323440,On or near LUPTON ROAD,E01007916,Sheffield 069B,Investigation complete; no suspect identified
f851ded62d32a5aaa0c1c27ea79922cdd142f0e4f6a9437b8fae1688d4891b70,2021-03,South Yorkshire Police,South Yorkshire Police,-1.341592,53.438963,On or near SHAKESPEARE ROAD,E01007768,Rotherham 014D,Action to be taken by another organisation
8e7e1487f826db3e191d1e2e136cfeb0d6d257e0e32c028f27c7b6d3c81ffd10,2021-03,South Yorkshire Police,South Yorkshire Police,-1.319591,53.384736,On or near RESERVOIR ROAD,E01007814,Rotherham 024D,Unable to prosecute suspect
3bda6b3a683c3f551dc0c49ee3b7aab4f7c2f7c05d082ee94a367023693f3ab0,2021-03,South Yorkshire Police,South Yorkshire Police,-1.439902,53.376372,On or near SOUTHEND PLACE,E01007886,Sheffield 075F,Unable to prosecute suspect
4272eb5c0b3aba4228c0bf107371a688b94ae2f559adc7c2d38dd0f2e899bd90,2021-03,South Yorkshire Police,South Yorkshire Police,-1.311419,53.547222,On or near ORCHARD WAY,E01007372,Barnsley 014A,Unable to prosecute suspect
d6b59f135dd81a0961c0fcb92f601f2380af2043c9be412d9090b4f4568adbeb,2021-03,South Yorkshire Police,South Yorkshire Police,-1.266685,53.438886,On or near MOOR LANE NORTH,E01007691,Rotherham 012B,Investigation complete; no suspect identified
bc162d52380c83dae894ca2eca1e25b467985db02034d4ec28839182a4e4b62b,2021-03,South Yorkshire Police,South Yorkshire Police,-1.484267,53.549917,On or near GEORGE SQUARE,E01007340,Barnsley 013B,Investigation complete; no suspect identified
7af15237fbb26432d6b5cae34a4ff45cd3d2e94918f8bd0edadc80fabda7d6e6,2021-03,South Yorkshire Police,South Yorkshire Police,-1.188221,53.486477,On or near QUEEN'S CRESCENT,E01007545,Doncaster 034A,Unable to prosecute suspect
7c4e712754f320f9228e30dde5f9cd10596e0a8f17adebc8781e450a0bd87850,2021-03,South Yorkshire Police,South Yorkshire Police,-1.149464,53.556275,On or near VICTORIA ROAD,E01007509,Doncaster 010C,Unable to prosecute suspect
e5344b5df2b6607c7a5bd321588336dc21a0c6bca92ba4c8d3d73e9686899cf7,2021-03,South Yorkshire Police,South Yorkshire Police,-1.429470,53.375271,On or near Supermarket,E01008015,Sheffield 039D,Investigation complete; no suspect identified
3d48f86505d1d7062cd410ffaa2235387e04fec4f9c9c826f093ea53bd927ba0,2021-03,South Yorkshire Police,South Yorkshire Police,-1.452886,53.532591,On or near ROOK HILL,E01007462,Barnsley 021E,Investigation complete; no suspect identified
19ea0816f272065e7e123b36bb4975e189159c1031f22b6e57136f745decafb0,2021-03,South Yorkshire Police,South Yorkshire Police,-1.444678,53.601836,On or near WEST STREET,E01007440,Barnsley 002D,Investigation complete; no suspect identified
1c4f4c6d748a577c892d9668513b0b320094c8f365cbe89f4fb9d2aceb3d8050,2021-03,South Yorkshire Police,South Yorkshire Police,-1.416461,53.429653,On or near NEW DROPPINGWELL ROAD,E01007746,Rotherham 015F,Investigation complete; no suspect identified
247ef703a346205622df67b3c9678cf12b1e8ac3eb50792bb0dbffd60886feea,2021-03,South Yorkshire Police,South Yorkshire Police,-1.226932,53.480145,On or near DONCASTER ROAD,E01007536,Doncaster 032A,Investigation complete; no suspect identified
a60c5933e1a277b7f640a27748e683cae7fc28e51e8b6b8f70343c1bc432efd4,2021-03,South Yorkshire Police,South Yorkshire Police,-1.494522,53.418674,On or near BINSTED CLOSE,E01008088,Sheffield 012B,Unable to prosecute suspect
dca7d74426adaaa936a4b8aadf3719769b08cdc37ec4bec83f5227fb9e7d8326,2021-03,South Yorkshire Police,South Yorkshire Police,-1.266685,53.438886,On or near MOOR LANE NORTH,E01007691,Rotherham 012B,Investigation complete; no suspect identified
2f8079b325c5cd74c706bfe432ab707b161e318fbf6a7d42d921848f5cb9cbfc,2021-03,South Yorkshire Police,South Yorkshire Police,-1.128210,53.528302,On or near A630,E01007655,Doncaster 022F,Offender given a drugs possession warning
f302d6810c4112a5f1db70b8803d2bebcba1df7824169b800436686652788330,2021-03,South Yorkshire Police,South Yorkshire Police,,,No location,,,Investigation complete; no suspect identified
37603dea2987141e5b85e22f795f83ee963c43544707aa8e04d868f581479db5,2021-03,South Yorkshire Police,South Yorkshire Police,-1.115927,53.488607,On or near A6182,E01007611,Doncaster 039A,Investigation complete; no suspect identified
e203d36a8ebd7dd6bfa868b10dab09038a8e69133a832ec28f71e7363d317320,2021-03,South Yorkshire Police,South Yorkshire Police,-1.552840,53.436120,On or near JACKEY LANE,E01008128,Sheffield 008C,Investigation complete; no suspect identified
976f8e0586ca8593e293582b4c5edfa4e3d996604c8cd1168b823f8f3d832c03,2021-03,South Yorkshire Police,South Yorkshire Police,-1.333773,53.485552,On or near TWYFORD CLOSE,E01007818,Rotherham 003F,Unable to prosecute suspect
6b5b2021a30860d6945875099fd4971240cae225feb1b762bba2ba9895fd4b06,2021-03,South Yorkshire Police,South Yorkshire Police,-1.491306,53.396944,On or near LANGSETT RISE,E01008157,Sheffield 026D,Suspect charged
7b0acd95cfe4788f28dbd2a63cc656545523a3c3aceb503a09ec6164d7ee4194,2021-03,South Yorkshire Police,South Yorkshire Police,-1.193722,53.584967,On or near FRENCH STREET,E01007474,Doncaster 005F,Investigation complete; no suspect identified
b040e11210d512a392da3192b21c5fd41d36c6cac5159c7780e6f38e24a5568a,2021-03,South Yorkshire Police,South Yorkshire Police,-1.146810,53.497569,On or near Hospital,E01007502,Doncaster 028C,Unable to prosecute suspect
1503d61e3edfd8be1269edf61a6f83ba493cc0ed8ea97e7878e595a5930d7f98,2021-03,South Yorkshire Police,South Yorkshire Police,-1.146810,53.497569,On or near Hospital,E01007502,Doncaster 028C,Unable to prosecute suspect
db436d32531d66e2f0ae45a4d0001944489d6dee55b92da93206e9a88172f693,2021-03,South Yorkshire Police,South Yorkshire Police,-1.373622,53.359369,On or near Supermarket,E01007970,Sheffield 049D,Local resolution
9a2b8a7c5161caa236acd845ed0d8489543b4af8c2d5e320c68903a8b0d3421d,2021-03,South Yorkshire Police,South Yorkshire Police,-1.385372,53.505469,On or near PLOUGHMANS CROFT,E01007695,Rotherham 001C,Investigation complete; no suspect identified
0d3a18ef6f6f0fd151d1d0f9770c29365f7a1343c2844ce1083030dda1bdd646,2021-03,South Yorkshire Police,South Yorkshire Police,-1.468799,53.321457,On or near WHINACRE PLACE,E01008082,Sheffield 070B,Investigation complete; no suspect identified
0643b87bd43a87ffcfe0646a73d2b59841eb25ac56311c91dca1a473b774393e,2021-03,South Yorkshire Police,South Yorkshire Police,-1.495243,53.374318,On or near BROOMGROVE LANE,E01007860,Sheffield 036B,Investigation complete; no suspect identified
714d2ae4b727a9b76c3904cdcce724b5fc84fdbc765858a542c787f5a5dd4334,2021-03,South Yorkshire Police,South Yorkshire Police,-1.091343,53.535245,On or near DANESTHORPE CLOSE,E01007650,Doncaster 015B,Investigation complete; no suspect identified
0c19034808e2161c51c8ddd92f4ecc8bc050408dd7a5ab864813f4f95bc40fba,2021-03,South Yorkshire Police,South Yorkshire Police,-1.490983,53.320619,On or near Supermarket,E01007919,Sheffield 069C,Unable to prosecute suspect
4244025a30652f1823d68d742c82de06ddffb38d00eb12c2c1e1349e3cbeea07,2021-03,South Yorkshire Police,South Yorkshire Police,-1.193722,53.584967,On or near FRENCH STREET,E01007474,Doncaster 005F,Investigation complete; no suspect identified
96b0901ba4f97d03acc486d6676563efd785e942ee7522b480564edfb95523b0,2021-03,South Yorkshire Police,South Yorkshire Police,-1.146810,53.497569,On or near Hospital,E01007502,Doncaster 028C,Unable to prosecute suspect
8481a5d30c570f42f58a152836bc74a8ff675375aded673f7d343a574d125907,2021-03,South Yorkshire Police,South Yorkshire Police,-0.946008,53.633190,On or near RICHMOND ROAD,E01007632,Doncaster 001A,Further action is not in the public interest
d31bfedf9a67ca7b583595055bd8923a39d6a220dbc19f8079c32de546de2d2f,2021-03,South Yorkshire Police,South Yorkshire Police,-1.468082,53.462397,On or near Parking Area,E01007894,Sheffield 004E,Offender given a drugs possession warning
ee81b6ae3a329803bf67566f2cb10be4d44d4416cc336ec5dd62e229b369ce5c,2021-03,South Yorkshire Police,South Yorkshire Police,-1.472564,53.376575,On or near Shopping Area,E01033274,Sheffield 042G,Investigation complete; no suspect identified
5a0546b553298e741360ccce5916c29784697c1fb83e4149ccf248b88c5ae0e4,2021-03,South Yorkshire Police,South Yorkshire Police,-1.197619,53.424465,On or near CHARNELL AVENUE,E01007763,Rotherham 020E,Local resolution
003d6e3383c5adf0b7bd651351757579016a53063ffd608aa0e4ff5c8ce40ce7,2021-03,South Yorkshire Police,South Yorkshire Police,-1.468492,53.382418,On or near FARGATE,E01033264,Sheffield 073D,Unable to prosecute suspect
0f1635f28c4484bbb44558b43ca075da7022ca4906e146dac55eb5a4da92e84f,2021-03,South Yorkshire Police,South Yorkshire Police,-1.480692,53.547295,On or near PROVIDENCE COURT,E01007338,Barnsley 017A,Unable to prosecute suspect
35f52808c9f7d4485fde9339b9dd5a15384a8b76648404f23935c28eaa88c5e6,2021-03,South Yorkshire Police,South Yorkshire Police,-1.375255,53.428465,On or near HOLMES LANE,E01007715,Rotherham 016A,Investigation complete; no suspect identified
ca230b1be5f7a445026bee3bc7febe546c69b15ba2856ade5b52bba01191b6e4,2021-03,South Yorkshire Police,South Yorkshire Police,-1.289761,53.493191,On or near Shopping Area,E01007571,Doncaster 031A,Investigation complete; no suspect identified
e41efe540ee49aa8238fbd610406494cb0f86af6b7cd478e57547857f978c335,2021-03,South Yorkshire Police,South Yorkshire Police,-1.463872,53.386406,On or near GUN LANE,E01033270,Sheffield 022H,Unable to prosecute suspect
20550a9ef963eb4764e5af22538f951d509a0bfadd32521a75197b3d90f66ddb,2021-03,South Yorkshire Police,South Yorkshire Police,-1.552840,53.436120,On or near JACKEY LANE,E01008128,Sheffield 008C,Investigation complete; no suspect identified
a19baa2964ddaf5a5d7dc52290ee41ea0161a406f230e7ce4edd3b9b6f2a1402,2021-03,South Yorkshire Police,South Yorkshire Police,-1.481856,53.432103,On or near KNUTTON ROAD,E01008125,Sheffield 009G,Investigation complete; no suspect identified
54f6f74303c0db0edd624d422d994edd8045393914c254a34b3a7c4968bad5b5,2021-03,South Yorkshire Police,South Yorkshire Police,-1.155310,53.564406,On or near MANOR ESTATE,E01007511,Doncaster 010E,Suspect charged
1eecded34f5f28e102e4a705cedd7ab8019add07768da4a949d372469d485e2d,2021-03,South Yorkshire Police,South Yorkshire Police,-1.412604,53.382974,On or near PEARCE WALK,E01008014,Sheffield 032E,Local resolution
85eb157d683ddc6576874138461dd632fbfd68a172afabc909025cae1b35302d,2021-03,South Yorkshire Police,South Yorkshire Police,-1.252807,53.340921,On or near TRINITY ROAD,E01007748,Rotherham 033A,Investigation complete; no suspect identified
30d18a9f7e5c77ee6f206947b00972adc43bc0281ea1d4389d1918a11340179d,2021-03,South Yorkshire Police,South Yorkshire Police,-1.433584,53.365448,On or near WULFRIC PLACE,E01008012,Sheffield 039B,Investigation complete; no suspect identified
ba053017a0aab118a3f46057fc29a904e852ac8bcb9ac6ec28ab9e950fd3bedb,2021-03,South Yorkshire Police,South Yorkshire Police,-1.466337,53.382893,On or near HIGH STREET,E01033264,Sheffield 073D,Investigation complete; no suspect identified
e5346830b7578b7db60526a646e5e3ab27e6b59bf216fc008eccb2d98f7f5ceb,2021-03,South Yorkshire Police,South Yorkshire Police,-1.362783,53.392921,On or near ST MARY'S DRIVE,E01007701,Rotherham 027D,Unable to prosecute suspect
9928e88ac7907beac397a9d79ef8fb293ae81282bbd75aef2181d54b45c99c7c,2021-03,South Yorkshire Police,South Yorkshire Police,-1.295331,53.447184,On or near EAST VALE DRIVE,E01007727,Rotherham 010D,Suspect charged
333388b44e11d0d4179f812cf1112dd65268b78f914d1d0fb4db180ed9b01360,2021-03,South Yorkshire Police,South Yorkshire Police,-1.426164,53.433385,On or near GRANGE MILL LANE,E01007856,Sheffield 007A,Unable to prosecute suspect
b509ac27a4f086050bb3d89834b2d0036b7b2c437d07ee73d66c7bb37a0d63d7,2021-03,South Yorkshire Police,South Yorkshire Police,-1.468173,53.441840,On or near ST MARY'S CLOSE,E01008135,Sheffield 005C,Investigation complete; no suspect identified
e10f9f07cd2c26b686490fb8a6bf781424b0588480c38fe2f5da178fdbd51e42,2021-03,South Yorkshire Police,South Yorkshire Police,-1.488230,53.346144,On or near Sports/Recreation Area,E01007829,Sheffield 059B,Investigation complete; no suspect identified
c1f44780a034cacdc2badb5a8b9da3919c44b9e26ae30253d311e5d3b0058a13,2021-03,South Yorkshire Police,South Yorkshire Police,-1.449269,53.419337,On or near NORTH QUADRANT,E01008062,Sheffield 013E,Unable to prosecute suspect
21d6be8a87f79232ea9c21264bbf479e652ea8c3318a6e2e190b1729c841eb41,2021-03,South Yorkshire Police,South Yorkshire Police,-1.449269,53.419337,On or near NORTH QUADRANT,E01008062,Sheffield 013E,Unable to prosecute suspect
75ee688ada47d7ed5fbf30236f61f636fbc4bbf868aa286c68ec9588f1a1bc6b,2021-03,South Yorkshire Police,South Yorkshire Police,-1.449443,53.436137,On or near DUNNINC ROAD,E01008057,Sheffield 007D,Unable to prosecute suspect
84ab96fb07b43aa2b823b68a4efe156d23fcf62a87bf8c4b87887d88137bb71f,2021-03,South Yorkshire Police,South Yorkshire Police,-1.457603,53.359106,On or near LICHFORD ROAD,E01007977,Sheffield 051C,Suspect charged
77780a3941e9435ad77ae1660c61ad49301d89d7084b265a1da542a38bc98a0e,2021-03,South Yorkshire Police,South Yorkshire Police,-1.457478,53.384373,On or near Pedestrian Subway,E01033268,Sheffield 075G,Investigation complete; no suspect identified
419b4a3513ceacfe692f2a59c940c54e43a175951b52b36fccb31886302e5f42,2021-03,South Yorkshire Police,South Yorkshire Police,-0.963166,53.616827,On or near LIME TREE GROVE,E01007636,Doncaster 003A,Unable to prosecute suspect
3f18d8c9302fdec8d9d933673e2ffb260fe5c23426f0731704d2dbbfab1c407d,2021-03,South Yorkshire Police,South Yorkshire Police,-1.392679,53.443539,On or near Supermarket,E01007807,Rotherham 011E,Unable to prosecute suspect
b2bcf8e512eb64e9d6105430e81eba3f9d74ffdd7ec6198991735fbb0abbdf14,2021-03,South Yorkshire Police,South Yorkshire Police,-1.307083,53.517948,On or near LOWFIELD FARM CLOSE,E01007366,Barnsley 025C,Investigation complete; no suspect identified
0e80995a0baba5fcaf3ab5108d1657cdb9ec8283ca9509dd5314d9088e3c66a2,2021-03,South Yorkshire Police,South Yorkshire Police,-1.478086,53.352761,On or near CLIFFEFIELD ROAD,E01007981,Sheffield 053C,Unable to prosecute suspect
a754c4c51f4004c99a94acdc628aa376ff0f7ef8b9892d0c99f46d1b7ea9aff4,2021-03,South Yorkshire Police,South Yorkshire Police,-1.183922,53.583229,On or near PARK AVENUE,E01007474,Doncaster 005F,Local resolution
2f6a38b95d0bb4a114f85bb42476dbee3ca24e584c2363414425f001b84a4507,2021-03,South Yorkshire Police,South Yorkshire Police,-1.389107,53.375548,On or near FINCHWELL CRESCENT,E01007909,Sheffield 032C,Investigation complete; no suspect identified
2b69b257fb1446c1313a48a79ad0e2ccd90f1d9aa03dc25732b9d9a64dfe5096,2021-03,South Yorkshire Police,South Yorkshire Police,-1.441668,53.411455,On or near WENSLEY GARDENS,E01007940,Sheffield 022E,Investigation complete; no suspect identified
5dc60c794cb871f54c19df65bbfd8182a7ee8cb9ce030e5b6b28bba881d47fcd,2021-03,South Yorkshire Police,South Yorkshire Police,-1.493139,53.369248,On or near Supermarket,E01007864,Sheffield 036D,Investigation complete; no suspect identified
4be413071ae72d4990f892dfabc37ff441f4074ed827636742595979e89dfacc,2021-03,South Yorkshire Police,South Yorkshire Police,-1.478060,53.341300,On or near Supermarket,E01007831,Sheffield 059C,Unable to prosecute suspect
c67dfe306f1b024c5ad762fb0f7b141e9503460ef03abe62a4323826b30e54a9,2021-03,South Yorkshire Police,South Yorkshire Police,-1.442828,53.372215,On or near WARLEY ROAD,E01007881,Sheffield 075C,Unable to prosecute suspect
99454e6c8459bfdf86a52ec8790ece2f38e00c21d971d6c2e7fde74d4fe97d5a,2021-03,South Yorkshire Police,South Yorkshire Police,-1.474706,53.324576,On or near Sports/Recreation Area,E01008082,Sheffield 070B,Unable to prosecute suspect
da621f3c1a1228db470523910fe299c44b0ca5e519d5ea4119ddb70ff25b128c,2021-03,South Yorkshire Police,South Yorkshire Police,-1.512243,53.564901,On or near REDHILL COURT,E01007380,Barnsley 012B,Investigation complete; no suspect identified
a127fd6e5ab61463ed4c59157848c039cb6fc2cfa33a8ec65a52a4bc5b502800,2021-03,South Yorkshire Police,South Yorkshire Police,-1.498400,53.390933,On or near CROMWELL STREET,E01008151,Sheffield 024A,Investigation complete; no suspect identified
140d48926bfb2f42077a902af5a64dc85e5e07dd9405b7b3529902e13c0c5847,2021-03,South Yorkshire Police,South Yorkshire Police,-1.149105,53.536551,On or near HASLEMERE GROVE,E01007513,Doncaster 012B,Investigation complete; no suspect identified
4c204b2ef278b17321cafb8ceeeaac7a4e8c8f0cec75b1a7cd68908a298e22b8,2021-03,South Yorkshire Police,South Yorkshire Police,-1.468807,53.415156,On or near EVERINGHAM ROAD,E01007945,Sheffield 015B,Investigation complete; no suspect identified
e7e1b70547c392970558ab46055ba66d686232c7ffeda78c6ad588147c0c8069,2021-03,South Yorkshire Police,South Yorkshire Police,-1.355328,53.429546,On or near SNAIL HILL,E01007714,Rotherham 017B,Investigation complete; no suspect identified
52ead421c53050c673f029ff281312f1b281fd8e72d20825302c2642bc0cd3ff,2021-03,South Yorkshire Police,South Yorkshire Police,-1.278996,53.425730,On or near ROSE DRIVE,E01007682,Rotherham 019A,Investigation complete; no suspect identified
676571c8b73a26b1bf3cb9f7d5449f6f5279deb55fe478b0dd24065dea4ccd26,2021-03,South Yorkshire Police,South Yorkshire Police,-0.980290,53.548597,On or near HUGGIN CARR ROAD,E01007557,Doncaster 008B,Investigation complete; no suspect identified
8420fcbc73e0c9a068c661d1a0eade8122c01df51da271c00299148cf30afe6a,2021-03,South Yorkshire Police,South Yorkshire Police,-1.126667,53.528506,On or near ATHRON STREET,E01007648,Doncaster 019D,Investigation complete; no suspect identified
8c9480823dab9d63c64fb7776fbda4136066452907130be383577e91d754cc8d,2021-03,South Yorkshire Police,South Yorkshire Police,-1.421482,53.575202,On or near JACKSON STREET,E01007344,Barnsley 011A,Investigation complete; no suspect identified
cf8f37b4eff1a7e5ccc4a1c6e532a2ed9f41f677471d125be8f70b063bf59f38,2021-03,South Yorkshire Police,South Yorkshire Police,-1.472993,53.501231,On or near DEARNE VALLEY PARKWAY,E01007424,Barnsley 028E,Investigation complete; no suspect identified
4564d9eaddb6c225d08e3972e059688f1d5490edf79550441283ef05564abb46,2021-03,South Yorkshire Police,South Yorkshire Police,-1.297440,53.451682,On or near ARRAN HILL,E01007720,Rotherham 010B,Unable to prosecute suspect
fd5e92603baa3745741f8729a601a3d4ef4dd74a2fbe223b30e069cf06705a76,2021-03,South Yorkshire Police,South Yorkshire Police,-1.440513,53.359557,On or near ERRINGTON CRESCENT,E01008102,Sheffield 048C,Investigation complete; no suspect identified
bb65c05277a82ee7782c13b526e50b85d72628c0d92c872bbfd7d85404002efb,2021-03,South Yorkshire Police,South Yorkshire Police,-1.574824,53.464091,On or near BANK LANE,E01008147,Sheffield 002D,Investigation complete; no suspect identified
eca82e320b2a2a0921bac893a93662526d56a568ba88631080dcec48da03d73a,2021-03,South Yorkshire Police,South Yorkshire Police,-1.428216,53.356641,On or near RIDGEWAY DRIVE,E01008003,Sheffield 054C,Investigation complete; no suspect identified
c73bb350fb54305dd2c25d5926492b6c3ea3c6c10e66f338de356e00641974f3,2021-03,South Yorkshire Police,South Yorkshire Police,-1.108799,53.430298,On or near CASTLE COURT,E01007615,Doncaster 039D,Unable to prosecute suspect
f58ecc26d8c28dd4ffa964ca9e4d1904aaa2640dbd88bed1dc4346bf286397fd,2021-03,South Yorkshire Police,South Yorkshire Police,-1.494043,53.358879,On or near UNION ROAD,E01008052,Sheffield 050F,Investigation complete; no suspect identified
ad02e29cf2cae7e3f21d2c79fd0557d4590b0aaf83ae7621e91c6279adeb453d,2021-03,South Yorkshire Police,South Yorkshire Police,-1.421937,53.362121,On or near Sports/Recreation Area,E01008004,Sheffield 052C,Investigation complete; no suspect identified
76805dab28e1fba7ad3e921b69dfeeb71fdf90b54cac2365ba7f823b0a365d06,2021-03,South Yorkshire Police,South Yorkshire Police,-1.525976,53.373410,On or near RANMOOR CLIFFE ROAD,E01007858,Sheffield 038A,Investigation complete; no suspect identified
6ab2c3c93ae444b72a07c384efb7f6a8696c27f9712692d232fcd0ddda725540,2021-03,South Yorkshire Police,South Yorkshire Police,-1.316490,53.438480,On or near BRADSTONE ROAD,E01007723,Rotherham 013A,Unable to prosecute suspect
c90a9d9222003c32f1591673385b18c49724059a471d5804a4e7efa085f20ebf,2021-03,South Yorkshire Police,South Yorkshire Police,-1.346013,53.420614,On or near MOORGATE GROVE,E01007675,Rotherham 023A,Unable to prosecute suspect
7d3831189f3b1ecc267f0e85d2a121aebf0988805521eb880ecbe3b9ea1723d9,2021-03,South Yorkshire Police,South Yorkshire Police,-1.493139,53.369248,On or near Supermarket,E01007864,Sheffield 036D,Investigation complete; no suspect identified
454dd83ad5971142bdc74d1976aa78633b171d3c605ec66374827700d58412b3,2021-03,South Yorkshire Police,South Yorkshire Police,-1.291517,53.501759,On or near EDEN TERRACE,E01007572,Doncaster 031B,Investigation complete; no suspect identified
5e22f5887abd86aacd4eb4861ed6b88936aa28810d3bf2f774419e907eb2db45,2021-03,South Yorkshire Police,South Yorkshire Police,,,No location,,,Offender given a drugs possession warning
584eb4e6fe7e838375168482c9b0da41264aca9ed2128d20df6d157077ee8395,2021-03,South Yorkshire Police,South Yorkshire Police,-1.313964,53.433630,On or near LAUDSDALE CLOSE,E01007737,Rotherham 013C,Local resolution
230686ec67ce29b699b7c320ffec2427b94ff1c7fe0f458ae72ca2e1a56b8cf4,2021-03,South Yorkshire Police,South Yorkshire Police,-1.464407,53.577253,On or near HARDWICK CRESCENT,E01007327,Barnsley 007E,Investigation complete; no suspect identified
2cafc9e34d7d7080bd3dfc113a47ce172f295d191a1e60ab24205ced9bf6679a,2021-03,South Yorkshire Police,South Yorkshire Police,-1.492528,53.558374,On or near WELLFIELD ROAD,E01007408,Barnsley 010C,Unable to prosecute suspect
92447b5997a9099f1e79d0c7d8851793acf956d3ae30be28dddf8cf8c09bf65d,2021-03,South Yorkshire Police,South Yorkshire Police,-1.466178,53.381176,On or near Pedestrian Subway,E01033264,Sheffield 073D,Investigation complete; no suspect identified
f4344273cf44ac0a8e707a0a70da3fc9b0dd68a830ea6cd503f89a0bb05fdb5e,2021-03,South Yorkshire Police,South Yorkshire Police,-1.055499,53.535687,On or near Petrol Station,E01007482,Doncaster 014D,Investigation complete; no suspect identified
233efff1e1be800453e4beb19563c4f96f6c355df3bf273d19febf033e8bdf49,2021-03,South Yorkshire Police,South Yorkshire Police,-1.480606,53.503754,On or near ROCKINGHAM CLOSE,E01007399,Barnsley 028D,Unable to prosecute suspect
069006942ca406a7b2e1298bd94d38c452dc90d3c2b011b329405ede087c1a21,2021-03,South Yorkshire Police,South Yorkshire Police,-1.574953,53.398286,On or near RYE LANE,E01008129,Sheffield 023A,Investigation complete; no suspect identified
fd52505a2fe91eb1f580aecc7dc79629eb6c38490e9a09509c3cf70fcbb5002c,2021-03,South Yorkshire Police,South Yorkshire Police,-1.492737,53.427107,On or near HALIFAX ROAD,E01008088,Sheffield 012B,Unable to prosecute suspect
44c0fc4a69c7665a5fcfdb20f845ec99c6288ec5f1b88b860fe7deffe30d0cb7,2021-03,South Yorkshire Police,South Yorkshire Police,-1.356503,53.500238,On or near MICHAEL CROFT,E01007822,Rotherham 002F,Unable to prosecute suspect
f0796b1adbbbcdedd515ce22b7885e7d3a88c1809b79aba764bb1f5c84428603,2021-03,South Yorkshire Police,South Yorkshire Police,-1.457791,53.587973,On or near LONG ACRE,E01007437,Barnsley 002C,Unable to prosecute suspect
74001492dc84f5f4f9d89db7d6d9368a6189fb49460f83b26154b36715cebdab,2021-03,South Yorkshire Police,South Yorkshire Police,-1.319496,53.565893,On or near CHAPEL HILL,E01007587,Doncaster 020C,Investigation complete; no suspect identified
f5d336b117dbeef7300c04d81958ae62ee2c3159dd0d5f953c6df147b535a448,2021-03,South Yorkshire Police,South Yorkshire Police,-1.342005,53.491126,On or near GIPSY GREEN LANE,E01007819,Rotherham 002C,Investigation complete; no suspect identified
29e7a2ad7e644f08ae45eaa43a6f7d4e9a19cedef0b28edbc2c543632bffe33b,2021-03,South Yorkshire Police,South Yorkshire Police,-1.483214,53.415650,On or near DONOVAN CLOSE,E01008124,Sheffield 012F,Investigation complete; no suspect identified
65c74e538c44037dfdd52dfea4dd8d68762ef729292219781fc2d19a59f99df9,2021-03,South Yorkshire Police,South Yorkshire Police,-1.223743,53.485617,On or near LOW ROAD,E01007620,Doncaster 020D,Investigation complete; no suspect identified
2258cae034bb8a84a99c54a6b1f94de03b06fe035aed17e5bd64f422208916a4,2021-03,South Yorkshire Police,South Yorkshire Police,-1.474740,53.343785,On or near CROSS CHANTREY ROAD,E01007832,Sheffield 059D,Unable to prosecute suspect
7825e10eb51f0688a0f46e5404e0a7f837fae758245e9e2c3eb142dfb873233b,2021-03,South Yorkshire Police,South Yorkshire Police,-1.491111,53.548094,On or near HARVEY STREET,E01007445,Barnsley 013G,Unable to prosecute suspect
0c74e39b559e111765ffbd552d25ab950b9a3f06963439ae11abe3dde8c838d9,2021-03,South Yorkshire Police,South Yorkshire Police,-1.197619,53.424465,On or near CHARNELL AVENUE,E01007763,Rotherham 020E,Local resolution
d90a6055d01c58cf333b56c5a9e805413b8bc47ac607898f5f491924937afc4d,2021-03,South Yorkshire Police,South Yorkshire Police,-1.194488,53.562941,On or near Supermarket,E01007467,Doncaster 009D,Unable to prosecute suspect
21c3fe5c66e973a1bb1cf8cef32d24777f78849d35624e5369eebc3241f07de1,2021-03,South Yorkshire Police,South Yorkshire Police,-1.342620,53.451328,On or near LLOYD STREET,E01007784,Rotherham 008D,Investigation complete; no suspect identified
b3798acecdd1c0cd700af95fa3207b6cb1f847972339d9600cfa181b7994f5a1,2021-03,South Yorkshire Police,South Yorkshire Police,-1.464555,53.383533,On or near KING STREET,E01033264,Sheffield 073D,Local resolution
3ce5d02cf5f5425eb12b6077518ecfca1e8104f467ebd26a43a82060250d9320,2021-03,South Yorkshire Police,South Yorkshire Police,-1.342620,53.451328,On or near LLOYD STREET,E01007784,Rotherham 008D,Investigation complete; no suspect identified
ac8634b2c56729628cd1c0d7dc28881cd767dd9f3b79863589f3953217c37798,2021-03,South Yorkshire Police,South Yorkshire Police,-1.471784,53.369084,On or near BRAMALL LANE,E01008108,Sheffield 042A,Investigation complete; no suspect identified
8567eed37bfcdf97a129ea98afd6c8d89051f4e69f4c3496ebf0d2a8acf0e7ad,2021-03,South Yorkshire Police,South Yorkshire Police,-1.197619,53.424465,On or near CHARNELL AVENUE,E01007763,Rotherham 020E,Local resolution
3733a06bef65e3c3d24f34ee8d3ba3cf7aae2215a0e80a7af0cdce62899a9607,2021-03,South Yorkshire Police,South Yorkshire Police,-1.465432,53.377119,On or near Conference/Exhibition Centre,E01033274,Sheffield 042G,Investigation complete; no suspect identified
66057c1f0834d0066e3011b42053f41f2e2f5ccaa22526ad691fbe017fe2aa73,2021-03,South Yorkshire Police,South Yorkshire Police,-1.215875,53.429260,On or near FROBISHER GROVE,E01007755,Rotherham 018C,Investigation complete; no suspect identified
325eac003c882cb310668983fe35c53519f3bc3629542776a60c00f877e868e7,2021-03,South Yorkshire Police,South Yorkshire Police,-1.463871,53.439160,On or near Supermarket,E01008138,Sheffield 006D,Investigation complete; no suspect identified
24fea4a40f199354bb57d2642a545ee012bc5d4c6c164aea767b2c24028685a5,2021-03,South Yorkshire Police,South Yorkshire Police,-1.468173,53.441840,On or near ST MARY'S CLOSE,E01008135,Sheffield 005C,Suspect charged
0a16eafacdbf44cdb52b8561765c7d55d24b35dc5e86a46dd81b4f019f2d573a,2021-03,South Yorkshire Police,South Yorkshire Police,-1.264792,53.422955,On or near FIELDING DRIVE,E01007684,Rotherham 022A,Investigation complete; no suspect identified
3f175c42736c8581cd999c30537ebcbfa50f0c3ee856891456f8426b07808422,2021-03,South Yorkshire Police,South Yorkshire Police,-1.443305,53.505015,On or near OLD SCHOOL CLOSE,E01007392,Barnsley 030D,Local resolution
c1620f93443a65f63b73b49928eab6b12ac2aee54dcdfe74072cb854e8c10a0e,2021-03,South Yorkshire Police,South Yorkshire Police,-1.305459,53.467801,On or near GLASSHOUSE LANE,E01007772,Rotherham 006B,Investigation complete; no suspect identified
b91ad206565e26e8c03b5ec1aae3bf6ad16cd1ed1bd02b2cd39def84265eb329,2021-03,South Yorkshire Police,South Yorkshire Police,-1.149983,53.532611,On or near Petrol Station,E01007517,Doncaster 013D,Investigation complete; no suspect identified
b3363da4927af4c14d59d9a47834b7c72f635ff8b2f8c0045688993e021aa89c,2021-03,South Yorkshire Police,South Yorkshire Police,-1.335500,53.462785,On or near MANOR PLACE,E01007774,Rotherham 006D,Local resolution
1e2c38dead0aca38dccfb27c02e20cf459272e56565a94388c96708e8ccd6e34,2021-03,South Yorkshire Police,South Yorkshire Police,-1.436380,53.460957,On or near THORPE STREET,E01007802,Rotherham 007C,Investigation complete; no suspect identified
ad5fec6b77f04a48beea6b3d79197ab7368619ab68bcf9b2779c0d266ec8682b,2021-03,South Yorkshire Police,South Yorkshire Police,-1.475215,53.560619,On or near Supermarket,E01007410,Barnsley 010E,Investigation complete; no suspect identified
f0aa839e6ec304162c94361778aa22d45a68d2f3bd8a8fdb5dfdaa7bea875a57,2021-03,South Yorkshire Police,South Yorkshire Police,-0.960918,53.609886,On or near Petrol Station,E01007639,Doncaster 003D,Investigation complete; no suspect identified
871dbbc7d7eaf562cf7af5d19d02ebfc5be0ba9a3a8f70bb205a61897980d56d,2021-03,South Yorkshire Police,South Yorkshire Police,-1.350773,53.428226,On or near SHERWOOD CRESCENT,E01007714,Rotherham 017B,Unable to prosecute suspect
e0b37d121bba6de8212f07c5d7377f3440d9e554e6ed033544f842c8c5bc1c01,2021-03,South Yorkshire Police,South Yorkshire Police,-1.312411,53.433756,On or near ALDAM CLOSE,E01007723,Rotherham 013A,Unable to prosecute suspect
ded11d6d5599b23702b227b0a962df7a86e61c9d017cbb28988c455f183a9422,2021-03,South Yorkshire Police,South Yorkshire Police,-1.475215,53.560619,On or near Supermarket,E01007410,Barnsley 010E,Investigation complete; no suspect identified
68f43eb1fa597e9a9dcfd3f8d93a9aed3e5895a6903f320890e70a68c15f8fbd,2021-03,South Yorkshire Police,South Yorkshire Police,-1.411905,53.370467,On or near DANEBROOK DRIVE,E01008017,Sheffield 039E,Investigation complete; no suspect identified
bfa61930a25460a885d683d0cfb3a5f9768c64faa50954e91bc267dc759a8007,2021-03,South Yorkshire Police,South Yorkshire Police,-1.478309,53.550871,On or near Shopping Area,E01007340,Barnsley 013B,Suspect charged
6a8c1b4bff67a5a289eddbc367ef9a8a6cd8c05647d6cd81817c51fdeea98d3e,2021-03,South Yorkshire Police,South Yorkshire Police,,,No location,,,Unable to prosecute suspect
c37b88f1921c6547951fcd747a2ae9641bdbef957090fca3a1339f0c85c406c5,2021-03,South Yorkshire Police,South Yorkshire Police,-1.480307,53.414685,On or near BARRIE ROAD,E01007950,Sheffield 015D,Unable to prosecute suspect
41b75ff7c47a1580bbbeded1de2885035833971efc8e598cacb26967f975108a,2021-03,South Yorkshire Police,South Yorkshire Police,-1.483214,53.415650,On or near DONOVAN CLOSE,E01008124,Sheffield 012F,Unable to prosecute suspect
c92b0df71346965d91b9ca6612fd98649e4155820a2738c86ff0683a33f3acf6,2021-03,South Yorkshire Police,South Yorkshire Police,-1.326285,53.469259,On or near PRIESTLEY AVENUE,E01007773,Rotherham 006C,Unable to prosecute suspect
2788a37f8e31ba965f4bbdd415e3ccfeb51edcc2708fa90127b5f97d440cbcf8,2021-03,South Yorkshire Police,South Yorkshire Police,-1.402103,53.445762,On or near REDSCOPE CRESCENT,E01007804,Rotherham 011B,Investigation complete; no suspect identified
be959b1d32b56e0453421be36af0e66bb70d4be121f1c863a73edd8f64d29431,2021-03,South Yorkshire Police,South Yorkshire Police,-1.509131,53.383535,On or near BRICK DRIVE,E01007962,Sheffield 029C,Investigation complete; no suspect identified
df9f9256d00b61f3e356a175be58acb21d2f954f3d9592d99828cbbdd45fd70f,2021-03,South Yorkshire Police,South Yorkshire Police,-1.153661,53.563064,On or near WAVERLEY COURT,E01007511,Doncaster 010E,Action to be taken by another organisation
c8aa509a43b89ed5f0d96e87a500ac33719cbbfb1c49db90396f24906fbe4b9a,2021-03,South Yorkshire Police,South Yorkshire Police,-1.350773,53.428226,On or near SHERWOOD CRESCENT,E01007714,Rotherham 017B,Unable to prosecute suspect
5c1edfc75fc6d63777c453f90c56d7b14c21e615dd1553b5976ae087e641b8c0,2021-03,South Yorkshire Police,South Yorkshire Police,-1.191392,53.563774,On or near RECREATION ROAD,E01007467,Doncaster 009D,Investigation complete; no suspect identified
928bb7afb086608f8e269b491695bff873b6b9d1caee36b9ebb41d0268b2c03b,2021-03,South Yorkshire Police,South Yorkshire Police,-1.587132,53.480970,On or near NANNY HILL,E01008144,Sheffield 001A,Unable to prosecute suspect
b1c22ff9a1340171efcb5b20a5bb0d9dc1082cd4333c62ae7a1f112d55b2e904,2021-03,South Yorkshire Police,South Yorkshire Police,-1.439616,53.367230,On or near Petrol Station,E01008097,Sheffield 043C,Investigation complete; no suspect identified
4ecaf429074b9ec68bdefb2c960743ae0e9548538e0fcc5068a35189fa08c407,2021-03,South Yorkshire Police,South Yorkshire Police,-1.289477,53.496641,On or near HELENA STREET,E01007571,Doncaster 031A,Suspect charged
59195e5513c09a27fe93ff8d08a98ce810099d1753fcb86361161bb6f7b5656c,2021-03,South Yorkshire Police,South Yorkshire Police,-1.464976,53.375094,On or near FORNHAM STREET,E01033274,Sheffield 042G,Investigation complete; no suspect identified
d59eef3034769de54ce347f332146187b5c27292a344ff48dcbbc34f125e1672,2021-03,South Yorkshire Police,South Yorkshire Police,-1.464555,53.383533,On or near KING STREET,E01033264,Sheffield 073D,Investigation complete; no suspect identified
780ae23976a84d5b76933ed28a783bd4de8d6b72bb133fe021e58c0e65472eec,2021-03,South Yorkshire Police,South Yorkshire Police,-1.313964,53.433630,On or near LAUDSDALE CLOSE,E01007737,Rotherham 013C,Unable to prosecute suspect
8c3392840a5e82c155e7acd25af701cf7967714b640bb0507c54f1c81949b7d9,2021-03,South Yorkshire Police,South Yorkshire Police,-1.493517,53.357619,On or near ADELAIDE ROAD,E01008045,Sheffield 050B,Investigation complete; no suspect identified
a914f1dcda4502bac99878e7d96e6e75a64565f58c7c9f692f5484b7c2c1b838,2021-03,South Yorkshire Police,South Yorkshire Police,-1.028093,53.596500,On or near JUNCTION ROAD,E01007628,Doncaster 004D,Offender given a caution
1af6573f12b760971d55c255ef049f5f171668e83c54bab178d63f40a1717148,2021-03,South Yorkshire Police,South Yorkshire Police,-1.354271,53.425810,On or near NIGHTINGALE COURT,E01007677,Rotherham 017A,Investigation complete; no suspect identified
dddd6aa48fceed18ad6ad2156147109f07f089841f3ca9c6ee47abf1b1dc285c,2021-03,South Yorkshire Police,South Yorkshire Police,-1.298915,53.490108,On or near ROWMS LANE,E01007800,Rotherham 003E,Unable to prosecute suspect
63eaf8fd22f758dca857de9246f20398c527aa99473d84fbf307974c3ec4e877,2021-03,South Yorkshire Police,South Yorkshire Police,-1.487260,53.376945,On or near HOLBERRY GARDENS,E01008104,Sheffield 036E,Investigation complete; no suspect identified
fa67a614eede9d62af976e60759adaf64d85a9a18bdf9757a04583b34bf327a5,2021-03,South Yorkshire Police,South Yorkshire Police,-1.453041,53.554479,On or near Parking Area,E01007322,Barnsley 015C,Unable to prosecute suspect
d466734ccd64948e90dcf6a7538f5f29411ddd8cfe5aca55f4ff18b5c482959d,2021-03,South Yorkshire Police,South Yorkshire Police,-1.309891,53.487143,On or near POPLAR GROVE,E01007800,Rotherham 003E,Investigation complete; no suspect identified
afbd43ab095736259a244bb479af3b685ad16a98dd15400a30ef9cc9c2dd9d9d,2021-03,South Yorkshire Police,South Yorkshire Police,-1.158143,53.534269,On or near Pedestrian Subway,E01007516,Doncaster 013C,Unable to prosecute suspect
29e8fd5b9ea1d56e70f75276de171b5f6fb394316d275bad16dcb9316fdd11bb,2021-03,South Yorkshire Police,South Yorkshire Police,-1.158143,53.534269,On or near Pedestrian Subway,E01007516,Doncaster 013C,Unable to prosecute suspect
4c8cf183dda72e2eb1ed6272ffd14e22288f7ed26c5637ee8404c6cc438c40ed,2021-03,South Yorkshire Police,South Yorkshire Police,-1.366365,53.431258,On or near VINE CLOSE,E01007716,Rotherham 016B,Unable to prosecute suspect
e0860ea89518b1a7494f618c3b7b5fd8a5fa730b4c9d4e3976aae0d89ed21a0d,2021-03,South Yorkshire Police,South Yorkshire Police,-1.410804,53.390354,On or near GREENLAND VIEW,E01007902,Sheffield 027B,Investigation complete; no suspect identified
dc0f5ee4436291ac352b4f59fcca87ca3a2cc1db725c4b725bf3da178775408e,2021-03,South Yorkshire Police,South Yorkshire Police,-1.428538,53.463967,On or near KINGFISHER RISE,E01007808,Rotherham 007E,Investigation complete; no suspect identified
eebef5416006b7532fd98a82ed6523d0bc89e43803b959de662d4ee676fbb5ed,2021-03,South Yorkshire Police,South Yorkshire Police,-1.450818,53.419434,On or near TIDESWELL ROAD,E01008062,Sheffield 013E,Investigation complete; no suspect identified
e0e2e69770b2d913a3294d33cf2d3cea5b4b45eaf89f5563622134bef47a2d1d,2021-03,South Yorkshire Police,South Yorkshire Police,-1.357984,53.505954,On or near VICTORIA ROAD,E01007693,Rotherham 001A,Unable to prosecute suspect
c1618547bc16c07cc7d8ed5d4921a41e4c1931d2591f6eff3fcb34bd5ac38ee9,2021-03,South Yorkshire Police,South Yorkshire Police,-1.414874,53.524421,On or near KITCHIN ROAD,E01007447,Barnsley 023A,Investigation complete; no suspect identified
d178ac264fd8396f8c45ce47b1235ad25fa8e7fe7b9eecef6371beefe43eb1a7,2021-03,South Yorkshire Police,South Yorkshire Police,-1.252759,53.487860,On or near DALTON COURT,E01007544,Doncaster 032D,Unable to prosecute suspect
1177d9d3363e61868bb1982a2a802269ecb62965015f4d35b8b455eec7df62f7,2021-03,South Yorkshire Police,South Yorkshire Police,-1.252759,53.487860,On or near DALTON COURT,E01007544,Doncaster 032D,Investigation complete; no suspect identified
ea362792eaa695f83ea84cb257deda7da6c19cfc872c7e31ace7d52fb70a4065,2021-03,South Yorkshire Police,South Yorkshire Police,-1.118466,53.534765,On or near DUNDAS ROAD,E01007653,Doncaster 015E,Investigation complete; no suspect identified
0047a1c1b6aad48835b6d82ca53a1848bfef6fb61be77f61227fa944710f7371,2021-03,South Yorkshire Police,South Yorkshire Police,-1.357739,53.434349,On or near Parking Area,E01007714,Rotherham 017B,Investigation complete; no suspect identified
21b5b16f8d9265d0fcb494e3106d67f148808ee5e808132e02377ebe8286e5b7,2021-03,South Yorkshire Police,South Yorkshire Police,-1.445514,53.372551,On or near ESSEX ROAD,E01007882,Sheffield 075D,Investigation complete; no suspect identified
9db4334b8b5a75efc02ecc91c4bb04679319d71c49b8073e80d925e882c1a71f,2021-03,South Yorkshire Police,South Yorkshire Police,-0.947926,53.616892,On or near COULMAN ROAD,E01007635,Doncaster 001D,Investigation complete; no suspect identified
7d2a89265e25755924e6eab6c85783a061feaefc4cb206a9884392ef3a4f4eff,2021-03,South Yorkshire Police,South Yorkshire Police,-1.259712,53.389702,On or near Sports/Recreation Area,E01007809,Rotherham 026B,Unable to prosecute suspect
967fe7f3bc14b0d6f39a8d8503057f3307b3c727bf0f3b7598e284ee358e4f2a,2021-03,South Yorkshire Police,South Yorkshire Police,-1.268954,53.522458,On or near EATON SQUARE,E01007583,Doncaster 020A,Investigation complete; no suspect identified
7d5027882e70f61fb935f3ffa3ca73a3a6c7abfd415c814a21f6856a37f2fad8,2021-03,South Yorkshire Police,South Yorkshire Police,-1.504675,53.372389,On or near ENDCLIFFE AVENUE,E01007862,Sheffield 038C,Unable to prosecute suspect
041f61f97a2cd52fbb9a72f248b9e9c9c18ac11ed347ec9592b0b89c05712026,2021-03,South Yorkshire Police,South Yorkshire Police,-1.164198,53.499489,On or near CEDAR ROAD,E01007499,Doncaster 029D,Unable to prosecute suspect
c2ddf4a8b92deceeb958ac328b24a51cecf5064ae47f70517f2bf78376f9d77d,2021-03,South Yorkshire Police,South Yorkshire Police,-1.468978,53.389305,On or near Theatre/Concert Hall,E01033270,Sheffield 022H,Investigation complete; no suspect identified
eeeb8caa3ed04e33daa167ddc6b1301ed9125c377e13c0454d99b370d4a771f6,2021-03,South Yorkshire Police,South Yorkshire Police,-1.493835,53.430958,On or near COWPER DRIVE,E01008085,Sheffield 009A,Investigation complete; no suspect identified
14838ef973ffa6ace9b5fd6a69fa768b1d551e068e4a27b5ca59a119b03bd92e,2021-03,South Yorkshire Police,South Yorkshire Police,-1.295239,53.493691,On or near DODSWORTH STREET,E01007577,Doncaster 031F,Investigation complete; no suspect identified
147bacfad4ce27437313625768a07db37c3d7f7dc035de09f0432571750ffa57,2021-03,South Yorkshire Police,South Yorkshire Police,-1.388448,53.441477,On or near SMITHY CLOSE,E01007740,Rotherham 011A,Unable to prosecute suspect
681f25c5866cbe98e63b1fd1e3401196654aa004525468ff9637c32bdaece224,2021-03,South Yorkshire Police,South Yorkshire Police,-1.456042,53.409750,On or near Hospital,E01007942,Sheffield 020D,Investigation complete; no suspect identified
f7a582f9f5305c8f03f8d4851f3d5485f5fd001ce3b9580fe6e5db78d011d5ff,2021-03,South Yorkshire Police,South Yorkshire Police,-1.295239,53.493691,On or near DODSWORTH STREET,E01007577,Doncaster 031F,Investigation complete; no suspect identified
8b628133e58a54da91a92f8ff37377f74e733c5c5470f6fd3dbe4c3946ef4e9f,2021-03,South Yorkshire Police,South Yorkshire Police,-1.488241,53.559533,On or near POLLITT STREET,E01007409,Barnsley 010D,Investigation complete; no suspect identified
2c03d1a63c28c1ec35cfbdc3ca68e46ac4c8a03b973b4996f19b705456bc0778,2021-03,South Yorkshire Police,South Yorkshire Police,-1.016772,53.581693,On or near CANTERBURY ROAD,E01007555,Doncaster 006B,Unable to prosecute suspect
23f5ebc7c126b505a373c86c344c5936aad449bc489de4d6dd0564f1eb6e9c39,2021-03,South Yorkshire Police,South Yorkshire Police,-1.385952,53.346148,On or near SPA VIEW PLACE,E01033279,Sheffield 076F,Investigation complete; no suspect identified
fec00bcc6fd9f150debe1fd68e83f1f38f154f6a6a7ee71af2c1e122eb4ff926,2021-03,South Yorkshire Police,South Yorkshire Police,-1.118295,53.431088,On or near CROWN ROAD,E01007616,Doncaster 039E,Unable to prosecute suspect
61bd9de0252a32b78d067b3b038c1818a5971410b6d0edffb6d67ae64aa353a4,2021-03,South Yorkshire Police,South Yorkshire Police,-1.016772,53.581693,On or near CANTERBURY ROAD,E01007555,Doncaster 006B,Unable to prosecute suspect
4e9332384b453cd818c44531d3e4ad442b74cf5a2494b34f37b0f5539ae0be87,2021-03,South Yorkshire Police,South Yorkshire Police,-1.201359,53.368579,On or near SILVERDALES,E01007791,Rotherham 029F,Investigation complete; no suspect identified
32e016d2fbb9a5ae8bb692471f1b02a928f143434164c1208c9fd20f12744a04,2021-03,South Yorkshire Police,South Yorkshire Police,-1.280556,53.495545,On or near GENOA STREET,E01007576,Doncaster 031E,Investigation complete; no suspect identified
beb72ab333e9b76e26d4a8a664d84873b47c688b1f2a1cba15fa2e421d0992be,2021-03,South Yorkshire Police,South Yorkshire Police,-1.391858,53.542130,On or near DONCASTER ROAD,E01007350,Barnsley 020C,Investigation complete; no suspect identified
f759e296a40e29cad33938baf794191c587c995f459459b4e0f89a0862a612a5,2021-03,South Yorkshire Police,South Yorkshire Police,-1.109395,53.538527,On or near FOSSARD CLOSE,E01007652,Doncaster 015D,Investigation complete; no suspect identified
a96e1d6cc753371662de9a5ca0f8ae6842bb1690c8cd6d7ff6e6f0310dd0c00c,2021-03,South Yorkshire Police,South Yorkshire Police,-1.072459,53.512844,On or near COTEREL CRESCENT,E01007528,Doncaster 024C,Investigation complete; no suspect identified
64098517ab915fbb10f257e5820ed2caee0bb58385b96b7f24b675184c3b8c8e,2021-03,South Yorkshire Police,South Yorkshire Police,-1.220446,53.352930,On or near SIKES ROAD,E01007658,Rotherham 032A,Investigation complete; no suspect identified
740e169701ec2d02beeb631b5804e6d14c8a8451707b79651ef461cafd2253a0,2021-03,South Yorkshire Police,South Yorkshire Police,-1.014811,53.611484,On or near DIRTY LANE,E01007625,Doncaster 004A,Investigation complete; no suspect identified
cb53291056fab8aeef75b70c796ee56f35019ca1873b53c8b833f4db481d9ee5,2021-03,South Yorkshire Police,South Yorkshire Police,-1.351980,53.426013,On or near GODSTONE ROAD,E01007680,Rotherham 023D,Investigation complete; no suspect identified
9995e227f8cb0db4dd9b1c512e428775d5870363f17063efd9b877aac9087017,2021-03,South Yorkshire Police,South Yorkshire Police,-1.481454,53.389621,On or near MONTGOMERY TERRACE ROAD,E01033263,Sheffield 073C,Investigation complete; no suspect identified
ef9e5555906175936cefdcc69d20e216f2b518d90dd443430990f4ff3cf29c64,2021-03,South Yorkshire Police,South Yorkshire Police,-1.508227,53.343199,On or near WHIRLOWDALE ROAD,E01007932,Sheffield 055E,Investigation complete; no suspect identified
278b21af68937e9c126c668271a0476e0fccab7ed95f8937945877fc2095fae3,2021-03,South Yorkshire Police,South Yorkshire Police,-1.016564,53.577000,On or near SHEEP DIP LANE,E01007555,Doncaster 006B,Investigation complete; no suspect identified
ef60ae5b4f96756dcc4a7d1d70e760179c4534608cc56956069d596b43277928,2021-03,South Yorkshire Police,South Yorkshire Police,-1.467646,53.358639,On or near NICHOLSON PLACE,E01007975,Sheffield 051A,Investigation complete; no suspect identified
e6b4bc5b42d79ea573170255a23029192e53a2cf35410aa51184f133ad6afd58,2021-03,South Yorkshire Police,South Yorkshire Police,-1.218258,53.353437,On or near HANGING BANK COURT,E01007660,Rotherham 032B,Investigation complete; no suspect identified
c417f8b438f1f0219ce5a401e73173d2519b9a1c309aa2281af0df0825920140,2021-03,South Yorkshire Police,South Yorkshire Police,-1.482074,53.368275,On or near LANGDON STREET,E01008107,Sheffield 040C,Unable to prosecute suspect
2a3736ca1dfc1aab23b9786c9abc4a21f38fb2d8cfb39dee18838af9ad7a8fda,2021-03,South Yorkshire Police,South Yorkshire Police,-1.335886,53.455380,On or near WILLIAM STREET,E01007776,Rotherham 008B,Investigation complete; no suspect identified
1d81902db5033fbca30a5447aa6fbb78002cd6d4b73cb1e9df1c429f74169077,2021-03,South Yorkshire Police,South Yorkshire Police,-1.499422,53.470433,On or near WESLEY ROAD,E01007892,Sheffield 003B,Suspect charged
e05d5cd76651c1104429c6450e98fd2aa3f05b46bb3da258a057dc07a73f8735,2021-03,South Yorkshire Police,South Yorkshire Police,-1.444853,53.412997,On or near FIRTH PARK ROAD,E01007949,Sheffield 020E,Investigation complete; no suspect identified
ebb5e78286e1fea2779b7e3c0fbf4bd478fd9a0ce7d6bd5f00ec292849833949,2021-03,South Yorkshire Police,South Yorkshire Police,-1.371695,53.356545,On or near SKELTON LANE,E01007970,Sheffield 049D,Investigation complete; no suspect identified
248ccdde203696d2779716422286e7d7f32b142cc443dd6f157e7ac947abbc12,2021-03,South Yorkshire Police,South Yorkshire Police,-1.368294,53.432096,On or near FALDING STREET,E01007716,Rotherham 016B,Investigation complete; no suspect identified
c3b2a5244da77d779560761a718fc26419e11a5cb0456c77e27368279cd21245,2021-03,South Yorkshire Police,South Yorkshire Police,-1.493517,53.357619,On or near ADELAIDE ROAD,E01008045,Sheffield 050B,Investigation complete; no suspect identified
7aefe620cf376adc67a9ea6307af8133c138852756ed5a7034173dfe72cb30e0,2021-03,South Yorkshire Police,South Yorkshire Police,-0.966380,53.614590,On or near DURHAM AVENUE,E01007639,Doncaster 003D,Investigation complete; no suspect identified
836ee23d8dadf8a84f6a8dce88faeef74a3f82b6902926eb53f0a709ce01969e,2021-03,South Yorkshire Police,South Yorkshire Police,-1.481916,53.380077,On or near GLOSSOP ROAD,E01033266,Sheffield 074D,Suspect charged
836ee23d8dadf8a84f6a8dce88faeef74a3f82b6902926eb53f0a709ce01969e,2021-03,South Yorkshire Police,South Yorkshire Police,-1.481916,53.380077,On or near GLOSSOP ROAD,E01033266,Sheffield 074D,Suspect charged
e0f8bf2d7d20e6bc1f48041953c40576a4f023765353265c880883e534a1b898,2021-03,South Yorkshire Police,South Yorkshire Police,-1.383557,53.575453,On or near HIGH STREET,E01007332,Barnsley 006C,Unable to prosecute suspect
32a28bf8380dae527cfd92291cc2eff1a926256878d32a68a899245fb6b19e78,2021-03,South Yorkshire Police,South Yorkshire Police,-1.449532,53.411806,On or near LINDLEY ROAD,E01007949,Sheffield 020E,Suspect charged
4fb4414131261aa743a162cbe9da8705862d9882bbeab1f4c8811837c9a9ec1f,2021-03,South Yorkshire Police,South Yorkshire Police,-1.444859,53.353546,On or near NEWFIELD FARM CLOSE,E01007979,Sheffield 051D,Investigation complete; no suspect identified
afe09f02ef299e8bf2ec0b3f6a599cc7bda1937503d8fd4f5675a280c5037365,2021-03,South Yorkshire Police,South Yorkshire Police,-1.459245,53.355221,On or near CARFIELD LANE,E01007976,Sheffield 051B,Investigation complete; no suspect identified
1363c7a3a5ebfb7c0f613093e6bc3f921a33770980affd13425b0984d7b3ec6b,2021-03,South Yorkshire Police,South Yorkshire Police,-1.416620,53.420279,On or near ASQUITH ROAD,E01007852,Sheffield 014C,Unable to prosecute suspect
fa2841fc5bf2803bae213a9ff9f443d064fe1569bbce823885c8f078d4bfc412,2021-03,South Yorkshire Police,South Yorkshire Police,-1.191890,53.426601,On or near ASH GROVE,E01007759,Rotherham 020C,Local resolution
d26c43087fd5bc4cc2fc4274604ff83630558513c36744529bc4744f13566998,2021-03,South Yorkshire Police,South Yorkshire Police,-1.463870,53.375808,On or near SUFFOLK ROAD,E01033274,Sheffield 042G,Investigation complete; no suspect identified
d2b471117b8bc8e492a2b1d764cc424e94d7fb18435f574ca6a077517f99c134,2021-03,South Yorkshire Police,South Yorkshire Police,-1.416620,53.420279,On or near ASQUITH ROAD,E01007852,Sheffield 014C,Unable to prosecute suspect
83a9444f33a8c0155a87d35f4dbef1866a59287acf7f817fd7f5019cd1bad644,2021-03,South Yorkshire Police,South Yorkshire Police,-1.468276,53.381698,On or near Shopping Area,E01033264,Sheffield 073D,Local resolution
06f9969e10742e7a60588198246cd4dcb7ccf969566932c0fb39979b04e0ae7a,2021-03,South Yorkshire Police,South Yorkshire Police,-1.468276,53.381698,On or near Shopping Area,E01033264,Sheffield 073D,Unable to prosecute suspect
dc70b30c867a05162982beeda6072a7a4b9aa8701cc2c82623ab395f5efcf37d,2021-03,South Yorkshire Police,South Yorkshire Police,-1.406078,53.588177,On or near COLLIER ROAD,E01007342,Barnsley 003C,Investigation complete; no suspect identified
59446755ff14035346be903f2a1b844aef3758835faec4192ca6558238601f0f,2021-03,South Yorkshire Police,South Yorkshire Police,-1.455581,53.497656,On or near SKIERS VIEW ROAD,E01007397,Barnsley 028B,Unable to prosecute suspect
0596995b4a75110e0339e99bbf9df2301ccf77d5947af8c562be35d272ccb5dd,2021-03,South Yorkshire Police,South Yorkshire Police,-1.206949,53.576390,On or near A638,E01007465,Doncaster 009B,Investigation complete; no suspect identified
421764d5b538ccbeab9be1245f3c45dc230d39ec1e5bfe233da1ccb554e2a94a,2021-03,South Yorkshire Police,South Yorkshire Police,-1.498139,53.427201,On or near BULLEN ROAD,E01008086,Sheffield 009B,Local resolution
08837ec25e60597154d326691f57c7ac0eea018695baa666d3a9fe47d5706011,2021-03,South Yorkshire Police,South Yorkshire Police,-1.447197,53.409691,On or near BOLSOVER ROAD EAST,E01007944,Sheffield 022F,Unable to prosecute suspect
2024387cb56bb4ac74a9af89a96f063f2d51550840e6f04901e02ca43fbab4a8,2021-03,South Yorkshire Police,South Yorkshire Police,-1.471013,53.374321,On or near SYLVESTER STREET,E01033274,Sheffield 042G,Investigation complete; no suspect identified
f655e0d87cd4924db5c5b391d4b63022a6e266821b6e3afba7cb91f612e06386,2021-03,South Yorkshire Police,South Yorkshire Police,-1.425435,53.347800,On or near KIRKBY VIEW,E01008006,Sheffield 054D,Unable to prosecute suspect
6eaa964a6d7992d2ac8cc45b29e82913e7413fc8e0b4da71888f346a52b96987,2021-03,South Yorkshire Police,South Yorkshire Police,-1.434637,53.360806,On or near AYLWARD ROAD,E01008102,Sheffield 048C,Unable to prosecute suspect
b8b780ee733ff71f7bf18634a307ffb7d85d1db578f1e48480e5439362d5f690,2021-03,South Yorkshire Police,South Yorkshire Police,-1.489661,53.347058,On or near Shopping Area,E01007829,Sheffield 059B,Unable to prosecute suspect
9bdf3bceda31e12ec70f2d92eb07e7663b2425a5b82a9bdd2097dbd244666262,2021-03,South Yorkshire Police,South Yorkshire Police,-1.475469,53.366413,On or near WARD PLACE,E01008112,Sheffield 042D,Investigation complete; no suspect identified
c31cbda05ab1ec1c138195d06395722b3a8a67eaf5e216b3501fc5aa0fd9839a,2021-03,South Yorkshire Police,South Yorkshire Police,-1.475469,53.366413,On or near WARD PLACE,E01008112,Sheffield 042D,Investigation complete; no suspect identified
1a22d262c6bb1702b38802f8fbdd19d702d656623a994b031ef046ca96f0786e,2021-03,South Yorkshire Police,South Yorkshire Police,-1.117074,53.536409,On or near LIVERPOOL AVENUE,E01007651,Doncaster 015C,Unable to prosecute suspect
79aebc44d15a63b8c82b50d2635632e12802633cf47ccacdba977b5e22024fdb,2021-03,South Yorkshire Police,South Yorkshire Police,-1.478897,53.384809,On or near EDWARD STREET,E01033276,Sheffield 073E,Further action is not in the public interest
9f5b80c24e0f4064e6f15333cb7940d4dc9c946a9b1d83d1a21f14cc1a2e83c6,2021-03,South Yorkshire Police,South Yorkshire Police,-1.466372,53.563914,On or near BURTON BANK ROAD,E01007400,Barnsley 009C,Unable to prosecute suspect
18d3427aa7330adffcbe688f06e2c246d73398c7c1f128f425810cb744fa38b7,2021-03,South Yorkshire Police,South Yorkshire Police,-1.458171,53.428052,On or near DEERLANDS AVENUE,E01008061,Sheffield 011A,Offender given a drugs possession warning
5866d96e1349c003057e2fd7a678572b5b1d45d69291423b0e159d97fe123bfd,2021-03,South Yorkshire Police,South Yorkshire Police,-1.090631,53.553712,On or near CLAY LANE WEST,E01007656,Doncaster 015F,Investigation complete; no suspect identified
45845e162c9e96ae0385f2302ab7faffb82c6486a2e5904ec5624fa0b2875836,2021-03,South Yorkshire Police,South Yorkshire Police,-1.473309,53.405108,On or near STANDISH WAY,E01007871,Sheffield 019B,Investigation complete; no suspect identified
1a098f2d3f5d0ae404a45339282c8dc6fcb6e196ab9a6b427145a245b6905dbc,2021-03,South Yorkshire Police,South Yorkshire Police,-1.260887,53.390437,On or near IVANHOE ROAD,E01007809,Rotherham 026B,Investigation complete; no suspect identified
d5a342e285a812a249ee2dccfafd4af54f2500cdfbb09853c5602adb6605d089,2021-03,South Yorkshire Police,South Yorkshire Police,-0.946131,53.629469,On or near SOUTH ROAD,E01007634,Doncaster 001C,Unable to prosecute suspect
7dfd85f1d6e4cb8d765f0613e6fd92332505af6a7818294e288d00e711aa1f37,2021-03,South Yorkshire Police,South Yorkshire Police,-0.946131,53.629469,On or near SOUTH ROAD,E01007634,Doncaster 001C,Unable to prosecute suspect
4b606e319117df9409a7f78b4382423c6e237c55ef0d4517a3250d26c5664c80,2021-03,South Yorkshire Police,South Yorkshire Police,-0.946131,53.629469,On or near SOUTH ROAD,E01007634,Doncaster 001C,Unable to prosecute suspect
2cd51074640209ed426442aa298a97bd3bbadf98cf132c9e95f24a27fea4b9e1,2021-03,South Yorkshire Police,South Yorkshire Police,-1.330115,53.439321,On or near ROSEWELL COURT,E01007736,Rotherham 014A,Investigation complete; no suspect identified
72896a3d2b5273f828c6448eee9e3911b89f8c43c3b0bcd044b749a9067b63f5,2021-03,South Yorkshire Police,South Yorkshire Police,-1.470829,53.575772,On or near ASTON DRIVE,E01007326,Barnsley 007D,Further action is not in the public interest
c46912536254906b246097751786983e82e05f121de7daed48d0f8419abefc83,2021-03,South Yorkshire Police,South Yorkshire Police,-1.343627,53.457320,On or near RECTORY STREET,E01007783,Rotherham 008C,Unable to prosecute suspect
443b6c4885ff2cb820b79e902bd285d87b5e988603ffd27e9ccfa8d332fe69e8,2021-03,South Yorkshire Police,South Yorkshire Police,-1.434602,53.417965,On or near WINCOBANK ROAD,E01007848,Sheffield 013A,Unable to prosecute suspect
210c9adb491f5ca8999f1f9bfa83ddd90cec263dfa9f28c7a448f254dedebc24,2021-03,South Yorkshire Police,South Yorkshire Police,-1.493139,53.369248,On or near Supermarket,E01007864,Sheffield 036D,Investigation complete; no suspect identified
b594d0753384ac924c69c7e213a1473c01c2c248fa86ab54b58df0b30ed85de0,2021-03,South Yorkshire Police,South Yorkshire Police,,,No location,,,Unable to prosecute suspect
0b18575d37d326592913ad091b2440ee56a6470bbaeed92d31c871555647781d,2021-03,South Yorkshire Police,South Yorkshire Police,-1.378342,53.371627,On or near BALLIFIELD ROAD,E01007971,Sheffield 037C,Investigation complete; no suspect identified
0575891d49f284da39c116a19b66d495edfa09d45e3ad409a51db3a1b35c3fbc,2021-03,South Yorkshire Police,South Yorkshire Police,-1.076127,53.469691,On or near RADBURN ROAD,E01007597,Doncaster 037E,Further action is not in the public interest
474d6e5ec9f0008f8bc4957e77414a6fc86b975e720c85873557f963d728b335,2021-03,South Yorkshire Police,South Yorkshire Police,-1.499593,53.558305,On or near Hospital,E01007446,Barnsley 012G,Unable to prosecute suspect
91a61fb75b048a008d9af3bfe687b5e0e2c4f56fe308c7960538b670a0b0e179,2021-03,South Yorkshire Police,South Yorkshire Police,-1.259712,53.389702,On or near Sports/Recreation Area,E01007809,Rotherham 026B,Unable to prosecute suspect
8d9eeead57b33c543490b109d414919081dc6237d7f84ea779b748fe020cb3cd,2021-03,South Yorkshire Police,South Yorkshire Police,-1.115326,53.518194,On or near DANUM ROAD,E01007647,Doncaster 019C,Unable to prosecute suspect
0bcd2f9e15b8c35a367afe39deafe987bf636ba7af2581380494c60fa0907792,2021-03,South Yorkshire Police,South Yorkshire Police,-1.554747,53.452405,On or near BROOM ROYD,E01008136,Sheffield 008D,Suspect charged
0bcd2f9e15b8c35a367afe39deafe987bf636ba7af2581380494c60fa0907792,2021-03,South Yorkshire Police,South Yorkshire Police,-1.554747,53.452405,On or near BROOM ROYD,E01008136,Sheffield 008D,Suspect charged
53568f6a7aa5340120049178518f8716adb6d05b8f9eb901648d15efb414622a,2021-03,South Yorkshire Police,South Yorkshire Police,-1.012107,53.582230,On or near Petrol Station,E01007554,Doncaster 006A,Investigation complete; no suspect identified
3243ac8d2353551a50593b6128675995ceec3a56eba7f90be10c3f58ddcca604,2021-03,South Yorkshire Police,South Yorkshire Police,-1.392350,53.535167,On or near RIMINI RISE,E01007449,Barnsley 023C,Unable to prosecute suspect
ff248b48e38d15f3372805b2500273cf4dcee91d6c5d08284e4d32486e02a014,2021-03,South Yorkshire Police,South Yorkshire Police,-1.319276,53.433687,On or near FARNSWORTH ROAD,E01007735,Rotherham 013B,Investigation complete; no suspect identified
6d1bde50c8b7d91b13fe2ab3b4135a48ebf62aa6b974650325ec7210d67e68b9,2021-03,South Yorkshire Police,South Yorkshire Police,-1.491805,53.423193,On or near Supermarket,E01008090,Sheffield 012C,Unable to prosecute suspect
5a1ea1fc581b466f16e088438030ab03f0fcf75b4d0598f493aa548da9ec6e64,2021-03,South Yorkshire Police,South Yorkshire Police,-1.465812,53.393579,On or near ROCK STREET,E01007875,Sheffield 022B,Investigation complete; no suspect identified
b2e8c5451853993ce5970d4a523c288564f43e26eccc55f5d00a74297035f9dd,2021-03,South Yorkshire Police,South Yorkshire Police,-1.319276,53.433687,On or near FARNSWORTH ROAD,E01007735,Rotherham 013B,Investigation complete; no suspect identified
01a6df69e783f542d8df2c4cbb7bc315709111da4e7b9ee1354c6e801ee63821,2021-03,South Yorkshire Police,South Yorkshire Police,-1.235014,53.481537,On or near WARREN ROAD,E01007536,Doncaster 032A,Unable to prosecute suspect
b4675cf58baacceef3a7b9fe8dcbc40785579bf592ff716155843cc790e07a9d,2021-03,South Yorkshire Police,South Yorkshire Police,-1.451008,53.601982,On or near RUSTON DRIVE,E01007434,Barnsley 001A,Unable to prosecute suspect
cbfaa48361673a3edf3c88fce89d9048c3c56bd62f45638fa0e154d6bc78c277,2021-03,South Yorkshire Police,South Yorkshire Police,-1.028093,53.596500,On or near JUNCTION ROAD,E01007628,Doncaster 004D,Unable to prosecute suspect
9b13550ea0823d01c738a20dc156f5de682d8d69b6759598b545fa8a2c90ee09,2021-03,South Yorkshire Police,South Yorkshire Police,-1.189890,53.481114,On or near CROSS STREET,E01007547,Doncaster 034B,Investigation complete; no suspect identified
e18aecd7dc95e254e58335bbf5c7fb9e710bd64d5dbabca3269b47a761ed22bc,2021-03,South Yorkshire Police,South Yorkshire Police,-1.047649,53.531139,On or near SPRINGFIELD CLOSE,E01007485,Doncaster 017C,Investigation complete; no suspect identified
c7e760ed13649dc219b01e2d790be12b817cf8dfa3cfcc1ee97fc49e68058168,2021-03,South Yorkshire Police,South Yorkshire Police,-1.025894,53.591611,On or near THOMAS ROAD,E01007629,Doncaster 004E,Investigation complete; no suspect identified
4a4787a840dc24303e6be6a1ce4f4ef50b52c8086f2cfa0a5d8aec8e5ff663da,2021-03,South Yorkshire Police,South Yorkshire Police,-0.966380,53.614590,On or near DURHAM AVENUE,E01007639,Doncaster 003D,Investigation complete; no suspect identified
afc87c6610087450171f267d517805da6978da972675a036e86e5ee96e3b7988,2021-03,South Yorkshire Police,South Yorkshire Police,-1.038929,53.476454,On or near Parking Area,E01007594,Doncaster 036B,Investigation complete; no suspect identified
04245f4fe4a8fe2577637f13f8cec93168ed5f31eb41949e46d86edf4c3a61ef,2021-03,South Yorkshire Police,South Yorkshire Police,-1.108672,53.506126,On or near LAKESIDE BOULEVARD,E01007644,Doncaster 019A,Investigation complete; no suspect identified
d7812d115330ee98bf2fceed7cf0664c0043ece1972beee470e477f2a999e2c2,2021-03,South Yorkshire Police,South Yorkshire Police,-1.434072,53.343284,On or near LEIGHTON DRIVE,E01008007,Sheffield 060A,Investigation complete; no suspect identified
36f9087c6de887f0b2400f5865bb47ead88ddbfb8052f4119eff095ad9bca73e,2021-03,South Yorkshire Police,South Yorkshire Police,-1.456042,53.409750,On or near Hospital,E01007942,Sheffield 020D,Further investigation is not in the public interest
e63d8236bd06200c64943bb2cb41f1ef11136460d00d497494681ee605cf70ab,2021-03,South Yorkshire Police,South Yorkshire Police,,,No location,,,Offender given a drugs possession warning
e0137bcd04d41de5b06f7054e631df23784e3eaf0cf6861849966e263e6e4ccd,2021-03,South Yorkshire Police,South Yorkshire Police,-1.416752,53.369862,On or near VIKINGLEA ROAD,E01008011,Sheffield 039A,Investigation complete; no suspect identified
f1024056217fbbd5e5f6a0c611fe4c0cae60f9287e7826123ffe71d23aa90fc9,2021-03,South Yorkshire Police,South Yorkshire Police,-1.446020,53.353237,On or near FARMSTEAD CLOSE,E01007979,Sheffield 051D,Suspect charged
5d157d22b045e140706b34876b9596f258e2139d772ef1655030ed3b40760e02,2021-03,South Yorkshire Police,South Yorkshire Police,-1.202471,53.570392,On or near Supermarket,E01007465,Doncaster 009B,Investigation complete; no suspect identified
4a601029128b1b13a933c92997759f032d2d4c0bd22f2ade81812e8622b3f41a,2021-03,South Yorkshire Police,South Yorkshire Police,-1.377382,53.577443,On or near BRIGHTON STREET,E01007332,Barnsley 006C,Investigation complete; no suspect identified
7e655413c380754438b8ee54bf6d448759826e386e3830320423e6f2b54b8003,2021-03,South Yorkshire Police,South Yorkshire Police,-1.126499,53.524963,On or near GLYN AVENUE,E01007648,Doncaster 019D,Investigation complete; no suspect identified
c74a1a0b1397518f9502b396465da3852d2e45bc32b2d3753b4f0e8db8ae6354,2021-03,South Yorkshire Police,South Yorkshire Police,-1.480981,53.345700,On or near HALLS COURT,E01007828,Sheffield 059A,Investigation complete; no suspect identified
89866edd488dc2f10aed4af51b806bec8f01ed9b3bdaff05868381ceb3b04f20,2021-03,South Yorkshire Police,South Yorkshire Police,-1.392885,53.448151,On or near SIDONS CLOSE,E01007805,Rotherham 011C,Unable to prosecute suspect
9d5a8e3e0e3fee68f51d833128c558126037a615c3561985ec22900729aea164,2021-03,South Yorkshire Police,South Yorkshire Police,-1.460360,53.381132,On or near GILBERT STREET,E01033268,Sheffield 075G,Further action is not in the public interest
d95ad6bc04e702ef1aca800912b16644caea9345d08136759305244301e05427,2021-03,South Yorkshire Police,South Yorkshire Police,-1.408019,53.366682,On or near SPINKHILL AVENUE,E01008008,Sheffield 045D,Investigation complete; no suspect identified
c952db7085b4b949279e5bee72aac0be29f1903d71f7fdc2f8ffd7e8d95fd879,2021-03,South Yorkshire Police,South Yorkshire Police,-1.476343,53.428735,On or near HOLGATE AVENUE,E01008119,Sheffield 009F,Unable to prosecute suspect
638a0fe8a93a99151c9a815c9082f5ff4df56c18f9c36d3bdec0d2feac5b78b1,2021-03,South Yorkshire Police,South Yorkshire Police,-1.355019,53.533461,On or near Petrol Station,E01007349,Barnsley 020B,Investigation complete; no suspect identified
00f20193b7f698d16a8b22410a7014c12e6d770b8dc4dfc480d0dbc26d3642ef,2021-03,South Yorkshire Police,South Yorkshire Police,-1.453716,53.417515,On or near TIDESWELL ROAD,E01007948,Sheffield 013D,Investigation complete; no suspect identified
b50c579ba911ca590f39a7b912e7b66a0bcba79786ea77cbbb2d0bd5beed0ccf,2021-03,South Yorkshire Police,South Yorkshire Police,-1.416614,53.352468,On or near FRITH CLOSE,E01008001,Sheffield 052B,Unable to prosecute suspect
a96fa20211bd81e5ca3adc620a3d646197b1c48b370c28558eda52156780c5b2,2021-03,South Yorkshire Police,South Yorkshire Police,-1.499337,53.385364,On or near LEAMINGTON STREET,E01008069,Sheffield 028C,Unable to prosecute suspect
6acfa421a7b110afe56b00dd09f1b6251fe1a4af8e4a658083746232c3ac4839,2021-03,South Yorkshire Police,South Yorkshire Police,-1.392885,53.448151,On or near SIDONS CLOSE,E01007805,Rotherham 011C,Unable to prosecute suspect
23833c85095d38a180a3f49e2ad4c72ba258f6426d9dcceb88c03a87773ac025,2021-03,South Yorkshire Police,South Yorkshire Police,-1.481454,53.389621,On or near MONTGOMERY TERRACE ROAD,E01033263,Sheffield 073C,Investigation complete; no suspect identified
373751e4bd80edbdb824110bce5a0b96556d92fdb2e05e68063b832628cf5e40,2021-03,South Yorkshire Police,South Yorkshire Police,-1.422442,53.413709,On or near TIPTON STREET,E01007854,Sheffield 014E,Unable to prosecute suspect
c5de948c55d01cd180a4586b27d10fbdaa2fe02723fb32ee558e32ffca712caf,2021-03,South Yorkshire Police,South Yorkshire Police,-1.329335,53.426742,On or near LONGFELLOW FOLD,E01007734,Rotherham 021F,Unable to prosecute suspect
62a30121082ac5d6f4cf6fd11de844f14559f789f7d9c719241b8bd660f0aa5e,2021-03,South Yorkshire Police,South Yorkshire Police,-1.383910,53.535591,On or near Sports/Recreation Area,E01007350,Barnsley 020C,Investigation complete; no suspect identified
98de42c8e792deeb1f8e92e52d08836e99a483aa3710cfe30eae76ee9ce70f24,2021-03,South Yorkshire Police,South Yorkshire Police,-1.477035,53.418949,On or near SOUTHEY GREEN ROAD,E01008123,Sheffield 015E,Unable to prosecute suspect
bf231799099fd508bb5baa3f8d7d9943acac569e4f774935b76bd1b2623f48a5,2021-03,South Yorkshire Police,South Yorkshire Police,-1.144009,53.507904,On or near GREAT CENTRAL AVENUE,E01007534,Doncaster 028D,Investigation complete; no suspect identified
94cc353694881a5b1c35765d43ad38a7f93960fd5a1a56cc8a5c72c2f8f0693d,2021-03,South Yorkshire Police,South Yorkshire Police,-1.383144,53.533268,On or near PRIMROSE AVENUE,E01007352,Barnsley 020E,Investigation complete; no suspect identified
e7ab53f205281b1e38b35eb8fd126d5d4463d62a1e0014fea8ddfc7348b6080f,2021-03,South Yorkshire Police,South Yorkshire Police,-1.032438,53.600796,On or near BRIDGE HILL,E01007626,Doncaster 004B,Investigation complete; no suspect identified
2a6bf25f06955e3e3c688342884b9d202e83dcf89c45a6bf01afc187623317bf,2021-03,South Yorkshire Police,South Yorkshire Police,-1.484267,53.549917,On or near GEORGE SQUARE,E01007340,Barnsley 013B,Local resolution
0ad010f4d06fcb66252ec4a3299269fc496a72a238ad5728796f8f75d34be7f5,2021-03,South Yorkshire Police,South Yorkshire Police,-1.484267,53.549917,On or near GEORGE SQUARE,E01007340,Barnsley 013B,Local resolution
5fb9d10924094e14733193ee99c1cdf4f380df043c8b14362d07147c4ffb16b3,2021-03,South Yorkshire Police,South Yorkshire Police,-1.163326,53.335285,On or near Parking Area,E01007664,Rotherham 032F,Local resolution
4d01068988f4f14a67dee71981b507157f259380e90e023d918834706899b705,2021-03,South Yorkshire Police,South Yorkshire Police,-1.389324,53.530522,On or near LEYFIELD PLACE,E01007449,Barnsley 023C,Local resolution
84bcf47df7e9a269a7cdf9ee1a48a8252906160713568741b1d01329f318c860,2021-03,South Yorkshire Police,South Yorkshire Police,-1.346460,53.446441,On or near MIDLAND STREET,E01007784,Rotherham 008D,Investigation complete; no suspect identified
31b31d2203b4a698bb24584387ad481dde29c094971d0a89af6302fa0bac0804,2021-03,South Yorkshire Police,South Yorkshire Police,-1.249514,53.488145,On or near TICKHILL SQUARE,E01007544,Doncaster 032D,Unable to prosecute suspect
9207417f6b0cceca6c584fb8fd1bd1df71c45d468b5cffdaeed6516f51ff9c3e,2021-03,South Yorkshire Police,South Yorkshire Police,-1.479171,53.555674,On or near Parking Area,E01007336,Barnsley 013A,Investigation complete; no suspect identified
bfe4e936b4c5b767c4b117d9b543a45676894faa1854910f2630b13a02222017,2021-03,South Yorkshire Police,South Yorkshire Police,-1.435597,53.344999,On or near MORLAND DRIVE,E01008007,Sheffield 060A,Unable to prosecute suspect
0e51502965367ffa86763c1af1a1944d276a8855e2c1ba34491d25a3b6604ca1,2021-03,South Yorkshire Police,South Yorkshire Police,-1.377940,53.357944,On or near TWITCHILL DRIVE,E01007968,Sheffield 049C,Investigation complete; no suspect identified
482edc791a7219625fffdeafb829f70fae83f6aff334d317f112dfe7e9d3e0cc,2021-03,South Yorkshire Police,South Yorkshire Police,-1.404746,53.524874,On or near BOND STREET,E01007448,Barnsley 023B,Unable to prosecute suspect
cb12ab2c2c6d5fb006e6f74127084e8e7761bbd67b3bcb2fe0d4b7e8859850cf,2021-03,South Yorkshire Police,South Yorkshire Police,-1.345544,53.504062,On or near Supermarket,E01007822,Rotherham 002F,Investigation complete; no suspect identified
84137428f606cead7c95c9c3b07f9f35b74de0bf5e6442267d94fe2bdf9ed8d6,2021-03,South Yorkshire Police,South Yorkshire Police,-1.630230,53.525837,On or near MARKET PLACE,E01007428,Barnsley 024B,Investigation complete; no suspect identified
f19d3d3f81a5817b65ade9b169107dedd38b944bcf98623414ce55df8f0660e3,2021-03,South Yorkshire Police,South Yorkshire Police,-1.453000,53.583413,On or near CARLTON ROAD,E01007437,Barnsley 002C,Investigation complete; no suspect identified
b5ac10ba8353c6743dc34798c35eea27397b075010a4954678ee7f5e4f2e3c8f,2021-03,South Yorkshire Police,South Yorkshire Police,-1.397622,53.375043,On or near RICHMOND PARK CRESCENT,E01007910,Sheffield 037A,Investigation complete; no suspect identified
389bbdbb9abcfeba7233e03c4e837da7c874d306430e5801586a702702ebd8a1,2021-03,South Yorkshire Police,South Yorkshire Police,-1.096907,53.533283,On or near CORNWALL ROAD,E01007564,Doncaster 018A,Investigation complete; no suspect identified
c8fbf699f3e3fd5c2e65bda3ada803c1d4ae5fb05ccffea0153ea1b2aa761502,2021-03,South Yorkshire Police,South Yorkshire Police,-1.108760,53.517767,On or near BELLE VUE AVENUE,E01007644,Doncaster 019A,Further action is not in the public interest
ecbd7bbac7ad49b614ccbf98599f0b020450472327dbc9c3203f0ea6de8efa6c,2021-03,South Yorkshire Police,South Yorkshire Police,-1.437306,53.420531,On or near JACOBS CLOSE,E01007848,Sheffield 013A,Investigation complete; no suspect identified
0a7397d50eaa420ce3b09d5cc942b19e6f2255c7a5153c84af337ddcd6193f88,2021-03,South Yorkshire Police,South Yorkshire Police,-1.381425,53.360084,On or near HARDCASTLE ROAD,E01007968,Sheffield 049C,Unable to prosecute suspect
2dc17c9439b393b98f7c4ef5271b1e2670e2958d9835976027ff198491a7359b,2021-03,South Yorkshire Police,South Yorkshire Police,-0.983353,53.486223,On or near SILVER BIRCH GROVE,E01007599,Doncaster 026A,Unable to prosecute suspect
31ca9ee59be3a49a078d711bff785b5037b4af0d1f97e040a31d17d0ce887b9e,2021-03,South Yorkshire Police,South Yorkshire Police,-0.983353,53.486223,On or near SILVER BIRCH GROVE,E01007599,Doncaster 026A,Unable to prosecute suspect
e901dca91490e25367af1168017247d32c5c6e0b3b977814e97d08420bb90506,2021-03,South Yorkshire Police,South Yorkshire Police,-1.466337,53.382893,On or near HIGH STREET,E01033264,Sheffield 073D,Unable to prosecute suspect
8bf8d971b1950213817b25947168c8417d55cbf9da412e361e1ac78f9efcf8bf,2021-03,South Yorkshire Police,South Yorkshire Police,-1.501196,53.402594,On or near LANGSETT ROAD,E01007995,Sheffield 017A,Unable to prosecute suspect
be0026ec2e823639d93b9aebaaa28fb7bcbaed3f27f0b0e2065be8bbdf48b0c3,2021-03,South Yorkshire Police,South Yorkshire Police,-1.418638,53.423470,On or near DARA STREET,E01007852,Sheffield 014C,Investigation complete; no suspect identified
8bffb1f8d7eb609bd543aa3c08a4a3d6cfdaddeb813cdbb1061f3927e6c28ca0,2021-03,South Yorkshire Police,South Yorkshire Police,-1.496848,53.322217,On or near FOX LANE,E01007917,Sheffield 071B,Local resolution
68f64bb64a96dda0f26814ae38216abe4c935cd896fe9f624808a45dbe273959,2021-03,South Yorkshire Police,South Yorkshire Police,-1.120871,53.598593,On or near NOBLE THORPE LANE,E01007488,Doncaster 002B,Investigation complete; no suspect identified
c95cb780fc2bd02afc1481b5c2e604edfbb280683833f080aa24074634ebea25,2021-03,South Yorkshire Police,South Yorkshire Police,-1.469127,53.380955,On or near Theatre/Concert Hall,E01033264,Sheffield 073D,Investigation complete; no suspect identified
ac10ee4b4d0d7b7f2d5507f4c658961b5afb8ff38c96cc48ba8986864e87e247,2021-03,South Yorkshire Police,South Yorkshire Police,-1.453832,53.400212,On or near ELLESMERE ROAD NORTH,E01007869,Sheffield 020A,Unable to prosecute suspect
4c962c5ba181aed58a0389d4456964d086feb624c570ef2eda9b4b4d6050fa3f,2021-03,South Yorkshire Police,South Yorkshire Police,-1.481454,53.389621,On or near MONTGOMERY TERRACE ROAD,E01033263,Sheffield 073C,Unable to prosecute suspect
f1f8124908dee163cd1bd61e92db99219a3d3f35ac7f9d83b8ca37c6bef6d593,2021-03,South Yorkshire Police,South Yorkshire Police,-1.481454,53.389621,On or near MONTGOMERY TERRACE ROAD,E01033263,Sheffield 073C,Unable to prosecute suspect
e7bac8d8f514ff27e3d606069270198350c355edb6be6940c7f5dd3c639287e5,2021-03,South Yorkshire Police,South Yorkshire Police,-1.378787,53.386506,On or near MORSE WAY,E01007699,Rotherham 027B,Investigation complete; no suspect identified
8fd3bb29702c44416f5ea44b1a5c07f4687d513e1a013426ec4b40ec0cb84a89,2021-03,South Yorkshire Police,South Yorkshire Police,-1.425464,53.369149,On or near ARCHDALE ROAD,E01008011,Sheffield 039A,Unable to prosecute suspect
21a6413a1b602f4dbcdf2145223bab32df1b9488733ba9bdd215ec70937c3816,2021-03,South Yorkshire Police,South Yorkshire Police,-1.488597,53.424725,On or near DOE ROYD CRESCENT,E01008118,Sheffield 009E,Investigation complete; no suspect identified
e6dda4179dc183c2d93408219d87beab83667e9137628614e22f53045106a9bd,2021-03,South Yorkshire Police,South Yorkshire Police,-1.488722,53.414263,On or near HERRIES ROAD,E01008124,Sheffield 012F,Investigation complete; no suspect identified
1e73346a33001817201498eb9d89dc0e3fceae0a51298e0f65452101ae9a54ca,2021-03,South Yorkshire Police,South Yorkshire Police,-1.478849,53.558504,On or near BRIDGE STREET,E01007410,Barnsley 010E,Further action is not in the public interest
552800d79cb433488cc5f935b4be644fa3ad7785ad44c1390aae14e5767d6a07,2021-03,South Yorkshire Police,South Yorkshire Police,-1.476555,53.542576,On or near HIGHSTONE ROAD,E01007413,Barnsley 017C,Unable to prosecute suspect
2028f974e1e8d1d5d0a20ff7e7e24ea0d25588af3ff19992e729137f906ef7a8,2021-03,South Yorkshire Police,South Yorkshire Police,-1.190332,53.486384,On or near PRINCE'S CRESCENT,E01007547,Doncaster 034B,Unable to prosecute suspect
8884d7c44c08f75ea54804b5de22a9a99e0b13c73555a014f70d2314b9cacf1c,2021-03,South Yorkshire Police,South Yorkshire Police,-1.441516,53.384002,On or near Shopping Area,E01007883,Sheffield 027A,Investigation complete; no suspect identified
a0cd9ead99ca752241c92448928f9640b8ad21efdef741be47d056c01f615aef,2021-03,South Yorkshire Police,South Yorkshire Police,-1.451130,53.539990,On or near COLLEY AVENUE,E01007317,Barnsley 018A,Unable to prosecute suspect
d5ae63de8352b0c33711d0bc41349ff6619172ce9afc782f55757480bff2a077,2021-03,South Yorkshire Police,South Yorkshire Police,-1.162954,53.613879,On or near DAVIS ROAD,E01007490,Doncaster 002D,Unable to prosecute suspect
d5ae63de8352b0c33711d0bc41349ff6619172ce9afc782f55757480bff2a077,2021-03,South Yorkshire Police,South Yorkshire Police,-1.162954,53.613879,On or near DAVIS ROAD,E01007490,Doncaster 002D,Unable to prosecute suspect
3d8e4774df1afa91e0745b735cf7c3d935779ccb7d395f7f77e53f3316fddeb0,2021-03,South Yorkshire Police,South Yorkshire Police,-1.033897,53.599082,On or near Police Station,E01007626,Doncaster 004B,Investigation complete; no suspect identified
f8941bac1326b6444b2336f53c107ec89abbb4bfc87b676b69712544bc531475,2021-03,South Yorkshire Police,South Yorkshire Police,-1.439616,53.367230,On or near Petrol Station,E01008097,Sheffield 043C,Investigation complete; no suspect identified
79172a4a2037df4a1d12362c35ca5449c032ab891d39ff3ded11557d15673ca5,2021-03,South Yorkshire Police,South Yorkshire Police,-1.483137,53.582009,On or near CLIFTON AVENUE,E01007324,Barnsley 007B,Suspect charged
bcd14658fa6428615d37ddf0e5d6c83aecbfd7f0f79c303c1af2fcf4222dddd3,2021-03,South Yorkshire Police,South Yorkshire Police,-1.530847,53.540059,On or near DODWORTH GREEN ROAD,E01007384,Barnsley 019C,Investigation complete; no suspect identified
b71d8b8b7819289b6e9ea91c418783ee4f127c4423b080eddd324cb6c9e3825d,2021-03,South Yorkshire Police,South Yorkshire Police,-1.193151,53.423581,On or near STONE PARK CLOSE,E01007759,Rotherham 020C,Investigation complete; no suspect identified
3b6060470326dc210eba9191765ab092a8eeb0f80220cce1dbcfc54d1a32188d,2021-03,South Yorkshire Police,South Yorkshire Police,-1.272387,53.499918,On or near WINDHILL TERRACE,E01007575,Doncaster 030A,Unable to prosecute suspect
4a493bcb92260d320085bfe50fbc70a1af4d0c5275f6c9ef398d0dd8b088ec50,2021-03,South Yorkshire Police,South Yorkshire Police,-1.358033,53.355861,On or near STACYE AVENUE,E01007969,Sheffield 044B,Unable to prosecute suspect
1411b32da4d8edd450e69edddf47a44eb25396f5d97fc753dde5551be09b805a,2021-03,South Yorkshire Police,South Yorkshire Police,-1.127052,53.562630,On or near SHAFTHOLME ROAD,E01007505,Doncaster 013A,Action to be taken by another organisation
d03d795bc67f259029efb314ef7337bc74eb166e961484a0bf23a65acca0673b,2021-03,South Yorkshire Police,South Yorkshire Police,-1.157464,53.607971,On or near Sports/Recreation Area,E01007491,Doncaster 002E,Investigation complete; no suspect identified
9b159ea861606ed303ca36c6197b02cf1de53f7fd2c4191195e50643b1c4f035,2021-03,South Yorkshire Police,South Yorkshire Police,-1.482175,53.558132,On or near CAXTON STREET,E01007409,Barnsley 010D,Suspect charged
68a41315951f7f3d782b56e91301cc4b26e1f83f29161f7a7666ca067e9d5177,2021-03,South Yorkshire Police,South Yorkshire Police,-1.519554,53.411218,On or near RYDALHURST AVENUE,E01007988,Sheffield 016B,Suspect charged
aaf6e3d58a1d7854a0b901a9f77a3940fd8bce0f209d19eec1bc4c4a1e51d20e,2021-03,South Yorkshire Police,South Yorkshire Police,-1.458464,53.339775,On or near IVY COURT,E01008078,Sheffield 064E,Investigation complete; no suspect identified
ea629667f32e052e3dd4c7792cdfe6aa45bacda0098c283196878bb3f6979d1f,2021-03,South Yorkshire Police,South Yorkshire Police,-1.501798,53.348386,On or near HASTINGS MOUNT,E01007929,Sheffield 055C,Unable to prosecute suspect
d05a316ee8a67dc3f1218f9df5138f7ca81a3f24ddb56d0ae09eda31d4cd4283,2021-03,South Yorkshire Police,South Yorkshire Police,-1.127052,53.562630,On or near SHAFTHOLME ROAD,E01007505,Doncaster 013A,Investigation complete; no suspect identified
95f2ed6dad1a84932b302fe0472496a8ce5cc31f1082f95d44c231c9380d7980,2021-03,South Yorkshire Police,South Yorkshire Police,-1.279352,53.420698,On or near MOSS CLOSE,E01007687,Rotherham 022B,Unable to prosecute suspect
0965029ce6f54f109bc732b920dc0a20c894bdc10b56b0cc7423038359d9163d,2021-03,South Yorkshire Police,South Yorkshire Police,-1.318595,53.543955,On or near HIGH STREET,E01007375,Barnsley 014D,Investigation complete; no suspect identified
3740ada433b12b906cffc0bc09b73becc1c5002a4d131c0dedfbf5b83697fa62,2021-03,South Yorkshire Police,South Yorkshire Police,-1.092022,53.532419,On or near CARDIGAN ROAD,E01007566,Doncaster 018C,Local resolution
fea2b51c46e49922ca9868caad906d2975f85e05767bcf6e96d8f0fa5d06ebff,2021-03,South Yorkshire Police,South Yorkshire Police,-1.339700,53.463896,On or near HARDIE PLACE,E01007775,Rotherham 008A,Unable to prosecute suspect
51f54fa468f04c6aba28d3bdfaef2410837f5f3204389becf4ac35e4dc54a2a5,2021-03,South Yorkshire Police,South Yorkshire Police,-1.185868,53.567593,On or near WASHINGTON ROAD,E01007464,Doncaster 009A,Offender given a caution
8fae040590d3cf37df9a8ff20674c6abfda15acc3d21a342eb412384ffc66614,2021-03,South Yorkshire Police,South Yorkshire Police,-1.449520,53.418574,On or near STUBBIN LANE,E01007948,Sheffield 013D,Unable to prosecute suspect
0487de7dc29c1a0fa76e2c248fb679a966c9352ae55ffad7b2177d1ec1178e15,2021-03,South Yorkshire Police,South Yorkshire Police,-1.457971,53.579813,On or near BLAKELEY CLOSE,E01007327,Barnsley 007E,Investigation complete; no suspect identified
3035936fdbc296760d704135172f33dcf04a8b6e859d35e8c401f561ca14371f,2021-03,South Yorkshire Police,South Yorkshire Police,-1.403557,53.524652,On or near YORK STREET,E01007448,Barnsley 023B,Unable to prosecute suspect
5b37a1bc214de4968898c0e1ff71c0987ec9ab2d6cfc52b03d7ca3628e390472,2021-03,South Yorkshire Police,South Yorkshire Police,-1.605622,53.316514,On or near Park/Open Space,E01019614,Derbyshire Dales 001B,Investigation complete; no suspect identified
660e1ddd148b83da61210bcf6c44327d8ea6a8c675b9b03e23e35779fb375d92,2021-03,South Yorkshire Police,South Yorkshire Police,-1.149462,53.507403,On or near BALBY ROAD,E01007494,Doncaster 023A,Investigation complete; no suspect identified
006f0cf82c3d753ad26eccf82501dd1f64d733363191666b610d3287a0440fd4,2021-03,South Yorkshire Police,South Yorkshire Police,-1.491600,53.321682,On or near ATLANTIC ROAD,E01007919,Sheffield 069C,Unable to prosecute suspect
4a18f2664958282fa29e0c89304e590c96d502f8127180c87058715766144278,2021-03,South Yorkshire Police,South Yorkshire Police,-1.403562,53.429724,On or near HILL TOP CLOSE,E01007745,Rotherham 015E,Investigation complete; no suspect identified
08a2c4468c0e31da07d7fec56194f1f55da94e1af2a305b5e07471c5a1ac4f71,2021-03,South Yorkshire Police,South Yorkshire Police,-1.489866,53.358853,On or near BYRON ROAD,E01008052,Sheffield 050F,Investigation complete; no suspect identified
b61a7df8a7ecc77c49555f68f1417c93d351ca8ff193834bb4d722381de71273,2021-03,South Yorkshire Police,South Yorkshire Police,-1.418217,53.363846,On or near HARTHILL ROAD,E01008010,Sheffield 052E,Investigation complete; no suspect identified
b5a0795c754dee632d9262aec96a364291326809979430ad2c2be238cd4c1965,2021-03,South Yorkshire Police,South Yorkshire Police,-1.473630,53.544792,On or near COPE STREET,E01007338,Barnsley 017A,Investigation complete; no suspect identified
2dbd7672eea239ef8616017a4ed666486dccf2c6adcba9a5f6866a17bd1deb49,2021-03,South Yorkshire Police,South Yorkshire Police,-1.481349,53.390888,On or near BEDFORD STREET,E01033263,Sheffield 073C,Investigation complete; no suspect identified
ee4f10cb0b478ce6d0843c0cae58e095328479a10b95d2ccd60079eb11e91426,2021-03,South Yorkshire Police,South Yorkshire Police,-1.146846,53.492760,On or near GOOSEHILL COURT,E01007502,Doncaster 028C,Suspect charged
81a6ef9846981ce702bd17f36029a0a7ce83993b589e11e91d18c106ddd19c1f,2021-03,South Yorkshire Police,South Yorkshire Police,-1.324990,53.548980,On or near CLAYTON AVENUE,E01007374,Barnsley 014C,Unable to prosecute suspect
1a0d06c7557f7b7de1744fb9c942de87c3fde26535bba625144924d9e5e5152d,2021-03,South Yorkshire Police,South Yorkshire Police,-1.375022,53.533648,On or near THOMAS STREET,E01007353,Barnsley 020F,Investigation complete; no suspect identified
28b69f0c3d5a8785ab2a659efb3fe7255098936846b80856b9bb9ee8219bf599,2021-03,South Yorkshire Police,South Yorkshire Police,-1.575864,53.324834,On or near HATHERSAGE ROAD,E01007956,Sheffield 041B,Investigation complete; no suspect identified
4902208f02889d7624aa990f35289d6cbb52eafc1c27fa6e33e98c7c855bb5ef,2021-03,South Yorkshire Police,South Yorkshire Police,-1.378065,53.533934,On or near SOUTH VIEW,E01007352,Barnsley 020E,Unable to prosecute suspect
c3c77bd7fe7e653c79d526ac1645674db01d710832c9bde667df8cf6cf257202,2021-03,South Yorkshire Police,South Yorkshire Police,-1.451870,53.382010,On or near MANOR OAKS GARDENS,E01007885,Sheffield 075E,Investigation complete; no suspect identified
e13d01cb9f977b71f167c4ad8aa59d2e2bd30d7599f305ebdba5dd70fe39834a,2021-03,South Yorkshire Police,South Yorkshire Police,-1.044834,53.538227,On or near GUNHILLS LANE,E01007479,Doncaster 014A,Investigation complete; no suspect identified
84d522415e5c2a40b94abbda79fa2800a26c5b82280c1d269049fe42cd189432,2021-03,South Yorkshire Police,South Yorkshire Police,-1.408424,53.365641,On or near AUGHTON DRIVE,E01008008,Sheffield 045D,Unable to prosecute suspect
3f9526110a6aff908e32ead62cccb1e7426d8cefe6a33bc662764a62212fc77f,2021-03,South Yorkshire Police,South Yorkshire Police,-1.488613,53.336717,On or near STRELLEY AVENUE,E01007834,Sheffield 066D,Investigation complete; no suspect identified
88374f2f634cb6ffc837a37db9afcd55a46033e99dca5aa493bee946240dc790,2021-03,South Yorkshire Police,South Yorkshire Police,-1.476781,53.377115,On or near BOWDON STREET,E01008114,Sheffield 074A,Unable to prosecute suspect
926fb12684b1fa4f57e6ace462276852879287d030204770cc0be160debe24de,2021-03,South Yorkshire Police,South Yorkshire Police,-1.364502,53.436067,On or near HOPE STREET EXTENSION,E01007716,Rotherham 016B,Investigation complete; no suspect identified
6ec4518886c71dd251c13f42d4b634a558603ccae92bc0154ac61b63f22c8521,2021-03,South Yorkshire Police,South Yorkshire Police,-1.495463,53.351883,On or near Sports/Recreation Area,E01007929,Sheffield 055C,Unable to prosecute suspect
143d02ec044fae713cb93fdb96a489ef995a6242f7585153353d3029fc4c8fd3,2021-03,South Yorkshire Police,South Yorkshire Police,-1.443598,53.555173,On or near TUXFORD CRESCENT,E01007405,Barnsley 011D,Unable to prosecute suspect
e501a386aa5d05c087ec283361831d9b715cb49c9748c1e6c5d3f61e30a66a8f,2021-03,South Yorkshire Police,South Yorkshire Police,-1.192224,53.554162,On or near RIDGE ROAD,E01007507,Doncaster 009G,Suspect charged
4bd53690bc8a5e103a5f97f7ed17cd09421cafd6857ff63ff23cb7651f5be0ab,2021-03,South Yorkshire Police,South Yorkshire Police,-1.458479,53.403820,On or near BARNSLEY ROAD,E01007872,Sheffield 020B,Unable to prosecute suspect
1585431640ef5d5f68f7a17bdc374cabcb4ef91c1a2ad5bdbda1c83f50a19452,2021-03,South Yorkshire Police,South Yorkshire Police,-1.452694,53.547439,On or near OAKS CRESCENT,E01007322,Barnsley 015C,Unable to prosecute suspect
153de0e1048c16cc67669f74d45cd4bc95d01280eee418c5bd8525f6ac6f9f8e,2021-03,South Yorkshire Police,South Yorkshire Police,-1.525828,53.585521,On or near ORCHARD CROFT,E01007358,Barnsley 005B,Investigation complete; no suspect identified
8f3c1022ede2e882d095881e854a3d6d0a7dbfa4e93fff8267351a9e03753b68,2021-03,South Yorkshire Police,South Yorkshire Police,-1.310878,53.543399,On or near HALL FARM DRIVE,E01007375,Barnsley 014D,Unable to prosecute suspect
30253208f538a06780c088a378e93b8e0f1d7b5ce95a8ff59b3e6e399cc4d58a,2021-03,South Yorkshire Police,South Yorkshire Police,-1.100767,53.524117,On or near RALEIGH COURT,E01007568,Doncaster 018E,Investigation complete; no suspect identified
0a457a03a9385b18acaa691a6d8f07006b1d29b8cb5e9a62567b29a3f9a4efa8,2021-03,South Yorkshire Police,South Yorkshire Police,-1.487798,53.322062,On or near ATLANTIC DRIVE,E01007916,Sheffield 069B,Unable to prosecute suspect
6b58f685c82d562c5ff0e514ffa9b5311b4d318e30ce5669f7f678b05c1e78e0,2021-03,South Yorkshire Police,South Yorkshire Police,,,No location,,,Investigation complete; no suspect identified
1a1dd7c57f454648cfa5264d30abae2fbb46d089ff445173e23c80f98cf5c8dd,2021-03,South Yorkshire Police,South Yorkshire Police,-1.535859,53.433520,On or near FORGE HILL,E01008140,Sheffield 008E,Investigation complete; no suspect identified
b6c5a0f7b41065fdbfb5100ed009338fadfd7aa7499bc5204b917a9f1da6dc3c,2021-03,South Yorkshire Police,South Yorkshire Police,-1.520853,53.414720,On or near DYKEWOOD DRIVE,E01033275,Sheffield 008F,Investigation complete; no suspect identified
2967f1a3511454dc1d337c6cfe5e275407dccc9d88db92396d33567e78c881b3,2021-03,South Yorkshire Police,South Yorkshire Police,-1.499431,53.338902,On or near DALEWOOD AVENUE,E01007825,Sheffield 066B,Investigation complete; no suspect identified
1c7f5c5e0df42d07bf8b8db5d950afaabe3b8d6aa6e766349e733e57a446b4ac,2021-03,South Yorkshire Police,South Yorkshire Police,-1.487147,53.557623,On or near HOPWOOD STREET,E01007336,Barnsley 013A,Further action is not in the public interest
995cf9b22828dbe53c855ce8a06dd44fdf5325c6d14f2a5a6fbbe8c9feb01bf4,2021-03,South Yorkshire Police,South Yorkshire Police,-1.703110,53.509628,On or near WHAMS ROAD,E01007426,Barnsley 027D,Investigation complete; no suspect identified
a0adf4690679e508ba926eb9188ed25d4504d387c31548a6a68cd39c3392e817,2021-03,South Yorkshire Police,South Yorkshire Police,-1.151065,53.510201,On or near FLORENCE AVENUE,E01007535,Doncaster 023D,Investigation complete; no suspect identified
cafea59dbaa1d1b2aa1328b39b98a521260f162ebeebbdbf95720b165008e3d5,2021-03,South Yorkshire Police,South Yorkshire Police,-1.487147,53.557623,On or near HOPWOOD STREET,E01007336,Barnsley 013A,Unable to prosecute suspect
f3550f5622fe67587cd75accb018c9be27b42b1439f7a9a2cb8fcfc5ae9a8bda,2021-03,South Yorkshire Police,South Yorkshire Police,-1.153869,53.503399,On or near OLIVER ROAD,E01007495,Doncaster 028A,Investigation complete; no suspect identified
0ca2cc7d01be814027e4889617c27e43af7f9f4ee88c71b2c84f7b7329fdf344,2021-03,South Yorkshire Police,South Yorkshire Police,-1.254975,53.483559,On or near CATTERICK CLOSE,E01007543,Doncaster 032C,Unable to prosecute suspect
12916f04a8ce866bdb525f74727b5a2991bbff543afee7b7d977364693ca71d5,2021-03,South Yorkshire Police,South Yorkshire Police,,,No location,,,Further action is not in the public interest
90de90c4f636b32243d3152aa2696e2ee9dadf83d446d3fee32d596b790ba81d,2021-03,South Yorkshire Police,South Yorkshire Police,-0.956051,53.622734,On or near WILLOW GROVE,E01007635,Doncaster 001D,Investigation complete; no suspect identified
44d06469a486f5a4faa5fc87db07d549f86da90e5ee5efecd0337c093d2bcaf1,2021-03,South Yorkshire Police,South Yorkshire Police,-1.345882,53.444874,On or near Shopping Area,E01007784,Rotherham 008D,Suspect charged
81df09bb9af2e718b4d882d3ae621e901581a52110dac937549a6164136d4695,2021-03,South Yorkshire Police,South Yorkshire Police,-1.071903,53.552103,On or near Sports/Recreation Area,E01007477,Doncaster 011C,Action to be taken by another organisation
e4eaac920318cc959b957473181f86c87dcd1f1b55e91984167363cecac00a26,2021-03,South Yorkshire Police,South Yorkshire Police,-1.520853,53.414720,On or near DYKEWOOD DRIVE,E01033275,Sheffield 008F,Investigation complete; no suspect identified
fcebf001529e98ad32cc2048725c61f36dee0943fd6d37366622801eadab3a35,2021-03,South Yorkshire Police,South Yorkshire Police,-1.546459,53.366667,On or near CANTERBURY DRIVE,E01007958,Sheffield 041D,Investigation complete; no suspect identified
d6bfe6d8a0d0ec86ad720fb4be64ac92c40c11c881728b9944389aae3d4c0fa5,2021-03,South Yorkshire Police,South Yorkshire Police,-1.413559,53.364911,On or near NODDER ROAD,E01008009,Sheffield 045E,Investigation complete; no suspect identified
c05a8479a98014540dc16560cd53014fd34ad3b2575dc006b4ac6f4f251025e5,2021-03,South Yorkshire Police,South Yorkshire Police,-1.470378,53.379487,On or near PINSTONE STREET,E01033264,Sheffield 073D,Investigation complete; no suspect identified
87fb41da3ae929ffd1bdcf2ac925fd1d8342bae6d6413ae6a8545f1f36681bc1,2021-03,South Yorkshire Police,South Yorkshire Police,-1.189552,53.509911,On or near SPINNEY HILL,E01007619,Doncaster 021E,Unable to prosecute suspect
3e0c486aea83ca97e526e8b7ac51a5f487c724ae24fbb99ef3ce4b62fdc7439d,2021-03,South Yorkshire Police,South Yorkshire Police,-1.263303,53.398542,On or near WOODHOUSE GREEN,E01007810,Rotherham 026C,Investigation complete; no suspect identified
05c1aea4a75197360a7f6399e6a6a2181e6479faa21ce3b47030558835fb46c5,2021-03,South Yorkshire Police,South Yorkshire Police,-1.414543,53.343532,On or near BASEGREEN DRIVE,E01007843,Sheffield 062C,Investigation complete; no suspect identified
9ed7fa59163c6db90915d8f0cf020238a292c5d528772d04e033277f617d3317,2021-03,South Yorkshire Police,South Yorkshire Police,-1.484687,53.474271,On or near PACK HORSE LANE,E01007898,Sheffield 003D,Investigation complete; no suspect identified
8e3dc0c431e7cf6827fdb4d92cf04fa0212887206a04051d7a4042169f19f8f1,2021-03,South Yorkshire Police,South Yorkshire Police,-1.435183,53.461491,On or near FLANDERS COURT,E01007802,Rotherham 007C,Unable to prosecute suspect
a019cdb2b7525b32481bfd55bc86bc44031126ec9801af0f89b15b36e15e21b5,2021-03,South Yorkshire Police,South Yorkshire Police,-1.464413,53.382813,On or near FITZALAN SQUARE,E01033264,Sheffield 073D,Investigation complete; no suspect identified
7b6d76815c27e5e4caa066feaf2abc11b0682d902a89ffa5c5bf522b9e559a31,2021-03,South Yorkshire Police,South Yorkshire Police,-1.365619,53.405502,On or near DUNCAN STREET,E01007702,Rotherham 025B,Investigation complete; no suspect identified
5b059722d282659835a7d894ce301cfc71056683e4ac7cf02b11c42c43309449,2021-03,South Yorkshire Police,South Yorkshire Police,-1.413648,53.507211,On or near BROWNS SQUARE,E01007456,Barnsley 029D,Unable to prosecute suspect
fb2f55ee69cd6313f37ccbab0dcd5e8b10164983e7e31cd6a82cdeda3cfc0ded,2021-03,South Yorkshire Police,South Yorkshire Police,-1.443556,53.602092,On or near ROBIN HOOD AVENUE,E01007440,Barnsley 002D,Unable to prosecute suspect
ad853164b6180ff3811f8872fcd12454c7b7babb149e85df68a4a75246df6c02,2021-03,South Yorkshire Police,South Yorkshire Police,-1.445583,53.368345,On or near ST BENEDICTS COURT,E01008095,Sheffield 043A,Investigation complete; no suspect identified
a140723f3191cf433619e62e2a13b1b81778a36e6e0115ca3566be47142575c0,2021-03,South Yorkshire Police,South Yorkshire Police,-1.488174,53.357146,On or near ASHLAND ROAD,E01008042,Sheffield 050A,Investigation complete; no suspect identified
7ab9065107fec5657484f3da95ded1de77409932c66daa492ad93649e09cb42c,2021-03,South Yorkshire Police,South Yorkshire Police,-1.157164,53.571376,On or near DONCASTER ROAD,E01007511,Doncaster 010E,Investigation complete; no suspect identified
7221c3046d8541e73f3ae9246f3dda5f09c95b8bc1fa0e9e79a0f748b0c4ec34,2021-03,South Yorkshire Police,South Yorkshire Police,-1.590835,53.481369,On or near Supermarket,E01008144,Sheffield 001A,Suspect charged
a5ba8f70def648a8e4d449ff6a0be507370a8cba69081992d93b3170b502d60b,2021-03,South Yorkshire Police,South Yorkshire Police,-1.408367,53.354566,On or near WADSWORTH ROAD,E01008001,Sheffield 052B,Investigation complete; no suspect identified
23156798ee9aa1f94d10de6a589da1b56d1bfa2f45d668d76eef8255230699ef,2021-03,South Yorkshire Police,South Yorkshire Police,-1.590835,53.481369,On or near Supermarket,E01008144,Sheffield 001A,Suspect charged
e913bb45003a848ad329f31f435eb3233e3d683013326fac49a0eb02eb1d5f14,2021-03,South Yorkshire Police,South Yorkshire Police,-1.389725,53.450076,On or near ROUGHWOOD ROAD,E01007730,Rotherham 009C,Investigation complete; no suspect identified
e4f0a64621e0f172c40994f74e782f41a5bc857d80214b99a48dfb0505036741,2021-03,South Yorkshire Police,South Yorkshire Police,-1.054509,53.643713,On or near STARKBRIDGE LANE,E01007625,Doncaster 004A,Investigation complete; no suspect identified
1f0b076eb8ea773327ac96dbe9583f837b53245a0a085d94181164e02472413b,2021-03,South Yorkshire Police,South Yorkshire Police,-1.285404,53.428626,On or near FLEMING GARDENS,E01007726,Rotherham 019F,Unable to prosecute suspect
01793f9913bf42bffdf05290811009c51c2411ee0b391083a22b980a2ffe04a1,2021-03,South Yorkshire Police,South Yorkshire Police,-1.532557,53.405265,On or near AUCKLAND AVENUE,E01008130,Sheffield 023B,Investigation complete; no suspect identified
62314dafb77ac76414514ee31f198d5b1ce5b9bff30dc3e73bd63a759310a080,2021-03,South Yorkshire Police,South Yorkshire Police,-1.541084,53.434781,On or near CHURCH CLOSE,E01008126,Sheffield 008A,Investigation complete; no suspect identified
4286bc68596300196169cc35a632ed3837e38cbd9815f9a8cb3af7ebb7402b70,2021-03,South Yorkshire Police,South Yorkshire Police,-1.545958,53.432202,On or near HOLLIN ROAD,E01008126,Sheffield 008A,Investigation complete; no suspect identified
158576db5ffc9166b2e1a586a8d3d440959d4688b5aef6fa7616dbc20a8adf04,2021-03,South Yorkshire Police,South Yorkshire Police,-1.276319,53.498297,On or near MORTON ROAD,E01007575,Doncaster 030A,Investigation complete; no suspect identified
720fe5a710cc2a56bd2f877d2034d7271ba467a8b005d6c39c42abf10f9bfe22,2021-03,South Yorkshire Police,South Yorkshire Police,-1.411764,53.363185,On or near WOODTHORPE ROAD,E01008009,Sheffield 045E,Investigation complete; no suspect identified
8bc887ac25845b0445b132cfec77e4e71362e4a61cc6c66c678b193976276865,2021-03,South Yorkshire Police,South Yorkshire Police,-1.460031,53.413139,On or near LONGLEY HALL ROAD,E01007947,Sheffield 013C,Unable to prosecute suspect
82198ee43003040322999057b357cfea55d4da89980b1520e95405ca9f3ab820,2021-03,South Yorkshire Police,South Yorkshire Police,-1.316181,53.435216,On or near BECKWITH ROAD,E01007737,Rotherham 013C,Investigation complete; no suspect identified
e9f13d969cd7200423a3d517a9831f89b1753e731e534c2e8ac68d2bca654ce3,2021-03,South Yorkshire Police,South Yorkshire Police,-1.476304,53.342416,On or near HELMTON ROAD,E01007832,Sheffield 059D,Investigation complete; no suspect identified
f3d0297bb26cb2c095f79026f649c46f615c02c5d1e4ebda0e245e1ec28ac927,2021-03,South Yorkshire Police,South Yorkshire Police,-1.102471,53.516300,On or near Supermarket,E01007526,Doncaster 025D,Investigation complete; no suspect identified
dc8ec5360b52c6cd4cab752d6053d0a8077ba8b195655bf885ae413941a42628,2021-03,South Yorkshire Police,South Yorkshire Police,-1.472239,53.422308,On or near ADRIAN CRESCENT,E01008123,Sheffield 015E,Investigation complete; no suspect identified
10aaadf739f19113353682415b2e1dabbdf62d793012588eeff8bbb260b52d85,2021-03,South Yorkshire Police,South Yorkshire Police,-1.355375,53.427424,On or near GROVE ROAD,E01007714,Rotherham 017B,Investigation complete; no suspect identified
b27c09092ef982c6aba4c37d08e843df94405ad03d1ab2e682ea093dcdbb38b8,2021-03,South Yorkshire Police,South Yorkshire Police,-1.482838,53.411945,On or near TEYNHAM ROAD,E01008094,Sheffield 019D,Further action is not in the public interest
cc54ba658656a6c992587f6091c61ed7c7f0a878e01614c698ef485d432c5319,2021-03,South Yorkshire Police,South Yorkshire Police,-0.959304,53.620173,On or near ALEXANDRA STREET,E01007636,Doncaster 003A,Offender given a caution
2f26329d5b36f6af9593824729788c17bf287882b6f9c7aa3f56456817ad8a85,2021-03,South Yorkshire Police,South Yorkshire Police,-1.504964,53.440794,On or near STEPHEN DRIVE,E01008141,Sheffield 005E,Investigation complete; no suspect identified
2eaece47e69f8e317e9f1b72ad49dbe3de93d59224206c76d09eb61f3e20f011,2021-03,South Yorkshire Police,South Yorkshire Police,-1.477183,53.584644,On or near BEESTON SQUARE,E01007325,Barnsley 007C,Unable to prosecute suspect
225d6ba48d2a4ae00cad7b50c43c159b91e06ff5edfa2630e4900b42bcc4e724,2021-03,South Yorkshire Police,South Yorkshire Police,-1.373622,53.359369,On or near Supermarket,E01007970,Sheffield 049D,Investigation complete; no suspect identified
3a482fb96103a9ed1e1ea69ebd85ec6905861a681bf345ef840945b4768d9a09,2021-03,South Yorkshire Police,South Yorkshire Police,-1.330891,53.362095,On or near WEST PARK DRIVE,E01007665,Rotherham 027A,Unable to prosecute suspect
db70c40dd5dceb049c7a618aad065789b1e0c71f666c92db40c0b5cfc6376f23,2021-03,South Yorkshire Police,South Yorkshire Police,-1.375589,53.534065,On or near GARDEN STREET,E01007352,Barnsley 020E,Investigation complete; no suspect identified
c6e91266d340ee30b22fe50e5971149136845bcfcf38d6b38f7cde62c35d5ea0,2021-03,South Yorkshire Police,South Yorkshire Police,-1.464437,53.430084,On or near COLLEY ROAD,E01033277,Sheffield 011E,Investigation complete; no suspect identified
2cfdd7442200b6af18e91e2765942c302455006ac446d8616da47be2bcde834f,2021-03,South Yorkshire Police,South Yorkshire Police,-1.495766,53.428000,On or near WILCOX ROAD,E01008086,Sheffield 009B,Investigation complete; no suspect identified
e82fea8ab9d1b6ab2dea494deff97b8cf4ea329483e4a708b4bf60b3722f2152,2021-03,South Yorkshire Police,South Yorkshire Police,-1.359865,53.418046,On or near CASTLE AVENUE,E01007677,Rotherham 017A,Unable to prosecute suspect
ef7f42c752478a4ac28017860d7369423dadf19dd74f561041d67f8aa0158840,2021-03,South Yorkshire Police,South Yorkshire Police,-1.205832,53.376196,On or near JESOP COURT,E01007788,Rotherham 028B,Unable to prosecute suspect
16c122c7ba05b2544b0c539cb5ef570aa84d7d7d3754d2fb34de90d6949fa237,2021-03,South Yorkshire Police,South Yorkshire Police,-1.376056,53.435435,On or near HENLEY RISE,E01007717,Rotherham 016C,Investigation complete; no suspect identified
f23f31d8ce4bdb8a73e1cc69cfae83fef124d64e58bac624687ef87720137b26,2021-03,South Yorkshire Police,South Yorkshire Police,-1.520608,53.538158,On or near STAINBOROUGH ROAD,E01007385,Barnsley 019D,Investigation complete; no suspect identified
187e9aa6913e6abc121f5b48a9272314557383f7951acf59489ce4e4c80faed4,2021-03,South Yorkshire Police,South Yorkshire Police,-1.343586,53.506847,On or near TOLSON WALK,E01007693,Rotherham 001A,Unable to prosecute suspect
cb15b6f20a89ecbbb903ea1bd413b4332337b0908cb993f6adecc0d168baa40f,2021-03,South Yorkshire Police,South Yorkshire Police,-1.530967,53.392531,On or near DEER PARK CLOSE,E01007998,Sheffield 025B,Unable to prosecute suspect
0f7355227f8fe9686b3c618d60ac12f73cc16acb5a09591855d3e9865996f0ca,2021-03,South Yorkshire Police,South Yorkshire Police,-1.310447,53.524431,On or near KENNEDY DRIVE,E01007365,Barnsley 025B,Investigation complete; no suspect identified
1dc70066d55be705e9a73c1fd1613cd524858132c1fe70de9dad632fb286e100,2021-03,South Yorkshire Police,South Yorkshire Police,-1.449674,53.601113,On or near STRAWBERRY GARDENS,E01007434,Barnsley 001A,Investigation complete; no suspect identified
c2a9f931872df84b05f72ef854ced2efc983d6402c01af81f71519aca7a9e375,2021-03,South Yorkshire Police,South Yorkshire Police,-1.459404,53.390188,On or near SPITAL HILL,E01033270,Sheffield 022H,Investigation complete; no suspect identified
f66efcd301b7031917d4f6e732d820ceac1804ca59ad1799f3dfb29ec28dd4aa,2021-03,South Yorkshire Police,South Yorkshire Police,-1.149105,53.536551,On or near HASLEMERE GROVE,E01007513,Doncaster 012B,Investigation complete; no suspect identified
878b35228fe0565f97589e60a51a07ffffa2f7459bfe064f81e639b013bbd382,2021-03,South Yorkshire Police,South Yorkshire Police,-1.154447,53.514540,On or near NICHOLSON ROAD,E01007531,Doncaster 022C,Investigation complete; no suspect identified
79863293ae08a635103db214bfde98039c5f31bda8a087004f0e591f2e058c59,2021-03,South Yorkshire Police,South Yorkshire Police,-1.416432,53.425221,On or near BLACKBURN ROAD,E01007852,Sheffield 014C,Investigation complete; no suspect identified
67fd5c2d31ca6f567c4824b677811ec791529a9b17bd9dfb408aee1879191fd8,2021-03,South Yorkshire Police,South Yorkshire Police,-1.343875,53.493069,On or near MOUNT PLEASANT ROAD,E01007819,Rotherham 002C,Investigation complete; no suspect identified
2283fed60e1b1859175b2e265f203fc5296459610fa54d4a6d8027f5ed0c670e,2021-03,South Yorkshire Police,South Yorkshire Police,-1.528255,53.356242,On or near BENTS GREEN PLACE,E01007939,Sheffield 055F,Investigation complete; no suspect identified
1653de23e596abe20276d94397b4e5c23f174ee9446c5c83bfad101dbeea9ae8,2021-03,South Yorkshire Police,South Yorkshire Police,-1.444979,53.339668,On or near LANDSEER DRIVE,E01008077,Sheffield 060D,Investigation complete; no suspect identified
40ee20daf734ed814f99638a65e062cf90bd04351191d1746ffedb44aaca49c3,2021-03,South Yorkshire Police,South Yorkshire Police,-1.477720,53.321155,On or near LOWEDGES DRIVE,E01008083,Sheffield 070C,Further action is not in the public interest
6118988f97c6d5452fdb6506e49c6a9621dfb63e725ba5bf5e952709b472b979,2021-03,South Yorkshire Police,South Yorkshire Police,-1.125274,53.525817,On or near ST VINCENT ROAD,E01007648,Doncaster 019D,Unable to prosecute suspect
1597f8f59263ec79a124a02f23d4412422211c239c903bf516ea01a90b88c1a5,2021-03,South Yorkshire Police,South Yorkshire Police,-1.129168,53.521307,On or near Theatre/Concert Hall,E01007645,Doncaster 022E,Investigation complete; no suspect identified
fbf3c94313f06bf0ca1f59f45142981c085e63b09e684d802a2b37cf6916bd9f,2021-03,South Yorkshire Police,South Yorkshire Police,-1.470044,53.321553,On or near BATEMOOR DRIVE,E01008084,Sheffield 070D,Unable to prosecute suspect
bbd34a9c27dd1e5fbef2860d9bdf9d1f5bdf9370b661f0a78e9c3e231b83959d,2021-03,South Yorkshire Police,South Yorkshire Police,-1.102926,53.531890,On or near MALTON ROAD,E01007565,Doncaster 018B,Investigation complete; no suspect identified
0799094bca51a57228ea802e5eac76bae9c54a8acf06fb9f0f2d23f9b70984ec,2021-03,South Yorkshire Police,South Yorkshire Police,-1.031423,53.462685,On or near Parking Area,E01007609,Doncaster 038B,Investigation complete; no suspect identified
4bc6d13fe358df6068435185423e35318148bd735533648dcd79f808f79c9000,2021-03,South Yorkshire Police,South Yorkshire Police,-1.131941,53.519960,On or near Parking Area,E01007645,Doncaster 022E,Suspect charged
0460dd7319f9a2714c0c5565e47565286631003c1a69e5adbfcc62c0ed8c1ff9,2021-03,South Yorkshire Police,South Yorkshire Police,-1.464015,53.385831,On or near LADY'S BRIDGE,E01033270,Sheffield 022H,Unable to prosecute suspect
3003d9cd0714f70f6047d29752c5407a5b46848340beb42998fd5487c927141d,2021-03,South Yorkshire Police,South Yorkshire Police,-1.474769,53.580814,On or near ARNOLD AVENUE,E01007324,Barnsley 007B,Suspect charged
3003d9cd0714f70f6047d29752c5407a5b46848340beb42998fd5487c927141d,2021-03,South Yorkshire Police,South Yorkshire Police,-1.474769,53.580814,On or near ARNOLD AVENUE,E01007324,Barnsley 007B,Suspect charged
4ed9dcb04cc2ed8970515e96db46ba80854c99ea212dc9699f081b69ed8075a6,2021-03,South Yorkshire Police,South Yorkshire Police,-1.533570,53.432217,On or near LANGSETT ROAD SOUTH,E01008140,Sheffield 008E,Investigation complete; no suspect identified
f267e9260b84dcded62b3958988ad408f0e29c0bb55b6583d1f08dc1bec5bcca,2021-03,South Yorkshire Police,South Yorkshire Police,-1.348616,53.552500,On or near Supermarket,E01007354,Barnsley 020G,Investigation complete; no suspect identified
85cd832da5ff0b632d8810e4ebfc01668d9738527ebeb5fc8bfd4b0d74f6bb9c,2021-03,South Yorkshire Police,South Yorkshire Police,-1.404855,53.563336,On or near HOLLINS WOOD GROVE,E01007347,Barnsley 008D,Unable to prosecute suspect
7df350f7a3da5ecfbf2388ae86b5fe5234d166efbcaa7ebaa4307c33d5190311,2021-03,South Yorkshire Police,South Yorkshire Police,-1.459447,53.381999,On or near ANSON STREET,E01033268,Sheffield 075G,Investigation complete; no suspect identified
e38511a31d99dacdba594590b1c0a85f82fb655435490f8e883c90c9f7685aff,2021-03,South Yorkshire Police,South Yorkshire Police,-1.213061,53.421098,On or near ST PHILLIP'S CLOSE,E01007762,Rotherham 018F,Suspect charged
fa4250b5a716b5a57d67020a9486990fc9847a7e178fde450708ee3a2b8f7eed,2021-03,South Yorkshire Police,South Yorkshire Police,-1.432282,53.383114,On or near PARKWAY CLOSE,E01008015,Sheffield 039D,Investigation complete; no suspect identified
4251016268a856a356a0d561fdc913b21603624818b9db280e03bdda1cda198d,2021-03,South Yorkshire Police,South Yorkshire Police,-1.131941,53.519960,On or near Parking Area,E01007645,Doncaster 022E,Suspect charged
a03de849591cbd9524747f48c877bce174d04d6aa8c8a9cd7bdb9753627e93d4,2021-03,South Yorkshire Police,South Yorkshire Police,-1.193151,53.423581,On or near STONE PARK CLOSE,E01007759,Rotherham 020C,Unable to prosecute suspect
4b1723f82aaa255473b27ade95a2a7c04d01077e08b120c7698b21c8f2fdd0a1,2021-03,South Yorkshire Police,South Yorkshire Police,-1.412647,53.397347,On or near DANNEMORA DRIVE,E01007904,Sheffield 018B,Investigation complete; no suspect identified
bd9d93d865bd602536974222baf06a7301a00d0257ea20aaf9dc6c2bde792bac,2021-03,South Yorkshire Police,South Yorkshire Police,-1.048111,53.537435,On or near CLEVELAND ROAD,E01007484,Doncaster 017B,Investigation complete; no suspect identified
c22f38874e8f89773f21588c3c6f9dea2340968f3a91934f9c2d7fbdceb6cb26,2021-03,South Yorkshire Police,South Yorkshire Police,-1.255002,53.484602,On or near TADCASTER CLOSE,E01007543,Doncaster 032C,Investigation complete; no suspect identified
ef48844ce6cfa87fb16a27ca7be1b3c6a9b47f9bd9700cb8d041dcd92e181229,2021-03,South Yorkshire Police,South Yorkshire Police,-1.267482,53.501955,On or near ULLSWATER ROAD,E01007580,Doncaster 030D,Further action is not in the public interest
8f1dc77739316ee434f7e5812ce97012cfdf05cd65489292fc02dffd3114df18,2021-03,South Yorkshire Police,South Yorkshire Police,-1.474455,53.366992,On or near ST BARNABAS ROAD,E01008109,Sheffield 042B,Investigation complete; no suspect identified
15e11f194f203a907df19349069bfbbbeddc8b30d3b2b81760e894f512a34cb1,2021-03,South Yorkshire Police,South Yorkshire Police,-1.484267,53.549917,On or near GEORGE SQUARE,E01007340,Barnsley 013B,Suspect charged
1c7bd7ee3b40980548bd0e3bcd78c33b730ad3aa7fcae73083e733d2017c86ba,2021-03,South Yorkshire Police,South Yorkshire Police,-1.484267,53.549917,On or near GEORGE SQUARE,E01007340,Barnsley 013B,Suspect charged
2cca7f029af063a5fa463ba8e8d6784486a10d290110280087593be4f16dee82,2021-03,South Yorkshire Police,South Yorkshire Police,-1.114282,53.507534,On or near Shopping Area,E01007644,Doncaster 019A,Investigation complete; no suspect identified
005f47549517682552bdddad4c73b61f8258151ef561744d955f754be7e3eae2,2021-03,South Yorkshire Police,South Yorkshire Police,-1.301029,53.496341,On or near OAK CLOSE,E01007574,Doncaster 031D,Local resolution
a8098b03d6417438264019ea15c5bccde47298d757d085f45e6956675e186595,2021-03,South Yorkshire Police,South Yorkshire Police,-1.450583,53.407307,On or near SKINNERTHORPE ROAD,E01007877,Sheffield 022D,Investigation complete; no suspect identified
69847a82d7612a2c783f1bffb74ad50d992d272c273cad3952d808e84bb1f741,2021-03,South Yorkshire Police,South Yorkshire Police,-1.484267,53.549917,On or near GEORGE SQUARE,E01007340,Barnsley 013B,Suspect charged
347a2d3fb5931bfd21d5e890a40a78bf9b140a0db3fcecac551350c4a7440222,2021-03,South Yorkshire Police,South Yorkshire Police,-1.006111,53.441668,On or near PILGRIM RISE,E01007609,Doncaster 038B,Further action is not in the public interest
24d9ef83fa05fde5aeed6ee0f17ae72f4c22686d67df3918a3757b15a2231bf5,2021-03,South Yorkshire Police,South Yorkshire Police,-1.480692,53.547295,On or near PROVIDENCE COURT,E01007338,Barnsley 017A,Unable to prosecute suspect
53f742b5a57774174f6cb5d4225e0f854847528fafe1532e516ab6b2453962a6,2021-03,South Yorkshire Police,South Yorkshire Police,-1.480692,53.547295,On or near PROVIDENCE COURT,E01007338,Barnsley 017A,Unable to prosecute suspect
cf22e3c95fa5e699a2f3ec0fa37458eab3ee67822d06f2068bee53b7b96511b5,2021-03,South Yorkshire Police,South Yorkshire Police,-1.171502,53.499900,On or near Petrol Station,E01007501,Doncaster 029E,Investigation complete; no suspect identified
d06c307a6c40762fb5f55a27a8b75a7f721f6a0a0f7bd5074bceb7fd25e704d8,2021-03,South Yorkshire Police,South Yorkshire Police,-1.481454,53.389621,On or near MONTGOMERY TERRACE ROAD,E01033263,Sheffield 073C,Suspect charged
40e503232df5958fd47ac57a162c4c69fb69b41376fbbd15aa33da1f7f504f32,2021-03,South Yorkshire Police,South Yorkshire Police,-1.480692,53.547295,On or near PROVIDENCE COURT,E01007338,Barnsley 017A,Unable to prosecute suspect
96b5c082a2b0cc28970d1cf5c76093e721343772684a1e684bda249aea837bbd,2021-03,South Yorkshire Police,South Yorkshire Police,-1.012107,53.582230,On or near Petrol Station,E01007554,Doncaster 006A,Investigation complete; no suspect identified
1f127fe9daa59fd3b722aeec349b3536f700b48ea97874a4ca62890195349d2b,2021-03,South Yorkshire Police,South Yorkshire Police,-1.343203,53.504346,On or near MOOR ROAD,E01007820,Rotherham 002D,Unable to prosecute suspect
5c3c7ad8a0ba6547fa2c0f2d7a4d5127cf9e09037a81feae9a8d04d8ff992625,2021-03,South Yorkshire Police,South Yorkshire Police,-1.145812,53.509714,On or near BALBY ROAD,E01007534,Doncaster 028D,Suspect charged
a502b473c62dbbd56312b8b0e1e54a6c018f7f0f3f874f8fde2eb4b6651f0b52,2021-03,South Yorkshire Police,South Yorkshire Police,-1.501685,53.341365,On or near Park/Open Space,E01007932,Sheffield 055E,Investigation complete; no suspect identified
ad697a3cf2d86863a945cfa7fb646689b46f0df2540a99ba96a877a1c65c2fa6,2021-03,South Yorkshire Police,South Yorkshire Police,-1.445772,53.582840,On or near FISH DAM LANE,E01007437,Barnsley 002C,Unable to prosecute suspect
9b40e64da6af29a2075b154a7ca675270dbbf90eb7e7fa491af298b4e843ccc5,2021-03,South Yorkshire Police,South Yorkshire Police,-1.501685,53.341365,On or near Park/Open Space,E01007932,Sheffield 055E,Investigation complete; no suspect identified
53e2b8996460edcad6ab047decb0e53ef3b6a779a0a738df5ef7799b4ecb3142,2021-03,South Yorkshire Police,South Yorkshire Police,-1.324083,53.514918,On or near DEARNE ROAD,E01007368,Barnsley 025E,Unable to prosecute suspect
4b81d1f9eefc693afd3d9218017323d0fbc228847413444a6b413164112a0f9d,2021-03,South Yorkshire Police,South Yorkshire Police,-0.958738,53.622910,On or near WILLOW AVENUE,E01007635,Doncaster 001D,Investigation complete; no suspect identified
1ed6fbb60ca42750dfd2e6912089975e5be1d9c797240bb77f2445dbea3dd2d9,2021-03,South Yorkshire Police,South Yorkshire Police,-1.267482,53.501955,On or near ULLSWATER ROAD,E01007580,Doncaster 030D,Further action is not in the public interest
3f6255b5a79b277b20f2b0dfe2ee2e1ecd0c8a0bb2289c20ff99b5f73dc8328f,2021-03,South Yorkshire Police,South Yorkshire Police,,,No location,,,Investigation complete; no suspect identified
4dfa4a0852cbb2d3ffe88e54659157b9d207b3f213b994a837a0ef0c752dd7eb,2021-03,South Yorkshire Police,South Yorkshire Police,-1.479718,53.578741,On or near WAKEFIELD ROAD,E01007324,Barnsley 007B,Investigation complete; no suspect identified
50491620a2f0c105f45c04ee209feb800a3537da51692b15370492c3456414ad,2021-03,South Yorkshire Police,South Yorkshire Police,-1.437933,53.565725,On or near PRIORY PLACE,E01007402,Barnsley 011B,Local resolution
3fed73de68b1d3d32f45306fd704ff2ef7b285c754f3e7ddf943b4a53c634612,2021-03,South Yorkshire Police,South Yorkshire Police,-1.342824,53.419608,On or near GUEST ROAD,E01007679,Rotherham 023C,Unable to prosecute suspect
215fe3adc0de5c03cc3875eecd0dd4577cf2254f9097db1445192b2b32f2e865,2021-03,South Yorkshire Police,South Yorkshire Police,,,No location,,,Local resolution
ea2c3fd3d2ab1c20ff69bcd604274a6a50d63f7c85260deeca06eb4670b2face,2021-03,South Yorkshire Police,South Yorkshire Police,-1.340082,53.419790,On or near NORREL'S CROFT,E01007675,Rotherham 023A,Unable to prosecute suspect
a806ada9cd10f28e8466ef3dba9257ba84969b0c6ca02264cfd2a8009dd9bfce,2021-03,South Yorkshire Police,South Yorkshire Police,-1.506195,53.361807,On or near BRINCLIFFE HILL,E01008050,Sheffield 046E,Unable to prosecute suspect
5c50d6d4b643d286154db97b198f4580bd05462c209f41a7d1fc0e4be553f597,2021-03,South Yorkshire Police,South Yorkshire Police,-1.437868,53.562714,On or near HAROLD AVENUE,E01007402,Barnsley 011B,Unable to prosecute suspect
bee0ccef6a4ce7d1af0e0570505246a579081a294904edc23711d8da645dc729,2021-03,South Yorkshire Police,South Yorkshire Police,-1.341431,53.456157,On or near GOOSEBUTT STREET,E01007783,Rotherham 008C,Local resolution
0bedc93f0cc7b4c2086261e2c1731ad0e54861a4fd721ebc39c4f2e94d03800b,2021-03,South Yorkshire Police,South Yorkshire Police,-1.438859,53.375666,On or near SOUTHEND ROAD,E01007881,Sheffield 075C,Investigation complete; no suspect identified
f70bc7abf32d01c771ff0394c4fd4c143a42aae7f8aeaa75dc3a19b42101b87a,2021-03,South Yorkshire Police,South Yorkshire Police,-1.458238,53.383720,On or near Parking Area,E01033268,Sheffield 075G,Investigation complete; no suspect identified
307f412c45981738764c4698c1a8f6f05375120585b89f263e6ba778bb244248,2021-03,South Yorkshire Police,South Yorkshire Police,-1.153173,53.503556,On or near REGENT STREET,E01007498,Doncaster 029C,Offender given a caution
d18a7ae927986eb71a43ab1276acdf3ab76b7f706a02e1ac5b06251edb93bc45,2021-03,South Yorkshire Police,South Yorkshire Police,-1.263303,53.398542,On or near WOODHOUSE GREEN,E01007810,Rotherham 026C,Investigation complete; no suspect identified
475f1c37044ea5be77567d4bcaa5b4fb402a91c2e273142920a94f0e426d4cf2,2021-03,South Yorkshire Police,South Yorkshire Police,-1.330242,53.424527,On or near MARLOWE DRIVE,E01007708,Rotherham 021A,Investigation complete; no suspect identified
5420e5ed8592423fe03f8a361281d909d84e9ba21df5d8510295430ff46a7689,2021-03,South Yorkshire Police,South Yorkshire Police,-1.414812,53.392989,On or near JUBILEE ROAD,E01007904,Sheffield 018B,Unable to prosecute suspect
5420e5ed8592423fe03f8a361281d909d84e9ba21df5d8510295430ff46a7689,2021-03,South Yorkshire Police,South Yorkshire Police,-1.414812,53.392989,On or near JUBILEE ROAD,E01007904,Sheffield 018B,Unable to prosecute suspect
6742b3fedab234018946d25ac848c597ef6379af71677b79449226f1a9177f1f,2021-03,South Yorkshire Police,South Yorkshire Police,-1.497043,53.440967,On or near Sports/Recreation Area,E01008134,Sheffield 005B,Unable to prosecute suspect
e9ec2bb32f9edfdd101583cb5bed53cf03065887fa1fb99f90563131020bbd1f,2021-03,South Yorkshire Police,South Yorkshire Police,-1.481814,53.586435,On or near FOUNTAIN COURT,E01007323,Barnsley 007A,Unable to prosecute suspect
64a05e26eb2a38e2445fa57a602ffa392d059d29a9ca4aee31d2773d1e5ef09f,2021-03,South Yorkshire Police,South Yorkshire Police,-1.437386,53.359704,On or near Supermarket,E01008102,Sheffield 048C,Investigation complete; no suspect identified
114fc05b1ac57e2cdb21e6eece8dcfc2dd7e752bf8df128ed10d913c193752ea,2021-03,South Yorkshire Police,South Yorkshire Police,-1.072478,53.540314,On or near BASIL AVENUE,E01007478,Doncaster 011D,Local resolution
2ea3cc72e8ecb2fa96e94c619bd3167112b15b8847cfae061215abd6f34ab4ba,2021-03,South Yorkshire Police,South Yorkshire Police,-1.487384,53.431695,On or near MANSEL AVENUE,E01008116,Sheffield 009C,Unable to prosecute suspect
ed8069b7b939661ebd2944fdf3a2c6f62ccc155abfc392dd712ae9629630e366,2021-03,South Yorkshire Police,South Yorkshire Police,-1.182728,53.496274,On or near WRIGHTSON AVENUE,E01007546,Doncaster 033A,Local resolution
ab6d5664ec2574dd60ff7acffb815bfd71e945b005857faece5bbc082bb9de9b,2021-03,South Yorkshire Police,South Yorkshire Police,-1.406230,53.362421,On or near FISHPONDS VIEW,E01008008,Sheffield 045D,Investigation complete; no suspect identified
713586cf9c27f2eec36e7ab968ba49221ad25005039210a77b1b5532b048cfd5,2021-03,South Yorkshire Police,South Yorkshire Police,-1.180610,53.585768,On or near BORROWDALE CLOSE,E01007472,Doncaster 005D,Unable to prosecute suspect
93c0bea1776cba94fae86130d127e4f9d4e01fb4ff6f5474ff305bde468f71f5,2021-03,South Yorkshire Police,South Yorkshire Police,-1.113232,53.506556,On or near Shopping Area,E01007644,Doncaster 019A,Investigation complete; no suspect identified
f7d6ecaf279297bbff5e31a043b62dfe48b646e1a6023938d69da75d373b644d,2021-03,South Yorkshire Police,South Yorkshire Police,-1.544036,53.433201,On or near NAYLOR ROAD,E01008140,Sheffield 008E,Unable to prosecute suspect
cc8ffe5e500be54c2b64ed99587c7154dc22f32ae6abc2d94bf4e21c02c0e600,2021-03,South Yorkshire Police,South Yorkshire Police,-1.356714,53.429436,On or near SHIP HILL,E01007714,Rotherham 017B,Offender given penalty notice
d25157574d0ce13d8d1ebe33455dd9bc72a754c66bfef30384fdb6d10e8c0d52,2021-03,South Yorkshire Police,South Yorkshire Police,-1.458238,53.383720,On or near Parking Area,E01033268,Sheffield 075G,Investigation complete; no suspect identified
5e437857e0e2b6e80e7eab61b650ccaac446b8a5ee542ab8cc3bcd8a71b29807,2021-03,South Yorkshire Police,South Yorkshire Police,-1.515484,53.378824,On or near TAPTON BANK,E01007951,Sheffield 029A,Investigation complete; no suspect identified
cd509b299d8be37be732aed451b15950043175067f6bf436cc9a35ffc7d9240b,2021-03,South Yorkshire Police,South Yorkshire Police,-1.633619,53.526450,On or near STOTTERCLIFFE ROAD,E01007428,Barnsley 024B,Investigation complete; no suspect identified
9cd4d59233cd5dec047e6b91f056e39ad1db4db5bf3970d496146f36bf19f2dc,2021-03,South Yorkshire Police,South Yorkshire Police,-1.319417,53.443710,On or near Supermarket,E01007737,Rotherham 013C,Unable to prosecute suspect
662448462220a394fcf0532fb6d0caf064064bfc3c52e0a2f14939726b86ff37,2021-03,South Yorkshire Police,South Yorkshire Police,-1.341891,53.425472,On or near BOSWELL STREET,E01007767,Rotherham 017C,Investigation complete; no suspect identified
9dfec9d995e8bbccb4a9a9c65ca9a7d2025232c73bbd71a34c710c85c0e96e76,2021-03,South Yorkshire Police,South Yorkshire Police,-1.482425,53.331863,On or near CHANCET WOOD DRIVE,E01007823,Sheffield 069A,Investigation complete; no suspect identified
a09e4731897c9d6635b349759469fafd0e040abf4ba7d6c6a7f65f1205e19f01,2021-03,South Yorkshire Police,South Yorkshire Police,-1.469062,53.601057,On or near LINBURN CLOSE,E01007439,Barnsley 001D,Investigation complete; no suspect identified
3bf9e5685b678ee457620facaec0d0240f565afb1af525ae81fe621b7b0918d1,2021-03,South Yorkshire Police,South Yorkshire Police,-1.229850,53.423823,On or near Police Station,E01007761,Rotherham 018E,Investigation complete; no suspect identified
494b9e15264fb371a34d6c5ecd0fdca7fb05e4f23a4ad6035ad44e081b738abe,2021-03,South Yorkshire Police,South Yorkshire Police,,,No location,,,Unable to prosecute suspect
9067bb8f7ca23386c72789d0d25d07f71bde23386f2f20258c7e3f4f44345984,2021-03,South Yorkshire Police,South Yorkshire Police,-1.193499,53.421084,On or near HAMILTON ROAD,E01007760,Rotherham 020D,Investigation complete; no suspect identified
6eb49c06231f40284f079a5aeb84da759a81fda2bdc0df9ad12d2508e0343400,2021-03,South Yorkshire Police,South Yorkshire Police,-1.633619,53.526450,On or near STOTTERCLIFFE ROAD,E01007428,Barnsley 024B,Investigation complete; no suspect identified
7d109948ca7dd18541224f06d5d701a66a033d3bdf2d69276c08e2fc390a7538,2021-03,South Yorkshire Police,South Yorkshire Police,,,No location,,,Investigation complete; no suspect identified
51a3954347f95dfee12c6006093b84fd646eaeed5d8d8b3a0f2f8171b6ba135a,2021-03,South Yorkshire Police,South Yorkshire Police,-1.193499,53.421084,On or near HAMILTON ROAD,E01007760,Rotherham 020D,Investigation complete; no suspect identified
cf70593b16b231983eda582ea04a7b2b2c162330a5a79841a4ecfe202351758f,2021-03,South Yorkshire Police,South Yorkshire Police,-0.943958,53.628695,On or near SILKSTONE OVAL,E01007634,Doncaster 001C,Unable to prosecute suspect
0d877202e61d26b2db5df0f53c644c448d7aeb44e4a668c72ba673866bedf25f,2021-03,South Yorkshire Police,South Yorkshire Police,-1.444213,53.437866,On or near ECCLESFIELD ROAD,E01008055,Sheffield 007C,Investigation complete; no suspect identified
bc5128280f777a48c867f5eb4010d7dfc67522dfe9eef3c20ba59eefff287fde,2021-03,South Yorkshire Police,South Yorkshire Police,-1.101458,53.542791,On or near Shopping Area,E01007652,Doncaster 015D,Investigation complete; no suspect identified
96099a328215427a6d92fc2b4a5dd6c363a80421227fd251a00053eb68b5169f,2021-03,South Yorkshire Police,South Yorkshire Police,-1.406470,53.384103,On or near ROSS STREET,E01007907,Sheffield 032A,Unable to prosecute suspect
19c2e41dd57a16135c33d25ccc8a66e3761acb35c0d9938fac3960273b6f9fb4,2021-03,South Yorkshire Police,South Yorkshire Police,-1.449022,53.338294,On or near MAWFA CRESCENT,E01008077,Sheffield 060D,Investigation complete; no suspect identified
1f210610bd45144a54fbe9e6ec81e6bf5dcd5d96684b5318390e8bf3b84dd5b7,2021-03,South Yorkshire Police,South Yorkshire Police,-1.432261,53.501062,On or near EADEN CRESCENT,E01007393,Barnsley 029B,Unable to prosecute suspect
d1c6bf7d6e69bc069bb12ea7c18e708b16b2a4a10cb026dd9c89ad3b36e79c11,2021-03,South Yorkshire Police,South Yorkshire Police,-1.030705,53.601223,On or near MEADOW LANE,E01007626,Doncaster 004B,Investigation complete; no suspect identified
5bf5ad11671bca11fc94f30c1f8f90df58ec15d384d1d37000dd4fe71e054211,2021-03,South Yorkshire Police,South Yorkshire Police,-1.090631,53.553712,On or near CLAY LANE WEST,E01007656,Doncaster 015F,Investigation complete; no suspect identified
925da19f324c48bcf2cba7e43d072bb21352c8547031a71f721262f2ccc2e94a,2021-03,South Yorkshire Police,South Yorkshire Police,-1.413507,53.580799,On or near PONTEFRACT ROAD,E01007343,Barnsley 003D,Unable to prosecute suspect
8bfc6272c7d9bd1e24a83054555bd74e5a39d6b9cd3ce9b32116650271ccb93f,2021-03,South Yorkshire Police,South Yorkshire Police,-1.155174,53.528783,On or near ANCHORAGE CRESCENT,E01007584,Doncaster 021A,Unable to prosecute suspect
c551438f2962ba4854c02a32ea577230e3152f98286f54d004a2916b20e2a3da,2021-03,South Yorkshire Police,South Yorkshire Police,-1.522033,53.410113,On or near LUKE LANE,E01007990,Sheffield 021A,Investigation complete; no suspect identified
fcb352bbd16ca9d074a2c2d46acd60aa7428e2579991d7034786ebdd49377f2f,2021-03,South Yorkshire Police,South Yorkshire Police,-1.386258,53.372963,On or near ST JOSEPH'S ROAD,E01007909,Sheffield 032C,Investigation complete; no suspect identified
7c7bb39e58b7629551d2053146456efab874bf8f488f3e968eca24c9bc940163,2021-03,South Yorkshire Police,South Yorkshire Police,-1.468276,53.381698,On or near Shopping Area,E01033264,Sheffield 073D,Suspect charged
b9ad60e06b65e18ec7663c1b279de426da8fdf16030eeed70979fdb6ac9cfa21,2021-03,South Yorkshire Police,South Yorkshire Police,-1.432231,53.499921,On or near KING STREET,E01007393,Barnsley 029B,Unable to prosecute suspect
0770502a57b5bef6da998835a98a5a6f811db240329bd3f1922a90281512230d,2021-03,South Yorkshire Police,South Yorkshire Police,-1.491399,53.399236,On or near CUTHBERT BANK ROAD,E01008161,Sheffield 026E,Investigation complete; no suspect identified
a91d45c7653f1eda9739e2b652db205288efb64c75104ce0330efcc54906f468,2021-03,South Yorkshire Police,South Yorkshire Police,-1.359248,53.342960,On or near Sports/Recreation Area,E01008037,Sheffield 065E,Suspect charged
2c7ca253d40e87765b6066e247a33aafca61435bec57e6002b6b62f159e42045,2021-03,South Yorkshire Police,South Yorkshire Police,-1.468492,53.382418,On or near FARGATE,E01033264,Sheffield 073D,Suspect charged
d138f0ce3d7eb7df6023fd86bef3548f8cb93574cfec22ab41f1983872bf76d8,2021-03,South Yorkshire Police,South Yorkshire Police,-1.477183,53.584644,On or near BEESTON SQUARE,E01007325,Barnsley 007C,Local resolution
57d3e05e95e852249ae330a1b972354fe7b8962a39a8c8309e4de426b1ef20a7,2021-03,South Yorkshire Police,South Yorkshire Police,-1.487674,53.366223,On or near SHARROW VIEW,E01008111,Sheffield 040D,Unable to prosecute suspect
4073b9d1c7e60370b6b561261d02c24ec3403d8a71f0395cc9bf115d8aac9263,2021-03,South Yorkshire Police,South Yorkshire Police,-1.522033,53.410113,On or near LUKE LANE,E01007990,Sheffield 021A,Unable to prosecute suspect
8032c787b0bfb24f735e06cd5b3a22cd0f07738065c30d092c8e8b31345c669d,2021-03,South Yorkshire Police,South Yorkshire Police,-1.129929,53.527604,On or near Pedestrian Subway,E01007655,Doncaster 022F,Investigation complete; no suspect identified
98deddae91de2c4ce821286c3a9d2c5e7b04a1268855499425f7676052588072,2021-03,South Yorkshire Police,South Yorkshire Police,-1.496338,53.419113,On or near Supermarket,E01008091,Sheffield 017C,Local resolution
bb2ba4a0a8fc85a86b9b9712dac5c35dbf571b928944a1e3e436e9d8fc02612e,2021-03,South Yorkshire Police,South Yorkshire Police,-1.439902,53.376372,On or near SOUTHEND PLACE,E01007886,Sheffield 075F,Investigation complete; no suspect identified
b00cd9ab1fd221967da8d0678130a54f12e517d7ae235f6b221884089eadfe91,2021-03,South Yorkshire Police,South Yorkshire Police,-1.287001,53.496860,On or near WELLINGTON STREET,E01007571,Doncaster 031A,Local resolution
ed6db58e139b7a003cff39a121e776e077edf39e138a91a94a2cb81203b5e82b,2021-03,South Yorkshire Police,South Yorkshire Police,-1.493943,53.393953,On or near WHITEHOUSE ROAD,E01008155,Sheffield 024D,Investigation complete; no suspect identified
03bb236ba90bf28e8e14fa99066ddd07acb948bb1a2811db9cde9d90864803af,2021-03,South Yorkshire Police,South Yorkshire Police,-1.314936,53.419991,On or near GALLOW TREE ROAD,E01007709,Rotherham 021B,Unable to prosecute suspect
722380e1abd486d7b7592ea218c489f5cc0011f5a9be7bc29730610f9ab802bd,2021-03,South Yorkshire Police,South Yorkshire Police,-1.441528,53.349755,On or near FLEURY CRESCENT,E01007982,Sheffield 054A,Unable to prosecute suspect
23702ff4bf80959898aad0d6c2da58383022d0834b4b0e15c9d238e50dde013b,2021-03,South Yorkshire Police,South Yorkshire Police,-1.018300,53.568556,On or near HODDESDON CRESCENT,E01007562,Doncaster 006E,Unable to prosecute suspect
0083b53acc7554d42f36ef963f0bcfce401dbd64a39c539c1bd16322f5a2579e,2021-03,South Yorkshire Police,South Yorkshire Police,-1.474819,53.557201,On or near DENTON STREET,E01007336,Barnsley 013A,Investigation complete; no suspect identified
c15f8146f068e2b99fe69571c586fd7b118ae62870be25fce9c32e067c270df0,2021-03,South Yorkshire Police,South Yorkshire Police,-1.485250,53.554766,On or near CHURCHFIELD,E01007336,Barnsley 013A,Further investigation is not in the public interest
4021ebcd145619921d2ddca91d5de109719db50cfb312bbbc62f9ec6d73acad4,2021-03,South Yorkshire Police,South Yorkshire Police,-1.490136,53.370224,On or near DENHAM ROAD,E01008111,Sheffield 040D,Unable to prosecute suspect
29b23e2a9bef1db20f4902c989f07c8eda0749f674b66cfa5441a1ecf2bccf2a,2021-03,South Yorkshire Police,South Yorkshire Police,-1.358898,53.385268,On or near TREETON LANE,E01007701,Rotherham 027D,Unable to prosecute suspect
ddbea4e59e9189fb08dcad86febd052402e626e5cb157c8e97917886c327f07d,2021-03,South Yorkshire Police,South Yorkshire Police,-1.342620,53.451328,On or near LLOYD STREET,E01007784,Rotherham 008D,Investigation complete; no suspect identified
b75f0c8a369e9d95f50d4c3326698ede25c8629fea00ec9b0f9823b435016db3,2021-03,South Yorkshire Police,South Yorkshire Police,-1.342620,53.451328,On or near LLOYD STREET,E01007784,Rotherham 008D,Investigation complete; no suspect identified
aefc3536afa4a32f59756e84ba59f74c4d2025ab2d5708b13197e782d15abc87,2021-03,South Yorkshire Police,South Yorkshire Police,-1.452104,53.586150,On or near CHAPEL AVENUE,E01007437,Barnsley 002C,Investigation complete; no suspect identified
8d882722e1ee454616ad36e8dead741e08929f2ff7ce412df7ed87ae44c917f2,2021-03,South Yorkshire Police,South Yorkshire Police,-1.145598,53.518854,On or near FLOWITT STREET,E01007529,Doncaster 022A,Unable to prosecute suspect
6389d922a5cd24460971b788531f3354b014e14b36a52e28448efabd6324c872,2021-03,South Yorkshire Police,South Yorkshire Police,-1.482268,53.436554,On or near CRESWICK GREAVE CLOSE,E01008125,Sheffield 009G,Investigation complete; no suspect identified
93da98b5b355bc33259abc4d09863cff6d1301476631993818cf05d101d7f14a,2021-03,South Yorkshire Police,South Yorkshire Police,-1.378602,53.454909,On or near GRAYSON ROAD,E01007731,Rotherham 009D,Investigation complete; no suspect identified
dcc018d799cfc1c41b9dbfe2bca56c0f9aa0eba35196d506e5c42b65521a7d2b,2021-03,South Yorkshire Police,South Yorkshire Police,-1.452893,53.373745,On or near GRANVILLE ROAD,E01008095,Sheffield 043A,Unable to prosecute suspect
0058559241f0300d5eaf0403370c9a1bb11c2bd8aa72cbd39419fe1cc424518c,2021-03,South Yorkshire Police,South Yorkshire Police,-1.135114,53.518186,On or near MILTON WALK,E01007532,Doncaster 023B,Unable to prosecute suspect
3e98a4b6f8bc101f234efc998948e1526262ded2c77f7034864251a4ebce1d48,2021-03,South Yorkshire Police,South Yorkshire Police,-1.382230,53.535924,On or near WOODHALL CLOSE,E01007350,Barnsley 020C,Investigation complete; no suspect identified
4efdca71eabfe1b8852866fa0cdbc6372fc522504569a5954818c7d5ca412969,2021-03,South Yorkshire Police,South Yorkshire Police,-1.257818,53.393097,On or near GREEN ARBOUR ROAD,E01007815,Rotherham 026D,Investigation complete; no suspect identified
d06d0c0e1c8063d049960d9157736b687b01d8024f3186f0974af407fd475c8a,2021-03,South Yorkshire Police,South Yorkshire Police,-1.471487,53.321451,On or near BATEMOOR PLACE,E01008084,Sheffield 070D,Unable to prosecute suspect
e61cea9727d4b57df4c563c9d4e18174272c64257eabd1ef2706ccab476a0248,2021-03,South Yorkshire Police,South Yorkshire Police,-1.135456,53.524345,On or near Shopping Area,E01007655,Doncaster 022F,Unable to prosecute suspect
e27407df4f7ffb5bf933825e198f5f3446c473df7606b1ece1784fd83dbd6752,2021-03,South Yorkshire Police,South Yorkshire Police,-1.478670,53.472286,On or near IRONSTONE DRIVE,E01007889,Sheffield 004B,Local resolution
e7dcf895d1cbbffe88e190f31562d030d7f245d79c7ab6f1fe2da6273b28b9eb,2021-03,South Yorkshire Police,South Yorkshire Police,-1.483236,53.371588,On or near SUMMERFIELD STREET,E01033272,Sheffield 040F,Investigation complete; no suspect identified
9f7e8aecdc1e52dabba98a1ebc2d1c5809d06b72cb4b104d54244fe127fc9d4d,2021-03,South Yorkshire Police,South Yorkshire Police,-1.149983,53.532611,On or near Petrol Station,E01007517,Doncaster 013D,Investigation complete; no suspect identified
d7889c76f56e18477d08bc188347d20e498985ef42f4a506ef37538fe9ceef8b,2021-03,South Yorkshire Police,South Yorkshire Police,-1.230013,53.377289,On or near ST LEGER CLOSE,E01007787,Rotherham 028A,Unable to prosecute suspect
1b65d2d4b46f52de6a1f16773bd9f922972b9a25cd46386aa0a4e5a717f08fa0,2021-03,South Yorkshire Police,South Yorkshire Police,-1.503812,53.387145,On or near BRIGHTON TERRACE ROAD,E01008064,Sheffield 028A,Investigation complete; no suspect identified
a0f09a3c92221160dac2bc0a540ac6ebf70ced76342904028fea60fbc0f12fd5,2021-03,South Yorkshire Police,South Yorkshire Police,-1.504455,53.551800,On or near DODWORTH ROAD,E01007444,Barnsley 012F,Further action is not in the public interest
4914f1ce4af2a172a8821796dbcb531f1fd4bfe1d226e12a8a680a8663555e4c,2021-03,South Yorkshire Police,South Yorkshire Police,-1.510339,53.557244,On or near OAKFIELD WALK,E01007380,Barnsley 012B,Unable to prosecute suspect
67afb1722e8a17d3c66af5b22a3f17fb6b1ae69909e9034ce73732f02c354eae,2021-03,South Yorkshire Police,South Yorkshire Police,-1.409208,53.591168,On or near PLUMPTON PARK,E01007331,Barnsley 003B,Unable to prosecute suspect
194faba91da3c8f7d403c53ee17ca2096ce52b1764ce9882d2e5e96f2577571c,2021-03,South Yorkshire Police,South Yorkshire Police,-1.132915,53.527653,On or near Parking Area,E01007655,Doncaster 022F,Investigation complete; no suspect identified
d3442f933745a4f6b730391fc3645b941d8dddc9d43617c77c403cdaa178deaa,2021-03,South Yorkshire Police,South Yorkshire Police,-1.721622,53.547154,On or near LOWER MAYTHORN LANE,E01007426,Barnsley 027D,Investigation complete; no suspect identified
3e6a98d1fdd59db4f09ce23231a057cacc5801acffeeeb94e48c79010612a89d,2021-03,South Yorkshire Police,South Yorkshire Police,-1.351944,53.553983,On or near CHURCH STREET,E01007349,Barnsley 020B,Investigation complete; no suspect identified
640f283bd6ea1c6eaf750858a43e04caeac5d0812ee89f111371d6becb12604f,2021-03,South Yorkshire Police,South Yorkshire Police,-1.438561,53.381238,On or near WYBOURN TERRACE,E01007886,Sheffield 075F,Unable to prosecute suspect
af5feb5e887116ca9dbb0ffabec1b7d54c3028ac2f257560ec77543363ca6aab,2021-03,South Yorkshire Police,South Yorkshire Police,-1.495322,53.401958,On or near Supermarket,E01008093,Sheffield 017D,Investigation complete; no suspect identified
ac9c3aa88ad96332d2c19a1b244c9a41c85a89713f60f9bd32d1170774420152,2021-03,South Yorkshire Police,South Yorkshire Police,-1.071421,53.476162,On or near GRANGEFIELD AVENUE,E01007590,Doncaster 037A,Unable to prosecute suspect
d0d39b46a7a6bf3775140facfec0dd384c545fe87c5d8b9ac7bbedc08c696df7,2021-03,South Yorkshire Police,South Yorkshire Police,-1.504823,53.389369,On or near Petrol Station,E01008074,Sheffield 028D,Investigation complete; no suspect identified
30998c88eaf3c233517e938007ba500ca68dbef60477ac0dcffe55c3483aeb5f,2021-03,South Yorkshire Police,South Yorkshire Police,-1.449406,53.499561,On or near SOUTH VIEW ROAD,E01007390,Barnsley 030B,Unable to prosecute suspect
fc92144ca8dabb0cd7f97a5047b44d7bc60df664a94bee55fdc90b90d732c2d4,2021-03,South Yorkshire Police,South Yorkshire Police,-1.280556,53.495545,On or near GENOA STREET,E01007576,Doncaster 031E,Investigation complete; no suspect identified
b0564d68bb35481a862442e617c066e7f42d1eb2b78db9368d973e90e23a05ba,2021-03,South Yorkshire Police,South Yorkshire Police,-1.345882,53.444874,On or near Shopping Area,E01007784,Rotherham 008D,Local resolution
e0d15004e04aebf67571522d3f9f05dd4172e5a0a93938be637094d2c65d3f1d,2021-03,South Yorkshire Police,South Yorkshire Police,-1.438561,53.381238,On or near WYBOURN TERRACE,E01007886,Sheffield 075F,Unable to prosecute suspect
38ff18a5479807032397b7f19d50068c2db651e6291e89d5df79c2460c9df3cf,2021-03,South Yorkshire Police,South Yorkshire Police,-1.513500,53.385324,On or near STANNINGTON VIEW ROAD,E01008159,Sheffield 029D,Investigation complete; no suspect identified
9c25cde1a8e45b3df2e2ac17f19bb8b349871ba13dee7b9f3408641cb10842ce,2021-03,South Yorkshire Police,South Yorkshire Police,-1.145563,53.546827,On or near CENTRAL AVENUE,E01007510,Doncaster 010D,Investigation complete; no suspect identified
4345a20ed1b0acb253fc69df159d49746c98db4c6316b014a51f2dd11a1c630e,2021-03,South Yorkshire Police,South Yorkshire Police,-1.132540,53.518670,On or near COLLEGE ROAD,E01007645,Doncaster 022E,Further investigation is not in the public interest
074530ff797568b1333acb0c84cbea8f219d8557a264e5a263fcbf0b7fa5681f,2021-03,South Yorkshire Police,South Yorkshire Police,-1.355375,53.427424,On or near GROVE ROAD,E01007714,Rotherham 017B,Investigation complete; no suspect identified
0cba0a5ac5a66b411878da800c5d1ddc2f709c9b5b402fe8b0aceb465a16cb1e,2021-03,South Yorkshire Police,South Yorkshire Police,-1.361124,53.429451,On or near MAIN STREET,E01007714,Rotherham 017B,Further investigation is not in the public interest
4a0de9d872d120d992198845621f8b8d681f71f9ea57ea15e1833c0e9349c3dd,2021-03,South Yorkshire Police,South Yorkshire Police,-1.157464,53.607971,On or near Sports/Recreation Area,E01007491,Doncaster 002E,Unable to prosecute suspect
7d91cb52e4211e36b8b1997aaa58a1c2f73445a1aa6455715363c004fb47ca4b,2021-03,South Yorkshire Police,South Yorkshire Police,-1.141892,53.499214,On or near DRYDEN ROAD,E01007500,Doncaster 028B,Action to be taken by another organisation
288b64537b43d45dd5caf4a5f9856d9242cfc67c0ac9ac11f0993931a702dc1e,2021-03,South Yorkshire Police,South Yorkshire Police,-1.113232,53.506556,On or near Shopping Area,E01007644,Doncaster 019A,Suspect charged
b37bcc1e355223fafaf15ce05408b225282d2143b5fbffb8b2ab604e8629391c,2021-03,South Yorkshire Police,South Yorkshire Police,-1.151479,53.515876,On or near BEACONSFIELD ROAD,E01007529,Doncaster 022A,Unable to prosecute suspect
39954f9e15baa85e51a1f748e441b22a1439c9d1efdd43d09aaa8cf7c86d7e58,2021-03,South Yorkshire Police,South Yorkshire Police,-1.295331,53.447184,On or near EAST VALE DRIVE,E01007727,Rotherham 010D,Suspect charged
b1669bd3e3afa8a03567444ad0e46c345ee7712b09e523bf80c001952311c63c,2021-03,South Yorkshire Police,South Yorkshire Police,-1.511756,53.412930,On or near MARLCLIFFE ROAD,E01007988,Sheffield 016B,Investigation complete; no suspect identified
d1e149e51a27588accd4f9cc4fa7adedc4f369f4cfe1ce39c4f6511ee6977148,2021-03,South Yorkshire Police,South Yorkshire Police,-1.450907,53.357556,On or near DARESBURY DRIVE,E01007977,Sheffield 051C,Investigation complete; no suspect identified
24219432f66715d27be64b9aad3707fd7366cd2c37389fad3c222d5deb15735a,2021-03,South Yorkshire Police,South Yorkshire Police,-1.412866,53.384683,On or near Pedestrian Subway,E01008014,Sheffield 032E,Investigation complete; no suspect identified
277ab6dfecf3fd08149e06f58048d99e073c99b0e8da2f8ccb3e2f5932822970,2021-03,South Yorkshire Police,South Yorkshire Police,-1.478309,53.550880,On or near Shopping Area,E01007340,Barnsley 013B,Unable to prosecute suspect
2aa1b305dc2dc69c2c48df3f9717b5c7feba1c7af602e55e72232f5e93860840,2021-03,South Yorkshire Police,South Yorkshire Police,-1.341592,53.438963,On or near SHAKESPEARE ROAD,E01007768,Rotherham 014D,Investigation complete; no suspect identified
e37697bfa6280d66267fd1b30a488fdfb6c5f1d1c0a959e0039b02b8ef2ae7b4,2021-03,South Yorkshire Police,South Yorkshire Police,-1.403459,53.447827,On or near Supermarket,E01007804,Rotherham 011B,Investigation complete; no suspect identified
d1b4573c4f345f7f329b0d7bb6e0ea0d905701039d3da2e5a5bfd813b87f1bbb,2021-03,South Yorkshire Police,South Yorkshire Police,-1.453970,53.418846,On or near RIBBLE WAY,E01007948,Sheffield 013D,Investigation complete; no suspect identified
28535ea34ffdf124771cf698d420786024c227390fe0f049e67482a2f578d80e,2021-03,South Yorkshire Police,South Yorkshire Police,-1.445032,53.417681,On or near FIRTH PARK CRESCENT,E01007851,Sheffield 013B,Unable to prosecute suspect
a99158482af007bb24ae24eea07722402957ee08f11a07c61b8bc73fe568da4b,2021-03,South Yorkshire Police,South Yorkshire Police,-1.471052,53.549392,On or near OAKWELL LANE,E01007337,Barnsley 015D,Unable to prosecute suspect
afae407a1253d3e3d504247e25ba1969051e1fec43f6157c046bfec54d29e2e9,2021-03,South Yorkshire Police,South Yorkshire Police,-1.232909,53.379276,On or near STATION ROAD,E01007787,Rotherham 028A,Unable to prosecute suspect
c441139545fd56ec36c867b7e9d81cae0b641f7f56b648ace415e01c620c17e9,2021-03,South Yorkshire Police,South Yorkshire Police,-1.099778,53.488226,On or near Pedestrian Subway,E01007611,Doncaster 039A,Investigation complete; no suspect identified
4570f752d8c04bd522d09c23e4f0240c37b68ecc49a1c466fc83dd54ba328cfd,2021-03,South Yorkshire Police,South Yorkshire Police,-1.481454,53.389621,On or near MONTGOMERY TERRACE ROAD,E01033263,Sheffield 073C,Unable to prosecute suspect
47cd3f4bc757adde603f1c787e274a9b95130b1b23a0eb621fe7daee39a3e92c,2021-03,South Yorkshire Police,South Yorkshire Police,-1.108799,53.430298,On or near CASTLE COURT,E01007615,Doncaster 039D,Unable to prosecute suspect
746079e2fba471e4d9aa7dc4f1746876a0a2e31dd72467c6fac5fc1ba9ea04db,2021-03,South Yorkshire Police,South Yorkshire Police,-1.463057,53.360371,On or near HEELEY GREEN,E01007976,Sheffield 051B,Investigation complete; no suspect identified
ddc1e128c409c77bd94d3603461068bc6ad52d0ceff2c84e819b01095e30ee71,2021-03,South Yorkshire Police,South Yorkshire Police,-1.408939,53.584470,On or near BIRKDALE CLOSE,E01007342,Barnsley 003C,Investigation complete; no suspect identified
4a0c8bf1d01f352bace37b90c2a5810cab127728ddb6b7cba3f03576b23a82cc,2021-03,South Yorkshire Police,South Yorkshire Police,-1.026344,53.592396,On or near EMERSON AVENUE,E01007629,Doncaster 004E,Unable to prosecute suspect
49444c99df3a099257b21efc9454db19a0ea4cec0ba4d2eca6e2f3bb051486bc,2021-03,South Yorkshire Police,South Yorkshire Police,-1.131941,53.519960,On or near Parking Area,E01007645,Doncaster 022E,Further investigation is not in the public interest
529eee0df595d35cb03a0714896541396660265f459d2e8fb9ee6ca7cf64921b,2021-03,South Yorkshire Police,South Yorkshire Police,-1.296518,53.495658,On or near CATHERINE STREET,E01007577,Doncaster 031F,Investigation complete; no suspect identified
5b30c3352a9d1edd58b6207b6836f1fa6e3a6e6c3de43a7f424e7fe361a23896,2021-03,South Yorkshire Police,South Yorkshire Police,-1.433584,53.365448,On or near WULFRIC PLACE,E01008012,Sheffield 039B,Investigation complete; no suspect identified
c726c7bb36eb90223610801575852438b53873ac03c81d07bc92479276145367,2021-03,South Yorkshire Police,South Yorkshire Police,-1.518091,53.316938,On or near LONGFORD CRESCENT,E01007915,Sheffield 071A,Investigation complete; no suspect identified
eeaacca3cd36bf0a4038e28bf685f1fb04ccf16ab592983d8198cba5d23d4f6d,2021-03,South Yorkshire Police,South Yorkshire Police,-1.478134,53.436158,On or near COPPIN SQUARE,E01008125,Sheffield 009G,Investigation complete; no suspect identified
d119c637f028345960ba78382a63049ab60efb497edcc08501a2bf9ef7cf7c80,2021-03,South Yorkshire Police,South Yorkshire Police,-1.357768,53.442394,On or near MANGHAM WAY,E01007728,Rotherham 009A,Investigation complete; no suspect identified
5bed44fb17e2a6dddccff0e91b6fca72ad1fdc2354c6beba39f1b315462ba64e,2021-03,South Yorkshire Police,South Yorkshire Police,-1.108799,53.430298,On or near CASTLE COURT,E01007615,Doncaster 039D,Unable to prosecute suspect
8177977a0711d3191939cd630d0aafd3843b2515380baa419afe9c444b009e7d,2021-03,South Yorkshire Police,South Yorkshire Police,-1.437296,53.557992,On or near WYCOMBE STREET,E01007403,Barnsley 011C,Investigation complete; no suspect identified
58868137f136b8156d204f42016a83a3ca9c28172c00c5e7db5f2030e5bbbd14,2021-03,South Yorkshire Police,South Yorkshire Police,-1.443598,53.555173,On or near TUXFORD CRESCENT,E01007405,Barnsley 011D,Unable to prosecute suspect
b15fa1f93ef3f634e4268c0b678df41c37f2ffadeb200ed67a1ce8364ea678c9,2021-03,South Yorkshire Police,South Yorkshire Police,-1.408424,53.365641,On or near AUGHTON DRIVE,E01008008,Sheffield 045D,Investigation complete; no suspect identified
cb544d1647be9ea04d08df8cd9cf7f8ad980df4c7bbe0396a1c66a015688797e,2021-03,South Yorkshire Police,South Yorkshire Police,-1.205957,53.372682,On or near Sports/Recreation Area,E01007790,Rotherham 029E,Investigation complete; no suspect identified
f52f01d052c8d19e4174e63246953dc84eec688a00b8fd9f01d0a1d161b490be,2021-03,South Yorkshire Police,South Yorkshire Police,-1.336461,53.342081,On or near ASHDOWN GARDENS,E01008030,Sheffield 063A,Unable to prosecute suspect
ba6214960cbeb76fd49c71df7e1208889465a82b6a2a856d1d2397b0a67b89c0,2021-03,South Yorkshire Police,South Yorkshire Police,-1.503446,53.414684,On or near ESKDALE CLOSE,E01008089,Sheffield 017B,Investigation complete; no suspect identified
cf8d39866cb70296520ce64daa11743a1a7173a6564bdeaf24aba0e48c97e483,2021-03,South Yorkshire Police,South Yorkshire Police,-0.973170,53.546550,On or near VULCAN WAY,E01007557,Doncaster 008B,Suspect charged
69b9ddeb427c8a7087143fd84c6a1ce5befb71a5f3be63d136cf11dee63c42e5,2021-03,South Yorkshire Police,South Yorkshire Police,-1.367277,53.511693,On or near DERWENT WAY,E01007695,Rotherham 001C,Investigation complete; no suspect identified
7fb8d42fe44e4dc42ca82179dbaf890b691b00846dd4b24552b7988c8ee5dd62,2021-03,South Yorkshire Police,South Yorkshire Police,-1.452694,53.547439,On or near OAKS CRESCENT,E01007322,Barnsley 015C,Unable to prosecute suspect
5d4b957682386d3b05b1f448afd786bd20e0271b400e5ae177d0900e84e43e34,2021-03,South Yorkshire Police,South Yorkshire Police,-1.372539,53.359408,On or near CHAPEL STREET,E01007970,Sheffield 049D,Investigation complete; no suspect identified
4bc13929dd540bcf3f2c2f24ae5c11f4df8a8a909c07b232975f09fabadc1a95,2021-03,South Yorkshire Police,South Yorkshire Police,-1.416026,53.342766,On or near BASEGREEN PLACE,E01007836,Sheffield 062B,Unable to prosecute suspect
1cbc8e9bedbfc9b7a4f7e6b412af82973b7d2fd7e71de8b76c656f5b98d21305,2021-03,South Yorkshire Police,South Yorkshire Police,-1.439616,53.367230,On or near Petrol Station,E01008097,Sheffield 043C,Investigation complete; no suspect identified
1d30c8b7ce729d8646e0e1b2d757c7cfc8d72ff4e43e151067de8db1140bae07,2021-03,South Yorkshire Police,South Yorkshire Police,-1.350574,53.430383,On or near CHATHAM STREET,E01007714,Rotherham 017B,Unable to prosecute suspect
fcf21477d3d0f28d77e4e0845b05f5f0b3316cd2698059a481dbee4f2093250a,2021-03,South Yorkshire Police,South Yorkshire Police,-1.389161,53.434793,On or near BENTON WAY,E01007741,Rotherham 015A,Investigation complete; no suspect identified
30c5e192cfe03f13065d763b5622cd8489027e8fab471bc51076e3d293214eb8,2021-03,South Yorkshire Police,South Yorkshire Police,-1.447494,53.541169,On or near ASH GROVE,E01007317,Barnsley 018A,Investigation complete; no suspect identified
7e90a24725ae4599ea0db622663dd429ee5bd1a54d22272411d0431a692e94fb,2021-03,South Yorkshire Police,South Yorkshire Police,-1.439616,53.367230,On or near Petrol Station,E01008097,Sheffield 043C,Investigation complete; no suspect identified
30c22ae2045d3d11ed0b8c8bbbeddb096e0a43d8e4960c4de2ddb33a9444cc15,2021-03,South Yorkshire Police,South Yorkshire Police,-1.524051,53.586350,On or near DARTON HALL DRIVE,E01007358,Barnsley 005B,Unable to prosecute suspect
d4cf23e82fb18549c0eeac067cce9cf92b2b5b72f1d9f82ae0454cda981bcbb9,2021-03,South Yorkshire Police,South Yorkshire Police,-1.365722,53.507775,On or near BROWNING ROAD,E01007697,Rotherham 001D,Local resolution
8bff56a145d4005633085d646b857ea7f3a3d0ec74164501ec868ff34e385f29,2021-03,South Yorkshire Police,South Yorkshire Police,-1.294472,53.493605,On or near HARTLEY STREET,E01007577,Doncaster 031F,Investigation complete; no suspect identified
e2ffc88824d79e5fb155be2faf1dfb47566c12f05fc637ee77105c3edfae592d,2021-03,South Yorkshire Police,South Yorkshire Police,-1.368980,53.356252,On or near SPA LANE CROFT,E01007970,Sheffield 049D,Unable to prosecute suspect
4b7f79f28514023c022ea47fc892fc0d046b44322ebe53d87c859d3d5422b671,2021-03,South Yorkshire Police,South Yorkshire Police,-1.431906,53.367301,On or near CARY GROVE,E01008012,Sheffield 039B,Unable to prosecute suspect
22c04c5b8f1c242616859ba9e15d7bd4ba9ae87dbcd41638c589c8c2a966275c,2021-03,South Yorkshire Police,South Yorkshire Police,-1.431906,53.367301,On or near CARY GROVE,E01008012,Sheffield 039B,Unable to prosecute suspect
01e222c6af3275690fd73a14f44e247b626282e7e85b979bb659b93f65bd88e8,2021-03,South Yorkshire Police,South Yorkshire Police,-1.493139,53.369248,On or near Supermarket,E01007864,Sheffield 036D,Investigation complete; no suspect identified
ee81a8cbb5f872553f2b97352b9e61ba8d4f841a18d89b6cca5a12d1af264225,2021-03,South Yorkshire Police,South Yorkshire Police,-1.417310,53.362026,On or near MOSBROUGH ROAD,E01008010,Sheffield 052E,Investigation complete; no suspect identified
8e29ecc3df09247496ff3879871e5d98fe31c38117b0cb174ca03c27138d7ae7,2021-03,South Yorkshire Police,South Yorkshire Police,-1.434072,53.343284,On or near LEIGHTON DRIVE,E01008007,Sheffield 060A,Further action is not in the public interest
79db13cfcaccd40eaf6b791dcb75c4b657437ac7246c4a98fc2964e9b171f257,2021-03,South Yorkshire Police,South Yorkshire Police,,,No location,,,Investigation complete; no suspect identified
d983aff0994e44df69303c37be041fc98bb85f9a8d819f1b69069457e6be804b,2021-03,South Yorkshire Police,South Yorkshire Police,-1.493539,53.398832,On or near CHANNING STREET,E01008157,Sheffield 026D,Investigation complete; no suspect identified
0b5393110eb2b95918d3262f8b3b3d25a64c98f3b5af55ce94ad2e6b8911d212,2021-03,South Yorkshire Police,South Yorkshire Police,-1.115385,53.531291,On or near FERRERS ROAD,E01007654,Doncaster 019F,Investigation complete; no suspect identified
bfbf8df697d072fb240c7796d6e1c69d122b02d34e69c75d96f0df925b3dfa00,2021-03,South Yorkshire Police,South Yorkshire Police,-1.472195,53.366281,On or near COLVER ROAD,E01008109,Sheffield 042B,Investigation complete; no suspect identified
e0595b7d5c63075b82b08d5623c030f113f4779188e76a3a55aa718c69ce0651,2021-03,South Yorkshire Police,South Yorkshire Police,-1.342824,53.419608,On or near GUEST ROAD,E01007679,Rotherham 023C,Investigation complete; no suspect identified
944b5b2a5038ed448104e47f3501f56450a812363813ff8c52c9c986026abb88,2021-03,South Yorkshire Police,South Yorkshire Police,-1.367277,53.511693,On or near DERWENT WAY,E01007695,Rotherham 001C,Investigation complete; no suspect identified
8642f4d08c0dea5113235dabaa832dbd15dff42d171ea6a5488f902629bce58c,2021-03,South Yorkshire Police,South Yorkshire Police,-1.064948,53.506044,On or near LYCH GATE CLOSE,E01007604,Doncaster 024D,Investigation complete; no suspect identified
1f8b1fcf24b5bf37665c4266da0e8951bfd60f89ba1015cd8e4013f1e0b87f9b,2021-03,South Yorkshire Police,South Yorkshire Police,-1.522157,53.321126,On or near WEST VIEW LANE,E01007918,Sheffield 071C,Local resolution
162f086451fa180c033ebc0547e8a3ac7509fd7f1bb382d18a38779c82e9f096,2021-03,South Yorkshire Police,South Yorkshire Police,-1.456927,53.543387,On or near THORNTON ROAD,E01007318,Barnsley 018B,Local resolution
b82d44df3419986aa5aeb65d63616d9c5fc179a1d8c7c8d567c3bc206e16eae0,2021-03,South Yorkshire Police,South Yorkshire Police,-1.452694,53.547439,On or near OAKS CRESCENT,E01007322,Barnsley 015C,Local resolution
920080feec3678cfe83f68652048ba1413ba1130bd5070e88df573d7cd3807df,2021-03,South Yorkshire Police,South Yorkshire Police,-1.472750,53.584004,On or near OXTON ROAD,E01007325,Barnsley 007C,Investigation complete; no suspect identified
1dce7bc4a8560aac8aff4e4859b1836f0c3bc0a534180fecec097cf0b2f0a5c5,2021-03,South Yorkshire Police,South Yorkshire Police,-1.590086,53.484018,On or near HUNSHELF PARK,E01008144,Sheffield 001A,Unable to prosecute suspect
1099fcd9e90284c6488846decb23732ae78d19b731f2e02ba7c14f3bf0b12aa2,2021-03,South Yorkshire Police,South Yorkshire Police,-1.155275,53.504721,On or near HIGH ROAD,E01007494,Doncaster 023A,Unable to prosecute suspect
ab51d6da2aa435cdea96297176cd13afb02651f7e17d39fd53dcaf77e541c38d,2021-03,South Yorkshire Police,South Yorkshire Police,-1.409188,53.378876,On or near Sports/Recreation Area,E01008017,Sheffield 039E,Unable to prosecute suspect
59bbfb9b1944b68de0c8fd7012ebcb008b0ea4fdbb5ec857a945dde9731aefe2,2021-03,South Yorkshire Police,South Yorkshire Police,-1.404670,53.531372,On or near Parking Area,E01007448,Barnsley 023B,Unable to prosecute suspect
87cb648bdfeed772988e58ed24fe671eeeb78589739d81dc6dafc81eeabbd7be,2021-03,South Yorkshire Police,South Yorkshire Police,-1.136918,53.522963,On or near Parking Area,E01007645,Doncaster 022E,Suspect charged
c349194f4170f5d9cc4257f74500102f674d1eff4a95893cd3fd0bdfaf02bc43,2021-03,South Yorkshire Police,South Yorkshire Police,-1.057192,53.425390,On or near BAWTRY ROAD,E01007614,Doncaster 039C,Investigation complete; no suspect identified
0f97b02f596932c77532ec26866fb94efef464f224e9084a62a8ea7dd8f9f006,2021-03,South Yorkshire Police,South Yorkshire Police,-1.148194,53.617235,On or near MAYFIELD,E01007489,Doncaster 002C,Investigation complete; no suspect identified
37df415f079ea107aa2dbf2f394d8d03efd6a8b3e09d0122464f3f22dbdd8311,2021-03,South Yorkshire Police,South Yorkshire Police,-1.438721,53.405616,On or near ADSETTS STREET,E01007877,Sheffield 022D,Investigation complete; no suspect identified
a44a883f7487ee4b5a821e4ca9dda894d084d7d1425204b9e3b3286aef723277,2021-03,South Yorkshire Police,South Yorkshire Police,-1.484267,53.549917,On or near GEORGE SQUARE,E01007340,Barnsley 013B,Unable to prosecute suspect
73d4802384418f950893573d87aa212471cf1c2544e4761962cc7a8eb4b3fb0f,2021-03,South Yorkshire Police,South Yorkshire Police,-1.385921,53.532177,On or near Bus/Coach Station,E01007353,Barnsley 020F,Unable to prosecute suspect
0fb0966f68f77964c44be5db7666d5d75523ec603a5e58c9790d266a303d1085,2021-03,South Yorkshire Police,South Yorkshire Police,-1.470871,53.559071,On or near TWIBELL STREET,E01007334,Barnsley 009A,Investigation complete; no suspect identified
17d395912a1e95472d7d9c3293f7d5473f476ed86401bb358180f1656ce83a5e,2021-03,South Yorkshire Police,South Yorkshire Police,-1.231982,53.481697,On or near Supermarket,E01007536,Doncaster 032A,Investigation complete; no suspect identified
485df2b010bfd06bb632c308c7d38f1ee0bfca7a6903745730954a78df9e19ae,2021-03,South Yorkshire Police,South Yorkshire Police,-1.324777,53.469322,On or near THACKERAY AVENUE,E01007772,Rotherham 006B,Investigation complete; no suspect identified
052b98eeb512d130e46d2f66c1915e61399f2db2eb3e75eb0eefa0aba2936a9b,2021-03,South Yorkshire Police,South Yorkshire Police,-1.522570,53.393091,On or near STANWOOD ROAD,E01008152,Sheffield 025C,Investigation complete; no suspect identified
9703a1b272e8f3597f6ca9d134bb5fb65a72aafc01dcc2d427055e7296d8d7a0,2021-03,South Yorkshire Police,South Yorkshire Police,-1.515178,53.365969,On or near BINGHAM PARK ROAD,E01007934,Sheffield 047B,Investigation complete; no suspect identified
14b21a825584d58616ee81817a76d8b437e995041b1cc377b1677ed3cc806777,2021-03,South Yorkshire Police,South Yorkshire Police,-1.154249,53.510098,On or near GREENFIELD LANE,E01007535,Doncaster 023D,Investigation complete; no suspect identified
71ac14cba6fb1aa51a453f30998b468f97549ba966af7d356f5dadf8976051ff,2021-03,South Yorkshire Police,South Yorkshire Police,-1.599705,53.488356,On or near Parking Area,E01008144,Sheffield 001A,Investigation complete; no suspect identified
381672034d6feccb5b4320a1ce54f85bd1c394d370acd3d00fbfcffc24af1cd9,2021-03,South Yorkshire Police,South Yorkshire Police,-1.489866,53.358853,On or near BYRON ROAD,E01008052,Sheffield 050F,Unable to prosecute suspect
435b7042c249c864929cb9dd54ef99658cf7e90d200ea2858e806b1189a1562e,2021-03,South Yorkshire Police,South Yorkshire Police,-1.361795,53.409724,On or near A631,E01007676,Rotherham 025A,Investigation complete; no suspect identified
38007b148bdd8e3ce46be5153394cd92f7f4e9a7eb19b3797afb978ad46a558b,2021-03,South Yorkshire Police,South Yorkshire Police,-1.361795,53.409724,On or near A631,E01007676,Rotherham 025A,Investigation complete; no suspect identified
041d98355c355e05997c156a6925bdd7926a47be31c51037ea0e697653228251,2021-03,South Yorkshire Police,South Yorkshire Police,-1.524206,53.321835,On or near Supermarket,E01007918,Sheffield 071C,Local resolution
b0055074813f59bdeb99a7f051c7d230d900964d32a70b2461e6cb512d1aece5,2021-03,South Yorkshire Police,South Yorkshire Police,-1.337580,53.428801,On or near CLIFTON AVENUE,E01007765,Rotherham 014B,Further action is not in the public interest
5b46aa1a5d34ce642790af0144e95d764e93a264d183f51d7358c44bd0fa71de,2021-03,South Yorkshire Police,South Yorkshire Police,-1.061806,53.506981,On or near STRETTON CLOSE,E01007603,Doncaster 026E,Investigation complete; no suspect identified
af630f61c41f01a3da83c4eef1501e721619ed2dd20683e84d70e09d1a36aada,2021-03,South Yorkshire Police,South Yorkshire Police,-1.030623,53.600179,On or near FIELD ROAD,E01007628,Doncaster 004D,Investigation complete; no suspect identified
8d97c62b119e576096e6f5df9b29e8ed46ffafca85f3ba2c19fdb64adc875361,2021-03,South Yorkshire Police,South Yorkshire Police,-1.033897,53.599082,On or near Police Station,E01007626,Doncaster 004B,Unable to prosecute suspect
8a000a8c720a1d188f7882b0bf73a00d75c9c452a353eefe8a1f2729da55f6ab,2021-03,South Yorkshire Police,South Yorkshire Police,-1.463566,53.531453,On or near QUEENSWAY,E01007461,Barnsley 021D,Unable to prosecute suspect
c2b13a4be59cea9ffca93bb7a9b3c4a018757451ad34c7aa7af320e0fec81015,2021-03,South Yorkshire Police,South Yorkshire Police,-1.323183,53.431264,On or near SHERIDAN DRIVE,E01007739,Rotherham 013E,Investigation complete; no suspect identified
f902d6815c099177a729237688f725e385b30f81b0364d7b36af84410e7ffb64,2021-03,South Yorkshire Police,South Yorkshire Police,-1.443392,53.405027,On or near WOOD SPRING COURT,E01007877,Sheffield 022D,Investigation complete; no suspect identified
95202998e35ff67f5caae7ae6365d317824a756ea93e16ce34fc26c293fd081e,2021-03,South Yorkshire Police,South Yorkshire Police,-1.468823,53.532160,On or near WILLIAM STREET,E01007461,Barnsley 021D,Investigation complete; no suspect identified
08c89205d3ecce91665d7070a5e5720177d701d6cff43435a9bf9381ff5da838,2021-03,South Yorkshire Police,South Yorkshire Police,-1.468823,53.532160,On or near WILLIAM STREET,E01007461,Barnsley 021D,Investigation complete; no suspect identified
4c719bdb83d52b97694b54abe8e2cb4a8d3f833739922665b9c4df6ab4e04fb3,2021-03,South Yorkshire Police,South Yorkshire Police,-1.197067,53.564666,On or near THE CRESCENT,E01007466,Doncaster 009C,Unable to prosecute suspect
026ccd50a9f26e7b93373731d53fcc68ed38b39f2eddde76473bf29ac05160a9,2021-03,South Yorkshire Police,South Yorkshire Police,-1.056287,53.531468,On or near TOFTSTEAD,E01007483,Doncaster 017A,Further action is not in the public interest
552b16039a7a69c175155a35733ac133f04ef1b041e762d14ef3b96a9b6153d3,2021-03,South Yorkshire Police,South Yorkshire Police,-1.468439,53.396359,On or near PITSMOOR ROAD,E01007870,Sheffield 019A,Unable to prosecute suspect
24c9c89457db01c8f3fcba68a8005e4c78c327acab85b6a90a21d8e62caccddf,2021-03,South Yorkshire Police,South Yorkshire Police,-1.349628,53.436148,On or near BRAMWELL STREET,E01007769,Rotherham 017D,Investigation complete; no suspect identified
14ae4e0b47854c095298534fdd7c89118883344357540629cd5c7f932bc6e59f,2021-03,South Yorkshire Police,South Yorkshire Police,-1.356167,53.433748,On or near Bus/Coach Station,E01007714,Rotherham 017B,Investigation complete; no suspect identified
c5435194387a5af5b7f02960e000b0064d6bbb1f4630e4ca57e73bcc9d8ba4d4,2021-03,South Yorkshire Police,South Yorkshire Police,-1.356167,53.433748,On or near Bus/Coach Station,E01007714,Rotherham 017B,Investigation complete; no suspect identified
ec41390d456291b62a0553cdba8ccc68f029085d9675d2674027a9ed90cbf284,2021-03,South Yorkshire Police,South Yorkshire Police,-1.357349,53.505097,On or near CO-OPERATIVE STREET,E01007693,Rotherham 001A,Investigation complete; no suspect identified
14d4893b6f9ac7c78e4778114df7b7aca7b4ae0953aaf3409bad835e1deeb9b1,2021-03,South Yorkshire Police,South Yorkshire Police,-1.356167,53.433748,On or near Bus/Coach Station,E01007714,Rotherham 017B,Investigation complete; no suspect identified
865a38cb5555fe3f64a278887fc0561212d89ac66340ee09bcd7bbae0a056a2b,2021-03,South Yorkshire Police,South Yorkshire Police,-1.140583,53.513254,On or near Pedestrian Subway,E01007530,Doncaster 022B,Unable to prosecute suspect
f6fe3b4892b1600f4d4db0f805ff73d5fb384bff8b2abc32a651eb5855d96ab3,2021-03,South Yorkshire Police,South Yorkshire Police,-1.127437,53.512350,On or near DECOY BANK NORTH,E01007530,Doncaster 022B,Investigation complete; no suspect identified
59382e67fe973555db809736ebb3c494cf19ddd390281028cc90fd613abd4a81,2021-03,South Yorkshire Police,South Yorkshire Police,-1.445567,53.573167,On or near PRESTON WAY,E01007406,Barnsley 009E,Unable to prosecute suspect
677d8bc51828f8366035774b5197bfe2af70266267a3e31f5cddd67506c25c19,2021-03,South Yorkshire Police,South Yorkshire Police,-1.380367,53.507492,On or near ELLIS CRESCENT,E01007694,Rotherham 001B,Unable to prosecute suspect
780778052d6fbd764b7c248e46abaad026354fbd0d3f25dbbb3f69fb716fda29,2021-03,South Yorkshire Police,South Yorkshire Police,-1.206949,53.576390,On or near A638,E01007465,Doncaster 009B,Unable to prosecute suspect
762ca8a0b7fd9a5a4c7cb6072ef350dbd6c507707cb6dc3d50b93093966740d1,2021-03,South Yorkshire Police,South Yorkshire Police,-1.061967,53.505850,On or near GOODISON BOULEVARD,E01007604,Doncaster 024D,Suspect charged
762ca8a0b7fd9a5a4c7cb6072ef350dbd6c507707cb6dc3d50b93093966740d1,2021-03,South Yorkshire Police,South Yorkshire Police,-1.061967,53.505850,On or near GOODISON BOULEVARD,E01007604,Doncaster 024D,Suspect charged
66fe47bad7e7f1b1662585e6701caedcdaccba12ce991665dd4697b35764d239,2021-03,South Yorkshire Police,South Yorkshire Police,-1.380367,53.507492,On or near ELLIS CRESCENT,E01007694,Rotherham 001B,Unable to prosecute suspect
c9d3c656816a9d2eb377e1aded07ceac5119913e7b7451cc65bdf2e49b89720b,2021-03,South Yorkshire Police,South Yorkshire Police,-1.380367,53.507492,On or near ELLIS CRESCENT,E01007694,Rotherham 001B,Unable to prosecute suspect
b78327e3fa731069e9afdd9006f423c9deb50d6f95be55be1690eeb9da34d8bf,2021-03,South Yorkshire Police,South Yorkshire Police,-1.416769,53.524772,On or near TURNER AVENUE,E01007447,Barnsley 023A,Investigation complete; no suspect identified
0f7c7d1e3504489f0571864a9dcad4287193c4b1f060aab0d4d71e78e02b6067,2021-03,South Yorkshire Police,South Yorkshire Police,-1.233780,53.480576,On or near HAMELINE ROAD,E01007539,Doncaster 035C,Unable to prosecute suspect
d9864956ea69c6e8e3ff6233d26eca4f58308412590b5eeb1afd7a1695398d45,2021-03,South Yorkshire Police,South Yorkshire Police,,,No location,,,Investigation complete; no suspect identified
aa23c6b8a956c82a460ac57889b70d5fa8e5cf03a5274efb70bebe43c9764f69,2021-03,South Yorkshire Police,South Yorkshire Police,-1.482477,53.383423,On or near BROOK DRIVE,E01008068,Sheffield 026B,Unable to prosecute suspect
33b50e006a2180933e32a58290e8a3d4f3c18f3f7d70732db6dd64a3b04e0e05,2021-03,South Yorkshire Police,South Yorkshire Police,-1.358272,53.419926,On or near ROTHER VIEW ROAD,E01007677,Rotherham 017A,Unable to prosecute suspect
d1a0f90a8f863a359c1c195d649bdce1e0669969768910abec9824c1d4490913,2021-03,South Yorkshire Police,South Yorkshire Police,-1.479728,53.360984,On or near FREDERICK ROAD,E01008113,Sheffield 042E,Investigation complete; no suspect identified
a6d6555584ca9c4e5daf5fbaf020e30b80b4ca04cf97803901ca3b01dd59f545,2021-03,South Yorkshire Police,South Yorkshire Police,-1.201493,53.422495,On or near MILLINDALE,E01007763,Rotherham 020E,Unable to prosecute suspect
5ed52b01c6d11f81645e175b05cf79274fc59b4ced827a93e5250cbf3bd59f49,2021-03,South Yorkshire Police,South Yorkshire Police,-1.437811,53.350268,On or near SPRING CLOSE VIEW,E01007982,Sheffield 054A,Investigation complete; no suspect identified
f15f90409ed407eaab75a85ab0e87033a7404bb919119f76ade68e850df54f2a,2021-03,South Yorkshire Police,South Yorkshire Police,-1.490462,53.553143,On or near STANLEY STREET,E01007443,Barnsley 013F,Further action is not in the public interest
edf509d5047b5cb9b7aee407708c4c38c7ad3c04aac6b9df57cea3bafba61ff0,2021-03,South Yorkshire Police,South Yorkshire Police,-1.155310,53.564406,On or near MANOR ESTATE,E01007511,Doncaster 010E,Local resolution
d32625b4dbbad599ad6726bdcfa2f50e2001d2374e70b3c6a8182f2e555c374b,2021-03,South Yorkshire Police,South Yorkshire Police,-1.486361,53.554024,On or near Parking Area,E01007336,Barnsley 013A,Unable to prosecute suspect
a360b4af2e1d72f8d53d194a14548604b1a8801a5f3f6bef6ab8b10787756de1,2021-03,South Yorkshire Police,South Yorkshire Police,-0.952483,53.618469,On or near REDLAND CRESCENT,E01007637,Doncaster 003B,Unable to prosecute suspect
cb4b05f61467f15c36c4df9c0deb593753d7c34fec863bf4c892ab55987c50ae,2021-03,South Yorkshire Police,South Yorkshire Police,-1.465816,53.398073,On or near MINNA ROAD,E01007870,Sheffield 019A,Investigation complete; no suspect identified
7c610c83b20b3450254cff7d3a100393913607c5fdc82a70aed13f1455100734,2021-03,South Yorkshire Police,South Yorkshire Police,-1.463362,53.383923,On or near Shopping Area,E01033268,Sheffield 075G,Unable to prosecute suspect
7c610c83b20b3450254cff7d3a100393913607c5fdc82a70aed13f1455100734,2021-03,South Yorkshire Police,South Yorkshire Police,-1.463362,53.383923,On or near Shopping Area,E01033268,Sheffield 075G,Unable to prosecute suspect
c4f31de6955aee3226d68173eaf1b81ccbb104abb1e420b58f10a8ef4a201c27,2021-03,South Yorkshire Police,South Yorkshire Police,-1.447641,53.423060,On or near TORKSEY ROAD WEST,E01007849,Sheffield 010A,Unable to prosecute suspect
251b8b4e807808b9692d4b0ed07d5ca873aaca8d1f1873b4262d39e4259654cc,2021-03,South Yorkshire Police,South Yorkshire Police,,,No location,,,Local resolution
c1bdea2024bc8467a085ff63a25f837d83676737d1ce20e23cd7303ef6a75ca6,2021-03,South Yorkshire Police,South Yorkshire Police,-1.165178,53.500287,On or near AUSTEN AVENUE,E01007499,Doncaster 029D,Investigation complete; no suspect identified
9754da465ddc8e1a07e86a41b4a176a84253f133a777543e9c2c176ffe5577ba,2021-03,South Yorkshire Police,South Yorkshire Police,-1.466591,53.319191,On or near BATEMOOR ROAD,E01008084,Sheffield 070D,Investigation complete; no suspect identified
a9d11c8d31fdd1736ea6cee302514163afe5438724c06cd870d24ceed3e5fe3c,2021-03,South Yorkshire Police,South Yorkshire Police,-1.165178,53.500287,On or near AUSTEN AVENUE,E01007499,Doncaster 029D,Unable to prosecute suspect
35e2534b7081dde32b811fe36baf52658456e277e95eaafe35ea0e8ef6171164,2021-03,South Yorkshire Police,South Yorkshire Police,-1.456322,53.594088,On or near WEST PINFOLD,E01007435,Barnsley 001B,Action to be taken by another organisation
ffcad386220c7e45ea6063740de2fb8c7f3370dfd39b8719997f01999d64f922,2021-03,South Yorkshire Police,South Yorkshire Police,-1.145018,53.530455,On or near BENTLEY ROAD,E01007517,Doncaster 013D,Suspect charged
0bc7b1d3586a35685e352da2446bcd6b4a43eba3e64754d3bca26fa9f0856b56,2021-03,South Yorkshire Police,South Yorkshire Police,-1.487558,53.472306,On or near JEFFCOCK ROAD,E01007900,Sheffield 003F,Local resolution
c6192a64d09e7e8a9ad485c8630843361d083c5d2c64380998d92049e0da5a7e,2021-03,South Yorkshire Police,South Yorkshire Police,,,No location,,,Offender given a drugs possession warning
4229620805371850516d7a9947bc37f7bcedfedc46e30f408b18f030113b67e0,2021-03,South Yorkshire Police,South Yorkshire Police,-1.237363,53.483322,On or near ROWENA ROAD,E01007539,Doncaster 035C,Unable to prosecute suspect
33fe2a7b653d49686b961c729152cfde358992b3326224219f896af042af6dc1,2021-03,South Yorkshire Police,South Yorkshire Police,-1.481865,53.386746,On or near DOVER STREET,E01008065,Sheffield 026A,Investigation complete; no suspect identified
22da8a0830275f28b6cf36b0ac7789f00d3f3e644acbdd9567c24664da4a6dc3,2021-03,South Yorkshire Police,South Yorkshire Police,-1.412379,53.381858,On or near HALSALL ROAD,E01008014,Sheffield 032E,Unable to prosecute suspect
e2264dbe615bf2ce7f40c06b71f937d6a0f99fcedceb24094996dd6ee902ab2b,2021-03,South Yorkshire Police,South Yorkshire Police,-1.276202,53.498961,On or near CHAUCER ROAD,E01007575,Doncaster 030A,Unable to prosecute suspect
48f971ef4a1c62d7bd26729e12929e62bab2d0a7deca4a571c5def507e24bcf5,2021-03,South Yorkshire Police,South Yorkshire Police,-1.507328,53.591657,On or near MOORCREST RISE,E01007357,Barnsley 004B,Investigation complete; no suspect identified
c4a4b17034e18ed14af6742c72347044e37f384b35bc26df6ad9b6ea6c5fe0a0,2021-03,South Yorkshire Police,South Yorkshire Police,-1.104256,53.515361,On or near Petrol Station,E01007526,Doncaster 025D,Investigation complete; no suspect identified
ccac9771e2b821b392e97670b98d0124eb93a4164364bfcddd7d419f0a21dae5,2021-03,South Yorkshire Police,South Yorkshire Police,-1.171714,53.502148,On or near WIVELSFIELD ROAD,E01007497,Doncaster 029B,Investigation complete; no suspect identified
b16d6e5cbe102534a9181f4095241234047f77693a9efed9ddabdf9c9ddfdf9a,2021-03,South Yorkshire Police,South Yorkshire Police,-1.380938,53.591439,On or near HILLSIDE MOUNT,E01007328,Barnsley 006A,Unable to prosecute suspect
810ed9d1e3a53e39b75f68782c3c092aa4b3d10f73b022f1c28c6a68ae6d1342,2021-03,South Yorkshire Police,South Yorkshire Police,-1.380938,53.591439,On or near HILLSIDE MOUNT,E01007328,Barnsley 006A,Unable to prosecute suspect
24cff1284ae1df2745c190243a8aa2a466616f1b95489ae4c83ad11b92a13063,2021-03,South Yorkshire Police,South Yorkshire Police,-1.117363,53.516016,On or near LIME TREE AVENUE,E01007643,Doncaster 022D,Unable to prosecute suspect
2431bb6d9ffdfdcc6a5ef8358e7429b06abeef8e3d39d8e8ad10a8d80ea01c09,2021-03,South Yorkshire Police,South Yorkshire Police,-1.496315,53.357298,On or near BRENTWOOD ROAD,E01008043,Sheffield 046A,Investigation complete; no suspect identified
35e004ecf7d122939d7209514af0e118734a1e675f8d3b41de55c9518883b0d4,2021-03,South Yorkshire Police,South Yorkshire Police,-1.433471,53.363776,On or near CITY ROAD,E01008098,Sheffield 048A,Investigation complete; no suspect identified
01ffef22e4ac77bf614cb372db0130c4e255ba008d6363144a0599aa4dee475e,2021-03,South Yorkshire Police,South Yorkshire Police,-1.467462,53.599738,On or near WEST GROVE,E01007439,Barnsley 001D,Unable to prosecute suspect
2ca2415ba7347ba6d979b99278f324559d4af8044d1902924f2e25cb295267b9,2021-03,South Yorkshire Police,South Yorkshire Police,-1.426984,53.508884,On or near WOODHEAD VIEW,E01007457,Barnsley 029E,Investigation complete; no suspect identified
c0c6345158b100391be5a0661b3e4b6a958b2a12db91d2d06aa1f98c27f96453,2021-03,South Yorkshire Police,South Yorkshire Police,-1.440957,53.431316,On or near Supermarket,E01008054,Sheffield 007B,Investigation complete; no suspect identified
c610a1219e7ca039f1364742710ad653107185634905f3f6205e957d159130ff,2021-03,South Yorkshire Police,South Yorkshire Police,-1.142076,53.546874,On or near MILLSIDE COURT,E01007508,Doncaster 010B,Investigation complete; no suspect identified
7d9c0bf09c8c97fd21f8e63257409f92d369b192d4ea6e64189e4790ea3f2c84,2021-03,South Yorkshire Police,South Yorkshire Police,-1.145018,53.530455,On or near BENTLEY ROAD,E01007517,Doncaster 013D,Suspect charged
e23620a36bd76d74399485314bef95c5a2aa989cfd7d0bcb6bdd415f49f4420a,2021-03,South Yorkshire Police,South Yorkshire Police,-1.534619,53.365085,On or near SEFTON ROAD,E01007861,Sheffield 038B,Investigation complete; no suspect identified
8bea74d467fd07d0424bc1d357de1455d98032655553b19411b9eb9d0caf3f70,2021-03,South Yorkshire Police,South Yorkshire Police,-1.501707,53.400017,On or near MANVERS ROAD,E01008160,Sheffield 024F,Investigation complete; no suspect identified
efad0faac8b343a3e110210ceeeb5212c60eb010770bd985c2ac152566d40ef0,2021-03,South Yorkshire Police,South Yorkshire Police,-1.024574,53.594485,On or near EAST LANE,E01007629,Doncaster 004E,Unable to prosecute suspect
54a9ee60a92ae1e2f96de7bfbf38a91a81f02cf4808a763d706f899c9ee1b2d2,2021-03,South Yorkshire Police,South Yorkshire Police,-1.433162,53.355307,On or near LOOSEMORE DRIVE,E01008002,Sheffield 054B,Investigation complete; no suspect identified
1ad191040f102fdf5cebd8b4b4f2dcd6a6d0a033edf52688002030767adbeb42,2021-03,South Yorkshire Police,South Yorkshire Police,-1.100605,53.506147,On or near KENTMERE DRIVE,E01007527,Doncaster 027B,Unable to prosecute suspect
5fa100f04edbbb030aa9ddf9638f429c75278c99353dd712b8223e2c4a9c1752,2021-03,South Yorkshire Police,South Yorkshire Police,-1.593192,53.475957,On or near ASKEW COURT,E01008148,Sheffield 001C,Unable to prosecute suspect
b8f020ba5c66c6bbb624fa694651be6402d2fc257bc892ccb05f6462c17d0155,2021-03,South Yorkshire Police,South Yorkshire Police,-1.145848,53.525912,On or near Prison,E01007529,Doncaster 022A,Unable to prosecute suspect
29703e8e99ffdc3bb912817f1495e8db6fee15d5199ca2a6d4b0ebf42f712dc1,2021-03,South Yorkshire Police,South Yorkshire Police,-1.593192,53.475957,On or near ASKEW COURT,E01008148,Sheffield 001C,Unable to prosecute suspect
3e97859c986ef32ba79cadcfe47f4c9aa9e48e30196c5c46bff253aa94f18909,2021-03,South Yorkshire Police,South Yorkshire Police,-1.501272,53.379359,On or near CROOKES ROAD,E01007867,Sheffield 030B,Investigation complete; no suspect identified
dbec87f1507d069863747c8b523dc56cd01066e3e609bde9a895634909fcbf6e,2021-03,South Yorkshire Police,South Yorkshire Police,-1.396074,53.430307,On or near CLEMENT MEWS,E01007744,Rotherham 015D,Local resolution
afb37e2e17c948f08a3300e12e870acf98e62122edf2ff00499ea7e30c7f0c94,2021-03,South Yorkshire Police,South Yorkshire Police,-1.378065,53.533934,On or near SOUTH VIEW,E01007352,Barnsley 020E,Investigation complete; no suspect identified
0865a853ef1d144a7f2e6fabdf42c741bcb069a026285752ce00293f6c42fdbf,2021-03,South Yorkshire Police,South Yorkshire Police,-1.395413,53.412164,On or near HARROWDEN ROAD,E01007914,Sheffield 018D,Offender given a caution
3850af6cf21ba4950b80dc07307eabe69d50669c2f186495c6a87232748d7af2,2021-03,South Yorkshire Police,South Yorkshire Police,-1.075578,53.537210,On or near DONCASTER ROAD,E01007650,Doncaster 015B,Investigation complete; no suspect identified
3f52cd1cc2070f63c818d212fc1d7e3db9d399b4558e2feada459d921975ac7a,2021-03,South Yorkshire Police,South Yorkshire Police,-1.504093,53.335730,On or near FOLDS DRIVE,E01007825,Sheffield 066B,Investigation complete; no suspect identified
f4060ae9508b17dacb68dfea9b1a8cdc91b9de7f99a872187de8332d5fb7acec,2021-03,South Yorkshire Police,South Yorkshire Police,-1.478622,53.374049,On or near Pedestrian Subway,E01033271,Sheffield 040E,Suspect charged
e70f3e4e98ce8d2c3f3ca45148a40f76c4bc2c3dc0ac7eb70292d76bef312a63,2021-03,South Yorkshire Police,South Yorkshire Police,-1.183922,53.583229,On or near PARK AVENUE,E01007474,Doncaster 005F,Action to be taken by another organisation
48d4f3294fbdba4ec8c21efe849b678c3991edd4a43341d1204e590a54fb2435,2021-03,South Yorkshire Police,South Yorkshire Police,-1.593192,53.475957,On or near ASKEW COURT,E01008148,Sheffield 001C,Unable to prosecute suspect
37c6e395d8cdd344cd8c6a07a8708ad1c1739c83a3256e5c97ad5097bf2c2fec,2021-03,South Yorkshire Police,South Yorkshire Police,-1.111237,53.539215,On or near WORCESTER AVENUE,E01007651,Doncaster 015C,Unable to prosecute suspect
c073018cff850946d03a2b81317c762a0113d31e7133f89b8a1be7d60b2c4ffc,2021-03,South Yorkshire Police,South Yorkshire Police,-1.343737,53.455091,On or near RAWMARSH HILL,E01007784,Rotherham 008D,Investigation complete; no suspect identified
85be6287cbdeaa4027377ab441f3a6057e98ef97687e966235de965c69ee1694,2021-03,South Yorkshire Police,South Yorkshire Police,-1.400158,53.374310,On or near RICHMOND PARK CROFT,E01007910,Sheffield 037A,Investigation complete; no suspect identified
fbb83ec54777cfa86f57332017ebd07dcc0805b456a7add8a571e459615ad2d6,2021-03,South Yorkshire Police,South Yorkshire Police,-1.419500,53.412050,On or near HAYLAND STREET,E01007854,Sheffield 014E,Investigation complete; no suspect identified
c6e4ef9cee4bb6a81dca9a3efbd82275e385d632426fb3f2d43dbd97c9ba8f73,2021-03,South Yorkshire Police,South Yorkshire Police,-1.476714,53.380117,On or near WESTFIELD TERRACE,E01033265,Sheffield 074C,Investigation complete; no suspect identified
d4caaca29e7786f392042d106cb0c886ab2a9a97dc9f96eb564d7cb676a2b338,2021-03,South Yorkshire Police,South Yorkshire Police,-1.378919,53.430066,On or near FERHAM ROAD,E01007715,Rotherham 016A,Investigation complete; no suspect identified
9d2ee8e7ef54c7afffa50c4a22738344b10d0de8b6701eec8c8d20b1007c3400,2021-03,South Yorkshire Police,South Yorkshire Police,-1.473181,53.419148,On or near SOUTHEY HALL ROAD,E01007946,Sheffield 015C,Unable to prosecute suspect
10ec5ea52b3b17b9aecff60256c2794dae31c2fcee219ad913619dbfa3a3fbdd,2021-03,South Yorkshire Police,South Yorkshire Police,-1.475326,53.368255,On or near Parking Area,E01008109,Sheffield 042B,Investigation complete; no suspect identified
dfa5452e4fbbb02d256d39c83839a06337fbc24e31e96a73224ed82b0e866bd2,2021-03,South Yorkshire Police,South Yorkshire Police,-1.481051,53.327552,On or near GREENFIELD CLOSE,E01008080,Sheffield 069D,Investigation complete; no suspect identified
8f1d08f126660130a3752e5718f0f83189e8a93f2715c6a04ecbf8fc297a12ca,2021-03,South Yorkshire Police,South Yorkshire Police,-1.463362,53.383923,On or near Shopping Area,E01033268,Sheffield 075G,Unable to prosecute suspect
8f1d08f126660130a3752e5718f0f83189e8a93f2715c6a04ecbf8fc297a12ca,2021-03,South Yorkshire Police,South Yorkshire Police,-1.463362,53.383923,On or near Shopping Area,E01033268,Sheffield 075G,Unable to prosecute suspect
2a4cb730ef670a648e8e55946b1b09b14e9448d627c90d83135276ccc9116d68,2021-03,South Yorkshire Police,South Yorkshire Police,-1.468492,53.382418,On or near FARGATE,E01033264,Sheffield 073D,Suspect charged
ab378c24c20bc8a9611c52ef36dba449f6f4518e87fc6a1222dd172d903923b1,2021-03,South Yorkshire Police,South Yorkshire Police,-1.478849,53.558504,On or near BRIDGE STREET,E01007410,Barnsley 010E,Unable to prosecute suspect
539c3d94b44a52c5b19cd8d3418c37716c71ca5c09f01f45450cf8fff6829ff5,2021-03,South Yorkshire Police,South Yorkshire Police,-1.493139,53.369248,On or near Supermarket,E01007864,Sheffield 036D,Investigation complete; no suspect identified
e9c72006556c890c495635d6fd5b41a6a4abdd2852a0cf672ded063fe1e3ab43,2021-03,South Yorkshire Police,South Yorkshire Police,-1.464555,53.383533,On or near KING STREET,E01033264,Sheffield 073D,Suspect charged
c4caeae5fb19b1bb39ec04b780f960faadb15b813060c3d1252c501017ff0d61,2021-03,South Yorkshire Police,South Yorkshire Police,,,No location,,,Investigation complete; no suspect identified
49bb40a07d82c09c8e6ecb0b0c0c8c00eacad84a59185e0df3e8823bffb60d61,2021-03,South Yorkshire Police,South Yorkshire Police,-0.948488,53.605841,On or near ST MICHAEL'S DRIVE,E01007641,Doncaster 003F,Unable to prosecute suspect
3810a13745157a19a76967419c6194e2d42798a6852eac45d6eb358902da0a10,2021-03,South Yorkshire Police,South Yorkshire Police,-1.457808,53.393866,On or near GRIMESTHORPE ROAD SOUTH,E01007874,Sheffield 022A,Investigation complete; no suspect identified
013863399f60a78525ae0e69904c9c9f50739782969d7d838d22e8e493f39368,2021-03,South Yorkshire Police,South Yorkshire Police,,,No location,,,Unable to prosecute suspect
70778dbcd8ae52747c96c8c81d2c50c186c43637f09845277d991241e47a40cf,2021-03,South Yorkshire Police,South Yorkshire Police,-1.350424,53.422463,On or near WELHAM DRIVE,E01007680,Rotherham 023D,Investigation complete; no suspect identified
85af28f1a2f9927acf3dbb1061c3ad558ffc2abb82bfe12c0f7af16364dba675,2021-03,South Yorkshire Police,South Yorkshire Police,-1.022191,53.574637,On or near INGRAM CRESCENT,E01007556,Doncaster 006C,Unable to prosecute suspect
72c9150bc6e5eafe4e4fbf5585fddbe5c8969ed7ddfb07103b70e10cd7a21a03,2021-03,South Yorkshire Police,South Yorkshire Police,-1.468492,53.382418,On or near FARGATE,E01033264,Sheffield 073D,Suspect charged
67ab2f79a5ee60a5e0a086ca807b561b82b5578523dd64f66427e7202c3677f9,2021-03,South Yorkshire Police,South Yorkshire Police,-1.319947,53.440684,On or near LADY OAK ROAD,E01007737,Rotherham 013C,Investigation complete; no suspect identified
dd10e0ab60f2f3a627cfd79590e6a48a69d141aa485c28317816eb328e7271b6,2021-03,South Yorkshire Police,South Yorkshire Police,-1.468492,53.382418,On or near FARGATE,E01033264,Sheffield 073D,Unable to prosecute suspect
1d40c248dd8f3f1d006de758a6a2fa06196cc34a50ca3926f317ccaea7182991,2021-03,South Yorkshire Police,South Yorkshire Police,-1.035955,53.539845,On or near YORKSHIRE WAY,E01007479,Doncaster 014A,Investigation complete; no suspect identified
1a1843270d86721c2da15cfdb59f24437f8e4317d24dd12bd4ec0f7661d5ecde,2021-03,South Yorkshire Police,South Yorkshire Police,-1.585115,53.477637,On or near BROOMFIELD COURT,E01008142,Sheffield 002A,Suspect charged
9f98fa34a30c81b296ff434856931f2467bf89afaa5eaf18565bb9f529d12ead,2021-03,South Yorkshire Police,South Yorkshire Police,-1.352279,53.438050,On or near ST ANN'S ROAD,E01007714,Rotherham 017B,Investigation complete; no suspect identified
b92da96f4dbd0b1010b5b83756cb7fe81fa8ab1f13440817eef9fbba2565278a,2021-03,South Yorkshire Police,South Yorkshire Police,-1.473616,53.364373,On or near GLOVER ROAD,E01008112,Sheffield 042D,Unable to prosecute suspect
8c5f4bf992b4e71b3d7851dc26985f9743eff6e896d33454b6f7144f63102d67,2021-03,South Yorkshire Police,South Yorkshire Police,-1.035955,53.539845,On or near YORKSHIRE WAY,E01007479,Doncaster 014A,Unable to prosecute suspect
2eda8fa6457cf57c58b5c11467b3a71a42b22670ac595a70ea3ffdcf1753ac18,2021-03,South Yorkshire Police,South Yorkshire Police,-1.403459,53.447827,On or near Supermarket,E01007804,Rotherham 011B,Investigation complete; no suspect identified
bce05bad67abedd07979779e756348e632931b24f537602b268b223b85071fe0,2021-03,South Yorkshire Police,South Yorkshire Police,-1.378769,53.429058,On or near CAVENDISH ROAD,E01007715,Rotherham 016A,Investigation complete; no suspect identified
a809f22ca0f1bba1eb3011cdd2249ce7649edbfb4f08bfe479724b6f4fad70bf,2021-03,South Yorkshire Police,South Yorkshire Police,-1.491485,53.415982,On or near LAMB DRIVE,E01008092,Sheffield 012D,Investigation complete; no suspect identified
21a88e70d8d9eb147b34c53e09311af4ee18711b8eb3991ab1acc7e23087dac7,2021-03,South Yorkshire Police,South Yorkshire Police,-1.010895,53.571380,On or near NORMAN DRIVE,E01007560,Doncaster 008E,Unable to prosecute suspect
ed59b465453adcd5f043f77f35b60abd8eccae8ae33cdf8363cfbf8535c5715e,2021-03,South Yorkshire Police,South Yorkshire Police,-1.505554,53.357489,On or near JOWITT ROAD,E01008044,Sheffield 046B,Investigation complete; no suspect identified
1395ee253d2f63c58fd67d4097f28ecbe788b5f60a744974bd782f1178e64991,2021-03,South Yorkshire Police,South Yorkshire Police,-1.486839,53.549451,On or near ST GEORGE'S ROAD,E01007417,Barnsley 013D,Suspect charged
3beb5959304679c1db040fea12de3a121fe10ef24406f93fba117257a74d4112,2021-03,South Yorkshire Police,South Yorkshire Police,-1.429108,53.363018,On or near LEONARD CLOSE,E01008013,Sheffield 039C,Investigation complete; no suspect identified
533aec081556aa680d5aab92cffd4c10bd4b5d38f088afa838febf838d07ed1d,2021-03,South Yorkshire Police,South Yorkshire Police,-1.111618,53.530364,On or near Hospital,E01007567,Doncaster 018D,Investigation complete; no suspect identified
4b57642ce409d60809f3371b95fcec7936b810b7dc3c1f3d21f9368e0b4a605f,2021-03,South Yorkshire Police,South Yorkshire Police,-1.347586,53.553753,On or near PLEASANT AVENUE,E01007354,Barnsley 020G,Investigation complete; no suspect identified
72b4057ad6141d770b0fe236fc94527a03450f2d1822c487949d7aa06e3f3ba0,2021-03,South Yorkshire Police,South Yorkshire Police,-1.488946,53.413194,On or near SCRAITH WOOD DRIVE,E01008092,Sheffield 012D,Unable to prosecute suspect
1bbd0d6445ab4cfbbb7bd5a3dc5017458a39e942ed53c225661021cd053bf2bf,2021-03,South Yorkshire Police,South Yorkshire Police,-1.427098,53.344761,On or near WHITE LANE,E01008006,Sheffield 054D,Investigation complete; no suspect identified
5c7276610bc4ae4f83a18d8d1fd2456155aa4ca9684e3f5f1f21eb0b24b47517,2021-03,South Yorkshire Police,South Yorkshire Police,-1.432788,53.366487,On or near SCOTIA DRIVE,E01008012,Sheffield 039B,Investigation complete; no suspect identified
2a297ad40f7d11541d82cbd994692eefaf5b48c3a88e584caef5c9b1e4ee8332,2021-03,South Yorkshire Police,South Yorkshire Police,-1.343536,53.459333,On or near BELLOWS CLOSE,E01007783,Rotherham 008C,Investigation complete; no suspect identified
d29e32e4ecf7a46b05dc1787151fc99c448c29b3c8716321da8ae91d2f542c38,2021-03,South Yorkshire Police,South Yorkshire Police,-1.432788,53.366487,On or near SCOTIA DRIVE,E01008012,Sheffield 039B,Investigation complete; no suspect identified
3655970980f8946b6eca60587f7791b8234c728c34955071119f82551bf59e5f,2021-03,South Yorkshire Police,South Yorkshire Police,-1.447028,53.567664,On or near Petrol Station,E01007404,Barnsley 009D,Investigation complete; no suspect identified
ebbb97f12db2625690c33c8acb2b47cb2be168108b0a689a837881c606c1432e,2021-03,South Yorkshire Police,South Yorkshire Police,-1.326495,53.424515,On or near SWINBURNE PLACE,E01007708,Rotherham 021A,Investigation complete; no suspect identified
241105f6911e1220efd12dc7e98db0cbdb67dc9b314b6b1bad69892015b07ded,2021-03,South Yorkshire Police,South Yorkshire Police,-1.378065,53.533934,On or near SOUTH VIEW,E01007352,Barnsley 020E,Unable to prosecute suspect
a9e0e8376bcca1e5d9176fb037077bb45abbadf618a3be3cfed28fd5c5745b49,2021-03,South Yorkshire Police,South Yorkshire Police,-1.281331,53.427362,On or near REYNOLDS CLOSE,E01007726,Rotherham 019F,Unable to prosecute suspect
3566b8901baa3fbe3ed3214b1cbde4e8d368d317ad1d512708d68067b71b91db,2021-03,South Yorkshire Police,South Yorkshire Police,-1.464976,53.375094,On or near FORNHAM STREET,E01033274,Sheffield 042G,Investigation complete; no suspect identified
a517bb96b9ac5e3e58f23874c26095c21988c0fdf7df18083263a4c93a02e6b2,2021-03,South Yorkshire Police,South Yorkshire Police,-1.541143,53.327115,On or near LEYFIELD ROAD,E01007921,Sheffield 068B,Investigation complete; no suspect identified
82837bb1916192692c483679ad51c71ebd170cd081cf5d6a6069b7dfff306e34,2021-03,South Yorkshire Police,South Yorkshire Police,-1.443618,53.431544,On or near SICEY AVENUE,E01008059,Sheffield 010C,Investigation complete; no suspect identified
67ba20f6b7b42ad96c813f18641fb41a352df9eacc7a286defa47326c27883cc,2021-03,South Yorkshire Police,South Yorkshire Police,-1.456373,53.403810,On or near OSGATHORPE CRESCENT,E01007873,Sheffield 020C,Unable to prosecute suspect
889aa834b548d912d68a749eac534ddd9812d21556e3831b49bfc12a400a3e43,2021-03,South Yorkshire Police,South Yorkshire Police,-1.513500,53.385324,On or near STANNINGTON VIEW ROAD,E01008159,Sheffield 029D,Investigation complete; no suspect identified
07807fd94037477368dec27a9c1cf41537019a503566f732aa6ec4bee79f51c8,2021-03,South Yorkshire Police,South Yorkshire Police,-1.481384,53.543810,On or near CANADA STREET,E01007413,Barnsley 017C,Further action is not in the public interest
f4bf6f4deaa3db5a600237458e72083f628abfb2d8933f27f7c7fedc9298e8fd,2021-03,South Yorkshire Police,South Yorkshire Police,-1.467077,53.436811,On or near TYAS ROAD,E01008058,Sheffield 006C,Further action is not in the public interest
3a5d89bb41c4585f160cb22ddfd81203b014e3606ceb7dac4d4808eb77945c75,2021-03,South Yorkshire Police,South Yorkshire Police,-1.494945,53.559490,On or near THORNTREE LANE,E01007408,Barnsley 010C,Investigation complete; no suspect identified
391a8eaebee319eca6b484001827cabda9e7285e4578ac196ed919a758b2696a,2021-03,South Yorkshire Police,South Yorkshire Police,-1.352411,53.330204,On or near BIRCHWOOD GARDENS,E01008022,Sheffield 065C,Unable to prosecute suspect
7d0ae6266da57c54e35be908e46b21d1e7bf6d418323a9a1658cfc3ae248ecc5,2021-03,South Yorkshire Police,South Yorkshire Police,-1.518029,53.415688,On or near Sports/Recreation Area,E01033275,Sheffield 008F,Investigation complete; no suspect identified
92ed5e7cde98bb2d51849a27da67414b157ae278b55cc32adaa958a9a06587a8,2021-03,South Yorkshire Police,South Yorkshire Police,-1.472149,53.371189,On or near Petrol Station,E01008108,Sheffield 042A,Investigation complete; no suspect identified
7144871d40ed47e8e730297ea6a8c2fd577b356909739e35fcd1b70658b68f6e,2021-03,South Yorkshire Police,South Yorkshire Police,-0.990449,53.591649,On or near Petrol Station,E01007559,Doncaster 008D,Investigation complete; no suspect identified
e44ef9520e05da2dd634de88caef71c14f40f1d83e2a8d75feae4ff1b449f9d6,2021-03,South Yorkshire Police,South Yorkshire Police,-1.474542,53.417356,On or near RAISEN HALL ROAD,E01007946,Sheffield 015C,Suspect charged
3c5dce45af329207f80126926e44f10c6c1907d148d52e27c5124029cd01209a,2021-03,South Yorkshire Police,South Yorkshire Police,-1.028459,53.600962,On or near FINKLE STREET,E01007626,Doncaster 004B,Investigation complete; no suspect identified
94d162f4d462a67d968d6c34e205b86e1d72b39417c3d1ade4a734234dec8eff,2021-03,South Yorkshire Police,South Yorkshire Police,-1.369021,53.548618,On or near PARK SPRING ROAD,E01007350,Barnsley 020C,Suspect charged
545485a298934e9805268428eb9d121bed65a18c0c45f02eca0694fc76d333bc,2021-03,South Yorkshire Police,South Yorkshire Police,-1.317056,53.541133,On or near HILLCREST,E01007375,Barnsley 014D,Investigation complete; no suspect identified
f95db115bdd3679656ca3ff480e61af99308f8ed363aa6fefdacfc9a18ebf0d2,2021-03,South Yorkshire Police,South Yorkshire Police,-1.475865,53.379439,On or near CANNING STREET,E01033265,Sheffield 074C,Investigation complete; no suspect identified
7d592be45673cbd77529046730630af3f546bea4054dba77ebd2aff60e8a0ef9,2021-03,South Yorkshire Police,South Yorkshire Police,-1.477275,53.368641,On or near CLARKE SQUARE,E01008105,Sheffield 040A,Investigation complete; no suspect identified
045457c45a9d299d28a9f5b53a42012f6cb85eddfc8853ced28f5c02f7a4eee8,2021-03,South Yorkshire Police,South Yorkshire Police,-1.492091,53.419464,On or near COOKSON CLOSE,E01008090,Sheffield 012C,Investigation complete; no suspect identified
6f0c5d26f25114fd7663237f84cfcc5a4ec43c5ce452ffade964222b5a3419f7,2021-03,South Yorkshire Police,South Yorkshire Police,-1.481009,53.564599,On or near HALIFAX STREET,E01007410,Barnsley 010E,Investigation complete; no suspect identified
610f644720647c13b9038f7a02f400bb2d37155b52f5c8c0a2afc3724f51ed3c,2021-03,South Yorkshire Police,South Yorkshire Police,-1.059043,53.505117,On or near GREENFIELD GARDENS,E01007603,Doncaster 026E,Investigation complete; no suspect identified
fef7be830bee4642916c48787e65d74518626e24af66664fedc6d2680c7b7360,2021-03,South Yorkshire Police,South Yorkshire Police,-1.300830,53.494694,On or near WHITELEE ROAD,E01007577,Doncaster 031F,Unable to prosecute suspect
ae04f17063be3f633a5248e9414b3a260fee670fa8b94d4cbcee35d9dda12443,2021-03,South Yorkshire Police,South Yorkshire Police,-1.491064,53.417248,On or near COOKSON ROAD,E01008092,Sheffield 012D,Investigation complete; no suspect identified
17339e2055c733bd6504b3392793f55773fc25cdbc2e44c0f592760846fe1e8f,2021-03,South Yorkshire Police,South Yorkshire Police,-1.444018,53.423906,On or near WINKLEY TERRACE,E01007849,Sheffield 010A,Investigation complete; no suspect identified
af16da8dc0beed4e345b38a828709e0a0b1e20411a4e70f28e059e1a0e93853b,2021-03,South Yorkshire Police,South Yorkshire Police,-1.459404,53.390188,On or near SPITAL HILL,E01033270,Sheffield 022H,Investigation complete; no suspect identified
ea14e0ca70df1de6692a7cfe4155c3dd071c473e72aa38762022fba5aa3fb36e,2021-03,South Yorkshire Police,South Yorkshire Police,-1.437296,53.557992,On or near WYCOMBE STREET,E01007403,Barnsley 011C,Investigation complete; no suspect identified
fd3f0d3ad62fa37cb140b56cc3da582641ed4748e5cd161094e9b7fe42ee24ba,2021-03,South Yorkshire Police,South Yorkshire Police,-1.464048,53.529163,On or near UNDERHILL,E01007463,Barnsley 021F,Further action is not in the public interest
d209aa39d1bbd866e457b7885e929b8123deb8ccf65a9d69647311d455f605e3,2021-03,South Yorkshire Police,South Yorkshire Police,-1.398082,53.437301,On or near OLD WORTLEY ROAD,E01007742,Rotherham 015B,Investigation complete; no suspect identified
4710b5bf1422cbbbc219985891a929f925b0f75d0ad5bdae8a926437f03ce875,2021-03,South Yorkshire Police,South Yorkshire Police,-1.457356,53.529888,On or near WEST STREET,E01007458,Barnsley 021A,Investigation complete; no suspect identified
d85eb5697dcee6b322301dea5cd9a5a246243ca33067e532b09fd8041545dd82,2021-03,South Yorkshire Police,South Yorkshire Police,-1.478774,53.553551,On or near Bus/Coach Station,E01007340,Barnsley 013B,Investigation complete; no suspect identified
0c97666ef50e2fa5b37cf18ed685a8e5810c705ab4ee0114a6b46072197d4619,2021-03,South Yorkshire Police,South Yorkshire Police,-1.206710,53.425200,On or near MANOR CLOSE,E01007762,Rotherham 018F,Local resolution
7b72bf6b33578b93e527ae51a1a4e1176ba2908a0cdaf5d360b27fbebbce15c0,2021-03,South Yorkshire Police,South Yorkshire Police,-1.351075,53.336129,On or near MIDDLECLIFF CLOSE,E01008039,Sheffield 065F,Investigation complete; no suspect identified
df7aa0494e39740edb68e98b123a098cc219896a1483b20887d8ab908726fc6c,2021-03,South Yorkshire Police,South Yorkshire Police,-1.364433,53.422538,On or near BOW BRIDGE CLOSE,E01007676,Rotherham 025A,Investigation complete; no suspect identified
d5188c7212a3dac8da62b2ffbc766a43737f1bc7575f2dd14f1584f7e0839437,2021-03,South Yorkshire Police,South Yorkshire Police,-1.383081,53.431616,On or near FERHAM CLOSE,E01007715,Rotherham 016A,Unable to prosecute suspect
b023eee0380c9ed9c9cb4a61137645dfd595960ca634660c0c03efd55206e49f,2021-03,South Yorkshire Police,South Yorkshire Police,-1.484210,53.380599,On or near UPPER HANOVER STREET,E01007866,Sheffield 030A,Investigation complete; no suspect identified
cf990fdb1572f23129a9b0192129e4c98124a64712f48d07e301bd6aaaad1b5a,2021-03,South Yorkshire Police,South Yorkshire Police,-1.396275,53.416070,On or near NEWMARCH STREET,E01007913,Sheffield 018C,Investigation complete; no suspect identified
14cca6c397d30b02aa6cdcddab300c1951771ca1bb6b280c2343a66bbec0139a,2021-03,South Yorkshire Police,South Yorkshire Police,-1.165178,53.500287,On or near AUSTEN AVENUE,E01007499,Doncaster 029D,Unable to prosecute suspect
5e1377d2cfe9cd809f5229900a08de7696206bb772ce5c8231294441f5e6cfef,2021-03,South Yorkshire Police,South Yorkshire Police,-1.455978,53.529127,On or near NEW STREET,E01007458,Barnsley 021A,Unable to prosecute suspect
392d7dd22205af4b0ef4e4197cb0054e3855785447a0ff7d60aeb00bed4def5e,2021-03,South Yorkshire Police,South Yorkshire Police,-1.421344,53.421425,On or near JARDINE STREET,E01007852,Sheffield 014C,Unable to prosecute suspect
cd751506d561a211ed6e43070593c0e69410af8e916724a21755b2caa19bd5d1,2021-03,South Yorkshire Police,South Yorkshire Police,-1.388950,53.437992,On or near WATSON ROAD,E01007741,Rotherham 015A,Investigation complete; no suspect identified
8ea0cdfb8c053959902b81d35c3a9a3972effac29365afbd97be934399497912,2021-03,South Yorkshire Police,South Yorkshire Police,-1.155275,53.504721,On or near HIGH ROAD,E01007494,Doncaster 023A,Suspect charged
541e3e1b4b394c403a56472454a0528f0d664e40b4aa8a767b3c9a04d177c959,2021-03,South Yorkshire Police,South Yorkshire Police,-1.230562,53.482748,On or near CHURCH STREET,E01007536,Doncaster 032A,Investigation complete; no suspect identified
d9adfa352e4d11ac1477e0e9cf74e22f263fecd7366fbb9a67e11a8e56afdc12,2021-03,South Yorkshire Police,South Yorkshire Police,-1.436892,53.557748,On or near WIKE ROAD,E01007403,Barnsley 011C,Unable to prosecute suspect
7df4932d661a4887cc822ec739a183485b423bd58ba8b9c47cf7be7c4350845f,2021-03,South Yorkshire Police,South Yorkshire Police,-1.442829,53.411307,On or near HINDE HOUSE CROFT,E01007940,Sheffield 022E,Investigation complete; no suspect identified
52412a9faac4082d9a38f77fcd2824d9a451057d15c27db58f820a4834375406,2021-03,South Yorkshire Police,South Yorkshire Police,-1.108760,53.517767,On or near BELLE VUE AVENUE,E01007644,Doncaster 019A,Further action is not in the public interest
eaa7a39c36df008cacc13801705e40e6bb24bb323149a87c81d977fc177ca247,2021-03,South Yorkshire Police,South Yorkshire Police,,,No location,,,Investigation complete; no suspect identified
4920a2be092faf3b93086cbdddc72d0c8b4d0733827637c453db19798c37f66c,2021-03,South Yorkshire Police,South Yorkshire Police,-1.420298,53.350032,On or near ELSTREE ROAD,E01008005,Sheffield 052D,Unable to prosecute suspect
e508dfed64a8e72c44e5749253b3fa728854375ccf12b7c9ed49716d6e3b4b2c,2021-03,South Yorkshire Police,South Yorkshire Police,-1.494907,53.363287,On or near ST ANDREW'S ROAD,E01008049,Sheffield 050D,Investigation complete; no suspect identified
171f0cbb4e7b694149350efce19fa4c0b8e9ba3533a2afcc1bc8e423987ffa96,2021-03,South Yorkshire Police,South Yorkshire Police,-1.485250,53.554766,On or near CHURCHFIELD,E01007336,Barnsley 013A,Unable to prosecute suspect
a5e13f41ef137b96db7a2808ddb6f5230e98770466f92422c997822657404f5e,2021-03,South Yorkshire Police,South Yorkshire Police,-1.471292,53.318996,On or near BOWSHAW VIEW,E01008084,Sheffield 070D,Unable to prosecute suspect
3975ce7a1e0a904797eb5de9f499450be100ba6c76e80e8edf9154f449582e33,2021-03,South Yorkshire Police,South Yorkshire Police,-1.360957,53.404407,On or near LYNCROFT CLOSE,E01007702,Rotherham 025B,Investigation complete; no suspect identified
4a792d94db48784f3051b74c16577841162867518aa2fb5dcef7edb2c40d7ddc,2021-03,South Yorkshire Police,South Yorkshire Police,-1.364433,53.422538,On or near BOW BRIDGE CLOSE,E01007676,Rotherham 025A,Investigation complete; no suspect identified
fbbf1c2cab4029f2f4029ee96f2c5bffaa41c2099f972f41727757a0b1a6a242,2021-03,South Yorkshire Police,South Yorkshire Police,-1.444983,53.343992,On or near IRONSIDE ROAD,E01008075,Sheffield 060B,Investigation complete; no suspect identified
1ff78c13a3daace39fd6b7755a5bb550fe0eb120c9968b7f935168e8a6b39889,2021-03,South Yorkshire Police,South Yorkshire Police,-1.108242,53.523759,On or near SANDRINGHAM ROAD,E01007649,Doncaster 019E,Unable to prosecute suspect
9bed8224e0778cc01c59bec9dcf503005497cc9f1ee354a33b559d65f762013a,2021-03,South Yorkshire Police,South Yorkshire Police,-1.371190,53.358152,On or near TANNERY STREET,E01007970,Sheffield 049D,Unable to prosecute suspect
de6f84d862ec0a2012dafa463998a8954aa0ec8b1a997ee7238b749348e51b77,2021-03,South Yorkshire Police,South Yorkshire Police,-1.475478,53.560107,On or near CANAL WAY,E01007410,Barnsley 010E,Investigation complete; no suspect identified
481732791e32ed8002e1b5777d7d30ca270134386c674c0bb7e27f2872d270b1,2021-03,South Yorkshire Police,South Yorkshire Police,-1.441396,53.544709,On or near STANLEY ROAD,E01007322,Barnsley 015C,Investigation complete; no suspect identified
c33d6b08a8462e31b9d4f6c7e00b3d6961613f6f3fcbd1122a7781fbd2d327dd,2021-03,South Yorkshire Police,South Yorkshire Police,-1.449621,53.339591,On or near BLACKSTOCK DRIVE,E01008077,Sheffield 060D,Investigation complete; no suspect identified
31b065410d78305ccdefeb681b870913d744fd11c98a9d6a79245880f8f6a7bd,2021-03,South Yorkshire Police,South Yorkshire Police,-1.533063,53.313528,On or near GREEN OAK CRESCENT,E01007925,Sheffield 068D,Unable to prosecute suspect
d1ced9630b60b4c111c0b988975bb6ccd66ded287cb9390712a42fac23418449,2021-03,South Yorkshire Police,South Yorkshire Police,-1.405828,53.362185,On or near RICHMOND ROAD,E01008008,Sheffield 045D,Investigation complete; no suspect identified
7906dba6e20c363eb19e6c9a40f47905e22577f969f08d9790f98863cfa1f2d6,2021-03,South Yorkshire Police,South Yorkshire Police,-1.238683,53.476050,On or near POPLAR GROVE,E01007540,Doncaster 035D,Suspect charged
c9852bad0b972416e94f846ca291ec358455cd32ab0441b18612fd4b2a09844a,2021-03,South Yorkshire Police,South Yorkshire Police,-1.304796,53.548002,On or near WINDSOR SQUARE,E01007377,Barnsley 014E,Investigation complete; no suspect identified
2e0a70c8baea84295949804e50d26a9f68b5f9fb21dc56a517f3c111b652ce02,2021-03,South Yorkshire Police,South Yorkshire Police,-1.502371,53.437179,On or near GRENOMOOR CLOSE,E01008141,Sheffield 005E,Investigation complete; no suspect identified
65a53483d6977e03878897a008fa283e414f5b308fb0cea6c0c221752226be8c,2021-03,South Yorkshire Police,South Yorkshire Police,-1.405828,53.362185,On or near RICHMOND ROAD,E01008008,Sheffield 045D,Investigation complete; no suspect identified
7d67196d759f8c4fa8748074d860b9208254392bb91f687b944a824a982889bb,2021-03,South Yorkshire Police,South Yorkshire Police,-1.069920,53.437993,On or near Parking Area,E01007614,Doncaster 039C,Investigation complete; no suspect identified
3af64f714fcb1433e481e7668113d2ee2fddd7e4230ef9c0118fe16661d1006e,2021-03,South Yorkshire Police,South Yorkshire Police,-1.462380,53.356844,On or near NORTHCOTE AVENUE,E01007976,Sheffield 051B,Investigation complete; no suspect identified
26d9fc67d9f5b552b286353bc27f2c9f535238cb81c193e4378be3adcd4147a3,2021-03,South Yorkshire Police,South Yorkshire Police,-1.509400,53.394107,On or near THRUSH STREET,E01008154,Sheffield 024C,Investigation complete; no suspect identified
01d05589272551014028c973f465e5c5c9d63c6bc50db5111577ee54b1bd0d68,2021-03,South Yorkshire Police,South Yorkshire Police,-1.373865,53.451415,On or near WAGON ROAD,E01007729,Rotherham 009B,Investigation complete; no suspect identified
d58c149df66e26cf2a358bd11f7332a3fbaf8443f8c74a4bda62140cdc01dc8a,2021-03,South Yorkshire Police,South Yorkshire Police,-1.536169,53.327545,On or near DORE HALL CROFT,E01007921,Sheffield 068B,Investigation complete; no suspect identified
8e41f4741d67222e7a2d2fa571cd2ee7d18425a18a3e20e8307d6b54cad512e2,2021-03,South Yorkshire Police,South Yorkshire Police,-1.302346,53.487692,On or near WALKER STREET,E01007800,Rotherham 003E,Investigation complete; no suspect identified
c3503bf842bd0c2e9dc6fcd875223fcb7155aecb05b7622b7b3628fa6d653e9b,2021-03,South Yorkshire Police,South Yorkshire Police,-1.496527,53.488434,On or near MAPLE COURT,E01007424,Barnsley 028E,Investigation complete; no suspect identified
be4cddc69c90e32a63c6ff9a2f571b9f7bcafc1793ca2f456e98e7255ba73404,2021-03,South Yorkshire Police,South Yorkshire Police,-1.468183,53.383135,On or near YORK STREET,E01033264,Sheffield 073D,Unable to prosecute suspect
154f98117e551e297510fb808a132eb38f3c3273d4074809685c9698334a0f32,2021-03,South Yorkshire Police,South Yorkshire Police,-1.032438,53.600796,On or near BRIDGE HILL,E01007626,Doncaster 004B,Investigation complete; no suspect identified
bfd0c6b0347112f6230c4ababb89f2bfa9c30c5400cd07fe1f1b7d1a58c2a5b8,2021-03,South Yorkshire Police,South Yorkshire Police,-1.483137,53.582009,On or near CLIFTON AVENUE,E01007324,Barnsley 007B,Suspect charged
dd973bbfe6f14e94508ddc2b8c4034cdb5dc3e7989eea1f26350543fc9b96709,2021-03,South Yorkshire Police,South Yorkshire Police,-1.533063,53.313528,On or near GREEN OAK CRESCENT,E01007925,Sheffield 068D,Investigation complete; no suspect identified
98b2dab73899b226b23c76fb27319e38e1c4236c83dc3054a981a6fe6d6157d9,2021-03,South Yorkshire Police,South Yorkshire Police,-1.304668,53.517152,On or near CRANE WELL VIEW,E01007366,Barnsley 025C,Investigation complete; no suspect identified
ead1e442ea84a54c83ccd7e589d345a1b16e57825bfa0337a44657be2be0cfc0,2021-03,South Yorkshire Police,South Yorkshire Police,-1.093078,53.533865,On or near SELKIRK ROAD,E01007566,Doncaster 018C,Unable to prosecute suspect
fd51edf0d20b30d177503abde50f242976d16afd48637fbeb06ae3d38252e2f6,2021-03,South Yorkshire Police,South Yorkshire Police,-1.385372,53.505469,On or near PLOUGHMANS CROFT,E01007695,Rotherham 001C,Investigation complete; no suspect identified
e49a92f49bf65a2bf427a85eeee77a7149e94dbf840c85c22deece8cfb945c17,2021-03,South Yorkshire Police,South Yorkshire Police,-1.610218,53.485766,On or near ALRICH MEWS,E01008149,Sheffield 001D,Unable to prosecute suspect
14865a5c56bdc28c307defb00930a5dcc6f397a22b0af996faa4f01b41fab75e,2021-03,South Yorkshire Police,South Yorkshire Police,-1.226835,53.485502,On or near CASTLE CRESCENT,E01007536,Doncaster 032A,Investigation complete; no suspect identified
32dc506afd17f9bfda6ff64c3ee335f817cac5942fa887c881a34924564c5aca,2021-03,South Yorkshire Police,South Yorkshire Police,-0.962158,53.622167,On or near IVY ROAD,E01007635,Doncaster 001D,Investigation complete; no suspect identified
a3a02f4119ef0f02c4a7a307a787a529051803e6432c20b3d78a1cd14181da36,2021-03,South Yorkshire Police,South Yorkshire Police,-1.483137,53.582009,On or near CLIFTON AVENUE,E01007324,Barnsley 007B,Suspect charged
07a8ca8bff4e2df0b20ae647ad840931bbbf87b34fa2360f63382ce812eaf7ce,2021-03,South Yorkshire Police,South Yorkshire Police,-1.435171,53.456790,On or near WINDSOR ROAD,E01007803,Rotherham 007D,Investigation complete; no suspect identified
af119aad00fc288e1727cbd684e70ae232b84ffb87debcd521196bd0540358da,2021-03,South Yorkshire Police,South Yorkshire Police,-1.443907,53.574202,On or near FORMBY COURT,E01007406,Barnsley 009E,Investigation complete; no suspect identified
a6b9d94d7de819d7f8e519a786f1569de0452f58cc3c865f9a20801b4b9fa71f,2021-03,South Yorkshire Police,South Yorkshire Police,-1.593604,53.475428,On or near SPURLEY HEY GROVE,E01008148,Sheffield 001C,Unable to prosecute suspect
8473717a9cc20569a863ae6b2e5103f26759632091f50907c3013614963cf5cb,2021-03,South Yorkshire Police,South Yorkshire Police,-1.129204,53.516624,On or near JARRATT STREET,E01007645,Doncaster 022E,Suspect charged
aa35b5e8ace45ecf14dccbd1435aabf55cacd1890c5af1aa381589ed74897f00,2021-03,South Yorkshire Police,South Yorkshire Police,-1.345928,53.495795,On or near FITZWILLIAM AVENUE,E01007817,Rotherham 002B,Investigation complete; no suspect identified
5cb34e725f6732431b1a3361bec7ec8a741ddefd32c223f899d2fe3a3fec3e53,2021-03,South Yorkshire Police,South Yorkshire Police,-1.295648,53.340516,On or near ALMOND TREE ROAD,E01007750,Rotherham 031D,Investigation complete; no suspect identified
ca1d01708ab5a11518de5c806944f8f271ed5ba3659e300b4750c844ac392c1d,2021-03,South Yorkshire Police,South Yorkshire Police,-1.433837,53.407526,On or near BIRDWELL ROAD,E01007855,Sheffield 014F,Investigation complete; no suspect identified
952f11219f606478bbc399c0c88f9bd28366a39e583e144ab62cbc33e39117f7,2021-03,South Yorkshire Police,South Yorkshire Police,-1.129417,53.516508,On or near GILL STREET,E01007645,Doncaster 022E,Suspect charged
d4c6deb6a9dd9821e05190f6063bf2301e6c541c4d9900773db7f811269757ed,2021-03,South Yorkshire Police,South Yorkshire Police,-1.443556,53.602092,On or near ROBIN HOOD AVENUE,E01007440,Barnsley 002D,Unable to prosecute suspect
a4685a7241c9a2e78023d5eee4ee50c245a4c56e0db464a4db82e196c275082d,2021-03,South Yorkshire Police,South Yorkshire Police,-1.129417,53.516508,On or near GILL STREET,E01007645,Doncaster 022E,Suspect charged
eb8711c619375ce86d54159e089563eaa2dc47c12ba086d49178306226b71e38,2021-03,South Yorkshire Police,South Yorkshire Police,-1.477949,53.384859,On or near BROCCO LANE,E01033276,Sheffield 073E,Local resolution
4128591aa64faacc8770da9fd6e87935568adb4a09b6461b7d6e62b4c2b68810,2021-03,South Yorkshire Police,South Yorkshire Police,-1.380284,53.348563,On or near CARR FORGE CLOSE,E01033279,Sheffield 076F,Unable to prosecute suspect
bdbde851fea4ee15be3af6640409b0833ea0e3215c11943e2003100d5fdf7cdd,2021-03,South Yorkshire Police,South Yorkshire Police,-1.447156,53.344361,On or near GAUNT CLOSE,E01008076,Sheffield 060C,Investigation complete; no suspect identified
de82c0d72b67e3a6dd950a0d3f78359d20d17d009df016ccac9d386ac9a39bed,2021-03,South Yorkshire Police,South Yorkshire Police,-1.367371,53.400954,On or near WILLOWGARTH AVENUE,E01007704,Rotherham 025D,Investigation complete; no suspect identified
7df52614a629ca1722f49e2d8ad8f9aa1380bd0e456afc3a9a7a0e79d307cea1,2021-03,South Yorkshire Police,South Yorkshire Police,-1.484775,53.323775,On or near GERVASE AVENUE,E01007916,Sheffield 069B,Investigation complete; no suspect identified
5e8ac020fdee4e849555a20675503a9505c0a26eb8ee24d4d97dedd50444155b,2021-03,South Yorkshire Police,South Yorkshire Police,-1.469127,53.380955,On or near Theatre/Concert Hall,E01033264,Sheffield 073D,Investigation complete; no suspect identified
e4ac96a8501cb4d68281589caa05aea69d61703dade0813d0913f07382dd5e4f,2021-03,South Yorkshire Police,South Yorkshire Police,-1.050721,53.534103,On or near TENNYSON AVENUE,E01007486,Doncaster 017D,Unable to prosecute suspect
d2d5405731174c7171bc268c1d7a0f07d075aa2b9dafbcd24b8a8aa2630755e6,2021-03,South Yorkshire Police,South Yorkshire Police,-1.481628,53.335680,On or near Petrol Station,E01007834,Sheffield 066D,Investigation complete; no suspect identified
8251e094a1c43a8e3c8a6a2d576737ab2fe2d9a974cf5f2ad08ed4f939ff5c4e,2021-03,South Yorkshire Police,South Yorkshire Police,-1.320832,53.521137,On or near EAST CROFT,E01007364,Barnsley 025A,Unable to prosecute suspect
818e332d05e2658f4438138cb61e1337fd63f076bf996a1668badd9f3e6ed38f,2021-03,South Yorkshire Police,South Yorkshire Police,-1.472553,53.413941,On or near RAISEN HALL PLACE,E01007945,Sheffield 015B,Investigation complete; no suspect identified
1470e38f4f0be012f00c811e316b3bb04971328bba798812098e88a9c9ceb0b2,2021-03,South Yorkshire Police,South Yorkshire Police,-1.510209,53.382560,On or near ST THOMAS ROAD,E01007960,Sheffield 029B,Investigation complete; no suspect identified
0b1165353d52bec3be54a8e5cfdfe0122c05984e8b02ff62777a2039a7c7e346,2021-03,South Yorkshire Police,South Yorkshire Police,-1.480885,53.367146,On or near SMEATON STREET,E01008105,Sheffield 040A,Investigation complete; no suspect identified
c63beacc5555163cc58c840a65b86a3374670385b50d6d20538478214ddd4f3c,2021-03,South Yorkshire Police,South Yorkshire Police,-1.434204,53.365110,On or near WULFRIC CLOSE,E01008012,Sheffield 039B,Investigation complete; no suspect identified
0ef6a153b3395a66f479951f2f3272c83f4448929d8fb25ca74240971be32907,2021-03,South Yorkshire Police,South Yorkshire Police,-1.484200,53.431160,On or near FULMERE ROAD,E01008117,Sheffield 009D,Investigation complete; no suspect identified
68cc3ecd7f56098c809b32b488bd494e1632450870d8ad798e03f5bd917d8cc9,2021-03,South Yorkshire Police,South Yorkshire Police,-1.311376,53.367386,On or near CONYERS DRIVE,E01007668,Rotherham 030B,Offender given a drugs possession warning
19d75706047c5e137c25ed77703bf62f8b64ec265ecaf580a6de62367af26e4e,2021-03,South Yorkshire Police,South Yorkshire Police,-1.083708,53.554117,On or near CENTURY CLOSE,E01007624,Doncaster 007D,Investigation complete; no suspect identified
98b49bfb515eaf0e02c3fe9efe8dcb5cc187a5f9121e30107b9f468e6fd53e59,2021-03,South Yorkshire Police,South Yorkshire Police,-1.441249,53.548969,On or near CARRWOOD ROAD,E01007322,Barnsley 015C,Unable to prosecute suspect
5cb9c81bec1a0b0e06bb4270eb5db18adf6e8af21191aa274d7bb4c9eb944a95,2021-03,South Yorkshire Police,South Yorkshire Police,-1.180610,53.585768,On or near BORROWDALE CLOSE,E01007472,Doncaster 005D,Further action is not in the public interest
ffdabb19d0860540bc8702936f09d69569f9d55ceafcd67cfb8dae49f6274b7a,2021-03,South Yorkshire Police,South Yorkshire Police,-1.320832,53.521137,On or near EAST CROFT,E01007364,Barnsley 025A,Unable to prosecute suspect
2fbb6665bce6a4907dc7b60ff800734b9b3acbf737f1f3067b749748bea4c44b,2021-03,South Yorkshire Police,South Yorkshire Police,-1.108126,53.431525,On or near CASTLE CLOSE,E01007615,Doncaster 039D,Unable to prosecute suspect
541e184fa59a58ffc10dbcb083748767cebae1c06d97671b10106a707215f726,2021-03,South Yorkshire Police,South Yorkshire Police,-1.126506,53.526060,On or near BROXHOLME LANE,E01007648,Doncaster 019D,Investigation complete; no suspect identified
bbbaf40d27f3d9ac14d9db872a9745616cf0ef8a12f14fbda5de68ed332abc26,2021-03,South Yorkshire Police,South Yorkshire Police,-1.222458,53.560816,On or near PICKBURN LANE,E01007587,Doncaster 020C,Investigation complete; no suspect identified
864ec5cd8819e478e57a193450ba1e6f781898e7da43a90d7e1908c6a26a7ece,2021-03,South Yorkshire Police,South Yorkshire Police,-1.471243,53.545006,On or near CORPORATION STREET,E01007339,Barnsley 017B,Further investigation is not in the public interest
5bedb79799f886570abe688bf1e013d958f2f1c78652ecb552e30fb57bbff790,2021-03,South Yorkshire Police,South Yorkshire Police,-1.471243,53.545006,On or near CORPORATION STREET,E01007339,Barnsley 017B,Further investigation is not in the public interest
263897c073140b08b5571a1c5f5941e484a4e800866a499b007144e9ed614672,2021-03,South Yorkshire Police,South Yorkshire Police,-1.337819,53.498653,On or near CHARLES ROAD,E01007821,Rotherham 002E,Unable to prosecute suspect
5e77878d99574bef328cd0c8202e64ebeac7834d4de914897a3f520febcadc70,2021-03,South Yorkshire Police,South Yorkshire Police,-1.479916,53.541673,On or near KENWORTHY ROAD,E01007413,Barnsley 017C,Unable to prosecute suspect
ec36f384f24c78546d4811bb8e33dbf5713527fa488a4836bab57beb2eeed53f,2021-03,South Yorkshire Police,South Yorkshire Police,-1.407477,53.508609,On or near CHAPEL CROFT,E01007456,Barnsley 029D,Local resolution
ebb70f98ff38786c97ac7243b0b13bdc47bf2633a25d7624438ca651d2087c1c,2021-03,South Yorkshire Police,South Yorkshire Police,-1.441147,53.412198,On or near WENSLEY GREEN,E01007940,Sheffield 022E,Unable to prosecute suspect
477ae909011eaa7ecb0c6e5e253c258427bb2d2dbfe344e3e222d3a3941a835b,2021-03,South Yorkshire Police,South Yorkshire Police,-1.390661,53.427843,On or near OAKDALE PLACE,E01007718,Rotherham 016D,Unable to prosecute suspect
0bf1776b402e0b56fb57acda05dfcda18873da009715faa5e9e4656d3479eade,2021-03,South Yorkshire Police,South Yorkshire Police,-1.441147,53.412198,On or near WENSLEY GREEN,E01007940,Sheffield 022E,Unable to prosecute suspect
f9057a442288e12d16c187a75e268f299009fc70eaaa7f4080479d4d4c02cdfc,2021-03,South Yorkshire Police,South Yorkshire Police,-1.109257,53.530733,On or near Hospital,E01007567,Doncaster 018D,Unable to prosecute suspect
50b7c112271f206e5006826b11520f13533fceb1124e37b733e02ad8af92962f,2021-03,South Yorkshire Police,South Yorkshire Police,-1.405127,53.353121,On or near WARDLOW ROAD,E01007839,Sheffield 076B,Unable to prosecute suspect
dd0ddc3c41564cf2de5f2d11672909fb98728db0f680e459297639e88c2e238c,2021-03,South Yorkshire Police,South Yorkshire Police,-1.141244,53.509664,On or near ST CATHERINE'S AVENUE,E01007534,Doncaster 028D,Unable to prosecute suspect
3507c20f53d54971ee80a941923b89b26ca168fe511d2a164dd14935c1524b12,2021-03,South Yorkshire Police,South Yorkshire Police,-1.351477,53.331394,On or near COWLEY GARDENS,E01008022,Sheffield 065C,Unable to prosecute suspect
f0aa8d83d29747bba6a21b465558ab93637034af30d1630d54be821a855acf4f,2021-03,South Yorkshire Police,South Yorkshire Police,-1.125594,53.528606,On or near ST MARY'S CRESCENT,E01007648,Doncaster 019D,Investigation complete; no suspect identified
b0ac3782dfbef121412ed85ef7bb9b37bae133b9553453c2c77388fa85284100,2021-03,South Yorkshire Police,South Yorkshire Police,-1.419477,53.341911,On or near CARTERHALL ROAD,E01007836,Sheffield 062B,Investigation complete; no suspect identified
ea76933ae2629b0ccf9cb65224daab9d5c7210bc7e96bbcb905f463a7f4bcaf8,2021-03,South Yorkshire Police,South Yorkshire Police,-1.530714,53.390867,On or near FAIRBARN CLOSE,E01008158,Sheffield 025D,Unable to prosecute suspect
1b9d4d84d203a3c10de381ded7a73de641a3b2ecc4c1d6b3bb57ce272abbbc07,2021-03,South Yorkshire Police,South Yorkshire Police,-1.498375,53.423778,On or near AYSGARTH ROAD,E01008087,Sheffield 012A,Investigation complete; no suspect identified
bb9b3b50357d75f671e6304ce34feacf970becf3a01dfaeda04d91b1f45b8418,2021-03,South Yorkshire Police,South Yorkshire Police,-1.501183,53.414001,On or near FARNDALE ROAD,E01008091,Sheffield 017C,Suspect charged
2b4610547b5a32ee0efe83167fde76fdf9b9b40d2f67104011dec5f3bf51fb25,2021-03,South Yorkshire Police,South Yorkshire Police,-1.480692,53.547295,On or near PROVIDENCE COURT,E01007338,Barnsley 017A,Investigation complete; no suspect identified
cb96291a0b4474ee3213df995575cb12fe34e22fa3d50d88404676f301392c00,2021-03,South Yorkshire Police,South Yorkshire Police,-1.109257,53.530733,On or near Hospital,E01007567,Doncaster 018D,Unable to prosecute suspect
8d99032ac5f7167f5a07a5d3888043cc8cd116fcf54d531b7cdd4eb466a84a0d,2021-03,South Yorkshire Police,South Yorkshire Police,-1.360881,53.409504,On or near Petrol Station,E01007676,Rotherham 025A,Investigation complete; no suspect identified
a0358bbea88fee57b02004a58cca06ee299e672af98b04f23576bdd69cf709dc,2021-03,South Yorkshire Police,South Yorkshire Police,-1.183246,53.557930,On or near GREAT NORTH ROAD,E01007507,Doncaster 009G,Unable to prosecute suspect
30a06fe33e07f4d1941f3796f4a6d186132350b0371713282d3c046c55fe8425,2021-03,South Yorkshire Police,South Yorkshire Police,-1.378716,53.357265,On or near HOLLIS CROFT,E01007968,Sheffield 049C,Investigation complete; no suspect identified
d12f16d6c8de41e9365136ffed221ebfef63857e243e9ee75b2475782bb82464,2021-03,South Yorkshire Police,South Yorkshire Police,-1.182320,53.582481,On or near Supermarket,E01007474,Doncaster 005F,Unable to prosecute suspect
15e1232a0ffb1df6620609d5f46d4cbd420eced7635aa2cf6caf066a52e7cb76,2021-03,South Yorkshire Police,South Yorkshire Police,-1.359791,53.416985,On or near BENTLEY STREET,E01007676,Rotherham 025A,Investigation complete; no suspect identified
91330f043df3bc043f2f9a3722efea588d470bc424a2f7f6fed22dcc0985d63d,2021-03,South Yorkshire Police,South Yorkshire Police,-1.466947,53.378546,On or near HOWARD LANE,E01033264,Sheffield 073D,Investigation complete; no suspect identified
ba0baca7ea8dd836da5155c1919b0ba54765612676285168f7dcb0d8d97d8d79,2021-03,South Yorkshire Police,South Yorkshire Police,-1.223089,53.423204,On or near BEECH ROAD,E01007761,Rotherham 018E,Unable to prosecute suspect
58bb0ff1de3498b895aab8198a61bab9661e20a0a230b5bb664ca1911c03f491,2021-03,South Yorkshire Police,South Yorkshire Police,-1.447502,53.364057,On or near BELDON CLOSE,E01008095,Sheffield 043A,Investigation complete; no suspect identified
98f13f84eb9bafb96b25b36fadf685b8bc1ca1e0077e094976ca5b61409c1e39,2021-03,South Yorkshire Police,South Yorkshire Police,,,No location,,,Investigation complete; no suspect identified
b5e43bc2c587c34fb149247120dca2dfdf0608495d4214e9dcbe468e49281427,2021-03,South Yorkshire Police,South Yorkshire Police,-1.060248,53.473801,On or near SHUTTLEWORTH CLOSE,E01007594,Doncaster 036B,Investigation complete; no suspect identified
85b0d73f2f70bb39e364a9c291d8aaf6f1d4e8ad98c8680a4df2bc924ab347c8,2021-03,South Yorkshire Police,South Yorkshire Police,-0.956051,53.622734,On or near WILLOW GROVE,E01007635,Doncaster 001D,Unable to prosecute suspect
cdea229360248f7d50ba76ec382c0454013c171307493e2af124ecadc04121d2,2021-03,South Yorkshire Police,South Yorkshire Police,-1.097099,53.539882,On or near CHESTNUT AVENUE,E01007650,Doncaster 015B,Investigation complete; no suspect identified
91ba480ec68acbc072746664f8dba7a5c24a0230acd31c05d3f2553aec14702b,2021-03,South Yorkshire Police,South Yorkshire Police,-1.142318,53.551325,On or near CAWDOR STREET,E01007508,Doncaster 010B,Investigation complete; no suspect identified
d1b710d1f494d199a1e70c4862ffd6cef74b8e7c9f390ac0fb6a1b6c0f56ead1,2021-03,South Yorkshire Police,South Yorkshire Police,-1.099439,53.529859,On or near DEVONSHIRE ROAD,E01007564,Doncaster 018A,Unable to prosecute suspect
45b6987ecad7456a8e0426605e5712ec71600fcfd28bf450d85229455a746635,2021-03,South Yorkshire Police,South Yorkshire Police,-1.316165,53.350802,On or near Park/Open Space,E01007750,Rotherham 031D,Action to be taken by another organisation
9c1ecb1c6aedba512c192d235a86b52a64c29d7693c4ed96accaef22f51f159b,2021-03,South Yorkshire Police,South Yorkshire Police,-1.476714,53.380117,On or near WESTFIELD TERRACE,E01033265,Sheffield 074C,Unable to prosecute suspect
960832a9ff9aa65d033b0a08c93afee9361e6983efe6a8d2234e369001b865a9,2021-03,South Yorkshire Police,South Yorkshire Police,-1.448521,53.408547,On or near SELBY ROAD,E01007944,Sheffield 022F,Further action is not in the public interest
44dba37f32bc8794751373c472958d7cc3513cd1448c43231c2c0fb815ec013e,2021-03,South Yorkshire Police,South Yorkshire Police,-1.447641,53.423060,On or near TORKSEY ROAD WEST,E01007849,Sheffield 010A,Suspect charged
615b4b07e6643f5f7330711092802b7e664f528fccfff3df2536b15b4ee5f4e4,2021-03,South Yorkshire Police,South Yorkshire Police,-1.466406,53.394157,On or near FOX STREET,E01007875,Sheffield 022B,Unable to prosecute suspect
4d1d8920bbd46e0963913dd4725061b96237d79e04edea3772837a92af3146b4,2021-03,South Yorkshire Police,South Yorkshire Police,-1.448521,53.408547,On or near SELBY ROAD,E01007944,Sheffield 022F,Further action is not in the public interest
566fc12446e509af5e650dce7193d420168c23e8243b53cb7ad3534959096c7a,2021-03,South Yorkshire Police,South Yorkshire Police,-1.480453,53.380466,On or near PITT CLOSE,E01033266,Sheffield 074D,Unable to prosecute suspect
3b471adcf4e393848a59c40f45308d48509f4bed7afd3b06643bac8456b51d13,2021-03,South Yorkshire Police,South Yorkshire Police,-1.499553,53.397734,On or near BESSINGBY ROAD,E01008153,Sheffield 024B,Investigation complete; no suspect identified
d45b7b4266c5b2bdd112e41a6f4a8c2c100037111b9764619efa4d6f46b286fe,2021-03,South Yorkshire Police,South Yorkshire Police,-1.467371,53.548063,On or near OSBORNE STREET,E01007337,Barnsley 015D,Suspect charged
bd9a50bdbb42dc4b156b3a06a367732c9e74ad9c7beb4cf2c8c09735645c6f5b,2021-03,South Yorkshire Police,South Yorkshire Police,-1.454066,53.378460,On or near SAMSON STREET,E01007879,Sheffield 075B,Investigation complete; no suspect identified
219de3ae25e9153fe82aa16f8917ac50505c7eb8cbc0ed7eaf4928070c6f6032,2021-03,South Yorkshire Police,South Yorkshire Police,-1.505613,53.546933,On or near HORSEWOOD CLOSE,E01007444,Barnsley 012F,Further action is not in the public interest
f81f9fd2d53c60b6c380391f8ab180fbe8af929d9f3c78f216088886ee515a2e,2021-03,South Yorkshire Police,South Yorkshire Police,-1.245550,53.478817,On or near OLD ROAD,E01007541,Doncaster 035E,Investigation complete; no suspect identified
ff890c813afc6303483ae21570ba316a63fe036d1a0d87ad09c6323cb0c9db73,2021-03,South Yorkshire Police,South Yorkshire Police,-1.464712,53.421304,On or near EMERSON DRIVE,E01008063,Sheffield 011B,Unable to prosecute suspect
d5234d634276e90f34828b38d7d533532d3a206c436a1b3f87125a3b50d8e36e,2021-03,South Yorkshire Police,South Yorkshire Police,-1.312713,53.487833,On or near Parking Area,E01007797,Rotherham 003B,Investigation complete; no suspect identified
ffa10e7255ea83b965b7f65879d1ff267a58132e058abd31233a5fffe2fd4390,2021-03,South Yorkshire Police,South Yorkshire Police,-1.394613,53.445220,On or near WHEATLEY ROAD,E01007805,Rotherham 011C,Unable to prosecute suspect
5eac3909e7ef99f9360fcb403e8194f035c0df8ae73d3fb0fa487dc60183dd9b,2021-03,South Yorkshire Police,South Yorkshire Police,-1.304975,53.562861,On or near CHURCH FIELD ROAD,E01007587,Doncaster 020C,Investigation complete; no suspect identified
947378531ddb7a70aaa18a46827f6abc48fe9042cb0e5bfb86eb60b03e341f87,2021-03,South Yorkshire Police,South Yorkshire Police,-1.116349,53.540817,On or near Sports/Recreation Area,E01007652,Doncaster 015D,Investigation complete; no suspect identified
79455f8bbb3f0bb9654e1d3da7c44f9d58863621ff480c25d076bec014452ba4,2021-03,South Yorkshire Police,South Yorkshire Police,-1.397721,53.447924,On or near SHEARMAN AVENUE,E01007805,Rotherham 011C,Investigation complete; no suspect identified
dd845d7b1f2e7c8069f3f1f9978e967c9bdf258060ea47210275b34207c43806,2021-03,South Yorkshire Police,South Yorkshire Police,-1.510209,53.382560,On or near ST THOMAS ROAD,E01007960,Sheffield 029B,Investigation complete; no suspect identified
7e3687aa77839c6ec99ce3e265a1e29d78480a34999b748ea3a203d275081782,2021-03,South Yorkshire Police,South Yorkshire Police,-1.513585,53.417459,On or near MIDDLEWOOD CHASE,E01033275,Sheffield 008F,Investigation complete; no suspect identified
a1830a029c781e56df4a57118c89ac57cb22bd5a818d6e1efeab32fb72048d92,2021-03,South Yorkshire Police,South Yorkshire Police,-1.104708,53.542555,On or near WHEATLEY HALL ROAD,E01007652,Doncaster 015D,Investigation complete; no suspect identified
ca4017ad9d6dd494ce86f6f4147ab40465d68f1f682ff394ecb1f04cf2075f89,2021-03,South Yorkshire Police,South Yorkshire Police,-1.443739,53.409595,On or near WADE STREET,E01007944,Sheffield 022F,Investigation complete; no suspect identified
46d6275b61425fef76f7ed75801759499700513c832cc46a98e52e8bd9d106f6,2021-03,South Yorkshire Police,South Yorkshire Police,-1.363051,53.392131,On or near STATION ROAD,E01007701,Rotherham 027D,Investigation complete; no suspect identified
965e13f33e99cd011e2bdc015daec207d3545dc7265f75c3fcc0139a44f6c43d,2021-03,South Yorkshire Police,South Yorkshire Police,,,No location,,,Investigation complete; no suspect identified
dd611466e0023550e192674967ae8fde2df77e358bfdb3960df277e951b1e53c,2021-03,South Yorkshire Police,South Yorkshire Police,-1.304975,53.562861,On or near CHURCH FIELD ROAD,E01007587,Doncaster 020C,Investigation complete; no suspect identified
d7b5d8f2cfcc7d7c415b3cc2f8487f5889fd9b3f601e923eebe61e2c11a45448,2021-03,South Yorkshire Police,South Yorkshire Police,-1.387143,53.344787,On or near SPA VIEW TERRACE,E01033278,Sheffield 076E,Unable to prosecute suspect
b4fe77800e03f1bb04f645fc91750abf6087d951643eddecd096af1a68f11acd,2021-03,South Yorkshire Police,South Yorkshire Police,-1.387143,53.344787,On or near SPA VIEW TERRACE,E01033278,Sheffield 076E,Local resolution
317b4cc88f4fb0b52d9df73a7d7b25740d782424016d50d0bff0d8b4914ef364,2021-03,South Yorkshire Police,South Yorkshire Police,-1.198964,53.371296,On or near DOE QUARRY PLACE,E01007790,Rotherham 029E,Unable to prosecute suspect
cb6081344954d3dfda6a634c66841fe0d9cf1e1ad8c263a24172c9ba09ecbe8a,2021-03,South Yorkshire Police,South Yorkshire Police,-1.479881,53.417506,On or near RAISEN HALL ROAD,E01008122,Sheffield 012E,Unable to prosecute suspect
2882587f3dc38aaee587ca196407e058dafdf2dde1a53ef2e25ab5c190c49463,2021-03,South Yorkshire Police,South Yorkshire Police,-1.454976,53.415489,On or near HORNINGLOW ROAD,E01007947,Sheffield 013C,Investigation complete; no suspect identified
4e6198940559a9a73601cbc84d5a51f9878f999ab0d517ca1f7d27044e60e0ff,2021-03,South Yorkshire Police,South Yorkshire Police,-1.145598,53.518854,On or near FLOWITT STREET,E01007529,Doncaster 022A,Suspect charged
51c3d078a485d16b3b71476a5f58a8e83f74826ccbf4842b03a659116007f951,2021-03,South Yorkshire Police,South Yorkshire Police,-1.281331,53.427362,On or near REYNOLDS CLOSE,E01007726,Rotherham 019F,Investigation complete; no suspect identified
d94e4d5de39b18ae6971304df4264877bd22dec31b0f9529d616f2eff6af4293,2021-03,South Yorkshire Police,South Yorkshire Police,-1.471071,53.562452,On or near PEEL PLACE,E01032550,Barnsley 010G,Investigation complete; no suspect identified
e77cd3501ef47aa1b075222944f7b3f5706e521ca9a9c8363b2ebfe00a6e7665,2021-03,South Yorkshire Police,South Yorkshire Police,-1.093585,53.479667,On or near Pedestrian Subway,E01007593,Doncaster 037C,Investigation complete; no suspect identified
6d1490163e0f195f128f371ee6661e6c44e9e8303eef92509abb137c7b07e4a5,2021-03,South Yorkshire Police,South Yorkshire Police,-1.281331,53.427362,On or near REYNOLDS CLOSE,E01007726,Rotherham 019F,Investigation complete; no suspect identified
8c0144fb696d8f755f83e24adca1b429c4883df97188e91c51a1c84fffbf49b7,2021-03,South Yorkshire Police,South Yorkshire Police,-1.117755,53.532692,On or near WENTWORTH ROAD,E01007654,Doncaster 019F,Investigation complete; no suspect identified
d300079ba4e4158c4ba5d05bafd15bb0fcc3ab4f9f33b8a0aac692e390c6a79f,2021-03,South Yorkshire Police,South Yorkshire Police,-1.138320,53.615843,On or near NEWMARCHE DRIVE,E01007492,Doncaster 002F,Investigation complete; no suspect identified
2439a1b9e44d7ca5bf97be84ca8c7594c10df9fa277349240dce2ad3cd4cae54,2021-03,South Yorkshire Police,South Yorkshire Police,-1.345544,53.504062,On or near Supermarket,E01007822,Rotherham 002F,Investigation complete; no suspect identified
a31e55faa5fec3fd69b8b50548a0e028366c50bc0b3241940dbc06ed80db8595,2021-03,South Yorkshire Police,South Yorkshire Police,-1.547548,53.333377,On or near BRICKHOUSE LANE,E01007926,Sheffield 068E,Unable to prosecute suspect
3e60d65325ab0a132a50de34138bdf2774741e3a35b23a59840d1c49b6ff0f0a,2021-03,South Yorkshire Police,South Yorkshire Police,-1.451999,53.422343,On or near PADLEY WAY,E01008062,Sheffield 013E,Investigation complete; no suspect identified
4a97ce389e4636019eb1a3b14952d1134f7732137cf1b0880cdf24895d362eb0,2021-03,South Yorkshire Police,South Yorkshire Police,-1.421482,53.575202,On or near JACKSON STREET,E01007344,Barnsley 011A,Unable to prosecute suspect
9d7ab5765f7f72329d9c53e47a1778c398648862522bf91b76a8f6c0e6de00eb,2021-03,South Yorkshire Police,South Yorkshire Police,-1.309392,53.475140,On or near RIX ROAD,E01007777,Rotherham 004A,Unable to prosecute suspect
3a6e6550b49f57aa2a582ef85743807f3571afa9630e54194be60039978845ac,2021-03,South Yorkshire Police,South Yorkshire Police,-1.278923,52.930214,On or near SHANKLIN DRIVE,E01028134,Broxtowe 008D,Suspect charged
72748fe8d370bf96d5bebabf4b3b6bc82165237a3e10d3630b920c95f315816f,2021-03,South Yorkshire Police,South Yorkshire Police,-1.468173,53.441840,On or near ST MARY'S CLOSE,E01008135,Sheffield 005C,Unable to prosecute suspect
ea3b1f6062583b01582a75fa6412c8db64fe733470572bcaeb43c70bbcf61e9f,2021-03,South Yorkshire Police,South Yorkshire Police,-1.468944,53.378734,On or near Parking Area,E01033264,Sheffield 073D,Unable to prosecute suspect
c350449c0d4759e0d8525116459925397179f542c88cc8b60aa042f98b8f1e14,2021-03,South Yorkshire Police,South Yorkshire Police,-1.278923,52.930214,On or near SHANKLIN DRIVE,E01028134,Broxtowe 008D,Suspect charged
4cc0b1fca7fe547771db91733cb1103e862a4e77fc9717657093964604794f90,2021-03,South Yorkshire Police,South Yorkshire Police,-1.211880,53.366905,On or near CHURCH LANE,E01007786,Rotherham 029D,Investigation complete; no suspect identified
cb2e2c2440890a5952a918e71e1481f447fd9ba5853676c3ad9ec8240a98104b,2021-03,South Yorkshire Police,South Yorkshire Police,-1.198999,53.479143,On or near GRAINGER CLOSE,E01007549,Doncaster 034D,Unable to prosecute suspect
899183a2529948be5edaa8ac31e4c2744427f53f38343bc9b605012b79313ad6,2021-03,South Yorkshire Police,South Yorkshire Police,-1.213568,53.480031,On or near CROOKHILL ROAD,E01007613,Doncaster 033D,Investigation complete; no suspect identified
4dd8f12d29a98f1014391d50a7acdeb6d4833b322b1f8a29954ba2fa8cbc00bf,2021-03,South Yorkshire Police,South Yorkshire Police,-1.146804,53.499357,On or near BURNS ROAD,E01007500,Doncaster 028B,Unable to prosecute suspect
0bfe51088ac1873e1d772f302594ce325b94f9050dd436f8581debfa5cfa49df,2021-03,South Yorkshire Police,South Yorkshire Police,-1.025572,53.589828,On or near VICTORIA CLOSE,E01007629,Doncaster 004E,Investigation complete; no suspect identified
997a07dc75120c09f7404e66210f56e98a9d0191e14275be6503225d904d8070,2021-03,South Yorkshire Police,South Yorkshire Police,-1.136191,53.526050,On or near Further/Higher Educational Building,E01007655,Doncaster 022F,Investigation complete; no suspect identified
9f7b1265925f25e1070480873595b2ca3c2a04c00be0fea564191b8686276556,2021-03,South Yorkshire Police,South Yorkshire Police,-1.469650,53.401820,On or near HIGH VIEW,E01007871,Sheffield 019B,Investigation complete; no suspect identified
3da3d121c125b2920e33b446adb7e11e328fc69eaadc76ca5e5ef52dfe006824,2021-03,South Yorkshire Police,South Yorkshire Police,-1.211904,53.368092,On or near Supermarket,E01007786,Rotherham 029D,Investigation complete; no suspect identified
3e89ab5eeb3a04d2464975c549637227bb31e4c4d63e0bcb457e94cb03ff67ef,2021-03,South Yorkshire Police,South Yorkshire Police,-1.437143,53.343964,On or near MORLAND ROAD,E01008007,Sheffield 060A,Investigation complete; no suspect identified
7db3f8a750def486ea34e5d388b3c0f16fb6dde7c36221b51ed6b5f89385f433,2021-03,South Yorkshire Police,South Yorkshire Police,-1.115385,53.531291,On or near FERRERS ROAD,E01007654,Doncaster 019F,Investigation complete; no suspect identified
f7e89f957509fb8c71903d9121a58608d53f12cd5eaace0c05e8ec5a740b373e,2021-03,South Yorkshire Police,South Yorkshire Police,-1.140683,53.494900,On or near BRANDER CLOSE,E01007502,Doncaster 028C,Unable to prosecute suspect
3f11ac74de7f18e8a9a774acf188d23e24f4c59755b52a4830b80a2f986aa0f3,2021-03,South Yorkshire Police,South Yorkshire Police,-1.380299,53.346487,On or near COTLEIGH ROAD,E01033279,Sheffield 076F,Investigation complete; no suspect identified
e8b9fa43570976f682c80e682bae7547ba90a5e4070e953a8432ac62f5eda675,2021-03,South Yorkshire Police,South Yorkshire Police,-1.115104,53.533958,On or near OVERSLEY ROAD,E01007653,Doncaster 015E,Investigation complete; no suspect identified
ff655aaf41e37828acfe88151f684d26aeccd8e51af8c6fab671652eb3f2f557,2021-03,South Yorkshire Police,South Yorkshire Police,-1.370672,53.357664,On or near TANNERY CLOSE,E01007970,Sheffield 049D,Investigation complete; no suspect identified
a14fb41c7fe609dffe7786b5b6f02f7e1410c7a22678d7f5076f9bb842d044c6,2021-03,South Yorkshire Police,South Yorkshire Police,-1.393893,53.444983,On or near DUKE CRESCENT,E01007805,Rotherham 011C,Suspect charged
3d11bd9b75f6e892fc85ff9d6410c2a0fca32aabbad6e3ff720a32a2d8855e3a,2021-03,South Yorkshire Police,South Yorkshire Police,-1.482526,53.556570,On or near Further/Higher Educational Building,E01007336,Barnsley 013A,Unable to prosecute suspect
afa669bedf2403d048167fa7e543284bda4238e355838536a01797e1284f9748,2021-03,South Yorkshire Police,South Yorkshire Police,-1.484224,53.389354,On or near UPPERTHORPE ROAD,E01008065,Sheffield 026A,Unable to prosecute suspect
b25ced35598f89858ae7f5c7536827486a3e267d7c65aa9204f726db600b9a10,2021-03,South Yorkshire Police,South Yorkshire Police,-1.590086,53.484018,On or near HUNSHELF PARK,E01008144,Sheffield 001A,Investigation complete; no suspect identified
3603952bcdc0d4c85fb6aed1feb0484b2d0eeaa6a6a8eed4f4abeb50a919d19a,2021-03,South Yorkshire Police,South Yorkshire Police,-1.590086,53.484018,On or near HUNSHELF PARK,E01008144,Sheffield 001A,Suspect charged
b35c523e81269fbc8a49b1e3e4ce7ef3658742ad6a480ddf2ccd9928d29652ea,2021-03,South Yorkshire Police,South Yorkshire Police,-1.319296,53.410793,On or near ROYDS AVENUE,E01007811,Rotherham 024A,Investigation complete; no suspect identified
da248629fb65e2b573e72bf98f46ea53525e7f185aa98688c456d72a12237100,2021-03,South Yorkshire Police,South Yorkshire Police,-1.278923,52.930214,On or near SHANKLIN DRIVE,E01028134,Broxtowe 008D,Suspect charged
90513cd71187014f490f5c23e7cc5454d7d503e4ed02662b22563f7a38ef9046,2021-03,South Yorkshire Police,South Yorkshire Police,-1.297939,53.500889,On or near ELM ROAD,E01007573,Doncaster 031C,Unable to prosecute suspect
fc335061ef163f3e4f3f6cf69dd8e9308a1d893bbe82ef03c6c27d755735d8fb,2021-03,South Yorkshire Police,South Yorkshire Police,-1.076838,53.545193,On or near Supermarket,E01007478,Doncaster 011D,Suspect charged
795925d2cb0f0ebf265090d8d7d8fda7fdef0e75842cfadefb30bf5cefce7d15,2021-03,South Yorkshire Police,South Yorkshire Police,-1.260338,53.391764,On or near ST EDMUND'S AVENUE,E01007809,Rotherham 026B,Unable to prosecute suspect
bff9d55bbbd48b4672ea506de3f15734b4b5229f972f4d2cb5d6e48313922165,2021-03,South Yorkshire Police,South Yorkshire Police,-1.476714,53.380117,On or near WESTFIELD TERRACE,E01033265,Sheffield 074C,Investigation complete; no suspect identified
f96595e5b91de40b6467e60166bb603073eba98fe7fac3dabe5df851190545a4,2021-03,South Yorkshire Police,South Yorkshire Police,-1.350637,53.433196,On or near CARLISLE STREET,E01007714,Rotherham 017B,Investigation complete; no suspect identified
0ae1cb9d119523458d5c92d37d4481156b7ba9432e438885ffbbf61fa853d9e1,2021-03,South Yorkshire Police,South Yorkshire Police,-1.069479,53.471967,On or near Supermarket,E01007595,Doncaster 037D,Unable to prosecute suspect
65fb3c89622dc651f422e0f987e359196215cf0119c470e8b0b2c691e09b826b,2021-03,South Yorkshire Police,South Yorkshire Police,-1.489121,53.387272,On or near OXFORD STREET,E01008065,Sheffield 026A,Further investigation is not in the public interest
845ba2d43e9ea2b3eb121f872c91be5b433c10d90e43a0d667ee44bd6262e639,2021-03,South Yorkshire Police,South Yorkshire Police,,,No location,,,Investigation complete; no suspect identified
fd2db3d9198c8b0d55409717af6417241085a16d4a5f515d64669cbaacaa6d7e,2021-03,South Yorkshire Police,South Yorkshire Police,-1.550648,53.367088,On or near CASTLEWOOD DRIVE,E01007959,Sheffield 041E,Unable to prosecute suspect
ad22440e244f86c41db9b342ddc5dc5404834cfeb459dce796283a77a383330f,2021-03,South Yorkshire Police,South Yorkshire Police,-1.280208,53.427948,On or near HORNBEAM ROAD,E01007726,Rotherham 019F,Investigation complete; no suspect identified
4fb9d6f2be2c58a448fc91590ac9bfe3e87c24c9fb7d76902f5f1dabc1c6f200,2021-03,South Yorkshire Police,South Yorkshire Police,-1.520689,53.405263,On or near COX ROAD,E01007993,Sheffield 021C,Unable to prosecute suspect
51389944b3116ad6efaf18bb954c9c0f3883b4de882c3d7968721fc4316fb049,2021-03,South Yorkshire Police,South Yorkshire Police,-1.400130,53.516330,On or near WENTWORTH VIEW,E01007451,Barnsley 026A,Investigation complete; no suspect identified
1bd08ceecc810bcd06e89fecb17a64a413441fe2a9aa3974dfb35bfe7f8d7fd9,2021-03,South Yorkshire Police,South Yorkshire Police,-1.428737,53.452552,On or near Petrol Station,E01007801,Rotherham 007B,Investigation complete; no suspect identified
def183d55101d5d02dc717dbfb0788d38a8b1533f0ca8b67d6206001d8d767d0,2021-03,South Yorkshire Police,South Yorkshire Police,-1.137771,53.524030,On or near Pedestrian Subway,E01007645,Doncaster 022E,Unable to prosecute suspect
6adb934048331ab42c8e20868501b61c7954db343515a139889a365880affe90,2021-03,South Yorkshire Police,South Yorkshire Police,-1.365117,53.330003,On or near OAK STREET,E01008024,Sheffield 072C,Local resolution
04817f380f880551c267bab576d7f62e5cd84edd40d6776b4e5b5f052dfa843a,2021-03,South Yorkshire Police,South Yorkshire Police,-1.072782,53.469009,On or near RAGUSA DRIVE,E01007597,Doncaster 037E,Unable to prosecute suspect
4fbad10c5cc7bcba3381295167e5d75446045a9e78f0194c8e5f746f76412fdb,2021-03,South Yorkshire Police,South Yorkshire Police,-0.973763,53.616838,On or near DOROTHY AVENUE,E01007640,Doncaster 003E,Investigation complete; no suspect identified
a6d6c784f8cc9946231e609e0c71c98fadeb58410effd97befad796a4d3e22b8,2021-03,South Yorkshire Police,South Yorkshire Police,,,No location,,,Unable to prosecute suspect
6f21c273a8ce8dcf4526edb9fddaa6f22bb417e5b3a55321a3f7c3fa4eb7b3c1,2021-03,South Yorkshire Police,South Yorkshire Police,-1.315108,53.545922,On or near Supermarket,E01007375,Barnsley 014D,Investigation complete; no suspect identified
ebbef57a68dcaba3a9d05cbf25e9d5eeb66e8e440b6608dc7353e19a1c8b95e3,2021-03,South Yorkshire Police,South Yorkshire Police,-1.159225,53.612918,On or near GREEN LANE,E01007491,Doncaster 002E,Unable to prosecute suspect
a7a7e565002480186d8b1b2e9ccd791a441d41b2dadc572236c6af2d47e36d2c,2021-03,South Yorkshire Police,South Yorkshire Police,-1.336588,53.428724,On or near BADSLEY MOOR LANE,E01007765,Rotherham 014B,Investigation complete; no suspect identified
91646a85099c6ac0b49c471e9e999de0e7fc01ea7add7a970183126000c0f65e,2021-03,South Yorkshire Police,South Yorkshire Police,-1.424829,53.495445,On or near THE CROFT,E01007388,Barnsley 029A,Investigation complete; no suspect identified
e3bdbda1b539868313c436f9dc98343944c6f3e915354465123439e07aaee1ec,2021-03,South Yorkshire Police,South Yorkshire Police,-1.464661,53.497284,On or near HUNT STREET,E01007396,Barnsley 028A,Investigation complete; no suspect identified
0bc08982bf8463d0145914576d3c88306795ccb38e4a18b5968b25af866f2727,2021-03,South Yorkshire Police,South Yorkshire Police,-1.140854,53.549804,On or near BERESFORD STREET,E01007508,Doncaster 010B,Investigation complete; no suspect identified
38b4249cbd2862ccc05a1deadb74dfaef7d9468a1788d409aecb0d0e4b219018,2021-03,South Yorkshire Police,South Yorkshire Police,-1.397622,53.375043,On or near RICHMOND PARK CRESCENT,E01007910,Sheffield 037A,Investigation complete; no suspect identified
3d5fb1f4951b5fda68850d60a88d54c4e6d32fc430fdf300d582129f3cdec541,2021-03,South Yorkshire Police,South Yorkshire Police,-1.321317,53.517221,On or near WATH ROAD,E01007368,Barnsley 025E,Unable to prosecute suspect
a5e38273df2bf7ee5a0dc02caee45c435c39d6ccd179bab8ed277fb6b1340c31,2021-03,South Yorkshire Police,South Yorkshire Police,-1.486281,53.430845,On or near CHAUCER ROAD,E01008116,Sheffield 009C,Unable to prosecute suspect
9b10ea6b2b1b8f467077b15de2e76adeeed136b1b3e4abfb6ea282aaabf25214,2021-03,South Yorkshire Police,South Yorkshire Police,-1.480550,53.340305,On or near OSMASTON ROAD,E01007831,Sheffield 059C,Investigation complete; no suspect identified
68ed0922a5914cbf767e506ee3eeaa84b41dd0f75a23fc7e853cc4c695e4d984,2021-03,South Yorkshire Police,South Yorkshire Police,-1.403459,53.447827,On or near Supermarket,E01007804,Rotherham 011B,Investigation complete; no suspect identified
f9549686366b7ae0a4fa172a2c374d386ca836a61ca2239e4d58d006096a26a5,2021-03,South Yorkshire Police,South Yorkshire Police,-1.480559,53.411324,On or near LONGLEY AVENUE WEST,E01008094,Sheffield 019D,Investigation complete; no suspect identified
f0588a0558c4b00e7ccc937b42ec0e2ef0e3aa154eab8c38c541d0fa9e812764,2021-03,South Yorkshire Police,South Yorkshire Police,-1.031423,53.462685,On or near Parking Area,E01007609,Doncaster 038B,Investigation complete; no suspect identified
2cb1c5fe4dc3c10d061f4a763cd628b4a2e4d3382a3dc65d09af4c8460b6fbd3,2021-03,South Yorkshire Police,South Yorkshire Police,-1.374050,53.532025,On or near MARY LANE,E01007353,Barnsley 020F,Investigation complete; no suspect identified
5fad2eea52bb1aee296783c4aab747b5403afa03fd082863bd4f1b5b60e426b7,2021-03,South Yorkshire Police,South Yorkshire Police,-1.346637,53.497722,On or near FITZWILLIAM STREET,E01007821,Rotherham 002E,Investigation complete; no suspect identified
6601d4f39b9ae189d1c67e4efab018b2c396f0ea4ca0f239806f95f82f0e34c8,2021-03,South Yorkshire Police,South Yorkshire Police,-1.553733,53.372429,On or near WESTMINSTER CRESCENT,E01007953,Sheffield 033B,Unable to prosecute suspect
d354990a8787afd239a6638ec33abb9c892c5b8017799f76839d0e0263bbac92,2021-03,South Yorkshire Police,South Yorkshire Police,-1.436491,53.348959,On or near SPRING CLOSE MOUNT,E01007982,Sheffield 054A,Unable to prosecute suspect
3ea8fca8810886df5d17d11dc0d3725e931f133a6a26857ce544ef9d212b2295,2021-03,South Yorkshire Police,South Yorkshire Police,-1.387227,53.529460,On or near HENRY STREET,E01007353,Barnsley 020F,Unable to prosecute suspect
031d487020c25c5c9560d1995eaaa867d5eb0f52ce3470bc184ed411cb067b06,2021-03,South Yorkshire Police,South Yorkshire Police,-1.449621,53.339591,On or near BLACKSTOCK DRIVE,E01008077,Sheffield 060D,Investigation complete; no suspect identified
a629c10a0c213a72b5b30263379fd89b47f06e634e198ce6cf268054cb0a65e7,2021-03,South Yorkshire Police,South Yorkshire Police,-1.521076,53.322487,On or near BRINKBURN DRIVE,E01007918,Sheffield 071C,Unable to prosecute suspect
575dc03abb2c17af588f751af5696f5b8a8f9f8867e941c4e13b30dbdcdaa2bb,2021-03,South Yorkshire Police,South Yorkshire Police,-1.351739,53.330003,On or near BIRCHWOOD GROVE,E01008022,Sheffield 065C,Unable to prosecute suspect
6e217474aa319a52408ce3efc86053d01cf31813a53f32ca41bf6e7d34b30d6b,2021-03,South Yorkshire Police,South Yorkshire Police,-1.496848,53.322217,On or near FOX LANE,E01007917,Sheffield 071B,Local resolution
07cbab703320ecad3baedcb9d1614b0fef242757adb2736f65d2cd91399cf168,2021-03,South Yorkshire Police,South Yorkshire Police,-1.501503,53.377553,On or near Parking Area,E01007867,Sheffield 030B,Investigation complete; no suspect identified
96f89c01083777290bfe4ddceba850e9aaf3504876deb99f3c96f0b524bca6be,2021-03,South Yorkshire Police,South Yorkshire Police,-1.321317,53.517221,On or near WATH ROAD,E01007368,Barnsley 025E,Unable to prosecute suspect
43a7c39597c070aab8e49e8c251a646a6cb481a579741f275fe905f12e4845a0,2021-03,South Yorkshire Police,South Yorkshire Police,-1.331450,53.433918,On or near PARK ROAD,E01007766,Rotherham 014C,Unable to prosecute suspect
81afe6ddafa4918b67aab896666dd34c4ba311d513e9e38ee69b1d62fad3501a,2021-03,South Yorkshire Police,South Yorkshire Police,-1.129799,53.522156,On or near Nightclub,E01007645,Doncaster 022E,Investigation complete; no suspect identified
9baf7edb85971a71aaad0c5ffe1c2dc3a3eed9be162d7f85f78916243d69fcb1,2021-03,South Yorkshire Police,South Yorkshire Police,-1.376038,53.391454,On or near SHEFFIELD PARKWAY,E01007699,Rotherham 027B,Investigation complete; no suspect identified
9a753654efa1c5710b8af667f236231037ee559fa6cb48d5ed061c31fe6846a2,2021-03,South Yorkshire Police,South Yorkshire Police,-1.478410,53.420951,On or near NORTH HILL ROAD,E01008123,Sheffield 015E,Unable to prosecute suspect
dbb7ef263ed5aa03285323845c83c9ac783ae870854719de9b9e6e3e34f961fa,2021-03,South Yorkshire Police,South Yorkshire Police,-1.156098,53.504268,On or near LAUREL TERRACE,E01007494,Doncaster 023A,Investigation complete; no suspect identified
e6b4cb4371966bb5ce16733ca012f7aa5bb59387205c34d93bdcfcb5a015aefc,2021-03,South Yorkshire Police,South Yorkshire Police,-1.489576,53.552753,On or near WHARNCLIFFE STREET,E01007443,Barnsley 013F,Unable to prosecute suspect
e6b4cb4371966bb5ce16733ca012f7aa5bb59387205c34d93bdcfcb5a015aefc,2021-03,South Yorkshire Police,South Yorkshire Police,-1.489576,53.552753,On or near WHARNCLIFFE STREET,E01007443,Barnsley 013F,Unable to prosecute suspect
35c89e2f14d4666dc982a4b087f3ef2c972efe2790af28f2bab9d5c627def114,2021-03,South Yorkshire Police,South Yorkshire Police,-1.485250,53.554766,On or near CHURCHFIELD,E01007336,Barnsley 013A,Unable to prosecute suspect
7c3add077291e55636d603011f0106e8de7247dd6ef51cbf95be290f95fdf312,2021-03,South Yorkshire Police,South Yorkshire Police,-1.483005,53.558118,On or near LONGMAN ROAD,E01007409,Barnsley 010D,Suspect charged
fd2a98bead32ed46ece2c8303d0935c51736a53aee262475bca393158466403b,2021-03,South Yorkshire Police,South Yorkshire Police,-1.108799,53.430298,On or near CASTLE COURT,E01007615,Doncaster 039D,Unable to prosecute suspect
2ff27b4c2383b7dc04ef9203fab74947510ee91693d9ef937b37c67ca6466060,2021-03,South Yorkshire Police,South Yorkshire Police,-1.473067,53.322357,On or near CHESTERFIELD ROAD SOUTH,E01008082,Sheffield 070B,Unable to prosecute suspect
da6ad1bb87e4d27926b88714770dd3b608c07c4f3a26bf927e0a90251620a29a,2021-03,South Yorkshire Police,South Yorkshire Police,-1.254712,53.492564,On or near DONCASTER ROAD,E01007543,Doncaster 032C,Investigation complete; no suspect identified
009d5b6803ddaca772c82e8988c2dcb60e1f85f036a9642535528e274407f09f,2021-03,South Yorkshire Police,South Yorkshire Police,-1.521342,53.414020,On or near RURAL LANE,E01033275,Sheffield 008F,Unable to prosecute suspect
f4ea75a9f20c3ba0a341e0d3793dc3e52c35bbfdee3ad1e4d4f02e0efc9c84d7,2021-03,South Yorkshire Police,South Yorkshire Police,-1.466377,53.564687,On or near BOWFELL VIEW,E01007400,Barnsley 009C,Investigation complete; no suspect identified
1f923ca82a1b39e853070150c84d6cb46c9ebf6aec870fc03a0a046e28b4db9d,2021-03,South Yorkshire Police,South Yorkshire Police,-1.381426,53.345459,On or near COTLEIGH GARDENS,E01033279,Sheffield 076F,Suspect charged
1cfe9ed2373bda9c2983fe73a3d6608e88b44f2f57e2f9cbeae7b78ba6fb9038,2021-03,South Yorkshire Police,South Yorkshire Police,-0.952692,53.628943,On or near BLOOM HILL GROVE,E01007635,Doncaster 001D,Unable to prosecute suspect
b7f5356fceafcb69628a20ac3e8b346fc488a896040a749995236b4d7dce90ba,2021-03,South Yorkshire Police,South Yorkshire Police,-0.958063,53.609790,On or near TITHE BARN LANE,E01007638,Doncaster 003C,Investigation complete; no suspect identified
1e3a0b4e685177365e55ea88237aa5aef41dc88c0337376fff05df6269d02bee,2021-03,South Yorkshire Police,South Yorkshire Police,-1.376038,53.391454,On or near SHEFFIELD PARKWAY,E01007699,Rotherham 027B,Investigation complete; no suspect identified
e36617dbc09f61e6c3a57e0752cabf8ccd96fd5db4514f5b17638c16078b7507,2021-03,South Yorkshire Police,South Yorkshire Police,-1.376038,53.391454,On or near SHEFFIELD PARKWAY,E01007699,Rotherham 027B,Investigation complete; no suspect identified
80be6b10d5d52f8c326e12a6781509949011c0f3e7232e280ff00ec4091bcd89,2021-03,South Yorkshire Police,South Yorkshire Police,-1.461724,53.363574,On or near MADEHURST GARDENS,E01008096,Sheffield 043B,Investigation complete; no suspect identified
b77314b85b9a87e0432b04de750efb6c2dd6285dd5fe606d6379d65bed267982,2021-03,South Yorkshire Police,South Yorkshire Police,-1.155067,53.493969,On or near MADINGLEY CLOSE,E01007498,Doncaster 029C,Investigation complete; no suspect identified
e9a207170d66647f2a332e64d9262c9b4181bbc082b5f7ba38aa13099c07e31b,2021-03,South Yorkshire Police,South Yorkshire Police,-1.467330,53.370745,On or near CHARLOTTE ROAD,E01033273,Sheffield 042F,Investigation complete; no suspect identified
1abc32e434e59a27df87695914b703d51385af739ea001de7c53a5a756710fa0,2021-03,South Yorkshire Police,South Yorkshire Police,-1.515178,53.365969,On or near BINGHAM PARK ROAD,E01007934,Sheffield 047B,Local resolution
f66f95b69e886b0a36939e731e5f663aa922832f75f4576e07ee5889fc18e9ca,2021-03,South Yorkshire Police,South Yorkshire Police,-1.452877,53.544950,On or near LAMBERT ROAD,E01007320,Barnsley 018C,Investigation complete; no suspect identified
19558c85a5cba71a58098a8220e16a48b3af6669c37e15ae370a874e60bbfd15,2021-03,South Yorkshire Police,South Yorkshire Police,-1.453832,53.400212,On or near ELLESMERE ROAD NORTH,E01007869,Sheffield 020A,Unable to prosecute suspect
6f6e2d4c2d19cae1223b6346a4379fe45acd5988444784c57bfc0810256b7eee,2021-03,South Yorkshire Police,South Yorkshire Police,-1.326430,53.430555,On or near ARNOLD ROAD,E01007735,Rotherham 013B,Unable to prosecute suspect
1bcb3db48c75507aeb6a81a12c18171894973b15b9ec4f6d4baee6f3ba824d01,2021-03,South Yorkshire Police,South Yorkshire Police,-1.358667,53.355613,On or near STACYE RISE,E01007969,Sheffield 044B,Unable to prosecute suspect
a3959485e8150506e8a6eadef842f0fb6f19de28007ea496879e596ea6a36b7f,2021-03,South Yorkshire Police,South Yorkshire Police,-1.082748,53.544087,On or near OGDEN ROAD,E01007656,Doncaster 015F,Unable to prosecute suspect
d86f268074ec9074245c1d7fc94c2c9f0e99b5ff9076ab715e9b663e847950a2,2021-03,South Yorkshire Police,South Yorkshire Police,-1.465640,53.596817,On or near WEST END AVENUE,E01007435,Barnsley 001B,Investigation complete; no suspect identified
89b1c49905accf0ce64928e8fa16a0e3b5ffe7f4d6bd077e185596a9eb452bb2,2021-03,South Yorkshire Police,South Yorkshire Police,-1.228083,53.350148,On or near ORCHID WAY,E01007661,Rotherham 032C,Investigation complete; no suspect identified
f6b408f7b8b9fc285c8e935a63e47c01cf2363395f09eff2ba791517204857bc,2021-03,South Yorkshire Police,South Yorkshire Police,-1.472553,53.413941,On or near RAISEN HALL PLACE,E01007945,Sheffield 015B,Investigation complete; no suspect identified
a73bdea15c2517aa0f2dc05ad52e8535e243a748796393b898d67983103403bf,2021-03,South Yorkshire Police,South Yorkshire Police,-1.201978,53.423119,On or near HIGH STREET,E01007763,Rotherham 020E,Investigation complete; no suspect identified
d5764cbc55271ea3ec163bd58d2a21c44076733f3ccb3cf6cc0b3750f76c4327,2021-03,South Yorkshire Police,South Yorkshire Police,-1.440539,53.372555,On or near STOCK ROAD,E01007881,Sheffield 075C,Investigation complete; no suspect identified
32915f1d7463661b48313b9df7a64cf04efc5389441c45621fa4b347b3c4f177,2021-03,South Yorkshire Police,South Yorkshire Police,-1.480350,53.382712,On or near BROAD LANE COURT,E01033261,Sheffield 073A,Investigation complete; no suspect identified
9a992a04c09db0e1d48efeb8368998e9a7cb586dcb5ade92c1302e26070be384,2021-03,South Yorkshire Police,South Yorkshire Police,-1.169606,53.535958,On or near COLCHESTER COURT,E01007582,Doncaster 016B,Investigation complete; no suspect identified
050068bcf65ef30092e5204fc75e2c4559239b3b3c67a2d080728079b6d3312a,2021-03,South Yorkshire Police,South Yorkshire Police,-1.508703,53.407623,On or near ROLLIN DRIVE,E01007992,Sheffield 021B,Investigation complete; no suspect identified
f7777092b52f2d5069899d82189f856e7a1d88591ed7357ec501db808db2e206,2021-03,South Yorkshire Police,South Yorkshire Police,-1.072459,53.512844,On or near COTEREL CRESCENT,E01007528,Doncaster 024C,Investigation complete; no suspect identified
889f8d7e58885b108f4c469a614780a382263ae75ec819edc3da602bc745baf5,2021-03,South Yorkshire Police,South Yorkshire Police,-1.461100,53.415418,On or near LONGLEY LANE,E01007947,Sheffield 013C,Investigation complete; no suspect identified
4db4856a36766f92615f07597c2f19f026e83d0dc1efa0b7f1ef1f2832442236,2021-03,South Yorkshire Police,South Yorkshire Police,-1.380814,53.512996,On or near BIERLOW CLOSE,E01007694,Rotherham 001B,Investigation complete; no suspect identified
c80ed872cc44fad7f189f63f7e5d2a97b30fe53e2c730998605e48535bf42187,2021-03,South Yorkshire Police,South Yorkshire Police,-1.449515,53.427068,On or near HOMESTEAD CLOSE,E01008060,Sheffield 010D,Unable to prosecute suspect
b09164d6a51156336d488160757b38958c4144f38d08937fd0d3399470597f4e,2021-03,South Yorkshire Police,South Yorkshire Police,-1.465084,53.414438,On or near PIPER ROAD,E01007941,Sheffield 015A,Investigation complete; no suspect identified
301e615a3ed4e4fd56f37a3b18e1f8b79f341147e86fc5095c0bb69796f95c31,2021-03,South Yorkshire Police,South Yorkshire Police,-1.484273,53.548155,On or near SPRING STREET,E01007417,Barnsley 013D,Investigation complete; no suspect identified
df023b01937f50bb8842574ba648bd112dee99113fb7975b7982db8d32445c72,2021-03,South Yorkshire Police,South Yorkshire Police,-1.213643,53.365047,On or near CARVER DRIVE,E01007786,Rotherham 029D,Investigation complete; no suspect identified
f2fe17342a708be0550397a8b6bba2501f1d786fe48b569ce1973e71edd6d28d,2021-03,South Yorkshire Police,South Yorkshire Police,-1.238751,53.480662,On or near ST ANDREW'S ROAD,E01007539,Doncaster 035C,Investigation complete; no suspect identified
b3818dcb2b1a95f1bf494145753373e66ad497973f50abe6654a32c377cd32a7,2021-03,South Yorkshire Police,South Yorkshire Police,-1.426412,53.372398,On or near HARBOROUGH AVENUE,E01008018,Sheffield 039F,Investigation complete; no suspect identified
3893696e8c879b8c41c7ca7d3ad3c7c44b9743c237e1ee3cf1907a2fcd288e63,2021-03,South Yorkshire Police,South Yorkshire Police,-1.482767,53.424017,On or near LYTTON AVENUE,E01008118,Sheffield 009E,Investigation complete; no suspect identified
d92c96f3b7d437b6c51ced7461db70808c4a785ec2d2a5a71965f2622dabc5db,2021-03,South Yorkshire Police,South Yorkshire Police,-1.453832,53.400212,On or near ELLESMERE ROAD NORTH,E01007869,Sheffield 020A,Unable to prosecute suspect
884e3baead92a4b19af21e919eef422ed5f742a86fcc3c909a54e8fa203212fd,2021-03,South Yorkshire Police,South Yorkshire Police,-1.456747,53.596355,On or near REDWOOD AVENUE,E01007435,Barnsley 001B,Investigation complete; no suspect identified
5a2f9880a14d229d8be957ec994567c15940e87a336ff81174a14ee158faad4a,2021-03,South Yorkshire Police,South Yorkshire Police,-0.964812,53.609471,On or near ANCHOR CLOSE,E01007639,Doncaster 003D,Unable to prosecute suspect
3ce51c1138d5582cf85af86de65ef07755d94c1a391370d4eb12b74e6a2c6179,2021-03,South Yorkshire Police,South Yorkshire Police,-1.476555,53.542576,On or near HIGHSTONE ROAD,E01007413,Barnsley 017C,Local resolution
342e09c7f97aee27d6303793b3ded84a35221e742000b8601bf23e1f1b743f14,2021-03,South Yorkshire Police,South Yorkshire Police,-1.415249,53.523479,On or near WEST AVENUE,E01007447,Barnsley 023A,Investigation complete; no suspect identified
9ba31f3a516ff50f2d35029734738c9ca5962ca5305df6b0cea3125c2f4f981e,2021-03,South Yorkshire Police,South Yorkshire Police,-1.147218,53.544825,On or near HIGH STREET,E01007510,Doncaster 010D,Unable to prosecute suspect
22b7e9c5ad416d18c30baceb7d29511c3ea58376d7d0b46d7f98ac75297d99ed,2021-03,South Yorkshire Police,South Yorkshire Police,-1.503246,53.403457,On or near ROSELLE STREET,E01007995,Sheffield 017A,Investigation complete; no suspect identified
0538aca32e2dd175859b25c018dcc80bf4feb6ab72d03d9e2d1a8521be09c76e,2021-03,South Yorkshire Police,South Yorkshire Police,-1.421380,53.423205,On or near WOODGROVE ROAD,E01007847,Sheffield 014A,Investigation complete; no suspect identified
abb17f5ef33d51a5e113dcd2a1500c7fd5658fd862a6640196d36bc417850923,2021-03,South Yorkshire Police,South Yorkshire Police,-1.420097,53.361491,On or near KILVINGTON ROAD,E01008010,Sheffield 052E,Investigation complete; no suspect identified
015f5e4e704bde1fbef8ad9573870a1d8910a761db00822257203550e68c3bff,2021-03,South Yorkshire Police,South Yorkshire Police,-1.137539,53.517592,On or near CAMDEN PLACE,E01007532,Doncaster 023B,Unable to prosecute suspect
9299e9d8b99e3a8347e305b122a4ed91f9ca776d48b8361745637f0075627de7,2021-03,South Yorkshire Police,South Yorkshire Police,-1.258036,53.396981,On or near Supermarket,E01007815,Rotherham 026D,Investigation complete; no suspect identified
e19ed1d012792b7b2f93451bf911b3628a2423a2bda23ba8b7c35f25b7c4270c,2021-03,South Yorkshire Police,South Yorkshire Police,-1.452104,53.586150,On or near CHAPEL AVENUE,E01007437,Barnsley 002C,Investigation complete; no suspect identified
d1f714f617b2d68b363eee82acd1489cc59cca837bd5bf7acb13dbd3056bf864,2021-03,South Yorkshire Police,South Yorkshire Police,-1.429248,53.409877,On or near HOLYWELL HEIGHTS,E01007855,Sheffield 014F,Investigation complete; no suspect identified
d4369337141238042412a7ab16c2f5796be60e40dd4feb4f9c2dccd48cea65af,2021-03,South Yorkshire Police,South Yorkshire Police,-1.384828,53.536782,On or near BARNSLEY ROAD,E01007350,Barnsley 020C,Investigation complete; no suspect identified
023886a7031c0e1dca023b20e6a1d85db519013622374e2abe9f5b7c05476e09,2021-03,South Yorkshire Police,South Yorkshire Police,-1.143374,53.529670,On or near NEW BRIDGE ROAD,E01007517,Doncaster 013D,Unable to prosecute suspect
996b8b4b0a16f276a8072c83d348e51144582f675215873f755817ebd23e3224,2021-03,South Yorkshire Police,South Yorkshire Police,-1.446427,53.500320,On or near BROAD STREET,E01007390,Barnsley 030B,Investigation complete; no suspect identified
9c4c4c3e06d5faaa483b184d1b0b6defc1ad44209978f4af1d858bff8949c2f6,2021-03,South Yorkshire Police,South Yorkshire Police,,,No location,,,Action to be taken by another organisation
06bbc9c02b7d84f022ed296226cf4b307122ba67a091c4d45417a4ebefbca7e2,2021-03,South Yorkshire Police,South Yorkshire Police,-1.284968,53.420534,On or near Supermarket,E01007686,Rotherham 019C,Unable to prosecute suspect
a3ce79c876aafa74792658e82d70980469592c8b3b5e1e846832cadbc70f2990,2021-03,South Yorkshire Police,South Yorkshire Police,-1.364433,53.422538,On or near BOW BRIDGE CLOSE,E01007676,Rotherham 025A,Unable to prosecute suspect
7860282db7b7a64f850bc55af63bf44efab9e6ed0377b58a1e47a23f17918254,2021-03,South Yorkshire Police,South Yorkshire Police,-1.402163,53.383551,On or near HIGH HAZELS CLOSE,E01007902,Sheffield 027B,Unable to prosecute suspect
49f4b98a7d609a8a6cd88843eb365f2dff69a2e2f81b9c068ea0795325647065,2021-03,South Yorkshire Police,South Yorkshire Police,-1.506695,53.404388,On or near MAY ROAD,E01007995,Sheffield 017A,Investigation complete; no suspect identified
28ee25d692ee05d364ae33b78450e8f6b54900f27c93aad0163acd048d954c7e,2021-03,South Yorkshire Police,South Yorkshire Police,-1.311014,53.492237,On or near ALBERT STREET,E01007797,Rotherham 003B,Investigation complete; no suspect identified
bb2886632081a325dc9540c4fd2da52655442665eb35e607f993fee6df078192,2021-03,South Yorkshire Police,South Yorkshire Police,-1.484267,53.549917,On or near GEORGE SQUARE,E01007340,Barnsley 013B,Suspect charged
0cb05b044722d9fc7b9be27b9e64ebd65aa6e4058ce0a88b47dfee771eb2f56d,2021-03,South Yorkshire Police,South Yorkshire Police,-1.484267,53.549917,On or near GEORGE SQUARE,E01007340,Barnsley 013B,Suspect charged
dfda3a8b3bcb24ce90546917adafd18c52f9d9d9cc798ec08bc1364efbffe66c,2021-03,South Yorkshire Police,South Yorkshire Police,-1.417659,53.405902,On or near WEBSTER STREET,E01007904,Sheffield 018B,Suspect charged
91d03508c0f3e0266693f486f31c136979fd3144d612d10692de17c424de8cf6,2021-03,South Yorkshire Police,South Yorkshire Police,-1.468492,53.382418,On or near FARGATE,E01033264,Sheffield 073D,Suspect charged
df90b50be66c634e15f517c59b8dd6db1a6f9c5f01fd06adf39508ad488d8441,2021-03,South Yorkshire Police,South Yorkshire Police,-1.408970,53.524850,On or near MOUNT TERRACE,E01007447,Barnsley 023A,Unable to prosecute suspect
d9284a9e6a3daf6bfbcbdc37866998196272eda4566f4a7aaaf3aae28734afc7,2021-03,South Yorkshire Police,South Yorkshire Police,-1.281331,53.427362,On or near REYNOLDS CLOSE,E01007726,Rotherham 019F,Investigation complete; no suspect identified
b81a8bf524a6db83fe851819677f586c9519101108adac6c073ad47bef86aeb7,2021-03,South Yorkshire Police,South Yorkshire Police,-1.145812,53.509714,On or near BALBY ROAD,E01007534,Doncaster 028D,Investigation complete; no suspect identified
a2384be2ab225d027704c65cc503a812309d7ed98a24979ae7bc008b76b4eb1a,2021-03,South Yorkshire Police,South Yorkshire Police,-1.477182,53.421727,On or near LAUNCE ROAD,E01008122,Sheffield 012E,Unable to prosecute suspect
1d027d089888d4620038f13150a22d3ea9d19d2570db45710b350dc26d56834a,2021-03,South Yorkshire Police,South Yorkshire Police,-1.315108,53.545922,On or near Supermarket,E01007375,Barnsley 014D,Investigation complete; no suspect identified
ca20515724ca276b02b2bfd3c8d3cfa74bcae1f6e85f7800edc58adf7db29214,2021-03,South Yorkshire Police,South Yorkshire Police,-1.302648,53.551099,On or near BRITON STREET,E01007377,Barnsley 014E,Unable to prosecute suspect
e78d4012f2ccbe176a53697e6d0fa12ec9bc61acacf815c8888d60647e15e0e5,2021-03,South Yorkshire Police,South Yorkshire Police,-1.408880,53.406551,On or near Park/Open Space,E01007913,Sheffield 018C,Investigation complete; no suspect identified
803ad3c52363907d86140faee31ca58bcd148d37b362dab45bbbec46f13d87e1,2021-03,South Yorkshire Police,South Yorkshire Police,-1.325408,53.488472,On or near ROCKINGHAM ROAD,E01007799,Rotherham 003D,Local resolution
177c20c48f52cd8257f827696c165ef9d8854acd004879b711b9460e038f3602,2021-03,South Yorkshire Police,South Yorkshire Police,-1.383391,53.430988,On or near MEADOWBANK CLOSE,E01007715,Rotherham 016A,Unable to prosecute suspect
8afec5e2bd42f8194f322fe4ff7cded217a6887986fe93039093040ec65dbda5,2021-03,South Yorkshire Police,South Yorkshire Police,-1.468020,53.370892,On or near Parking Area,E01033273,Sheffield 042F,Investigation complete; no suspect identified
905f06656ef9c4799484cd5914423dc2e3bbd986907bd82adbefb4a822ed2771,2021-03,South Yorkshire Police,South Yorkshire Police,-1.017130,53.566901,On or near TOWER GARDENS,E01007560,Doncaster 008E,Investigation complete; no suspect identified
cefcf00baabcc036cc1f298b0e566065c096390a744900e002da2c0dea851d79,2021-03,South Yorkshire Police,South Yorkshire Police,-1.172639,53.501885,On or near MULBERRY COURT,E01007551,Doncaster 033B,Investigation complete; no suspect identified
952df42e2ded2e9cd93132b231c4336b3457ebab939e15df7619da48bcce4e9c,2021-03,South Yorkshire Police,South Yorkshire Police,-1.424811,53.412013,On or near LIMPSFIELD ROAD,E01007854,Sheffield 014E,Investigation complete; no suspect identified
fc2917aaf4e9715f8625677946ad53078c3af8aad8d9b29c5beacd6f8935eb50,2021-03,South Yorkshire Police,South Yorkshire Police,-1.058455,53.637686,On or near MANOR FARM LANE,E01007625,Doncaster 004A,Unable to prosecute suspect
41163f69b6b531b31ab80aee25cb67108f07b3650055d362e1593513be0d0b06,2021-03,South Yorkshire Police,South Yorkshire Police,-1.117277,53.517246,On or near CARR HOUSE ROAD,E01007643,Doncaster 022D,Unable to prosecute suspect
8e5d4de21f3ff2fd74b4adfbaa61b7c5804dd8965372fa4120cea36d50a8a91b,2021-03,South Yorkshire Police,South Yorkshire Police,-1.117277,53.517246,On or near CARR HOUSE ROAD,E01007643,Doncaster 022D,Unable to prosecute suspect
98ab90134d45bd5f1175061c2db240eb43f2ed9b54787295f4fc17030fb28699,2021-03,South Yorkshire Police,South Yorkshire Police,-1.378219,53.511023,On or near KNOLLBECK LANE,E01007694,Rotherham 001B,Local resolution
4461b180b91d4e25138ec14e3882d2da76484dfb0c02dfa51d892a53fc94cc57,2021-03,South Yorkshire Police,South Yorkshire Police,,,No location,,,Investigation complete; no suspect identified
b26b95e3daf6948027b23384aadb7743887f9a5cf090efbf181f6235dfb0578d,2021-03,South Yorkshire Police,South Yorkshire Police,-1.488946,53.413194,On or near SCRAITH WOOD DRIVE,E01008092,Sheffield 012D,Unable to prosecute suspect
2b9df884d27195f52edc171db4971cfafad5a06322de09377b141cb8bf8d4b9a,2021-03,South Yorkshire Police,South Yorkshire Police,-1.296275,53.499378,On or near MAPLE ROAD,E01007573,Doncaster 031C,Investigation complete; no suspect identified
69f22bbb0919525e17750c918136878a96a40fe3ab9827b612dfd16da774bdad,2021-03,South Yorkshire Police,South Yorkshire Police,-1.417912,53.345400,On or near LISTER AVENUE,E01007843,Sheffield 062C,Unable to prosecute suspect
72c10ce49dd3645e50fa3855b659168de362e01d0162137816ba7c7d333e18f6,2021-03,South Yorkshire Police,South Yorkshire Police,-1.207238,53.571449,On or near ELMWOOD AVENUE,E01007465,Doncaster 009B,Investigation complete; no suspect identified
0b42e3467389ddcb652b0ae15d8de6b2fd4eed2dda78b7741431601a4a13e3c1,2021-03,South Yorkshire Police,South Yorkshire Police,-1.358033,53.355861,On or near STACYE AVENUE,E01007969,Sheffield 044B,Unable to prosecute suspect
e5843999ee2537a5357fee0fc5fcc1343f51ef9fbbd3efe4e0d939f6b6f286c3,2021-03,South Yorkshire Police,South Yorkshire Police,-1.427168,53.368725,On or near WALTHEOF ROAD,E01008012,Sheffield 039B,Investigation complete; no suspect identified
520953be715f6e58b3f39d052af9dd9f4a8d04e6324aba75b31d07a785fc99af,2021-03,South Yorkshire Police,South Yorkshire Police,-1.504079,53.412000,On or near Supermarket,E01008089,Sheffield 017B,Suspect charged
9a86832db644c0ff8b8ddedacc3eb92dcf5d0b80f437bce0b7a284ea4561d03b,2021-03,South Yorkshire Police,South Yorkshire Police,-1.224691,53.425336,On or near CEDAR DRIVE,E01007761,Rotherham 018E,Unable to prosecute suspect
bfc46831be1233f1156b11a97518b194689348c7ecfe317669a5f7e8fd94e89c,2021-03,South Yorkshire Police,South Yorkshire Police,-1.207238,53.571449,On or near ELMWOOD AVENUE,E01007465,Doncaster 009B,Investigation complete; no suspect identified
53f0d20a4a11590e46af8e617dfda11f5cd6102a1e3b777eecfddc62b03d5926,2021-03,South Yorkshire Police,South Yorkshire Police,-1.373636,53.410623,On or near PAVILION LANE,E01007676,Rotherham 025A,Investigation complete; no suspect identified
fa81d67df46e4d83b4404e4d1bb0f113ad5487eb98d0be5c0208bb07fa11dc1d,2021-03,South Yorkshire Police,South Yorkshire Police,-1.464474,53.370786,On or near CREAM STREET,E01033273,Sheffield 042F,Investigation complete; no suspect identified
57a8eb97c29504bea24f0a888e83bef9be537bd07e930c0e00c358adf4829ec4,2021-03,South Yorkshire Police,South Yorkshire Police,-1.023240,53.536344,On or near HOLME WOOD LANE,E01007479,Doncaster 014A,Unable to prosecute suspect
ae29eee3a11850772362580d4974824b21e4c06143d4d21468e95424b9e149b8,2021-03,South Yorkshire Police,South Yorkshire Police,-1.492103,53.323626,On or near RENEY CRESCENT,E01007823,Sheffield 069A,Investigation complete; no suspect identified
d35a5654b5cae25317cc3ef6e59bea8e8d870a92eb48fae49f20d961fbfb9341,2021-03,South Yorkshire Police,South Yorkshire Police,-1.469483,53.546904,On or near CEMETERY ROAD,E01007339,Barnsley 017B,Unable to prosecute suspect
eeb1a50aa1d17369bb75d7d69c4064b76ff38364f9a9d0eaf82a5869abd5498f,2021-03,South Yorkshire Police,South Yorkshire Police,-1.047039,53.540195,On or near HAZEL GROVE,E01007479,Doncaster 014A,Local resolution
83e8b1dc8d5da3190ea7f13ec61964c1ac4fb02118642d485b85dfd99cf346d5,2021-03,South Yorkshire Police,South Yorkshire Police,,,No location,,,Investigation complete; no suspect identified
4bec5377a91a46065016f48ab9f3a87ea14e94dda5a1e08b1bbab3d5fb62f362,2021-03,South Yorkshire Police,South Yorkshire Police,-1.499337,53.385364,On or near LEAMINGTON STREET,E01008069,Sheffield 028C,Unable to prosecute suspect
aae114af4264b21430f0ad0ef6e4e3dc7905dbe1db5095c4178a8a9718fee787,2021-03,South Yorkshire Police,South Yorkshire Police,-1.440513,53.359557,On or near ERRINGTON CRESCENT,E01008102,Sheffield 048C,Unable to prosecute suspect
679beb90ac4321aa00b1b3ffc9d7ead56ebd80a01daed8cde3e9924a723dddd9,2021-03,South Yorkshire Police,South Yorkshire Police,,,No location,,,Investigation complete; no suspect identified
7d9a20cf254e293026a1493c28482aef1d6059230eabfb9437f739168476e12f,2021-03,South Yorkshire Police,South Yorkshire Police,-1.071105,53.503746,On or near WENSLEY CRESCENT,E01007607,Doncaster 025E,Unable to prosecute suspect
455dee24645c3ce19ebc3743d97d7c4744f57c11a9226c432160ea64f5625506,2021-03,South Yorkshire Police,South Yorkshire Police,-1.487147,53.557623,On or near HOPWOOD STREET,E01007336,Barnsley 013A,Investigation complete; no suspect identified
d3326f3b54feb6b7dc7dd3381428b99257df8580068c33aeaf69b7c87ff28b8b,2021-03,South Yorkshire Police,South Yorkshire Police,-1.222398,53.349680,On or near Petrol Station,E01007663,Rotherham 032E,Unable to prosecute suspect
af8486256485d926fdbaa160aefa6b46e3bad448b7ec6e0209ab423e5c1b369b,2021-03,South Yorkshire Police,South Yorkshire Police,-1.383795,53.347862,On or near DYKE VALE AVENUE,E01033279,Sheffield 076F,Unable to prosecute suspect
4e263f30bbccdce131501f8e478ee92f1de28ad006b99458dba133f50f525e50,2021-03,South Yorkshire Police,South Yorkshire Police,,,No location,,,Suspect charged
322cf9a24025e732b4418b02f2895e8eaedb2cdf0b821fe55ee7e63c5e763005,2021-03,South Yorkshire Police,South Yorkshire Police,-1.183206,53.488654,On or near BOUNDARY CLOSE,E01007545,Doncaster 034A,Investigation complete; no suspect identified
52357d0e2af4c6039a98f18acb22e9c57698cc08d71b8ea9ba05e1dedbb0f25e,2021-03,South Yorkshire Police,South Yorkshire Police,-1.465790,53.474566,On or near WARREN GARDENS,E01007889,Sheffield 004B,Investigation complete; no suspect identified
8bffe43b3d3e362d08795e7fef14f418587417927073e843492f97020e7ac307,2021-03,South Yorkshire Police,South Yorkshire Police,-1.509460,53.381029,On or near LYDGATE COURT,E01007962,Sheffield 029C,Investigation complete; no suspect identified
19a9b57633fe9bbebe87edaade8d09b2ce247511b09aebbb611d492277154700,2021-03,South Yorkshire Police,South Yorkshire Police,-1.263946,53.429260,On or near GAUNT CLOSE,E01007681,Rotherham 012A,Unable to prosecute suspect
f0a3445e16e59ca0d7b8241f082632c6347e317f3f4fbe76d411d0fe2d8b1bef,2021-03,South Yorkshire Police,South Yorkshire Police,-1.501587,53.387109,On or near MONA ROAD,E01008074,Sheffield 028D,Investigation complete; no suspect identified
3468d9b8f3c2acf0e4986365e1a539bee2afba2fe06bad20da7dc3b56602d900,2021-03,South Yorkshire Police,South Yorkshire Police,-1.311014,53.492237,On or near ALBERT STREET,E01007797,Rotherham 003B,Investigation complete; no suspect identified
4f30c718749f01e548e858131f82cf96820d89d7d132c02f8842fbf88d8342bf,2021-03,South Yorkshire Police,South Yorkshire Police,-1.462946,53.442050,On or near SCHOLES VIEW,E01008138,Sheffield 006D,Unable to prosecute suspect
a787966c3f41fdb0fa01e08a6a9efed24995ddcf12d0e0e2ecbc238003e97040,2021-03,South Yorkshire Police,South Yorkshire Police,-1.280960,53.496653,On or near WASHINGTON STREET,E01007576,Doncaster 031E,Unable to prosecute suspect
d7afda2899eafc615c18e7b476f0bafb563383a4df830aa2c5c3c61812261f63,2021-03,South Yorkshire Police,South Yorkshire Police,-1.272387,53.499918,On or near WINDHILL TERRACE,E01007575,Doncaster 030A,Suspect charged
3b62656084f20f879942933fdb1f093f567528ba94c32f6b4b98a279f99f8558,2021-03,South Yorkshire Police,South Yorkshire Police,-1.195418,53.590335,On or near ACACIA ROAD,E01007469,Doncaster 005B,Suspect charged
c285097980bece583b79dfa257d9f8e84432ac82ab5f062b371f9ff7ce8d6f49,2021-03,South Yorkshire Police,South Yorkshire Police,-1.458248,53.496572,On or near STEAD LANE,E01007396,Barnsley 028A,Investigation complete; no suspect identified
a620bff60bd1ca4f28e104d0a4f9c1845902a388b85221afeb3fe567f007b133,2021-03,South Yorkshire Police,South Yorkshire Police,-1.120727,53.526872,On or near Pedestrian Subway,E01007647,Doncaster 019C,Investigation complete; no suspect identified
9c2d04361eb6ab15664306d87179b451f698169178cc8934dd5b607fb9a007e4,2021-03,South Yorkshire Police,South Yorkshire Police,-1.499593,53.558305,On or near Hospital,E01007446,Barnsley 012G,Investigation complete; no suspect identified
8027d8572ae86174a41c57b7fe62b748b55c7c91ed1b224c2b1fec9e8b298093,2021-03,South Yorkshire Police,South Yorkshire Police,-1.488722,53.414263,On or near HERRIES ROAD,E01008124,Sheffield 012F,Unable to prosecute suspect
5a09185b3daaedf0a32464daf900e9d6b795ecae6b4087f5a47adfbf4fb56d0a,2021-03,South Yorkshire Police,South Yorkshire Police,-1.181895,53.501922,On or near WARREN CLOSE,E01007552,Doncaster 033C,Investigation complete; no suspect identified
3d5e94caf569ac92d853c005d15def865a60291c77295e9c926dcd425f638428,2021-03,South Yorkshire Police,South Yorkshire Police,-1.418936,53.526274,On or near GREAT STUBBING,E01007450,Barnsley 023D,Investigation complete; no suspect identified
c513d90b6db6aca35bd7f5f7efd8f1da50543a69f3f1785c8b79a813ea4ad321,2021-03,South Yorkshire Police,South Yorkshire Police,-1.483085,53.369151,On or near MACKENZIE STREET,E01008107,Sheffield 040C,Investigation complete; no suspect identified
ea083e7eaa76cd024711c1bd8ea5f579f3c230304888dce4c11c919ca4502903,2021-03,South Yorkshire Police,South Yorkshire Police,-1.470539,53.367730,On or near BRAMALL COURT,E01008108,Sheffield 042A,Investigation complete; no suspect identified
c4be5e4ca049c416961b06147b50c049c7c53b1d004483b775a755716b40ff82,2021-03,South Yorkshire Police,South Yorkshire Police,-1.330951,53.422553,On or near DRYDEN ROAD,E01007708,Rotherham 021A,Investigation complete; no suspect identified
15177b2cc2704781ce2f0a7a4bc7451c193cef44322281b7a78d923b05953492,2021-03,South Yorkshire Police,South Yorkshire Police,-1.491686,53.555521,On or near SUMMER LANE,E01007441,Barnsley 013E,Local resolution
25ab738070a918da6f24c1f12c9f1aa5f8c61ffc8d27b9d0a47206602834eecd,2021-03,South Yorkshire Police,South Yorkshire Police,-1.499156,53.348276,On or near HASTINGS ROAD,E01007929,Sheffield 055C,Investigation complete; no suspect identified
9b5f822e72a303b7a8e11609148939ea5aabb94ccf6c018b223ac86c7d63465c,2021-03,South Yorkshire Police,South Yorkshire Police,-0.942318,53.628968,On or near AUCKLAND GROVE,E01007634,Doncaster 001C,Unable to prosecute suspect
1e9133c00444c5024ad321f89d497260c54a45c08236a1a93bf1ca16352ade31,2021-03,South Yorkshire Police,South Yorkshire Police,-1.381545,53.516667,On or near WATH ROAD,E01032925,Barnsley 026G,Investigation complete; no suspect identified
957f240e996959fceb3d98b37f30219068b7fe52bf5975a6c7519812bbb06881,2021-03,South Yorkshire Police,South Yorkshire Police,-1.442270,53.340069,On or near RAEBURN WAY,E01008077,Sheffield 060D,Unable to prosecute suspect
dcc3ac3672269c6535ebdf02f45aa1e0c17cf8453d47af22b6217c27e84cf963,2021-03,South Yorkshire Police,South Yorkshire Police,-1.475544,53.568224,On or near SMITHIES LANE,E01032550,Barnsley 010G,Unable to prosecute suspect
6e3c585726cdbbaf89711ae0eb1036633cd41fdd12588846d7069964243cbff9,2021-03,South Yorkshire Police,South Yorkshire Police,-1.120727,53.526872,On or near Pedestrian Subway,E01007647,Doncaster 019C,Investigation complete; no suspect identified
c1ae357a8fc3288acfc5d1a5f83c6d8d42424fa69e903f5bad48be19c40f5d8b,2021-03,South Yorkshire Police,South Yorkshire Police,-1.359180,53.337450,On or near GALLEY DRIVE,E01008037,Sheffield 065E,Investigation complete; no suspect identified
2b967b096b3518fcf1bf73ac88802a3cc0dc8fb7ee7c4288756899d013baee1f,2021-03,South Yorkshire Police,South Yorkshire Police,-1.450446,53.428430,On or near GREGG HOUSE ROAD,E01008059,Sheffield 010C,Investigation complete; no suspect identified
393c15ad0f7aaf94536b4e275ade36c527e9362406337eacafb1b3648bcdb6c2,2021-03,South Yorkshire Police,South Yorkshire Police,-1.461555,53.497342,On or near KAY STREET,E01007396,Barnsley 028A,Unable to prosecute suspect
77d18d056ee24a19181f138863ee16c6cc2959a831f52b361726bc0d2c802779,2021-03,South Yorkshire Police,South Yorkshire Police,-1.145107,53.529035,On or near NORTH BRIDGE ROAD,E01007584,Doncaster 021A,Investigation complete; no suspect identified
ac2657c371946804be899a04cb632f834e366397e2b5daea14546e1bb0586d7f,2021-03,South Yorkshire Police,South Yorkshire Police,-1.496527,53.488434,On or near MAPLE COURT,E01007424,Barnsley 028E,Investigation complete; no suspect identified
e444f383f78d661924bf1aeb0f23522545bc0e7a10242ad742b1cda5f11a2011,2021-03,South Yorkshire Police,South Yorkshire Police,-1.461555,53.497342,On or near KAY STREET,E01007396,Barnsley 028A,Investigation complete; no suspect identified
c884bdcf800b92f4ea203123560d80bfc4cd70816129b01d0772bbe6e49d68e4,2021-03,South Yorkshire Police,South Yorkshire Police,-1.108242,53.523759,On or near SANDRINGHAM ROAD,E01007649,Doncaster 019E,Unable to prosecute suspect
0d81c6b85ac74ce7bfcc682f571829f41336f913ae94c436b7009a944386d8b6,2021-03,South Yorkshire Police,South Yorkshire Police,-1.297939,53.500889,On or near ELM ROAD,E01007573,Doncaster 031C,Investigation complete; no suspect identified
23fdbba97b5096849d197d9ad541d0750d24f98b2fb01c6f027238c0026637ad,2021-03,South Yorkshire Police,South Yorkshire Police,-1.325015,53.441980,On or near Supermarket,E01007736,Rotherham 014A,Investigation complete; no suspect identified
c846f7d1102dafe6442ffad44a214a8e8d7a49534f6dd58cd6d7e8b20e017de1,2021-03,South Yorkshire Police,South Yorkshire Police,-1.260858,53.423336,On or near AUSTEN DRIVE,E01007684,Rotherham 022A,Further action is not in the public interest
750680bf9d7132b211bb897810f1423f4605a729880e16ffead1ec225c1cb5fa,2021-03,South Yorkshire Police,South Yorkshire Police,-1.066818,53.573285,On or near FAIRVIEW COURT,E01007630,Doncaster 007E,Investigation complete; no suspect identified
2afc71bb910bd97f9fa9e8cd37b8dff7e33589be2116339d3eb92882eb0b733d,2021-03,South Yorkshire Police,South Yorkshire Police,-1.410684,53.400079,On or near RANSKILL COURT,E01007904,Sheffield 018B,Suspect charged
345b9011153dbb54bae93fc0401a4cd582277a74b9467cdbd19cc4a09278657e,2021-03,South Yorkshire Police,South Yorkshire Police,-1.195356,53.419182,On or near SCHOLFIELD CRESCENT,E01007760,Rotherham 020D,Unable to prosecute suspect
b3b847b6c8adb1d9d8b3bee479aa7f4872d5302a2ff0bed01465f1c796122c88,2021-03,South Yorkshire Police,South Yorkshire Police,-1.447428,53.600708,On or near MIDLAND ROAD,E01007440,Barnsley 002D,Investigation complete; no suspect identified
30d9883a7b205ed4dd3724223db6e576297cea32f1324049cc69a7bb38dd7d01,2021-03,South Yorkshire Police,South Yorkshire Police,-1.077182,53.471757,On or near ALLENBY CRESCENT,E01007590,Doncaster 037A,Investigation complete; no suspect identified
ad86222d41c3c558c457f15a348e1932b1cb8d3df6e9c464244143e45649b74f,2021-03,South Yorkshire Police,South Yorkshire Police,-1.147218,53.544825,On or near HIGH STREET,E01007510,Doncaster 010D,Unable to prosecute suspect
4aae3e57f0cd9f862489e6e57a79a720834c27ec6ce364b59134cd7241a37c83,2021-03,South Yorkshire Police,South Yorkshire Police,-1.147218,53.544825,On or near HIGH STREET,E01007510,Doncaster 010D,Unable to prosecute suspect
404374da74539bd0d8f478bb1eb32a6e33768699946a92dab055f5f109d45e16,2021-03,South Yorkshire Police,South Yorkshire Police,-1.506006,53.382048,On or near CROOKES,E01007962,Sheffield 029C,Suspect charged
ebf44553a1d30c41b553f68de0b17aa54137915d6eb332e656dc0045ee4a858d,2021-03,South Yorkshire Police,South Yorkshire Police,-1.451358,53.418340,On or near DOWNHAM ROAD,E01007948,Sheffield 013D,Investigation complete; no suspect identified
05a3caa9bef785cd6d39ab3ae4733284649edb9b535aa5ed714a0d7567c21240,2021-03,South Yorkshire Police,South Yorkshire Police,-1.109395,53.538527,On or near FOSSARD CLOSE,E01007652,Doncaster 015D,Suspect charged
10a75d210e0f53caf4aa7b83050a105a678d4043253c4c2f3f77c45c6cdeae8f,2021-03,South Yorkshire Police,South Yorkshire Police,-1.509742,53.548783,On or near MOORLAND AVENUE,E01007442,Barnsley 012E,Local resolution
67007778ad7d7ed1d201e9bdbcab6d9587afe49168c3a7bb5a86f4e4c3fe95e1,2021-03,South Yorkshire Police,South Yorkshire Police,-1.483222,53.544025,On or near TOWER STREET,E01007415,Barnsley 013C,Investigation complete; no suspect identified
f3ae34f9de439b2f175942cdc50a2706b1ccc4c42aa5e019aef13713c50ec9c8,2021-03,South Yorkshire Police,South Yorkshire Police,-1.370046,53.361400,On or near TITHE BARN AVENUE,E01007964,Sheffield 049A,Investigation complete; no suspect identified
cd1bd2653c75f6e586526ebcc6559fbcb6ea37e3edd9c9c1ed73cbef202064dc,2021-03,South Yorkshire Police,South Yorkshire Police,-1.368708,53.358390,On or near Parking Area,E01007964,Sheffield 049A,Investigation complete; no suspect identified
052111d602ee051256a502df28eaa4aa4e435bfa2d605b194fe26b2716069947,2021-03,South Yorkshire Police,South Yorkshire Police,-1.423669,53.340682,On or near OLIVE CRESCENT,E01007835,Sheffield 062A,Investigation complete; no suspect identified
4fb317553c66ea5c68cc00bc077dd94231560216135f9856cfe4222a7d2fdb88,2021-03,South Yorkshire Police,South Yorkshire Police,-1.398372,53.414633,On or near LIFFORD STREET,E01007914,Sheffield 018D,Unable to prosecute suspect
b6407d51cb3869c7bbe39ac5959cec2cf8b09b5347adadea85eccaf1535f6f8f,2021-03,South Yorkshire Police,South Yorkshire Police,-1.435645,53.350474,On or near ASHFIELD CLOSE,E01007982,Sheffield 054A,Investigation complete; no suspect identified
79323d8da4c45616311e0963d58c4f37d2f9af259485e7c54865571fbe2ec4cb,2021-03,South Yorkshire Police,South Yorkshire Police,-1.337782,53.450672,On or near ALDWARKE ROAD,E01007776,Rotherham 008B,Unable to prosecute suspect
cb05297cd14263fb90c01f10e6447866c29ba5529fd8e284aef8ad94042a461a,2021-03,South Yorkshire Police,South Yorkshire Police,-1.491930,53.430393,On or near DEERLANDS AVENUE,E01008085,Sheffield 009A,Unable to prosecute suspect
1edcd2ff557eb4d8500741ccad515c9fbf7e750ee5c12f3c73d864f25704de53,2021-03,South Yorkshire Police,South Yorkshire Police,-1.393893,53.444983,On or near DUKE CRESCENT,E01007805,Rotherham 011C,Suspect charged
e104e09e0e3b70e460c531d3c490c9e19c530c8f94f3a08135df5c4986d7d91e,2021-03,South Yorkshire Police,South Yorkshire Police,-1.494136,53.399212,On or near LANGSETT ROAD,E01008157,Sheffield 026D,Investigation complete; no suspect identified
88ca70381da9758270ea9d4b416ccd51ae62c0f97f7ba04b3daf09a5dae8c121,2021-03,South Yorkshire Police,South Yorkshire Police,-1.482739,53.547708,On or near AGNES ROAD,E01007340,Barnsley 013B,Local resolution
46128e30d3f4d6caf346bb102765a9b1583701e1d4cc6c5ba1ddd5e3f1e4ced7,2021-03,South Yorkshire Police,South Yorkshire Police,-1.035955,53.539845,On or near YORKSHIRE WAY,E01007479,Doncaster 014A,Investigation complete; no suspect identified
cd390fd5b8b7de7d8aaf9cede98f1df56c58fdfbfd5186fdabb15655b4108273,2021-03,South Yorkshire Police,South Yorkshire Police,-1.491930,53.430393,On or near DEERLANDS AVENUE,E01008085,Sheffield 009A,Unable to prosecute suspect
62e180f3d1968fb5248963f3b0a76a0a7555dd00dd974c5dd08e73260afb7248,2021-03,South Yorkshire Police,South Yorkshire Police,-1.505086,53.549447,On or near ARNCLIFFE DRIVE,E01007444,Barnsley 012F,Further action is not in the public interest
655b2b8a3de9a59034ddffce0c5ef97810d5c33b0f19322c740cfc719c4dbe22,2021-03,South Yorkshire Police,South Yorkshire Police,-1.419148,53.528450,On or near NEVILLE CLOSE,E01007450,Barnsley 023D,Unable to prosecute suspect
37a636b5c402edf1ad4b638bf52b598a173cc0195baa764e2cc67e7f74496a87,2021-03,South Yorkshire Police,South Yorkshire Police,-1.472713,53.542028,On or near HARRIET CLOSE,E01007414,Barnsley 017D,Local resolution
d5b7e6e6429dd5471ae6d871a7459c447de1ac694c7a289d93336e1d77568506,2021-03,South Yorkshire Police,South Yorkshire Police,-1.472713,53.542028,On or near HARRIET CLOSE,E01007414,Barnsley 017D,Local resolution
d5e7400402c1f8abc83854786456d4703c49e59507d7630c0e9adb64abd23106,2021-03,South Yorkshire Police,South Yorkshire Police,-1.226122,53.427718,On or near YEW TREE ROAD,E01007761,Rotherham 018E,Investigation complete; no suspect identified
134fc45a867fb68cb106ae0cb71aafbef9a96f7e58490a746c17a227adefb6fd,2021-03,South Yorkshire Police,South Yorkshire Police,-1.353691,53.385600,On or near STATION ROAD,E01007701,Rotherham 027D,Offender given a caution
d092a99f408684744bf664c801306bb7fd747f4c84419d209e8ceb6a48cb37d3,2021-03,South Yorkshire Police,South Yorkshire Police,-1.472993,53.501231,On or near DEARNE VALLEY PARKWAY,E01007424,Barnsley 028E,Investigation complete; no suspect identified
e61fa3dbd775f0d02be109214f01927eb1d984f62f5520f1d201f388256bd35e,2021-03,South Yorkshire Police,South Yorkshire Police,-1.474382,53.370471,On or near Theatre/Concert Hall,E01008109,Sheffield 042B,Unable to prosecute suspect
14696f54ba321b39cbf963769f2c65d7f78e9df20b086e152e1c5e165e08fc7e,2021-03,South Yorkshire Police,South Yorkshire Police,-1.306045,53.531650,On or near MANOR AVENUE,E01007369,Barnsley 022A,Unable to prosecute suspect
1bf7904a876bba8547eaee6c8ca3eb70fc044bc14a6a67a4fc1d327facf24f14,2021-03,South Yorkshire Police,South Yorkshire Police,-1.463495,53.446269,On or near WHITLEY VIEW,E01008135,Sheffield 005C,Investigation complete; no suspect identified
4764930e6c4e7d7ff5d18f8228149f1e233fd3c1111a5da7f3137d659191ccb3,2021-03,South Yorkshire Police,South Yorkshire Police,-1.475445,53.414897,On or near SOUTHEY RISE,E01007950,Sheffield 015D,Investigation complete; no suspect identified
3278fa7279bef5b1dec8122c1fbf14f4223a3ea098b90bb52701029dee0e70a6,2021-03,South Yorkshire Police,South Yorkshire Police,-1.458688,53.356522,On or near ABNEY DRIVE,E01007976,Sheffield 051B,Unable to prosecute suspect
ba75f3eb1e3dccb4f1ab4e1949502abbf2242cab5cd4a841d675e7b1dfffdcc4,2021-03,South Yorkshire Police,South Yorkshire Police,-1.478060,53.341300,On or near Supermarket,E01007831,Sheffield 059C,Investigation complete; no suspect identified
c73c25b47ad9331521b35f27006aec5e279667852ef18f7246856ee17118051c,2021-03,South Yorkshire Police,South Yorkshire Police,-1.473616,53.364373,On or near GLOVER ROAD,E01008112,Sheffield 042D,Investigation complete; no suspect identified
725827349a24bd9c48c95a92c3bef03c0ea8c7ecee12413cd892457fad480730,2021-03,South Yorkshire Police,South Yorkshire Police,-1.453638,53.586651,On or near CROOKES LANE,E01007437,Barnsley 002C,Further action is not in the public interest
79a98c2f64e7e306f6cc1116a30246c943c808ecced98b3e02c6f57bc4802c03,2021-03,South Yorkshire Police,South Yorkshire Police,-1.034853,53.593598,On or near OLDFIELD CLOSE,E01007626,Doncaster 004B,Investigation complete; no suspect identified
bc2b2a15b5883fb4d315b23e82674768e6fae345f5727d7c173f85fe9195c19e,2021-03,South Yorkshire Police,South Yorkshire Police,-1.453278,53.355437,On or near CALLOW ROAD,E01007977,Sheffield 051C,Unable to prosecute suspect
dcca1fd800256216d38f92c917b4da2897e2123219da7b392b8c77972afb5926,2021-03,South Yorkshire Police,South Yorkshire Police,-1.475445,53.414897,On or near SOUTHEY RISE,E01007950,Sheffield 015D,Investigation complete; no suspect identified
00ee21a364d421bba14287638d6c549bd0caa24eac7c6357e766ca8f8c028a4e,2021-03,South Yorkshire Police,South Yorkshire Police,-1.149334,53.506998,On or near MELVILLE AVENUE,E01007494,Doncaster 023A,Investigation complete; no suspect identified
6e43ee24e4f83867a2be675311978bf4f7361c487a2d19dae092c9feec783af2,2021-03,South Yorkshire Police,South Yorkshire Police,-1.230607,53.483576,On or near WELLGATE,E01007542,Doncaster 032B,Unable to prosecute suspect
4f6e26a6e88f01dc62e6e3d4acbe1d1e821ff8b8e1f34d409c7b35e3e5f1f00b,2021-03,South Yorkshire Police,South Yorkshire Police,-1.456747,53.596355,On or near REDWOOD AVENUE,E01007435,Barnsley 001B,Unable to prosecute suspect
8d53c1015a1497ea809c89b1f9b8ab18a9431e57b397196447c3f857459f8e52,2021-03,South Yorkshire Police,South Yorkshire Police,-1.272387,53.499918,On or near WINDHILL TERRACE,E01007575,Doncaster 030A,Suspect charged
975624c0a9df748cad35ed23907e4231830dc802dd88042635744745ba861d54,2021-03,South Yorkshire Police,South Yorkshire Police,-1.136477,53.521647,On or near CHANCERY PLACE,E01007645,Doncaster 022E,Investigation complete; no suspect identified
8c24dbd7a73c4e8c7993853f987c2ac356c228a85070d0a1a79090a58d62f8bc,2021-03,South Yorkshire Police,South Yorkshire Police,-1.508227,53.343199,On or near WHIRLOWDALE ROAD,E01007932,Sheffield 055E,Unable to prosecute suspect
1b2e8fe3c0702c086217e5187fdf1b7dd63931542d8f3847f86810316ac9937b,2021-03,South Yorkshire Police,South Yorkshire Police,-1.473231,53.524656,On or near SHEFFIELD ROAD,E01007458,Barnsley 021A,Unable to prosecute suspect
49fcd3e284a30d75d623bc343e751bdb1188795dee305f40ec1211d352774e83,2021-03,South Yorkshire Police,South Yorkshire Police,-1.469684,53.349443,On or near WARMINSTER ROAD,E01007985,Sheffield 053E,Investigation complete; no suspect identified
a791d0b419d34b9ad5d9f2d1d73ef7873e9abddc08d480ec1734ee67d2ce9b3c,2021-03,South Yorkshire Police,South Yorkshire Police,-1.380284,53.348563,On or near CARR FORGE CLOSE,E01033279,Sheffield 076F,Unable to prosecute suspect
5026b78e58df3c27b0b24643c634e91946c6562f3621e12c94127384218d2aab,2021-03,South Yorkshire Police,South Yorkshire Police,-1.410866,53.571887,On or near Parking Area,E01007347,Barnsley 008D,Local resolution
99f0ffd6c4240e9903caf8b7e499666f876df8b9a1f6dfc8faa476b57b9206bb,2021-03,South Yorkshire Police,South Yorkshire Police,-1.508227,53.343199,On or near WHIRLOWDALE ROAD,E01007932,Sheffield 055E,Unable to prosecute suspect
f7debe2bb2202b2e6193f12cafd22a1102554a2ca9445aec57fb27eaeec32658,2021-03,South Yorkshire Police,South Yorkshire Police,-1.480948,53.505364,On or near WENTWORTH STREET,E01007399,Barnsley 028D,Unable to prosecute suspect
5bc06b8052efb49c2947b6dcd46d932c84b5e4e872bb27b44a3467460298529b,2021-03,South Yorkshire Police,South Yorkshire Police,-1.267482,53.501955,On or near ULLSWATER ROAD,E01007580,Doncaster 030D,Unable to prosecute suspect
4c3c56dd69bbff405b9cd90738cfc9d4d99254930ad3b688e368f13e74ce81db,2021-03,South Yorkshire Police,South Yorkshire Police,-1.473231,53.524656,On or near SHEFFIELD ROAD,E01007458,Barnsley 021A,Unable to prosecute suspect
a45035eaac9d7cc600342a7c15fe60aa9bfe5f46d4616466f74a7dfe47621a45,2021-03,South Yorkshire Police,South Yorkshire Police,-1.388020,53.529904,On or near MILLMOOR COURT,E01007449,Barnsley 023C,Investigation complete; no suspect identified
2802643409bb06be8e8a707e55d4c242194d3dea1848927f5842edf2bac6b5ed,2021-03,South Yorkshire Police,South Yorkshire Police,-1.484575,53.355306,On or near ARNSIDE ROAD,E01008042,Sheffield 050A,Investigation complete; no suspect identified
d9b2857c685970cab4d3e2f64308c1c575cc6a0afaa29fbe24054e969d04abe7,2021-03,South Yorkshire Police,South Yorkshire Police,-1.347077,53.438633,On or near HARDWICKE ROAD,E01007768,Rotherham 014D,Investigation complete; no suspect identified
1d45094d3e0036067a46c9364ffb5d8652571113cad64c5c02894c7d7e152e37,2021-03,South Yorkshire Police,South Yorkshire Police,-1.145598,53.518854,On or near FLOWITT STREET,E01007529,Doncaster 022A,Unable to prosecute suspect
104e3557976537dc1d791a364784b96c1f10137438bfe2055d1bc3c26582ccd0,2021-03,South Yorkshire Police,South Yorkshire Police,-1.270060,53.526546,On or near THE PINFOLD,E01007586,Doncaster 020B,Unable to prosecute suspect
9c9ad6b9cee178989276b08e331dcd07eca0e6aa5b158ff5741296d09d8f5297,2021-03,South Yorkshire Police,South Yorkshire Police,-1.307915,53.533512,On or near BARNSLEY ROAD,E01007376,Barnsley 022D,Investigation complete; no suspect identified
1f9c6f661b5aca47e470d57b56ea9ba0c5b6127b4f31f09ba2283b701fdd20e6,2021-03,South Yorkshire Police,South Yorkshire Police,-1.343372,53.412348,On or near OAKWOOD HALL DRIVE,E01007678,Rotherham 023B,Unable to prosecute suspect
6b0ae4df6aa6287e596ef96f6371978cbc8fc6eea570a42e50aab5f3ece89adb,2021-03,South Yorkshire Police,South Yorkshire Police,-1.270043,53.402790,On or near Shopping Area,E01007690,Rotherham 022D,Further investigation is not in the public interest
cb2fa8a8dc9f6c4670e2819d851a6eb83aa3e6852388835c17e3b66514234906,2021-03,South Yorkshire Police,South Yorkshire Police,-1.565155,53.548000,On or near MARTIN CROFT,E01007420,Barnsley 016C,Local resolution
b5daa2be990950e3ea3d26846aabc5891234c19c3b6cd9d73de0a2f35caa55fe,2021-03,South Yorkshire Police,South Yorkshire Police,-1.143778,53.531318,On or near HUNT LANE,E01007517,Doncaster 013D,Unable to prosecute suspect
70f704d32e684d00fefa367752e64bab6efbc3a9c7c1f372502c86ed3bd40b32,2021-03,South Yorkshire Police,South Yorkshire Police,-1.465816,53.398073,On or near MINNA ROAD,E01007870,Sheffield 019A,Investigation complete; no suspect identified
ac946ed76cdd8358f094742793f3469672752346a7617c6dab695916eadb66a0,2021-03,South Yorkshire Police,South Yorkshire Police,-1.063920,53.552697,On or near EDEN GROVE ROAD,E01007476,Doncaster 011B,Investigation complete; no suspect identified
b64b1b0400d36b7384b40b81b6f9b27031da5332fae571d68218682c0ef0b29c,2021-03,South Yorkshire Police,South Yorkshire Police,-1.347411,53.343040,On or near DRAKE HOUSE LANE WEST,E01008034,Sheffield 056D,Investigation complete; no suspect identified
2d1fb4d5e77e020465b9989a290d5c73d157991d38f9a968d16112d96dcbcd76,2021-03,South Yorkshire Police,South Yorkshire Police,-1.486631,53.417993,On or near POLLARD AVENUE,E01008124,Sheffield 012F,Investigation complete; no suspect identified
cd2dd025e1a4caf3d8923081de80bd86ec9e0730b7245e7e5544cf1700f2eade,2021-03,South Yorkshire Police,South Yorkshire Police,-1.442829,53.411307,On or near HINDE HOUSE CROFT,E01007940,Sheffield 022E,Investigation complete; no suspect identified
7528e54243b4d18cd2b061b6783a402517443cd6444e3bab2ed0c1b371e96165,2021-03,South Yorkshire Police,South Yorkshire Police,-1.469952,53.416239,On or near EVERINGHAM CLOSE,E01007945,Sheffield 015B,Investigation complete; no suspect identified
5d7997360ea39f7d4010274eee9f27d3c0f1663fcdc4fbefc3e2f3d4964ca94a,2021-03,South Yorkshire Police,South Yorkshire Police,-1.025572,53.589828,On or near VICTORIA CLOSE,E01007629,Doncaster 004E,Unable to prosecute suspect
d6566897341fd9211d112885511decd4a60e3fa2eea4ae98c3b74387b8f9f65c,2021-03,South Yorkshire Police,South Yorkshire Police,-1.495322,53.401958,On or near Supermarket,E01008093,Sheffield 017D,Investigation complete; no suspect identified
6038bd5e36ced1259edfdea1341da3a0d3f18ec5f97be561671c1d5d805c4764,2021-03,South Yorkshire Police,South Yorkshire Police,-1.286876,53.495322,On or near MILTON ROAD,E01007576,Doncaster 031E,Offender given a drugs possession warning
7802651428e6459bb28c22437ce8e98f2593f1497e5e3c024979568a8d9a604b,2021-03,South Yorkshire Police,South Yorkshire Police,-1.452424,53.533308,On or near ALLENDALE,E01007462,Barnsley 021E,Local resolution
0d021811c6c16e49ae181b293136aded689fea2becd0a7597733d33928f5b5c2,2021-03,South Yorkshire Police,South Yorkshire Police,-1.469483,53.546904,On or near CEMETERY ROAD,E01007339,Barnsley 017B,Unable to prosecute suspect
463ac4f2a39d46a93ad0c4f0189386ffa5fc924056c07a351de4772158aa632b,2021-03,South Yorkshire Police,South Yorkshire Police,-0.951602,53.635720,On or near THE AVENUE,E01007633,Doncaster 001B,Investigation complete; no suspect identified
fc85662c22357dcbd5e91c21c70d7aad2a46be5acb46ebe730c0681be6555a51,2021-03,South Yorkshire Police,South Yorkshire Police,-1.421344,53.421425,On or near JARDINE STREET,E01007852,Sheffield 014C,Unable to prosecute suspect
4dda0f731c66fbd25fa8a50f88c5884e655ce9e10365e6ebdb6f50c93eda7d94,2021-03,South Yorkshire Police,South Yorkshire Police,-1.303200,53.531211,On or near ALBERT ROAD,E01007369,Barnsley 022A,Investigation complete; no suspect identified
841be6c9f36c159a1517e61e232e91428e0eeaa1a9bf0b30f95594b59ca3a762,2021-03,South Yorkshire Police,South Yorkshire Police,-1.378852,53.510019,On or near KNOLL BECK CRESCENT,E01007694,Rotherham 001B,Unable to prosecute suspect
35f33705cdb334d2907b19492ade32fdfbe4c3ae898f4ef2cb11c457ad3ed00e,2021-03,South Yorkshire Police,South Yorkshire Police,-1.419453,53.396742,On or near COLERIDGE ROAD,E01007904,Sheffield 018B,Investigation complete; no suspect identified
82e8a62e39f2ba751cb1724bfd89ca93ed2fb9e1960be4ab4a7ee134e91f5422,2021-03,South Yorkshire Police,South Yorkshire Police,,,No location,,,Suspect charged
a8637f7b7d7c26eb5a4a4399cad44251d5137136d53a8d89b9a001035319b868,2021-03,South Yorkshire Police,South Yorkshire Police,-1.300128,53.451230,On or near LAMBERTS LANE,E01007720,Rotherham 010B,Investigation complete; no suspect identified
cd200be9294428575f077975c86a5ade26f859720162aef7d298908ad9037db9,2021-03,South Yorkshire Police,South Yorkshire Police,-1.258471,53.343365,On or near ALDOUS CLOSE,E01007749,Rotherham 033B,Investigation complete; no suspect identified
e05d96d1686eccfbc50efb1f5e3d60080cadb5e2593f916eff80a350287e43af,2021-03,South Yorkshire Police,South Yorkshire Police,-1.495322,53.401958,On or near Supermarket,E01008093,Sheffield 017D,Investigation complete; no suspect identified
84969af92473ce7e8ee88c0814b893b17cc0e2de5a0df8c662955cfba96b7c11,2021-03,South Yorkshire Police,South Yorkshire Police,-1.335886,53.455380,On or near WILLIAM STREET,E01007776,Rotherham 008B,Investigation complete; no suspect identified
b4b37176aa27dbff6dd9cfee00eedc5894c996b0860a991d420c4d9beabe8839,2021-03,South Yorkshire Police,South Yorkshire Police,-1.348339,53.551887,On or near DEARNE STREET,E01007354,Barnsley 020G,Investigation complete; no suspect identified
c3b7c1c9e76b8a5277641c41e56757c9700dfe7bc7693d4e992a6f34d7e24466,2021-03,South Yorkshire Police,South Yorkshire Police,-1.258471,53.343365,On or near ALDOUS CLOSE,E01007749,Rotherham 033B,Investigation complete; no suspect identified
2731755b16ff4c11769df678333889bba0d35d7bbd1b027acf880c707a26caa5,2021-03,South Yorkshire Police,South Yorkshire Police,-1.113232,53.506556,On or near Shopping Area,E01007644,Doncaster 019A,Unable to prosecute suspect
c5f940b9856938a935d857de5fe1200f0a0b99a0430a92e266361ebf00d719c9,2021-03,South Yorkshire Police,South Yorkshire Police,-1.258471,53.343365,On or near ALDOUS CLOSE,E01007749,Rotherham 033B,Investigation complete; no suspect identified
2690f37a70b50398ec9cc50ec354f028a7d3988f53bdd548a81888da32e3502f,2021-03,South Yorkshire Police,South Yorkshire Police,-1.504079,53.412000,On or near Supermarket,E01008089,Sheffield 017B,Suspect charged
64c4c6f888d78d91a1dc12855e1792689758f186f1f301e966a9daa6a24fbd65,2021-03,South Yorkshire Police,South Yorkshire Police,-1.504079,53.412000,On or near Supermarket,E01008089,Sheffield 017B,Suspect charged
53e73db6d727495809329b555665e3c6af0766295dd21b8b35ff148427255ee8,2021-03,South Yorkshire Police,South Yorkshire Police,-1.459621,53.444292,On or near Supermarket,E01008135,Sheffield 005C,Investigation complete; no suspect identified
5befd4a37430d0d90e4b4446ded5216ca61184c0259f96360d69872b4cbff0cf,2021-03,South Yorkshire Police,South Yorkshire Police,-1.469423,53.360777,On or near WILSON PLACE,E01007975,Sheffield 051A,Investigation complete; no suspect identified
d1e356bd98990c3d9cc57b1e2aba7a8daa2f4d244343076d4d58b990018ebb4b,2021-03,South Yorkshire Police,South Yorkshire Police,-1.346328,53.426593,On or near MABEL STREET,E01007767,Rotherham 017C,Offender given a drugs possession warning
2daf28543b6f94ca7e892e1455f2c2fba8cd98c772f8900399d3cc19e3fc81e5,2021-03,South Yorkshire Police,South Yorkshire Police,-1.029211,53.596518,On or near PRINCESS AVENUE,E01007628,Doncaster 004D,Investigation complete; no suspect identified
351630a21711db2087edfa7d2e243a09d0caacdda279e65276201ee79606bf80,2021-03,South Yorkshire Police,South Yorkshire Police,-1.050194,53.536058,On or near Supermarket,E01007482,Doncaster 014D,Investigation complete; no suspect identified
0f44d38c63114dfa36143557f999114b0ac8f88e6fce370f536d029f3c449332,2021-03,South Yorkshire Police,South Yorkshire Police,-1.488640,53.466315,On or near PEMBROKE CRESCENT,E01007888,Sheffield 003A,Investigation complete; no suspect identified
e8ca6607cc4e15f88f314ac3b0cd3c8d0fce8bf5d369d863c7bcfe8718766b95,2021-03,South Yorkshire Police,South Yorkshire Police,-1.399584,53.353111,On or near STANAGE RISE,E01007838,Sheffield 076A,Investigation complete; no suspect identified
4ebd5d1889c771b5cda0a4c178446430985a77c64851fe317bf242d4856f4164,2021-03,South Yorkshire Police,South Yorkshire Police,-1.399584,53.353111,On or near STANAGE RISE,E01007838,Sheffield 076A,Investigation complete; no suspect identified
f95d25607d949c80ca5b49bf8c40d46aa3fd22171c443ddb2bb9630d4a33e40b,2021-03,South Yorkshire Police,South Yorkshire Police,-1.472525,53.339505,On or near BOLE HILL,E01007827,Sheffield 064A,Investigation complete; no suspect identified
c66b689fb7cc9a4337c7f8f022321636495fb5149bd93c1c25b54f39fcc0903f,2021-03,South Yorkshire Police,South Yorkshire Police,-1.160717,53.526179,On or near KINGSLEY AVENUE,E01007585,Doncaster 021B,Unable to prosecute suspect
7413eb9c60e389a90cebc56d99d9c7d0825b37a023e8c07f32dbe9679375de1a,2021-03,South Yorkshire Police,South Yorkshire Police,-1.144864,53.513366,On or near LITTLEMOOR LANE,E01007533,Doncaster 023C,Investigation complete; no suspect identified
c75632efdb0818e647d252cd5d1fcacf7e12c622da76c66ee5327e45be8fd232,2021-03,South Yorkshire Police,South Yorkshire Police,-1.188473,53.564024,On or near PRINCESS STREET,E01007467,Doncaster 009D,Offender given a drugs possession warning
da0b7c9a8838389a4676702ea836756399682f1a6eec5f4453c82318ce7fb186,2021-03,South Yorkshire Police,South Yorkshire Police,-1.073595,53.500170,On or near GRANGE COURT,E01007607,Doncaster 025E,Unable to prosecute suspect
aebb5082cc24a2cb85e769edae1e1d8cb08950dc3fa7a281f4b62905632af265,2021-03,South Yorkshire Police,South Yorkshire Police,-1.469902,53.461398,On or near NETHER LEY COURT,E01007895,Sheffield 004F,Investigation complete; no suspect identified
b771afbe5da813c0a678e2d68baf6c33c1c57825b7de2298e96c8ae570603fd7,2021-03,South Yorkshire Police,South Yorkshire Police,-1.496817,53.554410,On or near SYCAMORE STREET,E01007441,Barnsley 013E,Investigation complete; no suspect identified
303c13be621a3fa3ce5a6321e5bd0ca315d6b2935872661ce3ed25229e27d48b,2021-03,South Yorkshire Police,South Yorkshire Police,-1.399584,53.353111,On or near STANAGE RISE,E01007838,Sheffield 076A,Investigation complete; no suspect identified
f5309bd4125b21cf9f2f085110821dd385b6c8dd98236dc46d27772a8c93fa9a,2021-03,South Yorkshire Police,South Yorkshire Police,-1.631917,53.524405,On or near PARK LANE,E01007429,Barnsley 024C,Investigation complete; no suspect identified
b4ffd2a790f7c46bc79435b605e3b3ddee7d6b547ce3eea7181ced3e82d7bc3b,2021-03,South Yorkshire Police,South Yorkshire Police,-1.145848,53.525912,On or near Prison,E01007529,Doncaster 022A,Action to be taken by another organisation
ef6b60667828aea51388f00c1e4d9d39005cd8f87f79a57590d73a48fde89709,2021-03,South Yorkshire Police,South Yorkshire Police,-1.470257,53.418299,On or near CROWDER CRESCENT,E01007946,Sheffield 015C,Investigation complete; no suspect identified
45117de312c6a22a82e6e48e3a0269698334bc6cda1971b19efb86a4f0a5701a,2021-03,South Yorkshire Police,South Yorkshire Police,-1.309650,53.486207,On or near WORTLEY AVENUE,E01007800,Rotherham 003E,Unable to prosecute suspect
f9abcc6cc27dfd54642b73d00a68fff8a4bcae18dfeb430192ad3542def3073a,2021-03,South Yorkshire Police,South Yorkshire Police,-1.131172,53.525869,On or near MARKET ROAD,E01007655,Doncaster 022F,Unable to prosecute suspect
50096062b1b76da68408455c0864ecbc8580593cf646324e009905bd67c71027,2021-03,South Yorkshire Police,South Yorkshire Police,-1.184982,53.481691,On or near GRANBY ROAD,E01007548,Doncaster 034C,Investigation complete; no suspect identified
52db14d58e3cc6d6c80e1ea9ae91af1f0eb3619822cb5990967bbd5c0573fb88,2021-03,South Yorkshire Police,South Yorkshire Police,-1.420203,53.493104,On or near FORGE LANE,E01007388,Barnsley 029A,Investigation complete; no suspect identified
06227eab247277d492024255c1dbc7ba9bf8c3ec5343184d6e7293e41be7c447,2021-03,South Yorkshire Police,South Yorkshire Police,-1.259712,53.389702,On or near Sports/Recreation Area,E01007809,Rotherham 026B,Unable to prosecute suspect
b4eb32a7739cb2cc40402b5c15d165e2231f9a57c6d6b00ba842fb2c12cd55fe,2021-03,South Yorkshire Police,South Yorkshire Police,-1.074049,53.509782,On or near GREEN BOULEVARDE,E01007528,Doncaster 024C,Investigation complete; no suspect identified
bb054ff53d1b2c0bcb9f536d1289701f127502bbed19155b71ad2ae5d5ce7c1d,2021-03,South Yorkshire Police,South Yorkshire Police,-1.479439,53.323014,On or near TOPPHAM ROAD,E01008083,Sheffield 070C,Investigation complete; no suspect identified
dc23df222844b8c47016e6ce1d59bf63605bfca1c7902116d909b2fc84357dfe,2021-03,South Yorkshire Police,South Yorkshire Police,-1.483195,53.370024,On or near CEMETERY ROAD,E01033272,Sheffield 040F,Unable to prosecute suspect
ba39d83bfe57aef9abb955cdccd83804a4c950e448bf0657f6e005942945fd32,2021-03,South Yorkshire Police,South Yorkshire Police,-1.409208,53.591168,On or near PLUMPTON PARK,E01007331,Barnsley 003B,Investigation complete; no suspect identified
4c21c1feefb7ab94ed755491138fbc9ca6a138ec76d950767c41cd99ee163073,2021-03,South Yorkshire Police,South Yorkshire Police,-1.028882,53.456516,On or near GREAT NORTH ROAD,E01007609,Doncaster 038B,Investigation complete; no suspect identified
8416f7316957523fcddca4cc2c08d798ddc7b4da59c662952f5a3e3781a5f315,2021-03,South Yorkshire Police,South Yorkshire Police,-1.447156,53.344361,On or near GAUNT CLOSE,E01008076,Sheffield 060C,Investigation complete; no suspect identified
3b51f486c2b8e4496a33484c3ce53bda9252bbb5117b273b53e1d8e1d7e72496,2021-03,South Yorkshire Police,South Yorkshire Police,-1.355019,53.533461,On or near Petrol Station,E01007349,Barnsley 020B,Investigation complete; no suspect identified
3ac30ddc2b415aa3f5f6dca199e526e30dd97944483d373f14b56e8722a754ce,2021-03,South Yorkshire Police,South Yorkshire Police,-1.287735,53.467418,On or near CARR LANE,E01007720,Rotherham 010B,Unable to prosecute suspect
facbcdda52ed98a371981fb5b4c69dfd868b74618dc7ac3cf193c20b5622d47b,2021-03,South Yorkshire Police,South Yorkshire Police,-1.491400,53.469806,On or near HOLLAND ROAD,E01007900,Sheffield 003F,Unable to prosecute suspect
e05732d9ad63207c72f3ce96bf943e0027d82f07183197cfce94221f29605717,2021-03,South Yorkshire Police,South Yorkshire Police,-1.487763,53.559172,On or near EARNSHAW TERRACE,E01007409,Barnsley 010D,Unable to prosecute suspect
b758a378a836ac6d3d66edeb05924b030a0f2f69fa17ea25e82b599b41db6652,2021-03,South Yorkshire Police,South Yorkshire Police,-1.447156,53.344361,On or near GAUNT CLOSE,E01008076,Sheffield 060C,Investigation complete; no suspect identified
2868636faf56923a307a1f4331d209bd51e96db8c2d850c9145f9f825d70ebd5,2021-03,South Yorkshire Police,South Yorkshire Police,-1.491306,53.396944,On or near LANGSETT RISE,E01008157,Sheffield 026D,Unable to prosecute suspect
6e4895bf1096b414d06eaa756ad6948ce3e3cd715ecf92d4432094524cebe677,2021-03,South Yorkshire Police,South Yorkshire Police,-1.355568,53.433592,On or near WATER STREET,E01007714,Rotherham 017B,Unable to prosecute suspect
871d0ebf07e75532be291710b5b2b46f65071301f499e80a15ed5135e382b032,2021-03,South Yorkshire Police,South Yorkshire Police,-1.398197,53.412070,On or near NEWBURN DRIVE,E01007913,Sheffield 018C,Investigation complete; no suspect identified
cb8d48e09fce1950b06af7ea2ad17b1fbe8e889d2f4ae12b0f82c7167a34d9a9,2021-03,South Yorkshire Police,South Yorkshire Police,-1.404670,53.381631,On or near HANDSWORTH AVENUE,E01007907,Sheffield 032A,Investigation complete; no suspect identified
fae0c93220fc6286d1f44233aa8bf6ab591c3c68e663fa89b4513d42f4f0eeb8,2021-03,South Yorkshire Police,South Yorkshire Police,-1.108242,53.523759,On or near SANDRINGHAM ROAD,E01007649,Doncaster 019E,Unable to prosecute suspect
eeaae4e6698729865200978e9e401522237d7a4dd6cd5447cbda53b651cfc107,2021-03,South Yorkshire Police,South Yorkshire Police,-1.487279,53.327785,On or near ALLENBY CLOSE,E01007826,Sheffield 066C,Unable to prosecute suspect
436cc20203f90813d770b4b608549213063feb6e3ca6100d2d05c2b867d62b82,2021-03,South Yorkshire Police,South Yorkshire Police,-1.364344,53.326484,On or near HILLSIDE,E01008025,Sheffield 072D,Investigation complete; no suspect identified
305d0cdbc93f806de7f908d90248b3b224aee47399309e5e3d1e83ae7ccb40aa,2021-03,South Yorkshire Police,South Yorkshire Police,-1.475822,53.545700,On or near DOBIE STREET,E01007338,Barnsley 017A,Investigation complete; no suspect identified
f6faa2fd5e36439c0453de80cd86dd9d41d192d16cf4439f4c247e3b0803c970,2021-03,South Yorkshire Police,South Yorkshire Police,-1.065213,53.596778,On or near CHEQUER LANE,E01007488,Doncaster 002B,Investigation complete; no suspect identified
0828a105e9233c051aa2a4ed479256225968f2f4667967451596a3b468faad83,2021-03,South Yorkshire Police,South Yorkshire Police,-1.432363,53.364571,On or near QUEEN MARY GROVE,E01008012,Sheffield 039B,Unable to prosecute suspect
60c448d2d4844aefbeca14eb189de34bdeee0f8e990dbe59617bce7228221dd4,2021-03,South Yorkshire Police,South Yorkshire Police,-1.317429,53.545180,On or near KINGSWAY,E01007375,Barnsley 014D,Unable to prosecute suspect
fff9d0d3bf586526fde9c21fa04db4a765f49be844623e22238b35f22751524e,2021-03,South Yorkshire Police,South Yorkshire Police,-1.467374,53.388893,On or near CORPORATION STREET,E01033270,Sheffield 022H,Unable to prosecute suspect
4b03eaf04dd69a9ebd10e86f97247a99d6d3ad118545acdbcd207ff3ea689840,2021-03,South Yorkshire Police,South Yorkshire Police,-1.491053,53.386597,On or near TAY STREET,E01008067,Sheffield 030D,Investigation complete; no suspect identified
8e6136505bd629f37bdffad0dcffef615f9aeb9c039fbd5954edc321bcd5d39e,2021-03,South Yorkshire Police,South Yorkshire Police,-1.517446,53.404675,On or near WISEWOOD PLACE,E01007993,Sheffield 021C,Unable to prosecute suspect
89caa8dfc7438538f8f35924eafd384a217e19a6d57f3af6f8edb28576ce670f,2021-03,South Yorkshire Police,South Yorkshire Police,-1.454611,53.422876,On or near Supermarket,E01008061,Sheffield 011A,Unable to prosecute suspect
fce6bcb43e031f287b80c885dde0927da127896b62b2a5220473c5c9ea8d8749,2021-03,South Yorkshire Police,South Yorkshire Police,-1.134891,53.524683,On or near Shopping Area,E01007655,Doncaster 022F,Unable to prosecute suspect
fd76ffee5e8aed20a500844af50cac282735c541cc0d6c8a86c9b8e319d30c70,2021-03,South Yorkshire Police,South Yorkshire Police,-1.431276,53.349132,On or near GLEADLESS DRIVE,E01008002,Sheffield 054B,Investigation complete; no suspect identified
cf1b074e8bfd0ed9c4b6fa8f9339b9842e93068d0c95e4070cb9620bc72fcbb9,2021-03,South Yorkshire Police,South Yorkshire Police,-1.455537,53.422233,On or near Supermarket,E01008063,Sheffield 011B,Unable to prosecute suspect
bf1bffd54869b395e1cdf193c1b4a61d74da35fbed937a4b00804f2b3ce9756b,2021-03,South Yorkshire Police,South Yorkshire Police,-1.479687,53.361874,On or near BROOKFIELD ROAD,E01008112,Sheffield 042D,Investigation complete; no suspect identified
bb038d1d5eff6f910e4da7c72f9f516126bc8e9bb2d3d0ffb6742e3a40f4ffd6,2021-03,South Yorkshire Police,South Yorkshire Police,-1.462977,53.385881,On or near BLONK STREET,E01033270,Sheffield 022H,Unable to prosecute suspect
7fb3e0d3e149652e7b67b8c7b0bddc1b23832ed04fc62d9a3eba16fc0224fd9c,2021-03,South Yorkshire Police,South Yorkshire Police,-1.060995,53.560071,On or near NEWHALL ROAD,E01007622,Doncaster 007B,Local resolution
3e2db68440c88feb24a43e453617cd8871d64a4b4b9b8ad05b2f1c0a4762b45e,2021-03,South Yorkshire Police,South Yorkshire Police,-0.947926,53.616892,On or near COULMAN ROAD,E01007635,Doncaster 001D,Investigation complete; no suspect identified
1e0e0d829b775c4f9e5301203f14278bdfb98fa66859def2c0f71c4de022866f,2021-03,South Yorkshire Police,South Yorkshire Police,-1.632192,53.529133,On or near Sports/Recreation Area,E01007428,Barnsley 024B,Unable to prosecute suspect
e4522b4ada60490585a6c420c4afce6c12959fbcb9362285a0d05d8f4451c83e,2021-03,South Yorkshire Police,South Yorkshire Police,-1.462977,53.385881,On or near BLONK STREET,E01033270,Sheffield 022H,Suspect charged
e4522b4ada60490585a6c420c4afce6c12959fbcb9362285a0d05d8f4451c83e,2021-03,South Yorkshire Police,South Yorkshire Police,-1.462977,53.385881,On or near BLONK STREET,E01033270,Sheffield 022H,Suspect charged
f53cb0e18950dc93b28189d686edfd3db8dbf64a5a18212bdcf76cdccf127490,2021-03,South Yorkshire Police,South Yorkshire Police,-1.503484,53.438567,On or near CROSS HOUSE ROAD,E01008141,Sheffield 005E,Unable to prosecute suspect
7c8d0967ec3d7a11d1fee5791ef88e6c6e6f06b579ffe3427abf284ba337136f,2021-03,South Yorkshire Police,South Yorkshire Police,-1.469650,53.401820,On or near HIGH VIEW,E01007871,Sheffield 019B,Unable to prosecute suspect
8da7f66df5bc67629df0c1f1d1ba3027f88021c943902a0b0a38f9214c9e6628,2021-03,South Yorkshire Police,South Yorkshire Police,-1.145812,53.509714,On or near BALBY ROAD,E01007534,Doncaster 028D,Investigation complete; no suspect identified
407bc17dd90ee3d1c785006c43a2e1cceb9e3fdd2c4eb6dd13ea5fe35060375e,2021-03,South Yorkshire Police,South Yorkshire Police,-1.369539,53.360121,On or near CHURCH VIEW,E01007964,Sheffield 049A,Unable to prosecute suspect
890e9b27babd35dd04752000a4024749a39403a1860128a203c66bcbb46fbad0,2021-03,South Yorkshire Police,South Yorkshire Police,-1.462977,53.385881,On or near BLONK STREET,E01033270,Sheffield 022H,Suspect charged
890e9b27babd35dd04752000a4024749a39403a1860128a203c66bcbb46fbad0,2021-03,South Yorkshire Police,South Yorkshire Police,-1.462977,53.385881,On or near BLONK STREET,E01033270,Sheffield 022H,Suspect charged
03bb494f86f532ce2bf040409a613b009184fe3eb457345ee263ae5dbb9571cd,2021-03,South Yorkshire Police,South Yorkshire Police,-1.471025,53.378240,On or near Supermarket,E01033265,Sheffield 074C,Investigation complete; no suspect identified
88524135b065adec755a9da3d29a5d433770ed316dcd6d2fb76b4cb41e059fcb,2021-03,South Yorkshire Police,South Yorkshire Police,-1.487763,53.559172,On or near EARNSHAW TERRACE,E01007409,Barnsley 010D,Unable to prosecute suspect
8f739da884fadba339a0be44e88b8b673741b8dd5f4cc3dc0d27e085607cdd23,2021-03,South Yorkshire Police,South Yorkshire Police,-1.198533,53.562995,On or near CENTRAL AVENUE,E01007466,Doncaster 009C,Further action is not in the public interest
fd6e772278efa2e9da41b2c1394235b976e7f47a8ca14cb892e2e4ca6e609d34,2021-03,South Yorkshire Police,South Yorkshire Police,-1.472667,53.373079,On or near Pedestrian Subway,E01033274,Sheffield 042G,Unable to prosecute suspect
02e923940841b040d74d9f720347988c76453fdce553c1bd605e409e991a4530,2021-03,South Yorkshire Police,South Yorkshire Police,-1.463222,53.357954,On or near NORTHCOTE ROAD,E01007976,Sheffield 051B,Investigation complete; no suspect identified
eac782d1668eb30e7939412ec3d93b33e0dced05a3093e3375b7ed9a7ad88097,2021-03,South Yorkshire Police,South Yorkshire Police,-1.146781,53.501982,On or near SUFFOLK ROAD,E01007495,Doncaster 028A,Investigation complete; no suspect identified
362cf9469f4b1298bda1f1f477964fa75a6a60e1a04e966662ee14f6775594fb,2021-03,South Yorkshire Police,South Yorkshire Police,-1.457086,53.396245,On or near EARLDOM DRIVE,E01007874,Sheffield 022A,Unable to prosecute suspect
f273626ea593bea93213a87c854d57558e7a296afef86c0fe82491040e17d190,2021-03,South Yorkshire Police,South Yorkshire Police,-1.198533,53.562995,On or near CENTRAL AVENUE,E01007466,Doncaster 009C,Further action is not in the public interest
191a933fc7bf9411074cd0d0d3f166522e3f2d38436cb86af640bafb03d16597,2021-03,South Yorkshire Police,South Yorkshire Police,-1.456231,53.424438,On or near BARNSLEY ROAD,E01008061,Sheffield 011A,Unable to prosecute suspect
059e0580039e39c2bc35330ff0eff8249b9e791df34d79464897d23b1980c34c,2021-03,South Yorkshire Police,South Yorkshire Police,-1.456231,53.424438,On or near BARNSLEY ROAD,E01008061,Sheffield 011A,Unable to prosecute suspect
e8ce8ebe105fb010250d6ecbc1bad434ddd860ffa9ca5b9954548ba42ce82469,2021-03,South Yorkshire Police,South Yorkshire Police,-1.456231,53.424438,On or near BARNSLEY ROAD,E01008061,Sheffield 011A,Unable to prosecute suspect
5bde91c789929a8fcab31744e214d89ed76e239148ac6e5c720cb58971c0ce2c,2021-03,South Yorkshire Police,South Yorkshire Police,-1.456231,53.424438,On or near BARNSLEY ROAD,E01008061,Sheffield 011A,Unable to prosecute suspect
c39c63d39f14c23a2c31cc45cfe80839491eb811c7415589cc2eb11e59c0617c,2021-03,South Yorkshire Police,South Yorkshire Police,-1.456231,53.424438,On or near BARNSLEY ROAD,E01008061,Sheffield 011A,Unable to prosecute suspect
85502fcfe285025c15cab087a3c13c8059e1842184521b3d4dddab2be509d78b,2021-03,South Yorkshire Police,South Yorkshire Police,-1.441162,53.502893,On or near VICARAGE CLOSE,E01007391,Barnsley 030C,Unable to prosecute suspect
6230da2aa8ce87fd919fcc29ebb5c614598b52765752601dfb5322ce8a7853ad,2021-03,South Yorkshire Police,South Yorkshire Police,-1.492189,53.417523,On or near BINSTED ROAD,E01008092,Sheffield 012D,Investigation complete; no suspect identified
dfa71178d9fd3f7a2a7ccf619a3444422857b595e7aaa0de9a3270b8e3a24510,2021-03,South Yorkshire Police,South Yorkshire Police,-1.135114,53.518186,On or near MILTON WALK,E01007532,Doncaster 023B,Investigation complete; no suspect identified
3540f651dfe7e4a0ef1ad64d329595ff4cbe220651de39198d5b884ac7e5252c,2021-03,South Yorkshire Police,South Yorkshire Police,-1.151097,53.501033,On or near BYRON AVENUE,E01007498,Doncaster 029C,Unable to prosecute suspect
b30a48372d3729f3d479d754b5c00d89c53010312087553db7b050951a4f5a44,2021-03,South Yorkshire Police,South Yorkshire Police,-1.254712,53.492564,On or near DONCASTER ROAD,E01007543,Doncaster 032C,Investigation complete; no suspect identified
f108e47ebe87621b802fcbe5ac49f2c34025b6b8ab5b58754cce75284ed265df,2021-03,South Yorkshire Police,South Yorkshire Police,-1.214017,53.360241,On or near PARK AVENUE,E01007659,Rotherham 029B,Unable to prosecute suspect
e052ccd86c7b47b9972860dfe79a93467dd8b8670de1b308828817f63041a827,2021-03,South Yorkshire Police,South Yorkshire Police,-1.075271,53.511832,On or near PALINGTON GROVE,E01007528,Doncaster 024C,Investigation complete; no suspect identified
2fd50b3c165df6717241eb5c755cbb7a480f4ce4097b0d5d57703d5f5cea384b,2021-03,South Yorkshire Police,South Yorkshire Police,-1.218258,53.353437,On or near HANGING BANK COURT,E01007660,Rotherham 032B,Unable to prosecute suspect
f143cc7b46d0a59b8142e67fad1675dd402ebecd8e6cbb61e02861aad9adbfec,2021-03,South Yorkshire Police,South Yorkshire Police,-1.462213,53.366551,On or near ST ELIZABETH CLOSE,E01008096,Sheffield 043B,Unable to prosecute suspect
afa5930f8b5245fd1ab62d754b068fc1f59bd63fa9f5fbfa4d37bce080d2d880,2021-03,South Yorkshire Police,South Yorkshire Police,-1.462213,53.366551,On or near ST ELIZABETH CLOSE,E01008096,Sheffield 043B,Unable to prosecute suspect
8586a31e32f598d1079d439f23c95973a6e107b749f179c68628a5ddeaf38276,2021-03,South Yorkshire Police,South Yorkshire Police,-1.484267,53.549917,On or near GEORGE SQUARE,E01007340,Barnsley 013B,Investigation complete; no suspect identified
0fbebb467a87cf8e0691aab0ca92d7a58705c72b3416d02c2bab835b500d9092,2021-03,South Yorkshire Police,South Yorkshire Police,-1.462213,53.366551,On or near ST ELIZABETH CLOSE,E01008096,Sheffield 043B,Unable to prosecute suspect
400ed9fcdfa69ecbd3f2cf4acfe82067c098f61b12aaafe343490ccd0fbfc878,2021-03,South Yorkshire Police,South Yorkshire Police,-1.462213,53.366551,On or near ST ELIZABETH CLOSE,E01008096,Sheffield 043B,Unable to prosecute suspect
da0d0abcf58ab32e978fcb3f1ed937cfc8b146784d2730ded9246b44a7f626db,2021-03,South Yorkshire Police,South Yorkshire Police,-1.190984,53.589128,On or near MANSFIELD CRESCENT,E01007470,Doncaster 005C,Local resolution
4add7d6713795fab25b074d3836119d5b7a2d6ed48edec0610d711f181820d12,2021-03,South Yorkshire Police,South Yorkshire Police,-1.473795,53.363286,On or near PRESTON STREET,E01008108,Sheffield 042A,Investigation complete; no suspect identified
b0cfcde2984bf79c8152c6d05dbbed582a7432469125309e2b3bcbcae8418f8b,2021-03,South Yorkshire Police,South Yorkshire Police,-1.358720,53.509176,On or near Sports/Recreation Area,E01007693,Rotherham 001A,Investigation complete; no suspect identified
f58118547935cc5afe176de2d6abc46dc32623f34cf9dd52970af8b19edd7d6b,2021-03,South Yorkshire Police,South Yorkshire Police,-1.458032,53.429552,On or near HIGHGREAVE,E01033277,Sheffield 011E,Unable to prosecute suspect
77e4e4c9bbf3182eb7bfef9421338139e816cf6c8a83c51cd87a1b9ee0e439b4,2021-03,South Yorkshire Police,South Yorkshire Police,-1.431220,53.340898,On or near LUNA CROFT,E01007835,Sheffield 062A,Investigation complete; no suspect identified
ccde0ca2066dbd26598049086fd0c567748a48cfe821bffa64bd5477dcfb8a10,2021-03,South Yorkshire Police,South Yorkshire Police,-1.352279,53.438050,On or near ST ANN'S ROAD,E01007714,Rotherham 017B,Suspect charged
f6ac9c61225c1da0bd57a6e9946ab69a2bffe74bfb61ac23aeefd62cb43de511,2021-03,South Yorkshire Police,South Yorkshire Police,-1.368483,53.370560,On or near ORGREAVE CLOSE,E01007911,Sheffield 032D,Local resolution
ad17062f865ae425b1b25656e01c7dd3925253d2e99345adfb4b07466bd4c8c0,2021-03,South Yorkshire Police,South Yorkshire Police,-1.135456,53.524345,On or near Shopping Area,E01007655,Doncaster 022F,Suspect charged
a7b61f1201e0dc5dfe324450111b73d14c9ef7409ea8f3ed8c4cc5d80272d3a8,2021-03,South Yorkshire Police,South Yorkshire Police,-0.971557,53.610581,On or near LOCK HILL,E01007640,Doncaster 003E,Investigation complete; no suspect identified
3340335f4f05f45860fe20eb72291ec9782b1301c96811f46dfa270910e8d462,2021-03,South Yorkshire Police,South Yorkshire Police,-1.482961,53.338427,On or near GREENHILL ROAD,E01007834,Sheffield 066D,Investigation complete; no suspect identified
082d947e7afdc76892ebfad14f127ee445aa96f853fee41e506029022e1f3782,2021-03,South Yorkshire Police,South Yorkshire Police,-1.443870,53.404157,On or near MARGATE STREET,E01007877,Sheffield 022D,Investigation complete; no suspect identified
88b07a106cf5f9aaab59cfde32b2d47676e7cc2a0f9cf4c7227e9bac962c5c58,2021-03,South Yorkshire Police,South Yorkshire Police,-1.079539,53.472144,On or near BOSWELL CLOSE,E01007597,Doncaster 037E,Investigation complete; no suspect identified
02ebd0b9204ed3d384e426fcee27e1b6c43833cf8e0013d727770b59422cc3f5,2021-03,South Yorkshire Police,South Yorkshire Police,-1.479196,53.456378,On or near CYPRESS GATE,E01007897,Sheffield 005A,Investigation complete; no suspect identified
d0afa8c5942382a1d188c7e04c8ac1a07f9f8b5f9967b123c4ce642228385fee,2021-03,South Yorkshire Police,South Yorkshire Police,-1.052415,53.543366,On or near FERNBANK DRIVE,E01007479,Doncaster 014A,Investigation complete; no suspect identified
88f40ac4467a63d0e01dad170930222837c1adc946f9bac1f583c0c509bea2fa,2021-03,South Yorkshire Police,South Yorkshire Police,-1.477720,53.321155,On or near LOWEDGES DRIVE,E01008083,Sheffield 070C,Further action is not in the public interest
2c8482ecc6451acc1641dd44081e6d9a662c83124cde24b4ed381501abb14fda,2021-03,South Yorkshire Police,South Yorkshire Police,-1.363191,53.362586,On or near BADGER ROAD,E01007965,Sheffield 044A,Further action is not in the public interest
23c088085e416f78a602c21a0e57f7377012eaf2bcd405565e032b23356d066e,2021-03,South Yorkshire Police,South Yorkshire Police,-1.406835,53.526493,On or near BARNSLEY ROAD,E01007448,Barnsley 023B,Unable to prosecute suspect
9395bb228da0fa959050e56f31483dff988edface576fd0d76353469df283e0d,2021-03,South Yorkshire Police,South Yorkshire Police,-1.406835,53.526493,On or near BARNSLEY ROAD,E01007448,Barnsley 023B,Unable to prosecute suspect
d18c581e55d5c81621725f7a88cb89e9c17fa9407534438322e0438fe2901a9d,2021-03,South Yorkshire Police,South Yorkshire Police,-1.363191,53.362586,On or near BADGER ROAD,E01007965,Sheffield 044A,Further action is not in the public interest
5d17decaffb2dbf14e4d53f020a8829b2d1e5d87f13a59e252ddd01e065b3334,2021-03,South Yorkshire Police,South Yorkshire Police,-1.249671,53.392057,On or near ARBOUR DRIVE,E01007810,Rotherham 026C,Investigation complete; no suspect identified
89f7383f9fd9a74069317a2b2246e3511d492cdbca09831549b45390234fe7bb,2021-03,South Yorkshire Police,South Yorkshire Police,-1.504164,53.407353,On or near MIDDLEWOOD ROAD,E01008093,Sheffield 017D,Unable to prosecute suspect
15556d536e34b7d3c7906e21392513f19545d917b4075aa36b8cfea5f1799dd0,2021-03,South Yorkshire Police,South Yorkshire Police,-1.519955,53.539863,On or near Sports/Recreation Area,E01007384,Barnsley 019C,Investigation complete; no suspect identified
885c3e924aab499a489940805f7e60c151e09eb3dd8275162b72fbecaa66c2d6,2021-03,South Yorkshire Police,South Yorkshire Police,-1.448238,53.429238,On or near WHEATFIELD CRESCENT,E01008059,Sheffield 010C,Investigation complete; no suspect identified
33d17246deecb76a6e2b73d478c8e45738fc797a051f43bd443dc9fea4d29ca6,2021-03,South Yorkshire Police,South Yorkshire Police,-1.283831,53.426370,On or near SCARBOROUGH ROAD,E01007726,Rotherham 019F,Unable to prosecute suspect
4bb1e496880e6db2eabae5bcb50b1aed64e8f302061fcb3c527cf45b49e68c25,2021-03,South Yorkshire Police,South Yorkshire Police,-1.283831,53.426370,On or near SCARBOROUGH ROAD,E01007726,Rotherham 019F,Unable to prosecute suspect
e3c22e39236dbdb2b816eb1a48f9ecabfc2d697d82e904cc0409ea098fb14d66,2021-03,South Yorkshire Police,South Yorkshire Police,-1.445418,53.571854,On or near AINSDALE COURT,E01007406,Barnsley 009E,Unable to prosecute suspect
8ad9fdc883f982366517bebf99b9df0c45ee56a4bc1ccdbb0b4e1456775180d7,2021-03,South Yorkshire Police,South Yorkshire Police,-1.470044,53.321553,On or near BATEMOOR DRIVE,E01008084,Sheffield 070D,Unable to prosecute suspect
2cdfb07c09404bd74c5e9462e09e82e738d7e219f721952675974e335d941d48,2021-03,South Yorkshire Police,South Yorkshire Police,-1.024421,53.601109,On or near STONY CLOSE,E01007627,Doncaster 004C,Investigation complete; no suspect identified
209cadfbb257a9edc5dbb4115632d787dda58249a4b7864501a95210415a46a6,2021-03,South Yorkshire Police,South Yorkshire Police,-1.469130,53.327499,On or near Pedestrian Subway,E01008079,Sheffield 064F,Investigation complete; no suspect identified
00d31ac3cc9dc4dcfcf92ea2397cecac5d67c7de30a3e3e1e92fc1234791c020,2021-03,South Yorkshire Police,South Yorkshire Police,-1.377898,53.428901,On or near JOSEPHINE ROAD,E01007715,Rotherham 016A,Unable to prosecute suspect
346b5347822227957a5df4a29488a8f01beb63878f25e435ca5e3f01c87dfa18,2021-03,South Yorkshire Police,South Yorkshire Police,-1.486214,53.382693,On or near BOLSOVER STREET,E01008068,Sheffield 026B,Unable to prosecute suspect
834b949843cd02fd591f6a21ff1ef21b67e6ec6c8b4372c16058a5e9e9befb44,2021-03,South Yorkshire Police,South Yorkshire Police,-1.345544,53.504062,On or near Supermarket,E01007822,Rotherham 002F,Investigation complete; no suspect identified
c4f3e9c43e6c9a16082ff3a1c784dcb848ebba44efeece47051f88e87fc7cf18,2021-03,South Yorkshire Police,South Yorkshire Police,-1.461337,53.370458,On or near Petrol Station,E01008096,Sheffield 043B,Unable to prosecute suspect
527f8b13486e85baa47cec41b4b3e66eaade5917090f22e0f0c4a882c5b62d17,2021-03,South Yorkshire Police,South Yorkshire Police,-1.401079,53.349353,On or near BIRLEY MOOR ROAD,E01007838,Sheffield 076A,Investigation complete; no suspect identified
ef89779d279b51f1fdab1f2e39e54f5062a5d5dde2d032e3901922bfe23b955f,2021-03,South Yorkshire Police,South Yorkshire Police,-1.499593,53.558305,On or near Hospital,E01007446,Barnsley 012G,Investigation complete; no suspect identified
3f939f9eeca6ebee694d8f49133d9c6c483eda33dab6865906f9081e623c5514,2021-03,South Yorkshire Police,South Yorkshire Police,-1.183500,53.619207,On or near CEDAR WALK,E01007490,Doncaster 002D,Investigation complete; no suspect identified
dd9ac1de8aa3f7c0c7f7a047debceaab0323eea09b73839e228a59e54b9667df,2021-03,South Yorkshire Police,South Yorkshire Police,-1.485250,53.554766,On or near CHURCHFIELD,E01007336,Barnsley 013A,Suspect charged
2e2d19c9199ff01efc80d6937f9e72123ca48bc1e519faac03f791fd21ceaf44,2021-03,South Yorkshire Police,South Yorkshire Police,-1.330559,53.461885,On or near CREIGHTON AVENUE,E01007776,Rotherham 008B,Unable to prosecute suspect
3bbe44d8de2f554dd01f8a764541ed452ac7cd284901702402ce87eba09fb215,2021-03,South Yorkshire Police,South Yorkshire Police,-1.095366,53.514961,On or near Petrol Station,E01007526,Doncaster 025D,Investigation complete; no suspect identified
e6c7935a55520bd677a34c66cf2b623b94db2b4a98ffcffc7f4c087d2dbe233f,2021-03,South Yorkshire Police,South Yorkshire Police,-1.076127,53.469691,On or near RADBURN ROAD,E01007597,Doncaster 037E,Unable to prosecute suspect
88f311b50b7317ccf6c6f666bbf552a16b70894d7307799196961589397f0a60,2021-03,South Yorkshire Police,South Yorkshire Police,-1.360644,53.503523,On or near MELTON HIGH STREET,E01007698,Rotherham 001E,Further action is not in the public interest
bc8132c90404a8d59ddf4634e0ac487e8de79353dfc6eeeba18bcb1b58a857aa,2021-03,South Yorkshire Police,South Yorkshire Police,-1.070084,53.549032,On or near FIELDSIDE,E01007478,Doncaster 011D,Investigation complete; no suspect identified
220fe8bf0d570b64da9a4f62f142c5f5fbe7b90180e9f30a6c6fe6ab0eae77c8,2021-03,South Yorkshire Police,South Yorkshire Police,-1.417009,53.421521,On or near BARROW ROAD,E01007852,Sheffield 014C,Investigation complete; no suspect identified
92e665663a177423ccf49efb06944e77bbe96cf8c4088774da5ba123a3851c51,2021-03,South Yorkshire Police,South Yorkshire Police,-1.483006,53.374508,On or near EXETER PLACE,E01008114,Sheffield 074A,Investigation complete; no suspect identified
ebe063a4dfad1ef94773da4d6d7e2a708c4f1c7aa7c47b3213f8cc021d0cf743,2021-03,South Yorkshire Police,South Yorkshire Police,-1.100767,53.524117,On or near RALEIGH COURT,E01007568,Doncaster 018E,Investigation complete; no suspect identified
c5c69631e9627491afc258a518d51c1a256a596cb510810c38d2ae2f3395cf48,2021-03,South Yorkshire Police,South Yorkshire Police,-1.554433,53.606079,On or near HUDDERSFIELD ROAD,E01011935,Wakefield 038A,Investigation complete; no suspect identified
ea176c65309721b2d9d9c8ffecb47906a68ecc42e8d79c0c389e2812366c6c14,2021-03,South Yorkshire Police,South Yorkshire Police,-1.477141,53.581947,On or near LINBY ROAD,E01007325,Barnsley 007C,Local resolution
b48e1b78f386b76a62cac253471457f592bc9a09612745da9fbd1b6e102a5181,2021-03,South Yorkshire Police,South Yorkshire Police,-1.515178,53.365969,On or near BINGHAM PARK ROAD,E01007934,Sheffield 047B,Investigation complete; no suspect identified
fb96b638e202fc9e6ba5d7cb273a3d65a4b6b93ec68110890de58be9b3a28e9e,2021-03,South Yorkshire Police,South Yorkshire Police,-1.471409,53.543730,On or near Petrol Station,E01007414,Barnsley 017D,Investigation complete; no suspect identified
6a3233bdb9fd2e34620674e777f40c306e42472742f649711797c6ffccd1bffa,2021-03,South Yorkshire Police,South Yorkshire Police,-1.283998,53.496177,On or near ALEXANDRA ROAD,E01007576,Doncaster 031E,Unable to prosecute suspect
15e56aed7e84789f2d9b676c7a7333218b58dcd0cc025732762c3c78c03463e3,2021-03,South Yorkshire Police,South Yorkshire Police,-1.497630,53.361744,On or near OSBORNE ROAD,E01008048,Sheffield 046D,Unable to prosecute suspect
bf0aac77ccb53c9e3524cf9e11cd8138566f03a8efea1412d787c9040bc38924,2021-03,South Yorkshire Police,South Yorkshire Police,-1.474027,53.557809,On or near MEADOW STREET,E01007336,Barnsley 013A,Investigation complete; no suspect identified
3097b78fb3acd9af655df1e59626285e5b9f605fa5fec40ec8aef550637f6ffa,2021-03,South Yorkshire Police,South Yorkshire Police,-1.496794,53.385569,On or near BOWER ROAD,E01008066,Sheffield 028B,Investigation complete; no suspect identified
9a2bdb6f9364a6efb686ff068fe9d2e8a9c1b9bd2dd16e97c5f7ed2febc11354,2021-03,South Yorkshire Police,South Yorkshire Police,-1.445418,53.571854,On or near AINSDALE COURT,E01007406,Barnsley 009E,Local resolution
e37de4490724b4a4f05188eb9d69b8118729c82300be2d6d41d564134a94bab7,2021-03,South Yorkshire Police,South Yorkshire Police,-0.951950,53.605179,On or near MOWBRAY ROAD,E01007642,Doncaster 003G,Unable to prosecute suspect
7336db88d240ee7d8369faba3e9ed4c652e75e445859b3582ab128232c4ac7e8,2021-03,South Yorkshire Police,South Yorkshire Police,-1.375589,53.534065,On or near GARDEN STREET,E01007352,Barnsley 020E,Unable to prosecute suspect
6837e210515d065fef556abd45deafbbcd9aca647e5a677f67d6934015b5582b,2021-03,South Yorkshire Police,South Yorkshire Police,-1.510564,53.358130,On or near BANNER COURT,E01007937,Sheffield 047E,Unable to prosecute suspect
16bc58b5d153b014a4294c9b3d86f7d0752784fce29bae703a68a9501e740eaf,2021-03,South Yorkshire Police,South Yorkshire Police,-1.499234,53.409552,On or near PARKSIDE ROAD,E01008091,Sheffield 017C,Investigation complete; no suspect identified
9b93bc06b422baf496ab62992f63425e879a2beaf46d789cf7d146cc03738b3d,2021-03,South Yorkshire Police,South Yorkshire Police,-1.389101,53.370694,On or near WENLOCK STREET,E01007973,Sheffield 037D,Investigation complete; no suspect identified
71c2c70fb2a3d52ae8bddc2ea491f452326c159b09d20e8cfdeb4e38d2ba5c13,2021-03,South Yorkshire Police,South Yorkshire Police,-1.314739,53.443432,On or near DONCASTER ROAD,E01007721,Rotherham 010C,Investigation complete; no suspect identified
9b53f703841ce023e183ad70ae071bcd94a56f4e4bbf49ea11f1b8061d34e0e5,2021-03,South Yorkshire Police,South Yorkshire Police,-1.479881,53.417506,On or near RAISEN HALL ROAD,E01008122,Sheffield 012E,Investigation complete; no suspect identified
db65f45beae4d572afb0b912f8371a8b8c88778a0f74047336bc17ad5533db54,2021-03,South Yorkshire Police,South Yorkshire Police,-1.518914,53.353220,On or near HOOBER ROAD,E01007928,Sheffield 055B,Investigation complete; no suspect identified
ea3246e47f97231858b0cc5d737b62896a0f108dd28c8d3bb177b2314aceb3c4,2021-03,South Yorkshire Police,South Yorkshire Police,-1.164198,53.499489,On or near CEDAR ROAD,E01007499,Doncaster 029D,Unable to prosecute suspect
38dbc80d57c8b56401aa6da921795fa1449c0423b3505d8ee2042f2432142bfe,2021-03,South Yorkshire Police,South Yorkshire Police,-1.488597,53.424725,On or near DOE ROYD CRESCENT,E01008118,Sheffield 009E,Unable to prosecute suspect
1400f17d8d065bdbf940c7cc8cfdbd4c8d2e16e7816f3df97cda0c5fa6d35e55,2021-03,South Yorkshire Police,South Yorkshire Police,-1.270891,53.500996,On or near CONISTON ROAD,E01007575,Doncaster 030A,Investigation complete; no suspect identified
3e0f903886e30f5b3ae89cd05053c406bec42bb4d225e076335eddef48d43678,2021-03,South Yorkshire Police,South Yorkshire Police,-0.990449,53.591649,On or near Petrol Station,E01007559,Doncaster 008D,Investigation complete; no suspect identified
da9d9869d4f781e26d3d89d25901ac41632c6b86267041ba7bba463fb0dd760c,2021-03,South Yorkshire Police,South Yorkshire Police,-1.348537,53.390354,On or near FLATTS CLOSE,E01007701,Rotherham 027D,Investigation complete; no suspect identified
86355197332118f3e51d3658ace53192a3773a8df5ad51550f606f46aa02bbc0,2021-03,South Yorkshire Police,South Yorkshire Police,-1.520747,53.588656,On or near APPLEBY CLOSE,E01007355,Barnsley 005A,Unable to prosecute suspect
73a41a86e96a0d9b1e56c59547789fc57708a76c2e377ab05018c25ea93d20f6,2021-03,South Yorkshire Police,South Yorkshire Police,-1.070225,53.536368,On or near SARGESON ROAD,E01033260,Doncaster 014F,Investigation complete; no suspect identified
f53f3ff6b701ae33eb5a8b9a906fa99339f3b18119fa2134c7e577bd0b330582,2021-03,South Yorkshire Police,South Yorkshire Police,-1.488597,53.424725,On or near DOE ROYD CRESCENT,E01008118,Sheffield 009E,Unable to prosecute suspect
595e797a51bd694588c7acca0739d7ce35c15f5de8c435a65ea93317fb79437d,2021-03,South Yorkshire Police,South Yorkshire Police,-1.487059,53.324854,On or near GREENHILL PARKWAY,E01007823,Sheffield 069A,Suspect charged
8c2680543e2221b2f31412e461a8774e78e33e9472fd792f191ab22929b159ca,2021-03,South Yorkshire Police,South Yorkshire Police,-1.310550,53.436208,On or near LANGLEY CLOSE,E01007723,Rotherham 013A,Investigation complete; no suspect identified
dee3f89ddfdeed49d82b88e7f9fc2fae10d66cd7b1c74fa067af5d49e245d83e,2021-03,South Yorkshire Police,South Yorkshire Police,-1.466591,53.319191,On or near BATEMOOR ROAD,E01008084,Sheffield 070D,Further investigation is not in the public interest
8ffbc65277c2999f16ef7264a77002e4025c49a60d6045e365d3668886969175,2021-03,South Yorkshire Police,South Yorkshire Police,-1.318131,53.408368,On or near MIDDLEFIELDS DRIVE,E01007812,Rotherham 024B,Unable to prosecute suspect
5b24140a1fe601648346f7085617527ea0bdfa45557b4d54731159122627e711,2021-03,South Yorkshire Police,South Yorkshire Police,-1.395271,53.442329,On or near CLIFFORD ROAD,E01007807,Rotherham 011E,Investigation complete; no suspect identified
9cf9be7fda3b0514ad0dfbd493f1b2c29d1192de38b98e2ea754df372378797f,2021-03,South Yorkshire Police,South Yorkshire Police,-1.418466,53.383065,On or near ACRES HILL LANE,E01008014,Sheffield 032E,Unable to prosecute suspect
8198b518e2c4c867e875e2660defb1f214ca625715d7d1374291797840d48c62,2021-03,South Yorkshire Police,South Yorkshire Police,-1.480649,53.549577,On or near Petrol Station,E01007340,Barnsley 013B,Local resolution
16ae9ebe749d80b923cbf3dd01082b0bc5c3d0ac807a20c602a00f5b590bf030,2021-03,South Yorkshire Police,South Yorkshire Police,-0.990449,53.591649,On or near Petrol Station,E01007559,Doncaster 008D,Investigation complete; no suspect identified
9ac233bbff8951886e2a169b654dad02b7646864ea43b6cd4708e84d3c7d0d8b,2021-03,South Yorkshire Police,South Yorkshire Police,-1.441003,53.503468,On or near Petrol Station,E01007391,Barnsley 030C,Investigation complete; no suspect identified
4d507df950d4dc3d2b2120170cdceed81e3eab59459d520f96c5b994e59316b4,2021-03,South Yorkshire Police,South Yorkshire Police,-1.024488,53.599509,On or near ASHFIELD GROVE,E01007627,Doncaster 004C,Investigation complete; no suspect identified
9e61e1ebe48abd19cec12a61e636cd1f2f86917141cfd36c6897b2805d0e6d68,2021-03,South Yorkshire Police,South Yorkshire Police,-1.538097,53.371435,On or near STUMPERLOWE HALL ROAD,E01007861,Sheffield 038B,Investigation complete; no suspect identified
9aaec5e33eed311f402d962e8f80fdf7a36d44f1f926c2b147d0a7628ca09d81,2021-03,South Yorkshire Police,South Yorkshire Police,-1.499431,53.337617,On or near DALEWOOD ROAD,E01007825,Sheffield 066B,Investigation complete; no suspect identified
652bfc98d23aa2d723f8043ed75d5151cd6c99db33b31d29448df9c160de6f20,2021-03,South Yorkshire Police,South Yorkshire Police,-1.449919,53.595056,On or near Petrol Station,E01007433,Barnsley 002A,Investigation complete; no suspect identified
d5fc87904b894e0a4b879b305710c70f34ed3f2aa41ad6412f69ade55951c472,2021-03,South Yorkshire Police,South Yorkshire Police,-1.419148,53.528450,On or near NEVILLE CLOSE,E01007450,Barnsley 023D,Unable to prosecute suspect
28a42deab2203856951b4346aa7266fc20f8637f654341873a22b1390a396b47,2021-03,South Yorkshire Police,South Yorkshire Police,-1.551256,53.390730,On or near WELL GREEN ROAD,E01008129,Sheffield 023A,Investigation complete; no suspect identified
0fc9476144f2edf60016c2d9a00d1b63f2f29b28beffc9a68e774d2d664216cd,2021-03,South Yorkshire Police,South Yorkshire Police,-1.551256,53.390730,On or near WELL GREEN ROAD,E01008129,Sheffield 023A,Investigation complete; no suspect identified
2ddb40e0dba3753589f83f4fc87f7773d8da6d1d5560b74a11773b30a2106d55,2021-03,South Yorkshire Police,South Yorkshire Police,-1.042648,53.536807,On or near Sports/Recreation Area,E01007484,Doncaster 017B,Investigation complete; no suspect identified
ea1399d63b6728284889e63a078b375be2d5192ef30a9e950fd619a1c1eedb94,2021-03,South Yorkshire Police,South Yorkshire Police,-1.145812,53.509714,On or near BALBY ROAD,E01007534,Doncaster 028D,Unable to prosecute suspect
fe63c27092104fbfee4e414c601c8aa42486c4387e062e17f917d91e756c7f1c,2021-03,South Yorkshire Police,South Yorkshire Police,-1.072534,53.548108,On or near OAKDALE CLOSE,E01007478,Doncaster 011D,Investigation complete; no suspect identified
9718923eeb3fa0281cdf0adeeb2bd579066f3ede8cd606ec99c8c9b872520bab,2021-03,South Yorkshire Police,South Yorkshire Police,-1.504645,53.543288,On or near KERESFORTH MEWS,E01007442,Barnsley 012E,Investigation complete; no suspect identified
2dcbf45d57c1d57870e44169ce464d6bb187243c5daed50c468852f8523b39c7,2021-03,South Yorkshire Police,South Yorkshire Police,-1.052281,53.542601,On or near PINEWOOD AVENUE,E01007480,Doncaster 014B,Investigation complete; no suspect identified
64920e0c79be9a3a00ab48d43f557f35474f9f04de95c442141a06734b28cfc9,2021-03,South Yorkshire Police,South Yorkshire Police,-1.073754,53.580009,On or near ST PETER'S CLOSE,E01007624,Doncaster 007D,Offender given a drugs possession warning
4323e9b823c14b9aefcafe514a87e49a78abe2936187f62963994cf3d2d99c2a,2021-03,South Yorkshire Police,South Yorkshire Police,-0.975365,53.543764,On or near BATTLE CLOSE,E01007557,Doncaster 008B,Investigation complete; no suspect identified
1e8a652210deedda965201bff005968677aed55b1b88ad98acf66a70b6521932,2021-03,South Yorkshire Police,South Yorkshire Police,-1.408746,53.524687,On or near BARTHOLOMEW STREET,E01007447,Barnsley 023A,Investigation complete; no suspect identified
c1a149e295f46e5b461ca76aecf50865ee8a0b73009d8268d952d15d53bcd62f,2021-03,South Yorkshire Police,South Yorkshire Police,-1.380717,53.428601,On or near HARTINGTON CLOSE,E01007718,Rotherham 016D,Further action is not in the public interest
ecab03ee4e4b30872997295d5628e954f81088482b67f227a10fe13ee2b664bb,2021-03,South Yorkshire Police,South Yorkshire Police,-1.489000,53.470173,On or near NEWGATE CLOSE,E01007901,Sheffield 003G,Investigation complete; no suspect identified
47caec4f97da14b47c27feb0be5b31483f64fbd6af434b8ab43d54889eaaf91a,2021-03,South Yorkshire Police,South Yorkshire Police,-1.477245,53.323193,On or near LUPTON CRESCENT,E01008083,Sheffield 070C,Further action is not in the public interest
c4449d1fa8106e96b4f445887556cdf90b8578a98e7af73c9bc456c254271463,2021-03,South Yorkshire Police,South Yorkshire Police,-1.530777,53.542324,On or near EYAM CLOSE,E01007384,Barnsley 019C,Investigation complete; no suspect identified
78cc524945cfffa6c206f139f31ae58278007e6ef1fc3c9bfd2342f41b14752c,2021-03,South Yorkshire Police,South Yorkshire Police,-1.473463,53.382907,On or near TOWNHEAD STREET,E01033262,Sheffield 073B,Local resolution
9a62c5c71364ea2c36bd8f24e33981736b8ecb720df89313efd05c827d6e495a,2021-03,South Yorkshire Police,South Yorkshire Police,-1.477245,53.323193,On or near LUPTON CRESCENT,E01008083,Sheffield 070C,Further action is not in the public interest
aeaf041760272d86cd650e6c3d4ecf04ca07247ec5be7ad40abf6353f8cf7fa9,2021-03,South Yorkshire Police,South Yorkshire Police,-1.446345,53.357140,On or near DARESBURY PLACE,E01008103,Sheffield 048D,Unable to prosecute suspect
c63dabe0b5cff4d86ddcf3143853e192ac1a2a1a0327b27b121bee3d5c41ffa9,2021-03,South Yorkshire Police,South Yorkshire Police,-1.468439,53.477256,On or near BROOKDALE COURT,E01007889,Sheffield 004B,Investigation complete; no suspect identified
1a8324d8b9779b3647f588ec1dae729a04e5020f39dfcf5345b980b710000ac9,2021-03,South Yorkshire Police,South Yorkshire Police,-1.149105,53.536551,On or near HASLEMERE GROVE,E01007513,Doncaster 012B,Investigation complete; no suspect identified
2649fbbc8f070e2c3e2f6ec91957d25eff8543a2396d9dec83453e6f7540b1fb,2021-03,South Yorkshire Police,South Yorkshire Police,-1.199070,53.369661,On or near THE CRESCENT,E01007791,Rotherham 029F,Unable to prosecute suspect
d1cece12acf4d1334422995dda9a9c6a5eef7c873d5d9c9faac7ba011377c403,2021-03,South Yorkshire Police,South Yorkshire Police,-1.106246,53.539753,On or near NORWICH ROAD,E01007652,Doncaster 015D,Unable to prosecute suspect
ac14814dde078f312a09b3c34ff0d21c376a5dbd92ff5ccd8cbd90c517ffab49,2021-03,South Yorkshire Police,South Yorkshire Police,-1.095366,53.514961,On or near Petrol Station,E01007526,Doncaster 025D,Investigation complete; no suspect identified
1c6b464e807e92773ebbca77550f35f303a609d52c0d41ba05de3c7becb71367,2021-03,South Yorkshire Police,South Yorkshire Police,-1.195202,53.564303,On or near Supermarket,E01007467,Doncaster 009D,Unable to prosecute suspect
2c5e34d4f01d4da6b69e36a251b6eb6d869993508adf05578d076400f33fcf06,2021-03,South Yorkshire Police,South Yorkshire Police,-1.468439,53.396359,On or near PITSMOOR ROAD,E01007870,Sheffield 019A,Further investigation is not in the public interest
98bfabad6d67de24701fa84cfec957d5b29165181b99a9b6b6c05d376ec9b86b,2021-03,South Yorkshire Police,South Yorkshire Police,-1.378065,53.533934,On or near SOUTH VIEW,E01007352,Barnsley 020E,Unable to prosecute suspect
17d12c302f7a50edbaadde655ea3145ba60550f98212734f3ea401c9d2da6444,2021-03,South Yorkshire Police,South Yorkshire Police,-1.345271,53.332691,On or near WATERTHORPE GLEN,E01008019,Sheffield 065A,Investigation complete; no suspect identified
28a13dd2b95e1847dcd249e9be4c8f54b9d1ecc817843cb83f671059c8a7a254,2021-03,South Yorkshire Police,South Yorkshire Police,-1.446614,53.411783,On or near ADDISON ROAD,E01007949,Sheffield 020E,Unable to prosecute suspect
c7aafda57a8a71271b11fa2f68aa04890db20dc1fe1efe78432da321752efbc8,2021-03,South Yorkshire Police,South Yorkshire Police,-1.350655,53.421134,On or near MOORGATE AVENUE,E01007680,Rotherham 023D,Investigation complete; no suspect identified
d478978d7e0c825727a3e9dbf75c4a7f0a7aafcd42e047519225223cec9710f3,2021-03,South Yorkshire Police,South Yorkshire Police,-1.333924,53.420071,On or near LEDSHAM ROAD,E01007679,Rotherham 023C,Investigation complete; no suspect identified
30d08b95e9bd90b753d5009779b39495a540069c8f073c84d7e4753de18f7509,2021-03,South Yorkshire Police,South Yorkshire Police,-1.333924,53.420071,On or near LEDSHAM ROAD,E01007679,Rotherham 023C,Investigation complete; no suspect identified
85c9daa0ccd21956acfc2bc0a6d4d910cf191078eeebcc3139c48b4547116748,2021-03,South Yorkshire Police,South Yorkshire Police,-1.333924,53.420071,On or near LEDSHAM ROAD,E01007679,Rotherham 023C,Investigation complete; no suspect identified
1dd1e90d2e7f6ac0f2d482823fa6cfdf48986cea8bb4a611515956846ac82e9d,2021-03,South Yorkshire Police,South Yorkshire Police,-1.333924,53.420071,On or near LEDSHAM ROAD,E01007679,Rotherham 023C,Investigation complete; no suspect identified
5d4cf9b913fd5e5bc13a45df73444c8c2f727d6ef3c061c35561cf9ce78b959f,2021-03,South Yorkshire Police,South Yorkshire Police,-1.375255,53.428465,On or near HOLMES LANE,E01007715,Rotherham 016A,Investigation complete; no suspect identified
cbda29ddb42bcc06cbd0c0d75f413c0f3ccc66713cc01bfa525ca19f7a1e18d5,2021-03,South Yorkshire Police,South Yorkshire Police,-1.375255,53.428465,On or near HOLMES LANE,E01007715,Rotherham 016A,Investigation complete; no suspect identified
d186338146d034be32b654425ef99f4b27c72a98133ae9f66203a0650348d152,2021-03,South Yorkshire Police,South Yorkshire Police,-1.380808,53.429590,On or near ROSEBERY STREET,E01007715,Rotherham 016A,Investigation complete; no suspect identified
fdbc0d55222366f879de5cc7ccba27715e6a481d27c95babb91d929d00e5a3e8,2021-03,South Yorkshire Police,South Yorkshire Police,-1.380808,53.429590,On or near ROSEBERY STREET,E01007715,Rotherham 016A,Investigation complete; no suspect identified
4ba2de0a0fcd0fdb51b8734a7a8d6520105de6f719d6f6aefa2632b89dd00af3,2021-03,South Yorkshire Police,South Yorkshire Police,-1.316181,53.435216,On or near BECKWITH ROAD,E01007737,Rotherham 013C,Further action is not in the public interest
c7811647a9ba27b9b0b0375db484dd410e5d7cc0a68c804534924e6b53020dc7,2021-03,South Yorkshire Police,South Yorkshire Police,-1.352279,53.438050,On or near ST ANN'S ROAD,E01007714,Rotherham 017B,Suspect charged
e1dca8fb7ed2a027188a432a1734c72e9dea6d91385a33f97ee6c339bd3272be,2021-03,South Yorkshire Police,South Yorkshire Police,-1.443598,53.555173,On or near TUXFORD CRESCENT,E01007405,Barnsley 011D,Unable to prosecute suspect
ac3e05be5e527baa0454f40cd086ba6de8ce57b782d2a648818b321f63a42b29,2021-03,South Yorkshire Police,South Yorkshire Police,,,No location,,,Investigation complete; no suspect identified
0c54dd006a222cdb43a0b0dc765b544016fa1fb17e965e423337680cb679e653,2021-03,South Yorkshire Police,South Yorkshire Police,-1.600614,53.473420,On or near BIRCH TREE ROAD,E01008148,Sheffield 001C,Unable to prosecute suspect
5ac46fce16cc4530470f432649ae4651c76729f2af132542d1822a25f48f787b,2021-03,South Yorkshire Police,South Yorkshire Police,-1.146513,53.507068,On or near STONEGATE MEWS,E01007534,Doncaster 028D,Unable to prosecute suspect
695349e743c8ade6f81d2332584eb85ecebc31c665509174292a237c5031cadf,2021-03,South Yorkshire Police,South Yorkshire Police,-1.346958,53.389410,On or near SPA WELL CRESCENT,E01007701,Rotherham 027D,Investigation complete; no suspect identified
d69e108b30147dc72c58516bc41e63a108584e2d8a05dda29165124bae7a4cd4,2021-03,South Yorkshire Police,South Yorkshire Police,-1.600614,53.473420,On or near BIRCH TREE ROAD,E01008148,Sheffield 001C,Unable to prosecute suspect
d5bd3d0c0cb603b91129f00a4786001f99d35728c72b4f606f366372f744ed13,2021-03,South Yorkshire Police,South Yorkshire Police,-1.469130,53.327499,On or near Pedestrian Subway,E01008079,Sheffield 064F,Investigation complete; no suspect identified
96e6d3e15a3290d6ed4fc86f697882a54baf6a85451c85447dbd499e406262a2,2021-03,South Yorkshire Police,South Yorkshire Police,-1.488054,53.394737,On or near WOOD STREET,E01008072,Sheffield 026C,Suspect charged
c13b1b9426d63c7e40ec8514da9015cca4481dd2c77546c45c1bf340e0e0d61e,2021-03,South Yorkshire Police,South Yorkshire Police,-1.413164,53.391453,On or near HARNEY CLOSE,E01007902,Sheffield 027B,Unable to prosecute suspect
d81c9df2e469b8744d32f34388211175277ff95c1aad384f1082673ed9c42402,2021-03,South Yorkshire Police,South Yorkshire Police,-1.410876,53.529857,On or near SADLER'S GATE,E01007450,Barnsley 023D,Investigation complete; no suspect identified
7895185068eed83072e6510f3111ee84cd1715076a74253e4ba7ab4653b81dd2,2021-03,South Yorkshire Police,South Yorkshire Police,-1.359248,53.342960,On or near Sports/Recreation Area,E01008037,Sheffield 065E,Investigation complete; no suspect identified
0d8796f5afaaa309eaeaed3b313967334d3953e44724e0701b32c23ade43ec9b,2021-03,South Yorkshire Police,South Yorkshire Police,-1.468899,53.533284,On or near TUDOR WAY,E01007461,Barnsley 021D,Investigation complete; no suspect identified
3065fcea6e427f4cc2f09edbc337c285f861dfb6c68407580bfad91a7016e278,2021-03,South Yorkshire Police,South Yorkshire Police,-1.464661,53.497284,On or near HUNT STREET,E01007396,Barnsley 028A,Investigation complete; no suspect identified
dc588103ab3c6d39ecef86c7c1403967d1e067cde23e06e27085acbe4d522cc3,2021-03,South Yorkshire Police,South Yorkshire Police,-1.333676,53.459970,On or near GREEN ACRES,E01007776,Rotherham 008B,Local resolution
c66ca41ec62410562a363117015afc638adf8a64eae94e72da010ac8e727dc9a,2021-03,South Yorkshire Police,South Yorkshire Police,-1.115927,53.488607,On or near A6182,E01007611,Doncaster 039A,Investigation complete; no suspect identified
b07d2b164e95c3f3099d81b8216d5ba09a6c4ee2d4d29ad854960db9b66610b0,2021-03,South Yorkshire Police,South Yorkshire Police,-1.073595,53.500170,On or near GRANGE COURT,E01007607,Doncaster 025E,Unable to prosecute suspect
270bf2f2599cf3d26531bd5028c5682a522d88e7083c49307c5db1efec96541e,2021-03,South Yorkshire Police,South Yorkshire Police,-1.501503,53.377553,On or near Parking Area,E01007867,Sheffield 030B,Investigation complete; no suspect identified
e7d6dd159780f7f7b502230c62c458242f31edb755b30d3b4dae6c455b39cf0a,2021-03,South Yorkshire Police,South Yorkshire Police,-1.217842,53.363906,On or near PORTLAND CLOSE,E01007657,Rotherham 029A,Investigation complete; no suspect identified
66225b279b37eb1fb4c1cf2638d4f41b60da2f0c126c785129ed179a070cb8c6,2021-03,South Yorkshire Police,South Yorkshire Police,-1.440957,53.431316,On or near Supermarket,E01008054,Sheffield 007B,Investigation complete; no suspect identified
5b3b83edbbca2b04cc94f8e947ad1a3c7d547e30e27813c3b268b126f9152cc4,2021-03,South Yorkshire Police,South Yorkshire Police,-1.493139,53.369248,On or near Supermarket,E01007864,Sheffield 036D,Investigation complete; no suspect identified
a21f1da688ae03eab53e7dadb9f28305805b1cf3075761dee033067a8e704f51,2021-03,South Yorkshire Police,South Yorkshire Police,-1.452183,53.584730,On or near SPRINGBANK CLOSE,E01007437,Barnsley 002C,Unable to prosecute suspect
ec65af54dcc6ae627b2a389d6e2125bf0558dbcd4d1f0aeb44984bd8a6e93be4,2021-03,South Yorkshire Police,South Yorkshire Police,-1.488118,53.370620,On or near SAWDON ROAD,E01008111,Sheffield 040D,Suspect charged
cb36d2e6fa7e4ccf4e4a6423444b2d0264736f24cc21ebcb64d5e57e28942163,2021-03,South Yorkshire Police,South Yorkshire Police,-1.465827,53.368338,On or near QUEENS ROAD,E01008099,Sheffield 051E,Investigation complete; no suspect identified
3e4237a2f392f49d6ecdb51244896e1e83c59dabc2cfedbe5180d03c36f9db96,2021-03,South Yorkshire Police,South Yorkshire Police,-1.280556,53.495545,On or near GENOA STREET,E01007576,Doncaster 031E,Investigation complete; no suspect identified
f92d0125c6d8db23a211965a4d322be6b88ec9954ff08cf9c70848aa88a7b87b,2021-03,South Yorkshire Police,South Yorkshire Police,-1.113013,53.520622,On or near FRANKLIN CRESCENT,E01007647,Doncaster 019C,Investigation complete; no suspect identified
43897a2d1be784c6d4d1fc620e76e0e39bc2036bdf5302f3431da181689be642,2021-03,South Yorkshire Police,South Yorkshire Police,-1.423477,53.387171,On or near MYTON ROAD,E01007883,Sheffield 027A,Unable to prosecute suspect
8eb0ef57c4856fbffc0b45d1798571824b054b6cd69b1d2bce6720158d51352e,2021-03,South Yorkshire Police,South Yorkshire Police,-1.190157,53.421960,On or near BERESFORD ROAD,E01007764,Rotherham 020F,Further action is not in the public interest
d36ec5600836f4e09373d989244cbdb869078c921deb31d259ea8d512466ed0b,2021-03,South Yorkshire Police,South Yorkshire Police,-1.364420,53.362781,On or near BADGER DRIVE,E01007965,Sheffield 044A,Unable to prosecute suspect
1a1d1a8beeb1d3ebaac1aad36b737adba64549c840be3030e762be63797939b7,2021-03,South Yorkshire Police,South Yorkshire Police,-1.472710,53.406130,On or near STANDISH DRIVE,E01007871,Sheffield 019B,Investigation complete; no suspect identified
d4af4d313b716d6613ad866fa0427be735386658c51a00d4db044d31a68bb086,2021-03,South Yorkshire Police,South Yorkshire Police,-1.121917,53.532777,On or near ROCKINGHAM ROAD,E01007654,Doncaster 019F,Investigation complete; no suspect identified
e86e2c01fe8794578ccd4aabda6882d703b8fd50f6be11db90c8750746c19e72,2021-03,South Yorkshire Police,South Yorkshire Police,-1.318025,53.524016,On or near HALL BROOME GARDENS,E01007365,Barnsley 025B,Investigation complete; no suspect identified
5d0b41730de13cd21395cc16b94d5a2a2475c48549c1e9af1185a6b49b2d4b43,2021-03,South Yorkshire Police,South Yorkshire Police,-1.477245,53.323193,On or near LUPTON CRESCENT,E01008083,Sheffield 070C,Unable to prosecute suspect
e159e74cdf195f139a5376e9ccda38daa526828c6feedefd905dd8ac2aeafc8f,2021-03,South Yorkshire Police,South Yorkshire Police,-1.518062,53.396731,On or near BUTLER ROAD,E01007997,Sheffield 025A,Unable to prosecute suspect
858e009de2e9e7bce117345d0d01dd619f55d4bae7d8dddf26bca30c33a447bb,2021-03,South Yorkshire Police,South Yorkshire Police,-1.499593,53.558305,On or near Hospital,E01007446,Barnsley 012G,Investigation complete; no suspect identified
0d7441cd40bbc59641a1f80b926ea64efe9f364bf28d4e51b026de38aa49f638,2021-03,South Yorkshire Police,South Yorkshire Police,-1.461821,53.596567,On or near DOLES AVENUE,E01007435,Barnsley 001B,Unable to prosecute suspect
31a5e4b10eedc93e0917e0ed9947ed7ee6e4089944d1214c251048887ed2d3a5,2021-03,South Yorkshire Police,South Yorkshire Police,-1.437386,53.359704,On or near Supermarket,E01008102,Sheffield 048C,Investigation complete; no suspect identified
8dc0cf320adcf5bc6812d44f471d32ed971cdf232b44ba15b2663322213641c8,2021-03,South Yorkshire Police,South Yorkshire Police,-1.477035,53.418949,On or near SOUTHEY GREEN ROAD,E01008123,Sheffield 015E,Investigation complete; no suspect identified
bdcc1600f59ff0b67205034cee239028859f56e72890cdc189cced97a1ef472f,2021-03,South Yorkshire Police,South Yorkshire Police,-1.128247,53.522819,On or near Supermarket,E01007645,Doncaster 022E,Unable to prosecute suspect
fe28bf9581776f18def384c2fad545c38bd21d443fce79ddb14b5907087968ad,2021-03,South Yorkshire Police,South Yorkshire Police,-1.308861,53.531010,On or near HOMECROFT ROAD,E01007370,Barnsley 022B,Unable to prosecute suspect
44c3ab7b6a051b86f5cfa7eb07c4a371995f27bc7086726dd72fb3f12353c238,2021-03,South Yorkshire Police,South Yorkshire Police,-1.197957,53.599035,On or near GRANGE LANE,E01007490,Doncaster 002D,Investigation complete; no suspect identified
03cd24580b05a1abd17d8868ce2be52f09583842fb752163650a5dff523bd42c,2021-03,South Yorkshire Police,South Yorkshire Police,-1.325946,53.428781,On or near GOLDSMITH ROAD,E01007735,Rotherham 013B,Investigation complete; no suspect identified
c3c996b20fd1e43b6c8697eab95c694637e505708757e07e9b6763213e765ee2,2021-03,South Yorkshire Police,South Yorkshire Police,-1.398453,53.518686,On or near MELLOR ROAD,E01007451,Barnsley 026A,Suspect charged
8338ba042d31b14b7d8a9db127be7f14c42739323a5d50d12bbb55565de69886,2021-03,South Yorkshire Police,South Yorkshire Police,-1.418623,53.373754,On or near DAWLANDS CLOSE,E01008017,Sheffield 039E,Investigation complete; no suspect identified
ca13cbd8702bdaa58ba2adb4dbc351d3a7a25f9ad16e07bcd940d31bfe252126,2021-03,South Yorkshire Police,South Yorkshire Police,-1.437386,53.359704,On or near Supermarket,E01008102,Sheffield 048C,Investigation complete; no suspect identified
7b22a63596f76f02295fcbb5f7531efb5c62ab8e6caffe2fd41d078915bfb336,2021-03,South Yorkshire Police,South Yorkshire Police,-0.955275,53.603977,On or near SOUTHFIELD CLOSE,E01007642,Doncaster 003G,Unable to prosecute suspect
08a13eb28ad1aeadfb884d7a15c98ea66c3db3c7bd64c1e5c6f5345fc2639ab1,2021-03,South Yorkshire Police,South Yorkshire Police,-1.214881,53.367204,On or near BURGHLEY CLOSE,E01007792,Rotherham 028D,Investigation complete; no suspect identified
f89be16d1dbcca0e64b4bdb598e05c0a1b1f1d817a351f5f7061e2af8bef8138,2021-03,South Yorkshire Police,South Yorkshire Police,-1.471243,53.545006,On or near CORPORATION STREET,E01007339,Barnsley 017B,Unable to prosecute suspect
16d38e70b766cd8d90fbe3ca0b5b39bd420f12df555a4635eaec679af6fe80de,2021-03,South Yorkshire Police,South Yorkshire Police,-1.500871,53.429047,On or near Sports/Recreation Area,E01008086,Sheffield 009B,Local resolution
6df5d119b0986b5c5d33dc2ca4fca467dcdf4c013ea94e88785f0431c6afc846,2021-03,South Yorkshire Police,South Yorkshire Police,-0.971557,53.610581,On or near LOCK HILL,E01007640,Doncaster 003E,Investigation complete; no suspect identified
d3505185ccd8c3646a0e5814537b72a6f3914712769e99a75b46d0c83afe10af,2021-03,South Yorkshire Police,South Yorkshire Police,-1.475550,53.427158,On or near DEERLANDS AVENUE,E01033277,Sheffield 011E,Investigation complete; no suspect identified
6598c2973d96f582a70e7f4005719e9399cbc88abc077c42967e758d3c34e8a6,2021-03,South Yorkshire Police,South Yorkshire Police,-1.449406,53.499561,On or near SOUTH VIEW ROAD,E01007390,Barnsley 030B,Unable to prosecute suspect
2fe8d9dfc886357a9e6f0e8345b8f56ff093aec761a086f523b7ccb55d9eb98b,2021-03,South Yorkshire Police,South Yorkshire Police,-1.195491,53.420001,On or near KING AVENUE,E01007760,Rotherham 020D,Unable to prosecute suspect
ffd4435527a0d62ad76cb164089f7e8570f897728ce28b17e4dcc08730988c2a,2021-03,South Yorkshire Police,South Yorkshire Police,-1.049034,53.537343,On or near UPLANDS ROAD,E01007484,Doncaster 017B,Investigation complete; no suspect identified
539fd3a55908b1482d7928bec8e271fa21b33e1229f8d0287fddce470f4cdfb2,2021-03,South Yorkshire Police,South Yorkshire Police,-1.499300,53.403890,On or near Petrol Station,E01008093,Sheffield 017D,Investigation complete; no suspect identified
9b45080e69fc73056a5bd106387a74c88943a4fe42c94ddc268da39bcd22d27f,2021-03,South Yorkshire Police,South Yorkshire Police,-1.564775,53.505600,On or near CHURCHWAYS,E01007423,Barnsley 027C,Further investigation is not in the public interest
816e627940ae3208aea11c95b5d62a5e4ef7e98df97feec85d8f263ba7bda31e,2021-03,South Yorkshire Police,South Yorkshire Police,-1.494653,53.431753,On or near COWPER AVENUE,E01008085,Sheffield 009A,Investigation complete; no suspect identified
fe23008ba26061ba491543735ae114ec96e0d0fefb1c8131331a993dfe67f163,2021-03,South Yorkshire Police,South Yorkshire Police,-1.373647,53.452933,On or near FITZWILLIAM WALK,E01007729,Rotherham 009B,Unable to prosecute suspect
ba242cb0eb9b9cde8a81c7c41f77d3451784446b35188d5f0b0ec67ce280f360,2021-03,South Yorkshire Police,South Yorkshire Police,-1.307226,53.543360,On or near KING STREET,E01007373,Barnsley 014B,Unable to prosecute suspect
87f1aab93984c409aa13397f28e4be2912588e7143d6dfc0444b36ff9fe4a405,2021-03,South Yorkshire Police,South Yorkshire Police,-1.508263,53.577459,On or near SWALLOW HILL ROAD,E01007361,Barnsley 004C,Investigation complete; no suspect identified
7750dd828e16012e789ed1239801d72b1f4b4d95f460690b46f01e2ef0b75cef,2021-03,South Yorkshire Police,South Yorkshire Police,-1.477666,53.555272,On or near Parking Area,E01007336,Barnsley 013A,Unable to prosecute suspect
77da214959584ba61890f3a46aabf906f1d82100a2e2727d24eb5e284b9e937a,2021-03,South Yorkshire Police,South Yorkshire Police,-1.456882,53.395767,On or near EARLDOM CLOSE,E01007874,Sheffield 022A,Unable to prosecute suspect
eed50f490fd720c7770d482f44f5012ad4e38bd6127da7cfeec6d270101a20f5,2021-03,South Yorkshire Police,South Yorkshire Police,-1.384580,53.577831,On or near STACEY CRESCENT,E01007332,Barnsley 006C,Investigation complete; no suspect identified
288a36f194156673575be5509dd69f7ddf91965017b24e35b6e9ae424653f9a1,2021-03,South Yorkshire Police,South Yorkshire Police,-1.376038,53.391454,On or near SHEFFIELD PARKWAY,E01007699,Rotherham 027B,Unable to prosecute suspect
23e5794772cb9807bb459c041dd7d0050afa498d2bc6dc3a97584df75c73d7a7,2021-03,South Yorkshire Police,South Yorkshire Police,-1.422145,53.340036,On or near WOODLAND VIEW,E01007835,Sheffield 062A,Investigation complete; no suspect identified
e7b4d07822504d829806f241d7568797433ebe055bd9b2981fe64f84a6925441,2021-03,South Yorkshire Police,South Yorkshire Police,-1.456882,53.395767,On or near EARLDOM CLOSE,E01007874,Sheffield 022A,Unable to prosecute suspect
293ba681935ce0f499a262eab12063f6604d49bc31ee7f7a769a9ef956d548e0,2021-03,South Yorkshire Police,South Yorkshire Police,-1.484267,53.549917,On or near GEORGE SQUARE,E01007340,Barnsley 013B,Suspect charged
7cf03b6b06c15e95f28e697c143f29210a89f2e3d3bbd691574339be759dcd9c,2021-03,South Yorkshire Police,South Yorkshire Police,-1.477852,53.459123,On or near BYRON AVENUE,E01007895,Sheffield 004F,Unable to prosecute suspect
39c0b21b4345c212fc2974468564801005176830d004cdabc25c45ce47f9c6e9,2021-03,South Yorkshire Police,South Yorkshire Police,-1.493139,53.369248,On or near Supermarket,E01007864,Sheffield 036D,Investigation complete; no suspect identified
152636e4765413a53281892f90faf36100ba46bf58029e773f8f9f0e0cf1b025,2021-03,South Yorkshire Police,South Yorkshire Police,-1.109756,53.536435,On or near PARKWAY SOUTH,E01007651,Doncaster 015C,Investigation complete; no suspect identified
76d9306b59bc6de0c0c6077a20d5ea7d6f26027473f462a18f8698d7e6e5c5de,2021-03,South Yorkshire Police,South Yorkshire Police,-1.489850,53.406744,On or near Sports/Recreation Area,E01008093,Sheffield 017D,Investigation complete; no suspect identified
e9b08307c062a789ee1dd481ab6c46e23115106d9e43c583a0b2c6192ec15b17,2021-03,South Yorkshire Police,South Yorkshire Police,-0.990449,53.591649,On or near Petrol Station,E01007559,Doncaster 008D,Investigation complete; no suspect identified
062f07a4e51238cc7f0c22c92b25bd813c1377d861c7ff973585d4916333bfcb,2021-03,South Yorkshire Police,South Yorkshire Police,-1.479595,53.384237,On or near Supermarket,E01033261,Sheffield 073A,Unable to prosecute suspect
c6531c235b4a6baae12657eacf9a16d6f9df7d9b8405b686759a110b2eb3611d,2021-03,South Yorkshire Police,South Yorkshire Police,-1.470378,53.379487,On or near PINSTONE STREET,E01033264,Sheffield 073D,Suspect charged
cbf009e3fcc497f41d7b50c87399d19f83af8e3c9beba522ab7b0245227b6e49,2021-03,South Yorkshire Police,South Yorkshire Police,-1.230607,53.483576,On or near WELLGATE,E01007542,Doncaster 032B,Investigation complete; no suspect identified
908963cc7b7b1da590f5108dc964647a76b6d92226eee7d26974cada83e55e18,2021-03,South Yorkshire Police,South Yorkshire Police,-1.468492,53.382418,On or near FARGATE,E01033264,Sheffield 073D,Suspect charged
ff7ede68b50c8de6ecea6623bc439fd0d91323a901bbb9201d036a20adb3d024,2021-03,South Yorkshire Police,South Yorkshire Police,-1.219526,53.356439,On or near THE GREEN,E01007662,Rotherham 032D,Unable to prosecute suspect
6d3ac052dfedf6b01c007ab5a9240785c34be3fe0059c5cd64cf35dbd748cc42,2021-03,South Yorkshire Police,South Yorkshire Police,-1.491343,53.415308,On or near LAMB ROAD,E01008092,Sheffield 012D,Suspect charged
c49afcf3e52845323f6c136c9a475ee148a5d5b20739643160b4a1e9e7c289d8,2021-03,South Yorkshire Police,South Yorkshire Police,-1.476714,53.380117,On or near WESTFIELD TERRACE,E01033265,Sheffield 074C,Investigation complete; no suspect identified
f1cf6ba9f7f218dd86a6a1abf5e76cc6e8b71e0b5fba979d6da4c2892ed8d09a,2021-03,South Yorkshire Police,South Yorkshire Police,-1.424622,53.360255,On or near Sports/Recreation Area,E01008000,Sheffield 052A,Investigation complete; no suspect identified
3d57d440ac49e0e9bab1907ac6825090d259b8762e8d7fcf809cdc06c1510bac,2021-03,South Yorkshire Police,South Yorkshire Police,-1.490031,53.557591,On or near LINGARD COURT,E01007409,Barnsley 010D,Investigation complete; no suspect identified
e6feba9b1b6981f52cb7746dab0a124e8b299c7bd22748e4f1da50892896e819,2021-03,South Yorkshire Police,South Yorkshire Police,-1.486456,53.393813,On or near BARRACK LANE,E01008072,Sheffield 026C,Investigation complete; no suspect identified
ae788d9c191b75ce07f0102d372da96096581164951c81689004cd09c13c1fd8,2021-03,South Yorkshire Police,South Yorkshire Police,-1.179841,53.484128,On or near BROOMHOUSE LANE,E01007545,Doncaster 034A,Investigation complete; no suspect identified
f2ef1b5c4cfa7b67ccf10194b50d1459ab9d646333ed4e7572732bf14380d4bc,2021-03,South Yorkshire Police,South Yorkshire Police,-1.499666,53.421464,On or near BAXTER CLOSE,E01008087,Sheffield 012A,Investigation complete; no suspect identified
69139b86554245a1ca91485a87df4ea09d7cfa39ae20626fec8389193f78bc4d,2021-03,South Yorkshire Police,South Yorkshire Police,-1.379701,53.450834,On or near ROBINETS ROAD,E01007730,Rotherham 009C,Investigation complete; no suspect identified
28fe0bdb45862dd5b4b47aad4ca490d8c21a3ae961b6d9683f46692b22dbeb0f,2021-03,South Yorkshire Police,South Yorkshire Police,-1.484687,53.474271,On or near PACK HORSE LANE,E01007898,Sheffield 003D,Offender given a drugs possession warning
a7aeddd331e7705c654273d13e844cc31200c51ed718766934454d618942809c,2021-03,South Yorkshire Police,South Yorkshire Police,-1.209891,53.368043,On or near LEOPOLD AVENUE,E01007790,Rotherham 029E,Unable to prosecute suspect
06f8ead0f3d77325fb12b4744ef07267c44521e5996c4b3e0f50f34a81417e0b,2021-03,South Yorkshire Police,South Yorkshire Police,-1.309650,53.486207,On or near WORTLEY AVENUE,E01007800,Rotherham 003E,Unable to prosecute suspect
de448b991c1e0eacf7c5e5c28bf56029a1778b858aa671aa16ea26d9212f1c97,2021-03,South Yorkshire Police,South Yorkshire Police,-1.462977,53.385881,On or near BLONK STREET,E01033270,Sheffield 022H,Investigation complete; no suspect identified
2a888304cf5095f48e2bd62790f5902fea94620685164a1ef1d99fcd0efff8e6,2021-03,South Yorkshire Police,South Yorkshire Police,-1.129263,53.526233,On or near COPLEY ROAD,E01007655,Doncaster 022F,Unable to prosecute suspect
7dd5d61b942078eca91d37898ad248f3f9489362b00833d0b3d92e60e8e5932a,2021-03,South Yorkshire Police,South Yorkshire Police,-1.299428,53.494650,On or near FREDERICK STREET,E01007577,Doncaster 031F,Unable to prosecute suspect
340daf9abb13c69ee1a245043b3b86b0c6265016e0592f8db83b098fee25609f,2021-03,South Yorkshire Police,South Yorkshire Police,-1.450599,53.547277,On or near ASHLEIGH VALE,E01007322,Barnsley 015C,Investigation complete; no suspect identified
ce7c97fb445ee982a4131d915d062cc6b6b044d74a1dccec0273f54adae97cce,2021-03,South Yorkshire Police,South Yorkshire Police,-1.068827,53.562290,On or near Supermarket,E01007623,Doncaster 007C,Further action is not in the public interest
a43b938e3b597972b43ca9c71301d21952c12c1048818b18d9903ace3453faa6,2021-03,South Yorkshire Police,South Yorkshire Police,-1.104661,53.438123,On or near WHEATFIELD DRIVE,E01007614,Doncaster 039C,Investigation complete; no suspect identified
1a4d9103bff385672570b38210e8bdf01455ca5193590d13d2202061bb50b8ef,2021-03,South Yorkshire Police,South Yorkshire Police,-1.069920,53.437993,On or near Parking Area,E01007614,Doncaster 039C,Investigation complete; no suspect identified
a73d1e54d6e5796b885652e6b90cb5e81760dc667ce2ad4d2a66e9f8b913a15a,2021-03,South Yorkshire Police,South Yorkshire Police,-1.471205,53.380677,On or near POOL SQUARE,E01033265,Sheffield 074C,Investigation complete; no suspect identified
9b4b20bc3ef27fd0fa8175ba69e7cb7f20d576b4c8052db270d84aef2fef4adb,2021-03,South Yorkshire Police,South Yorkshire Police,-1.371446,53.344850,On or near PRITCHARD CLOSE,E01008031,Sheffield 061A,Investigation complete; no suspect identified
ca0de3f637b067d6f9b234b135d4b483a546e03dc551362a6744beaf039e283f,2021-03,South Yorkshire Police,South Yorkshire Police,-1.380802,53.358463,On or near BISHOP GARDENS,E01007968,Sheffield 049C,Investigation complete; no suspect identified
c8d13f806e8686774a92d784b8b3bdefdcf28605fbed8c8077d4b53ddefa042f,2021-03,South Yorkshire Police,South Yorkshire Police,-1.463400,53.323429,On or near DYCHE PLACE,E01008082,Sheffield 070B,Investigation complete; no suspect identified
4e4eb027ab7c5466f3923d83a7d00bd282006b4388dd1c0409d4a19b38366658,2021-03,South Yorkshire Police,South Yorkshire Police,-0.956521,53.646603,On or near MOORENDS ROAD,E01007632,Doncaster 001A,Investigation complete; no suspect identified
b9cb0a4d071e358fdd8678f5519d2653d7268a2a33f23f476ffe2e6f0eb74be0,2021-03,South Yorkshire Police,South Yorkshire Police,-1.460935,53.424909,On or near MASTERS ROAD,E01008061,Sheffield 011A,Further investigation is not in the public interest
397f7496a2ccc9780929b3b06d854a7b94ecc944271f72bdfa2ccea53c45ed33,2021-03,South Yorkshire Police,South Yorkshire Police,,,No location,,,Investigation complete; no suspect identified
84bd6d5c5cfa61f7bb96184a740a7e497ce95c520f534471505984a1912db940,2021-03,South Yorkshire Police,South Yorkshire Police,-1.497024,53.409381,On or near TANFIELD ROAD,E01008091,Sheffield 017C,Investigation complete; no suspect identified
5d48b267cda940b1c2b5bc633afdd1c303186b69f506ada625997839bb56c9d8,2021-03,South Yorkshire Police,South Yorkshire Police,-1.148184,53.535798,On or near KIRKBY AVENUE,E01007516,Doncaster 013C,Investigation complete; no suspect identified
ab8fad22b14895fe26e48ae5aab8b6f4277421ba567c810170c6b31b7546c9b9,2021-03,South Yorkshire Police,South Yorkshire Police,-1.202576,53.565566,On or near WEST AVENUE,E01007466,Doncaster 009C,Action to be taken by another organisation
a80c8c4332b67512942ba2f8e2e769ccb435dd393a142250311d2279525faaf5,2021-03,South Yorkshire Police,South Yorkshire Police,-1.409846,53.363931,On or near HASTILAR ROAD SOUTH,E01008009,Sheffield 045E,Unable to prosecute suspect
2909ffeebaa218ecab6461b47423e06da4f6dab10988430bd89bc91d6f33a567,2021-03,South Yorkshire Police,South Yorkshire Police,-1.454143,53.377094,On or near GLENCOE DRIVE,E01007879,Sheffield 075B,Unable to prosecute suspect
b049b55cbfc26e8901ab9fcd93f71448b03bcc0d438147dd000c1fb63c92559b,2021-03,South Yorkshire Police,South Yorkshire Police,-1.454143,53.377094,On or near GLENCOE DRIVE,E01007879,Sheffield 075B,Unable to prosecute suspect
1cf26e3c39af70098e7e23658142cfc722f9aa6979d40186a219422fb84e5e80,2021-03,South Yorkshire Police,South Yorkshire Police,-1.456121,53.456599,On or near BURN GROVE,E01007891,Sheffield 004D,Investigation complete; no suspect identified
509b9812e61de14c3ac9b207f4301349b7488f6b6fe38ac59472c56ab149a84e,2021-03,South Yorkshire Police,South Yorkshire Police,-1.140684,53.467251,On or near BEANCROFT CLOSE,E01007611,Doncaster 039A,Unable to prosecute suspect
3474a7046506810a6b6414b11e6d22db8656dd4bc1db802c8ea0f7d9f890db60,2021-03,South Yorkshire Police,South Yorkshire Police,-1.457560,53.383834,On or near Parking Area,E01033268,Sheffield 075G,Investigation complete; no suspect identified
0b2365fda0407f312f1609796cd94445711c60bd95e88d1a3fb44d79cb1a4cc4,2021-03,South Yorkshire Police,South Yorkshire Police,-1.498139,53.427201,On or near BULLEN ROAD,E01008086,Sheffield 009B,Unable to prosecute suspect
43c6deefc4b94232a86436c7e61ace1dd99ffd5c87c15c3cf945731cc9c58323,2021-03,South Yorkshire Police,South Yorkshire Police,-1.305220,53.446451,On or near SILVER STREET,E01007721,Rotherham 010C,Unable to prosecute suspect
31bb0bb1e82c90d4cc39de1b5f7452a0c7782ef81d4d0114c0d713051761c87d,2021-03,South Yorkshire Police,South Yorkshire Police,-1.519021,53.318299,On or near WOLLATON DRIVE,E01007915,Sheffield 071A,Investigation complete; no suspect identified
e90ed70f749111cdd61307a18e61aba549ebb8f1a4d042492588ad4fbe19d71c,2021-03,South Yorkshire Police,South Yorkshire Police,-1.495469,53.385762,On or near THE NOOK,E01008066,Sheffield 028B,Unable to prosecute suspect
0e795e4682fc6cac331d66c08225ce2e12187f382f575deee81112de80ad2d14,2021-03,South Yorkshire Police,South Yorkshire Police,-1.472195,53.366281,On or near COLVER ROAD,E01008109,Sheffield 042B,Further action is not in the public interest
63fdb4ad09f6cee23131e6a4e3a0853a90743b2278797327d81340c0f267db94,2021-03,South Yorkshire Police,South Yorkshire Police,-1.363051,53.392131,On or near STATION ROAD,E01007701,Rotherham 027D,Investigation complete; no suspect identified
a4ffa6f57d0deabbd8df93cf2b668a9a12d4786d747549c956a3ec40b5b162d0,2021-03,South Yorkshire Police,South Yorkshire Police,-1.488011,53.464695,On or near STANLEY ROAD,E01007888,Sheffield 003A,Investigation complete; no suspect identified
e721197ce14975501d93577bed20826e7b679a926ce32feaa9dea58e6fe580c8,2021-03,South Yorkshire Police,South Yorkshire Police,-1.351376,53.342019,On or near Supermarket,E01008034,Sheffield 056D,Investigation complete; no suspect identified
89184e01c7eb9353111851e0df0a390f56f3c6cf33ad0d23dc8442f55b564a41,2021-03,South Yorkshire Police,South Yorkshire Police,-1.505511,53.584189,On or near BETHEL GARDENS,E01007361,Barnsley 004C,Offender given a caution
f7b1b52081b7402cc2ecba60afc18eb45c4bc841d120d79a4e2dc3549a4ecfd7,2021-03,South Yorkshire Police,South Yorkshire Police,-1.073754,53.580009,On or near ST PETER'S CLOSE,E01007624,Doncaster 007D,Investigation complete; no suspect identified
c1979b91b086c104881e9c68238f95928d511e1523b060b194d81bab1b64fe53,2021-03,South Yorkshire Police,South Yorkshire Police,-1.350637,53.433196,On or near CARLISLE STREET,E01007714,Rotherham 017B,Unable to prosecute suspect
68b9fdde485d17e9a58e5d89d1573708945766dfe2c110b3f7e278b04cf6b232,2021-03,South Yorkshire Police,South Yorkshire Police,-1.220446,53.352930,On or near SIKES ROAD,E01007658,Rotherham 032A,Unable to prosecute suspect
6e710035d2d5e97b5ead7305a17d17ace58e99b97b26a7e8748c38043ba60db9,2021-03,South Yorkshire Police,South Yorkshire Police,-1.350637,53.433196,On or near CARLISLE STREET,E01007714,Rotherham 017B,Unable to prosecute suspect
be1d885de9475f778662c345ee7ad049ea40be7623016dcc08753cd61f9518d2,2021-03,South Yorkshire Police,South Yorkshire Police,-1.129168,53.521307,On or near Theatre/Concert Hall,E01007645,Doncaster 022E,Unable to prosecute suspect
f31279b6dd56fd8dbf3a0ab5fb3a88a4facdda84b179c672962840e52a2ade2d,2021-03,South Yorkshire Police,South Yorkshire Police,-1.345544,53.504062,On or near Supermarket,E01007822,Rotherham 002F,Unable to prosecute suspect
d8e2ef7f6f43fcd88e25f60f8147c2a3e8408dd978741ead94408ff180815104,2021-03,South Yorkshire Police,South Yorkshire Police,-1.136918,53.522963,On or near Parking Area,E01007645,Doncaster 022E,Investigation complete; no suspect identified
2be0670c356a491cc6eaa53b1e0a232a5ec030d16c9eb35b8489fd56d9dd1b2e,2021-03,South Yorkshire Police,South Yorkshire Police,-1.082748,53.544087,On or near OGDEN ROAD,E01007656,Doncaster 015F,Unable to prosecute suspect
e3d71c20f37e31be2c8d811c88a58407e9c172f7c0055ce7320da285f7856e99,2021-03,South Yorkshire Police,South Yorkshire Police,-1.451297,53.542292,On or near GERALD PLACE,E01007317,Barnsley 018A,Further action is not in the public interest
0f13f27b58c1a3754c5339d0af6403565b43ad8deaab9878b9fc2e3334fa39f4,2021-03,South Yorkshire Police,South Yorkshire Police,-1.140684,53.467251,On or near BEANCROFT CLOSE,E01007611,Doncaster 039A,Investigation complete; no suspect identified
94695d7152ea9d31a3f05e58c875f9b49df5617051e89c96fe25f5a8ac606501,2021-03,South Yorkshire Police,South Yorkshire Police,-1.151479,53.515876,On or near BEACONSFIELD ROAD,E01007529,Doncaster 022A,Unable to prosecute suspect
073c66ef9bbb2217f089b64d188652c88cf48fb5b17c95b155b03e092afa0dcc,2021-03,South Yorkshire Police,South Yorkshire Police,-1.140684,53.467251,On or near BEANCROFT CLOSE,E01007611,Doncaster 039A,Investigation complete; no suspect identified
308d337eee614bc5df2fbf5a25c6df8b4c30f480aa0deb306f06d03d9685c676,2021-03,South Yorkshire Police,South Yorkshire Police,-1.440151,53.375780,On or near HASLEHURST ROAD,E01007886,Sheffield 075F,Investigation complete; no suspect identified
c2cf14dc9db3576b94112aaafc94e102bcbb7a92560dd483419d4a66dc1117ee,2021-03,South Yorkshire Police,South Yorkshire Police,-1.488054,53.394737,On or near WOOD STREET,E01008072,Sheffield 026C,Unable to prosecute suspect
c057a7f1b9930b465f139cb5278ed53cc3587ad3f46e2686ed668209df2e881a,2021-03,South Yorkshire Police,South Yorkshire Police,-1.514609,53.385706,On or near BOLEHILL LANE,E01007960,Sheffield 029B,Unable to prosecute suspect
36419cb485683a01211a833d4b7de5a59a56b58ee9b546c09438cef269d806f3,2021-03,South Yorkshire Police,South Yorkshire Police,-1.485251,53.428917,On or near WORDSWORTH CLOSE,E01008116,Sheffield 009C,Offender given a drugs possession warning
fb6f8ac6162a548edaaa5486b44cfa0d25537f838260dfdf3ed89988ebbcfcd9,2021-03,South Yorkshire Police,South Yorkshire Police,-1.477166,53.556636,On or near ELDON STREET NORTH,E01007336,Barnsley 013A,Investigation complete; no suspect identified
5608868352d84b8810c922bd2ae4a1c8b11090c832bc9f02a042a668d6b954d3,2021-03,South Yorkshire Police,South Yorkshire Police,,,No location,,,Investigation complete; no suspect identified
3b4ad6d69cb107010b574744a217f39ffbcd1e3f20f16473392ad11927bbe9ba,2021-03,South Yorkshire Police,South Yorkshire Police,-1.473637,53.388292,On or near EBENEZER PLACE,E01033262,Sheffield 073B,Investigation complete; no suspect identified
891dbb77494fe6bbc124361453629b1f8f102d74fc62ed1e1cb075772e9f122e,2021-03,South Yorkshire Police,South Yorkshire Police,-1.373246,53.454611,On or near COACH ROAD,E01007731,Rotherham 009D,Investigation complete; no suspect identified
cbc8305034b716a81db94e8edf8ee8d53cbc3268d4dc8bedf79137b60e6ace2e,2021-03,South Yorkshire Police,South Yorkshire Police,-1.074376,53.505848,On or near MIDDLEHAM ROAD,E01007522,Doncaster 024A,Investigation complete; no suspect identified
7ad80f384b72e629b40ed0bf0ed40644009c1cdeff5e48170cb524f55a556977,2021-03,South Yorkshire Police,South Yorkshire Police,-1.407355,53.350642,On or near LONGSTONE CRESCENT,E01007841,Sheffield 076C,Local resolution
051aa9a20141aab8cea3d3df3b3dd7a19561fa9f066d802a88733d583622463b,2021-03,South Yorkshire Police,South Yorkshire Police,-1.532756,53.391207,On or near HALL PARK MOUNT,E01008133,Sheffield 023E,Unable to prosecute suspect
3d085ebacf3033009faf4c61da50e039fb7728cb445e3a88893641d3366e0470,2021-03,South Yorkshire Police,South Yorkshire Police,-1.472239,53.422308,On or near ADRIAN CRESCENT,E01008123,Sheffield 015E,Unable to prosecute suspect
a1592265e5115540744909515ca868b4fa136e12b5bbe526da51479c65320aa7,2021-03,South Yorkshire Police,South Yorkshire Police,-1.242912,53.484796,On or near MONTAGUE AVENUE,E01007538,Doncaster 035B,Unable to prosecute suspect
768edee434f3adf46446fc413caa76537b4b02f70011d934d7e048ad64fa1bc4,2021-03,South Yorkshire Police,South Yorkshire Police,-1.503108,53.552100,On or near ST HILDA AVENUE,E01007444,Barnsley 012F,Unable to prosecute suspect
2a4a10783b1e0f64f814e3a807dcc7aeafa697a622fe000c41ef612802bfa515,2021-03,South Yorkshire Police,South Yorkshire Police,-1.481963,53.415870,On or near GALSWORTHY ROAD,E01008124,Sheffield 012F,Investigation complete; no suspect identified
a64b37841b5a748c8436c40cd076aab05b0471131fe6bbb5a5ced030f7f6cbcc,2021-03,South Yorkshire Police,South Yorkshire Police,-1.442580,53.436106,On or near BUTTERTHWAITE CRESCENT,E01008055,Sheffield 007C,Local resolution
9e26f78ca7da2357483caa67069e41af5c848f080692bfa379cbf36ef8285ed7,2021-03,South Yorkshire Police,South Yorkshire Police,-1.439519,53.378060,On or near MALTRAVERS TERRACE,E01007886,Sheffield 075F,Investigation complete; no suspect identified
a1700619b0f7448af1c2bcd63dc3972107a965572f01df3032cf0e64f280efa3,2021-03,South Yorkshire Police,South Yorkshire Police,-1.503108,53.552100,On or near ST HILDA AVENUE,E01007444,Barnsley 012F,Suspect charged
3501e016a8f76f3eee8201298d59c2d17392f582c29e419ded2bfd0557aefd11,2021-03,South Yorkshire Police,South Yorkshire Police,-1.145812,53.509714,On or near BALBY ROAD,E01007534,Doncaster 028D,Investigation complete; no suspect identified
46afd3e8969be8a2d36a70a6bfba5549b58d15bd387113f966208446ecb8c750,2021-03,South Yorkshire Police,South Yorkshire Police,-1.352597,53.502321,On or near VALLEY DRIVE,E01007822,Rotherham 002F,Unable to prosecute suspect
7e1ddc4d8e59c4e72f30838619fdde3ec21ce98c3ec033a99cd16bce845cee1c,2021-03,South Yorkshire Police,South Yorkshire Police,-1.358730,53.402454,On or near THRUSH AVENUE,E01007702,Rotherham 025B,Investigation complete; no suspect identified
893ff73d36961a731e4d9f57be1633dd6050f4505539fd278c6690aa33690a42,2021-03,South Yorkshire Police,South Yorkshire Police,-1.475789,53.380787,On or near ROCKINGHAM STREET,E01033265,Sheffield 074C,Investigation complete; no suspect identified
4aa3899bcf57ceaf962abee4d456646d4d17d344875ced012ecd6d714308d573,2021-03,South Yorkshire Police,South Yorkshire Police,-1.189468,53.583105,On or near ROLLESTON ROAD,E01007474,Doncaster 005F,Unable to prosecute suspect
bc8f99a81eef1606d26296d0ade01b87f3260e6a5971dd300b5892cb06fc046a,2021-03,South Yorkshire Police,South Yorkshire Police,-1.470350,53.367172,On or near ALDERSON ROAD NORTH,E01008108,Sheffield 042A,Investigation complete; no suspect identified
3f82a571910734d8e3bb22af957841f7c187511b7ec04e1d11ca8d9f76f8bf9d,2021-03,South Yorkshire Police,South Yorkshire Police,-1.135456,53.524345,On or near Shopping Area,E01007655,Doncaster 022F,Investigation complete; no suspect identified
62a70f5ad9a9236c4200c043bf2ed13bba21c979779058ec9f44c635dfd2dc8b,2021-03,South Yorkshire Police,South Yorkshire Police,-1.355568,53.433592,On or near WATER STREET,E01007714,Rotherham 017B,Unable to prosecute suspect
54dca69f2def76dfbc42fada37c0172213d158dd6f30cc475ec67c5decc34e14,2021-03,South Yorkshire Police,South Yorkshire Police,-1.471617,53.547695,On or near GOLD STREET,E01007339,Barnsley 017B,Suspect charged
0e9986defa19413eb59ba2ffd1d58be2df0aba3123eecf1fdca287e85b0d92f8,2021-03,South Yorkshire Police,South Yorkshire Police,-1.466947,53.378546,On or near HOWARD LANE,E01033264,Sheffield 073D,Investigation complete; no suspect identified
e454b11231ac74a5dbfc4b90eef9606ffaee25e75145574a66ed3d263fa3583c,2021-03,South Yorkshire Police,South Yorkshire Police,-1.487763,53.559172,On or near EARNSHAW TERRACE,E01007409,Barnsley 010D,Investigation complete; no suspect identified
87c46b0693ece657176d03a73d756017e91adb8bdcc73183c970b1351a34d305,2021-03,South Yorkshire Police,South Yorkshire Police,-1.352597,53.502321,On or near VALLEY DRIVE,E01007822,Rotherham 002F,Unable to prosecute suspect
7d59f68f14758c72a8c9eb67fa77ba3fc1fdfdd7442335661f9f79e75881ce4d,2021-03,South Yorkshire Police,South Yorkshire Police,-1.352279,53.438050,On or near ST ANN'S ROAD,E01007714,Rotherham 017B,Suspect charged
6ee741544e09036c8fde7e34c1a4c493d03502d936663018f7df834a751e7ccf,2021-03,South Yorkshire Police,South Yorkshire Police,-1.462751,53.562505,On or near TENNYSON ROAD,E01007334,Barnsley 009A,Investigation complete; no suspect identified
dd3cc4fba3f742bbdaafb120d1ddf8d64c33c438f8e8bf1bc97c56d83ad61a26,2021-03,South Yorkshire Police,South Yorkshire Police,-1.021115,53.504804,On or near SANDHILL RISE,E01007600,Doncaster 026B,Investigation complete; no suspect identified
718c80823542b5f8f45f04ffc080dda3e99488c1836c7182bf58dc2185036da5,2021-03,South Yorkshire Police,South Yorkshire Police,-1.021115,53.504804,On or near SANDHILL RISE,E01007600,Doncaster 026B,Investigation complete; no suspect identified
4337b7a59a2d8d68b316524af76c9e99dc4a82df23cb100594cee1826fd01448,2021-03,South Yorkshire Police,South Yorkshire Police,-1.509735,53.415996,On or near Parking Area,E01008089,Sheffield 017B,Investigation complete; no suspect identified
2dd7a8c06defe5fe5459ddf88c92a185aaf15e15f4f992a651e30c9f3acc1e66,2021-03,South Yorkshire Police,South Yorkshire Police,-1.512516,53.589773,On or near LONGSIGHT ROAD,E01007363,Barnsley 004E,Unable to prosecute suspect
6b58b88943ef20e8f2fbf3dbdf7a542dd0a7f9d9f4131f532f140919f386cc43,2021-03,South Yorkshire Police,South Yorkshire Police,-1.457193,53.603925,On or near HAIGH MOOR WAY,E01007438,Barnsley 001C,Unable to prosecute suspect
e018b66a469ad0a3b8293446c589e46a4442bb3b7dc34ae9e0e15b4190b324c9,2021-03,South Yorkshire Police,South Yorkshire Police,-1.480221,53.373615,On or near MOORE STREET,E01033271,Sheffield 040E,Investigation complete; no suspect identified
6134df13cc49e0b928bf48ea77b2e628c125a8386ee0f97d2fcaa373c1bf6cae,2021-03,South Yorkshire Police,South Yorkshire Police,-1.153312,53.513183,On or near GLEN FIELD AVENUE,E01007533,Doncaster 023C,Investigation complete; no suspect identified
ef2f962b59926fb8d7105704045d450106638fbaa17e1e47496ea6d54f696c65,2021-03,South Yorkshire Police,South Yorkshire Police,-1.371465,53.358881,On or near CROSS DRIVE,E01007970,Sheffield 049D,Investigation complete; no suspect identified
d6987351118b95f7e5627d0b0bbbebb264fa114edf97ba2cf1082e3140f532bc,2021-03,South Yorkshire Police,South Yorkshire Police,-1.513262,53.594540,On or near GRASMERE CRESCENT,E01007363,Barnsley 004E,Investigation complete; no suspect identified
b7213698678085a58af9a7ec8ad67de26b12bcd34c03a3e1da651e1b328fb128,2021-03,South Yorkshire Police,South Yorkshire Police,-1.523836,53.367146,On or near FRICKLEY ROAD,E01007865,Sheffield 038D,Investigation complete; no suspect identified
1c305388e0bd729f34f0eb1bb25db4a99966d0e1f4e786d1fba6700b5de0b6a9,2021-03,South Yorkshire Police,South Yorkshire Police,-1.427460,53.396241,On or near Sports/Recreation Area,E01033269,Sheffield 022G,Suspect charged
594e4ab6ed3d3bf79be56e2d83acaf4eb270ca1da1a2325ffe91a366341489d5,2021-03,South Yorkshire Police,South Yorkshire Police,-1.453832,53.400212,On or near ELLESMERE ROAD NORTH,E01007869,Sheffield 020A,Unable to prosecute suspect
726f3b5fbb01091e50ab40726d800c22f62e6105fdb87c946b23aa3cf09bddc5,2021-03,South Yorkshire Police,South Yorkshire Police,-1.168132,53.534986,On or near ST LEONARD'S LEA,E01007582,Doncaster 016B,Investigation complete; no suspect identified
bc22c116eaad9c27a599341fb936471c827cc4f68f67eedc37310b85e7a7866d,2021-03,South Yorkshire Police,South Yorkshire Police,-1.129929,53.527604,On or near Pedestrian Subway,E01007655,Doncaster 022F,Investigation complete; no suspect identified
22cf249d7c613fa5edb9071ea3031bc7a82f4f45aaeefcbd8ebab6269c069167,2021-03,South Yorkshire Police,South Yorkshire Police,-1.175373,53.503944,On or near KELSO DRIVE,E01007551,Doncaster 033B,Investigation complete; no suspect identified
7ce9026a8ccd41efcda9c9f1819829b56bc7b8d0bf1a2619d6e27a516291e170,2021-03,South Yorkshire Police,South Yorkshire Police,-1.347575,53.456218,On or near OCCUPATION ROAD,E01007783,Rotherham 008C,Investigation complete; no suspect identified
ab48c5ce37d1951275ae45838856b7379fc8be8206896747f5a232428ef0e2bf,2021-03,South Yorkshire Police,South Yorkshire Police,-1.205411,53.369730,On or near ADDISON SQUARE,E01007790,Rotherham 029E,Unable to prosecute suspect
a11c5087329e2e8e6b6a4c7fde3c649275450f23872605f1caf89e500769f9a3,2021-03,South Yorkshire Police,South Yorkshire Police,-1.478943,53.552051,On or near Supermarket,E01007336,Barnsley 013A,Investigation complete; no suspect identified
41057c0b02fbffde9946d93145d1eb184441f57bf9313065e6381433dffcaee6,2021-03,South Yorkshire Police,South Yorkshire Police,-1.156228,53.503820,On or near Supermarket,E01007495,Doncaster 028A,Investigation complete; no suspect identified
0881536a5438eba16c2d376b6df4c794d5796b3d61a28817a548d40c06cc404d,2021-03,South Yorkshire Police,South Yorkshire Police,-1.215875,53.429260,On or near FROBISHER GROVE,E01007755,Rotherham 018C,Unable to prosecute suspect
a8de60b13ae62585dc1c32dde494cd093e52d643fc2a29597ec1df8271761beb,2021-03,South Yorkshire Police,South Yorkshire Police,-1.473204,53.551145,On or near LANGDALE ROAD,E01007337,Barnsley 015D,Investigation complete; no suspect identified
502c4b177704d507aa527310afd85993ab8c7d6ed6fcdfc0204d2e907474507e,2021-03,South Yorkshire Police,South Yorkshire Police,-1.237112,53.483851,On or near IVANHOE ROAD,E01007539,Doncaster 035C,Offender given a caution
88df5b7a73814d51f206109c30394adaade9d65fedd8700ad2fb04c249eb4f3e,2021-03,South Yorkshire Police,South Yorkshire Police,-1.156228,53.503820,On or near Supermarket,E01007495,Doncaster 028A,Investigation complete; no suspect identified
5346777fa6dc8e233ad0155bffd9f60603a6ac5b0be6fe0cfa58022c04b4a37e,2021-03,South Yorkshire Police,South Yorkshire Police,-1.311419,53.547222,On or near ORCHARD WAY,E01007372,Barnsley 014A,Offender given a caution
e3e60138f783a86b7aad666052fa67dbbd14523eebbb2ccfa14c6575ea1a394f,2021-03,South Yorkshire Police,South Yorkshire Police,-1.500463,53.417602,On or near CARRWELL LANE,E01008089,Sheffield 017B,Unable to prosecute suspect
6080af984d73b439ae6d09e197a6b23b2dd63818e8f893dd916eff230be98d7f,2021-03,South Yorkshire Police,South Yorkshire Police,-1.372549,53.502885,On or near QUARRY BANK,E01007698,Rotherham 001E,Investigation complete; no suspect identified
f4452ccfde9550891ecd566407bd9ea0999816f94f6e6ef193f6d1790dcdd1d2,2021-03,South Yorkshire Police,South Yorkshire Police,-1.421318,53.499824,On or near COBCAR LANE,E01007394,Barnsley 029C,Investigation complete; no suspect identified
bfaf4e6685bba00deb99ba7bb4f191472eae0520ad7fe7e5fe816f6e1c663ad2,2021-03,South Yorkshire Police,South Yorkshire Police,-1.525828,53.585521,On or near ORCHARD CROFT,E01007358,Barnsley 005B,Investigation complete; no suspect identified
922585047621fb272edcc628e6197b92bc6f97616a8a934780e0984f92b316ce,2021-03,South Yorkshire Police,South Yorkshire Police,-1.472447,53.382345,On or near PINFOLD STREET,E01033265,Sheffield 074C,Unable to prosecute suspect
047a9b8796869dac09b08a2155d2fa136715384708f4958329f8721aed469780,2021-03,South Yorkshire Police,South Yorkshire Police,-1.447674,53.418206,On or near B6086,E01007851,Sheffield 013B,Investigation complete; no suspect identified
770ed40e5d3e79bc34cb236224fb5f18cd19fcbcd75a4e588d946ecc8bf36a08,2021-03,South Yorkshire Police,South Yorkshire Police,-1.480692,53.547295,On or near PROVIDENCE COURT,E01007338,Barnsley 017A,Unable to prosecute suspect
7d8165414b4d58d98296703b10a93727b89b1a12333ba36526a8be7c5ff94a6e,2021-03,South Yorkshire Police,South Yorkshire Police,-1.279011,53.498646,On or near HARLINGTON ROAD,E01007576,Doncaster 031E,Unable to prosecute suspect
17719503837c209af6301b50449b046b0d7fc7e2813f0b8fc02d948ad8165af1,2021-03,South Yorkshire Police,South Yorkshire Police,-1.447197,53.409691,On or near BOLSOVER ROAD EAST,E01007944,Sheffield 022F,Investigation complete; no suspect identified
c4dfb90ea5b587fd4438f60ccc96e45b6bf76aa86335f4b1743f0de34d82c967,2021-03,South Yorkshire Police,South Yorkshire Police,-1.449532,53.411806,On or near LINDLEY ROAD,E01007949,Sheffield 020E,Investigation complete; no suspect identified
7f041a96bac28adfb629baa01becae8fe7fb8658983a1271b4cb9f8e789efae3,2021-03,South Yorkshire Police,South Yorkshire Police,-1.485219,53.367956,On or near GRANGE CRESCENT,E01008111,Sheffield 040D,Investigation complete; no suspect identified
b6903a7c2388e8e957d79ad2f849312b5acf08efb6eee6578e12197a54510ee1,2021-03,South Yorkshire Police,South Yorkshire Police,-1.439229,53.348657,On or near FLEURY CLOSE,E01007982,Sheffield 054A,Offender given a caution
776eece82cc568a1e62c4d5d72f680b2b9df7c616defc539fcb6bf219ac9a840,2021-03,South Yorkshire Police,South Yorkshire Police,-1.496919,53.501190,On or near CHAPEL ROAD,E01007424,Barnsley 028E,Investigation complete; no suspect identified
7a5b7f85480d6cca9395959c024758457832de109b36d32a6ecd1ed991ab1dc0,2021-03,South Yorkshire Police,South Yorkshire Police,-1.497098,53.367422,On or near DYSON PLACE,E01008047,Sheffield 046C,Investigation complete; no suspect identified
4df2bbbe5a1c5c5495ef9db7e07515f5f65bdc2611e193f1624d62fa0fa9b22f,2021-03,South Yorkshire Police,South Yorkshire Police,-1.050721,53.534103,On or near TENNYSON AVENUE,E01007486,Doncaster 017D,Unable to prosecute suspect
569744e8d181fce9e66b2b6052d11f03682aaa9c291ba833c1dd2c95eacce0ea,2021-03,South Yorkshire Police,South Yorkshire Police,-1.447197,53.409691,On or near BOLSOVER ROAD EAST,E01007944,Sheffield 022F,Investigation complete; no suspect identified
119e8c5c42baba47581388152993a4ef0fbac0724fddb71c21c755f2b6191c2b,2021-03,South Yorkshire Police,South Yorkshire Police,-1.473637,53.388292,On or near EBENEZER PLACE,E01033262,Sheffield 073B,Investigation complete; no suspect identified
f40e297e3de866bd4626a3cc66d76f2a366bfb55f9eb9ae42d646f3fd1a2bff6,2021-03,South Yorkshire Police,South Yorkshire Police,-1.410804,53.390354,On or near GREENLAND VIEW,E01007902,Sheffield 027B,Investigation complete; no suspect identified
990515342d049b2c13af60ad5c93d268de93b0729095d6c3c22b6e6b569c57d6,2021-03,South Yorkshire Police,South Yorkshire Police,-1.559084,53.533884,On or near MOOREND LANE,E01007419,Barnsley 016B,Investigation complete; no suspect identified
a69cf069621a355c628d828aa583b5e297edd92169823064c2a70c8aa7b6908d,2021-03,South Yorkshire Police,South Yorkshire Police,-1.481384,53.543810,On or near CANADA STREET,E01007413,Barnsley 017C,Further action is not in the public interest
84a7c63494c16713ac88e2430591f9105efbe8fe22de1418144fac4bee74be2d,2021-03,South Yorkshire Police,South Yorkshire Police,-1.388935,53.454764,On or near Pedestrian Subway,E01007732,Rotherham 009E,Unable to prosecute suspect
d63186e8dde24ecd0cb6c970c7e4a0f4cf32b552795f65da4e0ce09e7dd3cb32,2021-03,South Yorkshire Police,South Yorkshire Police,-1.371190,53.358152,On or near TANNERY STREET,E01007970,Sheffield 049D,Investigation complete; no suspect identified
63454d5fc70ef483ec556f2a9d14bda57f7753f5a7e2c2970291a146dfcd2fee,2021-03,South Yorkshire Police,South Yorkshire Police,-1.202471,53.570392,On or near Supermarket,E01007465,Doncaster 009B,Investigation complete; no suspect identified
23511319d48beef877c38f48f00016390be03a29c08c0f7393f8df17b5e77fbe,2021-03,South Yorkshire Police,South Yorkshire Police,-1.438633,53.383737,On or near CRICKET INN ROAD,E01008015,Sheffield 039D,Investigation complete; no suspect identified
a24da6c3205e674540c659fe60f0decf9de7988fccf11affdc9a1fb01215dd60,2021-03,South Yorkshire Police,South Yorkshire Police,-1.185828,53.418542,On or near NOVELLO STREET,E01007764,Rotherham 020F,Unable to prosecute suspect
aea15819a95b0658fe4e25b0115d88db326b1661da7b1de3f1be24ec702aeef0,2021-03,South Yorkshire Police,South Yorkshire Police,-1.185828,53.418542,On or near NOVELLO STREET,E01007764,Rotherham 020F,Unable to prosecute suspect
d4620f1976748a57ddaa02ab2299ea630d40be7c190942df6f3a721813d456e1,2021-03,South Yorkshire Police,South Yorkshire Police,-1.185828,53.418542,On or near NOVELLO STREET,E01007764,Rotherham 020F,Further investigation is not in the public interest
66f571a537e9ea769b69f5182594aa5f3571600c5ce0ea099d699a48a373b641,2021-03,South Yorkshire Police,South Yorkshire Police,-1.063451,53.472010,On or near BEECH ROAD,E01007591,Doncaster 036A,Unable to prosecute suspect
f0b6372e748133d12ceff5df9f56600869c8f923bc02f9940fdb5f5e8e04f0f8,2021-03,South Yorkshire Police,South Yorkshire Police,-1.418623,53.373754,On or near DAWLANDS CLOSE,E01008017,Sheffield 039E,Investigation complete; no suspect identified
ee919392a6a7640e904d310cab44bab11d259d6a854d762673ec7d8841da1294,2021-03,South Yorkshire Police,South Yorkshire Police,-1.377696,53.408702,On or near GRANGE LANE,E01007703,Rotherham 025C,Investigation complete; no suspect identified
70aba853a1abe0f56babd45541e61d89e9bd487ac0550da68326b22125a83afa,2021-03,South Yorkshire Police,South Yorkshire Police,-1.456747,53.596355,On or near REDWOOD AVENUE,E01007435,Barnsley 001B,Unable to prosecute suspect
1d73bd83bf57e9740cc75261741cd1829dbeeb758496b9dfd180fd712ca8e6d1,2021-03,South Yorkshire Police,South Yorkshire Police,-1.377696,53.408702,On or near GRANGE LANE,E01007703,Rotherham 025C,Investigation complete; no suspect identified
b1463dbdb6dea440c6458adbff5eab07ff68eac8c27445be5266c6d97d06c7ac,2021-03,South Yorkshire Police,South Yorkshire Police,-1.326302,53.486275,On or near BRAMELD ROAD,E01007799,Rotherham 003D,Investigation complete; no suspect identified
48a96a732a43362bcdc42f4571f1c84a9114108ae06798ab533a2e779d5bbc34,2021-03,South Yorkshire Police,South Yorkshire Police,-1.362783,53.392921,On or near ST MARY'S DRIVE,E01007701,Rotherham 027D,Unable to prosecute suspect
d11cd5c56f3b4c5e6a8b1dc2555c9c5f2538833bb6162eaa95ce4fc3d5a559e5,2021-03,South Yorkshire Police,South Yorkshire Police,-1.394348,53.535797,On or near ALBA CLOSE,E01007449,Barnsley 023C,Unable to prosecute suspect
b6a9aa4a45f574239a6d6d8a076c8ae1aca89c6d18599bd9d7a30bbcaec9da9c,2021-03,South Yorkshire Police,South Yorkshire Police,-1.488959,53.321608,On or near BECKET ROAD,E01007919,Sheffield 069C,Further action is not in the public interest
7ab59b41e01f0f338d90300edef9f4e10e6bfcaca09792ee705a3f850a8f6cc0,2021-03,South Yorkshire Police,South Yorkshire Police,-1.092999,53.514925,On or near MOORLAND GROVE,E01007526,Doncaster 025D,Unable to prosecute suspect
9926adcd94a89f6112bd6096045d13fbda038d8ed20acb37d7c3507eb48db8e3,2021-03,South Yorkshire Police,South Yorkshire Police,-1.476078,53.466198,On or near SLAIDBURN AVENUE,E01007890,Sheffield 004C,Unable to prosecute suspect
c732cb3f2c4fd012a1700c7f160964a30589f4b64bd321b62867adf02a7cc5ee,2021-03,South Yorkshire Police,South Yorkshire Police,-1.489516,53.360469,On or near EDGE BANK,E01008052,Sheffield 050F,Investigation complete; no suspect identified
3dfd206846ee2ea10ff3dfc672b5d733632a96b27a5c61cda572a0a4d2421862,2021-03,South Yorkshire Police,South Yorkshire Police,-1.149169,53.518251,On or near RAMSDEN ROAD,E01007531,Doncaster 022C,Investigation complete; no suspect identified
3fd9e72022ef7cf9376b0e152f79ca141be65391a5bc677ed0e015f07a56f214,2021-03,South Yorkshire Police,South Yorkshire Police,-1.311419,53.547222,On or near ORCHARD WAY,E01007372,Barnsley 014A,Further action is not in the public interest
f2211e1154c21c6b2311c29397ac3bcf036c90d4cd7dc6d7c47353b2715b2af2,2021-03,South Yorkshire Police,South Yorkshire Police,-1.508952,53.358555,On or near ECCLESALL ROAD SOUTH,E01007937,Sheffield 047E,Investigation complete; no suspect identified
80a338c8fbce1db33148f9bd53961d7bcb31ba26216a6a27b3e93f730752329e,2021-03,South Yorkshire Police,South Yorkshire Police,-1.494755,53.552586,On or near SPRINGFIELD STREET,E01007443,Barnsley 013F,Investigation complete; no suspect identified
482f6e87231186970e9d726b531e3dc16899af317dbbfc4e16e0d19b0663497c,2021-03,South Yorkshire Police,South Yorkshire Police,-1.174017,53.577561,On or near WELLSYKE ROAD,E01007504,Doncaster 009F,Investigation complete; no suspect identified
41677319034c699c8aa1e2b21eb7fd4b4b0a72320abe32c25a200b34e9ae6199,2021-03,South Yorkshire Police,South Yorkshire Police,-1.475943,53.389066,On or near DUN STREET,E01033263,Sheffield 073C,Investigation complete; no suspect identified
5a332c889c16d3eb588eaa080c22c474d83bd26b13aba104bf7ce2b854e6fba8,2021-03,South Yorkshire Police,South Yorkshire Police,-1.481650,53.436641,On or near CRESWICK AVENUE,E01008125,Sheffield 009G,Unable to prosecute suspect
1997d8af539bd723f1ea10f5812ff87cd9c519e3d9ef05eda533c1580a9bd91c,2021-03,South Yorkshire Police,South Yorkshire Police,-1.196680,53.416800,On or near VICTORIA STREET,E01007760,Rotherham 020D,Investigation complete; no suspect identified
75f566545cf4c98a553f62ebd9b0dc224a10f47bf2dbd8394ea0cad99dc38114,2021-03,South Yorkshire Police,South Yorkshire Police,-1.516729,53.364384,On or near GREYSTONES ROAD,E01007934,Sheffield 047B,Unable to prosecute suspect
c9e527d36593d6abd7c9d7c8c8cddb8c341bc2ee668bdb468ff0978790419d01,2021-03,South Yorkshire Police,South Yorkshire Police,-1.390833,53.346218,On or near JERMYN CLOSE,E01033278,Sheffield 076E,Investigation complete; no suspect identified
7f2a7fe5b728a4784854f9eeecfeadf51c54d3cf05f92fe8dca06a163ac42eda,2021-03,South Yorkshire Police,South Yorkshire Police,-1.413559,53.364911,On or near NODDER ROAD,E01008009,Sheffield 045E,Investigation complete; no suspect identified
f5bc1a1c0bcd87ee188e6466405b88f16f0001e43e9c84b9dc08047637bd67ad,2021-03,South Yorkshire Police,South Yorkshire Police,-1.223798,53.414849,On or near LOW LANE,E01007787,Rotherham 028A,Investigation complete; no suspect identified
b77254fb33a42a0352efa77ce7fba66ed5461b7bd598da7c220799e6b0059066,2021-03,South Yorkshire Police,South Yorkshire Police,-1.429599,53.350957,On or near LEADBEATER ROAD,E01008002,Sheffield 054B,Investigation complete; no suspect identified
c2310d2837ec3b336964cc3b02b846ec9cb1037a1215fefb6a5f3122cc64cb4c,2021-03,South Yorkshire Police,South Yorkshire Police,-1.373243,53.433326,On or near Supermarket,E01007716,Rotherham 016B,Investigation complete; no suspect identified
0a56ce313e02d2022081f8211821a9991e67915469e0daa20568577047a70630,2021-03,South Yorkshire Police,South Yorkshire Police,-1.491634,53.547279,On or near THE SQUARE,E01007445,Barnsley 013G,Unable to prosecute suspect
f9e67044e4d7a37cb10b7dca4a2bfae15756465b50c6569364c94db7212c2f32,2021-03,South Yorkshire Police,South Yorkshire Police,-1.499877,53.380333,On or near HIGHNAM CRESCENT ROAD,E01007866,Sheffield 030A,Unable to prosecute suspect
c24ebe22b6bbf9b1d62710f14674b7f55756be0c4b47d91c8869bf6e033794ec,2021-03,South Yorkshire Police,South Yorkshire Police,-1.467241,53.344147,On or near HARVEY CLOUGH ROAD,E01007830,Sheffield 064B,Investigation complete; no suspect identified
10855c919590e00ecca4eebfc718b9a572ba694aa321976510e37b02e97ac7c0,2021-03,South Yorkshire Police,South Yorkshire Police,-1.373243,53.433326,On or near Supermarket,E01007716,Rotherham 016B,Investigation complete; no suspect identified
0d7224b526afdd46b282b74ccb641132f0ea518e05ff32a85592cb70b9601e3e,2021-03,South Yorkshire Police,South Yorkshire Police,-1.510687,53.367155,On or near STAINTON ROAD,E01007935,Sheffield 047C,Investigation complete; no suspect identified
0a99749d498b64cca9e88f8ab37e1fac30b49f16bcb08efc5af3b6db727a652e,2021-03,South Yorkshire Police,South Yorkshire Police,-1.375589,53.534065,On or near GARDEN STREET,E01007352,Barnsley 020E,Investigation complete; no suspect identified
e704f60b15d855c2bc447f854213adcf9831255dbf7acddb2a831e96cef38be9,2021-03,South Yorkshire Police,South Yorkshire Police,-1.364680,53.325065,On or near QUEEN STREET,E01008025,Sheffield 072D,Investigation complete; no suspect identified
9c37f9e37418235dbc5b23cc9b342e0e4f961bd2b8246468706284356f817f43,2021-03,South Yorkshire Police,South Yorkshire Police,-1.180610,53.585768,On or near BORROWDALE CLOSE,E01007472,Doncaster 005D,Unable to prosecute suspect
bf7c25cd15617063634b572a60f901460bd3011ad45d6223b4f6c7d1cc55fa33,2021-03,South Yorkshire Police,South Yorkshire Police,-1.431190,53.362345,On or near CITY ROAD,E01008098,Sheffield 048A,Investigation complete; no suspect identified
32317fd79b32a04868c527d6cfd83c83063e68cd9bb3f13e2e54462c3c2a83ef,2021-03,South Yorkshire Police,South Yorkshire Police,-1.417919,53.389058,On or near BALFOUR ROAD,E01007906,Sheffield 027D,Unable to prosecute suspect
b41d1e9ae5100ab194410822956026c96acd678ee1ede2607716b6c24b028fcf,2021-03,South Yorkshire Police,South Yorkshire Police,-0.963946,53.612160,On or near CHAPEL LANE,E01007639,Doncaster 003D,Unable to prosecute suspect
6244d532ddc24127d593bb3c4c326ef9ce60ac03455c2f65931b6c561b14e79c,2021-03,South Yorkshire Police,South Yorkshire Police,-1.407696,53.409466,On or near Petrol Station,E01007913,Sheffield 018C,Investigation complete; no suspect identified
cbcc7daebc18158b738b9a798a2743f7e7119993ef2258ddac46cf172ce5e760,2021-03,South Yorkshire Police,South Yorkshire Police,-1.451339,53.383571,On or near ST JOHN'S ROAD,E01007885,Sheffield 075E,Investigation complete; no suspect identified
783a5b39ae1e546d39cc6c2062230e5722d5082f8d0ca86187b3cb62a0862354,2021-03,South Yorkshire Police,South Yorkshire Police,-1.591684,53.479242,On or near VICTORIA ROAD,E01008144,Sheffield 001A,Unable to prosecute suspect
64925c756771136fa0106f85eb542135d20894873f704b376d516652b3e2df54,2021-03,South Yorkshire Police,South Yorkshire Police,-1.312785,53.488984,On or near POTTERIES COURT,E01007796,Rotherham 003A,Unable to prosecute suspect
3d595a277e547f44366b6f7f60eeb87b37a8be66dba0e2ad956231ed4affdc85,2021-03,South Yorkshire Police,South Yorkshire Police,-1.436896,53.559707,On or near PONTEFRACT ROAD,E01007402,Barnsley 011B,Investigation complete; no suspect identified
508961ec054906461465d9527f1926bd92cbe1589b5ae1c4e989dd95b72b90c6,2021-03,South Yorkshire Police,South Yorkshire Police,-1.396275,53.416070,On or near NEWMARCH STREET,E01007913,Sheffield 018C,Investigation complete; no suspect identified
a445f154e13e9242aec5d2e19e248a549bed56a39b1a5507ef063bab24dec1ac,2021-03,South Yorkshire Police,South Yorkshire Police,-1.441876,53.554077,On or near GRANGE CRESCENT,E01007405,Barnsley 011D,Offender given a caution
41dbd924fa75ce78522a8bc012fd01510b00d325d8ac2abbac3467deb32d5e2b,2021-03,South Yorkshire Police,South Yorkshire Police,-1.265315,53.419696,On or near HOLMES ROAD,E01007689,Rotherham 022C,Investigation complete; no suspect identified
5d33291436d0f495e083b2febbe956c571088ed3dbb54c3009b83876fc70ed3f,2021-03,South Yorkshire Police,South Yorkshire Police,-1.531244,53.312451,On or near GREEN OAK ROAD,E01007924,Sheffield 071E,Investigation complete; no suspect identified
f6e93063a880303ee19bf052cd22fb8f1b7314f372a40b0ca0b52ff0b4482a5d,2021-03,South Yorkshire Police,South Yorkshire Police,-1.396379,53.427881,On or near THORNTON STREET,E01007745,Rotherham 015E,Investigation complete; no suspect identified
f0a5f1bf4292533e16f920402ecc470d5bfb942ae61db572566cf3dba418a247,2021-03,South Yorkshire Police,South Yorkshire Police,-1.459186,53.394313,On or near BRESSINGHAM CLOSE,E01007874,Sheffield 022A,Investigation complete; no suspect identified
2c2e52a7605f2349160be29f8f16282039fab81dd9cf348345b3f7cd46e3f078,2021-03,South Yorkshire Police,South Yorkshire Police,-1.154848,53.529994,On or near Sports/Recreation Area,E01007584,Doncaster 021A,Investigation complete; no suspect identified
64e6b09e339afc0f22894797e5fa3cf083d0e4cb44bb2e2ca0441c3fa77e41b7,2021-03,South Yorkshire Police,South Yorkshire Police,-1.339463,53.499534,On or near WILLIAM STREET,E01007821,Rotherham 002E,Investigation complete; no suspect identified
b9acae601acafad888112b379b59fd326feb8ba5fff5c522332d435a7e3ca2fe,2021-03,South Yorkshire Police,South Yorkshire Police,-1.529074,53.587035,On or near STATION ROAD,E01007358,Barnsley 005B,Investigation complete; no suspect identified
ffc1564b84ea694fd4463553a065b51eaaee8310a692aaef23aa2117e30db52f,2021-03,South Yorkshire Police,South Yorkshire Police,-1.513419,53.590082,On or near PRINCESS STREET,E01007363,Barnsley 004E,Unable to prosecute suspect
395d768eb254c545facff44eeb13dd7574e9fff112b543a095b23fba4b5df7c0,2021-03,South Yorkshire Police,South Yorkshire Police,-1.508405,53.468771,On or near Petrol Station,E01007421,Barnsley 027A,Investigation complete; no suspect identified
c2700791a76cb45b8b480c687fd229856c075705e05f025c89f6436793fdd50e,2021-03,South Yorkshire Police,South Yorkshire Police,-1.421730,53.348520,On or near SEAGRAVE AVENUE,E01008005,Sheffield 052D,Unable to prosecute suspect
c1165255b935e75e56bfb57e8e775c57b55b9b1a85cbfb4d19b0a10bdb17c9aa,2021-03,South Yorkshire Police,South Yorkshire Police,-1.322805,53.439864,On or near MOWBRAY GARDENS,E01007738,Rotherham 013D,Investigation complete; no suspect identified
fc698331691b05acfffab38499ec8e5fce7130520c18344b44faec2874943c39,2021-03,South Yorkshire Police,South Yorkshire Police,-1.226331,53.350667,On or near SHEFFIELD ROAD,E01007661,Rotherham 032C,Investigation complete; no suspect identified
7aff29ac3f0c6901886e7468e0cd19d2ae95bcaf39af9626a53297e2b46d82bc,2021-03,South Yorkshire Police,South Yorkshire Police,,,No location,,,Investigation complete; no suspect identified
735b0d23d3ef85564400d9c6a724fe3372184b7df45003f7d7e84f672f3e8b0c,2021-03,South Yorkshire Police,South Yorkshire Police,-1.424928,53.366521,On or near MELVILLE DRIVE,E01008013,Sheffield 039C,Investigation complete; no suspect identified
3def6a4744b676c82cdca66132639d277b08d0da7f8b5d0fb96c5b8940b5135e,2021-03,South Yorkshire Police,South Yorkshire Police,-1.501986,53.319335,On or near Petrol Station,E01007917,Sheffield 071B,Investigation complete; no suspect identified
ce483fb48ac7a4b263e6185059515f4096bd24282eb4ce4617da9a87a4805800,2021-03,South Yorkshire Police,South Yorkshire Police,-1.487235,53.561650,On or near CAVENDISH ROAD,E01007409,Barnsley 010D,Investigation complete; no suspect identified
12c2c086a1c8f78deb285a635ff4592355abf2dac8070f205b86ff12c9e03a6a,2021-03,South Yorkshire Police,South Yorkshire Police,-1.276480,53.497660,On or near ADDISON ROAD,E01007578,Doncaster 030B,Investigation complete; no suspect identified
784027658df990d2cfd1e04dcee236609c8c32a54f8cdfc28ad889b659b66f93,2021-03,South Yorkshire Police,South Yorkshire Police,-1.169606,53.535958,On or near COLCHESTER COURT,E01007582,Doncaster 016B,Investigation complete; no suspect identified
909c9ef65bc67a9a0e72a4ec54f3c9353dcbdf3bbbd1d653e318b333d8387837,2021-03,South Yorkshire Police,South Yorkshire Police,-1.412943,53.530982,On or near Sports/Recreation Area,E01007450,Barnsley 023D,Investigation complete; no suspect identified
5000b7de0b8f62d5ba37bb4ebd2d2d8aa8e2394b6f49f8e0cae9b378ad1d72ef,2021-03,South Yorkshire Police,South Yorkshire Police,-1.400130,53.516330,On or near WENTWORTH VIEW,E01007451,Barnsley 026A,Suspect charged
0b4acb84050cd48f214464d775e109ff25e948abef4232b07b78b1a355fc9b8d,2021-03,South Yorkshire Police,South Yorkshire Police,-1.222398,53.349680,On or near Petrol Station,E01007663,Rotherham 032E,Investigation complete; no suspect identified
98d96b5a0bbbaceb17baaa02f485b433eeeda888f8b56eb41f8ff345ceadac6a,2021-03,South Yorkshire Police,South Yorkshire Police,-1.486448,53.331997,On or near GREENHILL AVENUE,E01007823,Sheffield 069A,Investigation complete; no suspect identified
aaf8c097195ea1419ef17af70ba87e98e9a5848360d682ed20e825145b1a1218,2021-03,South Yorkshire Police,South Yorkshire Police,-1.341895,53.341329,On or near CROSS ALLEN ROAD,E01008039,Sheffield 065F,Investigation complete; no suspect identified
03568d15234163d08ef859e4aa16bc04eab970a0ab3073effe56ae0aea451e4a,2021-03,South Yorkshire Police,South Yorkshire Police,-1.437386,53.359704,On or near Supermarket,E01008102,Sheffield 048C,Investigation complete; no suspect identified
50a565cc6cd259fe9034671d4edd6df63d53472ab0da99c78402e49573c693d3,2021-03,South Yorkshire Police,South Yorkshire Police,-1.319640,53.520214,On or near FAR CROFT,E01007364,Barnsley 025A,Unable to prosecute suspect
d49ad120992b59b2d8e78a464ef7c96e38e9ec431035cbce1655a6c7eb16323f,2021-03,South Yorkshire Police,South Yorkshire Police,-1.319640,53.520214,On or near FAR CROFT,E01007364,Barnsley 025A,Unable to prosecute suspect
40fd8026e9059812af09ccbb271065aab77ed4d29c0d21b610aab36af76dc76f,2021-03,South Yorkshire Police,South Yorkshire Police,-1.532432,53.379584,On or near MOORBANK DRIVE,E01007952,Sheffield 033A,Local resolution
4437a068eec8bb97886d173896b6e8e3e90a1e63012c44a1517408eedca8ac0a,2021-03,South Yorkshire Police,South Yorkshire Police,-1.386869,53.449711,On or near WINGFIELD ROAD,E01007730,Rotherham 009C,Further action is not in the public interest
5c873aa64ef88f00c466bf1f54d7c28392bf75c3e47e50e2e80eefc1f8abe65c,2021-03,South Yorkshire Police,South Yorkshire Police,-1.328252,53.428623,On or near TENNYSON ROAD,E01007735,Rotherham 013B,Suspect charged
7f4d0b7ab12b5bc7505ba27806cdd0833aae54e36ade2b86be68d733cab268ff,2021-03,South Yorkshire Police,South Yorkshire Police,-1.355788,53.335292,On or near HARWOOD DRIVE,E01008020,Sheffield 065B,Local resolution
88eaeab5b8cd1f7569b63ed7d1ebbd434a76e0e5f90ae6ff19129fd4006d1f46,2021-03,South Yorkshire Police,South Yorkshire Police,-1.088590,53.528546,On or near APPLEBY ROAD,E01007569,Doncaster 018F,Investigation complete; no suspect identified
8ff3cc8cbb8fb592c5a21f6a2510cc48971cf4befe995d119cc6e600dfbee147,2021-03,South Yorkshire Police,South Yorkshire Police,-1.386679,53.371958,On or near HENDON STREET,E01007909,Sheffield 032C,Investigation complete; no suspect identified
e31cf7e10418905376aa72a00db3c2c7bfa7f1668aae999a7aa4a8b7fc204599,2021-03,South Yorkshire Police,South Yorkshire Police,-1.146810,53.497569,On or near Hospital,E01007502,Doncaster 028C,Unable to prosecute suspect
62d5d1707e02ea7ed1bf9624cb41277e5a81ab2bb9959d74b20031b5381961bd,2021-03,South Yorkshire Police,South Yorkshire Police,-1.175600,53.547433,On or near ASHTON AVENUE,E01007518,Doncaster 012D,Offender given a caution
91fc91ad0926e90256fe1598de26bb3b7440ebc80559cad11842d61b3696c51e,2021-03,South Yorkshire Police,South Yorkshire Police,-1.146810,53.497569,On or near Hospital,E01007502,Doncaster 028C,Unable to prosecute suspect
0334eb4685d92e3a6b6ebb0bdb3e383438176835ca6956ae295f67b90f91da18,2021-03,South Yorkshire Police,South Yorkshire Police,-1.448192,53.568676,On or near SILVERDALE DRIVE,E01007406,Barnsley 009E,Investigation complete; no suspect identified
7189f876d6fa07ecaf692bff5f4c0eb1b14e57d380153bdb83dcb27c101203cd,2021-03,South Yorkshire Police,South Yorkshire Police,-1.433901,53.394798,On or near OTTER STREET,E01033269,Sheffield 022G,Investigation complete; no suspect identified
ea978e840b7b5f3fe9384f79fc88b35c95c01ec1efd09888a8fcaaebfcfc3479,2021-03,South Yorkshire Police,South Yorkshire Police,-1.195822,53.586536,On or near HAWTHORNE CRESCENT,E01007469,Doncaster 005B,Investigation complete; no suspect identified
5f7cd0e3bbb21d5151cc1cd6d0705c9608a469ff492bc967ab5b93b6bc8b1b4d,2021-03,South Yorkshire Police,South Yorkshire Police,-1.459425,53.542742,On or near BRACKEN COURT,E01007416,Barnsley 018D,Local resolution
f6987c52034d6b22acc037cd2d8c799040202638d9963a50f3a72fb6d18326ab,2021-03,South Yorkshire Police,South Yorkshire Police,-1.367026,53.408017,On or near Petrol Station,E01007704,Rotherham 025D,Investigation complete; no suspect identified
67d23ef14b7b26f7769b2b8f8ae35ec19b964fffcac374238cd1bc3e703cc9e2,2021-03,South Yorkshire Police,South Yorkshire Police,-1.469164,53.399760,On or near COOKS WOOD ROAD,E01007870,Sheffield 019A,Investigation complete; no suspect identified
fc3dcd1f5c795dd4e4508d0e6bf83f2a83ba6e3e7ad8fca14d969b0fdfdec4e2,2021-03,South Yorkshire Police,South Yorkshire Police,-1.367026,53.408017,On or near Petrol Station,E01007704,Rotherham 025D,Investigation complete; no suspect identified
8b81e5f3afe2bbd0a20eb78cbf9b5c4bfc7eda31502732a18bad7e4db0fef006,2021-03,South Yorkshire Police,South Yorkshire Police,-1.561919,53.478363,On or near STATION ROAD,E01008143,Sheffield 002B,Investigation complete; no suspect identified
1030aa35df3e6b29a22dcb587ec29cb1fc94682073b26e835b850030d8323bad,2021-03,South Yorkshire Police,South Yorkshire Police,-1.411542,53.583027,On or near MONTAGUE STREET,E01007342,Barnsley 003C,Offender given a caution
d1fc15e4ce74377441a715d99a2dc894f4f5b48df4fb25acf7725a641f489513,2021-03,South Yorkshire Police,South Yorkshire Police,-1.439968,53.406871,On or near UPWELL HILL,E01007877,Sheffield 022D,Investigation complete; no suspect identified
918eae7c226c1c1a65d7e12ce4406e8f40622fc12e2ae4a6d55b1b711d47d2ed,2021-03,South Yorkshire Police,South Yorkshire Police,-1.527278,53.346773,On or near ALMS HILL CRESCENT,E01007927,Sheffield 055A,Investigation complete; no suspect identified
9638255b0f11a3b6feb0cc66decb8f45d50f118527d127267304f26fbac4971e,2021-03,South Yorkshire Police,South Yorkshire Police,-1.541521,53.581501,On or near BEAUMONT ROAD,E01007360,Barnsley 005D,Investigation complete; no suspect identified
4fa4708319692b625d1474b1120163ca899e6a5a26e602f656df0359ed0f3aa4,2021-03,South Yorkshire Police,South Yorkshire Police,-1.010225,53.491401,On or near HARRIER COURT,E01007599,Doncaster 026A,Unable to prosecute suspect
576f6654a22d1d5cacce129d892ed477929204ae4d5571d36bc6050151148e04,2021-03,South Yorkshire Police,South Yorkshire Police,-1.446345,53.357140,On or near DARESBURY PLACE,E01008103,Sheffield 048D,Investigation complete; no suspect identified
cdf1b0e9878cbb6cc056a406a005fcf6ff48e732d4d11e6cb1316ebf4f0a2555,2021-03,South Yorkshire Police,South Yorkshire Police,-1.461586,53.359025,On or near JEFFERY STREET,E01007976,Sheffield 051B,Investigation complete; no suspect identified
1fe38da4305b81c638daa72803b8326ae746f47e0b6227f97b51dfe3bcfa9d77,2021-03,South Yorkshire Police,South Yorkshire Police,-1.431694,53.411452,On or near BEACON ROAD,E01007855,Sheffield 014F,Unable to prosecute suspect
bb9f411719c77ab6a2fafe092e043a6cb9d5e4ae1f6e693a909aac1c06333c5b,2021-03,South Yorkshire Police,South Yorkshire Police,-1.213498,53.352507,On or near WINBERRY AVENUE,E01007660,Rotherham 032B,Investigation complete; no suspect identified
2f4c72dad307281863e0cb02d0cb3464a95f466373f1249f5fe6cccc63ae87c9,2021-03,South Yorkshire Police,South Yorkshire Police,-1.455858,53.499626,On or near FEARNLEY ROAD,E01007397,Barnsley 028B,Unable to prosecute suspect
dfdb7581b0a05656a841f8610189d361485c6d4d85f1b2ffdbd752a4058b9500,2021-03,South Yorkshire Police,South Yorkshire Police,-1.485358,53.544573,On or near PARK ROAD,E01007415,Barnsley 013C,Unable to prosecute suspect
074c77dba54de86cd67abab7a10eaf22e0cfdeb3f6be71429f193a9f57b76552,2021-03,South Yorkshire Police,South Yorkshire Police,-1.439120,53.437078,On or near BELLHOUSE ROAD,E01008055,Sheffield 007C,Further action is not in the public interest
ac27c8c281dc19f91f454992a0370ca251861af4608eba5640b42897ba4a6341,2021-03,South Yorkshire Police,South Yorkshire Police,-1.375618,53.449977,On or near WOODSIDE WALK,E01007729,Rotherham 009B,Unable to prosecute suspect
8425e2cec79c14cb53b6d3203d5bf4884c5db64656ff3854959f4c6541402cc7,2021-03,South Yorkshire Police,South Yorkshire Police,-1.475172,53.352650,On or near CLIFFE VIEW ROAD,E01007985,Sheffield 053E,Unable to prosecute suspect
93773281d3878ac494ae71ee1d79e218e7b61cb657b08cc045c8cdf11ad088b6,2021-03,South Yorkshire Police,South Yorkshire Police,-1.137996,53.516634,On or near BOND CLOSE,E01007532,Doncaster 023B,Unable to prosecute suspect
95ae117566905ceb24041c70bcdece1cdd8226429e80e8535e2100203f29dc58,2021-03,South Yorkshire Police,South Yorkshire Police,-1.136305,53.519713,On or near A630,E01007532,Doncaster 023B,Unable to prosecute suspect
3018e75a540b7a881584e3ca25a8a242fadd7c56f58a4107eec78d9d72a46af9,2021-03,South Yorkshire Police,South Yorkshire Police,-1.244273,53.480310,On or near CEDRIC AVENUE,E01007538,Doncaster 035B,Unable to prosecute suspect
98cc4ae3c488b94f4e3caba8465977cd9c5ace6d194f0a41675e651c4a459cb1,2021-03,South Yorkshire Police,South Yorkshire Police,-1.143484,53.512997,On or near ST JAMES' GARDENS,E01007533,Doncaster 023C,Investigation complete; no suspect identified
bcc8fa14dc536c1b67ba5d84559742f03a8153b1584946f294f865d7e9426626,2021-03,South Yorkshire Police,South Yorkshire Police,-1.471071,53.562452,On or near PEEL PLACE,E01032550,Barnsley 010G,Unable to prosecute suspect
4fe6d0007a69f284fe4da890bb0eb76825722a916193e50d7f9aee097702bf2f,2021-03,South Yorkshire Police,South Yorkshire Police,-1.190157,53.421960,On or near BERESFORD ROAD,E01007764,Rotherham 020F,Further action is not in the public interest
12f0b5ed274bf9fdf5cf20411e76bc45f0997b6bcabc2b5f3a02d81450779ecf,2021-03,South Yorkshire Police,South Yorkshire Police,-1.378852,53.510019,On or near KNOLL BECK CRESCENT,E01007694,Rotherham 001B,Local resolution
3f5cf38cc4674b184c316aa78a8c0ae3ff12f4623f0ea8cb6639d8d9110f85db,2021-03,South Yorkshire Police,South Yorkshire Police,-1.400451,53.517105,On or near ELLIOTT AVENUE,E01007451,Barnsley 026A,Suspect charged
3c16e093deaf0d59a261844e13b7c60992760410419482dfdf22c0314a4f630f,2021-03,South Yorkshire Police,South Yorkshire Police,-1.150523,53.616407,On or near POOL AVENUE,E01007489,Doncaster 002C,Unable to prosecute suspect
db600abf6756c39fed5520ba610c4ff30bae8f4dbfa77b009f9c3e3dc6584f0c,2021-03,South Yorkshire Police,South Yorkshire Police,-1.149169,53.518251,On or near RAMSDEN ROAD,E01007531,Doncaster 022C,Investigation complete; no suspect identified
91f090c3bb0b96a9d97bdb440f09acab90e7cff1a1fa51667130267199c9d57b,2021-03,South Yorkshire Police,South Yorkshire Police,-1.478897,53.384809,On or near EDWARD STREET,E01033276,Sheffield 073E,Investigation complete; no suspect identified
93d8cc14c80e966f1e1bb9fe279d1cf07d78d8cade7945757da951f759671bec,2021-03,South Yorkshire Police,South Yorkshire Police,-1.470761,53.388603,On or near ALMA STREET,E01033262,Sheffield 073B,Investigation complete; no suspect identified
e1af13441bdb87b4db8dcd78a5e7bf52740ecdb3dc98eebaea07e3d7651e03e1,2021-03,South Yorkshire Police,South Yorkshire Police,-1.383795,53.347862,On or near DYKE VALE AVENUE,E01033279,Sheffield 076F,Unable to prosecute suspect
0bc8db25057adcd68a28c6d4fd42580f16bba14bc1b57976e35a560745d7bc93,2021-03,South Yorkshire Police,South Yorkshire Police,-1.402668,53.523560,On or near CEMETERY ROAD,E01007448,Barnsley 023B,Investigation complete; no suspect identified
b71fe11b25e2ed1e5c4a06322e5386b3bba276fdf8254ccb3c62ba9d788fb4bf,2021-03,South Yorkshire Police,South Yorkshire Police,-1.418701,53.514759,On or near ROCKLEY AVENUE,E01007452,Barnsley 026B,Investigation complete; no suspect identified
58ad42cbe313c5a165b492be7cf14bf8c2a5fdaf613a6b01a951430781fe55cb,2021-03,South Yorkshire Police,South Yorkshire Police,-1.151037,53.508565,On or near EARLESMERE AVENUE,E01007535,Doncaster 023D,Investigation complete; no suspect identified
60f10d1718163a00c5351972af07f12fded92627abd57be1f9647a9691e95212,2021-03,South Yorkshire Police,South Yorkshire Police,-0.963166,53.616827,On or near LIME TREE GROVE,E01007636,Doncaster 003A,Unable to prosecute suspect
217802c2c2e84517d87927329c1c58f7f3d34927d482fa73bfc7613f9a318f44,2021-03,South Yorkshire Police,South Yorkshire Police,-1.402668,53.523560,On or near CEMETERY ROAD,E01007448,Barnsley 023B,Investigation complete; no suspect identified
2e91156d09e2e01afa2bb2386cbb6d08b4f338eb3767e5811d67adb6922eb4e1,2021-03,South Yorkshire Police,South Yorkshire Police,-1.200312,53.369148,On or near LEICESTER ROAD,E01007791,Rotherham 029F,Investigation complete; no suspect identified
10e1d61e83e7071179c1dbbc2359fc7c6c8d0375dfa618fb4a2fb50c2c969322,2021-03,South Yorkshire Police,South Yorkshire Police,-1.113996,53.527011,On or near IMPERIAL CRESCENT,E01007649,Doncaster 019E,Investigation complete; no suspect identified
2d340272b674218158d8653f6ebe0788eff536ba1223fa5046362679fe720c34,2021-03,South Yorkshire Police,South Yorkshire Police,-1.530847,53.540059,On or near DODWORTH GREEN ROAD,E01007384,Barnsley 019C,Investigation complete; no suspect identified
1d558570be0550f18125cade90884fb805d03fe30f42d0c18d29077dde259b90,2021-03,South Yorkshire Police,South Yorkshire Police,-1.327464,53.437527,On or near DENE ROAD,E01007738,Rotherham 013D,Offender given a caution
81fa5d664c68d11de352b37025376fce49fe35b471401d0d339378323daa6186,2021-03,South Yorkshire Police,South Yorkshire Police,-1.326668,53.438385,On or near NORTH ROAD,E01007738,Rotherham 013D,Local resolution
0e797a8b35582fc80fadd0f64dfc66935c18f5a7c1a9acc5e29327ccfa9ab665,2021-03,South Yorkshire Police,South Yorkshire Police,-1.444799,53.410211,On or near LAUDER STREET,E01007944,Sheffield 022F,Unable to prosecute suspect
46053fe86ff5f9048de61a2d4f8b64f47d4d909e1337f3c4fe02b401e3a525ff,2021-03,South Yorkshire Police,South Yorkshire Police,-1.137996,53.516634,On or near BOND CLOSE,E01007532,Doncaster 023B,Suspect charged
4a8de4b7e71031925b3899dc3c616b49c7a5ad246251930015bd3f68af9ff12f,2021-03,South Yorkshire Police,South Yorkshire Police,-0.945604,53.635469,On or near HAIG ROAD,E01007633,Doncaster 001B,Unable to prosecute suspect
1a8db353bbc36e113af8b818b717c305ded84029eadc64c2e0d92aa536128b35,2021-03,South Yorkshire Police,South Yorkshire Police,-1.077703,53.478997,On or near WEST END LANE,E01007592,Doncaster 037B,Investigation complete; no suspect identified
65d942cb59c56070d0d7436fcc091f3604166a9792bd693d44eed0e1b9eb5b11,2021-03,South Yorkshire Police,South Yorkshire Police,-1.462675,53.548213,On or near BARNSBRIDGE GROVE,E01007337,Barnsley 015D,Offender given a caution
804d3f14546bb233ecfe490cd612859f549989e77d2f2198d0dc6dbb7b06c56d,2021-03,South Yorkshire Police,South Yorkshire Police,-1.406795,53.566087,On or near BIRKWOOD AVENUE,E01007341,Barnsley 008A,Unable to prosecute suspect
b9d81f6154065fcad6ccae193b64ff7331b8de3ccfa8046c973006ccee2f0c41,2021-03,South Yorkshire Police,South Yorkshire Police,-1.408086,53.526554,On or near JOHN STREET,E01007448,Barnsley 023B,Unable to prosecute suspect
be64af337918cf468cbd886f77811fed11aa57ac55cff8ea58ae7b0030cffa43,2021-03,South Yorkshire Police,South Yorkshire Police,-1.072782,53.469009,On or near RAGUSA DRIVE,E01007597,Doncaster 037E,Investigation complete; no suspect identified
db0f7e7970ce4ecdccaf7b05db89dc64781527cf7fa4e7b4429cff05a170ee48,2021-03,South Yorkshire Police,South Yorkshire Police,-1.194156,53.419767,On or near MUGLET LANE,E01007760,Rotherham 020D,Unable to prosecute suspect
47e202f7af6a3f2622a47d21a8915396a723db8615b53912b68348da4d5fb0a8,2021-03,South Yorkshire Police,South Yorkshire Police,-1.388434,53.450879,On or near TEESDALE ROAD,E01007730,Rotherham 009C,Unable to prosecute suspect
8dd8c6005f6a0ad3b862d3c991786d29c75ac909d23f1e49118ae5de36b1c6f0,2021-03,South Yorkshire Police,South Yorkshire Police,-1.388434,53.450879,On or near TEESDALE ROAD,E01007730,Rotherham 009C,Unable to prosecute suspect
44aaa3a5b06ab39d71e01afe9435270f61d656d794a1f44f5859dbb09a8d5456,2021-03,South Yorkshire Police,South Yorkshire Police,-1.062788,53.474099,On or near SMILLIE ROAD,E01007591,Doncaster 036A,Unable to prosecute suspect
437b511be59be948b88d307182c7602281c9d5ac89448876d746ff608b5f18e7,2021-03,South Yorkshire Police,South Yorkshire Police,-1.361679,53.395414,On or near ORCHARD CLOSE,E01007699,Rotherham 027B,Investigation complete; no suspect identified
f73c09916adfb90200abf41f0858b1ce37c4ff65fe7b4c9f0d270722cb73c84f,2021-03,South Yorkshire Police,South Yorkshire Police,-1.475622,53.429891,On or near MILNROW CRESCENT,E01008119,Sheffield 009F,Investigation complete; no suspect identified
f8eb3ab8ea70cfc5e8f537be446df073d73afa4d356fe37c25d23e9fe58fbe61,2021-03,South Yorkshire Police,South Yorkshire Police,-1.026344,53.592396,On or near EMERSON AVENUE,E01007629,Doncaster 004E,Unable to prosecute suspect
7d2f93f1b9195cee8e0be9982359a59f61b506b37b56a5dbdfb36fbd19aa038a,2021-03,South Yorkshire Police,South Yorkshire Police,-1.358859,53.319812,On or near HALLSIDE COURT,E01032585,Sheffield 072E,Local resolution
5fea8e82a907dc5408eee1101c6966e3004f8e0c80b6a01ce05acebb9bc085dd,2021-03,South Yorkshire Police,South Yorkshire Police,-1.353363,53.331809,On or near MEADOWCROFT GARDENS,E01008022,Sheffield 065C,Unable to prosecute suspect
84cca446dd98788a4e0ef96307f43623e4fc3aca0b8b284915eb36db8e9dbbed,2021-03,South Yorkshire Police,South Yorkshire Police,-1.433837,53.407526,On or near BIRDWELL ROAD,E01007855,Sheffield 014F,Unable to prosecute suspect
be2d3e3c7a08c79d8fcfe85ddb0a7d1382b67ae431c1982caa89dcec0da66479,2021-03,South Yorkshire Police,South Yorkshire Police,,,No location,,,Investigation complete; no suspect identified
ad143264ac7672199119e0e188f5288ead6338838e4071c8874c5d2d5272cab3,2021-03,South Yorkshire Police,South Yorkshire Police,,,No location,,,Unable to prosecute suspect
e17edf72c736c6ab6c9868d53b2879a0e4b5883df340db97067cda51755d324c,2021-03,South Yorkshire Police,South Yorkshire Police,-0.973602,53.543659,On or near BLENHEIM ROAD,E01007557,Doncaster 008B,Investigation complete; no suspect identified
5b53cff150b2ec5701ce723798767d221cea31c8300b41289661349c6588bfde,2021-03,South Yorkshire Police,South Yorkshire Police,-1.550414,53.530499,On or near HOUSE CARR LANE,E01007419,Barnsley 016B,Investigation complete; no suspect identified
a2d6fc8266af948b6fe77df99fcdb0d86cabfe30e38e133052d79566bf85a97c,2021-03,South Yorkshire Police,South Yorkshire Police,-1.079926,53.506457,On or near SINCIL WAY,E01007524,Doncaster 025C,Investigation complete; no suspect identified
4bba8963b34061cef7674a003a608ac36d1f62f4b9b3aee4d0738fa2401d54c8,2021-03,South Yorkshire Police,South Yorkshire Police,-1.335559,53.425186,On or near Sports/Recreation Area,E01007767,Rotherham 017C,Investigation complete; no suspect identified
57929e7ae363d93a57c5463d00a20be572a59294bdc764c2440b60d56a88dfdc,2021-03,South Yorkshire Police,South Yorkshire Police,-1.353363,53.331809,On or near MEADOWCROFT GARDENS,E01008022,Sheffield 065C,Unable to prosecute suspect
e68f6e600a1e74dc92c13b0f1a2e17766e192683f1f4d85ed4c9774296799d2d,2021-03,South Yorkshire Police,South Yorkshire Police,-1.489576,53.552753,On or near WHARNCLIFFE STREET,E01007443,Barnsley 013F,Investigation complete; no suspect identified
d90cbcc35661c189dfe9d80299e7538d48a2aeecda0eb27ec211b4c59b863223,2021-03,South Yorkshire Police,South Yorkshire Police,-1.464773,53.350482,On or near LEES HALL ROAD,E01007984,Sheffield 064D,Unable to prosecute suspect
dce7d74664cc1b979ab3c8308b605c28ae0550a84093cb2b3323118a1e8dae16,2021-03,South Yorkshire Police,South Yorkshire Police,,,No location,,,Unable to prosecute suspect
ffdd3e853c09cedfcae6c919c8358e89f1407cfeb736f449378d5d34e6839a13,2021-03,South Yorkshire Police,South Yorkshire Police,-1.456042,53.409750,On or near Hospital,E01007942,Sheffield 020D,Suspect charged
6c2e476b6f122a9ca9cd0e0440a08159a21a5a5ff1fe482c014be2ea4b6c25b3,2021-03,South Yorkshire Police,South Yorkshire Police,-1.446461,53.345859,On or near GAUNT WAY,E01008075,Sheffield 060B,Suspect charged
a4ccdcf3e950108d8ad4004bf0b5afb04c3efd1af0641620f7083ba27be7bf62,2021-03,South Yorkshire Police,South Yorkshire Police,-1.471833,53.543678,On or near SHEFFIELD ROAD,E01007414,Barnsley 017D,Investigation complete; no suspect identified
13c67add585d27f38746f4868c43834524941a376f611842ff698e6ff20fbccc,2021-03,South Yorkshire Police,South Yorkshire Police,-1.431613,53.374652,On or near MANOR PARK RISE,E01008015,Sheffield 039D,Unable to prosecute suspect
8d3602714bb2d469f8c44ce23344f251aa78828b1cc6ac9ba52f9133a640866f,2021-03,South Yorkshire Police,South Yorkshire Police,,,No location,,,Action to be taken by another organisation
b140c18c1a1f8428d50a83fb20fcacde322e34ae03f46600bbb4cbfa599b5ff5,2021-03,South Yorkshire Police,South Yorkshire Police,-1.345544,53.504062,On or near Supermarket,E01007822,Rotherham 002F,Investigation complete; no suspect identified
209100588287e38f6ef79ec03e53b4065d299edcdfdcc43b2ccd34971cae631c,2021-03,South Yorkshire Police,South Yorkshire Police,-1.446461,53.345859,On or near GAUNT WAY,E01008075,Sheffield 060B,Unable to prosecute suspect
bb0c3e6c4bd6b595c3faacaef4827c6bdb4ddcd77e8fbb2fb6efe56c57c8e82f,2021-03,South Yorkshire Police,South Yorkshire Police,-1.456042,53.409750,On or near Hospital,E01007942,Sheffield 020D,Suspect charged
6787410b4a8810e22ccd56d46595feb1ce1e194f9040788727ea89010dd83a8b,2021-03,South Yorkshire Police,South Yorkshire Police,-1.470829,53.575772,On or near ASTON DRIVE,E01007326,Barnsley 007D,Unable to prosecute suspect
d1dbb8189c69891510144d09d4a1761a47e491a4a78a70616560705cc43ea912,2021-03,South Yorkshire Police,South Yorkshire Police,-1.433901,53.394798,On or near OTTER STREET,E01033269,Sheffield 022G,Investigation complete; no suspect identified
8a16c32935966abe99244364b66a4fb206c402611941c7ddc9f51a1be9dd2c8f,2021-03,South Yorkshire Police,South Yorkshire Police,-1.489044,53.417536,On or near HALLIWELL CRESCENT,E01008092,Sheffield 012D,Suspect charged
9b6474d4143cc83817566671653d19ecb1c317e360c4ab44206d59374e5f6154,2021-03,South Yorkshire Police,South Yorkshire Police,-1.194480,53.419365,On or near SOMERSET STREET,E01007760,Rotherham 020D,Local resolution
129f87936421dacdc03b9b2f5c862c8106eaea3a834d6cbbc95cbe96df53f14a,2021-03,South Yorkshire Police,South Yorkshire Police,-1.233377,53.479531,On or near BARTON PLACE,E01007536,Doncaster 032A,Further action is not in the public interest
aea9d740074cb321148155e5a65ccf5e16cf74dbfe3b6f8e760f44f6ebf73ef2,2021-03,South Yorkshire Police,South Yorkshire Police,-1.410876,53.529857,On or near SADLER'S GATE,E01007450,Barnsley 023D,Investigation complete; no suspect identified
0d67588707685191c37c6393d8ec1284aa2a63b0bc2967fc9d44cec1364e3074,2021-03,South Yorkshire Police,South Yorkshire Police,-1.020693,53.581303,On or near HAMPTON ROAD,E01007563,Doncaster 006F,Unable to prosecute suspect
d0621042d947503324d581d42abf99bb4d97ecfb4f789d6eee7a62a6ac9a2d78,2021-03,South Yorkshire Police,South Yorkshire Police,-1.305899,53.472216,On or near SPRINGFIELD ROAD,E01007777,Rotherham 004A,Investigation complete; no suspect identified
ec6d543e011187d8f300bc9e932fa9eabeaf84b6f290ccce13a7bd8b88c930a8,2021-03,South Yorkshire Police,South Yorkshire Police,-1.287001,53.496860,On or near WELLINGTON STREET,E01007571,Doncaster 031A,Local resolution
aba378a806224d94bde88fb5e2ee0dc33ed597e399f33b6c5714be51b3451355,2021-03,South Yorkshire Police,South Yorkshire Police,-1.439616,53.367230,On or near Petrol Station,E01008097,Sheffield 043C,Unable to prosecute suspect
0c8d2db4055ed50794861ad59a53456d73a0d040843f7163890dca6c33878223,2021-03,South Yorkshire Police,South Yorkshire Police,-1.131941,53.519960,On or near Parking Area,E01007645,Doncaster 022E,Suspect charged
1600c604cc01215b3292c8bfc0018085527cd2af90a4e9d92b1eba9effe61b46,2021-03,South Yorkshire Police,South Yorkshire Police,-1.480322,53.496122,On or near FENN ROAD,E01007424,Barnsley 028E,Unable to prosecute suspect
59e191c231bcd5d99714526d2adeb18f1db08ce651c83711387a985aada42968,2021-03,South Yorkshire Police,South Yorkshire Police,-1.364749,53.329551,On or near WESTFIELD CRESCENT,E01008024,Sheffield 072C,Unable to prosecute suspect
b1375194a273a3cc539cb4fe2cfe9e4a8724cd2471a8fd764cde1dbd6b8c913c,2021-03,South Yorkshire Police,South Yorkshire Police,-1.392273,53.437200,On or near WILDING WAY,E01007741,Rotherham 015A,Investigation complete; no suspect identified
6a62b0dfc6f49f6a4fc4d90ebb1a6b5429380d1760cc036f274a57a1b2bfe074,2021-03,South Yorkshire Police,South Yorkshire Police,-1.187553,53.486716,On or near SHAW ROAD,E01007545,Doncaster 034A,Investigation complete; no suspect identified
c074d3619d5105f7bd99a4f4a5970bb8053234fd6b1292e8cb91b47ab39cd9e4,2021-03,South Yorkshire Police,South Yorkshire Police,-1.411764,53.363185,On or near WOODTHORPE ROAD,E01008009,Sheffield 045E,Further action is not in the public interest
43b8e13d9f2d04c1a87f53847450b0b916f39dcf3068c1db0d57189b1c5ba8e8,2021-03,South Yorkshire Police,South Yorkshire Police,-1.115385,53.531291,On or near FERRERS ROAD,E01007654,Doncaster 019F,Unable to prosecute suspect
38605b231a5ff989fd792f2e3d5885d5f484410b8fe60d4431d0db192fb26aa9,2021-03,South Yorkshire Police,South Yorkshire Police,-1.460120,53.596065,On or near CROFT AVENUE,E01007435,Barnsley 001B,Unable to prosecute suspect
f53c8062d997dc628209571c0c3a97cdec9fff6511914479ae00296668116cb4,2021-03,South Yorkshire Police,South Yorkshire Police,-1.482698,53.375046,On or near HANOVER STREET,E01008114,Sheffield 074A,Unable to prosecute suspect
7c4e7839a655766824e4ae9a3df55a45b1c1b8665fff1801cfe16da4039d80bb,2021-03,South Yorkshire Police,South Yorkshire Police,-1.323183,53.431264,On or near SHERIDAN DRIVE,E01007739,Rotherham 013E,Action to be taken by another organisation
b9f34106c2ffd2f89060f66d0f286d027650baf2949e5b1f7ae0b61145149fae,2021-03,South Yorkshire Police,South Yorkshire Police,-1.345010,53.455539,On or near TERRACE ROAD,E01007784,Rotherham 008D,Suspect charged
6f1bff0557d22037ba5fe7f1063ea33e917555cde1c4909977a08741e627f270,2021-03,South Yorkshire Police,South Yorkshire Police,-0.942141,53.630018,On or near ELDON GROVE,E01007633,Doncaster 001B,Investigation complete; no suspect identified
fa1b0614f71007f805fe0f26742f07461f1c47ca2056e0b3ea1f5916abcbc1a3,2021-03,South Yorkshire Police,South Yorkshire Police,-1.479108,53.371193,On or near CLIFF STREET,E01033271,Sheffield 040E,Unable to prosecute suspect
591bf16394b7c4139d3f6130d4fed0dd0522d71a15e54f886410c3d4e3fc0678,2021-03,South Yorkshire Police,South Yorkshire Police,-1.445514,53.372551,On or near ESSEX ROAD,E01007882,Sheffield 075D,Unable to prosecute suspect
98ef250554d5630916a5844a020db69397c1c8c2b4a7f0b894ec9b59fbfb48aa,2021-03,South Yorkshire Police,South Yorkshire Police,-1.467815,53.416293,On or near PIPER CLOSE,E01007945,Sheffield 015B,Investigation complete; no suspect identified
db265e6bd6f4a9b8ab509d00b6ec5900fb9f6303b2064df4bfdada61b38d0ae3,2021-03,South Yorkshire Police,South Yorkshire Police,-1.455537,53.422233,On or near Supermarket,E01008063,Sheffield 011B,Offender given a drugs possession warning
0b4f126612a56a67612f845c3d952e323b75b7e89c21d8024b221939b83e40cb,2021-03,South Yorkshire Police,South Yorkshire Police,-1.535036,53.394470,On or near WOOD LANE,E01008131,Sheffield 023C,Unable to prosecute suspect
36b64dc85ced498fd9a0853228fa55a3512b98039a8ef444b16a0ea441f9c869,2021-03,South Yorkshire Police,South Yorkshire Police,-1.579095,53.480052,On or near ASH LANE,E01008143,Sheffield 002B,Investigation complete; no suspect identified
8b5e0c75dc3a61f15d57b621e6bf951042598ca97ab4e1557d1fa3c7ce0742f5,2021-03,South Yorkshire Police,South Yorkshire Police,-1.491388,53.582899,On or near BAR LANE,E01007362,Barnsley 004D,Investigation complete; no suspect identified
b4532dc5ccbda1f1251c48c2ac47a1e616b7a912165187473960faac78326d94,2021-03,South Yorkshire Police,South Yorkshire Police,-1.467584,53.344301,On or near HARVEY CLOUGH MEWS,E01007830,Sheffield 064B,Investigation complete; no suspect identified
0ab45182fdd4d8b56635539db4e481fbe6e11feeb3f923e4d6d8109e8168564d,2021-03,South Yorkshire Police,South Yorkshire Police,-1.423399,53.571948,On or near FIRTH AVENUE,E01007344,Barnsley 011A,Unable to prosecute suspect
b7d617c6e66f30e42abed20fbd96cc519008610c22616dd6e84743db81fd4f4b,2021-03,South Yorkshire Police,South Yorkshire Police,-1.473674,53.418197,On or near SOUTHEY HALL DRIVE,E01007946,Sheffield 015C,Unable to prosecute suspect
7f24a8bd5db8a547e4a27322cc1e70077198834c20509f29e2d374cec6e44dbc,2021-03,South Yorkshire Police,South Yorkshire Police,-1.119642,53.498441,On or near Petrol Station,E01007495,Doncaster 028A,Investigation complete; no suspect identified
79f25fa9edb05556074862187f75a304b41659ee370130ec931c2d26c8e0bf37,2021-03,South Yorkshire Police,South Yorkshire Police,-1.380816,53.434184,On or near Pedestrian Subway,E01007715,Rotherham 016A,Unable to prosecute suspect
7ee2c2ed36bb4215666caae0cffa850c8f5982ee211bfab947abb52a53993a15,2021-03,South Yorkshire Police,South Yorkshire Police,-1.017170,53.436114,On or near GRESLEY AVENUE,E01007609,Doncaster 038B,Suspect charged
571eced808906c865a7d413a2ff3a7de939832e5c61dcc71bd33dfdc3d433c88,2021-03,South Yorkshire Police,South Yorkshire Police,-1.317429,53.545180,On or near KINGSWAY,E01007375,Barnsley 014D,Unable to prosecute suspect
461284075758a700a6368bd57d39ef4fcce4baabbf1de28512e64655ebb7246a,2021-03,South Yorkshire Police,South Yorkshire Police,-1.113205,53.537441,On or near RIPON AVENUE,E01007651,Doncaster 015C,Unable to prosecute suspect
53b5ee79d0e594a6818d25cf8647a27fdf84143b45c0ce3834829bdafdef8f6a,2021-03,South Yorkshire Police,South Yorkshire Police,-1.334477,53.441521,On or near CHESTERTON ROAD,E01007736,Rotherham 014A,Investigation complete; no suspect identified
0af7a5acbc4ff3727dea73f98fb813ae12534d87b881292088bc01f241c3a9ae,2021-03,South Yorkshire Police,South Yorkshire Police,-1.044391,53.535113,On or near WALBANK ROAD,E01007484,Doncaster 017B,Action to be taken by another organisation
ae958cd693581614a7209f0ec16d68274a7073b5c2fd2a66d78e20de26a61dd4,2021-03,South Yorkshire Police,South Yorkshire Police,-1.299092,53.447377,On or near WEST VALE GROVE,E01007719,Rotherham 010A,Investigation complete; no suspect identified
e56f2e5918f954198bcdf99673648939bc7145fd101b044fed3ff514486191a3,2021-03,South Yorkshire Police,South Yorkshire Police,-1.488202,53.383654,On or near DART SQUARE,E01008068,Sheffield 026B,Unable to prosecute suspect
27b5ae261cd8311b7005603a570c032547366ac3569240421a9e9251ec1e5347,2021-03,South Yorkshire Police,South Yorkshire Police,-1.456042,53.409750,On or near Hospital,E01007942,Sheffield 020D,Investigation complete; no suspect identified
f21cfa413cceff6338792fef7beaf242f407291b02e7092547dc76ea39321fbc,2021-03,South Yorkshire Police,South Yorkshire Police,-1.372533,53.389530,On or near Petrol Station,E01007699,Rotherham 027B,Investigation complete; no suspect identified
40bdeec59b096bb4233f3638c4464b96d69f9e42fae035028a73f927b6185484,2021-03,South Yorkshire Police,South Yorkshire Police,-1.170329,53.548412,On or near WALDEN AVENUE,E01007518,Doncaster 012D,Unable to prosecute suspect
1c438641fcf31f276cdf6f1cd63f0df4c85407057f5e7c831375bb8b5ab101a3,2021-03,South Yorkshire Police,South Yorkshire Police,-1.441162,53.502893,On or near VICARAGE CLOSE,E01007391,Barnsley 030C,Action to be taken by another organisation
2dc402e8edaeb9cf850df373c70fdd1f95636fc8171c36eeeb14d5995c0c5a98,2021-03,South Yorkshire Police,South Yorkshire Police,-1.383930,53.418703,On or near TEMPLE ROAD,E01007676,Rotherham 025A,Investigation complete; no suspect identified
06b21103e7dba6c3b95c914a70255dd1026a0f09f418775c920f4148deb6e51a,2021-03,South Yorkshire Police,South Yorkshire Police,-1.484963,53.549767,On or near PRINCESS STREET,E01007417,Barnsley 013D,Suspect charged
9c3471bee4d9d5b16d4e7fc0a397aa5115f112b9e62d7ad6368ff5898949a9ba,2021-03,South Yorkshire Police,South Yorkshire Police,-1.498400,53.390933,On or near CROMWELL STREET,E01008151,Sheffield 024A,Investigation complete; no suspect identified
1ad4a00d2166ad996262a53d06541241c2838c54470e6a00b88499fc29c795d1,2021-03,South Yorkshire Police,South Yorkshire Police,-1.488530,53.380078,On or near Further/Higher Educational Building,E01007866,Sheffield 030A,Investigation complete; no suspect identified
16cf4483e23328419c57983e939d1dff78197ba116054ef06db836cce49109fa,2021-03,South Yorkshire Police,South Yorkshire Police,-1.350637,53.433196,On or near CARLISLE STREET,E01007714,Rotherham 017B,Unable to prosecute suspect
15525ac58fbbd7d8b104237871576de3366583538b7c362df67c63db5873dca3,2021-03,South Yorkshire Police,South Yorkshire Police,-1.477016,53.550407,On or near Pedestrian Subway,E01007340,Barnsley 013B,Unable to prosecute suspect
ea15e62fa0bf6743a2f87c38e1d343623b4d4cdb5d4b05192c1d67148e9d03b2,2021-03,South Yorkshire Police,South Yorkshire Police,-1.477446,53.389127,On or near A61,E01033263,Sheffield 073C,Investigation complete; no suspect identified
e08ab24f78827472241c604ee9d979bbd4ae6817805b36a335fb30b04d7e3c33,2021-03,South Yorkshire Police,South Yorkshire Police,-1.475215,53.560619,On or near Supermarket,E01007410,Barnsley 010E,Investigation complete; no suspect identified
602a20b2a43b7a4550e8d5dbe17aaf8e8141405e85bf35f65743834649d42da0,2021-03,South Yorkshire Police,South Yorkshire Police,-1.475215,53.560619,On or near Supermarket,E01007410,Barnsley 010E,Investigation complete; no suspect identified
4d5e1d6da54f43799176c0c6bc20be65f771f80d8d1db166b9cd3fcd696ac258,2021-03,South Yorkshire Police,South Yorkshire Police,-1.475215,53.560619,On or near Supermarket,E01007410,Barnsley 010E,Investigation complete; no suspect identified
778f99d299c31d12711a1336e730936bef6bc88cb002d0c69712af7ca0efa009,2021-03,South Yorkshire Police,South Yorkshire Police,-1.455978,53.529127,On or near NEW STREET,E01007458,Barnsley 021A,Local resolution
191a8d5ede116160e79d2d1397de6dc3b42235f61881aac9c04e950ecf400404,2021-03,South Yorkshire Police,South Yorkshire Police,-1.475215,53.560619,On or near Supermarket,E01007410,Barnsley 010E,Investigation complete; no suspect identified
5f11aa04826fe311b83e29147b1cc1f9cab773ee708aca8518236f71a1e76e66,2021-03,South Yorkshire Police,South Yorkshire Police,-1.252411,53.487112,On or near BOLTON STREET,E01007544,Doncaster 032D,Unable to prosecute suspect
3b9ff898f3d0bce49cb3feb5bd8e55e40cf732f03d1dea295d171771cff4b87e,2021-03,South Yorkshire Police,South Yorkshire Police,-1.376038,53.391454,On or near SHEFFIELD PARKWAY,E01007699,Rotherham 027B,Investigation complete; no suspect identified
b7d1d8b9ced8c0a1b9929da9fb3637f4a863336726ed1ef1b435e2b68ea7462f,2021-03,South Yorkshire Police,South Yorkshire Police,-0.957590,53.622882,On or near HOLLY ROAD,E01007635,Doncaster 001D,Investigation complete; no suspect identified
da7647549b750f7960635d15604d1746a6aa12ac6fdcee664e3b836c2823dfeb,2021-03,South Yorkshire Police,South Yorkshire Police,-1.488722,53.414263,On or near HERRIES ROAD,E01008124,Sheffield 012F,Offender given a drugs possession warning
611f9ddba307ef119e2144658ef40f46b2d0c4df65d8acf507e6f81bb705a49e,2021-03,South Yorkshire Police,South Yorkshire Police,-1.410684,53.400079,On or near RANSKILL COURT,E01007904,Sheffield 018B,Investigation complete; no suspect identified
431107223c5f3d6b76194a7a35a35fa65654a5c1d8a0cc3435ab59c185840efb,2021-03,South Yorkshire Police,South Yorkshire Police,-1.350637,53.433196,On or near CARLISLE STREET,E01007714,Rotherham 017B,Suspect charged
c21a86bda642dcf81f7185c3455b299ba650d0e775143cf6ffc7d82825382950,2021-03,South Yorkshire Police,South Yorkshire Police,-1.082386,53.516840,On or near SANDOWN GARDENS,E01007525,Doncaster 024B,Investigation complete; no suspect identified
858324281b437f4ef837747f63837bc462a21034128d70ddf05eb6c1f982e040,2021-03,South Yorkshire Police,South Yorkshire Police,-1.466337,53.382893,On or near HIGH STREET,E01033264,Sheffield 073D,Investigation complete; no suspect identified
c28376a196a369f0e129c2e54b2fc3d86a8af6379b9683f5a80170de5213dce7,2021-03,South Yorkshire Police,South Yorkshire Police,-1.350949,53.432443,On or near ELLIOTT COURT,E01007714,Rotherham 017B,Unable to prosecute suspect
d7b4e11ff3dce28d39d39d7d3475e7760b5b1d4ae322e80b13672992ecfb1c6d,2021-03,South Yorkshire Police,South Yorkshire Police,-1.207238,53.571449,On or near ELMWOOD AVENUE,E01007465,Doncaster 009B,Investigation complete; no suspect identified
394310aef4655ad1da59bcf149014699223f5b5d1c60bad0c5d29327c3580f2e,2021-03,South Yorkshire Police,South Yorkshire Police,-1.397533,53.342980,On or near BIRLEY MOOR AVENUE,E01007842,Sheffield 076D,Investigation complete; no suspect identified
f88c5260908021548742b80046b7d6efd9a44dec58fb7db94d273ffc1cc153c7,2021-03,South Yorkshire Police,South Yorkshire Police,-1.118599,53.499288,On or near BALBY CARR BANK,E01007502,Doncaster 028C,Suspect charged
60704ad628b13b3c2eb1b6a18b554a12f0bf52b2295267c54d3fae3091f81f74,2021-03,South Yorkshire Police,South Yorkshire Police,-1.493139,53.369248,On or near Supermarket,E01007864,Sheffield 036D,Investigation complete; no suspect identified
fff7c8c3a90e40b37e242e795684158252c75cece741391b5c97f289ffe20f42,2021-03,South Yorkshire Police,South Yorkshire Police,-1.399627,53.523096,On or near HIGH STREET,E01007448,Barnsley 023B,Investigation complete; no suspect identified
c6ff33584bcb8bc524fcb0a4ea686867e11ce138439b8f59d5164dabb1678f73,2021-03,South Yorkshire Police,South Yorkshire Police,-1.484240,53.391745,On or near INFIRMARY ROAD,E01033263,Sheffield 073C,Investigation complete; no suspect identified
fd87653b3241731f28e07338eff335ec530fc7ec936cd973bd331527830c0a63,2021-03,South Yorkshire Police,South Yorkshire Police,-1.347172,53.418643,On or near COLLEGE PARK CLOSE,E01007675,Rotherham 023A,Investigation complete; no suspect identified
f7500060899776b914c7648be1aaf219e868998d25234571f6a60fa0dab27ff6,2021-03,South Yorkshire Police,South Yorkshire Police,-1.373647,53.452933,On or near FITZWILLIAM WALK,E01007729,Rotherham 009B,Investigation complete; no suspect identified
3caed8b26f50ef3213746c609e8bb424b6f44d505fb7b6d97c4f2d476b420de6,2021-03,South Yorkshire Police,South Yorkshire Police,-1.499553,53.397734,On or near BESSINGBY ROAD,E01008153,Sheffield 024B,Unable to prosecute suspect
2d23af726545175939a6cd3062f7b5ea764e7b74d5387e0adecdf7eee966f382,2021-03,South Yorkshire Police,South Yorkshire Police,-1.496521,53.338539,On or near DALEVIEW ROAD,E01007825,Sheffield 066B,Investigation complete; no suspect identified
3b902bb42ff982e10ded6f4ef6425cfbd079b2cc40bd11060a74c726d9b6622d,2021-03,South Yorkshire Police,South Yorkshire Police,-1.140379,53.501756,On or near CHESTERTON ROAD,E01007500,Doncaster 028B,Unable to prosecute suspect
4d18f7c1cc44893c7450090919f80eb5c216c9039e70840a2a4af0d8babc8c3a,2021-03,South Yorkshire Police,South Yorkshire Police,-1.472136,53.535069,On or near FLAX LEA,E01007460,Barnsley 021C,Investigation complete; no suspect identified
740130d94d3e29fd6f1f34bb26c4e31eaa08afdf63c9ab951dd8105df95eae16,2021-03,South Yorkshire Police,South Yorkshire Police,-1.361542,53.414622,On or near WOOD LANE,E01007676,Rotherham 025A,Investigation complete; no suspect identified
ebf27077a5590e74c64f55a09b04e192094edeb566dd40a73bd962c049c8943d,2021-03,South Yorkshire Police,South Yorkshire Police,-1.490001,53.439454,On or near WHEEL LANE,E01008137,Sheffield 005D,Further action is not in the public interest
d991e45a1f18c55137732f49ae74c4f898d0c7118f27222abc6d819a961c2394,2021-03,South Yorkshire Police,South Yorkshire Police,-1.484240,53.391745,On or near INFIRMARY ROAD,E01033263,Sheffield 073C,Investigation complete; no suspect identified
04376169906f91d6a510d485a95f294912e0ef26d692d8398d033312d03c9cb5,2021-03,South Yorkshire Police,South Yorkshire Police,-1.437809,53.404111,On or near BLAND STREET,E01007877,Sheffield 022D,Unable to prosecute suspect
c7731d2733a51a961d65069b5fa04886576124dc50b71d955f4057bb5c8b229f,2021-03,South Yorkshire Police,South Yorkshire Police,-1.468492,53.382418,On or near FARGATE,E01033264,Sheffield 073D,Suspect charged
2a9c00937c2ac8f434c8dd9c3fa04d6e5dd36badb5cb80f34550e2ed1eac9734,2021-03,South Yorkshire Police,South Yorkshire Police,-1.154924,53.492808,On or near BERRINGTON CLOSE,E01007503,Doncaster 029F,Unable to prosecute suspect
02a1d771a3c49231e8fc00bfa1034312b7e7e5b6b13b5af107cbb6722812cbc9,2021-03,South Yorkshire Police,South Yorkshire Police,-1.643332,53.492431,On or near MILLER LANE,E01008128,Sheffield 008C,Unable to prosecute suspect
3e9b30224b7ed8b09a622b6ef1bcd80f89db949d56a73a6b8ad5b2bea0ab1eec,2021-03,South Yorkshire Police,South Yorkshire Police,-1.314739,53.443432,On or near DONCASTER ROAD,E01007721,Rotherham 010C,Local resolution
2f450dbf95106873dc24ab86e1f81866635eeb80ee4490b08bb6ae54768d01de,2021-03,South Yorkshire Police,South Yorkshire Police,-1.395292,53.347481,On or near EAST GLADE CRESCENT,E01033278,Sheffield 076E,Investigation complete; no suspect identified
0b19718f7913e538fe8343c0254f65953e7c7b25786670ff31aecbd1fa7a8ba3,2021-03,South Yorkshire Police,South Yorkshire Police,-1.313935,53.518581,On or near STATION ROAD,E01007366,Barnsley 025C,Investigation complete; no suspect identified
98b0b4a13ddd72f115af1a82274fb7fb1f995d91b747d0116e8b036f7cb98253,2021-03,South Yorkshire Police,South Yorkshire Police,-1.145812,53.509714,On or near BALBY ROAD,E01007534,Doncaster 028D,Investigation complete; no suspect identified
0d354175537994fe6d83971120ce175736667f03daa4aeb29139da3401aa4ddf,2021-03,South Yorkshire Police,South Yorkshire Police,-1.145812,53.509714,On or near BALBY ROAD,E01007534,Doncaster 028D,Investigation complete; no suspect identified
201c667937c1c1fa81f051999cc589f032c30292c1753ace095c05c71bec3acc,2021-03,South Yorkshire Police,South Yorkshire Police,-1.473624,53.463653,On or near VERNON DRIVE,E01007890,Sheffield 004C,Investigation complete; no suspect identified
38655f683c9ff40b3925a025bb7ba5037021afb163070ad1bd9854bd0cfa3839,2021-03,South Yorkshire Police,South Yorkshire Police,-1.493139,53.369248,On or near Supermarket,E01007864,Sheffield 036D,Local resolution
cecaf35b6a0099072abd2abeb399f3c072861c9ffa8d671cf9e028a47245428e,2021-03,South Yorkshire Police,South Yorkshire Police,-1.446461,53.345859,On or near GAUNT WAY,E01008075,Sheffield 060B,Suspect charged
ac44bef6f4c79b919c451bc326527b2107dd53e36f00354bfd94a2348bc6f81d,2021-03,South Yorkshire Police,South Yorkshire Police,-1.494995,53.335549,On or near ABBEY LANE,E01007834,Sheffield 066D,Investigation complete; no suspect identified
030430faea0e0179ef8ddb3bf41ea538bdbb6245feeea1836b869beb46a7c7a6,2021-03,South Yorkshire Police,South Yorkshire Police,-1.137532,53.522437,On or near Supermarket,E01007645,Doncaster 022E,Local resolution
5e1af41cb59b40e6f8e7e5dc3ce2bbe419e88b2ef7dd192799dc31031adbad08,2021-03,South Yorkshire Police,South Yorkshire Police,-1.081283,53.472975,On or near GRANGE LANE,E01007597,Doncaster 037E,Investigation complete; no suspect identified
064c56672f371fd24c94b76e8a724293651a6f32aa6f8ed5af276ee26dea4e04,2021-03,South Yorkshire Police,South Yorkshire Police,-1.145812,53.509714,On or near BALBY ROAD,E01007534,Doncaster 028D,Investigation complete; no suspect identified
1f1e9f4638315a7816680c69b4ea349f45690cc391383bea77df8e8d1ae7873e,2021-03,South Yorkshire Police,South Yorkshire Police,,,No location,,,Investigation complete; no suspect identified
609a165bda5d30461eaa884402444871ad95f439cee8a2f0aa36d45e82e7fd1a,2021-03,South Yorkshire Police,South Yorkshire Police,-1.432788,53.366487,On or near SCOTIA DRIVE,E01008012,Sheffield 039B,Investigation complete; no suspect identified
cbce5b2df4337b3f0cbdf28bc7dc2989e98bd91598a85693a8440340c2442481,2021-03,South Yorkshire Police,South Yorkshire Police,-1.308998,53.356433,On or near DUCKHAM DRIVE,E01007674,Rotherham 031B,Investigation complete; no suspect identified
e93ccd8a82cfa036e5f341324af8bcdf7d77f809616d9c93bf9ca3b2cef1b54b,2021-03,South Yorkshire Police,South Yorkshire Police,-1.422053,53.412386,On or near LINCOLN STREET,E01007854,Sheffield 014E,Unable to prosecute suspect
8c618924cc7d11e93c3abfdfaa99bd36d0b8a233d0691df17f3272636192cf4d,2021-03,South Yorkshire Police,South Yorkshire Police,-1.182862,53.584138,On or near CROASDALE GARDENS,E01007474,Doncaster 005F,Investigation complete; no suspect identified
b55601eacf3d964e9cc60f470dace1cf72226b873ac3dd101365e4f188f48f55,2021-03,South Yorkshire Police,South Yorkshire Police,-1.530847,53.540059,On or near DODWORTH GREEN ROAD,E01007384,Barnsley 019C,Investigation complete; no suspect identified
6f6a20200f4ed68a7eb38ec4d60f9f7a883a64209c3d5d69aa5aa019826ec279,2021-03,South Yorkshire Police,South Yorkshire Police,-1.484738,53.365473,On or near THORNSETT ROAD,E01008111,Sheffield 040D,Unable to prosecute suspect
f0d0b3fd8d9afe0ba362e31173247fe4932132c91f1fcbf2034eee6d810f9cda,2021-03,South Yorkshire Police,South Yorkshire Police,,,No location,,,Investigation complete; no suspect identified
35344ecb82f27c0acfe1c66ddd9bd6533c0105500c4123c5201c1639c4cb3491,2021-03,South Yorkshire Police,South Yorkshire Police,-1.435118,53.502757,On or near QUEENSWAY,E01007393,Barnsley 029B,Unable to prosecute suspect
5295208785930b5cdb2291114f146e9adcdfc987099b69baaa66c60683671449,2021-03,South Yorkshire Police,South Yorkshire Police,-1.476168,53.373193,On or near ST MARY'S GATE,E01033271,Sheffield 040E,Local resolution
9c1b5316f0154901e9323f74c7d3cabed20d31a7b9567ed3723b694891dffa36,2021-03,South Yorkshire Police,South Yorkshire Police,-1.460826,53.322761,On or near LINGFOOT DRIVE,E01008081,Sheffield 070A,Unable to prosecute suspect
55c3b2391dfa2e144fcd51d3748e760a2ad6e4c456e5d98e015c129f09681846,2021-03,South Yorkshire Police,South Yorkshire Police,-1.408655,53.364150,On or near FISHPONDS ROAD,E01008008,Sheffield 045D,Unable to prosecute suspect
66b775684b2ea70745bb1a1cc739f2bae8b3fa5d55b700fbc500ed8dbc4a7faa,2021-03,South Yorkshire Police,South Yorkshire Police,-1.353768,53.341798,On or near PEAK SQUARE,E01008034,Sheffield 056D,Investigation complete; no suspect identified
44c317dbac96b36e314f0b4da1427be5da131a6b876bb0065586561e1b7399be,2021-03,South Yorkshire Police,South Yorkshire Police,-1.099901,53.621852,On or near MOSS ROAD,E01007488,Doncaster 002B,Unable to prosecute suspect
5690e53eaff1cbd9d4f6e5b018fa7946eb4af46d1b81e0fc1f5fc2e5977d9a41,2021-03,South Yorkshire Police,South Yorkshire Police,-1.287001,53.496860,On or near WELLINGTON STREET,E01007571,Doncaster 031A,Investigation complete; no suspect identified
a95c0a914906a4664bc473f8fc48684fadfb1d75a9ea93321f214ceb6529783a,2021-03,South Yorkshire Police,South Yorkshire Police,-1.466337,53.382893,On or near HIGH STREET,E01033264,Sheffield 073D,Investigation complete; no suspect identified
7b44fc7f45a88ea1c7dab17de95fd0f0076fe0c16d2d72e1dad0313db14ecd9d,2021-03,South Yorkshire Police,South Yorkshire Police,-1.483193,53.342896,On or near CROSBY ROAD,E01007828,Sheffield 059A,Investigation complete; no suspect identified
3b59a2a043c59bde8639b26b7f70872fbaa1d64d74596e47df53ffe8bc32a2b6,2021-03,South Yorkshire Police,South Yorkshire Police,-1.534647,53.385966,On or near RIVELIN VALLEY ROAD,E01008158,Sheffield 025D,Unable to prosecute suspect
5ea9e6b73dd937052389daf364228601a937f0034bad8cc8e3ee568b1de8a751,2021-03,South Yorkshire Police,South Yorkshire Police,-1.370587,53.373618,On or near ORGREAVE PLACE,E01007911,Sheffield 032D,Investigation complete; no suspect identified
8ef61c51194fe42fb4d2d4b42cd3d0e7c629e8e1c4ab645442bf36d75190f65c,2021-03,South Yorkshire Police,South Yorkshire Police,-1.649284,53.527315,On or near WATERING PLACE ROAD,E01007427,Barnsley 024A,Investigation complete; no suspect identified
3580da7217ded90ffcbfd12dc8a0fc26e44f625fbfd6ebc439f886e5807ed221,2021-03,South Yorkshire Police,South Yorkshire Police,-1.472668,53.382715,On or near Parking Area,E01033262,Sheffield 073B,Investigation complete; no suspect identified
56ab8595c8078ca722ef5de992b20b2ee1ad12d59b3edf0cba09bd132f91d59b,2021-03,South Yorkshire Police,South Yorkshire Police,-1.405108,53.567904,On or near COAL PIT LANE,E01007341,Barnsley 008A,Investigation complete; no suspect identified
3024b8e5454b556f8a98b0a374ec64ba9fe85147a91416c1730a1d2274987c13,2021-03,South Yorkshire Police,South Yorkshire Police,-1.464474,53.370786,On or near CREAM STREET,E01033273,Sheffield 042F,Unable to prosecute suspect
f65c9521f02af1caf551c885cd5be610abc75d0d015d18106d67dae58d039c7e,2021-03,South Yorkshire Police,South Yorkshire Police,-1.453794,53.499491,On or near WEST STREET,E01007397,Barnsley 028B,Local resolution
9de8d2a76d242c65384bbc11a901d55947c479cea90f5194907e46ea4af68d32,2021-03,South Yorkshire Police,South Yorkshire Police,-1.398384,53.378570,On or near CLIFTON AVENUE,E01007910,Sheffield 037A,Suspect charged
f7e45124fe61e17b03856e5c6a6896629d4f13773b12bc1a8954fc018f5de0f2,2021-03,South Yorkshire Police,South Yorkshire Police,-1.464474,53.370786,On or near CREAM STREET,E01033273,Sheffield 042F,Investigation complete; no suspect identified
22e8bfe44dbab14d9f8a2b9e720d5e7034763e1bf1c77607acb6e831cb2a3603,2021-03,South Yorkshire Police,South Yorkshire Police,-1.090631,53.553712,On or near CLAY LANE WEST,E01007656,Doncaster 015F,Investigation complete; no suspect identified
946c0e4751a711847f06a36870635b96aaa5b67c5105713bda546da5802b8b6f,2021-03,South Yorkshire Police,South Yorkshire Police,-1.434300,53.344256,On or near MORLAND CLOSE,E01008007,Sheffield 060A,Unable to prosecute suspect
f0f57137d41c32b9377599b2669c3d84b29de3fcaf3af4458d90ea2dc0a62f15,2021-03,South Yorkshire Police,South Yorkshire Police,-1.335287,53.500554,On or near AVENUE ROAD,E01007820,Rotherham 002D,Unable to prosecute suspect
ad48a10ac92dbd75f62552641d0b1b1db080b53ebb36028e76b5d539c02ed3bd,2021-03,South Yorkshire Police,South Yorkshire Police,-1.163667,53.615295,On or near MARIAN CRESCENT,E01007490,Doncaster 002D,Unable to prosecute suspect
ee48209b0b18cb782a4aa39224241ccf548f0bf6ab0b0fb11a847d2d47bb7311,2021-03,South Yorkshire Police,South Yorkshire Police,-1.362330,53.405179,On or near ROTHBURY WAY,E01007702,Rotherham 025B,Unable to prosecute suspect
b9c948bd4ad557909515dbe36be4be24aa0891e8fe780eb178a26708608020de,2021-03,South Yorkshire Police,South Yorkshire Police,-1.233040,53.478162,On or near ST PETER'S DRIVE,E01007540,Doncaster 035D,Offender given penalty notice
2b0e8371ff5d8e52f3fadc34ba2abe780b4354aacde0f610ea1f8b265f71407d,2021-03,South Yorkshire Police,South Yorkshire Police,-1.570024,53.478492,On or near Police Station,E01008143,Sheffield 002B,Investigation complete; no suspect identified
bf4a433d0eadfb3811ffe38d312ae655eb5bb6198d7d006e96de50538c7f532e,2021-03,South Yorkshire Police,South Yorkshire Police,-1.143972,53.532928,On or near YARBOROUGH TERRACE,E01007517,Doncaster 013D,Unable to prosecute suspect
1389ca78f52ab08d0a3f9c101c236e31eb77920517c7d5376a19fec04854f341,2021-03,South Yorkshire Police,South Yorkshire Police,-1.438633,53.383737,On or near CRICKET INN ROAD,E01008015,Sheffield 039D,Investigation complete; no suspect identified
6e60b32be1097dbfeb3e73c5050ec1105ce0239fece8a3398e76e0ca7d26d5db,2021-03,South Yorkshire Police,South Yorkshire Police,-1.370046,53.361400,On or near TITHE BARN AVENUE,E01007964,Sheffield 049A,Investigation complete; no suspect identified
92bb7cde4ca984ee16a6858bfb2acf925f0aa1a3678310fb98f2e95d1ac087bf,2021-03,South Yorkshire Police,South Yorkshire Police,-1.427768,53.359830,On or near Supermarket,E01008098,Sheffield 048A,Investigation complete; no suspect identified
4b0e114b4e3e738461d1bd082517213edc9fc3db5590518adce526bc6f1dfb0b,2021-03,South Yorkshire Police,South Yorkshire Police,-1.634246,53.523666,On or near PARK AVENUE,E01007429,Barnsley 024C,Investigation complete; no suspect identified
a2f4304980b08134870a7d7b1104f1ae8ab9fdbfa3927f307718cc64f4c47e1e,2021-03,South Yorkshire Police,South Yorkshire Police,-1.119952,53.519154,On or near ROMAN ROAD,E01007647,Doncaster 019C,Investigation complete; no suspect identified
32836c92d0c323bf6e796dffae95ea5402549e15ee00c6676fc9f19c9c7590f1,2021-03,South Yorkshire Police,South Yorkshire Police,-1.482767,53.424017,On or near LYTTON AVENUE,E01008118,Sheffield 009E,Investigation complete; no suspect identified
bec5cb26595f60aee892f063be3f333d9566be7b16968f1c9e29643775a8ef22,2021-03,South Yorkshire Police,South Yorkshire Police,-1.482512,53.364385,On or near THORNSETT ROAD,E01008051,Sheffield 050E,Investigation complete; no suspect identified
fb4d0150c43ded2e9d83a60c3f6a030f422335eaebc6d5be92d9fe01e4e5e915,2021-03,South Yorkshire Police,South Yorkshire Police,-1.308488,53.364762,On or near BRAMLEY AVENUE,E01007669,Rotherham 030C,Unable to prosecute suspect
a21b5c4be08e915a0de4ed88b2eee46379d6dc1d8ee5350f793f7c96c254bb72,2021-03,South Yorkshire Police,South Yorkshire Police,-1.442580,53.436106,On or near BUTTERTHWAITE CRESCENT,E01008055,Sheffield 007C,Investigation complete; no suspect identified
f8fc82c98f22ce88015a549f996d85eca0087d54767db12d314e910593228992,2021-03,South Yorkshire Police,South Yorkshire Police,-1.529437,53.394844,On or near WOODFARM DRIVE,E01007998,Sheffield 025B,Investigation complete; no suspect identified
17e15978538d390f792f20d3f078d68144e6594af46692db710d9955608dca96,2021-03,South Yorkshire Police,South Yorkshire Police,-1.342573,53.414402,On or near Hospital,E01007678,Rotherham 023B,Investigation complete; no suspect identified
4690c07e4a221afa9dcc2d8327c4717db85442b602eedf79d2129a25b6ca9e7c,2021-03,South Yorkshire Police,South Yorkshire Police,-1.486631,53.395548,On or near HILLFOOT ROAD,E01008072,Sheffield 026C,Action to be taken by another organisation
6d62ab0319fd49c4dc4c5d3a28f536aa4e831d8c88833aee7a2fb7fbb8815a5d,2021-03,South Yorkshire Police,South Yorkshire Police,-1.522329,53.387742,On or near HAGG HILL,E01007961,Sheffield 033D,Investigation complete; no suspect identified
fb639d7603ae4ee938bf0f8de81af58e0cd9cc62de3ba3f8a8d8a79480f2b6be,2021-03,South Yorkshire Police,South Yorkshire Police,-1.197067,53.564666,On or near THE CRESCENT,E01007466,Doncaster 009C,Investigation complete; no suspect identified
485dbf44b3f4f3f835bfa17494df00d55d6f8453046b7c960c87779c3108ca8b,2021-03,South Yorkshire Police,South Yorkshire Police,-1.456042,53.409750,On or near Hospital,E01007942,Sheffield 020D,Investigation complete; no suspect identified
f75bc1ca369a41b2eae382ff9213c45a52721da45bdb1a43dd134836ce8ced18,2021-03,South Yorkshire Police,South Yorkshire Police,-1.460935,53.424909,On or near MASTERS ROAD,E01008061,Sheffield 011A,Unable to prosecute suspect
c2359655c3ec1ae3e4de628f38aae2050a42548c9dff3ebbb94ba0d9d4cba314,2021-03,South Yorkshire Police,South Yorkshire Police,-1.505256,53.383196,On or near SCHOOL ROAD,E01007962,Sheffield 029C,Investigation complete; no suspect identified
a3d21af046dada4424dfa5c777bce0aefd544fa7785e40f2cbee89eef5a8f0d5,2021-03,South Yorkshire Police,South Yorkshire Police,-1.442720,53.436861,On or near PAPER MILL ROAD,E01008055,Sheffield 007C,Unable to prosecute suspect
8ac641ac5d3e2286cbff948f9b213827aae970d620278914451c717083009beb,2021-03,South Yorkshire Police,South Yorkshire Police,-1.416043,53.406379,On or near CARBROOK HALL ROAD,E01007904,Sheffield 018B,Investigation complete; no suspect identified
b8750c697ba67047dc236047ca8154757f0a3da3eefc9cbafe18a3c583d94971,2021-03,South Yorkshire Police,South Yorkshire Police,,,No location,,,Investigation complete; no suspect identified
83bbba7d1cf96ca9a7f1216b809271ea14f70be386419f009f79a899ca02cbdb,2021-03,South Yorkshire Police,South Yorkshire Police,-1.212557,53.353831,On or near WOODLAND DRIVE,E01007662,Rotherham 032D,Unable to prosecute suspect
b028c18e0fe4350a0ec1d79c66cfa83e692a0cf0aaddd352e495891608f1dfe7,2021-03,South Yorkshire Police,South Yorkshire Police,-1.460190,53.424303,On or near MASTERS CRESCENT,E01008061,Sheffield 011A,Unable to prosecute suspect
8ef8b14eea2e88ad7eb0414004add848dfe4f0e363750a007d4b1c881d977e35,2021-03,South Yorkshire Police,South Yorkshire Police,-1.020693,53.581303,On or near HAMPTON ROAD,E01007563,Doncaster 006F,Unable to prosecute suspect
e38d51750e73947161367468e997139dc55208d363b726fbd5c6f7e54978a98b,2021-03,South Yorkshire Police,South Yorkshire Police,-1.481349,53.390888,On or near BEDFORD STREET,E01033263,Sheffield 073C,Investigation complete; no suspect identified
ba784fa0f3b5b6e2b3514f6825228eecbcb53c4e8e7b3c5981a7ade3bbc9fd0c,2021-03,South Yorkshire Police,South Yorkshire Police,-1.163670,53.540114,On or near ROSEGARTH CLOSE,E01007512,Doncaster 012A,Investigation complete; no suspect identified
1e27a415f3b0334e1bfe055c86e0735820d8915b5d1443e778ba87fa066bed38,2021-03,South Yorkshire Police,South Yorkshire Police,-1.364420,53.362781,On or near BADGER DRIVE,E01007965,Sheffield 044A,Investigation complete; no suspect identified
f0d6d79c1c2699a22d70aeaa43d165ca548bf0623ab6018a9ae3f23dc713f90c,2021-03,South Yorkshire Police,South Yorkshire Police,-1.101458,53.542791,On or near Shopping Area,E01007652,Doncaster 015D,Investigation complete; no suspect identified
2857921ba72f6789b1f7c122618edf48737f8119b5f25b744f0a2f63cce2088f,2021-03,South Yorkshire Police,South Yorkshire Police,-1.395700,53.361065,On or near STRADBROKE DRIVE,E01007963,Sheffield 045A,Unable to prosecute suspect
3b6b1903b9e5138c3ede051ef3dd5ef5477fdb72b46c1a50743ecf43f07839f7,2021-03,South Yorkshire Police,South Yorkshire Police,-1.448205,53.499214,On or near CLOUGH ROAD,E01007390,Barnsley 030B,Unable to prosecute suspect
6e9042a132632cf2cf0e55991fdfc25826b02c8e3676328dc97bdaf45011aed6,2021-03,South Yorkshire Police,South Yorkshire Police,-1.394865,53.433815,On or near PETER STREET,E01007744,Rotherham 015D,Further action is not in the public interest
245371b3e29e36cff4838f64dbbc36a21e31a39c7e77b28f0b336581c935788e,2021-03,South Yorkshire Police,South Yorkshire Police,-1.450348,53.424366,On or near HATFIELD HOUSE CROFT,E01008059,Sheffield 010C,Unable to prosecute suspect
d8a5ec9f3530d3b4aeee53bf82eee9ce3d99dfb1fee13a3c6bb3ed0c2647d30e,2021-03,South Yorkshire Police,South Yorkshire Police,-1.492086,53.552413,On or near WESTFIELD STREET,E01007443,Barnsley 013F,Local resolution
b86a05f2dcbd9ffecc0c8af54e5da25202bca0b3ef2677488d2d5cbbf438af29,2021-03,South Yorkshire Police,South Yorkshire Police,-1.336012,53.347795,On or near IVY LANE,E01008030,Sheffield 063A,Investigation complete; no suspect identified
5072f52d9b3470f2b5b35ece571de5dba207b7784bb4886131f6446b50204733,2021-03,South Yorkshire Police,South Yorkshire Police,-1.138239,53.525471,On or near Supermarket,E01007655,Doncaster 022F,Investigation complete; no suspect identified
5c9a798e5e2a6c6f9f4a1817cb1dc5d0328dda10beffc505f8cc497b2bfa63f2,2021-03,South Yorkshire Police,South Yorkshire Police,-1.493139,53.369248,On or near Supermarket,E01007864,Sheffield 036D,Investigation complete; no suspect identified
fc03b8ae06b16081ac9289f0bf0cce135440ff4e98955b0ff36a900010893d1b,2021-03,South Yorkshire Police,South Yorkshire Police,-1.439616,53.367230,On or near Petrol Station,E01008097,Sheffield 043C,Investigation complete; no suspect identified
35aa732a6e802ec5ef1b8ab6ee5b77e9bb3266d95464a8d051e5f4efb1c1a394,2021-03,South Yorkshire Police,South Yorkshire Police,-1.305055,53.444607,On or near CHESTERHILL AVENUE,E01007719,Rotherham 010A,Investigation complete; no suspect identified
7299ef2335e72512cacf42fd0b91c777c33fa82b81f1b320344f9e95fbeb4182,2021-03,South Yorkshire Police,South Yorkshire Police,-1.338241,53.349344,On or near ELM ROAD,E01008032,Sheffield 056C,Investigation complete; no suspect identified
c9039baa6110b353f1ee5d048b3dad4f79d834cf9471fff1817e11676a7cede5,2021-03,South Yorkshire Police,South Yorkshire Police,-1.476302,53.413715,On or near MOONSHINE WAY,E01007950,Sheffield 015D,Unable to prosecute suspect
d58aa6888c1eb72c4bb404e161d7ff8365623cb1d3d16bfdc8a34da8ec287362,2021-03,South Yorkshire Police,South Yorkshire Police,-1.511286,53.384362,On or near MULEHOUSE ROAD,E01007960,Sheffield 029B,Investigation complete; no suspect identified
173d49858714309df5e42348cce272d89095e19e74d4f98165ce49a48e10bef1,2021-03,South Yorkshire Police,South Yorkshire Police,-0.956521,53.646603,On or near MOORENDS ROAD,E01007632,Doncaster 001A,Unable to prosecute suspect
e67b0c0a66bbf292570bc2557ef741c2374d5204f0d807220e2a83fc7c39538b,2021-03,South Yorkshire Police,South Yorkshire Police,-1.624041,53.522888,On or near COTEFIELD PLACE,E01007430,Barnsley 024D,Local resolution
0ea371dcc04c1b532316756d4a0effe1dc17576d883ca9dabbd9e1dd73692d5b,2021-03,South Yorkshire Police,South Yorkshire Police,-1.018215,53.571575,On or near WIDFORD GREEN,E01007562,Doncaster 006E,Investigation complete; no suspect identified
fe90a2dd25916045be5b9779b33140c518295d62b5fb4dced5daf74a2e6d964d,2021-03,South Yorkshire Police,South Yorkshire Police,-1.465919,53.417516,On or near CROWDER ROAD,E01007946,Sheffield 015C,Investigation complete; no suspect identified
a77738f2877d8523d0e0811ce5a2130a6226ee3899055e666e4ca90570ad92d0,2021-03,South Yorkshire Police,South Yorkshire Police,-1.463645,53.368607,On or near CHARLOTTE ROAD,E01033273,Sheffield 042F,Unable to prosecute suspect
605e289658a8aa54866c5c7c9cbcdab9c95c33e0cc711c3b8daf5e7320a8fb3c,2021-03,South Yorkshire Police,South Yorkshire Police,-0.973170,53.546550,On or near VULCAN WAY,E01007557,Doncaster 008B,Action to be taken by another organisation
c4331e43202046aa69df20808fa84865ee8de20419c5de2b7897c0b78e7e324f,2021-03,South Yorkshire Police,South Yorkshire Police,-1.500463,53.417602,On or near CARRWELL LANE,E01008089,Sheffield 017B,Investigation complete; no suspect identified
b8e2e9fd0311afc75f06eae0ab1e2ec12bf4cf5c2b23498994963b3472d60934,2021-03,South Yorkshire Police,South Yorkshire Police,-1.322162,53.442476,On or near A630,E01007736,Rotherham 014A,Investigation complete; no suspect identified
dbe4e11c9cb6d14f62cf6b6837b83162f68d038d709f25bdd95c20ccea0eadcc,2021-03,South Yorkshire Police,South Yorkshire Police,-1.501703,53.471144,On or near HAGUE LANE,E01007899,Sheffield 003E,Unable to prosecute suspect
d5af3918e4cfbd8426e6da4780e7993d6b05859a1a8481060ce83a93b5e919b3,2021-03,South Yorkshire Police,South Yorkshire Police,-1.136918,53.522963,On or near Parking Area,E01007645,Doncaster 022E,Investigation complete; no suspect identified
9f34047b536a3f3df5be3064e96021d4aa5037ac2e89f02fc698e9dc6cec42e9,2021-03,South Yorkshire Police,South Yorkshire Police,-0.973170,53.546550,On or near VULCAN WAY,E01007557,Doncaster 008B,Action to be taken by another organisation
8f6d3bd239b4da89e82b31aa735e3cabef8d15fe3d6c38e7615f8a7297a6dd1e,2021-03,South Yorkshire Police,South Yorkshire Police,-1.461844,53.547157,On or near ST. JOSEPH'S GARDENS,E01007322,Barnsley 015C,Unable to prosecute suspect
f69ba91deba4a11dd0e7392b9cc2ba3c52b7c2d3a6ebc083db7547a07d9140bd,2021-03,South Yorkshire Police,South Yorkshire Police,-1.418094,53.528257,On or near ALDHAM HOUSE LANE,E01007447,Barnsley 023A,Unable to prosecute suspect
fa06144f487e580dac2d91afaddda3e027fc09e9f2c549450a9681965406fc05,2021-03,South Yorkshire Police,South Yorkshire Police,-1.489576,53.552753,On or near WHARNCLIFFE STREET,E01007443,Barnsley 013F,Unable to prosecute suspect
c46a2e5f57c753abe3d16684e4dee32b4a342c4d0412770a7da54e3fd490507e,2021-03,South Yorkshire Police,South Yorkshire Police,-1.461844,53.547157,On or near ST. JOSEPH'S GARDENS,E01007322,Barnsley 015C,Unable to prosecute suspect
1eb88c19b831ea065915c85cfbcfd1c21a88dd30ea0afb09a4032b4225026b92,2021-03,South Yorkshire Police,South Yorkshire Police,-1.351970,53.507809,On or near SKYLARK VIEW,E01007693,Rotherham 001A,Unable to prosecute suspect
ebfa0beebf61e29aea78b87ddf285851c07014a7351f1fc4888fcd8c582791c9,2021-03,South Yorkshire Police,South Yorkshire Police,-1.305055,53.444607,On or near CHESTERHILL AVENUE,E01007719,Rotherham 010A,Unable to prosecute suspect
1166795ca0cc57648ce6155d50578e7505445064312419025c37cdbaaef24cae,2021-03,South Yorkshire Police,South Yorkshire Police,-1.147901,53.616739,On or near THOMPSON TERRACE,E01007489,Doncaster 002C,Unable to prosecute suspect
5131f36abfab4024c49e31347c3f3e40e51c52f8002d758de04a86892845a781,2021-03,South Yorkshire Police,South Yorkshire Police,-1.475445,53.414897,On or near SOUTHEY RISE,E01007950,Sheffield 015D,Local resolution
c5a50df8adeefc4ca077364c08a1086f7da0408ca536f9e7a4ce1e1f84ae2329,2021-03,South Yorkshire Police,South Yorkshire Police,-1.108760,53.517767,On or near BELLE VUE AVENUE,E01007644,Doncaster 019A,Unable to prosecute suspect
be079cab53d5584ba2337a6995244ead31e7e3661f2e521928a36673e10f7258,2021-03,South Yorkshire Police,South Yorkshire Police,-1.478697,53.374040,On or near MOORE STREET,E01033271,Sheffield 040E,Investigation complete; no suspect identified
a77188bf9909d2e53e833d4b09445746b1d24f5aee90feecef1d1445d48cd17b,2021-03,South Yorkshire Police,South Yorkshire Police,-1.459404,53.390188,On or near SPITAL HILL,E01033270,Sheffield 022H,Investigation complete; no suspect identified
51117339067eefb2f262b236f82eb694d53e173bfbef5c78f4264820c9814a33,2021-03,South Yorkshire Police,South Yorkshire Police,-1.153661,53.563064,On or near WAVERLEY COURT,E01007511,Doncaster 010E,Suspect charged
8960026727a96ae2a7eca4755badd9cf00b1d9cfc98e99c8a5e1cdd8e218fcbe,2021-03,South Yorkshire Police,South Yorkshire Police,-1.501411,53.403458,On or near Parking Area,E01008093,Sheffield 017D,Unable to prosecute suspect
c1972ec948f4ae89a476b6cd29e126f2efa5b8bbb5890e16feddd85c555ae370,2021-03,South Yorkshire Police,South Yorkshire Police,-1.416862,53.357413,On or near MANSFIELD ROAD,E01008000,Sheffield 052A,Unable to prosecute suspect
5b0c6f869d968fb9d3b3f460835263fdebbba57c870f05b75ba842c9523d6cae,2021-03,South Yorkshire Police,South Yorkshire Police,-1.631587,53.525905,On or near BACK LANE,E01007428,Barnsley 024B,Investigation complete; no suspect identified
66c32627addf356114bdc8a7ae8dfd1448a5a97f6044f4b34a25c4421ca31455,2021-03,South Yorkshire Police,South Yorkshire Police,-1.109315,53.524369,On or near HOLYROOD ROAD,E01007649,Doncaster 019E,Investigation complete; no suspect identified
a7aa019b5ce6f90e7b2238a0588d2b89052f7577d1ea8fa01d53f6158ea1ef0d,2021-03,South Yorkshire Police,South Yorkshire Police,-1.226122,53.427718,On or near YEW TREE ROAD,E01007761,Rotherham 018E,Unable to prosecute suspect
9870b56f0567c0da7009dfc524db1b525ddcc59e0f724ac681d425d71abd9569,2021-03,South Yorkshire Police,South Yorkshire Police,-1.493272,53.346624,On or near Supermarket,E01007829,Sheffield 059B,Unable to prosecute suspect
a0d29218f3c7cf519a5ab38856909dfab8a7a23ecab8a7d4bce441929bc9dde9,2021-03,South Yorkshire Police,South Yorkshire Police,-1.336244,53.438214,On or near HALSBURY ROAD,E01007736,Rotherham 014A,Unable to prosecute suspect
74b9b3e9aca0e62597973d7575054654bd96f7fe6b1ba2c0ba096eee86bc413d,2021-03,South Yorkshire Police,South Yorkshire Police,-1.445858,53.504614,On or near CORONATION ROAD,E01007392,Barnsley 030D,Unable to prosecute suspect
4ce583a2f952cec5edb93a49b5735356ed2fd25317e1e7ed3af75b3ce4c61a9b,2021-03,South Yorkshire Police,South Yorkshire Police,-1.377707,53.434788,On or near OATES CLOSE,E01007717,Rotherham 016C,Investigation complete; no suspect identified
bcf73f1279e5474439e9002599fd6599183ec7c922b6166944a46897b067a412,2021-03,South Yorkshire Police,South Yorkshire Police,-1.373620,53.449625,On or near ACORN CROFT,E01007729,Rotherham 009B,Investigation complete; no suspect identified
5a2a0a0d77ac603541cb52b988cb6d5f62c2f8889e2dee1e44aa44b4b36e7a36,2021-03,South Yorkshire Police,South Yorkshire Police,-1.324426,53.418346,On or near STAG WILLOW CLOSE,E01007708,Rotherham 021A,Unable to prosecute suspect
aa851e462fc2b330b867fff304b07ed47a6a26e96109902257335a27afe6ecde,2021-03,South Yorkshire Police,South Yorkshire Police,-1.464976,53.375094,On or near FORNHAM STREET,E01033274,Sheffield 042G,Investigation complete; no suspect identified
3f4cd8a0d6ca2099d6f7a44972c3f0db483c30246576a73ad84deacf69f585de,2021-03,South Yorkshire Police,South Yorkshire Police,-1.490082,53.418799,On or near HALLIWELL CLOSE,E01008090,Sheffield 012C,Investigation complete; no suspect identified
72c6dbd182eb6e8f3c7939d4c1da960e86594b6b06ebd6bf358984a7509f2c80,2021-03,South Yorkshire Police,South Yorkshire Police,-1.136477,53.521647,On or near CHANCERY PLACE,E01007645,Doncaster 022E,Investigation complete; no suspect identified
72021ab098b5ad72354e5e1b6c249b358cb1f2b7516aa7c028f94356b2e02c79,2021-03,South Yorkshire Police,South Yorkshire Police,-1.299786,53.533330,On or near CROSS STREET,E01007369,Barnsley 022A,Unable to prosecute suspect
de1fd8bd2345d9b623e252c427980839570d75dc200b4389221ef727e5911be6,2021-03,South Yorkshire Police,South Yorkshire Police,-1.452704,53.355704,On or near CALLOW DRIVE,E01007977,Sheffield 051C,Investigation complete; no suspect identified
11af884c5ce27873298a09802d869eed7e64c27447ff2df7c89277fd5660ce6c,2021-03,South Yorkshire Police,South Yorkshire Police,-1.156098,53.504268,On or near LAUREL TERRACE,E01007494,Doncaster 023A,Investigation complete; no suspect identified
8b1611a5a7735a6cf4712852685b11279c53ad898b7355f575d0337dc749ac9f,2021-03,South Yorkshire Police,South Yorkshire Police,-1.343235,53.465201,On or near MIDDLE AVENUE,E01007782,Rotherham 005E,Unable to prosecute suspect
2ccbe42d9d22c65e8212be028fe5f3239cdbd180683d3d71442500340d2305d1,2021-03,South Yorkshire Police,South Yorkshire Police,-1.441256,53.546200,On or near WATERFIELD PLACE,E01007322,Barnsley 015C,Unable to prosecute suspect
c00e962621b94e5a130daf08ba7cab53628d8369eb3f86ae05a2fd44a814709d,2021-03,South Yorkshire Police,South Yorkshire Police,-1.462092,53.569234,On or near Sports/Recreation Area,E01032550,Barnsley 010G,Unable to prosecute suspect
ef8f12b2c9dba449615317ab71066a9676d020d7e7413bcd7c7d4aefec9af96d,2021-03,South Yorkshire Police,South Yorkshire Police,-1.136477,53.521647,On or near CHANCERY PLACE,E01007645,Doncaster 022E,Investigation complete; no suspect identified
6efeeff7c61f082b0c384c9a0ce8847279ee43aabea8f15a23b3443c71329a79,2021-03,South Yorkshire Police,South Yorkshire Police,-1.065779,53.540927,On or near PARK AVENUE,E01033260,Doncaster 014F,Unable to prosecute suspect
cf87a20897f71e51201dea68ba7280971d7bcf4d753ac23a7e32adf8f31886d4,2021-03,South Yorkshire Police,South Yorkshire Police,-1.324426,53.418346,On or near STAG WILLOW CLOSE,E01007708,Rotherham 021A,Unable to prosecute suspect
d7e62b3055e075b876205f24ae1c146623743e5d61272b3a74ed9566650113b1,2021-03,South Yorkshire Police,South Yorkshire Police,-1.238558,53.383627,On or near COMMON LANE,E01007787,Rotherham 028A,Investigation complete; no suspect identified
abb426785a3ea08d71bbf66924c86e3482980eb4313e34037200f95879106de1,2021-03,South Yorkshire Police,South Yorkshire Police,-1.475784,53.435051,On or near REMINGTON DRIVE,E01008125,Sheffield 009G,Investigation complete; no suspect identified
0a329137f8076e400289c040e7ffefe9ddf55c6f54e179aa38c7abd47e236f34,2021-03,South Yorkshire Police,South Yorkshire Police,-1.065779,53.540927,On or near PARK AVENUE,E01033260,Doncaster 014F,Unable to prosecute suspect
59c4cf0cffe04e9c3aca543ab0ca1d9463cc7e4847e3be1bf1ec0f2eded031bb,2021-03,South Yorkshire Police,South Yorkshire Police,-1.540928,53.548341,On or near Park/Open Space,E01007379,Barnsley 012A,Investigation complete; no suspect identified
2fae09f2a6e184d85c2e0c53d88632d453ed3887d91d9e48c5125370069e3980,2021-03,South Yorkshire Police,South Yorkshire Police,-1.486816,53.411369,On or near PENRITH CLOSE,E01008094,Sheffield 019D,Unable to prosecute suspect
0de093892bdba42190670dd28a0b7510d4403e38f4cd33179b646d3a6a50e3cd,2021-03,South Yorkshire Police,South Yorkshire Police,-1.474647,53.367272,On or near ST BARNABAS LANE,E01008109,Sheffield 042B,Unable to prosecute suspect
53bbd3fecd778916a1a0f0b4b94316bcab5207dd946fe595c744df02c08d4835,2021-03,South Yorkshire Police,South Yorkshire Police,-1.230607,53.483576,On or near WELLGATE,E01007542,Doncaster 032B,Action to be taken by another organisation
1297f5a58dc2d3bfb92411f16a42719724c03bb09984a9b5ff6f9d79071b3815,2021-03,South Yorkshire Police,South Yorkshire Police,-1.510234,53.529712,On or near PARKDRIVE,E01007421,Barnsley 027A,Investigation complete; no suspect identified
682cb8f59f9e104b5f938e9a62ba28c6254e40efda5e19f1e5c32e31a0cb318d,2021-03,South Yorkshire Police,South Yorkshire Police,-1.493757,53.385521,On or near CROOKESMOOR ROAD,E01008067,Sheffield 030D,Investigation complete; no suspect identified
626a04f197c9dfdc110310a2f77e65cda6338db011dffbb8105dee5f68258734,2021-03,South Yorkshire Police,South Yorkshire Police,-1.528809,53.327741,On or near ASHFURLONG ROAD,E01007920,Sheffield 068A,Investigation complete; no suspect identified
d36f7beebd1bd681c7008d87187d2c3f8264d530a28aa478cc0e29dd1a66937b,2021-03,South Yorkshire Police,South Yorkshire Police,-1.305055,53.444607,On or near CHESTERHILL AVENUE,E01007719,Rotherham 010A,Unable to prosecute suspect
9fe0805f98afaf7f46d0a7580a9b8a78b227c8dee9fe63a087c953fda70dc702,2021-03,South Yorkshire Police,South Yorkshire Police,-1.306248,53.359239,On or near Sports/Recreation Area,E01007672,Rotherham 030E,Local resolution
cc6feb590b126a2b30112abf077782be405ac57de9b335f6e33320a2a6d0f886,2021-03,South Yorkshire Police,South Yorkshire Police,-1.448913,53.374661,On or near INGRAM ROAD,E01007882,Sheffield 075D,Investigation complete; no suspect identified
17a9b3e6e3330ae34e17037f74cdfb19ff96d42354971761df540847453ef89b,2021-03,South Yorkshire Police,South Yorkshire Police,-1.350057,53.437634,On or near RUSSELL STREET,E01007769,Rotherham 017D,Unable to prosecute suspect
2ee570461b61b36c442d1569a7ed35309436611f37a126cd9c17b3a12d045448,2021-03,South Yorkshire Police,South Yorkshire Police,-1.420281,53.503971,On or near HAMBLETON CLOSE,E01007456,Barnsley 029D,Unable to prosecute suspect
3aa2b6928ba8a6b8625f623773c673ca16cced611b8bc8490e8d15825230a426,2021-03,South Yorkshire Police,South Yorkshire Police,-1.133093,53.517479,On or near ST JAMES STREET,E01007532,Doncaster 023B,Further action is not in the public interest
8a604eef1aa16aeff48904c5c9834f0653f8e4ba37ad16fa88670f2d432a68fe,2021-03,South Yorkshire Police,South Yorkshire Police,-1.311973,53.486085,On or near CLIFFEFIELD ROAD,E01007800,Rotherham 003E,Investigation complete; no suspect identified
251132a300276aa6373477c6e88ea345964ed114a39fdbea209f301524945877,2021-03,South Yorkshire Police,South Yorkshire Police,-1.392455,53.369498,On or near HAIGH MOOR CLOSE,E01007973,Sheffield 037D,Investigation complete; no suspect identified
1fa64a5269c40f7cbc5af822b8b697ad80a584b02174939c3b2ce5da1288f5cb,2021-03,South Yorkshire Police,South Yorkshire Police,-1.391864,53.341306,On or near BIRLEY WOOD DRIVE,E01033278,Sheffield 076E,Suspect charged
238110e04db920e9bd57f30a96321ff6bc5eb7281a0e2374bae241923519c68a,2021-03,South Yorkshire Police,South Yorkshire Police,-1.328252,53.428623,On or near TENNYSON ROAD,E01007735,Rotherham 013B,Unable to prosecute suspect
3207c41b9e40dc0f4337d23a5ed0f4ed192afd1f965e57d128e295453d445bbe,2021-03,South Yorkshire Police,South Yorkshire Police,-1.197067,53.564666,On or near THE CRESCENT,E01007466,Doncaster 009C,Investigation complete; no suspect identified
b75da2675d08b70d62b228a4e8f90f525446c37534dff7cccb455275da2af210,2021-03,South Yorkshire Police,South Yorkshire Police,-1.328252,53.428623,On or near TENNYSON ROAD,E01007735,Rotherham 013B,Unable to prosecute suspect
a4dbee812cf1efb51534656cf2f52c364e90252ea5d285ce03aef53a7a3a5bd5,2021-03,South Yorkshire Police,South Yorkshire Police,-1.424283,53.419965,On or near BARKBY ROAD,E01007850,Sheffield 014B,Investigation complete; no suspect identified
1bcd621f272fcce26984abbd39c04e0895d04555440effb13a89601be04a2188,2021-03,South Yorkshire Police,South Yorkshire Police,-1.419753,53.421130,On or near NEWMAN CLOSE,E01007852,Sheffield 014C,Investigation complete; no suspect identified
086861aa6385efb3f8c17c4ea6f992bf58dbbc6f151cd5880e8d826d7466426b,2021-03,South Yorkshire Police,South Yorkshire Police,-1.417800,53.496903,On or near WATH ROAD,E01007388,Barnsley 029A,Unable to prosecute suspect
3243a39b1e605285460f58cfc7c6679ebde657d88bd98f1502e4e26fe27b52fa,2021-03,South Yorkshire Police,South Yorkshire Police,-1.470409,53.438803,On or near BRAILSFORD ROAD,E01008139,Sheffield 006E,Unable to prosecute suspect
13a24ea13f9b1c1ad7e2ce237d9978a679045b64291d9366d64332459b671545,2021-03,South Yorkshire Police,South Yorkshire Police,-1.499636,53.472708,On or near HENRY STREET,E01007892,Sheffield 003B,Unable to prosecute suspect
09c69124a486a5a08f1c585a431570a412a5c462b647d60243ae97bd070bd990,2021-03,South Yorkshire Police,South Yorkshire Police,-1.465873,53.496786,On or near TANKERSLEY LANE,E01007397,Barnsley 028B,Investigation complete; no suspect identified
5f7b4abfadd35a7934b40580af0d546fe75f46adcb9f77a415cb48eec8411bf4,2021-03,South Yorkshire Police,South Yorkshire Police,-1.370825,53.430887,On or near PRINCES STREET,E01007716,Rotherham 016B,Investigation complete; no suspect identified
0f1280782af9bc0768c428af9cab3b5cc077387f68c8a931a57709cd34143bd8,2021-03,South Yorkshire Police,South Yorkshire Police,-1.383650,53.347448,On or near DYKE VALE CLOSE,E01033279,Sheffield 076F,Investigation complete; no suspect identified
ab6ec16fb4f21f4752c41d3e06320457d3c2aa442472478443a8ec19582192c6,2021-03,South Yorkshire Police,South Yorkshire Police,-1.424436,53.370726,On or near STONECLIFFE ROAD,E01008018,Sheffield 039F,Investigation complete; no suspect identified
d88750f8f1cc20e85f17d8975b5548343594114ac32201efb416f1cbe06bff43,2021-03,South Yorkshire Police,South Yorkshire Police,-1.510743,53.417312,On or near WINN DRIVE,E01008089,Sheffield 017B,Investigation complete; no suspect identified
665829ddea1cb98e32d4e6a3147383749876d3f8736e28cc3ccb8729208a94cc,2021-03,South Yorkshire Police,South Yorkshire Police,-1.396275,53.416070,On or near NEWMARCH STREET,E01007913,Sheffield 018C,Action to be taken by another organisation
f0f083d7039231bac7aa64349810f53214a0a9885040c6a7e65f20d4e5e43b0f,2021-03,South Yorkshire Police,South Yorkshire Police,-1.471538,53.545493,On or near COMMERCIAL STREET,E01007339,Barnsley 017B,Unable to prosecute suspect
a9c0ff3441d38608ad4031a0112236840fc18eecd437c5480d0da1543568d344,2021-03,South Yorkshire Police,South Yorkshire Police,-1.377513,53.580806,On or near CENTRAL AVENUE,E01007328,Barnsley 006A,Investigation complete; no suspect identified
d02ccf9fb597f7f883ee16db5447afde2b02a7cf81507fb734d1014eb1c31bb4,2021-03,South Yorkshire Police,South Yorkshire Police,-1.274970,53.340357,On or near Parking Area,E01007747,Rotherham 031C,Investigation complete; no suspect identified
6c815a1c815098b82c951c20451e5aae62307bf638519fdb688df9ba3b778af6,2021-03,South Yorkshire Police,South Yorkshire Police,-1.466406,53.394157,On or near FOX STREET,E01007875,Sheffield 022B,Investigation complete; no suspect identified
999e6975f0989be2719e85fe721817df936f723b2cc4a308e41f96db531e454e,2021-03,South Yorkshire Police,South Yorkshire Police,-1.460756,53.364118,On or near EAST ROAD,E01008096,Sheffield 043B,Investigation complete; no suspect identified
66aeaa0441c25aa598d874491b463b8ee881dc9cb488f2b96631394991ad8eef,2021-03,South Yorkshire Police,South Yorkshire Police,-1.092547,53.516351,On or near ROSE HILL RISE,E01007526,Doncaster 025D,Investigation complete; no suspect identified
b7bda050fae0d0814825ff6f9bcab808e265222df3fd97ec701b71464a155c31,2021-03,South Yorkshire Police,South Yorkshire Police,-1.449532,53.411806,On or near LINDLEY ROAD,E01007949,Sheffield 020E,Unable to prosecute suspect
bf2731ead2444b37ea787aaeeb35e3ea5a07a96d41c06a804265900acf7b634e,2021-03,South Yorkshire Police,South Yorkshire Police,-1.489038,53.357770,On or near NETHER EDGE ROAD,E01008042,Sheffield 050A,Investigation complete; no suspect identified
e2936f1f09b59849a9c5e89780ad6bbed8e061d356b9d977562509d7b0cd0e5a,2021-03,South Yorkshire Police,South Yorkshire Police,-1.479044,53.581938,On or near BELLBANK WAY,E01007324,Barnsley 007B,Unable to prosecute suspect
5e3a10ca0d6ab69b0b20da53c0fc30d165bc733bf0e8b229f18747e17efb9ac6,2021-03,South Yorkshire Police,South Yorkshire Police,-1.410452,53.380986,On or near Parking Area,E01008014,Sheffield 032E,Unable to prosecute suspect
f2ef0694988f7c2654e338ed9d81cea3b25e736cff470db8017b6af013e34d49,2021-03,South Yorkshire Police,South Yorkshire Police,-1.358667,53.355613,On or near STACYE RISE,E01007969,Sheffield 044B,Unable to prosecute suspect
e1959fb4790b297bdb65c13459b5281427bd0424b790a7a14e7d5a5460ed1bfe,2021-03,South Yorkshire Police,South Yorkshire Police,-1.599705,53.488356,On or near Parking Area,E01008144,Sheffield 001A,Investigation complete; no suspect identified
a349d01ea4376c0be9bc2742fa4e2d2c4fff62bd9b1a2353a5c10ef29b55d011,2021-03,South Yorkshire Police,South Yorkshire Police,-1.471720,53.377911,On or near Pedestrian Subway,E01033265,Sheffield 074C,Unable to prosecute suspect
61a45cec8fe28345fb8f2fe69326455bbc83e1a58800717732c7856a43f7bc18,2021-03,South Yorkshire Police,South Yorkshire Police,-1.203303,53.444826,On or near CARDWELL COURT,E01007613,Doncaster 033D,Unable to prosecute suspect
9dfa28837fb06c6e091b0c907722a80681b0eb2152a757fade82b60d9b8613f7,2021-03,South Yorkshire Police,South Yorkshire Police,-1.327996,53.463929,On or near WALKER VIEW,E01007774,Rotherham 006D,Unable to prosecute suspect
dbd0689006a3a7144f8ab3c9eaf879994978bfd6b79311432a4c0f057ef48927,2021-03,South Yorkshire Police,South Yorkshire Police,-1.493835,53.430958,On or near COWPER DRIVE,E01008085,Sheffield 009A,Unable to prosecute suspect
b9a2f678b0da7b961a670ca748eaf6238ac36b162a9c5a77faf3cdd4f7c03dee,2021-03,South Yorkshire Police,South Yorkshire Police,-1.327996,53.463929,On or near WALKER VIEW,E01007774,Rotherham 006D,Unable to prosecute suspect
2e0b3bbe287f5801feedcce95daa358776e5635a5b1035ce455ce4ccae551db6,2021-03,South Yorkshire Police,South Yorkshire Police,-1.145848,53.525912,On or near Prison,E01007529,Doncaster 022A,Suspect charged
19676768a14ff81b427b064e931baeb1e8d02614ee7ae36618086e497a7f02a6,2021-03,South Yorkshire Police,South Yorkshire Police,-1.433971,53.406519,On or near SOUTHWELL ROAD,E01007855,Sheffield 014F,Investigation complete; no suspect identified
25b8314ad0a78860ebb18cae9e79f0b34b25a1a6aaa333f70468b3355cbebcb9,2021-03,South Yorkshire Police,South Yorkshire Police,-1.244209,53.478800,On or near LABURNUM GROVE,E01007541,Doncaster 035E,Local resolution
f483d602e21d45b8805eed14d8bfd6496b387acfe1699ecf240af2dff771ac8b,2021-03,South Yorkshire Police,South Yorkshire Police,-1.475900,53.375430,On or near FITZWILLIAM GATE,E01033274,Sheffield 042G,Unable to prosecute suspect
1f9a7cea0a4da252fa4907da462cfbadbb6f8572fb228b8a758258832e869cbc,2021-03,South Yorkshire Police,South Yorkshire Police,,,No location,,,Investigation complete; no suspect identified
c877986b3185be896ff85a9e8aa58083c7fe192ea5ff83282e09f808696329a6,2021-03,South Yorkshire Police,South Yorkshire Police,-1.370392,53.355208,On or near SKELTON CLOSE,E01007970,Sheffield 049D,Investigation complete; no suspect identified
26fe82729dea3cfa72f511b337300b9dcc49ee756f0e8092b96836859b0d7c91,2021-03,South Yorkshire Police,South Yorkshire Police,-1.454066,53.378460,On or near SAMSON STREET,E01007879,Sheffield 075B,Investigation complete; no suspect identified
19d4803b1a218512de5d7a639c2604421dcafd296945c9beb231a3d64dab46a6,2021-03,South Yorkshire Police,South Yorkshire Police,-1.446417,53.348043,On or near OVEREND WAY,E01008075,Sheffield 060B,Investigation complete; no suspect identified
c002d34b966dd123e9977949de69cd5171b7b993521f3e7e457eb3149c89e76c,2021-03,South Yorkshire Police,South Yorkshire Police,-1.109221,53.527389,On or near ARDEEN ROAD,E01007567,Doncaster 018D,Investigation complete; no suspect identified
e2943d769b3309b1b4d814b8826bb68bc2fe0a2f1fd5939b84ab4e956e013455,2021-03,South Yorkshire Police,South Yorkshire Police,-1.313935,53.518581,On or near STATION ROAD,E01007366,Barnsley 025C,Unable to prosecute suspect
7a3d9c674212a7e68bf04eefd3475b3396d4118e35f4ab57f4f6019e7aca4d5a,2021-03,South Yorkshire Police,South Yorkshire Police,-1.459447,53.381999,On or near ANSON STREET,E01033268,Sheffield 075G,Suspect charged
5f9b7213f96868cf682b2aaecc1859a5febfb017347c20f3cfb8f9e67056352a,2021-03,South Yorkshire Police,South Yorkshire Police,-1.465432,53.377119,On or near Conference/Exhibition Centre,E01033274,Sheffield 042G,Suspect charged
c264da0d3635febc3716ac82e3b0ecb192fc2b9dd0ea7aef2743b0a35e72695e,2021-03,South Yorkshire Police,South Yorkshire Police,-1.350728,53.330303,On or near SHORTBROOK ROAD,E01008022,Sheffield 065C,Suspect charged
c264da0d3635febc3716ac82e3b0ecb192fc2b9dd0ea7aef2743b0a35e72695e,2021-03,South Yorkshire Police,South Yorkshire Police,-1.350728,53.330303,On or near SHORTBROOK ROAD,E01008022,Sheffield 065C,Suspect charged
c264da0d3635febc3716ac82e3b0ecb192fc2b9dd0ea7aef2743b0a35e72695e,2021-03,South Yorkshire Police,South Yorkshire Police,-1.350728,53.330303,On or near SHORTBROOK ROAD,E01008022,Sheffield 065C,Suspect charged
c264da0d3635febc3716ac82e3b0ecb192fc2b9dd0ea7aef2743b0a35e72695e,2021-03,South Yorkshire Police,South Yorkshire Police,-1.350728,53.330303,On or near SHORTBROOK ROAD,E01008022,Sheffield 065C,Suspect charged
e07b2b263865503a68b5cd3b2de2a022b9fe466080a1980ea1182f9fe7ab8182,2021-03,South Yorkshire Police,South Yorkshire Police,-1.064225,53.555288,On or near WORRAL COURT,E01007475,Doncaster 011A,Investigation complete; no suspect identified
96b7df91037603c41b513c7b68738d57706574f5e7f20bc1d0733a4263e5962f,2021-03,South Yorkshire Police,South Yorkshire Police,-1.261135,53.389989,On or near GURTH DRIVE,E01007809,Rotherham 026B,Unable to prosecute suspect
fdef010003977ccc38573e6eaf88a3681d243c7fe9952268ab14c5258d74f1c9,2021-03,South Yorkshire Police,South Yorkshire Police,-1.261135,53.389989,On or near GURTH DRIVE,E01007809,Rotherham 026B,Unable to prosecute suspect
bf0b45d51b5a020513a30266245b9093ea8a067c3ab08a9e512cb2dc9db27739,2021-03,South Yorkshire Police,South Yorkshire Police,-1.401610,53.430442,On or near HILL TOP LANE,E01007745,Rotherham 015E,Unable to prosecute suspect
4110fcbb17b0ac720c4e3105cefec55d927f73e00d15399346f10eea30147a2e,2021-03,South Yorkshire Police,South Yorkshire Police,-1.064225,53.555288,On or near WORRAL COURT,E01007475,Doncaster 011A,Investigation complete; no suspect identified
8367e4d6c728edac20023be40a0faf849d59b6ed397bd7290f89a598dc9c3990,2021-03,South Yorkshire Police,South Yorkshire Police,-1.508977,53.385135,On or near COLCHESTER ROAD,E01007960,Sheffield 029B,Unable to prosecute suspect
50d1d394c0f36851a7e66e8d1112b060b9069801451fcf76f35d4383679649d1,2021-03,South Yorkshire Police,South Yorkshire Police,-1.521771,53.352980,On or near HAUGH LANE,E01007928,Sheffield 055B,Investigation complete; no suspect identified
756c793cd49f953dd6935b285d02c7107a0aaca9d4ec745cb6d2653b244f60b5,2021-03,South Yorkshire Police,South Yorkshire Police,-1.183742,53.488191,On or near WICKET WAY,E01007545,Doncaster 034A,Unable to prosecute suspect
e32329f830f8a224a9f169b3b8b4e7db9f2443ac2f0d3b13724d452f131c9a8c,2021-03,South Yorkshire Police,South Yorkshire Police,-1.499009,53.388949,On or near MATLOCK ROAD,E01008073,Sheffield 030E,Unable to prosecute suspect
712b9402c66092c94333ade8acaaccabaad68e0c7fb330b7e5415532077e40fd,2021-03,South Yorkshire Police,South Yorkshire Police,-1.285039,53.434197,On or near BLUEBELL WOOD LANE,E01032927,Rotherham 012F,Investigation complete; no suspect identified
6384c16b2d30f2f0c33e27a58494076d86062a416d9995b1654838183c65db4d,2021-03,South Yorkshire Police,South Yorkshire Police,-1.482095,53.544829,On or near CALIFORNIA TERRACE,E01007415,Barnsley 013C,Unable to prosecute suspect
6d2554c1f4bb988e0634c5d498473d109d4b14fa1725cb6eb58bf6a830bfbde1,2021-03,South Yorkshire Police,South Yorkshire Police,-1.091493,53.500011,On or near HOWDEN CLOSE,E01007520,Doncaster 027A,Unable to prosecute suspect
1976e8b5cc6b5160cf81ec05118a53c04ec1fd56ca9ddf4863d0568f1c4baebf,2021-03,South Yorkshire Police,South Yorkshire Police,-1.530289,53.571481,On or near BARUGH LANE,E01007386,Barnsley 005E,Investigation complete; no suspect identified
8924b6a5497ad66e07ffb75d230c2008de356e3b9bb699bab3265647b5fc11e7,2021-03,South Yorkshire Police,South Yorkshire Police,-1.419221,53.357388,On or near SHARRARD GROVE,E01008000,Sheffield 052A,Investigation complete; no suspect identified
f78aa5c1c56cd4c21149b09704fb343c9dfeb4b23549d7b7a2742362aa1f36fc,2021-03,South Yorkshire Police,South Yorkshire Police,-1.199395,53.423641,On or near Supermarket,E01007763,Rotherham 020E,Investigation complete; no suspect identified
6caf1f66f9d8ec6ff4d41b131be0ac15d0f01a7bf22947bbf39afaf2e6425526,2021-03,South Yorkshire Police,South Yorkshire Police,-1.484738,53.365473,On or near THORNSETT ROAD,E01008111,Sheffield 040D,Unable to prosecute suspect
055089e84496eeffc629f5bf78b8b07c50a6bcef5c4118b127b08d28ccadc39a,2021-03,South Yorkshire Police,South Yorkshire Police,-1.252411,53.487112,On or near BOLTON STREET,E01007544,Doncaster 032D,Unable to prosecute suspect
7841a80b33b1508d6a8c18855fffcb899c6916db9855ddf4929211b72a6ba55b,2021-03,South Yorkshire Police,South Yorkshire Police,-1.499300,53.403890,On or near Petrol Station,E01008093,Sheffield 017D,Investigation complete; no suspect identified
3866559c4e7980e6204e43803ba867b1ede9d2ed90b312531df2a90ada8d800c,2021-03,South Yorkshire Police,South Yorkshire Police,-1.457167,53.392272,On or near Nightclub,E01033269,Sheffield 022G,Unable to prosecute suspect
d802a7d9c1e0b65fb1f7cce78d271c45130acb6feae0dd6566bc9057ba7f3149,2021-03,South Yorkshire Police,South Yorkshire Police,-1.275163,53.436987,On or near THE DELL,E01007692,Rotherham 012C,Unable to prosecute suspect
bc7e2308396270ee2c6779c076244eee736c9201d8d26e713229476de796d295,2021-03,South Yorkshire Police,South Yorkshire Police,-1.117022,53.517874,On or near FIRBECK ROAD,E01007647,Doncaster 019C,Investigation complete; no suspect identified
05c0e1686b91ce9ba04a8a8d21f10db020f9c7824465e579bfb6cef852a7267e,2021-03,South Yorkshire Police,South Yorkshire Police,-1.137529,53.523300,On or near Shopping Area,E01007645,Doncaster 022E,Investigation complete; no suspect identified
7be793641cb924240d488675942ccc793b8a60b6269b36ae95483f25ab3b155b,2021-03,South Yorkshire Police,South Yorkshire Police,-1.492563,53.329111,On or near OLD PARK ROAD,E01007826,Sheffield 066C,Unable to prosecute suspect
6e90af0076c69e86499e75ddf1877077a25129e453626d69c8b6f90d3acfa970,2021-03,South Yorkshire Police,South Yorkshire Police,-1.460275,53.326021,On or near HAZLEBARROW GROVE,E01008081,Sheffield 070A,Further action is not in the public interest
f127239b7267a40e0c579991fcc8cf3c686b0a578699cc8beaa81d5299c47512,2021-03,South Yorkshire Police,South Yorkshire Police,-1.492213,53.428120,On or near WILCOX ROAD,E01008116,Sheffield 009C,Investigation complete; no suspect identified
c752e335d4b47e5c5093a9f0e3e7f5ce6c487a08573efbcae9fa147633fb5ef9,2021-03,South Yorkshire Police,South Yorkshire Police,-1.435183,53.461491,On or near FLANDERS COURT,E01007802,Rotherham 007C,Investigation complete; no suspect identified
99c9eaf772cee36aef6cc056386aa582ff38a81aacbb3e52e84b8c31e524e899,2021-03,South Yorkshire Police,South Yorkshire Police,-1.310878,53.543399,On or near HALL FARM DRIVE,E01007375,Barnsley 014D,Unable to prosecute suspect
d31435447e335531f54bd7dda7c2f0fa1a9fda14479790032fa64106575e6b4f,2021-03,South Yorkshire Police,South Yorkshire Police,,,No location,,,Unable to prosecute suspect
a9ecc63a9c910d62bc00428dce5777a322cb8678a9559bea6f88c90d92dad5be,2021-03,South Yorkshire Police,South Yorkshire Police,-1.484967,53.341492,On or near MOOR VIEW ROAD,E01007828,Sheffield 059A,Unable to prosecute suspect
73d72b96798eccbe7785e4e7d4cfe3cbd6bf0eb1c095d53412d0ac6c7a29615f,2021-03,South Yorkshire Police,South Yorkshire Police,-1.493757,53.385521,On or near CROOKESMOOR ROAD,E01008067,Sheffield 030D,Unable to prosecute suspect
f034bdd986c5003f58c6b1e72237f19731c140e431300f5d1f2262ec5f47aa7c,2021-03,South Yorkshire Police,South Yorkshire Police,-1.442408,53.284582,On or near RAMSHAW ROAD,E01019827,North East Derbyshire 004E,Unable to prosecute suspect
0f916fa132839fef9fed228493f4389a4c2d4d8cff6eac1fffdf00f85788a6b7,2021-03,South Yorkshire Police,South Yorkshire Police,-1.478515,53.321222,On or near LOWEDGES CRESCENT,E01008083,Sheffield 070C,Unable to prosecute suspect
3b9bdd27358a32f143200b8db83013ceb53fa53bd133b4c7aaea504e31864fa7,2021-03,South Yorkshire Police,South Yorkshire Police,-1.472991,53.307759,On or near FAIRVIEW ROAD,E01019780,North East Derbyshire 004A,Unable to prosecute suspect
fb7b7ca109759473e28cac0a3c5e0c611f6f549e2044f2f437f04e0f1525d40d,2021-03,South Yorkshire Police,South Yorkshire Police,-1.478515,53.321222,On or near LOWEDGES CRESCENT,E01008083,Sheffield 070C,Local resolution
9cb2bed9411064ce875e9ffcab249d7de343fe435dd93fec05f88b367629d4b8,2021-03,South Yorkshire Police,South Yorkshire Police,-1.321434,53.516503,On or near ULLSWATER CLOSE,E01007368,Barnsley 025E,Investigation complete; no suspect identified
b0ffe0106521a4734f119843eca2c1f565a127dac4bec80e5f0eb7a77a098e7d,2021-03,South Yorkshire Police,South Yorkshire Police,-1.470442,53.414291,On or near HERRIES PLACE,E01007945,Sheffield 015B,Investigation complete; no suspect identified
1927c32e6ca9551c88e97920c59650501d659b54f449d158e50956ae59ba6c98,2021-03,South Yorkshire Police,South Yorkshire Police,,,No location,,,Investigation complete; no suspect identified
9d7a65dc8c0c2fb32518a749b215d32626e48314ec85846c08940cefedc8ea8a,2021-03,South Yorkshire Police,South Yorkshire Police,-1.492528,53.558374,On or near WELLFIELD ROAD,E01007408,Barnsley 010C,Investigation complete; no suspect identified
8f03b0a3b94a8f81ed2ac8b1f5ab152841baed2c1fe73e52a7e57be09e255769,2021-03,South Yorkshire Police,South Yorkshire Police,-1.348484,53.426353,On or near LILIAN STREET SOUTH,E01007680,Rotherham 023D,Unable to prosecute suspect
43aa4b0aa1c8cbbd6b3a1b86396f38600380826123b416fe270562603e4e0408,2021-03,South Yorkshire Police,South Yorkshire Police,-1.480158,53.384914,On or near UPPER ALLEN STREET,E01033276,Sheffield 073E,Investigation complete; no suspect identified
dc8d526c74e4f946ec2762b1e9a4042ea9eee1c8e59a2d5dc46d96ffd426339b,2021-03,South Yorkshire Police,South Yorkshire Police,-1.451130,53.539990,On or near COLLEY AVENUE,E01007317,Barnsley 018A,Investigation complete; no suspect identified
56510d342a77162bd5d09442f61f1e6881347cd2667eb2d6e6fdec09570fa554,2021-03,South Yorkshire Police,South Yorkshire Police,-1.475326,53.368255,On or near Parking Area,E01008109,Sheffield 042B,Unable to prosecute suspect
b6fcd31f995c6f7870f843126850f1890a7b20324c8b85b7aaa0edc931f78e3e,2021-03,South Yorkshire Police,South Yorkshire Police,-1.493835,53.430958,On or near COWPER DRIVE,E01008085,Sheffield 009A,Unable to prosecute suspect
cb73544166f42a34a1d8f9ffaca54bb38e6d4727b9bd603c1a5caca0ef80d85f,2021-03,South Yorkshire Police,South Yorkshire Police,-1.449022,53.338294,On or near MAWFA CRESCENT,E01008077,Sheffield 060D,Unable to prosecute suspect
06a1c0d01b26f3a0a1cacf44ba660bad74da4b5478973d27c739f0479a8a570e,2021-03,South Yorkshire Police,South Yorkshire Police,-1.305220,53.446451,On or near SILVER STREET,E01007721,Rotherham 010C,Unable to prosecute suspect
8fa7b2cdd22f9f2809ebbdd5bd3fa771fd56746ebf12b3c5de4a1d171d715b03,2021-03,South Yorkshire Police,South Yorkshire Police,-1.484267,53.549917,On or near GEORGE SQUARE,E01007340,Barnsley 013B,Unable to prosecute suspect
20c0be939d89870ac6146e4e5ffcec7f8601909808747e7378a994e6b5d9e40e,2021-03,South Yorkshire Police,South Yorkshire Police,-1.478632,53.416314,On or near KINHARVIE ROAD,E01007950,Sheffield 015D,Investigation complete; no suspect identified
e47cac8270fe0ba3f4c16889dafdde3cd55af039a9f8f9ce2444572c389cfc48,2021-03,South Yorkshire Police,South Yorkshire Police,-1.325013,53.438295,On or near BROOK ROAD,E01007738,Rotherham 013D,Unable to prosecute suspect
8857f99c5bf692144ea4d7b0cfa908b284e6b775ad4057eec5f54968866d2ef3,2021-03,South Yorkshire Police,South Yorkshire Police,-1.079196,53.476833,On or near DUKE AVENUE,E01007592,Doncaster 037B,Unable to prosecute suspect
be1330d82d325cbd5d3d1ac9a17bcc48081d3a632392f01792ff33faede2ca0c,2021-03,South Yorkshire Police,South Yorkshire Police,-1.489000,53.470173,On or near NEWGATE CLOSE,E01007901,Sheffield 003G,Unable to prosecute suspect
2d1b07bc855267391e310b755d247176c7aa791c2177b1afeee32f39beb60717,2021-03,South Yorkshire Police,South Yorkshire Police,-1.464470,53.432188,On or near COLLEY CRESCENT,E01008053,Sheffield 006A,Investigation complete; no suspect identified
964eadfe1c030095b5f96f506140d2ec7be1e420efe1569091f6c256b8622bc9,2021-03,South Yorkshire Police,South Yorkshire Police,-1.119952,53.519154,On or near ROMAN ROAD,E01007647,Doncaster 019C,Further action is not in the public interest
28995b2deebb9d991eab9a181a979803fd10f3d398f30c5d5b6577de8a47f1b1,2021-03,South Yorkshire Police,South Yorkshire Police,-1.319640,53.520214,On or near FAR CROFT,E01007364,Barnsley 025A,Further action is not in the public interest
748c0db5882c088c6bb8ccf20bf63924ea035adb0c924619d56e44d5b02b10b4,2021-03,South Yorkshire Police,South Yorkshire Police,-1.496558,53.399186,On or near BURNABY STREET,E01008161,Sheffield 026E,Investigation complete; no suspect identified
6a9cb1c4cb9a4659b526f75347cd4d0cd3715d13467713ba4049c795e8cbaa3c,2021-03,South Yorkshire Police,South Yorkshire Police,-1.468492,53.382418,On or near FARGATE,E01033264,Sheffield 073D,Unable to prosecute suspect
dd9178caaf61b3611c818228369787e772e4428dd484d2940d1bed740d4cceae,2021-03,South Yorkshire Police,South Yorkshire Police,-1.237388,53.586925,On or near MAIN STREET,E01007587,Doncaster 020C,Unable to prosecute suspect
f8025f11a0dbbd57a3bab972d741a7286ffa67d322ac44e287c1520282b87795,2021-03,South Yorkshire Police,South Yorkshire Police,-1.468492,53.382418,On or near FARGATE,E01033264,Sheffield 073D,Unable to prosecute suspect
e5e2f9e583c7a5b355ce6a4f7b6f976ff322e3fb53944bf4a60f2a5d3250e549,2021-03,South Yorkshire Police,South Yorkshire Police,-1.418357,53.579546,On or near ALMOND AVENUE,E01007343,Barnsley 003D,Investigation complete; no suspect identified
f7eaf2b5ee9dea1b704a65d37789a09ba3a23629ae218373648bae793002926a,2021-03,South Yorkshire Police,South Yorkshire Police,-0.963482,53.613819,On or near FIELD ROAD,E01007637,Doncaster 003B,Unable to prosecute suspect
620314a0816d16f0d703d3437fd836ba49b9b73b0c8ce0a2b84830df1bf48d50,2021-03,South Yorkshire Police,South Yorkshire Police,-1.349693,53.472364,On or near WOOD CLOSE,E01007781,Rotherham 005D,Suspect charged
0a7c163839c6b0731642c507f46724a30177875d86ac65a36c3f96205df91c58,2021-03,South Yorkshire Police,South Yorkshire Police,-1.135456,53.524345,On or near Shopping Area,E01007655,Doncaster 022F,Suspect charged
3f4b723d7a2fafc36cfb3e54f1c484d66ecb78267922240ae855415f371d0843,2021-03,South Yorkshire Police,South Yorkshire Police,-0.949412,53.628878,On or near DUNELM CRESCENT,E01007634,Doncaster 001C,Offender given a drugs possession warning
24a6b3099046c62c611eca9c3a9a86ad9c53a238a64298ed9919fa915becc36d,2021-03,South Yorkshire Police,South Yorkshire Police,-1.477122,53.355373,On or near BURCOT ROAD,E01007981,Sheffield 053C,Unable to prosecute suspect
9313a8e95ef3730861176a2e481dcb07ecfdb87eb89181d066aff6e3cc7ab07e,2021-03,South Yorkshire Police,South Yorkshire Police,-1.348695,53.435181,On or near YORK ROAD,E01007769,Rotherham 017D,Further action is not in the public interest
1c0126831bf188e105c050e9383ee93a7cdc04ea3e481dd4b0ee7525e949ef45,2021-03,South Yorkshire Police,South Yorkshire Police,-1.192326,53.423449,On or near STAFFORDSHIRE CLOSE,E01007759,Rotherham 020C,Local resolution
592d458a36318778a2f27e9abe5b089ee986a010761d0829d770e1232a96d65a,2021-03,South Yorkshire Police,South Yorkshire Police,-0.949412,53.628878,On or near DUNELM CRESCENT,E01007634,Doncaster 001C,Investigation complete; no suspect identified
2fae35164ef15fc3280a305708b37bad5ad4f0f46a10281bc5441231cf8aad8d,2021-03,South Yorkshire Police,South Yorkshire Police,-1.492817,53.435556,On or near HALIFAX ROAD,E01008141,Sheffield 005E,Unable to prosecute suspect
2fae35164ef15fc3280a305708b37bad5ad4f0f46a10281bc5441231cf8aad8d,2021-03,South Yorkshire Police,South Yorkshire Police,-1.492817,53.435556,On or near HALIFAX ROAD,E01008141,Sheffield 005E,Unable to prosecute suspect
4f7b251e275c627c6d8d8a89c53f6e90567ec51b00f498eb85b20ceba0affbe4,2021-03,South Yorkshire Police,South Yorkshire Police,-1.344013,53.435219,On or near COTTENHAM ROAD,E01007768,Rotherham 014D,Unable to prosecute suspect
aa32fff32350acf03e6f898dedcf92eb39b4b0c5c8f86e2eec3075af8461adf3,2021-03,South Yorkshire Police,South Yorkshire Police,-1.329428,53.429430,On or near BROWNING DRIVE,E01007735,Rotherham 013B,Unable to prosecute suspect
44851f84c867eee2396bf56be4d345dddf09eb9bf611459c081e56555b3128cc,2021-03,South Yorkshire Police,South Yorkshire Police,-1.342549,53.341746,On or near ALLEN ROAD,E01008039,Sheffield 065F,Investigation complete; no suspect identified
dc7e98fe3736397a57803d9ad5cddc022f2d2bb4ebc7d78843c74ab468875067,2021-03,South Yorkshire Police,South Yorkshire Police,-0.990449,53.591649,On or near Petrol Station,E01007559,Doncaster 008D,Investigation complete; no suspect identified
f933fef779947a6826354f1e4700992d46cfcea042d89a00866e37bc5e6eafac,2021-03,South Yorkshire Police,South Yorkshire Police,-1.144473,53.517804,On or near ELLERKER AVENUE,E01007529,Doncaster 022A,Investigation complete; no suspect identified
0ba73349f461f54185a0913fd47d8e73d140c0bd1389a283db7d31f0d9857b6e,2021-03,South Yorkshire Police,South Yorkshire Police,-1.446689,53.575132,On or near FYLDE CLOSE,E01007406,Barnsley 009E,Unable to prosecute suspect
62dbbf4afe3a84d76ed6a4bbd9491280a222153d2f50cc96bd67cb4c41094d78,2021-03,South Yorkshire Police,South Yorkshire Police,-1.071829,53.505118,On or near WENSLEY CRESCENT,E01007522,Doncaster 024A,Investigation complete; no suspect identified
9390875d5284e85cbca7f4599804df26f008b7a36312407c03ac3323c1da21c9,2021-03,South Yorkshire Police,South Yorkshire Police,-1.276480,53.497660,On or near ADDISON ROAD,E01007578,Doncaster 030B,Investigation complete; no suspect identified
b158a4ea9e819e95dd7028200f101326e14da0ae18230fc4b99274ef584e8ac2,2021-03,South Yorkshire Police,South Yorkshire Police,-1.352874,53.330386,On or near BIRCHWOOD VIEW,E01008022,Sheffield 065C,Unable to prosecute suspect
ac0dde2a09fc8573a62c0edd9438971da64e0c1b016eca9292d143993816dbd8,2021-03,South Yorkshire Police,South Yorkshire Police,-1.448967,53.354167,On or near PLOWRIGHT MOUNT,E01007979,Sheffield 051D,Unable to prosecute suspect
9eb6336512d078c1eb87c72b2e3c023d50e48242f90c30196f71468d9c91c41c,2021-03,South Yorkshire Police,South Yorkshire Police,-1.415888,53.521954,On or near WINDMILL COURT,E01007452,Barnsley 026B,Investigation complete; no suspect identified
20f1fd8d9204be903f06a0a83cbd6b78ee6dbd31d608ad5b5b501201e9900b4e,2021-03,South Yorkshire Police,South Yorkshire Police,-1.563583,53.535078,On or near Parking Area,E01007419,Barnsley 016B,Investigation complete; no suspect identified
dca2e495664911e86f80d5accc887a82973bb1ba45e8cc6308d4f24592cf5679,2021-03,South Yorkshire Police,South Yorkshire Police,-1.264610,53.425660,On or near BALK LANE,E01007681,Rotherham 012A,Unable to prosecute suspect
4289932bc7c3c073ff94ac5f5824de4276d21e758c530a6b875ae15886bcdd43,2021-03,South Yorkshire Police,South Yorkshire Police,-1.498347,53.546219,On or near KERESFORTH CLOSE,E01007445,Barnsley 013G,Unable to prosecute suspect
8f7f78d36af8fd8c5d0a7fd48dc49dd0eb834e62b3ac05386e8fc799d1a36d11,2021-03,South Yorkshire Police,South Yorkshire Police,-1.498347,53.546219,On or near KERESFORTH CLOSE,E01007445,Barnsley 013G,Unable to prosecute suspect
3893144dcf038c734acce2bf93f25186dab73865dc0a65c87dc740b9fbf6e13c,2021-03,South Yorkshire Police,South Yorkshire Police,-1.437811,53.350268,On or near SPRING CLOSE VIEW,E01007982,Sheffield 054A,Investigation complete; no suspect identified
10cde818699eae4a7c233132dc675a7926634b9c79ea5fb1dad238956b1fe915,2021-03,South Yorkshire Police,South Yorkshire Police,-1.415012,53.386096,On or near ACRES HILL ROAD,E01007906,Sheffield 027D,Suspect charged
8433583d0c8dfd8715ff527cefc962223c6d6ec0385aaf45269a0b831461a6b7,2021-03,South Yorkshire Police,South Yorkshire Police,-1.416182,53.386281,On or near PARKER WAY,E01007906,Sheffield 027D,Further action is not in the public interest
e1c8bbbae7e212996927ae81d665274caa286d9301b6cdd0d52fa76e968994c2,2021-03,South Yorkshire Police,South Yorkshire Police,-1.499593,53.558305,On or near Hospital,E01007446,Barnsley 012G,Suspect charged
71e9c4beb746f13fe0872611a073a7720d06a438ff38f931b718bba63c6fbb44,2021-03,South Yorkshire Police,South Yorkshire Police,-1.531913,53.313074,On or near GREEN OAK DRIVE,E01007925,Sheffield 068D,Unable to prosecute suspect
b61aeef68933d0481fa6a61c69e44a0769b5f50d56015886830cfaac5c22d992,2021-03,South Yorkshire Police,South Yorkshire Police,-1.091493,53.500011,On or near HOWDEN CLOSE,E01007520,Doncaster 027A,Unable to prosecute suspect
c96cd83692bee41346e3d1b24155ed7922a314ded5eace25fbdd6fa10957ad28,2021-03,South Yorkshire Police,South Yorkshire Police,-1.091493,53.500011,On or near HOWDEN CLOSE,E01007520,Doncaster 027A,Unable to prosecute suspect
e4a150a2f4d25f07673b59ab228a1a7064bba248584d1c175f3923e3a539dc44,2021-03,South Yorkshire Police,South Yorkshire Police,-1.473685,53.384364,On or near Parking Area,E01033261,Sheffield 073A,Unable to prosecute suspect
c05e2d54f18b5815acd3a16a59224b5dadca37e0c853883d174cb552d4008798,2021-03,South Yorkshire Police,South Yorkshire Police,-1.419108,53.535749,On or near BARNSLEY ROAD,E01007450,Barnsley 023D,Investigation complete; no suspect identified
86647acbbbf1af098d2bc6490f80a4cbaa4401afd4ee0a06a7f81ca604b9685b,2021-03,South Yorkshire Police,South Yorkshire Police,-1.446427,53.500320,On or near BROAD STREET,E01007390,Barnsley 030B,Unable to prosecute suspect
d9a64f2bdf21c1ea60522cf8a8431d4a88e5e70e648cca319f8f70aea0afb963,2021-03,South Yorkshire Police,South Yorkshire Police,-1.141483,53.533674,On or near MARSH ROAD,E01007517,Doncaster 013D,Investigation complete; no suspect identified
c61a977d722da8f6771e1cf99fc8aff67e1f0fa8a68e352b0055558967713974,2021-03,South Yorkshire Police,South Yorkshire Police,-1.490085,53.550589,On or near BRADBURY STREET,E01007443,Barnsley 013F,Investigation complete; no suspect identified
d1dd8a10d3d93b191fbf43c8a42c846dfe48e24f04c0e0a8bda6f5c7c65c1549,2021-03,South Yorkshire Police,South Yorkshire Police,-1.501096,53.425227,On or near CAMBORNE CLOSE,E01008087,Sheffield 012A,Unable to prosecute suspect
78d9b0cacf260732b54f2674a009b46efb86a13551d4f3f6d1d3580ec9b86dbb,2021-03,South Yorkshire Police,South Yorkshire Police,-1.472579,53.579519,On or near EDWINS CLOSE,E01007326,Barnsley 007D,Unable to prosecute suspect
821422d049a13a8f017f8914c34c1298e33484529066e78aededc382f2245225,2021-03,South Yorkshire Police,South Yorkshire Police,-1.466098,53.320169,On or near WHITE THORNS CLOSE,E01008084,Sheffield 070D,Unable to prosecute suspect
fa0f5580b914736cd630cfa9ac6f618c88b0fc77610462a5633914001d05add2,2021-03,South Yorkshire Police,South Yorkshire Police,-1.375099,53.447376,On or near BROOM RIDDINGS,E01007728,Rotherham 009A,Unable to prosecute suspect
ec3e5868ad1d8d9e16b2b134aebb80e98dda94c96ee3cecc9a1092287cd723a4,2021-03,South Yorkshire Police,South Yorkshire Police,-1.076150,53.556693,On or near LYNDHURST CRESCENT,E01007477,Doncaster 011C,Unable to prosecute suspect
09819440a304ba44575c5a28686125e1c939be4fe9c2e09feac2e9cbc862d950,2021-03,South Yorkshire Police,South Yorkshire Police,-1.388935,53.454764,On or near Pedestrian Subway,E01007732,Rotherham 009E,Unable to prosecute suspect
8b1be618ab3bb61da164d5fca621897657e9bdd2104327d1922cec231876591b,2021-03,South Yorkshire Police,South Yorkshire Police,-1.428549,53.345253,On or near HERDINGS COURT,E01008006,Sheffield 054D,Investigation complete; no suspect identified
111b2fc5c0ba9472a0cf7a3f75c2585fa51264f96a82897f6608b370c13ac00d,2021-03,South Yorkshire Police,South Yorkshire Police,-1.473604,53.366575,On or near HIGHFIELD PLACE,E01008109,Sheffield 042B,Suspect charged
2b65b6f3eb2c97628520d94025c692fcbfaa1f5f45820379e433a43e8bbdbff8,2021-03,South Yorkshire Police,South Yorkshire Police,-1.476714,53.380117,On or near WESTFIELD TERRACE,E01033265,Sheffield 074C,Unable to prosecute suspect
4eaacc9a6832316db827ca78c86e5bdedf99a103854247b71126bc3a6c04d19f,2021-03,South Yorkshire Police,South Yorkshire Police,-1.473703,53.542536,On or near PEEL STREET,E01007414,Barnsley 017D,Investigation complete; no suspect identified
5dcfa0760071ce142d5fc7a6252030efffabfc4744c65478a871a257f83f1f99,2021-03,South Yorkshire Police,South Yorkshire Police,-1.476714,53.380117,On or near WESTFIELD TERRACE,E01033265,Sheffield 074C,Unable to prosecute suspect
598565be0f4c37cf6c64650c103fba8cdf77b9600c6af9cbc333c6bfe0a4cda1,2021-03,South Yorkshire Police,South Yorkshire Police,-1.475789,53.380787,On or near ROCKINGHAM STREET,E01033265,Sheffield 074C,Suspect charged
eb0ade467b7e8ac01c77b0609900f63c4061a73c4c8da55e70f995efaef0ac01,2021-03,South Yorkshire Police,South Yorkshire Police,-1.473604,53.366575,On or near HIGHFIELD PLACE,E01008109,Sheffield 042B,Unable to prosecute suspect
1fc51aca9d6555a46330c6cb7f6ba394af060eca3191f06a2b64e8f18cc1f5ad,2021-03,South Yorkshire Police,South Yorkshire Police,-1.454904,53.398761,On or near ELLA ROAD,E01007874,Sheffield 022A,Investigation complete; no suspect identified
dbac16dbe687b6efa02b3ab74c8872ce53b97f0b53c52cd39565d31c7c70ed01,2021-03,South Yorkshire Police,South Yorkshire Police,-1.361795,53.409724,On or near A631,E01007676,Rotherham 025A,Investigation complete; no suspect identified
c56a6e6b73e01d39cbdb6881af7c51094fb3cc8f31ba4e32c23b911e9e102541,2021-03,South Yorkshire Police,South Yorkshire Police,-1.147158,53.529814,On or near SPROTBROUGH ROAD,E01007517,Doncaster 013D,Unable to prosecute suspect
108f0b0be1ba3acbcc6df64100ee69b035275674f0257c1c53569d210fedcc85,2021-03,South Yorkshire Police,South Yorkshire Police,-1.361645,53.391629,On or near MAIN STREET,E01007701,Rotherham 027D,Investigation complete; no suspect identified
b914a325559a394736be40ad8cb450612c96e55460d007ba8faaa5d3c8884fcf,2021-03,South Yorkshire Police,South Yorkshire Police,-1.527242,53.364993,On or near WHITELEY WOOD CLOSE,E01007865,Sheffield 038D,Investigation complete; no suspect identified
6aab184c78b1f7beed120b21e047b77042e982ff6ffd63fcd1ca522799b915cc,2021-03,South Yorkshire Police,South Yorkshire Police,-1.671829,53.524314,On or near MILLHOUSE LANE,E01007427,Barnsley 024A,Investigation complete; no suspect identified
8e0fd6f99670036a8a876804955010094dac28884680a8a684851e2c54751d7b,2021-03,South Yorkshire Police,South Yorkshire Police,-1.486528,53.469075,On or near NEWTON ROAD,E01007901,Sheffield 003G,Investigation complete; no suspect identified
0555f612b7970816c8d0b6021b3ea0f522ab5dbdf2470b624fcee08c9230c9e6,2021-03,South Yorkshire Police,South Yorkshire Police,-1.471147,53.390250,On or near Sports/Recreation Area,E01033270,Sheffield 022H,Investigation complete; no suspect identified
6e2031db5c0259fd9d06c78bdf1a385d6f62d557b9b782adae9ab3801a9a644e,2021-03,South Yorkshire Police,South Yorkshire Police,-1.481318,53.546704,On or near POND STREET,E01007340,Barnsley 013B,Investigation complete; no suspect identified
10cdd99648b14471bf86c32889c899c05a0a952b5df07f5729c8b69cc655eddd,2021-03,South Yorkshire Police,South Yorkshire Police,-1.492091,53.419464,On or near COOKSON CLOSE,E01008090,Sheffield 012C,Investigation complete; no suspect identified
abef0bf86eec60bc7eb1fa1075b862c22cab2a3244b2f214809250cf2718f8de,2021-03,South Yorkshire Police,South Yorkshire Police,-1.315394,53.368955,On or near WALPOLE GROVE,E01007668,Rotherham 030B,Investigation complete; no suspect identified
04eaa1791deecdc40e8e0bb2650e2ec3045b4ed185cbc9ea7b9024f6d89c89ef,2021-03,South Yorkshire Police,South Yorkshire Police,-1.490085,53.550589,On or near BRADBURY STREET,E01007443,Barnsley 013F,Suspect charged
08893a7009872ba71957537f7120c4b9509f28b61934072f692a21cd6a20c9b8,2021-03,South Yorkshire Police,South Yorkshire Police,-1.476428,53.552876,On or near Parking Area,E01007340,Barnsley 013B,Investigation complete; no suspect identified
8958aae6d403e63490b3601528e45ec407f313353a90507cf6f649080bfbb939,2021-03,South Yorkshire Police,South Yorkshire Police,-1.028459,53.600962,On or near FINKLE STREET,E01007626,Doncaster 004B,Investigation complete; no suspect identified
98030ab6cd4a1b361231808e81e02cd5d3356860eb003b87b7e91d61746d34e3,2021-03,South Yorkshire Police,South Yorkshire Police,-1.295575,53.532524,On or near MELTONFIELD,E01007369,Barnsley 022A,Investigation complete; no suspect identified
60e79fbdd63e9f398547ab3f4b0dda1eda7c1938286f44479fbc031ba6a5a626,2021-03,South Yorkshire Police,South Yorkshire Police,-1.457006,53.403705,On or near STAIR ROAD,E01007872,Sheffield 020B,Unable to prosecute suspect
a891d57ccc2a46b017d3f9694d6ef496a2f22342d8557d189faff18accbaf69f,2021-03,South Yorkshire Police,South Yorkshire Police,-1.488118,53.370620,On or near SAWDON ROAD,E01008111,Sheffield 040D,Investigation complete; no suspect identified
ee283b5130d49b8bacf385c1b68c43b15f438d4a525000a8ffb3acd0bd64c26f,2021-03,South Yorkshire Police,South Yorkshire Police,-1.209960,53.350479,On or near BELVEDERE CLOSE,E01007660,Rotherham 032B,Investigation complete; no suspect identified
d1c138d2c9b06daa76ca4e41f7fdfda636ae2fc196511f4416757f549cf49d64,2021-03,South Yorkshire Police,South Yorkshire Police,-1.599172,53.476139,On or near CEDAR CLOSE,E01008145,Sheffield 001B,Unable to prosecute suspect
5e8d942f00547c1259bdbb3d5a6bf610ca585d878df7ec66e3a4b759622cf7c6,2021-03,South Yorkshire Police,South Yorkshire Police,-1.578798,53.519160,On or near BIRD LANE,E01007423,Barnsley 027C,Investigation complete; no suspect identified
129e57f281969a332a614720b24f8a0ace5a76076fb47ddf90f42dbcb5e3ffc8,2021-03,South Yorkshire Police,South Yorkshire Police,-1.124088,53.533629,On or near RADIANCE ROAD,E01007654,Doncaster 019F,Investigation complete; no suspect identified
da67e601e1621893be82264aa9e167c6ec18b1acfa3adbc0a104715fc50a51e4,2021-03,South Yorkshire Police,South Yorkshire Police,-1.491600,53.321682,On or near ATLANTIC ROAD,E01007919,Sheffield 069C,Local resolution
6f5d900d4a194c06ce4f3e6baa13b75e1d4693d22f47b7a5c8459440fc42ff7b,2021-03,South Yorkshire Police,South Yorkshire Police,-1.422447,53.419965,On or near ROBIN HOOD ROAD,E01007850,Sheffield 014B,Investigation complete; no suspect identified
074205d192e9ab0cc47debcbcc819c4d2325f0f1d5dce30c074cbf82abb8f5fc,2021-03,South Yorkshire Police,South Yorkshire Police,-1.494867,53.431466,On or near OWEN CLOSE,E01008085,Sheffield 009A,Investigation complete; no suspect identified
3b4b6db7f0f7ccaf5623f2baed7090ea5b9ce5729acdd9e394d80fe1104a53ac,2021-03,South Yorkshire Police,South Yorkshire Police,-1.184982,53.481691,On or near GRANBY ROAD,E01007548,Doncaster 034C,Action to be taken by another organisation
f5b66b804769a9daa0899b8321155bcc405511936f00436c0d15f91f15209f3f,2021-03,South Yorkshire Police,South Yorkshire Police,-1.243002,53.478082,On or near ELDER GROVE,E01007541,Doncaster 035E,Investigation complete; no suspect identified
69ce258b932bec0dd7b0b4173a61b8addfaa4b031bd2dac1b38eea62702a1c39,2021-03,South Yorkshire Police,South Yorkshire Police,-1.489387,53.424063,On or near DOE ROYD LANE,E01008118,Sheffield 009E,Suspect charged
70139f0aee281b5a3cf3bbc7ae3dbf01d6c80e2f56c59f8b2630b44d7e311d93,2021-03,South Yorkshire Police,South Yorkshire Police,-1.506195,53.361807,On or near BRINCLIFFE HILL,E01008050,Sheffield 046E,Investigation complete; no suspect identified
4b79455584299d1f614af2f38cf84c26d180d29adced40c7a9bc920f6c80e637,2021-03,South Yorkshire Police,South Yorkshire Police,-1.184982,53.481691,On or near GRANBY ROAD,E01007548,Doncaster 034C,Unable to prosecute suspect
f10c8b765c7e3f1358208e0b65854c32916790763238f2a42f4210afe94e4435,2021-03,South Yorkshire Police,South Yorkshire Police,-1.474857,53.375911,On or near Shopping Area,E01008114,Sheffield 074A,Investigation complete; no suspect identified
33cec9d65b8f0add1d9f188ecdb7d86ea2dfff0513d88d622da1726da6807752,2021-03,South Yorkshire Police,South Yorkshire Police,-1.491600,53.321682,On or near ATLANTIC ROAD,E01007919,Sheffield 069C,Local resolution
040c3c78e24962602f6f8b66c4cf30a94866f3d199e1937e8cbc34a142accb1c,2021-03,South Yorkshire Police,South Yorkshire Police,-1.486585,53.550430,On or near PITT STREET,E01007417,Barnsley 013D,Investigation complete; no suspect identified
c0a102c65c2ec9c83039c8a2ed7ad25392c28f3f6aa9c0552c84661c1b9a4759,2021-03,South Yorkshire Police,South Yorkshire Police,-0.957590,53.622882,On or near HOLLY ROAD,E01007635,Doncaster 001D,Investigation complete; no suspect identified
7d805f3430141bd9707d51b9ae8458d2f9b256a3053b32f7b1fe91c0ae757f5b,2021-03,South Yorkshire Police,South Yorkshire Police,-1.127228,53.525454,On or near VAUGHAN AVENUE,E01007648,Doncaster 019D,Suspect charged
485815407f4d9342209c4ee41ab0bb99d96370f5a90f21dbaa5f606df29b5cd5,2021-03,South Yorkshire Police,South Yorkshire Police,-1.481009,53.564599,On or near HALIFAX STREET,E01007410,Barnsley 010E,Investigation complete; no suspect identified
fdcfada4702b8b1fa35e380ed5aa0274cba54d7636064e0073aaff1ca39e34f7,2021-03,South Yorkshire Police,South Yorkshire Police,-1.020197,53.570090,On or near Petrol Station,E01007562,Doncaster 006E,Offender given a drugs possession warning
a3cde8460a53e8b84b305c06c7e9a974fcfc5e14943fe93f8500cc127c211565,2021-03,South Yorkshire Police,South Yorkshire Police,-1.472843,53.436755,On or near BUTCHILL AVENUE,E01008058,Sheffield 006C,Further action is not in the public interest
715faeeb1b8ea20a1e3861c7efdcab990b798944879e596761b1f6d2c72343fe,2021-03,South Yorkshire Police,South Yorkshire Police,-1.446057,53.408293,On or near BARRETTA STREET,E01007944,Sheffield 022F,Unable to prosecute suspect
e95f420caaee35052e5d83aed13008ffe46b4d28a389bb64d17050abeeb55433,2021-03,South Yorkshire Police,South Yorkshire Police,-1.444992,53.574396,On or near ST MICHAELS AVENUE,E01007406,Barnsley 009E,Investigation complete; no suspect identified
c675c94b4d6584e9d745a75a33c050401894cceb8fe41f47650faa4380089950,2021-03,South Yorkshire Police,South Yorkshire Police,-1.131941,53.519960,On or near Parking Area,E01007645,Doncaster 022E,Investigation complete; no suspect identified
4cabc529a0f4e4ea24522bb53d45122cabdddda48341a236ae09d5d34789ea9c,2021-03,South Yorkshire Police,South Yorkshire Police,-1.460210,53.325257,On or near HAZLEBARROW CRESCENT,E01008081,Sheffield 070A,Unable to prosecute suspect
803fea7edafef4d5e220f7bdb80a0983c1247df7418c0d5ab8dfac7f6872213f,2021-03,South Yorkshire Police,South Yorkshire Police,-1.436491,53.348959,On or near SPRING CLOSE MOUNT,E01007982,Sheffield 054A,Investigation complete; no suspect identified
e4208f25e8cb06d691b6ea07679dee17b3f039d44b942e628a0b7601e58b2f01,2021-03,South Yorkshire Police,South Yorkshire Police,-1.354350,53.555632,On or near PEAR TREE CLOSE,E01007354,Barnsley 020G,Unable to prosecute suspect
ccc23e538172f0a16f0066bcada5c7d61c196dd2a009a141728c9802172dee33,2021-03,South Yorkshire Police,South Yorkshire Police,-1.511003,53.409080,On or near DUNELLA ROAD,E01007991,Sheffield 016D,Investigation complete; no suspect identified
e15da0dd17cd8329b48f85016d8d9296e45070d23e1391b437e46b8143839702,2021-03,South Yorkshire Police,South Yorkshire Police,-1.354350,53.555632,On or near PEAR TREE CLOSE,E01007354,Barnsley 020G,Unable to prosecute suspect
d00c5f58b2b7231c27aa4f25aad97b4b568b8213d5ecec15f96a4129df1ad4a9,2021-03,South Yorkshire Police,South Yorkshire Police,-1.488722,53.414263,On or near HERRIES ROAD,E01008124,Sheffield 012F,Investigation complete; no suspect identified
077ef9dd0e295f7d1b56df48d15b76fcf2eec55b9fb857112c5195def5b8f9b5,2021-03,South Yorkshire Police,South Yorkshire Police,-1.444240,53.382640,On or near MALTRAVERS PLACE,E01007885,Sheffield 075E,Investigation complete; no suspect identified
5a1c65a76915be0bd8c3f8c5541fbc82909594132c5cac367ae7927942dfe1da,2021-03,South Yorkshire Police,South Yorkshire Police,-1.288027,53.427474,On or near MAGNA CRESCENT,E01007724,Rotherham 021E,Investigation complete; no suspect identified
3585c851d1cba8e98b46a3c6f5b7e9eb1f5bab41d2f8c0b2717f85b709af2a15,2021-03,South Yorkshire Police,South Yorkshire Police,-1.030428,53.598793,On or near NEW GREEN,E01007628,Doncaster 004D,Investigation complete; no suspect identified
ecafa1db7beca1f55852f4443d62c354ec79d2bcedf9d71fcbb86f36619a4ecd,2021-03,South Yorkshire Police,South Yorkshire Police,-1.100732,53.509384,On or near LANGSETT COURT,E01007527,Doncaster 027B,Investigation complete; no suspect identified
b284c4d421819c02c2bc6262b6a9fd082054acceb49c6db9d6b2f17f71a1ae8e,2021-03,South Yorkshire Police,South Yorkshire Police,-1.484234,53.417147,On or near POLLARD CRESCENT,E01008124,Sheffield 012F,Investigation complete; no suspect identified
9a2f0703843d172898b9188e6baf088a127edc42a0df429906b29a775c84bdf3,2021-03,South Yorkshire Police,South Yorkshire Police,-1.446410,53.343962,On or near BLACKSTOCK ROAD,E01008076,Sheffield 060C,Investigation complete; no suspect identified
33a0241bae2ef660c88935b99f7098c722636d1394dd89077a103568e7f2dd25,2021-03,South Yorkshire Police,South Yorkshire Police,-1.375171,53.356132,On or near WATER SLACKS CLOSE,E01007970,Sheffield 049D,Unable to prosecute suspect
a5c3b804f4b132b3b967206fbce0bafc6be4ed05ef9af1321d15e1628486afe2,2021-03,South Yorkshire Police,South Yorkshire Police,-1.624041,53.522888,On or near COTEFIELD PLACE,E01007430,Barnsley 024D,Local resolution
0dbf32076ff550827466f202815a21ef3cd43d51615c36596da545aafcfa23cd,2021-03,South Yorkshire Police,South Yorkshire Police,-1.409113,53.521049,On or near ST MARYS ROAD,E01007453,Barnsley 026C,Investigation complete; no suspect identified
fdf03fe69eea6a54f5f084e6451efb441d7d15c32d47f3459e5303a88e3a21a7,2021-03,South Yorkshire Police,South Yorkshire Police,-1.115947,53.497812,On or near WHITE ROSE WAY,E01007502,Doncaster 028C,Unable to prosecute suspect
56e5388038e59777d01a4c523ad53d44097c62c71dd9e9675ea5ef6155d120ce,2021-03,South Yorkshire Police,South Yorkshire Police,-1.500316,53.355670,On or near NEEDHAM WAY,E01008044,Sheffield 046B,Investigation complete; no suspect identified
85deca357b204d3213c990a749c38af30c758ff5c1e1bb38290e4d4176325d7e,2021-03,South Yorkshire Police,South Yorkshire Police,-1.432282,53.383114,On or near PARKWAY CLOSE,E01008015,Sheffield 039D,Investigation complete; no suspect identified
ba93c12ff2d2c4d6692630996794e2b86c6c6699477d8304b54cc5155a44c55c,2021-03,South Yorkshire Police,South Yorkshire Police,-1.325408,53.488472,On or near ROCKINGHAM ROAD,E01007799,Rotherham 003D,Investigation complete; no suspect identified
47c8ac04808d5410ef5b9843a0babd0258edab612fdec9eff5802aeaee2f7f07,2021-03,South Yorkshire Police,South Yorkshire Police,-1.484200,53.431160,On or near FULMERE ROAD,E01008117,Sheffield 009D,Investigation complete; no suspect identified
3ec0c44f26f62495b0ec4cfe581b3fcc2cc3b073303017a521bde5d5dcfcb52f,2021-03,South Yorkshire Police,South Yorkshire Police,-1.424829,53.495445,On or near THE CROFT,E01007388,Barnsley 029A,Investigation complete; no suspect identified
26854faac22eea6a147e49b90a0f8663dbaeaf6581496487fd40493768ec3629,2021-03,South Yorkshire Police,South Yorkshire Police,-1.403264,53.366047,On or near RICHMOND HALL AVENUE,E01008008,Sheffield 045D,Unable to prosecute suspect
c0da87f58ecf65c04de4955b541d8ade2f80bb77d0348f955eaa58bce420b4e1,2021-03,South Yorkshire Police,South Yorkshire Police,-1.479483,53.424272,On or near ADLINGTON ROAD,E01008122,Sheffield 012E,Local resolution
64bda99856aaf5941c0b18b92cff6ec888bdfecfea13ef1fcc33de2fd0cba52c,2021-03,South Yorkshire Police,South Yorkshire Police,-1.398500,53.346841,On or near Petrol Station,E01007838,Sheffield 076A,Investigation complete; no suspect identified
21c7b35697bce8fc4787df0e5caa6c25e0cf0178dcee4f38deaedacfbe717f89,2021-03,South Yorkshire Police,South Yorkshire Police,-1.530383,53.392304,On or near Pedestrian Subway,E01008158,Sheffield 025D,Unable to prosecute suspect
1c427f0f3e9cf18c7f37c19cfbd08885c84d80300f0dcf8699ba87f0c6337975,2021-03,South Yorkshire Police,South Yorkshire Police,-1.202576,53.565566,On or near WEST AVENUE,E01007466,Doncaster 009C,Unable to prosecute suspect
681493d4d3e285e3937f207d1186205a6b848fd32b3f5bebd84f7aedc0c87544,2021-03,South Yorkshire Police,South Yorkshire Police,-1.439969,53.434278,On or near THE RAVINE,E01008054,Sheffield 007B,Investigation complete; no suspect identified
4512a19979343dafd28ff13d4e01974e172448851311934b73be98067e1d359e,2021-03,South Yorkshire Police,South Yorkshire Police,-1.456055,53.361499,On or near ERSKINE CRESCENT,E01008101,Sheffield 043D,Investigation complete; no suspect identified
f13761cdfcc317c0129cbb4f26468865df04ff1ba9301f43b23933ff7af25f71,2021-03,South Yorkshire Police,South Yorkshire Police,-1.478644,53.582520,On or near UPPER FOREST ROAD,E01007325,Barnsley 007C,Investigation complete; no suspect identified
9d503b8f5721d378f40138e790a64fce8232db511cdf10ac31384ae1b643ec38,2021-03,South Yorkshire Police,South Yorkshire Police,-1.419148,53.528450,On or near NEVILLE CLOSE,E01007450,Barnsley 023D,Unable to prosecute suspect
d94c1d897ba8f9dbcdc93d57116ae65f63cdde0b132aa1a9f4568517d5074bd4,2021-03,South Yorkshire Police,South Yorkshire Police,-1.202576,53.565566,On or near WEST AVENUE,E01007466,Doncaster 009C,Suspect charged
9f9d2d3147ad62c64fe3a6d5ee25ba6b25907a98c2955e964d6e1626fd07583a,2021-03,South Yorkshire Police,South Yorkshire Police,-1.323183,53.431264,On or near SHERIDAN DRIVE,E01007739,Rotherham 013E,Investigation complete; no suspect identified
3d3965440bcff572306e19d8d639a789e70fa2e6a557e8c70b3605cf514d9096,2021-03,South Yorkshire Police,South Yorkshire Police,-0.958867,53.620745,On or near WILLOW ROAD,E01007636,Doncaster 003A,Further action is not in the public interest
5e2cde3091cd7722cf013534afbed14c8d66ef33683ecda4fa61259f930e833f,2021-03,South Yorkshire Police,South Yorkshire Police,-1.491311,53.361169,On or near MEADOW BANK AVENUE,E01008052,Sheffield 050F,Investigation complete; no suspect identified
081d572707dbb340155b1107b0340c11f96bffe3c0d14d0abf7cb49e945a2540,2021-03,South Yorkshire Police,South Yorkshire Police,-1.468018,53.415683,On or near PIPER COURT,E01007945,Sheffield 015B,Investigation complete; no suspect identified
e14b9fd6c0e3ecd9ffa9df172d483922186cc707be03b04fe57fa809a00680f6,2021-03,South Yorkshire Police,South Yorkshire Police,-1.468100,53.547734,On or near DONCASTER ROAD,E01007339,Barnsley 017B,Suspect charged
d4bec90d05a8bc98e4d38ba207f865e6e7f16463c9842d5f4cbf277ee93787ee,2021-03,South Yorkshire Police,South Yorkshire Police,-1.397622,53.375043,On or near RICHMOND PARK CRESCENT,E01007910,Sheffield 037A,Investigation complete; no suspect identified
097b891d6bcee64956a4d160ac4ed9c9cdcdf4f4e0202cee5940d299c4ba700a,2021-03,South Yorkshire Police,South Yorkshire Police,-1.468100,53.547734,On or near DONCASTER ROAD,E01007339,Barnsley 017B,Unable to prosecute suspect
9b42fbfc1f4ab084e86adb458246812f2333b53225989fe7146da03821771ed5,2021-03,South Yorkshire Police,South Yorkshire Police,-1.415501,53.353694,On or near ALNWICK DRIVE,E01008001,Sheffield 052B,Investigation complete; no suspect identified
6633ae525f40bd89acf4312cf506f7b2682216c54af89ea98c33cafd42066685,2021-03,South Yorkshire Police,South Yorkshire Police,-1.453000,53.583413,On or near CARLTON ROAD,E01007437,Barnsley 002C,Unable to prosecute suspect
25564adc0f828d10e11992e38847da0390a9c4d2c26343974690a5bce1c60770,2021-03,South Yorkshire Police,South Yorkshire Police,-1.373288,53.375934,On or near HIGHFIELD LANE,E01007911,Sheffield 032D,Investigation complete; no suspect identified
b4859db7a4a44f43a5e1e3e8b761f837d2023895104a8edaf593b5052817ff99,2021-03,South Yorkshire Police,South Yorkshire Police,-1.649610,53.529896,On or near MATTHEW GAP,E01007428,Barnsley 024B,Unable to prosecute suspect
ca585eda48a2386a8bb59d3d965fb1f47b3fedc454005a94c281ee983e8b1991,2021-03,South Yorkshire Police,South Yorkshire Police,-1.478863,53.584427,On or near LAXTON ROAD,E01007323,Barnsley 007A,Suspect charged
10e729c099ad9ab8a27d14167582608b85db91a413b50ec966120ecfb129c2bc,2021-03,South Yorkshire Police,South Yorkshire Police,-1.493223,53.336817,On or near Supermarket,E01007834,Sheffield 066D,Unable to prosecute suspect
5556d67bed397227d4bac2d7c8c2ed73a3718b8f699bb444bc09da288b8509e6,2021-03,South Yorkshire Police,South Yorkshire Police,-1.479226,53.460118,On or near BURNS DRIVE,E01007895,Sheffield 004F,Unable to prosecute suspect
16efd1e34212a5ac15713e6b7532be90d91555d200d9c40b2f4c759b524b1e56,2021-03,South Yorkshire Police,South Yorkshire Police,-1.345024,53.342955,On or near DRAKE HOUSE LANE,E01008039,Sheffield 065F,Investigation complete; no suspect identified
64f94356c400517df7019a7b92aa960a1b7ca52e44781bb62a1fff9443640199,2021-03,South Yorkshire Police,South Yorkshire Police,-1.464229,53.395082,On or near BROTHERTON STREET,E01007875,Sheffield 022B,Action to be taken by another organisation
afe14e47ceb7f992322056f636dcea0aa91942f6f86dea4e655f5db51468c057,2021-03,South Yorkshire Police,South Yorkshire Police,-1.099217,53.590801,On or near THORPE LANE,E01007488,Doncaster 002B,Further action is not in the public interest
fe0dc92e8a2a26abe9baecd7ba0d676299028112f5260afb8052883233dcba0d,2021-03,South Yorkshire Police,South Yorkshire Police,-1.238625,53.489416,On or near THRYBERGH COURT,E01007542,Doncaster 032B,Unable to prosecute suspect
5eb214c33415c06a493d9821ff5911655cbf907450c11c558df7fb6ca79613dc,2021-03,South Yorkshire Police,South Yorkshire Police,-1.416043,53.406379,On or near CARBROOK HALL ROAD,E01007904,Sheffield 018B,Investigation complete; no suspect identified
9ae8ed020666fd403e542e85922ae944521d30d477128a8386f3608414cf38b1,2021-03,South Yorkshire Police,South Yorkshire Police,-1.483195,53.370024,On or near CEMETERY ROAD,E01033272,Sheffield 040F,Investigation complete; no suspect identified
d937af05cceeb1a95c481ac4ba40473634026e8c7fa56d988ee3738d07b8e3a6,2021-03,South Yorkshire Police,South Yorkshire Police,-1.497630,53.361744,On or near OSBORNE ROAD,E01008048,Sheffield 046D,Investigation complete; no suspect identified
1772486035076712389c7ca043892cbc594426cb5820e687c632b5f0c940ec61,2021-03,South Yorkshire Police,South Yorkshire Police,-1.473976,53.421785,On or near COLLINSON ROAD,E01008123,Sheffield 015E,Investigation complete; no suspect identified
43eddd4e256dfca24f18077cf66331880179aa02b586bfb7868216741033c8b5,2021-03,South Yorkshire Police,South Yorkshire Police,-1.456042,53.409750,On or near Hospital,E01007942,Sheffield 020D,Investigation complete; no suspect identified
395af9d98a13dbaeb48efb7181f6489fb212a73ef7773be1696a409f5d9f2d60,2021-03,South Yorkshire Police,South Yorkshire Police,-1.386142,53.431245,On or near UPPER CLARA STREET,E01007718,Rotherham 016D,Local resolution
1576c88c574413a48c8c43621c95f5f57a96672a30f99f7f86661fbc971ba1fe,2021-03,South Yorkshire Police,South Yorkshire Police,-1.469897,53.377058,On or near Pedestrian Subway,E01033274,Sheffield 042G,Investigation complete; no suspect identified
8869e3f4cae8507564b4b394c119e73a1756f15f0bbbf16ac2ecea137ddebb08,2021-03,South Yorkshire Police,South Yorkshire Police,-1.352589,53.339293,On or near CLAYTON HOLLOW,E01008037,Sheffield 065E,Investigation complete; no suspect identified
49d1a9b048e46579f7c74579cc15a4db1514f660a3a71fba4dd58e07015a393d,2021-03,South Yorkshire Police,South Yorkshire Police,-1.409338,53.524394,On or near WESTERN TERRACE,E01007447,Barnsley 023A,Unable to prosecute suspect
5d18297a411f182c057f405fa3f3ced40c24c89853f1fd906b84217118bbac17,2021-03,South Yorkshire Police,South Yorkshire Police,-1.378966,53.538361,On or near HIGHFIELD ROAD,E01007348,Barnsley 020A,Unable to prosecute suspect
be1b64fa04ead41e5c5b41c2bbb0e58c2dcc9cc1a774c356489762db02dc3866,2021-03,South Yorkshire Police,South Yorkshire Police,-1.406795,53.566087,On or near BIRKWOOD AVENUE,E01007341,Barnsley 008A,Unable to prosecute suspect
6afaae8ae165f702813f08be6c3d669c73c97b3377a8e40c368bb0504f4d88b1,2021-03,South Yorkshire Police,South Yorkshire Police,-1.443674,53.364911,On or near GUILFORD WAY,E01008097,Sheffield 043C,Investigation complete; no suspect identified
50c053a4185e7397c619a9d5a7e4972d31fb152e7d1f1c9d1eb0ec0a257b90e6,2021-03,South Yorkshire Police,South Yorkshire Police,,,No location,,,Local resolution
ccd692793d48645011999f823d7e7014688b02e73b47d1d1da8951df5a98f50d,2021-03,South Yorkshire Police,South Yorkshire Police,-1.376297,53.581384,On or near PARK ROAD,E01007332,Barnsley 006C,Unable to prosecute suspect
66c462a5f96aaa4b50b4545ec5d3c9bd0b9d3c6af2377bef2aa5fc57d81ab64d,2021-03,South Yorkshire Police,South Yorkshire Police,-1.449331,53.411032,On or near BOLSOVER ROAD,E01007942,Sheffield 020D,Investigation complete; no suspect identified
0a8f1a8c3e6211f3b570f3c024ba6253c4ab02012b56d0526e8eec3ab0fe4a4e,2021-03,South Yorkshire Police,South Yorkshire Police,-1.495099,53.385194,On or near IVY DRIVE,E01008067,Sheffield 030D,Investigation complete; no suspect identified
f29aa743aef2f63c38221fb37cde671d7870a8cb7a83dfde0c2bd68fbb989df9,2021-03,South Yorkshire Police,South Yorkshire Police,-1.508125,53.384673,On or near CROOKES,E01008064,Sheffield 028A,Investigation complete; no suspect identified
a1fd161a82fdccb0c4a6c315e35b67b06e4922a3069d6e018fc90b8938d6977f,2021-03,South Yorkshire Police,South Yorkshire Police,-1.451339,53.383571,On or near ST JOHN'S ROAD,E01007885,Sheffield 075E,Investigation complete; no suspect identified
a375352f78b825278635325e2a9f3b15850fae93a699b35ac13ad658b556987e,2021-03,South Yorkshire Police,South Yorkshire Police,-1.312405,53.369765,On or near SPRINGWOOD COURT,E01007668,Rotherham 030B,Unable to prosecute suspect
e3b08c5152c60cadc048d2a56743971992dc2ef708aa778c924622bdfb41f5d2,2021-03,South Yorkshire Police,South Yorkshire Police,-1.513442,53.402276,On or near HIBBERD PLACE,E01007996,Sheffield 021E,Investigation complete; no suspect identified
28e6a965afd2ae0a4a8a0f36df5d84270fd94f992c814e5cf08c07540bdc2ed8,2021-03,South Yorkshire Police,South Yorkshire Police,-1.352589,53.339293,On or near CLAYTON HOLLOW,E01008037,Sheffield 065E,Offender given a drugs possession warning
55cae608913eaf406e45f5e320d8c79a0d1cc2b69d6a27362e32b8f22324efba,2021-03,South Yorkshire Police,South Yorkshire Police,-1.484267,53.549917,On or near GEORGE SQUARE,E01007340,Barnsley 013B,Suspect charged
22a6ab1ba95d6a6367d3c972968c748827a725a7554f2650347a8e76f53f7ef1,2021-03,South Yorkshire Police,South Yorkshire Police,-1.187192,53.571026,On or near CLARKS COURT,E01007471,Doncaster 009E,Investigation complete; no suspect identified
a4f9e9f6d91e51a3b57d37bb16079581e818fa01f805141aab2f011a5f084781,2021-03,South Yorkshire Police,South Yorkshire Police,-1.484267,53.549917,On or near GEORGE SQUARE,E01007340,Barnsley 013B,Suspect charged
94ad07c86103482dadaf5878a0ef3100a598046f257498929cea7f6e7567523d,2021-03,South Yorkshire Police,South Yorkshire Police,-1.352589,53.339293,On or near CLAYTON HOLLOW,E01008037,Sheffield 065E,Offender given a drugs possession warning
851f3d97f5d628b55a9f9a67411def90579f184467304742f6ce13bf0da56619,2021-03,South Yorkshire Police,South Yorkshire Police,-1.263946,53.429260,On or near GAUNT CLOSE,E01007681,Rotherham 012A,Unable to prosecute suspect
bf69d83bb55f8cd3cc70f0b20d6e4b3ff3f2230c326a80a889e661db42c73ce7,2021-03,South Yorkshire Police,South Yorkshire Police,-1.430789,53.570438,On or near VALLEY GROVE,E01007344,Barnsley 011A,Investigation complete; no suspect identified
06b47a9ce16d7a5f7c32fb6114ae733ab0142f068d5c2a77b75d920af44f0fa1,2021-03,South Yorkshire Police,South Yorkshire Police,-1.472697,53.408387,On or near MUSGRAVE ROAD,E01007943,Sheffield 019C,Unable to prosecute suspect
171f2bc870c32f07146222ebb32adc66754a4b80e5eba8469d3e96adc276dd3b,2021-03,South Yorkshire Police,South Yorkshire Police,-1.481149,53.382563,On or near SIDDALL STREET,E01033261,Sheffield 073A,Unable to prosecute suspect
d7238058fab7139f0dd4a6b7e63fb41dd2eb669acd3ab1c56bff3c461cd93216,2021-03,South Yorkshire Police,South Yorkshire Police,-1.200312,53.369148,On or near LEICESTER ROAD,E01007791,Rotherham 029F,Further action is not in the public interest
25f6e2f125da066e90585321eba42b8bc9640dc8e49c4bdc4b12cae1e54ae285,2021-03,South Yorkshire Police,South Yorkshire Police,-1.379761,53.347338,On or near DYKE VALE ROAD,E01008031,Sheffield 061A,Unable to prosecute suspect
ed09bb430df67f4c5d72d1f0794f305e076a3bc7a2acba9b1cac71642b55d3fa,2021-03,South Yorkshire Police,South Yorkshire Police,-1.479916,53.541673,On or near KENWORTHY ROAD,E01007413,Barnsley 017C,Unable to prosecute suspect
0e416483fbe0577d31a72586982a295c5373cffa814a530f7b40830e863b0631,2021-03,South Yorkshire Police,South Yorkshire Police,-1.448537,53.383981,On or near DERWENT STREET,E01007885,Sheffield 075E,Investigation complete; no suspect identified
a2115b9aa07f47db1973225a15eb628fc98084e951644787159245a9fde08c59,2021-03,South Yorkshire Police,South Yorkshire Police,-1.397286,53.364767,On or near RAVENSCROFT DRIVE,E01007967,Sheffield 045B,Suspect charged
f479b3cff3b90fad0034b4e794c4c61832c9146a9dc02f0f8677eaca607bfc19,2021-03,South Yorkshire Police,South Yorkshire Police,-1.402582,53.449153,On or near CRUMWELL ROAD,E01007804,Rotherham 011B,Investigation complete; no suspect identified
4d0aed870924b38867c257172d2db50383cf8364a303aaed313530e017a8cf23,2021-03,South Yorkshire Police,South Yorkshire Police,-1.409846,53.363931,On or near HASTILAR ROAD SOUTH,E01008009,Sheffield 045E,Unable to prosecute suspect
4b527018b98b19522f284211c664282ba5c5f1dc42c62730c86518307e704971,2021-03,South Yorkshire Police,South Yorkshire Police,-1.495806,53.471730,On or near HURST GREEN,E01007892,Sheffield 003B,Investigation complete; no suspect identified
06f320aff524120eb1769eb5270d078e9d4a04f763487b812dde0e17181c514b,2021-03,South Yorkshire Police,South Yorkshire Police,-1.459245,53.355221,On or near CARFIELD LANE,E01007976,Sheffield 051B,Investigation complete; no suspect identified
cd7d48d53b3f410f79e68ec6002a71e6e566c09fc48d500c88cc6dc71cd4f8b4,2021-03,South Yorkshire Police,South Yorkshire Police,-1.445815,53.421101,On or near Sports/Recreation Area,E01007849,Sheffield 010A,Unable to prosecute suspect
abe4f7406be72361d00dc0f6af9be2053846d8d16e14a33cdcc2c1f47aea925c,2021-03,South Yorkshire Police,South Yorkshire Police,-1.413187,53.576617,On or near EAST VIEW,E01007345,Barnsley 008B,Local resolution
8cff3404cf63bbdfedfc26aa3b6de10d967afb9066b32096cdad1c5fb94aa65e,2021-03,South Yorkshire Police,South Yorkshire Police,-1.569288,53.508016,On or near COPSTER CLOSE,E01007423,Barnsley 027C,Investigation complete; no suspect identified
99e502a97d829ebd16920461824d03a9ff5f84b247317d32236e7a7c70e65941,2021-03,South Yorkshire Police,South Yorkshire Police,-1.445534,53.560620,On or near BROOKVALE,E01007405,Barnsley 011D,Offender given a caution
e6852180bb16e123e4bc47cb2c876140f4e89c539715321d5e9fc372f44cdcf7,2021-03,South Yorkshire Police,South Yorkshire Police,-1.401819,53.520662,On or near QUEEN GARDENS,E01007451,Barnsley 026A,Unable to prosecute suspect
e86618feca44b64dc740ace729b3e949cabbbb8578600ab212c143b33de4b4ce,2021-03,South Yorkshire Police,South Yorkshire Police,-1.401679,53.517713,On or near THOMPSON ROAD,E01007451,Barnsley 026A,Unable to prosecute suspect
411c39bbfd585ac947bbc0dfae37cec31f1968cb5c98e9cb67b4e80a23fdac77,2021-03,South Yorkshire Police,South Yorkshire Police,-1.465650,53.461784,On or near MARKET STREET,E01007894,Sheffield 004E,Unable to prosecute suspect
b9cd1bee2ed1719e9d034de64c4ebc379a65507bf39476d7eb1274dd2778e643,2021-03,South Yorkshire Police,South Yorkshire Police,-1.483137,53.582009,On or near CLIFTON AVENUE,E01007324,Barnsley 007B,Local resolution
2ef33a1f6e84e9e3edafaa603ef5859204bce372f462c9b2f0837a557492e595,2021-03,South Yorkshire Police,South Yorkshire Police,-1.388007,53.530830,On or near HOPE STREET,E01007449,Barnsley 023C,Unable to prosecute suspect
2886e1e106b310f502fc066dcb4823f62552a5db721d53a5f072bb3081ba8c97,2021-03,South Yorkshire Police,South Yorkshire Police,-1.464775,53.380325,On or near POND STREET,E01033268,Sheffield 075G,Investigation complete; no suspect identified
d9e9168bb6a0bfdbd8abdbbf0f2ac89f33b049df9590045774b2b5378705849a,2021-03,South Yorkshire Police,South Yorkshire Police,-1.314886,53.366894,On or near DARCY CLOSE,E01007668,Rotherham 030B,Further investigation is not in the public interest
3b01c77ee09d26ed78a009646e5032d6d4c94abb843083bd92b6f20e1bc88904,2021-03,South Yorkshire Police,South Yorkshire Police,-1.466553,53.384836,On or near SNIG HILL,E01033264,Sheffield 073D,Suspect charged
3a970651c91d92a721c679dc7a42d22e6952c9a56ee614f791dbe4d9299ec82e,2021-03,South Yorkshire Police,South Yorkshire Police,-1.448238,53.429238,On or near WHEATFIELD CRESCENT,E01008059,Sheffield 010C,Investigation complete; no suspect identified
32fff2648db493645bdca07947cab4e09f5959939380ef8c470020de1874169c,2021-03,South Yorkshire Police,South Yorkshire Police,-1.483137,53.582009,On or near CLIFTON AVENUE,E01007324,Barnsley 007B,Local resolution
3cb9ca6c2bea24f874b2b37615afdc2b0074bf348a0fabe0ff2156d9ff754345,2021-03,South Yorkshire Police,South Yorkshire Police,-1.372763,53.433171,On or near ALICE ROAD,E01007716,Rotherham 016B,Investigation complete; no suspect identified
e2ad4adf01480c9432decec6d8d2bc4533d0e510ca78e9d7f5aafb28506aabd5,2021-03,South Yorkshire Police,South Yorkshire Police,-1.115385,53.531291,On or near FERRERS ROAD,E01007654,Doncaster 019F,Suspect charged
efafe30faa3702c0b94d1be548399dde9ca480a334c5420f0945487acc6fb301,2021-03,South Yorkshire Police,South Yorkshire Police,-1.466553,53.384836,On or near SNIG HILL,E01033264,Sheffield 073D,Suspect charged
941b6bbd40ae1e11c881e4aec70f85775f074da9eb02aab0d0c67857d3c84113,2021-03,South Yorkshire Police,South Yorkshire Police,-1.505309,53.394180,On or near Parking Area,E01008154,Sheffield 024C,Investigation complete; no suspect identified
9f10c5c09a6dca2b59962e92fe4c100c7155bbbd101884ecc5257ba5da5667c9,2021-03,South Yorkshire Police,South Yorkshire Police,-1.401679,53.517713,On or near THOMPSON ROAD,E01007451,Barnsley 026A,Investigation complete; no suspect identified
cb39a7723a430a02968dbcaf4aededb7162336c042de85dee72eed07975d4b10,2021-03,South Yorkshire Police,South Yorkshire Police,-1.455420,53.392489,On or near KIRK STREET,E01033269,Sheffield 022G,Investigation complete; no suspect identified
574daa15fe039c04e0410280e36b8b742d172cd3d64c780735253cd5c41bbf6b,2021-03,South Yorkshire Police,South Yorkshire Police,-1.466104,53.396717,On or near PILGRIM STREET,E01007870,Sheffield 019A,Local resolution
add15586ec36df5f2509597af58d8fca0083f7c3bf5feb82c970fb28edba0f92,2021-03,South Yorkshire Police,South Yorkshire Police,-1.446936,53.405466,On or near WHITEWAYS GROVE,E01007877,Sheffield 022D,Investigation complete; no suspect identified
62e9ef04f1a3d9b40ff741ed477f718a42049bcde0790687b70189ba4a6ebfd7,2021-03,South Yorkshire Police,South Yorkshire Police,-1.421482,53.575202,On or near JACKSON STREET,E01007344,Barnsley 011A,Further action is not in the public interest
83fec13c21d0bd93a770e7cb81bbb826d59688638a0a608b0cf9e5e0fa361ddb,2021-03,South Yorkshire Police,South Yorkshire Police,-1.464632,53.410957,On or near EDENSOR ROAD,E01007941,Sheffield 015A,Investigation complete; no suspect identified
1f12994dc6a327bbeca3e96d9a0f5f2c31e5166a16f0bb1b40d46aa12a6ca72b,2021-03,South Yorkshire Police,South Yorkshire Police,-1.025483,53.431985,On or near OAK TREE ROAD,E01007610,Doncaster 038C,Unable to prosecute suspect
6644faa35a0d69c36f4e024333f9932aab49bb39fa99a7a7f38edd00deba1df0,2021-03,South Yorkshire Police,South Yorkshire Police,-1.510977,53.411390,On or near THE DRIVE,E01007987,Sheffield 016A,Unable to prosecute suspect
b84a7a4b6caea65ba556e1ac7b82a71d13c4226bf2d725ae1c324374506d7aef,2021-03,South Yorkshire Police,South Yorkshire Police,-1.464474,53.370786,On or near CREAM STREET,E01033273,Sheffield 042F,Investigation complete; no suspect identified
379b7f06154feac33056e0644f28d704ac30e4404305c95aef190481f2460563,2021-03,South Yorkshire Police,South Yorkshire Police,-0.950853,53.627488,On or near KINGSMEAD,E01007634,Doncaster 001C,Investigation complete; no suspect identified
ff4cd4f46deb960e4e56efe20ed6060c5f135882ec8ec09ff79012baaa3ebff9,2021-03,South Yorkshire Police,South Yorkshire Police,-1.401079,53.349353,On or near BIRLEY MOOR ROAD,E01007838,Sheffield 076A,Investigation complete; no suspect identified
46e6244a274c7abc4d8bd9c1a048f2d7ca431ecaae220f4e92cdd896ca6b4335,2021-03,South Yorkshire Police,South Yorkshire Police,-1.289761,53.493191,On or near Shopping Area,E01007571,Doncaster 031A,Suspect charged
4e3a57b6b33b83c2e52d50cbae3bc5c22c92b2ea0249b138eaf8ee1cdca4f0af,2021-03,South Yorkshire Police,South Yorkshire Police,-1.128247,53.522819,On or near Supermarket,E01007645,Doncaster 022E,Investigation complete; no suspect identified
344e44560c74e17de0985ed863d4caa321367a210cf33eee63f393e83c740a98,2021-03,South Yorkshire Police,South Yorkshire Police,-1.010895,53.571380,On or near NORMAN DRIVE,E01007560,Doncaster 008E,Unable to prosecute suspect
c9c3b35f5b100e66e1d653667f8c77d87e9cacf9573d535ad0aecbe70d4af74b,2021-03,South Yorkshire Police,South Yorkshire Police,-1.504164,53.407353,On or near MIDDLEWOOD ROAD,E01008093,Sheffield 017D,Investigation complete; no suspect identified
9bc940d2395b0466ffe2eb76097df16a7bcf3dc8a3ed450e900d20a190537448,2021-03,South Yorkshire Police,South Yorkshire Police,-1.501482,53.371657,On or near BETJEMAN GARDENS,E01007863,Sheffield 036C,Investigation complete; no suspect identified
4e942a9e5a6547ec9ad750a48fb19cb23b961dbef4d462cf430e322f13409b50,2021-03,South Yorkshire Police,South Yorkshire Police,-1.342573,53.414402,On or near Hospital,E01007678,Rotherham 023B,Investigation complete; no suspect identified
c6896ed81bd0fffc68a85f5e1b05ab342d9090825417abd40427ec87a8c5f7da,2021-03,South Yorkshire Police,South Yorkshire Police,-1.482146,53.420625,On or near KYLE CLOSE,E01008124,Sheffield 012F,Investigation complete; no suspect identified
e28bbc56b5458fb3041c6b54479bdd72f3d811604722c5a6c672b59130f51046,2021-03,South Yorkshire Police,South Yorkshire Police,-1.458638,53.413798,On or near LONGLEY HALL WAY,E01007947,Sheffield 013C,Unable to prosecute suspect
1eb3b67676540cbfe76c7218c93cd544e05d5c81267ca0dd221ca275663c46ec,2021-03,South Yorkshire Police,South Yorkshire Police,-1.460843,53.390527,On or near SPITAL STREET,E01033270,Sheffield 022H,Investigation complete; no suspect identified
b6211e6459fc4a9412418a0cb22e6773f8392909c4e7f2254ee6217bd9ef8531,2021-03,South Yorkshire Police,South Yorkshire Police,-1.418217,53.363846,On or near HARTHILL ROAD,E01008010,Sheffield 052E,Suspect charged
2dead7b1801a8e3ca32542f6bf53f5d0ffef8f82487e8dc9891328d281755db1,2021-03,South Yorkshire Police,South Yorkshire Police,-1.497622,53.419954,On or near TRAFALGAR ROAD,E01008088,Sheffield 012B,Investigation complete; no suspect identified
cc6a2e725f5f1628553333346375fc6e53c08402497078a5d51fe6d7c3171714,2021-03,South Yorkshire Police,South Yorkshire Police,-1.492528,53.558374,On or near WELLFIELD ROAD,E01007408,Barnsley 010C,Action to be taken by another organisation
978fdc244fd1072b435ed7d5db27dfb887cff2df352cade34d620d2a8a3707d3,2021-03,South Yorkshire Police,South Yorkshire Police,-1.404746,53.524874,On or near BOND STREET,E01007448,Barnsley 023B,Investigation complete; no suspect identified
ea3073d10692e7d8b33b78835d596fcf839956b65f8651f50a56fa93fa083f20,2021-03,South Yorkshire Police,South Yorkshire Police,-1.357591,53.338277,On or near BOOTH CROFT,E01008037,Sheffield 065E,Unable to prosecute suspect
fed8d855ee348834be4552273acdd9cd36ba54bc95f788d3cf0d05698eb5ab02,2021-03,South Yorkshire Police,South Yorkshire Police,-1.438891,53.556139,On or near TRUEMAN TERRACE,E01007403,Barnsley 011C,Unable to prosecute suspect
a397fa7c072b65f335aac5422a0de1973ffef44987254200c4605c2411f23c21,2021-03,South Yorkshire Police,South Yorkshire Police,-1.478849,53.558504,On or near BRIDGE STREET,E01007410,Barnsley 010E,Unable to prosecute suspect
f754de6f5702565ef323cd9c22203e73e889d52ddb59a3c040cfeaf8abb3262a,2021-03,South Yorkshire Police,South Yorkshire Police,-1.454443,53.539403,On or near THE FIRS,E01007416,Barnsley 018D,Investigation complete; no suspect identified
29bd87149a8bc3fe0f09f120190dda2f459790cc65abe42128bc481b82975036,2021-03,South Yorkshire Police,South Yorkshire Police,-1.323183,53.431264,On or near SHERIDAN DRIVE,E01007739,Rotherham 013E,Investigation complete; no suspect identified
f951e7d5352c033c08f04ffbffe3cabdaabc3217431994aaebb39a2eb14a224c,2021-03,South Yorkshire Police,South Yorkshire Police,-1.094890,53.543686,On or near BRADFORD ROAD,E01007656,Doncaster 015F,Investigation complete; no suspect identified
8f0b21a824b63a398704532e835ce8761d34efb7ff95fd0834e016f192feb90e,2021-03,South Yorkshire Police,South Yorkshire Police,-1.484162,53.429326,On or near Petrol Station,E01008117,Sheffield 009D,Unable to prosecute suspect
87845dd736e90e626c905df369d800b2a4fd48bc0960a906e95316f7fce475d1,2021-03,South Yorkshire Police,South Yorkshire Police,-1.481602,53.551856,On or near Parking Area,E01007340,Barnsley 013B,Unable to prosecute suspect
8fce1dc12a0cc6e99ff4fdee11855cd8e32183f7a88bcceb957d26e4c89cc06e,2021-03,South Yorkshire Police,South Yorkshire Police,-1.159196,53.506232,On or near DIXON CRESCENT,E01007494,Doncaster 023A,Unable to prosecute suspect
87d8e505adb68a079089faec1994420f50ec8eae1afaa84d6acb8ca15e6aca54,2021-03,South Yorkshire Police,South Yorkshire Police,-1.383638,53.514826,On or near DEARNE CLOSE,E01007455,Barnsley 026E,Investigation complete; no suspect identified
88c9fc733644e226725d9123739c2faf7c39ed826a176c66fefbd9b2b7c7aed9,2021-03,South Yorkshire Police,South Yorkshire Police,-1.312734,53.486530,On or near Supermarket,E01007800,Rotherham 003E,Unable to prosecute suspect
ebfea9055f0376efbcd0deec18c00e55738b585cd451bc308f50dff3ec8175ca,2021-03,South Yorkshire Police,South Yorkshire Police,-1.449104,53.412289,On or near CAMMELL ROAD,E01007949,Sheffield 020E,Investigation complete; no suspect identified
cf10edbd5491dba27c8c2aea9b3e66558930ee06f0065fe74a22ef9396a986e7,2021-03,South Yorkshire Police,South Yorkshire Police,-1.478849,53.558504,On or near BRIDGE STREET,E01007410,Barnsley 010E,Unable to prosecute suspect
bdad18a8ed42629432ba883fd817aa326bac5e615c41b2ed3cbd3082b166df10,2021-03,South Yorkshire Police,South Yorkshire Police,-1.490001,53.439454,On or near WHEEL LANE,E01008137,Sheffield 005D,Further action is not in the public interest
ec359a554cb16da6e707d7addd33b16ff3063789a9b22ded923de1eeac4a7834,2021-03,South Yorkshire Police,South Yorkshire Police,-1.027496,53.565269,On or near ST JAMES AVENUE,E01007561,Doncaster 006D,Investigation complete; no suspect identified
0da2889a8ce92c2adde040f4580ca555409804813e9412d5a517c3baa8114480,2021-03,South Yorkshire Police,South Yorkshire Police,-1.493272,53.346624,On or near Supermarket,E01007829,Sheffield 059B,Investigation complete; no suspect identified
6206d0a69484d73e14ee3b0a61d8a4de45a83c05bead156ec046bbc6be8366f7,2021-03,South Yorkshire Police,South Yorkshire Police,-1.311376,53.367386,On or near CONYERS DRIVE,E01007668,Rotherham 030B,Unable to prosecute suspect
c721f8549ea05e8c6a0cabcdb096e19aac849703a915af02bebba436463ef589,2021-03,South Yorkshire Police,South Yorkshire Police,-1.099439,53.529859,On or near DEVONSHIRE ROAD,E01007564,Doncaster 018A,Investigation complete; no suspect identified
7cc7af0ace6fc6b313d4ea7e629c3705740ce79896395c467f3603e5d1755314,2021-03,South Yorkshire Police,South Yorkshire Police,-1.517159,53.548238,On or near BARNSLEY ROAD,E01007382,Barnsley 019A,Unable to prosecute suspect
2f348353cc62beca92b38a2f5a98d592ead9139d27f28760fc262a2c93a85bb7,2021-03,South Yorkshire Police,South Yorkshire Police,-1.471833,53.543678,On or near SHEFFIELD ROAD,E01007414,Barnsley 017D,Investigation complete; no suspect identified
8a037f267976be75b94277fdc8942aac201a60526e578d7c53f79cdf40d4adb4,2021-03,South Yorkshire Police,South Yorkshire Police,,,No location,,,Investigation complete; no suspect identified
9491bccf1e32e645c62c4443484b68a36c698f9bf19636b93b19cf8b6876cc50,2021-03,South Yorkshire Police,South Yorkshire Police,-1.478134,53.436158,On or near COPPIN SQUARE,E01008125,Sheffield 009G,Unable to prosecute suspect
be2a7b76c156de5abdd2854611a6c133106de1257cbca4d577540f01c4342c9e,2021-03,South Yorkshire Police,South Yorkshire Police,,,No location,,,Investigation complete; no suspect identified
8c47078122e3c718902e1fd86dbb4fd8be87592d53d1c49d03f7b8ed944d246e,2021-03,South Yorkshire Police,South Yorkshire Police,-1.358807,53.421367,On or near TOWN STREET,E01007677,Rotherham 017A,Unable to prosecute suspect
7ec0c7328c911d12abe3043d50b7b82da9e183010306ae6bdc1a6f3d094ee660,2021-03,South Yorkshire Police,South Yorkshire Police,-1.345598,53.343704,On or near PRIMROSE CRESCENT,E01008039,Sheffield 065F,Investigation complete; no suspect identified
43579afb819acd10a3baa987669144a16f488456347308e480b005193250da3c,2021-03,South Yorkshire Police,South Yorkshire Police,-1.050194,53.536058,On or near Supermarket,E01007482,Doncaster 014D,Investigation complete; no suspect identified
f25bc2ef54f5477adf3f77342c486c3d1df9ee496beeadee0a05be995f2805a9,2021-03,South Yorkshire Police,South Yorkshire Police,-1.445381,53.545797,On or near KENWOOD CLOSE,E01007322,Barnsley 015C,Investigation complete; no suspect identified
fe4bc0a533972f40cffad966f4e2192faa50919fa6dad7bf3614ac32298bb22a,2021-03,South Yorkshire Police,South Yorkshire Police,-1.065779,53.540927,On or near PARK AVENUE,E01033260,Doncaster 014F,Unable to prosecute suspect
638a26c91b64ba4c94ae2bd0e4b4eda03ea0ab17861fc989d92833df3b09b307,2021-03,South Yorkshire Police,South Yorkshire Police,-1.497308,53.552426,On or near WESTBOURNE TERRACE,E01007444,Barnsley 012F,Investigation complete; no suspect identified
1ca886401dd9af6f7afc55910ef304c470b8571ebd22216e11c417c4b1a9bbd6,2021-03,South Yorkshire Police,South Yorkshire Police,-1.473231,53.524656,On or near SHEFFIELD ROAD,E01007458,Barnsley 021A,Local resolution
69dc8bdddc11c9db52b18e2546c0e0bc7c3c4ba82b418f4e1fa7c6b1f8467e03,2021-03,South Yorkshire Police,South Yorkshire Police,-1.364440,53.388750,On or near ORGREAVE ROAD,E01007699,Rotherham 027B,Unable to prosecute suspect
f225d8bc0ae994e6c577bfd63a90251ad78e5c26835c0dc04c2791c83785e659,2021-03,South Yorkshire Police,South Yorkshire Police,-1.251842,53.393428,On or near WAVERLEY AVENUE,E01007810,Rotherham 026C,Investigation complete; no suspect identified
caa736db4096ff15145ab0d0b54734d9a17c40f0cdc41078a03915d19c4e080c,2021-03,South Yorkshire Police,South Yorkshire Police,-1.352411,53.330204,On or near BIRCHWOOD GARDENS,E01008022,Sheffield 065C,Further action is not in the public interest
de0fea66817675241773af15d1281e2a079e836ef222c72b38aca864bb0ed596,2021-03,South Yorkshire Police,South Yorkshire Police,-1.320655,53.545369,On or near CROSS BUTCHER STREET,E01007378,Barnsley 014F,Unable to prosecute suspect
25f1530b35cbb3871f9774b76d7e44458f3640babc3853af0497f0d6703258df,2021-03,South Yorkshire Police,South Yorkshire Police,-1.479582,53.379132,On or near FITZWILLIAM STREET,E01033266,Sheffield 074D,Local resolution
71e054ad03d179defe4332dacbeee9ffb654fd62e7ea7f055a58c76d70a87293,2021-03,South Yorkshire Police,South Yorkshire Police,-1.482082,53.586706,On or near WILFORD ROAD,E01007323,Barnsley 007A,Unable to prosecute suspect
b976f215e2067bec057ab1a7511bbe0187ddac17cb3661abbe33fb18f7d19c68,2021-03,South Yorkshire Police,South Yorkshire Police,-1.323013,53.407821,On or near HUNGER HILL LANE,E01007811,Rotherham 024A,Unable to prosecute suspect
9cba230054114496a1436a84b985f8ce3f9afa6c4e70eeefb9f84d898289fc1e,2021-03,South Yorkshire Police,South Yorkshire Police,-1.320655,53.545369,On or near CROSS BUTCHER STREET,E01007378,Barnsley 014F,Unable to prosecute suspect
f5e0526db0209f92e2c0dff42bc527ec21be18a771c5b83f1a1f0d453b8db286,2021-03,South Yorkshire Police,South Yorkshire Police,-1.491485,53.415982,On or near LAMB DRIVE,E01008092,Sheffield 012D,Unable to prosecute suspect
e07aeda240902e0c2f2a3825f20fdaab8e20a2fb8f4dc00be80bb53678164c73,2021-03,South Yorkshire Police,South Yorkshire Police,-1.391043,53.344124,On or near WEAKLAND WAY,E01033278,Sheffield 076E,Unable to prosecute suspect
20536f1e2ba1bcc23253f94dc2ae47561f678e7439e77f81796ea66612a7c8b5,2021-03,South Yorkshire Police,South Yorkshire Police,-1.477666,53.555272,On or near Parking Area,E01007336,Barnsley 013A,Investigation complete; no suspect identified
5d01f7ee535566c162f6d8e509683b7421949f2a4f57d975907cb077047b125d,2021-03,South Yorkshire Police,South Yorkshire Police,-1.480369,53.553918,On or near HANSON STREET,E01007340,Barnsley 013B,Investigation complete; no suspect identified
d645fbf6c5f77671a5cc7d8a65630456952227d5f67b012bba87af774aab9b22,2021-03,South Yorkshire Police,South Yorkshire Police,-1.388935,53.454764,On or near Pedestrian Subway,E01007732,Rotherham 009E,Unable to prosecute suspect
16f856ab4d8a2cbf8d1e91a80520c724a7b3e93476569a6aa7f9ddc69c5f0ebb,2021-03,South Yorkshire Police,South Yorkshire Police,-1.460756,53.364118,On or near EAST ROAD,E01008096,Sheffield 043B,Investigation complete; no suspect identified
287656e0cc7daecbe908c0f18158004ac235a2736b0e537fc6089ea43fef3afc,2021-03,South Yorkshire Police,South Yorkshire Police,-1.449522,53.340273,On or near Supermarket,E01008077,Sheffield 060D,Unable to prosecute suspect
4385b03916a1c233ac6046dfff49363e532135e07d6d3733cae13a377448d5b1,2021-03,South Yorkshire Police,South Yorkshire Police,-1.449522,53.340273,On or near Supermarket,E01008077,Sheffield 060D,Unable to prosecute suspect
98ca39fdd434530ea48a004b7c9991dfca9e4498990ad3c1e5985881284589da,2021-03,South Yorkshire Police,South Yorkshire Police,-1.462213,53.366551,On or near ST ELIZABETH CLOSE,E01008096,Sheffield 043B,Unable to prosecute suspect
84281d33af28bd1671f926019d37ae8ea9a215967ae39734d9fcd1da089b842c,2021-03,South Yorkshire Police,South Yorkshire Police,-1.282527,53.422479,On or near WILLOW COURT,E01007686,Rotherham 019C,Local resolution
391125e33ea8b4d6408455fa5660bfaf596d9f06cc72d507de80dffc4b08d283,2021-03,South Yorkshire Police,South Yorkshire Police,-1.371695,53.356545,On or near SKELTON LANE,E01007970,Sheffield 049D,Investigation complete; no suspect identified
ff07b8a3022fe898c75d478cec60826af864d227da36ed0933651dfdcbc1c547,2021-03,South Yorkshire Police,South Yorkshire Police,-1.480975,53.545139,On or near Petrol Station,E01007415,Barnsley 013C,Local resolution
9d0501bc6cfc229ef00ee31113e6286e14be517161cd00326484456bdf816e94,2021-03,South Yorkshire Police,South Yorkshire Police,-1.191637,53.572324,On or near YEALAND CLOSE,E01007464,Doncaster 009A,Unable to prosecute suspect
a212469c063d02a5a0083b2ccc2f7c83908095fa1fd6df07c14cb51642e92a87,2021-03,South Yorkshire Police,South Yorkshire Police,-1.452836,53.381763,On or near MANOR OAKS DRIVE,E01007885,Sheffield 075E,Investigation complete; no suspect identified
99f5155f9a1db125ed57eca690d064c3260913aebfe443b55b27a2b87b9a69b1,2021-03,South Yorkshire Police,South Yorkshire Police,-1.392136,53.440498,On or near LEYBOURNE ROAD,E01007742,Rotherham 015B,Investigation complete; no suspect identified
054163293c15b037de6f39458146b071f23c48815c315a2450edf1b4d495d1f2,2021-03,South Yorkshire Police,South Yorkshire Police,-1.473637,53.388292,On or near EBENEZER PLACE,E01033262,Sheffield 073B,Investigation complete; no suspect identified
cf3698bb950bbcf2bfc80e1bf24ed0f3713841f7d8bcfda21285fc3c341b01c7,2021-03,South Yorkshire Police,South Yorkshire Police,-1.470761,53.388603,On or near ALMA STREET,E01033262,Sheffield 073B,Investigation complete; no suspect identified
cd611e5077fef32c62b122f9ceb4ba7fb80d6b5af692678023ccddcbffb85f37,2021-03,South Yorkshire Police,South Yorkshire Police,-1.029211,53.596518,On or near PRINCESS AVENUE,E01007628,Doncaster 004D,Investigation complete; no suspect identified
45e7649513040c0b04bf3b93262a97d93ed8dfe902b5e13c4b67cf8753a3e679,2021-03,South Yorkshire Police,South Yorkshire Police,-1.458217,53.385347,On or near Pedestrian Subway,E01033268,Sheffield 075G,Investigation complete; no suspect identified
ea201942fed657ce8380b4df531936b9e71dcc2b7c881c7ff5cec0574ff78c89,2021-03,South Yorkshire Police,South Yorkshire Police,-0.990041,53.491448,On or near STATION ROAD,E01007602,Doncaster 026D,Unable to prosecute suspect
739631f0851b3d49c06fe8d1244b7552dfe174140e5f2d3199a0b53b58f6c6c7,2021-03,South Yorkshire Police,South Yorkshire Police,,,No location,,,Investigation complete; no suspect identified
89bd8cbdbf2b466dc59245db0d7d3d7bc7650851737fc82c6c08c88e29c3cae4,2021-03,South Yorkshire Police,South Yorkshire Police,-1.467077,53.436811,On or near TYAS ROAD,E01008058,Sheffield 006C,Unable to prosecute suspect
b5911390758ef71c4dd8167b7498630463076b6ee3460f39d5e683777d30daa0,2021-03,South Yorkshire Police,South Yorkshire Police,-1.458644,53.395569,On or near CATHERINE ROAD,E01007869,Sheffield 020A,Unable to prosecute suspect
d1ca08ada759dc2ec20b498514f4598894404fc6358795c6cfa4f62c3cbd6a4d,2021-03,South Yorkshire Police,South Yorkshire Police,-1.166083,53.542486,On or near Supermarket,E01007515,Doncaster 012C,Local resolution
576a3e1d4c72762027e26da2235ae440365d83decf26608d194b560be3d0eaf7,2021-03,South Yorkshire Police,South Yorkshire Police,-1.406748,53.365129,On or near SPINKHILL ROAD,E01008008,Sheffield 045D,Unable to prosecute suspect
93fd7e2c1247f16605ca96d39cf4dc51b8f6d1504e769a8ea461c34e3f65c1cb,2021-03,South Yorkshire Police,South Yorkshire Police,-1.393382,53.362446,On or near SMELTER WOOD CLOSE,E01007967,Sheffield 045B,Unable to prosecute suspect
d01c21c279bad7d833126575fdfbf4b680f1cd95a5bbd081a9fc1c006d4a8352,2021-03,South Yorkshire Police,South Yorkshire Police,-1.299786,53.533330,On or near CROSS STREET,E01007369,Barnsley 022A,Unable to prosecute suspect
ab6b6fd7b8163af3ce40a17c681c221f088e34b689f5d259122ba7fd13abcb7d,2021-03,South Yorkshire Police,South Yorkshire Police,-1.161595,53.543587,On or near ESKDALE DRIVE,E01007512,Doncaster 012A,Investigation complete; no suspect identified
648badc870eb20abb46cc0575abca9a38782b7794c4437def1f2acb518fcbbf8,2021-03,South Yorkshire Police,South Yorkshire Police,-1.391864,53.341306,On or near BIRLEY WOOD DRIVE,E01033278,Sheffield 076E,Suspect charged
f8a70902374c30c296d31f7b84018b1cf24034a5d0d1a6d755bca203efd03a82,2021-03,South Yorkshire Police,South Yorkshire Police,-1.146805,53.502297,On or near WOODFIELD ROAD,E01007495,Doncaster 028A,Local resolution
7dd2f044f28f6674c47efd02894404a3f0fdf334b769aca5523bf49dfe2343d7,2021-03,South Yorkshire Police,South Yorkshire Police,-1.515607,53.553266,On or near MICKELDEN WAY,E01007442,Barnsley 012E,Unable to prosecute suspect
b92fb281c010e41d6665037f4e5a7979d7b25ba911c5dbb3e6c8b00908146c47,2021-03,South Yorkshire Police,South Yorkshire Police,-1.419497,53.348167,On or near LISTER AVENUE,E01008005,Sheffield 052D,Investigation complete; no suspect identified
f621722a41ab5ad737522fe8d0ee3c46174cf530be5b5a823c8c95394f772a40,2021-03,South Yorkshire Police,South Yorkshire Police,-1.449476,53.575603,On or near HUMBERSIDE WAY,E01007406,Barnsley 009E,Unable to prosecute suspect
4d1ab6ef1daefa9591bc03498df80af470617c7c18f37a3b26d8f7cabbd858b7,2021-03,South Yorkshire Police,South Yorkshire Police,-1.452834,53.359587,On or near HARTOPP ROAD,E01008101,Sheffield 043D,Unable to prosecute suspect
bb879d997d239c982a8ab97a158519badab3412fd188d7f028c231b72c0e51cb,2021-03,South Yorkshire Police,South Yorkshire Police,-1.414781,53.391982,On or near BASFORD CLOSE,E01007904,Sheffield 018B,Unable to prosecute suspect
d22ac906e30092b26834781d43627ae5fb0b050078459564fa545c2d3b3b22e3,2021-03,South Yorkshire Police,South Yorkshire Police,-1.127951,53.524021,On or near PARK TERRACE,E01007645,Doncaster 022E,Local resolution
7fb123f807b54eaa5144919f84f9d52d606d97dbeefb4a29078dee44b29925fa,2021-03,South Yorkshire Police,South Yorkshire Police,-1.414608,53.343181,On or near BASEGREEN WAY,E01007836,Sheffield 062B,Investigation complete; no suspect identified
e589e8baba46fdf25269909b74ae4ff0fe5bd77240f4a042f34b4fe751e4a57f,2021-03,South Yorkshire Police,South Yorkshire Police,-1.195356,53.419182,On or near SCHOLFIELD CRESCENT,E01007760,Rotherham 020D,Investigation complete; no suspect identified
72cc3a118021b7a241fb6fd8130925bad2b897539529196601e0bae0ee463fbf,2021-03,South Yorkshire Police,South Yorkshire Police,-1.203681,53.365763,On or near CENTRAL MEWS,E01007785,Rotherham 029C,Suspect charged
31d308950ec0a2286345b279558a2e6ff8492e1790cfe0b120c91e448fe9365e,2021-03,South Yorkshire Police,South Yorkshire Police,-1.449522,53.340273,On or near Supermarket,E01008077,Sheffield 060D,Investigation complete; no suspect identified
12869a06d7352991d89b3f6f34e6e97169f7f83d4bbce25941806a4a0b55a382,2021-03,South Yorkshire Police,South Yorkshire Police,-1.293592,53.532934,On or near PARKGATE,E01007369,Barnsley 022A,Unable to prosecute suspect
d3de71a37c3cbcf50637f2b4b886649e45ad571f97979bcc256b7fd44befdc07,2021-03,South Yorkshire Police,South Yorkshire Police,-1.469351,53.418556,On or near PIPER CRESCENT,E01007946,Sheffield 015C,Investigation complete; no suspect identified
3a9be1df9b7e9e02f557fb16f669fd38e4c7697ed71b88550b9fbc6fa4c91e1d,2021-03,South Yorkshire Police,South Yorkshire Police,-0.956620,53.610694,On or near ELMHIRST ROAD,E01007638,Doncaster 003C,Unable to prosecute suspect
35ed7fc827359700743dfc196b77c4fb75414405424d4d23a8b36afec1f85814,2021-03,South Yorkshire Police,South Yorkshire Police,,,No location,,,Local resolution
5bd3bc0b297062f81e1080d74b056892086f361eaa27fa02d2f9fc648013ef50,2021-03,South Yorkshire Police,South Yorkshire Police,-1.170255,53.535181,On or near ST CHRISTOPHER'S CRESCENT,E01007582,Doncaster 016B,Investigation complete; no suspect identified
288e3de9d18c87d12123a10c072eb877457372380faf3f3cff78a1335585bbd5,2021-03,South Yorkshire Police,South Yorkshire Police,-1.514609,53.385706,On or near BOLEHILL LANE,E01007960,Sheffield 029B,Unable to prosecute suspect
a85619a189392efd7fcc4118f0d0eb7a7739e344a6c0d4d043923b43d33c60e7,2021-03,South Yorkshire Police,South Yorkshire Police,-1.485216,53.423030,On or near WORDSWORTH CRESCENT,E01008118,Sheffield 009E,Investigation complete; no suspect identified
aa7ebb070be0e79a14bdbd9733c658c5b6efdf3101d43f1d8f74008ab32ce404,2021-03,South Yorkshire Police,South Yorkshire Police,-1.461642,53.432112,On or near KNOWLE ROAD,E01008053,Sheffield 006A,Unable to prosecute suspect
2751781a887efad92aba2bd1a6a7302439526105ea58554d9ea328dc6d82c425,2021-03,South Yorkshire Police,South Yorkshire Police,-1.303200,53.531211,On or near ALBERT ROAD,E01007369,Barnsley 022A,Unable to prosecute suspect
7eca318b39fd337e213bb220240602adbbebe0375107a992c164583a760a1266,2021-03,South Yorkshire Police,South Yorkshire Police,-1.446292,53.350748,On or near SPOTSWOOD PLACE,E01007979,Sheffield 051D,Investigation complete; no suspect identified
c8963138c1ede976f49dad2007096c7148f820d651c463163ba2690b0378c849,2021-03,South Yorkshire Police,South Yorkshire Police,-1.218258,53.353437,On or near HANGING BANK COURT,E01007660,Rotherham 032B,Investigation complete; no suspect identified
d250c656328811b2c12839954f991283c2535a4782de4c0b11231fbfe55ec724,2021-03,South Yorkshire Police,South Yorkshire Police,-1.526391,53.367183,On or near ARMTHORPE ROAD,E01007865,Sheffield 038D,Investigation complete; no suspect identified
17231bc00db9e8af58e2cd9827ba820d99f09b132a194909fd9a6d9810e698c0,2021-03,South Yorkshire Police,South Yorkshire Police,-1.144009,53.507904,On or near GREAT CENTRAL AVENUE,E01007534,Doncaster 028D,Investigation complete; no suspect identified
4a947f29e257c464338e1e888344d9deec994198a0e05fa746d147ad6c51bbfa,2021-03,South Yorkshire Police,South Yorkshire Police,-1.456552,53.366175,On or near PARK SPRING DRIVE,E01008096,Sheffield 043B,Investigation complete; no suspect identified
51397cab3bccb85bd36e902fb070874ea2dc3024f37a34ac2120758e1c0b5577,2021-03,South Yorkshire Police,South Yorkshire Police,,,No location,,,Investigation complete; no suspect identified
e89fc0ec808541cdbaf0dcd80d9a99612cc83ae1dae8fc7cb5180cd2038677e4,2021-03,South Yorkshire Police,South Yorkshire Police,-1.497630,53.361744,On or near OSBORNE ROAD,E01008048,Sheffield 046D,Unable to prosecute suspect
ef5a3b43d13f95d885d3d3ee2ef09dcdc5a314ea8de46715ac7983b9aeddb1b0,2021-03,South Yorkshire Police,South Yorkshire Police,-1.355568,53.433592,On or near WATER STREET,E01007714,Rotherham 017B,Unable to prosecute suspect
57e76156df20591d02f70864e41610640888e3defed3ac038b19e610c47f87ed,2021-03,South Yorkshire Police,South Yorkshire Police,-0.958867,53.620745,On or near WILLOW ROAD,E01007636,Doncaster 003A,Further action is not in the public interest
f99b740249aaf8e64a312096c4e5cee648f9d02714627dc7f7f21c6f82b4c5d3,2021-03,South Yorkshire Police,South Yorkshire Police,-1.297358,53.342477,On or near MANSFIELD ROAD,E01007750,Rotherham 031D,Investigation complete; no suspect identified
68d7e10a10f5bfe48c758486ec9bcc1264ce4f8adb656a42e8b4dd0b5b69be82,2021-03,South Yorkshire Police,South Yorkshire Police,-1.231801,53.485067,On or near THE OVAL,E01007542,Doncaster 032B,Investigation complete; no suspect identified
47fc817a39563c32c81e0cd243f872b6d2bcef59b01f81917110bc4548feeddf,2021-03,South Yorkshire Police,South Yorkshire Police,-1.085277,53.503073,On or near BRIERLEY ROAD,E01007521,Doncaster 025A,Local resolution
6b2ec84be0941c19702a4dcd6172cbb136ed1d98556cd85de5bc3d31b7325cd5,2021-03,South Yorkshire Police,South Yorkshire Police,-1.187553,53.486716,On or near SHAW ROAD,E01007545,Doncaster 034A,Investigation complete; no suspect identified
9737d7c8c66e62d74971a29092c01fc7c8f9b166e1ffa3a2f1a687056f1cd2fd,2021-03,South Yorkshire Police,South Yorkshire Police,-1.482613,53.394479,On or near NEEPSEND LANE,E01008072,Sheffield 026C,Investigation complete; no suspect identified
af151258670e60b12c3add3d9f2e29a6c5cfa07f48fd203df181f1dd38201d72,2021-03,South Yorkshire Police,South Yorkshire Police,-1.472375,53.363810,On or near LONDON ROAD,E01008108,Sheffield 042A,Unable to prosecute suspect
7e2f478533f8269e88df55cce75d2071a21ff9867cdcfdb37f6f50100b4601a5,2021-03,South Yorkshire Police,South Yorkshire Police,-1.196075,53.562826,On or near CHADWICK ROAD,E01007467,Doncaster 009D,Unable to prosecute suspect
1b5fed8009d918298a125a62a8d43f63cfe4b7a9bdcf834c293d87ed4198fedf,2021-03,South Yorkshire Police,South Yorkshire Police,-1.299014,53.533515,On or near BEEVER STREET,E01007369,Barnsley 022A,Investigation complete; no suspect identified
079aea7fa42aaf91d095e9758d6fb7b1da618ddc783477fc7ce42cd0ce46dcb1,2021-03,South Yorkshire Police,South Yorkshire Police,-1.486348,53.345291,On or near FRASER CLOSE,E01007829,Sheffield 059B,Investigation complete; no suspect identified
08f8f8a6ae03f009197f8e15379e3cde9a1f1cc60a273b497e03d89849c6f312,2021-03,South Yorkshire Police,South Yorkshire Police,-1.558700,53.537397,On or near BEACON CLOSE,E01007419,Barnsley 016B,Investigation complete; no suspect identified
177f3fa7ee312e88c0aa2603af2d0c48fb1f13487c6fd1bbf7918d08545c58b1,2021-03,South Yorkshire Police,South Yorkshire Police,-0.957566,53.622019,On or near CEDAR ROAD,E01007635,Doncaster 001D,Unable to prosecute suspect
a43c59718f7dc18906bf0c3ccc30735d13921db092c6bfdd64bdcae0813fefd8,2021-03,South Yorkshire Police,South Yorkshire Police,,,No location,,,Unable to prosecute suspect
01a90cb879bdf5011dcaa3d9b5779064dc0a5679205c2dab92fd32816169b72f,2021-03,South Yorkshire Police,South Yorkshire Police,-1.445567,53.573167,On or near PRESTON WAY,E01007406,Barnsley 009E,Unable to prosecute suspect
e2b59c339d876888b66c3c123d4d468ac5265323752ad3f51f12625460763937,2021-03,South Yorkshire Police,South Yorkshire Police,-1.494867,53.431466,On or near OWEN CLOSE,E01008085,Sheffield 009A,Unable to prosecute suspect
d7d25d91f9c953f49c13a2f8bb9a2e0f4b41506d5f08a3a4a8deb37c80feed39,2021-03,South Yorkshire Police,South Yorkshire Police,-1.480910,53.581308,On or near SHORTFIELD COURT,E01007324,Barnsley 007B,Investigation complete; no suspect identified
edc0247f73c3fc1972880fc928e4336312118c70b08fbb5c05c5ed8cae0f2f0d,2021-03,South Yorkshire Police,South Yorkshire Police,-1.141483,53.533674,On or near MARSH ROAD,E01007517,Doncaster 013D,Unable to prosecute suspect
6f986902cb51b734992ecf69c01cc78816f25b3a5b8df208b38bd4a0eba7c039,2021-03,South Yorkshire Police,South Yorkshire Police,-1.428577,53.360022,On or near RIDGEWAY ROAD,E01008098,Sheffield 048A,Investigation complete; no suspect identified
a20549c6fd6d69ea2338a10fdad72e6faa741d12b0e5480ce81dffaa81b84382,2021-03,South Yorkshire Police,South Yorkshire Police,-1.378065,53.533934,On or near SOUTH VIEW,E01007352,Barnsley 020E,Unable to prosecute suspect
711f52c461cbd07b0b5381729ff29b827a3e4a539a243798ef5909c54cabb5bc,2021-03,South Yorkshire Police,South Yorkshire Police,-1.421730,53.348520,On or near SEAGRAVE AVENUE,E01008005,Sheffield 052D,Unable to prosecute suspect
9bcdf6c9c2e70c19b724ab698fadcb674cf8285afe0571315d0f672d204105ed,2021-03,South Yorkshire Police,South Yorkshire Police,-1.484029,53.552127,On or near Nightclub,E01007340,Barnsley 013B,Unable to prosecute suspect
0ce846d975758d4bccd45d813ea530ee1cc05d5c20a3757da1a21052f28e69bf,2021-03,South Yorkshire Police,South Yorkshire Police,-1.421730,53.348520,On or near SEAGRAVE AVENUE,E01008005,Sheffield 052D,Unable to prosecute suspect
2065f0f5cafcb68ae6949a589d29ea8bfc5d3c59ac46387571078a720c57713b,2021-03,South Yorkshire Police,South Yorkshire Police,-1.445514,53.372551,On or near ESSEX ROAD,E01007882,Sheffield 075D,Unable to prosecute suspect
c10a44054ec7121259626f04ca59f55ed44d4e651325b6bc0c27a01b06ebde2c,2021-03,South Yorkshire Police,South Yorkshire Police,-1.279011,53.498646,On or near HARLINGTON ROAD,E01007576,Doncaster 031E,Unable to prosecute suspect
d7558e68252e0f43d0a68efb409c1685be826c31d52da7c7c30412fbc801a983,2021-03,South Yorkshire Police,South Yorkshire Police,-1.421730,53.348520,On or near SEAGRAVE AVENUE,E01008005,Sheffield 052D,Unable to prosecute suspect
56b55a806f426a654436f1111a776c7ce3fc950eb11af5d790973f566408ce7e,2021-03,South Yorkshire Police,South Yorkshire Police,-1.487763,53.559172,On or near EARNSHAW TERRACE,E01007409,Barnsley 010D,Unable to prosecute suspect
8897b58d4899ff42b8d284e328015e19d891d0104e11010612e17f578ecb429e,2021-03,South Yorkshire Police,South Yorkshire Police,-1.465935,53.541091,On or near Sports/Recreation Area,E01007414,Barnsley 017D,Investigation complete; no suspect identified
d2204ae7d82f0792e43ee0eea5993f1472d11e9aff229aa2cd8e444559375769,2021-03,South Yorkshire Police,South Yorkshire Police,-1.326247,53.466895,On or near ROSE CRESCENT,E01007773,Rotherham 006C,Unable to prosecute suspect
41a656c06555bb91fff2e91d2710fb8ae9836fa7a73c8d4ba88483c3319d72da,2021-03,South Yorkshire Police,South Yorkshire Police,-1.465935,53.541091,On or near Sports/Recreation Area,E01007414,Barnsley 017D,Investigation complete; no suspect identified
8d725d18a2ad0f64f300e881307aeb08937371ca6442b271ea9604640804047e,2021-03,South Yorkshire Police,South Yorkshire Police,-1.399717,53.343638,On or near THORNBRIDGE RISE,E01007842,Sheffield 076D,Investigation complete; no suspect identified
a01ea39ad6f69e6755afa8ba02bf4be6c1bfa9d0b3b8ff9f219eec14bd192f81,2021-03,South Yorkshire Police,South Yorkshire Police,-1.340201,53.408241,On or near LYMISTER AVENUE,E01007678,Rotherham 023B,Investigation complete; no suspect identified
56a753ca2ac1725bc5f7838d0828b88c060114832ef791dc3c126cb63abf2235,2021-03,South Yorkshire Police,South Yorkshire Police,-1.140241,53.555490,On or near ARTHUR PLACE,E01007506,Doncaster 010A,Unable to prosecute suspect
4aed5ae563bd6a2ae89a9572297f36206426af1eb0b588e9fed508878e4f6e27,2021-03,South Yorkshire Police,South Yorkshire Police,-1.418961,53.528827,On or near NEVILLE COURT,E01007450,Barnsley 023D,Local resolution
3afb57ddfdc7712011bc3020542332e3be2744b92eb1219ca4bb1d8693118a3a,2021-03,South Yorkshire Police,South Yorkshire Police,-1.519621,53.318302,On or near WOLLATON AVENUE,E01007915,Sheffield 071A,Investigation complete; no suspect identified
6d2bfc170a2f94e97bf2127d2f5f946d8e0002c5d1af6d760ddb2f0a0f426e58,2021-03,South Yorkshire Police,South Yorkshire Police,-1.355856,53.338798,On or near DEANE FIELD VIEW,E01008037,Sheffield 065E,Local resolution
d63199689f08bbe44021d69d2bfb82735eea116fda9b020212ffb90a1683a5e2,2021-03,South Yorkshire Police,South Yorkshire Police,-1.405954,53.564681,On or near ACRE ROAD,E01007341,Barnsley 008A,Unable to prosecute suspect
e5ea5d66a6b1ecbc60a9ff4f94378a3bdbb85b5e56d994d024ce6072aaa72a66,2021-03,South Yorkshire Police,South Yorkshire Police,-1.020153,53.598791,On or near BEECH CRESCENT,E01007627,Doncaster 004C,Investigation complete; no suspect identified
cd5e596ee2b568ebeef219558b550fdf7938bfdbaa61435e4154bbc46284c805,2021-03,South Yorkshire Police,South Yorkshire Police,-1.481634,53.428075,On or near DEERLANDS CLOSE,E01033277,Sheffield 011E,Suspect charged
0c06be04eea16218ab5f74759637085a7b9fcffb94cf90b6e9928b4bb7ccf021,2021-03,South Yorkshire Police,South Yorkshire Police,-1.155310,53.564406,On or near MANOR ESTATE,E01007511,Doncaster 010E,Unable to prosecute suspect
70dddaa760d3f683ec6cbd5903c073d8f4af498db98301ba27ef08868334005a,2021-03,South Yorkshire Police,South Yorkshire Police,-1.485624,53.578667,On or near MURDOCH PLACE,E01007411,Barnsley 007F,Unable to prosecute suspect
cb0b812c983720bb3a63063089a47183dc4711dc08de0a464add824ef88df847,2021-03,South Yorkshire Police,South Yorkshire Police,-1.453049,53.583125,On or near Petrol Station,E01007437,Barnsley 002C,Suspect charged
ed5c5211de5b26abba2315323fbf0af4db1c43ea880e5636d21ed8d5017a0375,2021-03,South Yorkshire Police,South Yorkshire Police,-1.472553,53.413941,On or near RAISEN HALL PLACE,E01007945,Sheffield 015B,Investigation complete; no suspect identified
faa8afb3f7f1366db2bc99fa05fc49a351caeb884ccc4bacf54928aa4bb232cb,2021-03,South Yorkshire Police,South Yorkshire Police,-1.258647,53.426738,On or near WROXHAM CLOSE,E01007681,Rotherham 012A,Unable to prosecute suspect
b3d56eff1ab1f4b79b0bdb1bed32a32efd1e07275b60b417b03b1661a759345a,2021-03,South Yorkshire Police,South Yorkshire Police,-1.271608,53.425694,On or near OAK MEWS,E01007683,Rotherham 019B,Unable to prosecute suspect
9717ee4eccd142916e42d9bd200ab6daf09b7610691854f81b23a8f442d911b2,2021-03,South Yorkshire Police,South Yorkshire Police,-1.492814,53.319377,On or near BOLAND ROAD,E01007917,Sheffield 071B,Suspect charged
bf416356055a6dc141f4e06c7eef7443dfaee63d55ccb09c0bda3d792fc3b880,2021-03,South Yorkshire Police,South Yorkshire Police,-1.530777,53.542324,On or near EYAM CLOSE,E01007384,Barnsley 019C,Unable to prosecute suspect
cc0dd50e87c800acd436c3987316b55a2b1e603bd6e67bcb193852773d8bc124,2021-03,South Yorkshire Police,South Yorkshire Police,-1.325969,53.416862,On or near BROOM DRIVE,E01007711,Rotherham 021D,Local resolution
96e84d1b43b2734353ff362d2c1522b015efefaf361112900a683a8af357e526,2021-03,South Yorkshire Police,South Yorkshire Police,-1.315160,53.361017,On or near HILARY WAY,E01007673,Rotherham 030F,Unable to prosecute suspect
c9b880d6773f21bd9cb6b50436e05c4ef2c9cf5e31932dcb4460b26b239c5d3e,2021-03,South Yorkshire Police,South Yorkshire Police,-1.183456,53.587810,On or near RYDAL ROAD,E01007472,Doncaster 005D,Investigation complete; no suspect identified
6f0471efe34537694668bed5fcb1b7a19777846e1f1e1d4a383eba7bc787aa36,2021-03,South Yorkshire Police,South Yorkshire Police,-1.327464,53.437527,On or near DENE ROAD,E01007738,Rotherham 013D,Local resolution
ca81030e505cfa682093da519c503a692dd609c4282026a2a4d5882be7c14464,2021-03,South Yorkshire Police,South Yorkshire Police,-1.310087,53.366237,On or near ROSEDALE ROAD,E01007668,Rotherham 030B,Investigation complete; no suspect identified
f7a3d00995a28b7bac9324d38a29f274af2d833c297b23069207e735b0c3286a,2021-03,South Yorkshire Police,South Yorkshire Police,-1.504645,53.543288,On or near KERESFORTH MEWS,E01007442,Barnsley 012E,Further action is not in the public interest
180a3af7888dea7914337024440d8d3d484b8f49a66ae51e2765e3dcecd7da49,2021-03,South Yorkshire Police,South Yorkshire Police,-1.113232,53.506556,On or near Shopping Area,E01007644,Doncaster 019A,Suspect charged
05711849fc4f75961e0598f182c8393153e59804f5f8c2e729624034c0b9b33f,2021-03,South Yorkshire Police,South Yorkshire Police,-1.317180,53.479976,On or near BEECHAM COURT,E01007794,Rotherham 004C,Unable to prosecute suspect
5ba331a018a4bca48348a7d34d8a78cddec53a75e4d1d5957be6a87d23e32fd1,2021-03,South Yorkshire Police,South Yorkshire Police,-1.125170,53.516981,On or near RAINTON ROAD,E01007645,Doncaster 022E,Investigation complete; no suspect identified
3d852226ee88589bd0ebe10c97d8857c949812eeb4f4489fd2a0546598791988,2021-03,South Yorkshire Police,South Yorkshire Police,-1.423561,53.412151,On or near DEARNE STREET,E01007854,Sheffield 014E,Investigation complete; no suspect identified
a3cde193e717d0630bbcb9ce8d48062ec51534ba89fc3cd1f0a30bfc44ac0695,2021-03,South Yorkshire Police,South Yorkshire Police,-1.128191,53.516760,On or near CUNNINGHAM ROAD,E01007645,Doncaster 022E,Suspect charged
932f54f8c52c8064622f501bb71b4a0ab26d4b13b4bab0a533318741522df631,2021-03,South Yorkshire Police,South Yorkshire Police,-1.080007,53.474889,On or near SKIPWITH GARDENS,E01007592,Doncaster 037B,Unable to prosecute suspect
a941330dd580010afe86fc6b1ed8a6ab34f95704c41c0e85eb1f604064f30bb5,2021-03,South Yorkshire Police,South Yorkshire Police,-1.366872,53.348430,On or near RAINBOW CRESCENT,E01008029,Sheffield 056B,Investigation complete; no suspect identified
e99d1a76d35bb5116d82daea93062ebafc7f86cb63c45ea42463a8521539c3f7,2021-03,South Yorkshire Police,South Yorkshire Police,-0.947023,53.628282,On or near VERMUYDEN ROAD,E01007634,Doncaster 001C,Further action is not in the public interest
3edd6873a2fe37aee3465676b19c88f33ef53bb305ae01df60ec9a31ffb81e97,2021-03,South Yorkshire Police,South Yorkshire Police,-1.104661,53.438123,On or near WHEATFIELD DRIVE,E01007614,Doncaster 039C,Investigation complete; no suspect identified
ca8a9658fd5ef830cde3b7f07dc4a2714cec4fb1608ef17eaa279ffc266b8956,2021-03,South Yorkshire Police,South Yorkshire Police,-1.489583,53.564707,On or near HALL BANK,E01032551,Barnsley 010H,Unable to prosecute suspect
7cc6c3cbf2bdee1b56aca59c8b988038040d5f7f1a687b815c2c7938e7dbd564,2021-03,South Yorkshire Police,South Yorkshire Police,-1.404132,53.518067,On or near WRIGHT CRESCENT,E01007451,Barnsley 026A,Unable to prosecute suspect
a3bedc1e97b16caa654433cf58e1050ef547fa060b2ec284b6b1f8d0b8c838a0,2021-03,South Yorkshire Police,South Yorkshire Police,-1.343586,53.506847,On or near TOLSON WALK,E01007693,Rotherham 001A,Local resolution
730178b533c941878c0c336dc207c7dd2b2778966d6591aafcd9f387c6e17af9,2021-03,South Yorkshire Police,South Yorkshire Police,-1.069664,53.477290,On or near BEVAN AVENUE,E01007595,Doncaster 037D,Unable to prosecute suspect
73dbd7278c2c94ac0af4dfb6d5696de923f541e68c53b558da8bdb4a72fcde36,2021-03,South Yorkshire Police,South Yorkshire Police,-1.434312,53.398926,On or near NEWHALL ROAD,E01007877,Sheffield 022D,Investigation complete; no suspect identified
c325f37d8243bd8b32ce08231e8ff75b41ad8a426bc258c7faa1b523ef86c236,2021-03,South Yorkshire Police,South Yorkshire Police,-1.477847,53.430090,On or near MARGETSON ROAD,E01008119,Sheffield 009F,Investigation complete; no suspect identified
1187e4b8cde81839ac5ad040d035d1101468f55aeaa97879029fab6fb35a0089,2021-03,South Yorkshire Police,South Yorkshire Police,-1.317402,53.531832,On or near WILLIAM STREET,E01007371,Barnsley 022C,Unable to prosecute suspect
435aa7646290d67af3fb8b1bc298a0d15d546914cbafb0e085741efce6755587,2021-03,South Yorkshire Police,South Yorkshire Police,-1.485412,53.376901,On or near HOLBERRY CLOSE,E01008115,Sheffield 074B,Investigation complete; no suspect identified
c93b659a5b12154da3319c69f1e4a9a7a07e72d35cde4ffdafc1a17c0de6209d,2021-03,South Yorkshire Police,South Yorkshire Police,-1.353164,53.494746,On or near ELLIS AVENUE,E01007817,Rotherham 002B,Further action is not in the public interest
ff0bf974bfc5dd63f1529e460c3223ec64180c15d3923ac39dd932aa0f6f6763,2021-03,South Yorkshire Police,South Yorkshire Police,-1.162601,53.613382,On or near THEODORE ROAD,E01007491,Doncaster 002E,Investigation complete; no suspect identified
16b8447429e03d5267f4e83d8ef7431a48e25c1b873604498a798c5ee8409b68,2021-03,South Yorkshire Police,South Yorkshire Police,-1.353164,53.494746,On or near ELLIS AVENUE,E01007817,Rotherham 002B,Further action is not in the public interest
9d48fff82d43c93bde1ee76bc8535e3e9e110ec791d6f2bfd8787b64caba22d4,2021-03,South Yorkshire Police,South Yorkshire Police,-1.364338,53.328875,On or near ASH STREET,E01008024,Sheffield 072C,Investigation complete; no suspect identified
a61711105cb11806436d832eb2ee50e99b0fa3730bc2336d7853bcae3a1c5e27,2021-03,South Yorkshire Police,South Yorkshire Police,-1.345703,53.437880,On or near MILTON ROAD,E01007769,Rotherham 017D,Investigation complete; no suspect identified
695c09c3500ee99e0e3bf36d06b1ff1edcb46deaf944612afb2d0238b25e1985,2021-03,South Yorkshire Police,South Yorkshire Police,,,No location,,,Unable to prosecute suspect
1abfd1c87174d1e3f196dbad7c0786e091031651a1c343c79a7463486e9734d8,2021-03,South Yorkshire Police,South Yorkshire Police,-0.977919,53.615030,On or near OMEGA BOULEVARD,E01007640,Doncaster 003E,Investigation complete; no suspect identified
635ce4e04483c0af62e34a7a54aa828046dd1b665e1b95ed905ba8e5cabc3492,2021-03,South Yorkshire Police,South Yorkshire Police,-1.306640,53.543240,On or near QUEEN STREET,E01007373,Barnsley 014B,Investigation complete; no suspect identified
fbc4491538642393909e5286e4a073ed69d5be7b14dcae7d3f909345777f2a19,2021-03,South Yorkshire Police,South Yorkshire Police,-1.488610,53.429921,On or near DEERLANDS MOUNT,E01008116,Sheffield 009C,Investigation complete; no suspect identified
38784178833326b64dcca913328fbb405d587abbde9f40a3cd7a9fd35dbc5471,2021-03,South Yorkshire Police,South Yorkshire Police,-1.138320,53.615843,On or near NEWMARCHE DRIVE,E01007492,Doncaster 002F,Investigation complete; no suspect identified
2db30fc220ab5e1c0e539906dc9b190569b1b27acdd5d6bc8479844f1d95f8a0,2021-03,South Yorkshire Police,South Yorkshire Police,-1.154531,53.562576,On or near LINDEN WALK,E01007511,Doncaster 010E,Further action is not in the public interest
9e0760372d220a3fffb428d6ec5ba07a8af3ee2d600818f06cb1d9399af79eb3,2021-03,South Yorkshire Police,South Yorkshire Police,-1.189468,53.583105,On or near ROLLESTON ROAD,E01007474,Doncaster 005F,Unable to prosecute suspect
dfb47509e13e13ad1f1d259cd6152f62f9357d3ea44c5140c832cb3368c3a0c8,2021-03,South Yorkshire Police,South Yorkshire Police,-1.489538,53.550874,On or near GRAFTON STREET,E01007443,Barnsley 013F,Unable to prosecute suspect
2e9116eb12282ee0b2df2d57cf7b5f5c78143e63647b41d7890a8d062fa49083,2021-03,South Yorkshire Police,South Yorkshire Police,-1.196379,53.367279,On or near KEATS DRIVE,E01007791,Rotherham 029F,Unable to prosecute suspect
17f0b307976bd1ecc9a74417551108f004b65a0de3b235dca89396b8f074b48d,2021-03,South Yorkshire Police,South Yorkshire Police,-1.466037,53.397202,On or near CHRIST CHURCH ROAD,E01007870,Sheffield 019A,Unable to prosecute suspect
ca4f9e70379999139dfab5b24c1a7039f56d01b55972d2e2e6562d8d3de72782,2021-03,South Yorkshire Police,South Yorkshire Police,-1.425329,53.543203,On or near ST CHRISTOPHERS CLOSE,E01007319,Barnsley 015A,Further action is not in the public interest
05271bea20b4bfeb3419066de24515e10b1aa62beb799c3c15f704cd0674e0ab,2021-03,South Yorkshire Police,South Yorkshire Police,,,No location,,,Unable to prosecute suspect
9dbce92f569a10e4231c77fd173b0f847237300dcd07372cb06b69b271da50e6,2021-03,South Yorkshire Police,South Yorkshire Police,-1.466037,53.397202,On or near CHRIST CHURCH ROAD,E01007870,Sheffield 019A,Unable to prosecute suspect
5a4faa338bd9393e1f11f3d13c883aefe79724cf73bea33b81886be1979e0289,2021-03,South Yorkshire Police,South Yorkshire Police,-1.440825,53.421877,On or near Sports/Recreation Area,E01007849,Sheffield 010A,Unable to prosecute suspect
45a308fb4240a11b798a0da573f2941fc41678c623186d1a8ccad533e19a5133,2021-03,South Yorkshire Police,South Yorkshire Police,-1.477847,53.430090,On or near MARGETSON ROAD,E01008119,Sheffield 009F,Investigation complete; no suspect identified
cc334b33f70412d4ca82e773d5811188e592d90a2b8df4bf48246a558a1c1148,2021-03,South Yorkshire Police,South Yorkshire Police,-1.471130,53.390393,On or near MOWBRAY STREET,E01033270,Sheffield 022H,Further investigation is not in the public interest
6e7312c71258d36dc7a4f20a2f82e8f68b48a9de3bd6fe939b9d61b66889e663,2021-03,South Yorkshire Police,South Yorkshire Police,-1.162954,53.613879,On or near DAVIS ROAD,E01007490,Doncaster 002D,Suspect charged
87da727b7c97accda3c83be8a1187d055d01ea588279e58f69b6db1bdc58f8b7,2021-03,South Yorkshire Police,South Yorkshire Police,-1.358694,53.421869,On or near ROBINSON STREET,E01007677,Rotherham 017A,Further action is not in the public interest
1a23cca56ca32ea1f1b7dcfd02688e9fd8ce414a693a0778e2336d298bc91a39,2021-03,South Yorkshire Police,South Yorkshire Police,-1.450519,53.432098,On or near HARTLEY BROOK ROAD,E01008057,Sheffield 007D,Unable to prosecute suspect
97bbe5d529c97d146f65915b7b8bd32971277bbf608de4610b10ea596eb26936,2021-03,South Yorkshire Police,South Yorkshire Police,-1.450519,53.432098,On or near HARTLEY BROOK ROAD,E01008057,Sheffield 007D,Unable to prosecute suspect
0c7b7cbcb7e5b2332062517f78746f6ebcf32cd578d9976137076ad99584c3ff,2021-03,South Yorkshire Police,South Yorkshire Police,-1.286343,53.496532,On or near PYM ROAD,E01007576,Doncaster 031E,Unable to prosecute suspect
a5e6fb8073e3b1c646440b3e4d4fa325523920eb4a045bcd857e517a65353494,2021-03,South Yorkshire Police,South Yorkshire Police,-1.457646,53.362872,On or near THORNBOROUGH PLACE,E01008096,Sheffield 043B,Unable to prosecute suspect
3cbb960724e265f8a099fa95e0a0c6c248839618dc809da3e62363916bb9b8b3,2021-03,South Yorkshire Police,South Yorkshire Police,-1.147674,53.518348,On or near DENISON ROAD,E01007531,Doncaster 022C,Unable to prosecute suspect
e153618a44a67e48dde4fa2a28727d71274368548c7ff7154d30989803ab1911,2021-03,South Yorkshire Police,South Yorkshire Police,-1.028432,53.590975,On or near Supermarket,E01007626,Doncaster 004B,Local resolution
5dc12379f30917e506d261dfd085719a1e3bb0682b950f1a935297df851d4915,2021-03,South Yorkshire Police,South Yorkshire Police,-1.188087,53.487187,On or near VICTORIA ROAD,E01007545,Doncaster 034A,Investigation complete; no suspect identified
adc9804313ac25c62d8bdfc6a127b324be5bce20db1c44ac36b509207f2089bd,2021-03,South Yorkshire Police,South Yorkshire Police,-1.507586,53.374118,On or near ENDCLIFFE CRESCENT,E01007859,Sheffield 036A,Offender given a drugs possession warning
742d19815d0a88bbd15798a8dfc5e41171d00db46629533d6dfa8c895b01c16e,2021-03,South Yorkshire Police,South Yorkshire Police,-1.456747,53.596355,On or near REDWOOD AVENUE,E01007435,Barnsley 001B,Investigation complete; no suspect identified
b6b44b81cdddd2fff53d71fa7be35a3c7f788326eb673d5dcc485557f7b17deb,2021-03,South Yorkshire Police,South Yorkshire Police,-1.320650,53.413596,On or near EAST BAWTRY ROAD,E01007711,Rotherham 021D,Unable to prosecute suspect
9dd7a39c30bad88bc263563e1a37ccf964c511eee5add18164d3feaceab4a7de,2021-03,South Yorkshire Police,South Yorkshire Police,-1.328252,53.428623,On or near TENNYSON ROAD,E01007735,Rotherham 013B,Suspect charged
435d408cb7bf68a32892c1f3569470a7568214200de0ad66a950528922c87d5f,2021-03,South Yorkshire Police,South Yorkshire Police,-1.460935,53.424909,On or near MASTERS ROAD,E01008061,Sheffield 011A,Further action is not in the public interest
a880e8ab1ccea13445689a97309a0a7a44981918eb3dccee9e79abfb1ba15d04,2021-03,South Yorkshire Police,South Yorkshire Police,-1.405907,53.368352,On or near WIDDOP CLOSE,E01008008,Sheffield 045D,Investigation complete; no suspect identified
0eac6c4d8c5e39ee247a22d14a5d68292aef87abdab303fb69cabfe66ba39485,2021-03,South Yorkshire Police,South Yorkshire Police,-1.351466,53.427188,On or near HOLLOWGATE,E01007680,Rotherham 023D,Unable to prosecute suspect
557781764e664e870236c6831bc96bab98f37b746168a8e49095ed4058d6bbbf,2021-03,South Yorkshire Police,South Yorkshire Police,-1.432563,53.374396,On or near MANOR PARK ROAD,E01008015,Sheffield 039D,Offender given a drugs possession warning
5d22765b869f302e950a8f97251be643dc6536529375d4b7bea9b21923e1f879,2021-03,South Yorkshire Police,South Yorkshire Police,-1.449871,53.359861,On or near EASTERN CRESCENT,E01008100,Sheffield 048B,Unable to prosecute suspect
3d58c87d4d5f172659b7fca05cd25ee68ace4fc83d2a27ef06a42dbb570bcd3c,2021-03,South Yorkshire Police,South Yorkshire Police,-1.489600,53.388649,On or near ADDY DRIVE,E01008072,Sheffield 026C,Investigation complete; no suspect identified
ee344d04004b18f5bdf29a13cfbcb3219db2b44a9942e9f3350e9089c1e198e1,2021-03,South Yorkshire Police,South Yorkshire Police,-1.405907,53.368352,On or near WIDDOP CLOSE,E01008008,Sheffield 045D,Investigation complete; no suspect identified
0bf9537459442070af8515e2a21f2447f7b49667b68c8c14e11576c9555cbd8a,2021-03,South Yorkshire Police,South Yorkshire Police,-1.453264,53.407032,On or near BLYDE ROAD,E01007942,Sheffield 020D,Suspect charged
83b47ab864e51ce4b73e3aba032ce8c9572f67d2d64b7bdfab7325f2afbbc753,2021-03,South Yorkshire Police,South Yorkshire Police,-1.312405,53.369765,On or near SPRINGWOOD COURT,E01007668,Rotherham 030B,Action to be taken by another organisation
2584313ffe38921b1ce2237c69972e7259d2ad10faeb466ee823153d5a660b5e,2021-03,South Yorkshire Police,South Yorkshire Police,-1.504964,53.440794,On or near STEPHEN DRIVE,E01008141,Sheffield 005E,Investigation complete; no suspect identified
c8e06f27079744bca46630e05d6852010eb621cb8eb815166bd85791f3c319ee,2021-03,South Yorkshire Police,South Yorkshire Police,-1.157441,53.378624,On or near RAMPER ROAD,E01007788,Rotherham 028B,Offender given a drugs possession warning
3b53969198113185635677fc7a1c4e6ed95d46543c2a4603e8d105bb738a85f1,2021-03,South Yorkshire Police,South Yorkshire Police,-1.520689,53.405263,On or near COX ROAD,E01007993,Sheffield 021C,Suspect charged
58bcbf530dd9cf204595b1786115ebb19f4eebff1ae5905d54b364237e345834,2021-03,South Yorkshire Police,South Yorkshire Police,-1.520689,53.405263,On or near COX ROAD,E01007993,Sheffield 021C,Unable to prosecute suspect
53eb64a54d35a00711b9d13682fd5e36dfeb0c56166209c66116d9fbdd1d640e,2021-03,South Yorkshire Police,South Yorkshire Police,-1.491595,53.414374,On or near OXSPRING BANK,E01008092,Sheffield 012D,Investigation complete; no suspect identified
0e7f1271d6c3700deb8c9ecd0ada4861463349104cf8d7e7b0dd5ee8b19c2ebf,2021-03,South Yorkshire Police,South Yorkshire Police,-1.109395,53.538527,On or near FOSSARD CLOSE,E01007652,Doncaster 015D,Further action is not in the public interest
22841ae778f8c954b021972e6e034296e2b29af7b0a6360b657c229ed23f019f,2021-03,South Yorkshire Police,South Yorkshire Police,-1.482526,53.556570,On or near Further/Higher Educational Building,E01007336,Barnsley 013A,Local resolution
7db8d06cc49dc53777ace6d954f03fdc3ebbd896bf54d92bad4a23b4d2c44ba0,2021-03,South Yorkshire Police,South Yorkshire Police,-1.389126,53.342703,On or near WEAKLAND CLOSE,E01033278,Sheffield 076E,Further action is not in the public interest
49d3aa603d805437f9daf8dba845ebc9677e6eda0c120835daaa7c9af48c8e9e,2021-03,South Yorkshire Police,South Yorkshire Police,-1.513102,53.541409,On or near LAMBERT FOLD,E01007383,Barnsley 019B,Local resolution
5cf1f3dd65513a014be2820c9efe4d28cdfac07044f7663b5e9f610fdbda8d9f,2021-03,South Yorkshire Police,South Yorkshire Police,-1.490136,53.370224,On or near DENHAM ROAD,E01008111,Sheffield 040D,Investigation complete; no suspect identified
523fd88219fa61a02af6625fb3e05c20f3c5370b3500ba7c57acf34c5fe4fe3e,2021-03,South Yorkshire Police,South Yorkshire Police,-1.419108,53.535749,On or near BARNSLEY ROAD,E01007450,Barnsley 023D,Investigation complete; no suspect identified
97af7c5d9a3d8f766af7b416f3e51762a3f70b050ab4a1e0a62463b59a597257,2021-03,South Yorkshire Police,South Yorkshire Police,-1.460480,53.324045,On or near HAZLEBARROW CLOSE,E01008081,Sheffield 070A,Investigation complete; no suspect identified
3faaf597158f6847146212930b7dde1ac8ba7e49441a8897ede05fd2d972efef,2021-03,South Yorkshire Police,South Yorkshire Police,-1.181515,53.489560,On or near Sports/Recreation Area,E01007545,Doncaster 034A,Unable to prosecute suspect
5427112549cefa5e83e6f733f3826c517038a147486a7d97dab99642e3b60418,2021-03,South Yorkshire Police,South Yorkshire Police,-1.485250,53.554766,On or near CHURCHFIELD,E01007336,Barnsley 013A,Suspect charged
442fadfaa4b5e5485a05f6920314f371daef4f94855fc77671aa67b8e70d08fd,2021-03,South Yorkshire Police,South Yorkshire Police,-1.497348,53.399756,On or near Police Station,E01008161,Sheffield 026E,Unable to prosecute suspect
63622b28a9d93c9bf2f66ef317ad5bc2ea6bb53f8186bf4861730f92c394d6f1,2021-03,South Yorkshire Police,South Yorkshire Police,-1.189857,53.488385,On or near QUEENS PARK,E01007546,Doncaster 033A,Investigation complete; no suspect identified
edfa77ddcddcd87ac2ba031d5ec9d45597c54c4cfaf6f818e86d27341c1701a9,2021-03,South Yorkshire Police,South Yorkshire Police,-1.518199,53.565662,On or near CLAYCLIFFE AVENUE,E01007387,Barnsley 012D,Investigation complete; no suspect identified
f5cffea04d97e1e2e8271979a595f501e1cc8623dfac9098f2915bbb3c357bd7,2021-03,South Yorkshire Police,South Yorkshire Police,-1.426640,53.506474,On or near DYER ROAD,E01007457,Barnsley 029E,Unable to prosecute suspect
cefd7c847a1a446675a3a7b60d82dd83fa4665a3624c1aa2c6d1e92128910884,2021-03,South Yorkshire Police,South Yorkshire Police,-1.416752,53.369862,On or near VIKINGLEA ROAD,E01008011,Sheffield 039A,Unable to prosecute suspect
5f4371b584093373ee74ab23b3c24fca38c672dc1578ecafcd41d646bd74f823,2021-03,South Yorkshire Police,South Yorkshire Police,-1.069107,53.552935,On or near ACRE CLOSE,E01007477,Doncaster 011C,Investigation complete; no suspect identified
7831cde86622ce97344cd8a5546c2199d7cf679a0164820a38f03fe665b761d0,2021-03,South Yorkshire Police,South Yorkshire Police,-1.492615,53.423430,On or near DOE ROYD LANE,E01008088,Sheffield 012B,Investigation complete; no suspect identified
49ea93d350ac4640c3c136b4be34606321b45d198b09e4ab485dac21f512fb08,2021-03,South Yorkshire Police,South Yorkshire Police,-1.205515,53.422279,On or near BLYTH ROAD,E01007763,Rotherham 020E,Investigation complete; no suspect identified
9f5815e488e60f0e05e6db9470650a8216159c31cd540e6d96646d93790834bf,2021-03,South Yorkshire Police,South Yorkshire Police,-1.486841,53.379262,On or near WILKINSON STREET,E01007866,Sheffield 030A,Offender given a caution
a7bf6c7754b495f1ead6a6e2e36d1632b0961aa4452a7a620e8600baad7127bb,2021-03,South Yorkshire Police,South Yorkshire Police,-1.488118,53.370620,On or near SAWDON ROAD,E01008111,Sheffield 040D,Unable to prosecute suspect
0bdd950c5bb44bc2824ccb8abb4c9f4e57fb8404ce903100c4809b8e6c6d1f5a,2021-03,South Yorkshire Police,South Yorkshire Police,-1.237388,53.586925,On or near MAIN STREET,E01007587,Doncaster 020C,Unable to prosecute suspect
5fd30167f39f5fc19e452fc59008492ba095bbf6db40db9c946d7014dae53f32,2021-03,South Yorkshire Police,South Yorkshire Police,,,No location,,,Investigation complete; no suspect identified
b2fba85f4a5e8c4066ff9e2cb899b5cbfc477db894c89177576de78c6030e6f8,2021-03,South Yorkshire Police,South Yorkshire Police,-1.358272,53.419926,On or near ROTHER VIEW ROAD,E01007677,Rotherham 017A,Unable to prosecute suspect
ccc6a2c165a77d26f6d0157da6da328921384e7b42f6d108bd55ad94487d4ccf,2021-03,South Yorkshire Police,South Yorkshire Police,-1.347940,53.438251,On or near JENNINGS CLOSE,E01007768,Rotherham 014D,Investigation complete; no suspect identified
6a4381305495581aea4bded0fbd1a32ebe8bd0276ddb920719ffa760258415a4,2021-03,South Yorkshire Police,South Yorkshire Police,-1.444678,53.601836,On or near WEST STREET,E01007440,Barnsley 002D,Unable to prosecute suspect
8dc95acaafeb97b0370da25f582357d36395b56d6bec68a30c2b8154ccd18cb5,2021-03,South Yorkshire Police,South Yorkshire Police,-1.153064,53.611067,On or near Police Station,E01007492,Doncaster 002F,Unable to prosecute suspect
8dc95acaafeb97b0370da25f582357d36395b56d6bec68a30c2b8154ccd18cb5,2021-03,South Yorkshire Police,South Yorkshire Police,-1.153064,53.611067,On or near Police Station,E01007492,Doncaster 002F,Unable to prosecute suspect
82bd1c61a74c2b26bd418c12c5efb9b76aeb02510457e002056951dafcacdbd7,2021-03,South Yorkshire Police,South Yorkshire Police,-1.288736,53.537292,On or near DONCASTER ROAD,E01007376,Barnsley 022D,Investigation complete; no suspect identified
406e4d57d8a5229be43d75920de28de9b72fcd7e6dd29eb1695a283e30c4399b,2021-03,South Yorkshire Police,South Yorkshire Police,-1.369432,53.358160,On or near Pedestrian Subway,E01007964,Sheffield 049A,Unable to prosecute suspect
63a68baba98469144c44301dc3bbeaf911d34eaa74ec8302bec6dac1fa6c5d31,2021-03,South Yorkshire Police,South Yorkshire Police,-1.251842,53.393428,On or near WAVERLEY AVENUE,E01007810,Rotherham 026C,Further action is not in the public interest
c5bacd16a6491303abd040dc7a4813961aeee01e07a9a91c3b96d49de009acba,2021-03,South Yorkshire Police,South Yorkshire Police,-1.210057,53.425653,On or near LITTLE HAYNOOKING LANE,E01007762,Rotherham 018F,Unable to prosecute suspect
2e132b8327ac936ede94fb10145669cc41d72a2eea8a2adad89b6bf1ea6dcaa1,2021-03,South Yorkshire Police,South Yorkshire Police,-1.088157,53.543796,On or near Parking Area,E01007656,Doncaster 015F,Investigation complete; no suspect identified
13446a0ed611d813cf1c66abb51351b2ab38048a934b23314ced37e979451c84,2021-03,South Yorkshire Police,South Yorkshire Police,-1.330855,53.438220,On or near FOLJAMBE ROAD,E01007736,Rotherham 014A,Unable to prosecute suspect
6313b000917445f73eebcb202629a43e31c6ca067180f346f428f48160955f8a,2021-03,South Yorkshire Police,South Yorkshire Police,-1.022816,53.598651,On or near DR ANDERSON AVENUE,E01007627,Doncaster 004C,Unable to prosecute suspect
3f24d925c1393b00e1e71247b603973a746901fdf70bf1d8c340e902888e06e9,2021-03,South Yorkshire Police,South Yorkshire Police,-1.630990,53.523359,On or near HIGH STREET,E01007429,Barnsley 024C,Investigation complete; no suspect identified
aa51156697b314e947e2d6fcacc50ad46c8e3d7baa669074be830e93ba9232f6,2021-03,South Yorkshire Police,South Yorkshire Police,-1.239690,53.477027,On or near OAK GROVE,E01007540,Doncaster 035D,Investigation complete; no suspect identified
d326853dede194549c4e8e4de5a548979e07ba277e69a86e7d708343e1221141,2021-03,South Yorkshire Police,South Yorkshire Police,-1.361124,53.429451,On or near MAIN STREET,E01007714,Rotherham 017B,Further investigation is not in the public interest
c761efe1a90324b3aa88af4c27af18bc8a8251e29df4ed541d617017a100edbe,2021-03,South Yorkshire Police,South Yorkshire Police,-1.304975,53.562861,On or near CHURCH FIELD ROAD,E01007587,Doncaster 020C,Investigation complete; no suspect identified
976ba905ef0481932c23578ab134f883d546b7c1c5621fe9e69b794f5cd4e0f1,2021-03,South Yorkshire Police,South Yorkshire Police,-1.238983,53.479486,On or near DAYLANDS AVENUE,E01007540,Doncaster 035D,Suspect charged
2d1c7b3c0d89508e8706b5a8d48ecfb9ed21945d934c05db9e3232f377cf0a02,2021-03,South Yorkshire Police,South Yorkshire Police,-1.470613,53.379928,On or near Supermarket,E01033265,Sheffield 074C,Offender given a caution
654794b7e9b89c9a5d6be8c93a15203c34ea15bafdd7c2282ddb0076d43ec742,2021-03,South Yorkshire Police,South Yorkshire Police,-1.476209,53.548578,On or near COPPER CLOSE,E01007338,Barnsley 017A,Investigation complete; no suspect identified
daad27c2888ac088a7e622cd12ec7ded5ffa36cb89a32e0f60e29825731ef35f,2021-03,South Yorkshire Police,South Yorkshire Police,-1.490110,53.393802,On or near SOMERVILLE TERRACE,E01008157,Sheffield 026D,Investigation complete; no suspect identified
0884f3aa0586fa5191079b9787fb52f84ce24a41d7fb918bddc672981093372d,2021-03,South Yorkshire Police,South Yorkshire Police,-1.494662,53.347224,On or near HUTCHINSON LANE,E01007929,Sheffield 055C,Investigation complete; no suspect identified
2ebba0ac67bfde4576404db572b986572954def6a3725c4bed98b784b3ba40b6,2021-03,South Yorkshire Police,South Yorkshire Police,-1.466337,53.382893,On or near HIGH STREET,E01033264,Sheffield 073D,Local resolution
3203aaf2bb76f2a516f90a80a9082c98d2ead08c0e26c2257e87769b65b1bd9f,2021-03,South Yorkshire Police,South Yorkshire Police,-1.461642,53.432112,On or near KNOWLE ROAD,E01008053,Sheffield 006A,Investigation complete; no suspect identified
9af5f7bb2ec11021824925fdc2f7a5b04320b1c36cbd7b935d9da36742c80c77,2021-03,South Yorkshire Police,South Yorkshire Police,-1.100535,53.525104,On or near ESSEX AVENUE,E01007568,Doncaster 018E,Local resolution
2c363b1117273f262d2055e627493005f06dbd5a5a063a00b4bd0aa4ad389235,2021-03,South Yorkshire Police,South Yorkshire Police,-1.434103,53.392003,On or near STANIFORTH ROAD,E01033269,Sheffield 022G,Unable to prosecute suspect
9a8f017fa73f09f706a5b5ae6459e95405e06860e272c6726e38c319a898a5a0,2021-03,South Yorkshire Police,South Yorkshire Police,-1.472492,53.362921,On or near SARK ROAD,E01008108,Sheffield 042A,Unable to prosecute suspect
13e2f4acfada41f84169d149b9a61041bf0e881ddeea7ca9942369e99f1e9877,2021-03,South Yorkshire Police,South Yorkshire Police,-1.209041,53.378231,On or near HUNTERS WAY,E01007789,Rotherham 028C,Investigation complete; no suspect identified
e283c9433f8ced23f7c3f28a0e6ba608f52a8c4d16e69db42515f7c347ba3263,2021-03,South Yorkshire Police,South Yorkshire Police,-1.484224,53.389354,On or near UPPERTHORPE ROAD,E01008065,Sheffield 026A,Unable to prosecute suspect
f13c520775a67ca6fdc5f82f537db1057a3a1d248a6c41caf16158bc2b232731,2021-03,South Yorkshire Police,South Yorkshire Police,-1.016564,53.577000,On or near SHEEP DIP LANE,E01007555,Doncaster 006B,Suspect charged
3466ef03991a1e7602346241ad72bbb9f20f0f16928ba3a86330832d03059f78,2021-03,South Yorkshire Police,South Yorkshire Police,-1.466256,53.547914,On or near SUNDERLAND TERRACE,E01007337,Barnsley 015D,Unable to prosecute suspect
c45913ceb931995de27e3404a40268b9d2fb6563af6fa6a1f75f89b307160f55,2021-03,South Yorkshire Police,South Yorkshire Police,-1.451358,53.418340,On or near DOWNHAM ROAD,E01007948,Sheffield 013D,Investigation complete; no suspect identified
a6d20b53297fd69b8829b8688d64b825e27e1b7ff698ce96145f856dd1b21872,2021-03,South Yorkshire Police,South Yorkshire Police,-1.449919,53.595056,On or near Petrol Station,E01007433,Barnsley 002A,Investigation complete; no suspect identified
2a4e7c27f257b8035036e80ea41b9e227c37bebd0c1a47a040462779a2d8e1d8,2021-03,South Yorkshire Police,South Yorkshire Police,-1.465919,53.417516,On or near CROWDER ROAD,E01007946,Sheffield 015C,Unable to prosecute suspect
d866402d103e58003188a4f5d9bcc69b79151484957b88e79dcd1f4b265ac0fb,2021-03,South Yorkshire Police,South Yorkshire Police,-1.073920,53.470033,On or near PERSIMMON CLOSE,E01007597,Doncaster 037E,Unable to prosecute suspect
9225313278fa10bfe6cec4f5f9a65716b98d1e5c1a0ed965d8719613245624e6,2021-03,South Yorkshire Police,South Yorkshire Police,-1.366737,53.343360,On or near WINTERTON GARDENS,E01008033,Sheffield 061B,Unable to prosecute suspect
b88b36f841867cb44fa4b6d629edf057059d33d3b1265a6b20372675167106e8,2021-03,South Yorkshire Police,South Yorkshire Police,-1.499593,53.558305,On or near Hospital,E01007446,Barnsley 012G,Unable to prosecute suspect
cea3e4a18e03816712e8135a38f4acfc10415fdb60ea87f681a224657a9410c3,2021-03,South Yorkshire Police,South Yorkshire Police,-1.479617,53.388588,On or near HENRY STREET,E01033263,Sheffield 073C,Investigation complete; no suspect identified
ea182659a0ce97e94b262d69f0172b0c182d9afb35875e096ac8ee4464d496f1,2021-03,South Yorkshire Police,South Yorkshire Police,-0.966088,53.612942,On or near BROWNS LANE,E01007639,Doncaster 003D,Investigation complete; no suspect identified
1cc0a7c9f77cc16198ab837bc05b6b41671fb979567f617b7e1f40c03879b061,2021-03,South Yorkshire Police,South Yorkshire Police,-1.439902,53.376372,On or near SOUTHEND PLACE,E01007886,Sheffield 075F,Investigation complete; no suspect identified
ebde285bc7586d6cec92a7ba77ed860ab6dcdecbc69fc0644ce445d235eb0418,2021-03,South Yorkshire Police,South Yorkshire Police,-1.465353,53.532144,On or near BERRYDALE,E01007461,Barnsley 021D,Further investigation is not in the public interest
9d3c2c43dd9333bf610e727f392f74cabcb0f073700e4da76e3af9fb498aef36,2021-03,South Yorkshire Police,South Yorkshire Police,-1.436476,53.506071,On or near YORK STREET,E01007392,Barnsley 030D,Investigation complete; no suspect identified
c285fe63f2b628f01760cae3ef819f00f0b30413997d70bfde90644dffb8a850,2021-03,South Yorkshire Police,South Yorkshire Police,-1.478219,53.372591,On or near Supermarket,E01033271,Sheffield 040E,Investigation complete; no suspect identified
1d22a041b68306168b1609d61adf7047182f9647dfb90f0fac70a0226aed07dd,2021-03,South Yorkshire Police,South Yorkshire Police,-1.484775,53.323775,On or near GERVASE AVENUE,E01007916,Sheffield 069B,Investigation complete; no suspect identified
f9cb8e90945ff32ea64045ea9821ee6078f539bd639ccbe7bbd11e73659f08a0,2021-03,South Yorkshire Police,South Yorkshire Police,-1.411833,53.528334,On or near ROSE PLACE,E01007450,Barnsley 023D,Unable to prosecute suspect
2ec3e749307d286ded323fa3003260668b18b1115e899e6e9159dfc694277e7c,2021-03,South Yorkshire Police,South Yorkshire Police,-1.411833,53.528334,On or near ROSE PLACE,E01007450,Barnsley 023D,Unable to prosecute suspect
8f7ea740d34025a1f65acc941308858ed8a91846f5f1f959558d6be780a597d8,2021-03,South Yorkshire Police,South Yorkshire Police,-1.488054,53.394737,On or near WOOD STREET,E01008072,Sheffield 026C,Suspect charged
43020e8ddb859758ce3e1ba50baf66aac1e8b12d56cdae92d9cff454ad5cd31e,2021-03,South Yorkshire Police,South Yorkshire Police,-1.380808,53.429590,On or near ROSEBERY STREET,E01007715,Rotherham 016A,Investigation complete; no suspect identified
ad28d5a4686830b1dbeeecb93a56701c32993da9a635f43a085f153c6e4c6acc,2021-03,South Yorkshire Police,South Yorkshire Police,-1.136918,53.522963,On or near Parking Area,E01007645,Doncaster 022E,Investigation complete; no suspect identified
4f138eb7f16853d61e46a3eb236fac5f9632e993cc98e2431cab78c8a0ceecd1,2021-03,South Yorkshire Police,South Yorkshire Police,-1.170160,53.435792,On or near OLD SCOTCH SPRING LANE,E01007613,Doncaster 033D,Local resolution
e24c32a402d0f043e51a3d9b33596b9b5bd513035d16c24af955ec06b11dde8e,2021-03,South Yorkshire Police,South Yorkshire Police,-1.490136,53.370224,On or near DENHAM ROAD,E01008111,Sheffield 040D,Investigation complete; no suspect identified
d4c7f60d6b27f643520dff36bf62f398062a4cfe405df3a7c4f5160a92ef192e,2021-03,South Yorkshire Police,South Yorkshire Police,-1.410684,53.400079,On or near RANSKILL COURT,E01007904,Sheffield 018B,Suspect charged
8f0077556c4882b9188d4227e6c8416a8023106ddc54bbe0c2b18330a747fa39,2021-03,South Yorkshire Police,South Yorkshire Police,-1.361124,53.429451,On or near MAIN STREET,E01007714,Rotherham 017B,Investigation complete; no suspect identified
86a8c0a29a10ca1a5f0eaf26d0fe73ce8db12fe75ba2dbf8db422039173a5693,2021-03,South Yorkshire Police,South Yorkshire Police,-1.508000,53.360286,On or near PSALTER LANE,E01007936,Sheffield 047D,Investigation complete; no suspect identified
59d1293a7600a97109fe03a1cb5d185e9138709ac22673406e67c14c7c84773c,2021-03,South Yorkshire Police,South Yorkshire Police,-1.451461,53.381100,On or near MANOR OAKS COURT,E01007885,Sheffield 075E,Offender given a drugs possession warning
90b58a0c0b859b5e6c3e96d7b4939c970ee2eec3e0a7f6949897782b8cf92a60,2021-03,South Yorkshire Police,South Yorkshire Police,-1.058342,53.570091,On or near Sports/Recreation Area,E01007621,Doncaster 007A,Unable to prosecute suspect
de43648a5b10bf0a91a174b969e2c739bd4a9f193b059f2b00d3eb1c2313eb37,2021-03,South Yorkshire Police,South Yorkshire Police,-1.380808,53.429590,On or near ROSEBERY STREET,E01007715,Rotherham 016A,Investigation complete; no suspect identified
61638f387a1544f4ce16e8f300899ed61ddad3e0c13ebafc3a33b2425a0a4088,2021-03,South Yorkshire Police,South Yorkshire Police,-1.172629,53.622386,On or near CHURCH FIELD ROAD,E01007487,Doncaster 002A,Unable to prosecute suspect
bcba09664492ce606cb04cc68b365ec25a50a86d25836b33feaaca9bb9abbded,2021-03,South Yorkshire Police,South Yorkshire Police,-1.485251,53.428917,On or near WORDSWORTH CLOSE,E01008116,Sheffield 009C,Unable to prosecute suspect
bcba09664492ce606cb04cc68b365ec25a50a86d25836b33feaaca9bb9abbded,2021-03,South Yorkshire Police,South Yorkshire Police,-1.485251,53.428917,On or near WORDSWORTH CLOSE,E01008116,Sheffield 009C,Unable to prosecute suspect
de90a53f7ed4f1823641c448ce7663fecea30e50e7e86138a9dd2b5acac76e64,2021-03,South Yorkshire Police,South Yorkshire Police,-1.452886,53.532591,On or near ROOK HILL,E01007462,Barnsley 021E,Investigation complete; no suspect identified
c630be9be2793eff1977fdf1f661e2959e7d29f39f15cb22bc21a72cf5a2e08a,2021-03,South Yorkshire Police,South Yorkshire Police,-1.059858,53.492818,On or near BAWTRY ROAD,E01007606,Doncaster 027D,Investigation complete; no suspect identified
5b3b52b6dd770e9a69aed22d627b70791cb86fb8f351c5827bfeb23bfc8ea952,2021-03,South Yorkshire Police,South Yorkshire Police,-1.449871,53.359861,On or near EASTERN CRESCENT,E01008100,Sheffield 048B,Investigation complete; no suspect identified
e767fa5c2ad5b3d78035c4b0981dec28e3db3e8ffdabe460c7e6413b8c4dd47e,2021-03,South Yorkshire Police,South Yorkshire Police,-1.468120,53.367692,On or near SILVER MILL ROAD,E01008108,Sheffield 042A,Unable to prosecute suspect
26f9f40552d9fb5347532c91b715ac7fc4d23b4d44dc14ae2d4acff01bb1a5ec,2021-03,South Yorkshire Police,South Yorkshire Police,-1.466495,53.400269,On or near SHIRLEY ROAD,E01007870,Sheffield 019A,Further investigation is not in the public interest
f3e45fff0e58dd9d756f51cda3179446c049c7e2518e36186bfb7be5a124e211,2021-03,South Yorkshire Police,South Yorkshire Police,-1.458919,53.494804,On or near PARKSIDE ROAD,E01007396,Barnsley 028A,Unable to prosecute suspect
349804d46ff20259d81580713eafd070eac811a2c69284f3caa988b7cce42aeb,2021-03,South Yorkshire Police,South Yorkshire Police,-1.100767,53.524117,On or near RALEIGH COURT,E01007568,Doncaster 018E,Investigation complete; no suspect identified
5b0ce083f15954b00e116aff6de976b30f9edf7c54ef4d8d4870c1575eaee69e,2021-03,South Yorkshire Police,South Yorkshire Police,-1.468693,53.411002,On or near BUSK KNOLL,E01007943,Sheffield 019C,Unable to prosecute suspect
1d1d48514cffc87c251d8b94e26d901fdd41c22bcd8d7cb8a0ea381c6514f65a,2021-03,South Yorkshire Police,South Yorkshire Police,-1.478187,53.501802,On or near Park/Open Space,E01007399,Barnsley 028D,Unable to prosecute suspect
df12d77c458bb8230acae02c1b8f3a0971b61a59fe5b12ed9aca7c662a4a37fc,2021-03,South Yorkshire Police,South Yorkshire Police,-1.324162,53.366677,On or near LEYBURN DRIVE,E01007671,Rotherham 031A,Unable to prosecute suspect
7108b96d03537cb0a899f03c869c04162422696daba7e4511b302fc8711fd336,2021-03,South Yorkshire Police,South Yorkshire Police,-1.136918,53.522963,On or near Parking Area,E01007645,Doncaster 022E,Unable to prosecute suspect
8db4ac1935f7d565c3d073bacf1c2a56b0b97e629c609f6cdfe1c5503f9e343a,2021-03,South Yorkshire Police,South Yorkshire Police,-1.231836,53.377912,On or near LAUGHTON MEADOWS,E01007787,Rotherham 028A,Investigation complete; no suspect identified
7f0d809219da9249e52ce8cf8c1a84ed2c889f4a47928e7077717a1e0e12201d,2021-03,South Yorkshire Police,South Yorkshire Police,-1.507065,53.385405,On or near FLODDEN STREET,E01008064,Sheffield 028A,Unable to prosecute suspect
e30d7cac036b41a71b084efe93b3bbcec89a039c62a95a6ea02942af2bb1202f,2021-03,South Yorkshire Police,South Yorkshire Police,-1.362841,53.432372,On or near Pedestrian Subway,E01007716,Rotherham 016B,Suspect charged
a0581f603226f26f0598ff8ee9aaa590d1139c3461e9718ad510442d00dff170,2021-03,South Yorkshire Police,South Yorkshire Police,-1.421676,53.546619,On or near ESKDALE ROAD,E01007321,Barnsley 015B,Investigation complete; no suspect identified
6cc14421276118de742062fd498829aa56288dd0e64a1de3a44fdaf1443cfc35,2021-03,South Yorkshire Police,South Yorkshire Police,-1.447458,53.585625,On or near SPRING GROVE,E01007437,Barnsley 002C,Unable to prosecute suspect
1dcaaa07fb2a9ca417e74e06d4be423429b067519e6b3cab8c7b0731cd0153cb,2021-03,South Yorkshire Police,South Yorkshire Police,-1.371375,53.450763,On or near MUNSBROUGH RISE,E01007729,Rotherham 009B,Investigation complete; no suspect identified
1df2234fb343652e2c27bc3ea1e797b677b468e0b47605fac1328129f0a83df8,2021-03,South Yorkshire Police,South Yorkshire Police,-1.464964,53.384487,On or near CASTLE GREEN,E01033264,Sheffield 073D,Suspect charged
30cf343a10666b9809121b3d43c8822b06309043600e87e59fedef8f976b4574,2021-03,South Yorkshire Police,South Yorkshire Police,-1.113013,53.520622,On or near FRANKLIN CRESCENT,E01007647,Doncaster 019C,Investigation complete; no suspect identified
6d6e8c888f4a18165a795ee1f51d7bae27eff36a3722a4f8dbb24404eb65649c,2021-03,South Yorkshire Police,South Yorkshire Police,-1.487753,53.553698,On or near FITZWILLIAM STREET,E01007443,Barnsley 013F,Investigation complete; no suspect identified
04be2c399789cfcc4b936a4d35eb89d3c25225e886f8758cad0623cd77f17353,2021-03,South Yorkshire Police,South Yorkshire Police,-1.432048,53.372461,On or near MANOR PARK DRIVE,E01008015,Sheffield 039D,Unable to prosecute suspect
fe8c1ef1d17c353e79eddc8e559fe6bb6d90f5bf98bcb11c5857f4a40a467011,2021-03,South Yorkshire Police,South Yorkshire Police,,,No location,,,Unable to prosecute suspect
fa38c81b4f33508eb9129aeb272963c11c2827e80665871996a8ea097d52883d,2021-03,South Yorkshire Police,South Yorkshire Police,-1.477681,53.321919,On or near LOWEDGES ROAD,E01008083,Sheffield 070C,Investigation complete; no suspect identified
19022d397f3972cd98c49101a18e7ea13cb188654c401f91814d8964ca67fa25,2021-03,South Yorkshire Police,South Yorkshire Police,-1.328907,53.428088,On or near BROWNING ROAD,E01007734,Rotherham 021F,Investigation complete; no suspect identified
af0f2765ace6fd6ce12872fe234efc206b9932681fc2da039a058063527683c8,2021-03,South Yorkshire Police,South Yorkshire Police,-1.259712,53.389702,On or near Sports/Recreation Area,E01007809,Rotherham 026B,Investigation complete; no suspect identified
216a4b34c60c3125a5e682c13c254341b5cc06da53750e9db2a3e84cb9927b00,2021-03,South Yorkshire Police,South Yorkshire Police,-1.439494,53.600689,On or near THE AVENUE,E01007440,Barnsley 002D,Investigation complete; no suspect identified
81c27dec65b455adb6874cc457fb041ffb5a9dcc3692a198f8b173f150e5d17c,2021-03,South Yorkshire Police,South Yorkshire Police,-1.226122,53.427718,On or near YEW TREE ROAD,E01007761,Rotherham 018E,Investigation complete; no suspect identified
5d8ad0b07ac987aa7aa3cb523bd20f61726c052df951aa81f66bd5d0f588f47a,2021-03,South Yorkshire Police,South Yorkshire Police,-1.468492,53.382418,On or near FARGATE,E01033264,Sheffield 073D,Unable to prosecute suspect
cc75c16414256c39c1d0a0b475bb96cc1f24529735f0dd1f74ddf7220a8bbfb6,2021-03,South Yorkshire Police,South Yorkshire Police,-1.482927,53.378535,On or near GELL STREET,E01008114,Sheffield 074A,Investigation complete; no suspect identified
9768d9e0ab5ee9fc3708a16c65fd03bb4b76a612172c203cfa9fec94e85e6b9f,2021-03,South Yorkshire Police,South Yorkshire Police,-1.154848,53.529994,On or near Sports/Recreation Area,E01007584,Doncaster 021A,Investigation complete; no suspect identified
690b90655d13590777bdb5df9c9fe99dda74522abd76d28184dd1ca5de07fbe1,2021-03,South Yorkshire Police,South Yorkshire Police,-1.548206,53.586362,On or near Sports/Recreation Area,E01007360,Barnsley 005D,Investigation complete; no suspect identified
ca092f75c387eb5c9bb7fa994e7703ea55bcdbe68ba5b64c0bca165e134c3c7a,2021-03,South Yorkshire Police,South Yorkshire Police,-1.179959,53.542106,On or near LATIN GARDENS,E01007587,Doncaster 020C,Action to be taken by another organisation
0081ece9890fd836311c7bafedc394f2f79cbef0439e3cad82cefe2935d988db,2021-03,South Yorkshire Police,South Yorkshire Police,-1.361484,53.357111,On or near GREENGATE ROAD,E01007969,Sheffield 044B,Investigation complete; no suspect identified
76bef3ec4d9eccc669dd0f7e7a3d7ecfb9279e2bb46c70d9b1a7e8f77393e586,2021-03,South Yorkshire Police,South Yorkshire Police,-1.147674,53.518348,On or near DENISON ROAD,E01007531,Doncaster 022C,Unable to prosecute suspect
e9d9a9dadd5f55aa806137f7c2702fba4779624b3f1d2329248b90e0b9f36841,2021-03,South Yorkshire Police,South Yorkshire Police,-1.484224,53.389354,On or near UPPERTHORPE ROAD,E01008065,Sheffield 026A,Investigation complete; no suspect identified
888a6b3d17f2f1de98f3824761da23f4eb4590858f7baa50c159cc3908657f91,2021-03,South Yorkshire Police,South Yorkshire Police,-1.459404,53.390188,On or near SPITAL HILL,E01033270,Sheffield 022H,Investigation complete; no suspect identified
1e85349c28502fa1c2d0b2f3b7a68f9c90f8098bf0249537a54691767e47f23b,2021-03,South Yorkshire Police,South Yorkshire Police,-1.096907,53.533283,On or near CORNWALL ROAD,E01007564,Doncaster 018A,Investigation complete; no suspect identified
147461e0bac2372c4522c2e265add7b00f62559b22a591d2ff7d9103a416ac53,2021-03,South Yorkshire Police,South Yorkshire Police,-1.483186,53.582926,On or near BRAMCOTE AVENUE,E01007324,Barnsley 007B,Further action is not in the public interest
aa22cbd2caffd79f9a102e6c1f3858ed5576d2d8c6780b02466eba49a8b3c5b8,2021-03,South Yorkshire Police,South Yorkshire Police,-1.140241,53.555490,On or near ARTHUR PLACE,E01007506,Doncaster 010A,Unable to prosecute suspect
0a929095076b0a7b86d5ce28841775e4bc249411c584d989e07b6f8bb7cb1300,2021-03,South Yorkshire Police,South Yorkshire Police,-1.179959,53.542106,On or near LATIN GARDENS,E01007587,Doncaster 020C,Action to be taken by another organisation
185cfa60bc943cbe7d140aebb6b97cd1708a0968349023630feebb59ba1f7996,2021-03,South Yorkshire Police,South Yorkshire Police,-1.021787,53.429060,On or near DOWER HOUSE SQUARE,E01007609,Doncaster 038B,Investigation complete; no suspect identified
cfc204ad49b05b287588abc1664b09defc05e3e77ea224b3908c15d5a04438bb,2021-03,South Yorkshire Police,South Yorkshire Police,-1.440825,53.421877,On or near Sports/Recreation Area,E01007849,Sheffield 010A,Investigation complete; no suspect identified
b6d1db1effe283c9fab848acc6ab8897973cfe5665d988ce4adf7aeca46c52bd,2021-03,South Yorkshire Police,South Yorkshire Police,-1.140241,53.555490,On or near ARTHUR PLACE,E01007506,Doncaster 010A,Unable to prosecute suspect
b0b637c6a9ade5716f4e7ca3a58d98f7ccffe89acb409631bf672cdd512afa4d,2021-03,South Yorkshire Police,South Yorkshire Police,-1.328528,53.439726,On or near CHERRY BROOK,E01007736,Rotherham 014A,Further investigation is not in the public interest
9dcac28d49c6b487d2536029932de7ec2284736ff44d77307848bf385c899f52,2021-03,South Yorkshire Police,South Yorkshire Police,-1.324731,53.517780,On or near MELBOURNE AVENUE,E01007368,Barnsley 025E,Local resolution
950f8805888f7c0fc0b960685ad088235bb0f9e3b226dddb725a8ad15f8ba74f,2021-03,South Yorkshire Police,South Yorkshire Police,-0.990449,53.591649,On or near Petrol Station,E01007559,Doncaster 008D,Investigation complete; no suspect identified
c6f92161d2d8e445c95d0d61f2fe147e8093a3c32570ca31eeacb183323a65f1,2021-03,South Yorkshire Police,South Yorkshire Police,-1.368525,53.430731,On or near ALBERT STREET,E01007716,Rotherham 016B,Unable to prosecute suspect
b2a5417d45ace1e52dc7ab63cb92fb1650b8b31abed029b81ea0f5a879b59b27,2021-03,South Yorkshire Police,South Yorkshire Police,-1.140241,53.555490,On or near ARTHUR PLACE,E01007506,Doncaster 010A,Unable to prosecute suspect
24f469c8d89b076eeae4f9a966f6d16a552a70a292e4ba857508058a8df3a7f3,2021-03,South Yorkshire Police,South Yorkshire Police,-1.216364,53.384634,On or near ST JOHN'S ROAD,E01007787,Rotherham 028A,Further action is not in the public interest
c278bb41a145d52b90174573eb7a29d156a9e2456b09c31bd09abf1c5b6d2f3e,2021-03,South Yorkshire Police,South Yorkshire Police,-1.143024,53.549227,On or near THE HOMESTEAD,E01007508,Doncaster 010B,Offender given penalty notice
c64e526a86b5e5d767e121acd5c4c39748e5172bd7e7fb6e5d0f52e3c004eb45,2021-03,South Yorkshire Police,South Yorkshire Police,-1.368525,53.430731,On or near ALBERT STREET,E01007716,Rotherham 016B,Unable to prosecute suspect
ce0e58e15fbc3fe97f175b2a5e11b4d56ca9ef5779b22dd1e0f5072b86aee417,2021-03,South Yorkshire Police,South Yorkshire Police,-1.395271,53.442329,On or near CLIFFORD ROAD,E01007807,Rotherham 011E,Investigation complete; no suspect identified
2a668707797e0ac88b82862305eeb2de86def193cdb277c573f284e0c2b2d8cb,2021-03,South Yorkshire Police,South Yorkshire Police,-1.341918,53.427585,On or near GORDON TERRACE,E01007767,Rotherham 017C,Investigation complete; no suspect identified
9bf382952b49a819cdc571a886e8abc438dbd9ca2111e8b22efc101364f67f9b,2021-03,South Yorkshire Police,South Yorkshire Police,-1.450497,53.375406,On or near INGRAM COURT,E01007882,Sheffield 075D,Unable to prosecute suspect
59130fccd7451996d7079cfb865e775f9261714e46fcbcaf64a179b43e0d95e4,2021-03,South Yorkshire Police,South Yorkshire Police,-1.562741,53.506878,On or near FIR TREE,E01007423,Barnsley 027C,Further action is not in the public interest
76a808aac48755734121f4b783bec996f560089a95c4bf666b3491d25fb015fb,2021-03,South Yorkshire Police,South Yorkshire Police,-1.488530,53.380078,On or near Further/Higher Educational Building,E01007866,Sheffield 030A,Investigation complete; no suspect identified
08053835967b33e2533b939e0fe177f718b6dc47f55093c9a8cfa6717b1e2cd0,2021-03,South Yorkshire Police,South Yorkshire Police,-1.489866,53.358853,On or near BYRON ROAD,E01008052,Sheffield 050F,Investigation complete; no suspect identified
21b94a2eb6aa6ffcefa1c78b5175c2f2660547f37bc2fa9c5c74b823e09f5ec5,2021-03,South Yorkshire Police,South Yorkshire Police,-1.060872,53.542435,On or near MERE GROVE,E01007478,Doncaster 011D,Unable to prosecute suspect
a476c337ca06bbc6a5beb4b60a34e2b0e08d309c709cb69e05cdc32046a4feae,2021-03,South Yorkshire Police,South Yorkshire Police,-1.367965,53.433964,On or near WALTER STREET,E01007716,Rotherham 016B,Investigation complete; no suspect identified
f9c8ac3c3665c2a786ef9ef3172a5cbbe6f51b911bbe7950ae6bcc560cb6fea6,2021-03,South Yorkshire Police,South Yorkshire Police,-1.147571,53.546787,On or near COOKE STREET,E01007510,Doncaster 010D,Unable to prosecute suspect
626609f7157f32e8d84bfd1fdf7506a46a0862047c27962acc6b7274977f36f4,2021-03,South Yorkshire Police,South Yorkshire Police,-1.444627,53.554944,On or near CHERRYS ROAD,E01007405,Barnsley 011D,Unable to prosecute suspect
f0876b58f30bf00b878ad82b42c3bfe1658acbe88d0ecdd68f8112f5385471fd,2021-03,South Yorkshire Police,South Yorkshire Police,-1.460935,53.424909,On or near MASTERS ROAD,E01008061,Sheffield 011A,Investigation complete; no suspect identified
5717e4d9eae9bdbb3eec69293625d1acc6800652db21fa65684029063bc35430,2021-03,South Yorkshire Police,South Yorkshire Police,-1.376180,53.532872,On or near NEW STREET,E01007353,Barnsley 020F,Unable to prosecute suspect
28628b79c247b3c1f307e9393881cfc8ed9fe196652238f077e69a083721584d,2021-03,South Yorkshire Police,South Yorkshire Police,-1.482512,53.364385,On or near THORNSETT ROAD,E01008051,Sheffield 050E,Investigation complete; no suspect identified
c48f0af48363216eb3a07f5833b880a97f34a2665dff21d630913e7f732457b2,2021-03,South Yorkshire Police,South Yorkshire Police,-1.107166,53.529720,On or near LEINSTER AVENUE,E01007567,Doncaster 018D,Unable to prosecute suspect
e0fecc8e5119fe2d5bee8025e4a7872563aa15efe8ca311bb22810ed87fad78b,2021-03,South Yorkshire Police,South Yorkshire Police,-1.433971,53.406519,On or near SOUTHWELL ROAD,E01007855,Sheffield 014F,Unable to prosecute suspect
3fb593cc60c1c261458d4029c571d752267872c35533fbfb50e1aeb05361cb6e,2021-03,South Yorkshire Police,South Yorkshire Police,-1.328252,53.428623,On or near TENNYSON ROAD,E01007735,Rotherham 013B,Unable to prosecute suspect
2f464f2ad40e1c90979b7bcfa86280bd8041ee84a3fdd0193a12ad4b6be99386,2021-03,South Yorkshire Police,South Yorkshire Police,-1.169607,53.505064,On or near CHURCH COTTAGE MEWS,E01007496,Doncaster 029A,Local resolution
5df0e25b735ac4ef71b9e3e0aca07eac798cccbc2203c0e530d9a1739df7203e,2021-03,South Yorkshire Police,South Yorkshire Police,-1.182033,53.539396,On or near Parking Area,E01007587,Doncaster 020C,Investigation complete; no suspect identified
a33d2f1370061ed20237808a53dbcb5b8fe926aa230d5e8abbfb263d2a33132b,2021-03,South Yorkshire Police,South Yorkshire Police,-1.306041,53.533699,On or near BARNSLEY ROAD,E01007369,Barnsley 022A,Unable to prosecute suspect
c83f7650aacb96689575f8c045f864c5bb4b93ffec9e7adaeb4894b20c811599,2021-03,South Yorkshire Police,South Yorkshire Police,-1.302300,53.546549,On or near CHAPEL CLOSE,E01007373,Barnsley 014B,Unable to prosecute suspect
45db6d24d29cb181a7b55da8f0f992fb104d388018b56b6d02dc16c365e2313b,2021-03,South Yorkshire Police,South Yorkshire Police,-1.368525,53.430731,On or near ALBERT STREET,E01007716,Rotherham 016B,Unable to prosecute suspect
0e1da0b474829c9d29e1ccdda91d3e517b62eaccdacd9919ba118996b6905392,2021-03,South Yorkshire Police,South Yorkshire Police,-1.448521,53.408547,On or near SELBY ROAD,E01007944,Sheffield 022F,Unable to prosecute suspect
55d014c4ce73397cf09225f74cf957c6e1f990766a1c7664056334d34663e566,2021-03,South Yorkshire Police,South Yorkshire Police,-1.377820,53.384730,On or near HIGHFIELD SPRING,E01007699,Rotherham 027B,Unable to prosecute suspect
8951c7e144fc46a67ea8fb7bdbd55a1393ccfb39be17eed5dd9e3bd538ea1f0a,2021-03,South Yorkshire Police,South Yorkshire Police,-1.491471,53.553309,On or near FARRAR STREET,E01007443,Barnsley 013F,Investigation complete; no suspect identified
6a0ad316704d81ff62139c86dbd7e16a7850fb776eb0c90144b843667cd1ffc2,2021-03,South Yorkshire Police,South Yorkshire Police,-1.229787,53.373162,On or near PARK LANE,E01007789,Rotherham 028C,Unable to prosecute suspect
6c8b5e569808d2e93636d2a5d0898e0146a9b19cd857e0a361dcd994e1f96ba9,2021-03,South Yorkshire Police,South Yorkshire Police,-1.291383,53.450073,On or near LONGLANDS DRIVE,E01007720,Rotherham 010B,Further action is not in the public interest
ea2e824888bff700b4084671cd28f13de1210bf013304e215d11a2c9e383ca28,2021-03,South Yorkshire Police,South Yorkshire Police,-1.387975,53.441951,On or near RIG CLOSE,E01007740,Rotherham 011A,Unable to prosecute suspect
56b38931b9228a0776f3d992fcfaf4951a3bdafdab6b1083b1a320aec1cc5b79,2021-03,South Yorkshire Police,South Yorkshire Police,-1.099439,53.529859,On or near DEVONSHIRE ROAD,E01007564,Doncaster 018A,Investigation complete; no suspect identified
cac2e9fb76ffff405e96d0abbce9f8dbbb73f81f8e0987d3f3c0b3917ad2b15c,2021-03,South Yorkshire Police,South Yorkshire Police,-1.471833,53.543678,On or near SHEFFIELD ROAD,E01007414,Barnsley 017D,Investigation complete; no suspect identified
0566a8e1cf74bea857936a36714e82631b28bdafa8b1a8467a1cc6391007d8df,2021-03,South Yorkshire Police,South Yorkshire Police,-1.451022,53.534399,On or near DARLEY,E01007462,Barnsley 021E,Further action is not in the public interest
3fca5841866aa97f62b15c9e1790d05de4304caf14823fced3eeeb8bd25bd6e7,2021-03,South Yorkshire Police,South Yorkshire Police,-1.209678,53.361641,On or near RYDAL ROAD,E01007786,Rotherham 029D,Unable to prosecute suspect
788dfaf7f9c4b01e25d6290613de70e72c25dda286060d9c1f655984a316cf43,2021-03,South Yorkshire Police,South Yorkshire Police,-1.387975,53.441951,On or near RIG CLOSE,E01007740,Rotherham 011A,Unable to prosecute suspect
b268ac5c6daae66a5af75425f079052e9921e8ede0ebc33a72b44014e287fbb2,2021-03,South Yorkshire Police,South Yorkshire Police,-1.311113,53.476786,On or near ALBANY ROAD,E01007777,Rotherham 004A,Unable to prosecute suspect
159d9b19ec3e42c1958cfcf662821ff4872c3f501e39a2cc4ca925586c3cc44f,2021-03,South Yorkshire Police,South Yorkshire Police,-1.341918,53.427585,On or near GORDON TERRACE,E01007767,Rotherham 017C,Unable to prosecute suspect
5d773b5fc96f859fcb368a2f59a607dfa42a4a4570646a29acfb9f135a396ca9,2021-03,South Yorkshire Police,South Yorkshire Police,,,No location,,,Investigation complete; no suspect identified
8400a02bdc50cabd00eb0382c2977b3f092878b2991e83ad8e6f961414a3ac30,2021-03,South Yorkshire Police,South Yorkshire Police,-1.369104,53.435327,On or near RODGER STREET,E01007716,Rotherham 016B,Investigation complete; no suspect identified
95cac984eab0c4f98da3c9b449f2e46fd5b83cae3b2eaa0af12accfd9a174095,2021-03,South Yorkshire Police,South Yorkshire Police,-1.441258,53.369287,On or near CITY ROAD,E01007881,Sheffield 075C,Investigation complete; no suspect identified
9bcdec30f6dd3a96132f4be14ff92723a5b4fb2b5ba612eeb48ea761922f2fc8,2021-03,South Yorkshire Police,South Yorkshire Police,-1.344935,53.451601,On or near COLEMAN STREET,E01007784,Rotherham 008D,Investigation complete; no suspect identified
b9f6ee5103b987424543580d4541a7db1a259c14ab3b3799764e701815eb326d,2021-03,South Yorkshire Police,South Yorkshire Police,-1.592835,53.477142,On or near GRAYSON CLOSE,E01008145,Sheffield 001B,Unable to prosecute suspect
534f9f6695e8d106a2d9cba03a5e984e4e581cc9c2f84545956f0c29a8f61c77,2021-03,South Yorkshire Police,South Yorkshire Police,-1.179129,53.587349,On or near MARKHAM AVENUE,E01007473,Doncaster 005E,Unable to prosecute suspect
55cf0f33585caba893c16547fce3a16256592f89a1b23f88dd8d3fced4b64ec3,2021-03,South Yorkshire Police,South Yorkshire Police,-1.196680,53.416800,On or near VICTORIA STREET,E01007760,Rotherham 020D,Investigation complete; no suspect identified
8b1f1547165f3b7e2118cd5476989a879460437ea925082822ae3599b8281de2,2021-03,South Yorkshire Police,South Yorkshire Police,-1.467881,53.409758,On or near LONGLEY AVENUE WEST,E01007872,Sheffield 020B,Unable to prosecute suspect
92a525c00fa39cac72b75621539a3e053e006ff7967c5e6b9193042f38bfebe7,2021-03,South Yorkshire Police,South Yorkshire Police,-1.452877,53.544950,On or near LAMBERT ROAD,E01007320,Barnsley 018C,Local resolution
f607dddf7a2df24c48b4792df53d5bc4240a837e2f63cab73cdf8ccf5aa622db,2021-03,South Yorkshire Police,South Yorkshire Police,-1.452877,53.544950,On or near LAMBERT ROAD,E01007320,Barnsley 018C,Local resolution
c6ad11d08cfb1de7df7e980031628f494da2bad985b4f7845215714d79911399,2021-03,South Yorkshire Police,South Yorkshire Police,,,No location,,,Investigation complete; no suspect identified
d4cda04ec88f22f3f3b4a0633fec82d6f0b6b97544915ea0616e0bf80af7ca86,2021-03,South Yorkshire Police,South Yorkshire Police,-1.311113,53.476786,On or near ALBANY ROAD,E01007777,Rotherham 004A,Unable to prosecute suspect
a234312e4ea48c380de69a412d3c2c972ada20122afbd772ed3d72906cf18282,2021-03,South Yorkshire Police,South Yorkshire Police,-1.473041,53.378087,On or near Pedestrian Subway,E01008114,Sheffield 074A,Investigation complete; no suspect identified
bb9866ee0b423ad8d889770cf56bf0450e0060767ee08980d461f7d141f37176,2021-03,South Yorkshire Police,South Yorkshire Police,-1.568240,53.363162,On or near GORSE LANE,E01007956,Sheffield 041B,Unable to prosecute suspect
be1a79c97e03a29c2058de8a0f496bfd0195b705b751df1feccb65bdcde8ce37,2021-03,South Yorkshire Police,South Yorkshire Police,-1.421730,53.348520,On or near SEAGRAVE AVENUE,E01008005,Sheffield 052D,Investigation complete; no suspect identified
b0710104e1d627a98caf0855f94e06ab8d9a9be1d0a6e024fe2ec5a12b2e5bfd,2021-03,South Yorkshire Police,South Yorkshire Police,-1.499876,53.420189,On or near BAXTER ROAD,E01008087,Sheffield 012A,Investigation complete; no suspect identified
270a5d7bb4cfd4b78856b580fe5193690c4af58c75a1ab59ed79bb13f43063f1,2021-03,South Yorkshire Police,South Yorkshire Police,-1.481318,53.546704,On or near POND STREET,E01007340,Barnsley 013B,Unable to prosecute suspect
75b6170641de131008984d699e12b44589d712d97c7438a8d70fc52c91e58035,2021-03,South Yorkshire Police,South Yorkshire Police,-1.113232,53.506556,On or near Shopping Area,E01007644,Doncaster 019A,Investigation complete; no suspect identified
b829b47d2d81120abd0dd98e7510e1558896d05a342ef9f0b6619f4c016f4029,2021-03,South Yorkshire Police,South Yorkshire Police,-1.458472,53.544122,On or near MAPLE CLOSE,E01007318,Barnsley 018B,Investigation complete; no suspect identified
c3debf193a06ef0571bf5eea18240e406818374761d8a5fd240d6a13fcd18c66,2021-03,South Yorkshire Police,South Yorkshire Police,-1.228614,53.483788,On or near CASTLE STREET,E01007542,Doncaster 032B,Local resolution
00ff9292ff5b3839d651c0ca5d64b324019ff91ee9411aceb050d15e4bb1408c,2021-03,South Yorkshire Police,South Yorkshire Police,-1.475544,53.568224,On or near SMITHIES LANE,E01032550,Barnsley 010G,Investigation complete; no suspect identified
1cb557d3eaa22c2bed6c18380ffd9303c051d60164474fae03564af7acc2df6c,2021-03,South Yorkshire Police,South Yorkshire Police,-1.489600,53.388649,On or near ADDY DRIVE,E01008072,Sheffield 026C,Unable to prosecute suspect
6b9befc6b07b098a83ac724359c3f98490a47be1d83ebca0e0391a8c98971915,2021-03,South Yorkshire Police,South Yorkshire Police,-1.404746,53.524874,On or near BOND STREET,E01007448,Barnsley 023B,Investigation complete; no suspect identified
93a4bb3b75afc8afdbb9a9cb1a771a35412ceb340d8885771c094853f182925e,2021-03,South Yorkshire Police,South Yorkshire Police,-1.454143,53.377094,On or near GLENCOE DRIVE,E01007879,Sheffield 075B,Unable to prosecute suspect
6797bd7836c4529ae04018ec451648e19822d4962b4b4a8c6341b6df30fe50f6,2021-03,South Yorkshire Police,South Yorkshire Police,-1.527906,53.356519,On or near BENTS GREEN ROAD,E01007939,Sheffield 055F,Investigation complete; no suspect identified
7576888f9661e359528938e5cea3d38a916337ca59ee4fc30b8cd7d9b4b8c992,2021-03,South Yorkshire Police,South Yorkshire Police,-1.531430,53.405135,On or near AUSTIN CLOSE,E01008130,Sheffield 023B,Investigation complete; no suspect identified
1e6fd346493732cd118042d6b8f45f0d0c9a61089236c06f7afe51c81dbc2bb8,2021-03,South Yorkshire Police,South Yorkshire Police,-1.319753,53.369861,On or near WESTCOTT MEWS,E01007667,Rotherham 030A,Unable to prosecute suspect
51d23449baaae479a2cae925a6d5055817f04a40fe09235629228365923ceb38,2021-03,South Yorkshire Police,South Yorkshire Police,-1.264792,53.422955,On or near FIELDING DRIVE,E01007684,Rotherham 022A,Investigation complete; no suspect identified
dd783b08bd9ded636eccc5b2dedba431746fbb99fe9fd31a3155a3554ef4d6bb,2021-03,South Yorkshire Police,South Yorkshire Police,-1.018105,53.491529,On or near APPLE GROVE,E01007608,Doncaster 038A,Investigation complete; no suspect identified
21402b6ccb5a60ea72c8990657030004854db5adc59a7ba1dfef2fcc7092dc2e,2021-03,South Yorkshire Police,South Yorkshire Police,-1.512516,53.589773,On or near LONGSIGHT ROAD,E01007363,Barnsley 004E,Unable to prosecute suspect
cba3e8c85efcd341374adfa4c39049d002f9aec3ea572cea6f938d7465bcf529,2021-03,South Yorkshire Police,South Yorkshire Police,-1.493139,53.369248,On or near Supermarket,E01007864,Sheffield 036D,Investigation complete; no suspect identified
b07bcddf99608d2d29878b3ab874725676b61327eb8cb07f0782326e00360ce3,2021-03,South Yorkshire Police,South Yorkshire Police,-1.493139,53.369248,On or near Supermarket,E01007864,Sheffield 036D,Investigation complete; no suspect identified
a0f726a228864dd980e1ab806016b9964a14a197c7e86128c261c079039e0d71,2021-03,South Yorkshire Police,South Yorkshire Police,-1.490110,53.393802,On or near SOMERVILLE TERRACE,E01008157,Sheffield 026D,Investigation complete; no suspect identified
4c45de709d7b65bd871dfaaba806f83a0243c5b669d9bea594515457393d349e,2021-03,South Yorkshire Police,South Yorkshire Police,-1.354671,53.445128,On or near HILLSIDE COURT,E01007728,Rotherham 009A,Investigation complete; no suspect identified
a6343ce23d06a58b72950a0250691967baf8dc68c04167ab16658be3d880b0ab,2021-03,South Yorkshire Police,South Yorkshire Police,-1.431190,53.362345,On or near CITY ROAD,E01008098,Sheffield 048A,Investigation complete; no suspect identified
6376531602e0d216df72f92d84e123ba23b5279209c38288576dac7dec4e30c9,2021-03,South Yorkshire Police,South Yorkshire Police,-1.144473,53.517804,On or near ELLERKER AVENUE,E01007529,Doncaster 022A,Investigation complete; no suspect identified
c164f6040485093dc8f9cf86466ad284ab1083f8d21201f66330a0172a462370,2021-03,South Yorkshire Police,South Yorkshire Police,-1.495924,53.398105,On or near FREEDOM COURT,E01008157,Sheffield 026D,Unable to prosecute suspect
606e68c69055a3c423e67d5b42c493ebd8bc9e0ceeb8c5c59d36f59254da840b,2021-03,South Yorkshire Police,South Yorkshire Police,-1.460935,53.424909,On or near MASTERS ROAD,E01008061,Sheffield 011A,Offender given a caution
50f16d503af82b427b8cf8aeb191d1d6fb4ac25ac1751441f10960205272360a,2021-03,South Yorkshire Police,South Yorkshire Police,-1.382317,53.583905,On or near MANOR GROVE,E01007328,Barnsley 006A,Investigation complete; no suspect identified
655594249334fcd8087d188f745552b3722d93da2a5206de3b7e83bf0c60f52e,2021-03,South Yorkshire Police,South Yorkshire Police,-1.440957,53.431316,On or near Supermarket,E01008054,Sheffield 007B,Unable to prosecute suspect
a6aaf4fb6604a0016649d56bfe228fdae7583c7f5fe9179d30b23f844c8000af,2021-03,South Yorkshire Police,South Yorkshire Police,-1.191238,53.481554,On or near MARKET PLACE,E01007547,Doncaster 034B,Unable to prosecute suspect
9f056c42b00b29403f386594b0cc4d8c1bcb7703de623518d4cf433a599f9971,2021-03,South Yorkshire Police,South Yorkshire Police,-1.501873,53.401267,On or near LIMBRICK ROAD,E01008160,Sheffield 024F,Unable to prosecute suspect
9fcfed3b553b65f159befde5df645634a273cb8fae4200337cfb60f843aa432e,2021-03,South Yorkshire Police,South Yorkshire Police,-1.201349,53.562610,On or near ROMAN RIDGE,E01007466,Doncaster 009C,Investigation complete; no suspect identified
4b608e794f913b0579fc971e442ebd6fabb457a28bc088395600259ff79dd74b,2021-03,South Yorkshire Police,South Yorkshire Police,-1.201349,53.562610,On or near ROMAN RIDGE,E01007466,Doncaster 009C,Unable to prosecute suspect
b8320f2ec98bac503deaea56b2608bcecf92de38381c1c2e820b6fd2c3dcdfef,2021-03,South Yorkshire Police,South Yorkshire Police,-1.152282,53.499837,On or near TICKHILL ROAD,E01007498,Doncaster 029C,Investigation complete; no suspect identified
91a69e691cfbbf90470235ddf1178c3e1ae494571f788bf32e250a3a6c6eaa5e,2021-03,South Yorkshire Police,South Yorkshire Police,-1.460935,53.424909,On or near MASTERS ROAD,E01008061,Sheffield 011A,Further action is not in the public interest
1c4a584f55eccf3260fe3c4585eba9adcd92e2dd46e5aad2b8a18cdb4348bcd7,2021-03,South Yorkshire Police,South Yorkshire Police,-1.309746,53.529460,On or near WASHINGTON ROAD,E01007371,Barnsley 022C,Investigation complete; no suspect identified
40fb1a5641dec1047edde4b66029cb793a1a0994347183f92f6eb36f40bdf941,2021-03,South Yorkshire Police,South Yorkshire Police,-1.139294,53.617001,On or near MOSS ROAD,E01007492,Doncaster 002F,Investigation complete; no suspect identified
6ae0549cfa0e13447af5d1f98f86523b4d99c1256b61ae658d5a5c86878def48,2021-03,South Yorkshire Police,South Yorkshire Police,-1.446561,53.513138,On or near GRANGE VIEW,E01007395,Barnsley 030E,Unable to prosecute suspect
7dc4c7085aa2fe976c8ebcde102a01372ea774a32d194d56fdd8b589aa574bd9,2021-03,South Yorkshire Police,South Yorkshire Police,-1.139294,53.617001,On or near MOSS ROAD,E01007492,Doncaster 002F,Investigation complete; no suspect identified
d3a17ad2afeea2e7a4a0a85d0c3f7b3140413f81120d57389485aa19538661ae,2021-03,South Yorkshire Police,South Yorkshire Police,-1.481526,53.420820,On or near KYLE CRESCENT,E01008124,Sheffield 012F,Local resolution
6c2e6b4c66c89edab79efc3b3e7cda574f29c6787ed8c75e2d5b7660858d6796,2021-03,South Yorkshire Police,South Yorkshire Police,-1.451770,53.428436,On or near CHAMPION ROAD,E01008060,Sheffield 010D,Investigation complete; no suspect identified
7977012ecf4c1ed24e66fed38e20e70a3f132457fbba437bf18c15e64a4a5238,2021-03,South Yorkshire Police,South Yorkshire Police,-1.098629,53.525368,On or near RUNNYMEDE ROAD,E01007569,Doncaster 018F,Unable to prosecute suspect
87ef6629f100f3f9a916282264bda7a94e92dd394741b974595e1fdeb1d624ef,2021-03,South Yorkshire Police,South Yorkshire Police,-1.274943,53.523268,On or near CAERNARVON DRIVE,E01007586,Doncaster 020B,Unable to prosecute suspect
44833cb50caccc67834b7a8960995a6185390be89bf068f46976c52df845ac88,2021-03,South Yorkshire Police,South Yorkshire Police,-1.406958,53.520894,On or near WOOLEY AVENUE,E01007453,Barnsley 026C,Unable to prosecute suspect
09e5d3287d9f7dbe94f033a2a6503b07a32adb70265fd6e2a25f76d77918c87b,2021-03,South Yorkshire Police,South Yorkshire Police,-1.469962,53.353615,On or near BURNSIDE AVENUE,E01007981,Sheffield 053C,Further action is not in the public interest
57d7def309803ce857d2470626c530a31da9c15302b2963081cef1728ae418d3,2021-03,South Yorkshire Police,South Yorkshire Police,-1.018938,53.600992,On or near Sports/Recreation Area,E01007627,Doncaster 004C,Unable to prosecute suspect
4e2a64a92817914bd58ebcfb41cf584beaee940b95926d0de9c71ed90c258169,2021-03,South Yorkshire Police,South Yorkshire Police,-1.196379,53.367279,On or near KEATS DRIVE,E01007791,Rotherham 029F,Suspect charged
0bfd4425b641379fc9bbe4534c03eaecbab8894bd7c80a13278916d9513c5b8c,2021-03,South Yorkshire Police,South Yorkshire Police,-1.196379,53.367279,On or near KEATS DRIVE,E01007791,Rotherham 029F,Suspect charged
61f5b3bb62944f28f18161c1c673c92b43d71a63fa79ee6f37b3a4201f076a74,2021-03,South Yorkshire Police,South Yorkshire Police,-1.479509,53.354304,On or near BINFIELD ROAD,E01007981,Sheffield 053C,Unable to prosecute suspect
410cba052138a1972d9a830b83975b48d9217181c9fbb231c4c25d553555637a,2021-03,South Yorkshire Police,South Yorkshire Police,-1.341426,53.444795,On or near Shopping Area,E01007784,Rotherham 008D,Offender given a caution
50d8c81c423b63271099ed84306fa50bb2b53aaef42206015ff9434b7e851ebc,2021-03,South Yorkshire Police,South Yorkshire Police,-1.469009,53.571557,On or near RAVENFIELD DRIVE,E01032550,Barnsley 010G,Unable to prosecute suspect
054ba923759bb67b11398e4eda1715c50ecaf906524d50ca1913ef9942d0ba12,2021-03,South Yorkshire Police,South Yorkshire Police,-1.483085,53.369151,On or near MACKENZIE STREET,E01008107,Sheffield 040C,Investigation complete; no suspect identified
d59448b0e4bcab1c56672553981fe0f859be901f090cd000e5d941d7d0fd1f55,2021-03,South Yorkshire Police,South Yorkshire Police,-1.465076,53.423472,On or near EMERSON CRESCENT,E01008123,Sheffield 015E,Unable to prosecute suspect
9985620d91c9e60f6795952962f60fac1265da6d607b5fefd5afcacacea2132b,2021-03,South Yorkshire Police,South Yorkshire Police,-1.347077,53.438633,On or near HARDWICKE ROAD,E01007768,Rotherham 014D,Investigation complete; no suspect identified
0a2b28e544dc0670a3123050b084a98b9490e9c8d45cf8543b2e16961486592b,2021-03,South Yorkshire Police,South Yorkshire Police,-1.381730,53.531939,On or near OWRAM STREET,E01007353,Barnsley 020F,Investigation complete; no suspect identified
75ff42346086dc1ec40672d342b38ad28a7aee0ed99c1fc5627aba7cd8b41233,2021-03,South Yorkshire Police,South Yorkshire Police,-1.520074,53.403723,On or near STUDFIELD CRESCENT,E01007990,Sheffield 021A,Investigation complete; no suspect identified
193c54402ce161c11f0882ef3e44e206ebacc7378f10f5649a2f58998724b600,2021-03,South Yorkshire Police,South Yorkshire Police,-1.453264,53.407032,On or near BLYDE ROAD,E01007942,Sheffield 020D,Suspect charged
26d6f29ae2d31b41bba424899ea354de1804ef391827da3da7006ab10ceb1efa,2021-03,South Yorkshire Police,South Yorkshire Police,-1.440513,53.359557,On or near ERRINGTON CRESCENT,E01008102,Sheffield 048C,Investigation complete; no suspect identified
b46502b4a52516ffcf976f7d0248cf70625416717658c1270e5cce6c24515bd3,2021-03,South Yorkshire Police,South Yorkshire Police,-1.044195,53.534455,On or near HANDSWORTH GARDENS,E01007484,Doncaster 017B,Unable to prosecute suspect
2237faaf83e39179b78b74aa6ffb58d7970f2b9f2721af61f4e2dde521884fd0,2021-03,South Yorkshire Police,South Yorkshire Police,-1.469962,53.439637,On or near GREAVES ROAD,E01008138,Sheffield 006D,Unable to prosecute suspect
95d367a5f717a0bdd02cb14b9c5517bc9a4b2069d2bd074759b80fc69d6dc675,2021-03,South Yorkshire Police,South Yorkshire Police,-1.400600,53.431633,On or near WINTERHILL ROAD,E01007745,Rotherham 015E,Investigation complete; no suspect identified
6f87e73964eaf475245086f84e70525caf2b1045d2b1bd85ace9963d3d1562e5,2021-03,South Yorkshire Police,South Yorkshire Police,-1.405985,53.367076,On or near WAINWRIGHT AVENUE,E01008008,Sheffield 045D,Investigation complete; no suspect identified
419ad7e17f5c445de3ad65ff38d12f6e4745e349f6eb79af677de12b9c2ef909,2021-03,South Yorkshire Police,South Yorkshire Police,-1.473685,53.384364,On or near Parking Area,E01033261,Sheffield 073A,Suspect charged
4e23337c79e38f54cb6e88f5edd98cdede99e39dc828450ffd8bc6874f404e45,2021-03,South Yorkshire Police,South Yorkshire Police,-1.482767,53.424017,On or near LYTTON AVENUE,E01008118,Sheffield 009E,Investigation complete; no suspect identified
fc6489541722f85a5b0b68b72884083300bdba8176744969a32e43f64a932ecf,2021-03,South Yorkshire Police,South Yorkshire Police,-1.468100,53.547734,On or near DONCASTER ROAD,E01007339,Barnsley 017B,Investigation complete; no suspect identified
f97319f05946a288d479bcb807fddfd60dbbf586234ba4c5ef3f6debb9f51fe6,2021-03,South Yorkshire Police,South Yorkshire Police,-1.326879,53.356328,On or near CHESTERFIELD ROAD,E01007665,Rotherham 027A,Suspect charged
ff5727476e21cba205542354c81a3a7b80ec34e552e84c2f78d1efe094b8adb6,2021-03,South Yorkshire Police,South Yorkshire Police,-1.504107,53.382463,On or near BLAKENEY ROAD,E01007962,Sheffield 029C,Investigation complete; no suspect identified
3f5dbe469988b759a36edb9b268b5e06bc45f03a262245b58b3a36ba64b89d72,2021-03,South Yorkshire Police,South Yorkshire Police,-1.077884,53.476877,On or near QUEEN MARY'S ROAD,E01007592,Doncaster 037B,Unable to prosecute suspect
1f3cebd97f43b635bf2ac391e81a9ee2745cd619321032999699bd9315e5c8c2,2021-03,South Yorkshire Police,South Yorkshire Police,-1.142426,53.616888,On or near SUNNYMEDE TERRACE,E01007489,Doncaster 002C,Unable to prosecute suspect
b9efe32b5d36319fc285e7ec5db7d2ed7abdf42b63fed0eabd4bd3ee3cf036df,2021-03,South Yorkshire Police,South Yorkshire Police,-1.360319,53.337582,On or near HILL TOP CRESCENT,E01008040,Sheffield 061D,Unable to prosecute suspect
06755dae39ca7fefc8a66900344eff2e7e0170d06686e1a0525754d7609dae96,2021-03,South Yorkshire Police,South Yorkshire Police,-1.319417,53.443710,On or near Supermarket,E01007737,Rotherham 013C,Unable to prosecute suspect
22e86a5788b235ef6ec89d832b48a5ecb15c51022d58484ef730319a58000c3a,2021-03,South Yorkshire Police,South Yorkshire Police,-1.135114,53.518186,On or near MILTON WALK,E01007532,Doncaster 023B,Investigation complete; no suspect identified
c00f78b043e029161dd004d04e9f36b8f7e76dcd640a5bf63338d1e857509c79,2021-03,South Yorkshire Police,South Yorkshire Police,-1.487545,53.422096,On or near PALGRAVE ROAD,E01008090,Sheffield 012C,Investigation complete; no suspect identified
bf66b9a727f8b5d649a68a8001c5c0fcd83d12bcbf4e925c5fc35ed44652e2cf,2021-03,South Yorkshire Police,South Yorkshire Police,-1.534647,53.385966,On or near RIVELIN VALLEY ROAD,E01008158,Sheffield 025D,Unable to prosecute suspect
2a4b4a61d5ac98e35ddfa389db2c80c2f2d40fa49afc72a13957ee6ce4f90851,2021-03,South Yorkshire Police,South Yorkshire Police,-1.077214,53.477196,On or near RECREATION LANE,E01007592,Doncaster 037B,Suspect charged
1547b45814aec8d95ec31e996c01a73ffc1a0b9ed24abaea99ea60254b8e2ac6,2021-03,South Yorkshire Police,South Yorkshire Police,-1.120369,53.531795,On or near OLD SCHOOL WAY,E01007654,Doncaster 019F,Investigation complete; no suspect identified
07baca8c0e8e38a14d57b6517803c1ac50d63de47b8d9ded5235ff75f6b12e21,2021-03,South Yorkshire Police,South Yorkshire Police,-1.467713,53.461757,On or near Petrol Station,E01007894,Sheffield 004E,Suspect charged
b0a3953cfc07ffdf6fe1de291593ef56f082da8405bf41d2a6fc320e635d0d12,2021-03,South Yorkshire Police,South Yorkshire Police,,,No location,,,Investigation complete; no suspect identified
e05056ade17fd301927dc2cbc370fbf1ab2d5246bc417761f2d008307b278a4f,2021-03,South Yorkshire Police,South Yorkshire Police,-1.306849,53.532293,On or near STRAIGHT LANE,E01007370,Barnsley 022B,Unable to prosecute suspect
6a2f30493f7b446de99cbca2bcc0a1bdfb50523cbb024fd82ebe6536f7398f9d,2021-03,South Yorkshire Police,South Yorkshire Police,-1.354671,53.445128,On or near HILLSIDE COURT,E01007728,Rotherham 009A,Investigation complete; no suspect identified
acc635170a8800cdf6d1d4ca4ef1749a9b94788b15e01d42418dc75eaa5fe5bf,2021-03,South Yorkshire Police,South Yorkshire Police,-1.319973,53.373035,On or near AMBLER RISE,E01007666,Rotherham 026A,Investigation complete; no suspect identified
813a7acfe44b61f47b5c59b064935f9bb5c221ac2055402f2ea1a97584eca2aa,2021-03,South Yorkshire Police,South Yorkshire Police,-1.374953,53.349515,On or near CARR FORGE VIEW,E01008031,Sheffield 061A,Unable to prosecute suspect
16d631878188c08ca0118a01a62cc4d20be550b95fd1964311a08bf7f516796d,2021-03,South Yorkshire Police,South Yorkshire Police,-1.347887,53.329550,On or near SHORTBROOK CLOSE,E01008019,Sheffield 065A,Local resolution
4bbaa508f400da0c6c4b679d3fdb5a326071c4ae8996de1cbc31a125b321bc31,2021-03,South Yorkshire Police,South Yorkshire Police,-1.392726,53.413858,On or near Sports/Recreation Area,E01007914,Sheffield 018D,Suspect charged
0c677900b593dbaa920c112a6a95c451f79a97a5d6497d4837e486e79b93f8ab,2021-03,South Yorkshire Police,South Yorkshire Police,-1.392726,53.413858,On or near Sports/Recreation Area,E01007914,Sheffield 018D,Suspect charged
2aee85783d1a96cd6cc74c92db4ac622022b76c0005556ec662f7044461b2b57,2021-03,South Yorkshire Police,South Yorkshire Police,-1.108931,53.432627,On or near Petrol Station,E01007615,Doncaster 039D,Unable to prosecute suspect
4906886d0b8d62e88f8df3ba8103483138cf9d4e3af43eee269d68fc4a8294af,2021-03,South Yorkshire Police,South Yorkshire Police,-1.280179,53.435004,On or near MALVERN WAY,E01032926,Rotherham 012E,Investigation complete; no suspect identified
d9b3839da8469b8d59928c4f2b02c8783645e0a4bf81a82843e5ee1f62bcd183,2021-03,South Yorkshire Police,South Yorkshire Police,-1.351075,53.336129,On or near MIDDLECLIFF CLOSE,E01008039,Sheffield 065F,Investigation complete; no suspect identified
95c07abe5092b61e52c109d654a818151966bb2b9ecbedf555e4a15067f7e4d2,2021-03,South Yorkshire Police,South Yorkshire Police,-1.419615,53.395862,On or near CENTURY STREET,E01007904,Sheffield 018B,Offender given a caution
95c07abe5092b61e52c109d654a818151966bb2b9ecbedf555e4a15067f7e4d2,2021-03,South Yorkshire Police,South Yorkshire Police,-1.419615,53.395862,On or near CENTURY STREET,E01007904,Sheffield 018B,Offender given a caution
9311bc07e64023259e4f3a66939915fe6d909ef3f68a11a88f17eb8a52621d86,2021-03,South Yorkshire Police,South Yorkshire Police,-1.491167,53.394750,On or near WHITEHOUSE LANE,E01008157,Sheffield 026D,Unable to prosecute suspect
85bcba70d6f31234f9fdea51262cdd5336d9e0aa4170bb0a9681323dfdd7db21,2021-03,South Yorkshire Police,South Yorkshire Police,-1.076853,53.545193,On or near Petrol Station,E01007478,Doncaster 011D,Unable to prosecute suspect
99a9c81df5400b6972745d3571fffd228beebdb97524f12f6ea4382481d6b640,2021-03,South Yorkshire Police,South Yorkshire Police,-1.313867,53.361989,On or near ALISON CLOSE,E01007673,Rotherham 030F,Unable to prosecute suspect
bec6609cc63d54cb80423a979e8b61d4294055fbe8949f478c39b26354578ca8,2021-03,South Yorkshire Police,South Yorkshire Police,-1.198964,53.371296,On or near DOE QUARRY PLACE,E01007790,Rotherham 029E,Unable to prosecute suspect
e01ccdcdfa268d3c2b7880f57fd2e48d69aac967d7a2d34afcf3e8b10f404ed4,2021-03,South Yorkshire Police,South Yorkshire Police,-1.334007,53.427289,On or near MIDDLE LANE SOUTH,E01007734,Rotherham 021F,Unable to prosecute suspect
2013af341135dd072aa0c649ac524b8990c3db7ab9a78a4e8bff2e61684dc94c,2021-03,South Yorkshire Police,South Yorkshire Police,-1.323183,53.431264,On or near SHERIDAN DRIVE,E01007739,Rotherham 013E,Unable to prosecute suspect
b4d90f456b0030e7460d98521b6484416c87cbead6498063ab20dd12d1a7b476,2021-03,South Yorkshire Police,South Yorkshire Police,-1.484224,53.389354,On or near UPPERTHORPE ROAD,E01008065,Sheffield 026A,Suspect charged
e3bacad0bc73d0554d345d614a0ccf7637047494f908ab349a5556c47de724c4,2021-03,South Yorkshire Police,South Yorkshire Police,-1.457307,53.370592,On or near PARK GRANGE CROFT,E01008095,Sheffield 043A,Investigation complete; no suspect identified
cd2ada8836d9219a1efbc0e8ac1e0a08300cc24519b3ff7d8c8efb40b086e867,2021-03,South Yorkshire Police,South Yorkshire Police,-1.327337,53.439872,On or near WILLOW BECK,E01007738,Rotherham 013D,Unable to prosecute suspect
756d5a8f2a448ceb21bc480705286444feea1b57e252ec59f487f56d438ba442,2021-03,South Yorkshire Police,South Yorkshire Police,-1.442496,53.368807,On or near ST AIDAN'S WAY,E01007881,Sheffield 075C,Unable to prosecute suspect
eb05c02e8e3dc10a454bc3ee7b001f5a7d4c076b71461eb44d28a92174892a5a,2021-03,South Yorkshire Police,South Yorkshire Police,-1.357053,53.424935,On or near THE MALTINGS,E01007677,Rotherham 017A,Unable to prosecute suspect
9ef78a884e76ba0f81c8380a47d81dea757a70d5da98105567ec5efb5d1614a1,2021-03,South Yorkshire Police,South Yorkshire Police,-1.179849,53.582149,On or near QUEEN'S ROAD,E01007473,Doncaster 005E,Unable to prosecute suspect
c44ea54a7f804851a330775c7a8316023a6eb34bf0429ddc3663e135b3676b70,2021-03,South Yorkshire Police,South Yorkshire Police,-1.124151,53.523976,On or near LAWN ROAD,E01007648,Doncaster 019D,Action to be taken by another organisation
7a4f8062617612376621ebf5347677e43c39083fc9757089c77e9e60a1b57cb3,2021-03,South Yorkshire Police,South Yorkshire Police,-1.436491,53.348959,On or near SPRING CLOSE MOUNT,E01007982,Sheffield 054A,Investigation complete; no suspect identified
8a469154dc7bd13eb72e991dea0e9f54ac08cf45a5e781dc6c34ff4f2b758046,2021-03,South Yorkshire Police,South Yorkshire Police,-1.175864,53.513602,On or near OAK COURT,E01007619,Doncaster 021E,Investigation complete; no suspect identified
7f86f13693620bb802ec7ca392335f17b4775173558268c1aeb893ffe90102a0,2021-03,South Yorkshire Police,South Yorkshire Police,-1.504645,53.543288,On or near KERESFORTH MEWS,E01007442,Barnsley 012E,Investigation complete; no suspect identified
f07be6adb3231b06d3ff4c2a7f3257755e6a8ae0ac6c297845e75594fbc9af05,2021-03,South Yorkshire Police,South Yorkshire Police,-1.152847,53.563723,On or near TEWITT ROAD,E01007511,Doncaster 010E,Further action is not in the public interest
4469f34d92b363790b05d70882c0168c81faef816c5d2f40db4e64c4f44546f6,2021-03,South Yorkshire Police,South Yorkshire Police,-1.086499,53.480575,On or near BANKWOOD CRESCENT,E01007593,Doncaster 037C,Unable to prosecute suspect
668aad382b38d6ec2557515fa85a55270453efea7830aa532a60dc0b6ab1f232,2021-03,South Yorkshire Police,South Yorkshire Police,-1.318503,53.477323,On or near HESLEY COURT,E01007795,Rotherham 004D,Unable to prosecute suspect
1a35c78feb6aff5f35ae9d2485579367eb69bd42a2f552955af73298cb003d5a,2021-03,South Yorkshire Police,South Yorkshire Police,-1.480692,53.547295,On or near PROVIDENCE COURT,E01007338,Barnsley 017A,Unable to prosecute suspect
429b7eb94ca97a64a576af257cf7252557ced9594b289774557063a9d4f697ae,2021-03,South Yorkshire Police,South Yorkshire Police,-1.487464,53.363705,On or near RUNDLE ROAD,E01008049,Sheffield 050D,Unable to prosecute suspect
ccf50fb530e751b68a2e8923769c9f3c106881c48d36b3f448dbd8420fecb226,2021-03,South Yorkshire Police,South Yorkshire Police,-1.442413,53.376330,On or near BOUNDARY ROAD,E01007878,Sheffield 075A,Investigation complete; no suspect identified
21029a284c25be04314e3a280f2ede2d8a9eab3054ce46386f03fdebf5186821,2021-03,South Yorkshire Police,South Yorkshire Police,-1.456677,53.502722,On or near Sports/Recreation Area,E01007397,Barnsley 028B,Investigation complete; no suspect identified
4fa30b993baeec02ddf1a61c06070c56a075ba4ba3dfa3e8aff327259e5a9488,2021-03,South Yorkshire Police,South Yorkshire Police,-1.356167,53.433748,On or near Bus/Coach Station,E01007714,Rotherham 017B,Unable to prosecute suspect
ceef65579ad326c3057df9ccd019f66c0d33183bc2ab2e988afc015f46bc038d,2021-03,South Yorkshire Police,South Yorkshire Police,,,No location,,,Suspect charged
c8b63adabc7145c422b1b6cb6b64c14d56c5ef0d11b39fdec8397c3b17da5315,2021-03,South Yorkshire Police,South Yorkshire Police,-1.481916,53.380077,On or near GLOSSOP ROAD,E01033266,Sheffield 074D,Investigation complete; no suspect identified
d02e025ec7350ef7744f778b7d8c89a5de7d43f7da18b3b131ea7d7fa86690f1,2021-03,South Yorkshire Police,South Yorkshire Police,-1.133079,53.525560,On or near HIGH FISHER GATE,E01007655,Doncaster 022F,Investigation complete; no suspect identified
7d1ca9ea381faaa3f0264f76a99c3bdfe2e4d13832a933451f31d353c761e577,2021-03,South Yorkshire Police,South Yorkshire Police,-1.449022,53.338294,On or near MAWFA CRESCENT,E01008077,Sheffield 060D,Unable to prosecute suspect
121dd0f061666a736d2935de6e29c95ebfa26395aa30e5d219d08df3e6278e57,2021-03,South Yorkshire Police,South Yorkshire Police,-1.058645,53.556439,On or near LONG FIELD ROAD,E01007475,Doncaster 011A,Investigation complete; no suspect identified
95cab24dbc67858b0c3049a5fb421f4a1df10348b911537e8325f0fe91ecb502,2021-03,South Yorkshire Police,South Yorkshire Police,-1.193490,53.586817,On or near BEECH ROAD,E01007470,Doncaster 005C,Investigation complete; no suspect identified
18daf255b28914711351a2663fe891dc9f5ba42f672d00950c3adbe6bfc10072,2021-03,South Yorkshire Police,South Yorkshire Police,-1.412048,53.585753,On or near ALBERT STREET,E01007343,Barnsley 003D,Investigation complete; no suspect identified
6221bdade55644d7336cab004e97b6bbd8200bf5dacdd23957e3407a1aba7f39,2021-03,South Yorkshire Police,South Yorkshire Police,-1.076127,53.469691,On or near RADBURN ROAD,E01007597,Doncaster 037E,Unable to prosecute suspect
6c5e000a97dc42b4fb78ef88b274e200fae2976fde2ac89809ce1725b434a297,2021-03,South Yorkshire Police,South Yorkshire Police,-1.435597,53.344999,On or near MORLAND DRIVE,E01008007,Sheffield 060A,Local resolution
8f6890bc67186bb3f4caf99d8238dea84fcbe2a7c07a946e5e227399cfb69ff5,2021-03,South Yorkshire Police,South Yorkshire Police,-1.432788,53.366487,On or near SCOTIA DRIVE,E01008012,Sheffield 039B,Unable to prosecute suspect
be096e7bfba2cdf0674c8e5a5debeae2a148d216a1cf98e75865f3b66fd87553,2021-03,South Yorkshire Police,South Yorkshire Police,-1.265464,53.341126,On or near VICTORIA CLOSE,E01007751,Rotherham 033C,Investigation complete; no suspect identified
e1cf44dd40ff661501578c4b2c1b431262256515b54b9d02117397090b5ea539,2021-03,South Yorkshire Police,South Yorkshire Police,-1.496184,53.432164,On or near OWEN PLACE,E01008085,Sheffield 009A,Unable to prosecute suspect
dfdd3d26fe5984509f6f0da7f49377b95244acf63916b3b264f39dabd3aa7aca,2021-03,South Yorkshire Police,South Yorkshire Police,,,No location,,,Suspect charged
8ff94db4110dfcf03b273620761b33e6a5775b8957c6015bfaddb85ddef48c9c,2021-03,South Yorkshire Police,South Yorkshire Police,,,No location,,,Investigation complete; no suspect identified
8c2547c73b94ae90fde6a7320ecb7f47d12ecf82234fc2eef8938b72d4547d30,2021-03,South Yorkshire Police,South Yorkshire Police,-1.508344,53.548274,On or near GLENMOOR AVENUE,E01007444,Barnsley 012F,Investigation complete; no suspect identified
9e8ce1b7400d45574d6143ba617e029e1ad4b84386cc1a40eb6ed069a25d0a09,2021-03,South Yorkshire Police,South Yorkshire Police,-1.346633,53.427314,On or near GARFIELD MOUNT,E01007767,Rotherham 017C,Investigation complete; no suspect identified
d3baf03fcbce1024946bb4455c400451c16843f56c1843a1afd748577bded465,2021-03,South Yorkshire Police,South Yorkshire Police,-1.506727,53.385970,On or near TOYNE STREET,E01008064,Sheffield 028A,Investigation complete; no suspect identified
92cff68f82baac4743ae27f7f311505e33a3d22d05a2b7ec9b7057bae7c92a47,2021-03,South Yorkshire Police,South Yorkshire Police,-1.321095,53.522568,On or near RINGWAY,E01007364,Barnsley 025A,Investigation complete; no suspect identified
51f1e855036bb0a39c185688e067bb362daa3f56660d28b6c461ec846fbec099,2021-03,South Yorkshire Police,South Yorkshire Police,-1.488515,53.395179,On or near ASH STREET,E01008157,Sheffield 026D,Unable to prosecute suspect
8ada1bdd84b254e866611cf1b4dc67be46bee8ab7ae8dec9c0f46d85e5b987a5,2021-03,South Yorkshire Police,South Yorkshire Police,-0.982774,53.589733,On or near CROOK TREE LANE,E01007559,Doncaster 008D,Investigation complete; no suspect identified
973cd4d28ec7cf70451c5f2febffae10e671942a4c1a14ceaa18311d020508c7,2021-03,South Yorkshire Police,South Yorkshire Police,-1.354032,53.364047,On or near FURNACE LANE,E01007974,Sheffield 044D,Unable to prosecute suspect
f4b863c4392d1f130198341e8a00256c53e76520db450c687d38c6687dc4208b,2021-03,South Yorkshire Police,South Yorkshire Police,-1.491405,53.378535,On or near Parking Area,E01007860,Sheffield 036B,Investigation complete; no suspect identified
c4f4e6c10344cc6a6a0a8986883fa13537feb914fa70a9fac3c2206d38b4f461,2021-03,South Yorkshire Police,South Yorkshire Police,-0.982774,53.589733,On or near CROOK TREE LANE,E01007559,Doncaster 008D,Investigation complete; no suspect identified
db2398304a0297319a50d692338ba6af88cfd099f48f1b1c228c32577d602da2,2021-03,South Yorkshire Police,South Yorkshire Police,-1.387185,53.367062,On or near SUNDOWN PLACE,E01007973,Sheffield 037D,Suspect charged
1801af09b278b3380c6db7657bbf25d3167cce0917b0b009ab300b0610e8a30a,2021-03,South Yorkshire Police,South Yorkshire Police,-1.378412,53.435996,On or near AVON MOUNT,E01007717,Rotherham 016C,Suspect charged
d2f5fff62c627e60c8be55b4e6d928921d30642cf53bf786433d0f722050606f,2021-03,South Yorkshire Police,South Yorkshire Police,-1.478309,53.550880,On or near Shopping Area,E01007340,Barnsley 013B,Investigation complete; no suspect identified
e8d0fdf5208bc1002193d5bb3adccb42c99b4981c09a7362d0a7b961dca686a5,2021-03,South Yorkshire Police,South Yorkshire Police,-1.492231,53.546607,On or near CROMPTON AVENUE,E01007445,Barnsley 013G,Unable to prosecute suspect
79c0cf66ae0a975ec6509537cb22d40485082b99c7d6f9cc11e7ad7e97076649,2021-03,South Yorkshire Police,South Yorkshire Police,-1.496040,53.346268,On or near REDLAND LANE,E01007929,Sheffield 055C,Unable to prosecute suspect
a2d96ab94f7209ddfd647a31c3b485d1c818f35025416bc015eb0f321ac32b11,2021-03,South Yorkshire Police,South Yorkshire Police,-1.310430,53.543100,On or near HALL FARM RISE,E01007375,Barnsley 014D,Investigation complete; no suspect identified
3cf1727553675ab4c76b361b37a634b580af408182455b7177ea896b3026f8ce,2021-03,South Yorkshire Police,South Yorkshire Police,-1.339736,53.342054,On or near PORTLAND ROAD,E01008030,Sheffield 063A,Suspect charged
2062a044169b46c2bc0520d1e94d2d1c4083086e982ae874a75e1807efe15b69,2021-03,South Yorkshire Police,South Yorkshire Police,-1.381425,53.360084,On or near HARDCASTLE ROAD,E01007968,Sheffield 049C,Unable to prosecute suspect
efc93446e9e9590ad1556425ae019f05475a04ddd184cdd99c9d1d5a7522dd3a,2021-03,South Yorkshire Police,South Yorkshire Police,-1.482322,53.378820,On or near CONVENT PLACE,E01008114,Sheffield 074A,Unable to prosecute suspect
c618b65f53505e46209b41e90274bbe5e2eb2b67303005db15c0d0d559bce47e,2021-03,South Yorkshire Police,South Yorkshire Police,-1.375303,53.370794,On or near BALLIFIELD DRIVE,E01007971,Sheffield 037C,Investigation complete; no suspect identified
fe43fd4448dd6bc5cd9cd23bbdfcce9e539ccf96991d1a47794550f05ff3a513,2021-03,South Yorkshire Police,South Yorkshire Police,-1.265539,53.495732,On or near PASTURES COURT,E01007579,Doncaster 030C,Further action is not in the public interest
aa43ac8de837426971158be978116e6649764e8f607b8b02f0944fb4273dd653,2021-03,South Yorkshire Police,South Yorkshire Police,-1.148090,53.508176,On or near Pedestrian Subway,E01007534,Doncaster 028D,Unable to prosecute suspect
f81bc3160dbd599c6ba9263055be935d62d8b1c21b1933323feae7ee2db1c857,2021-03,South Yorkshire Police,South Yorkshire Police,-1.300289,53.533944,On or near VICTORIA STREET,E01007369,Barnsley 022A,Unable to prosecute suspect
3d71ac4dbbd60032f5c58d60ca918e726a9a933053c7339e4835698b66625846,2021-03,South Yorkshire Police,South Yorkshire Police,-1.504270,53.381340,On or near WESTON VIEW,E01007962,Sheffield 029C,Investigation complete; no suspect identified
14fab40a9e320a66f66442547ce04b603cf361ce78ad4beb4cea8d65c7bc3a3d,2021-03,South Yorkshire Police,South Yorkshire Police,-1.339651,53.437900,On or near Sports/Recreation Area,E01007736,Rotherham 014A,Investigation complete; no suspect identified
aaf73c1c0fe502d1d10b32e9bf6b34dc3704bca4d79e67faddd682266c1f5ab9,2021-03,South Yorkshire Police,South Yorkshire Police,-1.345781,53.436721,On or near FITZWILLIAM ROAD,E01007769,Rotherham 017D,Unable to prosecute suspect
535f75fba4b50c2756431e846574dab63491d81cd456f108015c28e03aa9d74b,2021-03,South Yorkshire Police,South Yorkshire Police,-1.073876,53.565421,On or near ECTON COURT,E01007621,Doncaster 007A,Investigation complete; no suspect identified
22c02c6dac12c9a0888f92656e69936fcd1ff7c4b5a9cca6e2b1ae3ba2637faa,2021-03,South Yorkshire Police,South Yorkshire Police,-1.374890,53.404104,On or near POPLAR DRIVE,E01007705,Rotherham 025E,Investigation complete; no suspect identified
3d782c74ce35a6e4485c9603baf3d57b76e002044c69a682aaafd1a99f7cc8a9,2021-03,South Yorkshire Police,South Yorkshire Police,-1.200591,53.371100,On or near HOWARD STREET,E01007788,Rotherham 028B,Unable to prosecute suspect
1e53f344186d1df265a39057686c07c7172efc0c95d22cff5f69133aa0557863,2021-03,South Yorkshire Police,South Yorkshire Police,-1.200591,53.371100,On or near HOWARD STREET,E01007788,Rotherham 028B,Unable to prosecute suspect
949fa91f6eae4e17ed16bff5b06ba7f603a6d6dee38e6909d21dff8ffcd1d70d,2021-03,South Yorkshire Police,South Yorkshire Police,-1.466037,53.397202,On or near CHRIST CHURCH ROAD,E01007870,Sheffield 019A,Investigation complete; no suspect identified
18e435110076fb8e69ee6c45fe4ecc77d13632da00cd96dca2ebb1e92473c854,2021-03,South Yorkshire Police,South Yorkshire Police,-1.472087,53.412671,On or near Parking Area,E01007943,Sheffield 019C,Unable to prosecute suspect
a43995aac433647c441ff2516279d406cae26f8cdf9359292cffe35ce6ffebb7,2021-03,South Yorkshire Police,South Yorkshire Police,-1.485284,53.348792,On or near SMITHY WOOD CRESCENT,E01007829,Sheffield 059B,Unable to prosecute suspect
057e809a5b49bdc0ed00f26736b9448c7b36be408167e0d7ef9ad4bbf2debbfc,2021-03,South Yorkshire Police,South Yorkshire Police,-1.469189,53.404955,On or near FIRSHILL GLADE,E01007871,Sheffield 019B,Unable to prosecute suspect
057e809a5b49bdc0ed00f26736b9448c7b36be408167e0d7ef9ad4bbf2debbfc,2021-03,South Yorkshire Police,South Yorkshire Police,-1.469189,53.404955,On or near FIRSHILL GLADE,E01007871,Sheffield 019B,Unable to prosecute suspect
649b0b7f51b8fc3a71883e55e5f764fcf9f850cd0f61cfc04227006a9623d399,2021-03,South Yorkshire Police,South Yorkshire Police,-1.256465,53.487092,On or near SKIPTON CLOSE,E01007543,Doncaster 032C,Unable to prosecute suspect
19423cb6e936ee8992c5e2fdf4833a654949ccab08008db88db8f7d66c2d6b07,2021-03,South Yorkshire Police,South Yorkshire Police,-1.007005,53.578215,On or near CLEVELAND WAY,E01007558,Doncaster 008C,Local resolution
03803f5ae81b9286a765a823f49a9fce66f5d8d97fd8e7653d507d913e7462da,2021-03,South Yorkshire Police,South Yorkshire Police,-1.251379,53.488382,On or near WHEATLEY PLACE,E01007542,Doncaster 032B,Suspect charged
054f8c140e5f15693bb85e66d92947416953be0d7aee0c531621a939c9e8f4c9,2021-03,South Yorkshire Police,South Yorkshire Police,-1.677359,53.509246,On or near PAW HILL LANE,E01007426,Barnsley 027D,Unable to prosecute suspect
d79586007f67925048f7c4eb22b607703a3cd7a43be9891ad07d71e786a93428,2021-03,South Yorkshire Police,South Yorkshire Police,-1.479580,53.418754,On or near Supermarket,E01008123,Sheffield 015E,Unable to prosecute suspect
6c842a627ce8a6c34403decdbdda512e025c8f430dffa885590d95c4b96995a7,2021-03,South Yorkshire Police,South Yorkshire Police,-1.481526,53.420820,On or near KYLE CRESCENT,E01008124,Sheffield 012F,Local resolution
2f4c4f6983406f1a16d9c2bac46ea05a1cc25293abe07d6ce4157cd0f2159fd5,2021-03,South Yorkshire Police,South Yorkshire Police,-1.481650,53.436641,On or near CRESWICK AVENUE,E01008125,Sheffield 009G,Unable to prosecute suspect
f4c6c0ef4a1e17a3b5500d9687b7cc56f9a5276bed7ac011551866091133e66f,2021-03,South Yorkshire Police,South Yorkshire Police,-1.532057,53.567182,On or near ST AUSTELL DRIVE,E01007387,Barnsley 012D,Further action is not in the public interest
5a9fbcb2f49b839747dc120140a1066054fc91620719a8ba068b73d35f7db455,2021-03,South Yorkshire Police,South Yorkshire Police,-1.472239,53.422308,On or near ADRIAN CRESCENT,E01008123,Sheffield 015E,Investigation complete; no suspect identified
b6d04819c9f5c792312cace61583f0104ca935b9c5667a650f2cb9f3b3283192,2021-03,South Yorkshire Police,South Yorkshire Police,-1.458638,53.413798,On or near LONGLEY HALL WAY,E01007947,Sheffield 013C,Unable to prosecute suspect
66fde51dc434e6031dade9f259337c4a1c70099c66fd4eb348c0d136ef1cc89e,2021-03,South Yorkshire Police,South Yorkshire Police,-1.449981,53.603074,On or near ARUNDEL GARDENS,E01007434,Barnsley 001A,Unable to prosecute suspect
c3d3645b25bb6ed9a2162475b1e781f17446bdb1e6902773fd53a9076fcffba6,2021-03,South Yorkshire Police,South Yorkshire Police,-1.493447,53.583788,On or near CLOUDBERRY WAY,E01007362,Barnsley 004D,Action to be taken by another organisation
b72ef9e544e35b531fcc9052187c16e0ad36763c815309af262b7bfa633a6cf6,2021-03,South Yorkshire Police,South Yorkshire Police,-1.473604,53.366575,On or near HIGHFIELD PLACE,E01008109,Sheffield 042B,Investigation complete; no suspect identified
d53a2565fa2874bd3af1296de30a362772abfa26ebe56493d0c8e2b44dad6baf,2021-03,South Yorkshire Police,South Yorkshire Police,-1.210129,53.354354,On or near CAPERNS ROAD,E01007662,Rotherham 032D,Unable to prosecute suspect
2f2b16ea10d428fc5d26962e6ecb398132abe7fdc9145c2ba9a2e6a5ffe58fd0,2021-03,South Yorkshire Police,South Yorkshire Police,-1.493447,53.583788,On or near CLOUDBERRY WAY,E01007362,Barnsley 004D,Action to be taken by another organisation
ba7b9c011d718e773a6506ebe2511a78f0f69ffca7767619adf9c75c1e553ead,2021-03,South Yorkshire Police,South Yorkshire Police,-1.478413,53.546053,On or near PARK ROAD,E01007413,Barnsley 017C,Further action is not in the public interest
dbb00a448ccbf3bcbf241f704d31f3ad8497452631e14fb616a2c2fc3cb0f1b7,2021-03,South Yorkshire Police,South Yorkshire Police,-1.449331,53.411032,On or near BOLSOVER ROAD,E01007942,Sheffield 020D,Unable to prosecute suspect
d3cbe04423489e1b5ae3fc453a54b7fbe56804f86860ccb283af5390b21a811a,2021-03,South Yorkshire Police,South Yorkshire Police,-1.577626,53.477719,On or near WOOD ROYD ROAD,E01008143,Sheffield 002B,Suspect charged
eddd612db7463f2077a26cecb77c9f0736b0f783bac694df4550597e89575aec,2021-03,South Yorkshire Police,South Yorkshire Police,-1.493941,53.500602,On or near THE AVENUE,E01007424,Barnsley 028E,Unable to prosecute suspect
eddd612db7463f2077a26cecb77c9f0736b0f783bac694df4550597e89575aec,2021-03,South Yorkshire Police,South Yorkshire Police,-1.493941,53.500602,On or near THE AVENUE,E01007424,Barnsley 028E,Unable to prosecute suspect
eddd612db7463f2077a26cecb77c9f0736b0f783bac694df4550597e89575aec,2021-03,South Yorkshire Police,South Yorkshire Police,-1.493941,53.500602,On or near THE AVENUE,E01007424,Barnsley 028E,Unable to prosecute suspect
4be576401538c0229551496422bb8f1ee75c8eeb3dd68969499ce83de685944b,2021-03,South Yorkshire Police,South Yorkshire Police,-1.343203,53.504346,On or near MOOR ROAD,E01007820,Rotherham 002D,Unable to prosecute suspect
bae8eaefbc827d50da8b32d4892e5cbfccd93c7d3c4d4f3d3ce5f60c8d79f431,2021-03,South Yorkshire Police,South Yorkshire Police,-1.439616,53.367230,On or near Petrol Station,E01008097,Sheffield 043C,Investigation complete; no suspect identified
8bb86c2aa752d2da4747e00a02ba3d0a3c3cd214e82a930a015621cb8a3ac629,2021-03,South Yorkshire Police,South Yorkshire Police,-1.083668,53.547609,On or near CHALMERS DRIVE,E01007656,Doncaster 015F,Investigation complete; no suspect identified
48a598dd8338493256b2c5507c77ad7245e213a102ba9eafa4f42ce342d65138,2021-03,South Yorkshire Police,South Yorkshire Police,-1.476078,53.466198,On or near SLAIDBURN AVENUE,E01007890,Sheffield 004C,Unable to prosecute suspect
ad46f1f88e2142abef58869fe2d4ef3ad8d54d5c3191cc7a1fb9b0c7cf657b4c,2021-03,South Yorkshire Police,South Yorkshire Police,-1.143164,53.534073,On or near CONYERS ROAD,E01007517,Doncaster 013D,Unable to prosecute suspect
690c75f47b30450a5f8071891dde0d9cdff733da5a753f108181ebbaaa326bd8,2021-03,South Yorkshire Police,South Yorkshire Police,-1.083668,53.547609,On or near CHALMERS DRIVE,E01007656,Doncaster 015F,Investigation complete; no suspect identified
b81440fbdd5102e67cf0dfd2b8fedd58cfeb0734d5b48e08a306214953631f6c,2021-03,South Yorkshire Police,South Yorkshire Police,-1.087424,53.548393,On or near CLAY LANE,E01007656,Doncaster 015F,Investigation complete; no suspect identified
c9a1dbdada14c6626a07592a319b3d04d16b3c10d62bcbde0c451e4b83cffedd,2021-03,South Yorkshire Police,South Yorkshire Police,-1.439616,53.367230,On or near Petrol Station,E01008097,Sheffield 043C,Investigation complete; no suspect identified
fcb582f01e7ee85549657699b3f4d0c21761921f9df49a8985e1cf3b32be3cf1,2021-03,South Yorkshire Police,South Yorkshire Police,-1.079539,53.472144,On or near BOSWELL CLOSE,E01007597,Doncaster 037E,Unable to prosecute suspect
fd24e8480f980221c72355481ed9e478c3a64946ab582c52b32ecca12749cf98,2021-03,South Yorkshire Police,South Yorkshire Police,-1.087424,53.548393,On or near CLAY LANE,E01007656,Doncaster 015F,Investigation complete; no suspect identified
179811f4115c7fc5cdee719ebdaee7b5a4d0afc0b7eda24c2e379639e4bd8d98,2021-03,South Yorkshire Police,South Yorkshire Police,-1.462108,53.440501,On or near HALLAM WAY,E01008138,Sheffield 006D,Local resolution
cd16aafc672ad287f92c45ac250b811654c71a1b77f8f0a0501d65f16a67abfb,2021-03,South Yorkshire Police,South Yorkshire Police,-1.464276,53.574493,On or near ATHERSLEY ROAD,E01007327,Barnsley 007E,Unable to prosecute suspect
73d7b81d704d9a84482e9bb042784ba679440e45acbba418d89decfba01fca69,2021-03,South Yorkshire Police,South Yorkshire Police,-1.330524,53.360591,On or near SWALLOW WOOD ROAD,E01007665,Rotherham 027A,Investigation complete; no suspect identified
23ba821f006fa3d44259a879e410014f4c40edadd20ac8e82f3bbe19eafb5500,2021-03,South Yorkshire Police,South Yorkshire Police,-1.146292,53.550373,On or near REDBOURNE ROAD,E01007509,Doncaster 010C,Suspect charged
2024f573c235cd23e0bc7236b18f32092428d34f89703b02effdcdffd2d91bbc,2021-03,South Yorkshire Police,South Yorkshire Police,-1.077308,53.473565,On or near JUNCTION ROAD,E01007590,Doncaster 037A,Investigation complete; no suspect identified
fe8526a194c4a610aaba04b74f1094e23e739efecd9083aee5afd972e2335a96,2021-03,South Yorkshire Police,South Yorkshire Police,-1.096627,53.527995,On or near CUMBERLAND AVENUE,E01007564,Doncaster 018A,Unable to prosecute suspect
7248f6ca17ba20b11acf228adb8ea0552525f9a9003793c53310eeebd6eb2c52,2021-03,South Yorkshire Police,South Yorkshire Police,-1.628675,53.524278,On or near VICARAGE WALK,E01007429,Barnsley 024C,Unable to prosecute suspect
eae6135858701feff4d514984e22f716475123d2d311991b86e3d7370f44243f,2021-03,South Yorkshire Police,South Yorkshire Police,-1.154611,53.566918,On or near VILLA GARDENS,E01007511,Doncaster 010E,Unable to prosecute suspect
01ff90339e8b15ea8ea39c25deb01d78da5e1a34e7eb724e72c96c6f4cfc7111,2021-03,South Yorkshire Police,South Yorkshire Police,-1.454322,53.358408,On or near LICHFORD ROAD,E01008101,Sheffield 043D,Unable to prosecute suspect
cb27094764d8fe006f5271b74f550c6ece307795e706a5a99f87f30905b81356,2021-03,South Yorkshire Police,South Yorkshire Police,-1.481454,53.389621,On or near MONTGOMERY TERRACE ROAD,E01033263,Sheffield 073C,Unable to prosecute suspect
56063c425dac6cc90084c4bcbbaa3e140e28a42e0c499ef2edf35acb23463fe0,2021-03,South Yorkshire Police,South Yorkshire Police,-1.459448,53.493467,On or near Sports/Recreation Area,E01007396,Barnsley 028A,Unable to prosecute suspect
10bf9737915c415448eda4f06bd9adf9c6616772c30cae2c6021b22e5a1f8c43,2021-03,South Yorkshire Police,South Yorkshire Police,-1.482479,53.460078,On or near BROAD INGE CRESCENT,E01007897,Sheffield 005A,Unable to prosecute suspect
3fc2f969bd637bab8f0ac3ba167c789ebd678033eb03176e14454b3a5d8c5424,2021-03,South Yorkshire Police,South Yorkshire Police,-1.543858,53.393525,On or near STANNINGTON ROAD,E01008133,Sheffield 023E,Investigation complete; no suspect identified
1daed4ec0ab7baaa51efc00feedeaabbba01e1d8f09843f9c6f4b5ec605deac4,2021-03,South Yorkshire Police,South Yorkshire Police,-1.315611,53.436992,On or near GREENFIELD CLOSE,E01007737,Rotherham 013C,Further action is not in the public interest
9843ee5d207f04d7fe53ae01b4cbbb73b7d9bd16437aa5bb59724fd4c8550e37,2021-03,South Yorkshire Police,South Yorkshire Police,-1.351532,53.541451,On or near BELMONT CRESCENT,E01007349,Barnsley 020B,Unable to prosecute suspect
afba4018a8220861d11fdf3e79512e82293d21d8144d61bdcde1cc9268580be0,2021-03,South Yorkshire Police,South Yorkshire Police,-1.392466,53.371916,On or near PARSLEY HAY CLOSE,E01007912,Sheffield 037B,Investigation complete; no suspect identified
3fedf89c2502de20506c24ff1d29e498acf6e7336a2cdc96f527808111687663,2021-03,South Yorkshire Police,South Yorkshire Police,-1.454322,53.358408,On or near LICHFORD ROAD,E01008101,Sheffield 043D,Unable to prosecute suspect
2ede9475f2552bd90a73403fa069bb3e046911c783155331428eacc7994ee5fd,2021-03,South Yorkshire Police,South Yorkshire Police,-1.505814,53.403836,On or near CLARENCE ROAD,E01007995,Sheffield 017A,Unable to prosecute suspect
5d5612936ce97d9cfce9f421294ac43ae45c63ad2cdf9256b57ccea45c4b6f0b,2021-03,South Yorkshire Police,South Yorkshire Police,-1.476862,53.536006,On or near BEVERLEY AVENUE,E01007460,Barnsley 021C,Local resolution
f66743514fb3098bb917a27d85c50f790a58567575bf2b31bbef04746488c101,2021-03,South Yorkshire Police,South Yorkshire Police,-1.360818,53.437773,On or near MILTON STREET,E01007716,Rotherham 016B,Investigation complete; no suspect identified
34986108bdd843d129c1edca3e6dd0c7a71d496c3a4a16446f80954058ecbae3,2021-03,South Yorkshire Police,South Yorkshire Police,-1.466080,53.396240,On or near RISING STREET,E01007870,Sheffield 019A,Investigation complete; no suspect identified
20cd51b83f0ca0de65418c24fa7f728b73323dac0d839e77078195c18756c41e,2021-03,South Yorkshire Police,South Yorkshire Police,-1.498165,53.321342,On or near EDMUND AVENUE,E01007917,Sheffield 071B,Offender given a caution
f27fd0019c3d604a5854fe387b66d9afe6069e3ac5d9e3bab6c96490ea8e777b,2021-03,South Yorkshire Police,South Yorkshire Police,-1.482302,53.379242,On or near CONVENT WALK,E01033266,Sheffield 074D,Unable to prosecute suspect
31d3770ee8c4385a2631df21ab0d68dce856d4e91f50892110229ef3d2f11126,2021-03,South Yorkshire Police,South Yorkshire Police,-1.473204,53.551145,On or near LANGDALE ROAD,E01007337,Barnsley 015D,Investigation complete; no suspect identified
43f0397cfd3602876b7947cb023dfdcf0d3f79bc3280ed49dbefbc983972402d,2021-03,South Yorkshire Police,South Yorkshire Police,-1.468606,53.318913,On or near BOWSHAW CLOSE,E01008084,Sheffield 070D,Investigation complete; no suspect identified
13096d7849c1843b01741aac971657b4b348789495bac73f6d01640f3ce659ec,2021-03,South Yorkshire Police,South Yorkshire Police,-1.100936,53.507597,On or near MALHAM TARN COURT,E01007527,Doncaster 027B,Suspect charged
225163e5ae0298d6c9c2565ff9ca3604536f90c59e2b32c9ac419b50d38c7695,2021-03,South Yorkshire Police,South Yorkshire Police,-1.451022,53.534399,On or near DARLEY,E01007462,Barnsley 021E,Further investigation is not in the public interest
fcaaad58fb27c607a77ead6053b2bd929aa9418d20928116d155a45757640c69,2021-03,South Yorkshire Police,South Yorkshire Police,-1.094935,53.540846,On or near GROVE VALE,E01007650,Doncaster 015B,Investigation complete; no suspect identified
d2cd0b50533a62a5d1ecc16b89d21e7a72b655d46d7d4ae6c2134a6b3e6ad7f3,2021-03,South Yorkshire Police,South Yorkshire Police,-1.067552,53.503512,On or near HUNSTER CLOSE,E01007607,Doncaster 025E,Unable to prosecute suspect
831b91272d03e53e9c8e6db8fd139fed57f9e8508cb8205508a681bb58354895,2021-03,South Yorkshire Police,South Yorkshire Police,-0.955556,53.628698,On or near BLOOMHILL ROAD,E01007635,Doncaster 001D,Investigation complete; no suspect identified
9cfcbb55d848a6f8177838ae9a6710747db66af98f9ce6dd32bb5cae1293bfca,2021-03,South Yorkshire Police,South Yorkshire Police,-1.422641,53.422303,On or near FIFE WAY,E01007847,Sheffield 014A,Unable to prosecute suspect
627e12ee85b66adb516b03eb63c501276c1274cc5201affc89fb34c092b510a2,2021-03,South Yorkshire Police,South Yorkshire Police,-1.501096,53.425227,On or near CAMBORNE CLOSE,E01008087,Sheffield 012A,Further investigation is not in the public interest
b89213405684b4538fddf7c00c77217333ce3aab08263b1cda1af6d02f9b449e,2021-03,South Yorkshire Police,South Yorkshire Police,-1.501096,53.425227,On or near CAMBORNE CLOSE,E01008087,Sheffield 012A,Unable to prosecute suspect
068f38196c6f6bca690beb3853f3490e8a5179868d36a7a113e2f6812e34e983,2021-03,South Yorkshire Police,South Yorkshire Police,-1.136715,53.524004,On or near Shopping Area,E01007645,Doncaster 022E,Unable to prosecute suspect
efdd1267f4325de0e21e8bfcf2ee28bd567eeb09f3732a1f6618ecddae8528df,2021-03,South Yorkshire Police,South Yorkshire Police,-1.382592,53.451864,On or near SWALE ROAD,E01007732,Rotherham 009E,Unable to prosecute suspect
1e2276c4dd67ef6af951c072f0e38f9b1a51aaf1bc17ae0bdda67954910d9c3e,2021-03,South Yorkshire Police,South Yorkshire Police,-1.191238,53.481554,On or near MARKET PLACE,E01007547,Doncaster 034B,Unable to prosecute suspect
47b9872b071287a90e619d6534b1cdd8ee1c7b7eff0e2930ada0015981345735,2021-03,South Yorkshire Police,South Yorkshire Police,-1.132540,53.518670,On or near COLLEGE ROAD,E01007645,Doncaster 022E,Further investigation is not in the public interest
89a1c2ed97d445e83bd9134f5508a777479b8cf78046026a5f78758ed7b19bdd,2021-03,South Yorkshire Police,South Yorkshire Police,-1.417568,53.347502,On or near JAUNTY WAY,E01007843,Sheffield 062C,Investigation complete; no suspect identified
8d176f114e82143cd7ef43bb204d2b464191be899286505e1bdd29a431813197,2021-03,South Yorkshire Police,South Yorkshire Police,-1.367738,53.356884,On or near LAMBCROFT VIEW,E01007969,Sheffield 044B,Investigation complete; no suspect identified
30e37ec32c163d58dc60819e0f8c41abb25125e564fa163ee56bde622731eeb0,2021-03,South Yorkshire Police,South Yorkshire Police,-1.254712,53.492564,On or near DONCASTER ROAD,E01007543,Doncaster 032C,Investigation complete; no suspect identified
f403302ae7d5e4db9945e914361f2d6064cc44866154d6cd7357b3af7835a7b0,2021-03,South Yorkshire Police,South Yorkshire Police,-1.407384,53.364791,On or near AUGHTON CRESCENT,E01008009,Sheffield 045E,Unable to prosecute suspect
96bd224ceabe10572d20a9308e801d7abd74fc25306603443ac9235056808b57,2021-03,South Yorkshire Police,South Yorkshire Police,-1.189708,53.518370,On or near BRANSTONE ROAD,E01007617,Doncaster 021C,Unable to prosecute suspect
21aa6fda217534ca5acad4880a035db03fe2c0e478a738cdf8987d449715a402,2021-03,South Yorkshire Police,South Yorkshire Police,-1.497630,53.361744,On or near OSBORNE ROAD,E01008048,Sheffield 046D,Unable to prosecute suspect
f41643dc1c056c71a9821e304a6d153b9b905897cb21ed3bd916a339a91a5d2d,2021-03,South Yorkshire Police,South Yorkshire Police,-1.497630,53.361744,On or near OSBORNE ROAD,E01008048,Sheffield 046D,Unable to prosecute suspect
af98e0df87fdbd7a70dfec2f59b9f0554d1ffb2ef703af28c43fc3eb88abe7ef,2021-03,South Yorkshire Police,South Yorkshire Police,-1.497630,53.361744,On or near OSBORNE ROAD,E01008048,Sheffield 046D,Unable to prosecute suspect
6b4d71f323edeef3778063046467349255bb0fcfd28892e557da56d2cc1dab70,2021-03,South Yorkshire Police,South Yorkshire Police,-1.165608,53.548245,On or near JOSSEY LANE,E01007519,Doncaster 012E,Unable to prosecute suspect
2592f0717cbffa5f6a28e7dbde8fd74427414d9b25872e424b3137b920326dae,2021-03,South Yorkshire Police,South Yorkshire Police,-1.497630,53.361744,On or near OSBORNE ROAD,E01008048,Sheffield 046D,Unable to prosecute suspect
b27cee47b667edcdc6e7881139f0654a0355b07037619c5e348a90f09f283a5e,2021-03,South Yorkshire Police,South Yorkshire Police,-1.457086,53.396245,On or near EARLDOM DRIVE,E01007874,Sheffield 022A,Investigation complete; no suspect identified
1288fb768af32d5219f6e14674afd2b30efc87a4edff9ceea7a52048fbe483bb,2021-03,South Yorkshire Police,South Yorkshire Police,-1.162954,53.613879,On or near DAVIS ROAD,E01007490,Doncaster 002D,Investigation complete; no suspect identified
70cd38668067a1ea2a8e43151e147de70a1a5b5af5d2f5ad8e6dc18c36a05958,2021-03,South Yorkshire Police,South Yorkshire Police,-1.007504,53.600116,On or near MAYFIELD AVENUE,E01007625,Doncaster 004A,Unable to prosecute suspect
8a3e92e9f03490ffab8e583eee839ed520ff44acd588266a008e6df4275eb7fe,2021-03,South Yorkshire Police,South Yorkshire Police,,,No location,,,Investigation complete; no suspect identified
89aaa6c152b402f32d5747a9a461d9cd8b3ba9d7a45c4d2e2eb7503710cba02e,2021-03,South Yorkshire Police,South Yorkshire Police,-1.143917,53.546887,On or near FINKLE STREET,E01007510,Doncaster 010D,Further investigation is not in the public interest
4a6ddf91052d5f94992552a3e12882470d107764848a61284847bd5fad430eed,2021-03,South Yorkshire Police,South Yorkshire Police,-1.148090,53.508176,On or near Pedestrian Subway,E01007534,Doncaster 028D,Offender given a drugs possession warning
fc545425d8ddcc62389ded4519828c88f4bb51efe58c6f40924cf26884f532da,2021-03,South Yorkshire Police,South Yorkshire Police,-1.341589,53.435223,On or near ST LEONARD'S LANE,E01007768,Rotherham 014D,Unable to prosecute suspect
4cef27e59bba088a1809f048d571e1ad7114c9ed6b0251947d89abc6ced0b27a,2021-03,South Yorkshire Police,South Yorkshire Police,-1.489857,53.387284,On or near ALBION STREET,E01008065,Sheffield 026A,Local resolution
736267e0e71617ce7d2c75a7427bae414348694c98bd40d10e747f3da9fdc21e,2021-03,South Yorkshire Police,South Yorkshire Police,-1.489857,53.387284,On or near ALBION STREET,E01008065,Sheffield 026A,Local resolution
960f02750c02ffd8e643e1187315f2e1167e530eccaed31d0496e5c4ce3c3ddc,2021-03,South Yorkshire Police,South Yorkshire Police,-1.413559,53.364911,On or near NODDER ROAD,E01008009,Sheffield 045E,Investigation complete; no suspect identified
c8a774463db81b8c339fbb9953246846dba6fed41756c16e2eaeb90c954346c5,2021-03,South Yorkshire Police,South Yorkshire Police,-1.271077,53.402131,On or near MORTHEN ROAD,E01007814,Rotherham 024D,Unable to prosecute suspect
7e3ce9c42b3ff68c1736a5775225508f82c5da16b2af2519a18e41e550824180,2021-03,South Yorkshire Police,South Yorkshire Police,-1.305129,53.533182,On or near JACKSON STREET,E01007369,Barnsley 022A,Investigation complete; no suspect identified
a800504a69e7c99bb857325e3f9ee014ac00ed6a7458115e3e794e38950a01d7,2021-03,South Yorkshire Police,South Yorkshire Police,-1.408086,53.526554,On or near JOHN STREET,E01007448,Barnsley 023B,Unable to prosecute suspect
7ebbc71c8681a828f49a19be9cce6afa2a6af7f18d727edf009c3828565c9125,2021-03,South Yorkshire Police,South Yorkshire Police,-1.315898,53.505307,On or near BOLTON ROAD,E01007820,Rotherham 002D,Offender given a caution
fbe7407adfcd5d64dcabd852409d6ef24e8e0cb2e63b5e6ef2f72ce41ff47e58,2021-03,South Yorkshire Police,South Yorkshire Police,-1.446641,53.408484,On or near PAGE HALL ROAD,E01007944,Sheffield 022F,Investigation complete; no suspect identified
5da783ee297d507288b032a1debc772bb9261d26284d5691eac6f0582cee893b,2021-03,South Yorkshire Police,South Yorkshire Police,-1.649284,53.527315,On or near WATERING PLACE ROAD,E01007427,Barnsley 024A,Unable to prosecute suspect
13e6bb916c554e6915e68b540a26fcec0926d1ccb0085ea35909b132085b92e8,2021-03,South Yorkshire Police,South Yorkshire Police,-1.179849,53.582149,On or near QUEEN'S ROAD,E01007473,Doncaster 005E,Investigation complete; no suspect identified
163419909c0005930aa819398d7ca2971d6c3737c5535cf1ad9c2076e562c8d3,2021-03,South Yorkshire Police,South Yorkshire Police,-1.023438,53.563771,On or near PARK LANE CLOSE,E01007560,Doncaster 008E,Investigation complete; no suspect identified
487a06def3108f67b628ff51af91cab5f80799e85eccf73d13c6ca7fdda4ff8b,2021-03,South Yorkshire Police,South Yorkshire Police,-1.530715,53.569756,On or near MIDHURST GROVE,E01007387,Barnsley 012D,Investigation complete; no suspect identified
d5090a2fdf31c6920a3c5159f0c65e8f263b700c306de42e2d4c3d3d8b7e41cd,2021-03,South Yorkshire Police,South Yorkshire Police,-1.100732,53.509384,On or near LANGSETT COURT,E01007527,Doncaster 027B,Investigation complete; no suspect identified
3237099b53d468701681508fa1d948318faaf11ac3e63edc4b6bf0d8e77637fc,2021-03,South Yorkshire Police,South Yorkshire Police,-1.215567,53.369087,On or near ATHORPE GROVE,E01007792,Rotherham 028D,Investigation complete; no suspect identified
e96bc88eafde05e6118e330c391da8635a67f31c68bec01de5d620cacd63d587,2021-03,South Yorkshire Police,South Yorkshire Police,-1.474706,53.324576,On or near Sports/Recreation Area,E01008082,Sheffield 070B,Local resolution
700cbdfd990e9d88e2b1b4ac8089dd2542dee263a8a261b2ceb40cd8cc2c8cd3,2021-03,South Yorkshire Police,South Yorkshire Police,-1.338712,53.434425,On or near OLD GARDEN DRIVE,E01007770,Rotherham 014E,Unable to prosecute suspect
93260a5fcfd36b30c8554bf6557922ac09f2da77d67b1b015a327cba5b5f10d1,2021-03,South Yorkshire Police,South Yorkshire Police,-1.143024,53.549227,On or near THE HOMESTEAD,E01007508,Doncaster 010B,Unable to prosecute suspect
8c2c249bcd5d24bd13373d5d85c0429c54e1b2d3f8b11c83e3c29678a1865c69,2021-03,South Yorkshire Police,South Yorkshire Police,-1.440477,53.373786,On or near SWIFT WAY,E01007881,Sheffield 075C,Unable to prosecute suspect
d2263a9dae01882c1d201c85fafc63e9fad322a9fbd0561650f1def2f090fc1b,2021-03,South Yorkshire Police,South Yorkshire Police,-1.143024,53.549227,On or near THE HOMESTEAD,E01007508,Doncaster 010B,Unable to prosecute suspect
4ac7ec6fb79092f1ddecd57aeaae537a8bfb2ccf36b97a9727a91f882de6f46c,2021-03,South Yorkshire Police,South Yorkshire Police,-1.600439,53.472755,On or near WILLOW ROAD,E01008148,Sheffield 001C,Unable to prosecute suspect
79092cf92bd2124bcc5415349e29d5d88ee45ca4f598846399a41a621d328e8f,2021-03,South Yorkshire Police,South Yorkshire Police,-1.191775,53.590446,On or near ASH ROAD,E01007470,Doncaster 005C,Investigation complete; no suspect identified
09ae19f1870a8fddce40f01081db032daf71b3da42c0e045d1b094d701621157,2021-03,South Yorkshire Police,South Yorkshire Police,-1.125274,53.525817,On or near ST VINCENT ROAD,E01007648,Doncaster 019D,Unable to prosecute suspect
3ca9d41054f2963e30043697e14b411e95b81e27afd85afc5a0649847bad8494,2021-03,South Yorkshire Police,South Yorkshire Police,-1.375255,53.428465,On or near HOLMES LANE,E01007715,Rotherham 016A,Investigation complete; no suspect identified
2e4c93258acb1ebeaa9d56508d30ef7b927ff98855957571e92a4757aa004481,2021-03,South Yorkshire Police,South Yorkshire Police,-1.393889,53.362683,On or near SMELTER WOOD WAY,E01007967,Sheffield 045B,Unable to prosecute suspect
f6c1ed098a2f1c159bf29050c4add08a0add7d0f70d13ae6d0b509b088748e35,2021-03,South Yorkshire Police,South Yorkshire Police,-1.348409,53.472600,On or near WOODLEYS AVENUE,E01007781,Rotherham 005D,Unable to prosecute suspect
730770a1dee6d90b8c215bda94a5ce3177d408c1bf9d0804443fe1c0dcffe81d,2021-03,South Yorkshire Police,South Yorkshire Police,-1.461715,53.363088,On or near MADEHURST VIEW,E01008096,Sheffield 043B,Unable to prosecute suspect
4a69b8eadb18e2993c8c90f1e0df6d95eb78170735da1debc77efcdda84b0566,2021-03,South Yorkshire Police,South Yorkshire Police,-1.451512,53.543147,On or near GERALD WALK,E01007318,Barnsley 018B,Unable to prosecute suspect
9d8f94cb687498f47e15505a72ab8bd40218238e8600f2d57cf8f953de429618,2021-03,South Yorkshire Police,South Yorkshire Police,,,No location,,,Investigation complete; no suspect identified
1ce8427636c266c310b433114b009047f36c8ecd463cb62ebfd64157f35bf325,2021-03,South Yorkshire Police,South Yorkshire Police,-1.291417,53.536661,On or near DONCASTER ROAD,E01007376,Barnsley 022D,Unable to prosecute suspect
399a1efc25233f302e499e0b15623a574dd5a48dd8dc1b684fede41461423144,2021-03,South Yorkshire Police,South Yorkshire Police,-1.480002,53.546914,On or near ALLATT CLOSE,E01007338,Barnsley 017A,Unable to prosecute suspect
8207343ea8b960e2a1a02fada3e07b86fb164dcca56d4c56826fcd8a44ca1a78,2021-03,South Yorkshire Police,South Yorkshire Police,-1.458513,53.437842,On or near CROSS HILL,E01008139,Sheffield 006E,Investigation complete; no suspect identified
3401f3ff82c0a3548ec10f167e54152fc559b140ea9a84251bbe6a1fb8c89e04,2021-03,South Yorkshire Police,South Yorkshire Police,-1.155174,53.528783,On or near ANCHORAGE CRESCENT,E01007584,Doncaster 021A,Action to be taken by another organisation
898468dbf4e95ac7f75392ac955301e356cf72ad76301eca61c791b303b6426d,2021-03,South Yorkshire Police,South Yorkshire Police,-1.064401,53.496665,On or near HATCHELL DRIVE,E01007605,Doncaster 027C,Unable to prosecute suspect
9395b37b897380a1afb2b20a1be4f0b84003a8fbe2350e0e7b540b2d45e54f9b,2021-03,South Yorkshire Police,South Yorkshire Police,-1.064401,53.496665,On or near HATCHELL DRIVE,E01007605,Doncaster 027C,Unable to prosecute suspect
38aa8884fb020ad3a2f5ca309a088c779ef064c95ff168797d16edad58153e6a,2021-03,South Yorkshire Police,South Yorkshire Police,-1.411829,53.385783,On or near Parking Area,E01007906,Sheffield 027D,Investigation complete; no suspect identified
c1717292f8005776ca7404031432333113d085fe27e3c1f802c437c3f2acd33f,2021-03,South Yorkshire Police,South Yorkshire Police,-1.155174,53.528783,On or near ANCHORAGE CRESCENT,E01007584,Doncaster 021A,Action to be taken by another organisation
ad4a66f5215d25f1f94363cf685abc747c3f74002d99416fde37fbe657db8dea,2021-03,South Yorkshire Police,South Yorkshire Police,-1.441349,53.409395,On or near WENSLEY CLOSE,E01007940,Sheffield 022E,Investigation complete; no suspect identified
e4d1fdb1614d10dadccf3ca0dc1358fd832b78d2815a35d1b75ec10b959323de,2021-03,South Yorkshire Police,South Yorkshire Police,-1.281145,53.497256,On or near HALL AVENUE,E01007576,Doncaster 031E,Investigation complete; no suspect identified
751b4cea17abbc455672051dd7e867068424fa3272448c4539672ddb5eec8ec0,2021-03,South Yorkshire Police,South Yorkshire Police,-1.421482,53.575202,On or near JACKSON STREET,E01007344,Barnsley 011A,Unable to prosecute suspect
320ad7447546c42956f8976149ffce8eb60e23935b938be53f33f61bb1d633bd,2021-03,South Yorkshire Police,South Yorkshire Police,-1.417009,53.421521,On or near BARROW ROAD,E01007852,Sheffield 014C,Unable to prosecute suspect
a0a732490fb8862547451e2dabdfbc3915c1ae82b4ecf9cf9b6531d2e89928f8,2021-03,South Yorkshire Police,South Yorkshire Police,-1.454904,53.398761,On or near ELLA ROAD,E01007874,Sheffield 022A,Investigation complete; no suspect identified
c7346d246e927669e13de707fffc6f912700544c2667aabc1e93c3d905497852,2021-03,South Yorkshire Police,South Yorkshire Police,-1.366169,53.358314,On or near BEIGHTON ROAD,E01007969,Sheffield 044B,Investigation complete; no suspect identified
f67d9c6db15267c397d4b29a2ceab3d8bd8c329aa29dcb2eae82dfa2732a6294,2021-03,South Yorkshire Police,South Yorkshire Police,-1.431190,53.362345,On or near CITY ROAD,E01008098,Sheffield 048A,Investigation complete; no suspect identified
780d4231790d1ae774fc7471bae35ef5355cd638e32ad9abdea1730d84ac2e0c,2021-03,South Yorkshire Police,South Yorkshire Police,-1.599172,53.476139,On or near CEDAR CLOSE,E01008145,Sheffield 001B,Unable to prosecute suspect
bc23f0c49509b76546bbe20510652f303cddab9212bc920d2e34477204f56d10,2021-03,South Yorkshire Police,South Yorkshire Police,,,No location,,,Unable to prosecute suspect
55eba188bff2b60650beb96277f52f277c28c1d5039623095315e6d9802b4fce,2021-03,South Yorkshire Police,South Yorkshire Police,-1.453638,53.586651,On or near CROOKES LANE,E01007437,Barnsley 002C,Further action is not in the public interest
dd967af0a67bb084c3188bb6b34422bdb3048693da936c78afbc920e776a20ac,2021-03,South Yorkshire Police,South Yorkshire Police,-1.440652,53.360448,On or near ERRINGTON AVENUE,E01008102,Sheffield 048C,Further action is not in the public interest
cf625cc6a705e8bccce76234f4e024dfb7cb47e4efa4bc22f9edda81fe7fdc25,2021-03,South Yorkshire Police,South Yorkshire Police,-1.190071,53.511964,On or near MAIN STREET,E01007619,Doncaster 021E,Investigation complete; no suspect identified
a29762ebcf57d4312ad5bd642a433675e2c54d867c10a1e34d4bc8ae03764ca6,2021-03,South Yorkshire Police,South Yorkshire Police,-1.082095,53.478672,On or near RUFUS LANE,E01007592,Doncaster 037B,Unable to prosecute suspect
d95171159344dbec0c793b0728fc1ef55e2e275e6401abeb53239fd2d4f7b33f,2021-03,South Yorkshire Police,South Yorkshire Police,-1.355359,53.501095,On or near DENMAN ROAD,E01007822,Rotherham 002F,Unable to prosecute suspect
d95171159344dbec0c793b0728fc1ef55e2e275e6401abeb53239fd2d4f7b33f,2021-03,South Yorkshire Police,South Yorkshire Police,-1.355359,53.501095,On or near DENMAN ROAD,E01007822,Rotherham 002F,Unable to prosecute suspect
e4e84ed2d4e9653e06457dc94a32f5ad8250efcda5eadafb5f6939ee1766f4e3,2021-03,South Yorkshire Police,South Yorkshire Police,-1.082095,53.478672,On or near RUFUS LANE,E01007592,Doncaster 037B,Suspect charged
7b759483fdde5d068214c93ab9c87cfd3656002f2bc03ed301b21180e51cf74f,2021-03,South Yorkshire Police,South Yorkshire Police,-1.479580,53.418754,On or near Supermarket,E01008123,Sheffield 015E,Investigation complete; no suspect identified
463949ccea2754905f891c731242f83a37047f4fac3de9848031a4c3701bab29,2021-03,South Yorkshire Police,South Yorkshire Police,-1.481991,53.418521,On or near HILLTOP GREEN,E01008122,Sheffield 012E,Investigation complete; no suspect identified
7953034c6c119af2cf07ba9ed1d58bffeb97698d867ef3e66c5cc2f4c15dad56,2021-03,South Yorkshire Police,South Yorkshire Police,-1.442973,53.494632,On or near STONEWOOD GROVE,E01007389,Barnsley 030A,Unable to prosecute suspect
5b440585ca09124595aa1b4988275c1bbee5a2c3b00d1d5678fcdcff75c94ae2,2021-03,South Yorkshire Police,South Yorkshire Police,-1.106423,53.438101,On or near RYE CROFT,E01007614,Doncaster 039C,Unable to prosecute suspect
b227ef0d8dbb8cff7eb5c60af68cb98d7fd8419a36469869769c59e9a16539c5,2021-03,South Yorkshire Police,South Yorkshire Police,-1.636146,53.520193,On or near ST JOHN'S CLOSE,E01007432,Barnsley 024F,Unable to prosecute suspect
af452d3aaea98d606fb8583c9c3f3f8c8cc8ec86b0f6e267e7ec6b05aac87cb8,2021-03,South Yorkshire Police,South Yorkshire Police,-1.184090,53.568974,On or near PARK VIEW,E01007504,Doncaster 009F,Unable to prosecute suspect
9d2bfe12fc8f341e630aacc2af0e9eb9aa86f86e26b52710d24ca170eacd999f,2021-03,South Yorkshire Police,South Yorkshire Police,-1.148086,53.503843,On or near SURREY STREET,E01007495,Doncaster 028A,Further action is not in the public interest
7306c4de7ca0db7ac0c8e47368a94afd1e0d5ffa7e07745735be03c2317c3245,2021-03,South Yorkshire Police,South Yorkshire Police,-1.473067,53.322357,On or near CHESTERFIELD ROAD SOUTH,E01008082,Sheffield 070B,Unable to prosecute suspect
a80059295be92bc396147aa42f1be91f1541cca8e1ec8d5e65dfeece220fb149,2021-03,South Yorkshire Police,South Yorkshire Police,-1.473067,53.322357,On or near CHESTERFIELD ROAD SOUTH,E01008082,Sheffield 070B,Unable to prosecute suspect
972e9c693d2a28a8300151ef64ad0bb0a013b6a9ca98aa02e9250bdc129839e6,2021-03,South Yorkshire Police,South Yorkshire Police,-1.408207,53.368318,On or near CAR VALE DRIVE,E01008008,Sheffield 045D,Further action is not in the public interest
5d8f70f805b141556f66bf1fc03379434bc96d25752a667b14031cda882b3e0b,2021-03,South Yorkshire Police,South Yorkshire Police,-1.477038,53.499649,On or near SHEFFIELD ROAD,E01007424,Barnsley 028E,Offender given a drugs possession warning
712fd60be6a430630cd32811e8a3645782c0f08435f385e7c4291617629cc7d4,2021-03,South Yorkshire Police,South Yorkshire Police,-1.410684,53.400079,On or near RANSKILL COURT,E01007904,Sheffield 018B,Investigation complete; no suspect identified
bbbe6281cc4f3eb8b4d9620985b360ee429fe92467cc5f62a93e50d325e6ed9f,2021-03,South Yorkshire Police,South Yorkshire Police,-1.091343,53.535245,On or near DANESTHORPE CLOSE,E01007650,Doncaster 015B,Investigation complete; no suspect identified
1d2574801e0c2fa412951787ecca3ef1772bd06d21da63810b06c2e2d334dace,2021-03,South Yorkshire Police,South Yorkshire Police,-1.100518,53.529463,On or near LENNOX ROAD,E01007568,Doncaster 018E,Unable to prosecute suspect
faf27ddbf4435cd785b75774033e716418efa391924642fb3695769f474ebbc5,2021-03,South Yorkshire Police,South Yorkshire Police,-1.169128,53.503335,On or near WOODSTOCK ROAD,E01007497,Doncaster 029B,Investigation complete; no suspect identified
5c8174d60e922fcab696df128d15033a8edac763eff109685ee75ebb954979c4,2021-03,South Yorkshire Police,South Yorkshire Police,-1.453049,53.583125,On or near Petrol Station,E01007437,Barnsley 002C,Local resolution
0a1a07ea776bec8814ee92fccc436a7901706373179392fad36a53a6b0e643ed,2021-03,South Yorkshire Police,South Yorkshire Police,-1.102473,53.529801,On or near SANDRINGHAM ROAD,E01007565,Doncaster 018B,Unable to prosecute suspect
7a9a194f6077ac796409d3bda15fec068048c4f82f9c9cb5c70f03e5296d39b6,2021-03,South Yorkshire Police,South Yorkshire Police,-1.530905,53.388612,On or near ROSCOE BANK,E01008158,Sheffield 025D,Unable to prosecute suspect
1335f42bdcf98e57f4032522d45205886be53753ee74df9dd5dd1c13d9eedd10,2021-03,South Yorkshire Police,South Yorkshire Police,-1.446161,53.384087,On or near ASTON STREET,E01007885,Sheffield 075E,Investigation complete; no suspect identified
885c4e22c453f97761902963e938e62484a8afb9728bafdf9204901be54a17a2,2021-03,South Yorkshire Police,South Yorkshire Police,-1.373622,53.359369,On or near Supermarket,E01007970,Sheffield 049D,Offender given a caution
bc478ae91aeba3df1a5eddb258df1265034561baaaef48095fee4f5949c81229,2021-03,South Yorkshire Police,South Yorkshire Police,-1.382234,53.453687,On or near LIBRARY CLOSE,E01007733,Rotherham 009F,Unable to prosecute suspect
07628767ae240bc7c22b3d44c34500f4363a1a3fb49b8fe83a1aee6a33eb3957,2021-03,South Yorkshire Police,South Yorkshire Police,-1.169607,53.505064,On or near CHURCH COTTAGE MEWS,E01007496,Doncaster 029A,Investigation complete; no suspect identified
5ee91cf93e5c7a5ef16c074d6a69ed36d0504230608dd183ecee6f041d51da21,2021-03,South Yorkshire Police,South Yorkshire Police,-1.464555,53.383533,On or near KING STREET,E01033264,Sheffield 073D,Investigation complete; no suspect identified
c51e74b1556fba3a84786a116c9260aae9401965251de1eb7faaefe49b56a625,2021-03,South Yorkshire Police,South Yorkshire Police,-1.310550,53.436208,On or near LANGLEY CLOSE,E01007723,Rotherham 013A,Investigation complete; no suspect identified
7aaee58f733568b34c80885cab1d7103488caa1f82a1c35b0474972e4a420dcc,2021-03,South Yorkshire Police,South Yorkshire Police,-1.427990,53.404936,On or near BRIGHTSIDE LANE,E01033269,Sheffield 022G,Investigation complete; no suspect identified
061cb6dce0fb89a49c926f86acda755354bfdeb12f0c59a003b084bbb17a3a75,2021-03,South Yorkshire Police,South Yorkshire Police,-1.407717,53.563845,On or near PLEASANT VIEW,E01007341,Barnsley 008A,Unable to prosecute suspect
ad892226588a48e0e83cd6136e41ab1fe6c78a29010dae86b632514d19fdd6a4,2021-03,South Yorkshire Police,South Yorkshire Police,-1.268265,53.420550,On or near WADSWORTH ROAD,E01007684,Rotherham 022A,Unable to prosecute suspect
c5ead0ab8feba454e5f797cc042e742f3efdfc07ed554f8cd88cfd30d5da2cdb,2021-03,South Yorkshire Police,South Yorkshire Police,-1.422007,53.344710,On or near CARSON MOUNT,E01007846,Sheffield 062D,Investigation complete; no suspect identified
65c044194679f15624776cf41bbf141f97eff88488cd4f477c3471db53715bbf,2021-03,South Yorkshire Police,South Yorkshire Police,-1.339700,53.463896,On or near HARDIE PLACE,E01007775,Rotherham 008A,Unable to prosecute suspect
5c841fb9befcca85124f286e25d2d99bd295c0758d031160f0b35eb5b9576e51,2021-03,South Yorkshire Police,South Yorkshire Police,-1.231836,53.377912,On or near LAUGHTON MEADOWS,E01007787,Rotherham 028A,Investigation complete; no suspect identified
483d6f5a66eaa1b024e4b8bb6cb2556c58119e77729b928435e6033276af1b62,2021-03,South Yorkshire Police,South Yorkshire Police,-1.377068,53.437301,On or near ANDREWS PLACE,E01007717,Rotherham 016C,Unable to prosecute suspect
384d3982ada598255ca474508f1c427fcd065dec25ede8a2727fa1deae9dbfe3,2021-03,South Yorkshire Police,South Yorkshire Police,-1.366872,53.348430,On or near RAINBOW CRESCENT,E01008029,Sheffield 056B,Unable to prosecute suspect
1164a853f3ddec567eb0aa0e9048738f8d4102542b1858968343c0a8c631df10,2021-03,South Yorkshire Police,South Yorkshire Police,-1.275163,53.436987,On or near THE DELL,E01007692,Rotherham 012C,Unable to prosecute suspect
a0443530994180896e601c4ee53abffbe24d8de39f7fb421c0820753ba4269e3,2021-03,South Yorkshire Police,South Yorkshire Police,-1.483214,53.415650,On or near DONOVAN CLOSE,E01008124,Sheffield 012F,Investigation complete; no suspect identified
e590a684a30b3def30c50ccda0045eb6149614491a2b244fb1e11fc55ce0cd9e,2021-03,South Yorkshire Police,South Yorkshire Police,-1.306041,53.533699,On or near BARNSLEY ROAD,E01007369,Barnsley 022A,Investigation complete; no suspect identified
924163013ac99c858fb7ca97e98b0cf989a56bc7f8588b465f5fd8495d188c82,2021-03,South Yorkshire Police,South Yorkshire Police,-1.471047,53.547378,On or near WILBY LANE,E01007339,Barnsley 017B,Unable to prosecute suspect
90403d6edf15fc3c359580ae928b2cb8db4ed8eecfff9d215478a80a358dbdf8,2021-03,South Yorkshire Police,South Yorkshire Police,-1.255602,53.438260,On or near Sports/Recreation Area,E01007691,Rotherham 012B,Unable to prosecute suspect
07ea7bf18d86485f00dfd72b08c1d5039685566e124ac8325d50e67970019605,2021-03,South Yorkshire Police,South Yorkshire Police,-1.076838,53.545193,On or near Supermarket,E01007478,Doncaster 011D,Suspect charged
c61997813d8e7eed908b1df24957e1b8c5248bdff09ae0433155c202ca44c5fb,2021-03,South Yorkshire Police,South Yorkshire Police,-1.698616,53.679720,On or near YORK GROVE,E01011212,Kirklees 026A,Investigation complete; no suspect identified
a78a5ee199a9f0c7910b9c440b9d0ffaf2b7e4313a8a15cba36b3a76ae0f9d99,2021-03,South Yorkshire Police,South Yorkshire Police,-1.151702,53.531176,On or near Petrol Station,E01007584,Doncaster 021A,Unable to prosecute suspect
23ffa38850fd6e31020af6fc99aaa18db085af84bfafb8f4bd3168d5e764570e,2021-03,South Yorkshire Police,South Yorkshire Police,-1.442339,53.413121,On or near HINDEWOOD CLOSE,E01007851,Sheffield 013B,Unable to prosecute suspect
d95af32a3e0016923dccd437485dee06ccda42c3b4c3907df2c3d89b1a230ea4,2021-03,South Yorkshire Police,South Yorkshire Police,-1.254618,53.613046,On or near WRANGBROOK LANE,E01011858,Wakefield 041D,Offender given a drugs possession warning
ee8913747419bd100fe9af5b1a7063fa98e1c75769721cb2b539f70084b29db5,2021-03,South Yorkshire Police,South Yorkshire Police,-1.428253,53.572592,On or near PONTEFRACT ROAD,E01007344,Barnsley 011A,Unable to prosecute suspect
ae024f648691be8ad481ff1766d099bdde797a6fdffdd8d6f482475b39c27fc8,2021-03,South Yorkshire Police,South Yorkshire Police,-1.399954,53.447602,On or near ASHWORTH DRIVE,E01007805,Rotherham 011C,Investigation complete; no suspect identified
c9ba2bbc539f00719b5f20edc1791e6bf0791e78338a98acd5feb061e1358853,2021-03,South Yorkshire Police,South Yorkshire Police,-1.268265,53.420550,On or near WADSWORTH ROAD,E01007684,Rotherham 022A,Unable to prosecute suspect
b8ae5bdf57636fd4d6ad2d84042fd25e37efe9907b70e7108c46a8abb88d1bd5,2021-03,South Yorkshire Police,South Yorkshire Police,,,No location,,,Unable to prosecute suspect
e346a44a3ada7e2dade57b88d765427970c8197616cc8d8658b6dedada1b64aa,2021-03,South Yorkshire Police,South Yorkshire Police,-1.402668,53.523560,On or near CEMETERY ROAD,E01007448,Barnsley 023B,Investigation complete; no suspect identified
03953055f22489a864de6d4ced54b12836556640cee275f8c0b8526f7498700e,2021-03,South Yorkshire Police,South Yorkshire Police,-1.481735,53.422188,On or near SOUTHEY HILL,E01008122,Sheffield 012E,Investigation complete; no suspect identified
ca73388a718db1bea89703a5d968b5cfceac34b8b9be8d03e87d16e411afb2c1,2021-03,South Yorkshire Police,South Yorkshire Police,-1.465935,53.541091,On or near Sports/Recreation Area,E01007414,Barnsley 017D,Local resolution
6e9404420090a5e5a1a2ac6c527b652928c11b94cbd7d5f414f936ff7bc5aa0a,2021-03,South Yorkshire Police,South Yorkshire Police,-1.330115,53.439321,On or near ROSEWELL COURT,E01007736,Rotherham 014A,Investigation complete; no suspect identified
10172ea65f7654ed5f504d5286fe251afa2a4382081276619285788fdd6beb82,2021-03,South Yorkshire Police,South Yorkshire Police,-1.465935,53.541091,On or near Sports/Recreation Area,E01007414,Barnsley 017D,Local resolution
93939c65c6049983ea2f474f650845880404cb831ce487c0453b8e54ddf6ee39,2021-03,South Yorkshire Police,South Yorkshire Police,-1.492814,53.319377,On or near BOLAND ROAD,E01007917,Sheffield 071B,Investigation complete; no suspect identified
4d974e18636eaffcfe0dd449d37589babbbfafefc9826589f9a1e7deed99c643,2021-03,South Yorkshire Police,South Yorkshire Police,,,No location,,,Unable to prosecute suspect
07798f27fec4d585e4e8ce8f5749dfeaa01976283692d2ae89a0fcd48c136d32,2021-03,South Yorkshire Police,South Yorkshire Police,-1.328528,53.439726,On or near CHERRY BROOK,E01007736,Rotherham 014A,Further investigation is not in the public interest
acbc62314208f0810ee8059485c484e346a1d6e8ff66412f2bd2a029d1cc9a52,2021-03,South Yorkshire Police,South Yorkshire Police,-1.473181,53.419148,On or near SOUTHEY HALL ROAD,E01007946,Sheffield 015C,Further action is not in the public interest
f2495b1d7114895b7c10d30e0860235e94a52214763b0c52f6656faa50ea613c,2021-03,South Yorkshire Police,South Yorkshire Police,-1.490590,53.396446,On or near LANGSETT GROVE,E01008157,Sheffield 026D,Unable to prosecute suspect
f4ed7d1e5919df2a217831be6ea4aaf83ae0c26c7fc2b0c44633630abc4c4fa6,2021-03,South Yorkshire Police,South Yorkshire Police,-1.486267,53.579237,On or near CAYTON CLOSE,E01007411,Barnsley 007F,Unable to prosecute suspect
259b1dffd82a6e45c12ff5252641c8bfbd2020532ceacc2884e0e698af9cc5a1,2021-03,South Yorkshire Police,South Yorkshire Police,-1.324162,53.366677,On or near LEYBURN DRIVE,E01007671,Rotherham 031A,Unable to prosecute suspect
8280cd4949a97c92f714602e43dfc6f1aed01d3defc2a3d2a6cba3b883570afb,2021-03,South Yorkshire Police,South Yorkshire Police,-1.478762,53.542271,On or near DICKINSON PLACE,E01007413,Barnsley 017C,Unable to prosecute suspect
94972eac0d3118a23ac56db28dddd1fefc9197de8ddfa4892030fa209c6027d5,2021-03,South Yorkshire Police,South Yorkshire Police,-1.478762,53.542271,On or near DICKINSON PLACE,E01007413,Barnsley 017C,Investigation complete; no suspect identified
15e378fbab993dfdfa92cdccd69a2c3f391171ca40aedf6ef2acd34d8fa8d3f4,2021-03,South Yorkshire Police,South Yorkshire Police,-1.476384,53.503817,On or near LYNHAM AVENUE,E01007399,Barnsley 028D,Investigation complete; no suspect identified
94196e6497ad2870ba9ad49e3a108e8806c02ba225d6894d141d559d2a402151,2021-03,South Yorkshire Police,South Yorkshire Police,-1.562741,53.506878,On or near FIR TREE,E01007423,Barnsley 027C,Further action is not in the public interest
e7beb0c7fb1bf522b1fb894245c46ac6f6dee5eedb18f7fb0e55b99e1558bd5a,2021-03,South Yorkshire Police,South Yorkshire Police,-1.486267,53.579237,On or near CAYTON CLOSE,E01007411,Barnsley 007F,Unable to prosecute suspect
cedb75c35aa054de9ad294d3bbcd1af6515cac4d93c4d358fb4176e5723162b5,2021-03,South Yorkshire Police,South Yorkshire Police,-1.562741,53.506878,On or near FIR TREE,E01007423,Barnsley 027C,Further action is not in the public interest
32f6c36465a2207e35895126d5be153754aae4b021e0215aee969577e1302f8a,2021-03,South Yorkshire Police,South Yorkshire Police,-1.478136,53.545288,On or near WARREN QUARRY LANE,E01007338,Barnsley 017A,Investigation complete; no suspect identified
9fe77b1c05489ad70024ef95e54438f2777254d2732c36de881f54faaebd024b,2021-03,South Yorkshire Police,South Yorkshire Police,-1.406658,53.448418,On or near THE COPPICE,E01007804,Rotherham 011B,Unable to prosecute suspect
59c23d721bca0ab881949500d2bb3bceff79972c01771ddafc2031c088d27a2c,2021-03,South Yorkshire Police,South Yorkshire Police,-1.318730,53.422655,On or near FAR FIELD ROAD,E01007710,Rotherham 021C,Unable to prosecute suspect
a4d2ad01dbd3f46a174d29f96b8f7f9423d406db604ed445fe1c54b506d4819d,2021-03,South Yorkshire Police,South Yorkshire Police,-1.504061,53.376018,On or near ASHGATE CLOSE,E01007867,Sheffield 030B,Investigation complete; no suspect identified
66b4cf7330f3135565922fb71291fd59594332df41b601a6f79656efae7ac907,2021-03,South Yorkshire Police,South Yorkshire Police,-1.417800,53.496903,On or near WATH ROAD,E01007388,Barnsley 029A,Unable to prosecute suspect
c8b0a1faf025db8b85d45db23acbbad0dffa5640b43ce3560475aed71c694d6d,2021-03,South Yorkshire Police,South Yorkshire Police,-1.491482,53.369574,On or near HAREFIELD ROAD,E01007864,Sheffield 036D,Investigation complete; no suspect identified
5783d05f55bed7a7e8f88c56c71709a7271d5d3c0d8c14f11f13f64b596e65bd,2021-03,South Yorkshire Police,South Yorkshire Police,-1.383795,53.347862,On or near DYKE VALE AVENUE,E01033279,Sheffield 076F,Suspect charged
9b6304cbb98e565781b0c70adaa8b384f89cc577693dbc05cc143e3b610f69c0,2021-03,South Yorkshire Police,South Yorkshire Police,-1.329766,53.438555,On or near LARCH MEWS,E01007736,Rotherham 014A,Unable to prosecute suspect
333235afb3edcafc5dacc04f50a76ee1c06b3c064acd8c069531a730f5ad6ae5,2021-03,South Yorkshire Police,South Yorkshire Police,-1.495913,53.353170,On or near GLENTILT ROAD,E01008043,Sheffield 046A,Investigation complete; no suspect identified
2b527cbadfd217c091669268b71cfe6a749b0ea32f0afdb27fe64a778317c145,2021-03,South Yorkshire Police,South Yorkshire Police,-1.488530,53.380078,On or near Further/Higher Educational Building,E01007866,Sheffield 030A,Unable to prosecute suspect
77bc0e20f86690b35bb347ced61395214cbc0d8802ec6352e30d7cad84b39330,2021-03,South Yorkshire Police,South Yorkshire Police,-1.211552,53.368422,On or near Bus/Coach Station,E01007790,Rotherham 029E,Unable to prosecute suspect
a8371f908f64ca9d09465690d8b670a645ca616a331c8f549f882044bd706a76,2021-03,South Yorkshire Police,South Yorkshire Police,-1.357591,53.407194,On or near WEST BAWTRY ROAD,E01007678,Rotherham 023B,Unable to prosecute suspect
57069c0cc744b030e680a0600a1e60bab824638e1b9a1950549b979945cd64fe,2021-03,South Yorkshire Police,South Yorkshire Police,-1.303200,53.531211,On or near ALBERT ROAD,E01007369,Barnsley 022A,Unable to prosecute suspect
de86c1b635d50fd035ad09f83c80a6bc659288139dfe1860d551403467af197a,2021-03,South Yorkshire Police,South Yorkshire Police,-1.399104,53.428848,On or near RICHMOND WAY,E01007745,Rotherham 015E,Investigation complete; no suspect identified
4e2a12a9a30c22b21c8cd3dc78831cd022bb10692f88c5f991b370e52f3c1d46,2021-03,South Yorkshire Police,South Yorkshire Police,-1.056287,53.531468,On or near TOFTSTEAD,E01007483,Doncaster 017A,Unable to prosecute suspect
065284ccc6370fc5ae57bf03f5f609b86289b873b6c29f85cff39d161f165a34,2021-03,South Yorkshire Police,South Yorkshire Police,-1.313969,53.532334,On or near ROSEGREAVE,E01007371,Barnsley 022C,Unable to prosecute suspect
36fcf0e38b2f8bb23b0ce2912af118ac0a998a5de49f3987341a94d4e58ff728,2021-03,South Yorkshire Police,South Yorkshire Police,-1.382935,53.451030,On or near DERWENT ROAD,E01007730,Rotherham 009C,Unable to prosecute suspect
4476ed83fa8303b538c52c5b6c687a3e220a56e10559aa95b5147394ede5df2b,2021-03,South Yorkshire Police,South Yorkshire Police,-1.208500,53.589596,On or near WALTHAM DRIVE,E01007468,Doncaster 005A,Investigation complete; no suspect identified
b49f482e4ae02dda00aa0e8b471ee5939f61c7eb7df32686d84a149df79389fb,2021-03,South Yorkshire Police,South Yorkshire Police,-1.303200,53.531211,On or near ALBERT ROAD,E01007369,Barnsley 022A,Unable to prosecute suspect
57f4207787b4b7ab15c4df6f58b2c5240b993f5defe57f1490893557e069f711,2021-03,South Yorkshire Police,South Yorkshire Police,-1.487380,53.420765,On or near WORDSWORTH DRIVE,E01008090,Sheffield 012C,Investigation complete; no suspect identified
eb5d163b05a295746258cd89f9fd82664fcb8d929a99ab97337cab21f7eb36ca,2021-03,South Yorkshire Police,South Yorkshire Police,-1.162915,53.503426,On or near GILBERTHORPE ROAD,E01007496,Doncaster 029A,Further action is not in the public interest
11415d790b4ea652e973559772273385e75a2da4b160d467c2820938709b7b66,2021-03,South Yorkshire Police,South Yorkshire Police,-1.386679,53.371958,On or near HENDON STREET,E01007909,Sheffield 032C,Unable to prosecute suspect
4ae09fa7d8956e6a4485f7126c34aa40a6e202dbd8975ced983785d2ca275764,2021-03,South Yorkshire Police,South Yorkshire Police,-1.018417,53.578498,On or near ST EDWINS CLOSE,E01007556,Doncaster 006C,Unable to prosecute suspect
688aea6666243b208a4c8c3440d27222055ea4f50aaab3846a1c506a65199f11,2021-03,South Yorkshire Police,South Yorkshire Police,-1.444871,53.433555,On or near HESLEY ROAD,E01008054,Sheffield 007B,Further investigation is not in the public interest
07c05842503e931f01f6e2a7cd2e681c003eaa5f703a2328232f953c9880d651,2021-03,South Yorkshire Police,South Yorkshire Police,-1.378761,53.583293,On or near MOUNT PLEASANT,E01007328,Barnsley 006A,Unable to prosecute suspect
f23c016c7c87fcf4c318f4595c97d6ade23d8a4875d528d5b90d6611f4074608,2021-03,South Yorkshire Police,South Yorkshire Police,-1.031426,53.592150,On or near QUEEN'S CRESCENT,E01007626,Doncaster 004B,Investigation complete; no suspect identified
51918e4cc021e2aa7bf9bc4ac58ab2752a2067f8246b23b8f8805a8324cda420,2021-03,South Yorkshire Police,South Yorkshire Police,-1.463160,53.496756,On or near WATSON STREET,E01007396,Barnsley 028A,Unable to prosecute suspect
ed60039f0b2ee4d75b5ee72b1fd7f7f3ba2bef8241df2b7dbd8f5db25fed95b7,2021-03,South Yorkshire Police,South Yorkshire Police,-1.384542,53.515936,On or near Bus/Coach Station,E01032924,Barnsley 026F,Unable to prosecute suspect
947bdd86a33525751cb504899dce7f211645e60a43a210764cce04927f93a0c2,2021-03,South Yorkshire Police,South Yorkshire Police,-1.442546,53.570861,On or near FISH DAM LANE,E01007344,Barnsley 011A,Unable to prosecute suspect
67bdbf9050ca70b4bbbe5d780c18ced0253c4e70ae8961c39939af0b519126f2,2021-03,South Yorkshire Police,South Yorkshire Police,-1.142390,53.510409,On or near CARR VIEW AVENUE,E01007534,Doncaster 028D,Investigation complete; no suspect identified
fed0b84d90a645d824f3fc0c512a17a7ac1e6384228c5f22b819b113291df0a1,2021-03,South Yorkshire Police,South Yorkshire Police,-1.071234,53.564025,On or near GLADE VIEW,E01007621,Doncaster 007A,Unable to prosecute suspect
a9d24b3ab40a144a0c711a20c44c99372a71b4b468b0e4fa83b3f5f28f9aa69e,2021-03,South Yorkshire Police,South Yorkshire Police,-1.533570,53.432217,On or near LANGSETT ROAD SOUTH,E01008140,Sheffield 008E,Unable to prosecute suspect
4b777ff2ee1684802a62cbe59e82ee847c7ee5131e002474f9d3dbc3e17270cb,2021-03,South Yorkshire Police,South Yorkshire Police,-1.441147,53.412198,On or near WENSLEY GREEN,E01007940,Sheffield 022E,Investigation complete; no suspect identified
fc4d2e875580e4107456c45638bee76e2edd05c52e82336a4d898348507f6782,2021-03,South Yorkshire Police,South Yorkshire Police,-1.085933,53.478144,On or near HOLMES CARR ROAD,E01007593,Doncaster 037C,Further action is not in the public interest
148f3e946ae07edd2a56c251bc50e5fa7b8e33d5b47b445aadb97e90ae7059ae,2021-03,South Yorkshire Police,South Yorkshire Police,-1.256585,53.394833,On or near SOUTH STREET,E01007815,Rotherham 026D,Unable to prosecute suspect
f19f9366c8fb088739beeb40ccc883436b56a82ea502fc13219c5e63d45a339f,2021-03,South Yorkshire Police,South Yorkshire Police,-1.271608,53.425694,On or near OAK MEWS,E01007683,Rotherham 019B,Investigation complete; no suspect identified
5094d1034ed3f1b74ce3d7ae20bf9b795f6e9ac41ea0e21440c0c914028a3ab5,2021-03,South Yorkshire Police,South Yorkshire Police,-1.530383,53.392304,On or near Pedestrian Subway,E01008158,Sheffield 025D,Unable to prosecute suspect
760508a52c72c7f326a678e9bea9500153946258057eeb1078ef7374adf53a72,2021-03,South Yorkshire Police,South Yorkshire Police,-1.475601,53.408273,On or near MUSGRAVE ROAD,E01008094,Sheffield 019D,Unable to prosecute suspect
a65acacc4bdcf0f771ba6334f2d14dbfe7487ff79b4a3fede23342c27c271be6,2021-03,South Yorkshire Police,South Yorkshire Police,-1.409937,53.421477,On or near Pedestrian Subway,E01007852,Sheffield 014C,Investigation complete; no suspect identified
77e21de0bf89173a69343ebea9273417df4b4657a81b60442e8056bf8a4261f1,2021-03,South Yorkshire Police,South Yorkshire Police,-1.186232,53.555748,On or near COPPICE ROAD,E01007507,Doncaster 009G,Suspect charged
f36bd311b922dc2dc8313eae3672bb7761246c7c1eb02a4b808e4379b8a52161,2021-03,South Yorkshire Police,South Yorkshire Police,-1.448294,53.571284,On or near MERCHANT CROFT,E01007406,Barnsley 009E,Unable to prosecute suspect
c0dc1e9c5f96f30f862615dcf49c1be8db8ef9f2de91362d8bb12af1faf19bd2,2021-03,South Yorkshire Police,South Yorkshire Police,-1.456042,53.409750,On or near Hospital,E01007942,Sheffield 020D,Unable to prosecute suspect
dbad3c9c9ac50304b2a981307063542bc8b3842ab4315ab7a5d18207a1b032cf,2021-03,South Yorkshire Police,South Yorkshire Police,,,No location,,,Unable to prosecute suspect
0d945105f275b59cf57fe57287db97c29f201a661af9a46caab21d1de9920639,2021-03,South Yorkshire Police,South Yorkshire Police,-1.340393,53.318893,On or near GARTRICE GARDENS,E01008023,Sheffield 072B,Unable to prosecute suspect
e31a29aa7daf51e023ab8d0913423d92ec49d62556440ba3e2b122c16275119f,2021-03,South Yorkshire Police,South Yorkshire Police,-1.352597,53.502321,On or near VALLEY DRIVE,E01007822,Rotherham 002F,Unable to prosecute suspect
85c5b533b8ced22467acdeb533d373a7b8604c9bf24440f1f11a9eb988f2cdaa,2021-03,South Yorkshire Police,South Yorkshire Police,-1.020153,53.598791,On or near BEECH CRESCENT,E01007627,Doncaster 004C,Unable to prosecute suspect
22435aeb974225e00923779f40c7238e8603b65e878b04e2e27a73319733e9d0,2021-03,South Yorkshire Police,South Yorkshire Police,-1.343203,53.504346,On or near MOOR ROAD,E01007820,Rotherham 002D,Unable to prosecute suspect
f79a8c73bdfcd608d0311f20c7b2cc735ef3a2fc79a1a188863de4b52a2f4db5,2021-03,South Yorkshire Police,South Yorkshire Police,-1.234411,53.479052,On or near ST PETER'S ROAD,E01007540,Doncaster 035D,Investigation complete; no suspect identified
b18edf5683a9c671f0b4e4c703636743833d6f2972375f9c2da8df8ea97a7714,2021-03,South Yorkshire Police,South Yorkshire Police,-1.020153,53.598791,On or near BEECH CRESCENT,E01007627,Doncaster 004C,Unable to prosecute suspect
cdc2fc42f27c2a5a45e079182e24140fd4f50dcb716d9875772717d291de854c,2021-03,South Yorkshire Police,South Yorkshire Police,-1.127416,53.517033,On or near SOMERSET ROAD,E01007645,Doncaster 022E,Investigation complete; no suspect identified
51a5aeb976473c08e0d307a6a76f39740340e4bbdf51c42e0535fc414976cb14,2021-03,South Yorkshire Police,South Yorkshire Police,-1.352597,53.502321,On or near VALLEY DRIVE,E01007822,Rotherham 002F,Unable to prosecute suspect
eea6b4badbfa51e5cd0c1cf2ec899a49bb65590c00b5b31ad15762584a9965b2,2021-03,South Yorkshire Police,South Yorkshire Police,-1.135302,53.617062,On or near BOWNESS DRIVE,E01007488,Doncaster 002B,Investigation complete; no suspect identified
d3b68c0e7f252169a3a221c0d62f2820005b9320bc08fe994fbdfd2a74eb9022,2021-03,South Yorkshire Police,South Yorkshire Police,-1.488610,53.429921,On or near DEERLANDS MOUNT,E01008116,Sheffield 009C,Investigation complete; no suspect identified
d1d1b4d07615d2a472467fba85b502fc1a32a54337c1404d29aac9e3c2de36bd,2021-03,South Yorkshire Police,South Yorkshire Police,-1.466337,53.382893,On or near HIGH STREET,E01033264,Sheffield 073D,Investigation complete; no suspect identified
5e3022839ff70e80bb3f8c2dc502832ff74e3ed10626842aa0e9eaefbf772795,2021-03,South Yorkshire Police,South Yorkshire Police,-1.367277,53.511693,On or near DERWENT WAY,E01007695,Rotherham 001C,Unable to prosecute suspect
b99a1cae815a694d14d48acaed221955d99ef0fa6341bad867464e5829790cf3,2021-03,South Yorkshire Police,South Yorkshire Police,-1.478822,53.422948,On or near MURDOCK ROAD,E01008122,Sheffield 012E,Unable to prosecute suspect
b8e270f5613878656989ae597cc832143819f04a66f453b7954e97ac04c349e0,2021-03,South Yorkshire Police,South Yorkshire Police,-1.110815,53.537729,On or near PARKWAY NORTH,E01007652,Doncaster 015D,Unable to prosecute suspect
59b506e1396429c4ba86f4b1f6f12efdc100f671a15136814d2b5c6d3bd8cac7,2021-03,South Yorkshire Police,South Yorkshire Police,-0.943958,53.628695,On or near SILKSTONE OVAL,E01007634,Doncaster 001C,Unable to prosecute suspect
f992a9bced91e92e4ac59202920cc31cde488b883b109325d1902105f772b19c,2021-03,South Yorkshire Police,South Yorkshire Police,-1.142024,53.515116,On or near ROBERTS ROAD,E01007533,Doncaster 023C,Unable to prosecute suspect
b34400626d1b876f5d448145c1f336af37132445437d82a751330b75c230f45d,2021-03,South Yorkshire Police,South Yorkshire Police,-1.146810,53.497569,On or near Hospital,E01007502,Doncaster 028C,Suspect charged
cf5e4efcc275eedb08801d5c1eeb968662653d423f2f6a5badd2350713d6a533,2021-03,South Yorkshire Police,South Yorkshire Police,,,No location,,,Suspect charged
bee1d108c9249676b4eae325741575357328fc6ad23ebab21733574ccf7802f3,2021-03,South Yorkshire Police,South Yorkshire Police,-1.343008,53.456489,On or near RYAN PLACE,E01007784,Rotherham 008D,Local resolution
580c198bb072e868bd10f5ffb00af7d1a454d1d4c2bdf2dc0ee23dd65d9dfaf8,2021-03,South Yorkshire Police,South Yorkshire Police,-1.453000,53.583413,On or near CARLTON ROAD,E01007437,Barnsley 002C,Investigation complete; no suspect identified
fdc1524243472cefaaccc9bebd24044b628af52af75d94c8e12f70b8b47e00c0,2021-03,South Yorkshire Police,South Yorkshire Police,-1.540217,53.393726,On or near Supermarket,E01008131,Sheffield 023C,Investigation complete; no suspect identified
b015e3079e439a117e1c2005005ede456ed6c58140eaffbb6a7625f14b609399,2021-03,South Yorkshire Police,South Yorkshire Police,-1.460667,53.405672,On or near CRABTREE ROAD,E01007872,Sheffield 020B,Investigation complete; no suspect identified
baa910c8feed06a9f1f3cc5ca0826813be6595df944047002196be7d4218fb4c,2021-03,South Yorkshire Police,South Yorkshire Police,-1.417765,53.576460,On or near PROSPECT STREET,E01007345,Barnsley 008B,Investigation complete; no suspect identified
62e4df8073bc8d6c67faf160fadbcf6ee82c0c16c7dbc4dea3cd500e7628f14b,2021-03,South Yorkshire Police,South Yorkshire Police,-1.461680,53.395708,On or near BURNGREAVE STREET,E01007875,Sheffield 022B,Unable to prosecute suspect
5ba56c0e4301204bdd86c27f8af47f656196e636146f4a34a434582748ac041a,2021-03,South Yorkshire Police,South Yorkshire Police,-1.138239,53.525471,On or near Supermarket,E01007655,Doncaster 022F,Investigation complete; no suspect identified
cad1f7523c53d0c8b8a19930068a3cbb62f09ef0f6d61f05b7eb50fe1cc90d23,2021-03,South Yorkshire Police,South Yorkshire Police,-1.189585,53.561973,On or near Sports/Recreation Area,E01007467,Doncaster 009D,Investigation complete; no suspect identified
c9856577eb6a75764d8be0f9d64eb515084c666328c749d9b2d13952049d815a,2021-03,South Yorkshire Police,South Yorkshire Police,-1.340608,53.418877,On or near BRUNSWICK ROAD,E01007679,Rotherham 023C,Unable to prosecute suspect
800a956fc29b66afe74e82564b0c8f6d7036a0e345c0cb48bec4264af2012a41,2021-03,South Yorkshire Police,South Yorkshire Police,-1.404753,53.447887,On or near BEEVERS ROAD,E01007804,Rotherham 011B,Unable to prosecute suspect
25099268d7aad74e236be51cd614ac346cc783fc28ae2da2069ec7f94b356a2f,2021-03,South Yorkshire Police,South Yorkshire Police,-1.445819,53.410386,On or near HINDE HOUSE LANE,E01007944,Sheffield 022F,Investigation complete; no suspect identified
4505220f1e0f1f61f5de37424a800c9a3e070302e25c9cafeea3851be97a9d36,2021-03,South Yorkshire Police,South Yorkshire Police,-1.468781,53.550011,On or near OAKWELL VALE,E01007337,Barnsley 015D,Unable to prosecute suspect
3e8625bb315fd9bc3f5fe1367f3ca66197dff34f14644d01b336c7419ad7ff06,2021-03,South Yorkshire Police,South Yorkshire Police,-1.471243,53.545006,On or near CORPORATION STREET,E01007339,Barnsley 017B,Unable to prosecute suspect
54e84f58c548b420f68914d82b4c7816e137dde908e75a485ef5ba32e9756a8c,2021-03,South Yorkshire Police,South Yorkshire Police,-1.155174,53.528783,On or near ANCHORAGE CRESCENT,E01007584,Doncaster 021A,Action to be taken by another organisation
4b440146e40bf98efc6b98bb893e3230bfcfe178df0ba15f2f3f7537e1af41a6,2021-03,South Yorkshire Police,South Yorkshire Police,-1.496260,53.437189,On or near GRENOSIDE MOUNT,E01008141,Sheffield 005E,Unable to prosecute suspect
2ce926c7d2c87d74ff4eba84696b6265e839bc9575abd63d68a34f6cfc673c43,2021-03,South Yorkshire Police,South Yorkshire Police,-1.102054,53.526059,On or near WOLSEY AVENUE,E01007568,Doncaster 018E,Unable to prosecute suspect
8c7f18e20622d076d81662f3ec02df760addf06ff1d20c1230a5f895385e4ca7,2021-03,South Yorkshire Police,South Yorkshire Police,-1.210408,53.366087,On or near NEW ROAD,E01007790,Rotherham 029E,Unable to prosecute suspect
1a5c52859523b1d86593a79c5eba0d8c6f07ae5f86a824af1a1e9d146470bd58,2021-03,South Yorkshire Police,South Yorkshire Police,-1.301548,53.548208,On or near GRANGE STREET,E01007377,Barnsley 014E,Unable to prosecute suspect
ad0b46cfb7f32b76409845610fba502614d072cb10b477515ee4e8852890ce1b,2021-03,South Yorkshire Police,South Yorkshire Police,-1.553733,53.372429,On or near WESTMINSTER CRESCENT,E01007953,Sheffield 033B,Unable to prosecute suspect
53f758ade98700c39e5ccf74fdc0448399c3514037065fe63a836c636322a5b2,2021-03,South Yorkshire Police,South Yorkshire Police,-1.139278,53.506216,On or near Sports/Recreation Area,E01007495,Doncaster 028A,Investigation complete; no suspect identified
4d8490747b87e8d2b2bc2b9a7a02274a85c648d44fd86398fa9034619ea182fb,2021-03,South Yorkshire Police,South Yorkshire Police,-1.490082,53.418799,On or near HALLIWELL CLOSE,E01008090,Sheffield 012C,Investigation complete; no suspect identified
21d543360f60b7556ca7e494717be23c87e13a346c48d23e8eb16eed601c6887,2021-03,South Yorkshire Police,South Yorkshire Police,-1.467881,53.409758,On or near LONGLEY AVENUE WEST,E01007872,Sheffield 020B,Investigation complete; no suspect identified
8c9cdf82bb142e7bb04a986ecfc0ddc1f3189146e038e21a08cdb42093a72826,2021-03,South Yorkshire Police,South Yorkshire Police,-1.150796,53.614863,On or near Park/Open Space,E01007492,Doncaster 002F,Investigation complete; no suspect identified
5534e90ac9dedfe057ad64e0649996942ca4f2a7a0208a1b5218977a7029dfd4,2021-03,South Yorkshire Police,South Yorkshire Police,-1.367995,53.359870,On or near REVILL LANE,E01007964,Sheffield 049A,Unable to prosecute suspect
abec3b8ce54071ce556797f648ac24b32677100e09f48bee940bdf6375d8b5cb,2021-03,South Yorkshire Police,South Yorkshire Police,-1.468276,53.381698,On or near Shopping Area,E01033264,Sheffield 073D,Local resolution
742c892cbf16d9a5cba3e371073ca85300e553b8bd5ee97eb506a963a02a42ae,2021-03,South Yorkshire Police,South Yorkshire Police,-1.442626,53.339307,On or near SANDBY COURT,E01008077,Sheffield 060D,Suspect charged
ba959fa136e07b7c2a5760626308aef6fe6df26026021170c2344d2600aece24,2021-03,South Yorkshire Police,South Yorkshire Police,-1.404746,53.524874,On or near BOND STREET,E01007448,Barnsley 023B,Investigation complete; no suspect identified
dfc9caac0a9c58e458ea8b0de1c028809959871c8d401063c7c68066223feccc,2021-03,South Yorkshire Police,South Yorkshire Police,-1.085173,53.472861,On or near Sports/Recreation Area,E01007593,Doncaster 037C,Investigation complete; no suspect identified
b0a7c71620589477d88d99c5945432687f74f12e992135620a0640eb1fbead17,2021-03,South Yorkshire Police,South Yorkshire Police,-1.459404,53.390188,On or near SPITAL HILL,E01033270,Sheffield 022H,Unable to prosecute suspect
b29c8a0480284300ecf9184e32c14198be03266bed68d15793918366600a81ce,2021-03,South Yorkshire Police,South Yorkshire Police,-1.375641,53.359964,On or near MAUNCER CRESCENT,E01007964,Sheffield 049A,Unable to prosecute suspect
dcf4862db8b82c73c001d29a206e38f9f3dc644b8bb1a2ac59e0dc7e06292ac8,2021-03,South Yorkshire Police,South Yorkshire Police,-1.532636,53.326515,On or near BURLINGTON GLEN,E01007920,Sheffield 068A,Unable to prosecute suspect
d12a4f3b756db37becacc900e40dacf663fec3048757ce6ae9eb3c4c8354cdea,2021-03,South Yorkshire Police,South Yorkshire Police,-1.340608,53.418877,On or near BRUNSWICK ROAD,E01007679,Rotherham 023C,Unable to prosecute suspect
21e6515ddc1cb55d20cd6ddcda8120ad132cb9dc091c5aae27871f6bdd14dd92,2021-03,South Yorkshire Police,South Yorkshire Police,-1.349180,53.332371,On or near CHALLONER GREEN,E01008022,Sheffield 065C,Investigation complete; no suspect identified
d3446c797cdc0bfee8a1be9d26c9f2cc5b81e04107fda3fc3e054de11009bcce,2021-03,South Yorkshire Police,South Yorkshire Police,-1.415815,53.366954,On or near CASTLEDALE CROFT,E01008011,Sheffield 039A,Investigation complete; no suspect identified
e20c51c580d2edf53ee7a96c3b5d79927e2830b174b851284ce368b3ad4b89bf,2021-03,South Yorkshire Police,South Yorkshire Police,-1.402784,53.591442,On or near OAK ROAD,E01007331,Barnsley 003B,Investigation complete; no suspect identified
a53d46b265b6e1cd4d5dfdd001e28612e13700397a8a883b466e5f0325868317,2021-03,South Yorkshire Police,South Yorkshire Police,-1.475768,53.558634,On or near ELDON STREET NORTH,E01007410,Barnsley 010E,Unable to prosecute suspect
a8e337631d7a8dcd1c126ca323fd66ff73d91e2b25c117771549adcdde77d833,2021-03,South Yorkshire Police,South Yorkshire Police,-1.415815,53.366954,On or near CASTLEDALE CROFT,E01008011,Sheffield 039A,Investigation complete; no suspect identified
c2b5c673904a43533030cbd7c20825ef4db57c3f6f1b2fe315d6b63c8e1eece1,2021-03,South Yorkshire Police,South Yorkshire Police,-1.377381,53.336467,On or near MOORTHORPE VIEW,E01008040,Sheffield 061D,Unable to prosecute suspect
2b5a3380b922f780470637ef75332288fdcfe9c8a6fcb0a7ab02cb732e16e29c,2021-03,South Yorkshire Police,South Yorkshire Police,-1.492416,53.565196,On or near WOODSTOCK ROAD,E01032551,Barnsley 010H,Unable to prosecute suspect
1445e1fba97ad936e731751888bf41157aeee145caa1eb96e0e79d1dccb76b28,2021-03,South Yorkshire Police,South Yorkshire Police,-1.473795,53.363286,On or near PRESTON STREET,E01008108,Sheffield 042A,Investigation complete; no suspect identified
4ca04e6743f3ea6d729bdff59ecce7b7c6e347c63405e3a1e87ea72c88bcc86c,2021-03,South Yorkshire Police,South Yorkshire Police,-1.451339,53.383571,On or near ST JOHN'S ROAD,E01007885,Sheffield 075E,Unable to prosecute suspect
78ead15b54d7d82b2478d5bae9542ff38a311df8e44d9bc1dd2b843246fca6d9,2021-03,South Yorkshire Police,South Yorkshire Police,-1.476827,53.362266,On or near MARPLES CLOSE,E01008112,Sheffield 042D,Unable to prosecute suspect
878a1e2414984c307a8eaec13469908c2583986761d14b14f7abb60730b91c3b,2021-03,South Yorkshire Police,South Yorkshire Police,-1.138239,53.525471,On or near Supermarket,E01007655,Doncaster 022F,Unable to prosecute suspect
805b93e724630888eb9320ab7efbbbdc683c527fa26c02a2340ad29359ac15d0,2021-03,South Yorkshire Police,South Yorkshire Police,-1.138239,53.525471,On or near Supermarket,E01007655,Doncaster 022F,Unable to prosecute suspect
b1e6b658db2a382019d937838e056fbefb71ad5d0ad53ff73883009100d1be48,2021-03,South Yorkshire Police,South Yorkshire Police,-1.201349,53.562610,On or near ROMAN RIDGE,E01007466,Doncaster 009C,Investigation complete; no suspect identified
b3b0b407f235d36b76e53cf2f1d53964eda5dc7c8e9438402b4f05ed337a5f2c,2021-03,South Yorkshire Police,South Yorkshire Police,-1.417237,53.379536,On or near MATHER ROAD,E01008016,Sheffield 032F,Local resolution
cad34dfb62026baa90f84dfb7956d637bc2d4edf54e91f1854a39c00a13f9583,2021-03,South Yorkshire Police,South Yorkshire Police,-1.499436,53.442344,On or near WEAVERS CLOSE,E01008134,Sheffield 005B,Unable to prosecute suspect
e569ce78c54c7d160b25ed0e66035c6a44f74ed070ae749669679f8ea8d198e3,2021-03,South Yorkshire Police,South Yorkshire Police,-1.445496,53.405180,On or near WHITEWAYS ROAD,E01007877,Sheffield 022D,Investigation complete; no suspect identified
d6f7bfade9b56404b6c6dffabea507312aac9c14c3c39addc5671d8ed140fc51,2021-03,South Yorkshire Police,South Yorkshire Police,-1.251629,53.489588,On or near SHEPHARD'S CLOSE,E01007544,Doncaster 032D,Suspect charged
7fbb922bca7090ce434f7fa1f1306a6a62449e2ae0a1100c2b21a72be7a92f25,2021-03,South Yorkshire Police,South Yorkshire Police,-1.488946,53.413194,On or near SCRAITH WOOD DRIVE,E01008092,Sheffield 012D,Offender given a caution
72c70326f830f8ad7002c53739c06e3c160c0eea64308f2181f292999f365827,2021-03,South Yorkshire Police,South Yorkshire Police,-1.096627,53.527995,On or near CUMBERLAND AVENUE,E01007564,Doncaster 018A,Unable to prosecute suspect
43bd2a96eaee80ec5347aebcea5535a4dbc45183b59bacc9793a9a74d5b2e330,2021-03,South Yorkshire Police,South Yorkshire Police,-1.438344,53.556397,On or near ROGER ROAD,E01007403,Barnsley 011C,Unable to prosecute suspect
89d94f038fb126e90a17426c6d58b33a7d8d6c30523e9d2be5ebc370a6d36a40,2021-03,South Yorkshire Police,South Yorkshire Police,-1.373622,53.359369,On or near Supermarket,E01007970,Sheffield 049D,Unable to prosecute suspect
c585b21b73d80bc4a5ffc815ff014e2a78d1bdfda73aff746818fda5d03c2181,2021-03,South Yorkshire Police,South Yorkshire Police,-1.484200,53.431160,On or near FULMERE ROAD,E01008117,Sheffield 009D,Investigation complete; no suspect identified
cecb5f9e6b1d221e38342a258b32d4cfd74a2c71cd52b9fa6b3e8848541d2364,2021-03,South Yorkshire Police,South Yorkshire Police,-1.489826,53.549518,On or near RACECOMMON ROAD,E01007445,Barnsley 013G,Unable to prosecute suspect
e1ed34b0815a14c355c21f31733341605ed49e9679eba2cf807e4cad52a61429,2021-03,South Yorkshire Police,South Yorkshire Police,-1.464891,53.464612,On or near STATION ROAD,E01007894,Sheffield 004E,Unable to prosecute suspect
5158e7e7db03fafad97ac8c40514d1c2b6ca341af520fd4a6a5bb87731426208,2021-03,South Yorkshire Police,South Yorkshire Police,-1.486498,53.387836,On or near MARTIN STREET,E01008065,Sheffield 026A,Offender given a drugs possession warning
b6e1189ebd72a79ad1fcfe756a6e9c0a443a1da88239e22a08993c656d7c0429,2021-03,South Yorkshire Police,South Yorkshire Police,-1.476302,53.413715,On or near MOONSHINE WAY,E01007950,Sheffield 015D,Investigation complete; no suspect identified
2e36c3cdc7ffe0d2c67b4f9d38fa2f543aa2c4a39907fb09a4942e1f0942f025,2021-03,South Yorkshire Police,South Yorkshire Police,-1.482477,53.383423,On or near BROOK DRIVE,E01008068,Sheffield 026B,Offender given a drugs possession warning
0c9de4aab3cda8dd8fbaae84a36772508c267b6af006abb4847907a31ee6b11b,2021-03,South Yorkshire Police,South Yorkshire Police,-1.595499,53.545536,On or near COOPER LANE,E01007425,Barnsley 016D,Unable to prosecute suspect
2c1330e6bfa6f1552c8db6f560fd410e9d9cc1713ab2aa4249fb407564ae0c9a,2021-03,South Yorkshire Police,South Yorkshire Police,-1.152847,53.563723,On or near TEWITT ROAD,E01007511,Doncaster 010E,Suspect charged
1602ce71091eb80a676bf337bbcf0c5025f694fd35ba28eea75a3c42e00ae342,2021-03,South Yorkshire Police,South Yorkshire Police,-1.115370,53.537079,On or near LINCOLN ROAD,E01007651,Doncaster 015C,Unable to prosecute suspect
17ee39a33b897a2e027fc5f77c6920dfbd19eb5ebc87f26a9cb64c3bae4feb61,2021-03,South Yorkshire Police,South Yorkshire Police,-1.280955,53.497804,On or near AUCKLAND ROAD,E01007576,Doncaster 031E,Suspect charged
96a01f9846c99e40a4f2473187837ec050d09061f0bb58cd21c3793da4c0ebe3,2021-03,South Yorkshire Police,South Yorkshire Police,-1.490038,53.421235,On or near MEYNELL CRESCENT,E01008090,Sheffield 012C,Unable to prosecute suspect
051bdc99f87bc6abc54ab3822a57c8ec74166c4c71b93ba3b9123ca513521007,2021-03,South Yorkshire Police,South Yorkshire Police,-1.451130,53.539990,On or near COLLEY AVENUE,E01007317,Barnsley 018A,Unable to prosecute suspect
d9bd65c2febfc020669ed5c600852687c719ec687065a2b4b729da0e4f02d706,2021-03,South Yorkshire Police,South Yorkshire Police,-0.957854,53.619523,On or near MILLS COURT,E01007637,Doncaster 003B,Unable to prosecute suspect
dc970702e49ef40efd8b0b353a73e9a9715d69fac5f67efe162e6b971a9bfc27,2021-03,South Yorkshire Police,South Yorkshire Police,-0.957854,53.619523,On or near MILLS COURT,E01007637,Doncaster 003B,Unable to prosecute suspect
5b376be7bd89400d17043535ee6b2e317c536b261103bfd313daa11f5f73d4a8,2021-03,South Yorkshire Police,South Yorkshire Police,-1.510570,53.537165,On or near BIRDWELL ROAD,E01007385,Barnsley 019D,Unable to prosecute suspect
f230842ca5c60b572556691c06e928281aa2c6eba4a5f3bd0a100d54b80da005,2021-03,South Yorkshire Police,South Yorkshire Police,-1.424152,53.365035,On or near FRETSON CLOSE,E01008013,Sheffield 039C,Suspect charged
3a5972fe8ca4ba6ad38d556ba63b3c606b7e4e94f67b29cd0ca56171b33ca5c1,2021-03,South Yorkshire Police,South Yorkshire Police,-1.449160,53.342726,On or near GAUNT DRIVE,E01008075,Sheffield 060B,Unable to prosecute suspect
54cb90b08cabcfd6d74cf68e5e2515c327a1442c0d88151e5b98b97b4437875e,2021-03,South Yorkshire Police,South Yorkshire Police,-1.312128,53.421484,On or near BANK TOP ROAD,E01007709,Rotherham 021B,Unable to prosecute suspect
d058e1d8189cb715a72d0b0a24c9f8b9ca4f26f03be3d7c0b6d4906b22b7d1a6,2021-03,South Yorkshire Police,South Yorkshire Police,,,No location,,,Unable to prosecute suspect
acf3ae98ed6953df954b5a4064be0f5e0ba3fa43c9c261b9e6aff65a50f12020,2021-03,South Yorkshire Police,South Yorkshire Police,-1.325504,53.420617,On or near HERRINGTHORPE AVENUE,E01007710,Rotherham 021C,Unable to prosecute suspect
78ada5c2f014cac5e58f2652450f14b30b4767e0c8b96aa1c020aaff0965fd4c,2021-03,South Yorkshire Police,South Yorkshire Police,-1.275163,53.436987,On or near THE DELL,E01007692,Rotherham 012C,Unable to prosecute suspect
4572df410e529d01fa6b25668ee1dd03b6a798dc5dfc3f1ac9fd22dcee3c5a9c,2021-03,South Yorkshire Police,South Yorkshire Police,-1.255602,53.438260,On or near Sports/Recreation Area,E01007691,Rotherham 012B,Unable to prosecute suspect
b22e94c7aed65236c5c24921f651f623b6cd8d73591cd85051362358537ce36f,2021-03,South Yorkshire Police,South Yorkshire Police,-1.194274,53.480361,On or near BAINES AVENUE,E01007547,Doncaster 034B,Unable to prosecute suspect
f8e44f6bed0eefe5d3d076815f4fd2e7c990778af0942c4452db3f1231a31d56,2021-03,South Yorkshire Police,South Yorkshire Police,-1.460935,53.424909,On or near MASTERS ROAD,E01008061,Sheffield 011A,Unable to prosecute suspect
2233a190141e28a96647992dc4bed53d235d1be0fc36317e38e2f0444ac49b65,2021-03,South Yorkshire Police,South Yorkshire Police,-1.133195,53.523565,On or near SCOT LANE,E01007655,Doncaster 022F,Investigation complete; no suspect identified
4bfef7bff19b514ee402c99388a442f018815e5cd33ee0b71b8ebcf68893eb1a,2021-03,South Yorkshire Police,South Yorkshire Police,-1.449160,53.342726,On or near GAUNT DRIVE,E01008075,Sheffield 060B,Unable to prosecute suspect
847057f4030a6ecf19fafdce26702bcacac2b89afa00c92a32c260540bf909db,2021-03,South Yorkshire Police,South Yorkshire Police,-1.261135,53.389989,On or near GURTH DRIVE,E01007809,Rotherham 026B,Investigation complete; no suspect identified
b19fc28ae07cbb40e044c2ce0c2cee55920cfbb455ba906252b39ba34478fdcc,2021-03,South Yorkshire Police,South Yorkshire Police,-1.079188,53.507845,On or near EWOOD DRIVE,E01007524,Doncaster 025C,Investigation complete; no suspect identified
72b1392f2207c4c0a1133babba5f3bc81d4f7a20356e19878b5163e01b40d2c5,2021-03,South Yorkshire Police,South Yorkshire Police,-1.085422,53.543263,On or near Supermarket,E01007656,Doncaster 015F,Action to be taken by another organisation
bea60e5630877ac22ff890d8124288dbd1c712d2e8a34cd92ede3046a68f6f60,2021-03,South Yorkshire Police,South Yorkshire Police,-1.424152,53.365035,On or near FRETSON CLOSE,E01008013,Sheffield 039C,Suspect charged
73b201913ea4363e0f864ac75f78d5d843db092eac0b09afe5aa3c9d98eee514,2021-03,South Yorkshire Police,South Yorkshire Police,-1.325504,53.420617,On or near HERRINGTHORPE AVENUE,E01007710,Rotherham 021C,Unable to prosecute suspect
9f55cf9f5de1df52064eeb402cf67293ce9cbe3b9ece56ba7df7e6b7766016cd,2021-03,South Yorkshire Police,South Yorkshire Police,-1.417624,53.503113,On or near FAIRBURN GROVE,E01007456,Barnsley 029D,Investigation complete; no suspect identified
8617f38dda7899a0912b0657946c156fe527e93f8d45477073d62a0a7c4cbef5,2021-03,South Yorkshire Police,South Yorkshire Police,-1.128247,53.522819,On or near Supermarket,E01007645,Doncaster 022E,Unable to prosecute suspect
56b5e0b0aa3a6ba95daa8ce19028e056e884ed23c7c86b8745d6fca5102cd8d5,2021-03,South Yorkshire Police,South Yorkshire Police,-1.375171,53.356132,On or near WATER SLACKS CLOSE,E01007970,Sheffield 049D,Unable to prosecute suspect
37c5bd0e7f4b1199928e01e60ae3fe7a49ed8bb39ca53b9acd3ce194543d4809,2021-03,South Yorkshire Police,South Yorkshire Police,-1.488515,53.395179,On or near ASH STREET,E01008157,Sheffield 026D,Unable to prosecute suspect
03a28eb26c417397812e18088981785372a0cdd9795f9f2cec94627ef9d9a5cb,2021-03,South Yorkshire Police,South Yorkshire Police,-1.519456,53.415891,On or near QUEENSWOOD CLOSE,E01033275,Sheffield 008F,Unable to prosecute suspect
3e9968ede0d49be6708f827d91196f16a0ab374a76a866814aea5d37042d3ffb,2021-03,South Yorkshire Police,South Yorkshire Police,-0.988742,53.489028,On or near LOWER PASTURE,E01007602,Doncaster 026D,Unable to prosecute suspect
3e9968ede0d49be6708f827d91196f16a0ab374a76a866814aea5d37042d3ffb,2021-03,South Yorkshire Police,South Yorkshire Police,-0.988742,53.489028,On or near LOWER PASTURE,E01007602,Doncaster 026D,Unable to prosecute suspect
7632fa1a95a0c581db63bcab59d291ea79ae2d55748d787ea5340f2bb437db6c,2021-03,South Yorkshire Police,South Yorkshire Police,-1.209204,53.372659,On or near CORONATION AVENUE,E01007790,Rotherham 029E,Investigation complete; no suspect identified
1518a671f5f6618a0209e30f3302652d192759325427dce25b6930c4d3ce6ae6,2021-03,South Yorkshire Police,South Yorkshire Police,-1.591080,53.479410,On or near RECTORY CLOSE,E01008144,Sheffield 001A,Unable to prosecute suspect
35cfcd0e6e5c9ba666fb0b62dfeb47816fb3a55345a30523e603120cbd3a7890,2021-03,South Yorkshire Police,South Yorkshire Police,-1.159411,53.612649,On or near AVENUE ROAD,E01007491,Doncaster 002E,Investigation complete; no suspect identified
33be24be06fd5b01ade322a6a46f4bfa88820c3aa6c4d324b2265d8d2dc041a9,2021-03,South Yorkshire Police,South Yorkshire Police,-1.069479,53.471967,On or near Supermarket,E01007595,Doncaster 037D,Suspect charged
1080ddad155359fd5211cbab5f325728a85cc903984c2fe9730995abf1267d9a,2021-03,South Yorkshire Police,South Yorkshire Police,-1.454511,53.595122,On or near FIELD VIEW,E01007436,Barnsley 002B,Unable to prosecute suspect
c4c26df1b845c1de403ce7cc4759234921bd7aee65019392a78f09674bc14098,2021-03,South Yorkshire Police,South Yorkshire Police,-1.321457,53.363794,On or near QUEENS ROAD,E01007671,Rotherham 031A,Investigation complete; no suspect identified
2e0f0518f382d9152d874097dc9c6c5e9a3fc2c1cd63c3e51b47aaac1cf23769,2021-03,South Yorkshire Police,South Yorkshire Police,-1.194488,53.562941,On or near Supermarket,E01007467,Doncaster 009D,Investigation complete; no suspect identified
f02294f919f261fc21a418c8cc8f8163c0074838101011fbedd9ae740201e3eb,2021-03,South Yorkshire Police,South Yorkshire Police,-1.136477,53.521647,On or near CHANCERY PLACE,E01007645,Doncaster 022E,Investigation complete; no suspect identified
55282e11e02bebc0ed79090eeef9f13da4bb3462465a50764cc6dc3221ef9d75,2021-03,South Yorkshire Police,South Yorkshire Police,-1.140854,53.549804,On or near BERESFORD STREET,E01007508,Doncaster 010B,Unable to prosecute suspect
78c5c9d36a12c4b9f2025e071c3e0048c1f05ba226fdbcf8baf068bdbf840f1e,2021-03,South Yorkshire Police,South Yorkshire Police,-1.400934,53.438960,On or near HILL VIEW EAST,E01007743,Rotherham 015C,Investigation complete; no suspect identified
a2e5e7ee2f5b5aa276e38ae60056bcd0edcfb55ded41bb0ecd4f43a518cf7085,2021-03,South Yorkshire Police,South Yorkshire Police,-1.234076,53.489252,On or near Parking Area,E01007542,Doncaster 032B,Unable to prosecute suspect
4f7f59e3de73ed98fcac328fbbf4f3b755fae667c7b9ae06786be45a844be418,2021-03,South Yorkshire Police,South Yorkshire Police,-1.491343,53.415308,On or near LAMB ROAD,E01008092,Sheffield 012D,Unable to prosecute suspect
247514bb1759caa7340c0a46011f1d7ec3db92575c640fb8fb9390959bd3fc04,2021-03,South Yorkshire Police,South Yorkshire Police,-1.479226,53.460118,On or near BURNS DRIVE,E01007895,Sheffield 004F,Unable to prosecute suspect
a15f59ded3bd3d8f7f8040918edc8949f7cf08fbcd0b92f6e6dd4103131ab232,2021-03,South Yorkshire Police,South Yorkshire Police,-1.131941,53.519960,On or near Parking Area,E01007645,Doncaster 022E,Suspect charged
d26013c6736ae07ba21dd642ff88b5fe1669be5b4d97def66a0bff9be4fadc0f,2021-03,South Yorkshire Police,South Yorkshire Police,-1.492393,53.387762,On or near WELLFIELD CLOSE,E01008073,Sheffield 030E,Unable to prosecute suspect
45adee91a7cda44d3c053479f5a419ae0d240dc8b5d304a6aa46edcc008484b4,2021-03,South Yorkshire Police,South Yorkshire Police,-1.483972,53.369146,On or near PEARL STREET,E01008107,Sheffield 040C,Unable to prosecute suspect
79774d1e638190911de0b42e35e02d91aa1013f4d03419bbbb909d453b593935,2021-03,South Yorkshire Police,South Yorkshire Police,-1.128247,53.522819,On or near Supermarket,E01007645,Doncaster 022E,Investigation complete; no suspect identified
6ed751d7b24e49b10aa4371e83731903c8e3367c9ca1c0f0ed6cb7ed6b0718b6,2021-03,South Yorkshire Police,South Yorkshire Police,-1.483679,53.351087,On or near NORTON HAMMER LANE,E01007983,Sheffield 053D,Investigation complete; no suspect identified
fe63e78edf35c21b0feda7f833330c004141f57b86fe068ccbbf8100868024fd,2021-03,South Yorkshire Police,South Yorkshire Police,-1.483972,53.369146,On or near PEARL STREET,E01008107,Sheffield 040C,Unable to prosecute suspect
373f4a6c5ffb25c9bc6a438b7da28dee7fc3b5302824bf78affdc52bc7d6af45,2021-03,South Yorkshire Police,South Yorkshire Police,-1.122891,53.530950,On or near LOCKWOOD ROAD,E01007655,Doncaster 022F,Unable to prosecute suspect
7834f5e8f7db7ace2b1824d914fe3e18dbc714e4141ce19743dca7d189f324ed,2021-03,South Yorkshire Police,South Yorkshire Police,-1.414950,53.499190,On or near WATH ROAD,E01007388,Barnsley 029A,Offender given a caution
dcbc466e6ae3447d0d04edb925745fcba746958c36bc4ce90c402ca34745db75,2021-03,South Yorkshire Police,South Yorkshire Police,-1.257119,53.485928,On or near TODMORDEN CLOSE,E01007543,Doncaster 032C,Investigation complete; no suspect identified
f4c1489e67ca10d29b7b7b98d7197640b19e7e0dfdbaaaae11f78a2961c29c3c,2021-03,South Yorkshire Police,South Yorkshire Police,-1.155275,53.504721,On or near HIGH ROAD,E01007494,Doncaster 023A,Unable to prosecute suspect
b70afe89506d5cffa378c1961328375886d64cd89ea5923530d43c8389e89dc4,2021-03,South Yorkshire Police,South Yorkshire Police,-1.498868,53.566068,On or near WILTHORPE FARM ROAD,E01032551,Barnsley 010H,Unable to prosecute suspect
e402d6b15ce71c4e916e6404d98a0532f92422fa1990462d43d3008dd081e082,2021-03,South Yorkshire Police,South Yorkshire Police,-1.355058,53.433463,On or near EFFINGHAM SQUARE,E01007714,Rotherham 017B,Unable to prosecute suspect
793002a545713b5159bf78b5320c6c86d96f4179dcd2c7380e8f602de447ad2c,2021-03,South Yorkshire Police,South Yorkshire Police,-0.990449,53.591649,On or near Petrol Station,E01007559,Doncaster 008D,Investigation complete; no suspect identified
f166348270122d93cbaf39174d5e7a3fbf48215e6e26252f9e996e27b3b4586b,2021-03,South Yorkshire Police,South Yorkshire Police,-1.399717,53.343638,On or near THORNBRIDGE RISE,E01007842,Sheffield 076D,Offender given a caution
5939d3c8dfb8187753c51bcda6d83792b0e4c0506701a037d8434ba01c0b4957,2021-03,South Yorkshire Police,South Yorkshire Police,-1.414879,53.368396,On or near ANGLETON CLOSE,E01008011,Sheffield 039A,Suspect charged
a8b3e17824f34534592596448754c8afd7460e38b4ba95670246d36fce18c06d,2021-03,South Yorkshire Police,South Yorkshire Police,-1.069479,53.471967,On or near Supermarket,E01007595,Doncaster 037D,Suspect charged
a17e5fe76935bc564bb2f7e327f805043bb541fbdd2318e6c2cc7a6be62b6e46,2021-03,South Yorkshire Police,South Yorkshire Police,-1.365988,53.325989,On or near NEW SCHOOL ROAD,E01008025,Sheffield 072D,Unable to prosecute suspect
3e3d9b82ad30f90177dd62ae251f347e08a9bc78de320567902d97fb022cf5a6,2021-03,South Yorkshire Police,South Yorkshire Police,-1.183609,53.584557,On or near TRAFALGAR STREET,E01007472,Doncaster 005D,Unable to prosecute suspect
375e3e21ecd1b0ef844735bdd177c841931d282d69367864be20bfbe6cb9cd9d,2021-03,South Yorkshire Police,South Yorkshire Police,-1.155275,53.504721,On or near HIGH ROAD,E01007494,Doncaster 023A,Unable to prosecute suspect
709525d077c7cae7de03548de355e1115c90516b3a213c95597cf2451664bacf,2021-03,South Yorkshire Police,South Yorkshire Police,-1.432566,53.417173,On or near DAISY GROVE,E01007848,Sheffield 013A,Investigation complete; no suspect identified
248770f65d40f467acb21fbe3d145ddfdc0a73ad560f271e26db404c418a39c6,2021-03,South Yorkshire Police,South Yorkshire Police,-1.455303,53.593499,On or near SOUTH DRIVE,E01007436,Barnsley 002B,Investigation complete; no suspect identified
90c4d123648a047d9a174ecc5b63f0ce1d4d33182e5771a5d51c388b595c68c2,2021-03,South Yorkshire Police,South Yorkshire Police,-1.471071,53.562452,On or near PEEL PLACE,E01032550,Barnsley 010G,Investigation complete; no suspect identified
4170341636e51c3ef7df4bb114ad1316a579a3d46f069a422555230774144012,2021-03,South Yorkshire Police,South Yorkshire Police,-1.485250,53.554766,On or near CHURCHFIELD,E01007336,Barnsley 013A,Unable to prosecute suspect
2abde36a3f4549b593df38ac669cc19d155b8921a1e2f17fb4a36d05c17d3211,2021-03,South Yorkshire Police,South Yorkshire Police,-1.478076,53.369507,On or near KEETON'S HILL,E01008105,Sheffield 040A,Suspect charged
c2fe6ef4de75e025621348b8f3e8b265c69f2e99111a09dc5afddbc7139104d2,2021-03,South Yorkshire Police,South Yorkshire Police,-1.401754,53.591599,On or near BEECH ROAD,E01007331,Barnsley 003B,Investigation complete; no suspect identified
caf3c00a01d3e0390fe12617d037b03148a4635108e49a82d7271b980ba986d7,2021-03,South Yorkshire Police,South Yorkshire Police,-1.435952,53.417073,On or near BLUEBELL ROAD,E01007848,Sheffield 013A,Unable to prosecute suspect
954d07dd1325c562669f25437898f1e90c60041d6f2ee62e95535412a6534d6e,2021-03,South Yorkshire Police,South Yorkshire Police,-1.328252,53.428623,On or near TENNYSON ROAD,E01007735,Rotherham 013B,Unable to prosecute suspect
4f8ffe783736f8608b612a3b3d3c90c074e1d84cd6f25ec273c0bf46b04d4ccb,2021-03,South Yorkshire Police,South Yorkshire Police,-1.401754,53.591599,On or near BEECH ROAD,E01007331,Barnsley 003B,Investigation complete; no suspect identified
4d5d636f861d3cd34c5845512bebc49e1584d984d560565897b08c8c0f133721,2021-03,South Yorkshire Police,South Yorkshire Police,-1.502633,53.440523,On or near VICARAGE CLOSE,E01008141,Sheffield 005E,Unable to prosecute suspect
71fbaf192ff4c050ec9b86689b75dafa44ee75397b37f0803b795d03f8b002e3,2021-03,South Yorkshire Police,South Yorkshire Police,-1.097799,53.524679,On or near DUDLEY ROAD,E01007569,Doncaster 018F,Investigation complete; no suspect identified
710e6438b5e478306a45ca30bf29358f8a1741bb5e19f335781c0ca8c3fa5609,2021-03,South Yorkshire Police,South Yorkshire Police,-1.491600,53.321682,On or near ATLANTIC ROAD,E01007919,Sheffield 069C,Further action is not in the public interest
5f792416ca28e9064539ddaf4aa004b073e29b47425706005e12a3dc79dadb26,2021-03,South Yorkshire Police,South Yorkshire Police,-1.462787,53.411695,On or near NORWOOD GRANGE DRIVE,E01007941,Sheffield 015A,Unable to prosecute suspect
40dcc33597181e8e22bc96b4f185205c044fdf0e1ae3264e828e336f7a784bbd,2021-03,South Yorkshire Police,South Yorkshire Police,-1.446031,53.430027,On or near SICEY LANE,E01008059,Sheffield 010C,Investigation complete; no suspect identified
1808e368c49ccf05877df0e343820772f1f891a1c7db108bb9fa68534c7612fe,2021-03,South Yorkshire Police,South Yorkshire Police,-1.223855,53.427425,On or near LARCH ROAD,E01007754,Rotherham 018B,Investigation complete; no suspect identified
9509166013c0f28227b26dbfebca332d4287ff7935bf8db990880b739bf853b9,2021-03,South Yorkshire Police,South Yorkshire Police,-1.471569,53.416885,On or near SOUTHEY AVENUE,E01007945,Sheffield 015B,Investigation complete; no suspect identified
26e6a6a219f984bc10c92cb6791cc7ec7081636e57c829f5ab0dbab02f5928ab,2021-03,South Yorkshire Police,South Yorkshire Police,-1.471569,53.416885,On or near SOUTHEY AVENUE,E01007945,Sheffield 015B,Investigation complete; no suspect identified
d1e7463bcd9b753bb30ed2c1cb58b23b957e08b99f696eb8ed2da545cca9c1a8,2021-03,South Yorkshire Police,South Yorkshire Police,-1.251313,53.491285,On or near CLIFF VIEW,E01007544,Doncaster 032D,Investigation complete; no suspect identified
3a116c892f43b22124400f0e8196f38bd3d6a704d2a97e4f36edd0c27d52a98b,2021-03,South Yorkshire Police,South Yorkshire Police,-1.380887,53.582495,On or near MANOR CRESCENT,E01007328,Barnsley 006A,Investigation complete; no suspect identified
a368f8b3750dbf744aa46de422f70cddfcf1b0417b9a231a2cf343687fe81caa,2021-03,South Yorkshire Police,South Yorkshire Police,-1.488844,53.469345,On or near MILES ROAD,E01007901,Sheffield 003G,Unable to prosecute suspect
c53163e7b3c7ef89b80493f4cf48c48e46967a669a07a08019e289c5b1120ae4,2021-03,South Yorkshire Police,South Yorkshire Police,-1.302300,53.546549,On or near CHAPEL CLOSE,E01007373,Barnsley 014B,Unable to prosecute suspect
8fb561107336b7c8045d6e0eedff29d19366cd7b6d0d47dc5fae72c4141c9839,2021-03,South Yorkshire Police,South Yorkshire Police,-1.484267,53.549917,On or near GEORGE SQUARE,E01007340,Barnsley 013B,Unable to prosecute suspect
2be5281f1718635e0b72e35b03dd345816ef39fc1eb139471b4c838483287062,2021-03,South Yorkshire Police,South Yorkshire Police,-1.411965,53.376984,On or near BOWDEN WOOD ROAD,E01008014,Sheffield 032E,Local resolution
fd729d85333387c5f0ce1288e13d5bf9dda0a1af7f5994d17c18e16b228c4f30,2021-03,South Yorkshire Police,South Yorkshire Police,-1.320650,53.413596,On or near EAST BAWTRY ROAD,E01007711,Rotherham 021D,Unable to prosecute suspect
d76e8d49fbccbaf45660b896a6f7b818df51f39d7da0cc839f36c3f7cf89068e,2021-03,South Yorkshire Police,South Yorkshire Police,-1.302300,53.546549,On or near CHAPEL CLOSE,E01007373,Barnsley 014B,Unable to prosecute suspect
ae6ac25cb5a9260c8eded0a31f6471ed07ff36b5ecb6cb6ebcb686367afe25a1,2021-03,South Yorkshire Police,South Yorkshire Police,-1.482158,53.424563,On or near LYTTON DRIVE,E01008118,Sheffield 009E,Investigation complete; no suspect identified
cdbc92cc1d7e17ff3f1a57f0c8aa0b32e20548e6aa45de7e225c179befecebed,2021-03,South Yorkshire Police,South Yorkshire Police,-1.320650,53.413596,On or near EAST BAWTRY ROAD,E01007711,Rotherham 021D,Unable to prosecute suspect
55c754bdb3abdf5b0be68703ca74d9a37c8bb58fab38f82c7d253b38d7ad0726,2021-03,South Yorkshire Police,South Yorkshire Police,-1.083576,53.542772,On or near SHAW LANE,E01007650,Doncaster 015B,Investigation complete; no suspect identified
e96ae90c00776b40be1de7c56464de5c1668876c875fec1f4b2024ed5361eb7d,2021-03,South Yorkshire Police,South Yorkshire Police,-1.456042,53.409750,On or near Hospital,E01007942,Sheffield 020D,Unable to prosecute suspect
83a0e837ba82091f3809a26a19630c6b2de512abbdcea56c30ccb4cda75fdee6,2021-03,South Yorkshire Police,South Yorkshire Police,-1.380817,53.532465,On or near SNAPE HILL ROAD,E01007353,Barnsley 020F,Unable to prosecute suspect
0dee9a04cc52fbc86e7e12fc495632a8030b12d097731bdb57c52afd30840b10,2021-03,South Yorkshire Police,South Yorkshire Police,-1.491399,53.399236,On or near CUTHBERT BANK ROAD,E01008161,Sheffield 026E,Investigation complete; no suspect identified
0fdc7a5c545f3cb19d1655ef6dc26311208c081114aac0d7b51552a9315af8e5,2021-03,South Yorkshire Police,South Yorkshire Police,-1.459404,53.390188,On or near SPITAL HILL,E01033270,Sheffield 022H,Investigation complete; no suspect identified
71a5c2c845631a4089fad58c89ebf48bdbd096b011b29a1e91e0e08342502747,2021-03,South Yorkshire Police,South Yorkshire Police,-1.261379,53.437559,On or near HAZEL COURT,E01007691,Rotherham 012B,Unable to prosecute suspect
a1ce5ff4670302589073fa8d425d4eb11cd7c801b04cab2b410e177bea15b58d,2021-03,South Yorkshire Police,South Yorkshire Police,-1.261379,53.437559,On or near HAZEL COURT,E01007691,Rotherham 012B,Unable to prosecute suspect
594bf96cc98ffafa2184e9ccf7281012440d537cf11d91ebbdefa8e8b85b3c8c,2021-03,South Yorkshire Police,South Yorkshire Police,-1.417765,53.576460,On or near PROSPECT STREET,E01007345,Barnsley 008B,Investigation complete; no suspect identified
52595af5f873e68759b4951d757e6ee50111b6ecb7a116abd0ba9cbb46379907,2021-03,South Yorkshire Police,South Yorkshire Police,-1.261379,53.437559,On or near HAZEL COURT,E01007691,Rotherham 012B,Unable to prosecute suspect
bd21702ba007e23845096a0e91d92917933b61ef2352cbb84a503f639f68e3ea,2021-03,South Yorkshire Police,South Yorkshire Police,-1.444045,53.365300,On or near Pedestrian Subway,E01008095,Sheffield 043A,Unable to prosecute suspect
5a94be812cacb93441a035d785343cd009362c37a9ecee1382ce23e0006ea4b1,2021-03,South Yorkshire Police,South Yorkshire Police,-1.012942,53.436655,On or near HIGHFIELD ROAD,E01007609,Doncaster 038B,Unable to prosecute suspect
c941028dc0dc8bd7268e2126b2fd984ca512c614dc2ed6e6cffdb9633740fbb3,2021-03,South Yorkshire Police,South Yorkshire Police,-1.468446,53.430830,On or near COLLEY AVENUE,E01008056,Sheffield 006B,Unable to prosecute suspect
77ac84648d9af3ce56f51362796135e11f4e9af068aafb23875a7754a6b661df,2021-03,South Yorkshire Police,South Yorkshire Police,-1.408086,53.526554,On or near JOHN STREET,E01007448,Barnsley 023B,Unable to prosecute suspect
d8384a397457b0d5e6d1bebd47a03c61c8bd85b0aeb7542f5eada1b41900f044,2021-03,South Yorkshire Police,South Yorkshire Police,-1.123596,53.515037,On or near CHILDERS STREET,E01007530,Doncaster 022B,Investigation complete; no suspect identified
30db0b848f1b0ff8ad0c8526b1597a7d3dd0e94d64efd0dd5a88cf888a664439,2021-03,South Yorkshire Police,South Yorkshire Police,-1.471021,53.384631,On or near SILVER STREET,E01033262,Sheffield 073B,Investigation complete; no suspect identified
e4259d4f397d8583644ab7c23a5e17d16baa2ed4df984f1a1fe22032c2fce395,2021-03,South Yorkshire Police,South Yorkshire Police,-1.070664,53.549387,On or near BIRCHDALE CLOSE,E01007478,Doncaster 011D,Unable to prosecute suspect
33d6d6415bc21e95ae22021199481099d66a51f351c77608e15688d8e37df277,2021-03,South Yorkshire Police,South Yorkshire Police,-1.450307,53.413490,On or near VICKERS ROAD,E01007949,Sheffield 020E,Investigation complete; no suspect identified
68c0559f9aa8e1731ee0099c8472b837fef2687b37def8d3bdc0f7f7f8a46098,2021-03,South Yorkshire Police,South Yorkshire Police,-0.951602,53.635720,On or near THE AVENUE,E01007633,Doncaster 001B,Unable to prosecute suspect
5e86f6dc05735e404757696a060569cc0606cb0545f937ea1ec07cdc46a64612,2021-03,South Yorkshire Police,South Yorkshire Police,,,No location,,,Unable to prosecute suspect
cc01d555b854c4991012b7010b90fe16ed55ee9d6804e1eba3f445b94edf4cf0,2021-03,South Yorkshire Police,South Yorkshire Police,,,No location,,,Local resolution
5b02cd54a490cadd8397919e523f570d10114c11aee42f1328129251a28e9d2b,2021-03,South Yorkshire Police,South Yorkshire Police,-1.444045,53.365300,On or near Pedestrian Subway,E01008095,Sheffield 043A,Unable to prosecute suspect
b397dc6e37992eb0310086386615ee8f2e4ab33fd3fa9022aa5a2c9c248f497b,2021-03,South Yorkshire Police,South Yorkshire Police,-1.447535,53.407976,On or near RUSHBY STREET,E01007877,Sheffield 022D,Investigation complete; no suspect identified
089c4296c1d4e62587f638ae92bc8d699d08747fc2cd7b58042529047a9dd323,2021-03,South Yorkshire Police,South Yorkshire Police,-1.417033,53.418690,On or near EVESHAM CLOSE,E01007852,Sheffield 014C,Investigation complete; no suspect identified
a9a4fccc92e3942160d2060ad4a01d4d5c9d13ad93cc3caed64fb9a9bab7ac11,2021-03,South Yorkshire Police,South Yorkshire Police,-0.964812,53.609471,On or near ANCHOR CLOSE,E01007639,Doncaster 003D,Unable to prosecute suspect
9e2dbef338acdae77d491a1fbf2eba90fc5ba85de4855d7a1f81e87f196d7a8f,2021-03,South Yorkshire Police,South Yorkshire Police,-1.264610,53.425660,On or near BALK LANE,E01007681,Rotherham 012A,Unable to prosecute suspect
7a9f4abd7fc82a894283772c2cafb42889b1ae859918c3822b4e0642f4b771c4,2021-03,South Yorkshire Police,South Yorkshire Police,-1.496260,53.437189,On or near GRENOSIDE MOUNT,E01008141,Sheffield 005E,Unable to prosecute suspect
28df56214ac6d2dffcd4de95eef2a2a19dcc0f06e7c9772177d43eea27e84a3e,2021-03,South Yorkshire Police,South Yorkshire Police,-1.471833,53.543678,On or near SHEFFIELD ROAD,E01007414,Barnsley 017D,Unable to prosecute suspect
008c7564303218cd91d0009ae43e41ef6f0d2a736d533203f0493a341109d72b,2021-03,South Yorkshire Police,South Yorkshire Police,-1.028093,53.596500,On or near JUNCTION ROAD,E01007628,Doncaster 004D,Unable to prosecute suspect
13a6a3d0a0fdc11487b1a4c794841f5a985fa6a14a15c45aa48c07494b0fe094,2021-03,South Yorkshire Police,South Yorkshire Police,-1.018938,53.600992,On or near Sports/Recreation Area,E01007627,Doncaster 004C,Unable to prosecute suspect
01d0e2d685d9eae2377aada9151b985f67dacd98d6c13568ad54e962078b0ba1,2021-03,South Yorkshire Police,South Yorkshire Police,-1.339844,53.411843,On or near QUEENSWAY COURT,E01007678,Rotherham 023B,Unable to prosecute suspect
890afcdcd9a400f41621c291b4a3ffc9723f4892648c5a9ce01e5c6011d735ed,2021-03,South Yorkshire Police,South Yorkshire Police,-0.957854,53.619523,On or near MILLS COURT,E01007637,Doncaster 003B,Unable to prosecute suspect
8cbd9262639dec00a38fce93df8eb3f8178430397df93ca19c8b7d97623bdb9a,2021-03,South Yorkshire Police,South Yorkshire Police,-1.487549,53.545589,On or near LOCKE AVENUE,E01007415,Barnsley 013C,Unable to prosecute suspect
13ae52c8b782d33cf98ba82475947c55c710a885f620cc648e3a1b6bd55e742c,2021-03,South Yorkshire Police,South Yorkshire Police,-1.281235,53.437563,On or near BRIARWOOD GARDENS,E01032926,Rotherham 012E,Unable to prosecute suspect
75260ee448e3e69f3bfd3ca7b0a937f237ef4a4fb6a51b2ee11674cb14bd4262,2021-03,South Yorkshire Police,South Yorkshire Police,-1.155275,53.504721,On or near HIGH ROAD,E01007494,Doncaster 023A,Unable to prosecute suspect
93e26db7d334d17f96ab27f9986c5f256c94bfb19bdac922e9615253383f58f1,2021-03,South Yorkshire Police,South Yorkshire Police,-1.470625,53.429869,On or near COLLEY CLOSE,E01008119,Sheffield 009F,Unable to prosecute suspect
a29a0ea10ba8f8edda3553078c9ce0d42e5614efb7dab35acf2904d059adbd26,2021-03,South Yorkshire Police,South Yorkshire Police,-1.144487,53.518622,On or near HEXTHORPE ROAD,E01007529,Doncaster 022A,Unable to prosecute suspect
a29a0ea10ba8f8edda3553078c9ce0d42e5614efb7dab35acf2904d059adbd26,2021-03,South Yorkshire Police,South Yorkshire Police,-1.144487,53.518622,On or near HEXTHORPE ROAD,E01007529,Doncaster 022A,Unable to prosecute suspect
41d92a606a4b16c637f3e74c60a595769e5dd1e6b224a1159c586eb80980ff54,2021-03,South Yorkshire Police,South Yorkshire Police,-1.100732,53.509384,On or near LANGSETT COURT,E01007527,Doncaster 027B,Investigation complete; no suspect identified
a2a26876e2c16416c8184792bb33f71d6219d9a204fa2341cbe90abbebff3cb3,2021-03,South Yorkshire Police,South Yorkshire Police,-0.953688,53.633311,On or near BLOOMHILL COURT,E01007632,Doncaster 001A,Unable to prosecute suspect
24175c9d9fe4e2d6b6d3c9d9efba2fc8cdefdead92a2e85ce0ad1e02662ca0a3,2021-03,South Yorkshire Police,South Yorkshire Police,-1.489220,53.394023,On or near WHITEHOUSE LANE,E01008072,Sheffield 026C,Unable to prosecute suspect
920461bf74394cf09c5b08b8efbf40605774171c551c5236fe035abec7dfa42d,2021-03,South Yorkshire Police,South Yorkshire Police,-1.278691,53.338788,On or near WALESMOOR AVENUE,E01007747,Rotherham 031C,Further investigation is not in the public interest
68bbd6c61c503150aab47b9347b0e49bd8c5b6cc5b53f2b6a1ba635ab3349d2b,2021-03,South Yorkshire Police,South Yorkshire Police,,,No location,,,Local resolution
bcdfbe8b501e2157c2171508c0e9929154c316a89976258471b3155ab027e097,2021-03,South Yorkshire Police,South Yorkshire Police,-1.275163,53.436987,On or near THE DELL,E01007692,Rotherham 012C,Unable to prosecute suspect
b197cdb3a53a5fdff2bb2905f05fc993c88fefadff31d0a1f65dbb214a7b98cc,2021-03,South Yorkshire Police,South Yorkshire Police,-1.478750,53.586215,On or near RAVEN ROYD,E01007323,Barnsley 007A,Local resolution
f1a31a2c5772ebf92ed15bc50ac59b7ad6b01fb32b8f5985e907eff4db0386d0,2021-03,South Yorkshire Police,South Yorkshire Police,-1.484455,53.322874,On or near GERVASE DRIVE,E01007916,Sheffield 069B,Unable to prosecute suspect
24a1a0fcb7edc94b092814f2ce9e475bf0e3d8062560718c36b9f2e34e91d931,2021-03,South Yorkshire Police,South Yorkshire Police,-1.438185,53.362926,On or near BRIMMESFIELD CLOSE,E01008097,Sheffield 043C,Local resolution
5e494eaee4d65e9ae0a8622b9fe434065870a3ab0d9feeeb442ee0f10da1a020,2021-03,South Yorkshire Police,South Yorkshire Police,-1.483214,53.415650,On or near DONOVAN CLOSE,E01008124,Sheffield 012F,Investigation complete; no suspect identified
fc9cc46d84d64fe74b52e2be8cffb1d3bc68c6ad0d9063c0ddc30eb7246d02b8,2021-03,South Yorkshire Police,South Yorkshire Police,-1.414194,53.522305,On or near BURROWS GROVE,E01007453,Barnsley 026C,Unable to prosecute suspect
87dc047d4c5551881b35523f78cc8a9894093021d4572023fa75e09466e31164,2021-03,South Yorkshire Police,South Yorkshire Police,-0.986328,53.571291,On or near Sports/Recreation Area,E01007557,Doncaster 008B,Investigation complete; no suspect identified
19b70028117c4db95def12193d9d8b3cafb69d3552c18d34dca5e0ebe2ded743,2021-03,South Yorkshire Police,South Yorkshire Police,-1.392269,53.519787,On or near PARK STREET,E01032925,Barnsley 026G,Unable to prosecute suspect
bdd4340af92fd61cf57defd9034d3012e137547a04ea1ab167fe7641e9a9e8ab,2021-03,South Yorkshire Police,South Yorkshire Police,-1.438185,53.362926,On or near BRIMMESFIELD CLOSE,E01008097,Sheffield 043C,Local resolution
8233b50a0ae0b00b4d79bdcde322a4262ec5f3eec3a15c8abfe6eb52e9e1d5b8,2021-03,South Yorkshire Police,South Yorkshire Police,-1.391749,53.371571,On or near PARSLEY HAY ROAD,E01007912,Sheffield 037B,Unable to prosecute suspect
b395cc0d79ae71a70c7a374868966e55e73a69a55aa48b88ade60cd48e1a0cdf,2021-03,South Yorkshire Police,South Yorkshire Police,-1.067552,53.503512,On or near HUNSTER CLOSE,E01007607,Doncaster 025E,Unable to prosecute suspect
86e654af01028722d5f6a717d35aeb9baa61c762e62a6b6c8c9e556fe55d0bd4,2021-03,South Yorkshire Police,South Yorkshire Police,-1.467192,53.395104,On or near Sports/Recreation Area,E01007875,Sheffield 022B,Unable to prosecute suspect
a996904df393dbb12a03a9dc8abd26e8b057a8158c9846e245ba01386c7a40f1,2021-03,South Yorkshire Police,South Yorkshire Police,-1.201442,53.588947,On or near CROSS HILL COURT,E01007469,Doncaster 005B,Unable to prosecute suspect
e065d5b875fc2c8141c2a3d5ef918e5d104c7f6a522663b5d71553e892ba40e9,2021-03,South Yorkshire Police,South Yorkshire Police,-1.364621,53.535022,On or near ATTLEE CRESCENT,E01007351,Barnsley 020D,Investigation complete; no suspect identified
00545ccd0399e581a217c87cf60f60a473a50c88e33951f42dc5ec5df02c7dfe,2021-03,South Yorkshire Police,South Yorkshire Police,-1.501250,53.426289,On or near FOX HILL DRIVE,E01008087,Sheffield 012A,Unable to prosecute suspect
4f48857e37772a8af2e21f981c82383d0142eb649450012296770bdd31d1a402,2021-03,South Yorkshire Police,South Yorkshire Police,-1.110815,53.537729,On or near PARKWAY NORTH,E01007652,Doncaster 015D,Unable to prosecute suspect
bba98d6ad1b7df5145caacd198a4dac4d6a9d07efa6d03eef1aefd2d9550adb5,2021-03,South Yorkshire Police,South Yorkshire Police,-1.462614,53.436188,On or near ST MARGARET'S ROAD,E01008058,Sheffield 006C,Unable to prosecute suspect
4d8e9440b031c73e99ae77787e77275d3ac791dca57e619673136725090b0ae5,2021-03,South Yorkshire Police,South Yorkshire Police,-1.478395,53.368034,On or near HOBART STREET,E01008105,Sheffield 040A,Investigation complete; no suspect identified
edaf1f506661ca2a6ddd7eb40f11b1fb7e71a7b604c127b0c1a55f0d79ea7c93,2021-03,South Yorkshire Police,South Yorkshire Police,-1.497967,53.439183,On or near BLACKSMITH LANE,E01008134,Sheffield 005B,Unable to prosecute suspect
02d59efef72f4932b26b7c0c19a534ff06ad004863141fe35e44086ff1cca988,2021-03,South Yorkshire Police,South Yorkshire Police,-1.471253,53.379221,On or near CROSS BURGESS STREET,E01033265,Sheffield 074C,Unable to prosecute suspect
1b3b95f3789e2ea61a346624c26063f49f303827afe5122b6c20fe8fc4921c5b,2021-03,South Yorkshire Police,South Yorkshire Police,-1.350637,53.433196,On or near CARLISLE STREET,E01007714,Rotherham 017B,Investigation complete; no suspect identified
bdf029a7c505c98e213c4d0cf8a2458159104065e36d797c74ffa51807627269,2021-03,South Yorkshire Police,South Yorkshire Police,-1.503363,53.428266,On or near EDGE WELL DRIVE,E01008086,Sheffield 009B,Unable to prosecute suspect
6eacb75139ce82b269937ba3344bcb2e7cb3ded207ffc3dcbb659b83a8cbd190,2021-03,South Yorkshire Police,South Yorkshire Police,-1.063497,53.565700,On or near ECCLESTON ROAD,E01007621,Doncaster 007A,Unable to prosecute suspect
959668ad64790570b4b71fbadacb53967e28284a4ff0fb36c850d36d1473f3c0,2021-03,South Yorkshire Police,South Yorkshire Police,-1.076853,53.545193,On or near Petrol Station,E01007478,Doncaster 011D,Unable to prosecute suspect
a3d38bed4015b0be3d771d9a85852249a2bad2be6c01d84afd8f117223624bc2,2021-03,South Yorkshire Police,South Yorkshire Police,-1.466553,53.384836,On or near SNIG HILL,E01033264,Sheffield 073D,Further investigation is not in the public interest
ba36b5bfc2a18b5a1c63434c3e10baa3d5c565af03d28c3cfa0e760145b72b52,2021-03,South Yorkshire Police,South Yorkshire Police,-1.532403,53.365777,On or near CLARENDON ROAD,E01007865,Sheffield 038D,Investigation complete; no suspect identified
fb9602ee40228661d9b3f60c12af54b4e54314ac9936cfc451547fdd830221fb,2021-03,South Yorkshire Police,South Yorkshire Police,-1.417237,53.379536,On or near MATHER ROAD,E01008016,Sheffield 032F,Unable to prosecute suspect
2e6319ff5d057d7c70213cecf190e2efd96962f989925b37087847cd009bc0dd,2021-03,South Yorkshire Police,South Yorkshire Police,-1.063497,53.565700,On or near ECCLESTON ROAD,E01007621,Doncaster 007A,Unable to prosecute suspect
d0fea8b535a55ddbe1baa00e8c0b6af2580086fc182a761ba1c1bca8deecdcb4,2021-03,South Yorkshire Police,South Yorkshire Police,-1.466553,53.384836,On or near SNIG HILL,E01033264,Sheffield 073D,Further investigation is not in the public interest
d04991515928efc24383a3f9e37922453ad0ef6a7d1b470fb74c69cfa1d9c0a0,2021-03,South Yorkshire Police,South Yorkshire Police,-1.100605,53.506147,On or near KENTMERE DRIVE,E01007527,Doncaster 027B,Unable to prosecute suspect
5d0800342fb9b6b53b12b6d89691062d8c5bad43fd21dc22d6c1ad985233fe9e,2021-03,South Yorkshire Police,South Yorkshire Police,-1.188092,53.566610,On or near CAXTON ROAD,E01007464,Doncaster 009A,Unable to prosecute suspect
83d42ebe3cb7872d0e360944a169b42fe83563208f4671fd0c376cabfd859e1d,2021-03,South Yorkshire Police,South Yorkshire Police,-1.478523,53.420286,On or near NORTHLANDS ROAD,E01008123,Sheffield 015E,Unable to prosecute suspect
e763d798ee494efd1752b52db94492728c8cd158c8f583210198fbcb0f12a785,2021-03,South Yorkshire Police,South Yorkshire Police,-1.172834,53.548403,On or near SCAWTHORPE AVENUE,E01007518,Doncaster 012D,Unable to prosecute suspect
62ca0ad9ab3459a28d4e7212560673dd839ca42e3f0759c95f5cd4a244cbe29e,2021-03,South Yorkshire Police,South Yorkshire Police,-1.466553,53.384836,On or near SNIG HILL,E01033264,Sheffield 073D,Further investigation is not in the public interest
2b64c8595df847d1b956cef86cd652fd2ece013d85ec35befce7908b88ae4695,2021-03,South Yorkshire Police,South Yorkshire Police,-1.336937,53.495278,On or near OAK AVENUE,E01007816,Rotherham 002A,Local resolution
562d2ab2b1fd310f4b9c59a7c80833edc1e805e0cfc1c355b373ef16372b5ce0,2021-03,South Yorkshire Police,South Yorkshire Police,-1.496794,53.436535,On or near SALT BOX LANE,E01008141,Sheffield 005E,Unable to prosecute suspect
b2155f67357645aab8b71b6f7608e6aab10b2d7ca7b43e4605d6496b8617cd6a,2021-03,South Yorkshire Police,South Yorkshire Police,-1.188092,53.566610,On or near CAXTON ROAD,E01007464,Doncaster 009A,Unable to prosecute suspect
7a6320eb244a70682b9fe5bf4ca4861efbdba9fa2268c4cb9705e3ca72a53bde,2021-03,South Yorkshire Police,South Yorkshire Police,-1.479181,53.368910,On or near CLUB GARDEN ROAD,E01008107,Sheffield 040C,Unable to prosecute suspect
9c15a451068b3775ef81a564316486e52a8187bff343813266ab5928ded36f6f,2021-03,South Yorkshire Police,South Yorkshire Police,-0.979884,53.524675,On or near Parking Area,E01007603,Doncaster 026E,Investigation complete; no suspect identified
a242c159c0353ce26a8e6190aa7f3f9c64a82745a3b853f2787be06974b8f26f,2021-03,South Yorkshire Police,South Yorkshire Police,-1.342824,53.419608,On or near GUEST ROAD,E01007679,Rotherham 023C,Unable to prosecute suspect
ebee87ba73eab67a66aaad058637838532e73990915ab61558d4484a93b0b227,2021-03,South Yorkshire Police,South Yorkshire Police,-1.065779,53.540927,On or near PARK AVENUE,E01033260,Doncaster 014F,Investigation complete; no suspect identified
c4c589dda4e419da776bf9f1879a546ac3fb7770e5cd9f84bac6d7ce8d1f967d,2021-03,South Yorkshire Police,South Yorkshire Police,-1.346935,53.437059,On or near SELWYN STREET,E01007769,Rotherham 017D,Unable to prosecute suspect
3ad899b3bed008c6c43cb8a116a4accf146298b7f48bd3171e6a2d6c0d19fbec,2021-03,South Yorkshire Police,South Yorkshire Police,-1.349123,53.339067,On or near BECKTON GROVE,E01008037,Sheffield 065E,Unable to prosecute suspect
d7cd8f4d67c6c87853212f990d6cefcfba4b4cb2e6dc65c686a8c688db38dcb1,2021-03,South Yorkshire Police,South Yorkshire Police,-1.349123,53.339067,On or near BECKTON GROVE,E01008037,Sheffield 065E,Unable to prosecute suspect
09b5c8c1e87e4857ff9cbd85b0af59302fb146a51a16adfeb1e6798b3267fe5a,2021-03,South Yorkshire Police,South Yorkshire Police,-1.153511,53.533490,On or near GROVE AVENUE,E01007517,Doncaster 013D,Unable to prosecute suspect
cc5d33ed9388e01fc6b0b5d3eba742fb780372eb9ef58d6a3491f8cae1812cc0,2021-03,South Yorkshire Police,South Yorkshire Police,-1.482961,53.338427,On or near GREENHILL ROAD,E01007834,Sheffield 066D,Unable to prosecute suspect
3babd75d1d11316266510aa1ea9ef1062d90ea419eb928b467ee305662f21c37,2021-03,South Yorkshire Police,South Yorkshire Police,-1.244209,53.478800,On or near LABURNUM GROVE,E01007541,Doncaster 035E,Unable to prosecute suspect
d6f4482d67b325aa892af4e336c6c87d7b269ecb6cb0f8da33ec63ec6942dccc,2021-03,South Yorkshire Police,South Yorkshire Police,-1.244209,53.478800,On or near LABURNUM GROVE,E01007541,Doncaster 035E,Unable to prosecute suspect
b18c411d1576a6024550e044eb15438ee4cf369713a6b2f9c8cdb598a7c1db33,2021-03,South Yorkshire Police,South Yorkshire Police,-1.458413,53.347361,On or near Sports/Recreation Area,E01007827,Sheffield 064A,Further action is not in the public interest
7d7a0771f0e5e839606adc72b4887068a56d18974dc2b9a7a24cda6f64b43f5a,2021-03,South Yorkshire Police,South Yorkshire Police,-1.503929,53.428835,On or near EDGE WELL CLOSE,E01008086,Sheffield 009B,Unable to prosecute suspect
a80bfd52b5e949069b815f7b28583ac89249b4e4e33e7c6a5327d29bcea5b941,2021-03,South Yorkshire Police,South Yorkshire Police,-1.456042,53.409750,On or near Hospital,E01007942,Sheffield 020D,Unable to prosecute suspect
01e8e4f770af41966c28e38c02473c53db4d5e4bcc6d2f5cb5961292f0836bde,2021-03,South Yorkshire Police,South Yorkshire Police,-1.427434,53.415046,On or near SANDSTONE CLOSE,E01007853,Sheffield 014D,Investigation complete; no suspect identified
d0422d010c9507f508634be5c7cf2505877633c37b3fc33bcf02c17b630b9194,2021-03,South Yorkshire Police,South Yorkshire Police,-1.456429,53.535079,On or near WELLINGTON CRESCENT,E01007462,Barnsley 021E,Unable to prosecute suspect
e263344d859aef017eb4e791c299bddcdabc6b6e0c1c1f6fc27c8fb6c0d4ce85,2021-03,South Yorkshire Police,South Yorkshire Police,-1.131941,53.519960,On or near Parking Area,E01007645,Doncaster 022E,Offender given a caution
05d7c7ba695ac240a3161c6fc3c83ffba858e75c9cf3233270abb4a71a8ff7ab,2021-03,South Yorkshire Police,South Yorkshire Police,-1.497967,53.439183,On or near BLACKSMITH LANE,E01008134,Sheffield 005B,Unable to prosecute suspect
2bba91584b31bbff79cfe8dff15c99012b3bb933de66c757772f2780bb52c2c9,2021-03,South Yorkshire Police,South Yorkshire Police,-1.012015,53.569349,On or near DONCASTER ROAD,E01007560,Doncaster 008E,Unable to prosecute suspect
d36dbfa5ccf2d5ba9d34dc6befe2b9c0fab33c1c9d4295fa9a514c7a1b2c6cfe,2021-03,South Yorkshire Police,South Yorkshire Police,-1.315160,53.361017,On or near HILARY WAY,E01007673,Rotherham 030F,Suspect charged
190fe89e75c35e3944af5cf489d8fcba8dc60f20e8fde54b3410b4e415195d33,2021-03,South Yorkshire Police,South Yorkshire Police,-1.146939,53.553443,On or near FRENCH STREET,E01007509,Doncaster 010C,Unable to prosecute suspect
acc3800eb75c0129ec1e1e48f8de0dcedf037cd2ae8fce60a79a32c05f6f3983,2021-03,South Yorkshire Police,South Yorkshire Police,-1.127417,53.518435,On or near APLEY ROAD,E01007645,Doncaster 022E,Unable to prosecute suspect
73401d6be67e216c9d7fb16f8a05c27ab9c7e80b11b5d2048e26c95361a12785,2021-03,South Yorkshire Police,South Yorkshire Police,-1.020181,53.574728,On or near BROADWAY,E01007556,Doncaster 006C,Unable to prosecute suspect
cefb90e367f952aae39f3323ff37c9cb88c402094caa5c626493a094df45a693,2021-03,South Yorkshire Police,South Yorkshire Police,-1.433471,53.363776,On or near CITY ROAD,E01008098,Sheffield 048A,Investigation complete; no suspect identified
f1a1b565c3f89e57568a01395047562d26ec7afce60c70f3d3645cad61ec18a6,2021-03,South Yorkshire Police,South Yorkshire Police,-1.433471,53.363776,On or near CITY ROAD,E01008098,Sheffield 048A,Investigation complete; no suspect identified
33fa587ea8587aa3bc88171bd01ce9ac7c87fb2fba94fd7626fb590be7fd3579,2021-03,South Yorkshire Police,South Yorkshire Police,-1.491725,53.440019,On or near MIDDLETON LANE,E01008137,Sheffield 005D,Investigation complete; no suspect identified
6a72d2562e366583f1fdad3ae0fa77c23ba80f04e64cd6491886c06f7cbb7672,2021-03,South Yorkshire Police,South Yorkshire Police,-1.493047,53.366875,On or near BAGSHOT STREET,E01008049,Sheffield 050D,Investigation complete; no suspect identified
1ccc11124d529f51d451c9fccbdfd7dc126cd7175c2e2295b22eced45f6690d2,2021-03,South Yorkshire Police,South Yorkshire Police,-1.493047,53.366875,On or near BAGSHOT STREET,E01008049,Sheffield 050D,Investigation complete; no suspect identified
aef9ad754ffb59bfa385fb55448c5448bfcae6a6d3fbb5305163cb68be6f0317,2021-03,South Yorkshire Police,South Yorkshire Police,-1.381126,53.584770,On or near WINDMILL AVENUE,E01007328,Barnsley 006A,Unable to prosecute suspect
cd105c29a9daf5a0245ce1359a99850314d06ab4275666b63f70dc0692752c11,2021-03,South Yorkshire Police,South Yorkshire Police,-1.481288,53.388442,On or near DOWNING LANE,E01008065,Sheffield 026A,Unable to prosecute suspect
da53d504816efd3e6ea484db33be2a611b8f80d319080653dee35fd429fdd2ef,2021-03,South Yorkshire Police,South Yorkshire Police,-1.280108,53.434725,On or near MALVERN DRIVE,E01032926,Rotherham 012E,Investigation complete; no suspect identified
af4c97a26a983bf04676916b52eefbb3f1c927db94cf139048791df0fb369057,2021-03,South Yorkshire Police,South Yorkshire Police,-1.100605,53.506147,On or near KENTMERE DRIVE,E01007527,Doncaster 027B,Unable to prosecute suspect
0a86c75322958c769565e48b4a71bf42caafe83ea1ba14b7a3d7a3b0d6e9e10c,2021-03,South Yorkshire Police,South Yorkshire Police,-1.531174,53.366842,On or near Petrol Station,E01007865,Sheffield 038D,Investigation complete; no suspect identified
0337348ac77bb77a52e87dcf610f57be44abb8ecd42869cb625d723382e1aa49,2021-03,South Yorkshire Police,South Yorkshire Police,-0.957969,53.607479,On or near CHESTNUT AVENUE,E01007638,Doncaster 003C,Unable to prosecute suspect
805281bc0ae24dc024152df5145fc084e38c545444d9e5bd2a93f68dd35059b9,2021-03,South Yorkshire Police,South Yorkshire Police,-1.343586,53.506847,On or near TOLSON WALK,E01007693,Rotherham 001A,Local resolution
207ace95efdefbfb88302341c5f967d3bb78ee941b251dcd15382f7e4eb7e879,2021-03,South Yorkshire Police,South Yorkshire Police,-1.478493,53.390776,On or near DIXON STREET,E01033263,Sheffield 073C,Investigation complete; no suspect identified
5900d683f45592e34f70dba83e19141db5b1d9dc59ec94293b91ba91cb18993b,2021-03,South Yorkshire Police,South Yorkshire Police,-1.477166,53.556636,On or near ELDON STREET NORTH,E01007336,Barnsley 013A,Suspect charged
effebd63aec50fb9eb20a4dac3f5db0ca11ea9609a077adfe6e15906ea5a9a59,2021-03,South Yorkshire Police,South Yorkshire Police,-1.311478,53.532445,On or near SANKEY SQUARE,E01007371,Barnsley 022C,Unable to prosecute suspect
fdfe5f27be80ffeb32a945f849a121836269340279341f9eee3a6a2422e9a413,2021-03,South Yorkshire Police,South Yorkshire Police,-1.212380,53.374055,On or near OUTGANG LANE,E01007789,Rotherham 028C,Local resolution
7ae6b015f11585cacd860068c25dc4d0433b2d2790dbd293f1d4f9b12156fb17,2021-03,South Yorkshire Police,South Yorkshire Police,-1.465369,53.547632,On or near JUNCTION STREET,E01007337,Barnsley 015D,Action to be taken by another organisation
32b965cde3a1859d252442e6829254fe1e3ebbcdf4858b765922bcc54908b959,2021-03,South Yorkshire Police,South Yorkshire Police,-1.457356,53.529888,On or near WEST STREET,E01007458,Barnsley 021A,Investigation complete; no suspect identified
0a18d214c63380d3d96d1a4a98c213ee8672c6bfd9b2c9c6bfe4d4508da2924f,2021-03,South Yorkshire Police,South Yorkshire Police,-1.389244,53.433247,On or near KIMBERWORTH ROAD,E01007744,Rotherham 015D,Unable to prosecute suspect
1ac050e57332f055e976f03ab53231646c703a2347a3a680310a4acd7debc7a3,2021-03,South Yorkshire Police,South Yorkshire Police,-1.406766,53.567085,On or near STANLEY STREET,E01007341,Barnsley 008A,Unable to prosecute suspect
9a3c915872dc6f3bc354535a74d32d60a54b9b20bb7ee3e5f9331d6e12292924,2021-03,South Yorkshire Police,South Yorkshire Police,-1.193130,53.481935,On or near Supermarket,E01007547,Doncaster 034B,Unable to prosecute suspect
e1299b84b24d9bf2e741b5a3018ff5b4e68d7756bfdf3fbf0d7c59bc49010e33,2021-03,South Yorkshire Police,South Yorkshire Police,-1.409702,53.377566,On or near BOWDEN WOOD CRESCENT,E01008017,Sheffield 039E,Investigation complete; no suspect identified
8c722de9358e6bb0853779e73753c7ca2f27d5fd99edbc2a83e58bf921880161,2021-03,South Yorkshire Police,South Yorkshire Police,-1.306640,53.543240,On or near QUEEN STREET,E01007373,Barnsley 014B,Investigation complete; no suspect identified
86368e9cf974534d7795088a2ad7a930d790c632c58279a848230d940b062b88,2021-03,South Yorkshire Police,South Yorkshire Police,-1.260642,53.440170,On or near BELLWOOD COURT,E01007691,Rotherham 012B,Unable to prosecute suspect
87884a20c2ed69c25c7ff1ad2a4e1b54ed07ce3a58b47f6b5dc8ead79c2890ce,2021-03,South Yorkshire Police,South Yorkshire Police,-1.323183,53.431264,On or near SHERIDAN DRIVE,E01007739,Rotherham 013E,Investigation complete; no suspect identified
7cfb1a8fbe4e246141e168e3316a4d0253e52740b127385459bc3f0112200089,2021-03,South Yorkshire Police,South Yorkshire Police,-1.456042,53.409750,On or near Hospital,E01007942,Sheffield 020D,Unable to prosecute suspect
d08bb1f7e426461cd6565344e152c31892ca0aeabb68e665e7889a6c8394e23c,2021-03,South Yorkshire Police,South Yorkshire Police,-1.321614,53.526930,On or near COMMERCIAL ROAD,E01007371,Barnsley 022C,Investigation complete; no suspect identified
25226751978f187f50fa4f7687a2666d40b949444530305a7613a446021fd992,2021-03,South Yorkshire Police,South Yorkshire Police,-1.456042,53.409750,On or near Hospital,E01007942,Sheffield 020D,Unable to prosecute suspect
4df25394176824ff39fed604d0e8b1a607ed4d77b512af7c46d76fc657bca66e,2021-03,South Yorkshire Police,South Yorkshire Police,-1.458655,53.431478,On or near HIGHGREAVE,E01008058,Sheffield 006C,Unable to prosecute suspect
4df25394176824ff39fed604d0e8b1a607ed4d77b512af7c46d76fc657bca66e,2021-03,South Yorkshire Police,South Yorkshire Police,-1.458655,53.431478,On or near HIGHGREAVE,E01008058,Sheffield 006C,Unable to prosecute suspect
bb2ac8d9589f0daa108798a6e45394aad16d537908297cd20fc2f9c62f7f5011,2021-03,South Yorkshire Police,South Yorkshire Police,,,No location,,,Investigation complete; no suspect identified
afc04cc024f3d7efe5dedb5eaed8709c9d5c43d591c204008a778aab520a7f52,2021-03,South Yorkshire Police,South Yorkshire Police,-1.444815,53.408952,On or near ROBEY STREET,E01007944,Sheffield 022F,Investigation complete; no suspect identified
9382f4a6a8725c5581fe720dee6aee60e171bac3fe59d14e6c2c7b4609922d23,2021-03,South Yorkshire Police,South Yorkshire Police,-1.442832,53.599662,On or near GODLEY CLOSE,E01007440,Barnsley 002D,Unable to prosecute suspect
d3faaad96a21eb2cf027c3768b7900e104536ddd7a7a1d16bf6a3bb63bd9a387,2021-03,South Yorkshire Police,South Yorkshire Police,-1.462489,53.416269,On or near CROWDER ROAD,E01008063,Sheffield 011B,Investigation complete; no suspect identified
44188e555632aabf6562641760ed06744474eea98a57325b0569815f59bc3444,2021-03,South Yorkshire Police,South Yorkshire Police,-1.315394,53.368955,On or near WALPOLE GROVE,E01007668,Rotherham 030B,Unable to prosecute suspect
2c07a3e20f827a3734722175effb6fb274b483b9582e852aa895221c617de02a,2021-03,South Yorkshire Police,South Yorkshire Police,-1.468439,53.396359,On or near PITSMOOR ROAD,E01007870,Sheffield 019A,Investigation complete; no suspect identified
4fd06d168ebcf5771bebb9139c490706453956c4c7169a9d9b24d561360028e2,2021-03,South Yorkshire Police,South Yorkshire Police,-1.209891,53.368043,On or near LEOPOLD AVENUE,E01007790,Rotherham 029E,Investigation complete; no suspect identified
c01d35c63f5276b3316124ebb681280c77a734ebae8a5aebcd902c67d781d451,2021-03,South Yorkshire Police,South Yorkshire Police,-1.476845,53.558172,On or near KAYE STREET,E01007336,Barnsley 013A,Unable to prosecute suspect
3ebeef1938290fdb614e68633a17036193fb8cfd0a0c19c9794339ea5dc53e7b,2021-03,South Yorkshire Police,South Yorkshire Police,-1.338283,53.346639,On or near GRANGE ROAD,E01008032,Sheffield 056C,Unable to prosecute suspect
188b1c160f3903d1b395a5b3ad7b37aadcf71e9fc14ba5e67a1d583e3657e292,2021-03,South Yorkshire Police,South Yorkshire Police,-1.485250,53.554766,On or near CHURCHFIELD,E01007336,Barnsley 013A,Unable to prosecute suspect
802c40abfa9ec8a0f5eac0f333481b25f8ae4f0cf73548e20272aafed1ecb77b,2021-03,South Yorkshire Police,South Yorkshire Police,-1.139575,53.548905,On or near ARKSEY LANE,E01007508,Doncaster 010B,Investigation complete; no suspect identified
41e978d764230820dfc5f30472b204978e1f069ed512ce66758796f4a7a586a8,2021-03,South Yorkshire Police,South Yorkshire Police,-1.457560,53.383834,On or near Parking Area,E01033268,Sheffield 075G,Investigation complete; no suspect identified
3a168f2e5972f6c9afeef8f2980c2a2e932f69b5080e5d667fefbfc0590a17cd,2021-03,South Yorkshire Police,South Yorkshire Police,-1.416254,53.403036,On or near SURBITON STREET,E01007904,Sheffield 018B,Unable to prosecute suspect
571dd5f12c3bb4d60d048483a93ea74f2449efc57baa9ea7e439f33ade322a43,2021-03,South Yorkshire Police,South Yorkshire Police,-1.405985,53.367076,On or near WAINWRIGHT AVENUE,E01008008,Sheffield 045D,Unable to prosecute suspect
2326ab298a054f593ba93c29a136e58328e57d3929ea87723202368d7f144c8e,2021-03,South Yorkshire Police,South Yorkshire Police,-1.016141,53.433724,On or near IDLE COURT,E01007609,Doncaster 038B,Suspect charged
0dc01b5283f513f548bc6fe1573840dd2311793de652a84df544b405d096419d,2021-03,South Yorkshire Police,South Yorkshire Police,-1.451320,53.539362,On or near COLLEY CRESCENT,E01007317,Barnsley 018A,Unable to prosecute suspect
ffcbfba48da43721f9b7750ee2b8548dae2666e98c01da04d66f3965c33f5116,2021-03,South Yorkshire Police,South Yorkshire Police,-1.490136,53.370224,On or near DENHAM ROAD,E01008111,Sheffield 040D,Unable to prosecute suspect
08ce6af6255f84ef0900b47a438e717c30a19599a311194808595a286fe2d32d,2021-03,South Yorkshire Police,South Yorkshire Police,-1.482739,53.547708,On or near AGNES ROAD,E01007340,Barnsley 013B,Investigation complete; no suspect identified
47293a14b4d7e26d67c3c266697afd89e75aff8439ba72bd13cfc2c29fc7a1c9,2021-03,South Yorkshire Police,South Yorkshire Police,-1.422053,53.412386,On or near LINCOLN STREET,E01007854,Sheffield 014E,Investigation complete; no suspect identified
747eaf5cc32910b9597f1e754339773eb461ab9702d517eef9208e81349dc860,2021-03,South Yorkshire Police,South Yorkshire Police,-1.290352,53.418894,On or near GORSELAND COURT,E01007690,Rotherham 022D,Unable to prosecute suspect
70af07ed91efd1eb2392dff4ff6f65849d601b280256f2f64b4346df2158f459,2021-03,South Yorkshire Police,South Yorkshire Police,-1.154531,53.562576,On or near LINDEN WALK,E01007511,Doncaster 010E,Investigation complete; no suspect identified
a2fbc715577c5f1a52039d4e356ac720d9a20d2472f3456288faeb0cf149e593,2021-03,South Yorkshire Police,South Yorkshire Police,-1.230607,53.483576,On or near WELLGATE,E01007542,Doncaster 032B,Unable to prosecute suspect
86dff74d7f379e81e0863ce05447ff500f46e7386bd9e0bcc30157636da0c21e,2021-03,South Yorkshire Police,South Yorkshire Police,-1.230607,53.483576,On or near WELLGATE,E01007542,Doncaster 032B,Unable to prosecute suspect
28244f592bae0629d55d85af753bc97b7a840c1002631087632dd4e3faebcfdf,2021-03,South Yorkshire Police,South Yorkshire Police,-1.474396,53.365707,On or near BATT STREET,E01008109,Sheffield 042B,Unable to prosecute suspect
ab85f45607af56081be32a660cebf50ea1f7d229d5e4c4e91387c6b9c67eaae1,2021-03,South Yorkshire Police,South Yorkshire Police,-1.511083,53.402114,On or near RIPPON CRESCENT,E01007994,Sheffield 021D,Investigation complete; no suspect identified
a3a5c1cc59448c9271fd9cf97d83a5a148b63ffb088044f139b9a356220e6e44,2021-03,South Yorkshire Police,South Yorkshire Police,-1.373382,53.357282,On or near SKELTON GROVE,E01007970,Sheffield 049D,Investigation complete; no suspect identified
b25b832dcf1d4753086dc6b74b8f05f116c1b5f8de979971a491728537c76749,2021-03,South Yorkshire Police,South Yorkshire Police,-1.460031,53.413139,On or near LONGLEY HALL ROAD,E01007947,Sheffield 013C,Unable to prosecute suspect
6b102f2f0b3a2eb1a666ae5553f370cbe85bc6cac9f8b891a620da8c166f6eef,2021-03,South Yorkshire Police,South Yorkshire Police,-1.191269,53.483109,On or near GORDON ROAD,E01007547,Doncaster 034B,Unable to prosecute suspect
9b457e9294d8eaad7acfd8768b7d84faa60a70592557f0b7ce1449fa0bf9c0c6,2021-03,South Yorkshire Police,South Yorkshire Police,-1.379147,53.574441,On or near QUEENSWAY,E01007332,Barnsley 006C,Investigation complete; no suspect identified
3496e0d1b099cc2976104e112fe7f7d276605a94245485b1f747036391aafc9a,2021-03,South Yorkshire Police,South Yorkshire Police,-1.207337,53.363918,On or near SUNNINGDALE ROAD,E01007786,Rotherham 029D,Investigation complete; no suspect identified
517b31a811bf5b4e512a7cab5b889785791183335e6a8d02de821ec5a88d346c,2021-03,South Yorkshire Police,South Yorkshire Police,-1.423218,53.398567,On or near COLERIDGE ROAD,E01033269,Sheffield 022G,Investigation complete; no suspect identified
b9cabbe7fd03b167e79f0a3d4374f5f3a4c74a8418ff75828ce9dcb882e93139,2021-03,South Yorkshire Police,South Yorkshire Police,-1.336937,53.495278,On or near OAK AVENUE,E01007816,Rotherham 002A,Unable to prosecute suspect
0d6e40d3060c7dd76db1a64b0f4cd1edfee3344c3c2b2cf0e13a25de199886bc,2021-03,South Yorkshire Police,South Yorkshire Police,-1.165496,53.532469,On or near SPRINGFIELD COURT,E01007581,Doncaster 016A,Unable to prosecute suspect
fc0cfc67b6885e43d048a2aec8cf9e4a7c4637e182221446e054373c5516a7df,2021-03,South Yorkshire Police,South Yorkshire Police,-1.488054,53.394737,On or near WOOD STREET,E01008072,Sheffield 026C,Suspect charged
47228e3ba614574982b77596af26a8f3de669eebf63b88c4fc07e0bffcc1c8f1,2021-03,South Yorkshire Police,South Yorkshire Police,-1.475691,53.321371,On or near LOWEDGES PLACE,E01008083,Sheffield 070C,Action to be taken by another organisation
e176260f48319c6c39c3a3e9c015853e346fedc9b4b1969a371f981bf0adfc81,2021-03,South Yorkshire Police,South Yorkshire Police,-1.478622,53.374049,On or near Pedestrian Subway,E01033271,Sheffield 040E,Suspect charged
431b1db2bd9222a16bb3b81fc6cc2ffa5ed1cc6793924d5cf778214cda1fd5e6,2021-03,South Yorkshire Police,South Yorkshire Police,-1.165496,53.532469,On or near SPRINGFIELD COURT,E01007581,Doncaster 016A,Unable to prosecute suspect
b93a9988ddc07fd099ac20d783bb5c410ce4655bc4d699360c14caf8f5084261,2021-03,South Yorkshire Police,South Yorkshire Police,-1.344324,53.451184,On or near BROAD STREET,E01007784,Rotherham 008D,Unable to prosecute suspect
1d62de8a7d17e54b8777db44a2aa122ce7b2bc94225edb7134604f5dd5dbcc45,2021-03,South Yorkshire Police,South Yorkshire Police,-1.474810,53.363776,On or near STAVELEY ROAD,E01008112,Sheffield 042D,Investigation complete; no suspect identified
a6ca3deadd38d033bd3f51b4dfd30ea7c2385ee964c3df5eb6a1b5d0dbf24ad1,2021-03,South Yorkshire Police,South Yorkshire Police,-1.460552,53.431361,On or near STRAWBERRY AVENUE,E01008053,Sheffield 006A,Unable to prosecute suspect
0ca9e350c4a24b4013487106137539d34e72508260b9f9904e03db9d5d23dff2,2021-03,South Yorkshire Police,South Yorkshire Police,-1.470863,53.416801,On or near SOUTHEY DRIVE,E01007945,Sheffield 015B,Investigation complete; no suspect identified
72f2db5b086b318628d75c201b97ccd7f150ea754a3e7b59b7cc3fdfb6d6fe2a,2021-03,South Yorkshire Police,South Yorkshire Police,-1.507372,53.582651,On or near MALINCROFT,E01007361,Barnsley 004C,Unable to prosecute suspect
a42e2b864b58ba1c29090d3ad139d69e134b0c64c3ad854b0c3b4d7e651c2109,2021-03,South Yorkshire Police,South Yorkshire Police,-1.496040,53.346268,On or near REDLAND LANE,E01007929,Sheffield 055C,Local resolution
cc23efd37e9d7258dcde59369edfc53e78fce29f65827bb773319ba11e068647,2021-03,South Yorkshire Police,South Yorkshire Police,-1.459404,53.390188,On or near SPITAL HILL,E01033270,Sheffield 022H,Unable to prosecute suspect
64c0bd3c4f18a78adb20dc7ad1577e7a9c3a216de3c16a2b2b94594124068dd2,2021-03,South Yorkshire Police,South Yorkshire Police,-1.370478,53.395254,On or near PICKWICK DRIVE,E01007699,Rotherham 027B,Unable to prosecute suspect
091c99f37bfaf256f89f8141754529c669db559e89c7324d4fdadb9fb861b3f9,2021-03,South Yorkshire Police,South Yorkshire Police,-1.449229,53.431786,On or near SHIREHALL ROAD,E01008057,Sheffield 007D,Further investigation is not in the public interest
9f35f25413b66bc74e86bdc03ca87ff3394432588cb9ab0601225b75c38515fa,2021-03,South Yorkshire Police,South Yorkshire Police,-1.180610,53.585768,On or near BORROWDALE CLOSE,E01007472,Doncaster 005D,Unable to prosecute suspect
102418ddeffc658657a5673e63633c7de55289955cf95df1e02a58763ef01793,2021-03,South Yorkshire Police,South Yorkshire Police,-1.162954,53.613879,On or near DAVIS ROAD,E01007490,Doncaster 002D,Unable to prosecute suspect
2ac9aafcea937ad61c94f9a4992d929be141e58e7e056a28bfb9e0d2e68918df,2021-03,South Yorkshire Police,South Yorkshire Police,-1.381426,53.345459,On or near COTLEIGH GARDENS,E01033279,Sheffield 076F,Local resolution
809f56505d0c85d298b1298d3b60760a4115222bae141eb6a4ba91dac465f418,2021-03,South Yorkshire Police,South Yorkshire Police,-0.972338,53.544772,On or near HAMPDEN CRESCENT,E01007557,Doncaster 008B,Local resolution
8dee347abec8d936092c1aa7a0663c81dede4103de2e77a38d8d963eb0c761cf,2021-03,South Yorkshire Police,South Yorkshire Police,-0.972338,53.544772,On or near HAMPDEN CRESCENT,E01007557,Doncaster 008B,Local resolution
8f020ac678b02d2aa5dfa64f94442c3d300e53e83a693775d8b4e56de6e6cdb7,2021-03,South Yorkshire Police,South Yorkshire Police,-1.381426,53.345459,On or near COTLEIGH GARDENS,E01033279,Sheffield 076F,Local resolution
de9dfa25397830604ade3cc7d50560a57753a6b9d029d3cd6b703bebcda19a94,2021-03,South Yorkshire Police,South Yorkshire Police,-1.465650,53.461784,On or near MARKET STREET,E01007894,Sheffield 004E,Unable to prosecute suspect
24046b05e1344534e23744caeff2f0b90c7e005f570a7bf70c5376f47a02fed7,2021-03,South Yorkshire Police,South Yorkshire Police,-1.159258,53.533585,On or near BRIDGE GROVE,E01007582,Doncaster 016B,Unable to prosecute suspect
6bfa0000a6e6ea2eff36527470eb0d078f5e0654231a4be5abdb2f2f303b24e2,2021-03,South Yorkshire Police,South Yorkshire Police,-1.218706,53.355256,On or near B6060,E01007658,Rotherham 032A,Unable to prosecute suspect
a69064424cc839a6077d041ccba9342a1ec9a6e0d6d9b1f21bd6bcc2b61ad179,2021-03,South Yorkshire Police,South Yorkshire Police,-1.318025,53.524016,On or near HALL BROOME GARDENS,E01007365,Barnsley 025B,Investigation complete; no suspect identified
b1e0c3a0228143a7d100263d971d52ca8f78f5d6d6db0c2eb6aa0e4d76823210,2021-03,South Yorkshire Police,South Yorkshire Police,-1.169328,53.533242,On or near ST STEPHENS WALK,E01007582,Doncaster 016B,Unable to prosecute suspect
d9828e75544ef0944e568e849cc938ebc507eeaffb673df1511e90d732be684e,2021-03,South Yorkshire Police,South Yorkshire Police,-1.486994,53.467881,On or near BROOK ROAD,E01007901,Sheffield 003G,Unable to prosecute suspect
bc8007de8b7216160f35d4d9869608ff502b446dc8f86b29c50fd04df19b01b8,2021-03,South Yorkshire Police,South Yorkshire Police,-1.474706,53.324576,On or near Sports/Recreation Area,E01008082,Sheffield 070B,Local resolution
b526b71d71f34a6bb02d04b1f5065be513bc926f52261391d7195966ff29e3f6,2021-03,South Yorkshire Police,South Yorkshire Police,-1.459404,53.390188,On or near SPITAL HILL,E01033270,Sheffield 022H,Investigation complete; no suspect identified
cfeef5060db47f5604b5690f2e0f4dc2933b985c35f0c55175575e2903a2fcd1,2021-03,South Yorkshire Police,South Yorkshire Police,-1.200834,53.476927,On or near LICHFIELD GARDENS,E01007549,Doncaster 034D,Investigation complete; no suspect identified
5b178cf4c551023d2447c92d0d59827dc42c1a25dddefe6bfc706818e95125aa,2021-03,South Yorkshire Police,South Yorkshire Police,-1.418075,53.387531,On or near STANIFORTH ROAD,E01007906,Sheffield 027D,Unable to prosecute suspect
c7f1e27756b0345cae7472e2de2614ee545b08ae9613f765f907d67774f19b25,2021-03,South Yorkshire Police,South Yorkshire Police,-1.135114,53.518186,On or near MILTON WALK,E01007532,Doncaster 023B,Investigation complete; no suspect identified
63f7241c73a97ac48930eeec70679576749436da15c125910efee509e2c486b7,2021-03,South Yorkshire Police,South Yorkshire Police,-1.315394,53.368955,On or near WALPOLE GROVE,E01007668,Rotherham 030B,Investigation complete; no suspect identified
68a34eae9e39cc9d2a2017146b8894776ae3b0ce2eb9b34cf447c2239037c997,2021-03,South Yorkshire Police,South Yorkshire Police,-1.437081,53.417087,On or near BLUEBELL CLOSE,E01007848,Sheffield 013A,Local resolution
84569f6bc95f5fa2508f2664bd8cc38bb5551d59f03f45a9c041d00c4ff997ab,2021-03,South Yorkshire Police,South Yorkshire Police,-1.491832,53.557176,On or near PRINCE ARTHUR STREET,E01007441,Barnsley 013E,Further investigation is not in the public interest
f71da07b0a19cb01edcdd09654d8db34ee2dcc4c2e03d1267b0099fdc321be84,2021-03,South Yorkshire Police,South Yorkshire Police,-1.282965,53.427785,On or near ROMNEY CLOSE,E01007726,Rotherham 019F,Unable to prosecute suspect
846ff4faadca6da4ac64893fb6a2d4a98f6021dac0149c44ab795d1f91394e02,2021-03,South Yorkshire Police,South Yorkshire Police,-1.451339,53.383571,On or near ST JOHN'S ROAD,E01007885,Sheffield 075E,Investigation complete; no suspect identified
d40e758e2da19ab952cef6113b005bb671b9c4b8d9772954356eebe21ee67052,2021-03,South Yorkshire Police,South Yorkshire Police,-1.186195,53.485241,On or near JOHNSON COURT,E01007545,Doncaster 034A,Further investigation is not in the public interest
83f178e0bf1b61916f9d4e94af239cc50e5a0a3fe4dbea77f81396eb4e9d7a56,2021-03,South Yorkshire Police,South Yorkshire Police,-1.090631,53.553712,On or near CLAY LANE WEST,E01007656,Doncaster 015F,Unable to prosecute suspect
df52406b8fbd05747633e29e8e9b3e92820d102c6e134ebe469aec43340365ab,2021-03,South Yorkshire Police,South Yorkshire Police,-1.343008,53.456489,On or near RYAN PLACE,E01007784,Rotherham 008D,Local resolution
0d3f18353647c373f28d06c36b3383c66f539e4d090639e0045f3ecf745f2e1d,2021-03,South Yorkshire Police,South Yorkshire Police,-1.473296,53.358610,On or near PLANTATION ROAD,E01007978,Sheffield 053A,Offender given a caution
6c7c43b1f32d2c1746b4d6cfa4d9d22b1ccb70f43cd6b667074f1b6c7a6c5b64,2021-03,South Yorkshire Police,South Yorkshire Police,-1.406534,53.442197,On or near DROPPINGWELL FARM CLOSE,E01007743,Rotherham 015C,Investigation complete; no suspect identified
76f6428843f38df89c030308dc6750564762b5ec2752921dbd1c5cb293a6bfb9,2021-03,South Yorkshire Police,South Yorkshire Police,-1.458132,53.401571,On or near COLLEGE COURT,E01007869,Sheffield 020A,Unable to prosecute suspect
0fc820913a52c9cda9575cda093d59493ae31c8e121c90602186d852e62917ff,2021-03,South Yorkshire Police,South Yorkshire Police,-1.593192,53.475957,On or near ASKEW COURT,E01008148,Sheffield 001C,Local resolution
1fdf4dc48f8d1fda6ae076c00586a0492e408b76caf24869e170aefe792ffda1,2021-03,South Yorkshire Police,South Yorkshire Police,-1.096417,53.532228,On or near SHETLAND GARDENS,E01007564,Doncaster 018A,Investigation complete; no suspect identified
86e71f4d1103d42cf8487a6e5383c3d5f8aa10d135f1ebda98f0253d7d3bab61,2021-03,South Yorkshire Police,South Yorkshire Police,-1.480011,53.358702,On or near Parking Area,E01008112,Sheffield 042D,Unable to prosecute suspect
2d6191ef07edd1e4fea0e6a5b34935a22aeb875ed2fc90e59818b7562a3f99d8,2021-03,South Yorkshire Police,South Yorkshire Police,-1.485250,53.554766,On or near CHURCHFIELD,E01007336,Barnsley 013A,Further investigation is not in the public interest
5a7f9973ce31dc4f98cecae407211f3ce82fe07d69314dc4664d82e0dfe12e23,2021-03,South Yorkshire Police,South Yorkshire Police,-1.504270,53.381340,On or near WESTON VIEW,E01007962,Sheffield 029C,Unable to prosecute suspect
8d4f79f8bca18f701135f5e1482b2deefa0059c45a9c68adf5219a4098327a2e,2021-03,South Yorkshire Police,South Yorkshire Police,-1.142390,53.510409,On or near CARR VIEW AVENUE,E01007534,Doncaster 028D,Investigation complete; no suspect identified
19e61d46e007a66be0e880060fc2b1bb2bebc2116963ab49f5ed19efe1033e22,2021-03,South Yorkshire Police,South Yorkshire Police,-1.012015,53.569349,On or near DONCASTER ROAD,E01007560,Doncaster 008E,Unable to prosecute suspect
d5fde66c28bfc183c2a78eb36294c363df27faa96d03f1a68a422832d28a9660,2021-03,South Yorkshire Police,South Yorkshire Police,-1.497437,53.323244,On or near HEMPER LANE,E01007917,Sheffield 071B,Investigation complete; no suspect identified
db28910b03975ed949263be4016033439296afc61cbec6435024438b71b789be,2021-03,South Yorkshire Police,South Yorkshire Police,-1.343008,53.456489,On or near RYAN PLACE,E01007784,Rotherham 008D,Local resolution
cc7079f529a6a1a032ed46651da4e9a50279299d3e74adf72227047949b63aa7,2021-03,South Yorkshire Police,South Yorkshire Police,-1.146724,53.547644,On or near Parking Area,E01007509,Doncaster 010C,Further action is not in the public interest
02e4c47d366160c3a3ffc7aae1e27005e91ef2891ee41c891e425f48d84a20bd,2021-03,South Yorkshire Police,South Yorkshire Police,-1.454976,53.415489,On or near HORNINGLOW ROAD,E01007947,Sheffield 013C,Unable to prosecute suspect
b9657132ec12d07195d50ea499f7670069c4131988c93945d26ea278cf2ea2b5,2021-03,South Yorkshire Police,South Yorkshire Police,-1.012015,53.569349,On or near DONCASTER ROAD,E01007560,Doncaster 008E,Unable to prosecute suspect
83c5468c2c4fc05bbc556fd54a8448a9eaed7daaf1970fe40f00e2fc75365d56,2021-03,South Yorkshire Police,South Yorkshire Police,-1.373887,53.349483,On or near CARR FORGE PLACE,E01008031,Sheffield 061A,Suspect charged
e8774677fe9a3eb8e3cda612df52d962f3f96a7bae09d03fc4f9c98a362da5e2,2021-03,South Yorkshire Police,South Yorkshire Police,-1.347077,53.438633,On or near HARDWICKE ROAD,E01007768,Rotherham 014D,Unable to prosecute suspect
82b9a438a278f6bf6e4f5dffe40f27057fc1224231172af5d83e344588a51849,2021-03,South Yorkshire Police,South Yorkshire Police,-1.456042,53.409750,On or near Hospital,E01007942,Sheffield 020D,Unable to prosecute suspect
2a1ce57e27a09068a7f86ea4f301bf95a3844fa75332f0e5cef762eb03a66c05,2021-03,South Yorkshire Police,South Yorkshire Police,-1.138615,53.524054,On or near Shopping Area,E01007529,Doncaster 022A,Suspect charged
02a7b87113b8eed817efd16636c2af08b5e84e97a259db23bc5fe372786de7b8,2021-03,South Yorkshire Police,South Yorkshire Police,-1.445265,53.365090,On or near GUILDFORD WALK,E01008095,Sheffield 043A,Investigation complete; no suspect identified
c964e37d0d670a41acb66cd59fa4647094c349e75a5ad9180b8427ac2845967b,2021-03,South Yorkshire Police,South Yorkshire Police,-1.400537,53.427579,On or near MEADOWHALL ROAD,E01007745,Rotherham 015E,Suspect charged
5fe5bdb5628ad5ea52ad3e4976567ab1142ec5a457082724fde7153dacb72ef0,2021-03,South Yorkshire Police,South Yorkshire Police,-1.425554,53.370273,On or near RAVENCARR PLACE,E01008012,Sheffield 039B,Investigation complete; no suspect identified
2cd0a6f3a56a1baf97e4d97cb27260fe418ab1841fa345f863b02c1d65957b66,2021-03,South Yorkshire Police,South Yorkshire Police,-0.984241,53.497008,On or near PARK LANE,E01007599,Doncaster 026A,Investigation complete; no suspect identified
0f49201c7d76049a1ce83e38123f51dbb33dbaff28b4715af367042c5fa09ff4,2021-03,South Yorkshire Police,South Yorkshire Police,-1.318288,53.425816,On or near BROOKSIDE,E01007710,Rotherham 021C,Unable to prosecute suspect
7610cdcf7bb91e3503d445f90803e5b61af271bf60bed32f2bca81584f076d30,2021-03,South Yorkshire Police,South Yorkshire Police,-1.421383,53.343089,On or near Supermarket,E01007846,Sheffield 062D,Investigation complete; no suspect identified
3b191f7127b1621ec10baddbb8c517546c92b46bf47e3c82f3e1f33017e3bca4,2021-03,South Yorkshire Police,South Yorkshire Police,-1.319184,53.434720,On or near WOODGROVE ROAD,E01007735,Rotherham 013B,Investigation complete; no suspect identified
bf0fb52fbc17dd95ba0cfc64c747558e5ae60e7e60d7994e6bc30944b506aff3,2021-03,South Yorkshire Police,South Yorkshire Police,-1.456042,53.409750,On or near Hospital,E01007942,Sheffield 020D,Suspect charged
392a73461268158c27a0e3484b8762e621dffb9278cf4a63d6f160ad3218678d,2021-03,South Yorkshire Police,South Yorkshire Police,-1.488959,53.321608,On or near BECKET ROAD,E01007919,Sheffield 069C,Unable to prosecute suspect
c4c0c7bd8bf8feeaec37c9e14fb045af2498c12788f1b9012e53e54b269759e7,2021-03,South Yorkshire Police,South Yorkshire Police,-1.456322,53.594088,On or near WEST PINFOLD,E01007435,Barnsley 001B,Local resolution
919176bdd8e8c8ab933d000a16eaa0018df9938431d3c394f27e9256a2804f63,2021-03,South Yorkshire Police,South Yorkshire Police,-1.352318,53.429556,On or near WELLGATE MOUNT,E01007714,Rotherham 017B,Unable to prosecute suspect
703333101d6dddda938d7f808e6e65c944f8d8bd1202a35fa57aa8b2da2ffdee,2021-03,South Yorkshire Police,South Yorkshire Police,-1.052194,53.540425,On or near LAUREL ROAD,E01007480,Doncaster 014B,Unable to prosecute suspect
8095614f2a4244b6f912d1d9c8552c9de3953581e00818c3e9adaca25abebc05,2021-03,South Yorkshire Police,South Yorkshire Police,-1.479044,53.581938,On or near BELLBANK WAY,E01007324,Barnsley 007B,Unable to prosecute suspect
4db64d921beeeecbd8101519d14515a5729bd02100e9b4e2c05294573b47af67,2021-03,South Yorkshire Police,South Yorkshire Police,-1.466947,53.378546,On or near HOWARD LANE,E01033264,Sheffield 073D,Investigation complete; no suspect identified
51d4af19f602b624c911be72d70f2e9629960e8a91138806594bdfbd1136d03b,2021-03,South Yorkshire Police,South Yorkshire Police,-1.448809,53.545642,On or near GILBERT GROVE,E01007320,Barnsley 018C,Unable to prosecute suspect
c48a80dd5b2835433afc5efb4b351a7b452407eadba18ed7019b97315c79632a,2021-03,South Yorkshire Police,South Yorkshire Police,-1.477141,53.581947,On or near LINBY ROAD,E01007325,Barnsley 007C,Unable to prosecute suspect
5b18fe1a2a6de80f572e8cf43bcd67768d5329e046e5fc96ca4cb77f018de2cc,2021-03,South Yorkshire Police,South Yorkshire Police,-1.301229,53.431830,On or near DEAN LANE,E01007724,Rotherham 021E,Unable to prosecute suspect
e4557e8970e7024faca2e0ad0efa9fdd7e1906b1f8c745bbfc5cd073852d56f7,2021-03,South Yorkshire Police,South Yorkshire Police,-1.506101,53.377725,On or near SALE HILL,E01007868,Sheffield 030C,Investigation complete; no suspect identified
1d8fc4d64da87acd86e3757248499719304c861782f80a1ad3f53df7688f8c30,2021-03,South Yorkshire Police,South Yorkshire Police,-1.471487,53.321451,On or near BATEMOOR PLACE,E01008084,Sheffield 070D,Investigation complete; no suspect identified
6dbf8beb1cfcaffc5476ec7786cdabfab8c4d1b822f0e2fd660b67da417ead50,2021-03,South Yorkshire Police,South Yorkshire Police,-1.481526,53.420820,On or near KYLE CRESCENT,E01008124,Sheffield 012F,Investigation complete; no suspect identified
32ca392d59232a0b6d4b3f245a44ffaba8b71e2947a8ea6bdd4aede95ce3ed88,2021-03,South Yorkshire Police,South Yorkshire Police,-1.419148,53.528450,On or near NEVILLE CLOSE,E01007450,Barnsley 023D,Unable to prosecute suspect
b6159ae0c8d02252c73891a74a66959fe3f97e06fb84621f7fa9ef6cc6bec24c,2021-03,South Yorkshire Police,South Yorkshire Police,-1.407377,53.353411,On or near MANSFIELD ROAD,E01007839,Sheffield 076B,Unable to prosecute suspect
4a505ecef129686b194f7ae7517e8996184cb6f2986c305b99a95c049fd26ebf,2021-03,South Yorkshire Police,South Yorkshire Police,-1.481526,53.420820,On or near KYLE CRESCENT,E01008124,Sheffield 012F,Investigation complete; no suspect identified
3ab4cc8cb3cb3f86e1b3e249ffce2f45ca005784b67da259e613f3b85673ad4a,2021-03,South Yorkshire Police,South Yorkshire Police,-1.209948,53.364115,On or near WALNUT DRIVE,E01007786,Rotherham 029D,Investigation complete; no suspect identified
5f28f24c61889e8049328acaf2b1c781046889b026fe3faa5db51647d6c4465e,2021-03,South Yorkshire Police,South Yorkshire Police,-1.470625,53.429869,On or near COLLEY CLOSE,E01008119,Sheffield 009F,Investigation complete; no suspect identified
67db59a53b61a5a16f45181425dbbfb921cfb09299e14f6b94f798d3be9d1490,2021-03,South Yorkshire Police,South Yorkshire Police,-1.064756,53.540110,On or near MARKHAM AVENUE,E01033260,Doncaster 014F,Investigation complete; no suspect identified
aa4a38a93dc6c76dbb8e989b5f4f421de540221bb2ddc26cab52889cb3b8e049,2021-03,South Yorkshire Police,South Yorkshire Police,-1.064756,53.540110,On or near MARKHAM AVENUE,E01033260,Doncaster 014F,Investigation complete; no suspect identified
1f3f6101a05b2890832f4c1984e7a33451f3d9fbd896a0d26bdbbc0c6b4dfed6,2021-03,South Yorkshire Police,South Yorkshire Police,-1.064028,53.573138,On or near THE SPINNEY,E01007631,Doncaster 007F,Investigation complete; no suspect identified
bebc2eaccb2392bf52de251c9b9af8befa558d25d142fe762792bfd1a88faea1,2021-03,South Yorkshire Police,South Yorkshire Police,-1.442778,53.425581,On or near BELLHOUSE ROAD,E01007849,Sheffield 010A,Unable to prosecute suspect
12411a291770f8bd5fab80f98717be60ae6786d68ccf7a4e0645e659695f9959,2021-03,South Yorkshire Police,South Yorkshire Police,-1.166691,53.502275,On or near IVANHOE ROAD,E01007497,Doncaster 029B,Investigation complete; no suspect identified
f792370cb30d7f77f89a0e9d11974aa17dc9d8b25b04664833ffc87a03910622,2021-03,South Yorkshire Police,South Yorkshire Police,-1.494162,53.418654,On or near BINSTED AVENUE,E01008088,Sheffield 012B,Investigation complete; no suspect identified
1c00d2470db722ca625145a5c1bf8932a53a19e012c483cc2cb224158d6b7b77,2021-03,South Yorkshire Police,South Yorkshire Police,-1.100605,53.506147,On or near KENTMERE DRIVE,E01007527,Doncaster 027B,Unable to prosecute suspect
ef6652975edf8471d338c4c7e21a671bd31ff9d568877f9d0ddb4422b6a3d7bd,2021-03,South Yorkshire Police,South Yorkshire Police,-1.416287,53.347783,On or near JAUNTY LANE,E01007843,Sheffield 062C,Further action is not in the public interest
cc748049e4bb6ed137b9c2807e80d42b74bd375eee518ebec19d10251901122a,2021-03,South Yorkshire Police,South Yorkshire Police,-1.408086,53.526554,On or near JOHN STREET,E01007448,Barnsley 023B,Unable to prosecute suspect
68405f035faf0fd1b32480ea79171a6085be049fe81da18584ec3b57b721db3b,2021-03,South Yorkshire Police,South Yorkshire Police,-1.410284,53.593124,On or near MANOR VIEW,E01007329,Barnsley 003A,Local resolution
dd492892104d13bf257ecd4c3dd75f8b41ea1d2ef79eefaaf24eb6bd889dc247,2021-03,South Yorkshire Police,South Yorkshire Police,-1.238625,53.489416,On or near THRYBERGH COURT,E01007542,Doncaster 032B,Investigation complete; no suspect identified
faea3d3a42e81c450662bfed9ea360b5db1939d0ad0aa6112ab5a2512c25e36d,2021-03,South Yorkshire Police,South Yorkshire Police,-1.263385,53.394659,On or near SCOTT CLOSE,E01007809,Rotherham 026B,Unable to prosecute suspect
25601b693c30cffc25b2d01e65d8eea3cebc6a92fb73c399ac7d34f6e93fdeb0,2021-03,South Yorkshire Police,South Yorkshire Police,-1.479916,53.541673,On or near KENWORTHY ROAD,E01007413,Barnsley 017C,Suspect charged
8e825f031195ddad68972b14f5cf8cbba9befaab887597df08ce900ed4fc94c4,2021-03,South Yorkshire Police,South Yorkshire Police,-1.254712,53.492564,On or near DONCASTER ROAD,E01007543,Doncaster 032C,Investigation complete; no suspect identified
7c5d6667f054a47da30e049a7ff4efef8d15bdd7e28fb0c2a1d23291847ebeca,2021-03,South Yorkshire Police,South Yorkshire Police,-1.489218,53.390490,On or near BRANDRETH ROAD,E01008072,Sheffield 026C,Unable to prosecute suspect
64fade41ec32e6dedc3c067b1510255d144deee9da6e9064c6f328fdb06d88d7,2021-03,South Yorkshire Police,South Yorkshire Police,-1.278283,53.500727,On or near AINTREE DRIVE,E01007580,Doncaster 030D,Investigation complete; no suspect identified
0d77d3023b1fb9e7b010667d38df727e77b584a9059efcec685e3e60bd0cad8b,2021-03,South Yorkshire Police,South Yorkshire Police,-1.070675,53.576452,On or near HIGH STREET,E01007624,Doncaster 007D,Investigation complete; no suspect identified
b37711d316ea2439b02aca519faf892958ad7861be62cebc7f16e848c83ab0d1,2021-03,South Yorkshire Police,South Yorkshire Police,-1.478849,53.558504,On or near BRIDGE STREET,E01007410,Barnsley 010E,Unable to prosecute suspect
3082c994ecff96dfa89c32fc5976fa471e760735f4414051beb89b6d04928345,2021-03,South Yorkshire Police,South Yorkshire Police,-1.434637,53.360806,On or near AYLWARD ROAD,E01008102,Sheffield 048C,Unable to prosecute suspect
cd07a16dc6017c6977f3aa50cacb2eae3f82f569c09713099229f9ea104b2cd8,2021-03,South Yorkshire Police,South Yorkshire Police,-1.467443,53.379770,On or near CADMAN LANE,E01033264,Sheffield 073D,Suspect charged
ae042222ba5279ddac5cb0e3b99d7fbcb801fe8b3cfd354a508cbfb4be3ab937,2021-03,South Yorkshire Police,South Yorkshire Police,-1.187719,53.416425,On or near BIRKS HOLT DRIVE,E01007764,Rotherham 020F,Investigation complete; no suspect identified
38f4373be6452f3c887c2bb65af1d6e26cb6fa10986f5573b258a286a071c56a,2021-03,South Yorkshire Police,South Yorkshire Police,-1.071144,53.512969,On or near LEVET ROAD,E01007525,Doncaster 024B,Unable to prosecute suspect
b85123fe7ae56d58cda865879f2c5f5c1058485f32484809e680ffb96e08d344,2021-03,South Yorkshire Police,South Yorkshire Police,-1.475611,53.434430,On or near REMINGTON ROAD,E01008117,Sheffield 009D,Investigation complete; no suspect identified
7312b784dab7a2c58768f8ab352bb33b4e4ced37cb8226d437d51794d2c873f5,2021-03,South Yorkshire Police,South Yorkshire Police,-1.340281,53.423477,On or near BROOM ROAD,E01007767,Rotherham 017C,Unable to prosecute suspect
7bc4fed442c03db3bbe09c9fdc9b795aea50828a4856703af9cd83a48382ed04,2021-03,South Yorkshire Police,South Yorkshire Police,-1.079539,53.472144,On or near BOSWELL CLOSE,E01007597,Doncaster 037E,Unable to prosecute suspect
34ce41c84a1b8391451488f1d18819baec834e5eddd1e04144ff53c80436a7e0,2021-03,South Yorkshire Police,South Yorkshire Police,-1.190332,53.486384,On or near PRINCE'S CRESCENT,E01007547,Doncaster 034B,Investigation complete; no suspect identified
3bcb53f6082a4a3b8fe410bdbae7f74913827bc68771fd35ed8de9778df8d041,2021-03,South Yorkshire Police,South Yorkshire Police,-1.275883,53.496452,On or near COWPER ROAD,E01007578,Doncaster 030B,Investigation complete; no suspect identified
dc402ddbde70fc7629c024497cea85f5205bb6d0f3c7f25d771d2db14c14b9a3,2021-03,South Yorkshire Police,South Yorkshire Police,-1.314333,53.484589,On or near MANOR ROAD,E01007794,Rotherham 004C,Investigation complete; no suspect identified
92fa4f0a021a8fbec17eeb0e80b8f61caff99369a7ec49d363acdf0caf2a3a6c,2021-03,South Yorkshire Police,South Yorkshire Police,-1.467371,53.548063,On or near OSBORNE STREET,E01007337,Barnsley 015D,Unable to prosecute suspect
071a1e5ee137e6d6db78435f6f935d2212e2e9aeba0630b96eaedab357d37f8c,2021-03,South Yorkshire Police,South Yorkshire Police,-1.451445,53.355437,On or near CALLOW PLACE,E01007977,Sheffield 051C,Investigation complete; no suspect identified
e164f2907a8631b599ef303ddab93eb3df471571d3bd95f88a9a1b25756c5519,2021-03,South Yorkshire Police,South Yorkshire Police,-1.305414,53.497346,On or near NEWARK ROAD,E01007574,Doncaster 031D,Action to be taken by another organisation
aa21a1c9c480168b9d890940871643f4ab4a36141fabab226c7df8326528f161,2021-03,South Yorkshire Police,South Yorkshire Police,-1.278070,53.435117,On or near FERN COURT,E01032926,Rotherham 012E,Unable to prosecute suspect
ae2ab4770e9ad102378cc95d2900cdda5a01ce936d1a2a5bdcfcc9cbb4bfa3f3,2021-03,South Yorkshire Police,South Yorkshire Police,-1.483610,53.459984,On or near MEADOW DRIVE,E01007897,Sheffield 005A,Action to be taken by another organisation
c57d4d21a0990a9240ae15ffd0ce4bc9c6083d79927da374b1848fd6c450929e,2021-03,South Yorkshire Police,South Yorkshire Police,-1.465974,53.403467,On or near FIRSHILL RISE,E01007871,Sheffield 019B,Investigation complete; no suspect identified
0d09dcd26289af37d2f3eba31e61887648bc5524314854b390d733cc1241b0fe,2021-03,South Yorkshire Police,South Yorkshire Police,-1.163667,53.615295,On or near MARIAN CRESCENT,E01007490,Doncaster 002D,Unable to prosecute suspect
a7e272ad4e06343c7754da83b3a1a850b70afdfa07547ce87df55f03f03c3244,2021-03,South Yorkshire Police,South Yorkshire Police,-1.321823,53.466618,On or near LANSBURY PLACE,E01007773,Rotherham 006C,Unable to prosecute suspect
ffb7eb4ba42c49c81437b854bef7f3ccf8db3149c63f3f40f90aee76bf1ebb6c,2021-03,South Yorkshire Police,South Yorkshire Police,-1.363726,53.324638,On or near GRAY STREET,E01008025,Sheffield 072D,Investigation complete; no suspect identified
971e79586c13ae866347f1b6e9418d9c0d625c854d43a0dcbb195802770ee899,2021-03,South Yorkshire Police,South Yorkshire Police,-1.188647,53.559684,On or near WELFARE ROAD,E01007467,Doncaster 009D,Investigation complete; no suspect identified
6d37d616a1e20eddf8f8894cbaeae3568839ee29604fa49e30c1aa0529b52b8d,2021-03,South Yorkshire Police,South Yorkshire Police,-1.024574,53.594485,On or near EAST LANE,E01007629,Doncaster 004E,Unable to prosecute suspect
27450a8de509a3ddb0670d7163408cb985783c02e3cd774880c2319c6c131969,2021-03,South Yorkshire Police,South Yorkshire Police,-1.326879,53.356328,On or near CHESTERFIELD ROAD,E01007665,Rotherham 027A,Investigation complete; no suspect identified
eed20dc8b9e033f92893bfad634114ec30a77763b8bd94533d3581dd78effa2b,2021-03,South Yorkshire Police,South Yorkshire Police,-1.188087,53.487187,On or near VICTORIA ROAD,E01007545,Doncaster 034A,Investigation complete; no suspect identified
d6384d9f9acd00369968fef1ab5a7229541daa72d60bc5f82ee18fbee7bab306,2021-03,South Yorkshire Police,South Yorkshire Police,-1.468439,53.396359,On or near PITSMOOR ROAD,E01007870,Sheffield 019A,Investigation complete; no suspect identified
633bc9970752792a59d1e6f7758bc9bca6520ed1980b17893c61c22c426ae816,2021-03,South Yorkshire Police,South Yorkshire Police,-1.417765,53.576460,On or near PROSPECT STREET,E01007345,Barnsley 008B,Investigation complete; no suspect identified
771184f11fb56250755309530ff4c6a3aee930f3075ef1bd12926598edb0fad4,2021-03,South Yorkshire Police,South Yorkshire Police,-1.322162,53.442476,On or near A630,E01007736,Rotherham 014A,Investigation complete; no suspect identified
bdaf54f6943ce626063b5f83a601f4e6fbe9d3a1a9fa1568234c5a5b007c0407,2021-03,South Yorkshire Police,South Yorkshire Police,-1.082748,53.544087,On or near OGDEN ROAD,E01007656,Doncaster 015F,Unable to prosecute suspect
eaedcb3e3bba5754c15898e2c28c71eb697164885bb09abbf77aa4c93dc5bc18,2021-03,South Yorkshire Police,South Yorkshire Police,-1.149105,53.536551,On or near HASLEMERE GROVE,E01007513,Doncaster 012B,Unable to prosecute suspect
21af65c66a1294183b11287692599efae8767bc1d4d73ba9cff068fccb120661,2021-03,South Yorkshire Police,South Yorkshire Police,-1.191775,53.590446,On or near ASH ROAD,E01007470,Doncaster 005C,Investigation complete; no suspect identified
e41a9c6dce80c883df2a410cffdf67e906e820ddcb55d9e4cb7950cbb5a09252,2021-03,South Yorkshire Police,South Yorkshire Police,-1.379701,53.450834,On or near ROBINETS ROAD,E01007730,Rotherham 009C,Investigation complete; no suspect identified
60fbc8dd1bcae5c753336ef26248a5ac5772442d886a228ab1a433eede92344f,2021-03,South Yorkshire Police,South Yorkshire Police,-1.118555,53.530496,On or near AXHOLME ROAD,E01007646,Doncaster 019B,Investigation complete; no suspect identified
8d6305f41e80e3d0b75bef93af64bab4ae0d8d0eb830e10b841c7912988465bc,2021-03,South Yorkshire Police,South Yorkshire Police,-1.520436,53.412992,On or near WELL LANE,E01007988,Sheffield 016B,Unable to prosecute suspect
44dce3452451260596610cced6196be3bff4b89a5c3645828b3daf7c894234f0,2021-03,South Yorkshire Police,South Yorkshire Police,-1.349786,53.470189,On or near ESTATE ROAD,E01007781,Rotherham 005D,Unable to prosecute suspect
d253716f7ea5fefdc249b0c0f01a7f44c2039500081c84a768d00deaba888264,2021-03,South Yorkshire Police,South Yorkshire Police,-1.442868,53.410615,On or near HINDE HOUSE CRESCENT,E01007940,Sheffield 022E,Investigation complete; no suspect identified
6dd933bdbf3108603dbcf9b558febb058c682caefc3eba7582ef47aa6b7e3da1,2021-03,South Yorkshire Police,South Yorkshire Police,-1.483103,53.548869,On or near FOUNDRY STREET,E01007340,Barnsley 013B,Unable to prosecute suspect
8ad6c806ced6cd7b44da3843408514c7816fc5c9dee044dad7801ee5ab02d46a,2021-03,South Yorkshire Police,South Yorkshire Police,-1.109257,53.530733,On or near Hospital,E01007567,Doncaster 018D,Unable to prosecute suspect
c4d8d5d1725ca5d19c9f8014bc3746353dfad496e52bc070575298242ec2e70e,2021-03,South Yorkshire Police,South Yorkshire Police,-1.168855,53.496511,On or near WOBURN CLOSE,E01007501,Doncaster 029E,Unable to prosecute suspect
6637fffd4b1ce28cf80b66eb1901e1dedf8ca05936de7abece19abc3bf3a9e2f,2021-03,South Yorkshire Police,South Yorkshire Police,-1.142024,53.515116,On or near ROBERTS ROAD,E01007533,Doncaster 023C,Unable to prosecute suspect
a5925aa7c56baa4663f181e1af9d752ebf80a4a332727276880db53ec6bc4738,2021-03,South Yorkshire Police,South Yorkshire Police,-1.466104,53.396717,On or near PILGRIM STREET,E01007870,Sheffield 019A,Investigation complete; no suspect identified
212746a7fa362d381abab816ed0b07c76fb4307e10152b9192a8b1698feeed66,2021-03,South Yorkshire Police,South Yorkshire Police,-1.442210,53.435565,On or near BECK CLOSE,E01008055,Sheffield 007C,Unable to prosecute suspect
4920a943aadd5969381f630fff9765e99867df82f928bc54c4e786f19024b95b,2021-03,South Yorkshire Police,South Yorkshire Police,-1.228614,53.483788,On or near CASTLE STREET,E01007542,Doncaster 032B,Unable to prosecute suspect
4226ba3d19908b1415c59dca205b1e53bc406cb9a8a45b28d5a85be422f91ec5,2021-03,South Yorkshire Police,South Yorkshire Police,-1.190327,53.485089,On or near MAIN AVENUE,E01007547,Doncaster 034B,Investigation complete; no suspect identified
51511468adf451df608b5a5c4b9afb35334351ae97331777ffb2802ebaab4504,2021-03,South Yorkshire Police,South Yorkshire Police,-1.316485,53.519459,On or near PRIORY ROAD,E01007366,Barnsley 025C,Investigation complete; no suspect identified
68471e6d203be83d75dd921a537f368655f85b73ff2f97a05599506be02ff2c7,2021-03,South Yorkshire Police,South Yorkshire Police,-1.437081,53.417087,On or near BLUEBELL CLOSE,E01007848,Sheffield 013A,Investigation complete; no suspect identified
0baea87d5ea94e7a353a04d44aa67b8b91afee298a18d6772e94391e2cd92286,2021-03,South Yorkshire Police,South Yorkshire Police,-1.135479,53.515842,On or near WELCOME WAY,E01007530,Doncaster 022B,Investigation complete; no suspect identified
5f2403457a9edc5042e9bb4ae8eebbeeb698e8a64bce0c2336becd71b4a5d535,2021-03,South Yorkshire Police,South Yorkshire Police,-1.187519,53.487731,On or near STAVELEY STREET,E01007546,Doncaster 033A,Suspect charged
5f2403457a9edc5042e9bb4ae8eebbeeb698e8a64bce0c2336becd71b4a5d535,2021-03,South Yorkshire Police,South Yorkshire Police,-1.187519,53.487731,On or near STAVELEY STREET,E01007546,Doncaster 033A,Suspect charged
ce2f29c33519361ef87d42ce1c5b805646b68b6e61166d6a4d38d5ba23155451,2021-03,South Yorkshire Police,South Yorkshire Police,-1.417237,53.379536,On or near MATHER ROAD,E01008016,Sheffield 032F,Unable to prosecute suspect
fbd6ac1039bb5d953470d02a4b84164b835f98ec38450556d8c7eceb4b3556d4,2021-03,South Yorkshire Police,South Yorkshire Police,-1.166083,53.542486,On or near Supermarket,E01007515,Doncaster 012C,Investigation complete; no suspect identified
5b19e609d4f098caf2932aae825aa44c1d47198c0f0e625f7ff360d33efe7cf9,2021-03,South Yorkshire Police,South Yorkshire Police,-1.631917,53.524405,On or near PARK LANE,E01007429,Barnsley 024C,Local resolution
5eb469409657fee1e87f8feb2b60b919a915cdd8daba7d27f02fb7f621a53fde,2021-03,South Yorkshire Police,South Yorkshire Police,-1.542170,53.327919,On or near THE MEADWAY,E01007921,Sheffield 068B,Unable to prosecute suspect
76ec1ca954a06f6baf05e7e02772a3a88a953fe6a0b70250afce290edc26d744,2021-03,South Yorkshire Police,South Yorkshire Police,-1.353390,53.364789,On or near HARBURY STREET,E01007974,Sheffield 044D,Investigation complete; no suspect identified
9d7cb0649eb1b28368ffe7a5cfa03e9592fc73a50536e94f55f42ffbe62a9e09,2021-03,South Yorkshire Police,South Yorkshire Police,-1.441954,53.350512,On or near MIDDLE HAY VIEW,E01007979,Sheffield 051D,Unable to prosecute suspect
62f2d40b24d15b4d009291fd9333d43225346ba4d267505db6917b4f8cb96a6c,2021-03,South Yorkshire Police,South Yorkshire Police,-1.026344,53.592396,On or near EMERSON AVENUE,E01007629,Doncaster 004E,Unable to prosecute suspect
b6f5319a4976771c50e7cf6939a69692eb52de1bab95142186bf64b068a2cb7d,2021-03,South Yorkshire Police,South Yorkshire Police,-1.518021,53.565347,On or near MAWFIELD ROAD,E01007387,Barnsley 012D,Unable to prosecute suspect
e57e4035f1b84e2eecef3506dacaf8d6b4b70860af0172067c1c3e4d8e863551,2021-03,South Yorkshire Police,South Yorkshire Police,-1.167383,53.518550,On or near INGLE GROVE,E01007618,Doncaster 021D,Unable to prosecute suspect
2386b54a8c1c4feab329248669324ae54dbf05c735f44f32fe6809f3b1c54849,2021-03,South Yorkshire Police,South Yorkshire Police,-1.440652,53.360448,On or near ERRINGTON AVENUE,E01008102,Sheffield 048C,Further action is not in the public interest
7c1c0e103fbbbe2bddf9dcef467513e4145887c77d1278a96e28e2a65cf26a25,2021-03,South Yorkshire Police,South Yorkshire Police,-1.339916,53.456751,On or near SPALTON ROAD,E01007783,Rotherham 008C,Further action is not in the public interest
bc3971a5f8beff11e65b3c185e5b8bdbd5fccc85921e4b61daa4bc51753abe2d,2021-03,South Yorkshire Police,South Yorkshire Police,-1.340608,53.418877,On or near BRUNSWICK ROAD,E01007679,Rotherham 023C,Unable to prosecute suspect
92b25d67261bec8d1fe59eedbd3832d998161879cc472b0c537b6840378cb51b,2021-03,South Yorkshire Police,South Yorkshire Police,-1.339916,53.456751,On or near SPALTON ROAD,E01007783,Rotherham 008C,Further action is not in the public interest
4fcca84684647fabc49e98499c139bb96913fff2d96101ed9c99301f94fbfa6b,2021-03,South Yorkshire Police,South Yorkshire Police,-1.020181,53.574728,On or near BROADWAY,E01007556,Doncaster 006C,Unable to prosecute suspect
5fa93d5f05b9e2626915566bd30cb832262c81fdf85d3c90dfd2b6e8cf3e1442,2021-03,South Yorkshire Police,South Yorkshire Police,,,No location,,,Investigation complete; no suspect identified
2401b462dce6fb7620596a21189a2d367e64332e9e4261c36a015111f8f695c2,2021-03,South Yorkshire Police,South Yorkshire Police,-1.476781,53.377115,On or near BOWDON STREET,E01008114,Sheffield 074A,Unable to prosecute suspect
e3af57e6442be3f2d0b072dc4352caedb9ad5df4e3448b2ed9c0b93cf8c2d2d0,2021-03,South Yorkshire Police,South Yorkshire Police,-1.239690,53.477027,On or near OAK GROVE,E01007540,Doncaster 035D,Investigation complete; no suspect identified
26f46915b2d860a4776530a5d1861a5dab99b7950631931fc2f64039de831fa4,2021-03,South Yorkshire Police,South Yorkshire Police,-1.472447,53.382345,On or near PINFOLD STREET,E01033265,Sheffield 074C,Local resolution
4ed5ec07f2c3eaa8c9ec1ba4df8e2eb8334f92b0a348d8b7877d0f3121cc0b55,2021-03,South Yorkshire Police,South Yorkshire Police,-1.189379,53.564839,On or near WOODLANDS ROAD,E01007464,Doncaster 009A,Unable to prosecute suspect
c14553f52ec9b51c32461b250f389b4c3dfd5ba3c7870c20a2d45064dfc1de3b,2021-03,South Yorkshire Police,South Yorkshire Police,-1.339994,53.334064,On or near HOLBROOK RISE,E01008041,Sheffield 063D,Unable to prosecute suspect
7cd0f452946aa00a42aa57a1d9a7912ebe21d48382caca8d682089e7d991507c,2021-03,South Yorkshire Police,South Yorkshire Police,-1.500463,53.417602,On or near CARRWELL LANE,E01008089,Sheffield 017B,Suspect charged
c92612b4e034995b8447a2d366a3ff2f9c43879127317e4f59daaf7bc04efce7,2021-03,South Yorkshire Police,South Yorkshire Police,-1.400130,53.516330,On or near WENTWORTH VIEW,E01007451,Barnsley 026A,Suspect charged
c92612b4e034995b8447a2d366a3ff2f9c43879127317e4f59daaf7bc04efce7,2021-03,South Yorkshire Police,South Yorkshire Police,-1.400130,53.516330,On or near WENTWORTH VIEW,E01007451,Barnsley 026A,Suspect charged
5493fe7996f4517a5564052b00c005bd8781478ff077dc4b46ef5e6dd25e03ea,2021-03,South Yorkshire Police,South Yorkshire Police,-1.462614,53.436188,On or near ST MARGARET'S ROAD,E01008058,Sheffield 006C,Unable to prosecute suspect
59bdd9b8b7442114f02cb2455ea19a42154eed9460f69a4114143d96b9e91768,2021-03,South Yorkshire Police,South Yorkshire Police,-1.222320,53.385329,On or near CASTLE GREEN,E01007787,Rotherham 028A,Suspect charged
63d702ddd7c9c345378d37c9b0dc57e1eb65e6dcb0a7d118e08c271ddcadcb19,2021-03,South Yorkshire Police,South Yorkshire Police,-1.373382,53.357282,On or near SKELTON GROVE,E01007970,Sheffield 049D,Investigation complete; no suspect identified
c620358545364d8e80154296316c35c36e2805ebc287a8fd870094d32a4fe2ae,2021-03,South Yorkshire Police,South Yorkshire Police,-0.948642,53.633123,On or near GARDEN ROAD,E01007632,Doncaster 001A,Investigation complete; no suspect identified
6ad8171b77cbf04bffb3dd2149cfdc74413b5f6362ba1ad5296e742ff7e31fad,2021-03,South Yorkshire Police,South Yorkshire Police,-1.498004,53.423264,On or near WELNEY PLACE,E01008087,Sheffield 012A,Investigation complete; no suspect identified
4b3adb175d02a49d2230c78f95dcef52cc4890081ac4f7e0abb98b67bde69957,2021-03,South Yorkshire Police,South Yorkshire Police,-1.472548,53.368108,On or near ALDERSON PLACE,E01008108,Sheffield 042A,Unable to prosecute suspect
ac282afabd4aa9cbf2a3ae5662f96bc6297a3995e79a86ca6e63f72262809f33,2021-03,South Yorkshire Police,South Yorkshire Police,-1.382592,53.451864,On or near SWALE ROAD,E01007732,Rotherham 009E,Unable to prosecute suspect
fa5d14bcec92e03c329ac97692e42d4256d143294aa04a80cc8b350035b2a4dd,2021-03,South Yorkshire Police,South Yorkshire Police,-1.022978,53.594247,On or near BOOTHAM CRESCENT,E01007629,Doncaster 004E,Investigation complete; no suspect identified
32839f11d70efdecea4d7da14d1b62c2c6c6301bf7f2de4dcc8ce8396d96ebfa,2021-03,South Yorkshire Police,South Yorkshire Police,-1.206305,53.368504,On or near EDWARD STREET,E01007790,Rotherham 029E,Unable to prosecute suspect
c9d13e010e5d3026518eda0f7ac1089208f5feffc6432a61be347079776f302d,2021-03,South Yorkshire Police,South Yorkshire Police,-1.470827,53.581965,On or near KIRKBY AVENUE,E01007325,Barnsley 007C,Unable to prosecute suspect
d160098868764e0c25432c03c25d168506b25769fc861b4f54dc224f95f70366,2021-03,South Yorkshire Police,South Yorkshire Police,-1.172639,53.501885,On or near MULBERRY COURT,E01007551,Doncaster 033B,Investigation complete; no suspect identified
29d0550f5298b9e9deebb6b771046aa7e67407a65e5d01555661ffe175a3b40c,2021-03,South Yorkshire Police,South Yorkshire Police,-1.497437,53.430515,On or near CARRILL ROAD,E01008085,Sheffield 009A,Unable to prosecute suspect
4e535349a9e989fde7eb339dc02fb86675d48209d763f274da27855ba6929739,2021-03,South Yorkshire Police,South Yorkshire Police,-1.126506,53.526060,On or near BROXHOLME LANE,E01007648,Doncaster 019D,Unable to prosecute suspect
d083d6b5061048b049278c9217b48c8de9be63fc2c8c1db42fa595dcd92c3ff5,2021-03,South Yorkshire Police,South Yorkshire Police,-1.126506,53.526060,On or near BROXHOLME LANE,E01007648,Doncaster 019D,Unable to prosecute suspect
cb44d599d9d90059c7d969cbac68ae52220d5ff588db03848097e0e8557e6b8f,2021-03,South Yorkshire Police,South Yorkshire Police,-1.475853,53.544361,On or near BANK STREET,E01007414,Barnsley 017D,Unable to prosecute suspect
f2df10484f58681b241f1cc88f59291a08f83f106b450aadda6fb841aecdf84f,2021-03,South Yorkshire Police,South Yorkshire Police,-1.019454,53.430362,On or near WHARF STREET,E01007610,Doncaster 038C,Investigation complete; no suspect identified
c4b5bf220600d27352f80fa28bdde5e8938117fefe23f72285707e10d6cc0f09,2021-03,South Yorkshire Police,South Yorkshire Police,-1.122340,53.528385,On or near ST MARY'S ROAD,E01007646,Doncaster 019B,Unable to prosecute suspect
e26c474fb8f3184f9991e99b1eb8bda31287cbb904864650ae25a3dd10ff0c01,2021-03,South Yorkshire Police,South Yorkshire Police,-1.481712,53.384453,On or near RADFORD STREET,E01033276,Sheffield 073E,Investigation complete; no suspect identified
22fae83d58e958db7ab3ddd034c2324d6844bdac7be16c5d817081f7c7d333d9,2021-03,South Yorkshire Police,South Yorkshire Police,-1.126506,53.526060,On or near BROXHOLME LANE,E01007648,Doncaster 019D,Unable to prosecute suspect
0dabeab836f29acf0661a4dea4c8f2597d99c153fc87a8276245b19f24a6373e,2021-03,South Yorkshire Police,South Yorkshire Police,-1.140978,53.511648,On or near BELMONT AVENUE,E01007534,Doncaster 028D,Investigation complete; no suspect identified
0b5f812579087253ad376ea2d383b37afbfede9c86913fb339fe70903cc531f3,2021-03,South Yorkshire Police,South Yorkshire Police,-1.467190,53.570911,On or near CARLTON ROAD,E01032550,Barnsley 010G,Unable to prosecute suspect
97eaec3c9ec603de0aebcbb319c29007be61592f9482ee916cde82382d51b9f6,2021-03,South Yorkshire Police,South Yorkshire Police,-1.499759,53.471180,On or near POTTER HILL LANE,E01007892,Sheffield 003B,Investigation complete; no suspect identified
c151a7d4d2a0ea110bf7f567e1a799a8a48beb53b9eab1b20b1f826a4e0edb1b,2021-03,South Yorkshire Police,South Yorkshire Police,-1.463760,53.345030,On or near WOODLAND ROAD,E01007827,Sheffield 064A,Investigation complete; no suspect identified
f1b1784ce2d136d9354226fdeca47ef47054a3ddd1371c75ae64e6ca164b399e,2021-03,South Yorkshire Police,South Yorkshire Police,-1.369017,53.429987,On or near STATION ROAD,E01007716,Rotherham 016B,Investigation complete; no suspect identified
abf6c5f12ebf16840a1ecb13cd483221b8877641fdad37cb3772371c0cae48ba,2021-03,South Yorkshire Police,South Yorkshire Police,-1.173894,53.539709,On or near BEDALE ROAD,E01007588,Doncaster 016C,Investigation complete; no suspect identified
ce3f0ad3eb1b797341476911415d62e7e4cc470fa512b850ecb4b9162bdf1185,2021-03,South Yorkshire Police,South Yorkshire Police,-1.076127,53.469691,On or near RADBURN ROAD,E01007597,Doncaster 037E,Investigation complete; no suspect identified
0272772d700639248d1e04e41a0714286316e725625284ba04062ccde6b938b4,2021-03,South Yorkshire Police,South Yorkshire Police,-1.088590,53.528546,On or near APPLEBY ROAD,E01007569,Doncaster 018F,Local resolution
0a6feb4c2bc0385ae5e3882c29cf0d7ae3648ace36fc01c7995381dba445df86,2021-03,South Yorkshire Police,South Yorkshire Police,-1.464192,53.412394,On or near LONGLEY DRIVE,E01007941,Sheffield 015A,Further investigation is not in the public interest
51ef8acf39ca2b4b5deba3303329431468a384248643bc42a7bbf4adbc42ee10,2021-03,South Yorkshire Police,South Yorkshire Police,-1.442201,53.394891,On or near EAST COAST ROAD,E01033269,Sheffield 022G,Unable to prosecute suspect
53d8158679f56267eac4b0abc7999627bfbab4855cb18472c10061ca82ba4db8,2021-03,South Yorkshire Police,South Yorkshire Police,-1.486072,53.423195,On or near WORDSWORTH CRESCENT,E01008090,Sheffield 012C,Unable to prosecute suspect
a105f3ab3f72f9238995ada42b64036c40bd2348d0671ef9ecd6b2d23a3e7d63,2021-03,South Yorkshire Police,South Yorkshire Police,-1.200500,53.442551,On or near HOLYWELL CRESCENT,E01007613,Doncaster 033D,Unable to prosecute suspect
54ca08c54e1357af2817649d12a04d440f0dd19a27552f390bbe04f40dac5705,2021-03,South Yorkshire Police,South Yorkshire Police,-1.480521,53.418084,On or near MOONSHINE LANE,E01008124,Sheffield 012F,Unable to prosecute suspect
c7837bf8b83cd5cb590fd61bf8df963452bff8e8d640d363df1eab8cf758ee8f,2021-03,South Yorkshire Police,South Yorkshire Police,-1.420097,53.361491,On or near KILVINGTON ROAD,E01008010,Sheffield 052E,Investigation complete; no suspect identified
edbc71ba36eeb3bffdbd231fa526b5d1907ae311eadad4a4fe52b4806c00d284,2021-03,South Yorkshire Police,South Yorkshire Police,-1.337782,53.450672,On or near ALDWARKE ROAD,E01007776,Rotherham 008B,Investigation complete; no suspect identified
fd7822620525394520015a171182dd7b2e5732ab27b8f2acc953c7f5e8136c82,2021-03,South Yorkshire Police,South Yorkshire Police,-1.191238,53.481554,On or near MARKET PLACE,E01007547,Doncaster 034B,Action to be taken by another organisation
75961aca837d139d63d01f97d691c07de4e856e3b0ee7fb8a81f2f935e3cc110,2021-03,South Yorkshire Police,South Yorkshire Police,-1.267202,53.393945,On or near MELROSE CLOSE,E01007815,Rotherham 026D,Investigation complete; no suspect identified
7a23db4c41d889e8ead8fc45b4ba6759310af4df326738892ea33f2b0f7eac94,2021-03,South Yorkshire Police,South Yorkshire Police,-1.200500,53.442551,On or near HOLYWELL CRESCENT,E01007613,Doncaster 033D,Unable to prosecute suspect
84beec82aa6ff9e39445a222089e9d98963cc48efb8f81a38f9d89745bea01eb,2021-03,South Yorkshire Police,South Yorkshire Police,-1.403530,53.591041,On or near ASH ROAD,E01007331,Barnsley 003B,Investigation complete; no suspect identified
bc485a19c49ae047d8ce34d578d12bf422f82c48d94f6f95e7677a0a4f032104,2021-03,South Yorkshire Police,South Yorkshire Police,-1.508477,53.363263,On or near Petrol Station,E01007936,Sheffield 047D,Investigation complete; no suspect identified
e89a57966acdf00db421aeaf20c946b7e5c199cd47a532f5afb2568e69e9827f,2021-03,South Yorkshire Police,South Yorkshire Police,-1.252623,53.487041,On or near CLIFF COURT,E01007544,Doncaster 032D,Unable to prosecute suspect
87ef6c1b592e1003dd3165f63417a2ab5f8d04299badb4fa5b3e57784501fed0,2021-03,South Yorkshire Police,South Yorkshire Police,-1.282878,53.492844,On or near Parking Area,E01007578,Doncaster 030B,Investigation complete; no suspect identified
eadb13387a0e5e2073bd4ec207996693698c807427711f090fe7195744f15b1d,2021-03,South Yorkshire Police,South Yorkshire Police,-1.310934,53.548289,On or near OAK ROAD,E01007372,Barnsley 014A,Unable to prosecute suspect
c3d3f9713ac624aa9a8629a3ed90ba78ed7f6f0807247e92c41831280288d6a2,2021-03,South Yorkshire Police,South Yorkshire Police,-1.277483,53.420022,On or near LINDUM DRIVE,E01007687,Rotherham 022B,Suspect charged
e3979a9c65ded72c3b6d84c1ac5141521bcf440a679d7127019c6536d77b79a6,2021-03,South Yorkshire Police,South Yorkshire Police,-1.453114,53.377665,On or near ROBINSON ROAD,E01007879,Sheffield 075B,Investigation complete; no suspect identified
7f179af9f846cb5c83f923773622e93c2be801493d5119a238be20438a42c505,2021-03,South Yorkshire Police,South Yorkshire Police,-1.476335,53.363234,On or near HARWELL ROAD,E01008108,Sheffield 042A,Investigation complete; no suspect identified
62b0708d211f8426bfe5551e4c2303438989fae71171a7a9f53357dbc644de08,2021-03,South Yorkshire Police,South Yorkshire Police,-1.512060,53.367970,On or near RUSTLINGS ROAD,E01007935,Sheffield 047C,Investigation complete; no suspect identified
585f8e25aacf310f292975bc512311ab639c46e8b72e74e3dc3122f04e2e631d,2021-03,South Yorkshire Police,South Yorkshire Police,-1.491930,53.430393,On or near DEERLANDS AVENUE,E01008085,Sheffield 009A,Further action is not in the public interest
418697792b310666cf7cacb999002d45d436088c3e4eadd5917b260950be2938,2021-03,South Yorkshire Police,South Yorkshire Police,-1.136918,53.522963,On or near Parking Area,E01007645,Doncaster 022E,Unable to prosecute suspect
2cd19a72bcff75545f0c0b4bbe303efb2d40b9a27a7e3d315994694dde530735,2021-03,South Yorkshire Police,South Yorkshire Police,-1.462213,53.366551,On or near ST ELIZABETH CLOSE,E01008096,Sheffield 043B,Unable to prosecute suspect
7690a84009450792e084187bcc2486a4dcb073420ecc236650eab45c5b02fb48,2021-03,South Yorkshire Police,South Yorkshire Police,-1.393656,53.375958,On or near HANDSWORTH ROAD,E01007909,Sheffield 032C,Unable to prosecute suspect
e04ada86eb22f3f27d833c384e4783b03ae177078e0db46c5086cd13a09bae08,2021-03,South Yorkshire Police,South Yorkshire Police,-1.473814,53.380005,On or near CARVER STREET,E01033265,Sheffield 074C,Unable to prosecute suspect
19b438d07b325d50d60f3250a3980c023d88bcab4c8f4cb25a67ed185d9f2fb0,2021-03,South Yorkshire Police,South Yorkshire Police,-1.304768,53.470484,On or near Parking Area,E01007772,Rotherham 006B,Unable to prosecute suspect
c3453468f715627ba18d7443527ddc202f32c0b325ee53f6cc7032539585398f,2021-03,South Yorkshire Police,South Yorkshire Police,-1.136918,53.522963,On or near Parking Area,E01007645,Doncaster 022E,Investigation complete; no suspect identified
3f06a879abdb55e219343591cd44f8b1c176ba8503b19badeb1c157ee19bbcfb,2021-03,South Yorkshire Police,South Yorkshire Police,-1.396843,53.418508,On or near LOCK LANE,E01007913,Sheffield 018C,Unable to prosecute suspect
3f06a879abdb55e219343591cd44f8b1c176ba8503b19badeb1c157ee19bbcfb,2021-03,South Yorkshire Police,South Yorkshire Police,-1.396843,53.418508,On or near LOCK LANE,E01007913,Sheffield 018C,Unable to prosecute suspect
3f06a879abdb55e219343591cd44f8b1c176ba8503b19badeb1c157ee19bbcfb,2021-03,South Yorkshire Police,South Yorkshire Police,-1.396843,53.418508,On or near LOCK LANE,E01007913,Sheffield 018C,Unable to prosecute suspect
d2f7cc1c0cccf5317fe9f4cb37a6628f9446b3705071d3f193b8b5a574ab7b26,2021-03,South Yorkshire Police,South Yorkshire Police,-1.472860,53.583654,On or near RADCLIFFE ROAD,E01007325,Barnsley 007C,Unable to prosecute suspect
c99e0d8360f6207cbef6b740c7b1ff3a455dbabe7285daf3112402e07be5eb99,2021-03,South Yorkshire Police,South Yorkshire Police,-1.407985,53.385396,On or near WAVERLEY ROAD,E01007907,Sheffield 032A,Offender given penalty notice
d91f2aabb25bf33a58ccedfebb97eb72af0e0a776eb97334b9fd6104f2847169,2021-03,South Yorkshire Police,South Yorkshire Police,-1.466794,53.434122,On or near WHEATA DRIVE,E01008053,Sheffield 006A,Unable to prosecute suspect
d91f2aabb25bf33a58ccedfebb97eb72af0e0a776eb97334b9fd6104f2847169,2021-03,South Yorkshire Police,South Yorkshire Police,-1.466794,53.434122,On or near WHEATA DRIVE,E01008053,Sheffield 006A,Unable to prosecute suspect
cfdaa44dadd30fe55622c62862703a006e67baae4c0d25e63fde33b1100d438d,2021-03,South Yorkshire Police,South Yorkshire Police,-1.200500,53.442551,On or near HOLYWELL CRESCENT,E01007613,Doncaster 033D,Unable to prosecute suspect
199460840f1cab33007b3cb04c13eead8fd85fa14f9d23496252c5b94e44b405,2021-03,South Yorkshire Police,South Yorkshire Police,-1.491930,53.430393,On or near DEERLANDS AVENUE,E01008085,Sheffield 009A,Further action is not in the public interest
26862691a072cef927cbb3d64b395daeee28a74282f61dfb8c28065d525cb12c,2021-03,South Yorkshire Police,South Yorkshire Police,-1.328858,53.404465,On or near Petrol Station,E01007814,Rotherham 024D,Unable to prosecute suspect
e9a520776b8a8d23f4d651144c29fbcc3450f533717d62e48318fb987432b944,2021-03,South Yorkshire Police,South Yorkshire Police,-1.313964,53.433630,On or near LAUDSDALE CLOSE,E01007737,Rotherham 013C,Unable to prosecute suspect
4fcec500eb745ff25fb715b4c0fc50ecb0de5dd42f036ba5b424a75fac80f75a,2021-03,South Yorkshire Police,South Yorkshire Police,-1.375255,53.428465,On or near HOLMES LANE,E01007715,Rotherham 016A,Unable to prosecute suspect
4fcec500eb745ff25fb715b4c0fc50ecb0de5dd42f036ba5b424a75fac80f75a,2021-03,South Yorkshire Police,South Yorkshire Police,-1.375255,53.428465,On or near HOLMES LANE,E01007715,Rotherham 016A,Unable to prosecute suspect
4fcec500eb745ff25fb715b4c0fc50ecb0de5dd42f036ba5b424a75fac80f75a,2021-03,South Yorkshire Police,South Yorkshire Police,-1.375255,53.428465,On or near HOLMES LANE,E01007715,Rotherham 016A,Unable to prosecute suspect
96bd54ee8e1c2b8f0fe6958f72747256cca8adde27f3608ec4680269f7ecc2dd,2021-03,South Yorkshire Police,South Yorkshire Police,-1.444979,53.339668,On or near LANDSEER DRIVE,E01008077,Sheffield 060D,Local resolution
8ae920c9cfa6d3accbce6b7912c6bdd4b37263cb4fc6c223aeaa61c6576623ba,2021-03,South Yorkshire Police,South Yorkshire Police,-1.427434,53.415046,On or near SANDSTONE CLOSE,E01007853,Sheffield 014D,Suspect charged
9cc1344ffd18c43f792214fc4df2659f9ef4d74716b26f4dae62cb3dc4559fbc,2021-03,South Yorkshire Police,South Yorkshire Police,-1.486131,53.360832,On or near MONCRIEFFE ROAD,E01008052,Sheffield 050F,Unable to prosecute suspect
1408367b13359001df639747c7f5ca9d64f18ba7e715ed6802eb7f82af693ca4,2021-03,South Yorkshire Police,South Yorkshire Police,-1.486131,53.360832,On or near MONCRIEFFE ROAD,E01008052,Sheffield 050F,Unable to prosecute suspect
833545fad3f3884e53a2e62c732e54bee2389bb365eb835ec68e4a9ca8ca883a,2021-03,South Yorkshire Police,South Yorkshire Police,-1.297965,53.500197,On or near CEDAR AVENUE,E01007573,Doncaster 031C,Unable to prosecute suspect
5369de644117ea2f5234fad4d23636ea36b3fd6dafecbd21432ad69d1adf49dd,2021-03,South Yorkshire Police,South Yorkshire Police,-1.324238,53.523197,On or near BECKFIELD GROVE,E01007364,Barnsley 025A,Local resolution
49b544d490ab716f837d305f26f64a148bcf740fca65faae2ccf3ad7835c18de,2021-03,South Yorkshire Police,South Yorkshire Police,-1.313964,53.433630,On or near LAUDSDALE CLOSE,E01007737,Rotherham 013C,Unable to prosecute suspect
36c98a3287b25e3d64b2ad77d420cc90d350422d3c4af608ebf04f20b2193c6c,2021-03,South Yorkshire Police,South Yorkshire Police,-1.313964,53.433630,On or near LAUDSDALE CLOSE,E01007737,Rotherham 013C,Unable to prosecute suspect
9f2828b9afe4e30cb8bd4fd9db3d5a8e4c344670289a558250ae7ce34c55b521,2021-03,South Yorkshire Police,South Yorkshire Police,-1.434212,53.418979,On or near TENTERDEN ROAD,E01007850,Sheffield 014B,Unable to prosecute suspect
832ab8c54227d7417299287c55f8c0f28318f19f9941a9006823bf1845b5ea35,2021-03,South Yorkshire Police,South Yorkshire Police,-1.434212,53.418979,On or near TENTERDEN ROAD,E01007850,Sheffield 014B,Unable to prosecute suspect
57f20e8def0e7c5b19f952630f10d2db22250ae467b12add3ce84752ad5af5b7,2021-03,South Yorkshire Police,South Yorkshire Police,-1.427434,53.415046,On or near SANDSTONE CLOSE,E01007853,Sheffield 014D,Investigation complete; no suspect identified
985c132bbea23b6b6e2f329b0b74088f86a5da1bbaee6756de34eb3db1e2d900,2021-03,South Yorkshire Police,South Yorkshire Police,-1.447197,53.409691,On or near BOLSOVER ROAD EAST,E01007944,Sheffield 022F,Unable to prosecute suspect
054f1258c063e84c6f08adfde84c5965e1d70c1f986fdd91a4dac1abc2ce1e80,2021-03,South Yorkshire Police,South Yorkshire Police,-1.434468,53.363358,On or near EDENHALL ROAD,E01008098,Sheffield 048A,Investigation complete; no suspect identified
6425252bde8f0d97823060a578cfde5325bb9dc2217383f9e9122c4a362885dd,2021-03,South Yorkshire Police,South Yorkshire Police,,,No location,,,Offender given a drugs possession warning
ed17a6ef3393c278e3e81f5ffefd110b0bcb5f9ef7d4a7cc6c14317289172a11,2021-03,South Yorkshire Police,South Yorkshire Police,-1.505613,53.546933,On or near HORSEWOOD CLOSE,E01007444,Barnsley 012F,Offender given a caution
815dab7b86300799d1cd6451e007ca16072fb138af468bf71bbea924938dc4ee,2021-03,South Yorkshire Police,South Yorkshire Police,-1.455688,53.421011,On or near OSWESTRY ROAD,E01008063,Sheffield 011B,Unable to prosecute suspect
9fcc48cceb97c1e5de4f32c987bc0f6b069ef9124541f69d73ce17273ae18b15,2021-03,South Yorkshire Police,South Yorkshire Police,-1.364621,53.535022,On or near ATTLEE CRESCENT,E01007351,Barnsley 020D,Unable to prosecute suspect
da791dfb532fc5d3e939904460deec21deea0b03b47a2d20e7e5ff8a42ff81f0,2021-03,South Yorkshire Police,South Yorkshire Police,-1.455688,53.421011,On or near OSWESTRY ROAD,E01008063,Sheffield 011B,Investigation complete; no suspect identified
ca555cc2c5b4fdcb14dc6dd2c92a2ddcf7c0cb50815df37ee04b433f01157023,2021-03,South Yorkshire Police,South Yorkshire Police,-1.379701,53.450834,On or near ROBINETS ROAD,E01007730,Rotherham 009C,Investigation complete; no suspect identified
631d8a730b523920baa1177ac3604f253f212aa5e16e47b60239fdbdf4800618,2021-03,South Yorkshire Police,South Yorkshire Police,-1.367907,53.455149,On or near CAMPBELL STREET,E01007731,Rotherham 009D,Investigation complete; no suspect identified
e6cd0a2457c18a957f3618748eea3a7295bb8a037d8b92d09ee8546229186b6f,2021-03,South Yorkshire Police,South Yorkshire Police,-1.464873,53.382159,On or near FLAT STREET,E01033268,Sheffield 075G,Investigation complete; no suspect identified
21fcc5f0d2521bd1814277741018146b0e3466f254f9b261567cbf4049580860,2021-03,South Yorkshire Police,South Yorkshire Police,-1.489218,53.390490,On or near BRANDRETH ROAD,E01008072,Sheffield 026C,Unable to prosecute suspect
469d9ad3b960b60cfe89ccfce62e54474c76c7a4323ebcc4089bf68b1386e44d,2021-03,South Yorkshire Police,South Yorkshire Police,-1.037246,53.508863,On or near RURAL CRESCENT,E01007601,Doncaster 026C,Further investigation is not in the public interest
469d9ad3b960b60cfe89ccfce62e54474c76c7a4323ebcc4089bf68b1386e44d,2021-03,South Yorkshire Police,South Yorkshire Police,-1.037246,53.508863,On or near RURAL CRESCENT,E01007601,Doncaster 026C,Further investigation is not in the public interest
469d9ad3b960b60cfe89ccfce62e54474c76c7a4323ebcc4089bf68b1386e44d,2021-03,South Yorkshire Police,South Yorkshire Police,-1.037246,53.508863,On or near RURAL CRESCENT,E01007601,Doncaster 026C,Further investigation is not in the public interest
483436d29d61fbc50e7141a1d67c33135da274be3144952e2292ceb23ce16105,2021-03,South Yorkshire Police,South Yorkshire Police,-1.314333,53.484589,On or near MANOR ROAD,E01007794,Rotherham 004C,Investigation complete; no suspect identified
4df0f3d8373db00b21e9aaa5b8227c33cb6512431a50b36fd6660301f8523757,2021-03,South Yorkshire Police,South Yorkshire Police,-1.362122,53.447236,On or near BARBOT HALL DRIVE,E01007728,Rotherham 009A,Unable to prosecute suspect
c9738473bcd619fc3333c643041907cde750a593dc8700d8f7e386fabf7508b6,2021-03,South Yorkshire Police,South Yorkshire Police,-1.148603,53.509662,On or near ALEXANDRA ROAD,E01007535,Doncaster 023D,Investigation complete; no suspect identified
3440538cd0606b7f245d09cc26f24cce36f2fdf6c509037849a7aa8609285e76,2021-03,South Yorkshire Police,South Yorkshire Police,-1.456810,53.540717,On or near SWANEE ROAD,E01007416,Barnsley 018D,Suspect charged
1882b238cdbb7acfc9551e22b80a820a428ab6b6882c905c92ef1964f3c69b2c,2021-03,South Yorkshire Police,South Yorkshire Police,-1.442580,53.436106,On or near BUTTERTHWAITE CRESCENT,E01008055,Sheffield 007C,Investigation complete; no suspect identified
87bf9bc1985b33d4f2df011686b28c627ec1999b30b8698b52dee781423217c4,2021-03,South Yorkshire Police,South Yorkshire Police,-1.385372,53.505469,On or near PLOUGHMANS CROFT,E01007695,Rotherham 001C,Investigation complete; no suspect identified
6849fbdccf4c8ee51a9ccc03ebecfeecf6208b521341da3b48a2950d3261d314,2021-03,South Yorkshire Police,South Yorkshire Police,-1.234411,53.479052,On or near ST PETER'S ROAD,E01007540,Doncaster 035D,Investigation complete; no suspect identified
3f9ea50246f82fc3de02598fd9dd10f8185a793298aeb1b94b7a82c0020c6000,2021-03,South Yorkshire Police,South Yorkshire Police,-1.500768,53.349092,On or near SPRINGFIELD ROAD,E01007929,Sheffield 055C,Investigation complete; no suspect identified
b56a2903f2b69325d65d645ec1485a577ea50c4d16f10b41d949292fa707588b,2021-03,South Yorkshire Police,South Yorkshire Police,-1.379359,53.575449,On or near KING'S STREET,E01007332,Barnsley 006C,Investigation complete; no suspect identified
b39bbe765ce288dcb47e5f58512fb3cdec8d9ea7055377b3b2cfc4f71e23d361,2021-03,South Yorkshire Police,South Yorkshire Police,-1.521723,53.421707,On or near STOCKARTH PLACE,E01033280,Sheffield 008G,Local resolution
816a816b09213d4213016f2ccc6cbd8448a15bf4728556fbe0e09e3b464f2b09,2021-03,South Yorkshire Police,South Yorkshire Police,-1.365398,53.395083,On or near NURSERY DRIVE,E01007699,Rotherham 027B,Unable to prosecute suspect
5054ded59c92f0b38a47da4c132e2192c31471c8365a489ca91df910b2533042,2021-03,South Yorkshire Police,South Yorkshire Police,-1.143778,53.531318,On or near HUNT LANE,E01007517,Doncaster 013D,Offender given a drugs possession warning
17aff83478f975773ff95303642431098e55275d8e16053f2d335dd4f2c34ec6,2021-03,South Yorkshire Police,South Yorkshire Police,-1.131598,53.516057,On or near BENTINCK CLOSE,E01007530,Doncaster 022B,Unable to prosecute suspect
29c645e6a9cd7efd35a0bd0b1c05630ddd125206536af5e5465dddbbdda41365,2021-03,South Yorkshire Police,South Yorkshire Police,-1.511413,53.373262,On or near WOODVALE ROAD,E01007862,Sheffield 038C,Local resolution
d92acd3235d622db88d1918d820ce15ce2abd3a9bebde81e96d0d9667836b42b,2021-03,South Yorkshire Police,South Yorkshire Police,-1.159709,53.497067,On or near WALPOLE CLOSE,E01007499,Doncaster 029D,Unable to prosecute suspect
830b99c5ac11d94cc9d620fa547121ac1f0d67c7c51f2618da5db04408cb5d9d,2021-03,South Yorkshire Police,South Yorkshire Police,-1.491432,53.397681,On or near LANGSETT CLOSE,E01008157,Sheffield 026D,Unable to prosecute suspect
f032d9ed0a418060506b5ee6f17056ab798f496b9f2cc6d03caaac591a5df049,2021-03,South Yorkshire Police,South Yorkshire Police,-1.439519,53.378060,On or near MALTRAVERS TERRACE,E01007886,Sheffield 075F,Further action is not in the public interest
a65136bbcb2e1d6fef81ca9248983603cdfaab5a8bd2d8bd94f8412680836a31,2021-03,South Yorkshire Police,South Yorkshire Police,-1.141407,53.553799,On or near Sports/Recreation Area,E01007506,Doncaster 010A,Investigation complete; no suspect identified
89e88f218ba1d6992edff8f8e7e8b707338a96702834d0e10add1672e621baf2,2021-03,South Yorkshire Police,South Yorkshire Police,-1.179193,53.496645,On or near BADSWORTH ROAD,E01007551,Doncaster 033B,Unable to prosecute suspect
4c17bc865f657d8e15f1d643a588be0aa45a449fedf38048f0c5b24494e7519b,2021-03,South Yorkshire Police,South Yorkshire Police,-0.971557,53.610581,On or near LOCK HILL,E01007640,Doncaster 003E,Investigation complete; no suspect identified
e1025d0646e944ea401c848903c84387666ea8a707ec1cef170e789566d411b5,2021-03,South Yorkshire Police,South Yorkshire Police,-1.477319,53.557697,On or near HONEYWELL STREET,E01007336,Barnsley 013A,Investigation complete; no suspect identified
ebff09428395256eea025f83d011882590ef7d3b30d63bd017e34f67f4e5d259,2021-03,South Yorkshire Police,South Yorkshire Police,-1.461479,53.387833,On or near WICKER,E01033270,Sheffield 022H,Unable to prosecute suspect
f2c083b4ad8f9b77a8dc478ccce2699a09ce5b7744caa4b5fe4801a4e7d86483,2021-03,South Yorkshire Police,South Yorkshire Police,-1.182320,53.582481,On or near Supermarket,E01007474,Doncaster 005F,Investigation complete; no suspect identified
00ae983cc7401a8b0d031ed26b17fd80f5610bc46a6e11a5f279812784765987,2021-03,South Yorkshire Police,South Yorkshire Police,-1.157378,53.609237,On or near SUTTON ROAD,E01007491,Doncaster 002E,Unable to prosecute suspect
252e6062baa4235f916c95f09c0a04668c1169b4d95ee9fdcb888b0cdf0188dd,2021-03,South Yorkshire Police,South Yorkshire Police,-1.476168,53.368249,On or near LONDON ROAD,E01008109,Sheffield 042B,Investigation complete; no suspect identified
8be2a639d941283579575b20bd2b1fc1bd40833a5252e6e548508584135cc23b,2021-03,South Yorkshire Police,South Yorkshire Police,-1.440513,53.359557,On or near ERRINGTON CRESCENT,E01008102,Sheffield 048C,Investigation complete; no suspect identified
2bf9a7a9142759b8cb7085e0aa91047b0649720b6dcca935c9e961ce7de09814,2021-03,South Yorkshire Police,South Yorkshire Police,-1.528011,53.317104,On or near STONECROFT ROAD,E01007923,Sheffield 068C,Investigation complete; no suspect identified
b9bdb76727f1f6174496da8a1771fad3fd7565ea8ad3f1a182966ad24501526e,2021-03,South Yorkshire Police,South Yorkshire Police,-1.342573,53.414402,On or near Hospital,E01007678,Rotherham 023B,Suspect charged
da2ec1f5ddba1dad6ac4fd035d5d76eb162df9847d36bbb381ebe6293b6194a8,2021-03,South Yorkshire Police,South Yorkshire Police,-1.352045,53.428674,On or near WELLGATE TERRACE,E01007714,Rotherham 017B,Unable to prosecute suspect
b39beb5e9c98e6b59f8967a7e5f872ea0a753502c9e93a02464e213e53abbe84,2021-03,South Yorkshire Police,South Yorkshire Police,-1.302001,53.449021,On or near CROFTS DRIVE,E01007719,Rotherham 010A,Unable to prosecute suspect
ad26df6e64dde7501524b3dd568634b1cb41f4d0ba88873736eac02943a5e680,2021-03,South Yorkshire Police,South Yorkshire Police,-1.085933,53.478144,On or near HOLMES CARR ROAD,E01007593,Doncaster 037C,Further action is not in the public interest
3edc33f81fb4aaf5b860d7f1b14d48bf60ecf0bb125870055a2b27c30a4c31fd,2021-03,South Yorkshire Police,South Yorkshire Police,-1.467241,53.531973,On or near BROCKFIELD CLOSE,E01007463,Barnsley 021F,Local resolution
f0cf4f0553ab6362c4b40d8c3b2decd13c3ebd6398cb437e6ed54d6f2cffd771,2021-03,South Yorkshire Police,South Yorkshire Police,-1.490253,53.547884,On or near RACECOMMON ROAD,E01007417,Barnsley 013D,Unable to prosecute suspect
72cdf117433eee5bdd11048512c1dfd45ae451d2af9cecadcdf40659dfaaad2d,2021-03,South Yorkshire Police,South Yorkshire Police,-1.445858,53.504614,On or near CORONATION ROAD,E01007392,Barnsley 030D,Unable to prosecute suspect
5ec14f6931657ff50bd48c46ae70f57b73cfcbb02c4473c3f1f3fcced1e52dae,2021-03,South Yorkshire Police,South Yorkshire Police,-1.383513,53.431950,On or near CROSS STREET,E01007717,Rotherham 016C,Unable to prosecute suspect
9e784e4915f05092749559c7699d9b932c401a5ce8b72beec1077bdc564d7f5e,2021-03,South Yorkshire Police,South Yorkshire Police,-1.479916,53.541673,On or near KENWORTHY ROAD,E01007413,Barnsley 017C,Suspect charged
c082f1b776f6ebd718ade7288fb5dfbedf382219d337c87fc2c0401a32d07696,2021-03,South Yorkshire Police,South Yorkshire Police,-1.441932,53.600367,On or near ALFRED STREET,E01007440,Barnsley 002D,Unable to prosecute suspect
6628e5449997bd289a31c447477f487307bc6c3e90148bc3156bdaf205ac7f3d,2021-03,South Yorkshire Police,South Yorkshire Police,-1.367014,53.453374,On or near OXFORD CLOSE,E01007731,Rotherham 009D,Unable to prosecute suspect
e0142d208d30572ec3af035b22eb6cfdac4f188bf60f27171cddb23c21c471fb,2021-03,South Yorkshire Police,South Yorkshire Police,-1.127951,53.524021,On or near PARK TERRACE,E01007645,Doncaster 022E,Investigation complete; no suspect identified
2969857cae3e8671fb3cefa5442b8ded15d1a8f4376e71a779d3f3da39908af3,2021-03,South Yorkshire Police,South Yorkshire Police,-1.475900,53.375430,On or near FITZWILLIAM GATE,E01033274,Sheffield 042G,Investigation complete; no suspect identified
f6a670b79d6f394d3d9a3ec15a7fced852f9a62934468cb7b05f74d1d65494f0,2021-03,South Yorkshire Police,South Yorkshire Police,-1.528032,53.392771,On or near WELLINGTON ROAD,E01007998,Sheffield 025B,Investigation complete; no suspect identified
293b69f7269aecedf1573345dc035e64bc49912e477a6a054ca1c02b3dc4c76e,2021-03,South Yorkshire Police,South Yorkshire Police,-1.335559,53.425186,On or near Sports/Recreation Area,E01007767,Rotherham 017C,Investigation complete; no suspect identified
fb31cf8abc15837ef379f2c62ebcc2a577aa707e1a8f0ccf6bbc382fcde107c3,2021-03,South Yorkshire Police,South Yorkshire Police,-1.464555,53.383533,On or near KING STREET,E01033264,Sheffield 073D,Investigation complete; no suspect identified
055f714d64c4388b275a17ca5837a79842a1ae43ef12ebec9a24e1317f9fd1ce,2021-03,South Yorkshire Police,South Yorkshire Police,-1.482215,53.552326,On or near PEEL SQUARE,E01007340,Barnsley 013B,Unable to prosecute suspect
b4eebaf3c52a804c146960f8392444d58fd2eadc3484bdd0c0e80ebd8670f279,2021-03,South Yorkshire Police,South Yorkshire Police,-1.495356,53.437257,On or near GRENOSIDE GRANGE CLOSE,E01008141,Sheffield 005E,Unable to prosecute suspect
d8b5a4a875e3b799cf3e54664319a6674add02432d39743d98bdfecf7a690314,2021-03,South Yorkshire Police,South Yorkshire Police,-1.480221,53.373615,On or near MOORE STREET,E01033271,Sheffield 040E,Investigation complete; no suspect identified
55357d895c46dc998f1fecb5baf225f8d1698fb497533de93729b3210744e84d,2021-03,South Yorkshire Police,South Yorkshire Police,-1.502713,53.588339,On or near BUTTERTON CLOSE,E01007357,Barnsley 004B,Unable to prosecute suspect
f3d38c0cf7aa1feb2092f7204a3bd224f915cea4c3fd0e1ee64334cd175abe56,2021-03,South Yorkshire Police,South Yorkshire Police,-1.271608,53.425694,On or near OAK MEWS,E01007683,Rotherham 019B,Unable to prosecute suspect
e2015e80184ebe48bb415fef81a69ae0e12da1d881360e4e5cb84889bdbd982e,2021-03,South Yorkshire Police,South Yorkshire Police,-1.271608,53.425694,On or near OAK MEWS,E01007683,Rotherham 019B,Unable to prosecute suspect
873080753f12845cbfecb9d830657ec3335733d951cd42e95d39ca56b4655947,2021-03,South Yorkshire Police,South Yorkshire Police,-1.436342,53.431978,On or near KEPPEL ROAD,E01007856,Sheffield 007A,Action to be taken by another organisation
fe0f8e9a0e9183b58f38e4e851e6ecf91f8f515791448e6d689d2a5cf4680994,2021-03,South Yorkshire Police,South Yorkshire Police,-1.427187,53.500580,On or near STIRLING CLOSE,E01007393,Barnsley 029B,Unable to prosecute suspect
a1942a82de11a17c2716a8908fe86445d036e6df7e2809cbda818bebd2149ca8,2021-03,South Yorkshire Police,South Yorkshire Police,-1.191238,53.481554,On or near MARKET PLACE,E01007547,Doncaster 034B,Unable to prosecute suspect
0cd065aa91f9befee703e0561b7d0e12bdea827bfba65259b88cf75f49e773f3,2021-03,South Yorkshire Police,South Yorkshire Police,-1.412476,53.413040,On or near Shopping Area,E01007913,Sheffield 018C,Investigation complete; no suspect identified
ead400ca12d19091c09f08a0490046180b432c080600a842114b5149abc97507,2021-03,South Yorkshire Police,South Yorkshire Police,-1.481767,53.545798,On or near WALL STREET,E01007340,Barnsley 013B,Suspect charged
cfeae783dba7a5470391498dea3928e69e93389d41f2f62e3bbce53b37c9c516,2021-03,South Yorkshire Police,South Yorkshire Police,-1.144489,53.547709,On or near Police Station,E01007508,Doncaster 010B,Unable to prosecute suspect
94b8f6886719424b4c9d9adcec8d38b915c01afc5c1dbd7a1f85dda7bd1deeb1,2021-03,South Yorkshire Police,South Yorkshire Police,-1.484274,53.435007,On or near CRESWICK GREAVE,E01008125,Sheffield 009G,Investigation complete; no suspect identified
d0ca9649714cf84580131b6a1b8133147141d45023b539436e062e7cc9090488,2021-03,South Yorkshire Police,South Yorkshire Police,-1.271608,53.425694,On or near OAK MEWS,E01007683,Rotherham 019B,Unable to prosecute suspect
d374dadbce82805df9cabe2a455a9253732af31490c0c10be5e3cd2baa0ac677,2021-03,South Yorkshire Police,South Yorkshire Police,-1.340608,53.418877,On or near BRUNSWICK ROAD,E01007679,Rotherham 023C,Offender given a caution
aa507e86a967999f4ca067a9f202ce2743d7d6ad7e7c3668976cbded6ebf49d0,2021-03,South Yorkshire Police,South Yorkshire Police,-1.148101,53.508337,On or near Pedestrian Subway,E01007535,Doncaster 023D,Investigation complete; no suspect identified
d28cd374d6c703a8219fbc2119a313de66dacf202ccbb3da12bebd689ecffab9,2021-03,South Yorkshire Police,South Yorkshire Police,-1.193499,53.421084,On or near HAMILTON ROAD,E01007760,Rotherham 020D,Further investigation is not in the public interest
d28cd374d6c703a8219fbc2119a313de66dacf202ccbb3da12bebd689ecffab9,2021-03,South Yorkshire Police,South Yorkshire Police,-1.193499,53.421084,On or near HAMILTON ROAD,E01007760,Rotherham 020D,Further investigation is not in the public interest
ecc99477891ee77f7595744bfd7cf5a5e6cc29666f1099e9bf24d4fb9d450f2d,2021-03,South Yorkshire Police,South Yorkshire Police,-1.370434,53.453293,On or near GREENSIDE,E01007729,Rotherham 009B,Unable to prosecute suspect
a4e28ec5c411fbaf7ef0e2c1578a2443fbc5c9129bed43075e7b3964ed601d4c,2021-03,South Yorkshire Police,South Yorkshire Police,-1.442871,53.419586,On or near JESSAMINE ROAD,E01007848,Sheffield 013A,Investigation complete; no suspect identified
bec034611b8c48504443880b5422831c368c3b5cfaa3e3732a2a7092d990449d,2021-03,South Yorkshire Police,South Yorkshire Police,-1.479916,53.541673,On or near KENWORTHY ROAD,E01007413,Barnsley 017C,Suspect charged
5c6174ef625fdab225f41bbd7143e02ea9e8914842e268c719f845b5945de8b2,2021-03,South Yorkshire Police,South Yorkshire Police,-1.476209,53.548578,On or near COPPER CLOSE,E01007338,Barnsley 017A,Unable to prosecute suspect
c5c62ee8a56a85017266c893a16be6b539490e20509f2e6cf9416c7e5312cc01,2021-03,South Yorkshire Police,South Yorkshire Police,-1.343588,53.423729,On or near FRASER ROAD,E01007675,Rotherham 023A,Unable to prosecute suspect
e59d99b8f7d08a3292cf5f786a9d2178175ed15fd83345c3dd3df5dcc1e483dc,2021-03,South Yorkshire Police,South Yorkshire Police,-1.502925,53.412974,On or near LEPPINGS LANE,E01008091,Sheffield 017C,Offender given a caution
fa9bba00c9be2895cf68f7ff076555ae99f980f18f1ae8dfbcd7b02cb43a366e,2021-03,South Yorkshire Police,South Yorkshire Police,-1.446682,53.495755,On or near CLOUGH FIELDS ROAD,E01007389,Barnsley 030A,Unable to prosecute suspect
60b83a6dd5e42a4bf422bc6dddaed40569cd6ea0b1cc2eaa812cf622303e867e,2021-03,South Yorkshire Police,South Yorkshire Police,-1.378966,53.538361,On or near HIGHFIELD ROAD,E01007348,Barnsley 020A,Unable to prosecute suspect
aad4eb146b6616d9b739335acc3d3c33d97b80ecb05ef555c014e51c8922c846,2021-03,South Yorkshire Police,South Yorkshire Police,-1.446682,53.495755,On or near CLOUGH FIELDS ROAD,E01007389,Barnsley 030A,Unable to prosecute suspect
038420fb8478cf1c7624d3983e5d617b476b2d945591aa629b31be4d2b3e0abd,2021-03,South Yorkshire Police,South Yorkshire Police,-1.491600,53.321682,On or near ATLANTIC ROAD,E01007919,Sheffield 069C,Investigation complete; no suspect identified
9792504d3d291fd4ec3c2384aa56be34dd1fbdc84103c76aa9361fd64a585a99,2021-03,South Yorkshire Police,South Yorkshire Police,-0.969370,53.604809,On or near MALVERN CLOSE,E01007640,Doncaster 003E,Investigation complete; no suspect identified
0462b2619ded66d3257c69f703a68ad7e16106a3735b79167297555b847887c7,2021-03,South Yorkshire Police,South Yorkshire Police,-1.094890,53.543686,On or near BRADFORD ROAD,E01007656,Doncaster 015F,Unable to prosecute suspect
14b7a4bd476afac9c0881fddd509b5623d4030b9796cd09b3331df006465d1b3,2021-03,South Yorkshire Police,South Yorkshire Police,-1.468300,53.384583,On or near NEW STREET,E01033264,Sheffield 073D,Investigation complete; no suspect identified
d393565a110e0183154078215ce8d3774d9b1a5a801842fc9b498f0124b4447e,2021-03,South Yorkshire Police,South Yorkshire Police,-1.439509,53.344496,On or near MORLAND BANK,E01008007,Sheffield 060A,Investigation complete; no suspect identified
33dfd46e11b8d0a0302e9665d68b892de51d1a88de672460e81536752cb742ab,2021-03,South Yorkshire Police,South Yorkshire Police,-1.320979,53.412744,On or near Supermarket,E01007811,Rotherham 024A,Investigation complete; no suspect identified
41f4743d5fb435053212348478a208bee52709b0dd73c229510ea2935dd01d14,2021-03,South Yorkshire Police,South Yorkshire Police,-1.102471,53.516300,On or near Supermarket,E01007526,Doncaster 025D,Suspect charged
d51fdad80f1078b24ed5f98cb743fec2ed2f2ee80067bd44d686c4d0db7dd991,2021-03,South Yorkshire Police,South Yorkshire Police,-1.406469,53.363591,On or near AUGHTON CLOSE,E01008008,Sheffield 045D,Local resolution
0612c7b8b0c2ea2ab959d4f5c3ddb83eb2fbc22d2565f3d9539a7beddcb45380,2021-03,South Yorkshire Police,South Yorkshire Police,-1.521723,53.421707,On or near STOCKARTH PLACE,E01033280,Sheffield 008G,Investigation complete; no suspect identified
ea53812fa9f0cea07e4f4dd9c09afa2f6fa104207d5e66343c6000692c496e46,2021-03,South Yorkshire Police,South Yorkshire Police,-1.302984,53.496613,On or near SYCAMORE COURT,E01007574,Doncaster 031D,Unable to prosecute suspect
d5a21ae311857046202ef4abdeebb2f9f9e4527be86d76e57d3f642d74f598c4,2021-03,South Yorkshire Police,South Yorkshire Police,-1.148256,53.552518,On or near HUNTINGTON STREET,E01007509,Doncaster 010C,Unable to prosecute suspect
14ca86583d6466960e34326dc1b4b0c61bd8c31d859e3dae5f6f7ae50a6da49f,2021-03,South Yorkshire Police,South Yorkshire Police,-1.448238,53.429238,On or near WHEATFIELD CRESCENT,E01008059,Sheffield 010C,Further investigation is not in the public interest
71d65f77320ec52b392b869c9001fc5eafbe940cb69f18a85a09849e9e86c295,2021-03,South Yorkshire Police,South Yorkshire Police,-1.448125,53.355404,On or near Parking Area,E01007979,Sheffield 051D,Unable to prosecute suspect
c0dd793fb9dfae0a03b802828b0fecf10ee819d592b20abd6006813e629667b0,2021-03,South Yorkshire Police,South Yorkshire Police,-1.448125,53.355404,On or near Parking Area,E01007979,Sheffield 051D,Unable to prosecute suspect
171acf16869f06422e5c0f1058b50aa5357df4148dc4f71000829ac74302ec18,2021-03,South Yorkshire Police,South Yorkshire Police,-1.190332,53.486384,On or near PRINCE'S CRESCENT,E01007547,Doncaster 034B,Investigation complete; no suspect identified
181b3f86dbc82dde310bf7aa2921c6d3863aebebe9f612fe1f5daf3ca563973f,2021-03,South Yorkshire Police,South Yorkshire Police,-1.376647,53.343538,On or near BROOKSIDE CLOSE,E01008033,Sheffield 061B,Further action is not in the public interest
366d422ccfc4b5fdfe31f2e3191f4b00e8b2b45e6360ef4e934cac23b0b389ef,2021-03,South Yorkshire Police,South Yorkshire Police,-1.472087,53.412671,On or near Parking Area,E01007943,Sheffield 019C,Local resolution
bae73753ed5c92803f603866725daf42db4851179e811e040526e927bf1932a0,2021-03,South Yorkshire Police,South Yorkshire Police,-1.442914,53.380611,On or near MALTRAVERS CRESCENT,E01007885,Sheffield 075E,Unable to prosecute suspect
588785a702c90ad2fe9c4f0b8e0e4d0d6ad79edd08d1ce9884aac70bdeec0cdf,2021-03,South Yorkshire Police,South Yorkshire Police,-1.483185,53.468908,On or near MAPPLEBECK ROAD,E01007901,Sheffield 003G,Investigation complete; no suspect identified
ae9e8e25fc437702c2fe79da4004e4d8b10eb4dde7d37cf08ddb4d5ac499f736,2021-03,South Yorkshire Police,South Yorkshire Police,-1.156623,53.493009,On or near DOWNLAND CLOSE,E01007503,Doncaster 029F,Further investigation is not in the public interest
24030786e2dbd250ef6f1794ccf7592360457d4e1ee7bc315c7dc05d3ba99f40,2021-03,South Yorkshire Police,South Yorkshire Police,-1.483185,53.468908,On or near MAPPLEBECK ROAD,E01007901,Sheffield 003G,Further action is not in the public interest
3e91d1dabd9a7c3570523e19a13b5fa5bf70b4ab0c2ce9eaaaf4b54ca86ea818,2021-03,South Yorkshire Police,South Yorkshire Police,-1.553733,53.372429,On or near WESTMINSTER CRESCENT,E01007953,Sheffield 033B,Investigation complete; no suspect identified
0fff70027ee1b9f3bf04af38eca0c25d5d150c71fbe74b059d6f99239fe27369,2021-03,South Yorkshire Police,South Yorkshire Police,-1.314297,53.487725,On or near CROWN STREET,E01007800,Rotherham 003E,Unable to prosecute suspect
26943b334127e2668a14fe242143918e06d7d640d023a228be22417eed7a782f,2021-03,South Yorkshire Police,South Yorkshire Police,-0.002005,51.439928,On or near DOWANHILL ROAD,E01003217,Lewisham 022A,Unable to prosecute suspect
0cee415578381cbd72a2d5a0423ffb2268f317ad8c1ea5adb530c36d3bbc2a47,2021-03,South Yorkshire Police,South Yorkshire Police,-1.187519,53.487731,On or near STAVELEY STREET,E01007546,Doncaster 033A,Investigation complete; no suspect identified
cae08f4749e1eaeae4e6035bcad3ddcbcf2ed8b51fb7fdf48bf9e1192e7a3064,2021-03,South Yorkshire Police,South Yorkshire Police,-1.440968,53.432736,On or near LOWHOUSE ROAD,E01008055,Sheffield 007C,Further investigation is not in the public interest
c8d3d234835d2fa828b470bda55fc17ad3c171b7b91f536f0aaa5cc272bcacd5,2021-03,South Yorkshire Police,South Yorkshire Police,-1.488662,53.320133,On or near GRESLEY ROAD,E01007916,Sheffield 069B,Unable to prosecute suspect
db3eb0c853ec777bb03cc0184dc3d9fc345dee852e8026d5db4dce353aaf72e1,2021-03,South Yorkshire Police,South Yorkshire Police,-1.155653,53.494827,On or near Supermarket,E01007498,Doncaster 029C,Investigation complete; no suspect identified
98a254035a6cc8e3ef7b2f7dd53f337f665faa942fa64eeb5a49a860569216bb,2021-03,South Yorkshire Police,South Yorkshire Police,-1.060919,53.540979,On or near ELM ROAD,E01007478,Doncaster 011D,Further action is not in the public interest
9cfab09afdfe0299127a065b5bcc1b1e0dc81b1a0fcf92f72790653982996b18,2021-03,South Yorkshire Police,South Yorkshire Police,-1.492231,53.546607,On or near CROMPTON AVENUE,E01007445,Barnsley 013G,Unable to prosecute suspect
6f8fbc5eef83d6d85c2e4041cf4ed7bdcdf8a5eccdf25b004069a8cd194e597c,2021-03,South Yorkshire Police,South Yorkshire Police,-1.109196,53.431443,On or near CASTLE GATE,E01007615,Doncaster 039D,Unable to prosecute suspect
145cb5697e2179176b3c6e4f7dcb6127a19880f39463f3d1aaa49373f70f0481,2021-03,South Yorkshire Police,South Yorkshire Police,-0.002005,51.439928,On or near DOWANHILL ROAD,E01003217,Lewisham 022A,Unable to prosecute suspect
276d313eaeecc137dff937357c81af38789d9226055bd0d23a433b0c29b9be9b,2021-03,South Yorkshire Police,South Yorkshire Police,-1.359248,53.342960,On or near Sports/Recreation Area,E01008037,Sheffield 065E,Unable to prosecute suspect
5622670196c59f38319f4c085bca7be4b8bfa6a455d128d4d84086f5d420a5e3,2021-03,South Yorkshire Police,South Yorkshire Police,-1.322091,53.363618,On or near HIGH STREET,E01007671,Rotherham 031A,Investigation complete; no suspect identified
fab62dbde68a5127df99e247f9de3bfd5f3738ec737e01958a4319b32c158d73,2021-03,South Yorkshire Police,South Yorkshire Police,-1.495703,53.385043,On or near WARRINGTON ROAD,E01008067,Sheffield 030D,Local resolution
8a8af23d244fd4e0e633e4cd323a72f54adf63edfc3ee1c398d0f5c6a2a661c7,2021-03,South Yorkshire Police,South Yorkshire Police,-1.322633,53.544374,On or near Sports/Recreation Area,E01007374,Barnsley 014C,Investigation complete; no suspect identified
6f5ce98ca31a8dcc7b60cc5db28f4b921df2a0e0bb96d242126315ccb383795c,2021-03,South Yorkshire Police,South Yorkshire Police,-1.303200,53.531211,On or near ALBERT ROAD,E01007369,Barnsley 022A,Unable to prosecute suspect
690b223daf17818fc4b32abf23871aa806d4869443a68c3b63a7d3fc0c893b5e,2021-03,South Yorkshire Police,South Yorkshire Police,-1.423445,53.362856,On or near NAVAN ROAD,E01008013,Sheffield 039C,Unable to prosecute suspect
5b6b6195834c362b83db0889d59fa8124eef6c9be3e96bfe6310cb4b199cdd26,2021-03,South Yorkshire Police,South Yorkshire Police,-1.354342,53.434017,On or near Pedestrian Subway,E01007714,Rotherham 017B,Investigation complete; no suspect identified
aa48a69c52d48adf1d244f4697235fb1ec914c7929c03fe5d65feb6f1788f75e,2021-03,South Yorkshire Police,South Yorkshire Police,-1.473181,53.419148,On or near SOUTHEY HALL ROAD,E01007946,Sheffield 015C,Investigation complete; no suspect identified
f4756ee9dc0ff715a9711402aa96c31a84dcbd6974b330005aca5fc41eaa9035,2021-03,South Yorkshire Police,South Yorkshire Police,-1.465812,53.393579,On or near ROCK STREET,E01007875,Sheffield 022B,Investigation complete; no suspect identified
465afcd0de3ab785d7333c9e1d8d9f4bb0cbbc8fdd268c2dc3abf93e8ee6bedf,2021-03,South Yorkshire Police,South Yorkshire Police,-1.452637,53.355020,On or near CALLOW MOUNT,E01007977,Sheffield 051C,Unable to prosecute suspect
74010d04bf0b7822dc045b07cd917d253ae0f228a100ff5b553d640c6dfaef78,2021-03,South Yorkshire Police,South Yorkshire Police,-1.599172,53.476139,On or near CEDAR CLOSE,E01008145,Sheffield 001B,Unable to prosecute suspect
754658b8137bd5e36429d1cae00199bb3c398ac95090dbe4a4505a9d4bc15057,2021-03,South Yorkshire Police,South Yorkshire Police,-1.451258,53.435508,On or near GATTY ROAD,E01008057,Sheffield 007D,Unable to prosecute suspect
ee9a8a921691b6df614a241dd784d594ab194489335e52ee83ae6ccac990763e,2021-03,South Yorkshire Police,South Yorkshire Police,-1.185109,53.561538,On or near THIRD AVENUE,E01007504,Doncaster 009F,Investigation complete; no suspect identified
4c6f4980e98a7988c3ca73609c2367f1a8185785ff0a30c535906ed2c832f0ee,2021-03,South Yorkshire Police,South Yorkshire Police,-1.313667,53.359498,On or near ELIZABETH ROAD,E01007673,Rotherham 030F,Suspect charged
f7dec764b9ac73ec546ee9de82622bd7aa9550c7c7e4b75de58dfed3063a71b9,2021-03,South Yorkshire Police,South Yorkshire Police,-0.971557,53.610581,On or near LOCK HILL,E01007640,Doncaster 003E,Investigation complete; no suspect identified
a7f3119364666ed2c83cfff1847b32c4ec0a17ccb4b06c777317cfa6e7373ffc,2021-03,South Yorkshire Police,South Yorkshire Police,-1.238625,53.489416,On or near THRYBERGH COURT,E01007542,Doncaster 032B,Unable to prosecute suspect
e591de7d4f937ede6376b5dca7b3ccd0e0f70e591659d72b521a1081c4a568e8,2021-03,South Yorkshire Police,South Yorkshire Police,-1.469974,53.318766,On or near BOWSHAW AVENUE,E01008084,Sheffield 070D,Suspect charged
6e4db0428c0cc0dfc6dba0e3a4819fb5f761f5ae6fb7c8687b3a718bfa28f625,2021-03,South Yorkshire Police,South Yorkshire Police,-1.599172,53.476139,On or near CEDAR CLOSE,E01008145,Sheffield 001B,Unable to prosecute suspect
b58b182a85806e7df103ec0581d6ed4c83e6c28004c5b9e17d1e1b15f6fd4d33,2021-03,South Yorkshire Police,South Yorkshire Police,-1.465215,53.528719,On or near HALDENE,E01007463,Barnsley 021F,Unable to prosecute suspect
cd44b2d1e642b099ba1cecce2f24975fb2d8d58843f99a8997ef1d09bd433e61,2021-03,South Yorkshire Police,South Yorkshire Police,-1.461724,53.363574,On or near MADEHURST GARDENS,E01008096,Sheffield 043B,Investigation complete; no suspect identified
9b5e041c1bfa91a6da4e1182030412c4ee9f58a212b97fc094c7feba1ff44dd2,2021-03,South Yorkshire Police,South Yorkshire Police,-1.082748,53.544087,On or near OGDEN ROAD,E01007656,Doncaster 015F,Unable to prosecute suspect
af799a2318e5eafd22a7da10cf1199d061ce1320f9e6a8e0c6bafcd6faea22bf,2021-03,South Yorkshire Police,South Yorkshire Police,-1.107907,53.520314,On or near Race Track,E01007644,Doncaster 019A,Unable to prosecute suspect
c7aedc087d54459fdab8319a166dd7f41139bc416c6d6e90aa2229d3cccbafc8,2021-03,South Yorkshire Police,South Yorkshire Police,-0.957187,53.622681,On or near HOLLY WALK,E01007635,Doncaster 001D,Unable to prosecute suspect
880cd0e11349397e493fa919e1f500f3b3dbce09998992c419948bb20bab5c1a,2021-03,South Yorkshire Police,South Yorkshire Police,-1.338653,53.431423,On or near MIDDLE LANE,E01007767,Rotherham 017C,Suspect charged
2a6faf4b09da60fa56fe1231be4456596b29ed450b3e0bcb0ef244b22e9f7f37,2021-03,South Yorkshire Police,South Yorkshire Police,-0.953688,53.633311,On or near BLOOMHILL COURT,E01007632,Doncaster 001A,Unable to prosecute suspect
acb636aaad10b2dc2fa14b307945bfecf44972fe9f8620c82f874dc88ac64aa3,2021-03,South Yorkshire Police,South Yorkshire Police,-1.363686,53.328323,On or near TOLL HOUSE MEAD,E01008024,Sheffield 072C,Local resolution
8450c5e662a4ce27ea36a33411c9e6a601d6d84ffd84d1e02fee626aa1640733,2021-03,South Yorkshire Police,South Yorkshire Police,-1.441039,53.377960,On or near YORKSTONE CLOSE,E01007878,Sheffield 075A,Investigation complete; no suspect identified
bc8d32af55f1a592fbc9bf410a572549ed83456593db2e92c36bf3c4d18b6466,2021-03,South Yorkshire Police,South Yorkshire Police,,,No location,,,Unable to prosecute suspect
21a50cbaa181fdef4a3535347b0efbb9eeba885f53de37c9feceaf725306bcbd,2021-03,South Yorkshire Police,South Yorkshire Police,-1.270409,53.340077,On or near Supermarket,E01007751,Rotherham 033C,Investigation complete; no suspect identified
37e5d67a36e6198ab16fc9d60c9bb4ef2a9f321d1fe418b9bd89c744e957121e,2021-03,South Yorkshire Police,South Yorkshire Police,-1.462946,53.442050,On or near SCHOLES VIEW,E01008138,Sheffield 006D,Investigation complete; no suspect identified
60caebaa41d083244e042d5eb450b805240f934410b14d7d1f354f333aa248c6,2021-03,South Yorkshire Police,South Yorkshire Police,-1.307654,53.496793,On or near Petrol Station,E01007574,Doncaster 031D,Investigation complete; no suspect identified
30395b0a770fa538d152b9085e44c3086eeeb37a087a993ce77831f5355f562c,2021-03,South Yorkshire Police,South Yorkshire Police,-1.018105,53.491529,On or near APPLE GROVE,E01007608,Doncaster 038A,Unable to prosecute suspect
08bef82ab13da54d3f6e01ae8855d52dbf0998672d2baf663fdb3433c87be8e9,2021-03,South Yorkshire Police,South Yorkshire Police,-1.373246,53.454611,On or near COACH ROAD,E01007731,Rotherham 009D,Unable to prosecute suspect
1675d284a5ca56c207befa61e64841f841d57bcdb6d909a7b953f0a304d124c0,2021-03,South Yorkshire Police,South Yorkshire Police,-1.434074,53.561869,On or near ABBOTS ROAD,E01007403,Barnsley 011C,Unable to prosecute suspect
214c44625eb3c9998b9def859667452302fdfef9645dd12bdfc44c54bcdffe9b,2021-03,South Yorkshire Police,South Yorkshire Police,-1.368004,53.515562,On or near PONTEFRACT ROAD,E01032924,Barnsley 026F,Unable to prosecute suspect
50be18b0f9cd6642b9efad54f7426f1abb4f8d689439c3bddfb2ec8500c22fc0,2021-03,South Yorkshire Police,South Yorkshire Police,-1.477040,53.419740,On or near CROWDER AVENUE,E01008123,Sheffield 015E,Investigation complete; no suspect identified
3b972e0a147cc7feb781e1ad3157707fcb0324edcfad67c8a008df3cdb7ef9c6,2021-03,South Yorkshire Police,South Yorkshire Police,-1.355568,53.433592,On or near WATER STREET,E01007714,Rotherham 017B,Suspect charged
53a3b33d7fd16c0b375a66265441a73510c10835880d2fffaf4b3fb384f08f8c,2021-03,South Yorkshire Police,South Yorkshire Police,-1.479439,53.323014,On or near TOPPHAM ROAD,E01008083,Sheffield 070C,Local resolution
4bbb54ee8ab3d8e01a85ef3e12edbe79ae40a44094e90a19e77af5dca5b4c9fe,2021-03,South Yorkshire Police,South Yorkshire Police,-1.404753,53.447887,On or near BEEVERS ROAD,E01007804,Rotherham 011B,Investigation complete; no suspect identified
96abcb7993c7025d1403777ae88beffe2d410632648de5f945a368fc2380bd47,2021-03,South Yorkshire Police,South Yorkshire Police,-1.187519,53.487731,On or near STAVELEY STREET,E01007546,Doncaster 033A,Investigation complete; no suspect identified
f50062ef3a487fd6f4f865fb1b48d299dea139c2891b84a67d0687fc01b257bc,2021-03,South Yorkshire Police,South Yorkshire Police,-1.187519,53.487731,On or near STAVELEY STREET,E01007546,Doncaster 033A,Investigation complete; no suspect identified
003d5813c5b7df4788799178833d8e2e2da2825bbcdd46df2bc47815299706f9,2021-03,South Yorkshire Police,South Yorkshire Police,-1.479439,53.323014,On or near TOPPHAM ROAD,E01008083,Sheffield 070C,Local resolution
ef68d92b076263edd7a373515aa7b1f11fdb0c36732b9adf281bd5734e6b8f24,2021-03,South Yorkshire Police,South Yorkshire Police,-1.302823,53.495380,On or near CHAPEL STREET,E01007574,Doncaster 031D,Unable to prosecute suspect
8b0d0d1de6ab7deb07ef34c8014ec75fb9c3ff0d0a9e185b6174993949e7a505,2021-03,South Yorkshire Police,South Yorkshire Police,-1.357353,53.363112,On or near Parking Area,E01007965,Sheffield 044A,Unable to prosecute suspect
da54ac4389f3a9b077057baf9216c28335d947c003dd535eb88c00e92394d301,2021-03,South Yorkshire Police,South Yorkshire Police,,,No location,,,Investigation complete; no suspect identified
410667d1bfd606748bccb2e135c1a71b89964720113d78a32d16a680ad3203fd,2021-03,South Yorkshire Police,South Yorkshire Police,-1.188087,53.487187,On or near VICTORIA ROAD,E01007545,Doncaster 034A,Offender given a drugs possession warning
b8d100c2bdefa64d9dbc643408437e8620e6a2a304c1d6f202ad297b1eda3517,2021-03,South Yorkshire Police,South Yorkshire Police,-1.534414,53.353614,On or near FOLKWOOD GROVE,E01007939,Sheffield 055F,Local resolution
b16f9d065292991886999d2f317ee74f34861b7efef694c05f8549b775db5ecd,2021-03,South Yorkshire Police,South Yorkshire Police,-1.350509,53.434661,On or near ST ANN'S ROAD,E01007714,Rotherham 017B,Local resolution
c8c64ab9d0bdcb02ea6f01664c0ff3ae1b6c7999e9bbd5c4d51ed6007fe974c9,2021-03,South Yorkshire Police,South Yorkshire Police,-1.145255,53.532128,On or near Petrol Station,E01007517,Doncaster 013D,Unable to prosecute suspect
f39e818a4e34f94f94a110b81edc689e7a8ba50f439f87fc12099191234a28c1,2021-03,South Yorkshire Police,South Yorkshire Police,-1.442413,53.376330,On or near BOUNDARY ROAD,E01007878,Sheffield 075A,Unable to prosecute suspect
48f49d81bc6515f17279ea9dbfe1d4d59ab7844c1822d7ff0aedf749e753656d,2021-03,South Yorkshire Police,South Yorkshire Police,-1.551537,53.374003,On or near WESTMINSTER AVENUE,E01007957,Sheffield 041C,Unable to prosecute suspect
a58592cd178e5424eac2f61fd8dbfc35040c297c393767898ebdf418ea2eae45,2021-03,South Yorkshire Police,South Yorkshire Police,-1.386142,53.431245,On or near UPPER CLARA STREET,E01007718,Rotherham 016D,Investigation complete; no suspect identified
e054a30c4cc5e15b7c8708fded6d7bc0afd3dc11d9714051a4657f03d6e05822,2021-03,South Yorkshire Police,South Yorkshire Police,-1.444871,53.433555,On or near HESLEY ROAD,E01008054,Sheffield 007B,Investigation complete; no suspect identified
ebfd6de2c821a2033aef788f0c553068746a0009d55416b5e5626be4397d6545,2021-03,South Yorkshire Police,South Yorkshire Police,-1.428958,53.361849,On or near QUEEN MARY MEWS,E01008013,Sheffield 039C,Investigation complete; no suspect identified
2c5fdb54464f21fd2ecf13a115d293456838966557a43cbc924b3e737e554b50,2021-03,South Yorkshire Police,South Yorkshire Police,-1.551537,53.374003,On or near WESTMINSTER AVENUE,E01007957,Sheffield 041C,Unable to prosecute suspect
6ea935875f975090f0efbd81a6556ba40431cd4842e0eba05c48934e4548fa30,2021-03,South Yorkshire Police,South Yorkshire Police,-1.459447,53.381999,On or near ANSON STREET,E01033268,Sheffield 075G,Investigation complete; no suspect identified
0771110bd2577990a4d71aa4b7ccbd53eb9cf4a0b84a8b680dbc893581a6e034,2021-03,South Yorkshire Police,South Yorkshire Police,-1.490253,53.547884,On or near RACECOMMON ROAD,E01007417,Barnsley 013D,Offender given a caution
4c1de6a77d35c9141bc5be721582d894aa586fe7d88cc523b8dc76280d713c9a,2021-03,South Yorkshire Police,South Yorkshire Police,-1.444524,53.409364,On or near LLOYD STREET,E01007944,Sheffield 022F,Investigation complete; no suspect identified
357a70151b457ee14cc46647a2d7f1a1d884f06843d6be6304b716a29d88c5d1,2021-03,South Yorkshire Police,South Yorkshire Police,-1.481963,53.415870,On or near GALSWORTHY ROAD,E01008124,Sheffield 012F,Investigation complete; no suspect identified
893d3ff4dd811f6553cf3d02ec7e03a28085344e3da085e637ffc120558dc815,2021-03,South Yorkshire Police,South Yorkshire Police,-1.599705,53.488356,On or near Parking Area,E01008144,Sheffield 001A,Investigation complete; no suspect identified
b85c979e0a6ddde14eee3837edab6386f5d5af6dab027e699e33c54da1793ca7,2021-03,South Yorkshire Police,South Yorkshire Police,-1.482386,53.426874,On or near BUCHANAN CRESCENT,E01033277,Sheffield 011E,Suspect charged
dd960e035c783e12742b922d67c44f69338c0e13394befbf93bbaa10c1bd0380,2021-03,South Yorkshire Police,South Yorkshire Police,-1.345392,53.434633,On or near ST LEONARD'S ROAD,E01007768,Rotherham 014D,Unable to prosecute suspect
65c8945c6351ae7ed8d46f1bad6fceda046fedefe9a157442000dbec6fe6d9ea,2021-03,South Yorkshire Police,South Yorkshire Police,-1.423554,53.547258,On or near CUMBERLAND DRIVE,E01007321,Barnsley 015B,Investigation complete; no suspect identified
751b5d3517e01435e462d9a87244884e5159b7634849dfb9637ef2f197e9ca3a,2021-03,South Yorkshire Police,South Yorkshire Police,-1.108799,53.430298,On or near CASTLE COURT,E01007615,Doncaster 039D,Investigation complete; no suspect identified
f3358ce8bd26f526cc949846b75a1463264aa0292b3ed7b6091ff60eeac83ab2,2021-03,South Yorkshire Police,South Yorkshire Police,-1.379790,53.536720,On or near WOODFIELD CLOSE,E01007352,Barnsley 020E,Unable to prosecute suspect
c8927ea899d8c5eddfe830760c5e685a05241b1ed2b38a2aeebf2ae7975e14b1,2021-03,South Yorkshire Police,South Yorkshire Police,-1.140942,53.491046,On or near PLANTATION ROAD,E01007502,Doncaster 028C,Investigation complete; no suspect identified
4331e9e5f6c463a00b3a32fa610ce003c5ee0fbeeaa1c1ce2b26b704f82aac0a,2021-03,South Yorkshire Police,South Yorkshire Police,-1.424003,53.419523,On or near NEWMAN ROAD,E01007850,Sheffield 014B,Investigation complete; no suspect identified
86bd92c65d74809faa738f93d23bd1fe7fa5aa9c416ccdc07f212e91ca934a5f,2021-03,South Yorkshire Police,South Yorkshire Police,-1.499108,53.367728,On or near STEEL ROAD,E01008047,Sheffield 046C,Investigation complete; no suspect identified
af4204412e11a304fc12ba3b8e0cc50c695ab8e20a845abe74a11815c1f52875,2021-03,South Yorkshire Police,South Yorkshire Police,-1.390756,53.442226,On or near HUTTON ROAD,E01007806,Rotherham 011D,Investigation complete; no suspect identified
d041b7caecf334be7a61c66a661b495a6399cad2b5a68dcc78af56b70c161acf,2021-03,South Yorkshire Police,South Yorkshire Police,-1.503093,53.566274,On or near THE CRESCENT,E01007381,Barnsley 012C,Investigation complete; no suspect identified
f92e8cc7c8914cef6fff0b77d5e1defc5d33acea2dc0983ebd6552a94648a0fe,2021-03,South Yorkshire Police,South Yorkshire Police,-1.483222,53.544025,On or near TOWER STREET,E01007415,Barnsley 013C,Investigation complete; no suspect identified
d4793069d60c39b9a8a1277f19feeaf6f5c816ba366d452b355bd4908f41daf6,2021-03,South Yorkshire Police,South Yorkshire Police,-1.481991,53.418521,On or near HILLTOP GREEN,E01008122,Sheffield 012E,Investigation complete; no suspect identified
a47524164399d6d05274f4dac518763bf0e3fee69649cecc6ead029e796f743d,2021-03,South Yorkshire Police,South Yorkshire Police,-1.458638,53.413798,On or near LONGLEY HALL WAY,E01007947,Sheffield 013C,Unable to prosecute suspect
a47524164399d6d05274f4dac518763bf0e3fee69649cecc6ead029e796f743d,2021-03,South Yorkshire Police,South Yorkshire Police,-1.458638,53.413798,On or near LONGLEY HALL WAY,E01007947,Sheffield 013C,Unable to prosecute suspect
50db21fc73d571bac433ced4aa08f7f81cea806bab71045c7b6ee38b9cfa8354,2021-03,South Yorkshire Police,South Yorkshire Police,-1.390772,53.443241,On or near WAINWRIGHT ROAD,E01007807,Rotherham 011E,Investigation complete; no suspect identified
a173387eddd10fdd81ed1e90200d0382f47737e9da2c9b526a65e75e27fbae6a,2021-03,South Yorkshire Police,South Yorkshire Police,-1.399562,53.413426,On or near Pedestrian Subway,E01007913,Sheffield 018C,Investigation complete; no suspect identified
22824c062b8b191034f1e2edd62ff3d3e9f058cd7b4dd78a3f29cb7c5b545206,2021-03,South Yorkshire Police,South Yorkshire Police,-1.379790,53.536720,On or near WOODFIELD CLOSE,E01007352,Barnsley 020E,Unable to prosecute suspect
f7effa9e6b0c9d5e37f6f8824b4630420421d41c0736fb6d0c57e54b6fa3f733,2021-03,South Yorkshire Police,South Yorkshire Police,-0.945115,53.629613,On or near KENTS GARDENS,E01007633,Doncaster 001B,Investigation complete; no suspect identified
d620afd9483da5dcb73e81441e50ca8064d51e77628292927eb28f6a5eaafcde,2021-03,South Yorkshire Police,South Yorkshire Police,-1.466440,53.414327,On or near HERRIES DRIVE,E01007941,Sheffield 015A,Investigation complete; no suspect identified
c8cb60670231ab57fb66508e4ab798156676c9b33675c81b83cbcf8f92c866a5,2021-03,South Yorkshire Police,South Yorkshire Police,-1.465084,53.414438,On or near PIPER ROAD,E01007941,Sheffield 015A,Investigation complete; no suspect identified
7fa09c973346159f88af8d0fef0c4f5fc7ccc23fd28f18b233e309978464a338,2021-03,South Yorkshire Police,South Yorkshire Police,-1.140854,53.549804,On or near BERESFORD STREET,E01007508,Doncaster 010B,Investigation complete; no suspect identified
01138c0e84fbbb93133ddc5f0d0f9bd951c25e7dfe05b889ac9f59faa3a90254,2021-03,South Yorkshire Police,South Yorkshire Police,-1.216129,53.431024,On or near FRETWELL CLOSE,E01007755,Rotherham 018C,Unable to prosecute suspect
3a061bd9cf7d5d86d3903ad9dc23840f4e9a1ec6347f7bfc053e94a844759529,2021-03,South Yorkshire Police,South Yorkshire Police,-1.499431,53.337617,On or near DALEWOOD ROAD,E01007825,Sheffield 066B,Investigation complete; no suspect identified
507e53b8cd60c53d11881fe2a7f7fc96141ace2962123423b7925ba8fa73b74c,2021-03,South Yorkshire Police,South Yorkshire Police,-1.299016,53.529730,On or near LINDALE GARDENS,E01007370,Barnsley 022B,Investigation complete; no suspect identified
848c243a3dd1288df0f252dfd5f3ff81069bb1c30d8e7f00b7f900e61f92a0a6,2021-03,South Yorkshire Police,South Yorkshire Police,-1.473165,53.546983,On or near DENISON COURT,E01007338,Barnsley 017A,Local resolution
4b413425e6e67d9d5f31f13e7f349d1df80b113b7860806180dcf78deabe16d4,2021-03,South Yorkshire Police,South Yorkshire Police,-1.335011,53.433308,On or near LORD STREET,E01007770,Rotherham 014E,Local resolution
87d4a904e1d7027b0a749631d30a15e929610f056dca1f5f005761b201e480e8,2021-03,South Yorkshire Police,South Yorkshire Police,-1.299607,53.449034,On or near PARK LANE,E01007719,Rotherham 010A,Investigation complete; no suspect identified
805e50765b5b6da351aeddf61905e2211933fab2885dcba727750023b6c3f2ff,2021-03,South Yorkshire Police,South Yorkshire Police,-1.315394,53.368955,On or near WALPOLE GROVE,E01007668,Rotherham 030B,Unable to prosecute suspect
30731e283140837c8044c229a3857f925e77d4a0e875de43e924603283381179,2021-03,South Yorkshire Police,South Yorkshire Police,-1.341431,53.456157,On or near GOOSEBUTT STREET,E01007783,Rotherham 008C,Unable to prosecute suspect
5d80e55c504872eb8253086a173d14c042f134c26c91d5cc98a65badd8912e51,2021-03,South Yorkshire Police,South Yorkshire Police,-1.298915,53.490108,On or near ROWMS LANE,E01007800,Rotherham 003E,Unable to prosecute suspect
cf024a741b333ffdca0af5b63f1d3eff399a23f31fb185427bd46c356344ec6c,2021-03,South Yorkshire Police,South Yorkshire Police,-1.483085,53.369151,On or near MACKENZIE STREET,E01008107,Sheffield 040C,Unable to prosecute suspect
2b2c7bd0e750d37003029e770620ecf3c1edfc179521cfe8c47fa79d5b15f881,2021-03,South Yorkshire Police,South Yorkshire Police,-1.474190,53.460518,On or near HUNSHELF ROAD,E01007895,Sheffield 004F,Unable to prosecute suspect
907b67423fd9048835443b4957da673d882988e03561cf421477d6548042db6a,2021-03,South Yorkshire Police,South Yorkshire Police,-1.395643,53.427797,On or near FOX STREET,E01007745,Rotherham 015E,Local resolution
73fc92a508b1618947beb091d5254b7a5b8ff94b1e12cabfaaff75972b534d68,2021-03,South Yorkshire Police,South Yorkshire Police,-1.485056,53.388989,On or near ADELPHI STREET,E01008065,Sheffield 026A,Unable to prosecute suspect
2e2063d692794e010fe7cf1c8714ff1f7cda23feb9655063caa0ff8ba40616c2,2021-03,South Yorkshire Police,South Yorkshire Police,-1.459365,53.559326,On or near TREWAN COURT,E01007335,Barnsley 009B,Unable to prosecute suspect
2e2063d692794e010fe7cf1c8714ff1f7cda23feb9655063caa0ff8ba40616c2,2021-03,South Yorkshire Police,South Yorkshire Police,-1.459365,53.559326,On or near TREWAN COURT,E01007335,Barnsley 009B,Unable to prosecute suspect
9bd098fd349c752f7f55fe86082f6fcbcad3b24f6b5a7dfa5082981dcc3a8f83,2021-03,South Yorkshire Police,South Yorkshire Police,-1.482330,53.426487,On or near BUCHANAN DRIVE,E01033277,Sheffield 011E,Investigation complete; no suspect identified
8887689f5f6d252e59681ef1f598e384489e8173854ebf0c2d159eb980171776,2021-03,South Yorkshire Police,South Yorkshire Police,-1.165149,53.541662,On or near MOSSDALE CLOSE,E01007512,Doncaster 012A,Unable to prosecute suspect
e2069ff37c8ca20d1164b1e734f2636ac622d4f08d04bf5fa95d4d2a152145c2,2021-03,South Yorkshire Police,South Yorkshire Police,-1.452775,53.431038,On or near HARTLEY BROOK AVENUE,E01008060,Sheffield 010D,Unable to prosecute suspect
99bab2747f4106b879e2684eadc4984eea7b32d4e8484351d88ec57625c593f2,2021-03,South Yorkshire Police,South Yorkshire Police,-1.459365,53.559326,On or near TREWAN COURT,E01007335,Barnsley 009B,Unable to prosecute suspect
99bab2747f4106b879e2684eadc4984eea7b32d4e8484351d88ec57625c593f2,2021-03,South Yorkshire Police,South Yorkshire Police,-1.459365,53.559326,On or near TREWAN COURT,E01007335,Barnsley 009B,Unable to prosecute suspect
3f6f8a048e84e441989f7f002fd10fc38d7dbcbbf13a96d8bc5cf16dc9cfade4,2021-03,South Yorkshire Police,South Yorkshire Police,-1.459365,53.559326,On or near TREWAN COURT,E01007335,Barnsley 009B,Unable to prosecute suspect
c1332ee8407d9efc1e4b5ad00827c3a60f02e52ef362fd260b215ea710b45238,2021-03,South Yorkshire Police,South Yorkshire Police,-1.142308,53.491334,On or near BRIDGELAKE DRIVE,E01007502,Doncaster 028C,Unable to prosecute suspect
ced2e1e8d336b013002e6a2146366dd3323a8fad022e2c5ac93eee78f3b36d23,2021-03,South Yorkshire Police,South Yorkshire Police,-1.513182,53.351255,On or near SILVERDALE GLADE,E01007930,Sheffield 055D,Investigation complete; no suspect identified
1bc70480515e1e96b392eafd6e5ed787ef6c75ec61d22d426ea31354014c6a90,2021-03,South Yorkshire Police,South Yorkshire Police,-1.142308,53.491334,On or near BRIDGELAKE DRIVE,E01007502,Doncaster 028C,Unable to prosecute suspect
09b80f87dcb94f7496461ee747c7af27a82cb2eee779858377746ca6cb73d598,2021-03,South Yorkshire Police,South Yorkshire Police,-1.109257,53.530733,On or near Hospital,E01007567,Doncaster 018D,Unable to prosecute suspect
9919427cdc1dad267cb2c9a9306c73e906cae2dfb85c5b31e9814cc20fab8c84,2021-03,South Yorkshire Police,South Yorkshire Police,-1.503322,53.555705,On or near MARY'S PLACE,E01007446,Barnsley 012G,Unable to prosecute suspect
621079987aafb566a494050416e8809ee66a77e4fab9111ab9258c342a9fcb4b,2021-03,South Yorkshire Police,South Yorkshire Police,-1.474190,53.460518,On or near HUNSHELF ROAD,E01007895,Sheffield 004F,Unable to prosecute suspect
81ea9ee418fefdd35fc77ccc52e05e217ea8e8c6657f8348412b21bc8eae076a,2021-03,South Yorkshire Police,South Yorkshire Police,-1.377710,53.346905,On or near FOUR WELLS DRIVE,E01033279,Sheffield 076F,Investigation complete; no suspect identified
50cebc3a9c9aaf02371177def1388833a3917e6e95e158d745b8f155d192d15b,2021-03,South Yorkshire Police,South Yorkshire Police,-1.422173,53.386904,On or near RIBSTON PLACE,E01007883,Sheffield 027A,Local resolution
51fd4ed4dcb2d3fc10eeb2dbe0baa1edc36aa25ff4662de23787ea9c89af1985,2021-03,South Yorkshire Police,South Yorkshire Police,-1.495497,53.425294,On or near BROWNING CLOSE,E01008086,Sheffield 009B,Offender given penalty notice
c5835caa35061a95bf261886f4ee3803b4d05029e4a3fa509e5081e9f53e68bd,2021-03,South Yorkshire Police,South Yorkshire Police,-1.189379,53.564839,On or near WOODLANDS ROAD,E01007464,Doncaster 009A,Unable to prosecute suspect
40e5e651c9d3f2edd91e4729112d3d2dd275e504cba981c305dc149b30ec9012,2021-03,South Yorkshire Police,South Yorkshire Police,-1.474027,53.557809,On or near MEADOW STREET,E01007336,Barnsley 013A,Investigation complete; no suspect identified
24ef280d9f9f5a07c9d3347e429ec035e53d3599093a7ce74f2958e530045e3f,2021-03,South Yorkshire Police,South Yorkshire Police,-1.474027,53.557809,On or near MEADOW STREET,E01007336,Barnsley 013A,Investigation complete; no suspect identified
6f4332097e14bc503b9b8a51957949fc3ea0fafbc171c561806f9dcf611e7f31,2021-03,South Yorkshire Police,South Yorkshire Police,-1.462787,53.411695,On or near NORWOOD GRANGE DRIVE,E01007941,Sheffield 015A,Unable to prosecute suspect
777cbd51c70e7ac97fbdcbdc53b589a7f37a635d330f6902cd43f63f1d8ba973,2021-03,South Yorkshire Police,South Yorkshire Police,-1.471089,53.527091,On or near KENDAL CRESCENT,E01007459,Barnsley 021B,Unable to prosecute suspect
e94222476786d52d9beec71348f1ea5c499c1d11ec0db39026511e2c07ac0c1a,2021-03,South Yorkshire Police,South Yorkshire Police,-1.362558,53.405998,On or near GRESHAM AVENUE,E01007702,Rotherham 025B,Investigation complete; no suspect identified
cb7be411487c153dba03d654708e1b5d22b6c971e99d069c2ec853f3cadb3f44,2021-03,South Yorkshire Police,South Yorkshire Police,-1.388935,53.454764,On or near Pedestrian Subway,E01007732,Rotherham 009E,Unable to prosecute suspect
a821b1a1d18c642eaa90d088d77e04be09a5845c1694df457fe134517d17db79,2021-03,South Yorkshire Police,South Yorkshire Police,-1.144784,53.615413,On or near HIGHFIELD ROAD,E01007492,Doncaster 002F,Investigation complete; no suspect identified
839165475122de8948b56b9ef9be5413bd9d22c70ba338a375b3dd3e0829c428,2021-03,South Yorkshire Police,South Yorkshire Police,-1.468894,53.383992,On or near ST PETER'S CLOSE,E01033262,Sheffield 073B,Investigation complete; no suspect identified
718328a794d3a7a1e19928a88f6d8f1912ec636b7de9873c7cfed69b8de17bd6,2021-03,South Yorkshire Police,South Yorkshire Police,,,No location,,,Investigation complete; no suspect identified
db553f623e9413f936a11a1e09bb83e6e15a5229c429ac7f34be9e90468138f8,2021-03,South Yorkshire Police,South Yorkshire Police,-1.481856,53.432103,On or near KNUTTON ROAD,E01008125,Sheffield 009G,Suspect charged
c08cdeeb752f5c1e7867882403d9d0a614901ae88bd69733b70df304a8e7cd63,2021-03,South Yorkshire Police,South Yorkshire Police,-1.497437,53.365419,On or near SANDBECK PLACE,E01008049,Sheffield 050D,Unable to prosecute suspect
e20bd1a684b44d79c4eefd3e65244aed82014d907b3e3b2007ec1f24c1fed7bf,2021-03,South Yorkshire Police,South Yorkshire Police,-1.480943,53.322787,On or near TOPPHAM WAY,E01008083,Sheffield 070C,Local resolution
86a399e68cd6988034851a0d54b66145c012655b6264e6b91dcc412e28c6c34e,2021-03,South Yorkshire Police,South Yorkshire Police,-1.452704,53.355704,On or near CALLOW DRIVE,E01007977,Sheffield 051C,Unable to prosecute suspect
7c203161ef90c115ca917a529ba2ce81b7805cb67582a948d37d1cdd46850372,2021-03,South Yorkshire Police,South Yorkshire Police,-1.491342,53.387605,On or near CROOKESMOOR DRIVE,E01008073,Sheffield 030E,Unable to prosecute suspect
1fe182be317d55dcccddb24cfc47b16b33c688ee636a70795fd702782fdfc189,2021-03,South Yorkshire Police,South Yorkshire Police,-1.142432,53.509816,On or near CLARENCE AVENUE,E01007534,Doncaster 028D,Unable to prosecute suspect
6db2039313a8269b00ad9ff6b1311ffd5eef85512b68bc78e50efd2dbbd2d3d7,2021-03,South Yorkshire Police,South Yorkshire Police,-1.122791,53.533583,On or near Supermarket,E01007654,Doncaster 019F,Suspect charged
8e66aa16cda5d4928d675141ca046f2f59b496d423c0d49debbcc8bc19252f62,2021-03,South Yorkshire Police,South Yorkshire Police,-1.478118,53.503788,On or near ROCKINGHAM STREET,E01007399,Barnsley 028D,Unable to prosecute suspect
0580ff3987961c221a3c85893e85fc816a690f7c9c227de084851d722180b4e6,2021-03,South Yorkshire Police,South Yorkshire Police,-1.172639,53.501885,On or near MULBERRY COURT,E01007551,Doncaster 033B,Investigation complete; no suspect identified
c13a5a89dc11b4169fdb83768584d0d9db7f067985b5d6b863bfe81f847a4eb1,2021-03,South Yorkshire Police,South Yorkshire Police,-1.326495,53.424515,On or near SWINBURNE PLACE,E01007708,Rotherham 021A,Investigation complete; no suspect identified
21d22afb15840fb27f12d3043baa20a4a9ebe6e63ce901956d49b425302e17c9,2021-03,South Yorkshire Police,South Yorkshire Police,-1.124088,53.533629,On or near RADIANCE ROAD,E01007654,Doncaster 019F,Unable to prosecute suspect
9858e9696d2fe8af9ce65e65c119942f383074b6c224833e6470d370b666f2a9,2021-03,South Yorkshire Police,South Yorkshire Police,-1.526499,53.395390,On or near WOODFARM AVENUE,E01007998,Sheffield 025B,Investigation complete; no suspect identified
fb8d09c388ebc63cddcdc7873b7afd144aeb6cfd1f8ed42ae854ffc722755967,2021-03,South Yorkshire Police,South Yorkshire Police,-1.503142,53.396913,On or near LISTER ROAD,E01008156,Sheffield 024E,Further action is not in the public interest
76357b100ce7939aecf69bf73b1f40a16b72c94a42211f1ddbd5a31d69267158,2021-03,South Yorkshire Police,South Yorkshire Police,-1.565611,53.497567,On or near ORMSBY CLOSE,E01007423,Barnsley 027C,Local resolution
d66b2b5a35a5472c2002a8d9828bce27e7e3e6e11a74515966901d37631af464,2021-03,South Yorkshire Police,South Yorkshire Police,-1.482347,53.323440,On or near LUPTON ROAD,E01007916,Sheffield 069B,Unable to prosecute suspect
aae2119239162dee3bbe8e64b0a6a817d26dacc42935cee116f726b05fbf4702,2021-03,South Yorkshire Police,South Yorkshire Police,-1.458238,53.383720,On or near Parking Area,E01033268,Sheffield 075G,Unable to prosecute suspect
39686743a7d9fef57d13650d118959013f6477a7acb9abf53970c163c35dd2ae,2021-03,South Yorkshire Police,South Yorkshire Police,-1.212603,53.368474,On or near LITTLEFIELD ROAD,E01007790,Rotherham 029E,Investigation complete; no suspect identified
5875fb7829b52d765fcddecd474e5c49489ed06f2ad7d17bbbb53d0cada40258,2021-03,South Yorkshire Police,South Yorkshire Police,-1.409334,53.585416,On or near MUIRFIELD CLOSE,E01007342,Barnsley 003C,Local resolution
eded10dc7c15d4556283282eb59697b23a28af2d01b1f4f0517280eca63f6678,2021-03,South Yorkshire Police,South Yorkshire Police,-0.953596,53.630290,On or near BELVEDERE DRIVE,E01007635,Doncaster 001D,Investigation complete; no suspect identified
25d8312eeb4675a668f442135397fe84c3382187c4a6a44fd03070300f213c10,2021-03,South Yorkshire Police,South Yorkshire Police,-1.520101,53.536331,On or near INTAKE CRESCENT,E01007384,Barnsley 019C,Unable to prosecute suspect
6d54d67bf6b705b60b59dc883d476da0b25ce27ff63dd1a1c2c194f2dab92e14,2021-03,South Yorkshire Police,South Yorkshire Police,-1.385297,53.503356,On or near LEEWOOD CLOSE,E01007695,Rotherham 001C,Investigation complete; no suspect identified
549afbed70417b7cb0b3447c4352e005291d5946a03da05b1f7bf2bb971b464a,2021-03,South Yorkshire Police,South Yorkshire Police,-1.193722,53.584967,On or near FRENCH STREET,E01007474,Doncaster 005F,Unable to prosecute suspect
0eebd87abebfd3ddf0af4f777078559fa1f3b725a03004fb671ad0405025d7d5,2021-03,South Yorkshire Police,South Yorkshire Police,-1.297939,53.500889,On or near ELM ROAD,E01007573,Doncaster 031C,Unable to prosecute suspect
d8cbf96ae7921d3c0b55767a3b51b6d797689c0239dc07a608f03cb856991aa3,2021-03,South Yorkshire Police,South Yorkshire Police,-1.117096,53.528121,On or near VICTORIAN CRESCENT,E01007646,Doncaster 019B,Suspect charged
eff5bd4e8aa60d50c1fd65363be085103fff9ec02c4cfcfe501be0326be7065b,2021-03,South Yorkshire Police,South Yorkshire Police,-1.417107,53.386825,On or near LOCKE DRIVE,E01007906,Sheffield 027D,Unable to prosecute suspect
aa8bda8bb9b4cbd65e3c337bdd52b3d61ec04fb9268ee1c7a7b6e8d92c6ec50b,2021-03,South Yorkshire Police,South Yorkshire Police,-1.184567,53.631331,On or near RYECROFT AVENUE,E01007493,Doncaster 002G,Further action is not in the public interest
617d40f3a97559a5c3c3da4abb4487f21b49b32f6a469675fa98eb2a8c5bee27,2021-03,South Yorkshire Police,South Yorkshire Police,-1.446658,53.514972,On or near QUARRY ROAD,E01007395,Barnsley 030E,Investigation complete; no suspect identified
c1239f16fd15cf8c4c7ca53d9bafd0da60e77e80d669a4ac11ce2795a5eb4d4b,2021-03,South Yorkshire Police,South Yorkshire Police,-1.417237,53.379536,On or near MATHER ROAD,E01008016,Sheffield 032F,Unable to prosecute suspect
03202c088b493309bd7b00d42ba00f15fa0d53f27d4ee227b35017e3aeb05575,2021-03,South Yorkshire Police,South Yorkshire Police,-1.068218,53.554258,On or near CHURCH BALK LANE,E01007476,Doncaster 011B,Unable to prosecute suspect
ebbddcfb8139eb634d881994bbbb868151366f58fec0af08b1792266ef080f25,2021-03,South Yorkshire Police,South Yorkshire Police,-1.289886,53.425175,On or near GREEN LANE,E01007724,Rotherham 021E,Investigation complete; no suspect identified
e1a3443ef86b6a563382087b4d573036cbc6157a7d70628475ece943ceb5eb1f,2021-03,South Yorkshire Police,South Yorkshire Police,-1.384403,53.348405,On or near DYKE VALE WAY,E01033278,Sheffield 076E,Investigation complete; no suspect identified
849a169c1d3a7cdf902546b97170127371815ee2b2d352abcbd88ab5533f1c53,2021-03,South Yorkshire Police,South Yorkshire Police,-1.166114,53.538639,On or near YORK ROAD,E01007512,Doncaster 012A,Investigation complete; no suspect identified
7d50bf7d22bc9a4fc56a15dc860b63828ddba7861a683f32d7f7f14a1f806589,2021-03,South Yorkshire Police,South Yorkshire Police,-1.465763,53.339826,On or near HEMSWORTH ROAD,E01007827,Sheffield 064A,Investigation complete; no suspect identified
ab3cb2f7db0371d46289c7d96e44b82ba829afa25954454775bba161b10c0115,2021-03,South Yorkshire Police,South Yorkshire Police,-1.143513,53.516808,On or near CHERRY TREE ROAD,E01007532,Doncaster 023B,Investigation complete; no suspect identified
7aa4505d01c23eee9b18b0d3f66e47580b8f44b64f79b2b2ac3758114a2e51b6,2021-03,South Yorkshire Police,South Yorkshire Police,-1.131762,53.521325,On or near SOCIETY STREET,E01007645,Doncaster 022E,Investigation complete; no suspect identified
e714f7cd9801c64cb328fe157e0df9cde9694643082a0d20b92d99e18952628a,2021-03,South Yorkshire Police,South Yorkshire Police,-1.368708,53.358390,On or near Parking Area,E01007964,Sheffield 049A,Suspect charged
2dc28448900d14876bd99e80160c4766c6da6be2e0392a42c03b7d91b7bf1285,2021-03,South Yorkshire Police,South Yorkshire Police,-1.471071,53.562452,On or near PEEL PLACE,E01032550,Barnsley 010G,Unable to prosecute suspect
947a31890925f8e185770f00dec460c260d9bc8f88f6eec256dfee3cdef748a0,2021-03,South Yorkshire Police,South Yorkshire Police,-1.140379,53.501756,On or near CHESTERTON ROAD,E01007500,Doncaster 028B,Unable to prosecute suspect
6c81b603cb276ac81ff037c283eb18939093ce19c3824631fbad2afb2db1a409,2021-03,South Yorkshire Police,South Yorkshire Police,-1.483006,53.374508,On or near EXETER PLACE,E01008114,Sheffield 074A,Investigation complete; no suspect identified
4ee2273b6996aa225f58932895799d4022e9f6825e7d2c988c9f651dbc420799,2021-03,South Yorkshire Police,South Yorkshire Police,-1.312128,53.421484,On or near BANK TOP ROAD,E01007709,Rotherham 021B,Unable to prosecute suspect
80428b1ee51ee070f418f3122ebb3cd41b3267325e337ba0f7b59c1e3f83919f,2021-03,South Yorkshire Police,South Yorkshire Police,-1.445858,53.504614,On or near CORONATION ROAD,E01007392,Barnsley 030D,Unable to prosecute suspect
24f1b8447f7bd023167a2e68875f0804f48f1a3ccb86caa74006d7a24ee7175b,2021-03,South Yorkshire Police,South Yorkshire Police,-1.125170,53.516981,On or near RAINTON ROAD,E01007645,Doncaster 022E,Unable to prosecute suspect
06138473a2794269b9f22e7f5a8cf2fb42e60c129e3906cf3b4bd7444e33ed46,2021-03,South Yorkshire Police,South Yorkshire Police,-1.614456,53.485474,On or near CHURCHILL ROAD,E01008149,Sheffield 001D,Unable to prosecute suspect
2d04759bdb7c52e1dbe325c7c8515d81a6d299ce476c004ea5ee1014d85c9543,2021-03,South Yorkshire Police,South Yorkshire Police,-1.216354,53.558610,On or near DONCASTER BY-PASS,E01007587,Doncaster 020C,Investigation complete; no suspect identified
dff4fb2d0244eb5acdb4d2de005ee10081f15f31041f5ae17f327ffea4318bb2,2021-03,South Yorkshire Police,South Yorkshire Police,-0.957187,53.622681,On or near HOLLY WALK,E01007635,Doncaster 001D,Unable to prosecute suspect
14d10708996816a3f31d545d66f81d1d1fbc17f0da18991420c8aa51c67882b9,2021-03,South Yorkshire Police,South Yorkshire Police,-1.216354,53.558610,On or near DONCASTER BY-PASS,E01007587,Doncaster 020C,Investigation complete; no suspect identified
c7051e2b0534e9b6d6e17e38e58d8386362c67881393462f4fb2926d27c79e63,2021-03,South Yorkshire Police,South Yorkshire Police,-1.429470,53.375271,On or near Supermarket,E01008015,Sheffield 039D,Investigation complete; no suspect identified
b953f17d529732f70fa64ccb737906b3b2e79116779cee95727018c7cdca6841,2021-03,South Yorkshire Police,South Yorkshire Police,-1.381478,53.455976,On or near GOODWIN ROAD,E01007733,Rotherham 009F,Unable to prosecute suspect
edd83eb846c0f6cb602a44610748d7e83a51af8ec03e88a0cd44d67dd931c40e,2021-03,South Yorkshire Police,South Yorkshire Police,-1.302823,53.495380,On or near CHAPEL STREET,E01007574,Doncaster 031D,Unable to prosecute suspect
bc6247e287f318297e234b6c057bce09f38d873c6ffa08e9dea62ce6d833515c,2021-03,South Yorkshire Police,South Yorkshire Police,-1.252572,53.586805,On or near HAMPOLE FIELD LANE,E01007587,Doncaster 020C,Investigation complete; no suspect identified
1fe2e483bfceeb3e1957155de5558437cfcee53400becf045b89e0596e202c26,2021-03,South Yorkshire Police,South Yorkshire Police,-1.189135,53.572855,On or near FALCON CLOSE,E01007471,Doncaster 009E,Investigation complete; no suspect identified
94fd12dc46de5f4eb28478e021d37b3cdbfbad3b0b2c7acd319a4138a019fb9a,2021-03,South Yorkshire Police,South Yorkshire Police,-1.137529,53.523300,On or near Shopping Area,E01007645,Doncaster 022E,Unable to prosecute suspect
026d9e52f3664432ed89fc00d26e36eecd81ef8d3296367844dd9d4850351566,2021-03,South Yorkshire Police,South Yorkshire Police,,,No location,,,Unable to prosecute suspect
457f4aa7193367a8531804a1882fa2337f78ac8b57eac1d59065ace3307c6efb,2021-03,South Yorkshire Police,South Yorkshire Police,-1.541046,53.373963,On or near HILLCOTE RISE,E01007953,Sheffield 033B,Investigation complete; no suspect identified
fd6a7e0ff5e9b4c58614e6eb98cd3ea3613cae8dbb95b6816a4920edd3b9ef44,2021-03,South Yorkshire Police,South Yorkshire Police,-1.306133,53.421827,On or near TOLL BAR ROAD,E01007724,Rotherham 021E,Investigation complete; no suspect identified
5dbbf42a7c4157dd2b9c10a080899a755d9de9674e827e6b14d5e0e3c06081e6,2021-03,South Yorkshire Police,South Yorkshire Police,-1.167278,53.500032,On or near CAMBRIA DRIVE,E01007501,Doncaster 029E,Unable to prosecute suspect
c604ad8c29bc649edf78e093f96a03840b6e19dc156fc1b51e39d75aacbfb6f9,2021-03,South Yorkshire Police,South Yorkshire Police,-1.149169,53.518251,On or near RAMSDEN ROAD,E01007531,Doncaster 022C,Investigation complete; no suspect identified
49a79c651cdb449b895d70160b596e13283efd2a8511bcd0f47d0c0ec02750cf,2021-03,South Yorkshire Police,South Yorkshire Police,-1.454511,53.595122,On or near FIELD VIEW,E01007436,Barnsley 002B,Offender given a caution
edc8d04c239ccf44c1d484f98f88aa922851c855c66f46667cda36bf316b2008,2021-03,South Yorkshire Police,South Yorkshire Police,-1.473454,53.549240,On or near DONCASTER ROAD,E01007338,Barnsley 017A,Investigation complete; no suspect identified
c62894f30725cfdd073c46e9f274f9b218a0872f5cee573e06152e35b4c8faed,2021-03,South Yorkshire Police,South Yorkshire Police,-1.311973,53.486085,On or near CLIFFEFIELD ROAD,E01007800,Rotherham 003E,Unable to prosecute suspect
cfe9792e61f55cb3428bc3a8b04d2fffe05d95fe68813b64b1ac0af92c5e111d,2021-03,South Yorkshire Police,South Yorkshire Police,-1.497222,53.373454,On or near CLARKE DRIVE,E01007860,Sheffield 036B,Unable to prosecute suspect
7e89d967fd59a35c10c9b38ea4f3abdc54e6cdc9bb62f9c54986e43d0b1ac2fd,2021-03,South Yorkshire Police,South Yorkshire Police,-1.454511,53.595122,On or near FIELD VIEW,E01007436,Barnsley 002B,Offender given a caution
6ea46676fb31fa8df125b414e6e6d28db132ed685b520cef1beba767d62f4a77,2021-03,South Yorkshire Police,South Yorkshire Police,,,No location,,,Unable to prosecute suspect
504317bf866920b9c4b06530ee144ca413848442c848e417191a249c496f5f90,2021-03,South Yorkshire Police,South Yorkshire Police,-1.057532,53.474678,On or near BRODSWORTH WAY,E01007594,Doncaster 036B,Unable to prosecute suspect
3a3a4e8af85fd71c51a53f5321da5aec8594c8bfd0d7ab58717a416cbb4d328e,2021-03,South Yorkshire Police,South Yorkshire Police,-1.028404,53.563865,On or near KEMPTON DRIVE,E01007561,Doncaster 006D,Investigation complete; no suspect identified
2a8a23fbd882ec8f31ea6b9accac958fcbb0d0156b3dfdc92c13d5506d4ff022,2021-03,South Yorkshire Police,South Yorkshire Police,,,No location,,,Offender given a caution
abfca6f7ea8ddf524b502f24153038d6447a3d90b9ca1179811649ac0f3a8d29,2021-03,South Yorkshire Police,South Yorkshire Police,-1.447790,53.431285,On or near RONKSLEY CRESCENT,E01008054,Sheffield 007B,Investigation complete; no suspect identified
4c786697a9845f456bc1be5539def2c0fb9dee49530a701a229a3f58dcd2e90b,2021-03,South Yorkshire Police,South Yorkshire Police,-1.381478,53.455976,On or near GOODWIN ROAD,E01007733,Rotherham 009F,Local resolution
fe9449cb40a8fd972d74b9bb23a3750bf5c72429b1697d05df655cc4930f6a0f,2021-03,South Yorkshire Police,South Yorkshire Police,,,No location,,,Unable to prosecute suspect
916b0f39eeaf3bcc5838cb17429f92c099cee9fa5a8b1ed3b7d2825fbe8139e1,2021-03,South Yorkshire Police,South Yorkshire Police,-1.135114,53.518186,On or near MILTON WALK,E01007532,Doncaster 023B,Investigation complete; no suspect identified
8845e83e26969d6e1418b518ce6755bad9b6e9769f86e47c96f1642d25615bdb,2021-03,South Yorkshire Police,South Yorkshire Police,-1.085079,53.498928,On or near LANEHAM CLOSE,E01007523,Doncaster 025B,Further action is not in the public interest
e2d063c44383bf08fb6398fbab0b726d140fdce9f1c89927bd4911fff50a1355,2021-03,South Yorkshire Police,South Yorkshire Police,-1.085079,53.498928,On or near LANEHAM CLOSE,E01007523,Doncaster 025B,Further action is not in the public interest
88592ab2fe9f97a133b4282349d47df78be2d89a674c2d444a70c62536a5ce16,2021-03,South Yorkshire Police,South Yorkshire Police,-1.120369,53.531795,On or near OLD SCHOOL WAY,E01007654,Doncaster 019F,Unable to prosecute suspect
f64569f1f7660d346040d41566c002b0becee9ed17f591db0f2f794f77ff2f64,2021-03,South Yorkshire Police,South Yorkshire Police,-1.192224,53.554162,On or near RIDGE ROAD,E01007507,Doncaster 009G,Investigation complete; no suspect identified
8b6cacd911d1a9acb3e5c288c2d1d6f6d35a767302a4013f419ec15aa7ce21bd,2021-03,South Yorkshire Police,South Yorkshire Police,-1.343627,53.457320,On or near RECTORY STREET,E01007783,Rotherham 008C,Unable to prosecute suspect
40caa83740d32473e60e3947a0ca4141cc5e96766531850ebce2ba0dd2fb98fb,2021-03,South Yorkshire Police,South Yorkshire Police,-1.192242,53.484257,On or near ST JOHN'S ROAD,E01007547,Doncaster 034B,Unable to prosecute suspect
1c52bab10a54aaeeee8504ae3efb3f5cd5bc679f9081898170a159dbd2200cee,2021-03,South Yorkshire Police,South Yorkshire Police,-1.349515,53.436705,On or near LINDLEY STREET,E01007769,Rotherham 017D,Unable to prosecute suspect
348a5a322efd082efd3c38c9abe7de1f4e7cbdb5866449b8707c1867d5298c10,2021-03,South Yorkshire Police,South Yorkshire Police,-0.945115,53.629613,On or near KENTS GARDENS,E01007633,Doncaster 001B,Unable to prosecute suspect
9c604c24a0c9ad5ea9cf35958f5a5ed77b4f9f76a9870db4d403de9a9bc8896b,2021-03,South Yorkshire Police,South Yorkshire Police,,,No location,,,Investigation complete; no suspect identified
f324528e141299595ca99edfcab10e0e36e0a3bf18b8c30cd6202a4b54e3e2d6,2021-03,South Yorkshire Police,South Yorkshire Police,-1.453522,53.388058,On or near SUSSEX ROAD,E01033268,Sheffield 075G,Investigation complete; no suspect identified
eb04558690b561b25bf650d83e280ef18e3a387a220f5831888419a0d65edd6b,2021-03,South Yorkshire Police,South Yorkshire Police,-1.268954,53.522458,On or near EATON SQUARE,E01007583,Doncaster 020A,Investigation complete; no suspect identified
e3dfc26059495219630f85144de388a917318b51550bcac90635c096d1bf74b9,2021-03,South Yorkshire Police,South Yorkshire Police,-1.085079,53.498928,On or near LANEHAM CLOSE,E01007523,Doncaster 025B,Further action is not in the public interest
744fc5882e967f650e3f21ecb8dd99f919a06539a8cd73166fcf54bd19b2c488,2021-03,South Yorkshire Police,South Yorkshire Police,-1.486498,53.387836,On or near MARTIN STREET,E01008065,Sheffield 026A,Investigation complete; no suspect identified
1720f841711da73e82ab45ce568649151068a1d1e2a1d80eccd1f7a8cb41fc77,2021-03,South Yorkshire Police,South Yorkshire Police,-1.432475,53.408157,On or near HAWKSHEAD ROAD,E01007855,Sheffield 014F,Investigation complete; no suspect identified
67f177743cd0c95ac5cc9149748351f9500455b3c0c0d11844c8eeafba56875d,2021-03,South Yorkshire Police,South Yorkshire Police,-1.231801,53.485067,On or near THE OVAL,E01007542,Doncaster 032B,Investigation complete; no suspect identified
e456df85a96176d9e16b9fd0638c2ed6c7c975115c7b9ce85dcc89760f150fc3,2021-03,South Yorkshire Police,South Yorkshire Police,-1.144626,53.508699,On or near COOKSON STREET,E01007534,Doncaster 028D,Investigation complete; no suspect identified
8cd9e835fa4c52081712e21201d3fd21e551dcc888cde132626309ddf1da30a7,2021-03,South Yorkshire Police,South Yorkshire Police,-1.231801,53.485067,On or near THE OVAL,E01007542,Doncaster 032B,Unable to prosecute suspect
dbdc57ed333adbecfc36a8c1d5c5af92106e1a3e38cc14a3812e563967a1e14c,2021-03,South Yorkshire Police,South Yorkshire Police,-1.484738,53.583230,On or near CLIFTON CLOSE,E01007324,Barnsley 007B,Local resolution
1025eb98167aeb4859f4606ff3d3f27483016fc5de21b5f141ff4f7a95a33983,2021-03,South Yorkshire Police,South Yorkshire Police,-1.242912,53.484796,On or near MONTAGUE AVENUE,E01007538,Doncaster 035B,Unable to prosecute suspect
cb346cf69e170292b88c71fa04b78353095a2829b5d44034cd78fdbe36169a0a,2021-03,South Yorkshire Police,South Yorkshire Police,-1.244548,53.428294,On or near ROTHER WAY,E01007685,Rotherham 018A,Investigation complete; no suspect identified
a8e80fa3c15badec98321033486dd42aaa690cb0c004db1a15d1ca8fb7cf0534,2021-03,South Yorkshire Police,South Yorkshire Police,-1.147674,53.518348,On or near DENISON ROAD,E01007531,Doncaster 022C,Unable to prosecute suspect
e17394292980d2952846208b45f7d20cd6603b22f10600db74869c6c27a8c310,2021-03,South Yorkshire Police,South Yorkshire Police,-1.495984,53.395606,On or near KING JAMES STREET,E01008155,Sheffield 024D,Investigation complete; no suspect identified
aa8d33d9354078a0277e3a39fb0a03319838ab268532620fc9d8d89a7812368e,2021-03,South Yorkshire Police,South Yorkshire Police,-1.140241,53.555490,On or near ARTHUR PLACE,E01007506,Doncaster 010A,Unable to prosecute suspect
6d6b15b61f429161b56ebe78be4988ac47048ceed9688de662b4fe997898186b,2021-03,South Yorkshire Police,South Yorkshire Police,-1.415426,53.396498,On or near STOVIN DRIVE,E01007904,Sheffield 018B,Investigation complete; no suspect identified
ea41d33f51f7491115149939f872b0b0349534663bebd2058d42374ec08c6f85,2021-03,South Yorkshire Police,South Yorkshire Police,-1.451339,53.383571,On or near ST JOHN'S ROAD,E01007885,Sheffield 075E,Unable to prosecute suspect
0ae70c0c7e76184a2bb85e720497a9d56df3a32ed1cace26e9b982711f6a524d,2021-03,South Yorkshire Police,South Yorkshire Police,-1.144489,53.547709,On or near Police Station,E01007508,Doncaster 010B,Investigation complete; no suspect identified
c3a115dbcb0f34499f5b68a438ea2ceba14aea8acf797712e243213a9ea8fa4d,2021-03,South Yorkshire Police,South Yorkshire Police,-1.359133,53.429701,On or near Parking Area,E01007714,Rotherham 017B,Unable to prosecute suspect
d08a5b77d64fdba6e3f1fbfd7b6a4fed6bf261740bad6b009e855e249e06de11,2021-03,South Yorkshire Police,South Yorkshire Police,-1.192041,53.422593,On or near NELSON ROAD,E01007763,Rotherham 020E,Unable to prosecute suspect
212d995340fff7d4b8e8ebf4917ef2f47e6c646b9d9dc0afcbdcf4eb2a8390f7,2021-03,South Yorkshire Police,South Yorkshire Police,-1.446658,53.514972,On or near QUARRY ROAD,E01007395,Barnsley 030E,Investigation complete; no suspect identified
7b1c1fa9852c7a7536a6253fc0cfac12e1400bd30fec955f2fa61b193f30e621,2021-03,South Yorkshire Police,South Yorkshire Police,-1.477141,53.581947,On or near LINBY ROAD,E01007325,Barnsley 007C,Unable to prosecute suspect
769a98875bb77a247d5dc944da1caa661468f34a037881a3a8c384282bbda3f4,2021-03,South Yorkshire Police,South Yorkshire Police,-1.522443,53.586955,On or near Sports/Recreation Area,E01007358,Barnsley 005B,Unable to prosecute suspect
923433557e02cf2a12b58a201f9427ac3af30ac405ce952d4d4ac377f123d95a,2021-03,South Yorkshire Police,South Yorkshire Police,-1.489857,53.387284,On or near ALBION STREET,E01008065,Sheffield 026A,Unable to prosecute suspect
7ce207ac47fbb15ef11b0b96922dc0ab25a149acbe17da28d8a1a3dbe50d765e,2021-03,South Yorkshire Police,South Yorkshire Police,-1.484024,53.420840,On or near DRYDEN ROAD,E01008124,Sheffield 012F,Offender given penalty notice
921f147d07d3607bc7b5b31354b73287336c0a7ff32c611277cc661b17b6e75b,2021-03,South Yorkshire Police,South Yorkshire Police,-1.068079,53.555776,On or near LOCKSLEY AVENUE,E01007476,Doncaster 011B,Unable to prosecute suspect
00f29065b3fabdfe2d761634bff741ee7954e858d2ae7eb37c4692a527b3b29f,2021-03,South Yorkshire Police,South Yorkshire Police,-1.388448,53.441477,On or near SMITHY CLOSE,E01007740,Rotherham 011A,Unable to prosecute suspect
4acb71c3d0c13f44d7ed7c62e2c08927fbe527e7aaeda724cc5b3ad405de5c3d,2021-03,South Yorkshire Police,South Yorkshire Police,-1.479684,53.369532,On or near CLUB STREET,E01008107,Sheffield 040C,Unable to prosecute suspect
4b3a02f0cf056b657d3a6d592a8fafb8e756d65db469b67c634a4549f7f68771,2021-03,South Yorkshire Police,South Yorkshire Police,-0.960918,53.609886,On or near Petrol Station,E01007639,Doncaster 003D,Unable to prosecute suspect
4b3a02f0cf056b657d3a6d592a8fafb8e756d65db469b67c634a4549f7f68771,2021-03,South Yorkshire Police,South Yorkshire Police,-0.960918,53.609886,On or near Petrol Station,E01007639,Doncaster 003D,Unable to prosecute suspect
eaafdbdad4adb52db500eaa9a9e4ba3ed19093b6d3e4097034578e3c246cd1e3,2021-03,South Yorkshire Police,South Yorkshire Police,-1.256585,53.394833,On or near SOUTH STREET,E01007815,Rotherham 026D,Investigation complete; no suspect identified
8e32d0e43d1ab2878fbcef243f2f05d9105f3d0b8151cb4e89fee1dd3b18db2b,2021-03,South Yorkshire Police,South Yorkshire Police,-1.149983,53.532611,On or near Petrol Station,E01007517,Doncaster 013D,Unable to prosecute suspect
14a3f80d689fc304860ddeee4acc196e9baa49a9147ea9932fa636b6e27f18a4,2021-03,South Yorkshire Police,South Yorkshire Police,-1.149983,53.532611,On or near Petrol Station,E01007517,Doncaster 013D,Unable to prosecute suspect
ff95798fd13b39631e3dc593f63b99954741cc44261edef19c0fdde9b56cfe3c,2021-03,South Yorkshire Police,South Yorkshire Police,-1.188092,53.566610,On or near CAXTON ROAD,E01007464,Doncaster 009A,Unable to prosecute suspect
0023ee65854000a84f2fc176b5d1576683b3a8a789fcb96ad31de26e4baaf21a,2021-03,South Yorkshire Police,South Yorkshire Police,-1.013427,53.578754,On or near CROOKES BROOM LANE,E01007555,Doncaster 006B,Unable to prosecute suspect
5a15bd24fcf2432e35bb84d6334ddc59d870652901775fdfd80862c4fa6fe981,2021-03,South Yorkshire Police,South Yorkshire Police,-1.376180,53.532872,On or near NEW STREET,E01007353,Barnsley 020F,Investigation complete; no suspect identified
451cd63d70ef2f596c9c6c43af4625f22eb278581c2a1a934e8ad3b8cfe742e3,2021-03,South Yorkshire Police,South Yorkshire Police,-1.442210,53.435565,On or near BECK CLOSE,E01008055,Sheffield 007C,Unable to prosecute suspect
dea10bb41a582051d1796e41d656919fca0f0c3e75de5e11dde9fcc6920593e0,2021-03,South Yorkshire Police,South Yorkshire Police,-1.545050,53.394545,On or near KNOWLE CLOSE,E01008132,Sheffield 023D,Investigation complete; no suspect identified
69155fa24a76c5ab89133d742a98143c28f786f5faceae120b6898d52e850d7d,2021-03,South Yorkshire Police,South Yorkshire Police,-1.013427,53.578754,On or near CROOKES BROOM LANE,E01007555,Doncaster 006B,Unable to prosecute suspect
35fcdd9910f2bb2a8d1b363e639895293957b5d2f4c2abc7696f756a7bf611f3,2021-03,South Yorkshire Police,South Yorkshire Police,-1.013427,53.578754,On or near CROOKES BROOM LANE,E01007555,Doncaster 006B,Unable to prosecute suspect
ac27d751c19cbe45e840f545cb50ff48d35ea999c00faaa1edcf78342bc087f3,2021-03,South Yorkshire Police,South Yorkshire Police,-1.400130,53.516330,On or near WENTWORTH VIEW,E01007451,Barnsley 026A,Suspect charged
1a7e31bf840a917e2efa275edcc0d6d92d81baaf737cb5e5793d2732569f902c,2021-03,South Yorkshire Police,South Yorkshire Police,-1.429943,53.346599,On or near GLEADLESS ROAD,E01008006,Sheffield 054D,Investigation complete; no suspect identified
9fc762764d51770e006214927df18102ef13d50e488a2b925e9aa871a3897bd6,2021-03,South Yorkshire Police,South Yorkshire Police,-1.358202,53.423601,On or near MILL STREET,E01007677,Rotherham 017A,Investigation complete; no suspect identified
be6701eabacaa3d75d2734d5f0ae09fb92a03bca660cbbfbe740166047805840,2021-03,South Yorkshire Police,South Yorkshire Police,-1.515545,53.503182,On or near HERMIT HILL,E01007421,Barnsley 027A,Investigation complete; no suspect identified
176c5c83fb986e8c6e2d7100682c2dd211e4692897bd76215d1926696d936dfc,2021-03,South Yorkshire Police,South Yorkshire Police,-1.492813,53.425741,On or near HALIFAX ROAD,E01008088,Sheffield 012B,Investigation complete; no suspect identified
e7772cab51b0466278e8cc56a654b8fdd40c73cb2aa6515ce3c60a8d481b8aa3,2021-03,South Yorkshire Police,South Yorkshire Police,-1.446427,53.500320,On or near BROAD STREET,E01007390,Barnsley 030B,Investigation complete; no suspect identified
41143b496da98158c2502beb8d45799afa6fceec546f47f4cf416cd1b3be1fac,2021-03,South Yorkshire Police,South Yorkshire Police,-1.594761,53.376018,On or near WYMING BROOK DRIVE,E01007956,Sheffield 041B,Investigation complete; no suspect identified
2c2f96aeb35c38759644f5c66afea96bc777763ab46a195f730049e5197157a0,2021-03,South Yorkshire Police,South Yorkshire Police,-1.226700,53.357672,On or near PENNY PIECE PLACE,E01007658,Rotherham 032A,Investigation complete; no suspect identified
53ba1f86e98b4c00042dbdb88f79731b4eda1e7a605f3d8d0aaa5be2b81ff5bb,2021-03,South Yorkshire Police,South Yorkshire Police,-1.485865,53.415446,On or near ADKINS DRIVE,E01008124,Sheffield 012F,Investigation complete; no suspect identified
c4153fe4d8e36fe0d97ca3c88f35ca42dda3495ed52b30555f525e9b52cc7fb4,2021-03,South Yorkshire Police,South Yorkshire Police,-1.467010,53.331319,On or near NORTON PARK AVENUE,E01008079,Sheffield 064F,Investigation complete; no suspect identified
102f12d7d3fa639314d0f69270ddf4a1defe6e79892c7ce8695260d0ebd9e1dd,2021-03,South Yorkshire Police,South Yorkshire Police,-1.426219,53.366609,On or near DARNLEY DRIVE,E01008013,Sheffield 039C,Investigation complete; no suspect identified
04897144adba2f40b8f3fba29fdaea27d9f40f4b492a1352c07d33f537b39980,2021-03,South Yorkshire Police,South Yorkshire Police,-1.186232,53.555748,On or near COPPICE ROAD,E01007507,Doncaster 009G,Suspect charged
d9c99504e2097e938815ec66af7b14decba8d96c62c9556ecbc2c05dd4b00d0e,2021-03,South Yorkshire Police,South Yorkshire Police,-1.189857,53.488385,On or near QUEENS PARK,E01007546,Doncaster 033A,Investigation complete; no suspect identified
3ecdfb3cc7a40e4cb10d1cd82dc431029dcd056ecba800cfcb2f5049125e8624,2021-03,South Yorkshire Police,South Yorkshire Police,-1.149000,53.541755,On or near HIGH STREET,E01007514,Doncaster 013B,Investigation complete; no suspect identified
9b5f88cf24d4ee98664e856197dbd16d36eda859439db335f30e2b4164bccb6b,2021-03,South Yorkshire Police,South Yorkshire Police,-1.384094,53.371936,On or near MEDLOCK ROAD,E01007909,Sheffield 032C,Investigation complete; no suspect identified
2a4e029239df3a85acb6c094a9ae61767bba0948582d5814892132a507234848,2021-03,South Yorkshire Police,South Yorkshire Police,-1.537843,53.435191,On or near LOW ROAD,E01033280,Sheffield 008G,Unable to prosecute suspect
a34ccf6a4ea61d91bc11f11fc57d20ece2964dce8a4a4302d7b3ebbc33ca2684,2021-03,South Yorkshire Police,South Yorkshire Police,-1.268265,53.420550,On or near WADSWORTH ROAD,E01007684,Rotherham 022A,Investigation complete; no suspect identified
0ab09cf36e9422fcbd54967ac46c0e3f86c699b4663562e9c214a5499f29b063,2021-03,South Yorkshire Police,South Yorkshire Police,-1.238625,53.489416,On or near THRYBERGH COURT,E01007542,Doncaster 032B,Suspect charged
0ab09cf36e9422fcbd54967ac46c0e3f86c699b4663562e9c214a5499f29b063,2021-03,South Yorkshire Police,South Yorkshire Police,-1.238625,53.489416,On or near THRYBERGH COURT,E01007542,Doncaster 032B,Suspect charged
12cc68ca6d6b6212d4a92a3e76fb4f517cb0bbbd785ae70b15acb89f417aef96,2021-03,South Yorkshire Police,South Yorkshire Police,-1.352722,53.495068,On or near WOMBWELL AVENUE,E01007817,Rotherham 002B,Further investigation is not in the public interest
22aae6f12ece3a8aed9053d97d7016a2059e6ee948dc3103f9ad21216bc26673,2021-03,South Yorkshire Police,South Yorkshire Police,-1.238625,53.489416,On or near THRYBERGH COURT,E01007542,Doncaster 032B,Suspect charged
22aae6f12ece3a8aed9053d97d7016a2059e6ee948dc3103f9ad21216bc26673,2021-03,South Yorkshire Police,South Yorkshire Police,-1.238625,53.489416,On or near THRYBERGH COURT,E01007542,Doncaster 032B,Suspect charged
be71773902c23f48286fe7f2791beaea523503f985776e44b648bdd93e8a51db,2021-03,South Yorkshire Police,South Yorkshire Police,-1.404871,53.388751,On or near CATLEY ROAD,E01007902,Sheffield 027B,Investigation complete; no suspect identified
a1390f1937f7970ddcfcfaf64a0413dbe89669b30a3327bab1a83d0b192356f2,2021-03,South Yorkshire Police,South Yorkshire Police,-1.475215,53.560619,On or near Supermarket,E01007410,Barnsley 010E,Investigation complete; no suspect identified
78462a034800ad8a9dbc4bff277a7cb1ca0c490196b4d9f4211448a80020ceeb,2021-03,South Yorkshire Police,South Yorkshire Police,-1.020540,53.582704,On or near CRABTREE ROAD,E01007556,Doncaster 006C,Further action is not in the public interest
d77453f3314110bd9800ccf788e78c930ab7e13962e0ab5ec2d59861548a39c1,2021-03,South Yorkshire Police,South Yorkshire Police,-1.460068,53.414982,On or near LONGLEY HALL RISE,E01007947,Sheffield 013C,Investigation complete; no suspect identified
963910da40b71ee46a1c8ce6c300f59eb0b14b146d25939812c35e4946c4790d,2021-03,South Yorkshire Police,South Yorkshire Police,-1.021899,53.600405,On or near HOLME GARDENS,E01007627,Doncaster 004C,Investigation complete; no suspect identified
f7195780050423c5417be2878901d058b998ebd4008d860a69fb047e521efae0,2021-03,South Yorkshire Police,South Yorkshire Police,-1.419739,53.574564,On or near YORK STREET,E01007344,Barnsley 011A,Further action is not in the public interest
c711f8f0540ac1e7f9fc600314a447b0b02fb43ffcc31e3ea8380f67c98cb635,2021-03,South Yorkshire Police,South Yorkshire Police,-1.415698,53.363465,On or near WOODROVE AVENUE,E01008010,Sheffield 052E,Investigation complete; no suspect identified
cec23f2c5ca2ceeff61123793d93607e3198ebf10e342de81ac1f6bd491d2163,2021-03,South Yorkshire Police,South Yorkshire Police,-1.007504,53.600116,On or near MAYFIELD AVENUE,E01007625,Doncaster 004A,Unable to prosecute suspect
2fcf8a6342cb60b99828f125380c3936fcf926243358e55d69e3052b6d65de4b,2021-03,South Yorkshire Police,South Yorkshire Police,-1.099778,53.488226,On or near Pedestrian Subway,E01007611,Doncaster 039A,Investigation complete; no suspect identified
17c8c58dd3ba758418f93f96cc69aa4e154501c67db1b42d26821e48ad348494,2021-03,South Yorkshire Police,South Yorkshire Police,-1.419529,53.574518,On or near CO-OPERATIVE STREET,E01007346,Barnsley 008C,Further action is not in the public interest
69c19686833d84e132aa43769dee3c921e7375a978543035348f761a92549782,2021-03,South Yorkshire Police,South Yorkshire Police,-1.464555,53.383533,On or near KING STREET,E01033264,Sheffield 073D,Local resolution
f162bc9cbc928cbccaea57eafa18d24332594216279d418324800a2696909d26,2021-03,South Yorkshire Police,South Yorkshire Police,-1.125364,53.530241,On or near ST MARY'S ROAD,E01007655,Doncaster 022F,Unable to prosecute suspect
80fb4753d895c7aaa22f9c5081207a2e35d1bfeecf1a8e3a47b0a4d8cc055dbe,2021-03,South Yorkshire Police,South Yorkshire Police,-1.300382,53.545693,On or near TUDOR STREET,E01007373,Barnsley 014B,Unable to prosecute suspect
663f1e008423132f746abb8805243128eac553ad6db0bd0970a1a371b4eddfa6,2021-03,South Yorkshire Police,South Yorkshire Police,-1.465277,53.382250,On or near ESPERANTO PLACE,E01033264,Sheffield 073D,Suspect charged
9495a19b4f76fbc2281fd12ce7d85f6cea89f03db9d4b5ce58ed7af8ae6f8eb5,2021-03,South Yorkshire Police,South Yorkshire Police,-1.153690,53.536646,On or near THORN GARTH,E01007516,Doncaster 013C,Unable to prosecute suspect
5edb378f87b9bd6bdf35a35502fd2afefe69ffe0bd880c06ea2b4be1e1f00152,2021-03,South Yorkshire Police,South Yorkshire Police,-1.345544,53.504062,On or near Supermarket,E01007822,Rotherham 002F,Local resolution
eea7f5ea48dabcc0aac678e61916a858f3e9c763e01877725444c22f757318e2,2021-03,South Yorkshire Police,South Yorkshire Police,-1.312793,53.477308,On or near HOLMOAK CLOSE,E01007795,Rotherham 004D,Unable to prosecute suspect
10eac0049783520520e8b266c11cfc4c9bd16ab425fac1fc7801029ab2f290f9,2021-03,South Yorkshire Police,South Yorkshire Police,-1.365117,53.330003,On or near OAK STREET,E01008024,Sheffield 072C,Unable to prosecute suspect
bfd552a9313816cb3a77f87e5bf119e5f74ca0a927f11aa522845ef8d96cd7d6,2021-03,South Yorkshire Police,South Yorkshire Police,-1.305014,53.533801,On or near Police Station,E01007369,Barnsley 022A,Unable to prosecute suspect
b0f0fbfed4db410b8eafa7ad44216cb2137b92585850ddb3b8f326e5860aa584,2021-03,South Yorkshire Police,South Yorkshire Police,-0.953688,53.633311,On or near BLOOMHILL COURT,E01007632,Doncaster 001A,Unable to prosecute suspect
850131b7fa45fc494c9c0f55e696dcc0a99c1d13aaa7e5bd66cf1ae879d0cd2a,2021-03,South Yorkshire Police,South Yorkshire Police,-1.419148,53.528450,On or near NEVILLE CLOSE,E01007450,Barnsley 023D,Unable to prosecute suspect
59dc240bc09d70f362bd5dbee4e07e37f71204cbd2276447a4e0cfb36e410485,2021-03,South Yorkshire Police,South Yorkshire Police,-1.495099,53.385194,On or near IVY DRIVE,E01008067,Sheffield 030D,Unable to prosecute suspect
dd0bb82078a5934a397ab55289a3a80ffc26160c01d359dd838a2e2b53436802,2021-03,South Yorkshire Police,South Yorkshire Police,-1.162915,53.503426,On or near GILBERTHORPE ROAD,E01007496,Doncaster 029A,Investigation complete; no suspect identified
b85ad9ebeda0cdefbffe1854a1a43436c89abcbc46c6218b5dab96dd7df37ced,2021-03,South Yorkshire Police,South Yorkshire Police,-1.385068,53.435779,On or near FENTON STREET,E01007741,Rotherham 015A,Local resolution
65f0726e1f4c9f39956c7cfe628477253c639fcc45681370578c4ac282d485a5,2021-03,South Yorkshire Police,South Yorkshire Police,-1.495322,53.401958,On or near Supermarket,E01008093,Sheffield 017D,Unable to prosecute suspect
6c0424dd9ca6a05b7df08967adde1a0269a90db1db18f1578c20577d6d173a12,2021-03,South Yorkshire Police,South Yorkshire Police,-1.495322,53.401958,On or near Supermarket,E01008093,Sheffield 017D,Unable to prosecute suspect
0f947e52b97b9c16f51bd8d64a884e8d1f5a13ab4f1bee2f424174ee50510ba8,2021-03,South Yorkshire Police,South Yorkshire Police,-1.491111,53.548094,On or near HARVEY STREET,E01007445,Barnsley 013G,Investigation complete; no suspect identified
fac8c540ac3e7fd57386084774525fcb26ebdd0b0c79bc1fc4e393cbb23231a2,2021-03,South Yorkshire Police,South Yorkshire Police,-1.437058,53.506550,On or near EDINBURGH ROAD,E01007392,Barnsley 030D,Unable to prosecute suspect
a8b8092d63d7bfc75eea356ca757d65212576cb58922f3a97472944a7e506d9b,2021-03,South Yorkshire Police,South Yorkshire Police,-1.469130,53.327499,On or near Pedestrian Subway,E01008079,Sheffield 064F,Unable to prosecute suspect
24893d2ab95745e9e80b28e1e4fb4e8d23cdbdf4b0bc6eee742e9fe6c486b9c7,2021-03,South Yorkshire Police,South Yorkshire Police,-1.057532,53.474678,On or near BRODSWORTH WAY,E01007594,Doncaster 036B,Unable to prosecute suspect
2e6b5d3332dba26ea743132d3d29bc7f02ec11eac6d4015680c293886e4e98c6,2021-03,South Yorkshire Police,South Yorkshire Police,-1.305750,53.496161,On or near QUEEN STREET,E01007574,Doncaster 031D,Unable to prosecute suspect
240b8a5ff4f134e9678f954faae4d0e8e0188a44f31af8c1b4f1eca98bbec35d,2021-03,South Yorkshire Police,South Yorkshire Police,-1.184090,53.568974,On or near PARK VIEW,E01007504,Doncaster 009F,Unable to prosecute suspect
c3871f281aa0dd4ffede2cdf9c151e052c2f019c17e06f29141bb60e645d0ad1,2021-03,South Yorkshire Police,South Yorkshire Police,-1.234076,53.489252,On or near Parking Area,E01007542,Doncaster 032B,Investigation complete; no suspect identified
26ac293cfc5206327b257cafb28c3b3a7d4d5eae425a5322dca8de06ea0f6111,2021-03,South Yorkshire Police,South Yorkshire Police,-1.072459,53.512844,On or near COTEREL CRESCENT,E01007528,Doncaster 024C,Unable to prosecute suspect
32467da907ec1d403fd5891ae9dce9ad0256f9e6052f76d0ba4f8b0e904be6c6,2021-03,South Yorkshire Police,South Yorkshire Police,-1.384580,53.577831,On or near STACEY CRESCENT,E01007332,Barnsley 006C,Investigation complete; no suspect identified
0bc04d0ed6a3d95fb9c387046db0ea88e3afa3bd9d8f7f67017b1a16a2283097,2021-03,South Yorkshire Police,South Yorkshire Police,-1.131941,53.519960,On or near Parking Area,E01007645,Doncaster 022E,Further investigation is not in the public interest
346985511e9583cfcd7fd294a716a9a214be455a70a2c98d11bacd2ebdb4b881,2021-03,South Yorkshire Police,South Yorkshire Police,-1.107783,53.535558,On or near WINCHESTER AVENUE,E01007652,Doncaster 015D,Unable to prosecute suspect
74f0a2fee3bb3a48859cf08394fabe285fc93296fe61b4d14d2436d5cdb7aa44,2021-03,South Yorkshire Police,South Yorkshire Police,-0.964812,53.609471,On or near ANCHOR CLOSE,E01007639,Doncaster 003D,Unable to prosecute suspect
6b50e3794b1ec72310d2346b4142613e3ac6ce1abed79a588bcf87f01f127718,2021-03,South Yorkshire Police,South Yorkshire Police,-0.970162,53.544268,On or near Prison,E01007557,Doncaster 008B,Unable to prosecute suspect
0579f5ef5b6b014af9ad9cb80cf5cc6c1069261bf7cf20402a5338c6c60e4f6f,2021-03,South Yorkshire Police,South Yorkshire Police,-1.491471,53.553309,On or near FARRAR STREET,E01007443,Barnsley 013F,Local resolution
595d345179d1e96783be79c1799f5ddfe54539562c7d1e7e90d0a754e2f1be64,2021-03,South Yorkshire Police,South Yorkshire Police,-1.451339,53.383571,On or near ST JOHN'S ROAD,E01007885,Sheffield 075E,Investigation complete; no suspect identified
74b849315d52d9746fb8680be87ac43953af3e0cbb0fbf72a58c57d48f36fa9b,2021-03,South Yorkshire Police,South Yorkshire Police,-1.525533,53.328060,On or near CAVENDISH AVENUE,E01007920,Sheffield 068A,Investigation complete; no suspect identified
74bfcc93219fac2655be0c082a6a03d8fc7cd93f77096a24fbd62211f0d12024,2021-03,South Yorkshire Police,South Yorkshire Police,-1.029211,53.596518,On or near PRINCESS AVENUE,E01007628,Doncaster 004D,Investigation complete; no suspect identified
572014ebe679ec255d578aa70052b45ae29b9a153df40ee4ab03b6cc958aceed,2021-03,South Yorkshire Police,South Yorkshire Police,-1.355910,53.559209,On or near ASHWOOD GROVE,E01007354,Barnsley 020G,Investigation complete; no suspect identified
e805c4e8e1c446a9b925d063e6f5803fa4a2fdc8d2d15315c67e7873060eef49,2021-03,South Yorkshire Police,South Yorkshire Police,-1.405108,53.567904,On or near COAL PIT LANE,E01007341,Barnsley 008A,Local resolution
341a5d573180f83ae306620006dc33d7a1a7f81df5b84a77daffd3fcf64913fc,2021-03,South Yorkshire Police,South Yorkshire Police,-1.512365,53.405778,On or near COTSWOLD ROAD,E01007993,Sheffield 021C,Local resolution
4c29777b565a16df63bde80384eaafeb5cdb56a45599ec446660820b94328fe0,2021-03,South Yorkshire Police,South Yorkshire Police,-1.439423,53.363678,On or near BRIMMESFIELD ROAD,E01008097,Sheffield 043C,Unable to prosecute suspect
eaa39ee21fd3c58ba90f11822ab19c61747b616f1fa0832a5e0b9c3dcb9fb9b3,2021-03,South Yorkshire Police,South Yorkshire Police,-1.455385,53.394053,On or near DITCHINGHAM STREET,E01007874,Sheffield 022A,Unable to prosecute suspect
655f0ebebc06cea0842d4e329033032a223ad0081391764420c04a1cd7323b53,2021-03,South Yorkshire Police,South Yorkshire Police,-1.425410,53.388798,On or near OUSEBURN CROFT,E01007883,Sheffield 027A,Unable to prosecute suspect
1fbd806c8276d6a9603c66f3b53a767189999f5a4d95ba6dfb46db39c7aa30fc,2021-03,South Yorkshire Police,South Yorkshire Police,-1.462550,53.440035,On or near HILTON DRIVE,E01008138,Sheffield 006D,Unable to prosecute suspect
1fbd806c8276d6a9603c66f3b53a767189999f5a4d95ba6dfb46db39c7aa30fc,2021-03,South Yorkshire Police,South Yorkshire Police,-1.462550,53.440035,On or near HILTON DRIVE,E01008138,Sheffield 006D,Unable to prosecute suspect
fe29be7859474c5841499061ac60c0401ed1cba124cf9e3ff6baf667d142ca2f,2021-03,South Yorkshire Police,South Yorkshire Police,-1.357364,53.432262,On or near BRIDGEGATE,E01007714,Rotherham 017B,Unable to prosecute suspect
546e193e4799395db3159e7b115ec1d7325010d4bc886d3a29b6868796172c58,2021-03,South Yorkshire Police,South Yorkshire Police,-1.218258,53.353437,On or near HANGING BANK COURT,E01007660,Rotherham 032B,Local resolution
e99b827fefe5782c2588c233eb311d7279532b0d5a8461416a2200b787fe4b2b,2021-03,South Yorkshire Police,South Yorkshire Police,-1.464100,53.361077,On or near CROSS MYRTLE ROAD,E01007975,Sheffield 051A,Unable to prosecute suspect
d23e7690cf4bf9083d1b5555df83d3e00c775146a705a17af637ec5eb42dd38e,2021-03,South Yorkshire Police,South Yorkshire Police,-1.417237,53.379536,On or near MATHER ROAD,E01008016,Sheffield 032F,Suspect charged
996936df115eacd9d03b4cb9eb2d27f68b938b0c71e4d5596bcb0e1066e7f636,2021-03,South Yorkshire Police,South Yorkshire Police,-1.348540,53.321167,On or near STONEGRAVELS CROFT,E01008023,Sheffield 072B,Investigation complete; no suspect identified
74a281cdcb081d1a7eb8e69e369b78789f1bb99e5bad3963ae3d66b29d9e378c,2021-03,South Yorkshire Police,South Yorkshire Police,-1.309650,53.486207,On or near WORTLEY AVENUE,E01007800,Rotherham 003E,Unable to prosecute suspect
7d118b3328c125b48a58186859431a76a92ebd19cd6d58aaea77e5d4c123cd8a,2021-03,South Yorkshire Police,South Yorkshire Police,-1.247315,53.491484,On or near SCHOOL WALK,E01007542,Doncaster 032B,Investigation complete; no suspect identified
aed6966ec83df4072749ff10dae4c7f20e6e4d371585208c1e8f622f39820885,2021-03,South Yorkshire Police,South Yorkshire Police,-1.361811,53.473022,On or near CENTRAL DRIVE,E01007779,Rotherham 005B,Further action is not in the public interest
d76288ac50b07a091a661375c0cf91c5fb6f9d56858c5fbe0f692cf0c2a1fcc3,2021-03,South Yorkshire Police,South Yorkshire Police,-1.358202,53.423601,On or near MILL STREET,E01007677,Rotherham 017A,Investigation complete; no suspect identified
bbe6e0ae8d963f6ef673e33d707bc79e0d2ae5022fe6beeb1e7967133d69d112,2021-03,South Yorkshire Police,South Yorkshire Police,-1.122894,53.531535,On or near CARLTON ROAD,E01007655,Doncaster 022F,Investigation complete; no suspect identified
0bcd591157ded590cd4cda3228fc46101ae15ffd2c3ae8f2ea0b024f8203ea24,2021-03,South Yorkshire Police,South Yorkshire Police,-1.489887,53.364641,On or near KENWOOD ROAD,E01008049,Sheffield 050D,Unable to prosecute suspect
94f14b375dff4b9c94c407974bd86871a01ef5524e66c49c19efb0bfe0958d7b,2021-03,South Yorkshire Police,South Yorkshire Police,-1.020540,53.582704,On or near CRABTREE ROAD,E01007556,Doncaster 006C,Unable to prosecute suspect
7c976746c54856f9897338dc9af4499003acae5da6e5e41de88f87641ab8bc80,2021-03,South Yorkshire Police,South Yorkshire Police,-1.446040,53.502242,On or near LONGFIELDS CRESCENT,E01007395,Barnsley 030E,Unable to prosecute suspect
9d13b1a276ac7d7a41383e724ffde53e19d2c0e0ebed95c86501b5a43e2f7c7e,2021-03,South Yorkshire Police,South Yorkshire Police,-1.145812,53.509714,On or near BALBY ROAD,E01007534,Doncaster 028D,Suspect charged
14e592b558b4a09a69eabbd41806f9e59c5cfba9818bc74e6ad302d915412b2d,2021-03,South Yorkshire Police,South Yorkshire Police,-1.496502,53.420534,On or near HEATH ROAD,E01008087,Sheffield 012A,Unable to prosecute suspect
8c7bdc61647625015c823753bec99f1a1ae777e3f43596f803bde42c890822f8,2021-03,South Yorkshire Police,South Yorkshire Police,-1.146513,53.507068,On or near STONEGATE MEWS,E01007534,Doncaster 028D,Unable to prosecute suspect
ea21b316b3f0da9305d3ad6d9c61958ea558ea3e18672a4e636ac6f87c842a61,2021-03,South Yorkshire Police,South Yorkshire Police,-1.146513,53.507068,On or near STONEGATE MEWS,E01007534,Doncaster 028D,Unable to prosecute suspect
a808ac1a743bba0c96a34b045737ae93c5ead211fa5597932a344c3c45dfb914,2021-03,South Yorkshire Police,South Yorkshire Police,-1.146513,53.507068,On or near STONEGATE MEWS,E01007534,Doncaster 028D,Unable to prosecute suspect
2dfa4385d18be4cf3fad25e71df56e5fd60f91fa4da90109dd5309905307b527,2021-03,South Yorkshire Police,South Yorkshire Police,-1.496502,53.420534,On or near HEATH ROAD,E01008087,Sheffield 012A,Unable to prosecute suspect
f4813ccf401527d43c1441366ccdeb8ea3d5fcbc607015dcbc05cfedcc2febd0,2021-03,South Yorkshire Police,South Yorkshire Police,,,No location,,,Unable to prosecute suspect
d45af01b7dd87fe74c91e449f0fd604b30cf55b8b2e6f669e5e0d4eaad5e723a,2021-03,South Yorkshire Police,South Yorkshire Police,-1.137529,53.523300,On or near Shopping Area,E01007645,Doncaster 022E,Unable to prosecute suspect
b03be748ac2cf9161b2060598eeef26f436bdb1b87870ef17a7acca0c6db326c,2021-03,South Yorkshire Police,South Yorkshire Police,-1.390308,53.344058,On or near FERN VIEW CLOSE,E01033278,Sheffield 076E,Local resolution
1e67718256d36154edffeca84f60889be9ac6731a24fb46befc8eef3459e9cb3,2021-03,South Yorkshire Police,South Yorkshire Police,-1.466091,53.395351,On or near NOTTINGHAM STREET,E01007875,Sheffield 022B,Further action is not in the public interest
34b4062eb8b3b4c0c080effa20142f38b1fab8cf2d2fccc0702854fe6d1605ba,2021-03,South Yorkshire Police,South Yorkshire Police,-1.375618,53.449977,On or near WOODSIDE WALK,E01007729,Rotherham 009B,Local resolution
c6536aa371ba437152e7b429f463ee4597b5faa7aa69d50fb855f6e211329331,2021-03,South Yorkshire Police,South Yorkshire Police,-1.145040,53.517340,On or near STONE CLOSE AVENUE,E01007529,Doncaster 022A,Further action is not in the public interest
89851395305f0f6458154b9fbdb35f3a58b74018ce449f40f7dc297ad242485a,2021-03,South Yorkshire Police,South Yorkshire Police,-1.142485,53.469062,On or near OSBERTON STREET,E01007611,Doncaster 039A,Investigation complete; no suspect identified
7bec36b4368af2ed0e5c26391515746f959ad9cf7e396d458b2fa9ae20df3799,2021-03,South Yorkshire Police,South Yorkshire Police,-1.092022,53.532419,On or near CARDIGAN ROAD,E01007566,Doncaster 018C,Unable to prosecute suspect
2a355b268ef4861a5943542ab8899f6567a87f47ce6a03891c25ee9c85420a24,2021-03,South Yorkshire Police,South Yorkshire Police,-1.467881,53.409758,On or near LONGLEY AVENUE WEST,E01007872,Sheffield 020B,Suspect charged
0011636074b8df45141746262d33f7ac45d6a069565a4415c81e82eaf3c3e5db,2021-03,South Yorkshire Police,South Yorkshire Police,-1.301872,53.534942,On or near WEST STREET,E01007376,Barnsley 022D,Suspect charged
aafea14c06f7cd5cc975996594a48f245f96c1fbf60d674c95b1ba22c159a0ac,2021-03,South Yorkshire Police,South Yorkshire Police,-1.462787,53.411695,On or near NORWOOD GRANGE DRIVE,E01007941,Sheffield 015A,Unable to prosecute suspect
3ae02efa105af3e864d854a5c79d000c1fe054d3bb1a300d681ad223295f63fb,2021-03,South Yorkshire Police,South Yorkshire Police,-1.523044,53.395007,On or near GOODISON CRESCENT,E01007997,Sheffield 025A,Unable to prosecute suspect
f28ccea5787c7a3ccc64f9bff5f57d817f4c57a911ea4d48faf6d8f241a42322,2021-03,South Yorkshire Police,South Yorkshire Police,-1.318595,53.543955,On or near HIGH STREET,E01007375,Barnsley 014D,Unable to prosecute suspect
2d24a6b5317996e2c9d6b2b64f189076f3aa753e4fda1e121a570f74a1af87b8,2021-03,South Yorkshire Police,South Yorkshire Police,-1.146513,53.507068,On or near STONEGATE MEWS,E01007534,Doncaster 028D,Investigation complete; no suspect identified
a079252a5ceb4dc15e32e53910f86cea860befeaeed695562a0d10f2e6c6051f,2021-03,South Yorkshire Police,South Yorkshire Police,-1.350509,53.434661,On or near ST ANN'S ROAD,E01007714,Rotherham 017B,Investigation complete; no suspect identified
d1f38289df69a132f81d3110660768d5da38b1c6429c217807ed72589ee7c887,2021-03,South Yorkshire Police,South Yorkshire Police,-1.216129,53.431024,On or near FRETWELL CLOSE,E01007755,Rotherham 018C,Unable to prosecute suspect
7c4e77b2dec86a07b0e582b4bd87e4e09025bdfc1b6caf98f2b74034985cf815,2021-03,South Yorkshire Police,South Yorkshire Police,-1.519119,53.325572,On or near Sports/Recreation Area,E01007920,Sheffield 068A,Unable to prosecute suspect
716e45208aca4b511659c7a71320ba277b242e19726a0ebbb578543e028b2978,2021-03,South Yorkshire Police,South Yorkshire Police,-1.216129,53.431024,On or near FRETWELL CLOSE,E01007755,Rotherham 018C,Unable to prosecute suspect
d924bd5d310d0d4f94ba3387dba29f296c0b251f3ae9a9f535554059de4b5deb,2021-03,South Yorkshire Police,South Yorkshire Police,-1.423445,53.362856,On or near NAVAN ROAD,E01008013,Sheffield 039C,Unable to prosecute suspect
e8f77d90076e49d617ccea78d393640c3c9f467d48b715b68baeef9174031f09,2021-03,South Yorkshire Police,South Yorkshire Police,-1.302001,53.449021,On or near CROFTS DRIVE,E01007719,Rotherham 010A,Offender given a caution
c96d0dc8be78470ae1d8801cfd3bccf8df33ed4f000b2a27e596447bb8be5854,2021-03,South Yorkshire Police,South Yorkshire Police,-1.381456,53.511426,On or near GARDEN DRIVE,E01007694,Rotherham 001B,Unable to prosecute suspect
ca29ef4025424183388d259bc66c741278b3911fc5be1cc7759b7a1373b2c478,2021-03,South Yorkshire Police,South Yorkshire Police,-1.377677,53.576897,On or near DEWFIELD CLOSE,E01007332,Barnsley 006C,Unable to prosecute suspect
141f491a8a592f82b8f18475d9d7650c5446b8e96f565a39e856c497cc2ad90c,2021-03,South Yorkshire Police,South Yorkshire Police,-1.409989,53.370934,On or near DANEWOOD GARDENS,E01008017,Sheffield 039E,Investigation complete; no suspect identified
a2202d01119f47d2a67b2ae7386ee3c3d178b5111c1a1747c722c72e34ec8e7e,2021-03,South Yorkshire Police,South Yorkshire Police,-1.493139,53.369248,On or near Supermarket,E01007864,Sheffield 036D,Suspect charged
0291576b8534b5838abfce8a44e1a90a2d4aed9c8c9b812f1cc0bf6928ee5ff8,2021-03,South Yorkshire Police,South Yorkshire Police,-1.469974,53.318766,On or near BOWSHAW AVENUE,E01008084,Sheffield 070D,Suspect charged
0862399be6b988b9b674dee0b960b678b7c80b3f0fb9f82612b4d94a8701527a,2021-03,South Yorkshire Police,South Yorkshire Police,-1.336937,53.495278,On or near OAK AVENUE,E01007816,Rotherham 002A,Unable to prosecute suspect
9bcdf31b097b7fb8b9974d07f03f243f3b69da22337bf99c5b6a4c83b0da9602,2021-03,South Yorkshire Police,South Yorkshire Police,-1.305014,53.533801,On or near Police Station,E01007369,Barnsley 022A,Investigation complete; no suspect identified
0c01797043500ace2decd2ff74018082cb5dc6f3650325f790a26ba1df6dfb42,2021-03,South Yorkshire Police,South Yorkshire Police,-1.436938,53.541785,On or near Park/Open Space,E01007319,Barnsley 015A,Local resolution
6552d5e806e9d239b3bfcbc3985fdfb33cffec9d651ff11a207d1372c1068b17,2021-03,South Yorkshire Police,South Yorkshire Police,-1.445876,53.401380,On or near PETRE STREET,E01007873,Sheffield 020C,Unable to prosecute suspect
f0cbcfc4596673d44ddd88e02b89cf2e5459cda8acf17c31671bba9caa205fce,2021-03,South Yorkshire Police,South Yorkshire Police,-1.145036,53.507785,On or near BURTON TERRACE,E01007534,Doncaster 028D,Unable to prosecute suspect
b858cc00b3e6fee4dc9f93d077af6823fe1b06d3898fbdc0272855e32237767f,2021-03,South Yorkshire Police,South Yorkshire Police,-1.436938,53.541785,On or near Park/Open Space,E01007319,Barnsley 015A,Local resolution
c80165784dd2cfbff0a8d784b30382fda634d96b3f0dc0feee41a3a5964a82e7,2021-03,South Yorkshire Police,South Yorkshire Police,-1.436938,53.541785,On or near Park/Open Space,E01007319,Barnsley 015A,Local resolution
cb35d55693ca0c1d107b2186974a11dac3cf8a79c331b6b41e537e96269261a2,2021-03,South Yorkshire Police,South Yorkshire Police,-1.482215,53.552326,On or near PEEL SQUARE,E01007340,Barnsley 013B,Local resolution
285f54a4531e542b231c9dd97e4067511493dedd130cef66a8e73b9a9b4ef941,2021-03,South Yorkshire Police,South Yorkshire Police,-1.487316,53.357278,On or near HERBERT ROAD,E01008042,Sheffield 050A,Unable to prosecute suspect
839438f7cb535ba38d797dd754e4ce4daa7e16d97141ebb15bfefd7a3dbac924,2021-03,South Yorkshire Police,South Yorkshire Police,-1.195822,53.586536,On or near HAWTHORNE CRESCENT,E01007469,Doncaster 005B,Further action is not in the public interest
4dd7e24e650faff5adbe9b72824217d07cba31571d1bc9c893da2cd198b2d69c,2021-03,South Yorkshire Police,South Yorkshire Police,-1.184200,53.564849,On or near STAFFORD ROAD,E01007467,Doncaster 009D,Unable to prosecute suspect
3bf1a2ee024461bb619f677dee2eddc3c1d10bae760f0bef8a38bd81f7d3247b,2021-03,South Yorkshire Police,South Yorkshire Police,-1.414879,53.368396,On or near ANGLETON CLOSE,E01008011,Sheffield 039A,Unable to prosecute suspect
b21debf858061eb364c816deb9bdd6fdea19bb102366b0b9e727ab6943eefdf5,2021-03,South Yorkshire Police,South Yorkshire Police,-1.106483,53.542083,On or near WHEATLEY HALL ROAD,E01007652,Doncaster 015D,Unable to prosecute suspect
fdf07d1d91cc50d933908f708e752ddb8a6432d3a793f220592b39af1ca4eec7,2021-03,South Yorkshire Police,South Yorkshire Police,-1.106483,53.542083,On or near WHEATLEY HALL ROAD,E01007652,Doncaster 015D,Unable to prosecute suspect
fee8dc5cd9307de2879f9249d5afe0fa4965fce06571b83e7f4efcc8d993a2aa,2021-03,South Yorkshire Police,South Yorkshire Police,-1.475900,53.375430,On or near FITZWILLIAM GATE,E01033274,Sheffield 042G,Investigation complete; no suspect identified
12a3e1a0cdaa26fc1fc58266d3105f0a0b867f59174b63edde5cd7d8eada8df6,2021-03,South Yorkshire Police,South Yorkshire Police,-1.135114,53.518186,On or near MILTON WALK,E01007532,Doncaster 023B,Unable to prosecute suspect
c7957a895754cfffa0894348cd11b352afb9acb2d46e9d06ccf13f197c6c9832,2021-03,South Yorkshire Police,South Yorkshire Police,-1.107223,53.536336,On or near BRISTOL GROVE,E01007652,Doncaster 015D,Unable to prosecute suspect
ba255f70448905cdb0a1f79f9e709bdca006dbfe0cf26bdd669703c8bd48a056,2021-03,South Yorkshire Police,South Yorkshire Police,-1.135114,53.518186,On or near MILTON WALK,E01007532,Doncaster 023B,Investigation complete; no suspect identified
c37e88c85e31f7c85f0e9c10bd4e88e10e0316231ce9539db93ddeafac80bdbc,2021-03,South Yorkshire Police,South Yorkshire Police,-1.425554,53.370273,On or near RAVENCARR PLACE,E01008012,Sheffield 039B,Unable to prosecute suspect
dba0f9089979042e180ef9082530829d3d3ebacf6e1036fd663af0a7e6521780,2021-03,South Yorkshire Police,South Yorkshire Police,-1.451339,53.383571,On or near ST JOHN'S ROAD,E01007885,Sheffield 075E,Investigation complete; no suspect identified
90b48ce3fb5b4dbed421688ae81ce128798953fce31e536690d32e44f3daa6dc,2021-03,South Yorkshire Police,South Yorkshire Police,-1.451339,53.383571,On or near ST JOHN'S ROAD,E01007885,Sheffield 075E,Investigation complete; no suspect identified
728aa55c6f2e6b8cdc01808caad821ae8a74f1ca03ed5c2f1e9351b033f61b87,2021-03,South Yorkshire Police,South Yorkshire Police,-1.287001,53.496860,On or near WELLINGTON STREET,E01007571,Doncaster 031A,Unable to prosecute suspect
349b3137888ae79f5c3357cdef8bfcfc186ab0cdeffe3f6cc13a520d528274f5,2021-03,South Yorkshire Police,South Yorkshire Police,-1.431190,53.362345,On or near CITY ROAD,E01008098,Sheffield 048A,Offender given a drugs possession warning
ac7b455be1d894f5a53907038f3077f0fcca3355363392f7082bd739d9e9d435,2021-03,South Yorkshire Police,South Yorkshire Police,-1.472667,53.373079,On or near Pedestrian Subway,E01033274,Sheffield 042G,Investigation complete; no suspect identified
d825cc77ad5a01cc1c775f7eae8079b2c342a54daba5bae1d4692d3d71bef970,2021-03,South Yorkshire Police,South Yorkshire Police,-1.488054,53.394737,On or near WOOD STREET,E01008072,Sheffield 026C,Investigation complete; no suspect identified
98188bfabe60a03f12795a9ba172e4739288c573bb6873c9859dfc3a415c4f61,2021-03,South Yorkshire Police,South Yorkshire Police,-1.360318,53.336674,On or near FARM FIELDS CLOSE,E01008040,Sheffield 061D,Unable to prosecute suspect
d6a4366b1a8a788c66fb29dd9219cbc4400aa0f3049d3f208693c190468180d5,2021-03,South Yorkshire Police,South Yorkshire Police,-1.479580,53.418754,On or near Supermarket,E01008123,Sheffield 015E,Investigation complete; no suspect identified
d8b9de74d5092ae2cd7a43b3da075a7757fbcba2de7c6c28c1758dbfdf42310b,2021-03,South Yorkshire Police,South Yorkshire Police,-1.490253,53.547884,On or near RACECOMMON ROAD,E01007417,Barnsley 013D,Investigation complete; no suspect identified
b00eb18a3e9f5d1c93865abe3c64ad929a4f57cf7daeca53e909503ca35aaf69,2021-03,South Yorkshire Police,South Yorkshire Police,-1.211652,53.369511,On or near CONSTABLE LANE,E01007790,Rotherham 029E,Unable to prosecute suspect
533f7ce76419f3fe710b406b8a1c349267aa360e036e901a46a22742a7c25c61,2021-03,South Yorkshire Police,South Yorkshire Police,-1.224201,53.348038,On or near WESLEY PLACE,E01007663,Rotherham 032E,Unable to prosecute suspect
90df175adc3c7f68d9bb9d4a48fa50a5046558f3991902b8865a873403ccb6eb,2021-03,South Yorkshire Police,South Yorkshire Police,-1.384841,53.443166,On or near ROUGHWOOD ROAD,E01007740,Rotherham 011A,Further investigation is not in the public interest
4465431c7e24a64a776e4373a57a51c75a2554a4d6d1cefcbbfee309321c5e5f,2021-03,South Yorkshire Police,South Yorkshire Police,-1.327992,53.487093,On or near BRAMELD ROAD,E01007818,Rotherham 003F,Offender given a caution
359b094e0ea8855650082c307e1b0240df40f3aac9a6cc2941b9629ea94bc370,2021-03,South Yorkshire Police,South Yorkshire Police,-1.339916,53.456751,On or near SPALTON ROAD,E01007783,Rotherham 008C,Unable to prosecute suspect
2a9563c1d6b776b31f3919313181e2e83f8e8771e743902575f048b40251a1b8,2021-03,South Yorkshire Police,South Yorkshire Police,-1.125042,53.526867,On or near KING'S ROAD,E01007648,Doncaster 019D,Unable to prosecute suspect
2617f0641598d363cb5546a59d481fea9243782c4b7ea86d8c79509d6b700f19,2021-03,South Yorkshire Police,South Yorkshire Police,-1.107907,53.520314,On or near Race Track,E01007644,Doncaster 019A,Unable to prosecute suspect
ab97c8dfb2e334c3a708e4a105fbf8b920fcf1d8b4cd0a100fda1a4fcfa4d7f3,2021-03,South Yorkshire Police,South Yorkshire Police,-1.445321,53.432523,On or near SHIREHALL CRESCENT,E01008054,Sheffield 007B,Unable to prosecute suspect
dd48a2e7fbf7ac19e25e251b88b4dc4557d52c135d713a1cd7997983d25c00c9,2021-03,South Yorkshire Police,South Yorkshire Police,-1.444815,53.408952,On or near ROBEY STREET,E01007944,Sheffield 022F,Unable to prosecute suspect
d8ee2378f42434a2f7080f3614cc58b628e67ca2700df69ebca2f2255b0ecdcd,2021-03,South Yorkshire Police,South Yorkshire Police,-1.465916,53.392500,On or near NEVILLE DRIVE,E01033269,Sheffield 022G,Unable to prosecute suspect
e5fde0a0c21b0ceab4f0bcdbdbb5f902091e51252e36f4b167e7d95b749c1944,2021-03,South Yorkshire Police,South Yorkshire Police,-1.313190,53.542253,On or near CHESTNUT GROVE,E01007375,Barnsley 014D,Investigation complete; no suspect identified
367f51d68c1b2624cdf86ac768431b94e58bfa6898fcd5854f2094ff6210ae4e,2021-03,South Yorkshire Police,South Yorkshire Police,-1.267482,53.501955,On or near ULLSWATER ROAD,E01007580,Doncaster 030D,Unable to prosecute suspect
0e70b3b27f20cc43df8223573f132b8fdd2f6e2f625bee977739de36b7d1df1f,2021-03,South Yorkshire Police,South Yorkshire Police,-1.313180,53.436493,On or near HAWKSWORTH ROAD,E01007723,Rotherham 013A,Unable to prosecute suspect
e721515a4c7708b5c2d3b76659594cc00f80312b031fa52c2d42042bb13f04a7,2021-03,South Yorkshire Police,South Yorkshire Police,-1.327464,53.437527,On or near DENE ROAD,E01007738,Rotherham 013D,Unable to prosecute suspect
d165a8d81b4f4c6959299197e256c8eea9ff42a287ca31f85ff3cb21113659d3,2021-03,South Yorkshire Police,South Yorkshire Police,-1.126506,53.526060,On or near BROXHOLME LANE,E01007648,Doncaster 019D,Investigation complete; no suspect identified
af86517ed3a75394bc2f7eabd269deb7ed327d297423735ab0523b960ec86e89,2021-03,South Yorkshire Police,South Yorkshire Police,-1.344740,53.473101,On or near POTTERDYKE AVENUE,E01007780,Rotherham 005C,Further investigation is not in the public interest
20d4d9ea3ae898f435f47070c25c227a8d984c16a85d6bc37e08e58aacfcbdb9,2021-03,South Yorkshire Police,South Yorkshire Police,-1.457646,53.362872,On or near THORNBOROUGH PLACE,E01008096,Sheffield 043B,Investigation complete; no suspect identified
ce6cd587913de20ce7c44c8bfb34cb11be59a60e6ed9df9efe6d172b5388b6a0,2021-03,South Yorkshire Police,South Yorkshire Police,,,No location,,,Offender given a caution
39e303363e9526dddbc0631a9c63388ae2ad9cb4ef7d48af209399681ce64510,2021-03,South Yorkshire Police,South Yorkshire Police,-1.456042,53.409750,On or near Hospital,E01007942,Sheffield 020D,Unable to prosecute suspect
7d65ffc008d1f5e6865c15b3b35c5d584f8c82bb8fc0cecbac81d24039b74069,2021-03,South Yorkshire Police,South Yorkshire Police,-1.403530,53.591041,On or near ASH ROAD,E01007331,Barnsley 003B,Investigation complete; no suspect identified
fd3801c3e8bd1a3599152e16830854cf3d26730a5de75fb7e49a570caaa563e1,2021-03,South Yorkshire Police,South Yorkshire Police,-1.359477,53.505971,On or near WINTERWELL ROAD,E01007693,Rotherham 001A,Unable to prosecute suspect
605ecef6bf0cc1e4f8cb7ed0bf3b8b3dd36e08159881d971fea199051303f683,2021-03,South Yorkshire Police,South Yorkshire Police,-1.400451,53.517105,On or near ELLIOTT AVENUE,E01007451,Barnsley 026A,Unable to prosecute suspect
f8e08097f84e8779e5f208e435fe6313613c999306e2e33e09cdc6f6041a5339,2021-03,South Yorkshire Police,South Yorkshire Police,,,No location,,,Unable to prosecute suspect
325dfff936c73f4cf289218ac61bb73f96bc2be1971d57e3eaec17fee646343f,2021-03,South Yorkshire Police,South Yorkshire Police,,,No location,,,Offender given a drugs possession warning
5461f0c1a9901c799bf5b9437aa60c45a214a7362c20fafb735e7045bdc0bb17,2021-03,South Yorkshire Police,South Yorkshire Police,-1.449215,53.567863,On or near ELM PLACE,E01007406,Barnsley 009E,Unable to prosecute suspect
6c87e6c1deacc7cb3fefeeb50b3f2eb43901138e38e4493b5e8c6460fe6e33af,2021-03,South Yorkshire Police,South Yorkshire Police,-1.378305,53.582473,On or near MOUNT AVENUE,E01007328,Barnsley 006A,Unable to prosecute suspect
46e5516f44396949d903daa4a8b83f184ea5116c9a530ddfef553eff8ae90dec,2021-03,South Yorkshire Police,South Yorkshire Police,-1.469189,53.404955,On or near FIRSHILL GLADE,E01007871,Sheffield 019B,Unable to prosecute suspect
5e89238e138794e60ebee739ce8c3dc7d4c380f6c9e848f334e18f37b4e03d26,2021-03,South Yorkshire Police,South Yorkshire Police,-1.475275,53.432398,On or near Sports/Recreation Area,E01008117,Sheffield 009D,Local resolution
6b379f576032c40dfb6d69d036154cdda7d96839c80006f36ea6bfdffe811db0,2021-03,South Yorkshire Police,South Yorkshire Police,-1.126667,53.528506,On or near ATHRON STREET,E01007648,Doncaster 019D,Investigation complete; no suspect identified
7d3feba93b8acd78482143376cca7ab4ec4603084a855a41e59b9ce272866fad,2021-03,South Yorkshire Police,South Yorkshire Police,-1.440285,53.357507,On or near BERNERS PLACE,E01008103,Sheffield 048D,Investigation complete; no suspect identified
4cff3dd73de498446f26a78c5dc6eb119c503b1d710fe2ff91cfc9d04ccb1b44,2021-03,South Yorkshire Police,South Yorkshire Police,-1.396499,53.352413,On or near ALPORT DRIVE,E01007838,Sheffield 076A,Further investigation is not in the public interest
ffa489de624c5e9595891d0152f8abbabbdf0601a17f5b245af903e3adbaa909,2021-03,South Yorkshire Police,South Yorkshire Police,-1.475275,53.432398,On or near Sports/Recreation Area,E01008117,Sheffield 009D,Local resolution
8ead200001c4e2f51dbbab11d069289b303824dcd85b9696c35bec8eb84dedf9,2021-03,South Yorkshire Police,South Yorkshire Police,-1.418476,53.371281,On or near PRINCE OF WALES ROAD,E01008017,Sheffield 039E,Investigation complete; no suspect identified
4cf1ba7707aca505f651940470861a24fcb300a7fe9660a5936ce2e639acd76b,2021-03,South Yorkshire Police,South Yorkshire Police,-1.463870,53.375808,On or near SUFFOLK ROAD,E01033274,Sheffield 042G,Investigation complete; no suspect identified
16e9b736b24197fa51429472e58c77f4b7d29d4707c9681c5d82a8d069e7a569,2021-03,South Yorkshire Police,South Yorkshire Police,-1.217641,53.483887,On or near Petrol Station,E01007620,Doncaster 020D,Unable to prosecute suspect
b7a6fd377c8f73056ef070fd261af0ad2377c5d5c2ecfbe1373970f8a31ca6f6,2021-03,South Yorkshire Police,South Yorkshire Police,-1.295648,53.340516,On or near ALMOND TREE ROAD,E01007750,Rotherham 031D,Unable to prosecute suspect
69c5c518e24bfb96570da61ee735aa4a8fafb92cadc6d1fb673e118ab37f0fd5,2021-03,South Yorkshire Police,South Yorkshire Police,-1.440477,53.361184,On or near EASTERN AVENUE,E01008102,Sheffield 048C,Investigation complete; no suspect identified
4fbe55ae5e90e1e86f6758b68f0bbed5495b68b1028535b5a6bcf197c48cab61,2021-03,South Yorkshire Police,South Yorkshire Police,-1.161669,53.545952,On or near CHATSWORTH CRESCENT,E01007519,Doncaster 012E,Unable to prosecute suspect
2f96f5abc6c1f174ec7282c149ce3bba80a43e37bbb004f13744fd59f8d01726,2021-03,South Yorkshire Police,South Yorkshire Police,-1.482838,53.411945,On or near TEYNHAM ROAD,E01008094,Sheffield 019D,Unable to prosecute suspect
2f96f5abc6c1f174ec7282c149ce3bba80a43e37bbb004f13744fd59f8d01726,2021-03,South Yorkshire Police,South Yorkshire Police,-1.482838,53.411945,On or near TEYNHAM ROAD,E01008094,Sheffield 019D,Unable to prosecute suspect
4bcb98b1668579256af9c7e06007e36b589d1358e67b7609476dbd1826c1f8b9,2021-03,South Yorkshire Police,South Yorkshire Police,-1.489121,53.387272,On or near OXFORD STREET,E01008065,Sheffield 026A,Unable to prosecute suspect
ef81301c239fcc7d9969da64d78b634781ee8f33c91212a363ae8aefa6b3600c,2021-03,South Yorkshire Police,South Yorkshire Police,-1.057532,53.474678,On or near BRODSWORTH WAY,E01007594,Doncaster 036B,Unable to prosecute suspect
d9a6b574c0db111b118a230c183d3909602a399305cee5101d0f1f179c6ada51,2021-03,South Yorkshire Police,South Yorkshire Police,-1.492111,53.367159,On or near WESTBROOK BANK,E01008049,Sheffield 050D,Investigation complete; no suspect identified
aea964b95aab1173fb88cd8096286c135137c34c7a31e9aa7653752bb5d414fe,2021-03,South Yorkshire Police,South Yorkshire Police,-1.444672,53.408403,On or near POPPLE STREET,E01007944,Sheffield 022F,Unable to prosecute suspect
1577be92aa5a0b5489cb04ecb60a33abe54c5045ec80b9b51f0d20264973dbf1,2021-03,South Yorkshire Police,South Yorkshire Police,-1.031426,53.592150,On or near QUEEN'S CRESCENT,E01007626,Doncaster 004B,Unable to prosecute suspect
d409cd20218147f0c4011810dfc322771ab97efae7e49a6e0bbfb4f75a4a658b,2021-03,South Yorkshire Police,South Yorkshire Police,-1.113205,53.537441,On or near RIPON AVENUE,E01007651,Doncaster 015C,Unable to prosecute suspect
a6ee4a3a137bf4156482a866173fa5dc7909ee5a43ff724319cf51d6cd93c004,2021-03,South Yorkshire Police,South Yorkshire Police,-1.083387,53.471850,On or near WINDSOR VIEW,E01007597,Doncaster 037E,Investigation complete; no suspect identified
76d256a17888285e00d77d1e9ec7f188c6f3a00fa55f7a4dda462886a3f4d64e,2021-03,South Yorkshire Police,South Yorkshire Police,-1.136918,53.522963,On or near Parking Area,E01007645,Doncaster 022E,Unable to prosecute suspect
21ceaa3b2d74e86c824a6680c9b300949ce5bcc69030ec45de52913376d25fb3,2021-03,South Yorkshire Police,South Yorkshire Police,-1.168332,53.524012,On or near VALIANT GARDENS,E01007618,Doncaster 021D,Unable to prosecute suspect
638b0a308e80a560f514e9d3d0bbe1ba47ea3367c5bf1ab421f99b7cd1b40481,2021-03,South Yorkshire Police,South Yorkshire Police,-1.239753,53.477747,On or near BEECH GROVE,E01007540,Doncaster 035D,Suspect charged
de988bef9e12d6bfdde2700a19ef3c6a223bc290bb1d9ceb3f92b37674ee7ab6,2021-03,South Yorkshire Police,South Yorkshire Police,-1.487279,53.327785,On or near ALLENBY CLOSE,E01007826,Sheffield 066C,Unable to prosecute suspect
9fcfa2720745b64dcf1c22a4653fa1df95e85b80a00050def40f64a1e7dfbac5,2021-03,South Yorkshire Police,South Yorkshire Police,-1.552025,53.397663,On or near SPOUT LANE,E01008132,Sheffield 023D,Suspect charged
cd58232d7f8506e9507f8708514b2f288fa78787bf3d49a2e63e23b009460781,2021-03,South Yorkshire Police,South Yorkshire Police,-1.073000,53.474224,On or near ABERCONWAY CRESCENT,E01007595,Doncaster 037D,Unable to prosecute suspect
218b84731df037534c234e60a150c63857f5d9d78de6b4f19736c5774fe6deff,2021-03,South Yorkshire Police,South Yorkshire Police,-1.390645,53.411043,On or near MAPLEBECK ROAD,E01007903,Sheffield 018A,Further action is not in the public interest
77bea8d7a9234860df10b83ad864188bc88e9cf3cdea017048fe16e0f9a71592,2021-03,South Yorkshire Police,South Yorkshire Police,-1.453781,53.568567,On or near GARDEN HOUSE CLOSE,E01007400,Barnsley 009C,Unable to prosecute suspect
78a590ddca2e3314059889d50c10f2671b1613d6315d6f0cbc66d8dfa012f011,2021-03,South Yorkshire Police,South Yorkshire Police,-1.190492,53.584010,On or near SANDYFIELDS VIEW,E01007474,Doncaster 005F,Unable to prosecute suspect
07316fa77504cdaa2668a7bb89459c377c988d4cd0b9202b92aebc364878a3fe,2021-03,South Yorkshire Police,South Yorkshire Police,-1.145563,53.546827,On or near CENTRAL AVENUE,E01007510,Doncaster 010D,Investigation complete; no suspect identified
3439636e9125ff8c7b99cccbd275e6ec366e20381a3ae0ed00e0745f8d639ff3,2021-03,South Yorkshire Police,South Yorkshire Police,-1.390645,53.411043,On or near MAPLEBECK ROAD,E01007903,Sheffield 018A,Further action is not in the public interest
bdc4f637c240e8a5a4194ffc903de5df1f3de02e774dbeaaab46ed73805e3f51,2021-03,South Yorkshire Police,South Yorkshire Police,-1.186195,53.485241,On or near JOHNSON COURT,E01007545,Doncaster 034A,Local resolution
dacfde74d923835629f616f7492ac165d0137ab0a944f667be8a9acd27c6582f,2021-03,South Yorkshire Police,South Yorkshire Police,-1.442829,53.411307,On or near HINDE HOUSE CROFT,E01007940,Sheffield 022E,Investigation complete; no suspect identified
26245cbec48f9a8d8e7cbc1238d059c674a148621e46ecfd2a370c5ddfe636e1,2021-03,South Yorkshire Police,South Yorkshire Police,-1.501033,53.471752,On or near WHINMOOR ROAD,E01007892,Sheffield 003B,Unable to prosecute suspect
33a47a14d445cf53a8d214fcb861d671e7ec4f8b783668abd718cad3b8834693,2021-03,South Yorkshire Police,South Yorkshire Police,-1.473238,53.415706,On or near SOUTHEY CRESCENT,E01007945,Sheffield 015B,Local resolution
835704e16b9558a89b1e85ea7578a13e931d4311e394bd5a0fc126ebd33c7161,2021-03,South Yorkshire Police,South Yorkshire Police,-1.471205,53.380677,On or near POOL SQUARE,E01033265,Sheffield 074C,Investigation complete; no suspect identified
24685170ac71100fd4e354ae0160b27abf77025fa93b7d6e59b7195f6f072b12,2021-03,South Yorkshire Police,South Yorkshire Police,-1.510687,53.367155,On or near STAINTON ROAD,E01007935,Sheffield 047C,Unable to prosecute suspect
1f7ab7228c78769bfad5f0b2ab8287dad228f91270527bfd1ab2ad379c5d4c5f,2021-03,South Yorkshire Police,South Yorkshire Police,-0.960918,53.609886,On or near Petrol Station,E01007639,Doncaster 003D,Suspect charged
a473c058863b67ac2bb16ef63863d7277476df0d8d19c5e0413176ac7ea3fed5,2021-03,South Yorkshire Police,South Yorkshire Police,-1.554978,53.451974,On or near CARLTON RISE,E01008136,Sheffield 008D,Investigation complete; no suspect identified
404a00e210370b6e53ab92c524f5fbb102017a3ca0e83cb5331d079bd660be7f,2021-03,South Yorkshire Police,South Yorkshire Police,-1.415501,53.353694,On or near ALNWICK DRIVE,E01008001,Sheffield 052B,Unable to prosecute suspect
35245f76bbe5ca97560f450132074d5e59a6f7165d489b5b454c80b83e277b88,2021-03,South Yorkshire Police,South Yorkshire Police,-1.375022,53.533648,On or near THOMAS STREET,E01007353,Barnsley 020F,Investigation complete; no suspect identified
784cb2b490171e9bc847a491231facc42b1c44278c1f63c6742805bedf3e49dd,2021-03,South Yorkshire Police,South Yorkshire Police,-1.327992,53.487093,On or near BRAMELD ROAD,E01007818,Rotherham 003F,Unable to prosecute suspect
2f874f5b4707f38f82901f026738b2a3059a5b2c784d7abff0cfebcbb3f36231,2021-03,South Yorkshire Police,South Yorkshire Police,-1.294280,53.496076,On or near WEST ROAD,E01007577,Doncaster 031F,Unable to prosecute suspect
7f168539358aeadb782db2e4ca0c17ffa28a9953ce77a76a09330df07b52c4fe,2021-03,South Yorkshire Police,South Yorkshire Police,-1.447674,53.418206,On or near B6086,E01007851,Sheffield 013B,Investigation complete; no suspect identified
eee2235ea6860f981ba9c987bcd90ce6b8628587ed7719d15a78aa84e5675249,2021-03,South Yorkshire Police,South Yorkshire Police,-1.361124,53.429451,On or near MAIN STREET,E01007714,Rotherham 017B,Further investigation is not in the public interest
857056357beb7099dbf4499635033600178c06b3c4f57dee69f6aca13363bc6f,2021-03,South Yorkshire Police,South Yorkshire Police,-1.361124,53.429451,On or near MAIN STREET,E01007714,Rotherham 017B,Further investigation is not in the public interest
623ff2cb914db438a2b0b5edc5d38d655d5f3909e8b8d7f47f630953c2c131be,2021-03,South Yorkshire Police,South Yorkshire Police,-1.508360,53.365564,On or near ONSLOW ROAD,E01007935,Sheffield 047C,Unable to prosecute suspect
7fe1efb39c446eb49c063e0d6b17cbe26cbe15bb566a52941b491c8c50227ec4,2021-03,South Yorkshire Police,South Yorkshire Police,-1.525382,53.376850,On or near BARHOLM ROAD,E01007954,Sheffield 033C,Investigation complete; no suspect identified
118ce963fd9b5328b80e7e908d2f6e82ef64fbb41e27db086e403e26000f62ce,2021-03,South Yorkshire Police,South Yorkshire Police,-1.361124,53.429451,On or near MAIN STREET,E01007714,Rotherham 017B,Further investigation is not in the public interest
0833d1e49be4fb28a5f394084e80c6d2304e4c826719777eca06f0f8b0a4c691,2021-03,South Yorkshire Police,South Yorkshire Police,-1.525382,53.376850,On or near BARHOLM ROAD,E01007954,Sheffield 033C,Investigation complete; no suspect identified
5be58aca0e044298e0e23ca31fc86ee989eabaf4000c07ccea60a9289040a073,2021-03,South Yorkshire Police,South Yorkshire Police,-1.513500,53.385324,On or near STANNINGTON VIEW ROAD,E01008159,Sheffield 029D,Unable to prosecute suspect
2fe778254785ca3f453383fc86d569037acf6c496fcf41b2ed18930214ed347b,2021-03,South Yorkshire Police,South Yorkshire Police,-1.167383,53.518550,On or near INGLE GROVE,E01007618,Doncaster 021D,Unable to prosecute suspect
3a952b25db8de5212939ec87dcb4ebca4710ab3daad54fa08d2600774f5a1d7f,2021-03,South Yorkshire Police,South Yorkshire Police,-1.138949,53.613897,On or near PLANTATION CLOSE,E01007492,Doncaster 002F,Unable to prosecute suspect
8bd637e39576fedeb386955f5360c072c576e3aafc536f6501b80cb9e7086592,2021-03,South Yorkshire Police,South Yorkshire Police,-1.160037,53.539945,On or near SCOTSMAN DRIVE,E01007512,Doncaster 012A,Offender given a caution
8ef105908a798b5e24e49ab1eba0a08e1e948a964424ca9e852dfb91d41a24b3,2021-03,South Yorkshire Police,South Yorkshire Police,-1.473238,53.415706,On or near SOUTHEY CRESCENT,E01007945,Sheffield 015B,Local resolution
2e760592056bedc6e82e5015b7cbc2cd0ecc1b6a62b27b04a3cfb58caaacd181,2021-03,South Yorkshire Police,South Yorkshire Police,-1.115561,53.515634,On or near LIME TREE COURT,E01007643,Doncaster 022D,Unable to prosecute suspect
e3d9d1d677ece201dee76736c8e8c4fa3ac7e9bed2db1b810fbb406f16b977e5,2021-03,South Yorkshire Police,South Yorkshire Police,-1.478670,53.472286,On or near IRONSTONE DRIVE,E01007889,Sheffield 004B,Unable to prosecute suspect
f4dc0a8b67d887bfc4ca103e597081c84d2391135971b127106bc32e449b66b0,2021-03,South Yorkshire Police,South Yorkshire Police,-1.182033,53.539396,On or near Parking Area,E01007587,Doncaster 020C,Unable to prosecute suspect
d94c71fc156342d200aabb32981ed358e337a4fc43ec68aa7c7e6d2352969206,2021-03,South Yorkshire Police,South Yorkshire Police,-1.564083,53.340522,On or near SHEEPHILL ROAD,E01007926,Sheffield 068E,Investigation complete; no suspect identified
7632d5fd3a3fde0f8b68b312c5eb58468aa220fd4a73c914808053123a4871f0,2021-03,South Yorkshire Police,South Yorkshire Police,-1.115561,53.515634,On or near LIME TREE COURT,E01007643,Doncaster 022D,Investigation complete; no suspect identified
9c7fc1d5cf18fb4e94c42e8a9ca0815dbd2db7dec4f109af0f73e6cef489c7d3,2021-03,South Yorkshire Police,South Yorkshire Police,-1.194171,53.512045,On or near NEW LANE,E01007617,Doncaster 021C,Unable to prosecute suspect
3428c830d18b09923071c030d4f6dc827991f9c757909ccf54cc8d40da26c8f8,2021-03,South Yorkshire Police,South Yorkshire Police,-1.254927,53.471640,On or near FIRSBY LANE,E01007541,Doncaster 035E,Unable to prosecute suspect
3bb65c769c7e9fabb3805d794ea96682dc6413cc04a43db4389c0fb743992ca1,2021-03,South Yorkshire Police,South Yorkshire Police,-1.188473,53.564024,On or near PRINCESS STREET,E01007467,Doncaster 009D,Unable to prosecute suspect
13904781ef3c00648d16c1fc721fbafe0a35da395aa72a03cd97333fd5d23bc4,2021-03,South Yorkshire Police,South Yorkshire Police,-1.118218,53.434080,On or near WESTFIELD CLOSE,E01007616,Doncaster 039E,Suspect charged
6be509bd98671e9a90fb573e51513b64608479c2cac467a2bc82f4fea23ad9bb,2021-03,South Yorkshire Police,South Yorkshire Police,-1.131598,53.516057,On or near BENTINCK CLOSE,E01007530,Doncaster 022B,Unable to prosecute suspect
abf4b6281a9ff52fdc45352a727fa74882af55d645032b77f992e2454fd415c4,2021-03,South Yorkshire Police,South Yorkshire Police,-1.115231,53.527865,On or near OSBORNE ROAD,E01007646,Doncaster 019B,Investigation complete; no suspect identified
331a88ec680dbfa85c25c0c5007f44b33ef39d830c628484d4b35b719e9428af,2021-03,South Yorkshire Police,South Yorkshire Police,-1.361124,53.429451,On or near MAIN STREET,E01007714,Rotherham 017B,Unable to prosecute suspect
d3a6200d54e732e9c06f94c25ba5bf77789480026289110cc1a293fab143996c,2021-03,South Yorkshire Police,South Yorkshire Police,-1.146804,53.499357,On or near BURNS ROAD,E01007500,Doncaster 028B,Unable to prosecute suspect
4c18c49dfd4771a718eedd21774a144c0b0f9941735093c7560a8f1a53eb00ca,2021-03,South Yorkshire Police,South Yorkshire Police,-1.390645,53.411043,On or near MAPLEBECK ROAD,E01007903,Sheffield 018A,Further action is not in the public interest
c452de7176c974053bb0403bfdfc2335d899e0f9973fe9e8fe403d05d7b76d6d,2021-03,South Yorkshire Police,South Yorkshire Police,-1.508188,53.590420,On or near REDLAND GROVE,E01007357,Barnsley 004B,Unable to prosecute suspect
e456e8e50b3e0c3e6aa41836b0fd029b54543d0f233570b7f220871fa98945d0,2021-03,South Yorkshire Police,South Yorkshire Police,-1.214206,53.429159,On or near YARWELL DRIVE,E01007755,Rotherham 018C,Investigation complete; no suspect identified
cf3d5736ee9c6ad753122990641019c80aedc8dce21fbefcccf5766c1bd35b04,2021-03,South Yorkshire Police,South Yorkshire Police,-1.161032,53.504123,On or near RANYARD ROAD,E01007496,Doncaster 029A,Unable to prosecute suspect
c4e2e2023888d2bb039e412169296e07c040c8e0797b1e54b40472b4fe7b81ed,2021-03,South Yorkshire Police,South Yorkshire Police,-1.161032,53.504123,On or near RANYARD ROAD,E01007496,Doncaster 029A,Unable to prosecute suspect
99998d5759ae12fd4dcda5b7e1fac1c34429f3a8e6005faa1a20cd229c76b1f8,2021-03,South Yorkshire Police,South Yorkshire Police,-1.281724,53.496037,On or near COBDEN AVENUE,E01007576,Doncaster 031E,Unable to prosecute suspect
b2ceba67db8a0c8eab0ca94bd249efc4190f8b02529747d7e8e11c3c7eb3e9ad,2021-03,South Yorkshire Police,South Yorkshire Police,-1.449674,53.601113,On or near STRAWBERRY GARDENS,E01007434,Barnsley 001A,Unable to prosecute suspect
3fc4944ece07434cb11aa11e4ecd9b55e1bc6c42c3aa809b82ba89dc7a93d13b,2021-03,South Yorkshire Police,South Yorkshire Police,-1.422053,53.412386,On or near LINCOLN STREET,E01007854,Sheffield 014E,Investigation complete; no suspect identified
087fad86551d1a8ddd99c54f03f03417d4051be4cec0a9a724975fc55754a142,2021-03,South Yorkshire Police,South Yorkshire Police,-1.482386,53.426874,On or near BUCHANAN CRESCENT,E01033277,Sheffield 011E,Unable to prosecute suspect
b116051761ecbd0f132996e2b90edef6d7ceeac3c31b4b6c8eeaba249c434bb7,2021-03,South Yorkshire Police,South Yorkshire Police,-1.349515,53.436705,On or near LINDLEY STREET,E01007769,Rotherham 017D,Further action is not in the public interest
4388400e0931be7af92f176e6edfe22cc5885b7bcb0991341f7f34011b9011cd,2021-03,South Yorkshire Police,South Yorkshire Police,-1.468606,53.318913,On or near BOWSHAW CLOSE,E01008084,Sheffield 070D,Investigation complete; no suspect identified
e5f5c25a295a4e3ee8ad01bfb8fcadfd34deb06408c5db3360110e3bf81ee6b0,2021-03,South Yorkshire Police,South Yorkshire Police,-1.476265,53.583130,On or near LINDHURST ROAD,E01007325,Barnsley 007C,Investigation complete; no suspect identified
ca2bfa0f61f6e9e8f23f9f8113a9c66d2ac7d098273cc64e8ccaa9148b93f10e,2021-03,South Yorkshire Police,South Yorkshire Police,-1.490983,53.320619,On or near Supermarket,E01007919,Sheffield 069C,Investigation complete; no suspect identified
b6230689ba68574e875945e7c09450b83155ffcddd07f55a3321efab2bfafbf4,2021-03,South Yorkshire Police,South Yorkshire Police,-1.300919,53.488331,On or near NEW STATION ROAD,E01007800,Rotherham 003E,Unable to prosecute suspect
6d080a603e4c2e75a10e042e60ff0836513d94dfb75c1962cc36092773cf2001,2021-03,South Yorkshire Police,South Yorkshire Police,-1.153173,53.503556,On or near REGENT STREET,E01007498,Doncaster 029C,Unable to prosecute suspect
99d8af1efec5c80f4e4105f7fd2251b35e1b5c8b493f884ff0787ba3c316c793,2021-03,South Yorkshire Police,South Yorkshire Police,-1.376993,53.429004,On or near BELMONT STREET,E01007715,Rotherham 016A,Unable to prosecute suspect
99d8af1efec5c80f4e4105f7fd2251b35e1b5c8b493f884ff0787ba3c316c793,2021-03,South Yorkshire Police,South Yorkshire Police,-1.376993,53.429004,On or near BELMONT STREET,E01007715,Rotherham 016A,Unable to prosecute suspect
1e8aa3f7632476a709c896bf887c82f7feb194b3dda8ad694a2403ecfc4a635d,2021-03,South Yorkshire Police,South Yorkshire Police,-1.493863,53.560339,On or near CUTTY LANE,E01007408,Barnsley 010C,Unable to prosecute suspect
5d205a6aa8c6153dbf81182283ee7dd797ccbf862da14f948a4049b9f8233037,2021-03,South Yorkshire Police,South Yorkshire Police,-1.493863,53.560339,On or near CUTTY LANE,E01007408,Barnsley 010C,Unable to prosecute suspect
5125b96a4bfd792429bd1dc7327b7fc9634d9575c0b2d15f483424543350475e,2021-03,South Yorkshire Police,South Yorkshire Police,-1.349515,53.436705,On or near LINDLEY STREET,E01007769,Rotherham 017D,Further action is not in the public interest
9a7a8beb3c75d08790e72a99d10d0a83c6dca22ef7ae348ac5b661e399f02141,2021-03,South Yorkshire Police,South Yorkshire Police,-1.160774,53.527843,On or near WORDSWORTH DRIVE,E01007585,Doncaster 021B,Unable to prosecute suspect
0f10cc9494cdce001d95729e9d1e4ee264d8ac53ee781e554e5b4fe894776d60,2021-03,South Yorkshire Police,South Yorkshire Police,-1.413984,53.394181,On or near CLIPSTONE GARDENS,E01007904,Sheffield 018B,Investigation complete; no suspect identified
56a1490702a506797a210ce52045a31a83cfe05b559ad751dfc18d752735a7d9,2021-03,South Yorkshire Police,South Yorkshire Police,-1.472966,53.367085,On or near PARKFIELD PLACE,E01008109,Sheffield 042B,Offender given a caution
bce6b18e18162fda3e0dfbf896109a6c7cb7abc3e19ec08682fad88ffd14f6b5,2021-03,South Yorkshire Police,South Yorkshire Police,-1.491362,53.388423,On or near ASHBERRY ROAD,E01008072,Sheffield 026C,Further action is not in the public interest
9de0290a5ab6c920858f895c901b5a06b8a77e426723f0f0db62502a7b6f6f2e,2021-03,South Yorkshire Police,South Yorkshire Police,-1.071023,53.577129,On or near ELM CLOSE,E01007624,Doncaster 007D,Investigation complete; no suspect identified
994ddabf6fdc191b006bf07d4ffae118da3e659090f665ec78b5af81b9d82590,2021-03,South Yorkshire Police,South Yorkshire Police,-1.085111,53.478551,On or near HOLMES CARR CRESCENT,E01007593,Doncaster 037C,Investigation complete; no suspect identified
da1726201a45e637fbf20efa6ff4775a5c4b2784b3cd2b53e204b3e65b1e73d9,2021-03,South Yorkshire Police,South Yorkshire Police,-1.316985,53.550220,On or near MERRILL ROAD,E01007378,Barnsley 014F,Investigation complete; no suspect identified
7b06d6c5ddf4c3d39f5c12fb09347bb851ef497d626383a1bdb4dac762795744,2021-03,South Yorkshire Police,South Yorkshire Police,-1.484267,53.549917,On or near GEORGE SQUARE,E01007340,Barnsley 013B,Unable to prosecute suspect
22bf46957e1a1b5cc7bf117ca491a06b04e6f87f70d4b45756b8a01248bb6f62,2021-03,South Yorkshire Police,South Yorkshire Police,-1.035862,53.541301,On or near DERBYSHIRE COURT,E01007479,Doncaster 014A,Investigation complete; no suspect identified
523d4a7be72443c5d2dff592de3102a776ee0c2bedcbe781f2119122963bddd2,2021-03,South Yorkshire Police,South Yorkshire Police,-1.483071,53.421241,On or near DRYDEN DRIVE,E01008122,Sheffield 012E,Unable to prosecute suspect
c29d137142efdbbd01a06b07feef8a0b177cd18c07fab3986e0777b5d73a6c82,2021-03,South Yorkshire Police,South Yorkshire Police,-1.094890,53.543686,On or near BRADFORD ROAD,E01007656,Doncaster 015F,Unable to prosecute suspect
3e0e72657d88ecc6e63cf896d41b6a5231394323864d8c0d8b0aaf65bc326c5b,2021-03,South Yorkshire Police,South Yorkshire Police,-1.464890,53.422716,On or near EMERSON CRESCENT,E01008063,Sheffield 011B,Unable to prosecute suspect
1b68e2cceb86245c6f29f22303f3e8a2ffffdc24ef504cdf10f073667c97c1b4,2021-03,South Yorkshire Police,South Yorkshire Police,-1.466986,53.380227,On or near Theatre/Concert Hall,E01033264,Sheffield 073D,Investigation complete; no suspect identified
26a673a8c8a38781f984fdc1e7b9de571d75e190d3d6cc196d1960b57f8551ce,2021-03,South Yorkshire Police,South Yorkshire Police,-1.015211,53.574786,On or near KINSBOURNE GREEN,E01007555,Doncaster 006B,Unable to prosecute suspect
98264bdc757810b54e66684e6a0702d2688e713eec1de9c48d12e2fae153994b,2021-03,South Yorkshire Police,South Yorkshire Police,-1.370368,53.355846,On or near SKELTON DRIVE,E01007970,Sheffield 049D,Local resolution
76d240ff440bef3473fcdb03521878b4c1ff9b6e4e6b63e2673c14554c160f26,2021-03,South Yorkshire Police,South Yorkshire Police,-1.488722,53.414263,On or near HERRIES ROAD,E01008124,Sheffield 012F,Investigation complete; no suspect identified
87f6377e9bdb675a9fe6effb508aaf724c1a79c59b79d007696f86bf2af07ce5,2021-03,South Yorkshire Police,South Yorkshire Police,-1.174834,53.502188,On or near DIRLETON DRIVE,E01007551,Doncaster 033B,Unable to prosecute suspect
10e5b398a2333a7d4969b2876828f839ceffa45718d21d9da74e38a5ff889b3a,2021-03,South Yorkshire Police,South Yorkshire Police,-1.369021,53.548618,On or near PARK SPRING ROAD,E01007350,Barnsley 020C,Unable to prosecute suspect
3e1fd3967cfaf60615103814a171f0529cc1c0908144baabf582406a5a942edb,2021-03,South Yorkshire Police,South Yorkshire Police,-1.485250,53.554766,On or near CHURCHFIELD,E01007336,Barnsley 013A,Offender given a caution
13b08294536ff5e917d078543fd7d0cda3719f253a6a5420fd2a3a1f1c7d677f,2021-03,South Yorkshire Police,South Yorkshire Police,,,No location,,,Investigation complete; no suspect identified
db5ba0bb9349c62f5039da5e4aa79bdddaba9661c93f6803d6f42a3f8a132df9,2021-03,South Yorkshire Police,South Yorkshire Police,-1.477882,53.341147,On or near Supermarket,E01007831,Sheffield 059C,Unable to prosecute suspect
a1aaf6f331a061a39c70453161aec3a000759b13ad302c15d941d07b0cea261b,2021-03,South Yorkshire Police,South Yorkshire Police,-1.352530,53.541340,On or near JOHN STREET,E01007349,Barnsley 020B,Unable to prosecute suspect
ad9bf78d5f0bbb5d7ef67aeedceec2538d56f0e99cef8148ee9fc7f44a93a846,2021-03,South Yorkshire Police,South Yorkshire Police,-1.069374,53.539391,On or near PAXTON CRESCENT,E01007478,Doncaster 011D,Investigation complete; no suspect identified
3cfa39f4e26e6e135a64d342bb240fc2e2837a1cdaca5b046665b034cf891d22,2021-03,South Yorkshire Police,South Yorkshire Police,-1.069374,53.539391,On or near PAXTON CRESCENT,E01007478,Doncaster 011D,Investigation complete; no suspect identified
e2e807d2aaea169397eed633d520dcb5bf9ff350f433b1d4ac7ca575b05c35b4,2021-03,South Yorkshire Police,South Yorkshire Police,-1.184287,53.585433,On or near LANGDALE ROAD,E01007472,Doncaster 005D,Unable to prosecute suspect
e0892a5d9352fbaee96d9284e9a1b7f888fdaab021d6a2ac6e02a2ed0ce4f319,2021-03,South Yorkshire Police,South Yorkshire Police,-1.487558,53.472306,On or near JEFFCOCK ROAD,E01007900,Sheffield 003F,Unable to prosecute suspect
490e0a0ca3d7d5d401f22f4eff460f6d5e1b19856872cfa868fd8ad558c31868,2021-03,South Yorkshire Police,South Yorkshire Police,-1.158648,53.495801,On or near PRIESTLEY CLOSE,E01007498,Doncaster 029C,Unable to prosecute suspect
ca3f531b5ad5f5f64a547dcbad26399575ac2a5515fe33d0479e270de4986837,2021-03,South Yorkshire Police,South Yorkshire Police,-1.450818,53.419434,On or near TIDESWELL ROAD,E01008062,Sheffield 013E,Local resolution
53ad8eb555e2148347ffdc18ca81329dad47f10a5c4cee845098c0b42e07b233,2021-03,South Yorkshire Police,South Yorkshire Police,-1.339736,53.342054,On or near PORTLAND ROAD,E01008030,Sheffield 063A,Unable to prosecute suspect
f0be574564759734ea4793d79b9cc63d2773b9f1e3b1934da6a3de78610a47fe,2021-03,South Yorkshire Police,South Yorkshire Police,-1.148043,53.557091,On or near PICKERING ROAD,E01007511,Doncaster 010E,Suspect charged
5d50b17b6439840034406b1fcaf7fc25202d5e7164b1810803b4813bc942784c,2021-03,South Yorkshire Police,South Yorkshire Police,-1.148043,53.557091,On or near PICKERING ROAD,E01007511,Doncaster 010E,Suspect charged
8209e96a184bfab711c01bb7729240e3e664c736615e87163b4ce04f5be18576,2021-03,South Yorkshire Police,South Yorkshire Police,-1.492189,53.417523,On or near BINSTED ROAD,E01008092,Sheffield 012D,Unable to prosecute suspect
665ca2f4b802d2abd6f4a1c8664969ce7bdc788a05431370b7c0f0d48d50e2af,2021-03,South Yorkshire Police,South Yorkshire Police,-1.365722,53.507775,On or near BROWNING ROAD,E01007697,Rotherham 001D,Unable to prosecute suspect
f031b1b33c936475ce976255e3f6cad065bf4addb64e19a67d77fea4961e398e,2021-03,South Yorkshire Police,South Yorkshire Police,-1.306229,53.530500,On or near ORCHARD STREET,E01007370,Barnsley 022B,Investigation complete; no suspect identified
4059be3d87cd2062dd8bab389efc82830b94e0d02392d3ea00e2506fa2dd7ddc,2021-03,South Yorkshire Police,South Yorkshire Police,-1.485593,53.413045,On or near PENRITH ROAD,E01008094,Sheffield 019D,Local resolution
1a1dd18fc59bbae2b9ae0c9ee1feb13b9216f3672ff708f06a6f4979dff396c8,2021-03,South Yorkshire Police,South Yorkshire Police,-1.384899,53.371338,On or near ST JOSEPH'S ROAD,E01007971,Sheffield 037C,Investigation complete; no suspect identified
c314e24f4fe17ab25d29fe410b4bb8f058662c7049c04c800cf986d5997e3544,2021-03,South Yorkshire Police,South Yorkshire Police,-1.102471,53.516300,On or near Supermarket,E01007526,Doncaster 025D,Investigation complete; no suspect identified
af7bd96187f4f12acebbcb77252d2f9ab22384889db20bc9d0b7f06c6bcac702,2021-03,South Yorkshire Police,South Yorkshire Police,-1.373622,53.359369,On or near Supermarket,E01007970,Sheffield 049D,Investigation complete; no suspect identified
929dab3c5db5e570e738348883fc09c91f3cf8323182d38ac0512cf030ee7ed8,2021-03,South Yorkshire Police,South Yorkshire Police,-1.027673,53.597063,On or near TURNBERRY MEWS,E01007628,Doncaster 004D,Investigation complete; no suspect identified
34ef81b7650830cf970d421e95929191c6137828b8698b862e62a8555583c412,2021-03,South Yorkshire Police,South Yorkshire Police,-1.027673,53.597063,On or near TURNBERRY MEWS,E01007628,Doncaster 004D,Investigation complete; no suspect identified
4e619f0c6fa681fdc85427da9105c0ec05e7ae497380c4cbdb6ca5dee8de7c75,2021-03,South Yorkshire Police,South Yorkshire Police,-1.449939,53.423412,On or near ILKLEY ROAD,E01008062,Sheffield 013E,Unable to prosecute suspect
5a7e1b150e7a49f42cfe089c5dd3c2bb80ed711c45ab4a323be0c1ef7fc82862,2021-03,South Yorkshire Police,South Yorkshire Police,-1.477038,53.499649,On or near SHEFFIELD ROAD,E01007424,Barnsley 028E,Unable to prosecute suspect
6c8c10c1cc5207ad5b22de2a4e9da93ee183a5c9ccecb1f1fd28490783ea2717,2021-03,South Yorkshire Police,South Yorkshire Police,-1.412160,53.518879,On or near SOKELL AVENUE,E01007452,Barnsley 026B,Unable to prosecute suspect
e67590d7cabb273aa435cb56e9ad0e3a235be32fad360a2a06cc3f0e6deea41e,2021-03,South Yorkshire Police,South Yorkshire Police,-1.212607,53.423657,On or near Sports/Recreation Area,E01007762,Rotherham 018F,Unable to prosecute suspect
784faca3f5db29bd71846c7a4dda33b41cb55a9ddbca30c642eda664d08932fa,2021-03,South Yorkshire Police,South Yorkshire Police,-1.413011,53.508538,On or near QUEST AVENUE,E01007457,Barnsley 029E,Unable to prosecute suspect
5d8d053d547a993849cb5a01df1f41c97b5c44c2ad0af1f3ca78b8d89df54a78,2021-03,South Yorkshire Police,South Yorkshire Police,-0.969119,53.495845,On or near WROOT ROAD,E01007599,Doncaster 026A,Unable to prosecute suspect
72258c88787a91cd9e89cf51c726253774728e7363400dd6ad975a47ffdabe81,2021-03,South Yorkshire Police,South Yorkshire Police,-1.427768,53.359830,On or near Supermarket,E01008098,Sheffield 048A,Unable to prosecute suspect
dc4470a4801c609e9f131c90b670735e558f5f57f5d201502feec5e393e1602e,2021-03,South Yorkshire Police,South Yorkshire Police,-1.468439,53.396359,On or near PITSMOOR ROAD,E01007870,Sheffield 019A,Unable to prosecute suspect
f9747be6811c6cc8fd962fbe49c68cc8afe14c0b247949bf4acd4e72312c81cc,2021-03,South Yorkshire Police,South Yorkshire Police,-1.509089,53.413333,On or near DARWIN ROAD,E01007987,Sheffield 016A,Investigation complete; no suspect identified
d76974d8766e130cf880b31eb4772296adbe3068f3b15b8156fe525fe9a2b77b,2021-03,South Yorkshire Police,South Yorkshire Police,-1.483214,53.415650,On or near DONOVAN CLOSE,E01008124,Sheffield 012F,Investigation complete; no suspect identified
f29308fae67304f4295d5b85f8bc8e0840c6a15aad81dd520907eae90fb8028d,2021-03,South Yorkshire Police,South Yorkshire Police,-1.483214,53.415650,On or near DONOVAN CLOSE,E01008124,Sheffield 012F,Investigation complete; no suspect identified
15d82202bcd300913a5a30ac80e41c500e9fe0e7e8ff220b039846abe07f656b,2021-03,South Yorkshire Police,South Yorkshire Police,-1.307034,53.443253,On or near FOLJAMBE DRIVE,E01007721,Rotherham 010C,Unable to prosecute suspect
7081389969fa856435c929a61ce06a6d96ec1e06b1797c31aefc550cb30989a3,2021-03,South Yorkshire Police,South Yorkshire Police,-1.503246,53.403457,On or near ROSELLE STREET,E01007995,Sheffield 017A,Unable to prosecute suspect
6502f8c6efeab7131cb5288555574a88ccd8e7779f51f2c2c936b4921a36895a,2021-03,South Yorkshire Police,South Yorkshire Police,-1.307034,53.443253,On or near FOLJAMBE DRIVE,E01007721,Rotherham 010C,Unable to prosecute suspect
29025c03fa0d4efb4f20e9c69a9c9aa95e57001ace690bf5e1a4a4e4a3c5e211,2021-03,South Yorkshire Police,South Yorkshire Police,-1.349637,53.429650,On or near SUMMERFIELD,E01007714,Rotherham 017B,Investigation complete; no suspect identified
415aae823b3bc1e74cc1948d2079352b5d032bc14cf7028382b6211a89823af5,2021-03,South Yorkshire Police,South Yorkshire Police,-1.349637,53.429650,On or near SUMMERFIELD,E01007714,Rotherham 017B,Investigation complete; no suspect identified
5f83dd14a8f7e701d2e64b25d244e28dc2341e96a9034b445d5b3ef0a1946ec3,2021-03,South Yorkshire Police,South Yorkshire Police,-1.403222,53.563508,On or near STORRS WOOD VIEW,E01007347,Barnsley 008D,Unable to prosecute suspect
3a792bc65151869084073c039869eed72c5edb6c92dc871e102638fe913a8c47,2021-03,South Yorkshire Police,South Yorkshire Police,-1.116126,53.531934,On or near LIFFORD ROAD,E01007654,Doncaster 019F,Investigation complete; no suspect identified
99e4856f0ed843388b92a88eacfff2130ac8339d3393cd6d70511fa33d26fcbc,2021-03,South Yorkshire Police,South Yorkshire Police,-1.414879,53.368396,On or near ANGLETON CLOSE,E01008011,Sheffield 039A,Investigation complete; no suspect identified
48bcf4517836e5ece7f4024b86422932d1a48e3a1a5c93d67e4464f1f505b06e,2021-03,South Yorkshire Police,South Yorkshire Police,-1.089649,53.536131,On or near Sports/Recreation Area,E01007650,Doncaster 015B,Unable to prosecute suspect
7781dedd44320f09672c161fd9b15eefee09bfd2d69bc9cca1159dd75265f28b,2021-03,South Yorkshire Police,South Yorkshire Police,-1.379147,53.574441,On or near QUEENSWAY,E01007332,Barnsley 006C,Unable to prosecute suspect
7375ab22ba5abd3f9a68c86125c0d5fa9759fd818ed07900c4cfa7ba3c953701,2021-03,South Yorkshire Police,South Yorkshire Police,-1.096562,53.543842,On or near CROMPTON ROAD,E01007656,Doncaster 015F,Investigation complete; no suspect identified
45af6776234fdbc8a7efea4a90cd55179432d3ddec6179b5f6fab0a7829dd58d,2021-03,South Yorkshire Police,South Yorkshire Police,-1.137632,53.519741,On or near UNION STREET,E01007532,Doncaster 023B,Unable to prosecute suspect
165ce94c3d55036760984ccb1f1c73d7cb3a8c1bd454c6f2565c979169031a84,2021-03,South Yorkshire Police,South Yorkshire Police,-1.487726,53.389513,On or near Parking Area,E01008072,Sheffield 026C,Unable to prosecute suspect
936f61915e8b0770b2ff716d89d617da400fe3a2f1e2721d18b9e5bd5b0d2477,2021-03,South Yorkshire Police,South Yorkshire Police,-1.082748,53.544087,On or near OGDEN ROAD,E01007656,Doncaster 015F,Unable to prosecute suspect
766fea95f3b5b0761fe9237238458fb4f925936b7a4fb56bd3b34e74917b05c9,2021-03,South Yorkshire Police,South Yorkshire Police,-1.089816,53.548744,On or near MERCHANTS WAY,E01007656,Doncaster 015F,Investigation complete; no suspect identified
9198876f562065fb28377a1fc51a2cbaf8b694f97addef6600f789e8f06e820a,2021-03,South Yorkshire Police,South Yorkshire Police,-1.432566,53.417173,On or near DAISY GROVE,E01007848,Sheffield 013A,Unable to prosecute suspect
830164ac298aba164f081ca8491d7338c6479cbee40f2f77e7adfb8608401a11,2021-03,South Yorkshire Police,South Yorkshire Police,-1.418217,53.363846,On or near HARTHILL ROAD,E01008010,Sheffield 052E,Unable to prosecute suspect
2eabf635d39550f919c8d1fd2df2b2dc36d111936233930fe7e58518c458aeb9,2021-03,South Yorkshire Police,South Yorkshire Police,-1.400435,53.360990,On or near RICHMOND HILL ROAD,E01007963,Sheffield 045A,Offender given a caution
a68275269f252410eb1cf2b271b03ae1362db7c1e287df4f26185a49c9cc14da,2021-03,South Yorkshire Police,South Yorkshire Police,-1.189041,53.485323,On or near Supermarket,E01007547,Doncaster 034B,Investigation complete; no suspect identified
bc1914b4ac041d4ba6a41a435fefb1a7468339a4b82e0d154786fef2e6cde823,2021-03,South Yorkshire Police,South Yorkshire Police,-1.349637,53.429650,On or near SUMMERFIELD,E01007714,Rotherham 017B,Unable to prosecute suspect
ad2aa1fa04b52f49de39334ce4dd3ebee498791708db26d3997662822451ab3d,2021-03,South Yorkshire Police,South Yorkshire Police,-1.412476,53.413040,On or near Shopping Area,E01007913,Sheffield 018C,Local resolution
4f3c5f706b540f335fadde81118f1569214ccb0b44934d0124b8c920547c7b3e,2021-03,South Yorkshire Police,South Yorkshire Police,-1.487316,53.357278,On or near HERBERT ROAD,E01008042,Sheffield 050A,Suspect charged
91a331badc51b44142f120fc4c24faf6fb5c7ed90ad97395302726d47d59086a,2021-03,South Yorkshire Police,South Yorkshire Police,-1.370351,53.340646,On or near EDENTHORPE DELL,E01008040,Sheffield 061D,Unable to prosecute suspect
b58befcb45828e354e58f52d2f833ef6a3bb5ef2d105f68750be7aa683eb3872,2021-03,South Yorkshire Police,South Yorkshire Police,-1.353739,53.500565,On or near KEBLE MARTIN WAY,E01007822,Rotherham 002F,Investigation complete; no suspect identified
a4575b1c573c6847783b82291ea4f14f00b22324e39f257f061044cf909ea09c,2021-03,South Yorkshire Police,South Yorkshire Police,-1.091192,53.538058,On or near LINKSWOOD AVENUE,E01007650,Doncaster 015B,Unable to prosecute suspect
bedfcf7463ebece9c07a7580e294525fa3d7df4dad43e62a928bcf5376bf09f1,2021-03,South Yorkshire Police,South Yorkshire Police,-1.065722,53.559983,On or near DERWENT DRIVE,E01007623,Doncaster 007C,Unable to prosecute suspect
dc9d7a0ff44caecfa2db8b395b452aa14cb804cf065c9e1d47ad830979facf9d,2021-03,South Yorkshire Police,South Yorkshire Police,-1.475215,53.560619,On or near Supermarket,E01007410,Barnsley 010E,Investigation complete; no suspect identified
c2fd0925661d2b5802a53fdddea403bc0815cbf1e0b80e0c00f658e3baf8981b,2021-03,South Yorkshire Police,South Yorkshire Police,-1.361124,53.429451,On or near MAIN STREET,E01007714,Rotherham 017B,Investigation complete; no suspect identified
7221e6a65e4dbcfb841da025d2c06b2715f90cc6f1faf14c0f4f6dbbe9e0f1f1,2021-03,South Yorkshire Police,South Yorkshire Police,-1.438185,53.362926,On or near BRIMMESFIELD CLOSE,E01008097,Sheffield 043C,Local resolution
c9f4ede23b2f46b031bde296f7e3e2bde6ee7945bf6402c01cc0b82935faf485,2021-03,South Yorkshire Police,South Yorkshire Police,-1.475574,53.422763,On or near FALSTAFF CRESCENT,E01033277,Sheffield 011E,Investigation complete; no suspect identified
41e1c7eeb943cef6429af58884c454de621241dcd8d297fc2d2b58529deb92e6,2021-03,South Yorkshire Police,South Yorkshire Police,-1.247588,53.489688,On or near Sports/Recreation Area,E01007542,Doncaster 032B,Unable to prosecute suspect
2ba7fedbae8ffcd2fdb1cb2ae9960092054d73cbbfcdafe99b0d9c126b3dd60f,2021-03,South Yorkshire Police,South Yorkshire Police,-1.534861,53.436734,On or near RIVER VIEW ROAD,E01008140,Sheffield 008E,Investigation complete; no suspect identified
3343561c6929a272f4bef0ec5a830b70582bace6618f38e8092975a3e0ea7ef4,2021-03,South Yorkshire Police,South Yorkshire Police,-1.347402,53.542130,On or near MIDDLECLIFF LANE,E01007349,Barnsley 020B,Investigation complete; no suspect identified
6624f92870a5e07be296e9b34e86aa3f5546d0821b0074343b38bf8e87de69b3,2021-03,South Yorkshire Police,South Yorkshire Police,-1.020445,53.583557,On or near NORWOOD ROAD,E01007563,Doncaster 006F,Unable to prosecute suspect
d771c6b895fd4f357efa6ec1c25fc2c0eeeb597707b9031b4b2fb3232c5e425b,2021-03,South Yorkshire Police,South Yorkshire Police,-1.166790,53.545682,On or near AMERSALL CRESCENT,E01007515,Doncaster 012C,Unable to prosecute suspect
13c41b50dd10def5dd2c87ec2412299875541080beb983e1e4bc11e478bebb36,2021-03,South Yorkshire Police,South Yorkshire Police,-1.109257,53.530733,On or near Hospital,E01007567,Doncaster 018D,Suspect charged
68e3d905227ef7cccc33600c15a51aba3b168220044c0219947eb9ed3a3b48b5,2021-03,South Yorkshire Police,South Yorkshire Police,-1.459440,53.604349,On or near AINSDALE CLOSE,E01007438,Barnsley 001C,Investigation complete; no suspect identified
f9eaad9331c5e21217ad4946616ec48f89fca89d9071dc9e73a3d75fb698748d,2021-03,South Yorkshire Police,South Yorkshire Police,-1.485358,53.544573,On or near PARK ROAD,E01007415,Barnsley 013C,Investigation complete; no suspect identified
3f12ed59aa31df9970f8bb51a05505ed09f24045f24a132ed7c321288e9e95be,2021-03,South Yorkshire Police,South Yorkshire Police,-1.388448,53.441477,On or near SMITHY CLOSE,E01007740,Rotherham 011A,Local resolution
850e389bf0e1886c2f5b62bddab7b9995051958504f6fa1ad7037714c2ae8859,2021-03,South Yorkshire Police,South Yorkshire Police,-1.469297,53.437414,On or near MONTENEY ROAD,E01008058,Sheffield 006C,Investigation complete; no suspect identified
397b3d187e1b69e29abe931ad64a47b402cced3c70dd850602531d32f7dbd96f,2021-03,South Yorkshire Police,South Yorkshire Police,-1.056995,53.543716,On or near HOLLY DENE,E01007478,Doncaster 011D,Investigation complete; no suspect identified
11e14b0aadbeaf6578831be95f0dfea7466682ea73cb4bd0624d0d3d39761010,2021-03,South Yorkshire Police,South Yorkshire Police,-1.521676,53.392350,On or near HOLLINS CLOSE,E01008152,Sheffield 025C,Investigation complete; no suspect identified
98d483acdc6247965438aa502a7fff71a45c7f440ff16210ac2f65a261c7e093,2021-03,South Yorkshire Police,South Yorkshire Police,-1.109257,53.530733,On or near Hospital,E01007567,Doncaster 018D,Suspect charged
3d2c4c5083a3d99344354230d2d17b44a637b044bc94f044f47df77fcd61cb9b,2021-03,South Yorkshire Police,South Yorkshire Police,-1.100767,53.524117,On or near RALEIGH COURT,E01007568,Doncaster 018E,Unable to prosecute suspect
1453dc9c89e119be6efce791cb9229216c626cfe7769c61b73abd400ccad2b3a,2021-03,South Yorkshire Police,South Yorkshire Police,-1.100165,53.529775,On or near ARGYLL AVENUE,E01007568,Doncaster 018E,Unable to prosecute suspect
e9b4e7d444b461c6f94badeaecba17d5d5d78460740404a1d3db7e08758ac4f6,2021-03,South Yorkshire Police,South Yorkshire Police,-1.347007,53.427451,On or near ALDRED STREET,E01007767,Rotherham 017C,Unable to prosecute suspect
8e5e35f691f48d75b2a0ad7641043c0077671164f9110adb17d47b1852b544f5,2021-03,South Yorkshire Police,South Yorkshire Police,-1.481032,53.577461,On or near SHERBURN ROAD,E01007411,Barnsley 007F,Investigation complete; no suspect identified
3d1ad223c6364b3af7ed137a2dfeb6347d6e63223d27dd2fea5d84b0a5971c34,2021-03,South Yorkshire Police,South Yorkshire Police,-1.171624,53.621175,On or near WILLOW ROAD,E01007487,Doncaster 002A,Unable to prosecute suspect
6767f2ff43a340c742837c9f83d123d4c510942607b95d27ad30c91a49067cad,2021-03,South Yorkshire Police,South Yorkshire Police,-1.489213,53.551574,On or near NICHOLAS STREET,E01007443,Barnsley 013F,Investigation complete; no suspect identified
d986009e5cb118fea09553535d33dadff88101277f66dcf8b5138010331ef9c0,2021-03,South Yorkshire Police,South Yorkshire Police,-1.137519,53.494815,On or near BYRAM COURT,E01007502,Doncaster 028C,Unable to prosecute suspect
d09a359e3f2d862932b3750859a8924a20bccc959f668849ee0c9f76a915403f,2021-03,South Yorkshire Police,South Yorkshire Police,-1.171624,53.621175,On or near WILLOW ROAD,E01007487,Doncaster 002A,Unable to prosecute suspect
439281c2a709212f966ea8f657197ad2a3b4a083b32dc836b204bb270161db78,2021-03,South Yorkshire Police,South Yorkshire Police,-1.481735,53.422188,On or near SOUTHEY HILL,E01008122,Sheffield 012E,Unable to prosecute suspect
4bfa6d4754b3d60c9a55b6e8e137b0872e46e1f27aa7330a6b4ae60488c77ccc,2021-03,South Yorkshire Police,South Yorkshire Police,-1.183463,53.571729,On or near CHURCH LANE,E01007471,Doncaster 009E,Unable to prosecute suspect
12cbeaefdbe5a959ea21d95b2593724d98270a3f6337242b6965480bcd8c6c55,2021-03,South Yorkshire Police,South Yorkshire Police,-1.417107,53.386825,On or near LOCKE DRIVE,E01007906,Sheffield 027D,Investigation complete; no suspect identified
083438e21118d76ad79a47e6a0f21ec9ed245cf5d3ffea0d27fea1cff947c505,2021-03,South Yorkshire Police,South Yorkshire Police,-1.181718,53.623006,On or near TENNYSON AVENUE,E01007487,Doncaster 002A,Unable to prosecute suspect
d4911be400ea5de6da1a1129d7d672626578e632a5c71e99ee31d92cee2a571d,2021-03,South Yorkshire Police,South Yorkshire Police,-1.512038,53.417255,On or near MIDDLEWOOD DRIVE,E01008089,Sheffield 017B,Further action is not in the public interest
38ad7cf29d2625e931b463a4549234330689ef3cb981b7bf2bf6a8c8954eebc7,2021-03,South Yorkshire Police,South Yorkshire Police,-1.070156,53.469923,On or near WHITAKER CLOSE,E01007595,Doncaster 037D,Investigation complete; no suspect identified
9ca4e5cf8b90b9ca8f093f6720884dc1836d6fecea9cda86ca17470dc71a10ea,2021-03,South Yorkshire Police,South Yorkshire Police,-1.073920,53.470033,On or near PERSIMMON CLOSE,E01007597,Doncaster 037E,Unable to prosecute suspect
651bceb159d5fd6ec034d1e72650b2664d86b2cc79ea4b7e4d9297a4ffcfcc8a,2021-03,South Yorkshire Police,South Yorkshire Police,-1.191993,53.486260,On or near CHURCH ROAD,E01007546,Doncaster 033A,Investigation complete; no suspect identified
246d6b2eb61759458d1ddc6a2bcbbd2060a8eae76191bad4d1660e534e38ff7d,2021-03,South Yorkshire Police,South Yorkshire Police,-1.479299,53.364128,On or near SOUTH VIEW CRESCENT,E01008113,Sheffield 042E,Unable to prosecute suspect
6c005822c0f4d21c8cc76403bf10f6613dd15c2870951d0a01606d4ab2d3a30a,2021-03,South Yorkshire Police,South Yorkshire Police,-1.159890,53.499306,On or near SPRINGWELL GARDENS,E01007498,Doncaster 029C,Unable to prosecute suspect
5ead2f5802d4096168e2dff5db91aad983c62f869fd8c127a69090f3809cb2d6,2021-03,South Yorkshire Police,South Yorkshire Police,-1.396857,53.414338,On or near NORBOROUGH ROAD,E01007914,Sheffield 018D,Unable to prosecute suspect
2fa3b999ba7f4d893c85e9267711323bb1a6ab6e9f94e6938269dfacab3545ca,2021-03,South Yorkshire Police,South Yorkshire Police,-1.479299,53.364128,On or near SOUTH VIEW CRESCENT,E01008113,Sheffield 042E,Unable to prosecute suspect
11e01734f202e3cd42f236ffc4e23c214df80482e27b8f4422ef8640fbf05de0,2021-03,South Yorkshire Police,South Yorkshire Police,-1.356734,53.338326,On or near BOOTH CLOSE,E01008037,Sheffield 065E,Unable to prosecute suspect
cce3426835ad43dc7480375c69d758ecbc083e223b02e8f7d6680bc9cd282b92,2021-03,South Yorkshire Police,South Yorkshire Police,-1.079539,53.472144,On or near BOSWELL CLOSE,E01007597,Doncaster 037E,Further action is not in the public interest
7e798d2f0a4280393d3c7bb8c0d6c116f58eb94ad9d1c830b2479502ec51658d,2021-03,South Yorkshire Police,South Yorkshire Police,-1.484047,53.580404,On or near KIRKSTALL ROAD,E01007411,Barnsley 007F,Investigation complete; no suspect identified
19c8162db48800ca8cd2dcba381bfe20f3b0391dcbdda3b3cc61132e68e9e967,2021-03,South Yorkshire Police,South Yorkshire Police,-1.356734,53.338326,On or near BOOTH CLOSE,E01008037,Sheffield 065E,Unable to prosecute suspect
4db5296455654582e43c3111d45eeeb5b87dabafc4f5d46e976e9536c1b421d6,2021-03,South Yorkshire Police,South Yorkshire Police,-1.451716,53.534366,On or near SWAITHEDALE,E01007462,Barnsley 021E,Unable to prosecute suspect
79b87ff8964fc6c9e729e8193d60313735b22bcdf3f0ba03507c034b6ab30fbc,2021-03,South Yorkshire Police,South Yorkshire Police,-1.334383,53.346294,On or near BEECHES GROVE,E01008030,Sheffield 063A,Unable to prosecute suspect
9c18965410b4e47fb2e22522c6e27101665e3509db7983fc136e42a783860e44,2021-03,South Yorkshire Police,South Yorkshire Police,-1.446682,53.495755,On or near CLOUGH FIELDS ROAD,E01007389,Barnsley 030A,Unable to prosecute suspect
e3a047029336cea4df518ab6d61ba4b4cc5e01e5e3acdf6c62d05f0470eda44a,2021-03,South Yorkshire Police,South Yorkshire Police,-1.407717,53.563845,On or near PLEASANT VIEW,E01007341,Barnsley 008A,Unable to prosecute suspect
43c27aca5216a691d3a80faeed732da665f29bc8f9d02f6166eb3243d4c70212,2021-03,South Yorkshire Police,South Yorkshire Police,-1.489609,53.555018,On or near SUMMER STREET,E01007443,Barnsley 013F,Unable to prosecute suspect
bf1a28715321eaeb9e07a6d4dd952ffe425a0660ae7047724cab942a8459745b,2021-03,South Yorkshire Police,South Yorkshire Police,-1.126506,53.526060,On or near BROXHOLME LANE,E01007648,Doncaster 019D,Unable to prosecute suspect
4f32e48a1dad9b627ec78423d5b12fcb16b245411acee175645dfe4641bc59ea,2021-03,South Yorkshire Police,South Yorkshire Police,-1.443251,53.426212,On or near BELLHOUSE MEWS,E01007849,Sheffield 010A,Investigation complete; no suspect identified
4e8ae533d456df52f588997f543abfe3b37d8911ab6a5a6d0f8952bee534d81b,2021-03,South Yorkshire Police,South Yorkshire Police,-1.055499,53.535687,On or near Petrol Station,E01007482,Doncaster 014D,Investigation complete; no suspect identified
cb2ada29dfd765547345956116b30d6f7ffad9f36b338e79d8cb36077bbbacef,2021-03,South Yorkshire Police,South Yorkshire Police,-1.323842,53.486494,On or near ROOKERY ROAD,E01007799,Rotherham 003D,Investigation complete; no suspect identified
4cbc40d2bc39d59948738d0eca8a67dc905e5ccc1d2fc2a388583523b4486abc,2021-03,South Yorkshire Police,South Yorkshire Police,-1.390756,53.442226,On or near HUTTON ROAD,E01007806,Rotherham 011D,Local resolution
3dc18ae66dec2ba9b725655351ae7cc98391dc31156355e82d8ce49e20ed2770,2021-03,South Yorkshire Police,South Yorkshire Police,-1.480011,53.358702,On or near Parking Area,E01008112,Sheffield 042D,Local resolution
01513a8c0a91d6697ab69677116b5c2ecdf3aaa1e2ab94829511bf2bcaaf7b8f,2021-03,South Yorkshire Police,South Yorkshire Police,-1.384033,53.532338,On or near ST BARBARA'S ROAD,E01007353,Barnsley 020F,Unable to prosecute suspect
03428947f8323e883dfa182198fec92705218c8715dff79e0bd960bff885d6fc,2021-03,South Yorkshire Police,South Yorkshire Police,-1.486214,53.382693,On or near BOLSOVER STREET,E01008068,Sheffield 026B,Unable to prosecute suspect
6382db9138f9f47b87f621333a478937457c462dee5f00a1cf3d80b07d266287,2021-03,South Yorkshire Police,South Yorkshire Police,-1.365398,53.395083,On or near NURSERY DRIVE,E01007699,Rotherham 027B,Unable to prosecute suspect
3a176dbedc6c4f9df7776f4941a7e980e1644072b084f12e90dd11048cb4f1c1,2021-03,South Yorkshire Police,South Yorkshire Police,-1.462462,53.392089,On or near LOPHAM STREET,E01033269,Sheffield 022G,Investigation complete; no suspect identified
77076469a95d3e8d6bbacc5aa4b734e5a56a49acebdd6fed584c13291cf5ba51,2021-03,South Yorkshire Police,South Yorkshire Police,-1.388935,53.454764,On or near Pedestrian Subway,E01007732,Rotherham 009E,Unable to prosecute suspect
6fd44783a8e7f97a449d6213c053f64e9f439b064b381857f7b449161eb6acf3,2021-03,South Yorkshire Police,South Yorkshire Police,-1.273618,53.494919,On or near Sports/Recreation Area,E01007579,Doncaster 030C,Unable to prosecute suspect
39264d1f2875ad5c1da95f70f728371d0af4c074233a952c0f4d14901ebb1edf,2021-03,South Yorkshire Police,South Yorkshire Police,-1.149105,53.536551,On or near HASLEMERE GROVE,E01007513,Doncaster 012B,Unable to prosecute suspect
6587e3644598fdd874c5d3a5df632aa74be3accd5e33ef911ab1e5da6dc8fe43,2021-03,South Yorkshire Police,South Yorkshire Police,-1.478965,53.549076,On or near Parking Area,E01007340,Barnsley 013B,Investigation complete; no suspect identified
d9297abea4d52fef2243c41c66a7bc4f584447d81b8644df3abc1aaa96eebc94,2021-03,South Yorkshire Police,South Yorkshire Police,-1.501675,53.427198,On or near FOX HILL CLOSE,E01008086,Sheffield 009B,Investigation complete; no suspect identified
2d19502a0df118a25dd01576ba25d44159e92cc80ec33390d161f88cb972f8e2,2021-03,South Yorkshire Police,South Yorkshire Police,-1.588388,53.419654,On or near TROUBLE WOOD LANE,E01008128,Sheffield 008C,Suspect charged
f03d7a0e62484764acb4e6aecb1d4fd9123cbaae64eb7ed8b193be7a14b39272,2021-03,South Yorkshire Police,South Yorkshire Police,-1.390645,53.411043,On or near MAPLEBECK ROAD,E01007903,Sheffield 018A,Further action is not in the public interest
e10c0d313bcc1502438734f50b7e5d05f7788440880ad0dd982a3700062665eb,2021-03,South Yorkshire Police,South Yorkshire Police,-1.587132,53.480970,On or near NANNY HILL,E01008144,Sheffield 001A,Investigation complete; no suspect identified
e48b62206a06987c1a18cdf7f826f87ced25fb4f37f31e8c4eb4d0fb19fdc5c8,2021-03,South Yorkshire Police,South Yorkshire Police,-1.188033,53.477380,On or near PETER'S ROAD,E01007550,Doncaster 034E,Investigation complete; no suspect identified
e333cbd326df3857543a695a04de8e5de79eeb9d2748126b49046acfc3226a09,2021-03,South Yorkshire Police,South Yorkshire Police,-1.137529,53.523300,On or near Shopping Area,E01007645,Doncaster 022E,Unable to prosecute suspect
261d8efa169cedd048e64570b147e195eaa7f78662c25378e7d966b5e4aa1a71,2021-03,South Yorkshire Police,South Yorkshire Police,-1.472564,53.376575,On or near Shopping Area,E01033274,Sheffield 042G,Unable to prosecute suspect
3fb2ca7fdb6eea25a04afe45d248438f34fbf7fb2f5e5d64bcf7754161e90e0d,2021-03,South Yorkshire Police,South Yorkshire Police,-1.352045,53.428674,On or near WELLGATE TERRACE,E01007714,Rotherham 017B,Unable to prosecute suspect
fb8a1e696f3f778fe896536cff414e53dc9ccd3f2eb62514cd917b569214fa95,2021-03,South Yorkshire Police,South Yorkshire Police,-1.171502,53.499900,On or near Petrol Station,E01007501,Doncaster 029E,Investigation complete; no suspect identified
a01bb3c663c84af1242b144eb249b8d89b17becdf4d95880ead56369501f4c2b,2021-03,South Yorkshire Police,South Yorkshire Police,-1.171502,53.499900,On or near Petrol Station,E01007501,Doncaster 029E,Investigation complete; no suspect identified
f513dfed4ae4157e52bc5e45e435ccd664ed87b1f7e21ba951acaacc77ddf358,2021-03,South Yorkshire Police,South Yorkshire Police,-1.056828,53.471751,On or near MAULAYS COURT,E01007594,Doncaster 036B,Unable to prosecute suspect
b588e8f69e463006af334fb14cb7d4ca98b7a649471d377f833296f04ab5a7fc,2021-03,South Yorkshire Police,South Yorkshire Police,-1.319547,53.515656,On or near CONISTON DRIVE,E01007368,Barnsley 025E,Action to be taken by another organisation
12f4af5feddd426d32386a439acdc9d8041f1d36ec83342b94f6081029e50813,2021-03,South Yorkshire Police,South Yorkshire Police,-1.336444,53.421532,On or near BROOM LANE,E01007767,Rotherham 017C,Investigation complete; no suspect identified
98829f1a5bdb9bb987b882424ed5b82fe274dca9f7876bb1d2fceb029832f18a,2021-03,South Yorkshire Police,South Yorkshire Police,-1.592216,53.481904,On or near Supermarket,E01008144,Sheffield 001A,Local resolution
cf9416f302772e148f5d2f7e269635c523b9adea439693d21c71c08fe1d61d0a,2021-03,South Yorkshire Police,South Yorkshire Police,-1.477860,53.344176,On or near Police Station,E01007986,Sheffield 059E,Investigation complete; no suspect identified
c4625b142dcaa13a2fa62b75fcbddd0a18b042ee19233bce3b28043c034087ea,2021-03,South Yorkshire Police,South Yorkshire Police,-1.342573,53.414402,On or near Hospital,E01007678,Rotherham 023B,Suspect charged
2efd78f2796073cb8cc74ddc8ca71f8f6fed26e7eafe2ae4c5f177192a467edd,2021-03,South Yorkshire Police,South Yorkshire Police,-1.296275,53.499378,On or near MAPLE ROAD,E01007573,Doncaster 031C,Unable to prosecute suspect
92b360aef2fd7e0ffa412a77f8d140c99d6c07737e22b3532d76785fad326be0,2021-03,South Yorkshire Police,South Yorkshire Police,-1.195491,53.420001,On or near KING AVENUE,E01007760,Rotherham 020D,Unable to prosecute suspect
628fced8b9d820d0e9d4821eef7bcc850a73fe48e10ffeb5fd40679b2389178c,2021-03,South Yorkshire Police,South Yorkshire Police,-1.195491,53.420001,On or near KING AVENUE,E01007760,Rotherham 020D,Unable to prosecute suspect
00748b8e3431651ed92ae51d8b172da20cc71705214207607e2fa8b17f4f1303,2021-03,South Yorkshire Police,South Yorkshire Police,-1.171624,53.621175,On or near WILLOW ROAD,E01007487,Doncaster 002A,Investigation complete; no suspect identified
f46806ce7228c35bb67b2f75c28a4327e56371103c71fa58c4c8acabedd97934,2021-03,South Yorkshire Police,South Yorkshire Police,-1.465935,53.541091,On or near Sports/Recreation Area,E01007414,Barnsley 017D,Further investigation is not in the public interest
8e85deba06936ee795db069a6a4abc2409d6d40f98e77c53ce7dd2af7ba4dd87,2021-03,South Yorkshire Police,South Yorkshire Police,-1.479562,53.362314,On or near ST RONAN'S ROAD,E01008112,Sheffield 042D,Suspect charged
56af2d296f6c544e98df4b5b852f2033805ea73fa96f344fb85e6fa322927ec6,2021-03,South Yorkshire Police,South Yorkshire Police,-1.465935,53.541091,On or near Sports/Recreation Area,E01007414,Barnsley 017D,Unable to prosecute suspect
e2692c41353e30b7e86329cf4b43d3ba01b45cec01a587a268fce4e560a620a9,2021-03,South Yorkshire Police,South Yorkshire Police,-1.460756,53.364118,On or near EAST ROAD,E01008096,Sheffield 043B,Unable to prosecute suspect
b9ed01105c7455288d66f88c21424f54be0cb06217c4891f6ee36e8aa83b93f5,2021-03,South Yorkshire Police,South Yorkshire Police,-1.157225,53.500681,On or near SAMUEL STREET,E01007498,Doncaster 029C,Unable to prosecute suspect
35872e89d67ab2be84eb9be116286a8705d49e366ee5cf1a92e98464b2d76ede,2021-03,South Yorkshire Police,South Yorkshire Police,-1.434521,53.378639,On or near MANOR LANE,E01007886,Sheffield 075F,Investigation complete; no suspect identified
fa0a13d919c34dcacc9c2f9a6307ef520e05cf340af053aca66d6c4cf1c37d07,2021-03,South Yorkshire Police,South Yorkshire Police,-1.403222,53.563508,On or near STORRS WOOD VIEW,E01007347,Barnsley 008D,Local resolution
0bd225bcd6b1b812ca789ccb70c0eec3ea9d925b18d5f2a918d3cd0053c71c18,2021-03,South Yorkshire Police,South Yorkshire Police,-1.067950,53.548602,On or near ELMDALE DRIVE,E01007477,Doncaster 011C,Investigation complete; no suspect identified
6fc8fc2bce877051092e893b4576c9621d0724ade9e47fc6dd66ca29ce145bb4,2021-03,South Yorkshire Police,South Yorkshire Police,-1.160126,53.498059,On or near WESTBOURNE GARDENS,E01007499,Doncaster 029D,Unable to prosecute suspect
b71ca8babab74d8b5017c9b72f97dffb3ea874d7c428056b0b685d83d5627582,2021-03,South Yorkshire Police,South Yorkshire Police,-1.366872,53.348430,On or near RAINBOW CRESCENT,E01008029,Sheffield 056B,Further action is not in the public interest
8ee965e7ba4e422687cf291a72532c00d455bf4df91a0361328bc29a22a43ba7,2021-03,South Yorkshire Police,South Yorkshire Police,-1.116126,53.531934,On or near LIFFORD ROAD,E01007654,Doncaster 019F,Investigation complete; no suspect identified
8924d347b708ebd3859a405b543a0617c013359d8c6a39496b3455b19d537dfe,2021-03,South Yorkshire Police,South Yorkshire Police,-1.379147,53.574441,On or near QUEENSWAY,E01007332,Barnsley 006C,Unable to prosecute suspect
ff4547789696372a34def0aaad3b3b25b96639df6244da30f66bacc96223af9a,2021-03,South Yorkshire Police,South Yorkshire Police,-1.116126,53.531934,On or near LIFFORD ROAD,E01007654,Doncaster 019F,Investigation complete; no suspect identified
edc95b88b8767d217b4fe7f68c44eed5b248391112e1f645433e675ca3b52fb5,2021-03,South Yorkshire Police,South Yorkshire Police,-1.434521,53.378639,On or near MANOR LANE,E01007886,Sheffield 075F,Investigation complete; no suspect identified
27d7c7f6d2f196a1f203bc92512591b127f27dcb710d641a56c6a60d5aab60b2,2021-03,South Yorkshire Police,South Yorkshire Police,-1.231215,53.488290,On or near MOAT HOUSE WAY,E01007536,Doncaster 032A,Investigation complete; no suspect identified
724482dcf5b54a4a5db2b0ded3ec9e0055560a4dcfece93c90f39ee2856c58d1,2021-03,South Yorkshire Police,South Yorkshire Police,-1.072800,53.508955,On or near WILLOW AVENUE,E01007522,Doncaster 024A,Unable to prosecute suspect
c2e7121caf5fc62881480a0cd4567c6037cf8017141b198479b808416015e4db,2021-03,South Yorkshire Police,South Yorkshire Police,-1.130801,53.524815,On or near NETHER HALL ROAD,E01007655,Doncaster 022F,Unable to prosecute suspect
67c9aab15a720cd26f96a6207db0a062fc04fed759dcef324177618835726a71,2021-03,South Yorkshire Police,South Yorkshire Police,-1.501706,53.374372,On or near WESTBOURNE ROAD,E01007859,Sheffield 036A,Unable to prosecute suspect
d72f41376083a88ecaf3ce4d108d995b8a993a3d92f27034a9caec615774a967,2021-03,South Yorkshire Police,South Yorkshire Police,-1.468100,53.547734,On or near DONCASTER ROAD,E01007339,Barnsley 017B,Unable to prosecute suspect
5d9edd9d38c45175976ed0201cbf62910dfe30cb91d14d1b8fb54e4e9b5b649e,2021-03,South Yorkshire Police,South Yorkshire Police,-1.402783,53.412255,On or near Pedestrian Subway,E01007913,Sheffield 018C,Investigation complete; no suspect identified
5f1639bc631d3919387b82e3b9c2e477af6b1cfff60e6f73b2f1772fb4305a11,2021-03,South Yorkshire Police,South Yorkshire Police,-1.413187,53.576617,On or near EAST VIEW,E01007345,Barnsley 008B,Unable to prosecute suspect
5d49b1dc8e7f5899e41afd87ddd9db6c458be404a1ed4b6d83a9a60b72d2c735,2021-03,South Yorkshire Police,South Yorkshire Police,-1.413187,53.576617,On or near EAST VIEW,E01007345,Barnsley 008B,Unable to prosecute suspect
4e8477b0d5720d21a1fa62fc73382a5af22deac849659760921c030e9cc933b4,2021-03,South Yorkshire Police,South Yorkshire Police,-1.383812,53.403979,On or near Sports/Recreation Area,E01007903,Sheffield 018A,Investigation complete; no suspect identified
9b894b90829da5eaade02da82591eac44dbc52032c28647aee57db6386afe2ff,2021-03,South Yorkshire Police,South Yorkshire Police,-1.490378,53.472058,On or near WHARNCLIFFE ROAD,E01007900,Sheffield 003F,Unable to prosecute suspect
bc190806c666abf42e83af47bb4c71b3ba54af903910ca3bbecca1bb65825969,2021-03,South Yorkshire Police,South Yorkshire Police,-1.397622,53.375043,On or near RICHMOND PARK CRESCENT,E01007910,Sheffield 037A,Investigation complete; no suspect identified
61718e9c8b475abca99141f8c5ad86b0c0854a4bc7fc0f920e373778d72e68d1,2021-03,South Yorkshire Police,South Yorkshire Police,-1.421383,53.343089,On or near Supermarket,E01007846,Sheffield 062D,Unable to prosecute suspect
0199db288ca28329aafdc980f0884c7a7ba866035605b30bbfd155f72a9998e1,2021-03,South Yorkshire Police,South Yorkshire Police,-1.354671,53.445128,On or near HILLSIDE COURT,E01007728,Rotherham 009A,Investigation complete; no suspect identified
ab9c2be695d171fdae2228c054cf9d9841754ef5ef6e18d25aa388fd99245a1b,2021-03,South Yorkshire Police,South Yorkshire Police,-1.455858,53.499626,On or near FEARNLEY ROAD,E01007397,Barnsley 028B,Unable to prosecute suspect
5258d7b2c29a536bc54f6ebb9d741926c3d52ca3488341bddcf0e5e0c790b35a,2021-03,South Yorkshire Police,South Yorkshire Police,-1.344272,53.382142,On or near BRADSHAW WAY,E01007700,Rotherham 027C,Unable to prosecute suspect
64cd3c0d00dd7f7c1ee5aec4d8ac45684725533ba5280935ee7fb247a7ee76bf,2021-03,South Yorkshire Police,South Yorkshire Police,,,No location,,,Local resolution
23748ecec1facc95e39121c3df405f472091e8a0f5e7364ed224ba677c9338e7,2021-03,South Yorkshire Police,South Yorkshire Police,-1.366872,53.348430,On or near RAINBOW CRESCENT,E01008029,Sheffield 056B,Further action is not in the public interest
47eddcb88a0fc71b0dc5c14ae8e2b9d18ca8fed8259e7064cd3af759528f6a14,2021-03,South Yorkshire Police,South Yorkshire Police,-1.280278,53.434501,On or near PEAK CLOSE,E01032926,Rotherham 012E,Investigation complete; no suspect identified
f1de5621153b89c6df74fe81fc501bf81838250a795152c574b93da5b759c78f,2021-03,South Yorkshire Police,South Yorkshire Police,-1.377602,53.451209,On or near TREEFIELD CLOSE,E01007733,Rotherham 009F,Unable to prosecute suspect
c2f28330adfff130be45901132c9902b20576feac99435f18fc64bf8f5e3acb7,2021-03,South Yorkshire Police,South Yorkshire Police,-1.340108,53.501704,On or near DEARNEWAY,E01007821,Rotherham 002E,Investigation complete; no suspect identified
0c3ac0fd50d468d58c04d98c2fd7ae61213d1d947f220ce1d3961487a1c68578,2021-03,South Yorkshire Police,South Yorkshire Police,-1.446461,53.345859,On or near GAUNT WAY,E01008075,Sheffield 060B,Unable to prosecute suspect
8fe31ec003ab8d5eabd38758dbcd22dc1a27f51a1e47de8adede03b941595fd2,2021-03,South Yorkshire Police,South Yorkshire Police,-1.435112,53.558782,On or near MARTINS ROAD,E01007403,Barnsley 011C,Unable to prosecute suspect
1a8ae21fcb6025b773543762b6d93ba03423460235949aee13224ce21b00cd0b,2021-03,South Yorkshire Police,South Yorkshire Police,-1.274233,53.457089,On or near HALL MEWS,E01007692,Rotherham 012C,Investigation complete; no suspect identified
2e3494f6dc77bcd06ffdfe0daa1185bab51c305e7a70f27513f6fe22355590e4,2021-03,South Yorkshire Police,South Yorkshire Police,-1.094876,53.528782,On or near GRASMERE AVENUE,E01007564,Doncaster 018A,Unable to prosecute suspect
a23a45dfac7fd10b336f89b35c5c5de6a967075062b54f0be73bf4f0ce10a109,2021-03,South Yorkshire Police,South Yorkshire Police,-1.377678,53.579872,On or near WILLOW DENE ROAD,E01007332,Barnsley 006C,Local resolution
e3ed9d733afca7b942c1af5b5be51c7056022327ec58e4d853f68798efda7bab,2021-03,South Yorkshire Police,South Yorkshire Police,-1.377678,53.579872,On or near WILLOW DENE ROAD,E01007332,Barnsley 006C,Local resolution
72a45f55432be64a77e4a6582b024c1577598a7d73ea222ba26111ad322e7e7d,2021-03,South Yorkshire Police,South Yorkshire Police,-1.182320,53.582481,On or near Supermarket,E01007474,Doncaster 005F,Investigation complete; no suspect identified
48311ab0eef35dcad55cb4763935c651d091e1169a33d76027eb16588ae2817b,2021-03,South Yorkshire Police,South Yorkshire Police,-1.099439,53.529859,On or near DEVONSHIRE ROAD,E01007564,Doncaster 018A,Investigation complete; no suspect identified
91b005eef3d7c2e53bbaeb0087651428a2e9fc155a809673e861e0113f91a420,2021-03,South Yorkshire Police,South Yorkshire Police,-1.453000,53.583413,On or near CARLTON ROAD,E01007437,Barnsley 002C,Investigation complete; no suspect identified
d0d8e654ea3502459185f01eb59a9a69c73fd1ffefbcdf4e561c16ce203c4a32,2021-03,South Yorkshire Police,South Yorkshire Police,-1.354063,53.507012,On or near GOLDFINCH COURT,E01007693,Rotherham 001A,Unable to prosecute suspect
c9a3ff4803739d31d637b4ffb0801395d84ec579ce28905b341d7ff8dc81e9a2,2021-03,South Yorkshire Police,South Yorkshire Police,-1.269501,53.423020,On or near HAZEL GROVE,E01007684,Rotherham 022A,Unable to prosecute suspect
b355c329f44d67123efd7a826a3ef6aaa22dbbe8df4e10e02b87f2a0aca17eae,2021-03,South Yorkshire Police,South Yorkshire Police,-1.142781,53.499275,On or near STEVENSON ROAD,E01007500,Doncaster 028B,Unable to prosecute suspect
b0b578eca2dd64c04b5b3b5fccb8b70e40e2aae5f9890911712c4435aefd7d91,2021-03,South Yorkshire Police,South Yorkshire Police,-1.216065,53.355095,On or near WRIGHT STREET,E01007662,Rotherham 032D,Unable to prosecute suspect
956bfb8e1cd719ed96be6fcb7506dabc62da08936f621da8f3c3e80a5cae1f81,2021-03,South Yorkshire Police,South Yorkshire Police,-1.020154,53.505928,On or near AINSLEY CLOSE,E01007600,Doncaster 026B,Investigation complete; no suspect identified
0b72cac1a0bb12972dd035801963d48de3484de31fe6f0ae78ac24ca1bb18055,2021-03,South Yorkshire Police,South Yorkshire Police,-1.138320,53.615843,On or near NEWMARCHE DRIVE,E01007492,Doncaster 002F,Unable to prosecute suspect
ee69a58880762a628b7d83a15ad192f8274a5f9e9bd74d69d4c389a8721a65c5,2021-03,South Yorkshire Police,South Yorkshire Police,-1.527349,53.595450,On or near BLUEBELL ROAD,E01007355,Barnsley 005A,Offender given a caution
ace899a7662964155893092c0e92350cfe1868bb92d08a68b4def62fdadbdaca,2021-03,South Yorkshire Police,South Yorkshire Police,-1.497622,53.419954,On or near TRAFALGAR ROAD,E01008088,Sheffield 012B,Investigation complete; no suspect identified
3ea49c9284096c0c8ecd7592c8ad377e50d473a28e1ad12b4342cc292374ce02,2021-03,South Yorkshire Police,South Yorkshire Police,-1.470830,53.358779,On or near BARTON ROAD,E01007978,Sheffield 053A,Investigation complete; no suspect identified
0267762e21e5caabe9b8de32139dc9b6d2c6b5ff8d2f9a2a5d7ab12d3d5d6afe,2021-03,South Yorkshire Police,South Yorkshire Police,-1.482215,53.552326,On or near PEEL SQUARE,E01007340,Barnsley 013B,Further action is not in the public interest
697c336fa9c05630718d3e0c802d850205205e78d23ad0cfc01d78ce0547e9d5,2021-03,South Yorkshire Police,South Yorkshire Police,-1.332344,53.424835,On or near MIDDLE LANE SOUTH,E01007767,Rotherham 017C,Unable to prosecute suspect
9840430648d5dfb6404417ff281f79091211bde4af5a312f0a6cca1f458bf7e8,2021-03,South Yorkshire Police,South Yorkshire Police,-1.294944,53.453258,On or near SAINT LEONARD'S CROFT,E01007720,Rotherham 010B,Investigation complete; no suspect identified
9e68a5d926626a82eed0317de7c7fa2ddca5292d9acfb3a306132c1c054347cc,2021-03,South Yorkshire Police,South Yorkshire Police,-1.475271,53.463291,On or near HOUSLEY LANE,E01007890,Sheffield 004C,Investigation complete; no suspect identified
855a29bdeb4b084b84a9d0c90e916c43019251fc946181cbef105ed536284c65,2021-03,South Yorkshire Police,South Yorkshire Police,-1.484267,53.549917,On or near GEORGE SQUARE,E01007340,Barnsley 013B,Unable to prosecute suspect
855a29bdeb4b084b84a9d0c90e916c43019251fc946181cbef105ed536284c65,2021-03,South Yorkshire Police,South Yorkshire Police,-1.484267,53.549917,On or near GEORGE SQUARE,E01007340,Barnsley 013B,Unable to prosecute suspect
4526673d71496f597571da8562463c178ea6ca99997e231310130f82a2b4cd9b,2021-03,South Yorkshire Police,South Yorkshire Police,-1.142781,53.499275,On or near STEVENSON ROAD,E01007500,Doncaster 028B,Investigation complete; no suspect identified
b24fe7933563a054dbec77d5b033180568824b1f7e614067441db7e4c3a0cc1a,2021-03,South Yorkshire Police,South Yorkshire Police,-1.484267,53.549917,On or near GEORGE SQUARE,E01007340,Barnsley 013B,Suspect charged
b24fe7933563a054dbec77d5b033180568824b1f7e614067441db7e4c3a0cc1a,2021-03,South Yorkshire Police,South Yorkshire Police,-1.484267,53.549917,On or near GEORGE SQUARE,E01007340,Barnsley 013B,Suspect charged
b5f4364252009b6ade72f1786d54d7c168588b2a33d37093ed06d50ac6b66c94,2021-03,South Yorkshire Police,South Yorkshire Police,-1.434637,53.360806,On or near AYLWARD ROAD,E01008102,Sheffield 048C,Local resolution
7085ae379b4806906f5b606709f278937d8909502d1b4408b96c0e95c9f3ed15,2021-03,South Yorkshire Police,South Yorkshire Police,-1.541732,53.312798,On or near OLDWELL CLOSE,E01007925,Sheffield 068D,Investigation complete; no suspect identified
9e5c954ab7a802d57cda376e1a9c3dbaf001ab11108fdca8bd8a730703e878f6,2021-03,South Yorkshire Police,South Yorkshire Police,-1.207637,53.431165,On or near DALE HILL CLOSE,E01007758,Rotherham 020B,Investigation complete; no suspect identified
af853ca9e38152f22b731b294a5a53468a4f1a8bbbeb6f34cc1b40460d4f8dc9,2021-03,South Yorkshire Police,South Yorkshire Police,-1.468058,53.530619,On or near CHARLES STREET,E01007463,Barnsley 021F,Suspect charged
af853ca9e38152f22b731b294a5a53468a4f1a8bbbeb6f34cc1b40460d4f8dc9,2021-03,South Yorkshire Police,South Yorkshire Police,-1.468058,53.530619,On or near CHARLES STREET,E01007463,Barnsley 021F,Suspect charged
d5f9de6842d6691978e25aea718aa219d38121dacc1865ff06bc8d636a6ff2f3,2021-03,South Yorkshire Police,South Yorkshire Police,-1.299014,53.533515,On or near BEEVER STREET,E01007369,Barnsley 022A,Unable to prosecute suspect
c707d10cd0e4304414bb1eefa347cb79960a37cb9bf48f744f8b9d05d7efd1fd,2021-03,South Yorkshire Police,South Yorkshire Police,-1.282965,53.427785,On or near ROMNEY CLOSE,E01007726,Rotherham 019F,Further action is not in the public interest
49e923a73ff48f5ae30ecd8686b523215ea8c72ee8fa45ab9ca2a3a1f4cc094d,2021-03,South Yorkshire Police,South Yorkshire Police,-1.094890,53.543686,On or near BRADFORD ROAD,E01007656,Doncaster 015F,Unable to prosecute suspect
98299687549d3d4d630ff26324e3ebe43d7ed2c6de5924821ac794d716dd7d8b,2021-03,South Yorkshire Police,South Yorkshire Police,-1.512516,53.589773,On or near LONGSIGHT ROAD,E01007363,Barnsley 004E,Investigation complete; no suspect identified
e3db577456edf02481e8501c252241d18842336be1d8f23effad9ce6a2cf4769,2021-03,South Yorkshire Police,South Yorkshire Police,-1.512516,53.589773,On or near LONGSIGHT ROAD,E01007363,Barnsley 004E,Investigation complete; no suspect identified
609e60099dd3ec866e9987fd47b9bc630404f7092e225075aa8d2a2fcadbc5f3,2021-03,South Yorkshire Police,South Yorkshire Police,-1.495359,53.387415,On or near SYDNEY ROAD,E01008073,Sheffield 030E,Investigation complete; no suspect identified
a0fa5669f6d2583881be821289931e04c35dd8143235d422237958146edb7f2e,2021-03,South Yorkshire Police,South Yorkshire Police,-1.422982,53.363744,On or near TUFFOLDS CLOSE,E01008013,Sheffield 039C,Unable to prosecute suspect
d3d45d03a6a12172a6289a1810ee4c2c336437312506828094fea85c86121627,2021-03,South Yorkshire Police,South Yorkshire Police,-1.596011,53.475850,On or near JOHN WEST STREET,E01008148,Sheffield 001C,Unable to prosecute suspect
50d24eecc337937c2f5117dce2ef0e4c106b3e7e5e6603704f40b0ea49211910,2021-03,South Yorkshire Police,South Yorkshire Police,-1.451130,53.539990,On or near COLLEY AVENUE,E01007317,Barnsley 018A,Investigation complete; no suspect identified
5b201d037c81fef98b9ae2ccc98462a5f242a11e94443b46526ffd715fb93a5d,2021-03,South Yorkshire Police,South Yorkshire Police,-1.430858,53.365858,On or near SCOTIA CLOSE,E01008012,Sheffield 039B,Unable to prosecute suspect
e91262a8e9910633ba37888621f51eaba59c58e3e87f6d88a90f1bfdfe0bad05,2021-03,South Yorkshire Police,South Yorkshire Police,-1.100535,53.525104,On or near ESSEX AVENUE,E01007568,Doncaster 018E,Unable to prosecute suspect
9661e0a068a1df51611c63b6e6b0f13ef371f2198f5e7c663b13fba10f5a4377,2021-03,South Yorkshire Police,South Yorkshire Police,-1.357364,53.432262,On or near BRIDGEGATE,E01007714,Rotherham 017B,Investigation complete; no suspect identified
15c74d7bc68744825188b4f21788b6ac632f3133afbe6f866954745d477f7055,2021-03,South Yorkshire Police,South Yorkshire Police,-1.078666,53.475580,On or near STREATFIELD CRESCENT,E01007592,Doncaster 037B,Unable to prosecute suspect
448ded1ee43618f7adb284417df8d0b016adc138e3f1ffdc552c20f8de5bda62,2021-03,South Yorkshire Police,South Yorkshire Police,-1.346013,53.420614,On or near MOORGATE GROVE,E01007675,Rotherham 023A,Unable to prosecute suspect
887858ccbad37ce3542e906d3b432b6aa05705f6eefd4ce94731f7e5c8fb13cd,2021-03,South Yorkshire Police,South Yorkshire Police,-1.463618,53.424544,On or near LINDSAY AVENUE,E01033277,Sheffield 011E,Investigation complete; no suspect identified
4a70a26dbb66c8a9c42a3acd353c5c2613ef8d057f10807ad237e1ffd54e3987,2021-03,South Yorkshire Police,South Yorkshire Police,-1.146148,53.503497,On or near LAMBETH ROAD,E01007495,Doncaster 028A,Investigation complete; no suspect identified
122bce116ccdc5c3cb92a97a86800d3108d2f96267c5ef9e7893a5d3761e90c4,2021-03,South Yorkshire Police,South Yorkshire Police,-1.146804,53.499357,On or near BURNS ROAD,E01007500,Doncaster 028B,Unable to prosecute suspect
a3cf110a7f816987d9dc329f559fc2089e8cb950b678b30595399f581f186c9c,2021-03,South Yorkshire Police,South Yorkshire Police,-1.481856,53.432103,On or near KNUTTON ROAD,E01008125,Sheffield 009G,Unable to prosecute suspect
c1ddfaccfdb60acb8eb44846ce70af6bfc73788c609985dda2b797b3bc45580e,2021-03,South Yorkshire Police,South Yorkshire Police,,,No location,,,Investigation complete; no suspect identified
234bc586db6e4a721ceb85449af4d2fdd4fd8b427f1a54a8a57a8c8d8c67e7af,2021-03,South Yorkshire Police,South Yorkshire Police,-1.152476,53.616268,On or near MARKET PLACE,E01007492,Doncaster 002F,Unable to prosecute suspect
95d7527b18cb155e3b1e59082b6b170e16d1e6cba88733ae1e597e05ce72fb46,2021-03,South Yorkshire Police,South Yorkshire Police,-0.990449,53.591649,On or near Petrol Station,E01007559,Doncaster 008D,Unable to prosecute suspect
c730dba8da3ed674308c5f277ce91273fa0d686bf57e5c879e606fb639401e69,2021-03,South Yorkshire Police,South Yorkshire Police,-1.285316,53.493057,On or near Parking Area,E01007576,Doncaster 031E,Investigation complete; no suspect identified
05f2ebdc1b27485a0e74ebb97b250f858203f59a39c3744cee5df7c8b4560a5b,2021-03,South Yorkshire Police,South Yorkshire Police,-1.346327,53.437470,On or near GROSVENOR ROAD,E01007769,Rotherham 017D,Investigation complete; no suspect identified
a02f7353b6e1d927282b032db5c79acb3b067e2a5798aa160c2d2b5597c46d25,2021-03,South Yorkshire Police,South Yorkshire Police,-1.252411,53.487112,On or near BOLTON STREET,E01007544,Doncaster 032D,Unable to prosecute suspect
17b2c436f0f9985cb69fc7b160b3b66e64e97249f0d9a124e751e07c399cfe95,2021-03,South Yorkshire Police,South Yorkshire Police,-1.494063,53.326682,On or near WESTWICK CRESCENT,E01007826,Sheffield 066C,Unable to prosecute suspect
f14b1f95a6de7e95c040a4e0525abd3a54f47e9f5cbc5b208a9629c83934333d,2021-03,South Yorkshire Police,South Yorkshire Police,-0.952692,53.628943,On or near BLOOM HILL GROVE,E01007635,Doncaster 001D,Investigation complete; no suspect identified
bb9a8426f8ed346eeab034ae40ee5679a62ee6296b26ba0d148c4eb92f4e4041,2021-03,South Yorkshire Police,South Yorkshire Police,-1.465974,53.403467,On or near FIRSHILL RISE,E01007871,Sheffield 019B,Investigation complete; no suspect identified
f591bc117710bcd327b4bf5e276d9fc38fe5edbf1a4135b499c0c9dc399ab3b0,2021-03,South Yorkshire Police,South Yorkshire Police,-1.327464,53.437527,On or near DENE ROAD,E01007738,Rotherham 013D,Unable to prosecute suspect
13ddae9298d7d44a4fcc2bcbddbb64cfa2bdfef65afdfbdfbd199da5b723f4a7,2021-03,South Yorkshire Police,South Yorkshire Police,-1.330738,53.464853,On or near STEWARTS ROAD,E01007774,Rotherham 006D,Unable to prosecute suspect
f693ee47808ab30a67c845bed730da618b5013dd475110f147f278552e838172,2021-03,South Yorkshire Police,South Yorkshire Police,-1.486405,53.431754,On or near CHAUCER ROAD,E01008117,Sheffield 009D,Unable to prosecute suspect
a2d4ede909ffa56858fcc70c1941944d5b4695305a2f0f27cc047700a3ab5f34,2021-03,South Yorkshire Police,South Yorkshire Police,-1.519286,53.369554,On or near RIVERDALE AVENUE,E01007858,Sheffield 038A,Investigation complete; no suspect identified
918e362c16faaddca71ce08b688d43dba104a2c3e98365c1138da1b44391b290,2021-03,South Yorkshire Police,South Yorkshire Police,-1.412604,53.382974,On or near PEARCE WALK,E01008014,Sheffield 032E,Unable to prosecute suspect
61df1017444b1241d3eec7ae4353a4de57ee1bf9189465de13053cc2022d44d0,2021-03,South Yorkshire Police,South Yorkshire Police,-1.143524,53.615692,On or near MARLBOROUGH ROAD,E01007492,Doncaster 002F,Investigation complete; no suspect identified
1b3f01a2fdf41b96e18f0da570710ab5113806076d5df5d81d9ef3d099cacc11,2021-03,South Yorkshire Police,South Yorkshire Police,-1.320650,53.413596,On or near EAST BAWTRY ROAD,E01007711,Rotherham 021D,Unable to prosecute suspect
2b54bc8d70ed5cff02442630d0f20bb470399f444ab6ebb40e6aaa22ba1b0731,2021-03,South Yorkshire Police,South Yorkshire Police,-1.392302,53.453119,On or near TOWN LANE,E01007732,Rotherham 009E,Unable to prosecute suspect
000b60a6d87912614b50a033aebcde452647404d76e0181185f03aa239f27ff4,2021-03,South Yorkshire Police,South Yorkshire Police,-1.487510,53.553850,On or near HOLWICK COURT,E01007443,Barnsley 013F,Investigation complete; no suspect identified
fcc90d10c7a32f8b015e30ed9207e9b66f66745881594752cd3edd63280330c8,2021-03,South Yorkshire Police,South Yorkshire Police,-1.412604,53.382974,On or near PEARCE WALK,E01008014,Sheffield 032E,Unable to prosecute suspect
0c1355f9e0d99d58806a7897e096db81f46d4c1c7f2625b40a035670c60bd604,2021-03,South Yorkshire Police,South Yorkshire Police,-1.462979,53.438248,On or near WORDSWORTH AVENUE,E01008139,Sheffield 006E,Investigation complete; no suspect identified
6ffd08e22b892f2cb6ea45ea53a66a26cd51f625fedf5e3b7624da54b0b3ebfe,2021-03,South Yorkshire Police,South Yorkshire Police,-1.226985,53.541044,On or near BARNSLEY ROAD,E01007583,Doncaster 020A,Unable to prosecute suspect
1caaf0a99ae75d447af94047186e4590c00a90a45e7e6d425260794e02ae25a7,2021-03,South Yorkshire Police,South Yorkshire Police,-1.155043,53.504279,On or near CROSS STREET,E01007495,Doncaster 028A,Unable to prosecute suspect
f085824fdc0bac30133fd1c35620fafeff95a24b24c0bfc7b1c7e1e50f845f1f,2021-03,South Yorkshire Police,South Yorkshire Police,-1.387500,53.440447,On or near NEARCROFT ROAD,E01007740,Rotherham 011A,Unable to prosecute suspect
ea92d8858f7fd283d2b4c49508e5a1a76a4777afa84c6f8f1e7653a075055692,2021-03,South Yorkshire Police,South Yorkshire Police,-1.474586,53.357591,On or near BRADBURY STREET,E01007978,Sheffield 053A,Unable to prosecute suspect
f0c1588445d7665ae42553b318d47ea10539d7e309dcde614f881bc9d9cc2a1b,2021-03,South Yorkshire Police,South Yorkshire Police,-1.128514,53.514237,On or near NELSON STREET,E01007530,Doncaster 022B,Unable to prosecute suspect
743d373f9f9e36e34f1a9184df90f3df6316cf6d9f137835954b3b3d91a7a66e,2021-03,South Yorkshire Police,South Yorkshire Police,-1.160129,53.610749,On or near PARK ROAD,E01007491,Doncaster 002E,Unable to prosecute suspect
e55713b5eaf7fe3349d176ebed54ffcf6ea69d0780d70b3698da5ece0ddf8804,2021-03,South Yorkshire Police,South Yorkshire Police,-1.383525,53.430036,On or near PSALTERS LANE,E01007715,Rotherham 016A,Investigation complete; no suspect identified
cd5eb11d117fcb2cb2805b221e7c0d2b72924693f8b5e0ea8fecfb9e19c290f6,2021-03,South Yorkshire Police,South Yorkshire Police,-1.445709,53.403842,On or near MARGATE DRIVE,E01007873,Sheffield 020C,Unable to prosecute suspect
7a49c224abaec4a652e9fbe3416aec0ea10c08f89a8133551de12963fd81caa7,2021-03,South Yorkshire Police,South Yorkshire Police,-1.476654,53.364171,On or near FARRAR ROAD,E01008112,Sheffield 042D,Investigation complete; no suspect identified
0c8012b313c9f83b55bc8490fde617cac9fda88f03524f14437b4f0a82095e0d,2021-03,South Yorkshire Police,South Yorkshire Police,-1.378769,53.429058,On or near CAVENDISH ROAD,E01007715,Rotherham 016A,Unable to prosecute suspect
50ecf171063df2340ac75a54fab9d93946215b8a6e77bc047ed7311b05cbfb49,2021-03,South Yorkshire Police,South Yorkshire Police,-1.128514,53.514237,On or near NELSON STREET,E01007530,Doncaster 022B,Unable to prosecute suspect
a92685258d50e1dbb3b5bbf698c55e30f4516161cab5ad37eeaea027640c5006,2021-03,South Yorkshire Police,South Yorkshire Police,,,No location,,,Investigation complete; no suspect identified
5846ae40f3669213c90844b24cadce8aa53ccde4776298c2238ae7a2988919fd,2021-03,South Yorkshire Police,South Yorkshire Police,-1.337833,53.499660,On or near HENRY ROAD,E01007821,Rotherham 002E,Suspect charged
26557ff6697db9fd0a9a7785e994c3dfeab243d0e232b2465ee260408d5b0dfe,2021-03,South Yorkshire Police,South Yorkshire Police,-1.342573,53.414402,On or near Hospital,E01007678,Rotherham 023B,Unable to prosecute suspect
d0d608fa0cbd9c772f659ac8f16ed0fcd0314de1697670d441e3b1541121945b,2021-03,South Yorkshire Police,South Yorkshire Police,-1.342573,53.414402,On or near Hospital,E01007678,Rotherham 023B,Unable to prosecute suspect
8f43990c13af23c7562c2b423f8513e936bdd71dfc85c13b732cbec6b31da04f,2021-03,South Yorkshire Police,South Yorkshire Police,-1.060995,53.560071,On or near NEWHALL ROAD,E01007622,Doncaster 007B,Investigation complete; no suspect identified
d72524a13e4173c4e1be296b4422f7366cdec389be9456efb45c2998c11f81d3,2021-03,South Yorkshire Police,South Yorkshire Police,-0.953647,53.619702,On or near JAMES COURT,E01007637,Doncaster 003B,Investigation complete; no suspect identified
05aac0cfa7e4f48c32e5fa27935a07947f249e9ebe96c540fad9b5d94ac898c3,2021-03,South Yorkshire Police,South Yorkshire Police,-1.128514,53.514237,On or near NELSON STREET,E01007530,Doncaster 022B,Unable to prosecute suspect
97f9c3cab28a0190d483af1f17f820bd9df76f167955c473b0ab2d83fa3a8bde,2021-03,South Yorkshire Police,South Yorkshire Police,-1.349786,53.470189,On or near ESTATE ROAD,E01007781,Rotherham 005D,Investigation complete; no suspect identified
54746b28854a7cc99f5526f47207c9e9d19ac005f80ae046a2467754d2975a02,2021-03,South Yorkshire Police,South Yorkshire Police,-1.142318,53.551325,On or near CAWDOR STREET,E01007508,Doncaster 010B,Unable to prosecute suspect
ccf5e774df05837ca49dd314baea753eff00d9432f8a7d35e14ff342f7f8fe8a,2021-03,South Yorkshire Police,South Yorkshire Police,-1.508360,53.365564,On or near ONSLOW ROAD,E01007935,Sheffield 047C,Unable to prosecute suspect
4aaf1777be1c46588f6ac123d68b52a63b5cdf5c113562f6aa6cab11bb1b142d,2021-03,South Yorkshire Police,South Yorkshire Police,-1.516192,53.405173,On or near OWLINGS PLACE,E01007993,Sheffield 021C,Unable to prosecute suspect
0ddcdbca98a292f7454c6d1d2ac3aaffb80141844852aca7f727febc211acdf5,2021-03,South Yorkshire Police,South Yorkshire Police,-1.141125,53.550588,On or near EDWARD STREET,E01007508,Doncaster 010B,Unable to prosecute suspect
e6fd503d3d46b0a75bf483f74b1232dd7cb409f0f9927426d4e80532baa5b88f,2021-03,South Yorkshire Police,South Yorkshire Police,-1.082883,53.518273,On or near KEMPTON STREET,E01007526,Doncaster 025D,Unable to prosecute suspect
44d1f8e64d174b9bbcfaef1ce82e49c1ec9dde36b41e7812e91de8d48a50af19,2021-03,South Yorkshire Police,South Yorkshire Police,-1.126667,53.528506,On or near ATHRON STREET,E01007648,Doncaster 019D,Investigation complete; no suspect identified
9e7dab04b2e25db2ded638d87a6eef6c9d99dfb8566b9d70646c01a4dfa1ad25,2021-03,South Yorkshire Police,South Yorkshire Police,-1.124056,53.532217,On or near CRANBROOK ROAD,E01007654,Doncaster 019F,Unable to prosecute suspect
dfd5354a37b6a2b0531aaf7ff1bd6cffb1784dfa8c9f2033adf3bfe707bde98e,2021-03,South Yorkshire Police,South Yorkshire Police,-1.504497,53.355274,On or near CARTER KNOWLE AVENUE,E01008044,Sheffield 046B,Further action is not in the public interest
24039db9bdb5fcfbb4c787507c8fe7934a20e152164d3ca50ce80b93c8575ee0,2021-03,South Yorkshire Police,South Yorkshire Police,-1.061965,53.538021,On or near GLEBE FARM CLOSE,E01007478,Doncaster 011D,Investigation complete; no suspect identified
ab354d3e7d3812084814219e758a4d946f60e76922d473a8ae9c04aad2453726,2021-03,South Yorkshire Police,South Yorkshire Police,-1.446417,53.348043,On or near OVEREND WAY,E01008075,Sheffield 060B,Unable to prosecute suspect
2eef126b16f746b634a62967508d9402836d31844148a5c9466dae8d70835097,2021-03,South Yorkshire Police,South Yorkshire Police,-1.366365,53.431258,On or near VINE CLOSE,E01007716,Rotherham 016B,Unable to prosecute suspect
112c23361be2141ab344dec80d56ca39d87e2da40d06f18589dfbb7429ee87a5,2021-03,South Yorkshire Police,South Yorkshire Police,-1.489497,53.554272,On or near SOMERSET STREET,E01007443,Barnsley 013F,Further investigation is not in the public interest
042cc0d480f7f05c673bb17dd8f738da5c3bbeadb731e195ec4b0a0a0019dc29,2021-03,South Yorkshire Police,South Yorkshire Police,-1.412855,53.528617,On or near ROSE GROVE,E01007447,Barnsley 023A,Investigation complete; no suspect identified
f43a25db1fa78f429009d6328e25717d21081fc2255283c847dbe933ae712404,2021-03,South Yorkshire Police,South Yorkshire Police,-1.076493,53.504165,On or near HEATHERBANK ROAD,E01007524,Doncaster 025C,Investigation complete; no suspect identified
f42f1e220e9a76f3960d3f89b0ffe5d68a7dd40aba39f1660ac25fa4e893e4e4,2021-03,South Yorkshire Police,South Yorkshire Police,-1.461711,53.495725,On or near CHAPEL STREET,E01007396,Barnsley 028A,Investigation complete; no suspect identified
2ef0ef709e4eaffc616aacc048aee2e0702fee4195d56b92e30bec20c666ed1b,2021-03,South Yorkshire Police,South Yorkshire Police,-1.336322,53.462205,On or near INGSHEAD AVENUE,E01007775,Rotherham 008A,Action to be taken by another organisation
e3f51e02b30f7ee881af044040769c3609ec745d314a1333b87adc1436e9a03c,2021-03,South Yorkshire Police,South Yorkshire Police,-1.143073,53.531124,On or near RIVIERA PARADE,E01007517,Doncaster 013D,Unable to prosecute suspect
e48590df87959ff941351e698f73613bce945f954f7842b49df122a2cc04f427,2021-03,South Yorkshire Police,South Yorkshire Police,-1.336322,53.462205,On or near INGSHEAD AVENUE,E01007775,Rotherham 008A,Action to be taken by another organisation
0cd090b0b1c083b802fedf307e734342dc8a917f72dc455fb2c82608bfa1dd0a,2021-03,South Yorkshire Police,South Yorkshire Police,-1.336322,53.462205,On or near INGSHEAD AVENUE,E01007775,Rotherham 008A,Action to be taken by another organisation
7ee0e7ad294f908c4ec668ddbf08d75f67c769c78857bbf2d44407ae30495dfa,2021-03,South Yorkshire Police,South Yorkshire Police,-1.336322,53.462205,On or near INGSHEAD AVENUE,E01007775,Rotherham 008A,Action to be taken by another organisation
e5086c650ce08d8c3b29146b68bc3653b6293b3f132453a08948bb1c30b4384e,2021-03,South Yorkshire Police,South Yorkshire Police,-1.503761,53.381176,On or near WESTON VIEW,E01007867,Sheffield 030B,Local resolution
5d2df7eff3771046b46d1da9681718d6e386232f9e68b64755aa2179c5d042c5,2021-03,South Yorkshire Police,South Yorkshire Police,-1.336322,53.462205,On or near INGSHEAD AVENUE,E01007775,Rotherham 008A,Action to be taken by another organisation
fb3334bf3291b35fcb3f3375c95a34d98754988b5122cf749012cb73323b8b1b,2021-03,South Yorkshire Police,South Yorkshire Police,-1.336322,53.462205,On or near INGSHEAD AVENUE,E01007775,Rotherham 008A,Action to be taken by another organisation
9106f54e8d1ff6d44cb0cbc869ad25901655ebbd833338d112e0fdf665c664e6,2021-03,South Yorkshire Police,South Yorkshire Police,-1.336322,53.462205,On or near INGSHEAD AVENUE,E01007775,Rotherham 008A,Action to be taken by another organisation
ab88eba593be6c254fed70d0ea3f42985ba973157e3bba7765492ea8db6da677,2021-03,South Yorkshire Police,South Yorkshire Police,-1.336322,53.462205,On or near INGSHEAD AVENUE,E01007775,Rotherham 008A,Action to be taken by another organisation
9b771cf9d04c257e16e4f9e2702424c28f1331d95512de7dfa17e8c38c748456,2021-03,South Yorkshire Police,South Yorkshire Police,-1.336322,53.462205,On or near INGSHEAD AVENUE,E01007775,Rotherham 008A,Action to be taken by another organisation
4473a461f61360a5b68e0cf1398135521945ac0bf5a16016090550e2f6cb668f,2021-03,South Yorkshire Police,South Yorkshire Police,-1.268079,53.439263,On or near ALLOTT CLOSE,E01007691,Rotherham 012B,Unable to prosecute suspect
c0f2af440fb6ef117527cb8bc3a6a06d774793bc27a84ba37d4409af3f87c95d,2021-03,South Yorkshire Police,South Yorkshire Police,-1.279011,53.498646,On or near HARLINGTON ROAD,E01007576,Doncaster 031E,Unable to prosecute suspect
621319c2faa9121e13c482f84560fe02d6e380a007a6a114fd8ab830b28ab795,2021-03,South Yorkshire Police,South Yorkshire Police,-1.307244,53.422005,On or near BRECKS CRESCENT,E01007724,Rotherham 021E,Unable to prosecute suspect
74a54185550cb87af4fe5b98ebb7aa6c692daf3dbac51b1b77d440cc85d7b2d4,2021-03,South Yorkshire Police,South Yorkshire Police,-1.450348,53.424366,On or near HATFIELD HOUSE CROFT,E01008059,Sheffield 010C,Unable to prosecute suspect
50d17d44232ba83103dd350eaa391ffa96955487d850251c5009fa188ef41558,2021-03,South Yorkshire Police,South Yorkshire Police,-1.167773,53.547109,On or near SPRINGWOOD ROAD,E01007515,Doncaster 012C,Unable to prosecute suspect
5ea370f3953532c5559d482c7f9255c2db9420a7a2c351baceefaba0db249226,2021-03,South Yorkshire Police,South Yorkshire Police,-1.475215,53.560619,On or near Supermarket,E01007410,Barnsley 010E,Local resolution
dcc1d609a887e9513159716e8942bc558d3c0ce22a50ce7973b4d6b491d8b9fb,2021-03,South Yorkshire Police,South Yorkshire Police,-0.948642,53.633123,On or near GARDEN ROAD,E01007632,Doncaster 001A,Unable to prosecute suspect
964cb035aec7680d306e28566f4bfd38a95775d8bbcfb9e6ec392ed2a6fa59ef,2021-03,South Yorkshire Police,South Yorkshire Police,-1.493943,53.393953,On or near WHITEHOUSE ROAD,E01008155,Sheffield 024D,Unable to prosecute suspect
a932a60dca2e92c7d3e6c351a0fa0fc76d5919a99b14e6e1c6b0a98ad1a5fc56,2021-03,South Yorkshire Police,South Yorkshire Police,-1.220355,53.324956,On or near ST PETER'S ROAD,E01007753,Rotherham 033E,Unable to prosecute suspect
a58ce47acbc9d0dc277c6d68aaec61a0b412c1fcd24cfb27f82d25f21c67299d,2021-03,South Yorkshire Police,South Yorkshire Police,-1.405142,53.363962,On or near LAMB HILL CLOSE,E01008008,Sheffield 045D,Investigation complete; no suspect identified
71302c7ae1222c7743c5283123574d1c2824daef119381e8032250032986b4cf,2021-03,South Yorkshire Police,South Yorkshire Police,-1.484399,53.552749,On or near PEEL PARADE,E01007340,Barnsley 013B,Investigation complete; no suspect identified
71376510e55181a09effe713cfccb976d7e416d891542d53f9bfd70da7457863,2021-03,South Yorkshire Police,South Yorkshire Police,-1.500287,53.423687,On or near FOX HILL ROAD,E01008087,Sheffield 012A,Investigation complete; no suspect identified
bd1a503fa1228f0b9f31f93dd7cdb29f950715d0d8b64090b34b9d5eb0a90ed3,2021-03,South Yorkshire Police,South Yorkshire Police,-1.467371,53.548063,On or near OSBORNE STREET,E01007337,Barnsley 015D,Unable to prosecute suspect
baa0f3c5a293c2b0894d43c8178d5f8bc13ca18d229d62bc2c82980af54959c1,2021-03,South Yorkshire Police,South Yorkshire Police,-1.442487,53.416744,On or near MARIGOLD CLOSE,E01007851,Sheffield 013B,Unable to prosecute suspect
baa0f3c5a293c2b0894d43c8178d5f8bc13ca18d229d62bc2c82980af54959c1,2021-03,South Yorkshire Police,South Yorkshire Police,-1.442487,53.416744,On or near MARIGOLD CLOSE,E01007851,Sheffield 013B,Unable to prosecute suspect
ebe8ee922a4ad5010bfbe9ee38146fcafd754290ccf14aa43c8573cecfadc5ba,2021-03,South Yorkshire Police,South Yorkshire Police,-1.506006,53.382048,On or near CROOKES,E01007962,Sheffield 029C,Investigation complete; no suspect identified
98a0488945e20295e420542a1927886d84bcb62c07fa6896c166a3d28bce5c2b,2021-03,South Yorkshire Police,South Yorkshire Police,-1.110265,53.525824,On or near CRAITHIE ROAD,E01007649,Doncaster 019E,Further action is not in the public interest
9bfa6ca6fcc5e94e419941fce4cd681743c297483b8f927ddc3ee3b757f9b340,2021-03,South Yorkshire Police,South Yorkshire Police,-1.458171,53.428052,On or near DEERLANDS AVENUE,E01008061,Sheffield 011A,Investigation complete; no suspect identified
e88d7fdad4ef1f6a0f1b776032bf600bb0401ea8b28bdb189ae4999e0ce43e1a,2021-03,South Yorkshire Police,South Yorkshire Police,-1.460480,53.324045,On or near HAZLEBARROW CLOSE,E01008081,Sheffield 070A,Unable to prosecute suspect
2ad2ddac37e4d9c622228a918013a422404239c0128fee13fd42a32be1f5342a,2021-03,South Yorkshire Police,South Yorkshire Police,-1.476912,53.324693,On or near Sports/Recreation Area,E01008080,Sheffield 069D,Investigation complete; no suspect identified
1b55d51acb56c089a03fd3938d4eff5823239815145fdcf88c3eb2e5ad061e1f,2021-03,South Yorkshire Police,South Yorkshire Police,-1.456042,53.409750,On or near Hospital,E01007942,Sheffield 020D,Unable to prosecute suspect
16341cfedf6716d68034163ac868a0d6e5ff2ef866ef07aabdf81ba86ebff689,2021-03,South Yorkshire Police,South Yorkshire Police,-1.386700,53.332776,On or near TEESDALE ROAD,E01008021,Sheffield 072A,Investigation complete; no suspect identified
7aeacbca5077c2ae4dcefd6ad8b3b44b92217232cfbea7c6aa9c7c42b60118dc,2021-03,South Yorkshire Police,South Yorkshire Police,-1.349786,53.470189,On or near ESTATE ROAD,E01007781,Rotherham 005D,Unable to prosecute suspect
dbf2f411aa05586dd13bbe5fcfd939532359ba342332b1f523b90ef3b214aae5,2021-03,South Yorkshire Police,South Yorkshire Police,-1.077182,53.471757,On or near ALLENBY CRESCENT,E01007590,Doncaster 037A,Unable to prosecute suspect
8bae3e201cf954431f3f4a1e4772e7b40fa29594a05aff3d26a8348574a6020e,2021-03,South Yorkshire Police,South Yorkshire Police,-1.448119,53.544138,On or near PHILIP ROAD,E01007320,Barnsley 018C,Unable to prosecute suspect
4f297a70daa63f08bdeb36db111bb865f77b8707dc2a859f1aa48749e6c52105,2021-03,South Yorkshire Police,South Yorkshire Police,-1.460480,53.324045,On or near HAZLEBARROW CLOSE,E01008081,Sheffield 070A,Unable to prosecute suspect
6a856154c3ab2720f71b8b76175d8905d123b86e718d6ca65943961110a04838,2021-03,South Yorkshire Police,South Yorkshire Police,-1.217326,53.433018,On or near HUNTINGTON WAY,E01007754,Rotherham 018B,Unable to prosecute suspect
98aaea34dbf0eb4b1c5ad65c77b553b8297db99433645151d62ec843acc1fd32,2021-03,South Yorkshire Police,South Yorkshire Police,-1.202380,53.430582,On or near MORRISON AVENUE,E01007758,Rotherham 020B,Local resolution
6d5b1d4b5edfbc369b81722f56c32dec704ff8eedd9b8c1fc052331176993c7e,2021-03,South Yorkshire Police,South Yorkshire Police,-1.370392,53.355208,On or near SKELTON CLOSE,E01007970,Sheffield 049D,Unable to prosecute suspect
7544ded779515943f4bbc289c6c318c5dde259934290c2625a9cb8e4712d61c5,2021-03,South Yorkshire Police,South Yorkshire Police,-1.327337,53.439872,On or near WILLOW BECK,E01007738,Rotherham 013D,Unable to prosecute suspect
1efce5888185253b2e2787b7c316985d96ae9a65b017a46a4bbd9cd92e68fc9f,2021-03,South Yorkshire Police,South Yorkshire Police,-1.327337,53.439872,On or near WILLOW BECK,E01007738,Rotherham 013D,Unable to prosecute suspect
0ebc1c1a5280890f0c944df8676e690f38ed5ff4f1c5b5d63a7fb29473010f60,2021-03,South Yorkshire Police,South Yorkshire Police,-1.482302,53.379242,On or near CONVENT WALK,E01033266,Sheffield 074D,Unable to prosecute suspect
3771f86ad31792a60f660f8e47248a848dc7fdc009f6a420a2c8ecf7a9390f86,2021-03,South Yorkshire Police,South Yorkshire Police,-1.464873,53.382159,On or near FLAT STREET,E01033268,Sheffield 075G,Further action is not in the public interest
6145b78f854d7491099753b472f4d01d81c1c7a24fa4742300eee30d882eb9ca,2021-03,South Yorkshire Police,South Yorkshire Police,-1.472860,53.583654,On or near RADCLIFFE ROAD,E01007325,Barnsley 007C,Action to be taken by another organisation
b05a9e68f0241b573b018506fffd7c3efb4eaad4a6b40cc7450ffe6ffc030b7f,2021-03,South Yorkshire Police,South Yorkshire Police,-1.102471,53.516300,On or near Supermarket,E01007526,Doncaster 025D,Suspect charged
9a3e49066337a3e1b36f3e26436e02ac0faeeaf103133282f5dfaea7ac33606d,2021-03,South Yorkshire Police,South Yorkshire Police,-1.451378,53.425000,On or near HOMESTEAD ROAD,E01008061,Sheffield 011A,Unable to prosecute suspect
a01dbbb50e19831898101d4b9e1088ca19f5d36316a90baa407c93e93edd9fb9,2021-03,South Yorkshire Police,South Yorkshire Police,-1.340902,53.455354,On or near ALBERT ROAD,E01007783,Rotherham 008C,Unable to prosecute suspect
2c9e380f62ba2e029da481dcd933ec32bd09802761c4d6c3c7d596ca8f075201,2021-03,South Yorkshire Police,South Yorkshire Police,,,No location,,,Suspect charged
17f4fdb9e9205f25e52422553233382805bff372682e80ee04b32f7db0eb2ad6,2021-03,South Yorkshire Police,South Yorkshire Police,-1.363033,53.451780,On or near LOWFIELD AVENUE,E01007728,Rotherham 009A,Unable to prosecute suspect
8fd058856c454f1d9b2124df32745cd4bfcb969a27bf032b1917bb79c7f0d433,2021-03,South Yorkshire Police,South Yorkshire Police,-1.113205,53.537441,On or near RIPON AVENUE,E01007651,Doncaster 015C,Investigation complete; no suspect identified
0218ce16140caa49a3f16599fedbf4b1dbd810889914e250350f0c030ac96d26,2021-03,South Yorkshire Police,South Yorkshire Police,-1.495243,53.374318,On or near BROOMGROVE LANE,E01007860,Sheffield 036B,Unable to prosecute suspect
45ad82aa3b4e1d320269f15c461212d06f90e959ae11280b184c3fa4e0a736f2,2021-03,South Yorkshire Police,South Yorkshire Police,-1.099439,53.529859,On or near DEVONSHIRE ROAD,E01007564,Doncaster 018A,Unable to prosecute suspect
32e6c1f29473e5567c9abcc505f8ce177e1d57eb538b4edc75b9e3d528d729f1,2021-03,South Yorkshire Police,South Yorkshire Police,-1.222458,53.560816,On or near PICKBURN LANE,E01007587,Doncaster 020C,Unable to prosecute suspect
32e6c1f29473e5567c9abcc505f8ce177e1d57eb538b4edc75b9e3d528d729f1,2021-03,South Yorkshire Police,South Yorkshire Police,-1.222458,53.560816,On or near PICKBURN LANE,E01007587,Doncaster 020C,Unable to prosecute suspect
d535f08555f0de52efb0d94f14f93198901736ae929f9e499d528909b2a01dff,2021-03,South Yorkshire Police,South Yorkshire Police,-1.096562,53.543842,On or near CROMPTON ROAD,E01007656,Doncaster 015F,Investigation complete; no suspect identified
36253c3e688cb1a21a816a3cd4bd006738b9a597e598702db6bac6675168d19f,2021-03,South Yorkshire Police,South Yorkshire Police,-1.097445,53.431256,On or near MEADOW DRIVE,E01007615,Doncaster 039D,Unable to prosecute suspect
78580e0fe30481d449934976106fcb381218f8fd23488befe8081d404b3ceab9,2021-03,South Yorkshire Police,South Yorkshire Police,-1.152476,53.616268,On or near MARKET PLACE,E01007492,Doncaster 002F,Unable to prosecute suspect
0bdb0b3ac5bf967523c89036c0515c4d5fd916dd633762efd9ab6a8a7e2d841a,2021-03,South Yorkshire Police,South Yorkshire Police,-1.160314,53.501521,On or near WARDE AVENUE,E01007499,Doncaster 029D,Unable to prosecute suspect
baef52274cace918def210e3965c38bf060a06a61a42517edd61c7f2a8899344,2021-03,South Yorkshire Police,South Yorkshire Police,-1.189529,53.478693,On or near LILAC CRESCENT,E01007550,Doncaster 034E,Unable to prosecute suspect
5d2bdf804d073d872b84dad871422055006c570dea55b9a510861915ffe5e0ff,2021-03,South Yorkshire Police,South Yorkshire Police,-1.204097,53.568192,On or near FAIR VIEW AVENUE,E01007465,Doncaster 009B,Unable to prosecute suspect
fb54adc4dde7f974b5d97bbf242d0cd0b3639fb109eb004babfd057a143d9e1d,2021-03,South Yorkshire Police,South Yorkshire Police,-1.058538,53.504079,On or near PACKINGTON ROAD,E01007603,Doncaster 026E,Investigation complete; no suspect identified
142063e54c71f2dd35a214e93c86a950ca4c183639d32d067680281b22ebe0e4,2021-03,South Yorkshire Police,South Yorkshire Police,-1.204097,53.568192,On or near FAIR VIEW AVENUE,E01007465,Doncaster 009B,Unable to prosecute suspect
45d30bbec1987469eac42632d47220ef085cdd61578847dccdd5ab2633da5f9c,2021-03,South Yorkshire Police,South Yorkshire Police,-1.502480,53.586334,On or near BLACKER ROAD,E01007361,Barnsley 004C,Suspect charged
9870dc6961c2182b49bcd884318efd3830be09d75b24c45d3c24079f471724ba,2021-03,South Yorkshire Police,South Yorkshire Police,-1.445418,53.571854,On or near AINSDALE COURT,E01007406,Barnsley 009E,Further action is not in the public interest
a459ac801203702c009bc608fdd632a40b2d89e223cdb10042ec56813e67eb43,2021-03,South Yorkshire Police,South Yorkshire Police,-1.193130,53.481935,On or near Supermarket,E01007547,Doncaster 034B,Local resolution
a459ac801203702c009bc608fdd632a40b2d89e223cdb10042ec56813e67eb43,2021-03,South Yorkshire Police,South Yorkshire Police,-1.193130,53.481935,On or near Supermarket,E01007547,Doncaster 034B,Local resolution
bf1392b8db624a069b2b375e36149b25a5470867a09a8a98d79cbe46aadad52a,2021-03,South Yorkshire Police,South Yorkshire Police,-1.439234,53.359749,On or near ERRINGTON ROAD,E01008102,Sheffield 048C,Unable to prosecute suspect
d8b0775f12d732e196ab2e1f1494e6cac216ceed28cdd163462fc16683d9d66c,2021-03,South Yorkshire Police,South Yorkshire Police,-1.475362,53.377567,On or near TRAFALGAR STREET,E01008114,Sheffield 074A,Investigation complete; no suspect identified
2edee9b09fe0496912d90ef4d7bc9ea283e8e3fe06feceb14c9130e5b5b44cef,2021-03,South Yorkshire Police,South Yorkshire Police,-1.474313,53.367594,On or near KEARSLEY ROAD,E01008109,Sheffield 042B,Investigation complete; no suspect identified
309ef3e2d9ea7e8d9866effcc589b5f06ee6f4cb2406a1df3f5d3addff393819,2021-03,South Yorkshire Police,South Yorkshire Police,-1.457971,53.579813,On or near BLAKELEY CLOSE,E01007327,Barnsley 007E,Unable to prosecute suspect
7c15c0928e5597b91509ad7c101149cf399b9035eb375faf918143c3101d9d75,2021-03,South Yorkshire Police,South Yorkshire Police,-1.430890,53.453695,On or near NEWTON PLACE,E01007801,Rotherham 007B,Unable to prosecute suspect
96bdd260a3216cbf021feed69d7e290088a93bc32f832873456864cdc43a2ca4,2021-03,South Yorkshire Police,South Yorkshire Police,-1.468140,53.375692,On or near Parking Area,E01033274,Sheffield 042G,Local resolution
a63c62e57bd7fe3cb272ea8e1537fdd6f33ab8d914c5589973b47d67ea6f04fe,2021-03,South Yorkshire Police,South Yorkshire Police,-1.376297,53.581384,On or near PARK ROAD,E01007332,Barnsley 006C,Unable to prosecute suspect
8f38bcfef66b662d7eb9ebda27d52d3c30c3d75108e11266654d7fd9971cc2a2,2021-03,South Yorkshire Police,South Yorkshire Police,-1.194171,53.512045,On or near NEW LANE,E01007617,Doncaster 021C,Offender given a caution
5548034893bdf9ea65c5cea17892f0b186b030733eb56d81068a83bdb126eed8,2021-03,South Yorkshire Police,South Yorkshire Police,-1.217326,53.433018,On or near HUNTINGTON WAY,E01007754,Rotherham 018B,Unable to prosecute suspect
33de46118e7db26e42cbd8451d39d51bb1cc9d7e1958c56386dacaf63f4fa6c8,2021-03,South Yorkshire Police,South Yorkshire Police,-1.135479,53.515842,On or near WELCOME WAY,E01007530,Doncaster 022B,Unable to prosecute suspect
4db434a41c00320df14c2ae14d415b90d8f0760b09182a4d62b9631b68adabdd,2021-03,South Yorkshire Police,South Yorkshire Police,-1.122891,53.530950,On or near LOCKWOOD ROAD,E01007655,Doncaster 022F,Unable to prosecute suspect
4e641f9c78ad1da57e7241bec1daaea98425fc86a68e2eb14bfe434b16d3effc,2021-03,South Yorkshire Police,South Yorkshire Police,-1.486498,53.387836,On or near MARTIN STREET,E01008065,Sheffield 026A,Unable to prosecute suspect
1dea03ccb7deee5ff41a5b04ed9f760322fa7edec5a08419b165c3043f990331,2021-03,South Yorkshire Police,South Yorkshire Police,-1.398500,53.346841,On or near Petrol Station,E01007838,Sheffield 076A,Investigation complete; no suspect identified
541034d665bac3781ee1c64223717b8ec4ba5317ac6750a1526ccbbaed05e130,2021-03,South Yorkshire Police,South Yorkshire Police,-1.478943,53.552051,On or near Supermarket,E01007336,Barnsley 013A,Suspect charged
5cf52657ea5909cb6227ef3288f3a0a8db87241359d17d918ed9439d188fd4ac,2021-03,South Yorkshire Police,South Yorkshire Police,-1.530529,53.590654,On or near Sports/Recreation Area,E01007358,Barnsley 005B,Unable to prosecute suspect
2f72fc9076ad47c1cedd47c2add53a18dcfc8cb29423619a1b23e1f1c8c7f25d,2021-03,South Yorkshire Police,South Yorkshire Police,-1.460530,53.510425,On or near HIGH ROYD LANE,E01007398,Barnsley 028C,Unable to prosecute suspect
020bbf91c5010964301e3857a8ab386275fabb6ec7da578642381b26961faa9a,2021-03,South Yorkshire Police,South Yorkshire Police,-1.478228,53.323863,On or near LUPTON ROAD,E01008080,Sheffield 069D,Investigation complete; no suspect identified
382e1b9a40e11dee608672ceaee61f3a4eb27ab30f906ba7f19c176d3f4cc2bb,2021-03,South Yorkshire Police,South Yorkshire Police,-1.026344,53.592396,On or near EMERSON AVENUE,E01007629,Doncaster 004E,Unable to prosecute suspect
6a010fb26ca1158a6c795a6ac83c4cca05e77b21f40d626366a0321d816cae20,2021-03,South Yorkshire Police,South Yorkshire Police,-1.082421,53.502638,On or near ALSTON CLOSE,E01007524,Doncaster 025C,Unable to prosecute suspect
41f9b514e5864aab281184e4bbe9418612e0fe53e3067593bd2be7fbf1af794b,2021-03,South Yorkshire Police,South Yorkshire Police,-1.395790,53.372805,On or near BIRKLANDS CLOSE,E01007912,Sheffield 037B,Unable to prosecute suspect
dbbaefddc614118548b1769f484c2e5a733b33707d68108e40b12e8bd0337656,2021-03,South Yorkshire Police,South Yorkshire Police,-1.199017,53.566153,On or near EAST AVENUE,E01007466,Doncaster 009C,Local resolution
76d79fa46403b54ddb51fc77031c4c205f0f5f8bd8c95a4dce7a833943839351,2021-03,South Yorkshire Police,South Yorkshire Police,-1.122325,53.532061,On or near MORLEY ROAD,E01007654,Doncaster 019F,Unable to prosecute suspect
78916196126dd812acfa26f46bcc1a3a52b7630d3e8fc6b51aaea274f8915de6,2021-03,South Yorkshire Police,South Yorkshire Police,-1.361124,53.429451,On or near MAIN STREET,E01007714,Rotherham 017B,Further investigation is not in the public interest
ed371c1c1a8900d91557f24113eb4aea11f5286f083fe52298cd13b9b6f79394,2021-03,South Yorkshire Police,South Yorkshire Police,-1.467881,53.409758,On or near LONGLEY AVENUE WEST,E01007872,Sheffield 020B,Unable to prosecute suspect
d16196c130faa1de4a37ca7493ad13224eda84557d3e22eef53ace96b0fc049c,2021-03,South Yorkshire Police,South Yorkshire Police,-1.122590,53.525771,On or near Hospital,E01007647,Doncaster 019C,Investigation complete; no suspect identified
03ba2227f12bb40c409357f3f5d57a960c2df7f16a3cd0c72fa1f393c5f2a666,2021-03,South Yorkshire Police,South Yorkshire Police,-1.472610,53.547879,On or near BRINCKMAN STREET,E01007339,Barnsley 017B,Unable to prosecute suspect
3636eb76738f3df584f4e26cd2fe085703d1ad5241b0f777b2db7717f3c26d15,2021-03,South Yorkshire Police,South Yorkshire Police,-1.516503,53.396338,On or near CARLBY ROAD,E01008152,Sheffield 025C,Unable to prosecute suspect
e9e3c39f10ed86753377fadaac4bd7181892ccc14dcc013295e233fb0f510681,2021-03,South Yorkshire Police,South Yorkshire Police,-1.422075,53.422975,On or near JEDBURGH STREET,E01007847,Sheffield 014A,Unable to prosecute suspect
84cd33e5bad6a0e5a45cedb70458648b559cdb0333b7244eba79d71dbdaaf952,2021-03,South Yorkshire Police,South Yorkshire Police,-1.483222,53.544025,On or near TOWER STREET,E01007415,Barnsley 013C,Investigation complete; no suspect identified
e558aa86cb055da248c34cc9310f744ab2ec266700eba93bc57a4728f561a2c7,2021-03,South Yorkshire Police,South Yorkshire Police,-1.511875,53.399960,On or near LOXLEY ROAD,E01008160,Sheffield 024F,Investigation complete; no suspect identified
298bfae6fb9722a82209e24d12d19f78aa9c2cfe7566b9773e0a560edf72d396,2021-03,South Yorkshire Police,South Yorkshire Police,-1.465364,53.401765,On or near ROE LANE,E01007871,Sheffield 019B,Unable to prosecute suspect
9f309d4f892da0166072ce87cbd425f2c3b8a85cfb067e5639b3abea0def50b2,2021-03,South Yorkshire Police,South Yorkshire Police,-1.469880,53.375988,On or near MATILDA STREET,E01033274,Sheffield 042G,Investigation complete; no suspect identified
ee6168cb3c41f54a2e9f1e0c39e38a6f1f7389ae13b54298db9b2ff4a189bdf8,2021-03,South Yorkshire Police,South Yorkshire Police,-1.190785,53.422198,On or near FISHER ROAD,E01007760,Rotherham 020D,Investigation complete; no suspect identified
bc25939d2d14eb0277085e8f990bdae622784cf6f98f3f7b5bb5ced6490b2286,2021-03,South Yorkshire Police,South Yorkshire Police,-1.072800,53.508955,On or near WILLOW AVENUE,E01007522,Doncaster 024A,Unable to prosecute suspect
a12b532373c0325bcef02ec61d61293634f09cc63f1cdc8a8419d61864433db3,2021-03,South Yorkshire Police,South Yorkshire Police,-1.107907,53.520314,On or near Race Track,E01007644,Doncaster 019A,Unable to prosecute suspect
f1267925b414ef86a4b3a93734e0e5c25ff99a09cab42728c873f03deffd15ce,2021-03,South Yorkshire Police,South Yorkshire Police,-1.069176,53.555983,On or near BARDON ROAD,E01007476,Doncaster 011B,Unable to prosecute suspect
2374aa6f44913409367fdd2bf36fd6b6ee2b280580261ccd4e9806574f9c3d59,2021-03,South Yorkshire Police,South Yorkshire Police,-1.366872,53.348430,On or near RAINBOW CRESCENT,E01008029,Sheffield 056B,Further action is not in the public interest
b0e1a248102489af2f10628bc0d721a3f830df1aa31d94cbd8a6fbf02de29ab4,2021-03,South Yorkshire Police,South Yorkshire Police,-1.435316,53.558181,On or near MICHAEL ROAD,E01007403,Barnsley 011C,Unable to prosecute suspect
67338142576216e0168e1ec2d35ac85a9aba40c3eab2ea447756bb9d709fa404,2021-03,South Yorkshire Police,South Yorkshire Police,-1.497685,53.580525,On or near SPEY CLOSE,E01007362,Barnsley 004D,Unable to prosecute suspect
b431513ba392526df4676c50c3442a298ee524a86ceced3f807957f37fb5e187,2021-03,South Yorkshire Police,South Yorkshire Police,-1.333676,53.459970,On or near GREEN ACRES,E01007776,Rotherham 008B,Unable to prosecute suspect
7509d6d11494fa5c14aefa806f18913e0974274f4e1502e3c81d1db2ffecaeaa,2021-03,South Yorkshire Police,South Yorkshire Police,-1.179959,53.542106,On or near LATIN GARDENS,E01007587,Doncaster 020C,Unable to prosecute suspect
408e3e8ede83cbab9beef5e7cbf9ed19bd11752f5b0f421217cf24eb664f9ffa,2021-03,South Yorkshire Police,South Yorkshire Police,-0.966380,53.614590,On or near DURHAM AVENUE,E01007639,Doncaster 003D,Investigation complete; no suspect identified
d4146f4bbb34104ae0b0dc9ccf30a17a9bda2991b6cdedeb9945e83c60f8cc97,2021-03,South Yorkshire Police,South Yorkshire Police,-1.187157,53.574433,On or near OSPREY CLOSE,E01007471,Doncaster 009E,Unable to prosecute suspect
d2289af8187564e200324a7528fe01aa9aaec1f740adff11a8b20bb1b89de565,2021-03,South Yorkshire Police,South Yorkshire Police,-1.474028,53.433372,On or near Sports/Recreation Area,E01008119,Sheffield 009F,Investigation complete; no suspect identified
50a928a90e23665594c0b26f87b4b41365b1e246a21840a7baf6b8ee24c394d7,2021-03,South Yorkshire Police,South Yorkshire Police,-1.345044,53.452366,On or near DUDLEY STREET,E01007784,Rotherham 008D,Investigation complete; no suspect identified
68ee2fedada7cd20a05d68f787223c926086db53703409ef18937cf7444402c0,2021-03,South Yorkshire Police,South Yorkshire Police,-1.497630,53.361744,On or near OSBORNE ROAD,E01008048,Sheffield 046D,Unable to prosecute suspect
0ba217cc85738f034ff39cbe125b1b6727f190d5f8ecaa1ee37378b4e7f03e4c,2021-03,South Yorkshire Police,South Yorkshire Police,-1.435171,53.456790,On or near WINDSOR ROAD,E01007803,Rotherham 007D,Unable to prosecute suspect
46f02451d49ad8b7806deecddca1992822b070a5aff379d5e92d310508d1adb8,2021-03,South Yorkshire Police,South Yorkshire Police,-1.458478,53.540050,On or near LARCH PLACE,E01007416,Barnsley 018D,Local resolution
f9e4380e6216adab2a88767582d06235d79547c5029978638b243f2e22eb978c,2021-03,South Yorkshire Police,South Yorkshire Police,-1.463362,53.383923,On or near Shopping Area,E01033268,Sheffield 075G,Investigation complete; no suspect identified
c8d6785a1a2ff95000f5ecf478606558d9099b0a94f32471ad3bc0356677fad1,2021-03,South Yorkshire Police,South Yorkshire Police,-1.458478,53.540050,On or near LARCH PLACE,E01007416,Barnsley 018D,Local resolution
566274905616f84dfdf31c08d4650f1cd040463f44a2429f01f54f6f58f2c8da,2021-03,South Yorkshire Police,South Yorkshire Police,-1.477487,53.372255,On or near BEELEY STREET,E01033271,Sheffield 040E,Local resolution
0020a7cb0c35f12540a29d234884122f50e1bfcc3fc2fcfd05d2fc4aac279f46,2021-03,South Yorkshire Police,South Yorkshire Police,-1.171502,53.499900,On or near Petrol Station,E01007501,Doncaster 029E,Suspect charged
d17f3ec52969d7b2355a74fc38f0b8072a249f9f791c28d1fcd957977d180b88,2021-03,South Yorkshire Police,South Yorkshire Police,-1.466337,53.382893,On or near HIGH STREET,E01033264,Sheffield 073D,Local resolution
d17f3ec52969d7b2355a74fc38f0b8072a249f9f791c28d1fcd957977d180b88,2021-03,South Yorkshire Police,South Yorkshire Police,-1.466337,53.382893,On or near HIGH STREET,E01033264,Sheffield 073D,Local resolution
65f05ee134245fc071f00bcb695520bf871fb69c36ff5fd14ac98801068717db,2021-03,South Yorkshire Police,South Yorkshire Police,-1.332253,53.412439,On or near WEETWOOD ROAD,E01007713,Rotherham 023F,Unable to prosecute suspect
14df6077d07ce389c9bc57cdfe28160c7ff624a5c285b8e550d3673725ef8b0a,2021-03,South Yorkshire Police,South Yorkshire Police,-1.487683,53.560789,On or near LOMBARD CLOSE,E01007409,Barnsley 010D,Investigation complete; no suspect identified
6ce1502fafaea5814bb6e92fc5833ab7638a1a1b5e8ae8a2aa8f618690269976,2021-03,South Yorkshire Police,South Yorkshire Police,-1.149183,53.554484,On or near RADCLIFFE MOUNT,E01007509,Doncaster 010C,Unable to prosecute suspect
6a0b5f4d13652b0fbda64dbdb714821bbbdd053d4ed89ae7474cd6856debfbfe,2021-03,South Yorkshire Police,South Yorkshire Police,-1.471758,53.546051,On or near VICTORIA TERRACE,E01007339,Barnsley 017B,Offender given a caution
b567cdabdd00fb165e09f3e1823e9a5bf50fd0e4533deb0ddf48cd401e7c64a0,2021-03,South Yorkshire Police,South Yorkshire Police,-1.078855,53.477963,On or near NORMAN CRESCENT,E01007592,Doncaster 037B,Investigation complete; no suspect identified
67fdd20fcafde1ca86317a005801ad1c3d5a029514f5a91263d291c1e4b93085,2021-03,South Yorkshire Police,South Yorkshire Police,-1.298488,53.550724,On or near BRUNSWICK STREET,E01007373,Barnsley 014B,Unable to prosecute suspect
fe45c175b9b640c445cda1fe7c54f2ab3e6b0aff09b1ae594060c2b02e299f48,2021-03,South Yorkshire Police,South Yorkshire Police,-1.372036,53.575330,On or near BURNTWOOD ROAD,E01007332,Barnsley 006C,Unable to prosecute suspect
313b8c540e7749a8a21e4a3ca6e18567e1de3e331edaad992d709e8fef763336,2021-03,South Yorkshire Police,South Yorkshire Police,-1.471178,53.578047,On or near WINGFIELD ROAD,E01007326,Barnsley 007D,Unable to prosecute suspect
a178c42596dd8c64c970052677f583f4b9aedb5ee1e2e464ee753b7667e0654f,2021-03,South Yorkshire Police,South Yorkshire Police,-1.030428,53.598793,On or near NEW GREEN,E01007628,Doncaster 004D,Unable to prosecute suspect
d53ee9cfc6f334fb4ebf906f061ae6b01eed615c5a9964805b65a44facbc8cca,2021-03,South Yorkshire Police,South Yorkshire Police,-1.464997,53.321764,On or near Pedestrian Subway,E01008082,Sheffield 070B,Investigation complete; no suspect identified
e6b92c34e44fee357970b161e4de748bbc57d98ad43e506a85e372eb2af0d826,2021-03,South Yorkshire Police,South Yorkshire Police,-1.495099,53.385194,On or near IVY DRIVE,E01008067,Sheffield 030D,Investigation complete; no suspect identified
265b02c5ec6a10f13f78a9c77a12aed75fb8c9f227a48ac5e48a31ed6f14e9ac,2021-03,South Yorkshire Police,South Yorkshire Police,-1.388434,53.450879,On or near TEESDALE ROAD,E01007730,Rotherham 009C,Unable to prosecute suspect
6486f0532be72f9abf06cd0b0f746d01580a44afa0378315a6647a91f8b2684c,2021-03,South Yorkshire Police,South Yorkshire Police,-1.326979,53.522502,On or near BILLINGLEY VIEW,E01007364,Barnsley 025A,Unable to prosecute suspect
e00c44babce64469e53c4af13b3ae71175dc2671e75d01c97f1cefeb0a09a7d7,2021-03,South Yorkshire Police,South Yorkshire Police,-1.489178,53.388737,On or near ADDY CLOSE,E01008072,Sheffield 026C,Unable to prosecute suspect
f38eb30aa29ac3eaa164803b43e4dad2cca99136cebae180f38e29ab55f47d66,2021-03,South Yorkshire Police,South Yorkshire Police,-1.073823,53.557511,On or near CHURCH CROFT,E01007477,Doncaster 011C,Unable to prosecute suspect
f78f76852957862f3b2714d5dd4eecf7148bf7aaf645abeac2f8761b7c8ee516,2021-03,South Yorkshire Police,South Yorkshire Police,-1.016772,53.581693,On or near CANTERBURY ROAD,E01007555,Doncaster 006B,Unable to prosecute suspect
413894521c70b6e7d6541683f6a9c007b0c1865bf50260663fc0a1b87be9d491,2021-03,South Yorkshire Police,South Yorkshire Police,-1.131840,53.515295,On or near CARR HOUSE ROAD,E01007530,Doncaster 022B,Investigation complete; no suspect identified
2a6ba207e66296304de5988bc606b70bbdacb8daac92706782f59f408f5bfdee,2021-03,South Yorkshire Police,South Yorkshire Police,-1.324413,53.518821,On or near CORONATION DRIVE,E01007368,Barnsley 025E,Suspect charged
e98244890fbce1293905b273429fb3f7057ae14eae5c33bcc45684d7bca7a3fc,2021-03,South Yorkshire Police,South Yorkshire Police,-1.278350,53.366076,On or near HARDWICK LANE,E01007670,Rotherham 030D,Offender given a drugs possession warning
9cb6eac7a13d9b84fb64fc0c194337f24407c43c0bc5f7d677cf9f89cff37fad,2021-03,South Yorkshire Police,South Yorkshire Police,-1.173748,53.541011,On or near STANLEY ROAD,E01007588,Doncaster 016C,Unable to prosecute suspect
d603417cae7865ea3b84d2c14bfeaeb37825954239a5dae88933d3aaa79571d5,2021-03,South Yorkshire Police,South Yorkshire Police,,,No location,,,Unable to prosecute suspect
70efdcc922b17b5854bdddef2f694e02fce7873c572a2eefe5540ef9131d0bff,2021-03,South Yorkshire Police,South Yorkshire Police,-1.379001,53.345923,On or near COTLEIGH DRIVE,E01033279,Sheffield 076F,Unable to prosecute suspect
19f72f2e603fe4e32bfe691523e6e842afd383adeba5f7d44c56c00392a18789,2021-03,South Yorkshire Police,South Yorkshire Police,-1.384549,53.450832,On or near NIDDERDALE ROAD,E01007730,Rotherham 009C,Unable to prosecute suspect
7f1b84718e442dca60243e5fa52e0c1fc6e2e12b941bdad506f2def635b28538,2021-03,South Yorkshire Police,South Yorkshire Police,-1.107907,53.520314,On or near Race Track,E01007644,Doncaster 019A,Unable to prosecute suspect
f6fe93c6dbc162329aacbdbd261fc2607102252fa827856bf3be769c0ad67e25,2021-03,South Yorkshire Police,South Yorkshire Police,-1.456810,53.540717,On or near SWANEE ROAD,E01007416,Barnsley 018D,Local resolution
7fe66b4a21479b3880df9fdb1affb4d0d5865c6c7b636dc533d67dd4e4965e00,2021-03,South Yorkshire Police,South Yorkshire Police,-1.439819,53.412498,On or near WENSLEY STREET,E01007851,Sheffield 013B,Unable to prosecute suspect
fdb63124a34747326677fe68a62bc75b64a7b695fc936e1c4ad05a7547cd8c79,2021-03,South Yorkshire Police,South Yorkshire Police,-1.480885,53.367146,On or near SMEATON STREET,E01008105,Sheffield 040A,Unable to prosecute suspect
369f7b8307100e5fdf68c4d510ad021e9a83a1c2d31aa55c58dc4b2d0bf1b228,2021-03,South Yorkshire Police,South Yorkshire Police,-1.468967,53.530282,On or near PARK ROAD,E01007463,Barnsley 021F,Unable to prosecute suspect
536675f45fee783b1cadc68fe8611235285298ed4be28935cac736b8e879b706,2021-03,South Yorkshire Police,South Yorkshire Police,-1.489178,53.388737,On or near ADDY CLOSE,E01008072,Sheffield 026C,Offender given a caution
6dd961048ee75e73ae1deb84bd0b1cdc637fda9f2f5f7e8f3e578b8f0885a4ab,2021-03,South Yorkshire Police,South Yorkshire Police,-1.030705,53.601223,On or near MEADOW LANE,E01007626,Doncaster 004B,Suspect charged
6dd961048ee75e73ae1deb84bd0b1cdc637fda9f2f5f7e8f3e578b8f0885a4ab,2021-03,South Yorkshire Police,South Yorkshire Police,-1.030705,53.601223,On or near MEADOW LANE,E01007626,Doncaster 004B,Suspect charged
fb33028c7d39f10e983b441515f2be773641f93c9880b17708435bee2ebed31d,2021-03,South Yorkshire Police,South Yorkshire Police,-1.361811,53.473022,On or near CENTRAL DRIVE,E01007779,Rotherham 005B,Unable to prosecute suspect
749083f7d547390cdd94c062076420c1989b5889864601e4f48b812cc52bf70d,2021-03,South Yorkshire Police,South Yorkshire Police,-1.249808,53.394530,On or near THE CRESCENT END,E01007810,Rotherham 026C,Unable to prosecute suspect
af688187ff0148130d57b28dc93aac60d1702d8449b0df0a4f12d6d6815b9830,2021-03,South Yorkshire Police,South Yorkshire Police,-1.484172,53.330154,On or near HUMPHREY ROAD,E01007823,Sheffield 069A,Unable to prosecute suspect
96039f7aac01c50b82176610fd0879d1cf779fb5e96d6f494ceeb8eb9d1c3185,2021-03,South Yorkshire Police,South Yorkshire Police,-1.034983,53.595873,On or near Sports/Recreation Area,E01007626,Doncaster 004B,Unable to prosecute suspect
6f6a4af6845a2453a055b0e0fbc4cffc8a15fab856cfa2baacf5370e8c0c63d0,2021-03,South Yorkshire Police,South Yorkshire Police,-1.485243,53.385943,On or near FINLAY STREET,E01008065,Sheffield 026A,Investigation complete; no suspect identified
ad3882ceece1a266f82d5ad814580a25a4f136ab0b053cb6d49457a8867ef13b,2021-03,South Yorkshire Police,South Yorkshire Police,-1.479028,53.414733,On or near MORGAN AVENUE,E01007945,Sheffield 015B,Unable to prosecute suspect
1cee6ae1061efa3ac3ec4f77a49997fedb858b3b41c713eed0d384e88a3c1aa7,2021-03,South Yorkshire Police,South Yorkshire Police,-1.479028,53.414733,On or near MORGAN AVENUE,E01007945,Sheffield 015B,Offender given a caution
85e75775ea32165ba37ba934f2239d787eab57ac6e81b600cb15accd05e8de1f,2021-03,South Yorkshire Police,South Yorkshire Police,-1.188878,53.554688,On or near MARKET STREET,E01007507,Doncaster 009G,Suspect charged
baee7a04b93fecb5c3c43c1878f1f414b5d68d02311b563ffa1ca61974cd4864,2021-03,South Yorkshire Police,South Yorkshire Police,-1.367637,53.430690,On or near ORCHARD PLACE,E01007716,Rotherham 016B,Investigation complete; no suspect identified
9d1bfb44e834b385a6241efdb85b0b07e0ab3ecbe49273c8f8b06e26d698e2b9,2021-03,South Yorkshire Police,South Yorkshire Police,-0.945859,53.631903,On or near GAINFORD SQUARE,E01007632,Doncaster 001A,Investigation complete; no suspect identified
b25096347ad427c3fc0ab9ea8bec013b76fe3c8d91d42f4d3e80c2af25f102be,2021-03,South Yorkshire Police,South Yorkshire Police,-1.487022,53.385510,On or near ST STEPHEN'S WALK,E01008068,Sheffield 026B,Investigation complete; no suspect identified
7490913086c35b82fc3d78c8a102ba9572e5a653255277ad313bdbd0c518614a,2021-03,South Yorkshire Police,South Yorkshire Police,-1.403307,53.447925,On or near FOX CLOSE,E01007804,Rotherham 011B,Investigation complete; no suspect identified
56fd8db3bfe56f94ee507e61ad66112512fa4dea0ebc6236217e4295e6c3690f,2021-03,South Yorkshire Police,South Yorkshire Police,-1.403307,53.447925,On or near FOX CLOSE,E01007804,Rotherham 011B,Investigation complete; no suspect identified
654f3fbe07104d286983153b0803f52c9b1abff1fd3cfb7fd04a0b5a9828a8fb,2021-03,South Yorkshire Police,South Yorkshire Police,-1.439377,53.555917,On or near HARWOOD TERRACE,E01007403,Barnsley 011C,Unable to prosecute suspect
8e579ea5cf70994d7f88abaec624ac788bbdba04c98233f3ede5e4e12856b3b0,2021-03,South Yorkshire Police,South Yorkshire Police,-1.363591,53.510101,On or near MOORLAND VIEW,E01007693,Rotherham 001A,Unable to prosecute suspect
3777e7646f0418ddd20d723e5962ee482772b79de06b1cb479b25aede6973537,2021-03,South Yorkshire Police,South Yorkshire Police,-1.447637,53.544099,On or near BIRK HOUSE LANE,E01007320,Barnsley 018C,Offender given a caution
d5f03c2b0fd06a9ac1b4b507406a8b4340e62b026324cac601a1ad55dace577a,2021-03,South Yorkshire Police,South Yorkshire Police,-1.405388,53.525363,On or near VICTORIA ROAD,E01007448,Barnsley 023B,Unable to prosecute suspect
32c5a0c5ca51e105cd141d983934c4c0749b725bb9bf61cfd8d5314b8445dea9,2021-03,South Yorkshire Police,South Yorkshire Police,-1.429470,53.375271,On or near Supermarket,E01008015,Sheffield 039D,Unable to prosecute suspect
caf071a26612d4cca2adac8f6d93d4dff6a4913a0eafa2a676b6e800ef6b29ba,2021-03,South Yorkshire Police,South Yorkshire Police,-1.511186,53.365494,On or near LOUTH ROAD,E01007935,Sheffield 047C,Investigation complete; no suspect identified
70ac6b8f63ca3ce012d00e4d923119bc892ae1e570a338535de6e6cc47282540,2021-03,South Yorkshire Police,South Yorkshire Police,-1.295876,53.494360,On or near MAIN STREET,E01007577,Doncaster 031F,Unable to prosecute suspect
feb57f3a46984496b0273b9069e0d0665b5eae2390ef449418ff7d2cf1f71ce0,2021-03,South Yorkshire Police,South Yorkshire Police,-1.071651,53.504263,On or near ASKRIGG CLOSE,E01007522,Doncaster 024A,Unable to prosecute suspect
fd27ba1b8c24a78c95f2f7511faa64bd8b591a4046e2ec78756871e8cbaca73d,2021-03,South Yorkshire Police,South Yorkshire Police,-1.482117,53.358496,On or near SHELDON ROAD,E01008113,Sheffield 042E,Suspect charged
2500e35edeabf65c083d0a77676ba6144e3dbefef9785706864452d1a0ec8ef5,2021-03,South Yorkshire Police,South Yorkshire Police,-1.230149,53.486413,On or near STATION ROAD,E01007536,Doncaster 032A,Unable to prosecute suspect
67ddf0ceda53983af48906e57f6c0375a4f42dfd08f6bf9df6975ce324dab69e,2021-03,South Yorkshire Police,South Yorkshire Police,-1.479363,53.431642,On or near Supermarket,E01008117,Sheffield 009D,Investigation complete; no suspect identified
f5179be0496b722b6457a5fa8d279085a05d2a0064a4dcff7940e246327fbdd5,2021-03,South Yorkshire Police,South Yorkshire Police,-1.479363,53.431642,On or near Supermarket,E01008117,Sheffield 009D,Investigation complete; no suspect identified
83f84f72494ef4ed23c8803a58cc673bc0178109b40391a948f2299f8df24d54,2021-03,South Yorkshire Police,South Yorkshire Police,-1.396248,53.362739,On or near STRADBROKE PLACE,E01007967,Sheffield 045B,Unable to prosecute suspect
198fc7d1d314a4845cf138089277d0ee0c127484108dce6dbaae3feec7f2dc21,2021-03,South Yorkshire Police,South Yorkshire Police,-1.159411,53.612649,On or near AVENUE ROAD,E01007491,Doncaster 002E,Local resolution
e52eecd5980eda02dbfd8ca5c3c2c3a1790b3c94282c98878405f1a0d8cdc176,2021-03,South Yorkshire Police,South Yorkshire Police,-1.381456,53.511426,On or near GARDEN DRIVE,E01007694,Rotherham 001B,Investigation complete; no suspect identified
b6f93140b7543018054952c046e4a9e68d6e57478f8c5e3bcbfa9ac66e43ff33,2021-03,South Yorkshire Police,South Yorkshire Police,-1.370392,53.355208,On or near SKELTON CLOSE,E01007970,Sheffield 049D,Unable to prosecute suspect
983b95e37c60f412c0479049816d7ff369e2959a09ae4d95b22d5f9ff592d050,2021-03,South Yorkshire Police,South Yorkshire Police,-1.381456,53.511426,On or near GARDEN DRIVE,E01007694,Rotherham 001B,Investigation complete; no suspect identified
f6a2656a98f9d65831d2dbbf8138ef84b1cf105432e5f45f8ee880e0972c5f2c,2021-03,South Yorkshire Police,South Yorkshire Police,-1.146745,53.513541,On or near GRESLEY ROAD,E01007533,Doncaster 023C,Suspect charged
f6a2656a98f9d65831d2dbbf8138ef84b1cf105432e5f45f8ee880e0972c5f2c,2021-03,South Yorkshire Police,South Yorkshire Police,-1.146745,53.513541,On or near GRESLEY ROAD,E01007533,Doncaster 023C,Suspect charged
67c44909bd7fb55b4cf5362ddfe0f39a8b3ffa1bc9d698ad817efded5edee8a1,2021-03,South Yorkshire Police,South Yorkshire Police,-1.199017,53.566153,On or near EAST AVENUE,E01007466,Doncaster 009C,Local resolution
5e2243510041a475630328a031ea377000ee0c4474cf152c722d37a765d6a642,2021-03,South Yorkshire Police,South Yorkshire Police,-1.199017,53.566153,On or near EAST AVENUE,E01007466,Doncaster 009C,Local resolution
204e2f9567b5ce84b1f51849c4a301b2ed009ae7ff8ff18a8194513802e0e6a5,2021-03,South Yorkshire Police,South Yorkshire Police,-1.446244,53.407835,On or near RUSHBY STREET,E01007944,Sheffield 022F,Unable to prosecute suspect
58b4b90dcdeb44e8608fbe9ba80797bdb5431df413bdd10add9d88a00261a714,2021-03,South Yorkshire Police,South Yorkshire Police,,,No location,,,Local resolution
b4e5e741ea4338ee30476d974077af3efa30c25379b66da21a2d0714f593f94f,2021-03,South Yorkshire Police,South Yorkshire Police,-1.449215,53.567863,On or near ELM PLACE,E01007406,Barnsley 009E,Offender given a caution
b4e5e741ea4338ee30476d974077af3efa30c25379b66da21a2d0714f593f94f,2021-03,South Yorkshire Police,South Yorkshire Police,-1.449215,53.567863,On or near ELM PLACE,E01007406,Barnsley 009E,Offender given a caution
b4e5e741ea4338ee30476d974077af3efa30c25379b66da21a2d0714f593f94f,2021-03,South Yorkshire Police,South Yorkshire Police,-1.449215,53.567863,On or near ELM PLACE,E01007406,Barnsley 009E,Offender given a caution
62a89a3b094587d735212e4450f322aa5c13cfb6ff44e1e474207028b9e97d35,2021-03,South Yorkshire Police,South Yorkshire Police,-1.449215,53.567863,On or near ELM PLACE,E01007406,Barnsley 009E,Offender given a caution
b92e1a7bac001cb347e2ec8c6bfb87ff913822c571212a2eddf6a900c09edbb3,2021-03,South Yorkshire Police,South Yorkshire Police,-1.006111,53.441668,On or near PILGRIM RISE,E01007609,Doncaster 038B,Unable to prosecute suspect
c8454f69a34a3f853c6e178451c7ecbca6a26d470ddae3a33bba7f864418b610,2021-03,South Yorkshire Police,South Yorkshire Police,-1.434204,53.365110,On or near WULFRIC CLOSE,E01008012,Sheffield 039B,Unable to prosecute suspect
3f2c889e59a628bb8ffc7f95b0807631a3353e3b198976a69eb65b6d79dcdcc9,2021-03,South Yorkshire Police,South Yorkshire Police,-1.464359,53.384745,On or near WAINGATE,E01033268,Sheffield 075G,Unable to prosecute suspect
3fda90777e3196648383e267617dd47cc6fa941cd66fb316c08019d934ee7563,2021-03,South Yorkshire Police,South Yorkshire Police,-1.386207,53.505087,On or near LYNTHWAITE CLOSE,E01007695,Rotherham 001C,Investigation complete; no suspect identified
edb7c5a5f44d6332fa244d76eecddb3b6e039065ab462959404a9146ab379392,2021-03,South Yorkshire Police,South Yorkshire Police,-1.350711,53.335399,On or near MIDDLECLIFF RISE,E01008039,Sheffield 065F,Offender given a caution
069f20e2892f55924912452a3b95f7179d682fee879492e8c7e30f25a917a58c,2021-03,South Yorkshire Police,South Yorkshire Police,-0.975170,53.617416,On or near LYNDHURST CLOSE,E01007640,Doncaster 003E,Investigation complete; no suspect identified
9f16c7790f448ebcd9a527d43fc4f5f76ae741f36526a977b606634144e09e99,2021-03,South Yorkshire Police,South Yorkshire Police,-1.066818,53.573285,On or near FAIRVIEW COURT,E01007630,Doncaster 007E,Unable to prosecute suspect
1b4d8d783abb08771ffb47495fe48f44455c1c3afd065a8b9dfd76e9e8481fc5,2021-03,South Yorkshire Police,South Yorkshire Police,-1.148256,53.552518,On or near HUNTINGTON STREET,E01007509,Doncaster 010C,Unable to prosecute suspect
44e699c6c704c40f9bcba0fb225960c682da750fdba1784dc6f27847e3526e15,2021-03,South Yorkshire Police,South Yorkshire Police,-1.464192,53.412394,On or near LONGLEY DRIVE,E01007941,Sheffield 015A,Unable to prosecute suspect
9d6cf988b59fecfe45265599da22575f6fa653781ad15a89090e092ec5932820,2021-03,South Yorkshire Police,South Yorkshire Police,-0.971842,53.605064,On or near KIRTON LANE,E01007640,Doncaster 003E,Suspect charged
7b5ae8b214cf3c50845a3c8f364974e842b3dd24aac557d3222f0997461b39e4,2021-03,South Yorkshire Police,South Yorkshire Police,-1.466401,53.573604,On or near HIGHFIELD AVENUE,E01007326,Barnsley 007D,Unable to prosecute suspect
a76dce2bbe956cfbbac34dfcfd08f766a02d77f285f0289949cc5649d61ddf17,2021-03,South Yorkshire Police,South Yorkshire Police,-1.316490,53.438480,On or near BRADSTONE ROAD,E01007723,Rotherham 013A,Unable to prosecute suspect
79840cfdefc3a04ccf1affb558af4302d39955e40cd0dcb0dd31050814d9d38b,2021-03,South Yorkshire Police,South Yorkshire Police,-1.088899,53.533842,On or near HUNTINGDON ROAD,E01007566,Doncaster 018C,Action to be taken by another organisation
7f4e5347dd31923bc40171e8d93886d817b17b3ec14de58d40749c8f14880e96,2021-03,South Yorkshire Police,South Yorkshire Police,-1.364680,53.325065,On or near QUEEN STREET,E01008025,Sheffield 072D,Unable to prosecute suspect
69bd9493244e386a7352d26197069436133c3c6cdd209b4e6a5abbb206652bc8,2021-03,South Yorkshire Police,South Yorkshire Police,-1.456042,53.409750,On or near Hospital,E01007942,Sheffield 020D,Unable to prosecute suspect
dcea7a44f5c37372328208556c74a06af994ba617991d6ae61b79b3a9db19c15,2021-03,South Yorkshire Police,South Yorkshire Police,-1.303200,53.531211,On or near ALBERT ROAD,E01007369,Barnsley 022A,Investigation complete; no suspect identified
a8fb2544aaaeede527bc6cce432f94e56579120ddf835a72963452afb7836c69,2021-03,South Yorkshire Police,South Yorkshire Police,-1.443907,53.574202,On or near FORMBY COURT,E01007406,Barnsley 009E,Unable to prosecute suspect
7c1706fe792dc598da1f19b85e01e9be31d7407bd9936cf80e36a1c70d2c894b,2021-03,South Yorkshire Police,South Yorkshire Police,-1.303200,53.531211,On or near ALBERT ROAD,E01007369,Barnsley 022A,Investigation complete; no suspect identified
695efc92e234b7202d70711112b672a69e86f205a6a40330f9642d6e1426e40f,2021-03,South Yorkshire Police,South Yorkshire Police,-1.102471,53.516300,On or near Supermarket,E01007526,Doncaster 025D,Investigation complete; no suspect identified
516ce4754c15c48e1c4b65dd0ec6f84d3609d932b69997d01e9ef74deb23f08c,2021-03,South Yorkshire Police,South Yorkshire Police,-1.310550,53.436208,On or near LANGLEY CLOSE,E01007723,Rotherham 013A,Unable to prosecute suspect
5aba4cff42a3b145b10aad9cdecfabb99420079c72fa1c5843ceff866c51c2c6,2021-03,South Yorkshire Police,South Yorkshire Police,-1.474304,53.387792,On or near WARD STREET,E01033263,Sheffield 073C,Unable to prosecute suspect
b1d9c653c0dd0a8403f3faa2b6c742af5c2080c56ecdae980d7f41ec2b1f6b42,2021-03,South Yorkshire Police,South Yorkshire Police,-1.534422,53.584206,On or near CHURCHFIELD LANE,E01007386,Barnsley 005E,Unable to prosecute suspect
5187eb5ea342bd27b1d72a323afbdbcdf6ea849b43737b74774303b2f6b67314,2021-03,South Yorkshire Police,South Yorkshire Police,-1.180610,53.585768,On or near BORROWDALE CLOSE,E01007472,Doncaster 005D,Unable to prosecute suspect
15eb0a527420ac423ffe0a4a7cd764ae947993e76f3c0cf08fe68777de1d1940,2021-03,South Yorkshire Police,South Yorkshire Police,-1.336306,53.485459,On or near WARREN VALE ROAD,E01007818,Rotherham 003F,Unable to prosecute suspect
8e2873bb14d1cd71f7092c49790e4353eedd258acfc13965c0bc7d1fd117fb86,2021-03,South Yorkshire Police,South Yorkshire Police,-1.326879,53.356328,On or near CHESTERFIELD ROAD,E01007665,Rotherham 027A,Investigation complete; no suspect identified
48f81ab9cd94dc01a23961c91b2c58cfc55517084c204753642b9b8590e6e2d0,2021-03,South Yorkshire Police,South Yorkshire Police,-1.344908,53.428905,On or near PARKFIELD ROAD,E01007767,Rotherham 017C,Unable to prosecute suspect
a0d81d6ec40d85030a9d9ef25b18fd1a4d60ada1028615bda0d7371a885bc460,2021-03,South Yorkshire Police,South Yorkshire Police,-1.438667,53.569639,On or near MONK TERRACE,E01007344,Barnsley 011A,Unable to prosecute suspect
af8401a1d9d44a949f082b0fc92e3b61faa2d4d44dd0c70ebaf066c9a529ef58,2021-03,South Yorkshire Police,South Yorkshire Police,-1.565433,53.504614,On or near CHURCHFIELDS,E01007423,Barnsley 027C,Investigation complete; no suspect identified
b18c4ab28ebc5911f07ad2755a0920b2f9726d48837f564afa7a92022aae3706,2021-03,South Yorkshire Police,South Yorkshire Police,-1.025592,53.585712,On or near ST. EDWIN REACH,E01007563,Doncaster 006F,Unable to prosecute suspect
bf3df8ff1bdd4f35885ce0bd29b323941f8dfe07d37f44dc3a1adad7bac65ac0,2021-03,South Yorkshire Police,South Yorkshire Police,-1.412964,53.531638,On or near BARNWELL CRESCENT,E01007450,Barnsley 023D,Investigation complete; no suspect identified
313de66c705607a607179b05cb918c47f63aafdf588ac191ba8eaf27056f852c,2021-03,South Yorkshire Police,South Yorkshire Police,-1.473630,53.544792,On or near COPE STREET,E01007338,Barnsley 017A,Unable to prosecute suspect
7dc87c4c12ddab8c2ed47eefddff5c0e1814cc8aecac4a0a66d3585cf48aaab4,2021-03,South Yorkshire Police,South Yorkshire Police,-1.442224,53.365498,On or near BRIMMESFIELD DRIVE,E01008097,Sheffield 043C,Unable to prosecute suspect
c91f46fedf870105c2a90f97c49503aa9f7f7c3e2b4320107a84240efa289b4a,2021-03,South Yorkshire Police,South Yorkshire Police,-1.473630,53.544792,On or near COPE STREET,E01007338,Barnsley 017A,Unable to prosecute suspect
9818a9c3cf503c9efaf338fabdc3ae607afce9a8b00d4d031e7d0776bd92cc83,2021-03,South Yorkshire Police,South Yorkshire Police,-1.369734,53.504641,On or near BRAMPTON ROAD,E01007695,Rotherham 001C,Investigation complete; no suspect identified
2624f6a8ca7e9d79e011bb2fa4ac38218199abbc7089844222d8d893d1154a92,2021-03,South Yorkshire Police,South Yorkshire Police,-1.252759,53.487860,On or near DALTON COURT,E01007544,Doncaster 032D,Investigation complete; no suspect identified
1c53543a75754290ba5375e08abc839931d0f2cecbff3252df19c36bc28dd45e,2021-03,South Yorkshire Police,South Yorkshire Police,-1.569505,53.371858,On or near HARLECH GROVE,E01007956,Sheffield 041B,Unable to prosecute suspect
fbef42a9486ca91fe0f46dd153c23d0c67ac1ec7aecbcb7c4e03e7551de1afac,2021-03,South Yorkshire Police,South Yorkshire Police,-1.191269,53.483109,On or near GORDON ROAD,E01007547,Doncaster 034B,Suspect charged
fbef42a9486ca91fe0f46dd153c23d0c67ac1ec7aecbcb7c4e03e7551de1afac,2021-03,South Yorkshire Police,South Yorkshire Police,-1.191269,53.483109,On or near GORDON ROAD,E01007547,Doncaster 034B,Suspect charged
be30eeb6512ba064bb48012ea734e4a6cf6f29eed7f9e5bde5bbf5cc87e33df7,2021-03,South Yorkshire Police,South Yorkshire Police,-1.507146,53.587791,On or near NEW STREET,E01007357,Barnsley 004B,Unable to prosecute suspect
be30eeb6512ba064bb48012ea734e4a6cf6f29eed7f9e5bde5bbf5cc87e33df7,2021-03,South Yorkshire Police,South Yorkshire Police,-1.507146,53.587791,On or near NEW STREET,E01007357,Barnsley 004B,Unable to prosecute suspect
10b4e36798b4e4abc7e1e98cd25f0f45e321ebbd753c4b1a40fb858435489715,2021-03,South Yorkshire Police,South Yorkshire Police,-1.079188,53.507845,On or near EWOOD DRIVE,E01007524,Doncaster 025C,Unable to prosecute suspect
b1fc868b4f2fb1dd28b38b2649dcfee685808b0dbe11b5a6bd4f6ec46c49cbc2,2021-03,South Yorkshire Police,South Yorkshire Police,-1.191269,53.483109,On or near GORDON ROAD,E01007547,Doncaster 034B,Suspect charged
b1fc868b4f2fb1dd28b38b2649dcfee685808b0dbe11b5a6bd4f6ec46c49cbc2,2021-03,South Yorkshire Police,South Yorkshire Police,-1.191269,53.483109,On or near GORDON ROAD,E01007547,Doncaster 034B,Suspect charged
f6e9116496d2864168be774821460dfb430af17024fd2d6759458774b3ca0ce7,2021-03,South Yorkshire Police,South Yorkshire Police,-1.376696,53.369066,On or near HANDSWORTH GRANGE ROAD,E01007971,Sheffield 037C,Investigation complete; no suspect identified
31571cc091d611b010b95a391aa3ff6c5c63acf21262c4be1676fc53f59baeb4,2021-03,South Yorkshire Police,South Yorkshire Police,-1.417568,53.347502,On or near JAUNTY WAY,E01007843,Sheffield 062C,Further action is not in the public interest
b73f689c5809de1057a5af8e1c5d0fce3a0b6c6fa7ab9e36ad7ba0f9a89ccea1,2021-03,South Yorkshire Police,South Yorkshire Police,-1.452092,53.423314,On or near HATFIELD HOUSE LANE,E01008062,Sheffield 013E,Unable to prosecute suspect
765f0d415198e7b15948f0df0d52aeb23c883e5af577d336409a5a82a88d061d,2021-03,South Yorkshire Police,South Yorkshire Police,-1.251729,53.483872,On or near HILLTOP GARDENS,E01007544,Doncaster 032D,Unable to prosecute suspect
592df5ab8d4e13d11ee37013b8b0ddfdd22d2ecdba7a41a372a844d1357ffea6,2021-03,South Yorkshire Police,South Yorkshire Police,-1.495806,53.471730,On or near HURST GREEN,E01007892,Sheffield 003B,Unable to prosecute suspect
110754735d08dd31f64980eae7ce8d68a90e4de6aba8bb39a59d019aba556422,2021-03,South Yorkshire Police,South Yorkshire Police,-1.396621,53.364009,On or near RAVENSCROFT ROAD,E01007967,Sheffield 045B,Unable to prosecute suspect
7109fed0b747240476e5d310ee4a921a45600214e154795cf0c8291d0cf2fd8c,2021-03,South Yorkshire Police,South Yorkshire Police,-0.953688,53.633311,On or near BLOOMHILL COURT,E01007632,Doncaster 001A,Investigation complete; no suspect identified
ceb4ecd00e7cda2c1bc424c8992233f1ee7080872ed4fa69650fcb5ca9f652b9,2021-03,South Yorkshire Police,South Yorkshire Police,-1.222604,53.446526,On or near BACK LANE,E01007613,Doncaster 033D,Local resolution
fd6e4db778db1a0080e838513d8df7d01f1265006dc13a82b5dbab5da75f8ad4,2021-03,South Yorkshire Police,South Yorkshire Police,-1.424309,53.401332,On or near AMBERLEY STREET,E01007904,Sheffield 018B,Investigation complete; no suspect identified
9d21c5abdbec521ccebb417ce4ab61747fc92b482b64308d6e9987014fbe53b0,2021-03,South Yorkshire Police,South Yorkshire Police,-1.468606,53.318913,On or near BOWSHAW CLOSE,E01008084,Sheffield 070D,Unable to prosecute suspect
67ed681cab9368f5a7ca23cf36fd376d7a9bfee43da39b7260e0260d402b6a1b,2021-03,South Yorkshire Police,South Yorkshire Police,-1.201349,53.562610,On or near ROMAN RIDGE,E01007466,Doncaster 009C,Local resolution
afc44510938bd458fd7fc51f3b59cad289d1d09284813604c18ad9f285905f98,2021-03,South Yorkshire Police,South Yorkshire Police,-1.414312,53.375773,On or near Pedestrian Subway,E01008017,Sheffield 039E,Investigation complete; no suspect identified
049424fa1aaa90747b652553c312270e7ae02cf26b85f4cde2857ede58faf2e7,2021-03,South Yorkshire Police,South Yorkshire Police,-1.452092,53.423314,On or near HATFIELD HOUSE LANE,E01008062,Sheffield 013E,Unable to prosecute suspect
8cbca5fd1c3efb789ee4b0694a824b072c525237116424fb9a3495ffe3b57358,2021-03,South Yorkshire Police,South Yorkshire Police,-1.452092,53.423314,On or near HATFIELD HOUSE LANE,E01008062,Sheffield 013E,Unable to prosecute suspect
26e3a8b0a6f28b5eb4a2653db997061f0bac3b4b4bef9becff762c0a3a6ceaa8,2021-03,South Yorkshire Police,South Yorkshire Police,-1.344541,53.459590,On or near HIGH STREET,E01007783,Rotherham 008C,Investigation complete; no suspect identified
7d3962f2f7f3b3edc58a6ceb409ddda73e5749e9fcf19159a010559927c469dc,2021-03,South Yorkshire Police,South Yorkshire Police,-1.343203,53.504346,On or near MOOR ROAD,E01007820,Rotherham 002D,Unable to prosecute suspect
cc7e3c9aa7c851ae155e7058f21e4a50ebcc9e8c4fd725ed8e6580e41d1a4ce2,2021-03,South Yorkshire Police,South Yorkshire Police,-1.303200,53.531211,On or near ALBERT ROAD,E01007369,Barnsley 022A,Investigation complete; no suspect identified
a8f0a5ef80fad4003efdbaab956ac402a592f019b8b4c97d63dfe4eaf994663d,2021-03,South Yorkshire Police,South Yorkshire Police,-1.143073,53.531124,On or near RIVIERA PARADE,E01007517,Doncaster 013D,Unable to prosecute suspect
28d190f75a605fec1b91b244d95340fec2f3d17c2cf98574b8dc4b39558ccf32,2021-03,South Yorkshire Police,South Yorkshire Police,-1.471021,53.384631,On or near SILVER STREET,E01033262,Sheffield 073B,Unable to prosecute suspect
de703889aa562bda2c9bddea1ba6d2c37d06897efb51f91b13c11997c7c3e49a,2021-03,South Yorkshire Police,South Yorkshire Police,-1.415980,53.369157,On or near VIKINGLEA CLOSE,E01008011,Sheffield 039A,Unable to prosecute suspect
92cb0c1c3638aecc10d185e3b84c1e552cd002c979d5e05d7a824e8a8a760165,2021-03,South Yorkshire Police,South Yorkshire Police,-1.289317,53.503498,On or near ARNOLD CRESCENT,E01007572,Doncaster 031B,Unable to prosecute suspect
5a232bf239ae05087be49c27ab7d5e80d497aa9141db92ffaff5a1db32d41911,2021-03,South Yorkshire Police,South Yorkshire Police,-1.330130,53.464202,On or near CLAY PIT LANE,E01007774,Rotherham 006D,Investigation complete; no suspect identified
921a8a113c8d788ffbc2b065a43b80310dae06d77307dfea1d3293b583489a18,2021-03,South Yorkshire Police,South Yorkshire Police,-1.334441,53.500666,On or near SANDYMOUNT ROAD,E01007820,Rotherham 002D,Unable to prosecute suspect
f7ca514002e467cf7a619e577608819d0aa830960943acc97ea911104f7d8ad4,2021-03,South Yorkshire Police,South Yorkshire Police,-1.092022,53.532419,On or near CARDIGAN ROAD,E01007566,Doncaster 018C,Unable to prosecute suspect
217a6bec193ed0bba0caca23225a7376b42e9e36acb20f0b5d66bc6e7116fcc7,2021-03,South Yorkshire Police,South Yorkshire Police,-1.318418,53.532449,On or near BARNSLEY ROAD,E01007376,Barnsley 022D,Unable to prosecute suspect
4fdaa087e82aa5ee6216efaddf7298945302edcdf832bacda53eac0a98dcf4fa,2021-03,South Yorkshire Police,South Yorkshire Police,-1.477141,53.581947,On or near LINBY ROAD,E01007325,Barnsley 007C,Unable to prosecute suspect
c347ddc4667259d680c58e9fac7e628be02fd0ca8dfaf1c2065c348f80d601d4,2021-03,South Yorkshire Police,South Yorkshire Police,-1.454016,53.414100,On or near CALDER WAY,E01007947,Sheffield 013C,Unable to prosecute suspect
8ec73cbd17b84b77301c89ee08b576836c6c767de810484a2acc48dce7ae11f6,2021-03,South Yorkshire Police,South Yorkshire Police,-1.173023,53.346373,On or near PEAR TREE CLOSE,E01007664,Rotherham 032F,Local resolution
e1ea3bf44a09eaf5963cc0c1b84c1ec115cec94eac9e3685d28643392326a194,2021-03,South Yorkshire Police,South Yorkshire Police,-1.455385,53.394053,On or near DITCHINGHAM STREET,E01007874,Sheffield 022A,Investigation complete; no suspect identified
cb657ee70e0e6f612f772307212fd5c5a1b4cf0b2de96387d6cabfdf00f43044,2021-03,South Yorkshire Police,South Yorkshire Police,-1.346472,53.453488,On or near HOLM FLATT STREET,E01007784,Rotherham 008D,Unable to prosecute suspect
b2bada20e991a578f06ccc994ca4b19a0a6d65122e6349a702870ed8b5caa42d,2021-03,South Yorkshire Police,South Yorkshire Police,-1.354342,53.434017,On or near Pedestrian Subway,E01007714,Rotherham 017B,Investigation complete; no suspect identified
536a270ed0639415f32b55ef87de675493ba0cb4070ba9db7b437df7e5423373,2021-03,South Yorkshire Police,South Yorkshire Police,-1.473400,53.543838,On or near HORNBY STREET,E01007414,Barnsley 017D,Investigation complete; no suspect identified
502bb7f5c2b07fadb73c3bd66d7f45bdbf1c2fca8057da95282886954764398d,2021-03,South Yorkshire Police,South Yorkshire Police,-1.142485,53.469062,On or near OSBERTON STREET,E01007611,Doncaster 039A,Unable to prosecute suspect
269bfa5aabd4beefeec5a5a751cd7abd18ab7298bb75336f193f51df42b88818,2021-03,South Yorkshire Police,South Yorkshire Police,-1.529352,53.323437,On or near BUSHEY WOOD ROAD,E01007918,Sheffield 071C,Investigation complete; no suspect identified
e05a6b51d52b1d8220d13b336bb820afa1e6a3069ea478e3080ac3ec7da3877f,2021-03,South Yorkshire Police,South Yorkshire Police,-1.128191,53.516760,On or near CUNNINGHAM ROAD,E01007645,Doncaster 022E,Unable to prosecute suspect
c8e32c3de08ca6063fbc5d4dfd49b9016f20b38be452ca22edafef2c16f83cac,2021-03,South Yorkshire Police,South Yorkshire Police,-1.147149,53.516708,On or near MUTUAL STREET,E01007529,Doncaster 022A,Investigation complete; no suspect identified
f5b36dbee5075048c22f5311a7ed1d29336baf01ed50145a9306f3cc965ea487,2021-03,South Yorkshire Police,South Yorkshire Police,-1.323192,53.547164,On or near HOUGHTON ROAD,E01007374,Barnsley 014C,Local resolution
6e42306fb82f950fe030a52fed28202cbb14710e4136d1979b24170d25bfcccb,2021-03,South Yorkshire Police,South Yorkshire Police,-1.323192,53.547164,On or near HOUGHTON ROAD,E01007374,Barnsley 014C,Local resolution
abf64489df3c7cc79dc0e4a373a136910aaea0e1786826f59f4de1474aec3a85,2021-03,South Yorkshire Police,South Yorkshire Police,-1.546062,53.584772,On or near WINDSOR AVENUE,E01007359,Barnsley 005C,Unable to prosecute suspect
13b9d8741147f3d9d0c63755b70d4c5c9267fc0309fb49d00366442026d0efc5,2021-03,South Yorkshire Police,South Yorkshire Police,-1.108672,53.506126,On or near LAKESIDE BOULEVARD,E01007644,Doncaster 019A,Unable to prosecute suspect
535f8b2bebf4a5750fa0acb03028a248b95c43f5b5ae89cd75df70e47bf79ef4,2021-03,South Yorkshire Police,South Yorkshire Police,,,No location,,,Investigation complete; no suspect identified
56e93a3025cb9c59d542a43bf2dfae72d531b274a861db5ae80a3688637c91c6,2021-03,South Yorkshire Police,South Yorkshire Police,-1.126499,53.524963,On or near GLYN AVENUE,E01007648,Doncaster 019D,Unable to prosecute suspect
ae5e37a96805b6a46b5c94dfdbc4e19efcdf1c8b9905eec7c47a39cca0070ed5,2021-03,South Yorkshire Police,South Yorkshire Police,-1.391485,53.432315,On or near DYCOTT ROAD,E01007744,Rotherham 015D,Investigation complete; no suspect identified
f845f1e0c2bec356b64baff22b664e8addb019663d274d0f6afe4e31b8ae8f73,2021-03,South Yorkshire Police,South Yorkshire Police,-1.167383,53.518550,On or near INGLE GROVE,E01007618,Doncaster 021D,Unable to prosecute suspect
3f0998393d50f46d26e070f5ce47364310687ace9515c655879fcb91a2e95ca5,2021-03,South Yorkshire Police,South Yorkshire Police,-1.223093,53.345334,On or near LOCKWOOD AVENUE,E01007663,Rotherham 032E,Suspect charged
425b6885e5be5c3ff2b10031a982a280fc0b996ad33d8e328ad500c331bbd4d1,2021-03,South Yorkshire Police,South Yorkshire Police,-1.413507,53.580799,On or near PONTEFRACT ROAD,E01007343,Barnsley 003D,Unable to prosecute suspect
7358cb916c5946b190d3460f10a4df7cecc085a3b579b09973bfee666f958720,2021-03,South Yorkshire Police,South Yorkshire Police,-1.397622,53.375043,On or near RICHMOND PARK CRESCENT,E01007910,Sheffield 037A,Suspect charged
6eb162dfacbe125ff4f5c82496de39fceadfa29a72ef83016388a6445bba7b86,2021-03,South Yorkshire Police,South Yorkshire Police,-1.140942,53.491046,On or near PLANTATION ROAD,E01007502,Doncaster 028C,Investigation complete; no suspect identified
cc02a755d9e835f456d403d266b75ea6f9ef5663e7e1a22b934f2b2772f1e0eb,2021-03,South Yorkshire Police,South Yorkshire Police,-1.413196,53.585813,On or near THE GROVE,E01007342,Barnsley 003C,Unable to prosecute suspect
0d11661740633d3e7a368c423ee8f86be6480c723e8b4f142e928b83e58561e2,2021-03,South Yorkshire Police,South Yorkshire Police,-1.285654,53.429886,On or near FORRESTER CLOSE,E01007726,Rotherham 019F,Unable to prosecute suspect
b1041744e805b6b28ef0e151cea79572394e9b1906019a0a1c9ad446fab637f5,2021-03,South Yorkshire Police,South Yorkshire Police,-1.140942,53.491046,On or near PLANTATION ROAD,E01007502,Doncaster 028C,Unable to prosecute suspect
4b0fe733b4a70a980a64c3d66ceb2e765cc3649447ad627c33b35df9617e367d,2021-03,South Yorkshire Police,South Yorkshire Police,-1.590835,53.481369,On or near Supermarket,E01008144,Sheffield 001A,Unable to prosecute suspect
a2d8d2ca43d5b9a0906c0dc85442e2674fa4735426b484de28a362eb6105bc62,2021-03,South Yorkshire Police,South Yorkshire Police,-1.351980,53.426013,On or near GODSTONE ROAD,E01007680,Rotherham 023D,Unable to prosecute suspect
29caeff6bce5518f62ecae44901d6f9451525c08e9ea30b26577c9331c44d592,2021-03,South Yorkshire Police,South Yorkshire Police,-1.391485,53.432315,On or near DYCOTT ROAD,E01007744,Rotherham 015D,Investigation complete; no suspect identified
308e1ba957d3ddcc9d9eb4f8906f8cf7adf6d970d979bf912cc08aa034133c7a,2021-03,South Yorkshire Police,South Yorkshire Police,-1.391485,53.432315,On or near DYCOTT ROAD,E01007744,Rotherham 015D,Investigation complete; no suspect identified
f99f0b452ce378d3a2619db3e272b2ced4db1da918e14b78127187e015e5d53d,2021-03,South Yorkshire Police,South Yorkshire Police,-1.391485,53.432315,On or near DYCOTT ROAD,E01007744,Rotherham 015D,Investigation complete; no suspect identified
c81388495ba46d83b9946e935d7581d708e2b4b1ba42970d03907b038500eda9,2021-03,South Yorkshire Police,South Yorkshire Police,-1.420822,53.432173,On or near THUNDERCLIFFE ROAD,E01007746,Rotherham 015F,Investigation complete; no suspect identified
f249855c7f93d4286f5b79a0bec5af7d14a5e3eee05f09a4d54e72410020eeee,2021-03,South Yorkshire Police,South Yorkshire Police,-1.113811,53.520007,On or near GRANBY CRESCENT,E01007647,Doncaster 019C,Unable to prosecute suspect
66ea3953b3593dfe8dbcca2108ba24e9cedccb36e5424e40191164ab2e23406f,2021-03,South Yorkshire Police,South Yorkshire Police,-1.278691,53.338788,On or near WALESMOOR AVENUE,E01007747,Rotherham 031C,Unable to prosecute suspect
89aa2a1b4ba6f8a5f71c523b6463ed264f93e1c9a4a09d543d5994fa37582bd0,2021-03,South Yorkshire Police,South Yorkshire Police,-1.312793,53.477308,On or near HOLMOAK CLOSE,E01007795,Rotherham 004D,Unable to prosecute suspect
99d410ca26d86c212e6357c4c32c2efce76d1ba9ef34e29bca463f7a28d2391d,2021-03,South Yorkshire Police,South Yorkshire Police,-1.353526,53.383603,On or near ARUNDEL AVENUE,E01007701,Rotherham 027D,Suspect charged
d538f5cfe6642cdf2b37742f7285d43109665be42f7c150f8d72a8fa6f21fc6b,2021-03,South Yorkshire Police,South Yorkshire Police,-1.529845,53.370172,On or near STORTH LANE,E01007858,Sheffield 038A,Action to be taken by another organisation
fd0dbafcce9324147bfce1b98abb97e17b9b6efac9ac5412df15eccfbd032505,2021-03,South Yorkshire Police,South Yorkshire Police,-1.448913,53.374661,On or near INGRAM ROAD,E01007882,Sheffield 075D,Unable to prosecute suspect
cf92dfe459a97510b786caa9d806d62415aa6d235e9efb5c3adc4fa1de2b4b9b,2021-03,South Yorkshire Police,South Yorkshire Police,-1.124496,53.525533,On or near ST VINCENT AVENUE,E01007648,Doncaster 019D,Investigation complete; no suspect identified
295a63a049c5fb1e0326f167c38239a26dacb73f4bf0af439c291085cacefb9f,2021-03,South Yorkshire Police,South Yorkshire Police,-1.478822,53.422948,On or near MURDOCK ROAD,E01008122,Sheffield 012E,Action to be taken by another organisation
6a672c58d7eb6a6531dc38c853da515927f637bf1861e848319cff6b077914bc,2021-03,South Yorkshire Police,South Yorkshire Police,-1.472553,53.395712,On or near RUTLAND ROAD,E01033270,Sheffield 022H,Investigation complete; no suspect identified
b90e498d8086a04134c6b0d7cea774431cadc019ac3326cee678846390094488,2021-03,South Yorkshire Police,South Yorkshire Police,-1.085422,53.543263,On or near Supermarket,E01007656,Doncaster 015F,Investigation complete; no suspect identified
00e0471c1de0fe2d7cbe40c0555df3c2def2200b56f8faaa6dd3a8a7eec6c4d2,2021-03,South Yorkshire Police,South Yorkshire Police,-1.088217,53.545190,On or near Park/Open Space,E01007656,Doncaster 015F,Investigation complete; no suspect identified
ee85258849c056e2ac38d2de5c5b8034198c596b31651b7ff77c04a42d762958,2021-03,South Yorkshire Police,South Yorkshire Police,-1.480521,53.418084,On or near MOONSHINE LANE,E01008124,Sheffield 012F,Offender given a drugs possession warning
504d05f2852935d9efa0776b77cf66b91ce3f648f3a75f933c7465c39e8aa953,2021-03,South Yorkshire Police,South Yorkshire Police,-1.399032,53.412632,On or near SIEMENS CLOSE,E01007913,Sheffield 018C,Suspect charged
4a3d5ca63185af2ce9713aa5683f5213cc173378819108b76403137057acd7b3,2021-03,South Yorkshire Police,South Yorkshire Police,-1.138652,53.548979,On or near CENTURY GARDENS,E01007508,Doncaster 010B,Unable to prosecute suspect
e95a06ee9196755424791ea3e9021de4a8f0bb8f82f8198d839dd972ebad6bdf,2021-03,South Yorkshire Police,South Yorkshire Police,-1.138652,53.548979,On or near CENTURY GARDENS,E01007508,Doncaster 010B,Unable to prosecute suspect
b95be9e656cdf9e550c893fe00dab017d0752811b7af8350b6bc72052800c56f,2021-03,South Yorkshire Police,South Yorkshire Police,-1.430890,53.453695,On or near NEWTON PLACE,E01007801,Rotherham 007B,Unable to prosecute suspect
94b22deb452dcfd8048a63ad0cbc9423834618ac4982b8b0e1a826db4cc7ce68,2021-03,South Yorkshire Police,South Yorkshire Police,,,No location,,,Unable to prosecute suspect
898f60ebea2988e1b1933e0ca6e697a6d310f8ac93434d0f10417becb8e85d77,2021-03,South Yorkshire Police,South Yorkshire Police,-1.468143,53.421301,On or near ELM LANE,E01008123,Sheffield 015E,Investigation complete; no suspect identified
8403919217895eac8d42bf58e647d579553f789b68280bb100c016a3ebd0eea0,2021-03,South Yorkshire Police,South Yorkshire Police,-1.485251,53.428917,On or near WORDSWORTH CLOSE,E01008116,Sheffield 009C,Suspect charged
d68843994904dac5bd2a2e412fdecfa81873b0566cdbbad6c8eec6dd8b328293,2021-03,South Yorkshire Police,South Yorkshire Police,-1.427422,53.544679,On or near WINCHESTER WAY,E01007319,Barnsley 015A,Unable to prosecute suspect
8d00d386e341d4af4d856d99f8cd1b89a8c084888ecc7c79680d78e5400fc5ab,2021-03,South Yorkshire Police,South Yorkshire Police,-1.485251,53.428917,On or near WORDSWORTH CLOSE,E01008116,Sheffield 009C,Suspect charged
6029252b8ca217ca23d995b2b0f06782d76e7944721556079a7276dfdab063d6,2021-03,South Yorkshire Police,South Yorkshire Police,-1.370504,53.358831,On or near CROSS STREET,E01007964,Sheffield 049A,Investigation complete; no suspect identified
368cc49eb6ede5c93c6b8389ec67612182200fc7cb16be127c9d483eec20e8a0,2021-03,South Yorkshire Police,South Yorkshire Police,-1.347411,53.343040,On or near DRAKE HOUSE LANE WEST,E01008034,Sheffield 056D,Local resolution
4943832e55eb7f058dc33d5bed54b9d4ed6a936b2c6e6bd3b76d54e9af5efb30,2021-03,South Yorkshire Police,South Yorkshire Police,-1.347411,53.343040,On or near DRAKE HOUSE LANE WEST,E01008034,Sheffield 056D,Investigation complete; no suspect identified
fe8c05b574f3df056b602761709d812f7860c1fb9a631e6d581e22b1c2e1715b,2021-03,South Yorkshire Police,South Yorkshire Police,-1.363250,53.472509,On or near HAWKE CLOSE,E01007779,Rotherham 005B,Investigation complete; no suspect identified
23b7a5f35413239dc1a1c5f20eb7767e94195ac3c22cd09d467bb846f92ce517,2021-03,South Yorkshire Police,South Yorkshire Police,-1.419191,53.343069,On or near WHITE LANE,E01007846,Sheffield 062D,Unable to prosecute suspect
9ccc142b04605813be67111918d49f98c5e3cde7b85a458ddb04a1805e130ef3,2021-03,South Yorkshire Police,South Yorkshire Police,-1.143073,53.531124,On or near RIVIERA PARADE,E01007517,Doncaster 013D,Unable to prosecute suspect
018b60655d1040a95449c8f1cf2c1ea12de820adeaafe8bf48dd214061d20e19,2021-03,South Yorkshire Police,South Yorkshire Police,-1.330647,53.417931,On or near VERNON ROAD,E01007712,Rotherham 023E,Investigation complete; no suspect identified
aded9133d4347ca445bd2580e11387ef5f91e98ffda5ba2b648feeab568eb2b9,2021-03,South Yorkshire Police,South Yorkshire Police,,,No location,,,Unable to prosecute suspect
c9f90f1cb44800a1580c28626de63ce965e7ee3d898a25f9bbd023ee08a6ecaa,2021-03,South Yorkshire Police,South Yorkshire Police,-1.477166,53.556636,On or near ELDON STREET NORTH,E01007336,Barnsley 013A,Unable to prosecute suspect
e9780e4824193eaad09baf8ba1386a23a9adee879e87193779a39116705d5f53,2021-03,South Yorkshire Police,South Yorkshire Police,-1.432874,53.378164,On or near SEATON CRESCENT,E01008015,Sheffield 039D,Local resolution
59f7f084f867ccf5193dd7ace8b530d6f85ad62ff69c7742c6efb644d0ccdcc5,2021-03,South Yorkshire Police,South Yorkshire Police,-1.342573,53.414402,On or near Hospital,E01007678,Rotherham 023B,Suspect charged
1630060e98024aefc77fdb5df9a634ee6e9892cf4e6c499f0bd5f93b3fa35702,2021-03,South Yorkshire Police,South Yorkshire Police,-1.300382,53.545693,On or near TUDOR STREET,E01007373,Barnsley 014B,Unable to prosecute suspect
00883a7a201d0abd8f79d59d7863561a23415a753dc0248c74e47e4f830d3151,2021-03,South Yorkshire Police,South Yorkshire Police,-1.444122,53.410217,On or near WILLOUGHBY STREET,E01007944,Sheffield 022F,Further investigation is not in the public interest
1a0f56a0576a41197a1d26b0accd615644837394c96c1459d306f11d578ca1e0,2021-03,South Yorkshire Police,South Yorkshire Police,,,No location,,,Unable to prosecute suspect
ee26a0e64bdaf6ad91ab40f8406a247e3eb3c71f2af8747d45caf978ab8d9004,2021-03,South Yorkshire Police,South Yorkshire Police,-1.324278,53.362192,On or near BEDALE CLOSE,E01007671,Rotherham 031A,Suspect charged
e499dc88d707822936de99125a6c098cef6749477970d23a237a3194df91ff66,2021-03,South Yorkshire Police,South Yorkshire Police,-1.342573,53.414402,On or near Hospital,E01007678,Rotherham 023B,Suspect charged
6db62ed4e467b0895f48acadec68f3d3164e1e540896d38b1bdfc6651a1feb3a,2021-03,South Yorkshire Police,South Yorkshire Police,-1.342573,53.414402,On or near Hospital,E01007678,Rotherham 023B,Suspect charged
9702213f9e25b373203cad4460070af8d6592ee03133d84fbf7a93d300530fcb,2021-03,South Yorkshire Police,South Yorkshire Police,-1.355568,53.433592,On or near WATER STREET,E01007714,Rotherham 017B,Suspect charged
6d3358d034b0336b19a1ad38d368566535ff5540dffd97db01e4b53398a9745b,2021-03,South Yorkshire Police,South Yorkshire Police,-1.149983,53.532611,On or near Petrol Station,E01007517,Doncaster 013D,Investigation complete; no suspect identified
1b6e55eec9a16a41ba4dd67aacd16348f483e1d3977d216e2bd39d5d0331f411,2021-03,South Yorkshire Police,South Yorkshire Police,-1.459404,53.390188,On or near SPITAL HILL,E01033270,Sheffield 022H,Investigation complete; no suspect identified
44cc5fa3209f646e969533725f7b822e0796d15a0c94cda5cf8bb1dc06b151a8,2021-03,South Yorkshire Police,South Yorkshire Police,-1.396275,53.416070,On or near NEWMARCH STREET,E01007913,Sheffield 018C,Investigation complete; no suspect identified
1bab948e89b3882699a2295d89a073d9a2393939f59028e0c2ac01dedf64e943,2021-03,South Yorkshire Police,South Yorkshire Police,-1.297488,53.343745,On or near CRICKET FIELD LANE,E01007750,Rotherham 031D,Investigation complete; no suspect identified
d7e963ed29c9feb94ae45c029621333c860c6fbab0dff2cfeae63577987832c6,2021-03,South Yorkshire Police,South Yorkshire Police,-1.466553,53.384836,On or near SNIG HILL,E01033264,Sheffield 073D,Further investigation is not in the public interest
29efcb3d1f1a6576e5bc9e65f2925a16611bed55d1c27c4618d089dacb095469,2021-03,South Yorkshire Police,South Yorkshire Police,-1.405980,53.349071,On or near HOPEFIELD AVENUE,E01007839,Sheffield 076B,Unable to prosecute suspect
38dced3f6271690958cf70eafa371cefc67cbcc0f62aba3a12724f1f7e07fd2f,2021-03,South Yorkshire Police,South Yorkshire Police,-1.342755,53.503103,On or near WHARNCLIFFE AVENUE,E01007820,Rotherham 002D,Unable to prosecute suspect
7b9e4f592f3620babac38ab12591bd5923dfc6c08760d9cad16a318ab754f1c8,2021-03,South Yorkshire Police,South Yorkshire Police,-1.126499,53.524963,On or near GLYN AVENUE,E01007648,Doncaster 019D,Investigation complete; no suspect identified
e1cad99bf04a8c1cd0117b0542b156ec1f9c260abd35bf08d722a8f10e62e8fb,2021-03,South Yorkshire Police,South Yorkshire Police,-1.511242,53.588923,On or near GROVE ROAD,E01007363,Barnsley 004E,Local resolution
976cdaeca9de6835e42e4239839ad29d99d1225406f314b945754f403b885619,2021-03,South Yorkshire Police,South Yorkshire Police,-1.307226,53.543360,On or near KING STREET,E01007373,Barnsley 014B,Suspect charged
281d41012a57b86ab338b317de4858ee5400e0db3aeaeab3542cd8f5b33a110e,2021-03,South Yorkshire Police,South Yorkshire Police,-1.487726,53.389513,On or near Parking Area,E01008072,Sheffield 026C,Local resolution
df83349d910fa7f7114cad7c6ebc128bd7866f2ed04334fa371f06d896ef1129,2021-03,South Yorkshire Police,South Yorkshire Police,-1.067635,53.480456,On or near ELAND CLOSE,E01007598,Doncaster 036D,Unable to prosecute suspect
bfc5cc741d81b513fb83363fce4311959245d9c2aedafdb5a5dc03e98913016e,2021-03,South Yorkshire Police,South Yorkshire Police,-1.479874,53.369991,On or near MOUNT STREET,E01008105,Sheffield 040A,Unable to prosecute suspect
ff9c212d4057b11a93c838afe5932b809cbe63a91a2b0bc2d3697aa367a24279,2021-03,South Yorkshire Police,South Yorkshire Police,-1.159890,53.499306,On or near SPRINGWELL GARDENS,E01007498,Doncaster 029C,Unable to prosecute suspect
e4d756b2423b07871ab0342823b76f93c6885a2601bd8cea49e042ccead003b6,2021-03,South Yorkshire Police,South Yorkshire Police,-1.085422,53.543263,On or near Supermarket,E01007656,Doncaster 015F,Unable to prosecute suspect
ecef4b8f38bddf350b2c2ee52c0e187cfcbee3cac3e71f50669e0240ef7ac0cf,2021-03,South Yorkshire Police,South Yorkshire Police,-1.454511,53.595122,On or near FIELD VIEW,E01007436,Barnsley 002B,Unable to prosecute suspect
20f42e517dde148354f4b69f3a4780ec82c5502c20f9bc69e8b5b71f99172f99,2021-03,South Yorkshire Police,South Yorkshire Police,-1.342522,53.368883,On or near Sports/Recreation Area,E01007665,Rotherham 027A,Unable to prosecute suspect
b1153949a501c15c0dc442e1ff188965d4b275a1dbc3d92cc422ba18cbe3320a,2021-03,South Yorkshire Police,South Yorkshire Police,-1.147980,53.551994,On or near SWAN STREET,E01007509,Doncaster 010C,Suspect charged
e5597345493800f2b12a8700933ed39bceef3605d64488fb79c7140ae4a23d6d,2021-03,South Yorkshire Police,South Yorkshire Police,-1.410684,53.400079,On or near RANSKILL COURT,E01007904,Sheffield 018B,Unable to prosecute suspect
374478e8174e893731cc9c847c035347f8ea257da3fdffbbb633cbc5dfc5c052,2021-03,South Yorkshire Police,South Yorkshire Police,-1.382935,53.451030,On or near DERWENT ROAD,E01007730,Rotherham 009C,Unable to prosecute suspect
c878e06a7e1d662b12c199d5bd86554585b08110c43601cfcb4795ef2b219d52,2021-03,South Yorkshire Police,South Yorkshire Police,-1.186232,53.555748,On or near COPPICE ROAD,E01007507,Doncaster 009G,Suspect charged
6d9b81cb082daf4f8d30b77d782411fe8dc5a2b40cc769e36df5c196dd1cce40,2021-03,South Yorkshire Police,South Yorkshire Police,-1.313306,53.366965,On or near ARCUBUS AVENUE,E01007668,Rotherham 030B,Unable to prosecute suspect
3738a6557910c10476fbda2a0ff9723e4f68ce423d7ed094de80714d4dbb5f55,2021-03,South Yorkshire Police,South Yorkshire Police,-1.449520,53.418574,On or near STUBBIN LANE,E01007948,Sheffield 013D,Investigation complete; no suspect identified
1989851e3c42f12f05f2043295c0a9ad456ca86c599551b15d8a5f9129e4aba8,2021-03,South Yorkshire Police,South Yorkshire Police,-1.136918,53.522963,On or near Parking Area,E01007645,Doncaster 022E,Unable to prosecute suspect
33120a340eba804c86863bd58a90ee2459179ae13c04fa18c6309fc20a7f8912,2021-03,South Yorkshire Police,South Yorkshire Police,-1.136245,53.518949,On or near GROVE PLACE,E01007532,Doncaster 023B,Further action is not in the public interest
df584f3c8fa12a24e83779c658810804d7e8cf7eb1dbb0d6057217d55a737b9d,2021-03,South Yorkshire Police,South Yorkshire Police,-1.337350,53.458094,On or near BOUNDARY GREEN,E01007776,Rotherham 008B,Suspect charged
3874abe9bbf51bc4fd70b47cc23d188de304041c1869c8e0372095bfd26e8cc7,2021-03,South Yorkshire Police,South Yorkshire Police,-1.326352,53.432658,On or near DELTA PLACE,E01007766,Rotherham 014C,Unable to prosecute suspect
5df3de50005a4e89463641a2d9c770224406a26a51ac0e5818f6433dc871f412,2021-03,South Yorkshire Police,South Yorkshire Police,-1.429738,53.366455,On or near CARY ROAD,E01008012,Sheffield 039B,Unable to prosecute suspect
5108af9c0d8acc754658d7bacb8f5107521f8887ff63fa6a64c3a10fa2edf028,2021-03,South Yorkshire Police,South Yorkshire Police,-1.418047,53.575751,On or near PROSPECT ROAD,E01007346,Barnsley 008C,Unable to prosecute suspect
d78bc160241959ad7c99bd060fb9b2113b644a1e2a7b503b1d8b75b9571b4c48,2021-03,South Yorkshire Police,South Yorkshire Police,-1.023396,53.488876,On or near ELM ROAD,E01007608,Doncaster 038A,Unable to prosecute suspect
b75ec446e34f5d64ef3fe218df20549d224ea336e49383990765e59bd864bb27,2021-03,South Yorkshire Police,South Yorkshire Police,-1.279011,53.498646,On or near HARLINGTON ROAD,E01007576,Doncaster 031E,Unable to prosecute suspect
02620afd892b44a163c5805580aa003b242fb83e00a8a37c8b95cd55900e71b9,2021-03,South Yorkshire Police,South Yorkshire Police,-1.279011,53.498646,On or near HARLINGTON ROAD,E01007576,Doncaster 031E,Unable to prosecute suspect
a91145dd1ad38e746cdd53378394afc3313e2b9b24e47fcbd212f284cf3256ce,2021-03,South Yorkshire Police,South Yorkshire Police,-1.063382,53.451884,On or near STRIPE ROAD,E01007609,Doncaster 038B,Investigation complete; no suspect identified
2828b1552bbfe853adc1c0015f9c5e8a46b3d56328e6c6c3a408af4e87c5e576,2021-03,South Yorkshire Police,South Yorkshire Police,-1.063101,53.574047,On or near MEADOW RISE,E01007631,Doncaster 007F,Investigation complete; no suspect identified
f221ff626af09ace15cc425bfd7a9c0b1920389df1060b3c1ff27f11580cabd6,2021-03,South Yorkshire Police,South Yorkshire Police,-1.468894,53.383992,On or near ST PETER'S CLOSE,E01033262,Sheffield 073B,Unable to prosecute suspect
0df8d8dd8d99eccafce0c68825e593b97ea28d3955b7033209c7768c842d272f,2021-03,South Yorkshire Police,South Yorkshire Police,-1.468894,53.383992,On or near ST PETER'S CLOSE,E01033262,Sheffield 073B,Unable to prosecute suspect
be815b686490a307c0438d02e02c60d125ac9a1f22210750f64c032014e170c8,2021-03,South Yorkshire Police,South Yorkshire Police,-1.131172,53.525869,On or near MARKET ROAD,E01007655,Doncaster 022F,Unable to prosecute suspect
154f221e9277113059133d65d49bdceb152dee81c3da418d9965f18ec9db0089,2021-03,South Yorkshire Police,South Yorkshire Police,-1.442487,53.416744,On or near MARIGOLD CLOSE,E01007851,Sheffield 013B,Unable to prosecute suspect
154f221e9277113059133d65d49bdceb152dee81c3da418d9965f18ec9db0089,2021-03,South Yorkshire Police,South Yorkshire Police,-1.442487,53.416744,On or near MARIGOLD CLOSE,E01007851,Sheffield 013B,Unable to prosecute suspect
3ab456bf997f68a3013fd06a32e8039f0f41ee5ae25922825502f7d69c059f31,2021-03,South Yorkshire Police,South Yorkshire Police,-1.405980,53.349071,On or near HOPEFIELD AVENUE,E01007839,Sheffield 076B,Unable to prosecute suspect
6e112a16a4184b837f1c89c7f8f754800d0e66fc3b4015e049f1c34145d3163b,2021-03,South Yorkshire Police,South Yorkshire Police,-1.265747,53.500327,On or near DONNINGTON ROAD,E01007580,Doncaster 030D,Unable to prosecute suspect
5b17f7aa39c0a72cd926b6f925cb6e76bade4f576a320b87b140953dbd1f1a64,2021-03,South Yorkshire Police,South Yorkshire Police,-1.405909,53.430859,On or near MOORVIEW COURT,E01007745,Rotherham 015E,Unable to prosecute suspect
5b17f7aa39c0a72cd926b6f925cb6e76bade4f576a320b87b140953dbd1f1a64,2021-03,South Yorkshire Police,South Yorkshire Police,-1.405909,53.430859,On or near MOORVIEW COURT,E01007745,Rotherham 015E,Unable to prosecute suspect
22e3455d635ee23d973db5fdb40cd249ebd9a7ab8980f38760e4a2cf16cf2343,2021-03,South Yorkshire Police,South Yorkshire Police,-1.446461,53.345859,On or near GAUNT WAY,E01008075,Sheffield 060B,Unable to prosecute suspect
96bb01c65916cedf6ed523b21382d04d3e77166182526fb3ac13c1340bdc91b2,2021-03,South Yorkshire Police,South Yorkshire Police,-1.186670,53.480094,On or near STUBBINS HILL,E01007548,Doncaster 034C,Unable to prosecute suspect
dc6edc246778dfaab2412c9a46d6d8f83433cfc3fcc07c97cf3b46556b46557e,2021-03,South Yorkshire Police,South Yorkshire Police,-1.437386,53.359704,On or near Supermarket,E01008102,Sheffield 048C,Unable to prosecute suspect
9592a678dea0492e885fae842d0b39b9af6d2d230ecf1beba5b4449cb8aca446,2021-03,South Yorkshire Police,South Yorkshire Police,-1.426685,53.350934,On or near GLADE LEA,E01008005,Sheffield 052D,Investigation complete; no suspect identified
0223192596a4cada6c9886a0abd6fa537cfb48263aa005418cc99cf456ee570c,2021-03,South Yorkshire Police,South Yorkshire Police,-1.228614,53.483788,On or near CASTLE STREET,E01007542,Doncaster 032B,Unable to prosecute suspect
0223192596a4cada6c9886a0abd6fa537cfb48263aa005418cc99cf456ee570c,2021-03,South Yorkshire Police,South Yorkshire Police,-1.228614,53.483788,On or near CASTLE STREET,E01007542,Doncaster 032B,Unable to prosecute suspect
c9eeb869e0b97cb66102f4b24be3a6962be5b13b4b1e023c86bf155f7301c54b,2021-03,South Yorkshire Police,South Yorkshire Police,-1.228614,53.483788,On or near CASTLE STREET,E01007542,Doncaster 032B,Unable to prosecute suspect
d11219773530d48c34739e916a8e2ea2491c307eb9df7c1c077cb4f13c08f775,2021-03,South Yorkshire Police,South Yorkshire Police,-1.470442,53.414291,On or near HERRIES PLACE,E01007945,Sheffield 015B,Unable to prosecute suspect
7422d88213ade85302ee5648eddcdac645fa0c63f72467e928bca9003015f921,2021-03,South Yorkshire Police,South Yorkshire Police,,,No location,,,Unable to prosecute suspect
481e065c30a5ff21dd83610bea527497ede959c305c0100ecc8b0b4e2fd2ac5d,2021-03,South Yorkshire Police,South Yorkshire Police,-1.326302,53.486275,On or near BRAMELD ROAD,E01007799,Rotherham 003D,Unable to prosecute suspect
84e22bdf49cee6f82dff2e49c99d120f164e6a508d82e21d4b5d0d46ad5b4ebc,2021-03,South Yorkshire Police,South Yorkshire Police,-1.369872,53.324284,On or near BRAMLEY CLOSE,E01008025,Sheffield 072D,Unable to prosecute suspect
fcd6ae484d8729e353321d2cf944cae748282da7158152b6025a0d37fc7d70e3,2021-03,South Yorkshire Police,South Yorkshire Police,,,No location,,,Unable to prosecute suspect
923d7cea89303f28f1ac87038cde3779550aecc999ebef4c7315303f6a962d40,2021-03,South Yorkshire Police,South Yorkshire Police,-1.322255,53.540677,On or near BURNTWOOD CLOSE,E01007374,Barnsley 014C,Investigation complete; no suspect identified
53409561b3517824317775d5746b9050c0804ccaeb9016044f79dee34794093f,2021-03,South Yorkshire Police,South Yorkshire Police,-1.105148,53.531700,On or near DARGLE AVENUE,E01007565,Doncaster 018B,Investigation complete; no suspect identified
7caf6f2944b8659bccc7a8702a91af148eca7ca397b530d60ac5689526f3b859,2021-03,South Yorkshire Police,South Yorkshire Police,-1.297488,53.343745,On or near CRICKET FIELD LANE,E01007750,Rotherham 031D,Investigation complete; no suspect identified
480c79af21cd43b3523fc7794251e5bb295b05575005adec3c693b07f3f29edf,2021-03,South Yorkshire Police,South Yorkshire Police,-1.349628,53.436148,On or near BRAMWELL STREET,E01007769,Rotherham 017D,Investigation complete; no suspect identified
caa69c9b02649fed37644b69a165d8a5117415a17871d35527c1e9fdad72e833,2021-03,South Yorkshire Police,South Yorkshire Police,-1.442136,53.553844,On or near ALRIC DRIVE,E01007405,Barnsley 011D,Investigation complete; no suspect identified
ac8f59d578a8c7561581dba40ce43189371d69efab1bdf62728d8af70b02115d,2021-03,South Yorkshire Police,South Yorkshire Police,-1.376954,53.536624,On or near EAST STREET,E01007348,Barnsley 020A,Unable to prosecute suspect
cfc2df4e5922cb2c825e76b059923f17dd4f9cb24842c2219cefb2d113b0c4dc,2021-03,South Yorkshire Police,South Yorkshire Police,-1.468978,53.389305,On or near Theatre/Concert Hall,E01033270,Sheffield 022H,Unable to prosecute suspect
73dcb0f9389887cd3f27d22ed81e061c83cd19d49a9daf9a959a36e882a1eb90,2021-03,South Yorkshire Police,South Yorkshire Police,-1.457307,53.370592,On or near PARK GRANGE CROFT,E01008095,Sheffield 043A,Unable to prosecute suspect
1aca341727aca334f3c1bef55cebf0f265e33b4455cc71328880b57748043601,2021-03,South Yorkshire Police,South Yorkshire Police,-1.407059,53.507232,On or near TINGLE BRIDGE AVENUE,E01007456,Barnsley 029D,Further action is not in the public interest
7f01eae351799bd76a69a775e0fc294e7919f9a79f74a35044f1babb7c9d1006,2021-03,South Yorkshire Police,South Yorkshire Police,-1.407059,53.507232,On or near TINGLE BRIDGE AVENUE,E01007456,Barnsley 029D,Action to be taken by another organisation
31f659c7a8de30b198d9c9e5e933bd492e0e64d0960156e48517dde06704f4ab,2021-03,South Yorkshire Police,South Yorkshire Police,-1.369050,53.340262,On or near EDENTHORPE GROVE,E01008040,Sheffield 061D,Further action is not in the public interest
a9bb46df033b78783e436ffac71e199db4b9d781446ba6dd9d64e0c33e14f192,2021-03,South Yorkshire Police,South Yorkshire Police,-1.413845,53.454620,On or near SCHOLES GREEN,E01007801,Rotherham 007B,Unable to prosecute suspect
4e8003ca3da23ae1f071918ee2ecfb8f6ef48c13293d9265a08978ae474561af,2021-03,South Yorkshire Police,South Yorkshire Police,-1.279011,53.498646,On or near HARLINGTON ROAD,E01007576,Doncaster 031E,Unable to prosecute suspect
edd1a608cedf2c210e2f36de2ee73dde1e1e78912747a6b4c5710bcca3b08b6d,2021-03,South Yorkshire Police,South Yorkshire Police,-1.244835,53.484287,On or near MARKHAM AVENUE,E01007538,Doncaster 035B,Investigation complete; no suspect identified
ae57c08ccfaa3ff46e28aa9118c0ccc4c4d7c7696274474386393622b3d5763d,2021-03,South Yorkshire Police,South Yorkshire Police,-1.109094,53.535622,On or near MONMOUTH ROAD,E01007652,Doncaster 015D,Unable to prosecute suspect
466ec9f8a176d475412ee5c92312630bfe768910477f14e6dcf1dfb4a72cad61,2021-03,South Yorkshire Police,South Yorkshire Police,-1.476142,53.378937,On or near TRAFALGAR STREET,E01033265,Sheffield 074C,Investigation complete; no suspect identified
f87ba469bb0ab753da4a06e5c21764485724cced1e5226e922f946769aa09f57,2021-03,South Yorkshire Police,South Yorkshire Police,-1.150922,53.557310,On or near GOWDALL GREEN,E01007511,Doncaster 010E,Investigation complete; no suspect identified
93280f3ad4dcd700333cd10eb76f8839620e58c49b7b61f7940f1a36102d6991,2021-03,South Yorkshire Police,South Yorkshire Police,-1.478622,53.374049,On or near Pedestrian Subway,E01033271,Sheffield 040E,Unable to prosecute suspect
5f0de8d3b1cecb679e861639962149528f8fd11dbb92fbba9341c2921da8b90a,2021-03,South Yorkshire Police,South Yorkshire Police,-1.525190,53.367052,On or near HANGINGWATER ROAD,E01007865,Sheffield 038D,Unable to prosecute suspect
2f1d11a421791703737412f2d33a4fdc6647816c84cc11b497a78e6f6f2462f3,2021-03,South Yorkshire Police,South Yorkshire Police,-1.361124,53.429451,On or near MAIN STREET,E01007714,Rotherham 017B,Offender given a caution
eef4e767f125e67e8feb0cd1dfb4792261a6c83d8591a57c5f071659a5d47e34,2021-03,South Yorkshire Police,South Yorkshire Police,-1.441954,53.350512,On or near MIDDLE HAY VIEW,E01007979,Sheffield 051D,Further investigation is not in the public interest
41b0e1c9aaf230f07652cfdd7b08a5be9ffbcd0740b2540f468e7126b5fccf16,2021-03,South Yorkshire Police,South Yorkshire Police,-1.300707,53.498451,On or near BEECH CRESCENT,E01007573,Doncaster 031C,Investigation complete; no suspect identified
5e6a5847612c85c88f24e4f66cee5dddf1e632d17b02a3b12972c97103a89b22,2021-03,South Yorkshire Police,South Yorkshire Police,-1.124088,53.533629,On or near RADIANCE ROAD,E01007654,Doncaster 019F,Investigation complete; no suspect identified
90a804683c7764bb87bc870308f7c65b4a3a974065f4ee88824dc50dc982f19d,2021-03,South Yorkshire Police,South Yorkshire Police,-1.137539,53.517592,On or near CAMDEN PLACE,E01007532,Doncaster 023B,Unable to prosecute suspect
431f6a58edb9e02abd6e999067209f20788785fe361993daadaed3038cff59ff,2021-03,South Yorkshire Police,South Yorkshire Police,-1.479439,53.323014,On or near TOPPHAM ROAD,E01008083,Sheffield 070C,Local resolution
3e98d35acb624bb529383bbac0a0accf792e5ba154138cfc585b4e4100d5587f,2021-03,South Yorkshire Police,South Yorkshire Police,-1.414029,53.369012,On or near ANGLETON GREEN,E01008011,Sheffield 039A,Unable to prosecute suspect
1939ffd463b46b75353619040efca5bf77c3cb1419562f563e00f248c6dcde41,2021-03,South Yorkshire Police,South Yorkshire Police,-1.411665,53.598101,On or near HENRY CLOSE,E01007329,Barnsley 003A,Unable to prosecute suspect
c2fc4919468bbead1a028bec36b2a3d5a8db2222cec88e3eddf2c0111bdda13e,2021-03,South Yorkshire Police,South Yorkshire Police,-1.208599,53.369598,On or near WEST GARTH CLOSE,E01007790,Rotherham 029E,Suspect charged
5e8413bef4eb8f0a85f4592a8863d4a26a750b00ac8faebf0a7a82f8927866f2,2021-03,South Yorkshire Police,South Yorkshire Police,-1.111227,53.527404,On or near ZETLAND ROAD,E01007649,Doncaster 019E,Unable to prosecute suspect
d8fcd5bc78fc76ba2d3d08c8fad8c5b5d448cab63b43217f6b674866672e3905,2021-03,South Yorkshire Police,South Yorkshire Police,-1.186670,53.480094,On or near STUBBINS HILL,E01007548,Doncaster 034C,Unable to prosecute suspect
7ba4a8fe3fd104f073d17f020004b66ecb076fddf2ace6b479aad2ba266f54ea,2021-03,South Yorkshire Police,South Yorkshire Police,-1.406534,53.589070,On or near THE BRICKYARD,E01007331,Barnsley 003B,Suspect charged
bd6638bc5c52c75ff3ea9df1ff13bf03cef451457afdf7a1a87ee4af1810abce,2021-03,South Yorkshire Police,South Yorkshire Police,-1.437842,53.436946,On or near ECCLESFIELD ROAD,E01008055,Sheffield 007C,Investigation complete; no suspect identified
2deab532df1658746ba357f733c5fb09420af5ccc8a6f9090eda839d59af91e6,2021-03,South Yorkshire Police,South Yorkshire Police,-1.437905,53.558732,On or near Supermarket,E01007405,Barnsley 011D,Offender given a caution
6d6a86973b71bcaf6722e008bfe617143d2852140536a6bf92252f16c5ba04da,2021-03,South Yorkshire Police,South Yorkshire Police,-1.410684,53.400079,On or near RANSKILL COURT,E01007904,Sheffield 018B,Further action is not in the public interest
cf9905ea7d89a112168adbdd608124d6fed2cd531421b909b6400da717c4d194,2021-03,South Yorkshire Police,South Yorkshire Police,-1.485197,53.549148,On or near PARK AVENUE,E01007417,Barnsley 013D,Unable to prosecute suspect
1773be1a30b2a58de0cb933297243070f5561faacce20d43f2b6ea3ac42ec47c,2021-03,South Yorkshire Police,South Yorkshire Police,-1.485197,53.549148,On or near PARK AVENUE,E01007417,Barnsley 013D,Unable to prosecute suspect
59e2c3c74241e34fa612ff83b6ae28f75c341c2e02227f8d932e7efc06e5faef,2021-03,South Yorkshire Police,South Yorkshire Police,-1.357852,53.426809,On or near COKE LANE,E01007714,Rotherham 017B,Unable to prosecute suspect
84ae69141cc042337cfd08b10e22d9393189e88b695246e95bd43dc5c76a56ff,2021-03,South Yorkshire Police,South Yorkshire Police,-1.059895,53.542912,On or near OAK ROAD,E01007478,Doncaster 011D,Unable to prosecute suspect
389477b13bdc865bc359ef7db6669ca541de99fc6455a8f2fef8e448a2e5144f,2021-03,South Yorkshire Police,South Yorkshire Police,-1.093278,53.501175,On or near WHITTON CLOSE,E01007520,Doncaster 027A,Unable to prosecute suspect
452ebd31b403e9e25a42aae3c5ae03dcacf1bad3803a5e0f7a09b95a18ba7437,2021-03,South Yorkshire Police,South Yorkshire Police,-1.449289,53.425935,On or near MOLINEAUX CLOSE,E01008059,Sheffield 010C,Investigation complete; no suspect identified
cd76480385a9f95a1103a6370beb76ce421f507011e86d553ae9fbaee422c545,2021-03,South Yorkshire Police,South Yorkshire Police,-1.146513,53.507068,On or near STONEGATE MEWS,E01007534,Doncaster 028D,Unable to prosecute suspect
3629e7e8e377e32a0935a71f0a326747a6d05c4253909c6f2d00e1b23f4fd0a9,2021-03,South Yorkshire Police,South Yorkshire Police,-1.484234,53.417147,On or near POLLARD CRESCENT,E01008124,Sheffield 012F,Unable to prosecute suspect
311eebb0ae27f394c0de71333414c33ca0c17ff58fb6cdd020d48d8db72c2a2b,2021-03,South Yorkshire Police,South Yorkshire Police,,,No location,,,Unable to prosecute suspect
c9867a8f5c1bf4e9494f269b132a16b5f260b3aec23739e8541b214dbd4969fe,2021-03,South Yorkshire Police,South Yorkshire Police,-1.430614,53.359349,On or near DAGNAM PLACE,E01008098,Sheffield 048A,Unable to prosecute suspect
20f05e9995fcb74520259d7679230b509064772549255dc71a8fd85ee9f2cb61,2021-03,South Yorkshire Police,South Yorkshire Police,-1.122631,53.525241,On or near RUTLAND STREET,E01007647,Doncaster 019C,Investigation complete; no suspect identified
34d8822a483488269762e1f9e559f6be55783bcf256a5daec8b3783abd4afe54,2021-03,South Yorkshire Police,South Yorkshire Police,-1.481526,53.420820,On or near KYLE CRESCENT,E01008124,Sheffield 012F,Unable to prosecute suspect
34d8822a483488269762e1f9e559f6be55783bcf256a5daec8b3783abd4afe54,2021-03,South Yorkshire Police,South Yorkshire Police,-1.481526,53.420820,On or near KYLE CRESCENT,E01008124,Sheffield 012F,Unable to prosecute suspect
34d8822a483488269762e1f9e559f6be55783bcf256a5daec8b3783abd4afe54,2021-03,South Yorkshire Police,South Yorkshire Police,-1.481526,53.420820,On or near KYLE CRESCENT,E01008124,Sheffield 012F,Unable to prosecute suspect
6c53f557193bd1ed2416d8a274714f31dac27ea5bb127b17c55dd8fd5c4185d2,2021-03,South Yorkshire Police,South Yorkshire Police,-1.454511,53.595122,On or near FIELD VIEW,E01007436,Barnsley 002B,Unable to prosecute suspect
c5292a150770ad341a91280137718d7c76a5c3da6c487704e3858d4334b8b62c,2021-03,South Yorkshire Police,South Yorkshire Police,-1.395135,53.345835,On or near EAST GLADE PLACE,E01033278,Sheffield 076E,Unable to prosecute suspect
840b6a793835e168621efc30fb95352fba3f339f637f92953b67261daf7d8aa4,2021-03,South Yorkshire Police,South Yorkshire Police,-1.384549,53.450832,On or near NIDDERDALE ROAD,E01007730,Rotherham 009C,Unable to prosecute suspect
d0dc15652a76d57139656132127c6979e781997ea0c57f162c194806edf54227,2021-03,South Yorkshire Police,South Yorkshire Police,-1.084452,53.478366,On or near GRANBY LANE,E01007593,Doncaster 037C,Unable to prosecute suspect
4403f911253c48e3a47ad60a3c7ea4070cca1c1ea0f599e13a82cbc2649ace95,2021-03,South Yorkshire Police,South Yorkshire Police,-1.300919,53.488331,On or near NEW STATION ROAD,E01007800,Rotherham 003E,Unable to prosecute suspect
11e4e5e8bbdf9c416fa0a5477f8a366993dd70868f388c8699abc0bfa668b476,2021-03,South Yorkshire Police,South Yorkshire Police,-1.462261,53.496329,On or near FITZWILLIAM STREET,E01007396,Barnsley 028A,Investigation complete; no suspect identified
456e937078f65372ee4439029f46260e92bf5036dc97aa8b710d0636d0312aa6,2021-03,South Yorkshire Police,South Yorkshire Police,-1.485250,53.554766,On or near CHURCHFIELD,E01007336,Barnsley 013A,Suspect charged as part of another case
16d380da8518688df87cdfbeedf4daaebb7e7af894d32bec7cf581042af53611,2021-03,South Yorkshire Police,South Yorkshire Police,-1.378919,53.430066,On or near FERHAM ROAD,E01007715,Rotherham 016A,Unable to prosecute suspect
16d380da8518688df87cdfbeedf4daaebb7e7af894d32bec7cf581042af53611,2021-03,South Yorkshire Police,South Yorkshire Police,-1.378919,53.430066,On or near FERHAM ROAD,E01007715,Rotherham 016A,Unable to prosecute suspect
16d380da8518688df87cdfbeedf4daaebb7e7af894d32bec7cf581042af53611,2021-03,South Yorkshire Police,South Yorkshire Police,-1.378919,53.430066,On or near FERHAM ROAD,E01007715,Rotherham 016A,Unable to prosecute suspect
16d380da8518688df87cdfbeedf4daaebb7e7af894d32bec7cf581042af53611,2021-03,South Yorkshire Police,South Yorkshire Police,-1.378919,53.430066,On or near FERHAM ROAD,E01007715,Rotherham 016A,Unable to prosecute suspect
430b958bbb1ffd604242f4542da108fa8c9d5d000643086d267daf0c10054e64,2021-03,South Yorkshire Police,South Yorkshire Police,-1.500073,53.379048,On or near PARKER'S ROAD,E01007867,Sheffield 030B,Investigation complete; no suspect identified
40cb48b523205ebde4fde6f77b28e4c7e08f4df82ed26b90e385b5cbcb2e4843,2021-03,South Yorkshire Police,South Yorkshire Police,-1.464359,53.384745,On or near WAINGATE,E01033268,Sheffield 075G,Unable to prosecute suspect
f4b624e88a1a7d849cf7e519fdf238298d19ba307f151c85f9ec95bc0173dd6c,2021-03,South Yorkshire Police,South Yorkshire Police,-1.135509,53.615805,On or near RICHMOND DRIVE,E01007488,Doncaster 002B,Unable to prosecute suspect
f6ca09f8bc6eb806755a060e986e1baa247f41178d37ec11f7c63c87aa73bd4a,2021-03,South Yorkshire Police,South Yorkshire Police,-1.471292,53.318996,On or near BOWSHAW VIEW,E01008084,Sheffield 070D,Unable to prosecute suspect
411b1cab2659dad3b991197d94c807e30f0eeeaaceb6b2bb4da33e994731acb2,2021-03,South Yorkshire Police,South Yorkshire Police,-1.471292,53.318996,On or near BOWSHAW VIEW,E01008084,Sheffield 070D,Unable to prosecute suspect
d7bc46e20dd035491b368f8cd13ebc994e0bae45e28f07cba2b28b56f8972ded,2021-03,South Yorkshire Police,South Yorkshire Police,-1.064862,53.562025,On or near BRECKS LANE,E01007622,Doncaster 007B,Investigation complete; no suspect identified
33a65c5d2dbfdd256a3e636d8d4ba179fc1caf3252747fa12cb6ec7eaa23db75,2021-03,South Yorkshire Police,South Yorkshire Police,-1.485216,53.423030,On or near WORDSWORTH CRESCENT,E01008118,Sheffield 009E,Investigation complete; no suspect identified
3302e259130086a3a55adb1a031e122248f5aff23cec9d4d20610a03f8044177,2021-03,South Yorkshire Police,South Yorkshire Police,-1.412648,53.356817,On or near HOLLYBANK CRESCENT,E01008004,Sheffield 052C,Investigation complete; no suspect identified
555304e1a4c7a068a8337c5115f1b0f1a27b0f45015885ee6abf14d6b67cb59e,2021-03,South Yorkshire Police,South Yorkshire Police,-1.482780,53.381968,On or near BROOK HILL,E01033266,Sheffield 074D,Investigation complete; no suspect identified
8e1c451e73d23da3aa32d424269c48b0d53b7626f516fb657258dd953f5a5e16,2021-03,South Yorkshire Police,South Yorkshire Police,-1.508495,53.558746,On or near ROWAN DRIVE,E01007381,Barnsley 012C,Unable to prosecute suspect
3b2f1d078e8bcbacbdbfab180f8c61c225e60ed308ab13bdc7b6d1aa6a94c026,2021-03,South Yorkshire Police,South Yorkshire Police,-1.389702,53.517877,On or near REGINALD ROAD,E01032925,Barnsley 026G,Unable to prosecute suspect
8b1e786aa98014ed0c57fc162566adeae91f06c53c8863168e546809173e99f2,2021-03,South Yorkshire Police,South Yorkshire Police,-1.192391,53.477948,On or near LINDEN GROVE,E01007549,Doncaster 034D,Unable to prosecute suspect
244c12d68281669c81bbb1ecd6c7148a81a40980c1ee6bcabaaf205eb27aeae1,2021-03,South Yorkshire Police,South Yorkshire Police,-1.361124,53.429451,On or near MAIN STREET,E01007714,Rotherham 017B,Offender given a caution
8d41688d386f3eada26b569ee968c3283bf25b8ce21ae5bcdc82e908e13e410b,2021-03,South Yorkshire Police,South Yorkshire Police,-1.389702,53.517877,On or near REGINALD ROAD,E01032925,Barnsley 026G,Unable to prosecute suspect
75af8c17011a255fda2291cadca191fc73d36f21471c49e5366b9015705263d7,2021-03,South Yorkshire Police,South Yorkshire Police,-1.479588,53.542589,On or near WARREN PLACE,E01007413,Barnsley 017C,Unable to prosecute suspect
e8da50d334cf72d82b67daf6778bf78b99aa075c10920caa01f9db3238d3842d,2021-03,South Yorkshire Police,South Yorkshire Police,-1.511197,53.418438,On or near WINN GARDENS,E01008089,Sheffield 017B,Offender given a caution
2bdd37d901728370a79913a1b22de681dfbeba54f869b570fa2cdac565ef98c0,2021-03,South Yorkshire Police,South Yorkshire Police,-1.492189,53.417523,On or near BINSTED ROAD,E01008092,Sheffield 012D,Unable to prosecute suspect
e558b07f05c5bd85d3a99f065a2c931f6a5383e55ff334bb1d166f8b4c6a9cef,2021-03,South Yorkshire Police,South Yorkshire Police,-0.951286,53.606369,On or near FENLAND ROAD,E01007642,Doncaster 003G,Unable to prosecute suspect
fe94b8dab2e2771227e65865c3294e0ad69cd2eaec9f7d6ebcc10fe863ea7fe9,2021-03,South Yorkshire Police,South Yorkshire Police,-1.368278,53.499151,On or near MELTON GREEN,E01007698,Rotherham 001E,Unable to prosecute suspect
c7568604dd702d71383659fa83023547da8a0bd77e7a429a4936f4d10d891adc,2021-03,South Yorkshire Police,South Yorkshire Police,-1.191238,53.481554,On or near MARKET PLACE,E01007547,Doncaster 034B,Investigation complete; no suspect identified
50518de8fbdbd2644e8ffb5469401bf9962a0b2dab81650cf77c5b678f3586c0,2021-03,South Yorkshire Police,South Yorkshire Police,-1.347603,53.439625,On or near Sports/Recreation Area,E01007768,Rotherham 014D,Unable to prosecute suspect
cf8525e681bbe1e0fabeb89c8a310864396745c9c90d9bd3eec7bc2fc9274d1f,2021-03,South Yorkshire Police,South Yorkshire Police,-1.347603,53.439625,On or near Sports/Recreation Area,E01007768,Rotherham 014D,Unable to prosecute suspect
3460759625edc6248177ee541e6399542d84dd2d87a6b08e6a6a9f0b04e87c0b,2021-03,South Yorkshire Police,South Yorkshire Police,-1.135456,53.524345,On or near Shopping Area,E01007655,Doncaster 022F,Unable to prosecute suspect
c647c371057c21172740366e4242c422ac94400ec93ccfee6bf8cd8929b88dc5,2021-03,South Yorkshire Police,South Yorkshire Police,-1.359973,53.327620,On or near CRAGDALE GROVE,E01008024,Sheffield 072C,Local resolution
349e5db7143900ab873ad0c5970cc90509554dd40a67b30225d5de39d8e8bc10,2021-03,South Yorkshire Police,South Yorkshire Police,-1.438667,53.569639,On or near MONK TERRACE,E01007344,Barnsley 011A,Unable to prosecute suspect
9ad67330f32a0e2edf2d06b42f13a57c48b048e715b304eff6dc4ca578220489,2021-03,South Yorkshire Police,South Yorkshire Police,-1.306640,53.543240,On or near QUEEN STREET,E01007373,Barnsley 014B,Unable to prosecute suspect
f6946388a64642dbb23ba34dbc426a3b27995e17129fc5ec14a8077921f3790f,2021-03,South Yorkshire Police,South Yorkshire Police,-1.465827,53.368338,On or near QUEENS ROAD,E01008099,Sheffield 051E,Investigation complete; no suspect identified
51473debd091f8c0a618732faa7e9c6fdf91299caec2cb8409aa29634a100b31,2021-03,South Yorkshire Police,South Yorkshire Police,-1.350574,53.430383,On or near CHATHAM STREET,E01007714,Rotherham 017B,Unable to prosecute suspect
a07c9eac47abde838375493a8a91f331d219aad4c0ffd7165bd13bad0949135f,2021-03,South Yorkshire Police,South Yorkshire Police,-1.283849,53.427116,On or near CONSTABLE CLOSE,E01007726,Rotherham 019F,Investigation complete; no suspect identified
ca4446fe8c2795dc8bd3b83112f0c8e6379392f4f63a6c0b8761c4a5a506e526,2021-03,South Yorkshire Police,South Yorkshire Police,-1.475943,53.389066,On or near DUN STREET,E01033263,Sheffield 073C,Investigation complete; no suspect identified
9a13fbb45dc63bb4770e96ec7ef75c77ef1bb55406e739702df6b9b134f4b679,2021-03,South Yorkshire Police,South Yorkshire Police,-1.339700,53.463896,On or near HARDIE PLACE,E01007775,Rotherham 008A,Unable to prosecute suspect
00de2d2300c687432eae2b575d071b55c96a4984058355b81a72f933f1d988eb,2021-03,South Yorkshire Police,South Yorkshire Police,-1.020197,53.570090,On or near Petrol Station,E01007562,Doncaster 006E,Unable to prosecute suspect
16c5259638ae7f6cc4edd04cbb8ae7ba68d9c7fc0a64e5a0f138ef58643496dc,2021-03,South Yorkshire Police,South Yorkshire Police,-1.237363,53.483322,On or near ROWENA ROAD,E01007539,Doncaster 035C,Unable to prosecute suspect
e90f587bcbff2f942aa8af8f74b3b8c1eaea60d03346d382d481f88002a2a8cd,2021-03,South Yorkshire Police,South Yorkshire Police,-1.335163,53.331862,On or near NEW STREET,E01008041,Sheffield 063D,Investigation complete; no suspect identified
44bb29235b0c215102f43960073d2e909844a0e5bba4c96667179eb3b3a3f612,2021-03,South Yorkshire Police,South Yorkshire Police,-1.024574,53.594485,On or near EAST LANE,E01007629,Doncaster 004E,Unable to prosecute suspect
7166c911010805e10aed5c788dca5f6c4ba2f32c02565dd56157b76bdcd67ac8,2021-03,South Yorkshire Police,South Yorkshire Police,-1.346829,53.428277,On or near PARK MOUNT,E01007767,Rotherham 017C,Investigation complete; no suspect identified
fc030c7268074cfd44b3a1c0029277529baa421e3f1d18283e57719b69e5f6e4,2021-03,South Yorkshire Police,South Yorkshire Police,-1.024574,53.594485,On or near EAST LANE,E01007629,Doncaster 004E,Unable to prosecute suspect
e653d3be219caa252c4dea1e2e1f1e0483b84b0438234ebcf66239ffaf6128a0,2021-03,South Yorkshire Police,South Yorkshire Police,-1.465353,53.532144,On or near BERRYDALE,E01007461,Barnsley 021D,Investigation complete; no suspect identified
e757297f7e85c224ec13aac7b36d5ac3e375c7eae3b5ef4ac4a3fc92eb7b4fa3,2021-03,South Yorkshire Police,South Yorkshire Police,,,No location,,,Unable to prosecute suspect
9c34badd8e6c4dee310c9ed78bce9ada6c8e3ec45e014f379320f792f6c447f0,2021-03,South Yorkshire Police,South Yorkshire Police,-1.471522,53.463131,On or near GREENHEAD LANE,E01007890,Sheffield 004C,Investigation complete; no suspect identified
f3afd7c95744713419b0f6d5c6fd558cfda76d94bbf1de3318005cd53f0748eb,2021-03,South Yorkshire Police,South Yorkshire Police,-1.353582,53.325249,On or near KNOWLE TOP,E01008027,Sheffield 065D,Further action is not in the public interest
71b4f7b4f3864d17f9625981ac117936bca4077fb3dea9fd5c91057d81ed2049,2021-03,South Yorkshire Police,South Yorkshire Police,-1.453082,53.534911,On or near MONKSPRING,E01007462,Barnsley 021E,Investigation complete; no suspect identified
3116be375f76de55a434f292e44ae59393d27fbfd9f657d0f7fddfe841e8ef56,2021-03,South Yorkshire Police,South Yorkshire Police,-1.136918,53.522963,On or near Parking Area,E01007645,Doncaster 022E,Investigation complete; no suspect identified
4f95e251bfafcf457a1eec9e26d36279c7138a3edf54a2ed6ccd8fa5ae7ef319,2021-03,South Yorkshire Police,South Yorkshire Police,-0.945604,53.635469,On or near HAIG ROAD,E01007633,Doncaster 001B,Unable to prosecute suspect
e73a46db5159bd9a3815fd1d2768fb108087b6454dbbb08dd460209737f22452,2021-03,South Yorkshire Police,South Yorkshire Police,-1.396621,53.364009,On or near RAVENSCROFT ROAD,E01007967,Sheffield 045B,Unable to prosecute suspect
fd1a9435641339cdc610404fd70610faf3a024ebff9dd8114dd384e895ac0da7,2021-03,South Yorkshire Police,South Yorkshire Police,-1.078913,53.475977,On or near VICTORIA LANE,E01007592,Doncaster 037B,Unable to prosecute suspect
c07214dd0f9505ec736d516542ebca84cbf0831def7303d3af68c66a216b79db,2021-03,South Yorkshire Police,South Yorkshire Police,-1.136918,53.522963,On or near Parking Area,E01007645,Doncaster 022E,Investigation complete; no suspect identified
e5bcd7d8d21379f40384cc04032600e6aea9f532a6747fbbada6742d6acbd5bc,2021-03,South Yorkshire Police,South Yorkshire Police,-0.951286,53.606369,On or near FENLAND ROAD,E01007642,Doncaster 003G,Investigation complete; no suspect identified
e59f68a45c7a8d0d11113a0a6ed6a2f6f9fc8f80237af1798c7d0eea2f2be1a4,2021-03,South Yorkshire Police,South Yorkshire Police,-1.319640,53.520214,On or near FAR CROFT,E01007364,Barnsley 025A,Further action is not in the public interest
ad3833e62701261c62faea9f5175fa2b6ce98a256bea6ff9f0437574af38da25,2021-03,South Yorkshire Police,South Yorkshire Police,-1.445389,53.357809,On or near Petrol Station,E01008103,Sheffield 048D,Unable to prosecute suspect
36ec4c7a12583a89d7a76de59a708e754bb64cbf1c86dbf4a9e42fecd241a61a,2021-03,South Yorkshire Police,South Yorkshire Police,-1.478410,53.420951,On or near NORTH HILL ROAD,E01008123,Sheffield 015E,Further action is not in the public interest
1e3919505b25b8da6ce519e35fb637e36161c27f45f31658d2a9bd9d33f8f0d3,2021-03,South Yorkshire Police,South Yorkshire Police,-1.514333,53.398046,On or near WOOD LANE,E01008160,Sheffield 024F,Further action is not in the public interest
59d319ff6848fb554ee0e7a190747761d54e81e2e0d99eea0edbf049d5900666,2021-03,South Yorkshire Police,South Yorkshire Police,-1.143334,53.514452,On or near WESTHOLME ROAD,E01007533,Doncaster 023C,Unable to prosecute suspect
bcc4535e18c7768a4e07a751474f3022975cc4fe8242924d551667a0a8ace21e,2021-03,South Yorkshire Police,South Yorkshire Police,-1.162988,53.504308,On or near ANELAY ROAD,E01007496,Doncaster 029A,Unable to prosecute suspect
3e6975e82e3423442844962045d0e4529fd2cc1e7f508dd0f883dd9fff05cd13,2021-03,South Yorkshire Police,South Yorkshire Police,-1.492471,53.354585,On or near ARCHER LANE,E01008045,Sheffield 050B,Unable to prosecute suspect
7f542efe66b69bbf127e7abf91b90f7bca113f9fcccfea49c85600d95c03af7b,2021-03,South Yorkshire Police,South Yorkshire Police,-1.351466,53.427188,On or near HOLLOWGATE,E01007680,Rotherham 023D,Investigation complete; no suspect identified
d335cb9d702e949f44c4115bb048c63cb964b2c45a6ba7365e507ba58d76bacf,2021-03,South Yorkshire Police,South Yorkshire Police,-1.269962,53.438286,On or near BIRCHWOOD DRIVE,E01007691,Rotherham 012B,Local resolution
dc69b1abcc8c5a032b816d0d0fbc331d80c285962e055119fb5d28426a3b967f,2021-03,South Yorkshire Police,South Yorkshire Police,-1.112959,53.538392,On or near ELY ROAD,E01007651,Doncaster 015C,Unable to prosecute suspect
29e1f114055acbcf1c51daea108738aecc5d64568b39d2aaf7e40d6345e1304b,2021-03,South Yorkshire Police,South Yorkshire Police,-1.460480,53.324045,On or near HAZLEBARROW CLOSE,E01008081,Sheffield 070A,Unable to prosecute suspect
8238fc95db9ee7bbc876110f90d66f426c32ee56ee0c11b4ad9520d494a088e4,2021-03,South Yorkshire Police,South Yorkshire Police,-1.357945,53.415681,On or near OAK TREE COURT,E01007676,Rotherham 025A,Unable to prosecute suspect
e823f4630456cb8f5a8cfe044604040145fac974cf67f0b5a4ce3462a388a1a2,2021-03,South Yorkshire Police,South Yorkshire Police,-1.136715,53.524004,On or near Shopping Area,E01007645,Doncaster 022E,Investigation complete; no suspect identified
bc0f2b073629c8118d61afb28d8d1ff27293d70d6b6b8bdcb6fd4f8f2283879f,2021-03,South Yorkshire Police,South Yorkshire Police,-1.488707,53.431880,On or near MANSEL ROAD,E01008116,Sheffield 009C,Unable to prosecute suspect
96b2c569f15082e83b1e2c3901d68e651efd89edb042818a9108ae9d17226675,2021-03,South Yorkshire Police,South Yorkshire Police,-1.452836,53.381763,On or near MANOR OAKS DRIVE,E01007885,Sheffield 075E,Action to be taken by another organisation
87b437f06da93b9bf163953f5193fb3f70638958a486f7967bc57a61a3271d2d,2021-03,South Yorkshire Police,South Yorkshire Police,-1.144078,53.469271,On or near ROCKCLIFFE CLOSE,E01007611,Doncaster 039A,Unable to prosecute suspect
7efaa20e28106751fa994c844669c6587bc31f8fab68b100f894131b47a7cd95,2021-03,South Yorkshire Police,South Yorkshire Police,-1.380802,53.358463,On or near BISHOP GARDENS,E01007968,Sheffield 049C,Investigation complete; no suspect identified
b2fbd15eb89cd4780c66d965b34d6ed0a42012c328a65bacb74fe07c918aa5c1,2021-03,South Yorkshire Police,South Yorkshire Police,-1.092989,53.526692,On or near SHORT ROAD,E01007569,Doncaster 018F,Unable to prosecute suspect
bf7219e7ea9fa9661bcd33b050d16c9f9a3db8786d27fcdab40b4c617e3a69a2,2021-03,South Yorkshire Police,South Yorkshire Police,-1.186670,53.480094,On or near STUBBINS HILL,E01007548,Doncaster 034C,Further action is not in the public interest
b2199d8c0a4a5ba86e06e44e939488b98c03d095b1387286b8e4a215a962fa21,2021-03,South Yorkshire Police,South Yorkshire Police,-1.127723,53.518986,On or near BEECHFIELD ROAD,E01007645,Doncaster 022E,Unable to prosecute suspect
1007962e209d69ed2438565a49bd106f3a8e2bc73f383d27e07fc3bebf0ba4a9,2021-03,South Yorkshire Police,South Yorkshire Police,-1.253160,53.354245,On or near RAYLS RISE,E01007748,Rotherham 033A,Unable to prosecute suspect
a0340f70705b6a8331cb0948248e6f1103498efc66a00c7c1ff4dd175d35c60e,2021-03,South Yorkshire Police,South Yorkshire Police,-1.058723,53.474616,On or near HAREWOOD COURT,E01007594,Doncaster 036B,Unable to prosecute suspect
20e62980de64d1f9c0621f1016aff04fb3b08d1566392744f845c36cdbffe6c7,2021-03,South Yorkshire Police,South Yorkshire Police,-1.058723,53.474616,On or near HAREWOOD COURT,E01007594,Doncaster 036B,Further action is not in the public interest
fc9fbb237cddff52fc6ae75e7c35e613267cc399f6a054f35d91ec1dd5407b3d,2021-03,South Yorkshire Police,South Yorkshire Police,-1.354032,53.364047,On or near FURNACE LANE,E01007974,Sheffield 044D,Investigation complete; no suspect identified
b6735de035c5477bf755ceead58c82f455b34365d8c38665a2227476b1fcc92e,2021-03,South Yorkshire Police,South Yorkshire Police,-1.341660,53.426774,On or near BADSLEY STREET SOUTH,E01007767,Rotherham 017C,Unable to prosecute suspect
06dd67557c7e65ab540cd01a129c8bc9014bbb8dc2a85e72081bee56ee7aa476,2021-03,South Yorkshire Police,South Yorkshire Police,-1.063854,53.470144,On or near ALDERSGATE CLOSE,E01007591,Doncaster 036A,Further action is not in the public interest
82c64341cf8cf25bb9293ff7c2757a712cf9369a41a25eaef567b38f0cc03b9b,2021-03,South Yorkshire Police,South Yorkshire Police,-1.137529,53.523300,On or near Shopping Area,E01007645,Doncaster 022E,Unable to prosecute suspect
fa6ba23a4776978ebec414d5cbc5564b14ed138ac584a5c0b930693916d28e6f,2021-03,South Yorkshire Police,South Yorkshire Police,-1.115104,53.533958,On or near OVERSLEY ROAD,E01007653,Doncaster 015E,Investigation complete; no suspect identified
e12a56ae5d11587fef7502b8ed121c8871325c80dabd33022f4d63788b80dafd,2021-03,South Yorkshire Police,South Yorkshire Police,-1.109257,53.530733,On or near Hospital,E01007567,Doncaster 018D,Investigation complete; no suspect identified
0a860a27349d989dfe68267c538840dcc6d186f9ab318591680cb97e86db591b,2021-03,South Yorkshire Police,South Yorkshire Police,-1.155208,53.514168,On or near WINDLE ROAD,E01007531,Doncaster 022C,Unable to prosecute suspect
0c7ae4e5fb119d23750100acd0115783343b5949853a124e4eb4f0085adf9d0c,2021-03,South Yorkshire Police,South Yorkshire Police,-1.470539,53.367730,On or near BRAMALL COURT,E01008108,Sheffield 042A,Investigation complete; no suspect identified
121e3189e23ec0a93093868087bf80352768f1e88d9ef70cc2839d6eea6b4301,2021-03,South Yorkshire Police,South Yorkshire Police,-1.143421,53.510120,On or near LISTER AVENUE,E01007534,Doncaster 028D,Investigation complete; no suspect identified
76ffec998ce0eaa3c3bb32a5cc588bf828c0060be5134c348fc4cbea0ff78621,2021-03,South Yorkshire Police,South Yorkshire Police,-1.105155,53.528518,On or near Sports/Recreation Area,E01007565,Doncaster 018B,Suspect charged
1d4e4a4920bfdb31f5adc917749043c8b031d1e4b424385b1f5f8bd2c8250e53,2021-03,South Yorkshire Police,South Yorkshire Police,-1.108672,53.506126,On or near LAKESIDE BOULEVARD,E01007644,Doncaster 019A,Unable to prosecute suspect
3253112097f21028ee0c6535a603957bb946d0db02a4fc3cd4948523cf935fc9,2021-03,South Yorkshire Police,South Yorkshire Police,-1.092022,53.532419,On or near CARDIGAN ROAD,E01007566,Doncaster 018C,Unable to prosecute suspect
9353c9cbd4de8930ae90175038e224a78c3810c26a47ddbaa34d9c2c5cb366b9,2021-03,South Yorkshire Police,South Yorkshire Police,-1.515541,53.401557,On or near WISEWOOD LANE,E01007996,Sheffield 021E,Further investigation is not in the public interest
628a7475b8b932ddf2fc3303506c262d0fff12b70af192643418d29b68c19e3f,2021-03,South Yorkshire Police,South Yorkshire Police,-1.130127,53.522356,On or near HALL GATE,E01007645,Doncaster 022E,Unable to prosecute suspect
e9130c274b302e9ace6638efa0f40c32dfbdb25293b3daaaba81da55a597c4dc,2021-03,South Yorkshire Police,South Yorkshire Police,-1.115385,53.531291,On or near FERRERS ROAD,E01007654,Doncaster 019F,Investigation complete; no suspect identified
4dc06aeb59030cf9ae57b72d2110a80bc11e289849ed5a238c10811fbc98940d,2021-03,South Yorkshire Police,South Yorkshire Police,-1.302733,53.443884,On or near MEADOW CLOSE,E01007719,Rotherham 010A,Unable to prosecute suspect
cce96d2ec613f0a995e937200b1dc1df56102350ae0cf3a7d168db5b1d4415a1,2021-03,South Yorkshire Police,South Yorkshire Police,-1.488610,53.551490,On or near RICHARD STREET,E01007443,Barnsley 013F,Further investigation is not in the public interest
76e52169eac2863fde06ea717777e0adeda0a32aaee4ff022be6d0a164fc2d39,2021-03,South Yorkshire Police,South Yorkshire Police,-1.480350,53.382712,On or near BROAD LANE COURT,E01033261,Sheffield 073A,Unable to prosecute suspect
fada881dbb5ae37bdb2faf5015eac74c96ca2d840d79900167d39fcbeb651be2,2021-03,South Yorkshire Police,South Yorkshire Police,-1.444240,53.382640,On or near MALTRAVERS PLACE,E01007885,Sheffield 075E,Unable to prosecute suspect
a3b41537accf9a9d2b2ce7ed71ae40176433a56dabf553b5a3ae6b49726b0f2a,2021-03,South Yorkshire Police,South Yorkshire Police,-1.230245,53.379430,On or near ST PAULS CLOSE,E01007787,Rotherham 028A,Further action is not in the public interest
0bb6c58ed060795f8df95c204813963266edcff79df88372de1b973d09c18535,2021-03,South Yorkshire Police,South Yorkshire Police,-0.960482,53.614719,On or near UPPER KENYON STREET,E01007637,Doncaster 003B,Unable to prosecute suspect
d1e2e171b777df505a0b3c4b305abb773078f3304d2d89cec7cb7e9fc804a95b,2021-03,South Yorkshire Police,South Yorkshire Police,-1.093848,53.533808,On or near FLINT ROAD,E01007570,Doncaster 015A,Unable to prosecute suspect
e21fa071ba77ebe02656235a3ef3c04986fb352004cb59b22a475f259f52b4ac,2021-03,South Yorkshire Police,South Yorkshire Police,-1.488400,53.431133,On or near MANSEL CRESCENT,E01008116,Sheffield 009C,Unable to prosecute suspect
144400d5e9918d05e6af8457e5a085c307f155b23d75327693a26c4d353d7192,2021-03,South Yorkshire Police,South Yorkshire Police,-1.130672,53.526702,On or near ALLERTON STREET,E01007655,Doncaster 022F,Further investigation is not in the public interest
a0287cf399de33ef2ef76be394341d995a34cedc3c59f19cad9fee941626657b,2021-03,South Yorkshire Police,South Yorkshire Police,-1.415170,53.391049,On or near BASFORD STREET,E01007906,Sheffield 027D,Further action is not in the public interest
f4bc3644bdebc52495ccce0dcefcb36595122ac238c8ea82ac772e83c173ae5f,2021-03,South Yorkshire Police,South Yorkshire Police,-0.958738,53.622910,On or near WILLOW AVENUE,E01007635,Doncaster 001D,Investigation complete; no suspect identified
0bf90c2b0dfcd02e0439ff4f80acb79605fa87e15588d6a302bc4668cf462a36,2021-03,South Yorkshire Police,South Yorkshire Police,-1.169184,53.545204,On or near HOMEFIELD CRESCENT,E01007515,Doncaster 012C,Local resolution
bc81d2863876d0bd4827f61e6838a59e84c9cb07f81ce4af52562186947ac1f4,2021-03,South Yorkshire Police,South Yorkshire Police,-1.186195,53.485241,On or near JOHNSON COURT,E01007545,Doncaster 034A,Unable to prosecute suspect
d56cfd2c91522e994d6ed608a3b6ac7e29f703616d57e04a342972ad920ade28,2021-03,South Yorkshire Police,South Yorkshire Police,-1.466037,53.397202,On or near CHRIST CHURCH ROAD,E01007870,Sheffield 019A,Unable to prosecute suspect
0182bf0cedf3e01bfda5c680a6302ccbabf7c0ac28ec2e41209f03d9d3e7bca1,2021-03,South Yorkshire Police,South Yorkshire Police,-1.388007,53.530830,On or near HOPE STREET,E01007449,Barnsley 023C,Unable to prosecute suspect
a710873b16aa9ad32715f7d58a13bb1ec2ffe203a88819e6c89e549e800d441d,2021-03,South Yorkshire Police,South Yorkshire Police,-1.126134,53.519253,On or near CHEQUER ROAD,E01007645,Doncaster 022E,Suspect charged
860db61008dd11f6e790182e76973876c81f31ec184ed6e3784457ebd01eaf32,2021-03,South Yorkshire Police,South Yorkshire Police,-1.137532,53.522437,On or near Supermarket,E01007645,Doncaster 022E,Investigation complete; no suspect identified
42483a36e09119aa144da6fcd9da210e9f85950cd567979f5717ddec681db415,2021-03,South Yorkshire Police,South Yorkshire Police,-1.596472,53.482835,On or near Supermarket,E01008144,Sheffield 001A,Unable to prosecute suspect
f5d4e592fa7d50313e5488f1f0d9f7e85742ada2112b5d24519035af14ca786e,2021-03,South Yorkshire Police,South Yorkshire Police,-1.109257,53.530733,On or near Hospital,E01007567,Doncaster 018D,Investigation complete; no suspect identified
a3c3e6bd28ba49adee31f276345ae528dfbee7c0ee086b39e89f69657e90e39b,2021-03,South Yorkshire Police,South Yorkshire Police,-1.126134,53.519253,On or near CHEQUER ROAD,E01007645,Doncaster 022E,Unable to prosecute suspect
ba2c1808b760cf72c5439136f2e9b8fc739fe7de8522d45a06c73b1006080f9d,2021-03,South Yorkshire Police,South Yorkshire Police,-1.134891,53.524683,On or near Shopping Area,E01007655,Doncaster 022F,Investigation complete; no suspect identified
d40ce97b495dfc23405213f669819241b6fe948b598ac316f3b608e79c90a382,2021-03,South Yorkshire Police,South Yorkshire Police,-1.361124,53.429451,On or near MAIN STREET,E01007714,Rotherham 017B,Further investigation is not in the public interest
c0a3672cea0a717485a23c0b3af35fe905e4f36666ac495764f21908233f15b5,2021-03,South Yorkshire Police,South Yorkshire Police,-1.479580,53.418754,On or near Supermarket,E01008123,Sheffield 015E,Unable to prosecute suspect
3dc9a5eff7c40d857d1bae7850b615fd7233950eb8436c4486b37ee305f815d3,2021-03,South Yorkshire Police,South Yorkshire Police,-1.557561,53.446789,On or near STORTH LANE,E01008128,Sheffield 008C,Unable to prosecute suspect
f9fc522677dcc03890fe08dabaf3e49fad80da83aaf78c5ffd500d6128afe445,2021-03,South Yorkshire Police,South Yorkshire Police,-1.372553,53.509762,On or near BRAMPTON STREET,E01007695,Rotherham 001C,Suspect charged
a0a4c715f7e6ecf710438ead47637ffcb8dc77ab12eda7f449d8d01e2debac80,2021-03,South Yorkshire Police,South Yorkshire Police,-1.303562,53.496292,On or near CAMBRIDGE STREET,E01007574,Doncaster 031D,Investigation complete; no suspect identified
30dcd5e7fb9c67017793e66e7a64584d188d8c83f092c9f221e0f417231d3824,2021-03,South Yorkshire Police,South Yorkshire Police,-1.343737,53.455091,On or near RAWMARSH HILL,E01007784,Rotherham 008D,Unable to prosecute suspect
805b29cda6c593618a53a719892b3ad0bc447826250b3d80dac8e95d5b57bcc6,2021-03,South Yorkshire Police,South Yorkshire Police,-1.529074,53.587035,On or near STATION ROAD,E01007358,Barnsley 005B,Unable to prosecute suspect
229194c472fe971c6ced5ff4c67d0e192f57536ad8956b7351d05bcd79e285d7,2021-03,South Yorkshire Police,South Yorkshire Police,-1.076853,53.545193,On or near Petrol Station,E01007478,Doncaster 011D,Investigation complete; no suspect identified
da9aeb96d186b5552a7875554049fdc2dabd6202a596205eae516462ad42098f,2021-03,South Yorkshire Police,South Yorkshire Police,-1.552991,53.450412,On or near BRIGHTHOLMLEE COURT,E01008136,Sheffield 008D,Unable to prosecute suspect
22cb49e2f1d17c161359c31b5949251db8ab2769b48520f95349f0023748d1d1,2021-03,South Yorkshire Police,South Yorkshire Police,-1.132540,53.518670,On or near COLLEGE ROAD,E01007645,Doncaster 022E,Unable to prosecute suspect
9cec4fafc6d36acb995e53a1b8e05c9ab493f8424ccf998e2c6a7eecbced94b5,2021-03,South Yorkshire Police,South Yorkshire Police,-1.317180,53.479976,On or near BEECHAM COURT,E01007794,Rotherham 004C,Suspect charged
336099fc5483e37de2801f1f5a99788a2a6a68ce1207e3b147adc899efb4e270,2021-03,South Yorkshire Police,South Yorkshire Police,,,No location,,,Local resolution
0d2b82751bbd07972ed6d351a6a50ab0e0fa515ed9665677f4ff0f56282000fe,2021-03,South Yorkshire Police,South Yorkshire Police,-1.144864,53.513366,On or near LITTLEMOOR LANE,E01007533,Doncaster 023C,Unable to prosecute suspect
07f65c60e7193a0fc756b806bff2e3372be7771103230a4501911c5a286a602b,2021-03,South Yorkshire Police,South Yorkshire Police,-1.144864,53.513366,On or near LITTLEMOOR LANE,E01007533,Doncaster 023C,Unable to prosecute suspect
48f85ebe48c76ec0af7d4c4d230061c45dd1dda57d32d8e6b3837f9cd40a8a70,2021-03,South Yorkshire Police,South Yorkshire Police,-1.207309,53.543378,On or near DONCASTER BY-PASS,E01007583,Doncaster 020A,Investigation complete; no suspect identified
4ec2bb21c566977548015fdaf54f2dd8440f0ecb3ce1f74624ade50b67c9998e,2021-03,South Yorkshire Police,South Yorkshire Police,-1.252572,53.586805,On or near HAMPOLE FIELD LANE,E01007587,Doncaster 020C,Suspect charged
45c96f29ebf89c36162e51afd28845c3afc6479a42e7d0762e99d18eac2eb6af,2021-03,South Yorkshire Police,South Yorkshire Police,-1.451339,53.383571,On or near ST JOHN'S ROAD,E01007885,Sheffield 075E,Unable to prosecute suspect
c8825eeedaef5c29d21056562fedaa7a68c3f9d3941473906cf6ca85d2169c9f,2021-03,South Yorkshire Police,South Yorkshire Police,-1.403671,53.593909,On or near MAGNOLIA CLOSE,E01007331,Barnsley 003B,Unable to prosecute suspect
33aff52b68db75a087ac4c71fc2771fdf24825443020831ae45054917e1592b6,2021-03,South Yorkshire Police,South Yorkshire Police,-1.482856,53.373213,On or near Petrol Station,E01033272,Sheffield 040F,Unable to prosecute suspect
f4d7408b23f49aa858bd187a6f1762de5f072ecccb6e14c2c5839f3b80b4f28b,2021-03,South Yorkshire Police,South Yorkshire Police,-1.484738,53.583230,On or near CLIFTON CLOSE,E01007324,Barnsley 007B,Unable to prosecute suspect
bfad6534f0e295ec9aa1490211684b357e1aa5a49be3bad71d5017343b6044af,2021-03,South Yorkshire Police,South Yorkshire Police,-1.324324,53.465608,On or near THRYBERGH HALL ROAD,E01007773,Rotherham 006C,Unable to prosecute suspect
24d32cc6b465d8ecb16d9fbb776fea6cc8b4c7b53c58b3839b40593cfc24d99d,2021-03,South Yorkshire Police,South Yorkshire Police,-1.453440,53.403806,On or near Sports/Recreation Area,E01007872,Sheffield 020B,Further action is not in the public interest
041eaf0e84a0e989b02c2adffcfe050117fea49af88ddb56151c7dc4e923743d,2021-03,South Yorkshire Police,South Yorkshire Police,-0.977919,53.615030,On or near OMEGA BOULEVARD,E01007640,Doncaster 003E,Investigation complete; no suspect identified
fca337e740d68bc121c4e9552954e07fa61720045395058b1862be8f81923446,2021-03,South Yorkshire Police,South Yorkshire Police,-1.102364,53.436380,On or near ALDERSON CLOSE,E01007614,Doncaster 039C,Unable to prosecute suspect
973e8b40a04c383c456b66a08f4a8b9111b8e52bc009a5bf7f9a8cfe13bd8256,2021-03,South Yorkshire Police,South Yorkshire Police,-1.468492,53.382418,On or near FARGATE,E01033264,Sheffield 073D,Investigation complete; no suspect identified
21712b5f18d16a334ac3bff483f79806b6641b33f37beb3b5d1f759dd71f7202,2021-03,South Yorkshire Police,South Yorkshire Police,-1.472447,53.382345,On or near PINFOLD STREET,E01033265,Sheffield 074C,Suspect charged
358e33f1783e0bd8bac19d2f68c957e0685ade114f9650582acc8cd138a84008,2021-03,South Yorkshire Police,South Yorkshire Police,-1.541732,53.312798,On or near OLDWELL CLOSE,E01007925,Sheffield 068D,Investigation complete; no suspect identified
dd6f812f497f14267608b0c69d44cbf3a573089c9fd57fb79137c0473041696e,2021-03,South Yorkshire Police,South Yorkshire Police,-1.152476,53.616268,On or near MARKET PLACE,E01007492,Doncaster 002F,Unable to prosecute suspect
5243021126752323c1d0f5c7f1a19422fb53e1713acd5d2b2ac8f2266fb265e8,2021-03,South Yorkshire Police,South Yorkshire Police,-1.389725,53.450076,On or near ROUGHWOOD ROAD,E01007730,Rotherham 009C,Unable to prosecute suspect
2b0a435be92c5140e30e4b13a122ee29ecd205d37d6cf3ec7829f63e67f87c51,2021-03,South Yorkshire Police,South Yorkshire Police,-1.483006,53.374508,On or near EXETER PLACE,E01008114,Sheffield 074A,Unable to prosecute suspect
8f0c0c9c48922d0375095fddfa99fd2b309a39149f86e04eadea007b3dcb5fdf,2021-03,South Yorkshire Police,South Yorkshire Police,-1.403222,53.563508,On or near STORRS WOOD VIEW,E01007347,Barnsley 008D,Unable to prosecute suspect
c27b9927bffb4cca3871a20f0bf1accf39086a5d4c7c011c8cf09cf87480bc40,2021-03,South Yorkshire Police,South Yorkshire Police,,,No location,,,Further action is not in the public interest
dd52e38fbb41574e38419b08b89f55c36a5bcffb4e0f831b6f1da4d75ed345f3,2021-03,South Yorkshire Police,South Yorkshire Police,-1.157378,53.609237,On or near SUTTON ROAD,E01007491,Doncaster 002E,Unable to prosecute suspect
214e5bd17b8a1f563b07065083f61b88ce20aa7838bc7548cc886f2d9b42e6dd,2021-03,South Yorkshire Police,South Yorkshire Police,-1.182862,53.584138,On or near CROASDALE GARDENS,E01007474,Doncaster 005F,Further action is not in the public interest
4d2915fc0f9212049ed1bcf3028fa15835a792b739923ccc88e1e46bb31a8055,2021-03,South Yorkshire Police,South Yorkshire Police,-1.026285,53.600899,On or near BRIARS LANE,E01007626,Doncaster 004B,Offender given a caution
5b05e9cc56ef907b52e295b42924afff7454305efa937d47c89a54bb4caf929a,2021-03,South Yorkshire Police,South Yorkshire Police,-1.153272,53.515961,On or near SHADY SIDE,E01007529,Doncaster 022A,Unable to prosecute suspect
75f00548ebe60e07127b74d3af608a2c2329a549a7042b4b3ecfe55742381ed9,2021-03,South Yorkshire Police,South Yorkshire Police,-1.153272,53.515961,On or near SHADY SIDE,E01007529,Doncaster 022A,Unable to prosecute suspect
a3fb58851ee8860fdb95c1da25459362e4b4afbd21f8e4a3cbd55f5e194c37f8,2021-03,South Yorkshire Police,South Yorkshire Police,-1.138239,53.525471,On or near Supermarket,E01007655,Doncaster 022F,Investigation complete; no suspect identified
93424b9652e051f844fef4b44861ebee8f1b48482ce2dd843a21ea9fa7ee4126,2021-03,South Yorkshire Police,South Yorkshire Police,-1.478355,53.370057,On or near BROOM CLOSE,E01008105,Sheffield 040A,Unable to prosecute suspect
f4234d005a253d692b9863681bce8f3e9adb198a00d2a6a88c2178e82205c1ee,2021-03,South Yorkshire Police,South Yorkshire Police,-1.419500,53.412050,On or near HAYLAND STREET,E01007854,Sheffield 014E,Unable to prosecute suspect
af8c458999772e911fcfced4abcf260977a60082fcd31d797440a392dae6bb25,2021-03,South Yorkshire Police,South Yorkshire Police,-0.947487,53.633922,On or near GRANGE ROAD,E01007632,Doncaster 001A,Unable to prosecute suspect
679804ba22ec520bc244da45860f55a396182653c619494e86a061b05abb9ece,2021-03,South Yorkshire Police,South Yorkshire Police,-1.387185,53.367062,On or near SUNDOWN PLACE,E01007973,Sheffield 037D,Local resolution
e40b2d6a8b5ab71bab3eb30301eca6144ee0f71c0d0253a9d99382e75385523a,2021-03,South Yorkshire Police,South Yorkshire Police,-1.439509,53.344496,On or near MORLAND BANK,E01008007,Sheffield 060A,Offender given a caution
cd3fe4d2cc77d11e0540a432f8eb1261cb178a2b291111a753a7fd7d7f809d0b,2021-03,South Yorkshire Police,South Yorkshire Police,-1.166691,53.502275,On or near IVANHOE ROAD,E01007497,Doncaster 029B,Unable to prosecute suspect
e7d87fdc20f2e6c40a1f478ab1b9f1b661f3fa695ba5725704f3f6fd5b91c960,2021-03,South Yorkshire Police,South Yorkshire Police,-1.455475,53.497737,On or near SKIERS VIEW ROAD,E01007390,Barnsley 030B,Investigation complete; no suspect identified
f259c3e19890e09dfeb6d76abb4d0e74d7d58053246b1452cac89e4bd3cecbe5,2021-03,South Yorkshire Police,South Yorkshire Police,-1.381425,53.360084,On or near HARDCASTLE ROAD,E01007968,Sheffield 049C,Local resolution
b499e08db4f326df8a23739251f474a9e4404e4ea75f547f8e2c03a944288b34,2021-03,South Yorkshire Police,South Yorkshire Police,-1.523565,53.546251,On or near BARNSLEY ROAD,E01007382,Barnsley 019A,Unable to prosecute suspect
9feab1437663dd76a0ea1fdff46fc9bcef9e059905e5d24f460ff38b8fdb197d,2021-03,South Yorkshire Police,South Yorkshire Police,-1.148469,53.502012,On or near NORFOLK ROAD,E01007495,Doncaster 028A,Unable to prosecute suspect
53eeef1a904d8b54c87345c26a56511b9c6ad251dbb4fb6318c78d31ff5f2596,2021-03,South Yorkshire Police,South Yorkshire Police,-1.483006,53.374508,On or near EXETER PLACE,E01008114,Sheffield 074A,Unable to prosecute suspect
1024daf542b6124ed673838e628fab3439a6a8a0bcd2ae63c240af7e2ce7e36d,2021-03,South Yorkshire Police,South Yorkshire Police,-1.366872,53.348430,On or near RAINBOW CRESCENT,E01008029,Sheffield 056B,Unable to prosecute suspect
58a609454a16500c56fbf47ff28c3a56f1b9cd8242d83ebf4a0863990a4b3274,2021-03,South Yorkshire Police,South Yorkshire Police,-1.441043,53.542837,On or near KAY'S TERRACE,E01007320,Barnsley 018C,Unable to prosecute suspect
a2380ca6726adb8928078208b512b5c9bc44d2d2e43ad37af88687fb0a4c4f18,2021-03,South Yorkshire Police,South Yorkshire Police,-1.354080,53.431426,On or near HOWARD STREET,E01007714,Rotherham 017B,Unable to prosecute suspect
c3789369a9624ffc9ba37729bb5620a581188d6219e89a66752d2eb2b2a68905,2021-03,South Yorkshire Police,South Yorkshire Police,-1.359519,53.416031,On or near ROTHER TERRACE,E01007676,Rotherham 025A,Unable to prosecute suspect
b52ecf6166a299b5c3ccd83dff7a1834c4ed1a8ec2fc368f18df4cfeba5de317,2021-03,South Yorkshire Police,South Yorkshire Police,-1.314888,53.479118,On or near HAYTHORNE WAY,E01007794,Rotherham 004C,Unable to prosecute suspect
6a96e9c175ad789a25f63bf7e619d16edd4f18a9d745643402e7b3a4afd099d8,2021-03,South Yorkshire Police,South Yorkshire Police,-1.022816,53.598651,On or near DR ANDERSON AVENUE,E01007627,Doncaster 004C,Unable to prosecute suspect
960d77af6b8430f8f0daa8be634b54c3f4ff3e437c2c6724c4b8569b648584b3,2021-03,South Yorkshire Police,South Yorkshire Police,-1.269171,53.424762,On or near PEAR TREE AVENUE,E01007682,Rotherham 019A,Unable to prosecute suspect
2c25309cc8b8e73649066a88b37ce13784838868ae4ae5aecba490e6cfed7a16,2021-03,South Yorkshire Police,South Yorkshire Police,-1.445858,53.504614,On or near CORONATION ROAD,E01007392,Barnsley 030D,Local resolution
5c767b15d9fea533404c4c06f897b8f2fe7c044561054917cc64838e31cec746,2021-03,South Yorkshire Police,South Yorkshire Police,-1.055499,53.535687,On or near Petrol Station,E01007482,Doncaster 014D,Suspect charged
f48fe495bc084a11d176e7c2a6066ba8b6516630f2660b9becf5908cfb5e578d,2021-03,South Yorkshire Police,South Yorkshire Police,-1.123103,53.535294,On or near CHURCHILL ROAD,E01007654,Doncaster 019F,Investigation complete; no suspect identified
c1cc4b307e8f1b2087cfaecde3d6e9d22441541b348ea6ca7f05f8487697feae,2021-03,South Yorkshire Police,South Yorkshire Police,-1.061967,53.505850,On or near GOODISON BOULEVARD,E01007604,Doncaster 024D,Unable to prosecute suspect
10abefe489931f9ba4e0140b8dc838b087636b14f39338b9fd1a3c7c7302db19,2021-03,South Yorkshire Police,South Yorkshire Police,-1.124088,53.533629,On or near RADIANCE ROAD,E01007654,Doncaster 019F,Investigation complete; no suspect identified
b7a8a42fa5d1578f00d5d0803d8ccf108336f3ee5a152edd4f9101b989293633,2021-03,South Yorkshire Police,South Yorkshire Police,-1.419191,53.343069,On or near WHITE LANE,E01007846,Sheffield 062D,Unable to prosecute suspect
501d98492c5517d12d95642883b12f5f3d095462957a02bd0412043ade8cd1f5,2021-03,South Yorkshire Police,South Yorkshire Police,-0.958482,53.611834,On or near CHURCH STREET,E01007638,Doncaster 003C,Unable to prosecute suspect
8b9bf7bdc0fb2883dd4f2afcdb240b229c15edd904388cc5fbfe114611bc07ea,2021-03,South Yorkshire Police,South Yorkshire Police,-1.111237,53.539215,On or near WORCESTER AVENUE,E01007651,Doncaster 015C,Investigation complete; no suspect identified
8134988be2c973af01156c98feb63033e8e5634b7c8e1851f2bce6162328baf8,2021-03,South Yorkshire Police,South Yorkshire Police,-1.503388,53.401570,On or near HOLME CLOSE,E01008161,Sheffield 026E,Investigation complete; no suspect identified
14dd54694565be1a0e07f86648bb04c9c3851e4c7cdad6f74ceff9eec249ae44,2021-03,South Yorkshire Police,South Yorkshire Police,-1.343928,53.470031,On or near PARK GROVE,E01007780,Rotherham 005C,Suspect charged
3d1ab8ee1713956f39626ce67d19d96f8bf56ed86f4a7d2ed00d85049b1f4ed4,2021-03,South Yorkshire Police,South Yorkshire Police,-1.519286,53.369554,On or near RIVERDALE AVENUE,E01007858,Sheffield 038A,Investigation complete; no suspect identified
35f5a3221695f4434f39e20a60a7484a4d8fdbf8a3014c13d83aca5c65464efa,2021-03,South Yorkshire Police,South Yorkshire Police,-1.495030,53.556129,On or near WELBECK STREET,E01007441,Barnsley 013E,Unable to prosecute suspect
4b8304cc0248ce1456e78d93865c86bcc53b6ecb60808fd5dd8485788f5398c8,2021-03,South Yorkshire Police,South Yorkshire Police,-1.054161,53.542247,On or near HAWTHORN AVENUE,E01007480,Doncaster 014B,Investigation complete; no suspect identified
1c50491ef52dbfc8091836744f3a5b5aea7b289a171eccd8e28d0c9ff0910714,2021-03,South Yorkshire Police,South Yorkshire Police,-1.480810,53.352351,On or near WOODBANK CRESCENT,E01007983,Sheffield 053D,Investigation complete; no suspect identified
76acf6ab8d3dd41a52b9c6e26aa4293efc3326c6302b251aa925a10a708065bd,2021-03,South Yorkshire Police,South Yorkshire Police,-1.511255,53.381872,On or near FORRES ROAD,E01007951,Sheffield 029A,Unable to prosecute suspect
3b6ff43b0c29487d813c86c3fc62c8c71bdfb51cbc332f4e37a3655332ff6191,2021-03,South Yorkshire Police,South Yorkshire Police,-1.334478,53.484774,On or near WOODMAN DRIVE,E01007818,Rotherham 003F,Unable to prosecute suspect
ea93798c179dc6316d2018fdf337af72c9c7b41a3496a5db51822ac79363af7a,2021-03,South Yorkshire Police,South Yorkshire Police,-1.509968,53.404905,On or near FINDON STREET,E01007994,Sheffield 021D,Investigation complete; no suspect identified
2d39c3003effc412980fc10eb65d8b15fc8eb76ec58815198c10613264654b13,2021-03,South Yorkshire Police,South Yorkshire Police,-1.101458,53.542791,On or near Shopping Area,E01007652,Doncaster 015D,Investigation complete; no suspect identified
1f23bdaea751ca3a050c06473b03632a29498736913658d74045302d574931d8,2021-03,South Yorkshire Police,South Yorkshire Police,-1.123103,53.535294,On or near CHURCHILL ROAD,E01007654,Doncaster 019F,Investigation complete; no suspect identified
1f3cd4f8f1247ba4c70ff0c8adfb9322d418f5420d32358ab58c1d0ce9bc966a,2021-03,South Yorkshire Police,South Yorkshire Police,-1.163646,53.503809,On or near ARMITAGE ROAD,E01007496,Doncaster 029A,Unable to prosecute suspect
693a08ea24b4ed20bb58bf864798cbfbc6e5e55e2d99c961dc4c941e0119e50f,2021-03,South Yorkshire Police,South Yorkshire Police,-1.050194,53.536058,On or near Supermarket,E01007482,Doncaster 014D,Investigation complete; no suspect identified
d23b0b6dd338d165cb8212c80e0a746ad3d48ed4cba32d26f25f1f2c903172c3,2021-03,South Yorkshire Police,South Yorkshire Police,-1.451339,53.383571,On or near ST JOHN'S ROAD,E01007885,Sheffield 075E,Investigation complete; no suspect identified
fd7e1c6818f15d287f79464808929fb60b057eb0f95331892d60c33421765ff0,2021-03,South Yorkshire Police,South Yorkshire Police,-1.486281,53.430845,On or near CHAUCER ROAD,E01008116,Sheffield 009C,Local resolution
8f80759b1d884d24cc26d586da7ef29dfe684edc4ced28e469f49b216ed85941,2021-03,South Yorkshire Police,South Yorkshire Police,-1.326226,53.489159,On or near YEARLING CHASE,E01007818,Rotherham 003F,Unable to prosecute suspect
928a555b3037ea966f742890dfd7edd5359694d3f5987f5afa12f7fed89fbdcf,2021-03,South Yorkshire Police,South Yorkshire Police,-1.346041,53.492380,On or near QUARRY HILL ROAD,E01007819,Rotherham 002C,Unable to prosecute suspect
1920d7d15f1995e7031c2c4cbebf35b6ff1c11ed26ae549b9f3d4675c9c6054c,2021-03,South Yorkshire Police,South Yorkshire Police,-1.017780,53.432506,On or near STATION ROAD,E01007609,Doncaster 038B,Local resolution
9f4e5ec3d70c156cb4b3e857c2c16633efc1ae571f7b4488f7354fe2d403564e,2021-03,South Yorkshire Police,South Yorkshire Police,-1.477038,53.499649,On or near SHEFFIELD ROAD,E01007424,Barnsley 028E,Local resolution
81b80da09fe5d8baf14e6ddd23e36295fbe94dfaf2160ef570ab3ac6ae66d6c0,2021-03,South Yorkshire Police,South Yorkshire Police,-1.044195,53.534455,On or near HANDSWORTH GARDENS,E01007484,Doncaster 017B,Unable to prosecute suspect
48a3b10b90ff223291a6ef389dd3cf2fdcc08c4f1d848f86c5e8847cccc41a0f,2021-03,South Yorkshire Police,South Yorkshire Police,-1.445514,53.372551,On or near ESSEX ROAD,E01007882,Sheffield 075D,Unable to prosecute suspect
edf464f35b4192152c143fb2a96440cad0175232d262e4b3d14a16a5478f5b1e,2021-03,South Yorkshire Police,South Yorkshire Police,-1.026344,53.592396,On or near EMERSON AVENUE,E01007629,Doncaster 004E,Unable to prosecute suspect
4067f6ba62657e1549295b78dc832e4502a3f1cd9438ebbe8bd7cca67cd6d39f,2021-03,South Yorkshire Police,South Yorkshire Police,-1.359477,53.505971,On or near WINTERWELL ROAD,E01007693,Rotherham 001A,Unable to prosecute suspect
efdb2ca9c699c55d03695e483d072c5607e8aeebd17c3d2c5d1a97b0695ff0ca,2021-03,South Yorkshire Police,South Yorkshire Police,-1.489038,53.357770,On or near NETHER EDGE ROAD,E01008042,Sheffield 050A,Unable to prosecute suspect
7226fcdcd03273381b0547b5416e54886e684b9097f03329a4e9d0810ebf2a84,2021-03,South Yorkshire Police,South Yorkshire Police,-1.606079,53.481951,On or near OAKS AVENUE,E01008149,Sheffield 001D,Local resolution
3a5aaba14307a5a01fbc0496432842efe516bf8f51f27ec888256f23c2a9d5ce,2021-03,South Yorkshire Police,South Yorkshire Police,-1.131172,53.525869,On or near MARKET ROAD,E01007655,Doncaster 022F,Investigation complete; no suspect identified
f89b2b4ba4ae9d17c8b65dd7cb60b0905f34cf06e50c1ddfba2ddce2811c1f72,2021-03,South Yorkshire Police,South Yorkshire Police,-1.396133,53.429291,On or near BENNETT STREET,E01007744,Rotherham 015D,Local resolution
b3ed90b96d74baa18e5cd24944f80a06a82d069e4a79d204a7de61579d1c0a68,2021-03,South Yorkshire Police,South Yorkshire Police,-1.123103,53.535294,On or near CHURCHILL ROAD,E01007654,Doncaster 019F,Unable to prosecute suspect
10782f7aa6319e0ddf57142755b477d2d6d00b696f25763feb7df84eb527d5b7,2021-03,South Yorkshire Police,South Yorkshire Police,-1.489887,53.364641,On or near KENWOOD ROAD,E01008049,Sheffield 050D,Unable to prosecute suspect
00221782129539eb2c6e52f9081052b1fff2280ccfc8e8f351730fd2cb2c5df9,2021-03,South Yorkshire Police,South Yorkshire Police,-1.130369,53.523796,On or near FRANCES STREET,E01007645,Doncaster 022E,Investigation complete; no suspect identified
c831d2049e7ef6311eee9150b59cb8c3c235cd49d384601c231e047ac72b4ed3,2021-03,South Yorkshire Police,South Yorkshire Police,-1.135479,53.515842,On or near WELCOME WAY,E01007530,Doncaster 022B,Unable to prosecute suspect
48c7f224cd3af907f05596035901e631d664f0e9e224e353a43bda0e611bd496,2021-03,South Yorkshire Police,South Yorkshire Police,-1.486108,53.423923,On or near WORDSWORTH AVENUE,E01008090,Sheffield 012C,Unable to prosecute suspect
48c7f224cd3af907f05596035901e631d664f0e9e224e353a43bda0e611bd496,2021-03,South Yorkshire Police,South Yorkshire Police,-1.486108,53.423923,On or near WORDSWORTH AVENUE,E01008090,Sheffield 012C,Unable to prosecute suspect
1ce092cc5d953a8877fbaae296e226688cd2e528939a63609503031778666b6f,2021-03,South Yorkshire Police,South Yorkshire Police,-1.155208,53.514168,On or near WINDLE ROAD,E01007531,Doncaster 022C,Further action is not in the public interest
9abdd4261e206386d3fc60814cf89012dbf9e8e3c17a9162681e4ed650e4fa28,2021-03,South Yorkshire Police,South Yorkshire Police,-1.415980,53.369157,On or near VIKINGLEA CLOSE,E01008011,Sheffield 039A,Suspect charged
b7a127f3d54ffb89d4449e364e570c0a44ef95dc711f186126081dfc060ff16f,2021-03,South Yorkshire Police,South Yorkshire Police,-1.438633,53.383737,On or near CRICKET INN ROAD,E01008015,Sheffield 039D,Investigation complete; no suspect identified
09929f70f0403885d2134526a9933cc4f880cb96650615f6357c3f5f6e36b8c2,2021-03,South Yorkshire Police,South Yorkshire Police,,,No location,,,Unable to prosecute suspect
501f8a0eb331f2c100a39c58226ed39339fca73fca229f7f8532e649ee23acf4,2021-03,South Yorkshire Police,South Yorkshire Police,-0.972338,53.544772,On or near HAMPDEN CRESCENT,E01007557,Doncaster 008B,Unable to prosecute suspect
4e2d770078cb4cb7558d7cd24df862eadaaf918753eb7343bb5763fee119665e,2021-03,South Yorkshire Police,South Yorkshire Police,-1.500810,53.587064,On or near BRAITHWAITE STREET,E01007361,Barnsley 004C,Unable to prosecute suspect
286358ded5c02f2980be11a68dd430ecc0d524a2cce0ccfb7d7a7bf5f9b0be46,2021-03,South Yorkshire Police,South Yorkshire Police,-1.485250,53.554766,On or near CHURCHFIELD,E01007336,Barnsley 013A,Further investigation is not in the public interest
e52259953205a4026ae9ae436a6293fb22d5dd1353986b4a62f385cc1c750d13,2021-03,South Yorkshire Police,South Yorkshire Police,-1.135604,53.521533,On or near DUKE STREET,E01007645,Doncaster 022E,Unable to prosecute suspect
fd5a023fbabd841f64de0e84c91fee64fec27454809fec03c626a16c3e4d8d3b,2021-03,South Yorkshire Police,South Yorkshire Police,-1.195491,53.420001,On or near KING AVENUE,E01007760,Rotherham 020D,Unable to prosecute suspect
cf29e279cbcdf3d94ae8a47331f38d1b7b15c5a0713623f7a18243a9dbc923e3,2021-03,South Yorkshire Police,South Yorkshire Police,-1.370447,53.511485,On or near WATH ROAD,E01007695,Rotherham 001C,Unable to prosecute suspect
71ff20080ce5a7d958e3fa654f66e6443499c8efee47b31482cd7bc7a69819ab,2021-03,South Yorkshire Police,South Yorkshire Police,-1.458513,53.437842,On or near CROSS HILL,E01008139,Sheffield 006E,Unable to prosecute suspect
17b346429f240310887c21dcdf4e7302243fb3ab0a9384b543440267e643c7b3,2021-03,South Yorkshire Police,South Yorkshire Police,-1.133018,53.520418,On or near Supermarket,E01007645,Doncaster 022E,Suspect charged
605ebce6de147275bdbc96175610b004c19f1fe2403e7211f6a2f1f53840ec48,2021-03,South Yorkshire Police,South Yorkshire Police,,,No location,,,Investigation complete; no suspect identified
b47a4f0d9e10ccdc94030a092e7696fd6f6743292e9726d9dde56feae4b6d21c,2021-03,South Yorkshire Police,South Yorkshire Police,-1.366365,53.431258,On or near VINE CLOSE,E01007716,Rotherham 016B,Unable to prosecute suspect
0b64a4399de71341a4711356ab0c01675363cf248a20c783263ac9f5f7dca41a,2021-03,South Yorkshire Police,South Yorkshire Police,-1.355828,53.324658,On or near MALHAM GARDENS,E01008027,Sheffield 065D,Unable to prosecute suspect
a0d68e83dbc4cba583698fb1929da61614bfd3f39302bbda857197744ef8e4ea,2021-03,South Yorkshire Police,South Yorkshire Police,-1.476168,53.368249,On or near LONDON ROAD,E01008109,Sheffield 042B,Investigation complete; no suspect identified
1c26d9c29d3f74d52e89a122f780c80a6a06e3235053eaee0521378952049253,2021-03,South Yorkshire Police,South Yorkshire Police,-1.460120,53.596065,On or near CROFT AVENUE,E01007435,Barnsley 001B,Unable to prosecute suspect
d0757d76b308856f051f976be0049c92df753c59296b20f2718ad2f5bff1aca9,2021-03,South Yorkshire Police,South Yorkshire Police,-1.328125,53.466213,On or near OSBERTON STREET,E01007773,Rotherham 006C,Unable to prosecute suspect
7ef45b10a503001675bf92c8cf4990691a76d5a5f66c16b634f909e66b7722e8,2021-03,South Yorkshire Police,South Yorkshire Police,-1.019045,53.501739,On or near THE GREEN,E01007600,Doncaster 026B,Suspect charged
c96d6358d0921b9af4592c37faf88e30a12b0813f7ac8e7f88db7a0d702ff118,2021-03,South Yorkshire Police,South Yorkshire Police,-1.217134,53.366410,On or near PARKLANDS AVENUE,E01007792,Rotherham 028D,Investigation complete; no suspect identified
33d8baf9ff0953e280620e239137aef87d4071eb62ba13eaffeb78b240611e3a,2021-03,South Yorkshire Police,South Yorkshire Police,-1.470378,53.379487,On or near PINSTONE STREET,E01033264,Sheffield 073D,Investigation complete; no suspect identified
f1b361f5416938c9c461b777a4912b2b828dfbc2d7179d92250e7ddf55313b7f,2021-03,South Yorkshire Police,South Yorkshire Police,-1.100535,53.525104,On or near ESSEX AVENUE,E01007568,Doncaster 018E,Suspect charged
90b91feb5df58130ae343f06e77213e7b70db03959a8a4642ec4c4720871d2cc,2021-03,South Yorkshire Police,South Yorkshire Police,-1.332596,53.438589,On or near ST JOHN'S ROAD,E01007736,Rotherham 014A,Unable to prosecute suspect
90b91feb5df58130ae343f06e77213e7b70db03959a8a4642ec4c4720871d2cc,2021-03,South Yorkshire Police,South Yorkshire Police,-1.332596,53.438589,On or near ST JOHN'S ROAD,E01007736,Rotherham 014A,Unable to prosecute suspect
81f2d196010f896810ba44921b1090e682f13b5160959f89fe54e8d146108480,2021-03,South Yorkshire Police,South Yorkshire Police,-1.145793,53.507656,On or near BURTON AVENUE,E01007534,Doncaster 028D,Unable to prosecute suspect
8def9e7810993e3b5a4d6b67e4454812a897d26f7b602c257ae022d965fb67cc,2021-03,South Yorkshire Police,South Yorkshire Police,-1.076127,53.469691,On or near RADBURN ROAD,E01007597,Doncaster 037E,Investigation complete; no suspect identified
068a28d351d6d0396aa10a30d91604929d533a1edeeff32d87519a7fa6d3a39c,2021-03,South Yorkshire Police,South Yorkshire Police,-1.133079,53.525560,On or near HIGH FISHER GATE,E01007655,Doncaster 022F,Further action is not in the public interest
734a3fa4c2269bb08aec1bb91d553ada75b4c565b656b52c097a9d96ee258dea,2021-03,South Yorkshire Police,South Yorkshire Police,-1.539618,53.376717,On or near SANDYGATE GROVE,E01007953,Sheffield 033B,Unable to prosecute suspect
f80f99b8391e1a59b87b0951d29670214b5b13ee0863eda44be66afe549e25cd,2021-03,South Yorkshire Police,South Yorkshire Police,-1.487461,53.419039,On or near WORDSWORTH AVENUE,E01008090,Sheffield 012C,Offender given a caution
e2d3d668801e40a6614792e99a95742c87d735c8a58041697298a3fa8d4a5515,2021-03,South Yorkshire Police,South Yorkshire Police,-1.195842,53.420525,On or near DURHAM STREET,E01007760,Rotherham 020D,Unable to prosecute suspect
e2d3d668801e40a6614792e99a95742c87d735c8a58041697298a3fa8d4a5515,2021-03,South Yorkshire Police,South Yorkshire Police,-1.195842,53.420525,On or near DURHAM STREET,E01007760,Rotherham 020D,Unable to prosecute suspect
92e89d1d8f61e2db9e26eb221847c844a13b887a9eb1d5c02194efd1571db0cc,2021-03,South Yorkshire Police,South Yorkshire Police,-1.488662,53.320133,On or near GRESLEY ROAD,E01007916,Sheffield 069B,Suspect charged
46135ffb1aa3d4bc848aaf6fd679e2abe8890cba3456a51df584459fdc634345,2021-03,South Yorkshire Police,South Yorkshire Police,-1.415014,53.362923,On or near BROADLEY ROAD,E01008010,Sheffield 052E,Suspect charged
b9218f7a3ae72a7b6e3942e01a8e8e5667d6fe545af60fbef1a7382a3e502272,2021-03,South Yorkshire Police,South Yorkshire Police,-1.417056,53.360811,On or near ULLEY CRESCENT,E01008010,Sheffield 052E,Suspect charged
7ba1bed9ee4b7a6b85eb3c2411de6fc9bce14855df49838e5dabdf9add5fcea4,2021-03,South Yorkshire Police,South Yorkshire Police,-1.346913,53.436565,On or near Petrol Station,E01007769,Rotherham 017D,Unable to prosecute suspect
57e9f62003aaeb6e9ec9831107ff6437e6155322d86ffb7bc7bf63b866508345,2021-03,South Yorkshire Police,South Yorkshire Police,-1.488662,53.320133,On or near GRESLEY ROAD,E01007916,Sheffield 069B,Unable to prosecute suspect
8bea3d8da649ccf70870dd7f5d3ec2b19a8232c10f8fbf1e227122d2dc759f79,2021-03,South Yorkshire Police,South Yorkshire Police,-1.111751,53.538428,On or near DURHAM ROAD,E01007651,Doncaster 015C,Suspect charged
a99766768c6fe55406ae0fea84375ccc26a3584d8ef20946f125a2c54e9976bd,2021-03,South Yorkshire Police,South Yorkshire Police,-1.109257,53.530733,On or near Hospital,E01007567,Doncaster 018D,Suspect charged
df4205aa1b7c625b6dc38ce7297f1bd8da3f8d619bb74410ebdb778c407b88cc,2021-03,South Yorkshire Police,South Yorkshire Police,-1.349849,53.427610,On or near CLIFTON TERRACE,E01007714,Rotherham 017B,Offender given penalty notice
2c9c1f1f146613586b50f4c4b1a27785da2580f6598d693afad6803b2764f995,2021-03,South Yorkshire Police,South Yorkshire Police,-1.187719,53.416425,On or near BIRKS HOLT DRIVE,E01007764,Rotherham 020F,Unable to prosecute suspect
f97cd09edef5ad2b2a5102819972b207bbca7a05f273d7dfe08a086ba6e18cdd,2021-03,South Yorkshire Police,South Yorkshire Police,-1.372934,53.430799,On or near UNION STREET,E01007715,Rotherham 016A,Suspect charged
3942b932af01414f4a0c2894757360f82316ab85fc8b4cdb9b0d84f4646f1c28,2021-03,South Yorkshire Police,South Yorkshire Police,-1.451794,53.412517,On or near MORTLAKE ROAD,E01007949,Sheffield 020E,Unable to prosecute suspect
760becd8269303c1f9272c2a0e44849a0b50bc57eb7a8d84b178e7e8feb6216e,2021-03,South Yorkshire Police,South Yorkshire Police,-1.344493,53.444138,On or near Shopping Area,E01007784,Rotherham 008D,Unable to prosecute suspect
1d58733819d8bb5024f702505661487806289ec24a93ceba40e30e4b4a116268,2021-03,South Yorkshire Police,South Yorkshire Police,-1.503446,53.414684,On or near ESKDALE CLOSE,E01008089,Sheffield 017B,Unable to prosecute suspect
fcbe24ee8c237a1e88b6ff5bd196fed583382828e00ad7766fa39cf45a2941e8,2021-03,South Yorkshire Police,South Yorkshire Police,-1.301664,53.450295,On or near STACEY DRIVE,E01007720,Rotherham 010B,Unable to prosecute suspect
7cf1558ef1ed7742f8e42d733e22f2610c2dee37af60f93566afb0895357baac,2021-03,South Yorkshire Police,South Yorkshire Police,-1.291780,53.495001,On or near BELLE VUE ROAD,E01007577,Doncaster 031F,Further action is not in the public interest
36d1fcdada45df57553d335e2acdade2a42e9dac8d384fb2b377ef2c0e9ae0d0,2021-03,South Yorkshire Police,South Yorkshire Police,-1.397183,53.342268,On or near BIRLEY MOOR PLACE,E01007842,Sheffield 076D,Investigation complete; no suspect identified
accb562a2bc4200992eb9b60765496d2e2b24e9323203430a7ea1594c9141566,2021-03,South Yorkshire Police,South Yorkshire Police,-1.470384,53.383828,On or near PARADISE SQUARE,E01033262,Sheffield 073B,Suspect charged
abc9930bac1e90921dec81284317a4640bf3d98bd3ea114a573bd72ee333efec,2021-03,South Yorkshire Police,South Yorkshire Police,-1.122894,53.531535,On or near CARLTON ROAD,E01007655,Doncaster 022F,Unable to prosecute suspect
247f149501cfcde5af9c6813b99d084ef792b3f3a415daa342f2ac748e40d7bc,2021-03,South Yorkshire Police,South Yorkshire Police,-1.470827,53.581965,On or near KIRKBY AVENUE,E01007325,Barnsley 007C,Unable to prosecute suspect
b485d6d65675ddaf8a0368e312d8a275494ec1a42c995af293a71c9ef59c4c1b,2021-03,South Yorkshire Police,South Yorkshire Police,-1.371167,53.434232,On or near CLOUGH ROAD,E01007716,Rotherham 016B,Investigation complete; no suspect identified
12b108411559417a0c3ba4d8f5b7bcbe7186e4c0d0dc597283d66b1f606acb05,2021-03,South Yorkshire Police,South Yorkshire Police,-0.970111,53.616600,On or near STATION COURT,E01007639,Doncaster 003D,Investigation complete; no suspect identified
ac3d081faed10fc3d02169432dc8ea17968821058289794995451eb3910c3c1b,2021-03,South Yorkshire Police,South Yorkshire Police,-1.459447,53.381999,On or near ANSON STREET,E01033268,Sheffield 075G,Investigation complete; no suspect identified
55b24089b513f3c022ddc1b96ffbbae08b585bbca83133e7acc60d72dd061c5b,2021-03,South Yorkshire Police,South Yorkshire Police,-1.475601,53.359366,On or near SAXON ROAD,E01007981,Sheffield 053C,Unable to prosecute suspect
33d4fc40c5d43ab41f8dfa7bc313344090b743a385c176e04dd5ac4917fcf80b,2021-03,South Yorkshire Police,South Yorkshire Police,-1.447502,53.364057,On or near BELDON CLOSE,E01008095,Sheffield 043A,Unable to prosecute suspect
e838f2dcbc1f55dfd55e500f9d0b2c7fa56a57f2adee5a9440c321be3f130acb,2021-03,South Yorkshire Police,South Yorkshire Police,-1.473976,53.421785,On or near COLLINSON ROAD,E01008123,Sheffield 015E,Investigation complete; no suspect identified
478bed47fb86f07e5b6645ce929b435147939759358aaae51b3c98564f0bdf4e,2021-03,South Yorkshire Police,South Yorkshire Police,-1.442487,53.416744,On or near MARIGOLD CLOSE,E01007851,Sheffield 013B,Unable to prosecute suspect
83a7eacd62a5f85a6d519d40c902018df28c1de8e4682bfa67090545f2d1b6f9,2021-03,South Yorkshire Police,South Yorkshire Police,-1.127417,53.518435,On or near APLEY ROAD,E01007645,Doncaster 022E,Unable to prosecute suspect
ea06d1bba2458c39a22193fef91449ea190164bd3d00ad676ec7cee62d998446,2021-03,South Yorkshire Police,South Yorkshire Police,-1.096417,53.532228,On or near SHETLAND GARDENS,E01007564,Doncaster 018A,Unable to prosecute suspect
a7d4942cca696e1e7f18cf1a6757351b129b85ebfb665bda5c0b8a0f9581f39e,2021-03,South Yorkshire Police,South Yorkshire Police,-1.230275,53.605108,On or near BANNISTER LANE,E01007587,Doncaster 020C,Investigation complete; no suspect identified
96db07df6507ef313b7d1d7b78f132a87cc3ceb46c6d344bf5cc54fe54db1c2f,2021-03,South Yorkshire Police,South Yorkshire Police,-1.517406,53.397618,On or near WOODEND DRIVE,E01007996,Sheffield 021E,Further action is not in the public interest
1fd96a18b47411ff2bd0129b06c64075eea5fec2886ff7c19083fa41594bc608,2021-03,South Yorkshire Police,South Yorkshire Police,-1.431255,53.419558,On or near JEPSON ROAD,E01007850,Sheffield 014B,Further investigation is not in the public interest
dfa7b9d90a0f9f78e694f0fb9f670840b7002c2064ef89e949154a8d9616a191,2021-03,South Yorkshire Police,South Yorkshire Police,-1.418996,53.500954,On or near STRAFFORD AVENUE,E01007394,Barnsley 029C,Investigation complete; no suspect identified
5d8a9f9344697f697be731919ca6c4bc1b0de0f7d5949c1c150942a5a9074472,2021-03,South Yorkshire Police,South Yorkshire Police,-1.423389,53.389291,On or near FARANDEN ROAD,E01007905,Sheffield 027C,Unable to prosecute suspect
b823753aee511b980ac9c77d379717c8dcac039f5b74c794434c8622c56410bd,2021-03,South Yorkshire Police,South Yorkshire Police,-1.377053,53.432151,On or near GREAVES ROAD,E01007715,Rotherham 016A,Unable to prosecute suspect
6849c1aec22065803226889c3754f644c861601336e714276817c05d013eb59d,2021-03,South Yorkshire Police,South Yorkshire Police,-1.136477,53.521647,On or near CHANCERY PLACE,E01007645,Doncaster 022E,Unable to prosecute suspect
695b591a87a2e2ff148c4b9fccb136ec16875986dc09e27474eb3189bae0d376,2021-03,South Yorkshire Police,South Yorkshire Police,-1.455774,53.397758,On or near LYONS ROAD,E01007874,Sheffield 022A,Unable to prosecute suspect
f6569a12f014f9f045dbf0920f7cdf4c449476fc9aa9c0b97fc5769e9a17009c,2021-03,South Yorkshire Police,South Yorkshire Police,-1.390661,53.427843,On or near OAKDALE PLACE,E01007718,Rotherham 016D,Suspect charged
25f38fee2abcec95ae2ac57fdf35f68da0bce63901ceaba2aa9923ee42e54884,2021-03,South Yorkshire Police,South Yorkshire Police,-1.427953,53.363929,On or near CULLABINE ROAD,E01008013,Sheffield 039C,Unable to prosecute suspect
15e0445bc2a59442efdc01a37f00f2cb858981f268d9151e751756532bdcdc14,2021-03,South Yorkshire Police,South Yorkshire Police,-1.479718,53.578741,On or near WAKEFIELD ROAD,E01007324,Barnsley 007B,Investigation complete; no suspect identified
77c61bff8001310a2dda16ff1411367dafd12e59b4ef050efbc0e0367b3af425,2021-03,South Yorkshire Police,South Yorkshire Police,-1.349890,53.426900,On or near BERNARD STREET,E01007680,Rotherham 023D,Unable to prosecute suspect
8570572d377f019669f610dbc19ea719bf7a4424625bc649ae4713b93290631b,2021-03,South Yorkshire Police,South Yorkshire Police,-1.336211,53.469342,On or near BRADLEA RISE,E01007771,Rotherham 006A,Unable to prosecute suspect
634189cfbc04b1a7c8b4709fe9099c396c569fdf6aef31c499acce13f03a88b9,2021-03,South Yorkshire Police,South Yorkshire Police,-1.348341,53.434721,On or near ST STEPHEN'S ROAD,E01007769,Rotherham 017D,Investigation complete; no suspect identified
b972fd2257bbc27f246f6c2a33b2349ee1ae0c8f95f14727dd6f17ebbaeeb883,2021-03,South Yorkshire Police,South Yorkshire Police,-1.174512,53.529664,On or near COACH HOUSE DRIVE,E01007581,Doncaster 016A,Investigation complete; no suspect identified
3f9825a272ceba40aeb503cbe332bf171bebc2dddcec5fe95a538648ac60ea84,2021-03,South Yorkshire Police,South Yorkshire Police,,,No location,,,Investigation complete; no suspect identified
11dade6362fc597b3b9d5c328df00f948cb1824d85014932bf01af07aeb3a84b,2021-03,South Yorkshire Police,South Yorkshire Police,-1.126499,53.524963,On or near GLYN AVENUE,E01007648,Doncaster 019D,Unable to prosecute suspect
edb880bf3e7e330cea1da556033fe899c4d3f537b65d05332319a185e0cdb926,2021-03,South Yorkshire Police,South Yorkshire Police,-1.323183,53.431264,On or near SHERIDAN DRIVE,E01007739,Rotherham 013E,Suspect charged
c11ceaf869fa5824c4996a458c3f4215a0f13c9669422ef3de57e6442a684b53,2021-03,South Yorkshire Police,South Yorkshire Police,-1.060137,53.532676,On or near OAKWOOD DRIVE,E01033259,Doncaster 014E,Suspect charged
2cce072287563bd68a914bf37770a1a73e3347891649fe7eff393a43fc7c8af3,2021-03,South Yorkshire Police,South Yorkshire Police,-1.082122,53.475319,On or near FOLJAMBE CRESCENT,E01007592,Doncaster 037B,Unable to prosecute suspect
fb4eb07442de6c93d9d854cd5cc5d9c8d074a481f54efbce692696f62bd2980f,2021-03,South Yorkshire Police,South Yorkshire Police,-1.148481,53.517967,On or near LAUGHTON ROAD,E01007531,Doncaster 022C,Further investigation is not in the public interest
9e5505c4ab21153418c122a958ba790db1fa33299430baa1e2fd2dfdc6c95e09,2021-03,South Yorkshire Police,South Yorkshire Police,-1.488051,53.549043,On or near BLENHEIM AVENUE,E01007417,Barnsley 013D,Suspect charged
e364322f5934cdfdbb362f29eb6a4457af82ce1e37bd1aeec2ec4b47ba031c13,2021-03,South Yorkshire Police,South Yorkshire Police,-1.437143,53.343964,On or near MORLAND ROAD,E01008007,Sheffield 060A,Investigation complete; no suspect identified
b254d90109923044807883c730b1c89f0caa502e221e14e2355802753432cedb,2021-03,South Yorkshire Police,South Yorkshire Police,-1.346059,53.472542,On or near SHARPFIELD AVENUE,E01007780,Rotherham 005C,Unable to prosecute suspect
21174ed51c2cf26fb659312212832f0672c21cf2ad06d91396978467998e4d7b,2021-03,South Yorkshire Police,South Yorkshire Police,-1.126667,53.528506,On or near ATHRON STREET,E01007648,Doncaster 019D,Investigation complete; no suspect identified
793d42e56548041c418c5f43a8971354b2742d838e35f448647c7702d9167141,2021-03,South Yorkshire Police,South Yorkshire Police,-1.465364,53.410161,On or near ALDFIELD WAY,E01007941,Sheffield 015A,Further investigation is not in the public interest
2b1d24d7614719fc2e3e17fe23626762389689ccd06e6ad560bddc13a3bc8217,2021-03,South Yorkshire Police,South Yorkshire Police,-1.486869,53.323145,On or near GERVASE ROAD,E01007916,Sheffield 069B,Unable to prosecute suspect
d77982c9c6e56bbf5456aef33780165fcc8255bec88ea104dcfcfc9c9bb22e33,2021-03,South Yorkshire Police,South Yorkshire Police,-1.480649,53.549577,On or near Petrol Station,E01007340,Barnsley 013B,Unable to prosecute suspect
d77982c9c6e56bbf5456aef33780165fcc8255bec88ea104dcfcfc9c9bb22e33,2021-03,South Yorkshire Police,South Yorkshire Police,-1.480649,53.549577,On or near Petrol Station,E01007340,Barnsley 013B,Unable to prosecute suspect
aa9b3d0b262ccd8170f0a6f67e3f4126061199f44cc1a07a859a308588facdb8,2021-03,South Yorkshire Police,South Yorkshire Police,-1.108022,53.527739,On or near LAKEEN ROAD,E01007567,Doncaster 018D,Unable to prosecute suspect
b2c254f702b170493a0d31d78292f34b5a2cd5999ca00fc7de056fab82d8ac09,2021-03,South Yorkshire Police,South Yorkshire Police,-1.484427,53.370056,On or near MONTAGUE STREET,E01008111,Sheffield 040D,Unable to prosecute suspect
4294c3a1fb41b5a295e69bc891f06461d0eb28ccd0ba58e0d91b8c66c24aac9f,2021-03,South Yorkshire Police,South Yorkshire Police,-1.097799,53.524679,On or near DUDLEY ROAD,E01007569,Doncaster 018F,Unable to prosecute suspect
43af6b54c18cc07fd215fd92037c1d722a466f4e0498b40905b058cb936ab967,2021-03,South Yorkshire Police,South Yorkshire Police,-1.190415,53.588055,On or near POPLAR ROAD,E01007470,Doncaster 005C,Unable to prosecute suspect
8714e04e0ca278ab41f68f5b1f52f307832d2934ed9b38a94a8aa67e3c975009,2021-03,South Yorkshire Police,South Yorkshire Police,-1.096907,53.533283,On or near CORNWALL ROAD,E01007564,Doncaster 018A,Unable to prosecute suspect
5c260cf406620d26a9dab9c0de636c85b817f7f22d7001094f47aaa748d8480c,2021-03,South Yorkshire Police,South Yorkshire Police,-1.129022,53.525503,On or near NETHER HALL ROAD,E01007648,Doncaster 019D,Unable to prosecute suspect
746b6a9d0fc8ac0c8081fcd6c496bf4312137dc9349c54c06ad72361a8af874c,2021-03,South Yorkshire Police,South Yorkshire Police,-1.154611,53.566918,On or near VILLA GARDENS,E01007511,Doncaster 010E,Offender given a caution
e2a5342fb69326d58c5374a96be38bc9c3d90b63c80e851157458af64f6d639a,2021-03,South Yorkshire Police,South Yorkshire Police,-1.357349,53.505097,On or near CO-OPERATIVE STREET,E01007693,Rotherham 001A,Unable to prosecute suspect
254af3ab43fe00812c5c07965d78b46d8810d65fd8601c19626ffdf167fe0c13,2021-03,South Yorkshire Police,South Yorkshire Police,-1.322162,53.442476,On or near A630,E01007736,Rotherham 014A,Suspect charged
05c6dbe2c8e658c528a0bfc7c831adc53cac7ae5dca75316872c53ba4ebaa2e2,2021-03,South Yorkshire Police,South Yorkshire Police,-1.324389,53.483324,On or near EAST AVENUE,E01007793,Rotherham 004B,Suspect charged
f2ab44d9216e68265e3a092480f1201bbc8c9c95f3759c47cb9b6859337cb3a7,2021-03,South Yorkshire Police,South Yorkshire Police,-1.349910,53.552786,On or near OAK HAVEN AVENUE,E01007354,Barnsley 020G,Suspect charged
b1c1fe0abc66c33d021d0e7a9e0876612d5b99b615723e4dfafa6c29842e694a,2021-03,South Yorkshire Police,South Yorkshire Police,,,No location,,,Unable to prosecute suspect
3e4d0fa5108474e0632fd1242daa1915a3e5b24a0ef119ff4b3aa1010b6f4f8b,2021-03,South Yorkshire Police,South Yorkshire Police,-1.131762,53.521325,On or near SOCIETY STREET,E01007645,Doncaster 022E,Unable to prosecute suspect
d44a5ab2c5e45cad71e70e24c4867aa78e0b936d102a631824945a9799ce4e53,2021-03,South Yorkshire Police,South Yorkshire Police,-1.466124,53.363827,On or near MIDHILL CRESCENT,E01008099,Sheffield 051E,Suspect charged
ac9d2a1b4afef0668f782d3346451538076046b4c46e2dc56cda924177271351,2021-03,South Yorkshire Police,South Yorkshire Police,-1.069385,53.538231,On or near KING STREET,E01033260,Doncaster 014F,Unable to prosecute suspect
7dc594d861e8e4494cb3d2ac595ea8ae4b0ce212f97ca9138a568edc05346d37,2021-03,South Yorkshire Police,South Yorkshire Police,-1.417530,53.353596,On or near CROFT ROAD,E01008001,Sheffield 052B,Suspect charged
661fc8feae49fdf8ee8aa5fe99f4bea9461cea51f1cb7b5bbb3ac94b33655960,2021-03,South Yorkshire Police,South Yorkshire Police,-1.501411,53.403458,On or near Parking Area,E01008093,Sheffield 017D,Unable to prosecute suspect
568bd0298c9be3df22e1ad173d0261f4d5ead023dff65ce17b6bc6f36310d0c0,2021-03,South Yorkshire Police,South Yorkshire Police,-1.371695,53.356545,On or near SKELTON LANE,E01007970,Sheffield 049D,Unable to prosecute suspect
6faa26084b68081b31487a913399d9c342bf31fa2768e2811ac4e361cc6af044,2021-03,South Yorkshire Police,South Yorkshire Police,-0.951286,53.606369,On or near FENLAND ROAD,E01007642,Doncaster 003G,Unable to prosecute suspect
f8e20a9d981a46d4f7b55f3b761f713b06f9e03604b54d678941beca7d8241da,2021-03,South Yorkshire Police,South Yorkshire Police,-1.317539,53.433129,On or near LOCKWOOD ROAD,E01007735,Rotherham 013B,Unable to prosecute suspect
c8b38891124d063618acd006f5de59520d8e7236ce3e7e772fabedcc68095eee,2021-03,South Yorkshire Police,South Yorkshire Police,-1.201491,53.371169,On or near CLARENCE SQUARE,E01007788,Rotherham 028B,Unable to prosecute suspect
15ef8171f92178973a10bf616b4866ab0fe34a83574b8496e9c0db8e1382ac5e,2021-03,South Yorkshire Police,South Yorkshire Police,-1.297203,53.494323,On or near BRITAIN STREET,E01007577,Doncaster 031F,Offender given a caution
55c95ee8f72bb3fefb34316950d0978f1d79d1e9c9d8bba567f5d752947512e8,2021-03,South Yorkshire Police,South Yorkshire Police,-1.478435,53.547986,On or near DUKE CRESCENT,E01007338,Barnsley 017A,Suspect charged
4b7e1192860b5e165bd2f99b14ef532f47a846ff92b5ef3fe04a066cd1152e79,2021-03,South Yorkshire Police,South Yorkshire Police,-1.322162,53.442476,On or near A630,E01007736,Rotherham 014A,Suspect charged
5a9af3657126285e685151ef8254fc7932dba40b70327fad79b044ba7228c567,2021-03,South Yorkshire Police,South Yorkshire Police,-1.490983,53.320619,On or near Supermarket,E01007919,Sheffield 069C,Suspect charged
d120d8a62ae5830e47743039fe5d561992beae757c2eb6cc79f4270c72b972d7,2021-03,South Yorkshire Police,South Yorkshire Police,-1.145848,53.525912,On or near Prison,E01007529,Doncaster 022A,Unable to prosecute suspect
626ce52fd555e744e9df54b93ad138fbb722af66084491a46c60cc562031172b,2021-03,South Yorkshire Police,South Yorkshire Police,-1.195842,53.420525,On or near DURHAM STREET,E01007760,Rotherham 020D,Unable to prosecute suspect
626ce52fd555e744e9df54b93ad138fbb722af66084491a46c60cc562031172b,2021-03,South Yorkshire Police,South Yorkshire Police,-1.195842,53.420525,On or near DURHAM STREET,E01007760,Rotherham 020D,Unable to prosecute suspect
96a9e0dcb05fe96cfa51507e5cc5e9b46c51cdc2331e6ea26def893813bea94c,2021-03,South Yorkshire Police,South Yorkshire Police,-1.100967,53.506842,On or near GRASSHOLME CLOSE,E01007527,Doncaster 027B,Unable to prosecute suspect
d1ed63573d5f602a08a37b10830caab4129662bb4f4c90929caeb3ab9bda02bd,2021-03,South Yorkshire Police,South Yorkshire Police,-1.368980,53.356252,On or near SPA LANE CROFT,E01007970,Sheffield 049D,Unable to prosecute suspect
a27528283abba82478589b71da809306fb913b553b2c41eba1f09b30f410e576,2021-03,South Yorkshire Police,South Yorkshire Police,-0.985194,53.498751,On or near STONEGATE CLOSE,E01007599,Doncaster 026A,Suspect charged
23d200c2e5aa38f0aa7c044af2334177e3370ebc83978ab64c62cbe3934e3977,2021-03,South Yorkshire Police,South Yorkshire Police,-1.458655,53.431478,On or near HIGHGREAVE,E01008058,Sheffield 006C,Investigation complete; no suspect identified
316f8039e847589aca10df695604ab9750356d717829e1d26cbdeffcc87bebb5,2021-03,South Yorkshire Police,South Yorkshire Police,-1.148512,53.530758,On or near Pedestrian Subway,E01007517,Doncaster 013D,Investigation complete; no suspect identified
f2c94d2532b5c5852e05d6bdddd6cdf940329e043c3bc055a5f94d6c0e4f86d7,2021-03,South Yorkshire Police,South Yorkshire Police,-1.148512,53.530758,On or near Pedestrian Subway,E01007517,Doncaster 013D,Investigation complete; no suspect identified
8c1dda3f53f408d09e4d228c3a02568348d9578e8676eeec456c5f2a18fb9c6e,2021-03,South Yorkshire Police,South Yorkshire Police,-1.441516,53.384002,On or near Shopping Area,E01007883,Sheffield 027A,Offender given penalty notice
8d36c219e87a8369d2acba1fdb49d9e59a7faba033f4015f1cfb60fc6bd1ea51,2021-03,South Yorkshire Police,South Yorkshire Police,-1.449398,53.501358,On or near Further/Higher Educational Building,E01007397,Barnsley 028B,Investigation complete; no suspect identified
d0145be428644913161f0626afa88ffacffdfaf0ff917afd064113f24978a93c,2021-03,South Yorkshire Police,South Yorkshire Police,-1.188054,53.473892,On or near Further/Higher Educational Building,E01007550,Doncaster 034E,Local resolution
af4a3b9074062e7c672559ff4a526fe1329454dba96e470fb9efe2d14d16cd5e,2021-03,South Yorkshire Police,South Yorkshire Police,-1.342215,53.454184,On or near BRADBURY'S CLOSE,E01007783,Rotherham 008C,Suspect charged
38a454c3f3efcc3b554ef75cd6662f6c888421985c3dad468be36a79da50c544,2021-03,South Yorkshire Police,South Yorkshire Police,-1.149462,53.507403,On or near BALBY ROAD,E01007494,Doncaster 023A,Suspect charged
5026da7f69934cd8cf66478a4813f8aca75eef3a37df4d126880b7443fb77fda,2021-03,South Yorkshire Police,South Yorkshire Police,-1.465827,53.368338,On or near QUEENS ROAD,E01008099,Sheffield 051E,Investigation complete; no suspect identified
c37dc2c83d09309a58c8a50b656dcc1548e9a3c7568d9dd56df3b454a957b4da,2021-03,South Yorkshire Police,South Yorkshire Police,-1.085111,53.478551,On or near HOLMES CARR CRESCENT,E01007593,Doncaster 037C,Unable to prosecute suspect
925fba7dc45b3e6efb4cb370ee9441c8496e6a2adfa4083395ddf86dbba76376,2021-03,South Yorkshire Police,South Yorkshire Police,-1.303200,53.531211,On or near ALBERT ROAD,E01007369,Barnsley 022A,Further action is not in the public interest
9eccbc707ef9dd85835cf18285464ffd94b9fd059df5b1b4170ba31f68c95af8,2021-03,South Yorkshire Police,South Yorkshire Police,-1.437811,53.350268,On or near SPRING CLOSE VIEW,E01007982,Sheffield 054A,Unable to prosecute suspect
c89742ca575b1d341d3c678fc1c2d619384beacb35463e0a709021e6fb980e87,2021-03,South Yorkshire Police,South Yorkshire Police,-1.193130,53.481935,On or near Supermarket,E01007547,Doncaster 034B,Suspect charged
a958a4b3780d8e9e05335d923703133410a306aa4914bd3e2d9975d5d4d5e4cd,2021-03,South Yorkshire Police,South Yorkshire Police,-1.480086,53.549935,On or near WEST WAY,E01007340,Barnsley 013B,Suspect charged
3e7aacd03fbe7f0b3cb23f3709cf78c73855e1d5fdb55d9ed18f15b3a2ba4850,2021-03,South Yorkshire Police,South Yorkshire Police,-1.453658,53.365668,On or near PARK GRANGE MOUNT,E01008096,Sheffield 043B,Further investigation is not in the public interest
c55a4636a2e4b393766b67235093aa02120dee4d34bc6bb63c96ed698bc63e1b,2021-03,South Yorkshire Police,South Yorkshire Police,-1.082748,53.544087,On or near OGDEN ROAD,E01007656,Doncaster 015F,Unable to prosecute suspect
1edc6301dc7249427f599745b328e998cb8a78e84c1032f7a00a9d0c43346b25,2021-03,South Yorkshire Police,South Yorkshire Police,-1.079539,53.472144,On or near BOSWELL CLOSE,E01007597,Doncaster 037E,Unable to prosecute suspect
7aed4b3459749b073d7712065b3316fbdc0d05ce7bda15dde73cd99a5d0a62c2,2021-03,South Yorkshire Police,South Yorkshire Police,-1.480550,53.340305,On or near OSMASTON ROAD,E01007831,Sheffield 059C,Local resolution
225d07ac3f902e5755fc37b1f4680ab3251526e890d6bdf5eddba2d1829669aa,2021-03,South Yorkshire Police,South Yorkshire Police,-1.456042,53.409750,On or near Hospital,E01007942,Sheffield 020D,Offender given a caution
b300db79ee3de42bda51dd6e2a5bdde40e85853431dafb24f14f7e05a93fc24d,2021-03,South Yorkshire Police,South Yorkshire Police,-1.456042,53.409750,On or near Hospital,E01007942,Sheffield 020D,Offender given a caution
7d2586c42c0b9bdc26e93eeabea501561e4ae42c4cddf957c0b4c36fbf758fa8,2021-03,South Yorkshire Police,South Yorkshire Police,-1.459404,53.390188,On or near SPITAL HILL,E01033270,Sheffield 022H,Investigation complete; no suspect identified
6950ba1fa241c1716fa4702dc03d85c36feaf6dd4a41e4b997f6ecafc7b320ae,2021-03,South Yorkshire Police,South Yorkshire Police,-1.291052,53.447357,On or near RERESBY ROAD,E01007727,Rotherham 010D,Suspect charged
d9767cc129fca2073197f5adc722751ccd35527afd25bff47787eefd95bb151a,2021-03,South Yorkshire Police,South Yorkshire Police,-1.340147,53.461300,On or near CHAPEL STREET,E01007775,Rotherham 008A,Unable to prosecute suspect
01bee4a63481501bdb85328610f5461b6e2bc4c4909fd41d528270e2c80aaf28,2021-03,South Yorkshire Police,South Yorkshire Police,-1.509634,53.410395,On or near WADSLEY LANE,E01007987,Sheffield 016A,Unable to prosecute suspect
a242d9a36d48c4ebeb0275414c784f8351452d61d752275a3c4371d7e6e03d52,2021-03,South Yorkshire Police,South Yorkshire Police,-1.491362,53.388423,On or near ASHBERRY ROAD,E01008072,Sheffield 026C,Suspect charged
f3236ff22f2d47bcdc664732c38973955fc90c2bc4c14c62efe014d196033393,2021-03,South Yorkshire Police,South Yorkshire Police,-1.496520,53.384597,On or near THE COACH HOUSES,E01008067,Sheffield 030D,Investigation complete; no suspect identified
beaa0a1c38a808964464c23aada9988c32a91192d372177feafbb9109f86e80f,2021-03,South Yorkshire Police,South Yorkshire Police,-1.025592,53.585712,On or near ST. EDWIN REACH,E01007563,Doncaster 006F,Unable to prosecute suspect
619b17148edfdbec0db18da46ad7026f46f4c9b53fbfeae28f9f3cf16ca669f3,2021-03,South Yorkshire Police,South Yorkshire Police,-1.108799,53.430298,On or near CASTLE COURT,E01007615,Doncaster 039D,Unable to prosecute suspect
b576848f4879655ad36e46daaab022fe12949f2731f40c484ac98a0ea0ef3395,2021-03,South Yorkshire Police,South Yorkshire Police,-1.020832,53.579219,On or near MYRTLE ROAD,E01007556,Doncaster 006C,Unable to prosecute suspect
a56aec31c971aee7c023acc0bbf8c94c9dc3b319437e6b420c312b3d2cc3b275,2021-03,South Yorkshire Police,South Yorkshire Police,-1.132848,53.519877,On or near Parking Area,E01007645,Doncaster 022E,Unable to prosecute suspect
03e19d5f13468f34a53457ed027a70dc89e9db88f610a1ee2270bdad2c390bf3,2021-03,South Yorkshire Police,South Yorkshire Police,,,No location,,,Investigation complete; no suspect identified
48e1433b31d9b7f12d55fa00e09530e559f68b4139c03a79bc63b18a8620faf6,2021-03,South Yorkshire Police,South Yorkshire Police,-1.446054,53.374945,On or near SKYE EDGE ROAD,E01007878,Sheffield 075A,Investigation complete; no suspect identified
d9320642bb2c3b48574047796c9a7002ec3bd7863b387be203cbdc0c8915ca13,2021-03,South Yorkshire Police,South Yorkshire Police,-1.485250,53.554766,On or near CHURCHFIELD,E01007336,Barnsley 013A,Suspect charged
57b4bdab18ebdd6dd0483d522c87ac35043d44f99cde5d9bda782c0c95e5761f,2021-03,South Yorkshire Police,South Yorkshire Police,-1.419415,53.346459,On or near LISTER WAY,E01007843,Sheffield 062C,Investigation complete; no suspect identified
0c03cbe1ad6e65912d4fbba4a6b5b8d511e20c41e4bdf7714b3599f222c2a9a1,2021-03,South Yorkshire Police,South Yorkshire Police,-1.463760,53.345030,On or near WOODLAND ROAD,E01007827,Sheffield 064A,Formal action is not in the public interest
10c1cd995f0d369160ac544a2367b95b6e3562b1eeb5182880b600e8cbd8beb8,2021-03,South Yorkshire Police,South Yorkshire Police,-1.412805,53.580184,On or near MANSE FARM MEWS,E01007345,Barnsley 008B,Suspect charged
68e5b1bb9d381069da7ec997a547486365dccb193e4b41489a9079be752c5e15,2021-03,South Yorkshire Police,South Yorkshire Police,-1.419327,53.422539,On or near ELMVIEW ROAD,E01007852,Sheffield 014C,Suspect charged
43c6430a6479be91379604f837158f0e66533656ef0f4ad55227cc09f27cebf0,2021-03,South Yorkshire Police,South Yorkshire Police,-1.123206,53.523708,On or near LAWN AVENUE,E01007648,Doncaster 019D,Unable to prosecute suspect
15a867a5f29e2ceb48cd383cca0d4f6dadab43cdf3fb082474517397b86a10ac,2021-03,South Yorkshire Police,South Yorkshire Police,-1.370298,53.348367,On or near RAINBOW WAY,E01008029,Sheffield 056B,Suspect charged
9b4f017aa013e306487578f28a8c82fded684ec51b84523ddb787ced9dec0f71,2021-03,South Yorkshire Police,South Yorkshire Police,-1.376297,53.581384,On or near PARK ROAD,E01007332,Barnsley 006C,Investigation complete; no suspect identified
245e5161b637cdf54fa0e32700ac4eeebf078c2bb7e23f06d8c634a86b7affc5,2021-03,South Yorkshire Police,South Yorkshire Police,-1.126667,53.528506,On or near ATHRON STREET,E01007648,Doncaster 019D,Unable to prosecute suspect
c28b4c9223bb51ee30273922db8b013077115fea05565f2f7c318240ca9e977e,2021-03,South Yorkshire Police,South Yorkshire Police,-1.480453,53.380466,On or near PITT CLOSE,E01033266,Sheffield 074D,Further investigation is not in the public interest
18f53e018563d1623c1f5b770a5bc537d482f12142cf61eb87867e0cf73029d7,2021-03,South Yorkshire Police,South Yorkshire Police,-1.463760,53.345030,On or near WOODLAND ROAD,E01007827,Sheffield 064A,Further action is not in the public interest
6aac3e1e530b1b9b7dd28bda235fc18034a11cfe8c754987028d1c3b1988ae6f,2021-03,South Yorkshire Police,South Yorkshire Police,-1.484172,53.330154,On or near HUMPHREY ROAD,E01007823,Sheffield 069A,Unable to prosecute suspect
8aff06c1c29451af30697cbf8265c7a27c760bacf682e83ed365127abed08c97,2021-03,South Yorkshire Police,South Yorkshire Police,-1.392658,53.345732,On or near JERMYN WAY,E01033278,Sheffield 076E,Unable to prosecute suspect
8aff06c1c29451af30697cbf8265c7a27c760bacf682e83ed365127abed08c97,2021-03,South Yorkshire Police,South Yorkshire Police,-1.392658,53.345732,On or near JERMYN WAY,E01033278,Sheffield 076E,Unable to prosecute suspect
8aff06c1c29451af30697cbf8265c7a27c760bacf682e83ed365127abed08c97,2021-03,South Yorkshire Police,South Yorkshire Police,-1.392658,53.345732,On or near JERMYN WAY,E01033278,Sheffield 076E,Unable to prosecute suspect
0195caa4ec1cc3eaab5a34cf1be7d1abd1a17795650ef5b2305da5f7533fd85f,2021-03,South Yorkshire Police,South Yorkshire Police,-1.512200,53.335971,On or near ABBEY GRANGE,E01007932,Sheffield 055E,Further action is not in the public interest
a4442e152205986c121872617e8300750d5f050011cd243b6ac7df059d39162a,2021-03,South Yorkshire Police,South Yorkshire Police,-1.136715,53.524004,On or near Shopping Area,E01007645,Doncaster 022E,Unable to prosecute suspect
3dd50836cdd20bdf18104f20be7242c63ddf0e2057f1401a8cc53b3d5c91c701,2021-03,South Yorkshire Police,South Yorkshire Police,-1.399584,53.353111,On or near STANAGE RISE,E01007838,Sheffield 076A,Suspect charged
726b261eaf861653361613522557d027834f965f4a6ac97aa0eb45a27466bc93,2021-03,South Yorkshire Police,South Yorkshire Police,-1.096417,53.532228,On or near SHETLAND GARDENS,E01007564,Doncaster 018A,Unable to prosecute suspect
0d2b2cb058ed1abbae749ce72b9e9a379a73529c07769b67a18a1f008ae23eee,2021-03,South Yorkshire Police,South Yorkshire Police,-1.381456,53.511426,On or near GARDEN DRIVE,E01007694,Rotherham 001B,Investigation complete; no suspect identified
ac1f18cff086099b883af581e4e190ef51c1dc947ed0544b1a85b8e1b5e164c0,2021-03,South Yorkshire Police,South Yorkshire Police,-1.412627,53.595239,On or near SHAFTON HALL DRIVE,E01007331,Barnsley 003B,Unable to prosecute suspect
ac1f18cff086099b883af581e4e190ef51c1dc947ed0544b1a85b8e1b5e164c0,2021-03,South Yorkshire Police,South Yorkshire Police,-1.412627,53.595239,On or near SHAFTON HALL DRIVE,E01007331,Barnsley 003B,Unable to prosecute suspect
6de33587ace9f4e84bd4a07ffe3f253cfeb6bc92872d8ef17473a3c88157f14f,2021-03,South Yorkshire Police,South Yorkshire Police,-1.031152,53.592238,On or near KINGSWAY,E01007626,Doncaster 004B,Suspect charged
b09c3f10fc92f46bc26b057246b25436ddb09bee8b30c62112931b295a513c32,2021-03,South Yorkshire Police,South Yorkshire Police,-1.340827,53.491299,On or near WOODLAND GROVE,E01007819,Rotherham 002C,Investigation complete; no suspect identified
7de994caafd3e7afd80cd3e38a26a6e6012f8687eaa5aecf42bf8578f1495570,2021-03,South Yorkshire Police,South Yorkshire Police,-1.477235,53.379283,On or near Shopping Area,E01033267,Sheffield 074E,Unable to prosecute suspect
2f5e67af3bd7654ff1ae880af2d2e448e801c913428ea02c5b468ed08b56d99b,2021-03,South Yorkshire Police,South Yorkshire Police,-1.501411,53.403458,On or near Parking Area,E01008093,Sheffield 017D,Unable to prosecute suspect
2f5e67af3bd7654ff1ae880af2d2e448e801c913428ea02c5b468ed08b56d99b,2021-03,South Yorkshire Police,South Yorkshire Police,-1.501411,53.403458,On or near Parking Area,E01008093,Sheffield 017D,Unable to prosecute suspect
ba4c2fd683dcd79413807c8ca434812e397aa84c5a105025c1ae75c9c08814da,2021-03,South Yorkshire Police,South Yorkshire Police,-1.394670,53.365905,On or near RAVENSCROFT PLACE,E01007967,Sheffield 045B,Unable to prosecute suspect
ba4c2fd683dcd79413807c8ca434812e397aa84c5a105025c1ae75c9c08814da,2021-03,South Yorkshire Police,South Yorkshire Police,-1.394670,53.365905,On or near RAVENSCROFT PLACE,E01007967,Sheffield 045B,Unable to prosecute suspect
0900d03f16d2fcf9278152ea6c4546e78962f50d84ebc363ed14c7bba0d3a0d2,2021-03,South Yorkshire Police,South Yorkshire Police,-0.960918,53.609886,On or near Petrol Station,E01007639,Doncaster 003D,Suspect charged
696947b60d353d19f8b9529bc711aa7ce4e20d45f20cc2079b9f81fc712ea8b7,2021-03,South Yorkshire Police,South Yorkshire Police,-1.404138,53.449888,On or near PEPPER CLOSE,E01007804,Rotherham 011B,Unable to prosecute suspect
d9dd25b62f2380e97051b06eb940e6eae9b1fd3373ec086313c991a16b815ad3,2021-03,South Yorkshire Police,South Yorkshire Police,-0.957187,53.622681,On or near HOLLY WALK,E01007635,Doncaster 001D,Suspect charged
97a79a3f24737f328daa06429455c662c85d5c549e39e01bbe4be3ad2ad9098d,2021-03,South Yorkshire Police,South Yorkshire Police,-1.146745,53.513541,On or near GRESLEY ROAD,E01007533,Doncaster 023C,Suspect charged
97a79a3f24737f328daa06429455c662c85d5c549e39e01bbe4be3ad2ad9098d,2021-03,South Yorkshire Police,South Yorkshire Police,-1.146745,53.513541,On or near GRESLEY ROAD,E01007533,Doncaster 023C,Suspect charged
97a79a3f24737f328daa06429455c662c85d5c549e39e01bbe4be3ad2ad9098d,2021-03,South Yorkshire Police,South Yorkshire Police,-1.146745,53.513541,On or near GRESLEY ROAD,E01007533,Doncaster 023C,Suspect charged
97a79a3f24737f328daa06429455c662c85d5c549e39e01bbe4be3ad2ad9098d,2021-03,South Yorkshire Police,South Yorkshire Police,-1.146745,53.513541,On or near GRESLEY ROAD,E01007533,Doncaster 023C,Suspect charged
6174cbb1106836d9ef2fde9360f08abb0815bdd4efa9294fe0cef0a007b82a15,2021-03,South Yorkshire Police,South Yorkshire Police,-1.393026,53.446660,On or near HUDSON ROAD,E01007805,Rotherham 011C,Investigation complete; no suspect identified
516c245d54565e697fee60c8ef1d36a9b555f83ed99bc1e4ddfe1441922c9038,2021-03,South Yorkshire Police,South Yorkshire Police,-1.146745,53.513541,On or near GRESLEY ROAD,E01007533,Doncaster 023C,Suspect charged
516c245d54565e697fee60c8ef1d36a9b555f83ed99bc1e4ddfe1441922c9038,2021-03,South Yorkshire Police,South Yorkshire Police,-1.146745,53.513541,On or near GRESLEY ROAD,E01007533,Doncaster 023C,Suspect charged
516c245d54565e697fee60c8ef1d36a9b555f83ed99bc1e4ddfe1441922c9038,2021-03,South Yorkshire Police,South Yorkshire Police,-1.146745,53.513541,On or near GRESLEY ROAD,E01007533,Doncaster 023C,Suspect charged
516c245d54565e697fee60c8ef1d36a9b555f83ed99bc1e4ddfe1441922c9038,2021-03,South Yorkshire Police,South Yorkshire Police,-1.146745,53.513541,On or near GRESLEY ROAD,E01007533,Doncaster 023C,Suspect charged
479875974655e7db4a995cf373a3299b7abde0729200d428c0495696743fda00,2021-03,South Yorkshire Police,South Yorkshire Police,-1.424928,53.366521,On or near MELVILLE DRIVE,E01008013,Sheffield 039C,Unable to prosecute suspect
95d1a0e2672e4620668c59de90c7a2f3af8704c9c6b0e544f7c53c7c131a7eb1,2021-03,South Yorkshire Police,South Yorkshire Police,-1.468820,53.375453,On or near SIDNEY STREET,E01033274,Sheffield 042G,Investigation complete; no suspect identified
6309bd6e48e69c27a3532763327bca7945a8532c443400b5d9845500bdfc8d06,2021-03,South Yorkshire Police,South Yorkshire Police,-1.186109,53.562129,On or near WELFARE ROAD,E01007504,Doncaster 009F,Unable to prosecute suspect
5641d3245cc9649cedb7542bb79e2dc824f2c81f927d0a6ac0a8dbe09e5a22b4,2021-03,South Yorkshire Police,South Yorkshire Police,-1.186109,53.562129,On or near WELFARE ROAD,E01007504,Doncaster 009F,Unable to prosecute suspect
30a22895c56fff818dda370edf8db4cf5864692a78e8738b068ecf320fabe9d4,2021-03,South Yorkshire Police,South Yorkshire Police,-1.455906,53.416904,On or near TIDEWELL COURT,E01007947,Sheffield 013C,Suspect charged
ec0960d61b32985d2d70ab71500c61b240ac663b42a41293153aadc2669fc39f,2021-03,South Yorkshire Police,South Yorkshire Police,-1.159624,53.491448,On or near ARDEN GATE,E01007503,Doncaster 029F,Unable to prosecute suspect
ebf99ea1f9eb5fe9570a3d20ae563af00800c1acda0f79b5859ef1a14c7be1bd,2021-03,South Yorkshire Police,South Yorkshire Police,-1.485250,53.554766,On or near CHURCHFIELD,E01007336,Barnsley 013A,Suspect charged
333e3669b58381bc86643cc8d10784e0fdc5385266cffd349a29633cf8da651e,2021-03,South Yorkshire Police,South Yorkshire Police,-1.197002,53.566518,On or near GREAT NORTH ROAD,E01007464,Doncaster 009A,Suspect charged
239b94ec0cb95ef769ebae87e9c99cd82b5a2dc5f7d86bc2e10bb66f7233b36a,2021-03,South Yorkshire Police,South Yorkshire Police,-1.482491,53.376070,On or near Pedestrian Subway,E01008114,Sheffield 074A,Unable to prosecute suspect
2ac73331b83d488526dc05f7bcab9a9bd1f76d7d54d93faa04881d95964e1491,2021-03,South Yorkshire Police,South Yorkshire Police,-1.362610,53.324974,On or near CHURCH MEWS,E01008025,Sheffield 072D,Unable to prosecute suspect
08b969d15d51ff3a0790a303fd11af31b0f8ac822fe678226130d36a755c2725,2021-03,South Yorkshire Police,South Yorkshire Police,-1.342470,53.423040,On or near BROOMFIELD GROVE,E01007675,Rotherham 023A,Unable to prosecute suspect
e30e413596da92176dbdb17f12230330976c43b499d387f9ba9ada8916882197,2021-03,South Yorkshire Police,South Yorkshire Police,-1.413387,53.383984,On or near CRESSWELL ROAD,E01008014,Sheffield 032E,Unable to prosecute suspect
badda0efae6e09858940ae9dd4990f36be038c1f069d10d49cf2100a44c58ec8,2021-03,South Yorkshire Police,South Yorkshire Police,-1.437658,53.344775,On or near MORLAND PLACE,E01008007,Sheffield 060A,Unable to prosecute suspect
8c137d0a71d2ac739760f631cb72bfa989698517e0e7c1f8116f7547951d7f46,2021-03,South Yorkshire Police,South Yorkshire Police,-1.485593,53.413045,On or near PENRITH ROAD,E01008094,Sheffield 019D,Investigation complete; no suspect identified
8d62b2dbed7473c65807cfb7015c888e06c6938b97544318e47152135e2fee63,2021-03,South Yorkshire Police,South Yorkshire Police,-1.429738,53.366455,On or near CARY ROAD,E01008012,Sheffield 039B,Unable to prosecute suspect
393e889e9e4101e6e370195f9324a0670d7d1a4810111d865b48669b7ddf2b94,2021-03,South Yorkshire Police,South Yorkshire Police,-1.189708,53.518370,On or near BRANSTONE ROAD,E01007617,Doncaster 021C,Suspect charged
75177ab3273d43827905bed09fcebf921980deb54b8ba9c33fb389da29fe0daa,2021-03,South Yorkshire Police,South Yorkshire Police,,,No location,,,Investigation complete; no suspect identified
1598e5ee6e2a9070bae7f0e6e3555e1a47afe83cd80c73d971737785cd1c39cc,2021-03,South Yorkshire Police,South Yorkshire Police,-1.449520,53.418574,On or near STUBBIN LANE,E01007948,Sheffield 013D,Investigation complete; no suspect identified
6284ea83ae0874cb06d7fd96f170335774b9ff2cd43bd42024e0bb3f152e8350,2021-03,South Yorkshire Police,South Yorkshire Police,-1.281106,53.426425,On or near LAWRENCE CLOSE,E01007726,Rotherham 019F,Unable to prosecute suspect
bcfd08888186f756eb880d517eaa75ecc998e4887c08c54cea906d66bf63b488,2021-03,South Yorkshire Police,South Yorkshire Police,-1.364621,53.535022,On or near ATTLEE CRESCENT,E01007351,Barnsley 020D,Unable to prosecute suspect
28a45931650595fc642a74598568a627eae4921c0c2db43d136b7778d8f8c907,2021-03,South Yorkshire Police,South Yorkshire Police,-1.478038,53.328348,On or near GREENFIELD ROAD,E01008080,Sheffield 069D,Investigation complete; no suspect identified
f65961d322ade1f7b89507956abb25dd30b45382c5b8aa2357c40a2c1ad78d6e,2021-03,South Yorkshire Police,South Yorkshire Police,-1.487464,53.363705,On or near RUNDLE ROAD,E01008049,Sheffield 050D,Investigation complete; no suspect identified
0c0ef00f46400519565e07ce6571dd8165b42127d8242b92a88bc6c4cdfe42e7,2021-03,South Yorkshire Police,South Yorkshire Police,-1.349890,53.426900,On or near BERNARD STREET,E01007680,Rotherham 023D,Unable to prosecute suspect
2e4c980d3ccef73b030ee538ce38ba3cd6eea7892c459896d83fe418b260f371,2021-03,South Yorkshire Police,South Yorkshire Police,-1.203354,53.428431,On or near CHEETHAM DRIVE,E01007758,Rotherham 020B,Unable to prosecute suspect
62ba00427284a782cdbde4abb44e171d5b57116a918682e22569a2a9b789be84,2021-03,South Yorkshire Police,South Yorkshire Police,-1.491805,53.423193,On or near Supermarket,E01008090,Sheffield 012C,Unable to prosecute suspect
e4cb5b7e8dae99ce80fcb1c15e0f629d5fc4b61df830b4ee9e230de3b173c005,2021-03,South Yorkshire Police,South Yorkshire Police,-1.114282,53.507534,On or near Shopping Area,E01007644,Doncaster 019A,Investigation complete; no suspect identified
cc365749e5d877b3cd337edec9c4614603254ec3526e9b27ea0860f7f2ae24fe,2021-03,South Yorkshire Police,South Yorkshire Police,-1.090337,53.534312,On or near MONTGOMERY GARDENS,E01007566,Doncaster 018C,Further action is not in the public interest
be4af71ee0b548c616283cf994ac0f10982350177de1e6783646a0f957acf5df,2021-03,South Yorkshire Police,South Yorkshire Police,-1.469245,53.579252,On or near MONSAL CRESCENT,E01007326,Barnsley 007D,Unable to prosecute suspect
4ebfa3dfc2ed41035509a287a98d334bb00e463943f13e6a5d1b3a2c47c52c81,2021-03,South Yorkshire Police,South Yorkshire Police,-1.446614,53.411783,On or near ADDISON ROAD,E01007949,Sheffield 020E,Suspect charged
4ebfa3dfc2ed41035509a287a98d334bb00e463943f13e6a5d1b3a2c47c52c81,2021-03,South Yorkshire Police,South Yorkshire Police,-1.446614,53.411783,On or near ADDISON ROAD,E01007949,Sheffield 020E,Suspect charged
e2f20d307f51406e2113557922111e53e7cf68a829a560d4f922707ef467dba4,2021-03,South Yorkshire Police,South Yorkshire Police,-1.164198,53.499489,On or near CEDAR ROAD,E01007499,Doncaster 029D,Unable to prosecute suspect
c7ae8e4990397e948ad47fb7fd3f3e9771a715df25d3573193a6841a77870d81,2021-03,South Yorkshire Police,South Yorkshire Police,-1.482146,53.420625,On or near KYLE CLOSE,E01008124,Sheffield 012F,Suspect charged
dfb5a47b514911fb3d3c74b1a32619f7fc517cdd690333fd4b2e9468130e342a,2021-03,South Yorkshire Police,South Yorkshire Police,-1.437811,53.350268,On or near SPRING CLOSE VIEW,E01007982,Sheffield 054A,Suspect charged
ff7e979db63834f04eee21ebb162a26b3809799240ef2cc09d762a626791e43f,2021-03,South Yorkshire Police,South Yorkshire Police,-1.292570,53.494637,On or near Parking Area,E01007577,Doncaster 031F,Suspect charged
f6352c4687b78aa14d0661d949b4f24af41bb5d93f2a8c440ac3c254529ea157,2021-03,South Yorkshire Police,South Yorkshire Police,-1.445387,53.560376,On or near KITSON DRIVE,E01007405,Barnsley 011D,Unable to prosecute suspect
b1be178cc9ae13f8252c579c7ecb3636aeaf16b3f9ffb9f74a7e8add8d5f1c82,2021-03,South Yorkshire Police,South Yorkshire Police,-1.128763,53.522670,On or near PRINCE'S STREET,E01007645,Doncaster 022E,Investigation complete; no suspect identified
e2480b037f546a73f4d8524b3b6b9ddec18d1111babf1793fbf7068ec349be75,2021-03,South Yorkshire Police,South Yorkshire Police,,,No location,,,Unable to prosecute suspect
8ccd15ec3b73c27c500e58e2e3906a03afc2c49d52e98c55531dce022c533d86,2021-03,South Yorkshire Police,South Yorkshire Police,-1.100967,53.506842,On or near GRASSHOLME CLOSE,E01007527,Doncaster 027B,Investigation complete; no suspect identified
e73109d27fab0d37b6a19d93fe85904e6ea6dd07c3b7b2fa603a5f844e0c2c2f,2021-03,South Yorkshire Police,South Yorkshire Police,-1.299850,53.489188,On or near DON POTTERY YARD,E01007800,Rotherham 003E,Offender given a drugs possession warning
78002dff32fef0be7737ebd4931e0cf8982c6f7a7fe71ae94deae46b63f4e1db,2021-03,South Yorkshire Police,South Yorkshire Police,-1.401840,53.446282,On or near ABDY ROAD,E01007804,Rotherham 011B,Unable to prosecute suspect
421f5e159c690bd2372c3a1814c101417483cc2c356c0d76caf92ffe84ea7a97,2021-03,South Yorkshire Police,South Yorkshire Police,-1.502870,53.393136,On or near HIGHTON STREET,E01008153,Sheffield 024B,Unable to prosecute suspect
d089e81d418538ec36a501cd43e29bca87966f4de823a7716e4bdeb8be614bfa,2021-03,South Yorkshire Police,South Yorkshire Police,-1.502870,53.393136,On or near HIGHTON STREET,E01008153,Sheffield 024B,Unable to prosecute suspect
79f04d89fe26ab7fca8fca80454fc965025992809cf9b50c2032423970ab7dfe,2021-03,South Yorkshire Police,South Yorkshire Police,-1.190109,53.483893,On or near WELLINGTON ROAD,E01007547,Doncaster 034B,Unable to prosecute suspect
2114b81d7ed0aec2780c7eefc4b7b99f71dd56d87fc0b360618fb921caa163a0,2021-03,South Yorkshire Police,South Yorkshire Police,-1.196819,53.418212,On or near FIRTH CRESCENT,E01007763,Rotherham 020E,Suspect charged
2114b81d7ed0aec2780c7eefc4b7b99f71dd56d87fc0b360618fb921caa163a0,2021-03,South Yorkshire Police,South Yorkshire Police,-1.196819,53.418212,On or near FIRTH CRESCENT,E01007763,Rotherham 020E,Suspect charged
6d26f83a5026510fa5bd8443293606355e35ad8aeb32525b84e200998135bda9,2021-03,South Yorkshire Police,South Yorkshire Police,-1.447842,53.352859,On or near PLOWRIGHT WAY,E01007979,Sheffield 051D,Investigation complete; no suspect identified
e54bc68557a7a8db50e39953f083162328d76e2615eb3d2e64976474e08b4c7e,2021-03,South Yorkshire Police,South Yorkshire Police,-1.578119,53.371655,On or near REDMIRES ROAD,E01007956,Sheffield 041B,Investigation complete; no suspect identified
ac2f34e6338cc4bce20ab1ea170f3ded9af98ddfa648890a0bf918eacd560b38,2021-03,South Yorkshire Police,South Yorkshire Police,-1.102782,53.540860,On or near KINGFISHER CLOSE,E01007652,Doncaster 015D,Unable to prosecute suspect
60557085c737711aec84e51dae0b9dfc8f1cd44a63654b4bef365c8b21c913a3,2021-03,South Yorkshire Police,South Yorkshire Police,-1.099217,53.535341,On or near SANDALL RISE,E01007565,Doncaster 018B,Unable to prosecute suspect
184171961e79e49d3f4a5f6a818c5d77d30e70a68f9c0a599bf1153f3cdcafd9,2021-03,South Yorkshire Police,South Yorkshire Police,-1.150274,53.616036,On or near STATION ROAD,E01007489,Doncaster 002C,Unable to prosecute suspect
736113597b00e1d6d142e626b96d86ee285590b49377e7e03bf8565c1ebe2898,2021-03,South Yorkshire Police,South Yorkshire Police,-1.020445,53.583557,On or near NORWOOD ROAD,E01007563,Doncaster 006F,Unable to prosecute suspect
98d8d45dfb384bf7e56bde4dda29095a92d9a934df6f1e7bcce5ceb5fab2bb88,2021-03,South Yorkshire Police,South Yorkshire Police,-1.343203,53.504346,On or near MOOR ROAD,E01007820,Rotherham 002D,Unable to prosecute suspect
b715a096d33dee830c6de527bace6578bd447207b8da0636b38d84ffdcf0e6d5,2021-03,South Yorkshire Police,South Yorkshire Police,-1.347650,53.436551,On or near DENMAN STREET,E01007769,Rotherham 017D,Unable to prosecute suspect
578ca9c45c5ebec29af0de0cea6eac0a5c9de183eeca435bdd1379e2b558d863,2021-03,South Yorkshire Police,South Yorkshire Police,-1.138564,53.520602,On or near GORDON STREET,E01007529,Doncaster 022A,Unable to prosecute suspect
1ed77ac25f092741e00c76588959edb7b5b47f875a61521894962648df4e8fdf,2021-03,South Yorkshire Police,South Yorkshire Police,-1.191238,53.481554,On or near MARKET PLACE,E01007547,Doncaster 034B,Investigation complete; no suspect identified
7bfc94a88e739b5ed7a9cfaf192c8b4cf906b76d4f99a396258fc97b57a4e2f8,2021-03,South Yorkshire Police,South Yorkshire Police,-1.381425,53.360084,On or near HARDCASTLE ROAD,E01007968,Sheffield 049C,Unable to prosecute suspect
f69e219679ba1526f1067a6da2e8c3cc4e3006fc01e6896f6f5d93be50d4e976,2021-03,South Yorkshire Police,South Yorkshire Police,-1.351376,53.342019,On or near Supermarket,E01008034,Sheffield 056D,Suspect charged
4297fb8c1255eedde04064ecb60555ece8d6df817cebfcd0b1633f58618e72ca,2021-03,South Yorkshire Police,South Yorkshire Police,-1.467371,53.548063,On or near OSBORNE STREET,E01007337,Barnsley 015D,Unable to prosecute suspect
70a18b4087280aaed5338e38f23cbf60c522a3764e6317992622c5b2121e3b8d,2021-03,South Yorkshire Police,South Yorkshire Police,-1.445213,53.430392,On or near PEAR TREE ROAD,E01008059,Sheffield 010C,Suspect charged
8033cd38ee1f85204f82c099017aa3748877179a05ea084d36bc9263248393ec,2021-03,South Yorkshire Police,South Yorkshire Police,-1.082748,53.544087,On or near OGDEN ROAD,E01007656,Doncaster 015F,Unable to prosecute suspect
e9e8371e52f190d79a2e8b70a0375445c5c0fd6da04ac3e87694f8f40c9d7d2f,2021-03,South Yorkshire Police,South Yorkshire Police,-1.380888,53.340099,On or near RAVENFIELD CLOSE,E01008038,Sheffield 061C,Unable to prosecute suspect
9e47cbec17a375e27a58c89715e0961ba5bd297a9c3d9d7d06844999e3216fb9,2021-03,South Yorkshire Police,South Yorkshire Police,-1.108672,53.506126,On or near LAKESIDE BOULEVARD,E01007644,Doncaster 019A,Unable to prosecute suspect
e9884e366e6b145a51ef2c2ed0003a95ad81191169db7cf7a411070d2a99a46d,2021-03,South Yorkshire Police,South Yorkshire Police,-1.354342,53.434017,On or near Pedestrian Subway,E01007714,Rotherham 017B,Suspect charged
bee359740d74ddf8db6c89d27d69cd495069adadcb3819b07d38a333899c4a96,2021-03,South Yorkshire Police,South Yorkshire Police,-1.449520,53.418574,On or near STUBBIN LANE,E01007948,Sheffield 013D,Suspect charged
f6836b2d4d157fe80b6e06f59b7fc59447b0880c45e65c8eec3e2d5e8a9b6bce,2021-03,South Yorkshire Police,South Yorkshire Police,-1.464413,53.382813,On or near FITZALAN SQUARE,E01033264,Sheffield 073D,Unable to prosecute suspect
75e955dd5716841bc48f1cd9df53ca2ccb14b0382cad9fc64933392ce4310fa6,2021-03,South Yorkshire Police,South Yorkshire Police,-1.205227,53.571588,On or near BEAUMONT AVENUE,E01007465,Doncaster 009B,Unable to prosecute suspect
75e955dd5716841bc48f1cd9df53ca2ccb14b0382cad9fc64933392ce4310fa6,2021-03,South Yorkshire Police,South Yorkshire Police,-1.205227,53.571588,On or near BEAUMONT AVENUE,E01007465,Doncaster 009B,Unable to prosecute suspect
75e955dd5716841bc48f1cd9df53ca2ccb14b0382cad9fc64933392ce4310fa6,2021-03,South Yorkshire Police,South Yorkshire Police,-1.205227,53.571588,On or near BEAUMONT AVENUE,E01007465,Doncaster 009B,Unable to prosecute suspect
75e955dd5716841bc48f1cd9df53ca2ccb14b0382cad9fc64933392ce4310fa6,2021-03,South Yorkshire Police,South Yorkshire Police,-1.205227,53.571588,On or near BEAUMONT AVENUE,E01007465,Doncaster 009B,Unable to prosecute suspect
75e955dd5716841bc48f1cd9df53ca2ccb14b0382cad9fc64933392ce4310fa6,2021-03,South Yorkshire Police,South Yorkshire Police,-1.205227,53.571588,On or near BEAUMONT AVENUE,E01007465,Doncaster 009B,Unable to prosecute suspect
4cfb7a5312d3b9fe3feca37ca5b1abf56d14472d9d7a35f711f6a8e6ec0c66fc,2021-03,South Yorkshire Police,South Yorkshire Police,-1.478897,53.384809,On or near EDWARD STREET,E01033276,Sheffield 073E,Suspect charged
ad093b954a58e43d0cd21f363ad1dc4429887195fc352188ecd3556f2f67124f,2021-03,South Yorkshire Police,South Yorkshire Police,,,No location,,,Suspect charged
98848da0ca466a0449e7675fbc228c4fd235d1e311d81db4610a2b16c713e831,2021-03,South Yorkshire Police,South Yorkshire Police,-0.963793,53.609741,On or near PLANTATION ROAD,E01007639,Doncaster 003D,Investigation complete; no suspect identified
2d11f78831fd3ca3e714284953d8bf82a43c487c6fc93ee287bd25588b8409d6,2021-03,South Yorkshire Police,South Yorkshire Police,-1.484726,53.424969,On or near LYTTON CRESCENT,E01008118,Sheffield 009E,Local resolution
f3de2a26fb9b4e8ec479f7ae16da75ac820ca96628df2ac8708539092a4659bd,2021-03,South Yorkshire Police,South Yorkshire Police,-1.470887,53.551773,On or near CONISTON ROAD,E01007337,Barnsley 015D,Suspect charged
7d5fe23e09f4b180cf3678828bbbe378b2a2b808989a460d2b9a48af68826e18,2021-03,South Yorkshire Police,South Yorkshire Police,-1.470887,53.551773,On or near CONISTON ROAD,E01007337,Barnsley 015D,Suspect charged
a485ca1dd66dc757472f3fe846a1da809cf35a3e764aedd70bddeac49f2f54fa,2021-03,South Yorkshire Police,South Yorkshire Police,-1.082748,53.544087,On or near OGDEN ROAD,E01007656,Doncaster 015F,Unable to prosecute suspect
9581eb3f0d710ef4222180af9c62f48ecbc6f729cee5055a198755c959368af5,2021-03,South Yorkshire Police,South Yorkshire Police,-1.470887,53.551773,On or near CONISTON ROAD,E01007337,Barnsley 015D,Suspect charged
5d2b1081f80ef2e27563d7f6c1fec0158e58951c51a2d2277f5cfca90cc1f1ca,2021-03,South Yorkshire Police,South Yorkshire Police,-1.472421,53.430713,On or near TURIE AVENUE,E01008056,Sheffield 006B,Unable to prosecute suspect
cce511b3b7c288a36b62078548ac42b92242554d4ac50253ca614c48dcc3ce24,2021-03,South Yorkshire Police,South Yorkshire Police,-1.543199,53.431211,On or near HILLCREST DRIVE,E01008126,Sheffield 008A,Unable to prosecute suspect
c5f71c9c03d23e1173d6f77aea147ebd5a77aeca6103ac8490c5b629624eb443,2021-03,South Yorkshire Police,South Yorkshire Police,-1.274924,53.495241,On or near NORTH GATE,E01007579,Doncaster 030C,Unable to prosecute suspect
414d57d2d0da952b6ffa3f8bc5b59728b2853f3ec046c4181f108427eb1379e4,2021-03,South Yorkshire Police,South Yorkshire Police,-1.249607,53.489728,On or near HICKLETON STREET,E01007542,Doncaster 032B,Unable to prosecute suspect
4d3c0c19362f1529f3a69d6e7641c39dd46e1ffc0020019c7d6ef8f0fe6b41b8,2021-03,South Yorkshire Police,South Yorkshire Police,-1.477018,53.381107,On or near HOLLAND STREET,E01033266,Sheffield 074D,Investigation complete; no suspect identified
62629be7c9a12b768fa621ee4fd0e7b0b7486da5a502e49f3b8c51b3c74fa7b9,2021-03,South Yorkshire Police,South Yorkshire Police,-1.220135,53.480218,On or near WINDMILL AVENUE,E01007537,Doncaster 035A,Unable to prosecute suspect
9c088ee4c8b36a1c7038792469f5c766c26b2741dd68aae0941ecfbccc6cb2ce,2021-03,South Yorkshire Police,South Yorkshire Police,-1.169037,53.531918,On or near RAMSWORTH CLOSE,E01007589,Doncaster 016D,Suspect charged
fe0ec7f146de38f0c8d972e29e7789088227c84584299b3a27da3f6c806a2a67,2021-03,South Yorkshire Police,South Yorkshire Police,-1.388434,53.450879,On or near TEESDALE ROAD,E01007730,Rotherham 009C,Suspect charged
96f32061f1f8f98c2ddbc6a28d2c2a372f08c30550173a7b8d47a6202f39b723,2021-03,South Yorkshire Police,South Yorkshire Police,-1.365196,53.340897,On or near LUNDWOOD DRIVE,E01008040,Sheffield 061D,Unable to prosecute suspect
b2ed93a634c285bde02dde703331950af4cdac70cd7ecc8488f914bcf1a4b28a,2021-03,South Yorkshire Police,South Yorkshire Police,-1.389702,53.517877,On or near REGINALD ROAD,E01032925,Barnsley 026G,Unable to prosecute suspect
401f02fb44a2dc3788b70ce6edbbb8c81c2664b922d9b2d03b45ff94a4f2bbcf,2021-03,South Yorkshire Police,South Yorkshire Police,-1.113090,53.438914,On or near DADSLEY ROAD,E01007612,Doncaster 039B,Unable to prosecute suspect
af4cb7e4be8a043a7f1eaaf435ed97fd06c24a8fb9ca4a024b303dd92acd5b95,2021-03,South Yorkshire Police,South Yorkshire Police,-1.314739,53.443432,On or near DONCASTER ROAD,E01007721,Rotherham 010C,Investigation complete; no suspect identified
949d6bcc2d109f2e4ba34fe738320948f11eb6a6eed2ca0c97ed3ad4574bd129,2021-03,South Yorkshire Police,South Yorkshire Police,-1.088590,53.528546,On or near APPLEBY ROAD,E01007569,Doncaster 018F,Offender given a caution
602441864e01538ee5c026a17f047d94495d1b1f3b1f8c4262c339bfecf05d87,2021-03,South Yorkshire Police,South Yorkshire Police,-1.323269,53.439094,On or near MOWBRAY STREET,E01007738,Rotherham 013D,Unable to prosecute suspect
2d1bbd0d7fb9502e5b42917fc8872081eaad006528465450fda39a11bb0ae0bf,2021-03,South Yorkshire Police,South Yorkshire Police,-1.142024,53.515116,On or near ROBERTS ROAD,E01007533,Doncaster 023C,Suspect charged
e0609b11aff336ebfc60bff691ecf64e506e08cd0a32ff00a9698b247bc668de,2021-03,South Yorkshire Police,South Yorkshire Police,-1.249607,53.489728,On or near HICKLETON STREET,E01007542,Doncaster 032B,Unable to prosecute suspect
6437ea911ad56f7963b8707364513b205b083481db4f39bd3929df236b6639e6,2021-03,South Yorkshire Police,South Yorkshire Police,-1.203354,53.428431,On or near CHEETHAM DRIVE,E01007758,Rotherham 020B,Investigation complete; no suspect identified
5c065585511c57ef0b7867752e498765f00fabf02172df1f9499b226d2829b58,2021-03,South Yorkshire Police,South Yorkshire Police,-1.142024,53.515116,On or near ROBERTS ROAD,E01007533,Doncaster 023C,Suspect charged
5f77c9a7136d973543553a89937f44d9aa1925d1692b534dc32fbe666031cc6d,2021-03,South Yorkshire Police,South Yorkshire Police,-1.466970,53.374294,On or near BRITTAIN STREET,E01033274,Sheffield 042G,Unable to prosecute suspect
64d2955c39f305c2212951366137c1dde39cb419c984900d002ddadb27262d90,2021-03,South Yorkshire Police,South Yorkshire Police,,,No location,,,Suspect charged
b58b0dfea5122d15ed2340e90841f259bc1376148544cd10781b65dcfa4dcd46,2021-03,South Yorkshire Police,South Yorkshire Police,-1.472136,53.535069,On or near FLAX LEA,E01007460,Barnsley 021C,Unable to prosecute suspect
560c07412a9517c41514d9d5524e2c6e9e3001b5ac757518a981a631bb4c8dc9,2021-03,South Yorkshire Police,South Yorkshire Police,-1.437143,53.343964,On or near MORLAND ROAD,E01008007,Sheffield 060A,Unable to prosecute suspect
40cd8a6fd98e7d7dcdba301994740bb64f19136b6f4342018ea8971e978ea333,2021-03,South Yorkshire Police,South Yorkshire Police,-1.141715,53.510979,On or near QUEEN STREET,E01007534,Doncaster 028D,Investigation complete; no suspect identified
6aa90ca7a0e3d7d4043ed0964832b0f6968c06a8b5fa9721bdfd1f8796d4d415,2021-03,South Yorkshire Police,South Yorkshire Police,-1.135581,53.519726,On or near Pedestrian Subway,E01007645,Doncaster 022E,Unable to prosecute suspect
b3f04ad3288713b265bca66edfcd2b437dfbe6f5dfaf50e87189d3c47db4fb4a,2021-03,South Yorkshire Police,South Yorkshire Police,-1.281235,53.437563,On or near BRIARWOOD GARDENS,E01032926,Rotherham 012E,Investigation complete; no suspect identified
78d782c66807fdc86bf2fe936c451fbf06ba458c3a196a763b750c7b47283edd,2021-03,South Yorkshire Police,South Yorkshire Police,-1.204561,53.366911,On or near CENTRAL AVENUE,E01007791,Rotherham 029F,Unable to prosecute suspect
dd8ae85439bf47f3a12587c1eccbeec2221b35733838ea75e8864f658ecb2a30,2021-03,South Yorkshire Police,South Yorkshire Police,-1.186109,53.562129,On or near WELFARE ROAD,E01007504,Doncaster 009F,Unable to prosecute suspect
f6193d5523f30f0ba7b7a2b33477824feb018e51b4b978f9874218da869f33f7,2021-03,South Yorkshire Police,South Yorkshire Police,-1.449169,53.496971,On or near REDWOOD CLOSE,E01007391,Barnsley 030C,Unable to prosecute suspect
a0421bc3c7fc2f4742db9ebfe3a7c53c21a7b5ef6b14dda61200bbdb40dcf31f,2021-03,South Yorkshire Police,South Yorkshire Police,-1.169288,53.549933,On or near LANGTHWAITE ROAD,E01007518,Doncaster 012D,Unable to prosecute suspect
a598d27ed5fbb6b8eeff9452680d7c82fe62bd8edb0fab36f550f917d0fdd1d6,2021-03,South Yorkshire Police,South Yorkshire Police,-1.456042,53.409750,On or near Hospital,E01007942,Sheffield 020D,Suspect charged
886a2eabc385953f61f5541c7f8121b24e0776e24e3bf8a16509932f7555741f,2021-03,South Yorkshire Police,South Yorkshire Police,-1.370480,53.401267,On or near MANOR ROAD,E01007704,Rotherham 025D,Suspect charged
492d2c6fccf0f27d6c6e1ece8609f2fe25c7b9f6f82d7be8dfb5fce62c019e91,2021-03,South Yorkshire Police,South Yorkshire Police,-1.370480,53.401267,On or near MANOR ROAD,E01007704,Rotherham 025D,Suspect charged
879a11deff18a34e242017baa143bae642b06be2395511898e73bb2be56cdc08,2021-03,South Yorkshire Police,South Yorkshire Police,-1.317429,53.545180,On or near KINGSWAY,E01007375,Barnsley 014D,Suspect charged
9186d4da9d70f2150f13ea922ccd82bb2f589c74c5144905a9170f60567eb139,2021-03,South Yorkshire Police,South Yorkshire Police,-1.392679,53.443539,On or near Supermarket,E01007807,Rotherham 011E,Unable to prosecute suspect
082019ee55744bad5daf0161672cf2d8da92e338ccb90a7746d580459cd17f0d,2021-03,South Yorkshire Police,South Yorkshire Police,-1.135456,53.524345,On or near Shopping Area,E01007655,Doncaster 022F,Unable to prosecute suspect
ce7c4a052005689a1c1140a68f91fa0ef0e142b9d1d42c33fbcff370e1ce2f8c,2021-03,South Yorkshire Police,South Yorkshire Police,-1.382495,53.504223,On or near GILESWOOD CRESCENT,E01007695,Rotherham 001C,Further action is not in the public interest
1c19259eb4d57a05da0404e39a144e45f8283308f7b094aab64b2ff781a0674f,2021-03,South Yorkshire Police,South Yorkshire Police,-1.169288,53.549933,On or near LANGTHWAITE ROAD,E01007518,Doncaster 012D,Unable to prosecute suspect
fc2ed72ca97cc6ff40164491d98dc99a0bade5aa1742f6fe0ed840487f66fe25,2021-03,South Yorkshire Police,South Yorkshire Police,-1.182320,53.582481,On or near Supermarket,E01007474,Doncaster 005F,Unable to prosecute suspect
27e916878b6fd7d2ecea044249b0ffc9d23462767be3c2c32e8176e1b859e9b4,2021-03,South Yorkshire Police,South Yorkshire Police,-1.333537,53.465021,On or near ROCKINGHAM ROAD,E01007775,Rotherham 008A,Investigation complete; no suspect identified
a0e535aea8d82b32b366843a6a15781b6bc2da1c7e0900bda0b724fe0f7cab52,2021-03,South Yorkshire Police,South Yorkshire Police,-1.169288,53.549933,On or near LANGTHWAITE ROAD,E01007518,Doncaster 012D,Unable to prosecute suspect
b921a9ca79fb5d8a54206d5c7e4ac99c22772e319c14f0e7d0ad9ad3ec404b8c,2021-03,South Yorkshire Police,South Yorkshire Police,-1.436491,53.348959,On or near SPRING CLOSE MOUNT,E01007982,Sheffield 054A,Unable to prosecute suspect
fdecec22c36ddcac0008d2e21a6f90f43a9c9362257e30981a4c46fae6e77b98,2021-03,South Yorkshire Police,South Yorkshire Police,-1.426232,53.383606,On or near KETTLEBRIDGE ROAD,E01007883,Sheffield 027A,Unable to prosecute suspect
fde8528930203e21b15380557955a99cdc78ade5b18c6bef9355c2b6942010e2,2021-03,South Yorkshire Police,South Yorkshire Police,-1.291780,53.495001,On or near BELLE VUE ROAD,E01007577,Doncaster 031F,Investigation complete; no suspect identified
085511bc33950060a4d5b3dcc52665532a02dcc6dbed04e87618b8b48a0a3cae,2021-03,South Yorkshire Police,South Yorkshire Police,-1.297939,53.500889,On or near ELM ROAD,E01007573,Doncaster 031C,Investigation complete; no suspect identified
ff74691fd1dbe0d9d251529be2e5774dae6c1bc4e980aded5eaa072361a6d7cc,2021-03,South Yorkshire Police,South Yorkshire Police,-1.414625,53.517292,On or near FOUNDRY GATE,E01007452,Barnsley 026B,Suspect charged
598d640f86f913cd0b95bfb180dd56a7a6cbcf1e9a4b04c0d28a535d95c936ea,2021-03,South Yorkshire Police,South Yorkshire Police,-1.155939,53.513822,On or near SCARLL ROAD,E01007531,Doncaster 022C,Unable to prosecute suspect
a3a58f2c0dde44398674229beb467f2f6c81c7e3130f92c2b666e9f5ec9116e6,2021-03,South Yorkshire Police,South Yorkshire Police,-1.130393,53.520444,On or near Further/Higher Educational Building,E01007645,Doncaster 022E,Unable to prosecute suspect
377c0ba46bbab7a1121ed6960c3f1f7d5fcca91160781b03032dfd8f0ce42aca,2021-03,South Yorkshire Police,South Yorkshire Police,-1.491693,53.551144,On or near LANCASTER STREET,E01007445,Barnsley 013G,Investigation complete; no suspect identified
d06c3243b079f99c9779abf0bcfdc9aa3e57d0d90b1d5aa4d8b26d761d40a68c,2021-03,South Yorkshire Police,South Yorkshire Police,-1.072881,53.475517,On or near GRANGEFIELD CRESCENT,E01007590,Doncaster 037A,Unable to prosecute suspect
6b70de7f04b1a189d69a68afa3f38bf31bae952ea6441a5b9be01a7db2ce5301,2021-03,South Yorkshire Police,South Yorkshire Police,-1.454511,53.595122,On or near FIELD VIEW,E01007436,Barnsley 002B,Unable to prosecute suspect
3817564f930b86b47be89f7793ee3a91376de875baedd03a93043cce8dc8cbec,2021-03,South Yorkshire Police,South Yorkshire Police,-1.456429,53.535079,On or near WELLINGTON CRESCENT,E01007462,Barnsley 021E,Unable to prosecute suspect
25ef6bb88647309eea478cc86267bc4d298434152e472ecd90a5f5fc4dab64c1,2021-03,South Yorkshire Police,South Yorkshire Police,-1.125456,53.514808,On or near COOPER STREET,E01007530,Doncaster 022B,Unable to prosecute suspect
7cd56e4a09b485291650f88c096c1720679a84af411f70fb07e057a6c39569d9,2021-03,South Yorkshire Police,South Yorkshire Police,-1.359948,53.417526,On or near WARDEN STREET,E01007676,Rotherham 025A,Investigation complete; no suspect identified
b0aaa1cde53ed5c6d4af948d34cc731560cf375defd73eb5b4dbcd0f0b7a0aa9,2021-03,South Yorkshire Police,South Yorkshire Police,-1.309460,53.486754,On or near STATION STREET,E01007800,Rotherham 003E,Unable to prosecute suspect
7f0341779c8e6b90e545efab8231c9eff4b288804172e3cc5631476f1ed1b12b,2021-03,South Yorkshire Police,South Yorkshire Police,-1.386756,53.409468,On or near FERRARS DRIVE,E01007903,Sheffield 018A,Unable to prosecute suspect
c96997717bf8fe8522d4e859c143e130a3888a5b7e6e61152f468bb6aca8464a,2021-03,South Yorkshire Police,South Yorkshire Police,-1.386756,53.409468,On or near FERRARS DRIVE,E01007903,Sheffield 018A,Suspect charged
2af0ab73db2378074e78d22a6e14a03095d0dff8ba20d88953a7c17f55604cdc,2021-03,South Yorkshire Police,South Yorkshire Police,-1.468894,53.383992,On or near ST PETER'S CLOSE,E01033262,Sheffield 073B,Investigation complete; no suspect identified
5b5820ea5f6eb2428c262c973588a055e9d891160232165767a37a31b77e623b,2021-03,South Yorkshire Police,South Yorkshire Police,-1.505957,53.391423,On or near MOORSYDE AVENUE,E01008154,Sheffield 024C,Unable to prosecute suspect
499f28f88d4f4a8d04d231d8923c0c8bc8d6829984f5c7d9870a2d0f559f42e6,2021-03,South Yorkshire Police,South Yorkshire Police,-1.385372,53.505469,On or near PLOUGHMANS CROFT,E01007695,Rotherham 001C,Investigation complete; no suspect identified
d7f940631b198ba21d5fced2362c074e7aeb58818dc830b2c7393db9d002b16e,2021-03,South Yorkshire Police,South Yorkshire Police,-1.386258,53.372963,On or near ST JOSEPH'S ROAD,E01007909,Sheffield 032C,Unable to prosecute suspect
3fb59369fd3b05f8aed9753552660d78467a492b2d19a3f7438ad8c8c5cf08e2,2021-03,South Yorkshire Police,South Yorkshire Police,-1.160037,53.539945,On or near SCOTSMAN DRIVE,E01007512,Doncaster 012A,Unable to prosecute suspect
e999c2b308ff8a5b30e308ee6eb6fb0ebecbc598bd47734474a084500e9c36f9,2021-03,South Yorkshire Police,South Yorkshire Police,-1.359865,53.418046,On or near CASTLE AVENUE,E01007677,Rotherham 017A,Local resolution
a09f6363a6f7d88ad59074912baa8a6ac8eaadc71b5241293184d33696428ba3,2021-03,South Yorkshire Police,South Yorkshire Police,-1.410134,53.414863,On or near Shopping Area,E01007913,Sheffield 018C,Unable to prosecute suspect
cd688676b9ec16d68f9d5a16c48e0a87607fe3647616a99d23f87155de085771,2021-03,South Yorkshire Police,South Yorkshire Police,-1.084001,53.516088,On or near ASCOT AVENUE,E01007525,Doncaster 024B,Unable to prosecute suspect
1b1cae4d3afa4850fdc50562637f58661c2323d5710584dacdb915d242865111,2021-03,South Yorkshire Police,South Yorkshire Police,-1.280077,53.430356,On or near LABURNUM AVENUE,E01032927,Rotherham 012F,Unable to prosecute suspect
a48078e386da4f3d39a2403d38f54805f05f7a12a314a3e31c2579d76ab9370b,2021-03,South Yorkshire Police,South Yorkshire Police,-1.482215,53.552326,On or near PEEL SQUARE,E01007340,Barnsley 013B,Investigation complete; no suspect identified
de498725a503bf8e88d586c1483407d3d1957bb1a29da11d80833db1af75bb4d,2021-03,South Yorkshire Police,South Yorkshire Police,-1.510258,53.409769,On or near DUNELLA DRIVE,E01007991,Sheffield 016D,Unable to prosecute suspect
e16e4831aeb8affa4b822dc5d7722ea37153822914eadf8522794314f9dbd8ce,2021-03,South Yorkshire Police,South Yorkshire Police,-1.466401,53.573604,On or near HIGHFIELD AVENUE,E01007326,Barnsley 007D,Unable to prosecute suspect
e16e4831aeb8affa4b822dc5d7722ea37153822914eadf8522794314f9dbd8ce,2021-03,South Yorkshire Police,South Yorkshire Police,-1.466401,53.573604,On or near HIGHFIELD AVENUE,E01007326,Barnsley 007D,Unable to prosecute suspect
c253c116a8f61c9aaf011ada56d6f1e4fed0eb9972c676d6b80b8e53a8e6ee85,2021-03,South Yorkshire Police,South Yorkshire Police,-1.463358,53.359105,On or near CARRFIELD LANE,E01007976,Sheffield 051B,Unable to prosecute suspect
a98e9bda91993c9975a6562aa42c3a3022522f4a296ae550c18924b59437a192,2021-03,South Yorkshire Police,South Yorkshire Police,-1.111751,53.538428,On or near DURHAM ROAD,E01007651,Doncaster 015C,Investigation complete; no suspect identified
291e721bae7c79737139f8663fdaa4f07acd8242630171cdb97097fcc378aa56,2021-03,South Yorkshire Police,South Yorkshire Police,-1.129022,53.525503,On or near NETHER HALL ROAD,E01007648,Doncaster 019D,Suspect charged
b9507c7f9ea48a109f211ec83761bdabce3b34f0e0ac66dec04bc111955b795b,2021-03,South Yorkshire Police,South Yorkshire Police,-1.129022,53.525503,On or near NETHER HALL ROAD,E01007648,Doncaster 019D,Suspect charged
016321f03f769b2012efb44196fb83f989550d738e42e46eebdb415ede7a57ba,2021-03,South Yorkshire Police,South Yorkshire Police,-1.505844,53.555643,On or near WADE STREET,E01007446,Barnsley 012G,Unable to prosecute suspect
05fbd2e087e50d7fc4816c67961f622c6c1cfc557a1140f6d414a52ebeff2cf7,2021-03,South Yorkshire Police,South Yorkshire Police,-1.479588,53.542589,On or near WARREN PLACE,E01007413,Barnsley 017C,Unable to prosecute suspect
579f3d4510c3ddfab82b7a9dfa6d154024309b5021e01266ccf65201d4a666c4,2021-03,South Yorkshire Police,South Yorkshire Police,-1.494859,53.562896,On or near GREENFOOT LANE,E01007408,Barnsley 010C,Suspect charged
b55f8d6b1e037c76b44c4a98d0520c6394ce184bfdd4124cfbc23de3733d5a2a,2021-03,South Yorkshire Police,South Yorkshire Police,-1.180610,53.585768,On or near BORROWDALE CLOSE,E01007472,Doncaster 005D,Unable to prosecute suspect
9aea1bfea0599ad416041f01716cb6bcc1e92c417b6a548424bdd6deed668fee,2021-03,South Yorkshire Police,South Yorkshire Police,-1.124519,53.514918,On or near PALMER STREET,E01007530,Doncaster 022B,Unable to prosecute suspect
b87cef8460148083956112800f070fb261aa9f6df185a50946338a0144128d69,2021-03,South Yorkshire Police,South Yorkshire Police,-1.127062,53.556275,On or near HIGH STREET,E01007505,Doncaster 013A,Unable to prosecute suspect
13578737cfb712b227d27b3c26914e8997dec07dbeb32c5fe50313319b59df50,2021-03,South Yorkshire Police,South Yorkshire Police,-1.161951,53.549235,On or near DANESWAY,E01007519,Doncaster 012E,Unable to prosecute suspect
d43129cc3da6a7b57d6bdf033219c9c67dbb312d8d4a4652f2976770985d6f39,2021-03,South Yorkshire Police,South Yorkshire Police,-1.346327,53.437470,On or near GROSVENOR ROAD,E01007769,Rotherham 017D,Unable to prosecute suspect
b0738ddc474bd01c7aeb429ffd3d42c6bf17596fb6855fa33c6e15a4b6c0c375,2021-03,South Yorkshire Police,South Yorkshire Police,-0.999867,53.476789,On or near Park/Open Space,E01007602,Doncaster 026D,Offender given a caution
a57c83396077af9f09ce0992efd4fbd21a95a406de8ec78298c1e285f445fca9,2021-03,South Yorkshire Police,South Yorkshire Police,-1.125364,53.530241,On or near ST MARY'S ROAD,E01007655,Doncaster 022F,Suspect charged
9bd9319167d8b79d1e8e2b377192433fb2babf3fdfc229e1ce6d3a0cdea39369,2021-03,South Yorkshire Police,South Yorkshire Police,-1.400130,53.516330,On or near WENTWORTH VIEW,E01007451,Barnsley 026A,Unable to prosecute suspect
71c638532ef7cb88616da98704d41f2d30162e55cf42f366bb85b9ca989af328,2021-03,South Yorkshire Police,South Yorkshire Police,-1.135509,53.615805,On or near RICHMOND DRIVE,E01007488,Doncaster 002B,Unable to prosecute suspect
81e4750a371daf58638a89e9a1a96e5e6b875333f53390b16976a41f20f01add,2021-03,South Yorkshire Police,South Yorkshire Police,-1.363727,53.347757,On or near RAINBOW PLACE,E01008029,Sheffield 056B,Unable to prosecute suspect
64bf60660579574021dde152e4377c6addcd82b5d186a1dda9832d88dc8f5cd8,2021-03,South Yorkshire Police,South Yorkshire Police,-1.084417,53.505862,On or near BAWTRY ROAD,E01007524,Doncaster 025C,Unable to prosecute suspect
3c3db9301e399feab24c4136c0d634467719878abe3f34684623359a55150b1c,2021-03,South Yorkshire Police,South Yorkshire Police,-1.299428,53.494650,On or near FREDERICK STREET,E01007577,Doncaster 031F,Suspect charged
d1a37441669b9c7c9b12599a4b58100a5b425b9bc811865df1e31ba79bc65773,2021-03,South Yorkshire Police,South Yorkshire Police,-1.296587,53.446823,On or near VALE CRESCENT,E01007727,Rotherham 010D,Unable to prosecute suspect
08f6ecf0b96a30f05e55452d22e13ee358157ae920e7dcf59dee7a0e71022584,2021-03,South Yorkshire Police,South Yorkshire Police,-1.320511,53.418512,On or near WICKERSLEY ROAD,E01007709,Rotherham 021B,Unable to prosecute suspect
173730f5ed2e7b0d4c5d8ce620c42a9c231f44cd0964bd66cda3e7d33919a28c,2021-03,South Yorkshire Police,South Yorkshire Police,-1.320511,53.418512,On or near WICKERSLEY ROAD,E01007709,Rotherham 021B,Unable to prosecute suspect
82a2cf1150a329ac7fc6ce29f0240306a14212f851a5d08aabdc20fe3f4ce54c,2021-03,South Yorkshire Police,South Yorkshire Police,-1.483339,53.379256,On or near WILKINSON STREET,E01033266,Sheffield 074D,Offender given penalty notice
e5b0436a529c2eaed6875f174c011d17c6a4d951c7f5b9ea4fc108f1f630a916,2021-03,South Yorkshire Police,South Yorkshire Police,-1.394178,53.345524,On or near EAST GLADE CLOSE,E01033278,Sheffield 076E,Investigation complete; no suspect identified
9eca250807b4e9dd6077a79b03fb32339b34b3c02e34aabf21b8694519f0ef8f,2021-03,South Yorkshire Police,South Yorkshire Police,-1.148256,53.552518,On or near HUNTINGTON STREET,E01007509,Doncaster 010C,Suspect charged
2917ca342e54243e0d3088824dd2957f0c22e6ade465f158c199534efeff8e23,2021-03,South Yorkshire Police,South Yorkshire Police,-1.295876,53.494360,On or near MAIN STREET,E01007577,Doncaster 031F,Suspect charged
0c7eb90e9d02a8a78185536d5b75da961f0fdb85c851cd75da30b601860061e4,2021-03,South Yorkshire Police,South Yorkshire Police,-1.401169,53.361128,On or near RICHMOND PLACE,E01007963,Sheffield 045A,Unable to prosecute suspect
8c372dc9d155c003936efc276a2befe91c2a9a28ba22034ec52283944c0427af,2021-03,South Yorkshire Police,South Yorkshire Police,-1.480453,53.380466,On or near PITT CLOSE,E01033266,Sheffield 074D,Further investigation is not in the public interest
66e8aaa22c7eb50b33a8337ee576fc2da3368971ae883d0d94d0592ff4322d67,2021-03,South Yorkshire Police,South Yorkshire Police,-1.346529,53.504742,On or near WHITWORTH WAY,E01007693,Rotherham 001A,Unable to prosecute suspect
83bf1582add055c2d38fd145cd65ff73257f801d15200dad40d8644e3b2d4aba,2021-03,South Yorkshire Police,South Yorkshire Police,-1.456429,53.535079,On or near WELLINGTON CRESCENT,E01007462,Barnsley 021E,Unable to prosecute suspect
89a36a1479a8a2fdfeb81dd17f1b3e2ae69baa8b85e0f1030ebf6b00bdacea98,2021-03,South Yorkshire Police,South Yorkshire Police,-1.482082,53.362684,On or near CRESCENT ROAD,E01008113,Sheffield 042E,Unable to prosecute suspect
446ee25ce747238faa0b970d18cb864910d5b37d168e7839f91d8c8b75f2eedb,2021-03,South Yorkshire Police,South Yorkshire Police,-0.963482,53.613819,On or near FIELD ROAD,E01007637,Doncaster 003B,Unable to prosecute suspect
671c72c12ffeaa83dff4c8c36b31285c5383c0db12b68433eabb28f5341e5186,2021-03,South Yorkshire Police,South Yorkshire Police,-1.412379,53.381858,On or near HALSALL ROAD,E01008014,Sheffield 032E,Unable to prosecute suspect
10707b32d1d2089fa22d212240b03b4f5f01cd23a49e7ed6c574a07a1ef4d879,2021-03,South Yorkshire Police,South Yorkshire Police,-1.409439,53.595250,On or near CHAPEL STREET,E01007331,Barnsley 003B,Local resolution
f290bf3f91f2d919711e7dbfe4580390d0142894cb1da3ef1ce1643865e68751,2021-03,South Yorkshire Police,South Yorkshire Police,-1.511499,53.378889,On or near RYEGATE ROAD,E01007868,Sheffield 030C,Further action is not in the public interest
d83e81de5bde16779509c69d53555cc319f58b7844d9e8f0d9f76d8e1aaaaa9e,2021-03,South Yorkshire Police,South Yorkshire Police,-1.473674,53.418197,On or near SOUTHEY HALL DRIVE,E01007946,Sheffield 015C,Investigation complete; no suspect identified
a5c21bfa5f3661eab6c43276fab27e38ec75ade3b2b4bd24d0f0e26242c68356,2021-03,South Yorkshire Police,South Yorkshire Police,-1.197067,53.564666,On or near THE CRESCENT,E01007466,Doncaster 009C,Suspect charged
c95f8a16905afe094bf13f547f99afd2f6b91df6f73ac7b8655e8258a4f09b14,2021-03,South Yorkshire Police,South Yorkshire Police,-1.479731,53.360750,On or near SOUTHCROFT GARDENS,E01008113,Sheffield 042E,Investigation complete; no suspect identified
72ab0b63149f4301c9478ae86461721cdcba7bc373eea37ee6559e5df93071b7,2021-03,South Yorkshire Police,South Yorkshire Police,-1.389019,53.341768,On or near Sports/Recreation Area,E01033278,Sheffield 076E,Unable to prosecute suspect
7beffec99d1e1404f382999093b630986a33dd6310350aea90bebee0e04e29d2,2021-03,South Yorkshire Police,South Yorkshire Police,-1.102471,53.516300,On or near Supermarket,E01007526,Doncaster 025D,Local resolution
53e0fdb797f128c989b158c1ac3fa240c1e457f2cb596ed44e2ad5e4f6d7106b,2021-03,South Yorkshire Police,South Yorkshire Police,-1.219699,53.429195,On or near ASH COURT,E01007756,Rotherham 018D,Unable to prosecute suspect
53e0fdb797f128c989b158c1ac3fa240c1e457f2cb596ed44e2ad5e4f6d7106b,2021-03,South Yorkshire Police,South Yorkshire Police,-1.219699,53.429195,On or near ASH COURT,E01007756,Rotherham 018D,Unable to prosecute suspect
842f740748a1b343adf3a0d90bfac9cd31b0eb5ee8a9dea83dc83bd756480946,2021-03,South Yorkshire Police,South Yorkshire Police,-1.476794,53.423847,On or near FALSTAFF ROAD,E01033277,Sheffield 011E,Investigation complete; no suspect identified
4473d99966ef37c54dfc31fa0de7ebb01d33f5ce3fa7ffd15545649be5558600,2021-03,South Yorkshire Police,South Yorkshire Police,-1.327992,53.487093,On or near BRAMELD ROAD,E01007818,Rotherham 003F,Unable to prosecute suspect
34ad193a9fa0f0b1d100670a65a4e629387fb32ec7fc5c38c5fb5aa064e5e8c9,2021-03,South Yorkshire Police,South Yorkshire Police,-1.307654,53.496793,On or near Petrol Station,E01007574,Doncaster 031D,Unable to prosecute suspect
4a1c22453879628b7179e6536cdfb814f6253b743566ca1d760fc41c0d05271e,2021-03,South Yorkshire Police,South Yorkshire Police,-1.180630,53.500277,On or near BEECH GROVE,E01007552,Doncaster 033C,Suspect charged
080ba31740754bdcebf1b3f6b22c29e8d2e36183b7d92d1355ceb590fcc85618,2021-03,South Yorkshire Police,South Yorkshire Police,-1.145848,53.525912,On or near Prison,E01007529,Doncaster 022A,Unable to prosecute suspect
e1df6bee6945b1be8e966eecf6449127eeb25c1d6828eae083a6551917dae077,2021-03,South Yorkshire Police,South Yorkshire Police,-1.142390,53.510409,On or near CARR VIEW AVENUE,E01007534,Doncaster 028D,Offender given a caution
80a82ad969d1bcfcd301ece2e7c50245e817d0058e647fb9c4bcaad41070fdb4,2021-03,South Yorkshire Police,South Yorkshire Police,-1.384580,53.577831,On or near STACEY CRESCENT,E01007332,Barnsley 006C,Unable to prosecute suspect
bc36a8b42d07dce7bfa5b3f6fa83eb67286404b8338ccb62b1e896191a10f4cf,2021-03,South Yorkshire Police,South Yorkshire Police,-1.265539,53.495732,On or near PASTURES COURT,E01007579,Doncaster 030C,Unable to prosecute suspect
563f1387dfb089d20dd1562f3f275fb84d54400414b9990d2093dde7df0ec496,2021-03,South Yorkshire Police,South Yorkshire Police,-1.517518,53.374338,On or near Hospital,E01007862,Sheffield 038C,Offender given a caution
209b110a2643ecc67c2f46823f7098e9bd1412cdb64277e82a234ccfb745349d,2021-03,South Yorkshire Police,South Yorkshire Police,-1.189637,53.587645,On or near CHARLES STREET,E01007470,Doncaster 005C,Action to be taken by another organisation
0af59264e25c43496dbbb4e371f516266381da777dd7f63d44052df01b94ee69,2021-03,South Yorkshire Police,South Yorkshire Police,-1.354080,53.431426,On or near HOWARD STREET,E01007714,Rotherham 017B,Investigation complete; no suspect identified
2b81e4d5fae3cf828e925df797d0fdc943c570f1af78a3602c1d3825bc46f878,2021-03,South Yorkshire Police,South Yorkshire Police,-1.471047,53.547378,On or near WILBY LANE,E01007339,Barnsley 017B,Unable to prosecute suspect
e2da8933b631d5b7a0f795ce000374930bea260e10846a0debf256ee017c1a1b,2021-03,South Yorkshire Police,South Yorkshire Police,-1.484160,53.357345,On or near GATEFIELD ROAD,E01008042,Sheffield 050A,Unable to prosecute suspect
37d5632cd4c36bdb912477cf602090e7fa7d6eac15b5a13113a98d98d24e35e3,2021-03,South Yorkshire Police,South Yorkshire Police,-1.222401,53.479055,On or near SHELDON AVENUE,E01007537,Doncaster 035A,Unable to prosecute suspect
7b29cb89b2868a1d100343e7342d53084ffe9af2929c245368d75ca7aa61a1bc,2021-03,South Yorkshire Police,South Yorkshire Police,-1.458040,53.472724,On or near A6135,E01007894,Sheffield 004E,Further action is not in the public interest
1013f95df891771c3534ab9464cb583f0cd8bb5de71caf2b73db7427fa858c50,2021-03,South Yorkshire Police,South Yorkshire Police,-1.479363,53.431642,On or near Supermarket,E01008117,Sheffield 009D,Unable to prosecute suspect
edb304fe8768a37ca35a6226b24d67783ead28359d84fdc184f2f57649baaed1,2021-03,South Yorkshire Police,South Yorkshire Police,-1.490726,53.359809,On or near RAVEN ROAD,E01008052,Sheffield 050F,Unable to prosecute suspect
48e325364bfda71c9e5ab4c4253d40bd04929f3220b6fda2862c0063c45a51c9,2021-03,South Yorkshire Police,South Yorkshire Police,-1.358807,53.421367,On or near TOWN STREET,E01007677,Rotherham 017A,Unable to prosecute suspect
6db97f729893c7d88f7e17c660b00a570fea1eea80e96c3025751a789f98120e,2021-03,South Yorkshire Police,South Yorkshire Police,-1.483461,53.360497,On or near WATH ROAD,E01008051,Sheffield 050E,Investigation complete; no suspect identified
d9a8a80e551042e37ad8714ce0b3edd56610df73b9a2a6bd8178cfd811c82851,2021-03,South Yorkshire Police,South Yorkshire Police,-1.383081,53.431616,On or near FERHAM CLOSE,E01007715,Rotherham 016A,Unable to prosecute suspect
4d58bb5800080e01443f668dd1d3713a3680b2e865b79dbf4ca9668d9c3f2f12,2021-03,South Yorkshire Police,South Yorkshire Police,-1.500127,53.378231,On or near TURNERS LANE,E01007867,Sheffield 030B,Unable to prosecute suspect
a66c61b183500cefc9f7b5341478687b578af74a594585debed3909c4cfa42d3,2021-03,South Yorkshire Police,South Yorkshire Police,-1.079332,53.478911,On or near JOHN LANE,E01007592,Doncaster 037B,Unable to prosecute suspect
87c4e1b0f1544864eaa1355de9e04dcdcaa29bcc6057677d1d5d38aa7d9f3e49,2021-03,South Yorkshire Police,South Yorkshire Police,-1.495356,53.437257,On or near GRENOSIDE GRANGE CLOSE,E01008141,Sheffield 005E,Unable to prosecute suspect
132394f96f23d4169673c2f1f726e12425e7d741b845ff37aac358494f4b877d,2021-03,South Yorkshire Police,South Yorkshire Police,-1.451347,53.427400,On or near MOLINEAUX ROAD,E01008060,Sheffield 010D,Further investigation is not in the public interest
ca0ef727473b836546c6fbe8e85c98e9713c7e1aa4c91362fb86ac1e5d69fcd5,2021-03,South Yorkshire Police,South Yorkshire Police,-1.533399,53.545417,On or near B6099,E01007384,Barnsley 019C,Investigation complete; no suspect identified
d1c24b53dd4e588e028a5c86c529d5fac7987d0fe9ffa19ffa0e6ab9d79f7e2f,2021-03,South Yorkshire Police,South Yorkshire Police,-1.479473,53.496522,On or near MACNAGHTEN ROAD,E01007424,Barnsley 028E,Unable to prosecute suspect
f499b2081b9672146b7caae87d1b61a435fe158039dc46622c3945c81d875b95,2021-03,South Yorkshire Police,South Yorkshire Police,-1.344493,53.444138,On or near Shopping Area,E01007784,Rotherham 008D,Unable to prosecute suspect
9e0f89d3f8df3611a2d67c21d6528711d7452954750027e738332971942c9f9c,2021-03,South Yorkshire Police,South Yorkshire Police,,,No location,,,Suspect charged
8bdeae1a17f9ec77f52e7c5315286752a8540df843eb66655da4dec8c7f3f4fc,2021-03,South Yorkshire Police,South Yorkshire Police,-1.344493,53.444138,On or near Shopping Area,E01007784,Rotherham 008D,Suspect charged
687d9d494a2d97087eae834dc824d3639db59390f45bf23324690adb18a2d181,2021-03,South Yorkshire Police,South Yorkshire Police,-1.296275,53.499378,On or near MAPLE ROAD,E01007573,Doncaster 031C,Unable to prosecute suspect
37ffd716316647ee7e0f661cfdfb8cfb74a63ecbb02400db6bf2a92febb6ee7d,2021-03,South Yorkshire Police,South Yorkshire Police,-1.503585,53.395045,On or near PARSONAGE COURT,E01008153,Sheffield 024B,Offender given a caution
37ffd716316647ee7e0f661cfdfb8cfb74a63ecbb02400db6bf2a92febb6ee7d,2021-03,South Yorkshire Police,South Yorkshire Police,-1.503585,53.395045,On or near PARSONAGE COURT,E01008153,Sheffield 024B,Offender given a caution
1aca4f04f42911758763910c5702c20325a7c9d5ef587f4ae7f621fecc412b6e,2021-03,South Yorkshire Police,South Yorkshire Police,-1.147183,53.510533,On or near VICTORIA ROAD,E01007535,Doncaster 023D,Unable to prosecute suspect
df9105e0666f4a888e5bb756fc04e5786da182f559eb9fbcc9895cc12793b78e,2021-03,South Yorkshire Police,South Yorkshire Police,-1.344497,53.424318,On or near TREHERNE ROAD,E01007675,Rotherham 023A,Unable to prosecute suspect
11d3c71223e7ee74880aed1ca05a8ee659adae87134259476c18f642ebbba174,2021-03,South Yorkshire Police,South Yorkshire Police,-1.344497,53.424318,On or near TREHERNE ROAD,E01007675,Rotherham 023A,Unable to prosecute suspect
7fc66beba4ac304ee461889fdf8b4d732dac6222ae487e9ff754b0369e8a2bf2,2021-03,South Yorkshire Police,South Yorkshire Police,-1.281324,53.498291,On or near PRINCESS ROAD,E01007576,Doncaster 031E,Unable to prosecute suspect
7eecc361a20e416aa20f28671c58611a48236993c039524e456abd1fa9a9365a,2021-03,South Yorkshire Police,South Yorkshire Police,-1.161611,53.506869,On or near HORSE SHOE COURT,E01007496,Doncaster 029A,Unable to prosecute suspect
aab5d9378495755929e85746a8934fc9535ed2a7bcd76867fe52182f2aa9c1d0,2021-03,South Yorkshire Police,South Yorkshire Police,-1.094955,53.527174,On or near CRECY AVENUE,E01007569,Doncaster 018F,Unable to prosecute suspect
29da3b5f329b9b51554c8889dbc818d4e15e50c608751a920a07a7d6b44fc581,2021-03,South Yorkshire Police,South Yorkshire Police,-1.281724,53.496037,On or near COBDEN AVENUE,E01007576,Doncaster 031E,Suspect charged
bf055dc299cc66a51d1a59b4f3967b598361dee8674160c08267aecc0cb4b729,2021-03,South Yorkshire Police,South Yorkshire Police,-1.153661,53.563064,On or near WAVERLEY COURT,E01007511,Doncaster 010E,Unable to prosecute suspect
d3eb3d74506b9ace594584051b4a2384f6f2dcc6ec15b84f8a5702513ee3de80,2021-03,South Yorkshire Police,South Yorkshire Police,-1.153752,53.565294,On or near CAVENDISH ROAD,E01007511,Doncaster 010E,Unable to prosecute suspect
24811ed1aa8b2e24fdf70a1b8a9c7955c6466cd342f1e682c69646e5a049c3a1,2021-03,South Yorkshire Police,South Yorkshire Police,-1.530383,53.392304,On or near Pedestrian Subway,E01008158,Sheffield 025D,Further investigation is not in the public interest
ec4835c339b4c7aada5e9fbcee7ccc9cbac57ff40239d9d60c765b59920e6aa6,2021-03,South Yorkshire Police,South Yorkshire Police,-1.324238,53.523197,On or near BECKFIELD GROVE,E01007364,Barnsley 025A,Unable to prosecute suspect
30be301a780eafcd478933845c4fded2bdd3c6ee0b69dbfd1728f0ab704b37fb,2021-03,South Yorkshire Police,South Yorkshire Police,-1.466553,53.384836,On or near SNIG HILL,E01033264,Sheffield 073D,Suspect charged
998f9945eef54a6b8b4237ef23dd750d9f6ac80b22c63c9bf7071c3ce9e768a6,2021-03,South Yorkshire Police,South Yorkshire Police,-1.135302,53.617062,On or near BOWNESS DRIVE,E01007488,Doncaster 002B,Unable to prosecute suspect
b30a181c0bc7a86817f65ea431329544974dedfae7895cf151be8ef48cbcf334,2021-03,South Yorkshire Police,South Yorkshire Police,-1.434468,53.363358,On or near EDENHALL ROAD,E01008098,Sheffield 048A,Suspect charged
209bf5ae5074d3c32d2eab5f31e859256505d8750b4ba2527961df884ecf0363,2021-03,South Yorkshire Police,South Yorkshire Police,-0.957187,53.622681,On or near HOLLY WALK,E01007635,Doncaster 001D,Suspect charged
209bf5ae5074d3c32d2eab5f31e859256505d8750b4ba2527961df884ecf0363,2021-03,South Yorkshire Police,South Yorkshire Police,-0.957187,53.622681,On or near HOLLY WALK,E01007635,Doncaster 001D,Suspect charged
30accca8d8eda0efdccf4a366591b36359552080decfadf458925ec8787e3498,2021-03,South Yorkshire Police,South Yorkshire Police,-1.126298,53.529591,On or near CHARLES STREET,E01007655,Doncaster 022F,Suspect charged
d11f6ad2e476f1e3a246a7004d331c79b7e618b98509e49b90302d7ebee321a0,2021-03,South Yorkshire Police,South Yorkshire Police,-1.509634,53.410395,On or near WADSLEY LANE,E01007987,Sheffield 016A,Offender given a caution
ce3e59aedd1e8b242c1ea7e4c3b41521182b88deb174fa25131124cd806e8929,2021-03,South Yorkshire Police,South Yorkshire Police,-1.471248,53.343185,On or near Supermarket,E01007827,Sheffield 064A,Investigation complete; no suspect identified
07752241f63db0324b9de2353cb572eeee32359de7d445c2ed5a18677715f3c0,2021-03,South Yorkshire Police,South Yorkshire Police,-1.179959,53.542106,On or near LATIN GARDENS,E01007587,Doncaster 020C,Investigation complete; no suspect identified
be63fc8e2528b1f2df5510afd427e5fb6eadd4a9f1b3625445dd19283f05eac1,2021-03,South Yorkshire Police,South Yorkshire Police,-1.392302,53.453119,On or near TOWN LANE,E01007732,Rotherham 009E,Investigation complete; no suspect identified
1bf4beb0dbb03b609d041588e736623c2a63b8ba852aa3790387c2a8e2eab876,2021-03,South Yorkshire Police,South Yorkshire Police,-1.480974,53.415479,On or near BARRIE DRIVE,E01007950,Sheffield 015D,Further action is not in the public interest
1b9927dafd7a7d0b91049cd4f0b421d1b64520824524f678fab2a81c5927ab11,2021-03,South Yorkshire Police,South Yorkshire Police,-1.354080,53.431426,On or near HOWARD STREET,E01007714,Rotherham 017B,Offender given a caution
63a12904626c10f3071a91a97d270bcb7407c21cd3e50ee918d42aa2fd06da58,2021-03,South Yorkshire Police,South Yorkshire Police,-1.438054,53.500739,On or near HIGH STREET,E01007391,Barnsley 030C,Investigation complete; no suspect identified
75c2e5c58640d45f06584e617ab8ec51095e2ddd7fcc5c1f587cf83108c4793d,2021-03,South Yorkshire Police,South Yorkshire Police,-1.319063,53.432904,On or near LOCKWOOD CLOSE,E01007735,Rotherham 013B,Unable to prosecute suspect
922d4257c3745dbab5019d9f7c30234ea84927faba2ca6deef20646dcaa62c97,2021-03,South Yorkshire Police,South Yorkshire Police,-1.386756,53.409468,On or near FERRARS DRIVE,E01007903,Sheffield 018A,Suspect charged
8e8068abd2823dfa1d133a1b4a4a61b02b9b94f25a02fcd66aa76548fd95de89,2021-03,South Yorkshire Police,South Yorkshire Police,-1.486461,53.372141,On or near ECCLESALL ROAD,E01008104,Sheffield 036E,Investigation complete; no suspect identified
3ff04f5f61de961924e5f5499d57c4bda25fbf0095f168f619e88298e04f67fe,2021-03,South Yorkshire Police,South Yorkshire Police,-1.113996,53.527011,On or near IMPERIAL CRESCENT,E01007649,Doncaster 019E,Unable to prosecute suspect
07a1588ee2fdcc697ce2cf3c0949c9cc4398a5eabcf1e004dcdb898b067311d1,2021-03,South Yorkshire Police,South Yorkshire Police,-1.151741,53.539788,On or near WASHINGTON GROVE,E01007514,Doncaster 013B,Unable to prosecute suspect
07a1588ee2fdcc697ce2cf3c0949c9cc4398a5eabcf1e004dcdb898b067311d1,2021-03,South Yorkshire Police,South Yorkshire Police,-1.151741,53.539788,On or near WASHINGTON GROVE,E01007514,Doncaster 013B,Unable to prosecute suspect
2f4540d4a83ac52748d829b35f199c354bdec01cbf41fae87abd669229bf59c8,2021-03,South Yorkshire Police,South Yorkshire Police,-1.117096,53.528121,On or near VICTORIAN CRESCENT,E01007646,Doncaster 019B,Unable to prosecute suspect
01d5b021c4721640d66fbc2b8916e445e164266afbd4651bb0820ee1d2e335a7,2021-03,South Yorkshire Police,South Yorkshire Police,-1.342470,53.423040,On or near BROOMFIELD GROVE,E01007675,Rotherham 023A,Unable to prosecute suspect
01d5b021c4721640d66fbc2b8916e445e164266afbd4651bb0820ee1d2e335a7,2021-03,South Yorkshire Police,South Yorkshire Police,-1.342470,53.423040,On or near BROOMFIELD GROVE,E01007675,Rotherham 023A,Unable to prosecute suspect
8b761fe460f739aa4f1035c9211d7190e66d7fd39d05f44ae54df90092ddada8,2021-03,South Yorkshire Police,South Yorkshire Police,-1.153661,53.563064,On or near WAVERLEY COURT,E01007511,Doncaster 010E,Unable to prosecute suspect
7c9b7ee254d70ffb2f3cb3329a1d0c298b24f2217cd380a74dec8b09bc609f85,2021-03,South Yorkshire Police,South Yorkshire Police,-1.413648,53.507211,On or near BROWNS SQUARE,E01007456,Barnsley 029D,Unable to prosecute suspect
8f5a11d4584ffb8e7e03b868e513055df42b30ca3479c62e8ff5144e32cca60a,2021-03,South Yorkshire Police,South Yorkshire Police,-1.474753,53.388000,On or near EBENEZER STREET,E01033263,Sheffield 073C,Further action is not in the public interest
4df1627c457a724d4c8f97f6d0f37b65a8ea9eae9085b5055c7b7495e020743f,2021-03,South Yorkshire Police,South Yorkshire Police,-1.486484,53.371467,On or near POMONA STREET,E01008111,Sheffield 040D,Offender given a caution
842be993423572f8fd8d74bdf2a0d76c929b4f13426b017fc83eb0542fdb1d49,2021-03,South Yorkshire Police,South Yorkshire Police,-1.069860,53.473822,On or near HUNSTER GROVE,E01007595,Doncaster 037D,Unable to prosecute suspect
778ccf93ea4aef2a7b4428502e0e6aa2c528a9fa6974e0422c3187655009da07,2021-03,South Yorkshire Police,South Yorkshire Police,-1.474810,53.363776,On or near STAVELEY ROAD,E01008112,Sheffield 042D,Suspect charged
f8cb1652c252dd3923666c71276a5e955b873d941a5df5ae8d414f04972cf4ac,2021-03,South Yorkshire Police,South Yorkshire Police,-1.377677,53.576897,On or near DEWFIELD CLOSE,E01007332,Barnsley 006C,Suspect charged
0983765858d15a63e222c020199754fe93a184589ac4bafc47816808200738c6,2021-03,South Yorkshire Police,South Yorkshire Police,-1.423005,53.389883,On or near SHIRLAND MEWS,E01007905,Sheffield 027C,Unable to prosecute suspect
963898f24160ffa90affd36884f737e22765e9e3790aefebb72be96ac403bbfd,2021-03,South Yorkshire Police,South Yorkshire Police,,,No location,,,Formal action is not in the public interest
dafa8431db6c7211ac1ecda343859fa10dd9c881b3aa659120cf88e92a3bbd49,2021-03,South Yorkshire Police,South Yorkshire Police,-1.455452,53.375842,On or near NORFOLK ROAD,E01007879,Sheffield 075B,Suspect charged
32a355afd08928ec039e02b5001b05b9c16a822398bda7f03b103eee482eed6d,2021-03,South Yorkshire Police,South Yorkshire Police,-1.500316,53.355670,On or near NEEDHAM WAY,E01008044,Sheffield 046B,Investigation complete; no suspect identified
b60b676d08274dd502574e3f36d757604cf82e2e5bc35fb975ef0dfe9e1af3ad,2021-03,South Yorkshire Police,South Yorkshire Police,-1.160347,53.613474,On or near MARY ROAD,E01007491,Doncaster 002E,Unable to prosecute suspect
caf88406cdb7b30d55db6fda637028a528865942ed3a1a1abfec5d56678f3ce2,2021-03,South Yorkshire Police,South Yorkshire Police,-1.160347,53.613474,On or near MARY ROAD,E01007491,Doncaster 002E,Unable to prosecute suspect
5f3df451b23fa3598a5eb41b408d72eaf8b86fb4ffc5910357efe0d375c6b6e7,2021-03,South Yorkshire Police,South Yorkshire Police,-1.057803,53.535858,On or near CHURCH STREET,E01007482,Doncaster 014D,Suspect charged
323dd97329123dd79bcd5612c55c274590cb5d7f5f896eb4301889f53a007868,2021-03,South Yorkshire Police,South Yorkshire Police,-1.454555,53.356593,On or near GRINDLOW DRIVE,E01007977,Sheffield 051C,Further investigation is not in the public interest
cbfdf6ddfe9487bcb9db3729fd25680085b2dea38dbca2dcb08b32e0770373a9,2021-03,South Yorkshire Police,South Yorkshire Police,-1.440236,53.428922,On or near OAKS FOLD,E01007857,Sheffield 010B,Unable to prosecute suspect
e1dcb972bf137cd653d6a9b112a1917e12e5d08f55709d015721469307a7b0a4,2021-03,South Yorkshire Police,South Yorkshire Police,-1.346059,53.472542,On or near SHARPFIELD AVENUE,E01007780,Rotherham 005C,Unable to prosecute suspect
ecfb34051ddc6d761a43a51d74cfc2a36ff498fac5cc2ffaff9d6d5761ccd95e,2021-03,South Yorkshire Police,South Yorkshire Police,-1.479532,53.378349,On or near BROOMHALL STREET,E01033267,Sheffield 074E,Investigation complete; no suspect identified
276124af840d313a8fdf84904f6e13e4b686dc7b21deee266fde9fc7645105a1,2021-03,South Yorkshire Police,South Yorkshire Police,-1.414846,53.367524,On or near CASTLEDALE GROVE,E01008011,Sheffield 039A,Suspect charged
950ec9601d1e518c9b769245b7b3ad612c5ab29dc238859c748f8e155da39f82,2021-03,South Yorkshire Police,South Yorkshire Police,-1.414846,53.367524,On or near CASTLEDALE GROVE,E01008011,Sheffield 039A,Suspect charged
f340af9de5fb76833817de7056457419c67cc1681176652c615880e98347b06b,2021-03,South Yorkshire Police,South Yorkshire Police,,,No location,,,Local resolution
fd2f4ffa2006c6238b85db9c33d09d3adc3f931bbb09cf3f7f066f51b74a4c87,2021-03,South Yorkshire Police,South Yorkshire Police,-1.426902,53.369479,On or near RAYNALD ROAD,E01008012,Sheffield 039B,Unable to prosecute suspect
a61c02fd55b68e0d2da141e5bf3eb44c4e3b9aaf62d429d621fb45c6230e2024,2021-03,South Yorkshire Police,South Yorkshire Police,-1.081942,53.499012,On or near NORWITH ROAD,E01007523,Doncaster 025B,Unable to prosecute suspect
56bc410d42a7194534eed0aa49402f285a10e5e27c5091944facd80797c34c20,2021-03,South Yorkshire Police,South Yorkshire Police,-1.378769,53.429058,On or near CAVENDISH ROAD,E01007715,Rotherham 016A,Unable to prosecute suspect
06925c88bb8e537d971848b523be42ce3be2ad21daea51b16cd58959b97066c5,2021-03,South Yorkshire Police,South Yorkshire Police,-1.480559,53.411324,On or near LONGLEY AVENUE WEST,E01008094,Sheffield 019D,Unable to prosecute suspect
ed4e2328b647e00ad5e7f69ff094985aacfad8dbe3a9eefb98155dd182abb543,2021-03,South Yorkshire Police,South Yorkshire Police,-1.502633,53.440523,On or near VICARAGE CLOSE,E01008141,Sheffield 005E,Unable to prosecute suspect
3074e3e8fb50feb6dfe12bcea686b27ad49437c887148527ea2dddcdae318dd1,2021-03,South Yorkshire Police,South Yorkshire Police,-1.460190,53.424303,On or near MASTERS CRESCENT,E01008061,Sheffield 011A,Unable to prosecute suspect
3cf23f4f62839f3337c89603fdaeaf5851e8af95f4a7bee648b13ad03d961a62,2021-03,South Yorkshire Police,South Yorkshire Police,-1.460120,53.596065,On or near CROFT AVENUE,E01007435,Barnsley 001B,Unable to prosecute suspect
868f92259f850307316245145e751e5a0b3fe5948af507176eb42ba64f6ef491,2021-03,South Yorkshire Police,South Yorkshire Police,-1.379024,53.435271,On or near DOVERCOURT ROAD,E01007717,Rotherham 016C,Unable to prosecute suspect
868f92259f850307316245145e751e5a0b3fe5948af507176eb42ba64f6ef491,2021-03,South Yorkshire Police,South Yorkshire Police,-1.379024,53.435271,On or near DOVERCOURT ROAD,E01007717,Rotherham 016C,Unable to prosecute suspect
a89a422ca2e8a6628f3a622672d4dd80d173268b1b3dad0f714e3978a083fb35,2021-03,South Yorkshire Police,South Yorkshire Police,-1.447941,53.431268,On or near NETHER SHIRE LANE,E01008054,Sheffield 007B,Offender given a caution
698d3cdc00fc998ead7116a8fae5f1011ddb847dc787aa1c93d01e292aabe481,2021-03,South Yorkshire Police,South Yorkshire Police,-1.159258,53.533585,On or near BRIDGE GROVE,E01007582,Doncaster 016B,Further investigation is not in the public interest
17519ea02c3e78fe03f870683e9ccedb00881fe860e251ad954e5aba4eae4dce,2021-03,South Yorkshire Police,South Yorkshire Police,-1.047658,53.532766,On or near THE CRESCENT,E01007486,Doncaster 017D,Unable to prosecute suspect
dce068b8ba876e89efe46e9500cb0d5aadce5e1432eb10d316ab2d16d65a90a9,2021-03,South Yorkshire Police,South Yorkshire Police,-1.379024,53.435271,On or near DOVERCOURT ROAD,E01007717,Rotherham 016C,Unable to prosecute suspect
dce068b8ba876e89efe46e9500cb0d5aadce5e1432eb10d316ab2d16d65a90a9,2021-03,South Yorkshire Police,South Yorkshire Police,-1.379024,53.435271,On or near DOVERCOURT ROAD,E01007717,Rotherham 016C,Unable to prosecute suspect
8ac5da463af4139e139b6b35fdf015567c1e2b843784dac7e4d98f16b5ffdb7b,2021-03,South Yorkshire Police,South Yorkshire Police,-1.282939,53.315640,On or near Motorway Service Area,E01007751,Rotherham 033C,Unable to prosecute suspect
d584bfa6a6695db9e87e356988c1af89c172daeb6c09fe48beda3780dc3a953b,2021-03,South Yorkshire Police,South Yorkshire Police,-1.074976,53.475516,On or near GRANGE ROAD,E01007590,Doncaster 037A,Unable to prosecute suspect
137800a6090be6273f940d5f966afd37981997911d8d167b1bd29b4db07efb69,2021-03,South Yorkshire Police,South Yorkshire Police,-1.461479,53.387833,On or near WICKER,E01033270,Sheffield 022H,Suspect charged
137800a6090be6273f940d5f966afd37981997911d8d167b1bd29b4db07efb69,2021-03,South Yorkshire Police,South Yorkshire Police,-1.461479,53.387833,On or near WICKER,E01033270,Sheffield 022H,Suspect charged
5907141bb5d06037141119e0927ffa024499fce252c035dbf0b658f903c1a23e,2021-03,South Yorkshire Police,South Yorkshire Police,-1.465432,53.377119,On or near Conference/Exhibition Centre,E01033274,Sheffield 042G,Suspect charged
3408ec692ee55d1d2dab9bafd52ccd097f208c948cdcfc3d567b57a1c8d41189,2021-03,South Yorkshire Police,South Yorkshire Police,-1.256746,53.389890,On or near GREEN ARBOUR ROAD,E01007810,Rotherham 026C,Unable to prosecute suspect
8a66e325379fbbf01dd8d1974d9505d552d47a950b1480c990fcd1b40d89c419,2021-03,South Yorkshire Police,South Yorkshire Police,-0.957187,53.622681,On or near HOLLY WALK,E01007635,Doncaster 001D,Suspect charged
8a66e325379fbbf01dd8d1974d9505d552d47a950b1480c990fcd1b40d89c419,2021-03,South Yorkshire Police,South Yorkshire Police,-0.957187,53.622681,On or near HOLLY WALK,E01007635,Doncaster 001D,Suspect charged
b1004dbbe67ffd4086b3578aab71ab47e28308791e5a96ff03cb4ef8cc3f3d2f,2021-03,South Yorkshire Police,South Yorkshire Police,-1.440946,53.597154,On or near CALDER AVENUE,E01007433,Barnsley 002A,Unable to prosecute suspect
98266c45e677dfca5b224dd4554026e0452f399878cb9afe85a85bdca3959b36,2021-03,South Yorkshire Police,South Yorkshire Police,-1.472667,53.373079,On or near Pedestrian Subway,E01033274,Sheffield 042G,Suspect charged
7775e29c6e7a21713a25e2d98301615b3b90532e112e70b2859a620cb6ab908b,2021-03,South Yorkshire Police,South Yorkshire Police,-1.634197,53.529328,On or near Petrol Station,E01007428,Barnsley 024B,Offender given a caution
78563b44a10b82181c62a83723b3d8194c2773e0e8457c9c8912d58ea4adf72a,2021-03,South Yorkshire Police,South Yorkshire Police,-1.444063,53.359304,On or near BERNERS DRIVE,E01008100,Sheffield 048B,Unable to prosecute suspect
8da001e9e259a119fea876ea352d5ed1fd8054e502793ee966978303634f7d88,2021-03,South Yorkshire Police,South Yorkshire Police,-1.494859,53.562896,On or near GREENFOOT LANE,E01007408,Barnsley 010C,Suspect charged
870d919f7e9060bd85ff3095ea1de3d9323cd76d31328d8eaba0afda6f0d6b25,2021-03,South Yorkshire Police,South Yorkshire Police,-1.327217,53.422676,On or near COWPER DRIVE,E01007708,Rotherham 021A,Unable to prosecute suspect
6cd82d44c313a310c35b3ea555cc948266926a06a404beadfda0941449bf9e34,2021-03,South Yorkshire Police,South Yorkshire Police,-1.543455,53.331312,On or near CAUSEWAY GLADE,E01007926,Sheffield 068E,Unable to prosecute suspect
c180d32057573a5624c69e1872da756876459c751d499c53856266d23568df83,2021-03,South Yorkshire Police,South Yorkshire Police,-1.347313,53.383857,On or near PIT LANE,E01007700,Rotherham 027C,Unable to prosecute suspect
143e81e19726d22da9f9b01a2f7e7197f1deb2c6d8f541a7b08f7b6dff8ec6a6,2021-03,South Yorkshire Police,South Yorkshire Police,-1.349480,53.432067,On or near WALKER LANE,E01007714,Rotherham 017B,Unable to prosecute suspect
510910d143a01a07975c900884a2d93250485d66cd86084d7a82564d9272b4db,2021-03,South Yorkshire Police,South Yorkshire Police,-1.152536,53.516567,On or near WHARNCLIFFE STREET,E01007531,Doncaster 022C,Investigation complete; no suspect identified
4aa370b96e53e06881f6f15fbc48dabbe9dba5e947bd37ffc28d252cd3913314,2021-03,South Yorkshire Police,South Yorkshire Police,-1.376038,53.391454,On or near SHEFFIELD PARKWAY,E01007699,Rotherham 027B,Investigation complete; no suspect identified
93e2a328db6d16375ce8c75635a693dfce5b42cfb58c3eea072300acc4480bfc,2021-03,South Yorkshire Police,South Yorkshire Police,-1.497673,53.586601,On or near Sports/Recreation Area,E01007362,Barnsley 004D,Investigation complete; no suspect identified
f952d308ac5cc2ef40954353b9bc158c8d11ba0583684574fe31a98252737364,2021-03,South Yorkshire Police,South Yorkshire Police,-1.529372,53.406268,On or near CAVENDISH AVENUE,E01008130,Sheffield 023B,Investigation complete; no suspect identified
c90d4ab5b4cd5145b504136e1de44d17b7a59f9ad2121416824c02b1c9252b0c,2021-03,South Yorkshire Police,South Yorkshire Police,-1.396965,53.521500,On or near HIGH STREET,E01007451,Barnsley 026A,Investigation complete; no suspect identified
e6a0358fd3cebae9096ee5d7c35e3cc3f14cdcd172c52c17c580a267da3d48ae,2021-03,South Yorkshire Police,South Yorkshire Police,-1.135479,53.515842,On or near WELCOME WAY,E01007530,Doncaster 022B,Investigation complete; no suspect identified
380aac9c6ee8a6ad08d424e162067f2e59d25d84a196ee5feb24306b1dae4ff5,2021-03,South Yorkshire Police,South Yorkshire Police,-1.424811,53.412013,On or near LIMPSFIELD ROAD,E01007854,Sheffield 014E,Investigation complete; no suspect identified
f74015378c2ae329f29d0810b9a3e31e3a26abd1f001f29fb491e4e12c2ff3bb,2021-03,South Yorkshire Police,South Yorkshire Police,-1.274728,53.431600,On or near BELFORD DRIVE,E01007725,Rotherham 019E,Investigation complete; no suspect identified
2355753d3aeb40bbfc9d2720244677f1d4d1c6888dedd664663c750923570016,2021-03,South Yorkshire Police,South Yorkshire Police,-1.241953,53.432035,On or near BRAITHWELL WAY,E01007685,Rotherham 018A,Investigation complete; no suspect identified
8342ad527335e236fd176ba2bf46d272e6a971b757c5b24b4cefc64150e53fe2,2021-03,South Yorkshire Police,South Yorkshire Police,-1.544036,53.433201,On or near NAYLOR ROAD,E01008140,Sheffield 008E,Unable to prosecute suspect
808e8766e17989321014953def68b6704501c8d456150f7f0efe576e61fec8a6,2021-03,South Yorkshire Police,South Yorkshire Police,-1.437658,53.344775,On or near MORLAND PLACE,E01008007,Sheffield 060A,Investigation complete; no suspect identified
144f1134aa9befd9b9862458994163c6d5dcdb17fb01a96e6a9c4ef51921e654,2021-03,South Yorkshire Police,South Yorkshire Police,-1.314739,53.443432,On or near DONCASTER ROAD,E01007721,Rotherham 010C,Investigation complete; no suspect identified
7ab59cfdf4f7fa34ef4276306cd124b6f0b62a325184cc6f1415383bc6380a13,2021-03,South Yorkshire Police,South Yorkshire Police,-1.230245,53.379430,On or near ST PAULS CLOSE,E01007787,Rotherham 028A,Suspect charged
a192f3bf742cac6b7d386ca597c27d960615428a47d5731f4422d033cf604f61,2021-03,South Yorkshire Police,South Yorkshire Police,-1.492630,53.473982,On or near MILGROVE CRESCENT,E01007900,Sheffield 003F,Investigation complete; no suspect identified
d4df78e2de05960f67a2d576a727f0ddab59b56f1434234ffa8a29b6d2170b46,2021-03,South Yorkshire Police,South Yorkshire Police,-1.304516,53.486824,On or near BROOMVILLE STREET,E01007800,Rotherham 003E,Investigation complete; no suspect identified
c709a2a2bc9e1ac167c708cd8c9abadf15933decf29089edeac08acdad546666,2021-03,South Yorkshire Police,South Yorkshire Police,-1.501399,53.394155,On or near Parking Area,E01008153,Sheffield 024B,Investigation complete; no suspect identified
24ba15e99ceb0b3400a435aace9d42628f8e75b0dc34ead261a6a6effb969073,2021-03,South Yorkshire Police,South Yorkshire Police,-1.027141,53.601113,On or near MANOR ROAD,E01007626,Doncaster 004B,Unable to prosecute suspect
9a9b6a78ce2eef48c166a3aa3a60783b26e28cd05f0e7cf8ea498021064d90e3,2021-03,South Yorkshire Police,South Yorkshire Police,-1.445514,53.372551,On or near ESSEX ROAD,E01007882,Sheffield 075D,Unable to prosecute suspect
b91742d4752cbd413058c3f3748b1909cced31c13168327e988b1f01204c0890,2021-03,South Yorkshire Police,South Yorkshire Police,-1.157378,53.609237,On or near SUTTON ROAD,E01007491,Doncaster 002E,Further action is not in the public interest
3ab7de19657c39f7584313863151335b426d405233f137a2e2784c76a1d0edf1,2021-03,South Yorkshire Police,South Yorkshire Police,-1.443907,53.574202,On or near FORMBY COURT,E01007406,Barnsley 009E,Investigation complete; no suspect identified
4d49cb16c77b16da7eeddcb6ed60a4f16e76a475a8f5de94359023110bdc34d2,2021-03,South Yorkshire Police,South Yorkshire Police,-1.337782,53.450672,On or near ALDWARKE ROAD,E01007776,Rotherham 008B,Unable to prosecute suspect
0dd00b8aa64d58b04ed89477871dfb9cc1dd4b152cab3d85ef16c8d8d5820c81,2021-03,South Yorkshire Police,South Yorkshire Police,-1.474338,53.469301,On or near HEYHOUSE DRIVE,E01007889,Sheffield 004B,Unable to prosecute suspect
3aeed7f75540d66e7ca86003c2fdd574c79f9cc8d821d76873fdb72bb011ce4d,2021-03,South Yorkshire Police,South Yorkshire Police,-1.142432,53.509816,On or near CLARENCE AVENUE,E01007534,Doncaster 028D,Unable to prosecute suspect
6edb85785139fae295dbf938c55da56923f2a0849f48ca8ec359a57e31ce393a,2021-03,South Yorkshire Police,South Yorkshire Police,-1.255493,53.485828,On or near RAVENSCAR CLOSE,E01007543,Doncaster 032C,Investigation complete; no suspect identified
91bf641c8283729d09086821f4d4216b48729ca1fb3b22b96c676db860bc2421,2021-03,South Yorkshire Police,South Yorkshire Police,-1.419607,53.589736,On or near BATEMAN CLOSE,E01007342,Barnsley 003C,Investigation complete; no suspect identified
c661df291043da0ffb5fbed4536fee488542c5f4f6d45574f5ff29068a317e72,2021-03,South Yorkshire Police,South Yorkshire Police,-1.478187,53.501802,On or near Park/Open Space,E01007399,Barnsley 028D,Investigation complete; no suspect identified
97a32cc34a34bd4964cec235fd97189584383dad0ef19f2de7e203ef118978a0,2021-03,South Yorkshire Police,South Yorkshire Police,-1.478187,53.501802,On or near Park/Open Space,E01007399,Barnsley 028D,Investigation complete; no suspect identified
6be65cd3f628cd493e62f1b054bceac48f29581b8feef76590a41758bdd3d6eb,2021-03,South Yorkshire Police,South Yorkshire Police,-1.374838,53.346090,On or near MAIN STREET,E01008031,Sheffield 061A,Investigation complete; no suspect identified
b1373280149c96d83b8117e1b3eb21eb8347b3f04fad9de4492e2e41712d491f,2021-03,South Yorkshire Police,South Yorkshire Police,-1.471582,53.389047,On or near KELHAM ISLAND,E01033262,Sheffield 073B,Investigation complete; no suspect identified
42326e9a2d96bd179ef01dc8301b608d2940bee977d8bf7b45f382f3a90dc78c,2021-03,South Yorkshire Police,South Yorkshire Police,-1.474684,53.380171,On or near ROCKINGHAM LANE,E01033265,Sheffield 074C,Suspect charged
607ebecf6d086c496921abe22487df9c61b11bde034a85a1805b5af289056613,2021-03,South Yorkshire Police,South Yorkshire Police,-1.471720,53.377911,On or near Pedestrian Subway,E01033265,Sheffield 074C,Investigation complete; no suspect identified
edb93ddc64867d7c6326c2c1309722a6659a322ccdffb5856b7d7867ca3f0285,2021-03,South Yorkshire Police,South Yorkshire Police,-1.470394,53.442407,On or near TOWN END ROAD,E01008135,Sheffield 005C,Investigation complete; no suspect identified
393af820c5ee86f2abb4e3d5455266a3f736a1e61fe9e53d631e945865c00456,2021-03,South Yorkshire Police,South Yorkshire Police,-1.032438,53.600796,On or near BRIDGE HILL,E01007626,Doncaster 004B,Investigation complete; no suspect identified
db2c1afed5193f41afb5f6655a9a8b8e0926d0844227fbc99f5319944fca9163,2021-03,South Yorkshire Police,South Yorkshire Police,-1.477316,53.369036,On or near WRIGHT'S HILL,E01008105,Sheffield 040A,Investigation complete; no suspect identified
7a094c6f3324e6e1476aa5a6cb83b1715c157286ce6af4b7b44d151ee3e78cb8,2021-03,South Yorkshire Police,South Yorkshire Police,-0.962133,53.610274,On or near HORSE FAIR GREEN,E01007639,Doncaster 003D,Investigation complete; no suspect identified
9b046237e139b5988166ace597563942bddf2472e60e6fbe9c502e369b073ac4,2021-03,South Yorkshire Police,South Yorkshire Police,-1.321614,53.526930,On or near COMMERCIAL ROAD,E01007371,Barnsley 022C,Investigation complete; no suspect identified
a98727b7af9ae8815e610c2893482d38f5945acda95090f2b963f3bcad3f34df,2021-03,South Yorkshire Police,South Yorkshire Police,-1.397622,53.375043,On or near RICHMOND PARK CRESCENT,E01007910,Sheffield 037A,Investigation complete; no suspect identified
ce26a87c959f00edf16da9fc8451fcb90a6ae50bda1587bff4e80fcfda00a728,2021-03,South Yorkshire Police,South Yorkshire Police,-1.531174,53.366842,On or near Petrol Station,E01007865,Sheffield 038D,Investigation complete; no suspect identified
dac3a9a1d1c024a089ac0ecf0514a6aa0ba9df5e08736455560222d6f727834c,2021-03,South Yorkshire Police,South Yorkshire Police,-1.477666,53.555272,On or near Parking Area,E01007336,Barnsley 013A,Unable to prosecute suspect
b942ef9fb488e5d89ada9fd374c1755ebf379884b7294d51cd697af472292a56,2021-03,South Yorkshire Police,South Yorkshire Police,-1.260887,53.390437,On or near IVANHOE ROAD,E01007809,Rotherham 026B,Investigation complete; no suspect identified
d84f27a1d7f0dc0bec1a7d990b5392d55e70a715175d96e0028a218e36984251,2021-03,South Yorkshire Police,South Yorkshire Police,,,No location,,,Investigation complete; no suspect identified
ceb032b879d0da558b00781fe7c19d63a7f24c42b51ec90c941417e81fe218be,2021-03,South Yorkshire Police,South Yorkshire Police,-1.471720,53.377911,On or near Pedestrian Subway,E01033265,Sheffield 074C,Suspect charged
c008254c3c0069f89c2845eb817e1397085ef8a8889389078072c1ce186156b0,2021-03,South Yorkshire Police,South Yorkshire Police,-1.049105,53.540912,On or near WILLOW ROAD,E01007479,Doncaster 014A,Suspect charged
7660d180c69370ed9665bfbd65b4c147ada63cbee8e9a6eb9e762377b323cf86,2021-03,South Yorkshire Police,South Yorkshire Police,-1.379986,53.371204,On or near BALLIFIELD WAY,E01007971,Sheffield 037C,Investigation complete; no suspect identified
ef0f2371ca6416e368b33a2ac7c589cf0a289739fd883623306d12b585373a6e,2021-03,South Yorkshire Police,South Yorkshire Police,,,No location,,,Unable to prosecute suspect
f39495db2dbd70c7132b1d82eee578c7078fd7920d566069dc3742e2c69fb59a,2021-03,South Yorkshire Police,South Yorkshire Police,-1.490710,53.391413,On or near BRANSBY STREET,E01008073,Sheffield 030E,Unable to prosecute suspect
752dad26d9126152eb8a19d3c882164347b6ce566b312ffac355c9512a29b36f,2021-03,South Yorkshire Police,South Yorkshire Police,-1.071023,53.577129,On or near ELM CLOSE,E01007624,Doncaster 007D,Investigation complete; no suspect identified
4477df4fc3f890e1874ad83fd7c0f7aad8deabf85660186c70723f2ac077e254,2021-03,South Yorkshire Police,South Yorkshire Police,-1.260887,53.390437,On or near IVANHOE ROAD,E01007809,Rotherham 026B,Investigation complete; no suspect identified
5c18b296d2017bc2a1473b7c1a5288e3b73056e8181cea1ce448f1ef6bc37b13,2021-03,South Yorkshire Police,South Yorkshire Police,-1.313783,53.362528,On or near CATHERINE AVENUE,E01007673,Rotherham 030F,Investigation complete; no suspect identified
7cc355e63b97002b0a34b6bc60b6154c8e4e966050e13282f425874a0db8aef5,2021-03,South Yorkshire Police,South Yorkshire Police,-1.486817,53.551240,On or near HOLDEN COURT,E01007417,Barnsley 013D,Investigation complete; no suspect identified
2bedf75dbbfda1a555ad699d0c67d1f71f2b8a17f4793089a961f2c916507f5c,2021-03,South Yorkshire Police,South Yorkshire Police,-1.400363,53.429241,On or near RICHMOND PARK AVENUE,E01007745,Rotherham 015E,Unable to prosecute suspect
aa0bac1c4c3368ed036912d0aa51714cc0d6c6a80e3a60b6dab3f5676b099241,2021-03,South Yorkshire Police,South Yorkshire Police,-1.399717,53.343638,On or near THORNBRIDGE RISE,E01007842,Sheffield 076D,Unable to prosecute suspect
c9e8cf23ea0caf81ff0d9d89217fab4eab5c4b55e3b3ede1bc208bc1407f4687,2021-03,South Yorkshire Police,South Yorkshire Police,-1.474338,53.469301,On or near HEYHOUSE DRIVE,E01007889,Sheffield 004B,Investigation complete; no suspect identified
d7dbde1e6e00d12630784ea59363b0545d90caadf7a44b359c7d373620cae97c,2021-03,South Yorkshire Police,South Yorkshire Police,-1.446972,53.602018,On or near VICTORIA ROAD,E01007440,Barnsley 002D,Local resolution
1c3993d51d320e0e255ffb69f2c1c54009c8e5571db6d155be5963f85cb62d04,2021-03,South Yorkshire Police,South Yorkshire Police,-1.110815,53.537729,On or near PARKWAY NORTH,E01007652,Doncaster 015D,Unable to prosecute suspect
a0b6b3adcf60242caa2bd6be71b1b23adbc02b235ffe4b33664c5170df3c41d7,2021-03,South Yorkshire Police,South Yorkshire Police,-1.545958,53.432202,On or near HOLLIN ROAD,E01008126,Sheffield 008A,Unable to prosecute suspect
576839b8cb9813684c32c6a5194d47f5fc36cd699aed55956c52a504b8615dac,2021-03,South Yorkshire Police,South Yorkshire Police,-1.129168,53.521307,On or near Theatre/Concert Hall,E01007645,Doncaster 022E,Investigation complete; no suspect identified
0d333eb13aea8c2a70ac5beaec2d3afe5f9615f8048f76172de5e51e2cf0b996,2021-03,South Yorkshire Police,South Yorkshire Police,-1.160273,53.527237,On or near TENNYSON AVENUE,E01007584,Doncaster 021A,Investigation complete; no suspect identified
e0aa44fbc403a8268e9bb4d192cca9a787bbf0855c0b40dea56c2971fffe1cf2,2021-03,South Yorkshire Police,South Yorkshire Police,-1.635693,53.525549,On or near Sports/Recreation Area,E01007429,Barnsley 024C,Local resolution
4719c6ddef3d09fc2eb01998acb28bf1e348db4ae15acddf53c9f3ecc27ecf90,2021-03,South Yorkshire Police,South Yorkshire Police,-1.494522,53.418674,On or near BINSTED CLOSE,E01008088,Sheffield 012B,Suspect charged
a1034b2e00a88f685a14d73f68481d497f9c9bf3a4629f69d7407de2192cc0ab,2021-03,South Yorkshire Police,South Yorkshire Police,-1.335011,53.433308,On or near LORD STREET,E01007770,Rotherham 014E,Unable to prosecute suspect
2acd9e224f6ba1836ea362f0f378ff04128ac04408da4535773456b2349db11f,2021-03,South Yorkshire Police,South Yorkshire Police,-1.445892,53.436058,On or near WESTNALL ROAD,E01008055,Sheffield 007C,Investigation complete; no suspect identified
081f13c87f6606c9a81f554aee0dbb5e65a7d5cae05d99496fb664a83618f549,2021-03,South Yorkshire Police,South Yorkshire Police,-1.494522,53.418674,On or near BINSTED CLOSE,E01008088,Sheffield 012B,Suspect charged
b3ca9e9750d0aeb745b55dd9e9a987883b2d4d6a419f38fa8fdee4922684f572,2021-03,South Yorkshire Police,South Yorkshire Police,-1.475601,53.359366,On or near SAXON ROAD,E01007981,Sheffield 053C,Investigation complete; no suspect identified
5a96f8b2876e8434ab0c848f48c5bf601d99616b367fa5882d2f6a0d7f2980c5,2021-03,South Yorkshire Police,South Yorkshire Police,-1.457681,53.530420,On or near OAKLEA,E01007458,Barnsley 021A,Investigation complete; no suspect identified
9f4d137a3743f4142947610dbe0dd3a4c8160958b3b1cbdb3b6d74b785202244,2021-03,South Yorkshire Police,South Yorkshire Police,-1.464381,53.391415,On or near VERDON STREET,E01033269,Sheffield 022G,Investigation complete; no suspect identified
ede08aa4b0d0e248c0b01a84ada91f9571de7c090203c602af9e76a08d840038,2021-03,South Yorkshire Police,South Yorkshire Police,-1.055485,53.539678,On or near BEECH ROAD,E01007480,Doncaster 014B,Investigation complete; no suspect identified
8d024ddb5e524ed406f5cdd7d6b3f9cd504a1cabd6564808a136d0c5171ae144,2021-03,South Yorkshire Police,South Yorkshire Police,-1.029211,53.596518,On or near PRINCESS AVENUE,E01007628,Doncaster 004D,Investigation complete; no suspect identified
66d7a3f9e5291de30d305f37299ad007680fe47946a12d022e324ebddc7aacc2,2021-03,South Yorkshire Police,South Yorkshire Police,-1.522985,53.409757,On or near BLAND LANE,E01007990,Sheffield 021A,Unable to prosecute suspect
20ddd1633541f0b2ce2b28256ba58afae8ed99ed156137aa5281ca275e5632ae,2021-03,South Yorkshire Police,South Yorkshire Police,-1.475601,53.359366,On or near SAXON ROAD,E01007981,Sheffield 053C,Unable to prosecute suspect
379cbdd0c62ea09f9a07c272ac25f178af7584c8747a7787e90eba966d82d4f0,2021-03,South Yorkshire Police,South Yorkshire Police,-1.452183,53.584730,On or near SPRINGBANK CLOSE,E01007437,Barnsley 002C,Investigation complete; no suspect identified
78b588a816038f67bccab0f5a10715ed2e4e001a0f702e3fb23e6553056a6e68,2021-03,South Yorkshire Police,South Yorkshire Police,-1.410684,53.400079,On or near RANSKILL COURT,E01007904,Sheffield 018B,Suspect charged
f9048045285f1440b0a8ecb8a3901783e5930df63293d5336866b19767a01384,2021-03,South Yorkshire Police,South Yorkshire Police,-1.466037,53.397202,On or near CHRIST CHURCH ROAD,E01007870,Sheffield 019A,Investigation complete; no suspect identified
29c2f38295ec1edcde1249af4ebf027ebe611be3b6dfb4a5165a82ca8cffa22e,2021-03,South Yorkshire Police,South Yorkshire Police,-1.492625,53.383385,On or near Park/Open Space,E01008067,Sheffield 030D,Unable to prosecute suspect
821d17712bfa60c0ad6561de6b1e54a864df65d6fa4444485d81f62d42ac116d,2021-03,South Yorkshire Police,South Yorkshire Police,-1.435118,53.502757,On or near QUEENSWAY,E01007393,Barnsley 029B,Unable to prosecute suspect
0b497b794aeb491086ed3491c00c5c5d1cc966ec8d91178e4af8da6fc7fef4ca,2021-03,South Yorkshire Police,South Yorkshire Police,-1.479595,53.384237,On or near Supermarket,E01033261,Sheffield 073A,Investigation complete; no suspect identified
0c626100a67e18683bec2fd42f5283ea249e268b4576e6f85588b869a136cbf0,2021-03,South Yorkshire Police,South Yorkshire Police,-1.410134,53.414863,On or near Shopping Area,E01007913,Sheffield 018C,Suspect charged
af4f3f89aa7887551c07c9d973801eaaea468d76afb45fceb9dc9b2c7957d17e,2021-03,South Yorkshire Police,South Yorkshire Police,-1.472750,53.584004,On or near OXTON ROAD,E01007325,Barnsley 007C,Offender given a caution
185967ae2964cfa3dc024120fbf071303774897799148be3ac8d177a17e8ba20,2021-03,South Yorkshire Police,South Yorkshire Police,-1.306229,53.530500,On or near ORCHARD STREET,E01007370,Barnsley 022B,Unable to prosecute suspect
705bf40d127346102092312286934e746d000be19933ffbc3b98b90524270483,2021-03,South Yorkshire Police,South Yorkshire Police,-1.470761,53.388603,On or near ALMA STREET,E01033262,Sheffield 073B,Investigation complete; no suspect identified
cc2f759f589718d8cdcbd440910b4a7b996c73b016dd15ab4ad0d81852b22e10,2021-03,South Yorkshire Police,South Yorkshire Police,-1.436938,53.541785,On or near Park/Open Space,E01007319,Barnsley 015A,Unable to prosecute suspect
f996202c76070b1a44d883780ab4fb324a823c4cd5dc52be1b41103f77557b71,2021-03,South Yorkshire Police,South Yorkshire Police,-1.353691,53.385600,On or near STATION ROAD,E01007701,Rotherham 027D,Unable to prosecute suspect
d5dc892fa1b1a43954e5509f4957f03387f1063c36a4952ac5163ef9d8712d6d,2021-03,South Yorkshire Police,South Yorkshire Police,-1.267889,53.432799,On or near MOORFIELD CLOSE,E01007692,Rotherham 012C,Investigation complete; no suspect identified
90eb98b49eca4ee4d2ca37242ea1a89d8001e22e5757e5689a22fd2b64bf2bc8,2021-03,South Yorkshire Police,South Yorkshire Police,-1.469272,53.580726,On or near LAITHES LANE,E01007326,Barnsley 007D,Investigation complete; no suspect identified
e9e4717c2279aabb54016791f7b51980250da73183611bda9318fde47cc383b2,2021-03,South Yorkshire Police,South Yorkshire Police,-1.411132,53.581012,On or near THRUXTON CLOSE,E01007343,Barnsley 003D,Further action is not in the public interest
7230e45ba010e4b166a767b298a311b743a809c73929437899a085e0f6e30f62,2021-03,South Yorkshire Police,South Yorkshire Police,-1.083969,53.475612,On or near RUTLAND LANE,E01007592,Doncaster 037B,Unable to prosecute suspect
ceff26ece15cb68373d64e68698bb9594407a2206dc78146f04af9e7430d4a94,2021-03,South Yorkshire Police,South Yorkshire Police,-1.083969,53.475612,On or near RUTLAND LANE,E01007592,Doncaster 037B,Unable to prosecute suspect
6d489e10780e3ad8f9768d6e036857400d4878c66d5e51687af31605cca43e62,2021-03,South Yorkshire Police,South Yorkshire Police,-1.449104,53.412289,On or near CAMMELL ROAD,E01007949,Sheffield 020E,Investigation complete; no suspect identified
e6337dcfb0fd9cf1a3d2f843c8e9e699e60d2f339bea34a3663317ab965466de,2021-03,South Yorkshire Police,South Yorkshire Police,-1.313803,53.520216,On or near HAWTHORNE DRIVE,E01007366,Barnsley 025C,Investigation complete; no suspect identified
5b67b38ac397c1cc00c54ec3db8df5a37317733ce08c77759f1aaadbffc2fc66,2021-03,South Yorkshire Police,South Yorkshire Police,-1.471021,53.384631,On or near SILVER STREET,E01033262,Sheffield 073B,Investigation complete; no suspect identified
66c896bf550ccfaae44ec62cd7ee2c468e8b1c924f7869e4df00299e20673625,2021-03,South Yorkshire Police,South Yorkshire Police,-1.035852,53.507206,On or near GLEN ROAD,E01007601,Doncaster 026C,Investigation complete; no suspect identified
7a676f320031cb5239c744998a951e117d0989ae056168b1c372a3e0072c175f,2021-03,South Yorkshire Police,South Yorkshire Police,-1.446417,53.348043,On or near OVEREND WAY,E01008075,Sheffield 060B,Unable to prosecute suspect
54f9a0a99a8cf75a7dbd09e56f99da93da6c174a2034edf38b5e325e274eed9b,2021-03,South Yorkshire Police,South Yorkshire Police,-1.475943,53.389066,On or near DUN STREET,E01033263,Sheffield 073C,Investigation complete; no suspect identified
f9a1f75804cd043480449d1cca33a2ddb114134418d6db3440478941dd647356,2021-03,South Yorkshire Police,South Yorkshire Police,-1.585828,53.477136,On or near BROOMFIELD ROAD,E01008142,Sheffield 002A,Investigation complete; no suspect identified
5cc538a66fc44acf8f08650ff8328738790c18e25f161121bf32646c874c1a91,2021-03,South Yorkshire Police,South Yorkshire Police,-1.478251,53.562897,On or near AQUEDUCT STREET,E01007410,Barnsley 010E,Investigation complete; no suspect identified
b784eb889ef284a4ff04e640794e84861ff80305739179c2869c7097399b1b36,2021-03,South Yorkshire Police,South Yorkshire Police,-1.485116,53.385187,On or near BRAMWELL STREET,E01008065,Sheffield 026A,Unable to prosecute suspect
12b482da3435799604ffc49db15df8ecb00e991a1aa5b50b51bf47dd0024717e,2021-03,South Yorkshire Police,South Yorkshire Police,-1.428577,53.360022,On or near RIDGEWAY ROAD,E01008098,Sheffield 048A,Investigation complete; no suspect identified
44e736164459fdc891462e4e00392641a21729355ce33ad6ab668d0f18e3d87f,2021-03,South Yorkshire Police,South Yorkshire Police,-1.483042,53.417411,On or near MORGAN AVENUE,E01008124,Sheffield 012F,Unable to prosecute suspect
ec8af8a66d945a9a201baa2086ae4c1d9f5a0933524546c27954bc10936432a1,2021-03,South Yorkshire Police,South Yorkshire Police,-1.458171,53.428052,On or near DEERLANDS AVENUE,E01008061,Sheffield 011A,Investigation complete; no suspect identified
17078867b340f29501cb5764d23c44f8c29f7d203b0cae3da10e7d5233a606a5,2021-03,South Yorkshire Police,South Yorkshire Police,-1.477017,53.541769,On or near MOUNT CLOSE,E01007413,Barnsley 017C,Investigation complete; no suspect identified
8d640d5cc6babd27f1bdccf53ce717e7e2ca717948ad64bef2a83196bb2d48b9,2021-03,South Yorkshire Police,South Yorkshire Police,-1.495443,53.367586,On or near SHARROW VALE ROAD,E01008049,Sheffield 050D,Investigation complete; no suspect identified
104ed677e7aa1a2592d7f01ff7f3b59cb0c2211dbb7809984669378e82109197,2021-03,South Yorkshire Police,South Yorkshire Police,-1.263303,53.398542,On or near WOODHOUSE GREEN,E01007810,Rotherham 026C,Unable to prosecute suspect
0ab03d84cc4ed93a1746da07732d10f630f4b5e7cf38c4ceba59d86315390e54,2021-03,South Yorkshire Police,South Yorkshire Police,-1.348006,53.344400,On or near VIOLET AVENUE,E01008034,Sheffield 056D,Unable to prosecute suspect
e2de7c8f066b104b6847de526cbc54e98b58f3ae0fe98db90c0d321b1f370134,2021-03,South Yorkshire Police,South Yorkshire Police,-1.318798,53.483347,On or near PINFOLD CLOSE,E01007799,Rotherham 003D,Suspect charged
052ff0fff4b614cdb294cb4f67c181bdbfcc408fafdfd49294a2cfbeffb5e1ca,2021-03,South Yorkshire Police,South Yorkshire Police,-1.440477,53.373786,On or near SWIFT WAY,E01007881,Sheffield 075C,Investigation complete; no suspect identified
e31b476ce24bb138899f8c044da2a35a0650c7cf216d61f2d0d32df4984b66f3,2021-03,South Yorkshire Police,South Yorkshire Police,-1.471013,53.374321,On or near SYLVESTER STREET,E01033274,Sheffield 042G,Investigation complete; no suspect identified
8d20589952278805ebaaaaca36a1d8d2601b4e7f0f77e73795829259863ae527,2021-03,South Yorkshire Police,South Yorkshire Police,-1.296587,53.446823,On or near VALE CRESCENT,E01007727,Rotherham 010D,Suspect charged
2028da632682b00628e9d02190d7bb11a7eb7549283a05638b552f684535f2dd,2021-03,South Yorkshire Police,South Yorkshire Police,-1.296587,53.446823,On or near VALE CRESCENT,E01007727,Rotherham 010D,Suspect charged
384bddf6d27e26d2fdf3a75cc6b14be837daf20b8b83364b9d1202f9e235677a,2021-03,South Yorkshire Police,South Yorkshire Police,-1.485848,53.557752,On or near WESTWOOD COURT,E01007336,Barnsley 013A,Local resolution
238d3b93054e52694d6093dcf09c424b6306a8c3debfc7c597faee01a598f179,2021-03,South Yorkshire Police,South Yorkshire Police,-1.410845,53.388457,On or near CRAVEN CLOSE,E01007902,Sheffield 027B,Investigation complete; no suspect identified
8c756c70d2a2d1b94e76af076cdd1da25fea4b00101d2967102816d55527caea,2021-03,South Yorkshire Police,South Yorkshire Police,-1.149303,53.501056,On or near FORSTER ROAD,E01007500,Doncaster 028B,Local resolution
5dea58525a69d42c9970e6605726e6dbe099ad80265aa4b05734ba0b7647bbf7,2021-03,South Yorkshire Police,South Yorkshire Police,-1.127844,53.529953,On or near DON STREET,E01007655,Doncaster 022F,Further action is not in the public interest
d533ba88f8f7607bfe7759ba2bde1ccb863797a082351b279386698a520cc6ca,2021-03,South Yorkshire Police,South Yorkshire Police,-1.419453,53.396742,On or near COLERIDGE ROAD,E01007904,Sheffield 018B,Investigation complete; no suspect identified
e2573696521ffc506bb8db09c3d0b30c589d5aa44227e0095dadb06812b35046,2021-03,South Yorkshire Police,South Yorkshire Police,-1.398389,53.371784,On or near RICHMOND PARK DRIVE,E01007910,Sheffield 037A,Investigation complete; no suspect identified
08e527cd7e3607e213c23af64002382b83554efee6559e3952369529d8447a49,2021-03,South Yorkshire Police,South Yorkshire Police,-1.453832,53.400212,On or near ELLESMERE ROAD NORTH,E01007869,Sheffield 020A,Unable to prosecute suspect
104a17d021bde50ca82c046f9d8dda7b2e59eccd903340711a1bd9acaa3a7adf,2021-03,South Yorkshire Police,South Yorkshire Police,-1.109257,53.530733,On or near Hospital,E01007567,Doncaster 018D,Unable to prosecute suspect
49713df356f954b2f6f9a9e320917e859ecd33a195be6e0bb4862c01befac1ad,2021-03,South Yorkshire Police,South Yorkshire Police,-1.089428,53.498602,On or near LINDRICK CLOSE,E01007520,Doncaster 027A,Further investigation is not in the public interest
0ba6f4e600e411e82df7b7311eea0e965d852fa9c41fc7e6028f2de7cbcc0b4a,2021-03,South Yorkshire Police,South Yorkshire Police,,,No location,,,Unable to prosecute suspect
bed3cd6b5114b8858681bd0fe3a2b528b47cee359c8530ca6176d9f06fc62c09,2021-03,South Yorkshire Police,South Yorkshire Police,-1.456270,53.333985,On or near NORTON GREEN CLOSE,E01008078,Sheffield 064E,Further investigation is not in the public interest
857d4262099749c917dc5e2ee51cb2cca673af4bb55bdb5d93a161c2b2545efe,2021-03,South Yorkshire Police,South Yorkshire Police,-1.456819,53.545939,On or near Hospital,E01007322,Barnsley 015C,Unable to prosecute suspect
82c625361b01fd0b5d8354d37a0df1c918c8971d86e595a5a9f5b2578e851a52,2021-03,South Yorkshire Police,South Yorkshire Police,-1.486461,53.372141,On or near ECCLESALL ROAD,E01008104,Sheffield 036E,Further investigation is not in the public interest
55db9b47ea3c6235aaac392d0f167303ea982ca9008367f71ee97bd35fa5af7d,2021-03,South Yorkshire Police,South Yorkshire Police,-1.474744,53.382607,On or near BAILEY STREET,E01033265,Sheffield 074C,Investigation complete; no suspect identified
5169625fd0f5b14a8146404b32849443322a27c75d459986fe751e39f17e35b5,2021-03,South Yorkshire Police,South Yorkshire Police,-1.458238,53.383720,On or near Parking Area,E01033268,Sheffield 075G,Further investigation is not in the public interest
2454ce63885ba39f35602ea44dba4ecc08cd0d68ad57e41e5180218fddc9c886,2021-03,South Yorkshire Police,South Yorkshire Police,-0.929378,53.589959,On or near HIGH LEVELS BANK,E01007632,Doncaster 001A,Investigation complete; no suspect identified
41357169eadaef50f2c014c0227befed5cd454c6e14b70264f78ac70a8876891,2021-03,South Yorkshire Police,South Yorkshire Police,-1.508742,53.383354,On or near BRICK STREET,E01007962,Sheffield 029C,Investigation complete; no suspect identified
d04951e10dd5c67c8398563f5ed2ed43090a114b80feeda3a69ee16cc6f46717,2021-03,South Yorkshire Police,South Yorkshire Police,-1.446461,53.345859,On or near GAUNT WAY,E01008075,Sheffield 060B,Investigation complete; no suspect identified
4f3cc9ccdac313f1c14d00556b3562c4793bdc98a27ac5120e0ed1dfef00e1ed,2021-03,South Yorkshire Police,South Yorkshire Police,-0.957187,53.622681,On or near HOLLY WALK,E01007635,Doncaster 001D,Further investigation is not in the public interest
aa9a29318410082ff00924c4f7dd79a1f8270abdcab49290b82e8869fb34b800,2021-03,South Yorkshire Police,South Yorkshire Police,-1.335416,53.502865,On or near DUNFORD COURT,E01007821,Rotherham 002E,Unable to prosecute suspect
769e5dd39349c06ac59fb0e52e374220cf8f05195d6b435862d5c36a689e10e4,2021-03,South Yorkshire Police,South Yorkshire Police,-1.470409,53.438803,On or near BRAILSFORD ROAD,E01008139,Sheffield 006E,Unable to prosecute suspect
b97befe702c79e0abd4680d5dc92e3573b78ae56d5b04fa746f917d83db17fee,2021-03,South Yorkshire Police,South Yorkshire Police,-1.148481,53.517967,On or near LAUGHTON ROAD,E01007531,Doncaster 022C,Further investigation is not in the public interest
8fe22cb3d2785292288dd73bb79ffc7b3ec4d4955e2608d47e45ebe7fec8cd8a,2021-03,South Yorkshire Police,South Yorkshire Police,-1.145848,53.525912,On or near Prison,E01007529,Doncaster 022A,Action to be taken by another organisation
9095a5ea8c0e0ace1070ad725679460da71b71e314c8ff69150231adf2e2cb74,2021-03,South Yorkshire Police,South Yorkshire Police,-1.519504,53.324764,On or near ABBEYDALE ROAD SOUTH,E01007918,Sheffield 071C,Investigation complete; no suspect identified
c8a6f4e6f592ae79cce3051128b5826e5d2dbd68d02f35306aa2744ba22ed425,2021-03,South Yorkshire Police,South Yorkshire Police,-1.359696,53.322010,On or near LADYBANK ROAD,E01008025,Sheffield 072D,Further investigation is not in the public interest
fbf9e3c345ded4e1d42e6059f5c7b4707c944d7ccf8873037c7361ad0dbf0a6f,2021-03,South Yorkshire Police,South Yorkshire Police,,,No location,,,Local resolution
cac8c8f44a05bc4d62b6a6db375f3b74d9c4345decff26952fe8223ded0655b9,2021-03,South Yorkshire Police,South Yorkshire Police,-1.537433,53.392520,On or near OLDFIELD AVENUE,E01008133,Sheffield 023E,Further investigation is not in the public interest
a07da0af2fe79dcb59fce64dc80b0ee39dd308f458babe42cbdfabe9b03f4cf8,2021-03,South Yorkshire Police,South Yorkshire Police,-1.468574,53.531548,On or near THOMAS STREET,E01007463,Barnsley 021F,Unable to prosecute suspect
60c1bd815dc2b4dfff86cd6dec1e30da798814d0d3707744f60907b0859ae43a,2021-03,South Yorkshire Police,South Yorkshire Police,-1.459404,53.390188,On or near SPITAL HILL,E01033270,Sheffield 022H,Suspect charged
45f7178a155a7e272714a189bbb394cfbeb0b7741ca78c127aae7abbe162de80,2021-03,South Yorkshire Police,South Yorkshire Police,-1.468574,53.531548,On or near THOMAS STREET,E01007463,Barnsley 021F,Unable to prosecute suspect
5f42542cc448e94c4127cd5a2040edce59358b56b495ebc4203d8b8abf928c00,2021-03,South Yorkshire Police,South Yorkshire Police,-1.485251,53.428917,On or near WORDSWORTH CLOSE,E01008116,Sheffield 009C,Investigation complete; no suspect identified
06e37fd83a6afad7e765c952b64ec645513f198fb893dfcad44fe26cc5348899,2021-03,South Yorkshire Police,South Yorkshire Police,-1.303590,53.495484,On or near VICTORIA STREET,E01007574,Doncaster 031D,Unable to prosecute suspect
0cee61e3b6b264a533576014c0312c60d1ad5a155b261d6d792ec9b57e358308,2021-03,South Yorkshire Police,South Yorkshire Police,-1.472860,53.583654,On or near RADCLIFFE ROAD,E01007325,Barnsley 007C,Investigation complete; no suspect identified
bf41bf38943a3a2f76f1d64bb9f3f90bb14a8081c4bd62e15dcd80d834722495,2021-03,South Yorkshire Police,South Yorkshire Police,-1.184260,53.513812,On or near PARK AVENUE,E01007619,Doncaster 021E,Unable to prosecute suspect
1062915cd606f72d7ea07df8886cf82c952fa3f4ed58384dd97de9f63bba678f,2021-03,South Yorkshire Police,South Yorkshire Police,-1.343008,53.456489,On or near RYAN PLACE,E01007784,Rotherham 008D,Investigation complete; no suspect identified
e2e32f06ec77cfa803e7bc213f81818090f793d9a909b561a44272dc710b64a2,2021-03,South Yorkshire Police,South Yorkshire Police,-1.324731,53.517780,On or near MELBOURNE AVENUE,E01007368,Barnsley 025E,Unable to prosecute suspect
cf17ed0a86f6305fb414aff31727a0735b06d4eb148ad7214c61a535cec91f49,2021-03,South Yorkshire Police,South Yorkshire Police,-1.307915,53.533512,On or near BARNSLEY ROAD,E01007376,Barnsley 022D,Investigation complete; no suspect identified
d354169cd69a66e9a9158ae5362ed45b6d820c2e768032d2c4db4a87fe6a4908,2021-03,South Yorkshire Police,South Yorkshire Police,-1.470855,53.599124,On or near APPLEHAIGH GROVE,E01007439,Barnsley 001D,Suspect charged
6faf2f68a9bd353f33af1d7f16487632d26ad148b02a2675a551a6e0a6935d4e,2021-03,South Yorkshire Police,South Yorkshire Police,-1.468574,53.531548,On or near THOMAS STREET,E01007463,Barnsley 021F,Unable to prosecute suspect
ca07fe946c0028ee7085c028fdeafe7a88857cecf2c8e3630719fdfc9023d88b,2021-03,South Yorkshire Police,South Yorkshire Police,-1.299607,53.449034,On or near PARK LANE,E01007719,Rotherham 010A,Investigation complete; no suspect identified
e80dadf972e4aeea10bd7f65703bc428cf7f82189e5df871b0eef355bf26bb15,2021-03,South Yorkshire Police,South Yorkshire Police,-1.229967,53.483985,On or near CASTLEWELL,E01007542,Doncaster 032B,Local resolution
d0e183de4ae583c08bfbe958470f97b1337f27feaeb1c42effe26cc956525019,2021-03,South Yorkshire Police,South Yorkshire Police,-1.331313,53.461782,On or near HAWTHORNE AVENUE,E01007775,Rotherham 008A,Unable to prosecute suspect
88cf369fce8b811f7f797ca4b9b090cf058d716a48bb394753da32b666cf130e,2021-03,South Yorkshire Police,South Yorkshire Police,-1.447920,53.496731,On or near SHAFTESBURY DRIVE,E01007391,Barnsley 030C,Local resolution
2a1e4afb599180d4de942ce2705b98d36866d123da4eafaf1c704655c4c8b304,2021-03,South Yorkshire Police,South Yorkshire Police,-1.468574,53.531548,On or near THOMAS STREET,E01007463,Barnsley 021F,Unable to prosecute suspect
7283311b1b04378caf47479c7996644345d7d385ca439a65a1517de260e80cef,2021-03,South Yorkshire Police,South Yorkshire Police,-1.324238,53.523197,On or near BECKFIELD GROVE,E01007364,Barnsley 025A,Investigation complete; no suspect identified
2987377b9e551f5345a0efecfac4454acfe694e0acfbe6227db3452857073c87,2021-03,South Yorkshire Police,South Yorkshire Police,-1.461087,53.531856,On or near Sports/Recreation Area,E01007461,Barnsley 021D,Unable to prosecute suspect
7df379e4ec0693d94d9b254139051ddecfa191ddcfe632fdee2f55128b2f90f3,2021-03,South Yorkshire Police,South Yorkshire Police,-1.394119,53.380428,On or near LARCH HILL,E01007909,Sheffield 032C,Unable to prosecute suspect
61efb12d822fd741e9b6f5ba55a3eb91807b698ab4a422f37e8793cc476eadfb,2021-03,South Yorkshire Police,South Yorkshire Police,-1.477166,53.556636,On or near ELDON STREET NORTH,E01007336,Barnsley 013A,Unable to prosecute suspect
e614a82bfb1c751aa98ff5d0ddebc77a81a692e3fd21c8017af75a29fa1109ad,2021-03,South Yorkshire Police,South Yorkshire Police,-1.273618,53.494919,On or near Sports/Recreation Area,E01007579,Doncaster 030C,Unable to prosecute suspect
f4fa679d62356ca8a7fb2190abab801bcd6b09d0d488a25a7e765ac1be9dc6b2,2021-03,South Yorkshire Police,South Yorkshire Police,-1.470855,53.599124,On or near APPLEHAIGH GROVE,E01007439,Barnsley 001D,Suspect charged
7e3193af6a6ebf07339c192d20c5b115ea173713bbb506dcf3da65019e31bb01,2021-03,South Yorkshire Police,South Yorkshire Police,-1.461087,53.531856,On or near Sports/Recreation Area,E01007461,Barnsley 021D,Unable to prosecute suspect
52323858149d1f3e248195f2704d5d79a68a056895a1819d29264aa88d6b389f,2021-03,South Yorkshire Police,South Yorkshire Police,-1.128983,53.531795,On or near WHARF ROAD,E01007655,Doncaster 022F,Unable to prosecute suspect
398978b8928db1b6774cbc6da0648d04265f2a1fc4e01c9db68b038329cb774b,2021-03,South Yorkshire Police,South Yorkshire Police,-1.071810,53.562574,On or near THE BEECHES,E01007623,Doncaster 007C,Investigation complete; no suspect identified
2db480e36f52bba73145b5baaacb728f7b290d86bf241069e2858c8cc1a13be7,2021-03,South Yorkshire Police,South Yorkshire Police,,,No location,,,Unable to prosecute suspect
2d8507632a48449d6ef5e9c4cf06b4e628e5a55a46ff47f45b942f1389a9b862,2021-03,South Yorkshire Police,South Yorkshire Police,-1.512079,53.418927,On or near WINN GROVE,E01008089,Sheffield 017B,Investigation complete; no suspect identified
6438639579652f8468568ace79731043cdf8acc8b87aef2ef2ae3140a47e684d,2021-03,South Yorkshire Police,South Yorkshire Police,-1.279011,53.498646,On or near HARLINGTON ROAD,E01007576,Doncaster 031E,Offender given a caution
95aadaf805437147bc26c0b3cfcb2fc9106ea8874125411240743d893073b035,2021-03,South Yorkshire Police,South Yorkshire Police,-1.459819,53.358550,On or near PENNS ROAD,E01007976,Sheffield 051B,Investigation complete; no suspect identified
5b4ecb23a21c188640c8b0a3a5aacebc0a305d71193af6aba75ed601d3fdff46,2021-03,South Yorkshire Police,South Yorkshire Police,-1.126667,53.528506,On or near ATHRON STREET,E01007648,Doncaster 019D,Investigation complete; no suspect identified
5f1062eaaef0c31f923dbe9094fe3d273b54568e105be27c2a0375f338920a1a,2021-03,South Yorkshire Police,South Yorkshire Police,-1.484219,53.374810,On or near BROOM STREET,E01008115,Sheffield 074B,Local resolution
036aefe8855fbaadb152c1f3b8a8a1da67c47717d1da34c2e67d170eabd7e542,2021-03,South Yorkshire Police,South Yorkshire Police,-1.471512,53.412921,On or near Supermarket,E01007943,Sheffield 019C,Investigation complete; no suspect identified
273bc972faf0a24c6205594f99b4ffed86d3854547ff514f9a904e70d136473d,2021-03,South Yorkshire Police,South Yorkshire Police,-1.275883,53.496452,On or near COWPER ROAD,E01007578,Doncaster 030B,Unable to prosecute suspect
82daa2a50978258f154e6d637e3b6a832d204ba6c18fe47202ecb903647cb05b,2021-03,South Yorkshire Police,South Yorkshire Police,-1.486777,53.550781,On or near Parking Area,E01007417,Barnsley 013D,Local resolution
c052d9cb1f001b6bac3c44fe563da2ece2b942901d5aa9430b6f471040f242ba,2021-03,South Yorkshire Police,South Yorkshire Police,-1.439509,53.344496,On or near MORLAND BANK,E01008007,Sheffield 060A,Unable to prosecute suspect
af493d1a3efb53c45d5d2d8dbd0f771c939c89bfb0d210fa583ae0502918112e,2021-03,South Yorkshire Police,South Yorkshire Police,-1.353768,53.341798,On or near PEAK SQUARE,E01008034,Sheffield 056D,Investigation complete; no suspect identified
f44ac6b01e3a85ef2ee64ef8eba953fcf0c86d3223c2b4429ae64d4d96ae0a93,2021-03,South Yorkshire Police,South Yorkshire Police,,,No location,,,Investigation complete; no suspect identified
8f1e78efd263d1c41e67c766a15f665a970f5fe1322de1ddb67df6b54f5cd501,2021-03,South Yorkshire Police,South Yorkshire Police,-1.486777,53.550781,On or near Parking Area,E01007417,Barnsley 013D,Local resolution
e3eeed570437dd8129fc637dfe984e0821413eabe3bbf36c2f920382648b04a4,2021-03,South Yorkshire Police,South Yorkshire Police,-1.432263,53.590066,On or near BOULDER BRIDGE LANE,E01007433,Barnsley 002A,Investigation complete; no suspect identified
cffb3b8531e903b3811ffa11d95eaf2a9c71e76523ccdcfa8a6f58c43f5c390a,2021-03,South Yorkshire Police,South Yorkshire Police,-1.308296,53.486055,On or near CHARLES STREET,E01007800,Rotherham 003E,Investigation complete; no suspect identified
b19ce998dd8fd6e45eb8af61c9e3fdb5af891cd86b45b23ecc1565ee44f580ca,2021-03,South Yorkshire Police,South Yorkshire Police,-1.476449,53.350246,On or near CRAWFORD ROAD,E01007985,Sheffield 053E,Local resolution
345df4385c3d7c5f91200f0ef297395aa09552b539f0e2ef565f5bf0f2f4009d,2021-03,South Yorkshire Police,South Yorkshire Police,-1.159411,53.612649,On or near AVENUE ROAD,E01007491,Doncaster 002E,Unable to prosecute suspect
9f386261c41a7e25bfe559ec3e7ec013b43f16447c86a5d5e54406bc227dcb27,2021-03,South Yorkshire Police,South Yorkshire Police,-1.459404,53.390188,On or near SPITAL HILL,E01033270,Sheffield 022H,Suspect charged
094ccbe9db24d5f1f5c011bb434ddae667e0a56a8bb7d2cfae6e046648a356bc,2021-03,South Yorkshire Police,South Yorkshire Police,-1.465172,53.371437,On or near STORE STREET,E01033273,Sheffield 042F,Investigation complete; no suspect identified
cbe49570f1a7ae5d776a506c42a33c97bbc35a48b0828c4cda0e1a7fba0ab951,2021-03,South Yorkshire Police,South Yorkshire Police,-1.459404,53.390188,On or near SPITAL HILL,E01033270,Sheffield 022H,Suspect charged
c55d2b9bd2d42ca0e04bb42221a46f7deff1c1394926e5e35767fe9cb5be0db5,2021-03,South Yorkshire Police,South Yorkshire Police,-1.021899,53.600405,On or near HOLME GARDENS,E01007627,Doncaster 004C,Investigation complete; no suspect identified
3a41f698a88596bde96562395cd552da3b1e26a526d688109c14e469de803375,2021-03,South Yorkshire Police,South Yorkshire Police,-1.447674,53.418206,On or near B6086,E01007851,Sheffield 013B,Investigation complete; no suspect identified
892dca7de7aacb48758ce622e3668eb2373833405c212325adde4d08d6909a82,2021-03,South Yorkshire Police,South Yorkshire Police,-1.128823,53.552854,On or near GROSVENOR CRESCENT,E01007505,Doncaster 013A,Unable to prosecute suspect
5beaa538d9040f4c04df2074f6a5d95bb406c78ee4b159011459e6cb90d59ebd,2021-03,South Yorkshire Police,South Yorkshire Police,-1.255002,53.484602,On or near TADCASTER CLOSE,E01007543,Doncaster 032C,Local resolution
4a9a8b5f03ee5769216ce6b974071487e41624523bbba622b1c8c6fd41e2d6cc,2021-03,South Yorkshire Police,South Yorkshire Police,-1.477446,53.389127,On or near A61,E01033263,Sheffield 073C,Investigation complete; no suspect identified
f1f3071f0f2b881783214bcf994f31480063ba1662a6bc6f58e87afb6407b4db,2021-03,South Yorkshire Police,South Yorkshire Police,-1.502186,53.370563,On or near ENDCLIFFE RISE ROAD,E01007863,Sheffield 036C,Investigation complete; no suspect identified
8bfb1fefff80f70d0ff4a46b4fd620faf0e0c8eb7122f945bd7ca6807273ea45,2021-03,South Yorkshire Police,South Yorkshire Police,-1.478565,53.544733,On or near ESSEX ROAD,E01007413,Barnsley 017C,Investigation complete; no suspect identified
724cc7e2c5415c7c5ea4c9e2b6d66728d46aaf35aca8500edeaaca1c36f3da7e,2021-03,South Yorkshire Police,South Yorkshire Police,-1.416287,53.347783,On or near JAUNTY LANE,E01007843,Sheffield 062C,Unable to prosecute suspect
683a6e778db200112fa14f00f96de9089774411b49c20bf8842ea6bad3cafeac,2021-03,South Yorkshire Police,South Yorkshire Police,-1.449289,53.425935,On or near MOLINEAUX CLOSE,E01008059,Sheffield 010C,Unable to prosecute suspect
59c0002c757ce453e7a700f9cbb97157e40aa82ba76309e1b4f4af21e30bec8a,2021-03,South Yorkshire Police,South Yorkshire Police,-1.493139,53.369248,On or near Supermarket,E01007864,Sheffield 036D,Investigation complete; no suspect identified
0ecfabd41be6a8da21f3085c42d3497704458538187477ace2558d01f2ecc73a,2021-03,South Yorkshire Police,South Yorkshire Police,-1.345703,53.437880,On or near MILTON ROAD,E01007769,Rotherham 017D,Suspect charged
0ecfabd41be6a8da21f3085c42d3497704458538187477ace2558d01f2ecc73a,2021-03,South Yorkshire Police,South Yorkshire Police,-1.345703,53.437880,On or near MILTON ROAD,E01007769,Rotherham 017D,Suspect charged
76f1b441c6851426c433a19ad8828543ad9d3d23ac18456b2c87dab43d5fde1e,2021-03,South Yorkshire Police,South Yorkshire Police,-1.466037,53.397202,On or near CHRIST CHURCH ROAD,E01007870,Sheffield 019A,Unable to prosecute suspect
c34d88b2a3240c2a0321c45e549cae9073a968f19a5e2653b9354c89e9f8043e,2021-03,South Yorkshire Police,South Yorkshire Police,-1.142985,53.518278,On or near ABBOTT STREET,E01007529,Doncaster 022A,Unable to prosecute suspect
9661e39759b6b2a29a830e602db574dc55f6914746c0b787d676783dfd67e960,2021-03,South Yorkshire Police,South Yorkshire Police,-1.255002,53.484602,On or near TADCASTER CLOSE,E01007543,Doncaster 032C,Local resolution
05a3c70d562b28d4ae7cdfc3a1669c11de61b813f70405f2aeb81bc95480912e,2021-03,South Yorkshire Police,South Yorkshire Police,-1.441162,53.502893,On or near VICARAGE CLOSE,E01007391,Barnsley 030C,Unable to prosecute suspect
ece7ccaeb0e7ec59867546095cda1ee6dd2def9f7ea959ca571b3c35ac213bf7,2021-03,South Yorkshire Police,South Yorkshire Police,-1.477141,53.581947,On or near LINBY ROAD,E01007325,Barnsley 007C,Unable to prosecute suspect
94ed5c87c9c815bcf9d4be38f0a458db201591ef40806296653b2e55413908fc,2021-03,South Yorkshire Police,South Yorkshire Police,,,No location,,,Suspect charged
492e8935eb24a352d7aee6bf542c961399ea48957f01f1a78efcd8d693bcf519,2021-03,South Yorkshire Police,South Yorkshire Police,-1.475326,53.368255,On or near Parking Area,E01008109,Sheffield 042B,Investigation complete; no suspect identified
fa701384f207bfb8cd58d5844a54703a063dc4c818b51a956a462ad9d700c395,2021-03,South Yorkshire Police,South Yorkshire Police,-1.449160,53.342726,On or near GAUNT DRIVE,E01008075,Sheffield 060B,Suspect charged
fb637771eaf29de5c47e1523ede31d49f541ed3b26c1d8ebd9de7d0915f80ee3,2021-03,South Yorkshire Police,South Yorkshire Police,-1.344493,53.444138,On or near Shopping Area,E01007784,Rotherham 008D,Investigation complete; no suspect identified
c26eb39d44816aa26e2e2555e9948838ac1f427d92a34b0e01bdb0a7e9d0ec2a,2021-03,South Yorkshire Police,South Yorkshire Police,-1.391864,53.341306,On or near BIRLEY WOOD DRIVE,E01033278,Sheffield 076E,Local resolution
e56b435b395b9ba2fa143e77a04af12d7b52349fbbeac2e08d0ea377cfe331f1,2021-03,South Yorkshire Police,South Yorkshire Police,-1.439377,53.555917,On or near HARWOOD TERRACE,E01007403,Barnsley 011C,Investigation complete; no suspect identified
0b41027c874d8c15975aa5ac8ba2fd56227552278a65b3ceeefe3b16d0b91de6,2021-03,South Yorkshire Police,South Yorkshire Police,-1.485781,53.434834,On or near CRESWICK LANE,E01008125,Sheffield 009G,Investigation complete; no suspect identified
f22eb18ac11b0ef8ae0f46cfa182460ad7fb5230164a9c84262936e772221aac,2021-03,South Yorkshire Police,South Yorkshire Police,-1.429809,53.399435,On or near LIVERPOOL STREET,E01033269,Sheffield 022G,Investigation complete; no suspect identified
1e263fb379fa78a5b5757f6e526560bebd598fd9a9835427b80614cb83141e68,2021-03,South Yorkshire Police,South Yorkshire Police,-1.341592,53.438963,On or near SHAKESPEARE ROAD,E01007768,Rotherham 014D,Investigation complete; no suspect identified
3f8733afa48b19304bc77659f68eb55a5b4445691e8c07e7015dede012dad1a1,2021-03,South Yorkshire Police,South Yorkshire Police,-1.456789,53.531755,On or near GREEN STREET,E01007458,Barnsley 021A,Local resolution
9d5f96fa68d0ffa0b4123dd86b6d2446759e4af8261df4010d543495bbe61210,2021-03,South Yorkshire Police,South Yorkshire Police,-1.531080,53.327462,On or near BURLINGTON GROVE,E01007920,Sheffield 068A,Unable to prosecute suspect
04b7b9c5143d8c9efb9cc899a1763510cdbbda6ab1dd357a3188ef72db9f05fa,2021-03,South Yorkshire Police,South Yorkshire Police,-1.447028,53.567664,On or near Petrol Station,E01007404,Barnsley 009D,Investigation complete; no suspect identified
26c86e081b9952967f9c2428e841214f270eda611ce197397afc53c29e616e2c,2021-03,South Yorkshire Police,South Yorkshire Police,-1.448268,53.397831,On or near CARWOOD ROAD,E01033269,Sheffield 022G,Unable to prosecute suspect
94e6daa9f8c339f62587e13a3623f9ff98429099517c6f7c3493fa6e20ca11f8,2021-03,South Yorkshire Police,South Yorkshire Police,-1.526979,53.391454,On or near ROSCOE MOUNT,E01008152,Sheffield 025C,Unable to prosecute suspect
407ba792c6cea5b81c0108594927c30d063f26bb10db61228fb1ce5a31130c31,2021-03,South Yorkshire Police,South Yorkshire Police,-1.468439,53.396359,On or near PITSMOOR ROAD,E01007870,Sheffield 019A,Further investigation is not in the public interest
5cac6ff5cf17437be3479feab08223e2456450f4baacdc6622dc67d91f3060ed,2021-03,South Yorkshire Police,South Yorkshire Police,-1.482838,53.411945,On or near TEYNHAM ROAD,E01008094,Sheffield 019D,Investigation complete; no suspect identified
dc9782b417e3cfaaec769e457d19909673a19271c68e8d1aaa4782b029ce7c4a,2021-03,South Yorkshire Police,South Yorkshire Police,-1.461715,53.363088,On or near MADEHURST VIEW,E01008096,Sheffield 043B,Investigation complete; no suspect identified
fa2cd62b44fa459816e902ddbe094501d89bb0e79391d59d383105c7d023a0da,2021-03,South Yorkshire Police,South Yorkshire Police,-1.475759,53.357524,On or near Police Station,E01007981,Sheffield 053C,Unable to prosecute suspect
1d2d1021a57268e66e66b82423c1eb16cb9915f01c32dd04101df24617b8dcfd,2021-03,South Yorkshire Police,South Yorkshire Police,-1.145848,53.525912,On or near Prison,E01007529,Doncaster 022A,Action to be taken by another organisation
5d4e98429ae4c49b2e6030932cb9e77b5ab6eeef1f39330b64681c159ecd705c,2021-03,South Yorkshire Police,South Yorkshire Police,-1.465919,53.417516,On or near CROWDER ROAD,E01007946,Sheffield 015C,Investigation complete; no suspect identified
42880b7b568007e780588f8c9ec63c10b7a362cb8f27b8bd637827d54b777f29,2021-03,South Yorkshire Police,South Yorkshire Police,-1.465919,53.417516,On or near CROWDER ROAD,E01007946,Sheffield 015C,Investigation complete; no suspect identified
549416f3c93c5b5e78639aa448188450ef2e23bc7d6a172c36b8cf854e2b006f,2021-03,South Yorkshire Police,South Yorkshire Police,-1.303577,53.420761,On or near BEECH AVENUE,E01007724,Rotherham 021E,Unable to prosecute suspect
5c64747c1f0a6e03614f628ed47c5f7f2174a80494cbe1a71330c16263b097ff,2021-03,South Yorkshire Police,South Yorkshire Police,-1.429950,53.361844,On or near Police Station,E01008013,Sheffield 039C,Unable to prosecute suspect
694c08d878feda9a4f6498329eb381925384419b9fb6df3504115907a9588773,2021-03,South Yorkshire Police,South Yorkshire Police,-1.170451,53.519011,On or near CASTLE CLOSE,E01007618,Doncaster 021D,Investigation complete; no suspect identified
e8d81dcb407c9262869796eac743433e54b8702cce9d4aaec8d01402e85ed90f,2021-03,South Yorkshire Police,South Yorkshire Police,-1.468300,53.384583,On or near NEW STREET,E01033264,Sheffield 073D,Investigation complete; no suspect identified
6bed4ef9ca50ffa3d15191e3b292f49e77ab4c084124005b035521e2493fac4a,2021-03,South Yorkshire Police,South Yorkshire Police,-1.483039,53.382886,On or near ST GEORGE'S CLOSE,E01008068,Sheffield 026B,Investigation complete; no suspect identified
f96ea788d7a8aca59690d831723bb6a9f392380f75357f39dad21632bc909612,2021-03,South Yorkshire Police,South Yorkshire Police,-1.406748,53.365129,On or near SPINKHILL ROAD,E01008008,Sheffield 045D,Unable to prosecute suspect
1ea0219e01cf5d3e7fbfa7fea5603829ffabeb10bcaea4b40de0ea94c1980785,2021-03,South Yorkshire Police,South Yorkshire Police,-1.379359,53.575449,On or near KING'S STREET,E01007332,Barnsley 006C,Unable to prosecute suspect
aae9228e57c03263dae89ea95733f3615237a099c2f1193b32026f912b494f61,2021-03,South Yorkshire Police,South Yorkshire Police,-1.171502,53.499900,On or near Petrol Station,E01007501,Doncaster 029E,Investigation complete; no suspect identified
3e9fae34ff003f035783412e20fef502c6d2096a60a899dc63f0fcc1316cdd2c,2021-03,South Yorkshire Police,South Yorkshire Police,-1.303577,53.420761,On or near BEECH AVENUE,E01007724,Rotherham 021E,Unable to prosecute suspect
3407669e953a2aacdf39777615e47e3fb0e3856ece72e698e08f84d53c3ebab1,2021-03,South Yorkshire Police,South Yorkshire Police,-1.225173,53.375604,On or near Petrol Station,E01007787,Rotherham 028A,Investigation complete; no suspect identified
554c1cf33b44dbca8d971363bf13f29ccb4d054f7d082152b725e728dd5f969e,2021-03,South Yorkshire Police,South Yorkshire Police,-1.128983,53.531795,On or near WHARF ROAD,E01007655,Doncaster 022F,Unable to prosecute suspect
7c24ba009d112b6fc4f1dd56486428c956a2aa68e5d6719cda496b3e294c31fd,2021-03,South Yorkshire Police,South Yorkshire Police,-1.144489,53.547709,On or near Police Station,E01007508,Doncaster 010B,Investigation complete; no suspect identified
3869da228d5a8099908deb189090416e99d4ab1ad1fc4abc4c1b1b5ecceab051,2021-03,South Yorkshire Police,South Yorkshire Police,,,No location,,,Unable to prosecute suspect
4b8dc83a7c7a7173c2d55411852063f3c0d72a01be3dfabc90c85dff1b807fa4,2021-03,South Yorkshire Police,South Yorkshire Police,-1.175380,53.497356,On or near Sports/Recreation Area,E01007551,Doncaster 033B,Investigation complete; no suspect identified
d17d799af96b0ef29b70fd443fa8e32e40c78c7e3f3d0c84bf2b48044fe17007,2021-03,South Yorkshire Police,South Yorkshire Police,-1.313190,53.542253,On or near CHESTNUT GROVE,E01007375,Barnsley 014D,Unable to prosecute suspect
8b0df60e2f8554ef79e1bc04caab5b9c2f0a5acc8f4dc5ffa1fd77902787cf07,2021-03,South Yorkshire Police,South Yorkshire Police,-1.009388,53.613255,On or near GROVE ROAD,E01007625,Doncaster 004A,Investigation complete; no suspect identified
1d1c2346250cf225607f38fd1ed6902fd9b6fe464ec5c72d3f96f4cbe2c92e77,2021-03,South Yorkshire Police,South Yorkshire Police,-1.014679,53.600247,On or near Sports/Recreation Area,E01007627,Doncaster 004C,Unable to prosecute suspect
ce30f8676a8e1185b323174e0f32bf38864cef820478cf575c8655e491c46f78,2021-03,South Yorkshire Police,South Yorkshire Police,-1.488054,53.394737,On or near WOOD STREET,E01008072,Sheffield 026C,Investigation complete; no suspect identified
9c9e2cfcb8632fafb35aba564b9071837d18db2b8c660eab7d0f21553c62d239,2021-03,South Yorkshire Police,South Yorkshire Police,-1.491600,53.321682,On or near ATLANTIC ROAD,E01007919,Sheffield 069C,Local resolution
2d2f3ac949c30cc25b8130c5356f4fc674c6afb7505d357b4f1d285ef81364f8,2021-03,South Yorkshire Police,South Yorkshire Police,-1.519456,53.415891,On or near QUEENSWOOD CLOSE,E01033275,Sheffield 008F,Unable to prosecute suspect
be96468137c96e6f223e7c36fd91798d0de8273cb78d3e7db7ac69869f3405f1,2021-03,South Yorkshire Police,South Yorkshire Police,-1.191269,53.483109,On or near GORDON ROAD,E01007547,Doncaster 034B,Suspect charged
a240c7bc049f13b4f472bc140b7d933bb583bf424416eeba530a1509b1b8e620,2021-03,South Yorkshire Police,South Yorkshire Police,-1.446141,53.597439,On or near PARK AVENUE,E01007433,Barnsley 002A,Suspect charged
9cbab910e4de81d3c553bfcbadc922ed1946cee1c4f7e06a62e05312a29686d5,2021-03,South Yorkshire Police,South Yorkshire Police,-1.477038,53.499649,On or near SHEFFIELD ROAD,E01007424,Barnsley 028E,Unable to prosecute suspect
facd334a114d2568363ef46da29b7d8c232a76243bd305118f6a3a81fa72aa97,2021-03,South Yorkshire Police,South Yorkshire Police,-1.480011,53.358702,On or near Parking Area,E01008112,Sheffield 042D,Investigation complete; no suspect identified
cef3b5edce3df3e488a0ce5852afce86ceecff77b638088e8170a51cba40aca8,2021-03,South Yorkshire Police,South Yorkshire Police,-1.438054,53.500739,On or near HIGH STREET,E01007391,Barnsley 030C,Investigation complete; no suspect identified
53e0f772d7faa487cb0459504ded0d2b4149d3c0e7f7a630c42ccab6134dd42a,2021-03,South Yorkshire Police,South Yorkshire Police,-1.465827,53.368338,On or near QUEENS ROAD,E01008099,Sheffield 051E,Investigation complete; no suspect identified
b98c06e4ac0ae5cc3c965094aee49a387a59b3f1931963faf12b08b552ba1395,2021-03,South Yorkshire Police,South Yorkshire Police,-1.201267,53.466664,On or near B6094,E01007613,Doncaster 033D,Investigation complete; no suspect identified
01f64a14a9a8c5f74ee4f6631787ed0a33518a4f11aa603bbad42e21a4d7e5e3,2021-03,South Yorkshire Police,South Yorkshire Police,-1.475675,53.363088,On or near GAMSTON ROAD,E01008108,Sheffield 042A,Investigation complete; no suspect identified
07c8e1a9d77f143103e863c00ecf493a85cba3911e78468f98f96fd0f421938e,2021-03,South Yorkshire Police,South Yorkshire Police,-1.464437,53.430084,On or near COLLEY ROAD,E01033277,Sheffield 011E,Unable to prosecute suspect
9de0008ed0e9f9c70a1e2ebcde472b2da03e3ee9535b9f65a59b528c34ab143e,2021-03,South Yorkshire Police,South Yorkshire Police,-1.436383,53.362819,On or near ALGAR CRESCENT,E01008098,Sheffield 048A,Investigation complete; no suspect identified
607f2d8fc458466991c6b7cb1a6cc5f6a765d310e794cbbdfad20a99dce94919,2021-03,South Yorkshire Police,South Yorkshire Police,-1.552991,53.450412,On or near BRIGHTHOLMLEE COURT,E01008136,Sheffield 008D,Investigation complete; no suspect identified
9fa0bf2ea3e7263eeaa4b463a6867bc55e4c3ca6986a07dced9554b4a2e4fb4b,2021-03,South Yorkshire Police,South Yorkshire Police,-1.510221,53.422146,On or near Sports/Recreation Area,E01008089,Sheffield 017B,Investigation complete; no suspect identified
887b240768f98b5af68e41d0e6b83ff1c75ed25e3b12d676d7862bbaad7dace9,2021-03,South Yorkshire Police,South Yorkshire Police,-1.187719,53.416425,On or near BIRKS HOLT DRIVE,E01007764,Rotherham 020F,Unable to prosecute suspect
781673982053a358a929f487d3552a54242b9b60485cb32f61fd7efb8d885427,2021-03,South Yorkshire Police,South Yorkshire Police,-1.474632,53.369726,On or near HILL STREET,E01008109,Sheffield 042B,Investigation complete; no suspect identified
bc988f7982dec9c8d9136639e8e535707f4df8e2834e3fc224a4bc0a49cb8baf,2021-03,South Yorkshire Police,South Yorkshire Police,-1.466991,53.319571,On or near WHITE THORNS DRIVE,E01008084,Sheffield 070D,Further action is not in the public interest
15e7c056c22c8d3c7e0a29c350bc1b9d67a783b7f68b1aa60667db61e4318021,2021-03,South Yorkshire Police,South Yorkshire Police,-1.438721,53.405616,On or near ADSETTS STREET,E01007877,Sheffield 022D,Unable to prosecute suspect
aa77f2d3b9603f6187da6fcfcda2c606cec57ba58aa14ce4e41ea150665e55ca,2021-03,South Yorkshire Police,South Yorkshire Police,-1.098629,53.525368,On or near RUNNYMEDE ROAD,E01007569,Doncaster 018F,Further action is not in the public interest
abeef142c751da368de5718adce7fd9b899558e06aadf55f67db4dc3fe5fd9fc,2021-03,South Yorkshire Police,South Yorkshire Police,-1.443317,53.417691,On or near WINDMILL LANE,E01007851,Sheffield 013B,Investigation complete; no suspect identified
01675227134ab469086d7fd2dcd45b3526e59e54bf565603e4eae7b7c7f4eb14,2021-03,South Yorkshire Police,South Yorkshire Police,-1.406046,53.446950,On or near STUDMOOR ROAD,E01007804,Rotherham 011B,Unable to prosecute suspect
4e09e8a3bd910a00d03d565298be62180e9dd1e74f3b75699bbdaef79c93e0e5,2021-03,South Yorkshire Police,South Yorkshire Police,-1.470613,53.379928,On or near Supermarket,E01033265,Sheffield 074C,Investigation complete; no suspect identified
8db26b59c4143290296fe213fb4694fe405e03089ee4e98212cc8cb27da3e9c7,2021-03,South Yorkshire Police,South Yorkshire Police,-1.406046,53.446950,On or near STUDMOOR ROAD,E01007804,Rotherham 011B,Investigation complete; no suspect identified
4b37e790ae986b938298bfc119976a809e0896d7f9dc2e60dca9ba80995ea1c8,2021-03,South Yorkshire Police,South Yorkshire Police,-1.451130,53.539990,On or near COLLEY AVENUE,E01007317,Barnsley 018A,Investigation complete; no suspect identified
aae5a429ccd47a5468fbd618cd34027d7416703dc0f0d639de3b669d84562dc4,2021-03,South Yorkshire Police,South Yorkshire Police,-1.456042,53.409750,On or near Hospital,E01007942,Sheffield 020D,Investigation complete; no suspect identified
86b4d120fc8ae6b361d189b11a2c5cb2cf7d0141fa5c005dc8e858722fa34224,2021-03,South Yorkshire Police,South Yorkshire Police,-0.980356,53.567169,On or near BAWTRY ROAD,E01007557,Doncaster 008B,Unable to prosecute suspect
dcf9c8973d541c00f59d5372ad7a0f2f8d4d21026a67aa6b53c4b148d2ce95f4,2021-03,South Yorkshire Police,South Yorkshire Police,-1.320979,53.412744,On or near Supermarket,E01007811,Rotherham 024A,Investigation complete; no suspect identified
85061108453f43bc5158d1e1e4772904de27fa0e0c1a181534520b720f09c751,2021-03,South Yorkshire Police,South Yorkshire Police,-1.431255,53.419558,On or near JEPSON ROAD,E01007850,Sheffield 014B,Unable to prosecute suspect
e2eda9423343a2e34094f1af0e68a8d10d9f1e4aceb81d90ddc123349063e440,2021-03,South Yorkshire Police,South Yorkshire Police,-1.128983,53.531795,On or near WHARF ROAD,E01007655,Doncaster 022F,Suspect charged
447ef3d33da3ae39dc98848b290955bf00af285991f3a5652ebb3ba1164a81ec,2021-03,South Yorkshire Police,South Yorkshire Police,-1.467010,53.331319,On or near NORTON PARK AVENUE,E01008079,Sheffield 064F,Unable to prosecute suspect
696473dc7ed27dc2845fff076f25840b6a69e74e3dd7005c37d8b4c16bee6a38,2021-03,South Yorkshire Police,South Yorkshire Police,-1.508000,53.360286,On or near PSALTER LANE,E01007936,Sheffield 047D,Investigation complete; no suspect identified
aee5483620911a4509589a14171cd4e6cd1304066faa345c0bb6b32265627914,2021-03,South Yorkshire Police,South Yorkshire Police,-1.474023,53.413040,On or near MOONSHINE LANE,E01008094,Sheffield 019D,Investigation complete; no suspect identified
d3dbc37d52d756d46a3da885a5c107d86e900d1befe9d84fbe98515355c14a29,2021-03,South Yorkshire Police,South Yorkshire Police,-1.390507,53.377551,On or near STONEYCROFT ROAD,E01007909,Sheffield 032C,Investigation complete; no suspect identified
5eaab17b2a2ae3fd18049353cd698231efc74ccb354807a49bad2428ccc98a23,2021-03,South Yorkshire Police,South Yorkshire Police,-1.473238,53.415706,On or near SOUTHEY CRESCENT,E01007945,Sheffield 015B,Further investigation is not in the public interest
810678999e3000010bb58fd65f3a4f8db80f298d292b2d94a60af35a1eb41ed3,2021-03,South Yorkshire Police,South Yorkshire Police,-1.399627,53.523096,On or near HIGH STREET,E01007448,Barnsley 023B,Investigation complete; no suspect identified
9c6eb5440bd6fcd205539555d06014ad85bc91b07b39990ac6af0b2ae4547cff,2021-03,South Yorkshire Police,South Yorkshire Police,-1.379147,53.574441,On or near QUEENSWAY,E01007332,Barnsley 006C,Investigation complete; no suspect identified
e2bedbaeebf7b8aa73a05c945877a3c371617976a9cbd21b089cf3201c2342cd,2021-03,South Yorkshire Police,South Yorkshire Police,-1.493139,53.369248,On or near Supermarket,E01007864,Sheffield 036D,Investigation complete; no suspect identified
1d6e43791e5bb5df49c9455d7d76516843551b09c0924fe1f111a6987d058f9e,2021-03,South Yorkshire Police,South Yorkshire Police,-1.459912,53.580370,On or near LAITHES LANE,E01007437,Barnsley 002C,Further action is not in the public interest
46a7f3a726c5954d2c47be965096dd4c38ba9dcee1e65e7cce4125e9e0bea188,2021-03,South Yorkshire Police,South Yorkshire Police,-1.437431,53.381385,On or near NUNNERY TERRACE,E01007886,Sheffield 075F,Investigation complete; no suspect identified
c965bf2754e61e526dc48c501c7fcf85270dfbf83a3a5b7cd903af986b7497bd,2021-03,South Yorkshire Police,South Yorkshire Police,-1.018938,53.600992,On or near Sports/Recreation Area,E01007627,Doncaster 004C,Unable to prosecute suspect
4629a0d13f8b1cccc3d9d27a951e37c34d97343d28701dd517490a4bccfba890,2021-03,South Yorkshire Police,South Yorkshire Police,-1.473067,53.322357,On or near CHESTERFIELD ROAD SOUTH,E01008082,Sheffield 070B,Investigation complete; no suspect identified
37e292e13a1302a905196539413fe000442d57e6aec6853f852a9a396ebfa9ae,2021-03,South Yorkshire Police,South Yorkshire Police,-1.391153,53.443909,On or near OX CLOSE AVENUE,E01007806,Rotherham 011D,Investigation complete; no suspect identified
d4a93bc4b333e512c6e13d7b6e9638bb4db00766dddb89dfe2382a259d25c234,2021-03,South Yorkshire Police,South Yorkshire Police,-1.451250,53.363562,On or near KENNINGHALL MOUNT,E01008096,Sheffield 043B,Unable to prosecute suspect
af08d086a421b02dcd5f13d7420dd2e1d99cd67ba0ff36f42f6cadcddb9ededd,2021-03,South Yorkshire Police,South Yorkshire Police,-1.197957,53.599035,On or near GRANGE LANE,E01007490,Doncaster 002D,Investigation complete; no suspect identified
f2a33f48c698457e3d2aad6f8e176d78a75014cab8a0d8031b2abcba5f0ca9e2,2021-03,South Yorkshire Police,South Yorkshire Police,-1.018938,53.600992,On or near Sports/Recreation Area,E01007627,Doncaster 004C,Unable to prosecute suspect
ecc3c1a2aecb673e1a46203a451f904c813084a57ba2aff256bb1b9f8156e7f3,2021-03,South Yorkshire Police,South Yorkshire Police,-1.451250,53.363562,On or near KENNINGHALL MOUNT,E01008096,Sheffield 043B,Unable to prosecute suspect
c6fed1f6a02ea79ad1a52ea32dd71a1be51615c325aa3eb271db29429fc4ad28,2021-03,South Yorkshire Police,South Yorkshire Police,-1.394865,53.433815,On or near PETER STREET,E01007744,Rotherham 015D,Investigation complete; no suspect identified
e5e11b5732280376ba018c48322bea63acbc7d4cdba226d3844489deb61ce465,2021-03,South Yorkshire Police,South Yorkshire Police,-0.963421,53.608901,On or near SOUTH PARADE,E01007639,Doncaster 003D,Investigation complete; no suspect identified
1da4717ca369820786ce68f93317e5da8db550dbc360ad67809e82070d901a53,2021-03,South Yorkshire Police,South Yorkshire Police,-1.325166,53.414395,On or near ACRES VIEW,E01007711,Rotherham 021D,Further action is not in the public interest
510441d30fd18c8d7064e8e6ad7e69ab04064d658200aa97fdf8cffad21fcf88,2021-03,South Yorkshire Police,South Yorkshire Police,-1.325166,53.414395,On or near ACRES VIEW,E01007711,Rotherham 021D,Further action is not in the public interest
d2b947cc2429446578dfb84522edef066e723749e70ec3cf061fb87889edf806,2021-03,South Yorkshire Police,South Yorkshire Police,-1.421676,53.546619,On or near ESKDALE ROAD,E01007321,Barnsley 015B,Unable to prosecute suspect
835f922c9497acc79b8d4298ea3e284f66813795d193e088ef34c979b22ce99c,2021-03,South Yorkshire Police,South Yorkshire Police,-1.325166,53.414395,On or near ACRES VIEW,E01007711,Rotherham 021D,Further action is not in the public interest
0febdbe0f87bc28237ccfb7b7f31f8b29b9fbe01b09213a5b2f5384cbdc2ff94,2021-03,South Yorkshire Police,South Yorkshire Police,-1.028432,53.590975,On or near Supermarket,E01007626,Doncaster 004B,Investigation complete; no suspect identified
d3cbf918e1b05cba0f5e693bed53c56d1c2503542741c863af87222c293a9632,2021-03,South Yorkshire Police,South Yorkshire Police,-1.397622,53.375043,On or near RICHMOND PARK CRESCENT,E01007910,Sheffield 037A,Investigation complete; no suspect identified
df69096aff64f5518bfe4a114e03d313ba237a82ca7c8193cbddfdf891e7ec67,2021-03,South Yorkshire Police,South Yorkshire Police,-1.240454,53.478974,On or near SANDAL ROAD,E01007541,Doncaster 035E,Unable to prosecute suspect
3d61e361b6e640b338ae69cb1c4e82d3d0470fb9a3fb6507261a7623bf0ee2d1,2021-03,South Yorkshire Police,South Yorkshire Police,-1.356775,53.344574,On or near Shopping Area,E01008033,Sheffield 061B,Investigation complete; no suspect identified
542199168a4bb9126895e898b254ec60ff7696a9981933259a5e360cd859f843,2021-03,South Yorkshire Police,South Yorkshire Police,-1.170312,53.539253,On or near ALWYN AVENUE,E01007588,Doncaster 016C,Investigation complete; no suspect identified
66fc861f45695d1361ee77d0ff2882223a84b0cd8b3252b0f4dc6525b2ebc0e6,2021-03,South Yorkshire Police,South Yorkshire Police,-1.240454,53.478974,On or near SANDAL ROAD,E01007541,Doncaster 035E,Unable to prosecute suspect
c11b896465ea5250e97c65333e360916cd2e5a5f51777c3eecf13f70877684a0,2021-03,South Yorkshire Police,South Yorkshire Police,-1.376196,53.356973,On or near WATER SLACKS DRIVE,E01007970,Sheffield 049D,Unable to prosecute suspect
0db7ea8272d84c0623be823233c7f66ec66bdcfa772a7a41d7f7c63253b21312,2021-03,South Yorkshire Police,South Yorkshire Police,-1.437842,53.436946,On or near ECCLESFIELD ROAD,E01008055,Sheffield 007C,Investigation complete; no suspect identified
d058bb7ade00bc08dfe9c4dd4af1a8133dbdc04151b7e82afe71d808de749b09,2021-03,South Yorkshire Police,South Yorkshire Police,-1.367218,53.388962,On or near Sports/Recreation Area,E01007699,Rotherham 027B,Investigation complete; no suspect identified
352202dee85b2a56feffa4e176665e6e04c52633736f38acdb9957f15a045665,2021-03,South Yorkshire Police,South Yorkshire Police,-1.049023,53.536489,On or near ST MARY'S DRIVE,E01007482,Doncaster 014D,Offender given a caution
44a123b4d285cd2eea1e2007730f499fe720c4fe2e1c6eedae808f834aa1c606,2021-03,South Yorkshire Police,South Yorkshire Police,-0.963583,53.610287,On or near FAIRTREE WALK,E01007639,Doncaster 003D,Investigation complete; no suspect identified
c2d25abd786a5317c39dcd9368325fc3861bc87891c62111a7ec9fdee89c0014,2021-03,South Yorkshire Police,South Yorkshire Police,-1.415888,53.517532,On or near Parking Area,E01007452,Barnsley 026B,Investigation complete; no suspect identified
66c98b04beb44f874b39bc1373dfba9993078ced7b3267dc4ca96e0eab37e3c3,2021-03,South Yorkshire Police,South Yorkshire Police,-1.458073,53.597754,On or near WINMARITH COURT,E01007434,Barnsley 001A,Investigation complete; no suspect identified
59e20ab9efbc8cdf77f09c428fe373e90e5eaaf6113f9054531a7d701dcc5ad9,2021-03,South Yorkshire Police,South Yorkshire Police,-1.339844,53.411843,On or near QUEENSWAY COURT,E01007678,Rotherham 023B,Unable to prosecute suspect
4ac31b1b8678d72db3566a8ed182e8b6af26c93dde52ee8d7113e786e4642ca3,2021-03,South Yorkshire Police,South Yorkshire Police,-1.302118,53.446478,On or near SCHOOL STREET,E01007721,Rotherham 010C,Investigation complete; no suspect identified
e603443c988fee39263273310639ac79d6f96536100806c5322296fca61def9e,2021-03,South Yorkshire Police,South Yorkshire Police,-1.481526,53.420820,On or near KYLE CRESCENT,E01008124,Sheffield 012F,Investigation complete; no suspect identified
e1bd322726328ba9ef28103307d927ffac0ed26263232065fa26781552ba7559,2021-03,South Yorkshire Police,South Yorkshire Police,-1.376171,53.571415,On or near BEDFORD STREET,E01007332,Barnsley 006C,Investigation complete; no suspect identified
099bb7a6777e84a13bcb9724cb0f14f7b98aea31a2dd4d9f0c287a0055246c84,2021-03,South Yorkshire Police,South Yorkshire Police,-1.382678,53.537319,On or near CLARNEY PLACE,E01007352,Barnsley 020E,Investigation complete; no suspect identified
ed56d605cb2c9a5df5da92f0cb3d9ef57b28928699a291ad86b8624e3154e3b9,2021-03,South Yorkshire Police,South Yorkshire Police,-1.462213,53.366551,On or near ST ELIZABETH CLOSE,E01008096,Sheffield 043B,Unable to prosecute suspect
bd5513afece290fa8b8f85f6200b6fa33acced096a04cc62a38b642e6bd94cc0,2021-03,South Yorkshire Police,South Yorkshire Police,-1.349097,53.382249,On or near THE TWENTY LANDS,E01007700,Rotherham 027C,Investigation complete; no suspect identified
371db43ec9ee668c7f8a0f40edb8e0d7d0ffdb541d0fc51a6423de912e25fe99,2021-03,South Yorkshire Police,South Yorkshire Police,-1.023240,53.536344,On or near HOLME WOOD LANE,E01007479,Doncaster 014A,Investigation complete; no suspect identified
f787a9430203156852fedb6932458958bd38d37a9b7149bb23e336df37b4d9b1,2021-03,South Yorkshire Police,South Yorkshire Police,-1.337788,53.417333,On or near CARLINGFORD ROAD,E01007679,Rotherham 023C,Unable to prosecute suspect
4a7bec1635d383de001af3ce9ea2fc795095a55704b2fb38605304f6703de927,2021-03,South Yorkshire Police,South Yorkshire Police,-1.070448,53.502734,On or near NEWLANDS CLOSE,E01007607,Doncaster 025E,Unable to prosecute suspect
51131c2d1a85b276d24cb0f557edf765d3ed63c6e3d7e64b4fe192e6ebb1dec7,2021-03,South Yorkshire Police,South Yorkshire Police,-1.357242,53.431345,On or near Shopping Area,E01007714,Rotherham 017B,Unable to prosecute suspect
22c3e96ea82a01abe954ed5f2303aa6cf6fbc3dbbaac040a4c16aa28bf302494,2021-03,South Yorkshire Police,South Yorkshire Police,-1.479363,53.431642,On or near Supermarket,E01008117,Sheffield 009D,Investigation complete; no suspect identified
1b6e86db49cc1cc037bf1ddc0db86b72b49bc74eb0ba79b5f9906a17092d3ee4,2021-03,South Yorkshire Police,South Yorkshire Police,-1.395700,53.361065,On or near STRADBROKE DRIVE,E01007963,Sheffield 045A,Unable to prosecute suspect
71265a4a07f465b122223c185ac9ac92161c2e2f02525de70597ce6c7baa0c6e,2021-03,South Yorkshire Police,South Yorkshire Police,-1.150847,53.542226,On or near FERN AVENUE,E01007514,Doncaster 013B,Investigation complete; no suspect identified
c3950f10079c493bb3f38415c1db94ab28800feb5325417c2476b7c4255d1356,2021-03,South Yorkshire Police,South Yorkshire Police,-1.480981,53.345700,On or near HALLS COURT,E01007828,Sheffield 059A,Investigation complete; no suspect identified
7960f627fa8899c913436d3e79eb13272765a159a7a84bb805f4c7037e6ed82f,2021-03,South Yorkshire Police,South Yorkshire Police,-1.568069,53.478143,On or near MILLER STREET,E01008143,Sheffield 002B,Investigation complete; no suspect identified
acfc3529f4949da9ff19309622ea9c0e8d4a0c2b941092332cc96d33eb068d4f,2021-03,South Yorkshire Police,South Yorkshire Police,-1.453041,53.554479,On or near Parking Area,E01007322,Barnsley 015C,Suspect charged
acfc3529f4949da9ff19309622ea9c0e8d4a0c2b941092332cc96d33eb068d4f,2021-03,South Yorkshire Police,South Yorkshire Police,-1.453041,53.554479,On or near Parking Area,E01007322,Barnsley 015C,Suspect charged
10b3e0e32c0268b4c87ea1ac5b306b05e4edd033f5079b63b17670555412b17e,2021-03,South Yorkshire Police,South Yorkshire Police,-1.192962,53.584422,On or near WILLINGTON ROAD,E01007474,Doncaster 005F,Further action is not in the public interest
bfce79e1c0faa43b638a615febdaf2f67aa60aa0bf34e291286c98419927dd0b,2021-03,South Yorkshire Police,South Yorkshire Police,-1.438344,53.556397,On or near ROGER ROAD,E01007403,Barnsley 011C,Suspect charged
83c993e1ce2c0d03ae3c108815c53bfc07a9a68793c781db1e5bf4e433dfe134,2021-03,South Yorkshire Police,South Yorkshire Police,-1.438344,53.556397,On or near ROGER ROAD,E01007403,Barnsley 011C,Investigation complete; no suspect identified
b17c39440777d41939efec035c1d6d19d29919997f5942d5ae4c55aa5b8a38c6,2021-03,South Yorkshire Police,South Yorkshire Police,-1.074952,53.516100,On or near Sports/Recreation Area,E01007525,Doncaster 024B,Investigation complete; no suspect identified
6b788dd7bbd78b0e6d9066b0167429c65003f1fe0d1a435393d7200648f417a1,2021-03,South Yorkshire Police,South Yorkshire Police,-1.499864,53.413582,On or near PENISTONE ROAD NORTH,E01008091,Sheffield 017C,Unable to prosecute suspect
9859adb0e4891ec238852f40c960953f3f47892ac4f82b5691b12230353b4ff3,2021-03,South Yorkshire Police,South Yorkshire Police,-1.354342,53.434017,On or near Pedestrian Subway,E01007714,Rotherham 017B,Unable to prosecute suspect
d72a7c0c6b0e66f48b6ebf0a07c35c84659501b00fde3f657aac667db836dd60,2021-03,South Yorkshire Police,South Yorkshire Police,-1.087589,53.499999,On or near Supermarket,E01007523,Doncaster 025B,Investigation complete; no suspect identified
737d24cbe7393880136f97e43ed3cc9644b764d690b972fb6a5ec2ff88b63261,2021-03,South Yorkshire Police,South Yorkshire Police,-1.438344,53.556397,On or near ROGER ROAD,E01007403,Barnsley 011C,Suspect charged
89116a1cce7eb0ac16244435bda3c550abf6c264256a4d8f3e8aca0e2e5fb145,2021-03,South Yorkshire Police,South Yorkshire Police,-1.302118,53.446478,On or near SCHOOL STREET,E01007721,Rotherham 010C,Investigation complete; no suspect identified
516b17228ed886b6fdb7eb713a4b8b76a574ea735fceb400e063d1ca6c604a8d,2021-03,South Yorkshire Police,South Yorkshire Police,-1.464474,53.370786,On or near CREAM STREET,E01033273,Sheffield 042F,Investigation complete; no suspect identified
10529832d37ca6856fa56d3e04f67c1022b2d4dcbe59931f9b058cb905455e57,2021-03,South Yorkshire Police,South Yorkshire Police,-1.454931,53.597713,On or near NEW STREET,E01007434,Barnsley 001A,Investigation complete; no suspect identified
06587f96ff9d6f892517118581ee04c7c377327a1bb3015c9e76cd1fe6445785,2021-03,South Yorkshire Police,South Yorkshire Police,-1.356503,53.500238,On or near MICHAEL CROFT,E01007822,Rotherham 002F,Unable to prosecute suspect
fce2ef598173c686281aa5e1577556b158a04643a9ffc2f88a9772e2a32471bb,2021-03,South Yorkshire Police,South Yorkshire Police,-1.486072,53.423195,On or near WORDSWORTH CRESCENT,E01008090,Sheffield 012C,Unable to prosecute suspect
3189e02470568158ad1d6043e33a40003f6ea994bd6fd6ed886479337f464e63,2021-03,South Yorkshire Police,South Yorkshire Police,-1.480550,53.340305,On or near OSMASTON ROAD,E01007831,Sheffield 059C,Unable to prosecute suspect
aab598dbd500def7f11ad676f2a34f3cd95d014fe9ec8c6ef248eb47ed4ce57a,2021-03,South Yorkshire Police,South Yorkshire Police,-1.284929,53.425505,On or near SCARBOROUGH ROAD,E01007686,Rotherham 019C,Unable to prosecute suspect
d1d5754e8a0a3aec72d59139adb5c830b0eee98d0a5d26dcfc8a052a677cea01,2021-03,South Yorkshire Police,South Yorkshire Police,-1.439902,53.376372,On or near SOUTHEND PLACE,E01007886,Sheffield 075F,Investigation complete; no suspect identified
1c2643e26c9c69955cbad4d882efb51fb89075cfcbac81aaf0d2b28af49b88e7,2021-03,South Yorkshire Police,South Yorkshire Police,-1.426695,53.389424,On or near STANIFORTH ROAD,E01007883,Sheffield 027A,Further investigation is not in the public interest
3d8037c6a77e9725c5579592289f339079e6c7aec8c75d7fc86ed84677d04371,2021-03,South Yorkshire Police,South Yorkshire Police,-1.298488,53.550724,On or near BRUNSWICK STREET,E01007373,Barnsley 014B,Unable to prosecute suspect
9caa89f22c6b88bea9abb989764eec32776bd376f6b31eb30d2e7fa3ea24a60d,2021-03,South Yorkshire Police,South Yorkshire Police,,,No location,,,Investigation complete; no suspect identified
b845bf357c25b858f1f8ac096db6d6e4f8066147315abbee776c04f98c9b69bd,2021-03,South Yorkshire Police,South Yorkshire Police,-1.313991,53.358969,On or near JUDITH ROAD,E01007673,Rotherham 030F,Unable to prosecute suspect
272bd47b69f4880362df85f1f850f5715f5aae34ebb8e30659b1d8d0f9390bed,2021-03,South Yorkshire Police,South Yorkshire Police,-1.135509,53.615805,On or near RICHMOND DRIVE,E01007488,Doncaster 002B,Investigation complete; no suspect identified
4b2bffbc9c2687f233547ec1701cb2196fcbeba537e46394cc5489f9880ec68f,2021-03,South Yorkshire Police,South Yorkshire Police,-1.157469,53.495981,On or near SPRINGWELL LANE,E01007498,Doncaster 029C,Unable to prosecute suspect
2896f094117404f0b6b42b20ddc890b5e47ed30c96ad287921a1971c97d7eb00,2021-03,South Yorkshire Police,South Yorkshire Police,-1.359494,53.362593,On or near GOATHLAND PLACE,E01007965,Sheffield 044A,Investigation complete; no suspect identified
5df11130cb3c1bb77ee144dc7793de544a8c46110ae13ae008c40eb39f5c238f,2021-03,South Yorkshire Police,South Yorkshire Police,-1.471292,53.318996,On or near BOWSHAW VIEW,E01008084,Sheffield 070D,Unable to prosecute suspect
f79a4ef6efb371ae7d2940c6a6a979f88d52583bea36a5a6bd67d7548e109a62,2021-03,South Yorkshire Police,South Yorkshire Police,-1.471292,53.318996,On or near BOWSHAW VIEW,E01008084,Sheffield 070D,Unable to prosecute suspect
4f8c7650176dd22584ae2f71d91a5c2196c3d04d39cd4090d2282a732772b529,2021-03,South Yorkshire Police,South Yorkshire Police,-1.145848,53.525912,On or near Prison,E01007529,Doncaster 022A,Action to be taken by another organisation
1076338c05a469d02b6312da305c08eec1ae235dee01db81bf9a5fff492a2694,2021-03,South Yorkshire Police,South Yorkshire Police,-1.207337,53.363918,On or near SUNNINGDALE ROAD,E01007786,Rotherham 029D,Investigation complete; no suspect identified
31a30407b1143a0e81f3fcbde9b1f57974170cef9a1f140d9483b6149eb1663f,2021-03,South Yorkshire Police,South Yorkshire Police,-1.347077,53.438633,On or near HARDWICKE ROAD,E01007768,Rotherham 014D,Local resolution
5a717ebc660391d949e5d96273a1b833d4b371288c6511fab35b1876efe0479f,2021-03,South Yorkshire Police,South Yorkshire Police,-1.478863,53.584427,On or near LAXTON ROAD,E01007323,Barnsley 007A,Action to be taken by another organisation
c9247ee74c62fe020da151dd2c248bbb935b2e0170339b250da1e075ad7c795e,2021-03,South Yorkshire Police,South Yorkshire Police,-1.394488,53.443386,On or near BILLAM PLACE,E01007807,Rotherham 011E,Unable to prosecute suspect
a5ddec910fa23fec7bc3f9c684a0e57a4ef3b783cd1b9c793b14ee7152fb41a8,2021-03,South Yorkshire Police,South Yorkshire Police,-1.397567,53.522636,On or near NEW STREET,E01007449,Barnsley 023C,Investigation complete; no suspect identified
1d09c80a5abd1854d7cdf91cea247020ba8dcd16427dfa1516c389fefccd32b0,2021-03,South Yorkshire Police,South Yorkshire Police,-1.348006,53.344400,On or near VIOLET AVENUE,E01008034,Sheffield 056D,Investigation complete; no suspect identified
da027b94af226d9e7c0817ee62382ef9b4b48a9f2eabb2fd62e820ff8c018f18,2021-03,South Yorkshire Police,South Yorkshire Police,-1.370392,53.355208,On or near SKELTON CLOSE,E01007970,Sheffield 049D,Unable to prosecute suspect
aac4bd60c31e1f9f6b3a955f835acaeded0239181bf9da118490851622ea5591,2021-03,South Yorkshire Police,South Yorkshire Police,-1.482854,53.342346,On or near HOLMHIRST ROAD,E01007831,Sheffield 059C,Investigation complete; no suspect identified
5e15bd13be823f2bb1f5953b81d6f01dd625b38582f03aaf2ec9bc966fbc0771,2021-03,South Yorkshire Police,South Yorkshire Police,-1.144626,53.508699,On or near COOKSON STREET,E01007534,Doncaster 028D,Investigation complete; no suspect identified
b4da189cd1d78f50a31f42fc13b1dee38c8987ec2c9d9952644d6919ad4fe697,2021-03,South Yorkshire Police,South Yorkshire Police,-0.973170,53.546550,On or near VULCAN WAY,E01007557,Doncaster 008B,Action to be taken by another organisation
b3958a90810e2609dc99111cfce69d71fae2a5ba6e4e7c6f5cd58dd9ba4f7c63,2021-03,South Yorkshire Police,South Yorkshire Police,-1.144626,53.508699,On or near COOKSON STREET,E01007534,Doncaster 028D,Investigation complete; no suspect identified
4cc5d0d32556a2762c6281ad4d6e6c702c8185d2c5e30e2f44ea96b17c654011,2021-03,South Yorkshire Police,South Yorkshire Police,-1.049023,53.536489,On or near ST MARY'S DRIVE,E01007482,Doncaster 014D,Offender given a caution
98780ffeb10087b9d92e2efa36cc301a438f6ba68fcee5390541b7859695ccbb,2021-03,South Yorkshire Police,South Yorkshire Police,-1.469248,53.576619,On or near DARLEY AVENUE,E01007327,Barnsley 007E,Investigation complete; no suspect identified
44893bc8bd9f4522461fd72b4917d21bec371fd9a6dbea3391f593339c3dc4c7,2021-03,South Yorkshire Police,South Yorkshire Police,-1.428253,53.572592,On or near PONTEFRACT ROAD,E01007344,Barnsley 011A,Suspect charged
44893bc8bd9f4522461fd72b4917d21bec371fd9a6dbea3391f593339c3dc4c7,2021-03,South Yorkshire Police,South Yorkshire Police,-1.428253,53.572592,On or near PONTEFRACT ROAD,E01007344,Barnsley 011A,Suspect charged
a86866eb134f8a55992644a7dea0dbb82237bcf92d45ccb5bb12587c1a441d7c,2021-03,South Yorkshire Police,South Yorkshire Police,-1.179129,53.587349,On or near MARKHAM AVENUE,E01007473,Doncaster 005E,Unable to prosecute suspect
02848d1b06a2c1416434e7c7818a51774557555f23581320a311e01f9ca96f2d,2021-03,South Yorkshire Police,South Yorkshire Police,-1.396248,53.362739,On or near STRADBROKE PLACE,E01007967,Sheffield 045B,Suspect charged
dc2aa7b186e94edd2a64da81c7488bba80d6df1d3b17c7ade8648519570a5ae7,2021-03,South Yorkshire Police,South Yorkshire Police,-1.439902,53.376372,On or near SOUTHEND PLACE,E01007886,Sheffield 075F,Unable to prosecute suspect
9d473cddda4d6f2d7d5a319598684fe989740a7c579658db68e96814aef52280,2021-03,South Yorkshire Police,South Yorkshire Police,-1.071144,53.512969,On or near LEVET ROAD,E01007525,Doncaster 024B,Investigation complete; no suspect identified
10b260d949fb69fcdfc9c901dd55e45f268043e8c4067c7ffcee27a279d28970,2021-03,South Yorkshire Police,South Yorkshire Police,-1.428253,53.572592,On or near PONTEFRACT ROAD,E01007344,Barnsley 011A,Suspect charged
10b260d949fb69fcdfc9c901dd55e45f268043e8c4067c7ffcee27a279d28970,2021-03,South Yorkshire Police,South Yorkshire Police,-1.428253,53.572592,On or near PONTEFRACT ROAD,E01007344,Barnsley 011A,Suspect charged
70080fa412028203e387dcc67f3b09f5db8074ede3212f7d5e4ebd8897ee966f,2021-03,South Yorkshire Police,South Yorkshire Police,-1.138895,53.524397,On or near Bus/Coach Station,E01007529,Doncaster 022A,Investigation complete; no suspect identified
ffb5557a1f70b7a239d490befbe86e4c56b35eac35deff7a3c4b9372f4f421b6,2021-03,South Yorkshire Police,South Yorkshire Police,-1.539046,53.319718,On or near TOTLEY BROOK WAY,E01007923,Sheffield 068C,Unable to prosecute suspect
c4e45f6ba1a4bf2932f803b369b9f4f2a05229b9ae4ad86bbd1d203ffe9d0b70,2021-03,South Yorkshire Police,South Yorkshire Police,-1.079139,53.503853,On or near LIDGET CLOSE,E01007524,Doncaster 025C,Investigation complete; no suspect identified
7e0449e0ad18c7808f12ff6fa5ce6aff9531b02cdd728167d8022c6dd03e0e58,2021-03,South Yorkshire Police,South Yorkshire Police,-1.539046,53.319718,On or near TOTLEY BROOK WAY,E01007923,Sheffield 068C,Unable to prosecute suspect
afd383cddcdfaf7c7e263a1a35c807e5e07f1b414c29c9820a57581b5c84b767,2021-03,South Yorkshire Police,South Yorkshire Police,-1.452679,53.398652,On or near JAMAICA STREET,E01007874,Sheffield 022A,Further investigation is not in the public interest
0856f92a7ac899f4b8547cfc098855ac33d5ecd4b92cbe1a57bad12df23dd1a0,2021-03,South Yorkshire Police,South Yorkshire Police,-1.518954,53.324241,On or near FIVE TREES CLOSE,E01007918,Sheffield 071C,Offender given a caution
5d7a210e3bca13240518edcd97a3a83c8c564cdee1910faf95fab67d86668a7d,2021-03,South Yorkshire Police,South Yorkshire Police,-1.428503,53.393595,On or near BRITNALL STREET,E01033269,Sheffield 022G,Unable to prosecute suspect
5c37f01564871a6ee244a6036fda5b1666ff78e39dcc6e20c0cc8a8c77794141,2021-03,South Yorkshire Police,South Yorkshire Police,-1.460068,53.414982,On or near LONGLEY HALL RISE,E01007947,Sheffield 013C,Investigation complete; no suspect identified
c4de762c81a975311305ec6ae7624574e718b2ad7ca43adac89cbbcfe17f3fe6,2021-03,South Yorkshire Police,South Yorkshire Police,-1.428503,53.393595,On or near BRITNALL STREET,E01033269,Sheffield 022G,Unable to prosecute suspect
3d6f5a619e2e0c6e96b7fb0646e1061fa3aae42c64d398934fca1506c2c40be3,2021-03,South Yorkshire Police,South Yorkshire Police,-1.455408,53.457045,On or near COWLEY DRIVE,E01007891,Sheffield 004D,Offender given penalty notice
75b742b094d65af7156548d15100a43a41cd4549bdb3a35a15af3224cf84372d,2021-03,South Yorkshire Police,South Yorkshire Police,-1.108457,53.532192,On or near SUNNINGDALE ROAD,E01007565,Doncaster 018B,Investigation complete; no suspect identified
c4233dc64198185106495721e135ae2c38c3fd9b9556e7703c53e5ec6ac4b8e6,2021-03,South Yorkshire Police,South Yorkshire Police,-1.482477,53.383423,On or near BROOK DRIVE,E01008068,Sheffield 026B,Investigation complete; no suspect identified
4c91f9a046a6cf8cb8a34d7b5f7feaae9d1317884a9cef36d94cee2ecbb05d28,2021-03,South Yorkshire Police,South Yorkshire Police,-1.422173,53.386904,On or near RIBSTON PLACE,E01007883,Sheffield 027A,Investigation complete; no suspect identified
c3b932da2a9299e92776dbdf61331f040177da0c61aa35311c90cee8ab5c08a6,2021-03,South Yorkshire Police,South Yorkshire Police,-1.196680,53.416800,On or near VICTORIA STREET,E01007760,Rotherham 020D,Investigation complete; no suspect identified
929c20ec8d531ca4d415dd2c4551040646c6390b49c11baab4b675ceb68630b3,2021-03,South Yorkshire Police,South Yorkshire Police,-1.458638,53.413798,On or near LONGLEY HALL WAY,E01007947,Sheffield 013C,Investigation complete; no suspect identified
f0f1f66775dc0a43f28041c9bf9f9ca17d37244f5895020fc43144edcec26263,2021-03,South Yorkshire Police,South Yorkshire Police,-1.582290,53.479982,On or near MARSH STREET,E01008142,Sheffield 002A,Unable to prosecute suspect
5ebd0d8eab26160870cd8e77523e69c95af855f0102803996155e0a0fa956240,2021-03,South Yorkshire Police,South Yorkshire Police,-1.102473,53.529801,On or near SANDRINGHAM ROAD,E01007565,Doncaster 018B,Unable to prosecute suspect
1359d53f36bd7a1b8b4ae2ae02ec8b6ddf59986105451ddc58036c9816ded456,2021-03,South Yorkshire Police,South Yorkshire Police,-1.153570,53.619763,On or near SELBY ROAD,E01007489,Doncaster 002C,Investigation complete; no suspect identified
ca49faec47b3a078fc505909329926a11de90bc105a067415aae907389edad40,2021-03,South Yorkshire Police,South Yorkshire Police,-1.396965,53.521500,On or near HIGH STREET,E01007451,Barnsley 026A,Offender given a caution
cff27e3e88b44503f32ad29c79b93312c57d7e260688133170983eb07fa2c372,2021-03,South Yorkshire Police,South Yorkshire Police,-1.154848,53.529994,On or near Sports/Recreation Area,E01007584,Doncaster 021A,Unable to prosecute suspect
1285251f6b92f034eda333c858b22276395bd63e9a2d750895a204be0126b411,2021-03,South Yorkshire Police,South Yorkshire Police,-1.385396,53.567418,On or near PARK SPRING ROAD,E01007332,Barnsley 006C,Investigation complete; no suspect identified
c0b747bdb0a3901ccb36a428af63376b5e11708acd39d54c00c86146b65cbec3,2021-03,South Yorkshire Police,South Yorkshire Police,-1.482477,53.383423,On or near BROOK DRIVE,E01008068,Sheffield 026B,Investigation complete; no suspect identified
d705ad70381f15c7c3380380b706a938e2f94f239475e2faf33591b500b5df40,2021-03,South Yorkshire Police,South Yorkshire Police,-1.413908,53.546267,On or near HEATHCROFT CHASE,E01007321,Barnsley 015B,Investigation complete; no suspect identified
9ea41c706cffc55800c2d0be5706f3464b423f0e9eaeecca158cc30ab2c9cf32,2021-03,South Yorkshire Police,South Yorkshire Police,-1.421080,53.367689,On or near FAIRFAX DRIVE,E01008011,Sheffield 039A,Unable to prosecute suspect
06bd614e13efc9c78f6b0e4ea20483e62759a8e5c10ebba93a863249ca1d3e4f,2021-03,South Yorkshire Police,South Yorkshire Police,-1.447198,53.362033,On or near FRAMLINGHAM ROAD,E01008100,Sheffield 048B,Investigation complete; no suspect identified
81c151f3645068819a1fd7d3c59f6442ee37a7c0ce986565174cd80a8bed3b14,2021-03,South Yorkshire Police,South Yorkshire Police,-1.483949,53.551264,On or near NELSON STREET,E01007340,Barnsley 013B,Investigation complete; no suspect identified
e38c90dee214df440e382bf3f4addc4e8e0e75b1813f780e8a691c353b78a3be,2021-03,South Yorkshire Police,South Yorkshire Police,-1.244209,53.478800,On or near LABURNUM GROVE,E01007541,Doncaster 035E,Investigation complete; no suspect identified
6809ef9d2e7a4fe7ba5af9f7c02c5806dd534cc155fe63931c6e5475c560d6d1,2021-03,South Yorkshire Police,South Yorkshire Police,-1.438344,53.556397,On or near ROGER ROAD,E01007403,Barnsley 011C,Investigation complete; no suspect identified
2a38e149b96aef0451d4913f8ce49c010acec6ea7de2cdc58b39a02773fcf4ec,2021-03,South Yorkshire Police,South Yorkshire Police,-1.473067,53.322357,On or near CHESTERFIELD ROAD SOUTH,E01008082,Sheffield 070B,Local resolution
875391bd01b5758aff3146ec9f8ca54759ab0f83f601a4d18031083333f38c04,2021-03,South Yorkshire Police,South Yorkshire Police,-1.141715,53.510979,On or near QUEEN STREET,E01007534,Doncaster 028D,Unable to prosecute suspect
5c7c55bb256773594db24b44481a310aa1665da83c085e74281d8247a8c82ff2,2021-03,South Yorkshire Police,South Yorkshire Police,-1.483949,53.551264,On or near NELSON STREET,E01007340,Barnsley 013B,Unable to prosecute suspect
0cc4dd19bcd2b0c0121c7a016c8601986bc25520ac03792963c90e1e93c2f13d,2021-03,South Yorkshire Police,South Yorkshire Police,-1.343633,53.438399,On or near BETHEL ROAD,E01007768,Rotherham 014D,Investigation complete; no suspect identified
1bfc4d829757486a0c5a75087b2b099783b1326c3e673f436acab2ab1ce52145,2021-03,South Yorkshire Police,South Yorkshire Police,-1.314936,53.547233,On or near STOTFOLD DRIVE,E01007372,Barnsley 014A,Unable to prosecute suspect
10535d3e11e13de21011af173d608053bd60e905f8bb010109fb681c64b90ec8,2021-03,South Yorkshire Police,South Yorkshire Police,-1.407233,53.374588,On or near SHEFFIELD PARKWAY,E01007910,Sheffield 037A,Investigation complete; no suspect identified
8afae5e6101322d2a8cf4991b8e44d3812fd48d76eca5af71267d5ad2616011f,2021-03,South Yorkshire Police,South Yorkshire Police,-1.137808,53.515491,On or near ELSWORTH CLOSE,E01007532,Doncaster 023B,Investigation complete; no suspect identified
42dea8af9b774d3a3058ed495805a7fc4b252e4ecb9d42df3994ab9542a697fd,2021-03,South Yorkshire Police,South Yorkshire Police,-1.586076,53.479600,On or near BOCKING HILL,E01008144,Sheffield 001A,Investigation complete; no suspect identified
3e50fa294a42e4b72fabbb40e29c0cf11861d06566fa20469aa08a8466a33998,2021-03,South Yorkshire Police,South Yorkshire Police,-0.948816,53.610877,On or near LOCKWOOD CLOSE,E01007642,Doncaster 003G,Investigation complete; no suspect identified
d8a8d24349c0cb45f2be5d6136c4a8e2b8e4aa38da3ecef4ce3b2d5a4a580cd3,2021-03,South Yorkshire Police,South Yorkshire Police,-1.179849,53.582149,On or near QUEEN'S ROAD,E01007473,Doncaster 005E,Action to be taken by another organisation
a03aada35cc091e8ee3980741a85dbd44b8e273f2fc926e484655a3b53c5cf86,2021-03,South Yorkshire Police,South Yorkshire Police,-1.182952,53.583375,On or near MARTINDALE WALK,E01007474,Doncaster 005F,Unable to prosecute suspect
32df19a6e20e9230a0e87492151a656b27425f472e87cbaa77111242c7196456,2021-03,South Yorkshire Police,South Yorkshire Police,-1.172629,53.622386,On or near CHURCH FIELD ROAD,E01007487,Doncaster 002A,Further action is not in the public interest
2854326370989be4c1995937231f3c7bfd6c997ff1c0195d66d8a38eca7233ae,2021-03,South Yorkshire Police,South Yorkshire Police,-1.461100,53.415418,On or near LONGLEY LANE,E01007947,Sheffield 013C,Unable to prosecute suspect
1c5902ae575c8609504808501d073dd19386fd7e0d7ab8e7632502b161dc7001,2021-03,South Yorkshire Police,South Yorkshire Police,-1.145848,53.525912,On or near Prison,E01007529,Doncaster 022A,Action to be taken by another organisation
e3f3cee6f0ece77ab557f736bf22dcc0ae663f1577bef9fd52a5f830063920da,2021-03,South Yorkshire Police,South Yorkshire Police,-1.454931,53.597713,On or near NEW STREET,E01007434,Barnsley 001A,Investigation complete; no suspect identified
3ce25e8482fa739d51a2e8a8731aa967b595075e22cc32ba68a1dc8c109cfd72,2021-03,South Yorkshire Police,South Yorkshire Police,-1.336015,53.337943,On or near HARTLAND COURT,E01008036,Sheffield 063C,Investigation complete; no suspect identified
8d594fc5eeac5a7b4cc20ef64e7b9c756af2f6f255b297da2caca4831c174d8d,2021-03,South Yorkshire Police,South Yorkshire Police,-1.479580,53.418754,On or near Supermarket,E01008123,Sheffield 015E,Investigation complete; no suspect identified
43adfee1111fcb3a42a7dca29756861e09a0fd2bffadb57c78d7e015e901cb7e,2021-03,South Yorkshire Police,South Yorkshire Police,-1.258036,53.396981,On or near Supermarket,E01007815,Rotherham 026D,Investigation complete; no suspect identified
d87b07c3ff77532b75ae5f41838e3ae66d6f6a63ebf4eac7ca185f86204d6ca8,2021-03,South Yorkshire Police,South Yorkshire Police,-1.483248,53.546829,On or near NURSERY STREET,E01007340,Barnsley 013B,Investigation complete; no suspect identified
a37cea6e1d05fb2acab53fce7bfbc68cd2046188c436d5328723fda60eb4ef61,2021-03,South Yorkshire Police,South Yorkshire Police,-1.406748,53.365129,On or near SPINKHILL ROAD,E01008008,Sheffield 045D,Unable to prosecute suspect
f9546997321e6d229123e3d3661d0e454f957d4e6553155cb7b79bf7f0df9264,2021-03,South Yorkshire Police,South Yorkshire Police,-1.194464,53.481486,On or near DIXON ROAD,E01007549,Doncaster 034D,Unable to prosecute suspect
eb9a3c32c42fbcee1932b12fb6b0ba203a6bbed904c8ad418fccafb8abe14ba4,2021-03,South Yorkshire Police,South Yorkshire Police,-1.496930,53.407224,On or near PENISTONE ROAD,E01008093,Sheffield 017D,Unable to prosecute suspect
f0b27077bb7700ac00d38ef0fd46e8d12248347eb3ae04e9bdd0cd959a822910,2021-03,South Yorkshire Police,South Yorkshire Police,-1.102471,53.516300,On or near Supermarket,E01007526,Doncaster 025D,Investigation complete; no suspect identified
c587e436abbcdea12b68ab21564dc546973964b78fed8e4d9b389251f34b805a,2021-03,South Yorkshire Police,South Yorkshire Police,-1.442580,53.436106,On or near BUTTERTHWAITE CRESCENT,E01008055,Sheffield 007C,Unable to prosecute suspect
d3284c754529d3ba6b8a4dcdfdaf139bc3f85aae1bf976bf97af756d37c623ed,2021-03,South Yorkshire Police,South Yorkshire Police,-1.442580,53.436106,On or near BUTTERTHWAITE CRESCENT,E01008055,Sheffield 007C,Unable to prosecute suspect
0206aa368f1ce6cb6ddf52431b40485d6c50024fed8ce4d4ef4cdc77fa4185b8,2021-03,South Yorkshire Police,South Yorkshire Police,-1.442580,53.436106,On or near BUTTERTHWAITE CRESCENT,E01008055,Sheffield 007C,Unable to prosecute suspect
0d36fe77fdff521f5b63194f2241dfaf3fb637667bd6284bd84062b68d70e291,2021-03,South Yorkshire Police,South Yorkshire Police,-1.439377,53.555917,On or near HARWOOD TERRACE,E01007403,Barnsley 011C,Suspect charged
0d2bf1ef93aad6515ac54169fde08f152ba78bf568392a6411b759c5759da012,2021-03,South Yorkshire Police,South Yorkshire Police,-1.454016,53.414100,On or near CALDER WAY,E01007947,Sheffield 013C,Investigation complete; no suspect identified
13c66142cb4b51bc36e124e8331cf95b06eeaef8ed5e7682822392e4c295ced0,2021-03,South Yorkshire Police,South Yorkshire Police,-1.439377,53.555917,On or near HARWOOD TERRACE,E01007403,Barnsley 011C,Suspect charged
13c66142cb4b51bc36e124e8331cf95b06eeaef8ed5e7682822392e4c295ced0,2021-03,South Yorkshire Police,South Yorkshire Police,-1.439377,53.555917,On or near HARWOOD TERRACE,E01007403,Barnsley 011C,Suspect charged
4a1c5cefd17c8e26afd16d3fda34c55f24214a67d05bc55f1b50b90070ba00ec,2021-03,South Yorkshire Police,South Yorkshire Police,-1.056837,53.477486,On or near DUNSCROFT GROVE,E01007596,Doncaster 036C,Unable to prosecute suspect
ebc3f48325c3accc2ab1334199131b22049348fb39520806e28ac0b5e973c25e,2021-03,South Yorkshire Police,South Yorkshire Police,-1.439377,53.555917,On or near HARWOOD TERRACE,E01007403,Barnsley 011C,Suspect charged
55ca34c518f00de4f5b66ff3e0fa196573e8b006f5173d02beaa60813d15ee77,2021-03,South Yorkshire Police,South Yorkshire Police,,,No location,,,Unable to prosecute suspect
85f8f5dd8b7a70f08b1eb91f316a1bcb6cc8050de41cec4cf86926a48038ff99,2021-03,South Yorkshire Police,South Yorkshire Police,-1.129052,53.526978,On or near MONTAGUE STREET,E01007655,Doncaster 022F,Unable to prosecute suspect
f7a432c0c7e374aa8389b5b3baf39caf8a7b5d6d6ecb8a4af0f993e1d0254bef,2021-03,South Yorkshire Police,South Yorkshire Police,-1.160037,53.539945,On or near SCOTSMAN DRIVE,E01007512,Doncaster 012A,Unable to prosecute suspect
51e9087f435ef703352a50dbaf738ba82cb8c2ea42ebbab79944d287ba87ed6e,2021-03,South Yorkshire Police,South Yorkshire Police,-1.162565,53.550246,On or near CASTLE MEWS,E01007519,Doncaster 012E,Unable to prosecute suspect
cfe65251818cb99535acba2abe721a47f51a6999f0d12a34b5cb94c9ec50c147,2021-03,South Yorkshire Police,South Yorkshire Police,-1.438721,53.405616,On or near ADSETTS STREET,E01007877,Sheffield 022D,Local resolution
25098582152d123d6c619647e01fff4b92b92bd33a36681bb3b652ea7f4ec929,2021-03,South Yorkshire Police,South Yorkshire Police,-1.483391,53.359993,On or near WOODSTOCK ROAD,E01008051,Sheffield 050E,Investigation complete; no suspect identified
ba558fee1b6d89b5adcd4957c4b5114c0e4a48d08e89b04ea1f2580c08eece1a,2021-03,South Yorkshire Police,South Yorkshire Police,-1.472492,53.362921,On or near SARK ROAD,E01008108,Sheffield 042A,Investigation complete; no suspect identified
88eab4014ea0ae67cb359cc6dfa7955df4cd9a3ef102ef215cc725641c2ed860,2021-03,South Yorkshire Police,South Yorkshire Police,-1.369640,53.359339,On or near CHURCH LANE,E01007964,Sheffield 049A,Investigation complete; no suspect identified
a5301457d302f6c2efa01d039a5b29419a94500dc356d4bef81c442d5f827dd7,2021-03,South Yorkshire Police,South Yorkshire Police,-1.399101,53.414169,On or near HATHERLEY ROAD,E01007913,Sheffield 018C,Unable to prosecute suspect
a53c1b1ee7727bc9a468ff9de4cbc23a54156b70de6c50b87ae4f20567437144,2021-03,South Yorkshire Police,South Yorkshire Police,-1.102813,53.527988,On or near FAIRFAX ROAD,E01007568,Doncaster 018E,Investigation complete; no suspect identified
2466e911a8a72950c48fdcfda8c6fb8afb7546782cc36076fb9b6ac105313781,2021-03,South Yorkshire Police,South Yorkshire Police,-1.450030,53.395305,On or near FORNCETT STREET,E01033269,Sheffield 022G,Investigation complete; no suspect identified
a6dade4651afe6169f3fc66bced7d8148d2ed426adaa3fd84438327c3af999d2,2021-03,South Yorkshire Police,South Yorkshire Police,-1.472089,53.550996,On or near AVON STREET,E01007337,Barnsley 015D,Investigation complete; no suspect identified
251e03bd20c18bd4edc9e05941c3d5eab8b914458af17f78803c08736f6392cb,2021-03,South Yorkshire Police,South Yorkshire Police,-1.299092,53.447377,On or near WEST VALE GROVE,E01007719,Rotherham 010A,Investigation complete; no suspect identified
653a4c7c996eeec22188b2a6de4b3fa0422a82b40f6307a41c0ae2fff682b851,2021-03,South Yorkshire Police,South Yorkshire Police,-1.302212,53.448123,On or near ROYDS CLOSE CRESCENT,E01007719,Rotherham 010A,Unable to prosecute suspect
85c4154c3683a0d841464a8ac50f57d0ceb7d32737307fa6f7df3ef69dc0957d,2021-03,South Yorkshire Police,South Yorkshire Police,-1.374963,53.419699,On or near SHEFFIELD ROAD,E01007676,Rotherham 025A,Investigation complete; no suspect identified
096b10a2c2da3edf95f1eac2452ff303610f480f3338a3f338a3a902188cd1d9,2021-03,South Yorkshire Police,South Yorkshire Police,-1.494755,53.552586,On or near SPRINGFIELD STREET,E01007443,Barnsley 013F,Investigation complete; no suspect identified
22152e3feb1e257f207214754082fe48e32b58d32b70b6a7b60c6116c507d71c,2021-03,South Yorkshire Police,South Yorkshire Police,-1.130940,53.554110,On or near Sports/Recreation Area,E01007505,Doncaster 013A,Unable to prosecute suspect
bb3cd7fd92866cbc43a7f3764b900213c025777a94b6ff62112af5cc8bc290be,2021-03,South Yorkshire Police,South Yorkshire Police,-1.385372,53.505469,On or near PLOUGHMANS CROFT,E01007695,Rotherham 001C,Investigation complete; no suspect identified
50dbe6275540b1a1fd74bd6cbfc8fdb9ff120eef5cc7836d31faea475e15243d,2021-03,South Yorkshire Police,South Yorkshire Police,-1.471943,53.410936,On or near BUSK PARK,E01007943,Sheffield 019C,Local resolution
f1cb7df9c8c697aa624791fef300a7e97ca049d664f4504ca4e6e5fec875a5b3,2021-03,South Yorkshire Police,South Yorkshire Police,-1.201493,53.422495,On or near MILLINDALE,E01007763,Rotherham 020E,Investigation complete; no suspect identified
40ccf9fab39d240a8dc4286b987e70bfbedda508ad7bc0b21cb60935b75bb54d,2021-03,South Yorkshire Police,South Yorkshire Police,-1.489583,53.564707,On or near HALL BANK,E01032551,Barnsley 010H,Unable to prosecute suspect
a464f2a26eef3ed8ac04a198144c2f76a60fdfe177cab47a956428895f08c2f7,2021-03,South Yorkshire Police,South Yorkshire Police,-1.147627,53.554518,On or near ANSDELL ROAD,E01007509,Doncaster 010C,Action to be taken by another organisation
c1228da058b1e71bd7686999d5682ae285258c7dd28c75c4aa17474ef38c8364,2021-03,South Yorkshire Police,South Yorkshire Police,-1.113721,53.509822,On or near Sports/Recreation Area,E01007644,Doncaster 019A,Investigation complete; no suspect identified
15bfcb9b7d6487f37797aa4eea0b4dc0c8fde7ce4b2ab48a01f8bfc14a37117e,2021-03,South Yorkshire Police,South Yorkshire Police,-1.492086,53.369316,On or near ROSEDALE ROAD,E01007864,Sheffield 036D,Unable to prosecute suspect
56217d1683cc91268b613938940a1aaece7aeb6d2919394820e0eadcf263add9,2021-03,South Yorkshire Police,South Yorkshire Police,-1.350154,53.431288,On or near DONCASTER ROAD,E01007767,Rotherham 017C,Investigation complete; no suspect identified
2e44d2f91f92b06d259b65e0b6e7dcc7e29cce245bcf57a198a3ad8f8b78c574,2021-03,South Yorkshire Police,South Yorkshire Police,-1.378065,53.533934,On or near SOUTH VIEW,E01007352,Barnsley 020E,Unable to prosecute suspect
e775847257d88e0dea631400a68574c6e9ba8bdbaa4ab5a97f280853ade544a5,2021-03,South Yorkshire Police,South Yorkshire Police,-1.508977,53.385135,On or near COLCHESTER ROAD,E01007960,Sheffield 029B,Unable to prosecute suspect
ad65a39d1698961c424c30b3023f974bd8826b261f4fc56b3d699d6e04ba1e2c,2021-03,South Yorkshire Police,South Yorkshire Police,-1.179129,53.587349,On or near MARKHAM AVENUE,E01007473,Doncaster 005E,Investigation complete; no suspect identified
47bcc6544a7db0269f690e5500d7eb3eb0509d8d22c598aa1a375cf648b27876,2021-03,South Yorkshire Police,South Yorkshire Police,-1.093585,53.479667,On or near Pedestrian Subway,E01007593,Doncaster 037C,Investigation complete; no suspect identified
d9185d47aca2114531478dbbaaf356965a84123a576e7a928246ca7c52bb7fbb,2021-03,South Yorkshire Police,South Yorkshire Police,-1.482377,53.366829,On or near PRIORY AVENUE,E01008111,Sheffield 040D,Unable to prosecute suspect
64e737fc70e1e68a12e642a6231f36ea93c079614e6577afcd6fba2f52e6cfff,2021-03,South Yorkshire Police,South Yorkshire Police,-1.385396,53.567418,On or near PARK SPRING ROAD,E01007332,Barnsley 006C,Investigation complete; no suspect identified
58a89096820300aac6a635a456c7643ebcc0f3baafe348909f852b70e9ea99cd,2021-03,South Yorkshire Police,South Yorkshire Police,-1.504061,53.376018,On or near ASHGATE CLOSE,E01007867,Sheffield 030B,Unable to prosecute suspect
30f8c3d20ca274db3acde2840ffbe0e50685354167a5c651979b437948aee269,2021-03,South Yorkshire Police,South Yorkshire Police,-1.342620,53.451328,On or near LLOYD STREET,E01007784,Rotherham 008D,Investigation complete; no suspect identified
44b018b405f3aa715406b5993ccaea1b767dc7b52be39b33953e9579ff193b6c,2021-03,South Yorkshire Police,South Yorkshire Police,-1.502243,53.564042,On or near REDBROOK WALK,E01007381,Barnsley 012C,Investigation complete; no suspect identified
9d41b159a6a28763ae93a90f245a9913e18d076208037e3ba322ccad9a826ad3,2021-03,South Yorkshire Police,South Yorkshire Police,-1.467500,53.376427,On or near BROWN STREET,E01033264,Sheffield 073D,Investigation complete; no suspect identified
7338252f07ce63ab994c4ed9181fd7380a49c12c9037eee800dbdb8e39b5e33c,2021-03,South Yorkshire Police,South Yorkshire Police,-1.473017,53.355633,On or near MEERSBROOK PARK ROAD,E01007978,Sheffield 053A,Unable to prosecute suspect
d141ed6d9d1b7f4200dd51845909b9741447efc219c71821de85d6c0299e9c56,2021-03,South Yorkshire Police,South Yorkshire Police,-1.055320,53.537636,On or near POPLAR PLACE,E01007480,Doncaster 014B,Investigation complete; no suspect identified
3d41d5c7b3540168b78d2f53b42c0178d5a707735eaa46905c74e1a39c42ee5d,2021-03,South Yorkshire Police,South Yorkshire Police,-1.513741,53.527776,On or near Park/Open Space,E01007421,Barnsley 027A,Unable to prosecute suspect
659bdf072b3259e282a0980bf59ab9d3c1ed1b361ac8849a1d39760c9b72f8f6,2021-03,South Yorkshire Police,South Yorkshire Police,-1.178961,53.511798,On or near WILLOWDALE CLOSE,E01007619,Doncaster 021E,Unable to prosecute suspect
b1fb84633dc6fb7611b310f65a62431c08d622071b69570b5b6d5d06d2db657e,2021-03,South Yorkshire Police,South Yorkshire Police,-1.300174,53.550096,On or near LANCASTER STREET,E01007373,Barnsley 014B,Offender given a caution
1fe75d6741e333f8a4b404fbdee5c9c683fce3645a38563604b6594d23e86925,2021-03,South Yorkshire Police,South Yorkshire Police,-1.374107,53.512763,On or near WATH ROAD,E01007694,Rotherham 001B,Unable to prosecute suspect
7ea5bf3e0c7320b8331283e07f08baaaa3757b08a2e10ea1594950b837b8f338,2021-03,South Yorkshire Police,South Yorkshire Police,-1.478295,53.432824,On or near REMINGTON AVENUE,E01008117,Sheffield 009D,Investigation complete; no suspect identified
79a0a634fe0a7d7f2835dd32201ab038f41067090ae205806533fa0b330b84b5,2021-03,South Yorkshire Police,South Yorkshire Police,-1.160431,53.546734,On or near NEWSTEAD ROAD,E01007519,Doncaster 012E,Investigation complete; no suspect identified
6b7d51b556a46263aa9d77f0a13c03c1a995a8fa83d4a56708265a9ef7183f2b,2021-03,South Yorkshire Police,South Yorkshire Police,-1.181273,53.559238,On or near DONCASTER LANE,E01007504,Doncaster 009F,Investigation complete; no suspect identified
caf7c5d98d72b1fb03c236a5b5abe764fc3a9f03dac3c2e33eae29cab2ac24f3,2021-03,South Yorkshire Police,South Yorkshire Police,-1.499759,53.471180,On or near POTTER HILL LANE,E01007892,Sheffield 003B,Local resolution
def741b2ad544be223295576601032ea68642311bde4a2ab168d694b83b38ee9,2021-03,South Yorkshire Police,South Yorkshire Police,,,No location,,,Suspect charged
82075d7fcdaae7286b2096a14eb631cb294a104661eb42cd398d564d0a6f2cca,2021-03,South Yorkshire Police,South Yorkshire Police,-1.412943,53.530982,On or near Sports/Recreation Area,E01007450,Barnsley 023D,Investigation complete; no suspect identified
abe1cee4932bc72ce88d7e476c1da4a9e38f22aa43d35616f3601707b01b231c,2021-03,South Yorkshire Police,South Yorkshire Police,-1.468845,53.362491,On or near SPENCER ROAD,E01007975,Sheffield 051A,Offender given a caution
36c10f9555740124d869852b269e03c8ffaf421bd8ba7c47c33cfed30a302f8c,2021-03,South Yorkshire Police,South Yorkshire Police,-1.204298,53.364132,On or near BIRKDALE AVENUE,E01007785,Rotherham 029C,Investigation complete; no suspect identified
8b2c8f1de9b8dbc139b61a4c69cc3c8d02de6c0210b767036d66110c9abbee13,2021-03,South Yorkshire Police,South Yorkshire Police,-1.248018,53.393691,On or near THE CRESCENT,E01007810,Rotherham 026C,Investigation complete; no suspect identified
2fb6da4db06597ca8fb5810e3ed9c38c8f23b09376a846c610e41fc6eb8a63b9,2021-03,South Yorkshire Police,South Yorkshire Police,-1.478104,53.372150,On or near Petrol Station,E01033271,Sheffield 040E,Investigation complete; no suspect identified
e1d16effbf835cbd44d478f54a981f863e7645f06490e8e538d7655e8c318109,2021-03,South Yorkshire Police,South Yorkshire Police,-1.372267,53.360557,On or near VICAR LANE,E01007964,Sheffield 049A,Investigation complete; no suspect identified
4ef368f51bfbe17b4afa5eefdbc980f134c9616b3c2dc50c90f5b1bc4d2b4f51,2021-03,South Yorkshire Police,South Yorkshire Police,-1.446658,53.514972,On or near QUARRY ROAD,E01007395,Barnsley 030E,Unable to prosecute suspect
c8f36ad0226b0a5f54bfffdeac4250734ddb8bf3400c9a31be94e4fee3b6809d,2021-03,South Yorkshire Police,South Yorkshire Police,-1.440825,53.421877,On or near Sports/Recreation Area,E01007849,Sheffield 010A,Unable to prosecute suspect
fbc4f55d0ac9fcb5a4abe3b0cbc9fd571ce9314a0252b496394d1575e92289d8,2021-03,South Yorkshire Police,South Yorkshire Police,-1.466337,53.382893,On or near HIGH STREET,E01033264,Sheffield 073D,Unable to prosecute suspect
e386e83feeb0a2dabf4a66db652de4a48c61c03b648b8cc6987de16c84c42b79,2021-03,South Yorkshire Police,South Yorkshire Police,-1.064225,53.555288,On or near WORRAL COURT,E01007475,Doncaster 011A,Investigation complete; no suspect identified
e6b6c4b3ad2f52ef4127d8f302381e0cd684b288caf3e7fb6598e165271b2645,2021-03,South Yorkshire Police,South Yorkshire Police,-1.339960,53.345021,On or near NEWBOULD CRESCENT,E01008030,Sheffield 063A,Suspect charged
0668dd4f9c3bb8c9440157862ea72a8b944fb1b9d8b3d050806fb7fa69ef39ad,2021-03,South Yorkshire Police,South Yorkshire Police,-1.299203,53.534837,On or near DONCASTER ROAD,E01007369,Barnsley 022A,Investigation complete; no suspect identified
d89f9f72024c91c56669d9bd21c5eb931a14aca107abb3fd59b4159f4f449c70,2021-03,South Yorkshire Police,South Yorkshire Police,-1.466337,53.382893,On or near HIGH STREET,E01033264,Sheffield 073D,Investigation complete; no suspect identified
8939a4d3a68478ae69c04c87a85fb295e149063e8424ca65c29e5c99b9af9440,2021-03,South Yorkshire Police,South Yorkshire Police,-1.231215,53.488290,On or near MOAT HOUSE WAY,E01007536,Doncaster 032A,Investigation complete; no suspect identified
c23990510cfc21b7d644b164460409920c3ef4a442af29b9f01717dcd1e75732,2021-03,South Yorkshire Police,South Yorkshire Police,-1.485003,53.390831,On or near PHILADELPHIA DRIVE,E01008072,Sheffield 026C,Unable to prosecute suspect
6d98ffee98831a2ff258b57024e5259b88b2fe6ec46fe6a1b29a83b8d89b237b,2021-03,South Yorkshire Police,South Yorkshire Police,-1.363329,53.402694,On or near SUNNYBANK CRESCENT,E01007702,Rotherham 025B,Unable to prosecute suspect
b2ea7f6f1baa6da6b7e07c4a4f4840eadb3782f0083b0b5557e77626cbd96628,2021-03,South Yorkshire Police,South Yorkshire Police,-1.445514,53.372551,On or near ESSEX ROAD,E01007882,Sheffield 075D,Unable to prosecute suspect
0c9df90aeed4835d4e7e3d0d003b01d828794944d498b672de2a1a8be1db6d26,2021-03,South Yorkshire Police,South Yorkshire Police,-0.973170,53.546550,On or near VULCAN WAY,E01007557,Doncaster 008B,Action to be taken by another organisation
82a7353e1da3c3e6ba1a846c61d786c2f80d255801c8c635627276db6afbb687,2021-03,South Yorkshire Police,South Yorkshire Police,,,No location,,,Investigation complete; no suspect identified
adfcbdf02db5254674317777c87cc50ca65673da7df5cb89dabc97d42d8e2c38,2021-03,South Yorkshire Police,South Yorkshire Police,-1.449160,53.342726,On or near GAUNT DRIVE,E01008075,Sheffield 060B,Suspect charged
f520f301340ce3c4634fce2a689f0b54a9fc2fa3604892a85b8246601f799a1e,2021-03,South Yorkshire Police,South Yorkshire Police,-1.145848,53.525912,On or near Prison,E01007529,Doncaster 022A,Action to be taken by another organisation
a0e90ee7ff67748cd038f54d5ddf5a89ff5bce3799df701bbe7a6a05154e3b29,2021-03,South Yorkshire Police,South Yorkshire Police,-1.477235,53.379283,On or near Shopping Area,E01033267,Sheffield 074E,Investigation complete; no suspect identified
7b628df045e7119b28559ed77a817e7ae1a6f3c41eaf3fa6679b2345bd2b5ee8,2021-03,South Yorkshire Police,South Yorkshire Police,-1.433896,53.572978,On or near FAITH STREET,E01007344,Barnsley 011A,Unable to prosecute suspect
cf9a6bf02cc34795cd53ed6db674f1b99d0470a0335a7fd03604ca73a01cadb3,2021-03,South Yorkshire Police,South Yorkshire Police,-1.464413,53.382813,On or near FITZALAN SQUARE,E01033264,Sheffield 073D,Local resolution
53649ec12925e14c893f32c5f584dd962d4e46e709473c92b5dcbe2ef245b070,2021-03,South Yorkshire Police,South Yorkshire Police,-1.527356,53.546032,On or near HAWTHORNE CRESCENT,E01007382,Barnsley 019A,Further action is not in the public interest
7f14ad47b49ed9c5691f7acdcdaf41626819417c4725801180411e7e33c8596f,2021-03,South Yorkshire Police,South Yorkshire Police,-1.178961,53.511798,On or near WILLOWDALE CLOSE,E01007619,Doncaster 021E,Unable to prosecute suspect
1bc5cb6774f67616818b8819a51becfdbe406741c94fd18211cbd7b7cf67a290,2021-03,South Yorkshire Police,South Yorkshire Police,-1.437143,53.343964,On or near MORLAND ROAD,E01008007,Sheffield 060A,Further action is not in the public interest
98a249128aae8425f99763d18a88fe2805f9dbb6fff9149c4168db5f52d391bd,2021-03,South Yorkshire Police,South Yorkshire Police,-0.944840,53.635768,On or near OAKMOOR GROVE,E01007633,Doncaster 001B,Unable to prosecute suspect
8b6d6b5e8824b0223885f6e1301722f78a73328956372a8a5dfbd82facb0ac65,2021-03,South Yorkshire Police,South Yorkshire Police,-1.372165,53.449230,On or near ASHLEIGH GARDENS,E01007729,Rotherham 009B,Investigation complete; no suspect identified
532ede50faccab9f552640e0163ff286dc3c9e036fa09ed82d9184260097f97f,2021-03,South Yorkshire Police,South Yorkshire Police,-1.464693,53.360495,On or near BRADWELL STREET,E01007975,Sheffield 051A,Investigation complete; no suspect identified
4fd9ffadf9871de6b94b66ad76e525d3c61b18eae093145aacaab284d1787ea3,2021-03,South Yorkshire Police,South Yorkshire Police,-1.520853,53.414720,On or near DYKEWOOD DRIVE,E01033275,Sheffield 008F,Investigation complete; no suspect identified
ba24686189a7a216fb2b5e8be609c5b47ae6524458e0745ce68bebf9d5b6b58f,2021-03,South Yorkshire Police,South Yorkshire Police,-1.485251,53.428917,On or near WORDSWORTH CLOSE,E01008116,Sheffield 009C,Investigation complete; no suspect identified
23696809cd35909fd40c8b0df0dbf87f53d342c2cafcd7676e805f7e7b7164fa,2021-03,South Yorkshire Police,South Yorkshire Police,-1.482050,53.563363,On or near ROCKINGHAM STREET,E01007410,Barnsley 010E,Investigation complete; no suspect identified
ef708aa752eb5a927d8339dc5578627ede18a00e27a74353b90abb803a9a3149,2021-03,South Yorkshire Police,South Yorkshire Police,-1.159624,53.491448,On or near ARDEN GATE,E01007503,Doncaster 029F,Investigation complete; no suspect identified
c82fc8d28de64d956ea9bfae418cc1a84e4752519910bdfd723f07aa122e3086,2021-03,South Yorkshire Police,South Yorkshire Police,-1.277031,53.342769,On or near ASH GROVE,E01007747,Rotherham 031C,Unable to prosecute suspect
4a87790c02e8534d27ec0d24c30ee4d503f2164cbe823a2597bb6fa5040c77da,2021-03,South Yorkshire Police,South Yorkshire Police,-1.374895,53.538133,On or near Sports/Recreation Area,E01007348,Barnsley 020A,Investigation complete; no suspect identified
a0be6f11f80ef24c08b3821ce41bc279a52ae2d4fe00e5ae2a15c517fe39ba5e,2021-03,South Yorkshire Police,South Yorkshire Police,-1.471720,53.377911,On or near Pedestrian Subway,E01033265,Sheffield 074C,Local resolution
b712e7a287e92301c3606b9e8ab6d36cc3435ca98eb600c50e8a6cd39705c440,2021-03,South Yorkshire Police,South Yorkshire Police,-1.357242,53.431345,On or near Shopping Area,E01007714,Rotherham 017B,Investigation complete; no suspect identified
8baa8a73b70959138d3d93707790819debe955f2f2b2d7daf0a8bf9f492dd1a4,2021-03,South Yorkshire Police,South Yorkshire Police,-1.139502,53.557713,On or near AMY ROAD,E01007506,Doncaster 010A,Unable to prosecute suspect
329d92562633d4556438ad6ab5002adbbdcdd2fb13b1acf6e868d98732afa20d,2021-03,South Yorkshire Police,South Yorkshire Police,-1.466337,53.382893,On or near HIGH STREET,E01033264,Sheffield 073D,Local resolution
a1c4752bc3b9a535840d24fb0a19767cd8d14eb7aff8d9dbaa7a2a2e32961f19,2021-03,South Yorkshire Police,South Yorkshire Police,-1.459843,53.359008,On or near DERBY PLACE,E01007976,Sheffield 051B,Investigation complete; no suspect identified
ccb189b912d02a8f822c5ae4e4ac0eda9c7a4c4fb346951943a93644433db6ae,2021-03,South Yorkshire Police,South Yorkshire Police,-1.030994,53.511257,On or near KINGSTON CLOSE,E01007601,Doncaster 026C,Investigation complete; no suspect identified
822aaf54a867fbec675f93a4cb7db39ef9923691d6ef06b9b958291ff666ee26,2021-03,South Yorkshire Police,South Yorkshire Police,-1.095719,53.536654,On or near POPLAR DRIVE,E01007570,Doncaster 015A,Investigation complete; no suspect identified
70d641a0b662be3874ea31870b4847a1de4213db6ba3e6b3d009c0dda95c489c,2021-03,South Yorkshire Police,South Yorkshire Police,-1.512556,53.537712,On or near LOCKE ROAD,E01007385,Barnsley 019D,Investigation complete; no suspect identified
81e84ba3f0e8207179eb2a6d227a9d8d6dc520a8c30d3aeb81902ae51c6481f4,2021-03,South Yorkshire Police,South Yorkshire Police,-1.451339,53.383571,On or near ST JOHN'S ROAD,E01007885,Sheffield 075E,Investigation complete; no suspect identified
92756f6c05dcac2d1022121855b8a79dd6deebe72c54a70393d45c47bcd2e918,2021-03,South Yorkshire Police,South Yorkshire Police,-1.118600,53.515998,On or near THEOBALD AVENUE,E01007643,Doncaster 022D,Further action is not in the public interest
d41cf363a17a62818edc3c7422308959de41c35c40d93fce86c0f3d231dda5cd,2021-03,South Yorkshire Police,South Yorkshire Police,-1.522157,53.321126,On or near WEST VIEW LANE,E01007918,Sheffield 071C,Unable to prosecute suspect
10ad27b3fe641434bdec2b9d8912a1cdbd835da677c48b81806cafef26df05fd,2021-03,South Yorkshire Police,South Yorkshire Police,-1.118600,53.515998,On or near THEOBALD AVENUE,E01007643,Doncaster 022D,Further action is not in the public interest
3ab9d3440383fdf5fcb66ec9a3c031a1e4a956b5e19c876b4d5d914e99c5f563,2021-03,South Yorkshire Police,South Yorkshire Police,-1.183922,53.583229,On or near PARK AVENUE,E01007474,Doncaster 005F,Investigation complete; no suspect identified
bd7713c727044941dcfea9ecf31e9a48f74a190bbb64b951cb94ca3eb0bc7dbf,2021-03,South Yorkshire Police,South Yorkshire Police,-1.524859,53.542534,On or near TANNERY COURT,E01007382,Barnsley 019A,Investigation complete; no suspect identified
133079a8ffa75da65f4d0eedfa7240603947793842c96240ca65517c370f43db,2021-03,South Yorkshire Police,South Yorkshire Police,-1.459404,53.390188,On or near SPITAL HILL,E01033270,Sheffield 022H,Investigation complete; no suspect identified
306dc40d4794a48914e1d177837cca3554a0e5f38c323bb6b3efaac8bda22d46,2021-03,South Yorkshire Police,South Yorkshire Police,-1.466784,53.373547,On or near LENTON STREET,E01033273,Sheffield 042F,Investigation complete; no suspect identified
6dacf93c319c65660c2cad259891e9c190df09fa0a06083119bbba42d5d75e4d,2021-03,South Yorkshire Police,South Yorkshire Police,-1.419475,53.367511,On or near PRINCESS COURT,E01008011,Sheffield 039A,Investigation complete; no suspect identified
dbf1606e6a247063ca0a8b95b1c64a1794c25145357e4483e14b4e281c95cd57,2021-03,South Yorkshire Police,South Yorkshire Police,-1.145107,53.529035,On or near NORTH BRIDGE ROAD,E01007584,Doncaster 021A,Investigation complete; no suspect identified
a11d6f2be68aafefa3f139b208711b7ff00a27d22788747629b6bebb91afcdfc,2021-03,South Yorkshire Police,South Yorkshire Police,-1.184982,53.481691,On or near GRANBY ROAD,E01007548,Doncaster 034C,Investigation complete; no suspect identified
6841721841b5632bb0796957aaed069044212b17800a8355463057f3f4982330,2021-03,South Yorkshire Police,South Yorkshire Police,-1.417226,53.392453,On or near UTTLEY CROFT,E01007904,Sheffield 018B,Investigation complete; no suspect identified
1071caa42076b80b233c202f8441d857dc7deb790bb8d726db04eca904e0eead,2021-03,South Yorkshire Police,South Yorkshire Police,-1.480197,53.577844,On or near NEWLAND ROAD,E01007411,Barnsley 007F,Suspect charged
b910b9e91b84f356caec6592daa0e0ee46092690a95d1b67cd49ce6bf828d2c2,2021-03,South Yorkshire Police,South Yorkshire Police,-1.184982,53.481691,On or near GRANBY ROAD,E01007548,Doncaster 034C,Investigation complete; no suspect identified
175df9594cf5c857a458f22451b6c3e82a4b58ce6230806bba0263056b8516cb,2021-03,South Yorkshire Police,South Yorkshire Police,-1.354088,53.505385,On or near NORTON ROAD,E01007693,Rotherham 001A,Investigation complete; no suspect identified
722c377ac6261b60944de4a765e1aa981ae8e8a87c1ea5aa66894575e90f8a3c,2021-03,South Yorkshire Police,South Yorkshire Police,-1.361124,53.429451,On or near MAIN STREET,E01007714,Rotherham 017B,Further investigation is not in the public interest
fb4d76b2d3d80edf764f4e45c84ffdfd80602576708ed15935cd3e169d90127f,2021-03,South Yorkshire Police,South Yorkshire Police,-1.420822,53.432173,On or near THUNDERCLIFFE ROAD,E01007746,Rotherham 015F,Unable to prosecute suspect
81f17e5a36bb693bf296daf25bbe0985f023c1dc6b5406244b7dc0ca5547a151,2021-03,South Yorkshire Police,South Yorkshire Police,-1.536297,53.379374,On or near MOORBANK ROAD,E01007953,Sheffield 033B,Investigation complete; no suspect identified
3f77189d08fb7f51625f16ecb3d2287e2bd70b244f2dfcefa326237ce1211d34,2021-03,South Yorkshire Police,South Yorkshire Police,-1.050905,53.539390,On or near HAWKSLEY COURT,E01007482,Doncaster 014D,Unable to prosecute suspect
33c335783ca73f03df893c3c185464640181e5d6acaa52eda60341c5a1a16dd5,2021-03,South Yorkshire Police,South Yorkshire Police,-1.449160,53.342726,On or near GAUNT DRIVE,E01008075,Sheffield 060B,Investigation complete; no suspect identified
fcf2319cf179dc8fefadb15995c00b32c5e76cb194c63154d4d1970e63b4006b,2021-03,South Yorkshire Police,South Yorkshire Police,-1.459462,53.564701,On or near WORDSWORTH ROAD,E01007335,Barnsley 009B,Local resolution
3f64d47c9e4904cb83902d7a7e459c5840014a53d2e9b38f17ca407256fc6c2a,2021-03,South Yorkshire Police,South Yorkshire Police,-1.471617,53.547695,On or near GOLD STREET,E01007339,Barnsley 017B,Suspect charged
65420d0fc5de4ff3082138699b0c2e30b3a3d9295cc1abc94d43cbb1a7352e9e,2021-03,South Yorkshire Police,South Yorkshire Police,-1.266286,53.342281,On or near WESLEY ROAD,E01007747,Rotherham 031C,Unable to prosecute suspect
69582bdff339be9382f7d640cde0f37932506ab3e0409036ec1f3ea4b7bec6e3,2021-03,South Yorkshire Police,South Yorkshire Police,-1.385372,53.505469,On or near PLOUGHMANS CROFT,E01007695,Rotherham 001C,Investigation complete; no suspect identified
ad5f824e1411fac85bcf9ce8be84e31629e5d256183c74d00750924996611185,2021-03,South Yorkshire Police,South Yorkshire Police,-1.194472,53.423778,On or near WALTERS ROAD,E01007759,Rotherham 020C,Unable to prosecute suspect
7de7e38c8ce18237e8a9c3784a8f23d1a27bfe0ab4c3749f5dd18dc2088d888f,2021-03,South Yorkshire Police,South Yorkshire Police,-1.440957,53.431316,On or near Supermarket,E01008054,Sheffield 007B,Investigation complete; no suspect identified
10d835c4d49f33d8cb1ea7e4ccdd42182f1fb7cfd41a677f89dd28e8b6061087,2021-03,South Yorkshire Police,South Yorkshire Police,-1.121479,53.497098,On or near Park/Open Space,E01007495,Doncaster 028A,Investigation complete; no suspect identified
26eb1986a233c0dbc3ba51293a3a7e4d31ecd093b861cc2f4ff28ff1dcbafd25,2021-03,South Yorkshire Police,South Yorkshire Police,-1.403883,53.588454,On or near HAZLEDENE CRESCENT,E01007331,Barnsley 003B,Unable to prosecute suspect
5dd7fa7455d4ef4524828caeea60804816e92fd21897236dbb6c5d7bd334bf7f,2021-03,South Yorkshire Police,South Yorkshire Police,-1.249671,53.392057,On or near ARBOUR DRIVE,E01007810,Rotherham 026C,Investigation complete; no suspect identified
134730c59745dff35d2d635144fa50679ed0889727262bffda2c2de2cf0638d9,2021-03,South Yorkshire Police,South Yorkshire Police,-1.385041,53.501242,On or near HAIGH COURT,E01007695,Rotherham 001C,Investigation complete; no suspect identified
7f0f572c2251919967cba31cb741e3b546745433997df3d96f5b9cd35b7ecc7d,2021-03,South Yorkshire Police,South Yorkshire Police,-1.282939,53.315640,On or near Motorway Service Area,E01007751,Rotherham 033C,Investigation complete; no suspect identified
9a2daccb08817a5902f1cba32ac05760bbabc8bd924fb2556211358b158e2fe7,2021-03,South Yorkshire Police,South Yorkshire Police,-1.488054,53.394737,On or near WOOD STREET,E01008072,Sheffield 026C,Investigation complete; no suspect identified
ef39f33896899ce35b20e913c6f32e7d36db2de7111e95431664597b5d6da5f3,2021-03,South Yorkshire Police,South Yorkshire Police,-1.385372,53.505469,On or near PLOUGHMANS CROFT,E01007695,Rotherham 001C,Investigation complete; no suspect identified
b776ca571b5b4fce65f411f9e313e2b19b3c24489a9864b75a71c12bb158a483,2021-03,South Yorkshire Police,South Yorkshire Police,-1.426902,53.369479,On or near RAYNALD ROAD,E01008012,Sheffield 039B,Unable to prosecute suspect
791417c1ce5922e933650499260e3260ad46329fa85f02e71ef6645f4b010e26,2021-03,South Yorkshire Police,South Yorkshire Police,-1.252807,53.340921,On or near TRINITY ROAD,E01007748,Rotherham 033A,Suspect charged
e03dd8e67dcebe0b40e3b3dad15318a9af249b2e2e0150426eebb8c177786a86,2021-03,South Yorkshire Police,South Yorkshire Police,-1.079196,53.476833,On or near DUKE AVENUE,E01007592,Doncaster 037B,Unable to prosecute suspect
a87a14f822665cae38ca167d175005a254b4f086cec7063a5a41cb77dd67f986,2021-03,South Yorkshire Police,South Yorkshire Police,-1.368525,53.430731,On or near ALBERT STREET,E01007716,Rotherham 016B,Unable to prosecute suspect
318f530680aa46292ef032c1679e47c6ac2d0af55d6f3ab56ad8257a62a58cba,2021-03,South Yorkshire Police,South Yorkshire Police,-1.131941,53.519960,On or near Parking Area,E01007645,Doncaster 022E,Unable to prosecute suspect
cc4b4047b7de2b6cb46d061a168d0ad8fd7f604679141b10378d79942eed6965,2021-03,South Yorkshire Police,South Yorkshire Police,-1.366169,53.358314,On or near BEIGHTON ROAD,E01007969,Sheffield 044B,Suspect charged
ed4651755a2fef511e3ad1dcb907c016edb66929644e8be6a1134d4815292f41,2021-03,South Yorkshire Police,South Yorkshire Police,-1.366169,53.358314,On or near BEIGHTON ROAD,E01007969,Sheffield 044B,Suspect charged
36a71579559093e6764e1e2265aee196732e53917d42a738cdeb301acdec79e5,2021-03,South Yorkshire Police,South Yorkshire Police,-1.101458,53.542791,On or near Shopping Area,E01007652,Doncaster 015D,Unable to prosecute suspect
9900a505bef650d66a08c028ba8bcfa6d869284e488f7478abdb98b7d38b4f8c,2021-03,South Yorkshire Police,South Yorkshire Police,-1.472667,53.373079,On or near Pedestrian Subway,E01033274,Sheffield 042G,Unable to prosecute suspect
236ddaa9f686fb3f01ed02c653a4cd91a5562dc4a83eb8ee617f21ac4bbbd42b,2021-03,South Yorkshire Police,South Yorkshire Police,-1.472553,53.413941,On or near RAISEN HALL PLACE,E01007945,Sheffield 015B,Offender given a caution
4cab4196eb5ab4c26e5ae9c65b51c9da7d9597389c69ba69cbb80d724e8af4d7,2021-03,South Yorkshire Police,South Yorkshire Police,-1.162988,53.504308,On or near ANELAY ROAD,E01007496,Doncaster 029A,Unable to prosecute suspect
ae1c3cc3b5198a99e26130365c0637a77cc8e89ac0b66995ad3a802dc0573521,2021-03,South Yorkshire Police,South Yorkshire Police,-1.382935,53.451030,On or near DERWENT ROAD,E01007730,Rotherham 009C,Suspect charged
4d1e23d907095ea2f22df3221de5a99bee2c53d61224167faeef82835067a77d,2021-03,South Yorkshire Police,South Yorkshire Police,-1.382935,53.451030,On or near DERWENT ROAD,E01007730,Rotherham 009C,Suspect charged
9bacbdf2cbaf8fb37bd5f71477aaa703270a291b69f1ef3b54f59950268457e4,2021-03,South Yorkshire Police,South Yorkshire Police,-1.440002,53.381353,On or near WYBOURN HOUSE ROAD,E01007886,Sheffield 075F,Investigation complete; no suspect identified
62718ce7c3b61e362eb97e6cedefc4cb5a5b99070a06a19e89d6c23457a933d2,2021-03,South Yorkshire Police,South Yorkshire Police,-1.410684,53.400079,On or near RANSKILL COURT,E01007904,Sheffield 018B,Unable to prosecute suspect
6ec1ce82a5dd5b7529652c815afda56c794a773c047d8fbb2634fb3628f7ba9a,2021-03,South Yorkshire Police,South Yorkshire Police,-1.121479,53.497098,On or near Park/Open Space,E01007495,Doncaster 028A,Unable to prosecute suspect
194d6be502dadd0ea77074379f03f8b2ad4e67e3c091419779b20a0244075458,2021-03,South Yorkshire Police,South Yorkshire Police,-1.449855,53.504533,On or near MOUNT CRESCENT,E01007395,Barnsley 030E,Investigation complete; no suspect identified
cfb0f9b5edb02900d12c3d6dae17e6ee25fc7abc2e68987180d18894068bef25,2021-03,South Yorkshire Police,South Yorkshire Police,-1.516240,53.370405,On or near RIVERDALE DRIVE,E01007862,Sheffield 038C,Suspect charged
cfb0f9b5edb02900d12c3d6dae17e6ee25fc7abc2e68987180d18894068bef25,2021-03,South Yorkshire Police,South Yorkshire Police,-1.516240,53.370405,On or near RIVERDALE DRIVE,E01007862,Sheffield 038C,Suspect charged
cfb0f9b5edb02900d12c3d6dae17e6ee25fc7abc2e68987180d18894068bef25,2021-03,South Yorkshire Police,South Yorkshire Police,-1.516240,53.370405,On or near RIVERDALE DRIVE,E01007862,Sheffield 038C,Suspect charged
86d884393d8fe6b514514311a3a63eb8a21ecf6aed34f7c0e42c676baea92f17,2021-03,South Yorkshire Police,South Yorkshire Police,-1.135114,53.518186,On or near MILTON WALK,E01007532,Doncaster 023B,Investigation complete; no suspect identified
056de77b6125b8ffe63cdc4059cd8232e372c711f3d689a7165f425dafe9e4f3,2021-03,South Yorkshire Police,South Yorkshire Police,-1.470863,53.416801,On or near SOUTHEY DRIVE,E01007945,Sheffield 015B,Unable to prosecute suspect
e911f15ce66b997fb2fa9faca01af008abcc2d790bfcb5b8e383a105a1db72cd,2021-03,South Yorkshire Police,South Yorkshire Police,-1.195202,53.564303,On or near Supermarket,E01007467,Doncaster 009D,Investigation complete; no suspect identified
e9b88e78a1f0c920fc25573744bedd73864a2c95b17ce20f4712c29927444b53,2021-03,South Yorkshire Police,South Yorkshire Police,-1.444847,53.350966,On or near SPOTSWOOD CLOSE,E01007979,Sheffield 051D,Unable to prosecute suspect
c42491c72338f614b20276ff9b4da802d3d7d7b842869f8e098d185b16dc9880,2021-03,South Yorkshire Police,South Yorkshire Police,-1.459632,53.363870,On or near WARBURTON GARDENS,E01008096,Sheffield 043B,Suspect charged
296e86eda23df44ab15159379b1b5cb8a1d987ef5551be19e65a4a71fe86b6a0,2021-03,South Yorkshire Police,South Yorkshire Police,-1.124303,53.527590,On or near QUEEN'S ROAD,E01007648,Doncaster 019D,Unable to prosecute suspect
db7ad0644afea991cd1db988c4abe8da602bcc8cb05e1c1e965e492d0da9a84a,2021-03,South Yorkshire Police,South Yorkshire Police,-1.143778,53.531318,On or near HUNT LANE,E01007517,Doncaster 013D,Unable to prosecute suspect
1ddf6ee39e95712336bf59ea7dc7239433a2250444c65fe932955d7b09ad42d9,2021-03,South Yorkshire Police,South Yorkshire Police,-1.464413,53.382813,On or near FITZALAN SQUARE,E01033264,Sheffield 073D,Suspect charged
85af57a9cf44173723abcd15f362f6911ea57119629104912e9f9d23a2da637b,2021-03,South Yorkshire Police,South Yorkshire Police,-1.152203,53.514353,On or near LANGER STREET,E01007531,Doncaster 022C,Unable to prosecute suspect
a404142af8cd7247a82e749073161525e53dd4277356d5d84e2406cef6aa2a29,2021-03,South Yorkshire Police,South Yorkshire Police,-1.451193,53.358636,On or near DARESBURY ROAD,E01008101,Sheffield 043D,Offender given a caution
9f2d0288bc2b080a6e4077b2da7327f60fc6df01869d70df8e904c174b705ea4,2021-03,South Yorkshire Police,South Yorkshire Police,-1.466553,53.384836,On or near SNIG HILL,E01033264,Sheffield 073D,Investigation complete; no suspect identified
3a6602ef8a506231d9a616d42478df6e944c8ffcff9e293a82ce78c6df1e75bd,2021-03,South Yorkshire Police,South Yorkshire Police,-0.965688,53.609505,On or near Park/Open Space,E01007639,Doncaster 003D,Suspect charged
8489bc781eec06b15d5a481b522124e615af1721829ff6066f90851d073e1226,2021-03,South Yorkshire Police,South Yorkshire Police,-1.415815,53.366954,On or near CASTLEDALE CROFT,E01008011,Sheffield 039A,Suspect charged
14248615945c58c60578702a00e679394f23c3a02da311d7386adcd551243190,2021-03,South Yorkshire Police,South Yorkshire Police,-1.146810,53.497569,On or near Hospital,E01007502,Doncaster 028C,Suspect charged
3aebfd2884c64b6efdab833ced38438966dbd351bad2220e4837435eb696b5bc,2021-03,South Yorkshire Police,South Yorkshire Police,-1.313667,53.359498,On or near ELIZABETH ROAD,E01007673,Rotherham 030F,Suspect charged
7fbceb1304b03b9eb90e6f678ca2d54cc5c68f7fe6ece4df3609c4a72397ba47,2021-03,South Yorkshire Police,South Yorkshire Police,-1.207546,53.377744,On or near HUNTERS GARDENS,E01007788,Rotherham 028B,Unable to prosecute suspect
a4ecda1f4c1bfb286f9b921bf5f2a6013af068dcb2f0bcceb809e1b48fd2c8c8,2021-03,South Yorkshire Police,South Yorkshire Police,-1.152633,53.506437,On or near MOUNT PLEASANT,E01007494,Doncaster 023A,Unable to prosecute suspect
f2d14a8e9866abb01c21eff8fed53249c831f17df156d0682ddc490253d21496,2021-03,South Yorkshire Police,South Yorkshire Police,-1.419186,53.464920,On or near SCHOLES LANE,E01007696,Rotherham 007A,Suspect charged
a41ab62b64b393f1bebf450368497d819533ec45622d0ca9f341533268c4a6ba,2021-03,South Yorkshire Police,South Yorkshire Police,-1.226932,53.480145,On or near DONCASTER ROAD,E01007536,Doncaster 032A,Suspect charged
33e5bf6b521b555684a52b2ec7a78df7202dde1ef1be541a1a0780421bf5be99,2021-03,South Yorkshire Police,South Yorkshire Police,-1.274543,53.499877,On or near DERWENT DRIVE,E01007575,Doncaster 030A,Unable to prosecute suspect
be401ff3375035d2121b8a88f57ca7c44cc780112639f78060bc698017970966,2021-03,South Yorkshire Police,South Yorkshire Police,-1.467077,53.370528,On or near EDMUND ROAD,E01033273,Sheffield 042F,Unable to prosecute suspect
845c09fd84d4196d88cb0c2a4a38f2e5b8b55df3aacd3ddd321027703236f7fb,2021-03,South Yorkshire Police,South Yorkshire Police,-1.389096,53.372096,On or near Petrol Station,E01007912,Sheffield 037B,Suspect charged
a310189af97efcb25aea0524ba00415f2094986738201a2559d3e7d344cc079d,2021-03,South Yorkshire Police,South Yorkshire Police,-1.439519,53.378060,On or near MALTRAVERS TERRACE,E01007886,Sheffield 075F,Unable to prosecute suspect
c2edcf5b8895320baba0cd9af73bf2c61ed7b843f6704649d36314c457ea2dbc,2021-03,South Yorkshire Police,South Yorkshire Police,-1.439519,53.378060,On or near MALTRAVERS TERRACE,E01007886,Sheffield 075F,Suspect charged
5df556a00a97db1e217f1533a277e2fe299165ed0b4a3cc0efe03c4e812256f0,2021-03,South Yorkshire Police,South Yorkshire Police,-1.439519,53.378060,On or near MALTRAVERS TERRACE,E01007886,Sheffield 075F,Unable to prosecute suspect
6c79c50d9e239f4ec12757aefd0c1f7fa1c428e38b8dbbeb7fd97aa35a1514a1,2021-03,South Yorkshire Police,South Yorkshire Police,-1.444122,53.410217,On or near WILLOUGHBY STREET,E01007944,Sheffield 022F,Unable to prosecute suspect
9db8584960cbf3173030937e74ab3c70c43bfe4d69307060720843b1544b3db3,2021-03,South Yorkshire Police,South Yorkshire Police,-1.188087,53.487187,On or near VICTORIA ROAD,E01007545,Doncaster 034A,Suspect charged
9db8584960cbf3173030937e74ab3c70c43bfe4d69307060720843b1544b3db3,2021-03,South Yorkshire Police,South Yorkshire Police,-1.188087,53.487187,On or near VICTORIA ROAD,E01007545,Doncaster 034A,Suspect charged
6af38c978cfe00d71042f1fdf5b0d0d5dde095c33553951a2212c6cb9c0fcd59,2021-03,South Yorkshire Police,South Yorkshire Police,-1.410948,53.586700,On or near PRINCESS STREET,E01007342,Barnsley 003C,Unable to prosecute suspect
8853d76997c3a4a2f92fa95d6f0699a74f796a2100ec82d7094d9ef553bed5e8,2021-03,South Yorkshire Police,South Yorkshire Police,-1.410948,53.586700,On or near PRINCESS STREET,E01007342,Barnsley 003C,Unable to prosecute suspect
10424be7b680c72326349d28532ce7ccf0d84d7415aaad0d70df0ee9332d5423,2021-03,South Yorkshire Police,South Yorkshire Police,-1.454330,53.369554,On or near BEECHES HOLLOW,E01008095,Sheffield 043A,Unable to prosecute suspect
c7b36ab4343ee337d195f0e7d8873dc4cb91a3b3595d65c4afb9962e9687b99a,2021-03,South Yorkshire Police,South Yorkshire Police,-1.515663,53.327194,On or near LADIES SPRING GROVE,E01007920,Sheffield 068A,Investigation complete; no suspect identified
b8a0a44c69d17a03cdb2c1fb36eb3188f602f44f5225117ced18495771f20d5b,2021-03,South Yorkshire Police,South Yorkshire Police,-1.475691,53.321371,On or near LOWEDGES PLACE,E01008083,Sheffield 070C,Unable to prosecute suspect
45b7a88418473322e97015030b27417252c3b99fe2c7731f26a00e9093689903,2021-03,South Yorkshire Police,South Yorkshire Police,-1.148143,53.628021,On or near NORTON COMMON ROAD,E01007489,Doncaster 002C,Unable to prosecute suspect
06910b58fbd1709380b8220f70f6949405dafee46f7428f2626e927a4ba87ec4,2021-03,South Yorkshire Police,South Yorkshire Police,-1.356019,53.509269,On or near MANVERS WAY,E01007693,Rotherham 001A,Unable to prosecute suspect
957f0b881f6fbbfc69c466473f3e29f1dbdfed0770c71a560d6b74e1eb9100ea,2021-03,South Yorkshire Police,South Yorkshire Police,-1.443782,53.353200,On or near LEIGHTON VIEW,E01007979,Sheffield 051D,Investigation complete; no suspect identified
f434b11eb2fd63c3805cb7fb9a04e088c3fc5911d9b8710cd7811155937bd66e,2021-03,South Yorkshire Police,South Yorkshire Police,-1.426063,53.360379,On or near PIT LANE,E01008013,Sheffield 039C,Suspect charged
4d09127552dcf3847f01cfdab28aef9d405c25c0489cf06bbeb5f185cf22ef03,2021-03,South Yorkshire Police,South Yorkshire Police,-1.516240,53.370405,On or near RIVERDALE DRIVE,E01007862,Sheffield 038C,Investigation complete; no suspect identified
816f6ef29e6e0fd9f6e22edd88b202ac074a58f958b6fab7ee2ad628a27142b6,2021-03,South Yorkshire Police,South Yorkshire Police,-1.192041,53.422593,On or near NELSON ROAD,E01007763,Rotherham 020E,Unable to prosecute suspect
f59d412d828aeebbbbb940cec30729fd84ea0fe7d3100f92b06a732466772981,2021-03,South Yorkshire Police,South Yorkshire Police,-1.463438,53.547569,On or near PORTLAND STREET,E01007339,Barnsley 017B,Suspect charged
7631d760731380629d7f2610a4b8d7acd644b59a374b651169f60eeb814841ad,2021-03,South Yorkshire Police,South Yorkshire Police,-1.492814,53.319377,On or near BOLAND ROAD,E01007917,Sheffield 071B,Investigation complete; no suspect identified
5eea8a24975c8bed12914fbb5a5fc6674f0be88ad0b380dbb851e61b5c2ca56c,2021-03,South Yorkshire Police,South Yorkshire Police,-1.194488,53.562941,On or near Supermarket,E01007467,Doncaster 009D,Unable to prosecute suspect
b902463420bf81f9f50eb36143c967e5cda0d17647fccd2652a48fab798238ed,2021-03,South Yorkshire Police,South Yorkshire Police,-1.428253,53.572592,On or near PONTEFRACT ROAD,E01007344,Barnsley 011A,Suspect charged
795e7e9655503fa206dad9e7661f7dfb5e72b4596036a1192291c401366fbbef,2021-03,South Yorkshire Police,South Yorkshire Police,-1.437905,53.558732,On or near Supermarket,E01007405,Barnsley 011D,Suspect charged
856903e71ad22312f31baa21a169ea4fa138ee54d5d74af4284dfc79bc29f6ae,2021-03,South Yorkshire Police,South Yorkshire Police,-1.449233,53.430285,On or near RENATHORPE ROAD,E01008059,Sheffield 010C,Unable to prosecute suspect
eeceacb920adc40d712ef6d985bfaeb4e4fc97afdab5c39f412719213eb0e372,2021-03,South Yorkshire Police,South Yorkshire Police,-1.186232,53.555748,On or near COPPICE ROAD,E01007507,Doncaster 009G,Suspect charged
eff71e76bfc2d760321259a9cdfa86a71aa9fa10cc3f9fdd0b1a619996a880c1,2021-03,South Yorkshire Police,South Yorkshire Police,-1.064756,53.540110,On or near MARKHAM AVENUE,E01033260,Doncaster 014F,Unable to prosecute suspect
2122b2c7cb3bc814db5beb7560b55f20e432fab68e92a7af89a9f31ffcbdb697,2021-03,South Yorkshire Police,South Yorkshire Police,-1.436383,53.362819,On or near ALGAR CRESCENT,E01008098,Sheffield 048A,Suspect charged
72f5e044ddd1a76e21d025d672582f4e889527159eaf8cf20349e633439e3cfa,2021-03,South Yorkshire Police,South Yorkshire Police,-1.473976,53.421785,On or near COLLINSON ROAD,E01008123,Sheffield 015E,Investigation complete; no suspect identified
5e21430a47897fc758df24b30d9e2e264fe69be7684ebd5b61585495eabdaa92,2021-03,South Yorkshire Police,South Yorkshire Police,-1.502577,53.404056,On or near Supermarket,E01008093,Sheffield 017D,Unable to prosecute suspect
bcf25cdad52726aaac8e0bf08044db6f3828e77e8d739f2bdfe37b34e71f1452,2021-03,South Yorkshire Police,South Yorkshire Police,-1.488946,53.413194,On or near SCRAITH WOOD DRIVE,E01008092,Sheffield 012D,Investigation complete; no suspect identified
66a2e5da6aaef04f9798ed21f74c5b78d694573cdc27c42bc6eb092f15cfb8a5,2021-03,South Yorkshire Police,South Yorkshire Police,-1.410664,53.363441,On or near FISHPONDS ROAD WEST,E01008009,Sheffield 045E,Suspect charged
ee3bb8dea23838f487303e6ec86e0dcf6a0e8f99d3a3d03cbf603125c72e0ddb,2021-03,South Yorkshire Police,South Yorkshire Police,-1.311713,53.544033,On or near SHEPHERD LANE,E01007375,Barnsley 014D,Investigation complete; no suspect identified
049e20b23f4b4c20a0d4b076b9b2adbc06120ca2c9f92eabd4d492fc837c70af,2021-03,South Yorkshire Police,South Yorkshire Police,-1.472419,53.532904,On or near SHIELD AVENUE,E01007463,Barnsley 021F,Suspect charged
0f3f828b568dcb77777b29e16fbfb6592d6eb3aebe0f47a4d8ad33db6e00f171,2021-03,South Yorkshire Police,South Yorkshire Police,-1.472136,53.535069,On or near FLAX LEA,E01007460,Barnsley 021C,Suspect charged
f694a498de402d293113345c268f1d332da4256c89146ec72c6e765cdf613319,2021-03,South Yorkshire Police,South Yorkshire Police,-1.446320,53.503906,On or near EDWARD STREET,E01007395,Barnsley 030E,Unable to prosecute suspect
86bb5894a50d8ff6bc01bb3d200179a06ae3c8d463640aacf63f5c4c9097e4fa,2021-03,South Yorkshire Police,South Yorkshire Police,-1.410684,53.400079,On or near RANSKILL COURT,E01007904,Sheffield 018B,Suspect charged
dec2e3e3698426b77738288da1e38483245768343173e239732481a1b63ae2be,2021-03,South Yorkshire Police,South Yorkshire Police,,,No location,,,Offender given a drugs possession warning
63237f4a9837bfe34462fbdb6cdf07d1e4cb3b1096d1a2175be72a0fb924d718,2021-03,South Yorkshire Police,South Yorkshire Police,-1.490462,53.553143,On or near STANLEY STREET,E01007443,Barnsley 013F,Unable to prosecute suspect
d909c49eb97faf83a431d7ad6f069ffc5fd4b14fc57a5ea68bba513f9fd5b6f8,2021-03,South Yorkshire Police,South Yorkshire Police,-1.339700,53.463896,On or near HARDIE PLACE,E01007775,Rotherham 008A,Unable to prosecute suspect
0360194e945c139461cbe1fab23545a79e4748d520850fda73eedae56c4e0e75,2021-03,South Yorkshire Police,South Yorkshire Police,-1.509934,53.361984,On or near MURRAY ROAD,E01007936,Sheffield 047D,Investigation complete; no suspect identified
fa372f1908144218ae2eb690e5a4ebff91e2cd5ed46284ddc9eed903b72874dd,2021-03,South Yorkshire Police,South Yorkshire Police,-1.164956,53.502380,On or near ROCKLIFFE AVENUE,E01007497,Doncaster 029B,Unable to prosecute suspect
48931f185e2ec49f2aa66b3457e4d01b4357fafcf2ed7be48eef77aa8ffd4dff,2021-03,South Yorkshire Police,South Yorkshire Police,-1.226195,53.346585,On or near PEMBROKE RISE,E01007663,Rotherham 032E,Investigation complete; no suspect identified
614ff9617f47a72d94f0e477de7d5c040b80a04fb867a25236ba460a1fb4b541,2021-03,South Yorkshire Police,South Yorkshire Police,-0.949412,53.628878,On or near DUNELM CRESCENT,E01007634,Doncaster 001C,Unable to prosecute suspect
194dbcb2e9ec4a5faf5cbf346e9b785ca8ef9ffdbe64ee766658ac98b4bb3748,2021-03,South Yorkshire Police,South Yorkshire Police,-1.318892,53.420993,On or near PEARSON'S CLOSE,E01007710,Rotherham 021C,Investigation complete; no suspect identified
823486e4f656696ff16f459eb93bb36811eede110f4d9da5cf9b354f68ec1a35,2021-03,South Yorkshire Police,South Yorkshire Police,-1.501482,53.371657,On or near BETJEMAN GARDENS,E01007863,Sheffield 036C,Unable to prosecute suspect
a56e0d065254fc062ba2b9562e072d7faa6c65258b15350be31c1e7cc117c2a4,2021-03,South Yorkshire Police,South Yorkshire Police,-1.504079,53.412000,On or near Supermarket,E01008089,Sheffield 017B,Investigation complete; no suspect identified
efaa00be2dbd95c019f8d1ded18a8d496734174d3ae03e1e410d840a44cc564e,2021-03,South Yorkshire Police,South Yorkshire Police,-1.469297,53.437414,On or near MONTENEY ROAD,E01008058,Sheffield 006C,Investigation complete; no suspect identified
f2abe242c3e9db8b37312ada6db31e9b8bda0b6d481218fadc8a902fb9596eb5,2021-03,South Yorkshire Police,South Yorkshire Police,-1.147218,53.544825,On or near HIGH STREET,E01007510,Doncaster 010D,Investigation complete; no suspect identified
0035d46c36fc82bd14490c7bbdbdef387c6142a93908873e469a61e8214750b5,2021-03,South Yorkshire Police,South Yorkshire Police,-1.268251,53.494958,On or near NEW STREET,E01007579,Doncaster 030C,Unable to prosecute suspect
eed70442021b6ec8ea307b0f39b8499c2822726db28673abe4723fc073631e06,2021-03,South Yorkshire Police,South Yorkshire Police,-1.493802,53.386797,On or near ROEBUCK ROAD,E01008073,Sheffield 030E,Investigation complete; no suspect identified
da395d21d70b302215585ebbc91e2bc000322816489b656b0eefc0fdf67a21b1,2021-03,South Yorkshire Police,South Yorkshire Police,,,No location,,,Unable to prosecute suspect
da395d21d70b302215585ebbc91e2bc000322816489b656b0eefc0fdf67a21b1,2021-03,South Yorkshire Police,South Yorkshire Police,,,No location,,,Unable to prosecute suspect
da395d21d70b302215585ebbc91e2bc000322816489b656b0eefc0fdf67a21b1,2021-03,South Yorkshire Police,South Yorkshire Police,,,No location,,,Unable to prosecute suspect
8cf47a66618ce3f8ba821b41232c415bca0f4d62ed75d88539528ae27b06722b,2021-03,South Yorkshire Police,South Yorkshire Police,-1.060872,53.542435,On or near MERE GROVE,E01007478,Doncaster 011D,Investigation complete; no suspect identified
ce4728b5c8ab4affabc0e6eb4edaf823a186b957c65db05ce2460129465eefcf,2021-03,South Yorkshire Police,South Yorkshire Police,-1.481020,53.576014,On or near STAINTON CLOSE,E01032550,Barnsley 010G,Unable to prosecute suspect
ec9a81018b52c8349f728a1bf1aa20575eacadcfb078527a58345aeadc8bef03,2021-03,South Yorkshire Police,South Yorkshire Police,-1.124586,53.530657,On or near JUBILEE ROAD,E01007655,Doncaster 022F,Investigation complete; no suspect identified
437fb7febb566232d9b8e95c945551b22fe78a281139fb1d3c15b0a6f1396e7a,2021-03,South Yorkshire Police,South Yorkshire Police,-1.197565,53.476078,On or near HILLSIDE DRIVE,E01007549,Doncaster 034D,Further action is not in the public interest
33a93ab975a97b8ce94bc4384e07df304d6426be1d9559a3aa15bdd2423f7fd5,2021-03,South Yorkshire Police,South Yorkshire Police,-1.520689,53.405263,On or near COX ROAD,E01007993,Sheffield 021C,Unable to prosecute suspect
59579feffe414bf350dd66fbcf5c0a63a0533c3a2d02d597c4ee10ec591b2fd1,2021-03,South Yorkshire Police,South Yorkshire Police,,,No location,,,Investigation complete; no suspect identified
069fc696fbca6439c10399b100a9205073d677ef884b95828313b9c4f55071ce,2021-03,South Yorkshire Police,South Yorkshire Police,-1.497348,53.383235,On or near HARCOURT CRESCENT,E01008066,Sheffield 028B,Investigation complete; no suspect identified
7927bacf8dc9dcceb79ca35dc60b8f47499d3424851cec45130bc9af982d4319,2021-03,South Yorkshire Police,South Yorkshire Police,-1.406707,53.596117,On or near ASHWELL CLOSE,E01007329,Barnsley 003A,Investigation complete; no suspect identified
c0de6318ec60d857e39d85ed79459b6e3251ee7e8c3a543a790e97dbc89b119c,2021-03,South Yorkshire Police,South Yorkshire Police,-1.469925,53.348150,On or near BRINDLEY CRESCENT,E01007830,Sheffield 064B,Local resolution
abc5bd67f4f570aef675a0c2c5cc468f2009ba5eb58c352dea877fa195a01569,2021-03,South Yorkshire Police,South Yorkshire Police,-1.301052,53.495828,On or near OAK COURT,E01007574,Doncaster 031D,Unable to prosecute suspect
c678f9e6bfa9ede9df53433dfcd66f4bc78533beff58c04c6e26b14b154d256e,2021-03,South Yorkshire Police,South Yorkshire Police,-1.475900,53.375430,On or near FITZWILLIAM GATE,E01033274,Sheffield 042G,Investigation complete; no suspect identified
23a8114cbc704e44ef8111ce39709080767d12557b2231305816f68af7a49d0f,2021-03,South Yorkshire Police,South Yorkshire Police,-1.442828,53.372215,On or near WARLEY ROAD,E01007881,Sheffield 075C,Unable to prosecute suspect
5c85415e84b7b2e4c64c024099b6f658e29400006fc9c323c36a81640658b370,2021-03,South Yorkshire Police,South Yorkshire Police,-1.295331,53.447184,On or near EAST VALE DRIVE,E01007727,Rotherham 010D,Investigation complete; no suspect identified
2cc43d6e21a9d20809532157e5412d05158ac7499edf91dd25cd95601ca7992c,2021-03,South Yorkshire Police,South Yorkshire Police,-1.194156,53.419767,On or near MUGLET LANE,E01007760,Rotherham 020D,Investigation complete; no suspect identified
97cfe95b3342a8483f2b6383791eaa912c9726efe4daa2a6575f4ea576f44801,2021-03,South Yorkshire Police,South Yorkshire Police,-1.455537,53.422233,On or near Supermarket,E01008063,Sheffield 011B,Investigation complete; no suspect identified
0468b3202bde6ece5973eba90a35a0ec3c9219de9de89ea70c1afd623f24e32b,2021-03,South Yorkshire Police,South Yorkshire Police,-1.349903,53.432959,On or near SPRING STREET,E01007714,Rotherham 017B,Local resolution
53de41b8a2978170458c38ed2bc93515bbf60dd3a87d6e651c72d6375b269e4e,2021-03,South Yorkshire Police,South Yorkshire Police,-1.192790,53.634676,On or near SPITTLERUSH LANE,E01007490,Doncaster 002D,Unable to prosecute suspect
4e412e1e057c71ae54559459cad59db59c0868ccea19162cc755c650821a70e4,2021-03,South Yorkshire Police,South Yorkshire Police,-1.426264,53.497456,On or near FOUNDRY STREET,E01007388,Barnsley 029A,Investigation complete; no suspect identified
723bd7320da804fd4ba318d95b61f9c9ed406fd37673f620203c9c0107997308,2021-03,South Yorkshire Police,South Yorkshire Police,-1.271429,53.500406,On or near WINDHILL CRESCENT,E01007575,Doncaster 030A,Unable to prosecute suspect
5b0438854a469d2d68880fe906c36b54681f5417dfb6967c140ba0523676643f,2021-03,South Yorkshire Police,South Yorkshire Police,-1.143073,53.531124,On or near RIVIERA PARADE,E01007517,Doncaster 013D,Investigation complete; no suspect identified
f97c5bc91434461fe2aa8843a474b2182ad70502b555cd05599a5c58ffe4fac7,2021-03,South Yorkshire Police,South Yorkshire Police,-1.441881,53.407824,On or near DUNMOW ROAD,E01007940,Sheffield 022E,Investigation complete; no suspect identified
c8d874f83dfbeb774cb6a82679d4b62e208f3329e1e7e21fb0818a07e2746916,2021-03,South Yorkshire Police,South Yorkshire Police,-1.297965,53.500197,On or near CEDAR AVENUE,E01007573,Doncaster 031C,Unable to prosecute suspect
54e7dd3ee5c45dc1646b23b6e7265866c4856a02b9c55d4bb34bfa55639ad895,2021-03,South Yorkshire Police,South Yorkshire Police,-1.339700,53.463896,On or near HARDIE PLACE,E01007775,Rotherham 008A,Unable to prosecute suspect
10eeefbf87c5a157e8472d43696c1203fff6f06aa42c0608800a47d972db80af,2021-03,South Yorkshire Police,South Yorkshire Police,-1.488946,53.413194,On or near SCRAITH WOOD DRIVE,E01008092,Sheffield 012D,Unable to prosecute suspect
46c96eb66be1fa0e7557511013a0e2e38d9dac88fedc873eb2b6d1c61120c923,2021-03,South Yorkshire Police,South Yorkshire Police,-1.297965,53.500197,On or near CEDAR AVENUE,E01007573,Doncaster 031C,Unable to prosecute suspect
f68b41749e832d9f31ca8de5179a35a1bdf034ca3dd962ccbb5c7934b4b5a46b,2021-03,South Yorkshire Police,South Yorkshire Police,-1.465356,53.320669,On or near WHITE THORNS VIEW,E01008084,Sheffield 070D,Unable to prosecute suspect
01d562119132134393b3c5e4bdd428a150cf4b736eee34f8a6f961de816d47cf,2021-03,South Yorkshire Police,South Yorkshire Police,-1.482215,53.552326,On or near PEEL SQUARE,E01007340,Barnsley 013B,Investigation complete; no suspect identified
a4d653b6b102a0f2a4274b833785535bcc25b34b30a203806408c3c6385fd405,2021-03,South Yorkshire Police,South Yorkshire Police,-1.438721,53.405616,On or near ADSETTS STREET,E01007877,Sheffield 022D,Investigation complete; no suspect identified
1a66681bb633317822f33c96924cca35887cd1e74ef771edc171722ca32c4952,2021-03,South Yorkshire Police,South Yorkshire Police,-1.465356,53.320669,On or near WHITE THORNS VIEW,E01008084,Sheffield 070D,Unable to prosecute suspect
8f1e9546d27820c4a8cbb253cfac37a8cd5709108c7505cf5a2dd34292d0cf79,2021-03,South Yorkshire Police,South Yorkshire Police,-1.668237,53.551611,On or near WELLTHORNE AVENUE,E01007426,Barnsley 027D,Investigation complete; no suspect identified
5725e2929693573c8e8a25073362464146a350cced6b45530635383c47200381,2021-03,South Yorkshire Police,South Yorkshire Police,-1.501411,53.403458,On or near Parking Area,E01008093,Sheffield 017D,Suspect charged
5d89dc555944f0849d3bf16ebb802d89cb8a2c25631cb5ae82d65e1bc465ee56,2021-03,South Yorkshire Police,South Yorkshire Police,-1.357364,53.432262,On or near BRIDGEGATE,E01007714,Rotherham 017B,Investigation complete; no suspect identified
9549df3d14fb9ef6ea93128dcc7634c4fb3109176a4df043e65550993a33c77c,2021-03,South Yorkshire Police,South Yorkshire Police,-1.501411,53.403458,On or near Parking Area,E01008093,Sheffield 017D,Suspect charged
50a47b9c9ddf663d3ddc694438e90ba5589075dcc2191c7e38eedbaee152ad1e,2021-03,South Yorkshire Police,South Yorkshire Police,-1.351739,53.330003,On or near BIRCHWOOD GROVE,E01008022,Sheffield 065C,Unable to prosecute suspect
ae9805aa1a321c12c8cf3bb6e08ff8efdf434cd0d810de4febf4e321691fd12b,2021-03,South Yorkshire Police,South Yorkshire Police,-0.978875,53.487578,On or near GATESBRIDGE PARK,E01007599,Doncaster 026A,Unable to prosecute suspect
d7da5327489cf810ce0417a1085180715cb2d52bb74e6b63349e30677a17691c,2021-03,South Yorkshire Police,South Yorkshire Police,-1.492189,53.417523,On or near BINSTED ROAD,E01008092,Sheffield 012D,Unable to prosecute suspect
8451a669f6ae029a87d19c14e71482d91df6ad299b1b371a37db9fea07151696,2021-03,South Yorkshire Police,South Yorkshire Police,-1.509189,53.407212,On or near DYKES HALL ROAD,E01007992,Sheffield 021B,Investigation complete; no suspect identified
67a781b956867132832a87b9766f0c0b0a559f1cf7d5a3eb0dfc5e4f87288c69,2021-03,South Yorkshire Police,South Yorkshire Police,-1.480550,53.340305,On or near OSMASTON ROAD,E01007831,Sheffield 059C,Investigation complete; no suspect identified
6f9830202fbc1084a7594d6b83e3efd8900ae982f5c7a9611308e24c678ee5d2,2021-03,South Yorkshire Police,South Yorkshire Police,-1.137519,53.494815,On or near BYRAM COURT,E01007502,Doncaster 028C,Unable to prosecute suspect
5cc6ba1a90f2ac966eac49715a9e34f6ba4d6b9df85964adb0a7e46b852748e4,2021-03,South Yorkshire Police,South Yorkshire Police,-1.154251,53.615948,On or near CHAPEL HILL,E01007489,Doncaster 002C,Unable to prosecute suspect
407354e5ee93bc24dfb3901fff427cbaf584a657b14dca96843786a9fa5790c3,2021-03,South Yorkshire Police,South Yorkshire Police,-1.336615,53.433722,On or near OXFORD STREET,E01007770,Rotherham 014E,Unable to prosecute suspect
0142dacc47041045cd6f6c585b917c6dac9209b5bf0a944e19fcae52b05fd5c7,2021-03,South Yorkshire Police,South Yorkshire Police,-1.443542,53.407373,On or near RUSHBY STREET,E01007877,Sheffield 022D,Unable to prosecute suspect
68e4575350e87a766589e40fd4b8045ee3ad4d9248fe1698185bb3da1e774665,2021-03,South Yorkshire Police,South Yorkshire Police,-1.448475,53.338722,On or near MAWFA DRIVE,E01008077,Sheffield 060D,Local resolution
4bf9e5bc33b9a23aad2df2406a354eaf583e0fe278884652313333452a5b92fd,2021-03,South Yorkshire Police,South Yorkshire Police,-1.229967,53.483985,On or near CASTLEWELL,E01007542,Doncaster 032B,Unable to prosecute suspect
f71adc3335b6598bad0d10837ab9d6236e7fb3efd0f7c39e6b69cc1cd427860e,2021-03,South Yorkshire Police,South Yorkshire Police,-1.396248,53.362739,On or near STRADBROKE PLACE,E01007967,Sheffield 045B,Unable to prosecute suspect
7fc9a53103f20c5c8aebd8296e9a34f9db498f963570bc9d5e9d27835fc2ee64,2021-03,South Yorkshire Police,South Yorkshire Police,-1.315532,53.518689,On or near STATION ROAD,E01007366,Barnsley 025C,Investigation complete; no suspect identified
a75f8c434602de554ecc9aaf9001dfb587d2b5d9f17126fad44131cac6662e84,2021-03,South Yorkshire Police,South Yorkshire Police,-1.356714,53.429436,On or near SHIP HILL,E01007714,Rotherham 017B,Investigation complete; no suspect identified
9ab7548dbdeecf2be7cca01f03e67c2b38c9f199d540487f5d5972a1ffea3fff,2021-03,South Yorkshire Police,South Yorkshire Police,-1.328713,53.483403,On or near THE CRESCENT,E01007793,Rotherham 004B,Unable to prosecute suspect
64f580735a673eb725b3129cdf888cdd7aeb6797aa4bdba9893f83b13fc2d2f1,2021-03,South Yorkshire Police,South Yorkshire Police,-1.328713,53.483403,On or near THE CRESCENT,E01007793,Rotherham 004B,Unable to prosecute suspect
b319991daf291318e69d195be00c8aa84f75dfa36a658bcebbc8450c8e8a70a0,2021-03,South Yorkshire Police,South Yorkshire Police,-1.501836,53.396656,On or near GRESHAM ROAD,E01008153,Sheffield 024B,Unable to prosecute suspect
46935a4ba1607b025c6657b307b7940bfce283244e66108b63fe930e275aceae,2021-03,South Yorkshire Police,South Yorkshire Police,-1.438859,53.375666,On or near SOUTHEND ROAD,E01007881,Sheffield 075C,Unable to prosecute suspect
a002f4a3ecd9456893e3675abb4816dd519658dccf612291492479e3ddbfa20b,2021-03,South Yorkshire Police,South Yorkshire Police,-1.487130,53.360216,On or near BANK CLOSE,E01008052,Sheffield 050F,Unable to prosecute suspect
42b0df4e5c768abb895146c1b73263a2a1754c58eac394a266e9cb6df12763ed,2021-03,South Yorkshire Police,South Yorkshire Police,-1.094341,53.509291,On or near CROSSCOURT VIEW,E01007527,Doncaster 027B,Unable to prosecute suspect
8d3152dedceea1725f24f4ce53988af35d5176911c369b56943bfb056a10543a,2021-03,South Yorkshire Police,South Yorkshire Police,-1.404746,53.524874,On or near BOND STREET,E01007448,Barnsley 023B,Local resolution
1ba338013a427227743bf4ecb00355e6d494fcef1c31669108506743dce73d26,2021-03,South Yorkshire Police,South Yorkshire Police,-1.301528,53.542985,On or near PHOENIX LANE,E01007373,Barnsley 014B,Investigation complete; no suspect identified
4fce7b47623cc05ef31ac2ede68d8032b36e51282c10272198e35dd144d8b044,2021-03,South Yorkshire Police,South Yorkshire Police,-1.472718,53.552554,On or near WINDERMERE ROAD,E01007337,Barnsley 015D,Local resolution
a9397afb913cd95ee2dd4ee5579bc93b63aecd1335d1a2ecc1d032a852e5fc96,2021-03,South Yorkshire Police,South Yorkshire Police,-1.137519,53.494815,On or near BYRAM COURT,E01007502,Doncaster 028C,Unable to prosecute suspect
94b1f290f55c9463cefa14fdee40ab3a6ae063bcdeb65d808cd0fb1fdc0721f7,2021-03,South Yorkshire Police,South Yorkshire Police,-1.325874,53.521777,On or near CAMPION CLOSE,E01007364,Barnsley 025A,Investigation complete; no suspect identified
2216e41fe8a90bd390c83ec5b4ce142630716d56ffc692f43e9bf365befe61b6,2021-03,South Yorkshire Police,South Yorkshire Police,-1.155653,53.494827,On or near Supermarket,E01007498,Doncaster 029C,Unable to prosecute suspect
62065764b789ddd5b40fa05f703ce2f53194698ca79e6bdeed3a54ca4d426439,2021-03,South Yorkshire Police,South Yorkshire Police,-1.312785,53.488984,On or near POTTERIES COURT,E01007796,Rotherham 003A,Investigation complete; no suspect identified
fef9f5fbd15e39cda8914d89f03649eb2ef1739a3d65e2817e20dad6be385644,2021-03,South Yorkshire Police,South Yorkshire Police,-1.155653,53.494827,On or near Supermarket,E01007498,Doncaster 029C,Unable to prosecute suspect
f2bbc102c492e76648b6df0cf715e4a147505ce42aa00e2071170580ad25b7d9,2021-03,South Yorkshire Police,South Yorkshire Police,-1.463572,53.441406,On or near PARK CRESCENT,E01008138,Sheffield 006D,Unable to prosecute suspect
e44cda7c4905cd6e2b5e86030c8cc7934482900ae13484a97731f5943ec87a1f,2021-03,South Yorkshire Police,South Yorkshire Police,-0.949412,53.628878,On or near DUNELM CRESCENT,E01007634,Doncaster 001C,Unable to prosecute suspect
6d4714c70b0acf11a54d37532b4fb3cf9b6caa60906a9e505c06e2f6e1a5dea6,2021-03,South Yorkshire Police,South Yorkshire Police,-0.950393,53.632617,On or near BLOOMHILL CLOSE,E01007632,Doncaster 001A,Unable to prosecute suspect
19558a2b5783eb51d6030122cc60ec2c84b9b234b0339775401a21f6e31d8e3d,2021-03,South Yorkshire Police,South Yorkshire Police,-1.481034,53.462481,On or near BURNCROSS DRIVE,E01007887,Sheffield 004A,Investigation complete; no suspect identified
8322064145fd18dec906d1a01655931a2bb64d8ff6eb733e8890ee456769f2cf,2021-03,South Yorkshire Police,South Yorkshire Police,-1.306640,53.543240,On or near QUEEN STREET,E01007373,Barnsley 014B,Unable to prosecute suspect
351ab9ca074dab9a582d3b96947d435d3a66095015882c652870ae71d41d2570,2021-03,South Yorkshire Police,South Yorkshire Police,-1.480910,53.581308,On or near SHORTFIELD COURT,E01007324,Barnsley 007B,Unable to prosecute suspect
9eb4836944e56acfb0a2b945867e829713788558e01a9c6458fdc9d09f545af6,2021-03,South Yorkshire Police,South Yorkshire Police,-1.165608,53.548245,On or near JOSSEY LANE,E01007519,Doncaster 012E,Local resolution
7b29cfb8b5f0881fa343f5cf1ee924e5e9b3fe6314404d20fd0e2463e15823b7,2021-03,South Yorkshire Police,South Yorkshire Police,-1.486281,53.430845,On or near CHAUCER ROAD,E01008116,Sheffield 009C,Unable to prosecute suspect
7b29cfb8b5f0881fa343f5cf1ee924e5e9b3fe6314404d20fd0e2463e15823b7,2021-03,South Yorkshire Police,South Yorkshire Police,-1.486281,53.430845,On or near CHAUCER ROAD,E01008116,Sheffield 009C,Unable to prosecute suspect
866ebdf24a4918ecce28b339f72b68daec0d56cf4fd3026d197eb2c6a89e9b5a,2021-03,South Yorkshire Police,South Yorkshire Police,-1.083387,53.471850,On or near WINDSOR VIEW,E01007597,Doncaster 037E,Investigation complete; no suspect identified
7b8657ea6e981402fd6415e2198fd41f2a20fe21ed7fa1a86175ade1b9abb1e6,2021-03,South Yorkshire Police,South Yorkshire Police,-1.514406,53.564595,On or near REDTHORPE CREST,E01007380,Barnsley 012B,Investigation complete; no suspect identified
b95e7ab1b800e5f213a0c6256e9c05c82efdaf0968cb74a76427738ee66cf297,2021-03,South Yorkshire Police,South Yorkshire Police,-1.514406,53.564595,On or near REDTHORPE CREST,E01007380,Barnsley 012B,Investigation complete; no suspect identified
683633de97f75c2231321c7615393689c30f509f0aefb59e8d5473bcb2c1a59b,2021-03,South Yorkshire Police,South Yorkshire Police,-1.067869,53.555011,On or near SHERWOOD AVENUE,E01007476,Doncaster 011B,Local resolution
2600c473e27bced6b6717a79fa44cbe1b5008d9a4e50d8623158f11c1ef13841,2021-03,South Yorkshire Police,South Yorkshire Police,-1.512036,53.375314,On or near SHORE LANE,E01007862,Sheffield 038C,Unable to prosecute suspect
8f28da40603f8bb9411b2a1e87f814938801a5ad67770bbb986a1449a6600add,2021-03,South Yorkshire Police,South Yorkshire Police,-1.432462,53.393335,On or near BALTIC LANE,E01033269,Sheffield 022G,Investigation complete; no suspect identified
f9b8c035d78e985d3c700ce13d4e1fce702785dd11e8309160e3630c7215c5cf,2021-03,South Yorkshire Police,South Yorkshire Police,-1.463645,53.368607,On or near CHARLOTTE ROAD,E01033273,Sheffield 042F,Investigation complete; no suspect identified
39b49ef2d7cc89b6fea1c50f969611bf270fdbf149a9936c678770e968eac68f,2021-03,South Yorkshire Police,South Yorkshire Police,-1.479108,53.371193,On or near CLIFF STREET,E01033271,Sheffield 040E,Investigation complete; no suspect identified
7e1aaddd235ded30c67a01d04a56eaf4df6223d3446580dbbe5ac46cc57642fa,2021-03,South Yorkshire Police,South Yorkshire Police,-1.542467,53.412494,On or near LONG LANE,E01008128,Sheffield 008C,Investigation complete; no suspect identified
15cb975fc2de1079aa59959edd5cb41d52c029ed63deac6f587f2cbfd02c6306,2021-03,South Yorkshire Police,South Yorkshire Police,-1.486456,53.393813,On or near BARRACK LANE,E01008072,Sheffield 026C,Unable to prosecute suspect
f35354f1b0bf6e94b1bfd081394b8fe93429a4573528b92b8f5d0461f8d35f39,2021-03,South Yorkshire Police,South Yorkshire Police,-1.339916,53.456751,On or near SPALTON ROAD,E01007783,Rotherham 008C,Unable to prosecute suspect
d6a61edcc6e8783082d69fe79af741af72fd6e2546d31b3f295182cc9bd25a4f,2021-03,South Yorkshire Police,South Yorkshire Police,-1.394178,53.345524,On or near EAST GLADE CLOSE,E01033278,Sheffield 076E,Unable to prosecute suspect
6c64ad15992b5815cf1c738353821f84fe39c052eb989f3c3883fbd5d29cc3c3,2021-03,South Yorkshire Police,South Yorkshire Police,-1.400379,53.374616,On or near RICHMOND PARK RISE,E01007910,Sheffield 037A,Investigation complete; no suspect identified
7af5267677be6aa0f15e3f3f43fcd6280d0aad38873f348e5ccd452d3bee889a,2021-03,South Yorkshire Police,South Yorkshire Police,-1.488054,53.394737,On or near WOOD STREET,E01008072,Sheffield 026C,Investigation complete; no suspect identified
9451cbfbc5025a419a8f83c3f51055e15ef86360dc82732a84ba69cb109ead82,2021-03,South Yorkshire Police,South Yorkshire Police,-1.292282,53.532756,On or near FOXMIRES GROVE,E01007369,Barnsley 022A,Investigation complete; no suspect identified
7436c915e2aaba47f324677993b9011a0b17108b8b22a7ffc0ee15b9fcc20d1c,2021-03,South Yorkshire Police,South Yorkshire Police,-1.507919,53.364744,On or near ECCLESALL ROAD,E01008050,Sheffield 046E,Investigation complete; no suspect identified
eea69c47ac508936f85b584a7f0c8c60461848db2602c21f793b2d0e9a58be37,2021-03,South Yorkshire Police,South Yorkshire Police,-1.374693,53.400112,On or near BRINSWORTH HALL GROVE,E01007707,Rotherham 025F,Suspect charged
51c3526d692e0c4d54c72e58267c00500ec9e5547800dfc8e65b907a3868c0e6,2021-03,South Yorkshire Police,South Yorkshire Police,-1.137771,53.524030,On or near Pedestrian Subway,E01007645,Doncaster 022E,Unable to prosecute suspect
c334e19fdc6ed7be7d1a64074e74b22598d7c2b2f5644ab7614b7bb7abe98e39,2021-03,South Yorkshire Police,South Yorkshire Police,-1.477235,53.379283,On or near Shopping Area,E01033267,Sheffield 074E,Investigation complete; no suspect identified
65c12b2177d9d1f9974007433b63d611cbc435c9c2478c91741a4b41a8f6bcc8,2021-03,South Yorkshire Police,South Yorkshire Police,-1.359973,53.327620,On or near CRAGDALE GROVE,E01008024,Sheffield 072C,Local resolution
512d4e47c2f6df16902a82543ee40f5bb6a4c9c684ef161119cad62758fb7471,2021-03,South Yorkshire Police,South Yorkshire Police,-1.440428,53.401642,On or near SCOTT STREET,E01007873,Sheffield 020C,Unable to prosecute suspect
63d6c9dda0e5188b2db6c900f2b1cad13d1ec3c2c3e68d076397d330de4ab76b,2021-03,South Yorkshire Police,South Yorkshire Police,-1.175380,53.497356,On or near Sports/Recreation Area,E01007551,Doncaster 033B,Local resolution
32328e0135052a1808dc9e623c1783b41c4cde208f373942889a5f8b99adc0c9,2021-03,South Yorkshire Police,South Yorkshire Police,-1.407059,53.507232,On or near TINGLE BRIDGE AVENUE,E01007456,Barnsley 029D,Unable to prosecute suspect
9ead695560e9c173c0bfcd9cf65308fdc6ae01438d1cda8b6659c9b1fda14486,2021-03,South Yorkshire Police,South Yorkshire Police,-1.137808,53.515491,On or near ELSWORTH CLOSE,E01007532,Doncaster 023B,Unable to prosecute suspect
b39282b9ecfbbc2b1f2299c527939fb5f73ecb5003a03dac6686b426e616780f,2021-03,South Yorkshire Police,South Yorkshire Police,-1.113232,53.506556,On or near Shopping Area,E01007644,Doncaster 019A,Investigation complete; no suspect identified
a1d227908185cc28ce85373498fe76e75914677ed1023bddcf3be988b7acded6,2021-03,South Yorkshire Police,South Yorkshire Police,-1.113232,53.506556,On or near Shopping Area,E01007644,Doncaster 019A,Investigation complete; no suspect identified
853ef41c7f9991835f732c9c2a3e5388bdbe9d8e9ef128db9e0450f9968e3133,2021-03,South Yorkshire Police,South Yorkshire Police,-1.472136,53.535069,On or near FLAX LEA,E01007460,Barnsley 021C,Unable to prosecute suspect
2a00bb832b875b7759d547bc529f6a80f40d726efd24697bb04669bc6b345949,2021-03,South Yorkshire Police,South Yorkshire Police,-1.410684,53.400079,On or near RANSKILL COURT,E01007904,Sheffield 018B,Further action is not in the public interest
bad4befe27c835f4805581e3c0bae68e8ef582a18f31d7702c17db642a0fd6f7,2021-03,South Yorkshire Police,South Yorkshire Police,-1.141244,53.509664,On or near ST CATHERINE'S AVENUE,E01007534,Doncaster 028D,Investigation complete; no suspect identified
f6ae55a9f095bf1bb7c1390952c5bba48da97ace444d6f63a8839ee86519832c,2021-03,South Yorkshire Police,South Yorkshire Police,-1.339736,53.342054,On or near PORTLAND ROAD,E01008030,Sheffield 063A,Suspect charged
39ab76701dedc07307314859b130abbec39f4720fa7c04c08b134af3d948d199,2021-03,South Yorkshire Police,South Yorkshire Police,,,No location,,,Investigation complete; no suspect identified
b24843b276943e1128faef4fc6e76fb9ef5ad38e1482e78fd8da084beb5084f5,2021-03,South Yorkshire Police,South Yorkshire Police,-1.147149,53.516708,On or near MUTUAL STREET,E01007529,Doncaster 022A,Unable to prosecute suspect
b24843b276943e1128faef4fc6e76fb9ef5ad38e1482e78fd8da084beb5084f5,2021-03,South Yorkshire Police,South Yorkshire Police,-1.147149,53.516708,On or near MUTUAL STREET,E01007529,Doncaster 022A,Unable to prosecute suspect
0ed55d3cbdca39604cb6e8320b74cdccabb8a956a634f454f58b31b4d1a1e8ef,2021-03,South Yorkshire Police,South Yorkshire Police,-1.304494,53.496442,On or near OXFORD STREET,E01007574,Doncaster 031D,Unable to prosecute suspect
e676c6c38b848cf5b7544b2483e33284cad3997b4114ebce32c6e2bdc63e2918,2021-03,South Yorkshire Police,South Yorkshire Police,-1.382142,53.585531,On or near BRIERLEY ROAD,E01007328,Barnsley 006A,Investigation complete; no suspect identified
8dcea5a3f691b3e1ac747e5cc0d1c5a72827f8137c9d8a34e26b0926ae0bfe8c,2021-03,South Yorkshire Police,South Yorkshire Police,-1.114233,53.430258,On or near RAWSON ROAD,E01007616,Doncaster 039E,Investigation complete; no suspect identified
4b713b3d010eea0fb37601a1e9f7bee9c0874a07efe13bc27b2c1d371562cfa5,2021-03,South Yorkshire Police,South Yorkshire Police,-1.023396,53.488876,On or near ELM ROAD,E01007608,Doncaster 038A,Unable to prosecute suspect
62ec8281edfcea05a4699e98eb6a645d14d161100ebaa3dab2437d950e6285c2,2021-03,South Yorkshire Police,South Yorkshire Police,-1.563947,53.549568,On or near HAW COURT,E01007420,Barnsley 016C,Further action is not in the public interest
3e02009f75ca37744429c7ab0376401c34540995893fcd92b762d57816193b49,2021-03,South Yorkshire Police,South Yorkshire Police,-1.355910,53.559209,On or near ASHWOOD GROVE,E01007354,Barnsley 020G,Unable to prosecute suspect
c1fc056d9c7a0c0a1866f289b286a45815a51c94968272d4bcfef4d21e16031c,2021-03,South Yorkshire Police,South Yorkshire Police,-1.445217,53.547917,On or near SHEEPCOTE WALK,E01007322,Barnsley 015C,Local resolution
6b6e68e94b041a472ee1b0e98f44366344fd35ad1faa68699ac25a61e67830ee,2021-03,South Yorkshire Police,South Yorkshire Police,-1.455367,53.594344,On or near CENTRAL DRIVE,E01007436,Barnsley 002B,Unable to prosecute suspect
2caee743e18808870af74e5833070912f2ff4add327b5da7a941a00248080971,2021-03,South Yorkshire Police,South Yorkshire Police,-1.173430,53.501513,On or near GROSVENOR CRESCENT,E01007551,Doncaster 033B,Unable to prosecute suspect
c5b46722b5cb4a8a884ee0997ab9ccd5d9856ba60e7fdf2fbea20e441f3f4f25,2021-03,South Yorkshire Police,South Yorkshire Police,-1.179129,53.587349,On or near MARKHAM AVENUE,E01007473,Doncaster 005E,Unable to prosecute suspect
452d202c41ae5e4ab260c950a5fab4f192c8b34fe28d4f9f88e4fec9957690f9,2021-03,South Yorkshire Police,South Yorkshire Police,-1.451339,53.383571,On or near ST JOHN'S ROAD,E01007885,Sheffield 075E,Local resolution
3e224917033222d109a7b548a8ef2209cdda479b3979698c903f6521da1020db,2021-03,South Yorkshire Police,South Yorkshire Police,-1.320511,53.418512,On or near WICKERSLEY ROAD,E01007709,Rotherham 021B,Unable to prosecute suspect
20411e732c0afbd90bc71331c8510585c57439de1f721c5f48e992cb1d98a09c,2021-03,South Yorkshire Police,South Yorkshire Police,-1.128191,53.516760,On or near CUNNINGHAM ROAD,E01007645,Doncaster 022E,Unable to prosecute suspect
279b421c1f6063decf6011815550d19a108090ef3b321b4588104688feb37ab4,2021-03,South Yorkshire Police,South Yorkshire Police,-1.149270,53.517739,On or near BENTLEY AVENUE,E01007529,Doncaster 022A,Suspect charged
1d1bbb9edc37f5d333d01a443bb956900d0fd88964ee694b3b7ccabf155a3742,2021-03,South Yorkshire Police,South Yorkshire Police,-1.174042,53.534407,On or near ST GILES GATE,E01007589,Doncaster 016D,Unable to prosecute suspect
a0c816fc8c7d445a5d63cfd451eafa93d71cf500422858dc02e0b1f68bb93576,2021-03,South Yorkshire Police,South Yorkshire Police,-1.370825,53.430887,On or near PRINCES STREET,E01007716,Rotherham 016B,Suspect charged
abb554feba92157435ed6de06fe4b21d31cfaaaa48e05baf708dde0e2e844c8d,2021-03,South Yorkshire Police,South Yorkshire Police,-1.149270,53.517739,On or near BENTLEY AVENUE,E01007529,Doncaster 022A,Suspect charged
fc9baae8cf5dea15374a36dd9688e9efea78b38261c54fe45c0c50aad0e4afcb,2021-03,South Yorkshire Police,South Yorkshire Police,-1.516094,53.409811,On or near WADSLEY PARK CRESCENT,E01007991,Sheffield 016D,Suspect charged
cfe9853c269a16c69c2a846062debf94a67be838b6c2ab214467c2b04b77c89d,2021-03,South Yorkshire Police,South Yorkshire Police,-1.373622,53.359369,On or near Supermarket,E01007970,Sheffield 049D,Unable to prosecute suspect
3d2b8ad24d30c3c80748efabb6200dc38c5bf4d7bfa36e5a7366b1f4f694a587,2021-03,South Yorkshire Police,South Yorkshire Police,-1.532057,53.567182,On or near ST AUSTELL DRIVE,E01007387,Barnsley 012D,Unable to prosecute suspect
219fd98109fa69f06a98e9978c0547f5c020e29f11c3fe39978297c502702e34,2021-03,South Yorkshire Police,South Yorkshire Police,-1.473181,53.419148,On or near SOUTHEY HALL ROAD,E01007946,Sheffield 015C,Investigation complete; no suspect identified
4058329d029355688e595b9516d24efb99a19254175be16fc9bb47b4e2c841f9,2021-03,South Yorkshire Police,South Yorkshire Police,-1.388565,53.345145,On or near SPA VIEW WAY,E01033278,Sheffield 076E,Unable to prosecute suspect
0c9fcbde46907a5cda2cfc41e70d41483f8118019965b9e85f543f6d2606ab5b,2021-03,South Yorkshire Police,South Yorkshire Police,-1.361645,53.391629,On or near MAIN STREET,E01007701,Rotherham 027D,Unable to prosecute suspect
40917e138932005eaa830b6dbab4a5a96e6460a6b4ae029847a32928c3f3d7c5,2021-03,South Yorkshire Police,South Yorkshire Police,-1.420053,53.356979,On or near FOXWOOD AVENUE,E01008000,Sheffield 052A,Suspect charged
c079d5259dea3aabe84a6b006932daef688ab4b0cb4de91e8fb2e4c6eedb0aff,2021-03,South Yorkshire Police,South Yorkshire Police,-1.368319,53.390748,On or near WOODLAND CLOSE,E01007699,Rotherham 027B,Suspect charged
4849188cd6c68942d4f60efe6d4d1b15df352f07da698e583b2cd6ddab36225d,2021-03,South Yorkshire Police,South Yorkshire Police,-1.472743,53.381520,On or near HOLLY STREET,E01033265,Sheffield 074C,Suspect charged
e8ddb004305443ee510e2ab9845cd07bae279059cf6515bc0ac916177200a834,2021-03,South Yorkshire Police,South Yorkshire Police,-1.473814,53.380005,On or near CARVER STREET,E01033265,Sheffield 074C,Suspect charged
e8ddb004305443ee510e2ab9845cd07bae279059cf6515bc0ac916177200a834,2021-03,South Yorkshire Police,South Yorkshire Police,-1.473814,53.380005,On or near CARVER STREET,E01033265,Sheffield 074C,Suspect charged
d7005b36a2b70ab5b896a3f31d535bf974085e46ae45f8e5cc231523bb56bf74,2021-03,South Yorkshire Police,South Yorkshire Police,-1.480885,53.367146,On or near SMEATON STREET,E01008105,Sheffield 040A,Suspect charged
3f1eaa4249085bc625637b35dcb73981b3aac34e9fe2d6cd76505c7ffa1e86fa,2021-03,South Yorkshire Police,South Yorkshire Police,-1.410684,53.400079,On or near RANSKILL COURT,E01007904,Sheffield 018B,Suspect charged
e483999b09ea1e9d8c803393f029a9bb2c8eeef749710c751d747a52250c072d,2021-03,South Yorkshire Police,South Yorkshire Police,-1.109335,53.516927,On or near ST HILDA'S ROAD,E01007644,Doncaster 019A,Suspect charged
af30ec3cecba225208383f5534031eab4e8aa9a8b54e5d8ce0456e2bb4001423,2021-03,South Yorkshire Police,South Yorkshire Police,-1.302403,53.531089,On or near POPLAR AVENUE,E01007370,Barnsley 022B,Suspect charged
e467d06c70f17829fe63430a389eb7cb0e58a6a6738b6e75312df775cc987af3,2021-03,South Yorkshire Police,South Yorkshire Police,-1.460101,53.546502,On or near APPLEHURST BANK,E01007318,Barnsley 018B,Suspect charged
e38f355d6e43c1f11291b66ae63f01ccbad74250bb34b4e2c4aac8135092cda7,2021-03,South Yorkshire Police,South Yorkshire Police,-1.302403,53.531089,On or near POPLAR AVENUE,E01007370,Barnsley 022B,Suspect charged
46de7a649397231fdf421ceaaad6e280c401cad7997256f619f7082149f2277f,2021-03,South Yorkshire Police,South Yorkshire Police,,,No location,,,Suspect charged
0a8452864ac155c6ff3fae710fb74ed638e334db8d8ce918264465304bec8dc0,2021-03,South Yorkshire Police,South Yorkshire Police,-1.489121,53.387272,On or near OXFORD STREET,E01008065,Sheffield 026A,Offender given a caution
4bb5b9fd5ebe4bc5d7348a1f8e6560877d10fa3ecd5efba4fd28b4a36e73e535,2021-03,South Yorkshire Police,South Yorkshire Police,-1.510078,53.383494,On or near TASKER ROAD,E01007960,Sheffield 029B,Suspect charged
c6d5d14289c8203f81d3ac605a26296360700df37f2d34d724ca4d1ee70761db,2021-03,South Yorkshire Police,South Yorkshire Police,-1.485250,53.554766,On or near CHURCHFIELD,E01007336,Barnsley 013A,Unable to prosecute suspect
b12a3096cc8988d0de67f8c56aebb6d5d6f20d71138e4a4a964ba57d28520a8c,2021-03,South Yorkshire Police,South Yorkshire Police,-0.951444,53.628662,On or near MARSHLAND ROAD,E01007634,Doncaster 001C,Suspect charged
dbeaba5bbb56577ffe9238ff8a72a7d97846f0670c23bffd450282cbb9b8d6ce,2021-03,South Yorkshire Police,South Yorkshire Police,-1.408086,53.526554,On or near JOHN STREET,E01007448,Barnsley 023B,Investigation complete; no suspect identified
bcb8d0bc8f0914a70b6c2e14f1e5cf2ac1fcc052ed450184ffcf94de15ca033b,2021-03,South Yorkshire Police,South Yorkshire Police,-1.634197,53.529328,On or near Petrol Station,E01007428,Barnsley 024B,Unable to prosecute suspect
1ffb8f93781ff67d54d80da4d0207815a8ed8bc902c3f9d1d048998cb711960b,2021-03,South Yorkshire Police,South Yorkshire Police,-1.433971,53.406519,On or near SOUTHWELL ROAD,E01007855,Sheffield 014F,Unable to prosecute suspect
b0c5e21c981f64d95666e688037323fe9ecf6616861201cd06c41605e8a4d978,2021-03,South Yorkshire Police,South Yorkshire Police,-1.501788,53.440754,On or near MAIN STREET,E01008134,Sheffield 005B,Unable to prosecute suspect
c22963605a3e2546e075cf6d9583bc83398f0550a1ce830f143ed904c5e249de,2021-03,South Yorkshire Police,South Yorkshire Police,-1.451310,53.433818,On or near PERKYN ROAD,E01008057,Sheffield 007D,Unable to prosecute suspect
c22963605a3e2546e075cf6d9583bc83398f0550a1ce830f143ed904c5e249de,2021-03,South Yorkshire Police,South Yorkshire Police,-1.451310,53.433818,On or near PERKYN ROAD,E01008057,Sheffield 007D,Unable to prosecute suspect
8b6d487e3bc4c4687d7f14dc5b5d9f16ed4dc64e4e99b8aa01bed23059961bc6,2021-03,South Yorkshire Police,South Yorkshire Police,-1.473296,53.358610,On or near PLANTATION ROAD,E01007978,Sheffield 053A,Further action is not in the public interest
777e7368372c8b3ae38c88fc8a1df2413f97c7a8585edae8b03d5c4ab6f6ceef,2021-03,South Yorkshire Police,South Yorkshire Police,-1.331450,53.433918,On or near PARK ROAD,E01007766,Rotherham 014C,Suspect charged
925ab080974bd1262dfb105b099ebff96674208ab98727af07e2992498055ce6,2021-03,South Yorkshire Police,South Yorkshire Police,-1.331450,53.433918,On or near PARK ROAD,E01007766,Rotherham 014C,Suspect charged
0b9fcc465b66e661dfef595b8e3060c4d305670e7d27fd5efc57ff81f5e5a67e,2021-03,South Yorkshire Police,South Yorkshire Police,-1.275429,53.492997,On or near MELTON STREET,E01007579,Doncaster 030C,Unable to prosecute suspect
3f30f73974cea31338d103a6a229af3d2f13570f30f81f4f4e3ca300f9342061,2021-03,South Yorkshire Police,South Yorkshire Police,-1.126506,53.526060,On or near BROXHOLME LANE,E01007648,Doncaster 019D,Unable to prosecute suspect
84e28cc8e01417cd6a6f9a72bdfb0872c415c7ec498b41a7a072034690e6c702,2021-03,South Yorkshire Police,South Yorkshire Police,-1.420765,53.573535,On or near MANOR ROAD,E01007346,Barnsley 008C,Unable to prosecute suspect
53274a812dea7ff21e87625588eb9b29ad82db42124cfb9cd1287dedd45a511a,2021-03,South Yorkshire Police,South Yorkshire Police,-1.405853,53.568680,On or near MOORLAND TERRACE,E01007341,Barnsley 008A,Further investigation is not in the public interest
c9147826b78c3290af3ae1704addd283ebf8ce8850ee4d4c20a57009e479f56f,2021-03,South Yorkshire Police,South Yorkshire Police,-1.479016,53.413214,On or near BARRIE CRESCENT,E01007950,Sheffield 015D,Unable to prosecute suspect
c9147826b78c3290af3ae1704addd283ebf8ce8850ee4d4c20a57009e479f56f,2021-03,South Yorkshire Police,South Yorkshire Police,-1.479016,53.413214,On or near BARRIE CRESCENT,E01007950,Sheffield 015D,Unable to prosecute suspect
57a7a24e4580e028f256e549511c8a07dcae7df3d52c814e749a075ce6d0f298,2021-03,South Yorkshire Police,South Yorkshire Police,-1.484889,53.354184,On or near LANGDALE ROAD,E01008046,Sheffield 050C,Investigation complete; no suspect identified
d5a2c62adc6f2dcfdc53fdb325137824896244a83cdbda170dbd5a759d02a0c5,2021-03,South Yorkshire Police,South Yorkshire Police,-1.128798,53.527587,On or near DOCKIN HILL ROAD,E01007655,Doncaster 022F,Unable to prosecute suspect
61d58988dabcd5d81cd709953475f606d83183888be9e1a3aab269fa352ad601,2021-03,South Yorkshire Police,South Yorkshire Police,-1.180138,53.502377,On or near FOX GROVE,E01007552,Doncaster 033C,Unable to prosecute suspect
3c970c942a771ac160dcf68ac74fd2ef0dc6285ff6fb32ed65f0ead1b8c9c46c,2021-03,South Yorkshire Police,South Yorkshire Police,-1.065003,53.474764,On or near LANSBURY AVENUE,E01007595,Doncaster 037D,Unable to prosecute suspect
dd2269ff4b0743064422c0fe251fe5753daf0fc5221b4751fbee10671b2c469f,2021-03,South Yorkshire Police,South Yorkshire Police,-1.326705,53.482663,On or near GRANGE ROAD,E01007793,Rotherham 004B,Unable to prosecute suspect
592f53a2db85b9ab9a62d58a750c30d255ed5b025f524004d8d401308a0f099f,2021-03,South Yorkshire Police,South Yorkshire Police,-1.128763,53.522670,On or near PRINCE'S STREET,E01007645,Doncaster 022E,Unable to prosecute suspect
d37d99655b8a4ad5d390e956480336110eed085084da16aa8486b0ba25315ba3,2021-03,South Yorkshire Police,South Yorkshire Police,-1.065003,53.474764,On or near LANSBURY AVENUE,E01007595,Doncaster 037D,Unable to prosecute suspect
3cd90ff2c3df2e5ef71dd0459208e199fa3bc5a0ac8ffe033b558e8d6a6bbdac,2021-03,South Yorkshire Police,South Yorkshire Police,-1.199501,53.570903,On or near ST LAWRENCE COURT,E01007465,Doncaster 009B,Unable to prosecute suspect
f73341f9380d52b344058dc3c41f7e76f1c7147fbd0610e35f0695d5f44c9197,2021-03,South Yorkshire Police,South Yorkshire Police,-1.485194,53.353772,On or near WINDERMERE ROAD,E01008046,Sheffield 050C,Unable to prosecute suspect
28519d5e5c534c50b08b69a49e7e71d9fcd68d2323f9221a77a0b24f16d7c2e2,2021-03,South Yorkshire Police,South Yorkshire Police,-1.450013,53.543526,On or near NEVILLE AVENUE,E01007320,Barnsley 018C,Unable to prosecute suspect
28519d5e5c534c50b08b69a49e7e71d9fcd68d2323f9221a77a0b24f16d7c2e2,2021-03,South Yorkshire Police,South Yorkshire Police,-1.450013,53.543526,On or near NEVILLE AVENUE,E01007320,Barnsley 018C,Unable to prosecute suspect
cd7691d80a7047bee9fb40b237e9b11cdaabb9700e3da04c6d6e5619d76cd255,2021-03,South Yorkshire Police,South Yorkshire Police,-1.521263,53.350066,On or near ECCLESALL ROAD SOUTH,E01007927,Sheffield 055A,Investigation complete; no suspect identified
34c50566a92a1b8eae8a5ecf8ca981618bcf5b98a507e2e62530e9865a017b3e,2021-03,South Yorkshire Police,South Yorkshire Police,-1.350908,53.346169,On or near SEVENAIRS ROAD,E01008034,Sheffield 056D,Unable to prosecute suspect
bce9c52e97939eca839513536c0adff33fe1f6bc48461091b03eebfbcf25fbec,2021-03,South Yorkshire Police,South Yorkshire Police,-1.125594,53.528606,On or near ST MARY'S CRESCENT,E01007648,Doncaster 019D,Unable to prosecute suspect
eb25ea7abcd8b3c75c69f5a3639b77c1db346db1801347bd0417fadc5a6c2c6a,2021-03,South Yorkshire Police,South Yorkshire Police,-1.125594,53.528606,On or near ST MARY'S CRESCENT,E01007648,Doncaster 019D,Unable to prosecute suspect
7192f342ac29c3984818c523113889e393a97993813aa904a6c15bd59d344bf3,2021-03,South Yorkshire Police,South Yorkshire Police,-1.202380,53.430582,On or near MORRISON AVENUE,E01007758,Rotherham 020B,Unable to prosecute suspect
ffb97272da25a78ce72f1dc7db8c42a0ee7c2373e32b757a69cc1fb30945fe91,2021-03,South Yorkshire Police,South Yorkshire Police,-1.125594,53.528606,On or near ST MARY'S CRESCENT,E01007648,Doncaster 019D,Unable to prosecute suspect
7b81dddd1ba932934151c48a9cb8954d6b8db77575a3e5618e1a349be265117d,2021-03,South Yorkshire Police,South Yorkshire Police,-1.125594,53.528606,On or near ST MARY'S CRESCENT,E01007648,Doncaster 019D,Unable to prosecute suspect
c0f58fc910719c33b215e5c35e2c829d8fc1f79ff600e00ac19ce0e4ee8d6437,2021-03,South Yorkshire Police,South Yorkshire Police,-1.354342,53.434017,On or near Pedestrian Subway,E01007714,Rotherham 017B,Unable to prosecute suspect
ea9900529a9090d2263efcd42053b2190e0cbb035a18e887d70d22402d8b21bf,2021-03,South Yorkshire Police,South Yorkshire Police,-0.973170,53.546550,On or near VULCAN WAY,E01007557,Doncaster 008B,Suspect charged
687960be4d94d7b31a524e1dea686a5846db20af40d07611ec773b08317c7a45,2021-03,South Yorkshire Police,South Yorkshire Police,-1.445892,53.436058,On or near WESTNALL ROAD,E01008055,Sheffield 007C,Investigation complete; no suspect identified
6ee2f171cc97cc8716d6cebe76e3b7d73064757e0507b9bf7f2e339c1e101a3a,2021-03,South Yorkshire Police,South Yorkshire Police,-1.302030,53.497767,On or near OAK ROAD,E01007574,Doncaster 031D,Unable to prosecute suspect
701fe797cd9236802f99cdef58cf3730c19a8b109a8ae37e9124a9fc5dbbb1f7,2021-03,South Yorkshire Police,South Yorkshire Police,-1.336588,53.428724,On or near BADSLEY MOOR LANE,E01007765,Rotherham 014B,Investigation complete; no suspect identified
85e9cfc2107cc81b9744d8ca4cf2a101d3a453c75cb6904757d673dca899c0c6,2021-03,South Yorkshire Police,South Yorkshire Police,-1.145848,53.525912,On or near Prison,E01007529,Doncaster 022A,Suspect charged
bf9449624b792dcbac6b6824f9b0a445431faf03b9367615b5f49807c8c2d311,2021-03,South Yorkshire Police,South Yorkshire Police,-1.392679,53.443539,On or near Supermarket,E01007807,Rotherham 011E,Suspect charged
e24f20c90d3ea9f542f3dfe1821714017cf7af6fe0a26f427a86ddf386710bd6,2021-03,South Yorkshire Police,South Yorkshire Police,-1.480322,53.496122,On or near FENN ROAD,E01007424,Barnsley 028E,Unable to prosecute suspect
67503389739f9f11cb3eec658552b4e6e24e226f7b29edaf919fb0b75313c2ba,2021-03,South Yorkshire Police,South Yorkshire Police,-1.384476,53.505887,On or near LAKESIDE COURT,E01007694,Rotherham 001B,Offender given a caution
67503389739f9f11cb3eec658552b4e6e24e226f7b29edaf919fb0b75313c2ba,2021-03,South Yorkshire Police,South Yorkshire Police,-1.384476,53.505887,On or near LAKESIDE COURT,E01007694,Rotherham 001B,Offender given a caution
67503389739f9f11cb3eec658552b4e6e24e226f7b29edaf919fb0b75313c2ba,2021-03,South Yorkshire Police,South Yorkshire Police,-1.384476,53.505887,On or near LAKESIDE COURT,E01007694,Rotherham 001B,Offender given a caution
ceea3713cd930def96b5989d07930766473d8b74fd7a6557d6383da56001bdd1,2021-03,South Yorkshire Police,South Yorkshire Police,-1.338653,53.431423,On or near MIDDLE LANE,E01007767,Rotherham 017C,Suspect charged
6139eba0ab0937579102f4b6925a9be58574d5518ccc8768cfd8bb774b45586f,2021-03,South Yorkshire Police,South Yorkshire Police,-1.354342,53.434017,On or near Pedestrian Subway,E01007714,Rotherham 017B,Investigation complete; no suspect identified
22c9fa06b09ee09ff4021b398710baa7609ff4f39932dc7527a6ee040afdaf9b,2021-03,South Yorkshire Police,South Yorkshire Police,-1.124951,53.521006,On or near SOUTH PARADE,E01007645,Doncaster 022E,Unable to prosecute suspect
7d26ea962782d384ec42e676b99a38bfd446c7b36367a8454f0ad9d6ba1fbb59,2021-03,South Yorkshire Police,South Yorkshire Police,-1.453235,53.566408,On or near HUNT CLOSE,E01007400,Barnsley 009C,Unable to prosecute suspect
2679b27fffecf52a812d1b66aa0101b5dff363579c42db74edd1d73f44e745ba,2021-03,South Yorkshire Police,South Yorkshire Police,-1.499593,53.558305,On or near Hospital,E01007446,Barnsley 012G,Suspect charged
327a5e541365e81a3676fb4985eb5192c6208d3d14dce28a968db9c271399838,2021-03,South Yorkshire Police,South Yorkshire Police,-1.499593,53.558305,On or near Hospital,E01007446,Barnsley 012G,Suspect charged
a982dab84cb01af29d8ab358f555c5db43f34857e1fcd8174ba79e4d6ebcf401,2021-03,South Yorkshire Police,South Yorkshire Police,-1.499593,53.558305,On or near Hospital,E01007446,Barnsley 012G,Suspect charged
9ba1282ad58fa4ee6cf777830f2860854b23274018fa69387e36a51bb68bb8bf,2021-03,South Yorkshire Police,South Yorkshire Police,-1.372934,53.430799,On or near UNION STREET,E01007715,Rotherham 016A,Suspect charged
227a4b97af03b75ecb847337baf6bcc9de986ab2eee22e2206ed06d70bb77df6,2021-03,South Yorkshire Police,South Yorkshire Police,-1.480322,53.496122,On or near FENN ROAD,E01007424,Barnsley 028E,Unable to prosecute suspect
20024af8b12bcc567bfa6dd96d2a0b8c474516b6839f180ea0e014291a064a61,2021-03,South Yorkshire Police,South Yorkshire Police,-1.437905,53.558732,On or near Supermarket,E01007405,Barnsley 011D,Offender given a caution
689d5f2f3996663b89517ccc23976df3f638e6514b7b1980fd91995f64f987a8,2021-03,South Yorkshire Police,South Yorkshire Police,-1.415384,53.389675,On or near MALVERN ROAD,E01007906,Sheffield 027D,Further investigation is not in the public interest
689d5f2f3996663b89517ccc23976df3f638e6514b7b1980fd91995f64f987a8,2021-03,South Yorkshire Police,South Yorkshire Police,-1.415384,53.389675,On or near MALVERN ROAD,E01007906,Sheffield 027D,Further investigation is not in the public interest
689d5f2f3996663b89517ccc23976df3f638e6514b7b1980fd91995f64f987a8,2021-03,South Yorkshire Police,South Yorkshire Police,-1.415384,53.389675,On or near MALVERN ROAD,E01007906,Sheffield 027D,Further investigation is not in the public interest
08278ddeae1afa56a31eb77bacf76cd93d187b37d03b8dba0bed0cc8c4cd239d,2021-03,South Yorkshire Police,South Yorkshire Police,-1.149890,53.541788,On or near AUSTERFIELD AVENUE,E01007514,Doncaster 013B,Unable to prosecute suspect
ead6d441791e1b84f94504a2c19474db6c10a488aa1f3448d013296511af1ddf,2021-03,South Yorkshire Police,South Yorkshire Police,-1.508943,53.405062,On or near KENDAL ROAD,E01007994,Sheffield 021D,Unable to prosecute suspect
7ffb22eddf0dcca0b996397934014d4062345582deffa911a9ccc3e2f378feb9,2021-03,South Yorkshire Police,South Yorkshire Police,-1.477018,53.381107,On or near HOLLAND STREET,E01033266,Sheffield 074D,Suspect charged
f2769739a738d9ae15dcdd9016f6f208f73fa8faf73bc061725c12502153b456,2021-03,South Yorkshire Police,South Yorkshire Police,-1.379122,53.576203,On or near STONEFONT GROVE,E01007332,Barnsley 006C,Unable to prosecute suspect
97e24ff9c555faa5bf97577c71413b79291a6d9c29e7f58110b93f49a69dd2bf,2021-03,South Yorkshire Police,South Yorkshire Police,-1.180630,53.500277,On or near BEECH GROVE,E01007552,Doncaster 033C,Unable to prosecute suspect
c5fad8fdec0493aacd79e6c4ffb156b5c547175d31434aa90dd7fcc94d410138,2021-03,South Yorkshire Police,South Yorkshire Police,-1.469751,53.533980,On or near SWEYN CROFT,E01007463,Barnsley 021F,Suspect charged
70fb09db3c3971b0b8b5b5675e162429214a31ceb0e2a19e1da454ba0977ab95,2021-03,South Yorkshire Police,South Yorkshire Police,-1.313698,53.498724,On or near ADWICK PARK,E01007816,Rotherham 002A,Unable to prosecute suspect
6332907ee3febeae425f8701dc4f8a8358df3bc2d68eef82eed1047f03a9b287,2021-03,South Yorkshire Police,South Yorkshire Police,-1.492625,53.383385,On or near Park/Open Space,E01008067,Sheffield 030D,Local resolution
533300ec2fe7e8708a63f9021dfb36051f4f5e90ed61f38af6436e6bb3679c52,2021-03,South Yorkshire Police,South Yorkshire Police,-1.512525,53.589045,On or near ALDER CLOSE,E01007363,Barnsley 004E,Suspect charged
230e01ec1fe1b66ce0701d42cc6e18d332694e6865f2cd50a5650f18967cb7be,2021-03,South Yorkshire Police,South Yorkshire Police,-1.471720,53.377911,On or near Pedestrian Subway,E01033265,Sheffield 074C,Suspect charged
4196c6fbef091767bbbac51399a2fa287437356987a3f2ec31832cc1744ad5ef,2021-03,South Yorkshire Police,South Yorkshire Police,-1.195610,53.584180,On or near HUMBER COURT,E01007474,Doncaster 005F,Unable to prosecute suspect
1c44b283074c0e42d441355af6b54eef19031b31fe7fa6d28c26c5d0baea3054,2021-03,South Yorkshire Police,South Yorkshire Police,-1.153064,53.611067,On or near Police Station,E01007492,Doncaster 002F,Suspect charged
1988888ce9992c600cf07317f4ba337c2857135e5aa297737055d0ea4b9366db,2021-03,South Yorkshire Police,South Yorkshire Police,-1.466784,53.373547,On or near LENTON STREET,E01033273,Sheffield 042F,Unable to prosecute suspect
1988888ce9992c600cf07317f4ba337c2857135e5aa297737055d0ea4b9366db,2021-03,South Yorkshire Police,South Yorkshire Police,-1.466784,53.373547,On or near LENTON STREET,E01033273,Sheffield 042F,Unable to prosecute suspect
212184520d06a217f9f57c3cb01569af4e87d538fdefdc62ffafe9e84d225fd9,2021-03,South Yorkshire Police,South Yorkshire Police,-1.466553,53.384836,On or near SNIG HILL,E01033264,Sheffield 073D,Further investigation is not in the public interest
9c23e6b243616f9f5c1830fb95e371c8106706af3bfb77ad5953fa7e1b2d51e7,2021-03,South Yorkshire Police,South Yorkshire Police,-0.973170,53.546550,On or near VULCAN WAY,E01007557,Doncaster 008B,Unable to prosecute suspect
afa95ee16fea3260688d01632211ad8d5fed6741ed00b6659b956a172fe6b534,2021-03,South Yorkshire Police,South Yorkshire Police,-0.973170,53.546550,On or near VULCAN WAY,E01007557,Doncaster 008B,Suspect charged
0477dd48540b44ecc48f8ff5e1e869756ea095608aedd2b9fc64e0ae5436aa61,2021-03,South Yorkshire Police,South Yorkshire Police,-1.437811,53.350268,On or near SPRING CLOSE VIEW,E01007982,Sheffield 054A,Unable to prosecute suspect
65af53c6ac32a8781698282d8e2caecdde66674292bd6a6313693ba0781ef669,2021-03,South Yorkshire Police,South Yorkshire Police,-1.305053,53.469605,On or near GREENWOOD ROAD,E01007772,Rotherham 006B,Unable to prosecute suspect
64ceafd942108f5e789d34e8529316119ea9834fd7d4bc7722a6d2793e87223d,2021-03,South Yorkshire Police,South Yorkshire Police,-1.437811,53.350268,On or near SPRING CLOSE VIEW,E01007982,Sheffield 054A,Unable to prosecute suspect
50a120b2c2c1ebd2bf3ca4c1f106595de9248ed5fde299007576b4187c7880ea,2021-03,South Yorkshire Police,South Yorkshire Police,-1.322939,53.467460,On or near KILNHURST ROAD,E01007773,Rotherham 006C,Suspect charged
ab242e20b2f06b0a8efaf914c6d618abf1443d2b93bbc97095a12ea8772df017,2021-03,South Yorkshire Police,South Yorkshire Police,-1.343633,53.438399,On or near BETHEL ROAD,E01007768,Rotherham 014D,Investigation complete; no suspect identified
86307c35cef09776e9c04d66741ff65042f8e67bef09c2fffe0088efdfc2d62e,2021-03,South Yorkshire Police,South Yorkshire Police,-1.491343,53.415308,On or near LAMB ROAD,E01008092,Sheffield 012D,Unable to prosecute suspect
db04cae69c9e2897fd49a5b9c69cb5b8dfe65db8710f2e427327fdea94b0eec5,2021-03,South Yorkshire Police,South Yorkshire Police,-1.450844,53.600570,On or near THE LANE,E01007434,Barnsley 001A,Suspect charged
0f9c924459c7eec420224339e98cbfd1408cbb400fc0770a7093fcfe6645d85e,2021-03,South Yorkshire Police,South Yorkshire Police,-1.380284,53.348563,On or near CARR FORGE CLOSE,E01033279,Sheffield 076F,Unable to prosecute suspect
57981e3c883a78ee1d8eff1cead647b498e9e42f3c41e277110f236831870243,2021-03,South Yorkshire Police,South Yorkshire Police,-1.506160,53.359622,On or near TALMONT ROAD,E01008044,Sheffield 046B,Unable to prosecute suspect
57981e3c883a78ee1d8eff1cead647b498e9e42f3c41e277110f236831870243,2021-03,South Yorkshire Police,South Yorkshire Police,-1.506160,53.359622,On or near TALMONT ROAD,E01008044,Sheffield 046B,Unable to prosecute suspect
09c88f6240251555d8aead49856326a56ea0f8c229d604bf0c50359bba3435bd,2021-03,South Yorkshire Police,South Yorkshire Police,-1.406452,53.385370,On or near HUNTSMAN ROAD,E01007907,Sheffield 032A,Investigation complete; no suspect identified
54fe3f54512d49b04d3b94c33fb6c9968455371401514f0912a51516ca0a0a9d,2021-03,South Yorkshire Police,South Yorkshire Police,-1.471330,53.533124,On or near DAW CROFT AVENUE,E01007463,Barnsley 021F,Unable to prosecute suspect
a6b99515af48776c73fc176ce2edfe3a29f2afb7daa032fb3caaa1278be65a80,2021-03,South Yorkshire Police,South Yorkshire Police,-1.471330,53.533124,On or near DAW CROFT AVENUE,E01007463,Barnsley 021F,Unable to prosecute suspect
d86b8b74e3cbd343493ebd86243bd6213573faf1d11d215b6608d8ff525bfd5c,2021-03,South Yorkshire Police,South Yorkshire Police,-1.330855,53.438220,On or near FOLJAMBE ROAD,E01007736,Rotherham 014A,Unable to prosecute suspect
0e578588eb137073bc93c4aa58a93551b21f476a2593ce55a090266ad6d40baa,2021-03,South Yorkshire Police,South Yorkshire Police,-1.100880,53.516684,On or near BELLE VUE WAY,E01007526,Doncaster 025D,Unable to prosecute suspect
18c61bacaf672a9aaca7a7b5b5c3da4a81342db1c1495f3d9449ad50606ad080,2021-03,South Yorkshire Police,South Yorkshire Police,-1.474562,53.436493,On or near MONTENEY ROAD,E01008125,Sheffield 009G,Offender given a caution
3a80421b5528a25d3c4a314839a6182a0eb215b24f97cca9e92b0691fc1ee024,2021-03,South Yorkshire Police,South Yorkshire Police,-1.337756,53.454276,On or near INFIRMARY ROAD,E01007776,Rotherham 008B,Unable to prosecute suspect
3a80421b5528a25d3c4a314839a6182a0eb215b24f97cca9e92b0691fc1ee024,2021-03,South Yorkshire Police,South Yorkshire Police,-1.337756,53.454276,On or near INFIRMARY ROAD,E01007776,Rotherham 008B,Unable to prosecute suspect
088581a1f090344621abf250faceceee725876a237c69121078fb9f116fec9da,2021-03,South Yorkshire Police,South Yorkshire Police,-1.129022,53.525503,On or near NETHER HALL ROAD,E01007648,Doncaster 019D,Unable to prosecute suspect
aa2d82418699b5cdebebcf4fa889c6c91135ee863797f636744af78b92c4bd38,2021-03,South Yorkshire Police,South Yorkshire Police,-1.146513,53.507068,On or near STONEGATE MEWS,E01007534,Doncaster 028D,Unable to prosecute suspect
372a120d42de3e770cbb8a90d6c8b4e55add22afdd5f683719a84fc656a449d7,2021-03,South Yorkshire Police,South Yorkshire Police,-1.190109,53.483893,On or near WELLINGTON ROAD,E01007547,Doncaster 034B,Unable to prosecute suspect
3cc9845afd7079fe08750adf28345e6da76f4c333da199e772e822a7ff499d0a,2021-03,South Yorkshire Police,South Yorkshire Police,-1.318291,53.545994,On or near MARLBOROUGH CLOSE,E01007378,Barnsley 014F,Unable to prosecute suspect
3cc9845afd7079fe08750adf28345e6da76f4c333da199e772e822a7ff499d0a,2021-03,South Yorkshire Police,South Yorkshire Police,-1.318291,53.545994,On or near MARLBOROUGH CLOSE,E01007378,Barnsley 014F,Unable to prosecute suspect
5a7aa614c1cc6aa0604e378ccbdad3a139dec1fdea2be3319011ac3be3a0bb7a,2021-03,South Yorkshire Police,South Yorkshire Police,-0.947926,53.616892,On or near COULMAN ROAD,E01007635,Doncaster 001D,Unable to prosecute suspect
3b43d532321b98c28e8fdcff4ea11ab8592386eac7ea4927e999e3d8941bd2d4,2021-03,South Yorkshire Police,South Yorkshire Police,-1.150274,53.616036,On or near STATION ROAD,E01007489,Doncaster 002C,Unable to prosecute suspect
7dfc1315bc04c32513b83ddd930efa12c86d17919ebbd956b4d5fd2ae3557958,2021-03,South Yorkshire Police,South Yorkshire Police,-1.313844,53.442923,On or near IVY FARM CROFT,E01007721,Rotherham 010C,Unable to prosecute suspect
1ff3a8653d6b9388a24889526b29f75a1d5c0aadf28ca6a1764ab3ec1ef9f78d,2021-03,South Yorkshire Police,South Yorkshire Police,-1.296647,53.536134,On or near ST MARY'S ROAD,E01007376,Barnsley 022D,Investigation complete; no suspect identified
501caeaacfdc2377dccd20ce391919394c425a8d833b8a5b5f909727d58886e5,2021-03,South Yorkshire Police,South Yorkshire Police,-1.322162,53.442476,On or near A630,E01007736,Rotherham 014A,Unable to prosecute suspect
361b37e22dc99f022b665e51305f94ccba2516f5f5a5a9ca6356f81d5f17bd9b,2021-03,South Yorkshire Police,South Yorkshire Police,-1.451870,53.382010,On or near MANOR OAKS GARDENS,E01007885,Sheffield 075E,Unable to prosecute suspect
47cf62b90c2d564dcd97ec970ef063de70e702d452948a8413bf5da0562fed72,2021-03,South Yorkshire Police,South Yorkshire Police,-1.131840,53.515295,On or near CARR HOUSE ROAD,E01007530,Doncaster 022B,Unable to prosecute suspect
59f80824d5ff6674efcdd2e2f948a10c2e69f2c0670798be09e8fc43115fac3a,2021-03,South Yorkshire Police,South Yorkshire Police,-1.269249,53.498272,On or near CLAYFIELD VIEW,E01007580,Doncaster 030D,Suspect charged
c6e894e3a3fbb96e5577f9f9319e518867ee3ca665a4048292a7c1b187b44319,2021-03,South Yorkshire Police,South Yorkshire Police,-1.480417,53.379720,On or near Supermarket,E01033266,Sheffield 074D,Suspect charged
c6e894e3a3fbb96e5577f9f9319e518867ee3ca665a4048292a7c1b187b44319,2021-03,South Yorkshire Police,South Yorkshire Police,-1.480417,53.379720,On or near Supermarket,E01033266,Sheffield 074D,Suspect charged
8199feebff772a6cae6e3013727c5463a55bf5a9e91cd53358dbeeef6137c4bd,2021-03,South Yorkshire Police,South Yorkshire Police,-1.461479,53.387833,On or near WICKER,E01033270,Sheffield 022H,Unable to prosecute suspect
8199feebff772a6cae6e3013727c5463a55bf5a9e91cd53358dbeeef6137c4bd,2021-03,South Yorkshire Police,South Yorkshire Police,-1.461479,53.387833,On or near WICKER,E01033270,Sheffield 022H,Unable to prosecute suspect
df334f1be2aee63c94b38ad4f28732c66df0fb860aab55d5b7689befdc10d535,2021-03,South Yorkshire Police,South Yorkshire Police,-1.094955,53.527174,On or near CRECY AVENUE,E01007569,Doncaster 018F,Unable to prosecute suspect
2af0103aff3160d9b860a4efd444bd22f32015f5aaaa7af19c3159729d08e32f,2021-03,South Yorkshire Police,South Yorkshire Police,-1.492080,53.468353,On or near ACRE GATE,E01007888,Sheffield 003A,Unable to prosecute suspect
9e677ee0b38b59cf76d8710b9faeb5a0c7e3d84296e4cd813bb346d4aa89c93d,2021-03,South Yorkshire Police,South Yorkshire Police,-1.326430,53.430555,On or near ARNOLD ROAD,E01007735,Rotherham 013B,Investigation complete; no suspect identified
792d1be9f806584201e42093dcd7a5212eff9a6aa9fc4514b2fe8315b37ab733,2021-03,South Yorkshire Police,South Yorkshire Police,-1.465816,53.398073,On or near MINNA ROAD,E01007870,Sheffield 019A,Further action is not in the public interest
58473355d43a04fec3859b218885ddf612972a92e68eef437fd79ede2d148758,2021-03,South Yorkshire Police,South Yorkshire Police,-1.185109,53.561538,On or near THIRD AVENUE,E01007504,Doncaster 009F,Investigation complete; no suspect identified
d454e0f6f5693e30e377ebfdf48f814e1279997b70ffad5f37b108c6654a327f,2021-03,South Yorkshire Police,South Yorkshire Police,-1.330807,53.463334,On or near POTTERY LANE,E01007774,Rotherham 006D,Unable to prosecute suspect
1e1d8a56ac99e73719218cf75b266333587fbc60a1dd8ecbd4e62dc6cd9ea3cb,2021-03,South Yorkshire Police,South Yorkshire Police,-1.369021,53.407345,On or near LETARD DRIVE,E01007704,Rotherham 025D,Suspect charged
1e1d8a56ac99e73719218cf75b266333587fbc60a1dd8ecbd4e62dc6cd9ea3cb,2021-03,South Yorkshire Police,South Yorkshire Police,-1.369021,53.407345,On or near LETARD DRIVE,E01007704,Rotherham 025D,Suspect charged
a04f2d84d16c3e9ab4ec0910fe0762c2e4088bf44966db457dfa4e9f4ba456da,2021-03,South Yorkshire Police,South Yorkshire Police,-1.189204,53.486268,On or near KING'S CRESCENT,E01007545,Doncaster 034A,Investigation complete; no suspect identified
ab0b17bfd46eb9b4ba9086a8a3a5a770b8d3fc4ae6ef66ead821118536e2b269,2021-03,South Yorkshire Police,South Yorkshire Police,-1.240454,53.478974,On or near SANDAL ROAD,E01007541,Doncaster 035E,Unable to prosecute suspect
dde0b9016e1382069faa6da7e08d727360b1358f4b358d58ffe393baad7f5aba,2021-03,South Yorkshire Police,South Yorkshire Police,-1.134259,53.522395,On or near Nightclub,E01007645,Doncaster 022E,Unable to prosecute suspect
437309215da2a4403fe206abc8670406a1bbee50acff1dea3adc485541857472,2021-03,South Yorkshire Police,South Yorkshire Police,-1.079539,53.472144,On or near BOSWELL CLOSE,E01007597,Doncaster 037E,Suspect charged
712ae904a519d46f52bf90dc609eb624b264e551fa26ab2fd71ec50c23d9c8da,2021-03,South Yorkshire Police,South Yorkshire Police,-1.309823,53.366784,On or near ROSEDALE CLOSE,E01007668,Rotherham 030B,Offender given a caution
194130855f3691784f3db3c837a3915d3c3b21d424332f677bd88f3d15cbae95,2021-03,South Yorkshire Police,South Yorkshire Police,-1.124303,53.527590,On or near QUEEN'S ROAD,E01007648,Doncaster 019D,Unable to prosecute suspect
1ef98d7c5cb4fa4529dde7974478cd56f240c6571b505331f838f34830bced65,2021-03,South Yorkshire Police,South Yorkshire Police,-1.416432,53.425221,On or near BLACKBURN ROAD,E01007852,Sheffield 014C,Suspect charged
0f45b6f78a270809ef05a9fe094553417bda03d3f4500d1ac328d00b2c32e2a2,2021-03,South Yorkshire Police,South Yorkshire Police,-1.400537,53.427579,On or near MEADOWHALL ROAD,E01007745,Rotherham 015E,Unable to prosecute suspect
d9cb5f8223ab6061f988d082906c9126c94c5fd20158c42b2f9865a442e74118,2021-03,South Yorkshire Police,South Yorkshire Police,-1.416432,53.425221,On or near BLACKBURN ROAD,E01007852,Sheffield 014C,Suspect charged
4758d17efb462728db777ea8eb081cbb4785ffecac5e7f65b4850318d996cd50,2021-03,South Yorkshire Police,South Yorkshire Police,-1.387500,53.440447,On or near NEARCROFT ROAD,E01007740,Rotherham 011A,Unable to prosecute suspect
ce34adda26494b216e89241cf3c3a008cedfd58f0ff4fb9d044e099313da1b10,2021-03,South Yorkshire Police,South Yorkshire Police,-1.472553,53.395712,On or near RUTLAND ROAD,E01033270,Sheffield 022H,Offender given a caution
186100658d27af1234c73491e3bebe4f7079528e15157cdf922b0856e283580f,2021-03,South Yorkshire Police,South Yorkshire Police,-1.463858,53.496417,On or near ALLOTT STREET,E01007396,Barnsley 028A,Unable to prosecute suspect
186100658d27af1234c73491e3bebe4f7079528e15157cdf922b0856e283580f,2021-03,South Yorkshire Police,South Yorkshire Police,-1.463858,53.496417,On or near ALLOTT STREET,E01007396,Barnsley 028A,Unable to prosecute suspect
f24267acd08318fd56fd645cf3eae4f74f66f29e3977bdfed04f3621d933ef3a,2021-03,South Yorkshire Police,South Yorkshire Police,-1.472087,53.412671,On or near Parking Area,E01007943,Sheffield 019C,Suspect charged
447813c6fda2831cbdde0206485dd5c939a8867d17028eacad28a80a751ab244,2021-03,South Yorkshire Police,South Yorkshire Police,-1.433439,53.360504,On or near BLAZLEY ROAD,E01008098,Sheffield 048A,Suspect charged
c4d67afb35784b39f9eea5295b1c7e1263a58f371d65c18446243cf6b134f7c8,2021-03,South Yorkshire Police,South Yorkshire Police,-1.474542,53.417356,On or near RAISEN HALL ROAD,E01007946,Sheffield 015C,Unable to prosecute suspect
c4d67afb35784b39f9eea5295b1c7e1263a58f371d65c18446243cf6b134f7c8,2021-03,South Yorkshire Police,South Yorkshire Police,-1.474542,53.417356,On or near RAISEN HALL ROAD,E01007946,Sheffield 015C,Unable to prosecute suspect
f225317a049e2a21b8d780e43628bed3d95a8f13d7eb6ea9fcc3ce8b31a9a18b,2021-03,South Yorkshire Police,South Yorkshire Police,-1.504359,53.390500,On or near NORTHFIELD CLOSE,E01008154,Sheffield 024C,Unable to prosecute suspect
17252b8512b73f059b68fd8f9f0d366ea424daa156a3afc87a0750106ef2dbf2,2021-03,South Yorkshire Police,South Yorkshire Police,-1.239690,53.477027,On or near OAK GROVE,E01007540,Doncaster 035D,Investigation complete; no suspect identified
bce769eadd13affd1e76de08e9ddada1f092ac976c3a8c7c281cbb8ae4002a51,2021-03,South Yorkshire Police,South Yorkshire Police,-1.504359,53.390500,On or near NORTHFIELD CLOSE,E01008154,Sheffield 024C,Unable to prosecute suspect
bce769eadd13affd1e76de08e9ddada1f092ac976c3a8c7c281cbb8ae4002a51,2021-03,South Yorkshire Police,South Yorkshire Police,-1.504359,53.390500,On or near NORTHFIELD CLOSE,E01008154,Sheffield 024C,Unable to prosecute suspect
12066886dc64856b05c474b12d833184e4ac1c5e0246aa014b092d117f8d868f,2021-03,South Yorkshire Police,South Yorkshire Police,-1.239690,53.477027,On or near OAK GROVE,E01007540,Doncaster 035D,Investigation complete; no suspect identified
a1c6d372b29a4035fdb09080015e9d71b418f0922fcb403bf93ed1135ee2e32d,2021-03,South Yorkshire Police,South Yorkshire Police,-1.389096,53.372096,On or near Petrol Station,E01007912,Sheffield 037B,Unable to prosecute suspect
384324cb7fd09a78c3c71424c6268df5ab76e133879e4a3dba6737158bbf393d,2021-03,South Yorkshire Police,South Yorkshire Police,-1.063689,53.476965,On or near KINGFISHER COURT,E01007598,Doncaster 036D,Unable to prosecute suspect
3f110c86d2fb53f76e030ccd4705d23852b10ce473b3f00d043272d07b16afe3,2021-03,South Yorkshire Police,South Yorkshire Police,-1.063689,53.476965,On or near KINGFISHER COURT,E01007598,Doncaster 036D,Unable to prosecute suspect
dedcabaefffa38fbd2bcee13f275a5da16d24fbb2e3f8244fe4f472755434075,2021-03,South Yorkshire Police,South Yorkshire Police,-1.449406,53.499561,On or near SOUTH VIEW ROAD,E01007390,Barnsley 030B,Unable to prosecute suspect
7a05489f033acd7f3f60f3064ce475fb944f7034f477e13940a33bf8ac63b853,2021-03,South Yorkshire Police,South Yorkshire Police,-1.339916,53.456751,On or near SPALTON ROAD,E01007783,Rotherham 008C,Unable to prosecute suspect
193264ec29c080d4be69d5518ae90c4f0e13db40715d9d84f09275c98149dbfb,2021-03,South Yorkshire Police,South Yorkshire Police,-0.970162,53.544268,On or near Prison,E01007557,Doncaster 008B,Unable to prosecute suspect
a41f2dbd5efe42ea8d435d55b227bb7d58398b195349b819c957f5829fbc4fb4,2021-03,South Yorkshire Police,South Yorkshire Police,-1.131941,53.519960,On or near Parking Area,E01007645,Doncaster 022E,Action to be taken by another organisation
cd689499040bf599aa479e37d2045af1286b25a761ae484d798a3ca8a77d91cc,2021-03,South Yorkshire Police,South Yorkshire Police,-1.463760,53.345030,On or near WOODLAND ROAD,E01007827,Sheffield 064A,Further action is not in the public interest
c1bab6cf01039fc59d00e94d1b5f3d24bbd957bdc9d8384d35f53b600359a4be,2021-03,South Yorkshire Police,South Yorkshire Police,-1.382320,53.455018,On or near WHITEHALL ROAD,E01007733,Rotherham 009F,Suspect charged
a6100e354ce8d502dfa0cf7c90bb93380f42ba30e325da447db05a9b25cfc197,2021-03,South Yorkshire Police,South Yorkshire Police,-1.346631,53.334128,On or near CARLEY DRIVE,E01008019,Sheffield 065A,Suspect charged
cd9c4babcfb9c0e9878fee58a00f912c506870c4ab10441c36af169597ecc136,2021-03,South Yorkshire Police,South Yorkshire Police,-1.130369,53.523796,On or near FRANCES STREET,E01007645,Doncaster 022E,Unable to prosecute suspect
b922df306f0f8844dfd15cb57f8988af665563fcd180615158ab37192f8406dd,2021-03,South Yorkshire Police,South Yorkshire Police,-1.136477,53.521647,On or near CHANCERY PLACE,E01007645,Doncaster 022E,Unable to prosecute suspect
1b97dee89472e4e88868689032aeee0f7dfa9e08ef8f4f740be602b0cc26a4a4,2021-03,South Yorkshire Police,South Yorkshire Police,-1.147674,53.518348,On or near DENISON ROAD,E01007531,Doncaster 022C,Unable to prosecute suspect
141c2ed2d7bc3ecc20ffb7dff051aa660ab15478e1bc194bda05c897c1a84da2,2021-03,South Yorkshire Police,South Yorkshire Police,-1.463085,53.546893,On or near DONCASTER ROAD,E01007414,Barnsley 017D,Suspect charged
7601eb64429667f6da89c71ea8086121bc3f03e508a6c86ecde1b3b712a206d8,2021-03,South Yorkshire Police,South Yorkshire Police,-1.463085,53.546893,On or near DONCASTER ROAD,E01007414,Barnsley 017D,Suspect charged
5a6558d185e3ce855988a4429be0e7d30656f1b129c49d7039d41d35c0ccb0c3,2021-03,South Yorkshire Police,South Yorkshire Police,-1.403671,53.593909,On or near MAGNOLIA CLOSE,E01007331,Barnsley 003B,Unable to prosecute suspect
c456ecd0f81a29e08bcf0171324bf90b8f8922e9b6742235e2d673c9a03f25cb,2021-03,South Yorkshire Police,South Yorkshire Police,-1.313667,53.359498,On or near ELIZABETH ROAD,E01007673,Rotherham 030F,Suspect charged
b0c659933540a3c444840aadaa98ca55f5c0019a5fe529794b02c3c0ae8a0db8,2021-03,South Yorkshire Police,South Yorkshire Police,-1.488512,53.390379,On or near BRANDRETH CLOSE,E01008072,Sheffield 026C,Investigation complete; no suspect identified
018e4daa480b9a2ac94cfb4dac9b8a99dbe26bb32555639f555101a503ea2122,2021-03,South Yorkshire Police,South Yorkshire Police,-1.468492,53.382418,On or near FARGATE,E01033264,Sheffield 073D,Investigation complete; no suspect identified
4293b7d6d1a528f0610b55c3c823eb4a350802babb34c245d9be10b695409fe0,2021-03,South Yorkshire Police,South Yorkshire Police,-1.415888,53.521954,On or near WINDMILL COURT,E01007452,Barnsley 026B,Investigation complete; no suspect identified
84411dcd4ef666ee308ffb6f5b848919af31661efdbba5c02d2626284bf60f39,2021-03,South Yorkshire Police,South Yorkshire Police,-0.961903,53.610398,On or near Parking Area,E01007639,Doncaster 003D,Investigation complete; no suspect identified
372afee1e43e35830315242d367f8d11d8a058a3cd025a51e815ee9091931080,2021-03,South Yorkshire Police,South Yorkshire Police,-1.479016,53.413214,On or near BARRIE CRESCENT,E01007950,Sheffield 015D,Unable to prosecute suspect
b5867dfe4a8ab082b15b543be182ea7248293527ea605a27170bb7f68d46aff9,2021-03,South Yorkshire Police,South Yorkshire Police,-1.131941,53.519960,On or near Parking Area,E01007645,Doncaster 022E,Investigation complete; no suspect identified
11c1e82a1a9ec611a50f920fa2f145bd9450d77995390c45393afaeaf4132bc4,2021-03,South Yorkshire Police,South Yorkshire Police,-1.544705,53.583158,On or near CHURCHFIELD AVENUE,E01007360,Barnsley 005D,Unable to prosecute suspect
2cdb9a582401ce8462c3d1e00c015f971c0f39f1d5cdecf1658b0163d9e4ee9d,2021-03,South Yorkshire Police,South Yorkshire Police,-1.342557,53.549033,On or near NORFOLK ROAD,E01007349,Barnsley 020B,Investigation complete; no suspect identified
fbdc27af99b9ce0cc0d39ade76767920bde69e9a3635e91a94b1af3364fba2ad,2021-03,South Yorkshire Police,South Yorkshire Police,-1.304516,53.486824,On or near BROOMVILLE STREET,E01007800,Rotherham 003E,Unable to prosecute suspect
032aae65ce48a6777cd59a9b7a62a919c0aeb69e303a50d64b165c8a910718d1,2021-03,South Yorkshire Police,South Yorkshire Police,-1.138615,53.524054,On or near Shopping Area,E01007529,Doncaster 022A,Unable to prosecute suspect
72234e2ed727622fdc808b3010950dee7ef75d1566afa16eafa309fac2fa579b,2021-03,South Yorkshire Police,South Yorkshire Police,-1.402088,53.352396,On or near ROWDALE CRESCENT,E01007839,Sheffield 076B,Investigation complete; no suspect identified
fe9579fae30c9a8a870a410d686b7a50e77b308bbeff07ddef3f1961cd1225c2,2021-03,South Yorkshire Police,South Yorkshire Police,-1.491399,53.399236,On or near CUTHBERT BANK ROAD,E01008161,Sheffield 026E,Unable to prosecute suspect
24b192101189c75ce07883a5314d94b6ab1c727735cecd860ddb691743405c26,2021-03,South Yorkshire Police,South Yorkshire Police,-1.417039,53.427031,On or near DROPPINGWELL ROAD,E01007852,Sheffield 014C,Suspect charged
f7b7224b7eedde619318fc926f6526d5b1fd668e8b3e26e62b6df4d034e9fbea,2021-03,South Yorkshire Police,South Yorkshire Police,-1.417039,53.427031,On or near DROPPINGWELL ROAD,E01007852,Sheffield 014C,Suspect charged
4c4a1b076f09b5c71a3574936713725a27f36f39418386d03480a3dda92711ed,2021-03,South Yorkshire Police,South Yorkshire Police,-1.416940,53.579341,On or near SYCAMORE AVENUE,E01007343,Barnsley 003D,Suspect charged
7b3f46091abe80ed355539948242e185860b80eb86ccfee49bb1cbc493bcca23,2021-03,South Yorkshire Police,South Yorkshire Police,-1.065188,53.504716,On or near TEMPLE GARDENS,E01007604,Doncaster 024D,Further action is not in the public interest
400b9b753b8423fd6b3770dd9182dac253705133ca4b588a581c940638078636,2021-03,South Yorkshire Police,South Yorkshire Police,-1.173802,53.535915,On or near ST CLEMENT'S CLOSE,E01007589,Doncaster 016D,Unable to prosecute suspect
5ca634723f0ab16c37b65aa8c012f7a0cf04e8a6fa81fcfaa182b789a9805aac,2021-03,South Yorkshire Police,South Yorkshire Police,-1.430722,53.388482,On or near BROAD OAKS,E01007883,Sheffield 027A,Suspect charged
d03e0273e766760e4998fb33e33996880ac355ba3c835129ffd262ed40cf4c99,2021-03,South Yorkshire Police,South Yorkshire Police,-1.462644,53.399191,On or near HOLTWOOD ROAD,E01007869,Sheffield 020A,Further action is not in the public interest
4f899e3bc9938bd3f040c20cdfb5652279299e40f0d8a646c4f5703f6f992471,2021-03,South Yorkshire Police,South Yorkshire Police,-1.173802,53.535915,On or near ST CLEMENT'S CLOSE,E01007589,Doncaster 016D,Unable to prosecute suspect
1663e29294a79548940a844a094e12f838a628f4ecd7da4eccca165f6c01df01,2021-03,South Yorkshire Police,South Yorkshire Police,-1.475544,53.568224,On or near SMITHIES LANE,E01032550,Barnsley 010G,Suspect charged
aede947960adbcb32390fa285a11eeba649e35abf977b8dd0189c3a1ea91e450,2021-03,South Yorkshire Police,South Yorkshire Police,-1.301977,53.500067,On or near OLD FARM COURT,E01007574,Doncaster 031D,Unable to prosecute suspect
67ecabb0b2580d0cdd6faf9807b5afd81e05a4d57b8766fef9a6744a077c6832,2021-03,South Yorkshire Police,South Yorkshire Police,-1.153425,53.512816,On or near HAWFIELD CLOSE,E01007533,Doncaster 023C,Unable to prosecute suspect
b56b09cb3b212be9039f6a3cb25c149db9191839bc373e1fe6801dcf9b453d40,2021-03,South Yorkshire Police,South Yorkshire Police,-1.475544,53.568224,On or near SMITHIES LANE,E01032550,Barnsley 010G,Suspect charged
5d09f010510e5f8d5b48046e1fd2607c971b17e42b74c88c4d335e8c3c2d39d4,2021-03,South Yorkshire Police,South Yorkshire Police,-1.296518,53.495658,On or near CATHERINE STREET,E01007577,Doncaster 031F,Unable to prosecute suspect
6f3cce67ccd58f544aa1c8f9e30ceaadaf740ef85ba0f3b09a3df7ecd04ca47d,2021-03,South Yorkshire Police,South Yorkshire Police,-1.326588,53.426259,On or near STEVENSON DRIVE,E01007734,Rotherham 021F,Unable to prosecute suspect
dec720224d61df40368149b3fe9bb764746071dd11a4d976367a03bd1280cea7,2021-03,South Yorkshire Police,South Yorkshire Police,-1.353280,53.436546,On or near EFFINGHAM STREET,E01007714,Rotherham 017B,Unable to prosecute suspect
660555cdcd8024b85d9fc594a3be64c01b8b5aeaba996fb180a5a2fe42ef1f6e,2021-03,South Yorkshire Police,South Yorkshire Police,-1.464413,53.382813,On or near FITZALAN SQUARE,E01033264,Sheffield 073D,Suspect charged
ba8e9a9a3879995d944be44b72ddf60f1e74de75e8dbab232f0388619d2ea6c2,2021-03,South Yorkshire Police,South Yorkshire Police,-1.453425,53.593787,On or near SOUTH CLOSE,E01007436,Barnsley 002B,Unable to prosecute suspect
01d460690864661337e84713f90c7ba8b238bc111afae862befac4cd341c67cc,2021-03,South Yorkshire Police,South Yorkshire Police,-1.469952,53.416239,On or near EVERINGHAM CLOSE,E01007945,Sheffield 015B,Suspect charged
4c68bfb837de5d50c19c779e166dafecfdeabf961d0914b0a8596bd1d9d49e8f,2021-03,South Yorkshire Police,South Yorkshire Police,-1.469952,53.416239,On or near EVERINGHAM CLOSE,E01007945,Sheffield 015B,Suspect charged
da614fac51199c8c9fa320cc21d1099b232ea775d689609e09f5a140d93fe574,2021-03,South Yorkshire Police,South Yorkshire Police,-1.101458,53.542791,On or near Shopping Area,E01007652,Doncaster 015D,Suspect charged
1b14afe223b660cf848edbd17ab174d8deddccfdab4c0cc3f6ac11d014ee215b,2021-03,South Yorkshire Police,South Yorkshire Police,-1.336444,53.421532,On or near BROOM LANE,E01007767,Rotherham 017C,Unable to prosecute suspect
988702727ff8df8f0f34b833a0dfc43411f7b51649639751877012938586b966,2021-03,South Yorkshire Police,South Yorkshire Police,-1.483388,53.375202,On or near EXETER WAY,E01008114,Sheffield 074A,Suspect charged
4ccf09b5aaf5d58ade83da7cf4aeb9ed2f85f16ebfd091f540840dc66f0b4730,2021-03,South Yorkshire Police,South Yorkshire Police,-1.380284,53.348563,On or near CARR FORGE CLOSE,E01033279,Sheffield 076F,Unable to prosecute suspect
67846b42fbf80b8038928fd5434ba514694bce7f59fa1aa0e4cc53696bd9f46d,2021-03,South Yorkshire Police,South Yorkshire Police,-1.184903,53.589527,On or near LODGE ROAD,E01007472,Doncaster 005D,Local resolution
a3aba2bb75a96c5b95ab6216788d9b5fe0b731fbd1bcf792b0aa1c70a0509434,2021-03,South Yorkshire Police,South Yorkshire Police,-1.319184,53.434720,On or near WOODGROVE ROAD,E01007735,Rotherham 013B,Suspect charged
255c279a9df568725b4f8d2ff75fc61627a37d2709a85e3bbfae8f87a7ed092b,2021-03,South Yorkshire Police,South Yorkshire Police,-1.461024,53.335697,On or near NORTON CHURCH GLEBE,E01008078,Sheffield 064E,Local resolution
e4062794a9c5f354574b41c553d8ecd65c4e0ce5b0c0d5dc467a630fa20ceaa5,2021-03,South Yorkshire Police,South Yorkshire Police,-1.069385,53.538231,On or near KING STREET,E01033260,Doncaster 014F,Unable to prosecute suspect
d1dbb69fd5e363640670cc3c7fa860dc9cdffead025190b3700649f5407a7762,2021-03,South Yorkshire Police,South Yorkshire Police,-1.371377,53.595317,On or near PARK VIEW,E01007328,Barnsley 006A,Investigation complete; no suspect identified
99cf559e229043ab99ea590c8a9f6c328925cca37003a0dab00fddbceedccf83,2021-03,South Yorkshire Police,South Yorkshire Police,-1.482676,53.565280,On or near SMITHIES LANE,E01032551,Barnsley 010H,Further investigation is not in the public interest
5000977fde7cca1d6572664b63f3995ff4838547f7b49e7859e2a0b153f0b94b,2021-03,South Yorkshire Police,South Yorkshire Police,-1.450956,53.540609,On or near BIRK AVENUE,E01007318,Barnsley 018B,Suspect charged
35da15db14b56cd09a83ce6de5ba8bb2086258bebcaf3eb8ec291258b9255f58,2021-03,South Yorkshire Police,South Yorkshire Police,-1.077308,53.473565,On or near JUNCTION ROAD,E01007590,Doncaster 037A,Unable to prosecute suspect
48c6e1e23dc3699b73a854280338d0af60399fdc467b5254e362b9bbb217b8fe,2021-03,South Yorkshire Police,South Yorkshire Police,-1.465826,53.600036,On or near CHEVET VIEW,E01007439,Barnsley 001D,Investigation complete; no suspect identified
a12fabcff69732622d2b7450ec01254acc0464f4208f3d296da7c39ab09b3114,2021-03,South Yorkshire Police,South Yorkshire Police,-1.340311,53.454578,On or near MARSHALL CLOSE,E01007783,Rotherham 008C,Suspect charged
94f37b61566df37a6ba9b3f257224e630e4198dfdce9e3a4b6859a5e7059ff68,2021-03,South Yorkshire Police,South Yorkshire Police,-1.219814,53.351335,On or near RYTON ROAD,E01007658,Rotherham 032A,Suspect charged
1537a057d152bf99b5b9a04e9d418166856a62e88b107bec00cce525ecf8f720,2021-03,South Yorkshire Police,South Yorkshire Police,-1.111751,53.538428,On or near DURHAM ROAD,E01007651,Doncaster 015C,Unable to prosecute suspect
2903e25fee8d716247052eb73873ab5283c02d814354e13d737fb09c066085fe,2021-03,South Yorkshire Police,South Yorkshire Police,-1.387461,53.517452,On or near EVERILL CLOSE,E01032925,Barnsley 026G,Investigation complete; no suspect identified
5bfe620fa59e7b40bf063f3bb457f9038e587223e5ad74c889eb6c56e8f7f749,2021-03,South Yorkshire Police,South Yorkshire Police,-1.434074,53.561869,On or near ABBOTS ROAD,E01007403,Barnsley 011C,Investigation complete; no suspect identified
ea2ce06266169657d79b2b9569e12ae34392bb54004b7f5948bb13b47340817d,2021-03,South Yorkshire Police,South Yorkshire Police,-1.316888,53.551586,On or near BURNSIDE,E01007378,Barnsley 014F,Unable to prosecute suspect
edec856db57173b6bcb91355d517cd3abe36f4e6d2281dd7a413732a5824f368,2021-03,South Yorkshire Police,South Yorkshire Police,-1.449692,53.356184,On or near Supermarket,E01007977,Sheffield 051C,Unable to prosecute suspect
edec856db57173b6bcb91355d517cd3abe36f4e6d2281dd7a413732a5824f368,2021-03,South Yorkshire Police,South Yorkshire Police,-1.449692,53.356184,On or near Supermarket,E01007977,Sheffield 051C,Unable to prosecute suspect
069cea3255b25d448d921ed298e276f28faf0a50a9ae285de1bea62231aa9205,2021-03,South Yorkshire Police,South Yorkshire Police,-1.316888,53.551586,On or near BURNSIDE,E01007378,Barnsley 014F,Unable to prosecute suspect
4b098b59dc9da7b754b6d6a9d231044fd221656a2e548868ed6d23a129acae32,2021-03,South Yorkshire Police,South Yorkshire Police,-1.316888,53.551586,On or near BURNSIDE,E01007378,Barnsley 014F,Unable to prosecute suspect
8d1506f6a8a6eb60e9e55b3b1a10cd2d4da5b6d89a80a0c4f6b08b9ed0626bef,2021-03,South Yorkshire Police,South Yorkshire Police,-1.477611,53.559739,On or near HONEYWELL CLOSE,E01007410,Barnsley 010E,Unable to prosecute suspect
a2847aefd4fd9d00af0139b270eac1d7550c1d5d0db9fce1528a6ef10e7be5c9,2021-03,South Yorkshire Police,South Yorkshire Police,-1.211535,53.370948,On or near Supermarket,E01007790,Rotherham 029E,Investigation complete; no suspect identified
e552fbf2b6f9c226ac20eb31104acb272bae162565a7fa1e248ebef3aafec839,2021-03,South Yorkshire Police,South Yorkshire Police,,,No location,,,Investigation complete; no suspect identified
2656c1828935b1f9965255f1e48f792ff5891cbcc98e5fefe1830236540394cc,2021-03,South Yorkshire Police,South Yorkshire Police,-1.300230,53.499985,On or near LABURNUM ROAD,E01007573,Doncaster 031C,Unable to prosecute suspect
279ea9cdb54e5b6e4457aa7e9d84594c756f76711dd322de8962b8c2dd540722,2021-03,South Yorkshire Police,South Yorkshire Police,-1.131941,53.519960,On or near Parking Area,E01007645,Doncaster 022E,Suspect charged
1d1a3744e9e2ded360a03ce442de6207cb595bd39c2a389dc47c060b3046111a,2021-03,South Yorkshire Police,South Yorkshire Police,-1.480573,53.584165,On or near Sports/Recreation Area,E01007323,Barnsley 007A,Unable to prosecute suspect
7e6970731e682f9322e2a4473e81b5c208e317db01f424606ca9d19e67ad2b1c,2021-03,South Yorkshire Police,South Yorkshire Police,-1.274185,53.422833,On or near BEECH GROVE,E01007687,Rotherham 022B,Local resolution
c7abedbecf0be809cd96f7d9eb484489b3b6126bc2c75630123a1c2c29ca117e,2021-03,South Yorkshire Police,South Yorkshire Police,-1.064225,53.555288,On or near WORRAL COURT,E01007475,Doncaster 011A,Suspect charged
0c5defa899e43656f5196419d54f0b210e96b6058fa574bd51c46b51a96059a9,2021-03,South Yorkshire Police,South Yorkshire Police,-1.468845,53.362491,On or near SPENCER ROAD,E01007975,Sheffield 051A,Suspect charged
3ff29626a31b010b1a45d5e9259595176b0773fff3db4488a3a36f5c45a6f7ef,2021-03,South Yorkshire Police,South Yorkshire Police,-1.484543,53.547078,On or near SPRING STREET,E01007340,Barnsley 013B,Investigation complete; no suspect identified
2c85161e699033cd017acf666aa27be59ddbd0f7dc4ec03fc7a9e88e36698f4a,2021-03,South Yorkshire Police,South Yorkshire Police,-1.370861,53.324397,On or near MEADOW CRESCENT,E01008025,Sheffield 072D,Suspect charged
b3b0eceb0746e29e0d3008a168b2acea065f3b4345354e34651959922d82ac4a,2021-03,South Yorkshire Police,South Yorkshire Police,-1.489367,53.548824,On or near LEOPOLD STREET,E01007417,Barnsley 013D,Unable to prosecute suspect
ce4a85bc6e80d5e38e40498246a509b43d6cd014babacc5064ec6717b4b2cae1,2021-03,South Yorkshire Police,South Yorkshire Police,-1.446345,53.357140,On or near DARESBURY PLACE,E01008103,Sheffield 048D,Unable to prosecute suspect
10b34df976676bd81de36e3660f49768510e32bfa5a20cfeb475af76852902e5,2021-03,South Yorkshire Police,South Yorkshire Police,,,No location,,,Unable to prosecute suspect
3a329cc0b545a254dcf8ada6252201d23198646817587f26d6f38ee5438ffcbc,2021-03,South Yorkshire Police,South Yorkshire Police,-1.154783,53.539342,On or near WATCH HOUSE LANE,E01007513,Doncaster 012B,Suspect charged
9518ff0285ec9ea4ff5d255fb2c5421c5c5fa3db0e3a9e7f446297a9f29bcbe4,2021-03,South Yorkshire Police,South Yorkshire Police,-1.351376,53.342019,On or near Supermarket,E01008034,Sheffield 056D,Suspect charged
bda169d76872bd9c53d64f963ffe3fc431278323efbff05db33a45eba3b582ea,2021-03,South Yorkshire Police,South Yorkshire Police,-1.393997,53.447195,On or near LOVETOT ROAD,E01007805,Rotherham 011C,Further investigation is not in the public interest
c15f37420bd8d813999df6ea66752f0d45e9ec4f1aedd1bb23aeb74fbdfb231e,2021-03,South Yorkshire Police,South Yorkshire Police,-1.484543,53.547078,On or near SPRING STREET,E01007340,Barnsley 013B,Investigation complete; no suspect identified
23a05af713bf86c951c9e199c4bfaf27e886147756652819ad1399a84ac47301,2021-03,South Yorkshire Police,South Yorkshire Police,-1.493139,53.369248,On or near Supermarket,E01007864,Sheffield 036D,Suspect charged
1887432c8882222f6d589cbe29c430bd25feb6d640513c8fd21a672725e90101,2021-03,South Yorkshire Police,South Yorkshire Police,-1.468276,53.381698,On or near Shopping Area,E01033264,Sheffield 073D,Suspect charged
cc7166a95bc5adfce8f424be144cb920a6d370067ae94a15f33f4d0cc0795961,2021-03,South Yorkshire Police,South Yorkshire Police,-1.468276,53.381698,On or near Shopping Area,E01033264,Sheffield 073D,Unable to prosecute suspect
a8bfb84aa952050fde9d9917f3c92a1674b3452ede2e047f0c4eecf3511b6ac3,2021-03,South Yorkshire Police,South Yorkshire Police,-1.408880,53.406551,On or near Park/Open Space,E01007913,Sheffield 018C,Offender given a drugs possession warning
9067bec36dbf5a43cfa69ba5d093d9d48aa9db612bcf7e424c1c2af155f4e6b3,2021-03,South Yorkshire Police,South Yorkshire Police,-1.394670,53.365905,On or near RAVENSCROFT PLACE,E01007967,Sheffield 045B,Unable to prosecute suspect
2286219a40cea366dd91303e80f46c62de22b4df02ee196bce7a29f52a5a9f78,2021-03,South Yorkshire Police,South Yorkshire Police,-1.457167,53.392272,On or near Nightclub,E01033269,Sheffield 022G,Offender given a caution
6b6da8ba960c0598be9dc911ef80bef1ed6fc946bc8d810dc6604845bf71681b,2021-03,South Yorkshire Police,South Yorkshire Police,-1.392499,53.347404,On or near JERMYN AVENUE,E01033278,Sheffield 076E,Unable to prosecute suspect
6b6da8ba960c0598be9dc911ef80bef1ed6fc946bc8d810dc6604845bf71681b,2021-03,South Yorkshire Police,South Yorkshire Police,-1.392499,53.347404,On or near JERMYN AVENUE,E01033278,Sheffield 076E,Unable to prosecute suspect
af8b9872addb5413b50cdc0d8bb414a1c2da688ded4b49515c59099d0b29dd04,2021-03,South Yorkshire Police,South Yorkshire Police,-1.136715,53.524004,On or near Shopping Area,E01007645,Doncaster 022E,Offender given a drugs possession warning
4b894cdcaacc1e808d0d62d8b3aaa73beb90f2e5bcb9b608873949efd86ac10e,2021-03,South Yorkshire Police,South Yorkshire Police,-1.477924,53.361039,On or near DALTON COURT,E01008112,Sheffield 042D,Investigation complete; no suspect identified
39f1d883afbe5e99423552ef5d5b53f50814825f00aca12c6958bde2cf467692,2021-03,South Yorkshire Police,South Yorkshire Police,-1.392499,53.347404,On or near JERMYN AVENUE,E01033278,Sheffield 076E,Unable to prosecute suspect
1399634393e62078ac920f3bfac13716dff425374a0ba8bd30aa8b95a5238909,2021-03,South Yorkshire Police,South Yorkshire Police,-1.478228,53.323863,On or near LUPTON ROAD,E01008080,Sheffield 069D,Unable to prosecute suspect
3ace27c03a4dcb6e9655adb8977f4b5c5ccdfa5a17fd5445a6dc624c428665fa,2021-03,South Yorkshire Police,South Yorkshire Police,-1.113996,53.527011,On or near IMPERIAL CRESCENT,E01007649,Doncaster 019E,Unable to prosecute suspect
6eb640d2dce1260d5a97915bf58f5a5241f37aa5b06841165f89397f4b499498,2021-03,South Yorkshire Police,South Yorkshire Police,-1.513097,53.382446,On or near FORRES AVENUE,E01007961,Sheffield 033D,Action to be taken by another organisation
f8754db6debf053804c40372d88e111f50b472fed6a8d01d9a43c13c8bde6503,2021-03,South Yorkshire Police,South Yorkshire Police,-1.069385,53.538231,On or near KING STREET,E01033260,Doncaster 014F,Unable to prosecute suspect
d634dc36348c8f71e29de8493165bf555bda7fa1898ff26c75223d4ef599aa17,2021-03,South Yorkshire Police,South Yorkshire Police,-1.092022,53.532419,On or near CARDIGAN ROAD,E01007566,Doncaster 018C,Local resolution
526e057e3cf684f3d81ea4cee26b6d6e5359910d657ee6e41bab1086154bd90c,2021-03,South Yorkshire Police,South Yorkshire Police,-1.092022,53.532419,On or near CARDIGAN ROAD,E01007566,Doncaster 018C,Local resolution
21b511918864edaa0766d3762aac057308e02085213e8110df5ab3d6457a7a6c,2021-03,South Yorkshire Police,South Yorkshire Police,-1.349843,53.500984,On or near CONSTABLE PLACE,E01007822,Rotherham 002F,Unable to prosecute suspect
becd07f851afe24ae0596d20154d07a1da4f841852abc2192b8436cd713405de,2021-03,South Yorkshire Police,South Yorkshire Police,,,No location,,,Unable to prosecute suspect
0cfa23624320c6f0ff58f83bbe5dd36138abe2331b929beebb1d25c70c3175b6,2021-03,South Yorkshire Police,South Yorkshire Police,-1.417913,53.421408,On or near ECCLES STREET,E01007852,Sheffield 014C,Unable to prosecute suspect
4aa647946af476c386afbd9bbbca5b1a71d7834d0532bf26a20f89e699c281d1,2021-03,South Yorkshire Police,South Yorkshire Police,-1.226932,53.480145,On or near DONCASTER ROAD,E01007536,Doncaster 032A,Unable to prosecute suspect
3bc1b118d1b3acd72baaadf50cf7533ea6629e21b7562c909c7fd536ab714ec4,2021-03,South Yorkshire Police,South Yorkshire Police,-1.440513,53.359557,On or near ERRINGTON CRESCENT,E01008102,Sheffield 048C,Unable to prosecute suspect
80d98c922bf7fc8d9c9f2e6b73b33fe4856402b66036a5247bf314627b7e2d59,2021-03,South Yorkshire Police,South Yorkshire Police,-1.458084,53.536660,On or near UNDERWOOD AVENUE,E01007461,Barnsley 021D,Unable to prosecute suspect
8b5f40eed01fbd80b7adb65ac323de6cffd0e39636594b95b3305a4c8aac1612,2021-03,South Yorkshire Police,South Yorkshire Police,-1.301981,53.533811,On or near MARKET STREET,E01007369,Barnsley 022A,Unable to prosecute suspect
ac455b3fcb1aa32d88cc6d712406b33f60a7ed9ad08cd983e133f518c70a62dc,2021-03,South Yorkshire Police,South Yorkshire Police,-1.442776,53.598205,On or near MEADOW COURT,E01007433,Barnsley 002A,Unable to prosecute suspect
d555cd5ee3faac874b6fbc6f28c3e1910a060a23049d8005df8b11e8b6109c4f,2021-03,South Yorkshire Police,South Yorkshire Police,-0.972338,53.544772,On or near HAMPDEN CRESCENT,E01007557,Doncaster 008B,Unable to prosecute suspect
2ec61d10c1b156a9cd9db6d2f8092e9be9c574f042efde224a80c5fc2591c449,2021-03,South Yorkshire Police,South Yorkshire Police,-1.344456,53.427922,On or near CLIFTON CRESCENT SOUTH,E01007767,Rotherham 017C,Suspect charged
233ee12e441338f57a1e0b7836751a6fdd00ed3cddc23b0571d6ea60e42a8db4,2021-03,South Yorkshire Police,South Yorkshire Police,-1.480885,53.367146,On or near SMEATON STREET,E01008105,Sheffield 040A,Investigation complete; no suspect identified
7a8bda828e1d09e2ad97847e1a5cf25b834e89aebc7cf3d75fcee6623beb3aab,2021-03,South Yorkshire Police,South Yorkshire Police,-1.146724,53.501074,On or near SHELLEY AVENUE,E01007500,Doncaster 028B,Unable to prosecute suspect
88b136ae3d4e8c7fceec31d97c9623296fcfe652d74f0bf00abe0897a88a4b98,2021-03,South Yorkshire Police,South Yorkshire Police,-1.464359,53.384745,On or near WAINGATE,E01033268,Sheffield 075G,Suspect charged
bf3de51447c940a9eab4a94fc3836099455482b272df8ad6cee3a6a57794a83e,2021-03,South Yorkshire Police,South Yorkshire Police,-1.386935,53.429451,On or near PITT STREET,E01007718,Rotherham 016D,Unable to prosecute suspect
e4829c5d4442ffd69f4fb0f85905a7cfe5d7f3da5bf2e479bb13b6498e16ed60,2021-03,South Yorkshire Police,South Yorkshire Police,-1.096037,53.529483,On or near WINDERMERE AVENUE,E01007564,Doncaster 018A,Suspect charged
3003314776c7548c6b3e65c67c263622cb9c8a4a2cb50c8a60f1b8fb2215cfe8,2021-03,South Yorkshire Police,South Yorkshire Police,-1.386142,53.431245,On or near UPPER CLARA STREET,E01007718,Rotherham 016D,Offender given a caution
7353ba87b47ffe56d5c48a25878cd1e50b24b0e05cc3e1f493a3b0b7d10ab1b3,2021-03,South Yorkshire Police,South Yorkshire Police,-1.396275,53.416070,On or near NEWMARCH STREET,E01007913,Sheffield 018C,Unable to prosecute suspect
75a53d8cfd14d04fc00f91d273660f8b853ba584c2acd3f738be52c6645efb8c,2021-03,South Yorkshire Police,South Yorkshire Police,-1.466124,53.363827,On or near MIDHILL CRESCENT,E01008099,Sheffield 051E,Investigation complete; no suspect identified
005392e1e2fe5dd2a48ddaeecc6804b6949923a8d23f04416ae79151584617e8,2021-03,South Yorkshire Police,South Yorkshire Police,-1.281145,53.497256,On or near HALL AVENUE,E01007576,Doncaster 031E,Unable to prosecute suspect
9d2aff872dd775f984221c5865ce7fc278265e05d1ea4c66d335bd8a27c4d93a,2021-03,South Yorkshire Police,South Yorkshire Police,-1.020540,53.582704,On or near CRABTREE ROAD,E01007556,Doncaster 006C,Suspect charged
3400fb99846efa0ef173e2c89c582bd50e307127affc83362159c025387ba125,2021-03,South Yorkshire Police,South Yorkshire Police,-1.498391,53.384030,On or near SPRING HILL,E01008066,Sheffield 028B,Unable to prosecute suspect
817aa924862bc84bf6d43d809a81004d4f9b118e7a90de3a46866c0ff0eb2d26,2021-03,South Yorkshire Police,South Yorkshire Police,-1.443658,53.408884,On or near HINDE STREET,E01007944,Sheffield 022F,Investigation complete; no suspect identified
5ac41629bfba51f5800ececbc562f8eb648c652e4434b589c1a71b56a916274e,2021-03,South Yorkshire Police,South Yorkshire Police,-1.470394,53.442407,On or near TOWN END ROAD,E01008135,Sheffield 005C,Investigation complete; no suspect identified
d0c88a4309874ffa6d9f1f53e0d3b96241f7087f103582f843a3e04cd4d78a89,2021-03,South Yorkshire Police,South Yorkshire Police,-1.145848,53.525912,On or near Prison,E01007529,Doncaster 022A,Suspect charged
d35d6659274e1103d18ea842bf604667a7aef63146effdb70c7a1d48c02721fc,2021-03,South Yorkshire Police,South Yorkshire Police,-1.335617,53.462057,On or near ST MARY'S ROAD,E01007775,Rotherham 008A,Further action is not in the public interest
8e91fe84b8d00b1eb1e6900da546dc0be56efc80a43898904cc934ae49439b3a,2021-03,South Yorkshire Police,South Yorkshire Police,-1.496502,53.420534,On or near HEATH ROAD,E01008087,Sheffield 012A,Investigation complete; no suspect identified
3848591474aae4e8ca5aabf9bce0e2d6ed3abf935ef469b3b5819b374c08f1de,2021-03,South Yorkshire Police,South Yorkshire Police,-1.442776,53.598205,On or near MEADOW COURT,E01007433,Barnsley 002A,Unable to prosecute suspect
8ba1769df96b3a683b88375fb674e5bf0c7830b4612fd037600d0f31754cc702,2021-03,South Yorkshire Police,South Yorkshire Police,-1.496403,53.391959,On or near WALKLEY STREET,E01008155,Sheffield 024D,Unable to prosecute suspect
c508821fd25aa9750404afd46f1d506be5a093bcc65e22c0183254974fcfe807,2021-03,South Yorkshire Police,South Yorkshire Police,-1.404132,53.518067,On or near WRIGHT CRESCENT,E01007451,Barnsley 026A,Suspect charged
16edbc2b50e1c86bbf9386bbc3b8264c891c758ee0d093ee5465cfd97f494389,2021-03,South Yorkshire Police,South Yorkshire Police,-1.441108,53.426652,On or near OAKS FOLD AVENUE,E01007849,Sheffield 010A,Suspect charged
cc8fbf9ae25c84451b19a70f12f1c26cb9b47e651015e1efde4ef272d6d3f375,2021-03,South Yorkshire Police,South Yorkshire Police,-1.426523,53.404435,On or near HAWKE STREET,E01033269,Sheffield 022G,Suspect charged
8ae4f8f781fc8c4adefea9ffe5dd77fbf5d9f13027e64fbac51056a4236e96f4,2021-03,South Yorkshire Police,South Yorkshire Police,-1.397187,53.365369,On or near RAVENSCROFT OVAL,E01007967,Sheffield 045B,Unable to prosecute suspect
8ae4f8f781fc8c4adefea9ffe5dd77fbf5d9f13027e64fbac51056a4236e96f4,2021-03,South Yorkshire Police,South Yorkshire Police,-1.397187,53.365369,On or near RAVENSCROFT OVAL,E01007967,Sheffield 045B,Unable to prosecute suspect
2b2b2192cbc9088ea19c1928581b3f3b742858f3f12e0ff9c54a71e2de8eb71b,2021-03,South Yorkshire Police,South Yorkshire Police,-1.450519,53.432098,On or near HARTLEY BROOK ROAD,E01008057,Sheffield 007D,Unable to prosecute suspect
a6cc9d803b16f0f771a16cd526746c65c725e7c279312a507ecd727af3b1df1a,2021-03,South Yorkshire Police,South Yorkshire Police,-0.970162,53.544268,On or near Prison,E01007557,Doncaster 008B,Unable to prosecute suspect
08da1ba17bbcf4b2e4e2409f33ba01f28e5bb626666462448414415e58f8ce84,2021-03,South Yorkshire Police,South Yorkshire Police,-1.460136,53.384609,On or near Park/Open Space,E01033268,Sheffield 075G,Suspect charged
a24b9e9be3d4b946f350827db45298de451b6e0c1fec71414ea9d6253c573b09,2021-03,South Yorkshire Police,South Yorkshire Police,-1.307915,53.533512,On or near BARNSLEY ROAD,E01007376,Barnsley 022D,Unable to prosecute suspect
96a8dedc509293c43630276070377d0392868f184e45e3a1063e1c6078f4073d,2021-03,South Yorkshire Police,South Yorkshire Police,-1.307915,53.533512,On or near BARNSLEY ROAD,E01007376,Barnsley 022D,Suspect charged
ca43eeb125f8bad30737cdf068a0394822c7c77bef0457e640bffbc894d926ac,2021-03,South Yorkshire Police,South Yorkshire Police,-1.414599,53.578287,On or near NEW ROAD COURT,E01007345,Barnsley 008B,Suspect charged
afba880d194339cde4c899e4b9a3a963583d3c85a54ae1f1eb8aba430fcae8e8,2021-03,South Yorkshire Police,South Yorkshire Police,-1.414599,53.578287,On or near NEW ROAD COURT,E01007345,Barnsley 008B,Suspect charged
2cd8db6e8a7c166046e9a8a14c7d04baf961af328762e70e90841e0e08491f6b,2021-03,South Yorkshire Police,South Yorkshire Police,-1.447568,53.601499,On or near FILEY AVENUE,E01007440,Barnsley 002D,Unable to prosecute suspect
2cd8db6e8a7c166046e9a8a14c7d04baf961af328762e70e90841e0e08491f6b,2021-03,South Yorkshire Police,South Yorkshire Police,-1.447568,53.601499,On or near FILEY AVENUE,E01007440,Barnsley 002D,Unable to prosecute suspect
381d5f21387613ef86ad9337f29d859fe3677e9a7ea247604f8b313535928714,2021-03,South Yorkshire Police,South Yorkshire Police,-1.127228,53.525454,On or near VAUGHAN AVENUE,E01007648,Doncaster 019D,Unable to prosecute suspect
381d5f21387613ef86ad9337f29d859fe3677e9a7ea247604f8b313535928714,2021-03,South Yorkshire Police,South Yorkshire Police,-1.127228,53.525454,On or near VAUGHAN AVENUE,E01007648,Doncaster 019D,Unable to prosecute suspect
381d5f21387613ef86ad9337f29d859fe3677e9a7ea247604f8b313535928714,2021-03,South Yorkshire Police,South Yorkshire Police,-1.127228,53.525454,On or near VAUGHAN AVENUE,E01007648,Doncaster 019D,Unable to prosecute suspect
381d5f21387613ef86ad9337f29d859fe3677e9a7ea247604f8b313535928714,2021-03,South Yorkshire Police,South Yorkshire Police,-1.127228,53.525454,On or near VAUGHAN AVENUE,E01007648,Doncaster 019D,Unable to prosecute suspect
381d5f21387613ef86ad9337f29d859fe3677e9a7ea247604f8b313535928714,2021-03,South Yorkshire Police,South Yorkshire Police,-1.127228,53.525454,On or near VAUGHAN AVENUE,E01007648,Doncaster 019D,Unable to prosecute suspect
381d5f21387613ef86ad9337f29d859fe3677e9a7ea247604f8b313535928714,2021-03,South Yorkshire Police,South Yorkshire Police,-1.127228,53.525454,On or near VAUGHAN AVENUE,E01007648,Doncaster 019D,Unable to prosecute suspect
6cd5ea003e007d058b1f4a8825cff03f40a9e91355d54474661a9600dd31f575,2021-03,South Yorkshire Police,South Yorkshire Police,-1.125699,53.517632,On or near RAVENSWORTH ROAD,E01007645,Doncaster 022E,Unable to prosecute suspect
7d5a4f67b1f59e6ae67385508624584120428777f83cd691dd7342dae67eb3a7,2021-03,South Yorkshire Police,South Yorkshire Police,-1.069479,53.471967,On or near Supermarket,E01007595,Doncaster 037D,Suspect charged
f1d29335791537e1ee198463dd4fa73582ad7eb588f508cfe3238fac3346a6dd,2021-03,South Yorkshire Police,South Yorkshire Police,-0.997657,53.580717,On or near Parking Area,E01007553,Doncaster 008A,Suspect charged
28eea3ac150fccb85033558afc949f92602c804f308ca4038db27f03291da577,2021-03,South Yorkshire Police,South Yorkshire Police,-1.453264,53.407032,On or near BLYDE ROAD,E01007942,Sheffield 020D,Suspect charged
c43b5bd6185937a7f86d5d912f5ae27a657d75fa7b2b084e89cdc9e2d2f3ec23,2021-03,South Yorkshire Police,South Yorkshire Police,-1.544036,53.433201,On or near NAYLOR ROAD,E01008140,Sheffield 008E,Suspect charged
8c7ffe3e3c666aa0582def56a5f8e718f2b27b91e0a61576026de6a99ab5be60,2021-03,South Yorkshire Police,South Yorkshire Police,-1.544036,53.433201,On or near NAYLOR ROAD,E01008140,Sheffield 008E,Suspect charged
b8ae0e3a13bc5c4f17fa1a84bfb2e9ab4e3d78db20f9dca667fd53100752af76,2021-03,South Yorkshire Police,South Yorkshire Police,-1.136761,53.492805,On or near Petrol Station,E01007502,Doncaster 028C,Unable to prosecute suspect
c7b90fc245e1d353fe70f7de0d0147c6b67c6a2b9febedc276e384608ab3a186,2021-03,South Yorkshire Police,South Yorkshire Police,-1.175600,53.547433,On or near ASHTON AVENUE,E01007518,Doncaster 012D,Unable to prosecute suspect
5eca38c1abd30b3aa7de0e779b9b0565a9c52b20fa3809770eb55d54e5faa882,2021-03,South Yorkshire Police,South Yorkshire Police,-1.513693,53.378934,On or near HALLGATE ROAD,E01007951,Sheffield 029A,Suspect charged
5eca38c1abd30b3aa7de0e779b9b0565a9c52b20fa3809770eb55d54e5faa882,2021-03,South Yorkshire Police,South Yorkshire Police,-1.513693,53.378934,On or near HALLGATE ROAD,E01007951,Sheffield 029A,Suspect charged
3e6f5b988f825043258e9ff3543fe0fc9875df07a47c7f4535b616989cdabfeb,2021-03,South Yorkshire Police,South Yorkshire Police,-1.269833,53.495031,On or near CLAYFIELD ROAD,E01007579,Doncaster 030C,Suspect charged
171ffddb7f15b3ae4480ac3dfeb7a3fba33c7e6a144bf8886154e14f5c566f3c,2021-03,South Yorkshire Police,South Yorkshire Police,-1.488593,53.359755,On or near Supermarket,E01008052,Sheffield 050F,Unable to prosecute suspect
171ffddb7f15b3ae4480ac3dfeb7a3fba33c7e6a144bf8886154e14f5c566f3c,2021-03,South Yorkshire Police,South Yorkshire Police,-1.488593,53.359755,On or near Supermarket,E01008052,Sheffield 050F,Unable to prosecute suspect
171ffddb7f15b3ae4480ac3dfeb7a3fba33c7e6a144bf8886154e14f5c566f3c,2021-03,South Yorkshire Police,South Yorkshire Police,-1.488593,53.359755,On or near Supermarket,E01008052,Sheffield 050F,Unable to prosecute suspect
db540d23e046ff0c4a50bd46676c775a327c83df4e9339c203a7a1f842df16d4,2021-03,South Yorkshire Police,South Yorkshire Police,-1.494297,53.424983,On or near BROWNING DRIVE,E01008088,Sheffield 012B,Action to be taken by another organisation
ecb64a55b61f8d27aa3de737606e2ab270fd9ac8271e0406ba17e2b0eae1dc5c,2021-03,South Yorkshire Police,South Yorkshire Police,-1.474190,53.460518,On or near HUNSHELF ROAD,E01007895,Sheffield 004F,Unable to prosecute suspect
d884a8df85ada564b8c00420a3b95a775141d7878286deea4dcdde9e7ce40184,2021-03,South Yorkshire Police,South Yorkshire Police,-1.474190,53.460518,On or near HUNSHELF ROAD,E01007895,Sheffield 004F,Unable to prosecute suspect
17e6bd3e3c2d2e6b89ded9b2cb8afcd44bf0cb87ccdb1f2a85f178b9d623f206,2021-03,South Yorkshire Police,South Yorkshire Police,-1.545295,53.395606,On or near HILL CLOSE,E01008132,Sheffield 023D,Suspect charged
a17174903d33231dbc1552951d8ff0b6a4114f957073cad967e6c210032580e1,2021-03,South Yorkshire Police,South Yorkshire Police,-1.447674,53.418206,On or near B6086,E01007851,Sheffield 013B,Investigation complete; no suspect identified
096c221a2f4773b609aa7952d844ed7c6f5e3319a254a20c3162aed85e722782,2021-03,South Yorkshire Police,South Yorkshire Police,-0.955096,53.605710,On or near PASHLEY ROAD,E01007642,Doncaster 003G,Unable to prosecute suspect
1e9aacf72c6f635d33cc3c7e9fc08eaa90bae4993c2fe4735cbcecbcb0605ad8,2021-03,South Yorkshire Police,South Yorkshire Police,-1.142861,53.533423,On or near CROMWELL ROAD,E01007517,Doncaster 013D,Unable to prosecute suspect
274789bf2822dfd4f0c4a52d7b79759cff678e6daffcf1071579f9a1e2a058ba,2021-03,South Yorkshire Police,South Yorkshire Police,-1.145848,53.525912,On or near Prison,E01007529,Doncaster 022A,Unable to prosecute suspect
274789bf2822dfd4f0c4a52d7b79759cff678e6daffcf1071579f9a1e2a058ba,2021-03,South Yorkshire Police,South Yorkshire Police,-1.145848,53.525912,On or near Prison,E01007529,Doncaster 022A,Unable to prosecute suspect
274789bf2822dfd4f0c4a52d7b79759cff678e6daffcf1071579f9a1e2a058ba,2021-03,South Yorkshire Police,South Yorkshire Police,-1.145848,53.525912,On or near Prison,E01007529,Doncaster 022A,Unable to prosecute suspect
fd89f9e5071f64de76e886b03109b7fa78187005a04c801ed5b3384e3ad69cef,2021-03,South Yorkshire Police,South Yorkshire Police,-1.483713,53.381918,On or near BROOK HILL,E01007866,Sheffield 030A,Suspect charged
7bfb68d9424a785c8c1ac527e8d6b164015767f658b78e494407568a38df0735,2021-03,South Yorkshire Police,South Yorkshire Police,-1.448370,53.419009,On or near Supermarket,E01008062,Sheffield 013E,Unable to prosecute suspect
cde46507ebd15b87965b5dfb3b45ea165f91138fbd88012dd3d268bd87ec0f14,2021-03,South Yorkshire Police,South Yorkshire Police,,,No location,,,Investigation complete; no suspect identified
b78b9a49e87b0e58b97834b6a9351652160e4f9a4d546a7e3b5c6a216ce7497b,2021-03,South Yorkshire Police,South Yorkshire Police,-1.183246,53.557930,On or near GREAT NORTH ROAD,E01007507,Doncaster 009G,Unable to prosecute suspect
58dfe1735899e94d3f14465e3b8141861f4328ae83337a2e9be968b3c51f9c67,2021-03,South Yorkshire Police,South Yorkshire Police,-1.464696,53.416621,On or near ST LEONARDS COURT,E01007941,Sheffield 015A,Unable to prosecute suspect
3174889329365623b7e22c059df6b91797121d35f980f99872fedfb502660fe9,2021-03,South Yorkshire Police,South Yorkshire Police,-1.495138,53.558457,On or near GAWBER ROAD,E01007441,Barnsley 013E,Unable to prosecute suspect
3174889329365623b7e22c059df6b91797121d35f980f99872fedfb502660fe9,2021-03,South Yorkshire Police,South Yorkshire Police,-1.495138,53.558457,On or near GAWBER ROAD,E01007441,Barnsley 013E,Unable to prosecute suspect
aef136a2921ed340ba03fff890f711f4714813c77158797982becbe2f6921655,2021-03,South Yorkshire Police,South Yorkshire Police,-1.375450,53.449095,On or near FENTON WAY,E01007730,Rotherham 009C,Unable to prosecute suspect
9655acb938d9aedb385f808423dd3573b52e1aaf7ebbcfe53b104e0656850353,2021-03,South Yorkshire Police,South Yorkshire Police,-1.137532,53.522437,On or near Supermarket,E01007645,Doncaster 022E,Unable to prosecute suspect
96de199becd8e540ac1f7b6aeb88e8ec1b2be749ad6c30c6a50ea4852f2aa0aa,2021-03,South Yorkshire Police,South Yorkshire Police,-1.229882,53.482007,On or near WAVERLEY AVENUE,E01007536,Doncaster 032A,Offender given a caution
bcc5ffcf4fd5ab5c3c2426e5de924c9c89e7872f3470d80986cb766277720f07,2021-03,South Yorkshire Police,South Yorkshire Police,-1.420765,53.573535,On or near MANOR ROAD,E01007346,Barnsley 008C,Unable to prosecute suspect
558a1fd47fccfb36ae43d7b737a594eaf370f940df0da2e8cedc5b79241b6695,2021-03,South Yorkshire Police,South Yorkshire Police,-0.961994,53.616538,On or near MILLFIELD ROAD,E01007636,Doncaster 003A,Suspect charged
f32bc32a793903f6f278514f611621c5945b1082999f8093b9253fd9725ecb8c,2021-03,South Yorkshire Police,South Yorkshire Police,-1.339916,53.456751,On or near SPALTON ROAD,E01007783,Rotherham 008C,Unable to prosecute suspect
84c9515991b794b8416c7f7d2b44a94f6581438d0c9bf2f2d0e0a8c9aa30b0a2,2021-03,South Yorkshire Police,South Yorkshire Police,-1.122079,53.507439,On or near WHITE ROSE WAY,E01007534,Doncaster 028D,Unable to prosecute suspect
787e7b49f8f38c096acb2c6b3ba932ece889cbf5e96e28a22cf255cddc108361,2021-03,South Yorkshire Police,South Yorkshire Police,-1.454330,53.369554,On or near BEECHES HOLLOW,E01008095,Sheffield 043A,Unable to prosecute suspect
0bcaf7e56f135cc67ce783fd0c675691ea5b42bd23e3b60ff6bc7f3ef81b2934,2021-03,South Yorkshire Police,South Yorkshire Police,-1.377382,53.577443,On or near BRIGHTON STREET,E01007332,Barnsley 006C,Unable to prosecute suspect
16f1983d447b7e61f9f30955a7d4dc85c2a0dd22c748cb2ee69c1121d33e3fb1,2021-03,South Yorkshire Police,South Yorkshire Police,-1.451310,53.433818,On or near PERKYN ROAD,E01008057,Sheffield 007D,Offender given a caution
a8c2a4246bbe95288fb6c7026760d33a30b90dfc74f11d4852d6bffee1284561,2021-03,South Yorkshire Police,South Yorkshire Police,-1.357500,53.430231,On or near MARKET PLACE,E01007714,Rotherham 017B,Unable to prosecute suspect
df9b506ed1ca78f8bb1864ba430f594decc0129b7ed63da530d95bf9ce48cfa2,2021-03,South Yorkshire Police,South Yorkshire Police,-1.160834,53.546180,On or near ARUNDEL GARDENS,E01007519,Doncaster 012E,Unable to prosecute suspect
72f69cc490b276872c7a05bf7e484faee69e4422ccd2a11b1e775319f8e720cd,2021-03,South Yorkshire Police,South Yorkshire Police,-1.448370,53.419009,On or near Supermarket,E01008062,Sheffield 013E,Suspect charged
72f69cc490b276872c7a05bf7e484faee69e4422ccd2a11b1e775319f8e720cd,2021-03,South Yorkshire Police,South Yorkshire Police,-1.448370,53.419009,On or near Supermarket,E01008062,Sheffield 013E,Suspect charged
1a7856a4b528bb2e7f47b0e4d1309d9250479c46989eaf7fbea5eae668c56b76,2021-03,South Yorkshire Police,South Yorkshire Police,-1.448370,53.419009,On or near Supermarket,E01008062,Sheffield 013E,Suspect charged
23f177ac98a013088716109b4996ee5f64e7f8854d6428884d3153da42d8d2b1,2021-03,South Yorkshire Police,South Yorkshire Police,-1.179013,53.573065,On or near Sports/Recreation Area,E01007504,Doncaster 009F,Suspect charged
23f177ac98a013088716109b4996ee5f64e7f8854d6428884d3153da42d8d2b1,2021-03,South Yorkshire Police,South Yorkshire Police,-1.179013,53.573065,On or near Sports/Recreation Area,E01007504,Doncaster 009F,Suspect charged
a76beef6ff2115bb58993348739580b1c48c9babdca31e3c89641a1165373303,2021-03,South Yorkshire Police,South Yorkshire Police,-1.420189,53.573685,On or near Police Station,E01007346,Barnsley 008C,Unable to prosecute suspect
fe96f56558ff67333633338758657928c79caf3ef93194caf0d8e63467c6a123,2021-03,South Yorkshire Police,South Yorkshire Police,-1.151065,53.510201,On or near FLORENCE AVENUE,E01007535,Doncaster 023D,Further investigation is not in the public interest
439212008537cabf32492a8dfe7a8b975a28ed81c218d30f7400fa5070f114b7,2021-03,South Yorkshire Police,South Yorkshire Police,-1.484160,53.357345,On or near GATEFIELD ROAD,E01008042,Sheffield 050A,Unable to prosecute suspect
f391d58bd2e51890a8de968d5c8d669e7562c64be32b04cfc564d8e5fd92e40e,2021-03,South Yorkshire Police,South Yorkshire Police,-1.149270,53.517739,On or near BENTLEY AVENUE,E01007529,Doncaster 022A,Suspect charged
71ac75b0eebc7bbb66d8f1871a1bf2ed61b2ed1a8eff0de28db135787dc74613,2021-03,South Yorkshire Police,South Yorkshire Police,-1.482215,53.552326,On or near PEEL SQUARE,E01007340,Barnsley 013B,Unable to prosecute suspect
71ac75b0eebc7bbb66d8f1871a1bf2ed61b2ed1a8eff0de28db135787dc74613,2021-03,South Yorkshire Police,South Yorkshire Police,-1.482215,53.552326,On or near PEEL SQUARE,E01007340,Barnsley 013B,Unable to prosecute suspect
71ac75b0eebc7bbb66d8f1871a1bf2ed61b2ed1a8eff0de28db135787dc74613,2021-03,South Yorkshire Police,South Yorkshire Police,-1.482215,53.552326,On or near PEEL SQUARE,E01007340,Barnsley 013B,Unable to prosecute suspect
71ac75b0eebc7bbb66d8f1871a1bf2ed61b2ed1a8eff0de28db135787dc74613,2021-03,South Yorkshire Police,South Yorkshire Police,-1.482215,53.552326,On or near PEEL SQUARE,E01007340,Barnsley 013B,Unable to prosecute suspect
078804537ab0ea0d7d9d3ae77609c0414448dd8894eca53600fe61b293be3d91,2021-03,South Yorkshire Police,South Yorkshire Police,-1.486552,53.339566,On or near LINDEN AVENUE,E01007831,Sheffield 059C,Unable to prosecute suspect
078804537ab0ea0d7d9d3ae77609c0414448dd8894eca53600fe61b293be3d91,2021-03,South Yorkshire Police,South Yorkshire Police,-1.486552,53.339566,On or near LINDEN AVENUE,E01007831,Sheffield 059C,Unable to prosecute suspect
f79af16077254a8465b06cc9d9c8b2f46bfb055ec4ddfa0c0a38cbdc788c1ff9,2021-03,South Yorkshire Police,South Yorkshire Police,-1.094935,53.540846,On or near GROVE VALE,E01007650,Doncaster 015B,Unable to prosecute suspect
f79af16077254a8465b06cc9d9c8b2f46bfb055ec4ddfa0c0a38cbdc788c1ff9,2021-03,South Yorkshire Police,South Yorkshire Police,-1.094935,53.540846,On or near GROVE VALE,E01007650,Doncaster 015B,Unable to prosecute suspect
f79af16077254a8465b06cc9d9c8b2f46bfb055ec4ddfa0c0a38cbdc788c1ff9,2021-03,South Yorkshire Police,South Yorkshire Police,-1.094935,53.540846,On or near GROVE VALE,E01007650,Doncaster 015B,Unable to prosecute suspect
29be92c6a6240ec71c3378cebd72cc0357b11a42ff8becbb1ddf0387fe4893f6,2021-03,South Yorkshire Police,South Yorkshire Police,-1.198533,53.562995,On or near CENTRAL AVENUE,E01007466,Doncaster 009C,Unable to prosecute suspect
430544f4ed2221ae0b15b4b86a42b15ba4d789da97f096bfd1fd71529c4de935,2021-03,South Yorkshire Police,South Yorkshire Police,-1.380479,53.541191,On or near TEMPEST AVENUE,E01007348,Barnsley 020A,Unable to prosecute suspect
5ac95af969df7d8c92e4f003d8e62fac1cbe5a9127b26dc9dc755679b70e2c43,2021-03,South Yorkshire Police,South Yorkshire Police,-1.127416,53.517033,On or near SOMERSET ROAD,E01007645,Doncaster 022E,Unable to prosecute suspect
5ac95af969df7d8c92e4f003d8e62fac1cbe5a9127b26dc9dc755679b70e2c43,2021-03,South Yorkshire Police,South Yorkshire Police,-1.127416,53.517033,On or near SOMERSET ROAD,E01007645,Doncaster 022E,Unable to prosecute suspect
dba451c72e7eed7bb1eec80ac5b74cba89c7be8d75685d4cec281c3d958393f9,2021-03,South Yorkshire Police,South Yorkshire Police,-1.472447,53.382345,On or near PINFOLD STREET,E01033265,Sheffield 074C,Suspect charged
591e3a7ccf7c0e05042a640fa56ad77211741f4c23ccb7a667c5bec10b20d2e5,2021-03,South Yorkshire Police,South Yorkshire Police,-1.472447,53.382345,On or near PINFOLD STREET,E01033265,Sheffield 074C,Suspect charged
2844d43facfcc59ac1482c21392e1abc9220c6a46c296c296707edfbc7275bd0,2021-03,South Yorkshire Police,South Yorkshire Police,-1.136715,53.524004,On or near Shopping Area,E01007645,Doncaster 022E,Unable to prosecute suspect
057925fc23dccb1b710b889a510d189e584e047f244ac0e2e3c6bc0d178aa432,2021-03,South Yorkshire Police,South Yorkshire Police,-1.486528,53.467772,On or near VALLEY ROAD,E01007901,Sheffield 003G,Unable to prosecute suspect
0baf62f78c500c3696688951b9cd34c116a969001eac8758a991fb74fc7e23d0,2021-03,South Yorkshire Police,South Yorkshire Police,-1.376482,53.435150,On or near MOUNT STREET,E01007717,Rotherham 016C,Investigation complete; no suspect identified
aac792ffd68d2000a1efbe393ab0901e2895d96b29f08bfca16deef7fefe9d64,2021-03,South Yorkshire Police,South Yorkshire Police,-1.097612,53.507913,On or near CORNFLOWER DRIVE,E01007527,Doncaster 027B,Unable to prosecute suspect
2ef4a616b37713ae4aa7206e2e5749164c46b4317e808b4f28000cad4c885a48,2021-03,South Yorkshire Police,South Yorkshire Police,-1.357984,53.505954,On or near VICTORIA ROAD,E01007693,Rotherham 001A,Unable to prosecute suspect
32e0274abf96f3dfd30a53adabe6ac32a0fedfb7a0f4dca5b90f8ebfab385d0b,2021-03,South Yorkshire Police,South Yorkshire Police,-1.448692,53.596435,On or near PLANTATION AVENUE,E01007433,Barnsley 002A,Unable to prosecute suspect
1407ec62170803e02adacd5c07f546f185ac0dfdacdcac2f7f5eae31fb18c817,2021-03,South Yorkshire Police,South Yorkshire Police,-1.357984,53.505954,On or near VICTORIA ROAD,E01007693,Rotherham 001A,Unable to prosecute suspect
17c8beb29dd1d15d36557187aa3faa3fa64d5f0758645cab5c881e77bbb43984,2021-03,South Yorkshire Police,South Yorkshire Police,-1.426063,53.360379,On or near PIT LANE,E01008013,Sheffield 039C,Suspect charged
893a00ab37fe9e32e7e78fa90e3324d47ad8926baefdbbd278e528d6c89bbb0b,2021-03,South Yorkshire Police,South Yorkshire Police,-1.131840,53.515295,On or near CARR HOUSE ROAD,E01007530,Doncaster 022B,Unable to prosecute suspect
34de827adcc6364f23fe224579553482df7fa27eebfba006ce47cbd2b9ef322f,2021-03,South Yorkshire Police,South Yorkshire Police,-1.459041,53.563351,On or near Petrol Station,E01007335,Barnsley 009B,Unable to prosecute suspect
793abfe0df98476b2c2bca2c549fd621a44f2370068c4aac7f55170879def97c,2021-03,South Yorkshire Police,South Yorkshire Police,-1.465215,53.528719,On or near HALDENE,E01007463,Barnsley 021F,Unable to prosecute suspect
fba2b4e3a9d516fa068479a4bc78b3c2a7e8a92a27fec06733989cbbfe71fdb5,2021-03,South Yorkshire Police,South Yorkshire Police,-1.393656,53.375958,On or near HANDSWORTH ROAD,E01007909,Sheffield 032C,Unable to prosecute suspect
c1ca36e2d2ed95c1adbc7209746c66de1ec1f31a138b41700657bcc41a09e251,2021-03,South Yorkshire Police,South Yorkshire Police,-1.435061,53.408259,On or near WINCO ROAD,E01007855,Sheffield 014F,Unable to prosecute suspect
817b07daffe2c2e3c6262f72ca1279ef69d46e78d690a4b5fb818493b3f6b8ea,2021-03,South Yorkshire Police,South Yorkshire Police,,,No location,,,Suspect charged
44c4b25f73f194e9377932a96d91ba063778cbf0b64e8a7b8c83421e30a14f83,2021-03,South Yorkshire Police,South Yorkshire Police,-1.377526,53.370877,On or near BALLIFIELD CLOSE,E01007971,Sheffield 037C,Unable to prosecute suspect
67e330924cb688131a1c300e70025289c53a21253ec579b38adc058d3b8c83e4,2021-03,South Yorkshire Police,South Yorkshire Police,,,No location,,,Suspect charged
ae9c0fd466f6db44b67c2198aa0b83928db7d3d65e71dd0cd836951e0539a57c,2021-03,South Yorkshire Police,South Yorkshire Police,,,No location,,,Unable to prosecute suspect
d82bee69bff541c35a51c17cd0ca1f5434ba06ae95b0c19d2209abf854fb4545,2021-03,South Yorkshire Police,South Yorkshire Police,-1.219229,53.348023,On or near LIDSTERS LANE,E01007663,Rotherham 032E,Unable to prosecute suspect
887e68f9cba177b73e51ea0e324f6ad8441c28bc313898b0565479b953a5a72c,2021-03,South Yorkshire Police,South Yorkshire Police,-1.289477,53.496641,On or near HELENA STREET,E01007571,Doncaster 031A,Unable to prosecute suspect
fbbe226972c3dd958ff0f320b07ae7ac42502a4b1ef2136cb326d3faa75e2691,2021-03,South Yorkshire Police,South Yorkshire Police,-1.320650,53.413596,On or near EAST BAWTRY ROAD,E01007711,Rotherham 021D,Unable to prosecute suspect
fbbe226972c3dd958ff0f320b07ae7ac42502a4b1ef2136cb326d3faa75e2691,2021-03,South Yorkshire Police,South Yorkshire Police,-1.320650,53.413596,On or near EAST BAWTRY ROAD,E01007711,Rotherham 021D,Unable to prosecute suspect
fbbe226972c3dd958ff0f320b07ae7ac42502a4b1ef2136cb326d3faa75e2691,2021-03,South Yorkshire Police,South Yorkshire Police,-1.320650,53.413596,On or near EAST BAWTRY ROAD,E01007711,Rotherham 021D,Unable to prosecute suspect
c722d248bd090a9ee4eb68b5b72a193cf9317f62000c9b3f43f45e3a2746a12d,2021-03,South Yorkshire Police,South Yorkshire Police,-1.320650,53.413596,On or near EAST BAWTRY ROAD,E01007711,Rotherham 021D,Unable to prosecute suspect
c722d248bd090a9ee4eb68b5b72a193cf9317f62000c9b3f43f45e3a2746a12d,2021-03,South Yorkshire Police,South Yorkshire Police,-1.320650,53.413596,On or near EAST BAWTRY ROAD,E01007711,Rotherham 021D,Unable to prosecute suspect
7ebe32879b6564b942661eae357f7d30ac1c93582dc647d4d95f14db4d549363,2021-03,South Yorkshire Police,South Yorkshire Police,-1.321941,53.436453,On or near HERRINGTHORPE VALLEY ROAD,E01007738,Rotherham 013D,Unable to prosecute suspect
7ebe32879b6564b942661eae357f7d30ac1c93582dc647d4d95f14db4d549363,2021-03,South Yorkshire Police,South Yorkshire Police,-1.321941,53.436453,On or near HERRINGTHORPE VALLEY ROAD,E01007738,Rotherham 013D,Unable to prosecute suspect
7ebe32879b6564b942661eae357f7d30ac1c93582dc647d4d95f14db4d549363,2021-03,South Yorkshire Police,South Yorkshire Police,-1.321941,53.436453,On or near HERRINGTHORPE VALLEY ROAD,E01007738,Rotherham 013D,Unable to prosecute suspect
7ebe32879b6564b942661eae357f7d30ac1c93582dc647d4d95f14db4d549363,2021-03,South Yorkshire Police,South Yorkshire Police,-1.321941,53.436453,On or near HERRINGTHORPE VALLEY ROAD,E01007738,Rotherham 013D,Unable to prosecute suspect
c6feb8374d7e7c38228f3f8c572c6b592f2885595d69201bc3882850ec9900dc,2021-03,South Yorkshire Police,South Yorkshire Police,-1.321941,53.436453,On or near HERRINGTHORPE VALLEY ROAD,E01007738,Rotherham 013D,Unable to prosecute suspect
c6feb8374d7e7c38228f3f8c572c6b592f2885595d69201bc3882850ec9900dc,2021-03,South Yorkshire Police,South Yorkshire Police,-1.321941,53.436453,On or near HERRINGTHORPE VALLEY ROAD,E01007738,Rotherham 013D,Unable to prosecute suspect
f7038009b14ebf4047f724e73b2f3a4474bc10f94bdf0d9d4df21566b3ede2c2,2021-03,South Yorkshire Police,South Yorkshire Police,-1.321941,53.436453,On or near HERRINGTHORPE VALLEY ROAD,E01007738,Rotherham 013D,Unable to prosecute suspect
f7038009b14ebf4047f724e73b2f3a4474bc10f94bdf0d9d4df21566b3ede2c2,2021-03,South Yorkshire Police,South Yorkshire Police,-1.321941,53.436453,On or near HERRINGTHORPE VALLEY ROAD,E01007738,Rotherham 013D,Unable to prosecute suspect
de5b774bcbfaa257a15d65f7669840f8b2d610beaca818757fa2764e7d3aa498,2021-03,South Yorkshire Police,South Yorkshire Police,-1.283915,53.421364,On or near Pedestrian Subway,E01007686,Rotherham 019C,Suspect charged
e04a68649df64513cb1403f5f0ec021796d685cbec9bb84e8b77a534895e396f,2021-03,South Yorkshire Police,South Yorkshire Police,-1.349250,53.437297,On or near SELBORNE STREET,E01007769,Rotherham 017D,Suspect charged
8ac7a71589f457b9cd99c9d23b7a2ee7b459c4435760a58b9804a45aa4541d14,2021-03,South Yorkshire Police,South Yorkshire Police,-1.319947,53.440684,On or near LADY OAK ROAD,E01007737,Rotherham 013C,Suspect charged
ea6336872d8b2d2b0464f602d2c13598181ac8c17da6ace03a0066fcf5d5aff4,2021-03,South Yorkshire Police,South Yorkshire Police,-1.482215,53.552326,On or near PEEL SQUARE,E01007340,Barnsley 013B,Suspect charged
7d889892f593c5955183e99b5d9c4837ab87787cfdf9032670e646987041a647,2021-03,South Yorkshire Police,South Yorkshire Police,-1.478309,53.550880,On or near Shopping Area,E01007340,Barnsley 013B,Suspect charged
e47eafb20e0a631964f8d512947cb37801dbbcc807b4875baafa21d89963730e,2021-03,South Yorkshire Police,South Yorkshire Police,-1.371465,53.358881,On or near CROSS DRIVE,E01007970,Sheffield 049D,Unable to prosecute suspect
d2230a7272fd26135e222abe5755c735df18b1ecd0c8dd54c7d30983d83fa79b,2021-03,South Yorkshire Police,South Yorkshire Police,-1.136477,53.521647,On or near CHANCERY PLACE,E01007645,Doncaster 022E,Suspect charged
801598a539890b79568018b8a1291d33b4482a2db52df48d2130bae694e5a6a2,2021-03,South Yorkshire Police,South Yorkshire Police,-1.320650,53.413596,On or near EAST BAWTRY ROAD,E01007711,Rotherham 021D,Unable to prosecute suspect
f23124f8f16cf1547153a09ed63512b528101c1260af59ec78e4e3f0e60e50aa,2021-03,South Yorkshire Police,South Yorkshire Police,-1.231290,53.484110,On or near ELM GREEN LANE,E01007542,Doncaster 032B,Unable to prosecute suspect
419689c6265585f2772bb3c9c2d668b68e53b316cd83e3c29f0a903934f7b94b,2021-03,South Yorkshire Police,South Yorkshire Police,-1.430602,53.408742,On or near BRATHAY ROAD,E01007855,Sheffield 014F,Unable to prosecute suspect
8471b9c9629a24a54858414ee960edb373f61c910432aee37e19aaa12bc7edbb,2021-03,South Yorkshire Police,South Yorkshire Police,-1.430602,53.408742,On or near BRATHAY ROAD,E01007855,Sheffield 014F,Unable to prosecute suspect
520b452a344745fbde2386c3ae47a0cd0f1c862c3b7f0150fb63459d569df7e3,2021-03,South Yorkshire Police,South Yorkshire Police,-1.390110,53.434744,On or near MANOR APPROACH,E01007741,Rotherham 015A,Investigation complete; no suspect identified
1747a40e85432b1e9ca2fe1a5335df9d9a53dbbc7cdd08d6a51020c11a558327,2021-03,South Yorkshire Police,South Yorkshire Police,-1.637975,53.523281,On or near BLUEBELL AVENUE,E01007431,Barnsley 024E,Unable to prosecute suspect
d2e15148c0f9f4e144b05d7346e214dfa344ceeddc15909bfd6dcdfca98ed7fb,2021-03,South Yorkshire Police,South Yorkshire Police,-1.489802,53.378106,On or near RUTH SQUARE,E01008104,Sheffield 036E,Investigation complete; no suspect identified
d86861cd43d0f925a377afb07efd661e977c5464b677007da0200a285617a001,2021-03,South Yorkshire Police,South Yorkshire Police,-1.099956,53.528946,On or near WINTON ROAD,E01007568,Doncaster 018E,Suspect charged
ca49762c459ad607d37cca44afee7fcbd54e4de56dd41643383f21ca383521f3,2021-03,South Yorkshire Police,South Yorkshire Police,-1.461337,53.370458,On or near Petrol Station,E01008096,Sheffield 043B,Investigation complete; no suspect identified
0f358fd575fffea16aa50d40d6e4a9352f028ad439bc528bf43c80c275f73d9d,2021-03,South Yorkshire Police,South Yorkshire Police,,,No location,,,Local resolution
2ae98468b51b0045864c69162757c4285a2835394a0ee2d8c35fb1775907776a,2021-03,South Yorkshire Police,South Yorkshire Police,-1.446057,53.408293,On or near BARRETTA STREET,E01007944,Sheffield 022F,Offender given a caution
2ae98468b51b0045864c69162757c4285a2835394a0ee2d8c35fb1775907776a,2021-03,South Yorkshire Police,South Yorkshire Police,-1.446057,53.408293,On or near BARRETTA STREET,E01007944,Sheffield 022F,Offender given a caution
33176a008cbbe3376223043ed47c4f13729b6770952b4bdfb8f9c04b5b713a72,2021-03,South Yorkshire Police,South Yorkshire Police,,,No location,,,Local resolution
0a2361c077b49960b8ff5bae8ec12b5d29f82cf0f5e64bc554c4eda145ead306,2021-03,South Yorkshire Police,South Yorkshire Police,-1.143275,53.491171,On or near CASTLEDINE COURT,E01007502,Doncaster 028C,Investigation complete; no suspect identified
1415e929498e9e22ea8749b9d159ca4edb272cc58a1ffc9bfd564a9899f6e73a,2021-03,South Yorkshire Police,South Yorkshire Police,-1.499593,53.558305,On or near Hospital,E01007446,Barnsley 012G,Investigation complete; no suspect identified
bc60f2974968a1947e3ae50a18bbfdfc569db72635dd5c732cc80d340a844934,2021-03,South Yorkshire Police,South Yorkshire Police,-1.559642,53.367822,On or near MOORSIDE,E01007957,Sheffield 041C,Unable to prosecute suspect
cf1e0f917293beb2bcd0973820b181f91247d7848eb051f467871bf3ce790432,2021-03,South Yorkshire Police,South Yorkshire Police,-1.427434,53.415046,On or near SANDSTONE CLOSE,E01007853,Sheffield 014D,Unable to prosecute suspect
432345fa1602101e89dcfd7833be8ea9964689d0ea31427cd17764551db774e6,2021-03,South Yorkshire Police,South Yorkshire Police,-1.433837,53.407526,On or near BIRDWELL ROAD,E01007855,Sheffield 014F,Unable to prosecute suspect
da0e822bd6d270fca4e860d5d9432c3e4dc68336481f1a9c616dd7c607f8626b,2021-03,South Yorkshire Police,South Yorkshire Police,-1.077610,53.511068,On or near Sports/Recreation Area,E01007528,Doncaster 024C,Unable to prosecute suspect
94a7f01bf28c4e6ba5702a137703f1485238aa4595e5e7f66e17845a31bbff01,2021-03,South Yorkshire Police,South Yorkshire Police,-1.335287,53.500554,On or near AVENUE ROAD,E01007820,Rotherham 002D,Unable to prosecute suspect
0ebb039f994c04b10f6fb6fa3cebdad4346d9043a1ade6e2c8ea23eb1325bab6,2021-03,South Yorkshire Police,South Yorkshire Police,-1.156112,53.490660,On or near RYDAL COURT,E01007503,Doncaster 029F,Unable to prosecute suspect
82fe797e8d66fd0f3e99d96e5f99f72758bfbeb514812db9e11ba0f099cad217,2021-03,South Yorkshire Police,South Yorkshire Police,-1.156112,53.490660,On or near RYDAL COURT,E01007503,Doncaster 029F,Unable to prosecute suspect
43e74b469e6d648b86e953d3687ffa2e261ee934ed9c38171e3ffd5e6cdf13eb,2021-03,South Yorkshire Police,South Yorkshire Police,-1.487510,53.553850,On or near HOLWICK COURT,E01007443,Barnsley 013F,Investigation complete; no suspect identified
aab051f40d0e2e585d6b4a772cfb32c8a7e5f97e0762c531d905fd7d88a30428,2021-03,South Yorkshire Police,South Yorkshire Police,-1.454016,53.414100,On or near CALDER WAY,E01007947,Sheffield 013C,Unable to prosecute suspect
22134a7fdb83866d187981987f6a459db9ccc718a97d7a4d6373e6318e746a78,2021-03,South Yorkshire Police,South Yorkshire Police,-1.454016,53.414100,On or near CALDER WAY,E01007947,Sheffield 013C,Unable to prosecute suspect
55b5c5e3adac44717446fb22ce0cb193a380f538f1893cb067882ec5be7d6d7d,2021-03,South Yorkshire Police,South Yorkshire Police,-1.145848,53.525912,On or near Prison,E01007529,Doncaster 022A,Unable to prosecute suspect
580031acc448957eaa8f5ad17bed6af814062173a29583f358764e349449d191,2021-03,South Yorkshire Police,South Yorkshire Police,,,No location,,,Unable to prosecute suspect
7093958ba1c2fd2c5ba036595d25bf9dfe9454606a2ca1f08c20a801b4b55dec,2021-03,South Yorkshire Police,South Yorkshire Police,-1.467451,53.421298,On or near ELM LANE,E01007946,Sheffield 015C,Unable to prosecute suspect
609feefe2603fe3c7d90e0e15b1ba90306fcad9fbd9a0dd9c2b2987309e82558,2021-03,South Yorkshire Police,South Yorkshire Police,-1.136918,53.522963,On or near Parking Area,E01007645,Doncaster 022E,Unable to prosecute suspect
131ca522df36107868ca622c9ecaa2e5241ec80dfaab615218af02bbc201c34a,2021-03,South Yorkshire Police,South Yorkshire Police,-1.469130,53.327499,On or near Pedestrian Subway,E01008079,Sheffield 064F,Local resolution
59b7c67aef45ee936c75c0c71093ceeb910cb18e308ca1b04daba95b87083817,2021-03,South Yorkshire Police,South Yorkshire Police,-1.473067,53.322357,On or near CHESTERFIELD ROAD SOUTH,E01008082,Sheffield 070B,Unable to prosecute suspect
ef89f46545890d986a705643a4be496b550b5215b1cf1a13882914a4a54a1cd3,2021-03,South Yorkshire Police,South Yorkshire Police,-1.156112,53.490660,On or near RYDAL COURT,E01007503,Doncaster 029F,Unable to prosecute suspect
8e636405fa4dc897172d7ab7c6c148b2904c1c75356cc7c3fdf5f7ab6dc1fb01,2021-03,South Yorkshire Police,South Yorkshire Police,-1.011251,53.579437,On or near MILCROFT CRESCENT,E01007554,Doncaster 006A,Unable to prosecute suspect
79153a8484ec3b44af52f4f989127f916405308f109a4a5d2f90928b1ede2d92,2021-03,South Yorkshire Police,South Yorkshire Police,-1.472447,53.382345,On or near PINFOLD STREET,E01033265,Sheffield 074C,Unable to prosecute suspect
b7b9e0af035fb1c2d972d4cf55b786450a85d3d93962ee15d629143303dab868,2021-03,South Yorkshire Police,South Yorkshire Police,-1.505923,53.561783,On or near SAMUEL SQUARE,E01007380,Barnsley 012B,Unable to prosecute suspect
36b6f1820d95752732e0b3d7a63a4775a2f3d78728d7cd0b4e8470202cd75e6b,2021-03,South Yorkshire Police,South Yorkshire Police,-1.025894,53.591611,On or near THOMAS ROAD,E01007629,Doncaster 004E,Investigation complete; no suspect identified
28b8ce20d78b43dda3d919e7989c780cb4216e363c6bb8e98c6b8840f0f78f8b,2021-03,South Yorkshire Police,South Yorkshire Police,-1.454082,53.394829,On or near MAXWELL STREET,E01033269,Sheffield 022G,Suspect charged
28b8ce20d78b43dda3d919e7989c780cb4216e363c6bb8e98c6b8840f0f78f8b,2021-03,South Yorkshire Police,South Yorkshire Police,-1.454082,53.394829,On or near MAXWELL STREET,E01033269,Sheffield 022G,Suspect charged
ae84fa2a15a9897a31475fe470c18b74cdbe298c62a8731f62a5b1429ad143f6,2021-03,South Yorkshire Police,South Yorkshire Police,-1.265020,53.394912,On or near TEMPLAR CLOSE,E01007809,Rotherham 026B,Offender given a caution
61561e57ae4e48dc04fc25d2099e317e74f30bdb23763b624cb0e61dcd3af0ca,2021-03,South Yorkshire Police,South Yorkshire Police,-1.466553,53.384836,On or near SNIG HILL,E01033264,Sheffield 073D,Unable to prosecute suspect
b6d8f0297730bff33b6090ffb35b8accf71d92a601110c1a25c3085639086bc1,2021-03,South Yorkshire Police,South Yorkshire Police,-1.081656,53.475980,On or near DEACON CRESCENT,E01007592,Doncaster 037B,Unable to prosecute suspect
bd50c10c28b6cc994ed422374b8ccfa53004b26b34cdf00927768deb97bac934,2021-03,South Yorkshire Police,South Yorkshire Police,-1.151753,53.502152,On or near WHITTIER ROAD,E01007498,Doncaster 029C,Unable to prosecute suspect
c0ef8b582f95bd86f46fdc292092ef398033da2df94be8b683860694b661d923,2021-03,South Yorkshire Police,South Yorkshire Police,-1.447205,53.419525,On or near NORTH QUADRANT,E01007849,Sheffield 010A,Further investigation is not in the public interest
a334d6b345364cb331eb98d1838f26c5ac97ff9c14dc9fddc240f5ca5b62b1c7,2021-03,South Yorkshire Police,South Yorkshire Police,-1.512806,53.404000,On or near DYKES LANE,E01007994,Sheffield 021D,Unable to prosecute suspect
5e21ae91d46b44a7e2c81ad3e1d8f5b44f2f690d3b43dd539be19b0589a66d3e,2021-03,South Yorkshire Police,South Yorkshire Police,-1.192391,53.477948,On or near LINDEN GROVE,E01007549,Doncaster 034D,Suspect charged
3ac2da07bd98c5f00539a436eec6d711aae5bf729068c3e4751a49af2ec1fa8b,2021-03,South Yorkshire Police,South Yorkshire Police,-1.131567,53.522753,On or near Nightclub,E01007645,Doncaster 022E,Suspect charged
5be35334757d3b1fde7624383445f181443bff4ac7c840f2752eb86844b84d6b,2021-03,South Yorkshire Police,South Yorkshire Police,-1.192391,53.477948,On or near LINDEN GROVE,E01007549,Doncaster 034D,Suspect charged
4c49b8aaa496dcdd918a52c6f221e3e11e811fb92085832ae1eeb087f75c77e8,2021-03,South Yorkshire Police,South Yorkshire Police,-1.505923,53.561783,On or near SAMUEL SQUARE,E01007380,Barnsley 012B,Unable to prosecute suspect
79000899b9787eaa3b0d33af07d0f0d274e9f05d5c38e89b1754b9fb8646188f,2021-03,South Yorkshire Police,South Yorkshire Police,-1.146393,53.465755,On or near WINDMILL DRIVE,E01007611,Doncaster 039A,Suspect charged
7f753e2a30c604b99856effb8a6790565f766eedaea8d71a1515e068cf45fb07,2021-03,South Yorkshire Police,South Yorkshire Police,-1.454511,53.595122,On or near FIELD VIEW,E01007436,Barnsley 002B,Unable to prosecute suspect
cbfc00a61f25d5456ea0c4eb070252738fae312bd3fb9c9d233fb91ed4307912,2021-03,South Yorkshire Police,South Yorkshire Police,-1.188087,53.487187,On or near VICTORIA ROAD,E01007545,Doncaster 034A,Suspect charged
3fa66dc736cad79e4c690511e3640cab1eee65013428921cae56eea5178868a1,2021-03,South Yorkshire Police,South Yorkshire Police,-1.210129,53.354354,On or near CAPERNS ROAD,E01007662,Rotherham 032D,Unable to prosecute suspect
462e6f8b83e58c5a42d6a342397d9e120b8ba12bd733c8221d4c2820e73d9fb8,2021-03,South Yorkshire Police,South Yorkshire Police,-1.126506,53.526060,On or near BROXHOLME LANE,E01007648,Doncaster 019D,Unable to prosecute suspect
433932f38b0e8c62f6f30ad443d002a8fa94d66b35059713f44211210d0a13e5,2021-03,South Yorkshire Police,South Yorkshire Police,-1.025592,53.585712,On or near ST. EDWIN REACH,E01007563,Doncaster 006F,Suspect charged
bde52474bc0cccd9966f349e8a39ef528423afc88cfdf2ec3f30a456ec491394,2021-03,South Yorkshire Police,South Yorkshire Police,-1.025592,53.585712,On or near ST. EDWIN REACH,E01007563,Doncaster 006F,Suspect charged
6e4fc37d18be0c0cd186d3b9f4aafc9419273a58ec1ce781c6e0c35b1b9e2207,2021-03,South Yorkshire Police,South Yorkshire Police,-0.943109,53.634234,On or near Sports/Recreation Area,E01007633,Doncaster 001B,Unable to prosecute suspect
d5526381b4de26bd4b4e442f7e47e4457f03997547a419dca41ead604e9cdd1f,2021-03,South Yorkshire Police,South Yorkshire Police,-1.451555,53.399554,On or near CARWOOD GROVE,E01007873,Sheffield 020C,Unable to prosecute suspect
0bcf1c12fa95fb14a6d3c4aec3e476f75496f74cb44df4e7e3bc54c75573b5b4,2021-03,South Yorkshire Police,South Yorkshire Police,-1.343921,53.452899,On or near Nightclub,E01007784,Rotherham 008D,Unable to prosecute suspect
482800fa1425df0b482a211f4ff9bb8ef234101fe307229c73e36b222ac9c8eb,2021-03,South Yorkshire Police,South Yorkshire Police,-1.453832,53.400212,On or near ELLESMERE ROAD NORTH,E01007869,Sheffield 020A,Unable to prosecute suspect
6c697366ea97cd4f452c2eb3e277e292a7e135bd6bed0c8fe16f473f45c0b836,2021-03,South Yorkshire Police,South Yorkshire Police,-1.441349,53.409395,On or near WENSLEY CLOSE,E01007940,Sheffield 022E,Unable to prosecute suspect
d535d4c0a18e3b541c4cc54387bc62e2d955eb6dd0f37314847b06f1e5708a40,2021-03,South Yorkshire Police,South Yorkshire Police,-1.441349,53.409395,On or near WENSLEY CLOSE,E01007940,Sheffield 022E,Unable to prosecute suspect
8649f674761c82dbd0c386e704226e5471b924a3c86e19d0c8d90317719c6ced,2021-03,South Yorkshire Police,South Yorkshire Police,-1.369010,53.346032,On or near DELVES ROAD,E01008033,Sheffield 061B,Suspect charged
8649f674761c82dbd0c386e704226e5471b924a3c86e19d0c8d90317719c6ced,2021-03,South Yorkshire Police,South Yorkshire Police,-1.369010,53.346032,On or near DELVES ROAD,E01008033,Sheffield 061B,Suspect charged
8649f674761c82dbd0c386e704226e5471b924a3c86e19d0c8d90317719c6ced,2021-03,South Yorkshire Police,South Yorkshire Police,-1.369010,53.346032,On or near DELVES ROAD,E01008033,Sheffield 061B,Suspect charged
47a46fa31e67765bf6da2d3e3cae924789f67abedb0d4beb0764c011a98e4e22,2021-03,South Yorkshire Police,South Yorkshire Police,-1.414039,53.578311,On or near SCHOOL HILL,E01007345,Barnsley 008B,Unable to prosecute suspect
20e6f92abfc77dc272cbb96567bde07b437a28521904763060751b9928cf0135,2021-03,South Yorkshire Police,South Yorkshire Police,-1.441349,53.409395,On or near WENSLEY CLOSE,E01007940,Sheffield 022E,Unable to prosecute suspect
6175840d6a7ea2ae3f57fc43d957a7e041345cc2fa521da32d2f05d1dc48fda0,2021-03,South Yorkshire Police,South Yorkshire Police,-1.444122,53.410217,On or near WILLOUGHBY STREET,E01007944,Sheffield 022F,Investigation complete; no suspect identified
a96116b3c9bb0cb95d64156b7ce3ef8315fd749b33c24dd55212e6e9f7365765,2021-03,South Yorkshire Police,South Yorkshire Police,-1.414039,53.578311,On or near SCHOOL HILL,E01007345,Barnsley 008B,Unable to prosecute suspect
a96116b3c9bb0cb95d64156b7ce3ef8315fd749b33c24dd55212e6e9f7365765,2021-03,South Yorkshire Police,South Yorkshire Police,-1.414039,53.578311,On or near SCHOOL HILL,E01007345,Barnsley 008B,Unable to prosecute suspect
a96116b3c9bb0cb95d64156b7ce3ef8315fd749b33c24dd55212e6e9f7365765,2021-03,South Yorkshire Police,South Yorkshire Police,-1.414039,53.578311,On or near SCHOOL HILL,E01007345,Barnsley 008B,Unable to prosecute suspect
a96116b3c9bb0cb95d64156b7ce3ef8315fd749b33c24dd55212e6e9f7365765,2021-03,South Yorkshire Police,South Yorkshire Police,-1.414039,53.578311,On or near SCHOOL HILL,E01007345,Barnsley 008B,Unable to prosecute suspect
6381cd105bbde733669d9e14a3f720a81fb04c1216956f1669281123cabe9670,2021-03,South Yorkshire Police,South Yorkshire Police,-1.397567,53.522636,On or near NEW STREET,E01007449,Barnsley 023C,Suspect charged
8f4fe1ff5f0ac7ca9f83eae70d37221bd5e565a65cbeaa90a86ce7d80263c100,2021-03,South Yorkshire Police,South Yorkshire Police,-1.142432,53.509816,On or near CLARENCE AVENUE,E01007534,Doncaster 028D,Unable to prosecute suspect
2c7b6e8f02f918facc4ba5d3dc2532d0a7dec728123712f4ea005062f9c3306f,2021-03,South Yorkshire Police,South Yorkshire Police,-1.417226,53.392453,On or near UTTLEY CROFT,E01007904,Sheffield 018B,Unable to prosecute suspect
1f3dd5d618b20cec8db83bd04743a2e344fe99573c4d8790e2342638ff64353c,2021-03,South Yorkshire Police,South Yorkshire Police,-1.140942,53.491046,On or near PLANTATION ROAD,E01007502,Doncaster 028C,Investigation complete; no suspect identified
78bc83c3274ee26ee5e2a957d1c2ff078e87184ed58577750c752ec209476074,2021-03,South Yorkshire Police,South Yorkshire Police,-1.482402,53.328771,On or near ANNESLEY ROAD,E01007823,Sheffield 069A,Suspect charged
903be2831efd17f207c9dbfc1109184b4321d73a7d4e5e2c2d138a7078058b57,2021-03,South Yorkshire Police,South Yorkshire Police,-1.417530,53.353596,On or near CROFT ROAD,E01008001,Sheffield 052B,Suspect charged
259550d40f4c280f77d6f826665fe5bdad821686705be786fe447cf04b0080d4,2021-03,South Yorkshire Police,South Yorkshire Police,-1.479496,53.434268,On or near DUGDALE DRIVE,E01008125,Sheffield 009G,Unable to prosecute suspect
7737991e73832e19bb969500c9ccdcbed99ea0abf6034edb1d198fdafd88b755,2021-03,South Yorkshire Police,South Yorkshire Police,-1.390308,53.344058,On or near FERN VIEW CLOSE,E01033278,Sheffield 076E,Suspect charged
51467664504705ee3d72b0bfd12b60c4ebf300abdbbac6dafac9e0005312f3a2,2021-03,South Yorkshire Police,South Yorkshire Police,-0.970162,53.544268,On or near Prison,E01007557,Doncaster 008B,Suspect charged
b3971053176bd477ace07685ce35be9a71f7c917440b22a4d86cd79510b7a48f,2021-03,South Yorkshire Police,South Yorkshire Police,-0.970162,53.544268,On or near Prison,E01007557,Doncaster 008B,Suspect charged
7f06b1ac8d64d64be3231671ab94e8c202b6c32911ea549f0c236e40ed8b5cab,2021-03,South Yorkshire Police,South Yorkshire Police,-0.970162,53.544268,On or near Prison,E01007557,Doncaster 008B,Suspect charged
6c28718140472803e241d6b2bdf10b48f95d066bea300f9896ade186d528b271,2021-03,South Yorkshire Police,South Yorkshire Police,-1.379658,53.576691,On or near KINGSWAY,E01007332,Barnsley 006C,Investigation complete; no suspect identified
0db2865ba9dcd6e77ca1bacfdafa535e4aa3647f43d786b6f5384a7c89c0868f,2021-03,South Yorkshire Police,South Yorkshire Police,-1.457868,53.424679,On or near SWANBOURNE ROAD,E01008061,Sheffield 011A,Unable to prosecute suspect
e7101dc2204ec4a3aa9e2d7163ded63d12ffe63512d60f95b453531c3a017b9c,2021-03,South Yorkshire Police,South Yorkshire Police,-1.186091,53.585886,On or near CHESTNUT AVENUE,E01007472,Doncaster 005D,Unable to prosecute suspect
331af2808ac1d5e7376d8862db75e97e584b0ef0c84166469ca9091fc01ff52a,2021-03,South Yorkshire Police,South Yorkshire Police,-1.137539,53.517592,On or near CAMDEN PLACE,E01007532,Doncaster 023B,Unable to prosecute suspect
838407cdaf0cda13ad909780b16f3a37f256016aaa25fb71688c4d27f45b53ce,2021-03,South Yorkshire Police,South Yorkshire Police,-1.485216,53.423030,On or near WORDSWORTH CRESCENT,E01008118,Sheffield 009E,Unable to prosecute suspect
bc42f76eae4b8da64c9929cb01314ab09ee55c0991de79ba80f341e5f0d83f0b,2021-03,South Yorkshire Police,South Yorkshire Police,-1.152955,53.515248,On or near GLADSTONE ROAD,E01007531,Doncaster 022C,Unable to prosecute suspect
ff34b6fb181d9e38a4a2c33ab9a2c0ce1eb655eeb241e6e0f237b3661a0971b4,2021-03,South Yorkshire Police,South Yorkshire Police,-1.457167,53.392272,On or near Nightclub,E01033269,Sheffield 022G,Investigation complete; no suspect identified
be2a0e291bd4af1998913fb074d8c06127f965538c9f76647aabfd9c1450ce90,2021-03,South Yorkshire Police,South Yorkshire Police,-1.479354,53.562839,On or near SANDBECK CLOSE,E01007410,Barnsley 010E,Suspect charged
c4dc8a185224b3cb172c8f65211472998e661c3eb975aa6ee3eda928f1c24898,2021-03,South Yorkshire Police,South Yorkshire Police,-1.412562,53.581405,On or near INTAKE LANE,E01007343,Barnsley 003D,Offender given a caution
4d159c2da5ea624051686ea7e1a646b8a7e1470502421328435d7d35a231b7ed,2021-03,South Yorkshire Police,South Yorkshire Police,-1.444122,53.410217,On or near WILLOUGHBY STREET,E01007944,Sheffield 022F,Unable to prosecute suspect
fa6bc7a013eccc79fb361dbc9f8a85aba91455bef49484fd12fccd50d3b7b941,2021-03,South Yorkshire Police,South Yorkshire Police,-1.412562,53.581405,On or near INTAKE LANE,E01007343,Barnsley 003D,Unable to prosecute suspect
edf9330ed5717972c0ff3cac8a453cd8138302ef124feb3515688ec4106b8873,2021-03,South Yorkshire Police,South Yorkshire Police,-1.512365,53.405778,On or near COTSWOLD ROAD,E01007993,Sheffield 021C,Investigation complete; no suspect identified
fc56c0493b2d5b79404753c005a00ba5c53c47e459f24dbb23516153f1af27b1,2021-03,South Yorkshire Police,South Yorkshire Police,-1.466495,53.400269,On or near SHIRLEY ROAD,E01007870,Sheffield 019A,Suspect charged
50a4d658866d6286e8e371a93214622ba343e067f7a9732316c57d10d90fd09c,2021-03,South Yorkshire Police,South Yorkshire Police,-1.445819,53.410386,On or near HINDE HOUSE LANE,E01007944,Sheffield 022F,Investigation complete; no suspect identified
336acac1fd4cd292c81e1862941db7cc3484844307822ce8d170a8ee53de85ca,2021-03,South Yorkshire Police,South Yorkshire Police,-1.441876,53.554077,On or near GRANGE CRESCENT,E01007405,Barnsley 011D,Unable to prosecute suspect
f1be142b3b7714edb7fb12c8f5cb29791647f27548fadc842def0acd648dedf4,2021-03,South Yorkshire Police,South Yorkshire Police,-1.436491,53.348959,On or near SPRING CLOSE MOUNT,E01007982,Sheffield 054A,Suspect charged
d392345a414b77c3ad2d2f1845d4c9b4a9333d60461fb28f18af043476e2272f,2021-03,South Yorkshire Police,South Yorkshire Police,-1.170255,53.535181,On or near ST CHRISTOPHER'S CRESCENT,E01007582,Doncaster 016B,Unable to prosecute suspect
