Type,Date,Part of a policing operation,Policing operation,Latitude,Longitude,Gender,Age range,Self-defined ethnicity,Officer-defined ethnicity,Legislation,Object of search,Outcome,Outcome linked to object of search,Removal of more than just outer clothing
Person search,2017-11-01T00:05:00+00:00,False,,52.961511,-1.161670,Male,25-34,Other ethnic group - Not stated,White,Police and Criminal Evidence Act 1984 (section 1),Offensive weapons,Article found - Detailed outcome unavailable,,False
Person search,2017-11-01T12:20:00+00:00,False,,53.144638,-1.199015,Female,10-17,White - English/Welsh/Scottish/Northern Irish/British,White,Police and Criminal Evidence Act 1984 (section 1),Stolen goods,Suspect summonsed to court,False,False
Person search,2017-11-01T14:05:00+00:00,False,,52.960868,-1.143416,Male,25-34,Other ethnic group - Not stated,Asian,Misuse of Drugs Act 1971 (section 23),Controlled drugs,Suspect arrested,True,False
Person search,2017-11-02T15:41:00+00:00,False,,52.957091,-1.128351,Male,10-17,Black/African/Caribbean/Black British - Any other Black/African/Caribbean background,Black,Police and Criminal Evidence Act 1984 (section 1),Offensive weapons,Nothing found - no further action,,False
Person search,2017-11-02T15:41:00+00:00,False,,52.957091,-1.128351,Male,10-17,Black/African/Caribbean/Black British - Any other Black/African/Caribbean background,Black,Police and Criminal Evidence Act 1984 (section 1),Offensive weapons,Nothing found - no further action,,False
Person search,2017-11-02T15:56:00+00:00,False,,52.964779,-1.132261,Male,10-17,Black/African/Caribbean/Black British - Caribbean,Black,Police and Criminal Evidence Act 1984 (section 1),Offensive weapons,Nothing found - no further action,,False
Person search,2017-11-03T03:40:00+00:00,False,,52.932303,-1.260366,Male,over 34,White - English/Welsh/Scottish/Northern Irish/British,White,Police and Criminal Evidence Act 1984 (section 1),Article for use in theft,Nothing found - no further action,,False
Person search,2017-11-03T16:16:00+00:00,False,,52.979988,-1.155876,Male,10-17,White - English/Welsh/Scottish/Northern Irish/British,White,Police and Criminal Evidence Act 1984 (section 1),Offensive weapons,Nothing found - no further action,,False
Person search,2017-11-04T03:20:00+00:00,True,,52.951997,-1.142400,Male,18-24,White - English/Welsh/Scottish/Northern Irish/British,White,Misuse of Drugs Act 1971 (section 23),Controlled drugs,Nothing found - no further action,,False
Person search,2017-11-04T21:15:00+00:00,False,,52.933512,-1.167329,Male,18-24,White - English/Welsh/Scottish/Northern Irish/British,White,Police and Criminal Evidence Act 1984 (section 1),Article for use in theft,Nothing found - no further action,,False
Person search,2017-11-04T21:15:00+00:00,False,,52.933512,-1.167329,Male,18-24,White - English/Welsh/Scottish/Northern Irish/British,White,Police and Criminal Evidence Act 1984 (section 1),Article for use in theft,Nothing found - no further action,,False
Person search,2017-11-04T22:40:00+00:00,False,,52.955473,-1.145710,Male,10-17,Black/African/Caribbean/Black British - Caribbean,Black,Misuse of Drugs Act 1971 (section 23),Controlled drugs,Nothing found - no further action,,False
Person search,2017-11-04T22:40:00+00:00,True,,52.954068,-1.146601,Male,10-17,Mixed/Multiple ethnic groups - Any other Mixed/Multiple ethnic background,Mixed,Misuse of Drugs Act 1971 (section 23),Controlled drugs,Article found - Detailed outcome unavailable,True,False
Person search,2017-11-04T22:46:00+00:00,False,,52.956878,-1.149761,Male,10-17,Mixed/Multiple ethnic groups - White and Black Caribbean,Mixed,Police and Criminal Evidence Act 1984 (section 1),Offensive weapons,Nothing found - no further action,,False
Person search,2017-11-04T22:54:00+00:00,False,,52.954655,-1.149477,Male,10-17,Other ethnic group - Not stated,Black,Criminal Justice Act 1988 (section 139B),Offensive weapons,Article found - Detailed outcome unavailable,,False
Person search,2017-11-04T23:32:00+00:00,False,,52.950923,-1.143061,Male,18-24,White - English/Welsh/Scottish/Northern Irish/British,White,Police and Criminal Evidence Act 1984 (section 1),Offensive weapons,Suspect arrested,,False
Person search,2017-11-05T06:39:00+00:00,False,,53.145351,-1.194083,Male,25-34,Black/African/Caribbean/Black British - Caribbean,Black,Misuse of Drugs Act 1971 (section 23),Controlled drugs,Suspect arrested,True,False
Person search,2017-11-05T15:13:00+00:00,False,,52.955820,-1.150199,Male,25-34,White - English/Welsh/Scottish/Northern Irish/British,White,Misuse of Drugs Act 1971 (section 23),Controlled drugs,Nothing found - no further action,,False
Person and Vehicle search,2017-11-05T18:21:00+00:00,True,,52.945018,-1.176201,Male,,Other ethnic group - Not stated,Asian,Misuse of Drugs Act 1971 (section 23),Controlled drugs,Nothing found - no further action,,False
Person search,2017-11-05T18:36:00+00:00,False,,52.945439,-1.176014,Male,18-24,Black/African/Caribbean/Black British - Caribbean,Mixed,Misuse of Drugs Act 1971 (section 23),Controlled drugs,Nothing found - no further action,,False
Person and Vehicle search,2017-11-05T20:20:00+00:00,True,,52.939517,-1.138257,Male,18-24,Asian/Asian British - Pakistani,Asian,Misuse of Drugs Act 1971 (section 23),Controlled drugs,Suspect arrested,True,False
Person search,2017-11-05T23:26:00+00:00,False,,52.951705,-1.140545,Male,18-24,Black/African/Caribbean/Black British - Caribbean,Black,Police and Criminal Evidence Act 1984 (section 1),Offensive weapons,Suspect arrested,,False
Person search,2017-11-05T23:30:00+00:00,False,,52.950923,-1.143061,Male,18-24,Other ethnic group - Not stated,Black,Criminal Justice Act 1988 (section 139B),Offensive weapons,Suspect arrested,True,False
Person search,2017-11-05T23:42:00+00:00,False,,52.950775,-1.149881,Male,18-24,Black/African/Caribbean/Black British - Any other Black/African/Caribbean background,Black,Criminal Justice Act 1988 (section 139B),Offensive weapons,Suspect arrested,False,False
Person search,2017-11-06T00:00:00+00:00,False,,53.140052,-1.213676,Male,18-24,White - English/Welsh/Scottish/Northern Irish/British,White,Misuse of Drugs Act 1971 (section 23),Controlled drugs,Offender given drugs possession warning,True,False
Person search,2017-11-06T02:02:00+00:00,False,,53.145402,-1.188370,Male,25-34,White - English/Welsh/Scottish/Northern Irish/British,White,Police and Criminal Evidence Act 1984 (section 1),Article for use in theft,Suspect summonsed to court,False,False
Person search,2017-11-06T23:40:00+00:00,False,,52.970011,-1.156011,Male,over 34,White - English/Welsh/Scottish/Northern Irish/British,White,Police and Criminal Evidence Act 1984 (section 1),Article for use in theft,Nothing found - no further action,,False
Person and Vehicle search,2017-11-07T03:45:00+00:00,False,,52.949749,-1.191024,Female,18-24,White - English/Welsh/Scottish/Northern Irish/British,White,Misuse of Drugs Act 1971 (section 23),Controlled drugs,Nothing found - no further action,,False
Person search,2017-11-07T12:12:00+00:00,True,,52.954655,-1.149477,Male,over 34,White - English/Welsh/Scottish/Northern Irish/British,White,Misuse of Drugs Act 1971 (section 23),Controlled drugs,Suspect arrested,True,False
Person search,2017-11-07T12:55:00+00:00,True,,52.944815,-1.136173,Male,25-34,Asian/Asian British - Pakistani,Asian,Misuse of Drugs Act 1971 (section 23),Controlled drugs,Nothing found - no further action,,False
Person search,2017-11-07T12:55:00+00:00,True,,52.951394,-1.123703,Male,18-24,Mixed/Multiple ethnic groups - Any other Mixed/Multiple ethnic background,Mixed,Misuse of Drugs Act 1971 (section 23),Controlled drugs,Nothing found - no further action,,False
Person search,2017-11-07T13:03:00+00:00,True,,52.951394,-1.123703,Male,25-34,Other ethnic group - Any other ethnic group,Other,Misuse of Drugs Act 1971 (section 23),Controlled drugs,Nothing found - no further action,,False
Person search,2017-11-07T13:10:00+00:00,True,,52.955009,-1.122736,Male,25-34,Mixed/Multiple ethnic groups - White and Black Caribbean,White,Misuse of Drugs Act 1971 (section 23),Controlled drugs,Nothing found - no further action,,False
Person search,2017-11-07T13:21:00+00:00,True,,52.951394,-1.123703,Male,25-34,White - English/Welsh/Scottish/Northern Irish/British,White,Misuse of Drugs Act 1971 (section 23),Controlled drugs,Article found - Detailed outcome unavailable,True,False
Person and Vehicle search,2017-11-07T14:59:00+00:00,True,,52.949195,-1.125473,Male,over 34,White - English/Welsh/Scottish/Northern Irish/British,White,Misuse of Drugs Act 1971 (section 23),Controlled drugs,Nothing found - no further action,,False
Person and Vehicle search,2017-11-07T15:15:00+00:00,False,,52.949595,-1.143400,Male,18-24,Asian/Asian British - Any other Asian background,Asian,Misuse of Drugs Act 1971 (section 23),Controlled drugs,Nothing found - no further action,,False
Person search,2017-11-07T16:10:00+00:00,True,,52.960881,-1.140259,Male,over 34,Other ethnic group - Not stated,Black,Misuse of Drugs Act 1971 (section 23),Controlled drugs,Article found - Detailed outcome unavailable,,False
Person search,2017-11-07T16:16:00+00:00,True,,52.963371,-1.173098,Male,over 34,Black/African/Caribbean/Black British - Caribbean,Black,Misuse of Drugs Act 1971 (section 23),Controlled drugs,Suspect arrested,True,False
Person search,2017-11-08T09:09:00+00:00,True,,52.957728,-1.150489,Male,25-34,Black/African/Caribbean/Black British - Any other Black/African/Caribbean background,Black,Misuse of Drugs Act 1971 (section 23),Controlled drugs,Suspect summonsed to court,True,False
Person search,2017-11-08T12:12:00+00:00,True,,52.954655,-1.149477,Male,over 34,White - English/Welsh/Scottish/Northern Irish/British,White,Misuse of Drugs Act 1971 (section 23),Controlled drugs,Nothing found - no further action,,False
Person search,2017-11-08T12:32:00+00:00,True,,52.951394,-1.123703,Male,over 34,Other ethnic group - Not stated,White,Misuse of Drugs Act 1971 (section 23),Controlled drugs,Nothing found - no further action,,False
Person search,2017-11-08T23:10:00+00:00,False,,53.139338,-1.150245,Male,25-34,White - English/Welsh/Scottish/Northern Irish/British,White,Misuse of Drugs Act 1971 (section 23),Controlled drugs,Article found - Detailed outcome unavailable,,False
Person search,2017-11-09T13:55:00+00:00,False,,52.964466,-1.167762,Male,18-24,Other ethnic group - Not stated,Other,Misuse of Drugs Act 1971 (section 23),Controlled drugs,Article found - Detailed outcome unavailable,True,False
Person search,2017-11-09T16:43:00+00:00,True,,52.964933,-1.172845,Male,25-34,Mixed/Multiple ethnic groups - White and Black Caribbean,Black,Misuse of Drugs Act 1971 (section 23),Controlled drugs,Nothing found - no further action,,False
Person search,2017-11-09T17:17:00+00:00,True,,52.965289,-1.169771,Male,10-17,White - Any other White background,White,Police and Criminal Evidence Act 1984 (section 1),Offensive weapons,Article found - Detailed outcome unavailable,True,False
Person search,2017-11-09T18:08:00+00:00,False,,52.963078,-1.158260,Male,over 34,Asian/Asian British - Any other Asian background,Asian,Police and Criminal Evidence Act 1984 (section 1),Article for use in theft,Nothing found - no further action,,False
Person and Vehicle search,2017-11-10T01:38:00+00:00,False,,52.997186,-1.146005,Male,over 34,Other ethnic group - Not stated,White,Misuse of Drugs Act 1971 (section 23),Controlled drugs,Suspect arrested,,False
Person and Vehicle search,2017-11-10T03:57:00+00:00,False,,53.049554,-1.146552,Male,25-34,White - English/Welsh/Scottish/Northern Irish/British,White,Firearms Act 1968 (section 47),Firearms,Article found - Detailed outcome unavailable,,False
Person search,2017-11-10T04:40:00+00:00,False,,52.947578,-1.160525,Male,18-24,Mixed/Multiple ethnic groups - Any other Mixed/Multiple ethnic background,Black,Police and Criminal Evidence Act 1984 (section 1),Stolen goods,Suspect arrested,,False
Person search,2017-11-10T05:19:00+00:00,False,,53.093721,-1.242579,Male,over 34,White - English/Welsh/Scottish/Northern Irish/British,White,Police and Criminal Evidence Act 1984 (section 1),Article for use in theft,Suspect arrested,,False
Person search,2017-11-10T16:16:00+00:00,False,,53.050204,-1.139557,Male,over 34,Other ethnic group - Not stated,White,Police and Criminal Evidence Act 1984 (section 1),Offensive weapons,Nothing found - no further action,,False
Person search,2017-11-10T22:58:00+00:00,False,,53.003577,-1.179006,Male,18-24,Other ethnic group - Not stated,Mixed,Misuse of Drugs Act 1971 (section 23),Controlled drugs,Nothing found - no further action,,False
Person and Vehicle search,2017-11-12T01:01:00+00:00,False,,52.954683,-1.152112,Male,25-34,Other ethnic group - Not stated,Mixed,Misuse of Drugs Act 1971 (section 23),Controlled drugs,Offender given drugs possession warning,True,False
Person and Vehicle search,2017-11-12T15:15:00+00:00,False,,52.994050,-1.166374,Male,18-24,White - English/Welsh/Scottish/Northern Irish/British,White,Misuse of Drugs Act 1971 (section 23),Controlled drugs,Offender cautioned,True,False
Person search,2017-11-12T15:15:00+00:00,False,,52.994050,-1.166374,Male,18-24,White - English/Welsh/Scottish/Northern Irish/British,White,Misuse of Drugs Act 1971 (section 23),Controlled drugs,Nothing found - no further action,,False
Person search,2017-11-12T15:15:00+00:00,False,,52.994050,-1.166374,Male,18-24,White - English/Welsh/Scottish/Northern Irish/British,White,Misuse of Drugs Act 1971 (section 23),Controlled drugs,Nothing found - no further action,,False
Person search,2017-11-12T15:15:00+00:00,False,,52.994050,-1.166374,Male,10-17,White - English/Welsh/Scottish/Northern Irish/British,White,Misuse of Drugs Act 1971 (section 23),Controlled drugs,Nothing found - no further action,,False
Person search,2017-11-12T21:21:00+00:00,False,,52.936670,-1.268877,Male,10-17,Other ethnic group - Not stated,Mixed,Police and Criminal Evidence Act 1984 (section 1),Articles for use in criminal damage,Nothing found - no further action,,False
Person and Vehicle search,2017-11-12T23:15:00+00:00,False,,52.953110,-1.140934,Male,10-17,White - English/Welsh/Scottish/Northern Irish/British,White,Misuse of Drugs Act 1971 (section 23),Controlled drugs,Suspected psychoactive substances seized - No further action,True,False
Vehicle search,2017-11-13T07:38:00+00:00,False,,52.985644,-1.181759,,,,,Misuse of Drugs Act 1971 (section 23),Controlled drugs,Suspect arrested,True,
Person search,2017-11-13T17:00:00+00:00,False,,53.309972,-1.124574,Male,18-24,White - English/Welsh/Scottish/Northern Irish/British,White,Misuse of Drugs Act 1971 (section 23),Controlled drugs,Nothing found - no further action,,False
Person search,2017-11-14T11:59:00+00:00,False,,52.951110,-1.151482,,25-34,White - English/Welsh/Scottish/Northern Irish/British,White,Misuse of Drugs Act 1971 (section 23),Controlled drugs,Nothing found - no further action,,False
Person search,2017-11-14T12:25:00+00:00,True,,52.972010,-1.180959,Male,over 34,White - Any other White background,White,Misuse of Drugs Act 1971 (section 23),Controlled drugs,Article found - Detailed outcome unavailable,False,False
Person search,2017-11-14T12:31:00+00:00,False,,52.972628,-1.188453,Male,25-34,White - Any other White background,White,Misuse of Drugs Act 1971 (section 23),Controlled drugs,Nothing found - no further action,,False
Person search,2017-11-15T03:08:00+00:00,False,,52.962538,-1.128286,Male,25-34,Black/African/Caribbean/Black British - Caribbean,Black,Police and Criminal Evidence Act 1984 (section 1),Article for use in theft,Article found - Detailed outcome unavailable,,False
Person and Vehicle search,2017-11-15T04:04:00+00:00,False,,53.009086,-1.169825,Male,25-34,Black/African/Caribbean/Black British - Caribbean,Black,Misuse of Drugs Act 1971 (section 23),Controlled drugs,Article found - Detailed outcome unavailable,True,False
Person search,2017-11-15T06:06:00+00:00,False,,52.953211,-1.151158,Male,10-17,Other ethnic group - Not stated,Black,Police and Criminal Evidence Act 1984 (section 1),Offensive weapons,Suspect arrested,,False
Person search,2017-11-15T08:08:00+00:00,True,,52.952195,-1.151148,Male,25-34,White - English/Welsh/Scottish/Northern Irish/British,White,Police and Criminal Evidence Act 1984 (section 1),Offensive weapons,Local resolution,,False
Person search,2017-11-15T10:10:00+00:00,True,,52.959087,-1.149420,Male,over 34,White - English/Welsh/Scottish/Northern Irish/British,White,Misuse of Drugs Act 1971 (section 23),Controlled drugs,Article found - Detailed outcome unavailable,True,False
Person search,2017-11-15T10:10:00+00:00,True,,52.958809,-1.149619,Male,over 34,White - English/Welsh/Scottish/Northern Irish/British,White,Misuse of Drugs Act 1971 (section 23),Controlled drugs,Nothing found - no further action,,False
Person search,2017-11-15T11:11:00+00:00,False,,52.951794,-1.150352,Male,25-34,Mixed/Multiple ethnic groups - White and Black Caribbean,Mixed,Criminal Justice Act 1988 (section 139B),Offensive weapons,Suspect arrested,,False
Person search,2017-11-15T11:11:00+00:00,True,,52.958809,-1.149619,Male,over 34,White - English/Welsh/Scottish/Northern Irish/British,White,Misuse of Drugs Act 1971 (section 23),Controlled drugs,Nothing found - no further action,,False
Person and Vehicle search,2017-11-15T13:55:00+00:00,False,,52.975081,-1.188318,Male,25-34,Black/African/Caribbean/Black British - Any other Black/African/Caribbean background,Black,Misuse of Drugs Act 1971 (section 23),Controlled drugs,Article found - Detailed outcome unavailable,,False
Person search,2017-11-15T14:14:00+00:00,True,,52.958315,-1.150939,Male,18-24,White - English/Welsh/Scottish/Northern Irish/British,White,Misuse of Drugs Act 1971 (section 23),Controlled drugs,Suspect summonsed to court,True,False
Person search,2017-11-15T14:14:00+00:00,True,,52.958315,-1.150939,Male,over 34,White - English/Welsh/Scottish/Northern Irish/British,White,Misuse of Drugs Act 1971 (section 23),Controlled drugs,Suspect summonsed to court,True,False
Person search,2017-11-15T14:14:00+00:00,True,,52.958315,-1.150939,Male,25-34,White - English/Welsh/Scottish/Northern Irish/British,White,Misuse of Drugs Act 1971 (section 23),Controlled drugs,Nothing found - no further action,,False
Person search,2017-11-15T14:14:00+00:00,True,,52.958315,-1.150939,Male,18-24,White - English/Welsh/Scottish/Northern Irish/British,White,Misuse of Drugs Act 1971 (section 23),Controlled drugs,Suspect summonsed to court,True,False
Person search,2017-11-15T14:46:00+00:00,False,,52.965746,-1.172100,Male,10-17,Black/African/Caribbean/Black British - African,Black,Misuse of Drugs Act 1971 (section 23),Controlled drugs,Nothing found - no further action,,False
Person search,2017-11-15T14:50:00+00:00,True,,52.970922,-1.174473,Male,18-24,Black/African/Caribbean/Black British - African,Black,Police and Criminal Evidence Act 1984 (section 1),Offensive weapons,Nothing found - no further action,,False
Person and Vehicle search,2017-11-15T15:15:00+00:00,False,,52.960582,-1.170203,Male,25-34,Black/African/Caribbean/Black British - African,Black,Misuse of Drugs Act 1971 (section 23),Controlled drugs,Nothing found - no further action,,False
Person search,2017-11-15T18:00:00+00:00,True,,52.963850,-1.170915,Male,10-17,Black/African/Caribbean/Black British - Caribbean,Black,Misuse of Drugs Act 1971 (section 23),Controlled drugs,Offender cautioned,True,False
Person search,2017-11-15T18:00:00+00:00,True,,52.963850,-1.170915,Male,10-17,Black/African/Caribbean/Black British - Caribbean,Black,Misuse of Drugs Act 1971 (section 23),Controlled drugs,Offender cautioned,True,False
Person and Vehicle search,2017-11-16T15:15:00+00:00,True,,52.964017,-1.154996,Male,10-17,Asian/Asian British - Pakistani,Asian,Misuse of Drugs Act 1971 (section 23),Controlled drugs,Suspect summonsed to court,True,False
Person search,2017-11-16T18:18:00+00:00,False,,53.126430,-1.260745,Male,18-24,White - English/Welsh/Scottish/Northern Irish/British,White,Misuse of Drugs Act 1971 (section 23),Controlled drugs,Suspect summonsed to court,True,False
Person and Vehicle search,2017-11-17T16:10:00+00:00,True,,52.955473,-1.145710,Male,25-34,Asian/Asian British - Pakistani,Asian,Misuse of Drugs Act 1971 (section 23),Controlled drugs,Nothing found - no further action,,False
Person and Vehicle search,2017-11-17T19:19:00+00:00,True,,52.960728,-1.151443,Male,18-24,Asian/Asian British - Pakistani,Asian,Misuse of Drugs Act 1971 (section 23),Controlled drugs,Suspect arrested,True,False
Person and Vehicle search,2017-11-17T19:19:00+00:00,True,,52.960728,-1.151443,Male,18-24,Asian/Asian British - Pakistani,Asian,Misuse of Drugs Act 1971 (section 23),Controlled drugs,Suspect arrested,True,False
Person search,2017-11-17T19:52:00+00:00,False,,52.953211,-1.151158,Male,25-34,Asian/Asian British - Chinese,Other,Police and Criminal Evidence Act 1984 (section 1),Article for use in theft,Article found - Detailed outcome unavailable,True,False
Person search,2017-11-17T23:24:00+00:00,False,,52.956835,-1.169203,Male,over 34,Other ethnic group - Not stated,Black,Firearms Act 1968 (section 47),Firearms,Nothing found - no further action,,False
Person search,2017-11-18T00:05:00+00:00,False,,52.956878,-1.149761,Male,18-24,Asian/Asian British - Pakistani,Asian,Misuse of Drugs Act 1971 (section 23),Controlled drugs,Nothing found - no further action,,False
Person search,2017-11-18T00:17:00+00:00,True,,52.953777,-1.152397,Male,25-34,Black/African/Caribbean/Black British - African,Black,Misuse of Drugs Act 1971 (section 23),Controlled drugs,Nothing found - no further action,,False
Person search,2017-11-18T00:20:00+00:00,False,,52.953777,-1.152397,Male,18-24,Mixed/Multiple ethnic groups - Any other Mixed/Multiple ethnic background,Mixed,Misuse of Drugs Act 1971 (section 23),Controlled drugs,Suspect summonsed to court,True,False
Person search,2017-11-18T01:01:00+00:00,True,,52.953777,-1.152397,Male,25-34,Black/African/Caribbean/Black British - African,Black,Misuse of Drugs Act 1971 (section 23),Controlled drugs,Nothing found - no further action,,False
Person search,2017-11-18T01:01:00+00:00,True,,52.953777,-1.152397,Male,25-34,Black/African/Caribbean/Black British - African,Black,Misuse of Drugs Act 1971 (section 23),Controlled drugs,Nothing found - no further action,,False
Person search,2017-11-18T07:50:00+00:00,False,,52.950201,-1.147645,Male,over 34,Other ethnic group - Not stated,Asian,Misuse of Drugs Act 1971 (section 23),Controlled drugs,Suspect arrested,True,False
Person search,2017-11-18T12:12:00+00:00,True,,52.954655,-1.149477,Male,18-24,Black/African/Caribbean/Black British - African,Black,Misuse of Drugs Act 1971 (section 23),Controlled drugs,Suspect summonsed to court,True,False
Person search,2017-11-18T12:26:00+00:00,False,,52.965002,-1.167230,Male,over 34,Mixed/Multiple ethnic groups - Any other Mixed/Multiple ethnic background,Other,Police and Criminal Evidence Act 1984 (section 1),Offensive weapons,Nothing found - no further action,,False
Person search,2017-11-18T18:35:00+00:00,False,,52.953187,-1.149045,Male,over 34,Other ethnic group - Not stated,Black,Misuse of Drugs Act 1971 (section 23),Controlled drugs,Nothing found - no further action,,False
Person search,2017-11-18T22:16:00+00:00,False,,52.953777,-1.152397,Male,25-34,Black/African/Caribbean/Black British - Caribbean,Black,Police and Criminal Evidence Act 1984 (section 1),Stolen goods,Nothing found - no further action,,False
Person search,2017-11-18T23:47:00+00:00,False,,52.953777,-1.152397,Male,18-24,White - English/Welsh/Scottish/Northern Irish/British,White,Criminal Justice Act 1988 (section 139B),Offensive weapons,Nothing found - no further action,,False
Person search,2017-11-18T23:55:00+00:00,False,,52.956215,-1.148837,Male,18-24,Other ethnic group - Not stated,Asian,Misuse of Drugs Act 1971 (section 23),Controlled drugs,Nothing found - no further action,,False
Person search,2017-11-19T03:03:00+00:00,False,,53.049554,-1.146552,Male,10-17,Other ethnic group - Not stated,Mixed,Police and Criminal Evidence Act 1984 (section 1),Offensive weapons,Nothing found - no further action,,False
Person search,2017-11-19T19:50:00+00:00,False,,52.958378,-1.143405,Male,10-17,White - Any other White background,White,Criminal Justice Act 1988 (section 139B),Offensive weapons,Nothing found - no further action,,False
Person search,2017-11-19T19:50:00+00:00,False,,52.958378,-1.143405,Male,10-17,Black/African/Caribbean/Black British - Caribbean,Black,Criminal Justice Act 1988 (section 139B),Offensive weapons,Nothing found - no further action,,False
Person search,2017-11-19T19:50:00+00:00,False,,52.958378,-1.143405,Male,10-17,White - English/Welsh/Scottish/Northern Irish/British,White,Criminal Justice Act 1988 (section 139B),Offensive weapons,Nothing found - no further action,,False
Person search,2017-11-19T19:50:00+00:00,False,,52.958378,-1.143405,Male,10-17,Mixed/Multiple ethnic groups - White and Black Caribbean,Black,Criminal Justice Act 1988 (section 139B),Offensive weapons,Article found - Detailed outcome unavailable,False,False
Person search,2017-11-20T02:49:00+00:00,False,,53.249805,-0.898574,Male,over 34,White - English/Welsh/Scottish/Northern Irish/British,White,Police and Criminal Evidence Act 1984 (section 1),Article for use in theft,Nothing found - no further action,,False
Person and Vehicle search,2017-11-20T21:21:00+00:00,False,,52.946552,-1.140290,Male,over 34,Other ethnic group - Not stated,Asian,Misuse of Drugs Act 1971 (section 23),Controlled drugs,Offender given drugs possession warning,True,False
Person search,2017-11-21T02:30:00+00:00,False,,53.002035,-1.177098,Male,18-24,Other ethnic group - Not stated,White,Police and Criminal Evidence Act 1984 (section 1),Offensive weapons,Suspect arrested,True,False
Person search,2017-11-21T19:35:00+00:00,False,,53.144638,-1.199015,Male,10-17,White - English/Welsh/Scottish/Northern Irish/British,White,Police and Criminal Evidence Act 1984 (section 1),Offensive weapons,Article found - Detailed outcome unavailable,,False
Vehicle search,2017-11-22T10:38:00+00:00,False,,52.982538,-1.165553,,,,,Police and Criminal Evidence Act 1984 (section 1),Article for use in theft,Article found - Detailed outcome unavailable,True,
Person search,2017-11-22T14:49:00+00:00,False,,52.962617,-1.121942,Male,18-24,White - English/Welsh/Scottish/Northern Irish/British,White,Misuse of Drugs Act 1971 (section 23),Controlled drugs,Nothing found - no further action,,False
Person search,2017-11-23T16:16:00+00:00,False,,52.968764,-1.220926,Male,18-24,Black/African/Caribbean/Black British - Caribbean,Black,Police and Criminal Evidence Act 1984 (section 1),Offensive weapons,Offender given penalty notice,False,False
Person search,2017-11-24T14:46:00+00:00,False,,52.940191,-1.158258,Male,,Other ethnic group - Not stated,White,Misuse of Drugs Act 1971 (section 23),Controlled drugs,Article found - Detailed outcome unavailable,,False
Person search,2017-11-24T14:59:00+00:00,False,,52.940970,-1.159091,Male,18-24,Mixed/Multiple ethnic groups - Any other Mixed/Multiple ethnic background,White,Misuse of Drugs Act 1971 (section 23),Controlled drugs,Suspected psychoactive substances seized - No further action,,False
Person search,2017-11-24T16:00:00+00:00,True,,52.961875,-1.149693,Male,over 34,Asian/Asian British - Pakistani,Asian,Misuse of Drugs Act 1971 (section 23),Controlled drugs,Nothing found - no further action,,False
Person and Vehicle search,2017-11-24T18:18:00+00:00,True,,52.958119,-1.136190,Male,18-24,White - English/Welsh/Scottish/Northern Irish/British,White,Misuse of Drugs Act 1971 (section 23),Controlled drugs,Suspect arrested,True,False
Person search,2017-11-25T03:05:00+00:00,False,,52.954323,-1.158445,Male,18-24,White - English/Welsh/Scottish/Northern Irish/British,White,Police and Criminal Evidence Act 1984 (section 1),Offensive weapons,Nothing found - no further action,,False
Person search,2017-11-25T18:44:00+00:00,False,,52.978068,-1.222337,Male,,Other ethnic group - Not stated,Mixed,Misuse of Drugs Act 1971 (section 23),Controlled drugs,Nothing found - no further action,,False
Person search,2017-11-25T23:50:00+00:00,False,,53.009192,-1.158019,Male,18-24,Other ethnic group - Not stated,Black,Misuse of Drugs Act 1971 (section 23),Controlled drugs,Article found - Detailed outcome unavailable,True,False
Person search,2017-11-26T01:01:00+00:00,False,,52.961897,-1.200787,Male,over 34,White - English/Welsh/Scottish/Northern Irish/British,White,Police and Criminal Evidence Act 1984 (section 1),Article for use in theft,Nothing found - no further action,,False
Person search,2017-11-26T01:01:00+00:00,False,,52.961897,-1.200787,Male,25-34,White - English/Welsh/Scottish/Northern Irish/British,White,Police and Criminal Evidence Act 1984 (section 1),Article for use in theft,Nothing found - no further action,,False
Person search,2017-11-26T01:42:00+00:00,True,,52.954034,-1.135676,Male,over 34,Black/African/Caribbean/Black British - Any other Black/African/Caribbean background,Black,Misuse of Drugs Act 1971 (section 23),Controlled drugs,Nothing found - no further action,,False
Person search,2017-11-26T01:59:00+00:00,True,,52.957542,-1.145952,Male,18-24,Other ethnic group - Not stated,Asian,Misuse of Drugs Act 1971 (section 23),Controlled drugs,Article found - Detailed outcome unavailable,True,False
Person search,2017-11-26T08:10:00+00:00,False,,52.959096,-1.154497,Male,18-24,White - English/Welsh/Scottish/Northern Irish/British,White,Misuse of Drugs Act 1971 (section 23),Controlled drugs,Nothing found - no further action,,False
Person search,2017-11-27T01:01:00+00:00,False,,52.931493,-1.128865,Male,over 34,White - English/Welsh/Scottish/Northern Irish/British,White,Police and Criminal Evidence Act 1984 (section 1),Article for use in theft,Suspect arrested,,False
Person search,2017-11-27T06:27:00+00:00,False,,52.931493,-1.128865,Male,over 34,Other ethnic group - Not stated,White,Police and Criminal Evidence Act 1984 (section 1),Article for use in theft,Nothing found - no further action,,False
Person search,2017-11-27T12:12:00+00:00,False,,52.955846,-1.138885,Male,25-34,Other ethnic group - Not stated,Black,Police and Criminal Evidence Act 1984 (section 1),Stolen goods,Local resolution,,False
Person search,2017-11-27T19:00:00+00:00,False,,52.910675,-1.173194,Male,10-17,Mixed/Multiple ethnic groups - White and Black Caribbean,Mixed,Police and Criminal Evidence Act 1984 (section 1),Offensive weapons,Nothing found - no further action,,False
Person search,2017-11-27T19:00:00+00:00,False,,52.910675,-1.173194,Male,10-17,Mixed/Multiple ethnic groups - White and Black Caribbean,Mixed,Police and Criminal Evidence Act 1984 (section 1),Offensive weapons,Nothing found - no further action,,False
Person search,2017-11-27T19:25:00+00:00,False,,53.100534,-1.246702,Male,,Asian/Asian British - Indian,White,Police and Criminal Evidence Act 1984 (section 1),Article for use in theft,Article found - Detailed outcome unavailable,,False
Person and Vehicle search,2017-11-27T20:20:00+00:00,False,,52.952156,-1.181513,Male,18-24,Other ethnic group - Not stated,Asian,Misuse of Drugs Act 1971 (section 23),Controlled drugs,Article found - Detailed outcome unavailable,True,False
Person search,2017-11-27T20:20:00+00:00,False,,52.952156,-1.181513,Male,18-24,Other ethnic group - Not stated,Asian,Misuse of Drugs Act 1971 (section 23),Controlled drugs,Article found - Detailed outcome unavailable,True,False
Person and Vehicle search,2017-11-27T23:23:00+00:00,False,,53.120282,-1.207805,Male,18-24,White - English/Welsh/Scottish/Northern Irish/British,White,Misuse of Drugs Act 1971 (section 23),Controlled drugs,Nothing found - no further action,,False
Person and Vehicle search,2017-11-27T23:23:00+00:00,False,,53.120282,-1.207805,Male,18-24,White - English/Welsh/Scottish/Northern Irish/British,White,Misuse of Drugs Act 1971 (section 23),Controlled drugs,Offender given drugs possession warning,,False
Vehicle search,2017-11-28T11:20:00+00:00,True,,53.011617,-1.164068,,,,,Misuse of Drugs Act 1971 (section 23),Controlled drugs,Nothing found - no further action,,
Person search,2017-11-28T13:47:00+00:00,False,,52.906281,-1.176073,Male,18-24,Black/African/Caribbean/Black British - African,Black,Police and Criminal Evidence Act 1984 (section 1),Offensive weapons,Nothing found - no further action,,False
Person search,2017-11-28T19:26:00+00:00,False,,53.097774,-1.232652,Male,10-17,White - English/Welsh/Scottish/Northern Irish/British,White,Police and Criminal Evidence Act 1984 (section 1),Article for use in theft,Nothing found - no further action,,False
Person search,2017-11-28T22:55:00+00:00,False,,53.103462,-1.237823,Male,10-17,White - English/Welsh/Scottish/Northern Irish/British,White,Police and Criminal Evidence Act 1984 (section 1),Article for use in theft,Nothing found - no further action,,False
Person search,2017-11-29T22:30:00+00:00,False,,53.125588,-1.258339,Male,over 34,White - English/Welsh/Scottish/Northern Irish/British,White,Police and Criminal Evidence Act 1984 (section 1),Article for use in theft,Suspect arrested,False,False
Person search,2017-11-30T01:01:00+00:00,True,,52.955945,-1.147591,Male,25-34,Mixed/Multiple ethnic groups - White and Black Caribbean,White,Misuse of Drugs Act 1971 (section 23),Controlled drugs,Nothing found - no further action,,False
Person search,2017-11-30T01:43:00+00:00,False,,52.964466,-1.167762,Male,10-17,Other ethnic group - Not stated,Other,Police and Criminal Evidence Act 1984 (section 1),Article for use in theft,Suspect arrested,,False
Person search,2017-11-30T12:12:00+00:00,True,,52.960542,-1.143094,Male,10-17,White - English/Welsh/Scottish/Northern Irish/British,White,Misuse of Drugs Act 1971 (section 23),Controlled drugs,Suspect summonsed to court,True,False
Person and Vehicle search,2017-11-30T15:15:00+00:00,True,,52.963944,-1.157499,Male,18-24,Asian/Asian British - Any other Asian background,Asian,Misuse of Drugs Act 1971 (section 23),Controlled drugs,Suspect summonsed to court,True,False
