Type,Date,Part of a policing operation,Policing operation,Latitude,Longitude,Gender,Age range,Self-defined ethnicity,Officer-defined ethnicity,Legislation,Object of search,Outcome,Outcome linked to object of search,Removal of more than just outer clothing
Vehicle search,2022-03-01T00:03:00+00:00,False,,51.582338,0.421887,,,,,Police and Criminal Evidence Act 1984 (section 1),,A no further action disposal,,
Person search,2022-03-01T00:03:00+00:00,False,,51.582338,0.421887,Male,25-34,White - English/Welsh/Scottish/Northern Irish/British,White,Police and Criminal Evidence Act 1984 (section 1),,A no further action disposal,,
Person search,2022-03-01T00:03:00+00:00,False,,51.567950,0.423576,Male,,White - English/Welsh/Scottish/Northern Irish/British,White,Police and Criminal Evidence Act 1984 (section 1),,A no further action disposal,,
Person search,2022-03-01T01:03:00+00:00,False,,51.567950,0.423576,Female,,White - English/Welsh/Scottish/Northern Irish/British,White,Police and Criminal Evidence Act 1984 (section 1),,A no further action disposal,,
Person search,2022-03-01T01:03:00+00:00,False,,51.939934,0.649709,Male,25-34,White - English/Welsh/Scottish/Northern Irish/British,White,Misuse of Drugs Act 1971 (section 23),,A no further action disposal,,
Person search,2022-03-01T10:03:00+00:00,True,,51.888620,0.902272,Male,25-34,White - English/Welsh/Scottish/Northern Irish/British,White,Misuse of Drugs Act 1971 (section 23),,A no further action disposal,,
Person search,2022-03-01T13:03:00+00:00,False,,51.767783,0.095357,Female,over 34,Other ethnic group - Not stated,,Police and Criminal Evidence Act 1984 (section 1),,Community resolution,,
Person search,2022-03-01T14:03:00+00:00,True,,51.525967,0.604908,Male,over 34,White - English/Welsh/Scottish/Northern Irish/British,White,Misuse of Drugs Act 1971 (section 23),,A no further action disposal,,
Vehicle search,2022-03-01T14:03:00+00:00,True,,51.525967,0.604908,,,,,Misuse of Drugs Act 1971 (section 23),,A no further action disposal,,
Person search,2022-03-01T15:03:00+00:00,False,,51.535817,0.720074,Male,18-24,White - English/Welsh/Scottish/Northern Irish/British,White,Police and Criminal Evidence Act 1984 (section 1),,Summons / charged by post,,
Person search,2022-03-01T16:03:00+00:00,False,,,,Male,10-17,Other ethnic group - Not stated,White,Police and Criminal Evidence Act 1984 (section 1),,A no further action disposal,,
Person search,2022-03-01T16:03:00+00:00,False,,,,Female,,White - English/Welsh/Scottish/Northern Irish/British,White,Misuse of Drugs Act 1971 (section 23),,A no further action disposal,,
Person search,2022-03-01T16:03:00+00:00,True,,51.889439,0.900435,Male,over 34,White - English/Welsh/Scottish/Northern Irish/British,White,Police and Criminal Evidence Act 1984 (section 1),,Community resolution,,
Person search,2022-03-01T16:03:00+00:00,False,,51.703664,0.436685,Male,18-24,Asian/Asian British - Any other Asian background,Asian,Misuse of Drugs Act 1971 (section 23),,A no further action disposal,,
Person search,2022-03-01T16:03:00+00:00,False,,51.791317,1.161910,Male,10-17,White - English/Welsh/Scottish/Northern Irish/British,White,Police and Criminal Evidence Act 1984 (section 1),,A no further action disposal,,
Person search,2022-03-01T16:03:00+00:00,True,,51.889439,0.900435,Female,over 34,White - English/Welsh/Scottish/Northern Irish/British,White,Police and Criminal Evidence Act 1984 (section 1),,A no further action disposal,,
Person search,2022-03-01T16:03:00+00:00,False,,,,Female,,White - English/Welsh/Scottish/Northern Irish/British,White,Misuse of Drugs Act 1971 (section 23),,A no further action disposal,,
Person search,2022-03-01T16:03:00+00:00,False,,,,Female,,White - English/Welsh/Scottish/Northern Irish/British,White,Misuse of Drugs Act 1971 (section 23),,A no further action disposal,,
Vehicle search,2022-03-01T16:03:00+00:00,False,,51.703664,0.436685,,,,,Misuse of Drugs Act 1971 (section 23),,A no further action disposal,,
Person search,2022-03-01T17:03:00+00:00,False,,51.768166,0.096056,Male,18-24,Other ethnic group - Not stated,White,Misuse of Drugs Act 1971 (section 23),,A no further action disposal,,
Person search,2022-03-01T17:03:00+00:00,False,,51.768166,0.096056,Male,,Other ethnic group - Not stated,White,Misuse of Drugs Act 1971 (section 23),,A no further action disposal,,
Person search,2022-03-01T18:03:00+00:00,False,,51.889439,0.900435,Female,over 34,White - English/Welsh/Scottish/Northern Irish/British,White,Misuse of Drugs Act 1971 (section 23),,A no further action disposal,,
Person search,2022-03-01T19:03:00+00:00,False,,51.489966,0.340551,Male,,White - English/Welsh/Scottish/Northern Irish/British,White,Misuse of Drugs Act 1971 (section 23),,A no further action disposal,,
Person search,2022-03-01T20:03:00+00:00,False,,51.889423,0.902192,Male,over 34,Black/African/Caribbean/Black British - Any other Black/African/Caribbean background,Black,Police and Criminal Evidence Act 1984 (section 1),,A no further action disposal,,
Person search,2022-03-01T22:03:00+00:00,False,,51.476360,0.321089,Male,18-24,White - English/Welsh/Scottish/Northern Irish/British,White,Police and Criminal Evidence Act 1984 (section 1),,A no further action disposal,,
Person search,2022-03-01T22:03:00+00:00,False,,51.479168,0.322355,Female,18-24,White - English/Welsh/Scottish/Northern Irish/British,White,Police and Criminal Evidence Act 1984 (section 1),,A no further action disposal,,
Person search,2022-03-01T22:03:00+00:00,False,,51.476508,0.322710,Male,10-17,White - English/Welsh/Scottish/Northern Irish/British,White,Police and Criminal Evidence Act 1984 (section 1),,A no further action disposal,,
Person search,2022-03-01T23:03:00+00:00,False,,51.632667,0.298773,Female,10-17,White - English/Welsh/Scottish/Northern Irish/British,White,Misuse of Drugs Act 1971 (section 23),,A no further action disposal,,
Person search,2022-03-01T23:03:00+00:00,False,,51.609036,0.264850,Female,18-24,White - English/Welsh/Scottish/Northern Irish/British,White,Misuse of Drugs Act 1971 (section 23),,A no further action disposal,,
Person search,2022-03-01T23:03:00+00:00,False,,51.632667,0.298773,Female,18-24,White - English/Welsh/Scottish/Northern Irish/British,White,Misuse of Drugs Act 1971 (section 23),,A no further action disposal,,
Person search,2022-03-01T23:03:00+00:00,False,,51.632667,0.298773,Female,18-24,White - English/Welsh/Scottish/Northern Irish/British,White,Misuse of Drugs Act 1971 (section 23),,A no further action disposal,,
Vehicle search,2022-03-01T23:03:00+00:00,False,,51.609036,0.264850,,,,,Misuse of Drugs Act 1971 (section 23),,A no further action disposal,,
Person and Vehicle search,2022-03-01T23:03:00+00:00,False,,51.632667,0.298773,Male,18-24,Other ethnic group - Not stated,White,Misuse of Drugs Act 1971 (section 23),,A no further action disposal,,
Person search,2022-03-02T00:03:00+00:00,False,,51.554508,0.651652,Male,18-24,Other ethnic group - Not stated,Asian,Misuse of Drugs Act 1971 (section 23),,A no further action disposal,,
Person search,2022-03-02T00:03:00+00:00,False,,51.554508,0.651652,Male,18-24,Other ethnic group - Not stated,White,Misuse of Drugs Act 1971 (section 23),,A no further action disposal,,
Person search,2022-03-02T00:03:00+00:00,False,,51.554508,0.651652,Male,18-24,Other ethnic group - Not stated,White,Misuse of Drugs Act 1971 (section 23),,Community resolution,,
Person search,2022-03-02T00:03:00+00:00,False,,51.635179,0.297238,Male,18-24,White - English/Welsh/Scottish/Northern Irish/British,White,Misuse of Drugs Act 1971 (section 23),,A no further action disposal,,
Person search,2022-03-02T00:03:00+00:00,False,,51.635179,0.297238,Male,18-24,White - English/Welsh/Scottish/Northern Irish/British,White,Misuse of Drugs Act 1971 (section 23),,A no further action disposal,,
Person search,2022-03-02T00:03:00+00:00,False,,51.635179,0.297238,Male,18-24,White - English/Welsh/Scottish/Northern Irish/British,White,Misuse of Drugs Act 1971 (section 23),,A no further action disposal,,
Person and Vehicle search,2022-03-02T01:03:00+00:00,False,,51.942947,1.254999,Male,25-34,White - English/Welsh/Scottish/Northern Irish/British,White,Misuse of Drugs Act 1971 (section 23),,Arrest,,
Person search,2022-03-02T01:03:00+00:00,False,,51.942947,1.254999,Male,25-34,White - English/Welsh/Scottish/Northern Irish/British,White,Misuse of Drugs Act 1971 (section 23),,A no further action disposal,,
Person search,2022-03-02T02:03:00+00:00,False,,51.565066,0.505657,Female,over 34,White - English/Welsh/Scottish/Northern Irish/British,White,Misuse of Drugs Act 1971 (section 23),,A no further action disposal,,
Person and Vehicle search,2022-03-02T02:03:00+00:00,False,,51.565596,0.508183,Male,over 34,White - English/Welsh/Scottish/Northern Irish/British,White,Misuse of Drugs Act 1971 (section 23),,A no further action disposal,,
Person search,2022-03-02T03:03:00+00:00,False,,51.574784,0.485524,Male,10-17,White - English/Welsh/Scottish/Northern Irish/British,White,Misuse of Drugs Act 1971 (section 23),,A no further action disposal,,
Person search,2022-03-02T03:03:00+00:00,False,,51.574784,0.485524,Male,10-17,Other ethnic group - Not stated,White,Misuse of Drugs Act 1971 (section 23),,Arrest,,
Person search,2022-03-02T08:03:00+00:00,False,,51.546732,0.446680,Male,,White - English/Welsh/Scottish/Northern Irish/British,White,Police and Criminal Evidence Act 1984 (section 1),,Arrest,,
Vehicle search,2022-03-02T08:03:00+00:00,False,,51.546732,0.446680,,,,,Police and Criminal Evidence Act 1984 (section 1),,Arrest,,
Person search,2022-03-02T08:03:00+00:00,False,,51.546732,0.446680,Female,over 34,White - English/Welsh/Scottish/Northern Irish/British,White,Police and Criminal Evidence Act 1984 (section 1),,Arrest,,
Person search,2022-03-02T08:03:00+00:00,False,,51.546732,0.446680,Male,10-17,White - English/Welsh/Scottish/Northern Irish/British,White,Police and Criminal Evidence Act 1984 (section 1),,Arrest,,
Person search,2022-03-02T11:03:00+00:00,False,,51.736073,0.466470,Male,,White - English/Welsh/Scottish/Northern Irish/British,White,Misuse of Drugs Act 1971 (section 23),,Arrest,,
Person search,2022-03-02T11:03:00+00:00,False,,51.574742,0.459341,Male,25-34,White - Gypsy or Irish Traveller,White,Police and Criminal Evidence Act 1984 (section 1),,A no further action disposal,,
Person search,2022-03-02T12:03:00+00:00,True,,51.581979,0.446162,Male,25-34,White - English/Welsh/Scottish/Northern Irish/British,White,Police and Criminal Evidence Act 1984 (section 1),,Arrest,,
Person search,2022-03-02T12:03:00+00:00,False,,51.574742,0.459341,Male,over 34,White - English/Welsh/Scottish/Northern Irish/British,White,Police and Criminal Evidence Act 1984 (section 1),,A no further action disposal,,
Person search,2022-03-02T12:03:00+00:00,False,,51.581979,0.446162,Male,25-34,White - English/Welsh/Scottish/Northern Irish/British,White,Police and Criminal Evidence Act 1984 (section 1),,Arrest,,
Person and Vehicle search,2022-03-02T13:03:00+00:00,False,,51.754308,0.501921,Male,25-34,White - English/Welsh/Scottish/Northern Irish/British,White,Misuse of Drugs Act 1971 (section 23),,Community resolution,,
Person search,2022-03-02T16:03:00+00:00,False,,51.744816,0.459123,Male,10-17,White - English/Welsh/Scottish/Northern Irish/British,White,Police and Criminal Evidence Act 1984 (section 1),,A no further action disposal,,
Person search,2022-03-02T16:03:00+00:00,False,,51.744816,0.459123,Female,10-17,Other ethnic group - Not stated,White,Misuse of Drugs Act 1971 (section 23),,A no further action disposal,,
Person search,2022-03-02T16:03:00+00:00,False,,51.892395,0.552187,Male,10-17,Other ethnic group - Not stated,White,Misuse of Drugs Act 1971 (section 23),,A no further action disposal,,
Person search,2022-03-02T17:03:00+00:00,False,,51.878830,0.913033,Male,10-17,White - English/Welsh/Scottish/Northern Irish/British,White,Misuse of Drugs Act 1971 (section 23),,A no further action disposal,,
Vehicle search,2022-03-02T18:03:00+00:00,False,,51.572676,0.508934,,,,,Misuse of Drugs Act 1971 (section 23),,Arrest,,
Person search,2022-03-02T18:03:00+00:00,False,,51.572676,0.508934,Male,over 34,White - English/Welsh/Scottish/Northern Irish/British,White,Misuse of Drugs Act 1971 (section 23),,Arrest,,
Person search,2022-03-02T19:03:00+00:00,False,,,,Male,25-34,White - English/Welsh/Scottish/Northern Irish/British,White,Misuse of Drugs Act 1971 (section 23),,A no further action disposal,,
Vehicle search,2022-03-02T19:03:00+00:00,False,,51.557641,0.481372,,,,,Misuse of Drugs Act 1971 (section 23),,A no further action disposal,,
Vehicle search,2022-03-02T20:03:00+00:00,False,,51.562988,0.485775,,,,,Misuse of Drugs Act 1971 (section 23),,Arrest,,
Person search,2022-03-02T20:03:00+00:00,False,,51.740101,0.454493,Male,18-24,White - English/Welsh/Scottish/Northern Irish/British,White,Misuse of Drugs Act 1971 (section 23),,A no further action disposal,,
Person search,2022-03-02T21:03:00+00:00,False,,51.746723,0.448767,Male,10-17,White - English/Welsh/Scottish/Northern Irish/British,White,Police and Criminal Evidence Act 1984 (section 1),,A no further action disposal,,
Person search,2022-03-02T21:03:00+00:00,False,,51.746723,0.448767,Male,,White - Any other White background,White,Police and Criminal Evidence Act 1984 (section 1),,A no further action disposal,,
Vehicle search,2022-03-02T21:03:00+00:00,False,,51.578327,0.412754,,,,,Misuse of Drugs Act 1971 (section 23),,A no further action disposal,,
Person search,2022-03-02T21:03:00+00:00,False,,51.746723,0.448767,Male,10-17,White - English/Welsh/Scottish/Northern Irish/British,White,Police and Criminal Evidence Act 1984 (section 1),,A no further action disposal,,
Person search,2022-03-02T21:03:00+00:00,False,,51.578327,0.412754,Male,,White - English/Welsh/Scottish/Northern Irish/British,White,Misuse of Drugs Act 1971 (section 23),,A no further action disposal,,
Person search,2022-03-02T21:03:00+00:00,False,,51.578327,0.412754,Female,,White - English/Welsh/Scottish/Northern Irish/British,White,Misuse of Drugs Act 1971 (section 23),,A no further action disposal,,
Person search,2022-03-02T21:03:00+00:00,False,,51.746723,0.448767,Male,10-17,Black/African/Caribbean/Black British - Caribbean,Black,Police and Criminal Evidence Act 1984 (section 1),,A no further action disposal,,
Vehicle search,2022-03-02T23:03:00+00:00,False,,51.574162,0.466439,,,,,Police and Criminal Evidence Act 1984 (section 1),,A no further action disposal,,
Person search,2022-03-02T23:03:00+00:00,False,,51.569789,0.455364,Male,over 34,Other ethnic group - Not stated,Black,Misuse of Drugs Act 1971 (section 23),,A no further action disposal,,
Person search,2022-03-02T23:03:00+00:00,False,,51.568490,0.455569,Male,25-34,Other ethnic group - Not stated,White,Misuse of Drugs Act 1971 (section 23),,A no further action disposal,,
Person and Vehicle search,2022-03-02T23:03:00+00:00,False,,51.572182,0.508055,Male,18-24,White - English/Welsh/Scottish/Northern Irish/British,White,Misuse of Drugs Act 1971 (section 23),,A no further action disposal,,
Person and Vehicle search,2022-03-02T23:03:00+00:00,False,,51.582444,0.458313,Male,25-34,Black/African/Caribbean/Black British - Caribbean,Black,Misuse of Drugs Act 1971 (section 23),,Community resolution,,
Person search,2022-03-02T23:03:00+00:00,False,,51.583483,0.465356,Male,25-34,White - English/Welsh/Scottish/Northern Irish/British,White,Misuse of Drugs Act 1971 (section 23),,A no further action disposal,,
Person search,2022-03-02T23:03:00+00:00,False,,51.583483,0.465356,Female,25-34,White - English/Welsh/Scottish/Northern Irish/British,White,Misuse of Drugs Act 1971 (section 23),,A no further action disposal,,
Person search,2022-03-02T23:03:00+00:00,False,,51.569044,0.457893,Male,,Other ethnic group - Not stated,Black,Misuse of Drugs Act 1971 (section 23),,A no further action disposal,,
Vehicle search,2022-03-03T00:03:00+00:00,False,,51.653308,0.174458,,,,,Misuse of Drugs Act 1971 (section 23),,Community resolution,,
Person search,2022-03-03T00:03:00+00:00,False,,51.653308,0.174458,Male,25-34,Other ethnic group - Not stated,White,Misuse of Drugs Act 1971 (section 23),,Community resolution,,
Person search,2022-03-03T00:03:00+00:00,False,,51.572700,0.480749,Male,25-34,White - English/Welsh/Scottish/Northern Irish/British,Other,Misuse of Drugs Act 1971 (section 23),,A no further action disposal,,
Person search,2022-03-03T00:03:00+00:00,False,,51.572238,0.483466,Male,18-24,White - Any other White background,White,Misuse of Drugs Act 1971 (section 23),,Community resolution,,
Person and Vehicle search,2022-03-03T02:03:00+00:00,False,,51.629205,0.074226,Male,18-24,Other ethnic group - Not stated,Black,Misuse of Drugs Act 1971 (section 23),,A no further action disposal,,
Person search,2022-03-03T03:03:00+00:00,False,,51.721146,0.535275,Male,over 34,Black/African/Caribbean/Black British - Caribbean,Black,Misuse of Drugs Act 1971 (section 23),,Arrest,,
Vehicle search,2022-03-03T03:03:00+00:00,False,,52.022952,0.543129,,,,,,,A no further action disposal,,
Person search,2022-03-03T03:03:00+00:00,False,,51.721146,0.535275,Male,,Black/African/Caribbean/Black British - Caribbean,Black,Misuse of Drugs Act 1971 (section 23),,Arrest,,
Vehicle search,2022-03-03T04:03:00+00:00,False,,51.876701,0.568748,,,,,,,A no further action disposal,,
Person search,2022-03-03T04:03:00+00:00,False,,51.617246,0.292663,Male,10-17,White - English/Welsh/Scottish/Northern Irish/British,White,Police and Criminal Evidence Act 1984 (section 1),,A no further action disposal,,
Person search,2022-03-03T04:03:00+00:00,False,,51.617246,0.292663,Male,10-17,White - English/Welsh/Scottish/Northern Irish/British,White,Police and Criminal Evidence Act 1984 (section 1),,A no further action disposal,,
Person search,2022-03-03T04:03:00+00:00,False,,51.617246,0.292663,Male,10-17,White - English/Welsh/Scottish/Northern Irish/British,White,Police and Criminal Evidence Act 1984 (section 1),,A no further action disposal,,
Vehicle search,2022-03-03T04:03:00+00:00,False,,52.006773,0.567610,,,,,,,A no further action disposal,,
Person search,2022-03-03T05:03:00+00:00,False,,51.875621,0.914424,Female,10-17,White - English/Welsh/Scottish/Northern Irish/British,White,Misuse of Drugs Act 1971 (section 23),,A no further action disposal,,
Person search,2022-03-03T13:03:00+00:00,False,,51.771302,0.092636,Male,10-17,Other ethnic group - Not stated,White,Police and Criminal Evidence Act 1984 (section 1),,A no further action disposal,,
Person search,2022-03-03T13:03:00+00:00,False,,51.771138,0.092759,Male,,Other ethnic group - Not stated,White,Police and Criminal Evidence Act 1984 (section 1),,A no further action disposal,,
Person search,2022-03-03T13:03:00+00:00,False,,51.771302,0.092636,Male,,White - English/Welsh/Scottish/Northern Irish/British,White,Police and Criminal Evidence Act 1984 (section 1),,A no further action disposal,,
Person search,2022-03-03T13:03:00+00:00,False,,51.770324,0.091503,Male,,White - English/Welsh/Scottish/Northern Irish/British,White,Police and Criminal Evidence Act 1984 (section 1),,A no further action disposal,,
Person search,2022-03-03T14:03:00+00:00,False,,51.583436,0.706187,Male,25-34,Mixed/Multiple ethnic groups - White and Asian,Other,Misuse of Drugs Act 1971 (section 23),,A no further action disposal,,
Person search,2022-03-03T16:03:00+00:00,True,,51.569305,0.507593,Male,over 34,White - English/Welsh/Scottish/Northern Irish/British,White,Misuse of Drugs Act 1971 (section 23),,Arrest,,
Person search,2022-03-03T16:03:00+00:00,False,,51.812643,0.205160,Female,25-34,White - English/Welsh/Scottish/Northern Irish/British,White,Misuse of Drugs Act 1971 (section 23),,A no further action disposal,,
Person search,2022-03-03T16:03:00+00:00,False,,51.886287,0.913705,Male,10-17,White - English/Welsh/Scottish/Northern Irish/British,White,Police and Criminal Evidence Act 1984 (section 1),,A no further action disposal,,
Person search,2022-03-03T16:03:00+00:00,False,,51.886287,0.913705,Female,10-17,White - Any other White background,White,Police and Criminal Evidence Act 1984 (section 1),,A no further action disposal,,
Person search,2022-03-03T16:03:00+00:00,False,,51.886287,0.913705,Female,10-17,White - English/Welsh/Scottish/Northern Irish/British,White,Police and Criminal Evidence Act 1984 (section 1),,A no further action disposal,,
Person search,2022-03-03T16:03:00+00:00,False,,51.886287,0.913705,Female,10-17,White - English/Welsh/Scottish/Northern Irish/British,White,Police and Criminal Evidence Act 1984 (section 1),,A no further action disposal,,
Person search,2022-03-03T16:03:00+00:00,False,,51.886287,0.913705,Male,10-17,White - English/Welsh/Scottish/Northern Irish/British,White,Police and Criminal Evidence Act 1984 (section 1),,A no further action disposal,,
Person search,2022-03-03T16:03:00+00:00,False,,51.562516,0.673300,Male,,Other ethnic group - Not stated,White,Misuse of Drugs Act 1971 (section 23),,A no further action disposal,,
Vehicle search,2022-03-03T16:03:00+00:00,True,,51.568845,0.506803,,,,,Misuse of Drugs Act 1971 (section 23),,Arrest,,
Person search,2022-03-03T16:03:00+00:00,False,,51.879134,0.552410,Female,10-17,White - English/Welsh/Scottish/Northern Irish/British,White,Police and Criminal Evidence Act 1984 (section 1),,Community resolution,,
Person search,2022-03-03T17:03:00+00:00,False,,51.733089,0.474085,Male,25-34,White - English/Welsh/Scottish/Northern Irish/British,White,Police and Criminal Evidence Act 1984 (section 1),,A no further action disposal,,
Person search,2022-03-03T17:03:00+00:00,False,,51.773722,0.102691,Male,10-17,White - English/Welsh/Scottish/Northern Irish/British,White,Misuse of Drugs Act 1971 (section 23),,A no further action disposal,,
Person search,2022-03-03T17:03:00+00:00,False,,51.733089,0.474085,Female,25-34,White - English/Welsh/Scottish/Northern Irish/British,White,Police and Criminal Evidence Act 1984 (section 1),,A no further action disposal,,
Person search,2022-03-03T17:03:00+00:00,False,,51.889423,0.902192,Male,over 34,White - English/Welsh/Scottish/Northern Irish/British,Black,Police and Criminal Evidence Act 1984 (section 1),,A no further action disposal,,
Vehicle search,2022-03-03T18:03:00+00:00,False,,51.884388,0.547766,,,,,Misuse of Drugs Act 1971 (section 23),,A no further action disposal,,
Person search,2022-03-03T18:03:00+00:00,False,,51.753436,0.093027,Male,over 34,Asian/Asian British - Pakistani,Asian,Police and Criminal Evidence Act 1984 (section 1),,Community resolution,,
Person search,2022-03-03T18:03:00+00:00,True,,54.795583,-5.693857,Male,over 34,White - English/Welsh/Scottish/Northern Irish/British,White,Misuse of Drugs Act 1971 (section 23),,Arrest,,
Person search,2022-03-03T18:03:00+00:00,False,,51.884388,0.547766,Male,25-34,White - Any other White background,White,Misuse of Drugs Act 1971 (section 23),,A no further action disposal,,
Person search,2022-03-03T19:03:00+00:00,False,,51.867762,0.876361,Male,18-24,Other ethnic group - Not stated,White,Firearms Act 1968 (section 47),,Arrest,,
Person and Vehicle search,2022-03-03T20:03:00+00:00,False,,51.591357,0.560035,Male,over 34,White - English/Welsh/Scottish/Northern Irish/British,White,Misuse of Drugs Act 1971 (section 23),,Community resolution,,
Person search,2022-03-03T21:03:00+00:00,False,,51.740058,0.687001,Female,,White - English/Welsh/Scottish/Northern Irish/British,White,Misuse of Drugs Act 1971 (section 23),,A no further action disposal,,
Person search,2022-03-03T22:03:00+00:00,False,,51.531267,0.275002,Male,18-24,Asian/Asian British - Any other Asian background,Black,Police and Criminal Evidence Act 1984 (section 1),,A no further action disposal,,
Person search,2022-03-03T22:03:00+00:00,False,,51.531267,0.275002,Male,18-24,Asian/Asian British - Pakistani,Black,Police and Criminal Evidence Act 1984 (section 1),,A no further action disposal,,
Person search,2022-03-03T22:03:00+00:00,False,,51.531267,0.275002,Male,18-24,Asian/Asian British - Bangladeshi,Asian,Police and Criminal Evidence Act 1984 (section 1),,A no further action disposal,,
Person and Vehicle search,2022-03-03T22:03:00+00:00,False,,51.531267,0.275002,Male,18-24,Black/African/Caribbean/Black British - Any other Black/African/Caribbean background,Black,Police and Criminal Evidence Act 1984 (section 1),,A no further action disposal,,
Vehicle search,2022-03-03T23:03:00+00:00,False,,51.570416,0.484983,,,,,Misuse of Drugs Act 1971 (section 23),,Summons / charged by post,,
Person search,2022-03-03T23:03:00+00:00,False,,51.935228,1.271595,Male,,White - Any other White background,White,Police and Criminal Evidence Act 1984 (section 1),,A no further action disposal,,
Person search,2022-03-03T23:03:00+00:00,False,,51.569830,0.485470,Female,over 34,White - English/Welsh/Scottish/Northern Irish/British,White,Misuse of Drugs Act 1971 (section 23),,A no further action disposal,,
Person search,2022-03-03T23:03:00+00:00,False,,51.570416,0.484983,Male,over 34,Black/African/Caribbean/Black British - Caribbean,Black,Misuse of Drugs Act 1971 (section 23),,Summons / charged by post,,
Person search,2022-03-04T00:03:00+00:00,False,,51.935310,1.265097,Male,18-24,White - English/Welsh/Scottish/Northern Irish/British,White,Police and Criminal Evidence Act 1984 (section 1),,A no further action disposal,,
Person search,2022-03-04T01:03:00+00:00,False,,51.740101,0.454493,Male,25-34,White - English/Welsh/Scottish/Northern Irish/British,White,Police and Criminal Evidence Act 1984 (section 1),,A no further action disposal,,
Person search,2022-03-04T01:03:00+00:00,True,,51.643936,0.082820,Male,25-34,Other ethnic group - Not stated,,Misuse of Drugs Act 1971 (section 23),,A no further action disposal,,
Person search,2022-03-04T01:03:00+00:00,True,,51.686706,-0.008518,Male,over 34,Other ethnic group - Not stated,,Misuse of Drugs Act 1971 (section 23),,Community resolution,,
Person search,2022-03-04T01:03:00+00:00,False,,51.740101,0.454493,Male,25-34,Asian/Asian British - Any other Asian background,Asian,Misuse of Drugs Act 1971 (section 23),,A no further action disposal,,
Person search,2022-03-04T02:03:00+00:00,False,,51.540082,0.777543,Male,18-24,White - English/Welsh/Scottish/Northern Irish/British,White,Misuse of Drugs Act 1971 (section 23),,A no further action disposal,,
Vehicle search,2022-03-04T02:03:00+00:00,False,,51.537748,0.769368,,,,,Misuse of Drugs Act 1971 (section 23),,Community resolution,,
Person search,2022-03-04T03:03:00+00:00,False,,51.556628,0.600356,Male,25-34,Mixed/Multiple ethnic groups - Any other Mixed/Multiple ethnic background,Other,Misuse of Drugs Act 1971 (section 23),,Community resolution,,
Person search,2022-03-04T03:03:00+00:00,False,,51.875368,0.562265,Male,25-34,Other ethnic group - Not stated,White,,,A no further action disposal,,
Person search,2022-03-04T03:03:00+00:00,False,,51.868828,0.567689,Male,over 34,Other ethnic group - Not stated,White,,,A no further action disposal,,
Person search,2022-03-04T03:03:00+00:00,False,,51.879582,0.552914,Female,over 34,White - English/Welsh/Scottish/Northern Irish/British,White,,,A no further action disposal,,
Person search,2022-03-04T03:03:00+00:00,False,,51.739094,0.456654,Male,,Mixed/Multiple ethnic groups - White and Asian,Asian,Police and Criminal Evidence Act 1984 (section 1),,A no further action disposal,,
Person search,2022-03-04T03:03:00+00:00,False,,51.869280,0.575386,Male,over 34,Other ethnic group - Not stated,White,,,A no further action disposal,,
Person search,2022-03-04T03:03:00+00:00,False,,51.537748,0.769368,Male,18-24,White - English/Welsh/Scottish/Northern Irish/British,White,Misuse of Drugs Act 1971 (section 23),,A no further action disposal,,
Person search,2022-03-04T03:03:00+00:00,False,,51.866455,0.875770,Male,25-34,White - English/Welsh/Scottish/Northern Irish/British,White,Police and Criminal Evidence Act 1984 (section 1),,A no further action disposal,,
Person and Vehicle search,2022-03-04T03:03:00+00:00,False,,51.556628,0.600356,Male,,Asian/Asian British - Any other Asian background,Asian,Misuse of Drugs Act 1971 (section 23),,A no further action disposal,,
Person and Vehicle search,2022-03-04T03:03:00+00:00,False,,51.556628,0.600356,Male,25-34,Asian/Asian British - Any other Asian background,Asian,Misuse of Drugs Act 1971 (section 23),,A no further action disposal,,
Person search,2022-03-04T03:03:00+00:00,False,,51.556628,0.600356,Male,,Asian/Asian British - Any other Asian background,Asian,Misuse of Drugs Act 1971 (section 23),,A no further action disposal,,
Person search,2022-03-04T04:03:00+00:00,False,,51.874198,0.563913,Male,18-24,White - English/Welsh/Scottish/Northern Irish/British,White,,,A no further action disposal,,
Person search,2022-03-04T04:03:00+00:00,False,,51.874198,0.563913,Male,over 34,Other ethnic group - Not stated,White,,,A no further action disposal,,
Person search,2022-03-04T09:03:00+00:00,False,,51.879582,0.552914,Male,25-34,White - English/Welsh/Scottish/Northern Irish/British,White,Police and Criminal Evidence Act 1984 (section 1),,A no further action disposal,,
Vehicle search,2022-03-04T09:03:00+00:00,False,,51.879582,0.552914,,,,,Police and Criminal Evidence Act 1984 (section 1),,A no further action disposal,,
Person search,2022-03-04T09:03:00+00:00,False,,51.879582,0.552914,Male,over 34,White - English/Welsh/Scottish/Northern Irish/British,White,Police and Criminal Evidence Act 1984 (section 1),,A no further action disposal,,
Vehicle search,2022-03-04T09:03:00+00:00,False,,51.879582,0.552914,,,,,Police and Criminal Evidence Act 1984 (section 1),,A no further action disposal,,
Person search,2022-03-04T11:03:00+00:00,False,,51.738284,0.458378,Male,over 34,White - English/Welsh/Scottish/Northern Irish/British,White,Police and Criminal Evidence Act 1984 (section 1),,A no further action disposal,,
Person search,2022-03-04T12:03:00+00:00,False,,51.575690,0.168716,Male,18-24,Black/African/Caribbean/Black British - Any other Black/African/Caribbean background,Black,Misuse of Drugs Act 1971 (section 23),,A no further action disposal,,
Vehicle search,2022-03-04T12:03:00+00:00,False,,51.482444,0.280536,,,,,Firearms Act 1968 (section 47),,A no further action disposal,,
Person search,2022-03-04T12:03:00+00:00,False,,51.734101,0.475589,Male,over 34,White - English/Welsh/Scottish/Northern Irish/British,White,Police and Criminal Evidence Act 1984 (section 1),,A no further action disposal,,
Person and Vehicle search,2022-03-04T13:03:00+00:00,False,,51.881266,0.253037,Male,over 34,White - Any other White background,White,Police and Criminal Evidence Act 1984 (section 1),,A no further action disposal,,
Person search,2022-03-04T13:03:00+00:00,False,,51.568517,0.460736,Male,over 34,White - English/Welsh/Scottish/Northern Irish/British,White,Misuse of Drugs Act 1971 (section 23),,A no further action disposal,,
Person and Vehicle search,2022-03-04T15:03:00+00:00,False,,51.872078,0.209301,Male,over 34,Asian/Asian British - Any other Asian background,Asian,Misuse of Drugs Act 1971 (section 23),,A no further action disposal,,
Person search,2022-03-04T16:03:00+00:00,False,,51.745384,0.465065,Male,18-24,White - English/Welsh/Scottish/Northern Irish/British,White,Misuse of Drugs Act 1971 (section 23),,Community resolution,,
Vehicle search,2022-03-04T16:03:00+00:00,False,,51.592965,0.610734,,,,,Police and Criminal Evidence Act 1984 (section 1),,A no further action disposal,,
Vehicle search,2022-03-04T16:03:00+00:00,False,,51.592965,0.610734,,,,,Police and Criminal Evidence Act 1984 (section 1),,A no further action disposal,,
Person search,2022-03-04T16:03:00+00:00,False,,51.840224,0.705914,Male,10-17,White - English/Welsh/Scottish/Northern Irish/British,White,Misuse of Drugs Act 1971 (section 23),,A no further action disposal,,
Person search,2022-03-04T16:03:00+00:00,False,,51.834890,0.696928,Male,10-17,White - English/Welsh/Scottish/Northern Irish/British,White,Misuse of Drugs Act 1971 (section 23),,A no further action disposal,,
Person search,2022-03-04T16:03:00+00:00,False,,51.834890,0.696928,Male,18-24,Mixed/Multiple ethnic groups - Any other Mixed/Multiple ethnic background,Other,Police and Criminal Evidence Act 1984 (section 1),,A no further action disposal,,
Person search,2022-03-04T19:03:00+00:00,False,,51.648719,0.055328,Male,25-34,Asian/Asian British - Any other Asian background,Asian,Police and Criminal Evidence Act 1984 (section 1),,A no further action disposal,,
Person search,2022-03-04T20:03:00+00:00,False,,51.488628,0.280701,Female,,Other ethnic group - Not stated,White,Misuse of Drugs Act 1971 (section 23),,A no further action disposal,,
Person and Vehicle search,2022-03-04T20:03:00+00:00,False,,51.489840,0.281698,Male,18-24,Other ethnic group - Not stated,White,Misuse of Drugs Act 1971 (section 23),,A no further action disposal,,
Person search,2022-03-04T20:03:00+00:00,False,,51.638414,0.414295,Male,10-17,Asian/Asian British - Any other Asian background,Asian,Misuse of Drugs Act 1971 (section 23),,A no further action disposal,,
Person search,2022-03-04T20:03:00+00:00,False,,51.638414,0.414295,Male,18-24,White - English/Welsh/Scottish/Northern Irish/British,White,Misuse of Drugs Act 1971 (section 23),,A no further action disposal,,
Person search,2022-03-04T20:03:00+00:00,False,,51.638414,0.414295,Male,10-17,White - English/Welsh/Scottish/Northern Irish/British,White,Misuse of Drugs Act 1971 (section 23),,Community resolution,,
Person search,2022-03-04T21:03:00+00:00,False,,51.921239,0.930601,Female,over 34,Other ethnic group - Not stated,White,Misuse of Drugs Act 1971 (section 23),,A no further action disposal,,
Person search,2022-03-04T21:03:00+00:00,False,,51.638414,0.414295,Male,18-24,White - English/Welsh/Scottish/Northern Irish/British,White,Misuse of Drugs Act 1971 (section 23),,Community resolution,,
Person search,2022-03-04T22:03:00+00:00,False,,51.570416,0.484983,Female,over 34,White - English/Welsh/Scottish/Northern Irish/British,White,Misuse of Drugs Act 1971 (section 23),,A no further action disposal,,
Person search,2022-03-04T22:03:00+00:00,False,,51.573805,0.708877,Male,18-24,White - English/Welsh/Scottish/Northern Irish/British,White,Police and Criminal Evidence Act 1984 (section 1),,A no further action disposal,,
Person search,2022-03-04T23:03:00+00:00,False,,51.889653,0.907789,Male,18-24,White - English/Welsh/Scottish/Northern Irish/British,White,Misuse of Drugs Act 1971 (section 23),,A no further action disposal,,
Person search,2022-03-04T23:03:00+00:00,False,,51.796630,1.153985,Male,18-24,White - English/Welsh/Scottish/Northern Irish/British,White,Misuse of Drugs Act 1971 (section 23),,A no further action disposal,,
Person search,2022-03-04T23:03:00+00:00,False,,51.726441,0.696084,Male,18-24,White - English/Welsh/Scottish/Northern Irish/British,White,Misuse of Drugs Act 1971 (section 23),,Community resolution,,
Person and Vehicle search,2022-03-04T23:03:00+00:00,False,,51.544690,0.709743,Male,18-24,Other ethnic group - Not stated,White,Misuse of Drugs Act 1971 (section 23),,A no further action disposal,,
Person search,2022-03-04T23:03:00+00:00,False,,51.888706,0.896245,Male,18-24,White - English/Welsh/Scottish/Northern Irish/British,White,Misuse of Drugs Act 1971 (section 23),,A no further action disposal,,
Person search,2022-03-04T23:03:00+00:00,False,,51.889691,0.895335,Male,25-34,Black/African/Caribbean/Black British - Any other Black/African/Caribbean background,Black,Misuse of Drugs Act 1971 (section 23),,A no further action disposal,,
Person search,2022-03-04T23:03:00+00:00,False,,51.859390,0.904848,Male,25-34,White - English/Welsh/Scottish/Northern Irish/British,White,Misuse of Drugs Act 1971 (section 23),,A no further action disposal,,
Person search,2022-03-04T23:03:00+00:00,False,,51.889653,0.907789,Male,18-24,White - English/Welsh/Scottish/Northern Irish/British,White,Misuse of Drugs Act 1971 (section 23),,A no further action disposal,,
Person search,2022-03-04T23:03:00+00:00,False,,51.859390,0.904848,Male,25-34,White - English/Welsh/Scottish/Northern Irish/British,White,Misuse of Drugs Act 1971 (section 23),,A no further action disposal,,
Person search,2022-03-04T23:03:00+00:00,False,,51.730948,0.682681,Male,18-24,White - English/Welsh/Scottish/Northern Irish/British,White,Misuse of Drugs Act 1971 (section 23),,A no further action disposal,,
Person search,2022-03-04T23:03:00+00:00,False,,51.884889,0.926549,Male,10-17,White - English/Welsh/Scottish/Northern Irish/British,,Misuse of Drugs Act 1971 (section 23),,A no further action disposal,,
Person search,2022-03-04T23:03:00+00:00,False,,51.859390,0.904848,Female,25-34,White - English/Welsh/Scottish/Northern Irish/British,White,Misuse of Drugs Act 1971 (section 23),,Community resolution,,
Person search,2022-03-05T00:03:00+00:00,False,,51.629320,0.417873,Male,10-17,Other ethnic group - Not stated,Black,Misuse of Drugs Act 1971 (section 23),,A no further action disposal,,
Person search,2022-03-05T00:03:00+00:00,False,,51.888121,0.830150,Male,over 34,White - English/Welsh/Scottish/Northern Irish/British,White,Police and Criminal Evidence Act 1984 (section 1),,Community resolution,,
Person search,2022-03-05T00:03:00+00:00,False,,51.883200,0.583665,Male,over 34,White - English/Welsh/Scottish/Northern Irish/British,White,,,A no further action disposal,,
Person search,2022-03-05T00:03:00+00:00,False,,51.847482,0.603936,Male,10-17,Other ethnic group - Not stated,White,Police and Criminal Evidence Act 1984 (section 1),,A no further action disposal,,
Person search,2022-03-05T00:03:00+00:00,False,,51.888706,0.896245,Male,18-24,White - English/Welsh/Scottish/Northern Irish/British,White,Misuse of Drugs Act 1971 (section 23),,A no further action disposal,,
Person search,2022-03-05T00:03:00+00:00,False,,51.854076,0.565368,Female,18-24,White - English/Welsh/Scottish/Northern Irish/British,White,Misuse of Drugs Act 1971 (section 23),,A no further action disposal,,
Person search,2022-03-05T00:03:00+00:00,False,,51.854076,0.565368,Female,18-24,White - English/Welsh/Scottish/Northern Irish/British,White,Misuse of Drugs Act 1971 (section 23),,A no further action disposal,,
Person search,2022-03-05T00:03:00+00:00,False,,51.854076,0.565368,Male,18-24,White - English/Welsh/Scottish/Northern Irish/British,White,Misuse of Drugs Act 1971 (section 23),,A no further action disposal,,
Vehicle search,2022-03-05T00:03:00+00:00,False,,51.854076,0.565368,,,,,Misuse of Drugs Act 1971 (section 23),,A no further action disposal,,
Person search,2022-03-05T00:03:00+00:00,False,,51.888706,0.896245,Male,18-24,White - English/Welsh/Scottish/Northern Irish/British,White,Misuse of Drugs Act 1971 (section 23),,A no further action disposal,,
Person search,2022-03-05T00:03:00+00:00,False,,51.888706,0.896245,Male,18-24,White - English/Welsh/Scottish/Northern Irish/British,White,Misuse of Drugs Act 1971 (section 23),,Community resolution,,
Vehicle search,2022-03-05T00:03:00+00:00,False,,51.876521,0.508324,,,,,,,A no further action disposal,,
Person search,2022-03-05T00:03:00+00:00,False,,51.726441,0.696084,Male,,White - English/Welsh/Scottish/Northern Irish/British,White,Misuse of Drugs Act 1971 (section 23),,A no further action disposal,,
Person search,2022-03-05T01:03:00+00:00,True,,51.887227,0.897124,Male,18-24,White - English/Welsh/Scottish/Northern Irish/British,White,Misuse of Drugs Act 1971 (section 23),,Community resolution,,
Person search,2022-03-05T01:03:00+00:00,False,,51.570413,0.480870,Male,18-24,Other ethnic group - Not stated,White,Misuse of Drugs Act 1971 (section 23),,A no further action disposal,,
Person search,2022-03-05T01:03:00+00:00,False,,51.544258,0.773254,Male,18-24,White - English/Welsh/Scottish/Northern Irish/British,White,Misuse of Drugs Act 1971 (section 23),,A no further action disposal,,
Person search,2022-03-05T01:03:00+00:00,False,,51.730411,0.475706,Male,18-24,White - English/Welsh/Scottish/Northern Irish/British,White,Misuse of Drugs Act 1971 (section 23),,A no further action disposal,,
Person search,2022-03-05T01:03:00+00:00,False,,51.887227,0.897124,Male,,Other ethnic group - Not stated,Black,Misuse of Drugs Act 1971 (section 23),,A no further action disposal,,
Person search,2022-03-05T01:03:00+00:00,False,,51.729821,0.475963,Male,,Other ethnic group - Not stated,White,Misuse of Drugs Act 1971 (section 23),,A no further action disposal,,
Person search,2022-03-05T02:03:00+00:00,False,,51.585127,0.462457,Female,18-24,Other ethnic group - Not stated,White,Misuse of Drugs Act 1971 (section 23),,A no further action disposal,,
Person search,2022-03-05T02:03:00+00:00,False,,51.540896,0.698801,Female,18-24,White - English/Welsh/Scottish/Northern Irish/British,White,Misuse of Drugs Act 1971 (section 23),,A no further action disposal,,
Person search,2022-03-05T03:03:00+00:00,False,,51.885926,0.573344,Male,25-34,White - English/Welsh/Scottish/Northern Irish/British,White,Misuse of Drugs Act 1971 (section 23),,A no further action disposal,,
Person search,2022-03-05T03:03:00+00:00,False,,51.540896,0.698801,Male,18-24,Asian/Asian British - Any other Asian background,Asian,Misuse of Drugs Act 1971 (section 23),,A no further action disposal,,
Person search,2022-03-05T03:03:00+00:00,False,,51.924796,0.899209,Male,over 34,White - English/Welsh/Scottish/Northern Irish/British,White,Police and Criminal Evidence Act 1984 (section 1),,Arrest,,
Person and Vehicle search,2022-03-05T04:03:00+00:00,False,,51.806268,1.128238,Male,25-34,White - English/Welsh/Scottish/Northern Irish/British,White,Police and Criminal Evidence Act 1984 (section 1),,A no further action disposal,,
Person search,2022-03-05T04:03:00+00:00,False,,51.736256,0.466784,Male,18-24,White - English/Welsh/Scottish/Northern Irish/British,White,Misuse of Drugs Act 1971 (section 23),,Arrest,,
Person search,2022-03-05T04:03:00+00:00,False,,51.735459,0.470449,Male,25-34,White - English/Welsh/Scottish/Northern Irish/British,White,Misuse of Drugs Act 1971 (section 23),,A no further action disposal,,
Person search,2022-03-05T05:03:00+00:00,False,,51.569868,0.461459,Male,18-24,White - English/Welsh/Scottish/Northern Irish/British,White,Police and Criminal Evidence Act 1984 (section 1),,A no further action disposal,,
Person and Vehicle search,2022-03-05T09:03:00+00:00,False,,51.893080,0.823266,Male,18-24,White - English/Welsh/Scottish/Northern Irish/British,White,Misuse of Drugs Act 1971 (section 23),,Arrest,,
Person search,2022-03-05T12:03:00+00:00,False,,51.733569,0.472257,Female,10-17,Other ethnic group - Not stated,White,Police and Criminal Evidence Act 1984 (section 1),,Community resolution,,
Person search,2022-03-05T12:03:00+00:00,False,,51.899178,0.929877,Female,,White - English/Welsh/Scottish/Northern Irish/British,White,Misuse of Drugs Act 1971 (section 23),,A no further action disposal,,
Person search,2022-03-05T12:03:00+00:00,False,,51.733569,0.472257,Male,10-17,Other ethnic group - Not stated,White,Police and Criminal Evidence Act 1984 (section 1),,Community resolution,,
Person search,2022-03-05T13:03:00+00:00,False,,51.889439,0.900435,Male,over 34,White - English/Welsh/Scottish/Northern Irish/British,White,Police and Criminal Evidence Act 1984 (section 1),,A no further action disposal,,
Person search,2022-03-05T14:03:00+00:00,False,,51.540594,0.702504,Male,18-24,Other ethnic group - Not stated,White,Misuse of Drugs Act 1971 (section 23),,A no further action disposal,,
Person search,2022-03-05T15:03:00+00:00,False,,51.885831,0.936028,Male,10-17,White - English/Welsh/Scottish/Northern Irish/British,White,Police and Criminal Evidence Act 1984 (section 1),,Community resolution,,
Person search,2022-03-05T15:03:00+00:00,False,,51.885831,0.936028,Male,10-17,White - English/Welsh/Scottish/Northern Irish/British,White,Police and Criminal Evidence Act 1984 (section 1),,Community resolution,,
Person search,2022-03-05T15:03:00+00:00,False,,51.752682,0.454972,Male,over 34,White - Any other White background,White,Misuse of Drugs Act 1971 (section 23),,Arrest,,
Person and Vehicle search,2022-03-05T16:03:00+00:00,False,,51.568442,0.534777,Male,25-34,Black/African/Caribbean/Black British - African,Black,Misuse of Drugs Act 1971 (section 23),,A no further action disposal,,
Person search,2022-03-05T17:03:00+00:00,False,,51.748687,0.449018,Male,10-17,White - English/Welsh/Scottish/Northern Irish/British,White,Police and Criminal Evidence Act 1984 (section 1),,A no further action disposal,,
Person search,2022-03-05T17:03:00+00:00,False,,51.748687,0.449018,Other,10-17,White - English/Welsh/Scottish/Northern Irish/British,White,Misuse of Drugs Act 1971 (section 23),,A no further action disposal,,
Person and Vehicle search,2022-03-05T17:03:00+00:00,False,,51.945575,1.060285,Male,over 34,White - English/Welsh/Scottish/Northern Irish/British,White,Misuse of Drugs Act 1971 (section 23),,Arrest,,
Person search,2022-03-05T17:03:00+00:00,False,,51.750260,0.451233,Other,10-17,Other ethnic group - Not stated,White,Misuse of Drugs Act 1971 (section 23),,A no further action disposal,,
Person search,2022-03-05T18:03:00+00:00,False,,51.769182,0.093567,Female,10-17,White - English/Welsh/Scottish/Northern Irish/British,White,Police and Criminal Evidence Act 1984 (section 1),,Community resolution,,
Vehicle search,2022-03-05T18:03:00+00:00,False,,51.812757,1.143590,,,,,Misuse of Drugs Act 1971 (section 23),,A no further action disposal,,
Person search,2022-03-05T18:03:00+00:00,False,,51.769182,0.093567,Male,10-17,White - English/Welsh/Scottish/Northern Irish/British,White,Police and Criminal Evidence Act 1984 (section 1),,Community resolution,,
Person and Vehicle search,2022-03-05T18:03:00+00:00,False,,51.624020,0.301760,Male,18-24,Black/African/Caribbean/Black British - Any other Black/African/Caribbean background,Black,Misuse of Drugs Act 1971 (section 23),,A no further action disposal,,
Person search,2022-03-05T18:03:00+00:00,False,,51.738450,0.688514,Male,25-34,White - English/Welsh/Scottish/Northern Irish/British,White,Misuse of Drugs Act 1971 (section 23),,Arrest,,
Person search,2022-03-05T18:03:00+00:00,False,,51.547627,0.704854,Male,over 34,White - English/Welsh/Scottish/Northern Irish/British,White,Police and Criminal Evidence Act 1984 (section 1),,Arrest,,
Person search,2022-03-05T18:03:00+00:00,False,,51.769182,0.093567,Female,10-17,White - English/Welsh/Scottish/Northern Irish/British,White,Police and Criminal Evidence Act 1984 (section 1),,Community resolution,,
Vehicle search,2022-03-05T20:03:00+00:00,False,,51.723928,0.460683,,,,,Misuse of Drugs Act 1971 (section 23),,A no further action disposal,,
Person search,2022-03-05T20:03:00+00:00,False,,51.629841,0.068750,Male,over 34,White - Any other White background,White,Police and Criminal Evidence Act 1984 (section 1),,Arrest,,
Person search,2022-03-05T20:03:00+00:00,False,,51.723928,0.460683,Male,25-34,White - Any other White background,Other,Misuse of Drugs Act 1971 (section 23),,A no further action disposal,,
Person and Vehicle search,2022-03-05T20:03:00+00:00,False,,51.629841,0.068750,Male,over 34,White - Any other White background,White,Police and Criminal Evidence Act 1984 (section 1),,Arrest,,
Person and Vehicle search,2022-03-05T21:03:00+00:00,False,,51.561566,0.485409,Male,25-34,White - English/Welsh/Scottish/Northern Irish/British,White,Misuse of Drugs Act 1971 (section 23),,A no further action disposal,,
Person and Vehicle search,2022-03-05T21:03:00+00:00,False,,51.561566,0.485409,Male,25-34,White - English/Welsh/Scottish/Northern Irish/British,White,Misuse of Drugs Act 1971 (section 23),,A no further action disposal,,
Person search,2022-03-05T21:03:00+00:00,False,,51.522484,0.596925,Male,over 34,White - English/Welsh/Scottish/Northern Irish/British,White,Police and Criminal Evidence Act 1984 (section 1),,Community resolution,,
Person search,2022-03-05T21:03:00+00:00,False,,51.483921,0.355019,Male,,White - English/Welsh/Scottish/Northern Irish/British,White,Police and Criminal Evidence Act 1984 (section 1),,A no further action disposal,,
Person search,2022-03-05T21:03:00+00:00,False,,51.483921,0.355019,Male,,Other ethnic group - Not stated,White,Police and Criminal Evidence Act 1984 (section 1),,A no further action disposal,,
Person and Vehicle search,2022-03-05T21:03:00+00:00,False,,51.574707,0.313396,Male,25-34,White - Irish,White,Misuse of Drugs Act 1971 (section 23),,A no further action disposal,,
Person search,2022-03-05T21:03:00+00:00,False,,51.574707,0.313396,Male,18-24,White - English/Welsh/Scottish/Northern Irish/British,White,Misuse of Drugs Act 1971 (section 23),,Community resolution,,
Person search,2022-03-05T22:03:00+00:00,False,,51.581860,0.450544,Male,18-24,White - English/Welsh/Scottish/Northern Irish/British,White,Misuse of Drugs Act 1971 (section 23),,A no further action disposal,,
Vehicle search,2022-03-05T22:03:00+00:00,False,,51.856246,0.589048,,,,,Misuse of Drugs Act 1971 (section 23),,A no further action disposal,,
Vehicle search,2022-03-05T22:03:00+00:00,False,,51.581860,0.450544,,,,,Misuse of Drugs Act 1971 (section 23),,Arrest,,
Person search,2022-03-05T22:03:00+00:00,False,,,,Female,10-17,White - English/Welsh/Scottish/Northern Irish/British,White,Police and Criminal Evidence Act 1984 (section 1),,A no further action disposal,,
Person search,2022-03-05T22:03:00+00:00,False,,51.856246,0.589048,Male,over 34,White - English/Welsh/Scottish/Northern Irish/British,White,Misuse of Drugs Act 1971 (section 23),,A no further action disposal,,
Person search,2022-03-05T23:03:00+00:00,False,,51.787978,1.156340,Male,25-34,White - English/Welsh/Scottish/Northern Irish/British,White,Misuse of Drugs Act 1971 (section 23),,A no further action disposal,,
Person search,2022-03-05T23:03:00+00:00,False,,51.787913,1.148025,Male,18-24,White - English/Welsh/Scottish/Northern Irish/British,White,Misuse of Drugs Act 1971 (section 23),,A no further action disposal,,
Vehicle search,2022-03-05T23:03:00+00:00,False,,51.880662,0.560735,,,,,Misuse of Drugs Act 1971 (section 23),,A no further action disposal,,
Person search,2022-03-05T23:03:00+00:00,False,,51.565885,0.559758,Male,,White - Any other White background,White,Misuse of Drugs Act 1971 (section 23),,Arrest,,
Person search,2022-03-06T00:03:00+00:00,False,,51.666267,0.507320,Male,18-24,White - English/Welsh/Scottish/Northern Irish/British,White,Misuse of Drugs Act 1971 (section 23),,A no further action disposal,,
Vehicle search,2022-03-06T00:03:00+00:00,False,,51.666267,0.507320,,,,,Misuse of Drugs Act 1971 (section 23),,A no further action disposal,,
Person search,2022-03-06T00:03:00+00:00,False,,51.666267,0.507320,Male,18-24,White - English/Welsh/Scottish/Northern Irish/British,White,Misuse of Drugs Act 1971 (section 23),,A no further action disposal,,
Person search,2022-03-06T00:03:00+00:00,False,,51.666267,0.507320,Male,18-24,White - English/Welsh/Scottish/Northern Irish/British,White,Misuse of Drugs Act 1971 (section 23),,A no further action disposal,,
Person search,2022-03-06T00:03:00+00:00,False,,51.666267,0.507320,Male,18-24,White - English/Welsh/Scottish/Northern Irish/British,White,Misuse of Drugs Act 1971 (section 23),,A no further action disposal,,
Person search,2022-03-06T00:03:00+00:00,False,,51.557465,0.485445,Female,over 34,White - English/Welsh/Scottish/Northern Irish/British,White,Misuse of Drugs Act 1971 (section 23),,A no further action disposal,,
Person search,2022-03-06T00:03:00+00:00,False,,51.582771,0.707721,Male,18-24,White - English/Welsh/Scottish/Northern Irish/British,White,Police and Criminal Evidence Act 1984 (section 1),,A no further action disposal,,
Person search,2022-03-06T00:03:00+00:00,False,,51.582771,0.707721,Male,18-24,White - English/Welsh/Scottish/Northern Irish/British,White,Police and Criminal Evidence Act 1984 (section 1),,A no further action disposal,,
Person search,2022-03-06T01:03:00+00:00,False,,51.937189,1.279683,Male,,Mixed/Multiple ethnic groups - Any other Mixed/Multiple ethnic background,,Police and Criminal Evidence Act 1984 (section 1),,A no further action disposal,,
Person search,2022-03-06T01:03:00+00:00,False,,51.947040,1.285700,Male,25-34,White - English/Welsh/Scottish/Northern Irish/British,White,Police and Criminal Evidence Act 1984 (section 1),,A no further action disposal,,
Person search,2022-03-06T01:03:00+00:00,False,,51.607505,0.294584,Male,18-24,White - English/Welsh/Scottish/Northern Irish/British,White,Misuse of Drugs Act 1971 (section 23),,A no further action disposal,,
Person search,2022-03-06T01:03:00+00:00,False,,51.947040,1.285700,Male,25-34,Mixed/Multiple ethnic groups - Any other Mixed/Multiple ethnic background,,Misuse of Drugs Act 1971 (section 23),,A no further action disposal,,
Person search,2022-03-06T01:03:00+00:00,False,,51.938201,1.279495,Male,,White - English/Welsh/Scottish/Northern Irish/British,White,Police and Criminal Evidence Act 1984 (section 1),,A no further action disposal,,
Vehicle search,2022-03-06T01:03:00+00:00,False,,51.582771,0.707721,,,,,Police and Criminal Evidence Act 1984 (section 1),,A no further action disposal,,
Person search,2022-03-06T01:03:00+00:00,False,,51.882955,0.554544,Male,10-17,White - English/Welsh/Scottish/Northern Irish/British,White,Misuse of Drugs Act 1971 (section 23),,A no further action disposal,,
Person search,2022-03-06T02:03:00+00:00,False,,51.874204,0.576423,Male,10-17,White - English/Welsh/Scottish/Northern Irish/British,White,Misuse of Drugs Act 1971 (section 23),,A no further action disposal,,
Person search,2022-03-06T02:03:00+00:00,True,,51.890226,0.899875,Female,25-34,White - English/Welsh/Scottish/Northern Irish/British,White,Misuse of Drugs Act 1971 (section 23),,A no further action disposal,,
Person search,2022-03-06T02:03:00+00:00,False,,51.601915,0.600950,Male,18-24,White - English/Welsh/Scottish/Northern Irish/British,White,Police and Criminal Evidence Act 1984 (section 1),,A no further action disposal,,
Person and Vehicle search,2022-03-06T02:03:00+00:00,False,,51.807076,1.127946,Male,over 34,White - English/Welsh/Scottish/Northern Irish/British,White,Misuse of Drugs Act 1971 (section 23),,A no further action disposal,,
Person search,2022-03-06T02:03:00+00:00,False,,51.874048,0.574496,Male,10-17,White - English/Welsh/Scottish/Northern Irish/British,White,Misuse of Drugs Act 1971 (section 23),,A no further action disposal,,
Person search,2022-03-06T03:03:00+00:00,False,,51.790447,0.622967,Male,18-24,White - English/Welsh/Scottish/Northern Irish/British,White,Police and Criminal Evidence Act 1984 (section 1),,A no further action disposal,,
Person search,2022-03-06T03:03:00+00:00,False,,51.542785,0.696432,Male,25-34,Other ethnic group - Not stated,Black,Police and Criminal Evidence Act 1984 (section 1),,A no further action disposal,,
Person search,2022-03-06T10:03:00+00:00,False,,51.476980,0.326075,Male,10-17,White - English/Welsh/Scottish/Northern Irish/British,White,Police and Criminal Evidence Act 1984 (section 1),,A no further action disposal,,
Person search,2022-03-06T12:03:00+00:00,False,,51.808773,0.636712,Male,18-24,White - English/Welsh/Scottish/Northern Irish/British,White,Misuse of Drugs Act 1971 (section 23),,Community resolution,,
Person search,2022-03-06T12:03:00+00:00,True,,51.476614,0.324602,Male,10-17,White - English/Welsh/Scottish/Northern Irish/British,White,Police and Criminal Evidence Act 1984 (section 1),,Community resolution,,
Person search,2022-03-06T13:03:00+00:00,False,,51.476980,0.326075,Male,10-17,White - English/Welsh/Scottish/Northern Irish/British,White,Police and Criminal Evidence Act 1984 (section 1),,Community resolution,,
Person and Vehicle search,2022-03-06T14:03:00+00:00,False,,51.935710,1.279168,Male,25-34,Other ethnic group - Not stated,,,,Summons / charged by post,,
Person search,2022-03-06T14:03:00+00:00,False,,51.878655,0.550842,Male,over 34,White - English/Welsh/Scottish/Northern Irish/British,White,Police and Criminal Evidence Act 1984 (section 1),,Community resolution,,
Vehicle search,2022-03-06T15:03:00+00:00,False,,51.773584,1.105142,,,,,Misuse of Drugs Act 1971 (section 23),,A no further action disposal,,
Person search,2022-03-06T16:03:00+00:00,False,,51.744491,0.459178,Male,25-34,White - English/Welsh/Scottish/Northern Irish/British,White,Misuse of Drugs Act 1971 (section 23),,A no further action disposal,,
Person search,2022-03-06T17:03:00+00:00,False,,51.881326,0.549221,Male,10-17,Other ethnic group - Arab,Black,Police and Criminal Evidence Act 1984 (section 1),,A no further action disposal,,
Person search,2022-03-06T17:03:00+00:00,False,,51.881326,0.549221,Male,10-17,White - English/Welsh/Scottish/Northern Irish/British,White,Police and Criminal Evidence Act 1984 (section 1),,A no further action disposal,,
Person search,2022-03-06T17:03:00+00:00,False,,51.744491,0.459178,Female,18-24,White - English/Welsh/Scottish/Northern Irish/British,White,Misuse of Drugs Act 1971 (section 23),,Community resolution,,
Person search,2022-03-06T17:03:00+00:00,False,,51.879450,0.551134,Female,10-17,White - English/Welsh/Scottish/Northern Irish/British,White,Police and Criminal Evidence Act 1984 (section 1),,A no further action disposal,,
Person search,2022-03-06T17:03:00+00:00,False,,51.732563,0.469610,Male,10-17,Other ethnic group - Not stated,White,Misuse of Drugs Act 1971 (section 23),,Community resolution,,
Person search,2022-03-06T17:03:00+00:00,False,,51.828374,0.504922,Male,over 34,White - English/Welsh/Scottish/Northern Irish/British,White,Police and Criminal Evidence Act 1984 (section 1),,Arrest,,
Vehicle search,2022-03-06T17:03:00+00:00,False,,51.743756,0.455633,,,,,Misuse of Drugs Act 1971 (section 23),,A no further action disposal,,
Person search,2022-03-06T18:03:00+00:00,False,,51.926023,1.233028,Male,10-17,White - English/Welsh/Scottish/Northern Irish/British,White,Police and Criminal Evidence Act 1984 (section 1),,A no further action disposal,,
Person search,2022-03-06T18:03:00+00:00,False,,51.925520,1.231363,Female,10-17,White - English/Welsh/Scottish/Northern Irish/British,White,Police and Criminal Evidence Act 1984 (section 1),,A no further action disposal,,
Person search,2022-03-06T18:03:00+00:00,False,,51.925520,1.231363,Male,10-17,White - English/Welsh/Scottish/Northern Irish/British,White,Police and Criminal Evidence Act 1984 (section 1),,A no further action disposal,,
Person search,2022-03-06T19:03:00+00:00,False,,51.879408,0.554706,Female,,White - English/Welsh/Scottish/Northern Irish/British,White,Misuse of Drugs Act 1971 (section 23),,A no further action disposal,,
Person search,2022-03-06T19:03:00+00:00,False,,51.529274,0.451540,Male,,Other ethnic group - Not stated,White,Police and Criminal Evidence Act 1984 (section 1),,A no further action disposal,,
Person search,2022-03-06T21:03:00+00:00,False,,51.574707,0.313396,Male,25-34,White - English/Welsh/Scottish/Northern Irish/British,White,Misuse of Drugs Act 1971 (section 23),,Arrest,,
Person search,2022-03-07T00:03:00+00:00,False,,51.597734,0.525130,Male,10-17,White - English/Welsh/Scottish/Northern Irish/British,White,Misuse of Drugs Act 1971 (section 23),,Community resolution,,
Vehicle search,2022-03-07T01:03:00+00:00,False,,51.597734,0.525130,,,,,Misuse of Drugs Act 1971 (section 23),,Community resolution,,
Person search,2022-03-07T01:03:00+00:00,False,,51.729881,0.123319,Male,18-24,Other ethnic group - Not stated,Black,Misuse of Drugs Act 1971 (section 23),,Community resolution,,
Person search,2022-03-07T01:03:00+00:00,False,,51.729881,0.123319,Male,,Other ethnic group - Not stated,Black,Misuse of Drugs Act 1971 (section 23),,A no further action disposal,,
Vehicle search,2022-03-07T01:03:00+00:00,False,,51.597734,0.525130,,,,,Misuse of Drugs Act 1971 (section 23),,A no further action disposal,,
Vehicle search,2022-03-07T01:03:00+00:00,False,,51.597734,0.525130,,,,,Misuse of Drugs Act 1971 (section 23),,A no further action disposal,,
Person search,2022-03-07T03:03:00+00:00,False,,51.893659,0.938384,Female,25-34,Other ethnic group - Not stated,White,Police and Criminal Evidence Act 1984 (section 1),,A no further action disposal,,
Vehicle search,2022-03-07T03:03:00+00:00,False,,51.893659,0.938384,,,,,Police and Criminal Evidence Act 1984 (section 1),,A no further action disposal,,
Vehicle search,2022-03-07T03:03:00+00:00,False,,51.893659,0.938384,,,,,Police and Criminal Evidence Act 1984 (section 1),,A no further action disposal,,
Person search,2022-03-07T03:03:00+00:00,False,,51.893659,0.938384,Male,over 34,White - English/Welsh/Scottish/Northern Irish/British,White,Police and Criminal Evidence Act 1984 (section 1),,A no further action disposal,,
Person search,2022-03-07T11:03:00+00:00,True,,51.476614,0.324602,Male,10-17,Other ethnic group - Not stated,Black,Police and Criminal Evidence Act 1984 (section 1),,A no further action disposal,,
Person search,2022-03-07T11:03:00+00:00,False,,51.477085,0.323992,Male,10-17,White - English/Welsh/Scottish/Northern Irish/British,White,Police and Criminal Evidence Act 1984 (section 1),,Community resolution,,
Person search,2022-03-07T11:03:00+00:00,False,,51.478477,0.326367,Male,10-17,White - English/Welsh/Scottish/Northern Irish/British,White,Police and Criminal Evidence Act 1984 (section 1),,Community resolution,,
Person and Vehicle search,2022-03-07T12:03:00+00:00,False,,51.714905,0.524386,Male,over 34,White - Any other White background,White,Misuse of Drugs Act 1971 (section 23),,Arrest,,
Person search,2022-03-07T14:03:00+00:00,False,,51.621059,0.303257,Male,over 34,White - English/Welsh/Scottish/Northern Irish/British,White,Police and Criminal Evidence Act 1984 (section 1),,Community resolution,,
Person search,2022-03-07T14:03:00+00:00,True,,51.569903,0.428312,Male,10-17,White - English/Welsh/Scottish/Northern Irish/British,White,Misuse of Drugs Act 1971 (section 23),,A no further action disposal,,
Person search,2022-03-07T15:03:00+00:00,False,,51.732563,0.469610,Male,10-17,Other ethnic group - Not stated,Other,Misuse of Drugs Act 1971 (section 23),,Community resolution,,
Person search,2022-03-07T15:03:00+00:00,False,,51.732563,0.469610,Female,10-17,Other ethnic group - Not stated,Black,Misuse of Drugs Act 1971 (section 23),,Community resolution,,
Person search,2022-03-07T16:03:00+00:00,False,,51.901803,0.199450,Male,10-17,Other ethnic group - Not stated,White,Misuse of Drugs Act 1971 (section 23),,A no further action disposal,,
Person search,2022-03-07T16:03:00+00:00,True,,51.901803,0.199450,Female,10-17,Other ethnic group - Not stated,White,Misuse of Drugs Act 1971 (section 23),,A no further action disposal,,
Person search,2022-03-07T17:03:00+00:00,True,,,,Male,18-24,Other ethnic group - Not stated,White,Police and Criminal Evidence Act 1984 (section 1),,Arrest,,
Person search,2022-03-07T17:03:00+00:00,False,,51.794693,1.147091,Male,18-24,White - English/Welsh/Scottish/Northern Irish/British,White,Misuse of Drugs Act 1971 (section 23),,A no further action disposal,,
Person search,2022-03-07T17:03:00+00:00,False,,51.794693,1.147091,Male,18-24,White - English/Welsh/Scottish/Northern Irish/British,White,Misuse of Drugs Act 1971 (section 23),,Community resolution,,
Person search,2022-03-07T17:03:00+00:00,True,,51.790200,0.132401,Male,,White - English/Welsh/Scottish/Northern Irish/British,White,Police and Criminal Evidence Act 1984 (section 1),,Caution (simple or conditional),,
Person search,2022-03-07T18:03:00+00:00,False,,51.887105,0.902450,Male,10-17,White - English/Welsh/Scottish/Northern Irish/British,White,Misuse of Drugs Act 1971 (section 23),,A no further action disposal,,
Person search,2022-03-07T18:03:00+00:00,True,,51.779753,0.092766,Male,10-17,Other ethnic group - Arab,Other,Misuse of Drugs Act 1971 (section 23),,Penalty Notice for Disorder,,
Person search,2022-03-07T18:03:00+00:00,False,,51.887105,0.902450,Male,18-24,White - English/Welsh/Scottish/Northern Irish/British,White,Misuse of Drugs Act 1971 (section 23),,A no further action disposal,,
Person and Vehicle search,2022-03-07T18:03:00+00:00,False,,51.628020,0.563053,Male,25-34,White - English/Welsh/Scottish/Northern Irish/British,White,Misuse of Drugs Act 1971 (section 23),,A no further action disposal,,
Person search,2022-03-07T18:03:00+00:00,False,,51.561664,0.488444,Male,10-17,White - English/Welsh/Scottish/Northern Irish/British,White,Misuse of Drugs Act 1971 (section 23),,A no further action disposal,,
Person search,2022-03-07T18:03:00+00:00,True,,51.561664,0.488444,Male,10-17,White - English/Welsh/Scottish/Northern Irish/British,White,Misuse of Drugs Act 1971 (section 23),,A no further action disposal,,
Person search,2022-03-07T18:03:00+00:00,False,,51.886353,0.903390,Male,18-24,White - English/Welsh/Scottish/Northern Irish/British,White,Misuse of Drugs Act 1971 (section 23),,A no further action disposal,,
Person search,2022-03-07T18:03:00+00:00,False,,51.886353,0.903390,Female,10-17,White - English/Welsh/Scottish/Northern Irish/British,White,Misuse of Drugs Act 1971 (section 23),,A no further action disposal,,
Person search,2022-03-07T18:03:00+00:00,False,,51.887105,0.902450,Female,10-17,White - English/Welsh/Scottish/Northern Irish/British,White,Misuse of Drugs Act 1971 (section 23),,A no further action disposal,,
Person search,2022-03-07T18:03:00+00:00,True,,51.779753,0.092766,Male,,Other ethnic group - Arab,,Misuse of Drugs Act 1971 (section 23),,A no further action disposal,,
Person search,2022-03-07T20:03:00+00:00,False,,51.730311,0.484303,Male,25-34,White - English/Welsh/Scottish/Northern Irish/British,White,Misuse of Drugs Act 1971 (section 23),,A no further action disposal,,
Person search,2022-03-07T20:03:00+00:00,False,,51.589874,0.601720,Female,25-34,White - English/Welsh/Scottish/Northern Irish/British,White,Misuse of Drugs Act 1971 (section 23),,A no further action disposal,,
Person search,2022-03-07T21:03:00+00:00,False,,51.732563,0.469610,Male,10-17,White - Any other White background,White,Police and Criminal Evidence Act 1984 (section 1),,A no further action disposal,,
Person search,2022-03-07T21:03:00+00:00,False,,51.570113,0.432912,Male,,Other ethnic group - Not stated,White,Misuse of Drugs Act 1971 (section 23),,A no further action disposal,,
Person search,2022-03-07T21:03:00+00:00,False,,51.569125,0.434606,Male,,Other ethnic group - Not stated,White,Misuse of Drugs Act 1971 (section 23),,A no further action disposal,,
Person search,2022-03-07T21:03:00+00:00,False,,51.570987,0.464723,Male,10-17,White - Any other White background,White,Police and Criminal Evidence Act 1984 (section 1),,A no further action disposal,,
Person search,2022-03-07T22:03:00+00:00,False,,51.634126,0.426857,Male,18-24,White - English/Welsh/Scottish/Northern Irish/British,White,Police and Criminal Evidence Act 1984 (section 1),,A no further action disposal,,
Person search,2022-03-07T22:03:00+00:00,False,,51.872667,0.865182,Male,10-17,White - English/Welsh/Scottish/Northern Irish/British,White,Police and Criminal Evidence Act 1984 (section 1),,A no further action disposal,,
Person search,2022-03-07T22:03:00+00:00,False,,51.873728,0.872180,Male,10-17,White - English/Welsh/Scottish/Northern Irish/British,White,Police and Criminal Evidence Act 1984 (section 1),,A no further action disposal,,
Person search,2022-03-07T23:03:00+00:00,True,,51.632810,0.434402,Male,18-24,White - English/Welsh/Scottish/Northern Irish/British,White,Misuse of Drugs Act 1971 (section 23),,A no further action disposal,,
Vehicle search,2022-03-07T23:03:00+00:00,True,,51.632810,0.434402,,,,,Misuse of Drugs Act 1971 (section 23),,A no further action disposal,,
Person search,2022-03-07T23:03:00+00:00,False,,51.583509,0.391549,Male,25-34,Other ethnic group - Not stated,,Police and Criminal Evidence Act 1984 (section 1),,A no further action disposal,,
Person search,2022-03-07T23:03:00+00:00,False,,51.632810,0.434402,Male,18-24,White - English/Welsh/Scottish/Northern Irish/British,White,Misuse of Drugs Act 1971 (section 23),,A no further action disposal,,
Person search,2022-03-07T23:03:00+00:00,False,,51.632810,0.434402,Male,18-24,White - English/Welsh/Scottish/Northern Irish/British,White,Misuse of Drugs Act 1971 (section 23),,A no further action disposal,,
Person search,2022-03-07T23:03:00+00:00,False,,51.583509,0.391549,Male,over 34,Other ethnic group - Not stated,,Police and Criminal Evidence Act 1984 (section 1),,A no further action disposal,,
Person search,2022-03-08T00:03:00+00:00,False,,51.508449,0.395686,Male,18-24,Other ethnic group - Not stated,White,Police and Criminal Evidence Act 1984 (section 1),,A no further action disposal,,
Vehicle search,2022-03-08T01:03:00+00:00,False,,51.807645,0.638111,,,,,Misuse of Drugs Act 1971 (section 23),,A no further action disposal,,
Person search,2022-03-08T01:03:00+00:00,False,,51.773609,0.095424,Female,18-24,White - English/Welsh/Scottish/Northern Irish/British,White,Misuse of Drugs Act 1971 (section 23),,A no further action disposal,,
Person search,2022-03-08T01:03:00+00:00,False,,51.809448,0.637897,Male,over 34,White - English/Welsh/Scottish/Northern Irish/British,White,Police and Criminal Evidence Act 1984 (section 1),,A no further action disposal,,
Person search,2022-03-08T01:03:00+00:00,False,,51.809448,0.637897,Male,over 34,White - English/Welsh/Scottish/Northern Irish/British,White,Police and Criminal Evidence Act 1984 (section 1),,A no further action disposal,,
Person search,2022-03-08T01:03:00+00:00,True,,51.574120,0.436143,Male,18-24,White - English/Welsh/Scottish/Northern Irish/British,White,Misuse of Drugs Act 1971 (section 23),,A no further action disposal,,
Person search,2022-03-08T01:03:00+00:00,False,,51.574120,0.436143,Male,18-24,Mixed/Multiple ethnic groups - Any other Mixed/Multiple ethnic background,Other,Misuse of Drugs Act 1971 (section 23),,A no further action disposal,,
Vehicle search,2022-03-08T01:03:00+00:00,False,,51.809448,0.637897,,,,,Police and Criminal Evidence Act 1984 (section 1),,A no further action disposal,,
Person and Vehicle search,2022-03-08T01:03:00+00:00,False,,51.807645,0.638111,Male,25-34,Other ethnic group - Not stated,White,Misuse of Drugs Act 1971 (section 23),,A no further action disposal,,
Vehicle search,2022-03-08T01:03:00+00:00,False,,51.809448,0.637897,,,,,Police and Criminal Evidence Act 1984 (section 1),,A no further action disposal,,
Vehicle search,2022-03-08T01:03:00+00:00,False,,51.773609,0.095424,,,,,Misuse of Drugs Act 1971 (section 23),,A no further action disposal,,
Vehicle search,2022-03-08T02:03:00+00:00,False,,51.789796,0.644001,,,,,Misuse of Drugs Act 1971 (section 23),,Community resolution,,
Person search,2022-03-08T03:03:00+00:00,False,,51.794696,0.643229,Male,18-24,White - English/Welsh/Scottish/Northern Irish/British,White,Misuse of Drugs Act 1971 (section 23),,A no further action disposal,,
Person search,2022-03-08T03:03:00+00:00,False,,51.789796,0.644001,Male,25-34,White - English/Welsh/Scottish/Northern Irish/British,White,Misuse of Drugs Act 1971 (section 23),,Community resolution,,
Person search,2022-03-08T04:03:00+00:00,False,,51.583428,0.506177,Male,18-24,White - English/Welsh/Scottish/Northern Irish/British,White,Police and Criminal Evidence Act 1984 (section 1),,Arrest,,
Person search,2022-03-08T04:03:00+00:00,False,,52.047090,0.447978,Male,25-34,White - Any other White background,White,Police and Criminal Evidence Act 1984 (section 1),,A no further action disposal,,
Person search,2022-03-08T04:03:00+00:00,False,,51.583138,0.512585,Male,18-24,White - English/Welsh/Scottish/Northern Irish/British,White,Police and Criminal Evidence Act 1984 (section 1),,Arrest,,
Person search,2022-03-08T05:03:00+00:00,False,,51.583428,0.506177,Male,18-24,Other ethnic group - Not stated,Other,Police and Criminal Evidence Act 1984 (section 1),,Arrest,,
Person search,2022-03-08T11:03:00+00:00,False,,51.733569,0.472257,Female,,Other ethnic group - Not stated,Asian,Police and Criminal Evidence Act 1984 (section 1),,A no further action disposal,,
Person search,2022-03-08T11:03:00+00:00,False,,51.620397,0.414899,Male,18-24,White - English/Welsh/Scottish/Northern Irish/British,White,Misuse of Drugs Act 1971 (section 23),,Arrest,,
Person search,2022-03-08T11:03:00+00:00,False,,51.732822,0.471420,Male,,Other ethnic group - Not stated,Asian,Police and Criminal Evidence Act 1984 (section 1),,A no further action disposal,,
Person search,2022-03-08T13:03:00+00:00,False,,51.587975,0.736949,Female,25-34,White - English/Welsh/Scottish/Northern Irish/British,White,Police and Criminal Evidence Act 1984 (section 1),,A no further action disposal,,
Vehicle search,2022-03-08T17:03:00+00:00,False,,51.744491,0.459178,,,,,Misuse of Drugs Act 1971 (section 23),,A no further action disposal,,
Person search,2022-03-08T17:03:00+00:00,False,,51.877838,0.948134,Male,10-17,White - English/Welsh/Scottish/Northern Irish/British,White,Misuse of Drugs Act 1971 (section 23),,Community resolution,,
Person search,2022-03-08T17:03:00+00:00,False,,51.744491,0.459178,Male,,Other ethnic group - Not stated,White,Misuse of Drugs Act 1971 (section 23),,A no further action disposal,,
Vehicle search,2022-03-08T17:03:00+00:00,False,,51.744491,0.459178,,,,,Misuse of Drugs Act 1971 (section 23),,A no further action disposal,,
Person search,2022-03-08T18:03:00+00:00,False,,51.482958,0.272582,Male,over 34,White - Irish,White,Police and Criminal Evidence Act 1984 (section 1),,Arrest,,
Person search,2022-03-08T18:03:00+00:00,False,,51.540245,0.717613,Male,over 34,White - English/Welsh/Scottish/Northern Irish/British,White,Misuse of Drugs Act 1971 (section 23),,Community resolution,,
Person search,2022-03-08T18:03:00+00:00,False,,51.552463,0.680284,Male,over 34,White - English/Welsh/Scottish/Northern Irish/British,White,Misuse of Drugs Act 1971 (section 23),,Arrest,,
Person search,2022-03-08T20:03:00+00:00,False,,51.885389,0.899084,Male,over 34,White - English/Welsh/Scottish/Northern Irish/British,White,Misuse of Drugs Act 1971 (section 23),,A no further action disposal,,
Person search,2022-03-08T21:03:00+00:00,False,,51.916800,0.902897,Female,18-24,White - English/Welsh/Scottish/Northern Irish/British,White,Misuse of Drugs Act 1971 (section 23),,A no further action disposal,,
Person search,2022-03-08T21:03:00+00:00,False,,51.800651,0.639574,Male,over 34,Black/African/Caribbean/Black British - Caribbean,Black,Misuse of Drugs Act 1971 (section 23),,A no further action disposal,,
Person search,2022-03-08T21:03:00+00:00,False,,51.800651,0.639574,Male,over 34,Black/African/Caribbean/Black British - Caribbean,Black,Misuse of Drugs Act 1971 (section 23),,A no further action disposal,,
Person search,2022-03-08T22:03:00+00:00,False,,51.628057,0.411520,Male,25-34,White - English/Welsh/Scottish/Northern Irish/British,White,Police and Criminal Evidence Act 1984 (section 1),,A no further action disposal,,
Vehicle search,2022-03-08T22:03:00+00:00,False,,51.878975,0.562601,,,,,,,A no further action disposal,,
Person search,2022-03-08T22:03:00+00:00,False,,51.628057,0.411520,Male,25-34,White - Any other White background,Other,Police and Criminal Evidence Act 1984 (section 1),,A no further action disposal,,
Vehicle search,2022-03-08T23:03:00+00:00,False,,51.879408,0.554706,,,,,Misuse of Drugs Act 1971 (section 23),,A no further action disposal,,
Person search,2022-03-08T23:03:00+00:00,False,,51.879408,0.554706,Male,25-34,White - English/Welsh/Scottish/Northern Irish/British,White,Misuse of Drugs Act 1971 (section 23),,A no further action disposal,,
Vehicle search,2022-03-08T23:03:00+00:00,False,,51.626206,0.417129,,,,,Misuse of Drugs Act 1971 (section 23),,A no further action disposal,,
Vehicle search,2022-03-08T23:03:00+00:00,False,,51.628057,0.411520,,,,,Police and Criminal Evidence Act 1984 (section 1),,A no further action disposal,,
Person search,2022-03-08T23:03:00+00:00,False,,51.626721,0.420480,Male,25-34,White - English/Welsh/Scottish/Northern Irish/British,White,Misuse of Drugs Act 1971 (section 23),,A no further action disposal,,
Person search,2022-03-09T01:03:00+00:00,False,,51.721214,0.667784,Female,10-17,White - English/Welsh/Scottish/Northern Irish/British,White,Misuse of Drugs Act 1971 (section 23),,A no further action disposal,,
Vehicle search,2022-03-09T03:03:00+00:00,False,,51.613093,0.089799,,,,,Police and Criminal Evidence Act 1984 (section 1),,A no further action disposal,,
Person search,2022-03-09T05:03:00+00:00,False,,51.811842,0.647018,Male,25-34,White - English/Welsh/Scottish/Northern Irish/British,White,Misuse of Drugs Act 1971 (section 23),,A no further action disposal,,
Person search,2022-03-09T05:03:00+00:00,False,,51.791193,0.642661,Male,10-17,White - English/Welsh/Scottish/Northern Irish/British,White,Misuse of Drugs Act 1971 (section 23),,Arrest,,
Person search,2022-03-09T07:03:00+00:00,False,,51.887271,0.896444,Male,18-24,White - English/Welsh/Scottish/Northern Irish/British,White,Misuse of Drugs Act 1971 (section 23),,A no further action disposal,,
Person search,2022-03-09T07:03:00+00:00,False,,51.588959,0.610085,Male,,Other ethnic group - Not stated,White,Misuse of Drugs Act 1971 (section 23),,A no further action disposal,,
Person search,2022-03-09T09:03:00+00:00,True,,51.554674,0.610588,Female,over 34,White - English/Welsh/Scottish/Northern Irish/British,White,Misuse of Drugs Act 1971 (section 23),,A no further action disposal,,
Person search,2022-03-09T10:03:00+00:00,False,,51.887271,0.896444,Male,18-24,White - English/Welsh/Scottish/Northern Irish/British,White,Misuse of Drugs Act 1971 (section 23),,A no further action disposal,,
Person search,2022-03-09T12:03:00+00:00,False,,51.488604,0.286534,Female,25-34,White - English/Welsh/Scottish/Northern Irish/British,White,Misuse of Drugs Act 1971 (section 23),,Community resolution,,
Person and Vehicle search,2022-03-09T12:03:00+00:00,False,,51.581060,0.441494,Male,over 34,Other ethnic group - Not stated,Other,Police and Criminal Evidence Act 1984 (section 1),,Summons / charged by post,,
Person search,2022-03-09T15:03:00+00:00,True,,51.535306,0.721558,Male,10-17,White - English/Welsh/Scottish/Northern Irish/British,White,Misuse of Drugs Act 1971 (section 23),,Community resolution,,
Person search,2022-03-09T15:03:00+00:00,True,,51.535306,0.721558,Male,over 34,White - English/Welsh/Scottish/Northern Irish/British,White,Misuse of Drugs Act 1971 (section 23),,Community resolution,,
Person search,2022-03-09T15:03:00+00:00,False,,51.768166,0.096056,Male,,White - English/Welsh/Scottish/Northern Irish/British,White,Police and Criminal Evidence Act 1984 (section 1),,A no further action disposal,,
Person search,2022-03-09T15:03:00+00:00,False,,51.535306,0.721558,Male,over 34,White - English/Welsh/Scottish/Northern Irish/British,White,Misuse of Drugs Act 1971 (section 23),,Community resolution,,
Person and Vehicle search,2022-03-09T16:03:00+00:00,False,,51.579233,0.443720,Male,25-34,White - Any other White background,White,Police and Criminal Evidence Act 1984 (section 1),,A no further action disposal,,
Person search,2022-03-09T16:03:00+00:00,False,,51.476835,0.323432,Male,10-17,Asian/Asian British - Bangladeshi,Asian,Misuse of Drugs Act 1971 (section 23),,A no further action disposal,,
Person search,2022-03-09T17:03:00+00:00,False,,51.789016,1.157877,Male,10-17,Other ethnic group - Not stated,Asian,Police and Criminal Evidence Act 1984 (section 1),,A no further action disposal,,
Person search,2022-03-09T17:03:00+00:00,False,,,,Male,25-34,White - English/Welsh/Scottish/Northern Irish/British,White,Police and Criminal Evidence Act 1984 (section 1),,A no further action disposal,,
Person search,2022-03-09T17:03:00+00:00,False,,51.477085,0.323992,Male,18-24,Other ethnic group - Not stated,Asian,Misuse of Drugs Act 1971 (section 23),,A no further action disposal,,
Person search,2022-03-09T20:03:00+00:00,False,,51.789268,1.158170,Female,10-17,White - English/Welsh/Scottish/Northern Irish/British,Other,Police and Criminal Evidence Act 1984 (section 1),,A no further action disposal,,
Person search,2022-03-09T20:03:00+00:00,False,,51.729430,0.479186,Male,25-34,White - English/Welsh/Scottish/Northern Irish/British,White,Misuse of Drugs Act 1971 (section 23),,Community resolution,,
Person search,2022-03-09T20:03:00+00:00,True,,51.528921,0.595820,Other,25-34,Other ethnic group - Not stated,White,Misuse of Drugs Act 1971 (section 23),,A no further action disposal,,
Person search,2022-03-09T20:03:00+00:00,False,,51.568023,0.430477,Female,,White - English/Welsh/Scottish/Northern Irish/British,White,Misuse of Drugs Act 1971 (section 23),,A no further action disposal,,
Person search,2022-03-09T20:03:00+00:00,False,,51.569835,0.427226,Male,18-24,White - English/Welsh/Scottish/Northern Irish/British,White,Police and Criminal Evidence Act 1984 (section 1),,A no further action disposal,,
Person search,2022-03-09T20:03:00+00:00,False,,51.569835,0.427226,Male,,Black/African/Caribbean/Black British - Any other Black/African/Caribbean background,,Police and Criminal Evidence Act 1984 (section 1),,A no further action disposal,,
Vehicle search,2022-03-09T20:03:00+00:00,True,,51.528921,0.595820,,,,,Misuse of Drugs Act 1971 (section 23),,A no further action disposal,,
Person search,2022-03-09T20:03:00+00:00,True,,51.528921,0.595820,Male,25-34,Other ethnic group - Not stated,White,Misuse of Drugs Act 1971 (section 23),,A no further action disposal,,
Person search,2022-03-09T20:03:00+00:00,False,,51.789268,1.158170,Female,,White - English/Welsh/Scottish/Northern Irish/British,White,Police and Criminal Evidence Act 1984 (section 1),,A no further action disposal,,
Person search,2022-03-09T21:03:00+00:00,False,,51.569835,0.427226,Male,10-17,White - English/Welsh/Scottish/Northern Irish/British,White,Police and Criminal Evidence Act 1984 (section 1),,A no further action disposal,,
Person search,2022-03-09T21:03:00+00:00,False,,51.553570,0.708828,Female,18-24,White - English/Welsh/Scottish/Northern Irish/British,White,Misuse of Drugs Act 1971 (section 23),,Khat or Cannabis warning,,
Person search,2022-03-09T21:03:00+00:00,False,,51.553964,0.703441,Male,18-24,White - Any other White background,White,Misuse of Drugs Act 1971 (section 23),,Khat or Cannabis warning,,
Person search,2022-03-09T22:03:00+00:00,False,,51.797784,1.124619,Male,25-34,Other ethnic group - Not stated,White,Police and Criminal Evidence Act 1984 (section 1),,Arrest,,
Person and Vehicle search,2022-03-09T22:03:00+00:00,False,,51.930229,1.249146,Male,18-24,White - English/Welsh/Scottish/Northern Irish/British,White,,,Summons / charged by post,,
Person search,2022-03-09T23:03:00+00:00,False,,51.531591,0.731243,Female,18-24,White - English/Welsh/Scottish/Northern Irish/British,White,Police and Criminal Evidence Act 1984 (section 1),,A no further action disposal,,
Person search,2022-03-09T23:03:00+00:00,False,,51.535306,0.721558,Male,over 34,White - English/Welsh/Scottish/Northern Irish/British,White,Police and Criminal Evidence Act 1984 (section 1),,A no further action disposal,,
Person search,2022-03-09T23:03:00+00:00,False,,51.531591,0.731243,Female,18-24,White - English/Welsh/Scottish/Northern Irish/British,White,Police and Criminal Evidence Act 1984 (section 1),,A no further action disposal,,
Vehicle search,2022-03-09T23:03:00+00:00,False,,51.531461,0.727558,,,,,Police and Criminal Evidence Act 1984 (section 1),,A no further action disposal,,
Person and Vehicle search,2022-03-09T23:03:00+00:00,True,,51.551375,0.666891,Male,over 34,White - English/Welsh/Scottish/Northern Irish/British,White,Misuse of Drugs Act 1971 (section 23),,Community resolution,,
Person search,2022-03-09T23:03:00+00:00,False,,51.517717,0.622788,Male,10-17,Other ethnic group - Not stated,White,Misuse of Drugs Act 1971 (section 23),,A no further action disposal,,
Vehicle search,2022-03-09T23:03:00+00:00,False,,51.517717,0.622788,,,,,Misuse of Drugs Act 1971 (section 23),,A no further action disposal,,
Person search,2022-03-09T23:03:00+00:00,False,,51.517717,0.622788,Male,,Other ethnic group - Not stated,White,Misuse of Drugs Act 1971 (section 23),,A no further action disposal,,
Person search,2022-03-09T23:03:00+00:00,False,,51.517717,0.622788,Male,,Other ethnic group - Not stated,White,Misuse of Drugs Act 1971 (section 23),,A no further action disposal,,
Person search,2022-03-09T23:03:00+00:00,False,,51.517717,0.622788,Male,10-17,Other ethnic group - Not stated,White,Misuse of Drugs Act 1971 (section 23),,A no further action disposal,,
Person search,2022-03-09T23:03:00+00:00,False,,51.531591,0.731243,Female,18-24,White - English/Welsh/Scottish/Northern Irish/British,White,Police and Criminal Evidence Act 1984 (section 1),,A no further action disposal,,
Vehicle search,2022-03-10T01:03:00+00:00,False,,51.579084,0.552907,,,,,Misuse of Drugs Act 1971 (section 23),,A no further action disposal,,
Person search,2022-03-10T01:03:00+00:00,False,,51.736024,0.490120,Male,over 34,Other ethnic group - Not stated,Black,Misuse of Drugs Act 1971 (section 23),,A no further action disposal,,
Person search,2022-03-10T01:03:00+00:00,False,,51.579084,0.552907,Male,25-34,Other ethnic group - Not stated,Other,Misuse of Drugs Act 1971 (section 23),,A no further action disposal,,
Person search,2022-03-10T01:03:00+00:00,False,,51.579084,0.552907,Female,18-24,Other ethnic group - Not stated,White,Misuse of Drugs Act 1971 (section 23),,A no further action disposal,,
Vehicle search,2022-03-10T01:03:00+00:00,False,,51.736024,0.490120,,,,,Misuse of Drugs Act 1971 (section 23),,A no further action disposal,,
Person search,2022-03-10T02:03:00+00:00,False,,51.482444,0.280536,Male,18-24,Other ethnic group - Not stated,Black,Misuse of Drugs Act 1971 (section 23),,A no further action disposal,,
Person search,2022-03-10T03:03:00+00:00,False,,52.030477,0.243154,Male,25-34,White - English/Welsh/Scottish/Northern Irish/British,White,Misuse of Drugs Act 1971 (section 23),,Community resolution,,
Vehicle search,2022-03-10T04:03:00+00:00,False,,51.868918,0.534544,,,,,,,A no further action disposal,,
Person search,2022-03-10T04:03:00+00:00,False,,51.869209,0.572069,Male,18-24,Mixed/Multiple ethnic groups - White and Black African,Black,Police and Criminal Evidence Act 1984 (section 1),,A no further action disposal,,
Person search,2022-03-10T09:03:00+00:00,False,,51.770291,0.096908,Male,10-17,White - English/Welsh/Scottish/Northern Irish/British,White,Misuse of Drugs Act 1971 (section 23),,A no further action disposal,,
Person search,2022-03-10T09:03:00+00:00,False,,51.569868,0.461459,Male,25-34,White - English/Welsh/Scottish/Northern Irish/British,White,Police and Criminal Evidence Act 1984 (section 1),,Community resolution,,
Person search,2022-03-10T10:03:00+00:00,False,,51.770291,0.096908,Male,10-17,White - English/Welsh/Scottish/Northern Irish/British,White,Misuse of Drugs Act 1971 (section 23),,A no further action disposal,,
Person search,2022-03-10T10:03:00+00:00,True,,51.770291,0.096908,Male,18-24,White - Any other White background,White,Police and Criminal Evidence Act 1984 (section 1),,A no further action disposal,,
Person search,2022-03-10T11:03:00+00:00,False,,51.472268,0.329709,Male,18-24,White - English/Welsh/Scottish/Northern Irish/British,White,Misuse of Drugs Act 1971 (section 23),,A no further action disposal,,
Person search,2022-03-10T11:03:00+00:00,True,,51.770291,0.096908,Female,10-17,Other ethnic group - Not stated,White,Misuse of Drugs Act 1971 (section 23),,A no further action disposal,,
Person search,2022-03-10T12:03:00+00:00,True,,51.766253,0.092373,Male,,Other ethnic group - Not stated,White,Police and Criminal Evidence Act 1984 (section 1),,A no further action disposal,,
Person search,2022-03-10T12:03:00+00:00,False,,51.877245,0.552026,Male,18-24,Other ethnic group - Not stated,White,Police and Criminal Evidence Act 1984 (section 1),,Arrest,,
Person search,2022-03-10T12:03:00+00:00,True,,51.769182,0.093567,Male,18-24,White - English/Welsh/Scottish/Northern Irish/British,White,Police and Criminal Evidence Act 1984 (section 1),,A no further action disposal,,
Person search,2022-03-10T14:03:00+00:00,False,,51.478460,0.324019,Male,,White - English/Welsh/Scottish/Northern Irish/British,White,Police and Criminal Evidence Act 1984 (section 1),,A no further action disposal,,
Person and Vehicle search,2022-03-10T14:03:00+00:00,False,,51.693723,0.422057,Male,over 34,Asian/Asian British - Indian,Asian,Misuse of Drugs Act 1971 (section 23),,Community resolution,,
Person search,2022-03-10T15:03:00+00:00,False,,51.876517,0.552436,Female,25-34,White - English/Welsh/Scottish/Northern Irish/British,White,Misuse of Drugs Act 1971 (section 23),,A no further action disposal,,
Person search,2022-03-10T15:03:00+00:00,False,,51.877245,0.552026,Male,25-34,White - English/Welsh/Scottish/Northern Irish/British,White,Misuse of Drugs Act 1971 (section 23),,A no further action disposal,,
Person search,2022-03-10T15:03:00+00:00,True,,51.769898,0.096267,Male,10-17,White - English/Welsh/Scottish/Northern Irish/British,White,Misuse of Drugs Act 1971 (section 23),,A no further action disposal,,
Person search,2022-03-10T15:03:00+00:00,False,,51.564104,0.504768,Male,18-24,White - English/Welsh/Scottish/Northern Irish/British,White,Misuse of Drugs Act 1971 (section 23),,A no further action disposal,,
Person search,2022-03-10T15:03:00+00:00,True,,51.769898,0.096267,Male,10-17,Black/African/Caribbean/Black British - Any other Black/African/Caribbean background,Black,Misuse of Drugs Act 1971 (section 23),,A no further action disposal,,
Person search,2022-03-10T17:03:00+00:00,False,,51.476033,0.322153,Male,18-24,Other ethnic group - Not stated,White,Misuse of Drugs Act 1971 (section 23),,A no further action disposal,,
Vehicle search,2022-03-10T18:03:00+00:00,True,,51.781637,1.140555,,,,,Misuse of Drugs Act 1971 (section 23),,A no further action disposal,,
Person search,2022-03-10T18:03:00+00:00,True,,51.724692,0.488889,Male,25-34,Other ethnic group - Not stated,White,Misuse of Drugs Act 1971 (section 23),,A no further action disposal,,
Person and Vehicle search,2022-03-10T18:03:00+00:00,False,,51.723742,0.490430,Male,10-17,Other ethnic group - Not stated,White,Misuse of Drugs Act 1971 (section 23),,A no further action disposal,,
Person search,2022-03-10T18:03:00+00:00,False,,51.724692,0.488889,Male,25-34,White - English/Welsh/Scottish/Northern Irish/British,White,Misuse of Drugs Act 1971 (section 23),,Community resolution,,
Person search,2022-03-10T18:03:00+00:00,False,,51.781637,1.140555,Male,over 34,White - English/Welsh/Scottish/Northern Irish/British,White,Misuse of Drugs Act 1971 (section 23),,A no further action disposal,,
Person search,2022-03-10T19:03:00+00:00,False,,51.477085,0.323992,Male,10-17,Other ethnic group - Not stated,White,Misuse of Drugs Act 1971 (section 23),,A no further action disposal,,
Person search,2022-03-10T19:03:00+00:00,True,,51.476360,0.321089,Female,25-34,White - English/Welsh/Scottish/Northern Irish/British,White,Police and Criminal Evidence Act 1984 (section 1),,A no further action disposal,,
Vehicle search,2022-03-10T20:03:00+00:00,False,,51.576052,0.470193,,,,,Police and Criminal Evidence Act 1984 (section 1),,Arrest,,
Person and Vehicle search,2022-03-10T20:03:00+00:00,False,,51.820600,1.133469,Male,,White - English/Welsh/Scottish/Northern Irish/British,White,,,A no further action disposal,,
Vehicle search,2022-03-10T21:03:00+00:00,False,,51.930812,1.240400,,,,,,,A no further action disposal,,
Person search,2022-03-10T22:03:00+00:00,False,,51.591893,0.581550,Male,18-24,White - English/Welsh/Scottish/Northern Irish/British,White,Police and Criminal Evidence Act 1984 (section 1),,A no further action disposal,,
Person search,2022-03-10T23:03:00+00:00,False,,51.493720,0.293489,Male,18-24,Black/African/Caribbean/Black British - Any other Black/African/Caribbean background,Black,Misuse of Drugs Act 1971 (section 23),,Community resolution,,
Vehicle search,2022-03-10T23:03:00+00:00,False,,51.493720,0.293489,,,,,Misuse of Drugs Act 1971 (section 23),,Community resolution,,
Person search,2022-03-10T23:03:00+00:00,False,,,,Male,10-17,White - English/Welsh/Scottish/Northern Irish/British,White,Police and Criminal Evidence Act 1984 (section 1),,Khat or Cannabis warning,,
Person search,2022-03-10T23:03:00+00:00,False,,51.889691,0.895335,Male,18-24,Asian/Asian British - Indian,Asian,Police and Criminal Evidence Act 1984 (section 1),,Arrest,,
Person and Vehicle search,2022-03-10T23:03:00+00:00,False,,51.940886,1.282893,Male,over 34,Other ethnic group - Not stated,White,,,Summons / charged by post,,
Person search,2022-03-11T00:03:00+00:00,False,,51.542681,0.651700,Male,18-24,Other ethnic group - Not stated,Asian,Misuse of Drugs Act 1971 (section 23),,A no further action disposal,,
Person search,2022-03-11T00:03:00+00:00,False,,51.567352,0.458379,Male,10-17,Other ethnic group - Not stated,White,Police and Criminal Evidence Act 1984 (section 1),,A no further action disposal,,
Vehicle search,2022-03-11T00:03:00+00:00,False,,51.542215,0.644461,,,,,Misuse of Drugs Act 1971 (section 23),,A no further action disposal,,
Person search,2022-03-11T00:03:00+00:00,False,,51.542215,0.644461,Male,,Other ethnic group - Not stated,White,Misuse of Drugs Act 1971 (section 23),,A no further action disposal,,
Person search,2022-03-11T00:03:00+00:00,False,,51.567352,0.458379,Male,under 10,White - English/Welsh/Scottish/Northern Irish/British,White,Police and Criminal Evidence Act 1984 (section 1),,A no further action disposal,,
Person search,2022-03-11T01:03:00+00:00,True,,51.772007,0.074724,Male,over 34,White - English/Welsh/Scottish/Northern Irish/British,White,Misuse of Drugs Act 1971 (section 23),,A no further action disposal,,
Person search,2022-03-11T02:03:00+00:00,False,,51.867920,0.927887,Male,10-17,White - English/Welsh/Scottish/Northern Irish/British,White,Police and Criminal Evidence Act 1984 (section 1),,A no further action disposal,,
Person search,2022-03-11T03:03:00+00:00,False,,51.867920,0.927887,Male,10-17,White - English/Welsh/Scottish/Northern Irish/British,White,Police and Criminal Evidence Act 1984 (section 1),,A no further action disposal,,
Person search,2022-03-11T04:03:00+00:00,False,,51.658991,0.081240,Male,18-24,Black/African/Caribbean/Black British - African,Black,Police and Criminal Evidence Act 1984 (section 1),,Arrest,,
Person search,2022-03-11T05:03:00+00:00,False,,51.486039,0.270445,Male,,White - English/Welsh/Scottish/Northern Irish/British,White,Police and Criminal Evidence Act 1984 (section 1),,Arrest,,
Person search,2022-03-11T08:03:00+00:00,False,,51.737059,0.491770,Male,over 34,White - English/Welsh/Scottish/Northern Irish/British,White,Misuse of Drugs Act 1971 (section 23),,Arrest,,
Person search,2022-03-11T09:03:00+00:00,True,,51.770291,0.096908,Male,,Other ethnic group - Not stated,White,Police and Criminal Evidence Act 1984 (section 1),,A no further action disposal,,
Person and Vehicle search,2022-03-11T12:03:00+00:00,False,,51.619027,0.281123,Male,25-34,White - English/Welsh/Scottish/Northern Irish/British,White,Misuse of Drugs Act 1971 (section 23),,A no further action disposal,,
Person search,2022-03-11T13:03:00+00:00,False,,51.540310,0.712497,Female,,White - English/Welsh/Scottish/Northern Irish/British,White,Police and Criminal Evidence Act 1984 (section 1),,A no further action disposal,,
Person search,2022-03-11T15:03:00+00:00,False,,51.567614,0.456604,Male,18-24,White - English/Welsh/Scottish/Northern Irish/British,White,Misuse of Drugs Act 1971 (section 23),,Community resolution,,
Person search,2022-03-11T17:03:00+00:00,False,,51.612122,0.271749,Male,over 34,White - English/Welsh/Scottish/Northern Irish/British,White,Misuse of Drugs Act 1971 (section 23),,A no further action disposal,,
Person search,2022-03-11T17:03:00+00:00,False,,51.537670,0.718512,Male,over 34,White - English/Welsh/Scottish/Northern Irish/British,White,Police and Criminal Evidence Act 1984 (section 1),,A no further action disposal,,
Person search,2022-03-11T18:03:00+00:00,False,,51.785544,0.618594,Male,10-17,Other ethnic group - Not stated,White,Police and Criminal Evidence Act 1984 (section 1),,A no further action disposal,,
Person search,2022-03-11T18:03:00+00:00,False,,51.785544,0.618594,Male,10-17,White - English/Welsh/Scottish/Northern Irish/British,White,Police and Criminal Evidence Act 1984 (section 1),,A no further action disposal,,
Person search,2022-03-11T18:03:00+00:00,False,,51.790447,0.622967,Male,10-17,White - English/Welsh/Scottish/Northern Irish/British,White,Police and Criminal Evidence Act 1984 (section 1),,A no further action disposal,,
Person search,2022-03-11T18:03:00+00:00,False,,51.790447,0.622967,Male,10-17,White - English/Welsh/Scottish/Northern Irish/British,White,Police and Criminal Evidence Act 1984 (section 1),,A no further action disposal,,
Person search,2022-03-11T18:03:00+00:00,False,,51.790447,0.622967,Male,10-17,White - English/Welsh/Scottish/Northern Irish/British,White,Police and Criminal Evidence Act 1984 (section 1),,A no further action disposal,,
Person search,2022-03-11T18:03:00+00:00,False,,51.790447,0.622967,Male,10-17,White - English/Welsh/Scottish/Northern Irish/British,White,Police and Criminal Evidence Act 1984 (section 1),,A no further action disposal,,
Person search,2022-03-11T18:03:00+00:00,False,,51.766253,0.092373,Male,25-34,Other ethnic group - Not stated,,Police and Criminal Evidence Act 1984 (section 1),,A no further action disposal,,
Person search,2022-03-11T19:03:00+00:00,False,,,,Male,10-17,White - English/Welsh/Scottish/Northern Irish/British,White,Police and Criminal Evidence Act 1984 (section 1),,A no further action disposal,,
Person search,2022-03-11T19:03:00+00:00,False,,51.853862,0.387199,Male,10-17,White - English/Welsh/Scottish/Northern Irish/British,White,Police and Criminal Evidence Act 1984 (section 1),,A no further action disposal,,
Person search,2022-03-11T22:03:00+00:00,False,,51.867201,0.887497,Male,,White - English/Welsh/Scottish/Northern Irish/British,White,Police and Criminal Evidence Act 1984 (section 1),,A no further action disposal,,
Vehicle search,2022-03-11T23:03:00+00:00,False,,51.570416,0.484983,,,,,Misuse of Drugs Act 1971 (section 23),,A no further action disposal,,
Person and Vehicle search,2022-03-11T23:03:00+00:00,False,,51.581060,0.441494,Male,18-24,Black/African/Caribbean/Black British - Caribbean,Other,Police and Criminal Evidence Act 1984 (section 1),,Arrest,,
Person search,2022-03-11T23:03:00+00:00,False,,51.462992,0.375595,Male,18-24,White - English/Welsh/Scottish/Northern Irish/British,White,Police and Criminal Evidence Act 1984 (section 1),,A no further action disposal,,
Person search,2022-03-11T23:03:00+00:00,False,,51.730948,0.682681,Male,,White - English/Welsh/Scottish/Northern Irish/British,White,Misuse of Drugs Act 1971 (section 23),,A no further action disposal,,
Person search,2022-03-11T23:03:00+00:00,False,,51.585035,0.463838,Male,18-24,Asian/Asian British - Pakistani,Asian,Misuse of Drugs Act 1971 (section 23),,A no further action disposal,,
Vehicle search,2022-03-11T23:03:00+00:00,False,,51.585127,0.462457,,,,,Misuse of Drugs Act 1971 (section 23),,A no further action disposal,,
Person and Vehicle search,2022-03-11T23:03:00+00:00,False,,51.583483,0.465356,Male,18-24,Black/African/Caribbean/Black British - African,Black,Misuse of Drugs Act 1971 (section 23),,Community resolution,,
Person search,2022-03-11T23:03:00+00:00,False,,51.730948,0.682681,Male,,White - English/Welsh/Scottish/Northern Irish/British,White,Misuse of Drugs Act 1971 (section 23),,A no further action disposal,,
Person search,2022-03-11T23:03:00+00:00,False,,51.567423,0.484040,Male,25-34,Other ethnic group - Not stated,White,Misuse of Drugs Act 1971 (section 23),,A no further action disposal,,
Person and Vehicle search,2022-03-11T23:03:00+00:00,False,,51.463203,0.377147,Male,18-24,White - English/Welsh/Scottish/Northern Irish/British,White,Police and Criminal Evidence Act 1984 (section 1),,A no further action disposal,,
Person search,2022-03-12T00:03:00+00:00,False,,51.540290,0.730798,Male,over 34,White - English/Welsh/Scottish/Northern Irish/British,White,Police and Criminal Evidence Act 1984 (section 1),,A no further action disposal,,
Vehicle search,2022-03-12T00:03:00+00:00,False,,51.583317,0.499978,,,,,Misuse of Drugs Act 1971 (section 23),,Community resolution,,
Person search,2022-03-12T00:03:00+00:00,False,,51.569868,0.461459,Male,10-17,Black/African/Caribbean/Black British - Any other Black/African/Caribbean background,Black,Misuse of Drugs Act 1971 (section 23),,A no further action disposal,,
Person search,2022-03-12T00:03:00+00:00,False,,51.572685,0.645248,Male,,Other ethnic group - Not stated,White,Police and Criminal Evidence Act 1984 (section 1),,A no further action disposal,,
Vehicle search,2022-03-12T01:03:00+00:00,False,,51.764315,0.119254,,,,,Misuse of Drugs Act 1971 (section 23),,A no further action disposal,,
Person search,2022-03-12T01:03:00+00:00,False,,51.766989,0.129003,Female,18-24,White - English/Welsh/Scottish/Northern Irish/British,White,Misuse of Drugs Act 1971 (section 23),,A no further action disposal,,
Person search,2022-03-12T01:03:00+00:00,False,,51.731744,0.475214,Male,18-24,White - English/Welsh/Scottish/Northern Irish/British,White,Misuse of Drugs Act 1971 (section 23),,A no further action disposal,,
Person search,2022-03-12T01:03:00+00:00,False,,51.890739,0.555131,Male,25-34,White - English/Welsh/Scottish/Northern Irish/British,White,Misuse of Drugs Act 1971 (section 23),,A no further action disposal,,
Vehicle search,2022-03-12T02:03:00+00:00,False,,51.764941,0.124906,,,,,Misuse of Drugs Act 1971 (section 23),,A no further action disposal,,
Person search,2022-03-12T02:03:00+00:00,False,,51.764941,0.124906,Male,18-24,White - English/Welsh/Scottish/Northern Irish/British,White,Misuse of Drugs Act 1971 (section 23),,A no further action disposal,,
Person search,2022-03-12T02:03:00+00:00,False,,51.772201,0.092648,Male,18-24,Other ethnic group - Not stated,,Misuse of Drugs Act 1971 (section 23),,Arrest,,
Person search,2022-03-12T02:03:00+00:00,False,,51.576744,0.494031,Male,10-17,White - English/Welsh/Scottish/Northern Irish/British,White,Police and Criminal Evidence Act 1984 (section 1),,A no further action disposal,,
Person and Vehicle search,2022-03-12T02:03:00+00:00,False,,51.768166,0.096056,Male,10-17,White - English/Welsh/Scottish/Northern Irish/British,White,Misuse of Drugs Act 1971 (section 23),,A no further action disposal,,
Vehicle search,2022-03-12T02:03:00+00:00,False,,51.804802,0.138951,,,,,Misuse of Drugs Act 1971 (section 23),,A no further action disposal,,
Vehicle search,2022-03-12T02:03:00+00:00,False,,51.804802,0.138951,,,,,Misuse of Drugs Act 1971 (section 23),,A no further action disposal,,
Person search,2022-03-12T11:03:00+00:00,False,,51.577950,0.497778,Male,10-17,White - English/Welsh/Scottish/Northern Irish/British,White,Misuse of Drugs Act 1971 (section 23),,Community resolution,,
Person search,2022-03-12T11:03:00+00:00,False,,51.478773,0.320463,Male,25-34,White - Irish,White,Police and Criminal Evidence Act 1984 (section 1),,Arrest,,
Person search,2022-03-12T11:03:00+00:00,False,,51.869780,0.363128,Male,18-24,White - English/Welsh/Scottish/Northern Irish/British,White,Misuse of Drugs Act 1971 (section 23),,A no further action disposal,,
Person search,2022-03-12T12:03:00+00:00,False,,51.571371,0.477646,Male,,White - English/Welsh/Scottish/Northern Irish/British,White,Misuse of Drugs Act 1971 (section 23),,A no further action disposal,,
Vehicle search,2022-03-12T13:03:00+00:00,False,,51.568023,0.430477,,,,,Misuse of Drugs Act 1971 (section 23),,A no further action disposal,,
Person search,2022-03-12T13:03:00+00:00,False,,51.932022,1.254906,Male,18-24,White - English/Welsh/Scottish/Northern Irish/British,White,Misuse of Drugs Act 1971 (section 23),,A no further action disposal,,
Person search,2022-03-12T13:03:00+00:00,False,,51.932022,1.254906,Male,10-17,White - Irish,White,Misuse of Drugs Act 1971 (section 23),,A no further action disposal,,
Person search,2022-03-12T13:03:00+00:00,False,,51.794587,0.455928,Male,10-17,White - English/Welsh/Scottish/Northern Irish/British,White,Police and Criminal Evidence Act 1984 (section 1),,A no further action disposal,,
Person search,2022-03-12T13:03:00+00:00,False,,51.764363,0.088416,Male,10-17,White - English/Welsh/Scottish/Northern Irish/British,White,Police and Criminal Evidence Act 1984 (section 1),,A no further action disposal,,
Person search,2022-03-12T13:03:00+00:00,False,,51.932022,1.254906,Male,18-24,White - English/Welsh/Scottish/Northern Irish/British,White,Misuse of Drugs Act 1971 (section 23),,A no further action disposal,,
Person search,2022-03-12T13:03:00+00:00,False,,51.790608,1.160527,Male,10-17,White - English/Welsh/Scottish/Northern Irish/British,White,Police and Criminal Evidence Act 1984 (section 1),,A no further action disposal,,
Person search,2022-03-12T14:03:00+00:00,False,,51.791462,1.157555,Male,,White - English/Welsh/Scottish/Northern Irish/British,White,Misuse of Drugs Act 1971 (section 23),,A no further action disposal,,
Person search,2022-03-12T14:03:00+00:00,False,,51.791428,0.458164,Male,10-17,White - English/Welsh/Scottish/Northern Irish/British,White,Misuse of Drugs Act 1971 (section 23),,A no further action disposal,,
Person search,2022-03-12T14:03:00+00:00,False,,51.791317,1.161910,Male,10-17,Other ethnic group - Not stated,White,Police and Criminal Evidence Act 1984 (section 1),,A no further action disposal,,
Person search,2022-03-12T14:03:00+00:00,False,,51.791462,1.157555,Male,,White - English/Welsh/Scottish/Northern Irish/British,White,Misuse of Drugs Act 1971 (section 23),,A no further action disposal,,
Person search,2022-03-12T14:03:00+00:00,False,,51.791462,1.157555,Male,,White - English/Welsh/Scottish/Northern Irish/British,White,Misuse of Drugs Act 1971 (section 23),,A no further action disposal,,
Person search,2022-03-12T14:03:00+00:00,False,,51.791428,0.458164,Male,10-17,White - English/Welsh/Scottish/Northern Irish/British,White,Misuse of Drugs Act 1971 (section 23),,A no further action disposal,,
Person search,2022-03-12T14:03:00+00:00,False,,51.791462,1.157555,Female,,White - English/Welsh/Scottish/Northern Irish/British,White,Misuse of Drugs Act 1971 (section 23),,A no further action disposal,,
Person search,2022-03-12T14:03:00+00:00,False,,51.791462,1.157555,Male,,White - English/Welsh/Scottish/Northern Irish/British,White,Misuse of Drugs Act 1971 (section 23),,A no further action disposal,,
Person search,2022-03-12T14:03:00+00:00,False,,51.791462,1.157555,Male,,White - English/Welsh/Scottish/Northern Irish/British,White,Misuse of Drugs Act 1971 (section 23),,A no further action disposal,,
Person search,2022-03-12T14:03:00+00:00,False,,51.791462,1.157555,Male,,White - English/Welsh/Scottish/Northern Irish/British,White,Misuse of Drugs Act 1971 (section 23),,A no further action disposal,,
Person search,2022-03-12T15:03:00+00:00,False,,51.874198,0.563913,Male,25-34,White - English/Welsh/Scottish/Northern Irish/British,White,Misuse of Drugs Act 1971 (section 23),,A no further action disposal,,
Vehicle search,2022-03-12T15:03:00+00:00,False,,51.520160,0.602775,,,,,Misuse of Drugs Act 1971 (section 23),,A no further action disposal,,
Vehicle search,2022-03-12T16:03:00+00:00,False,,51.873405,0.561107,,,,,Misuse of Drugs Act 1971 (section 23),,Community resolution,,
Person search,2022-03-12T16:03:00+00:00,False,,51.879820,0.567982,Male,18-24,Other ethnic group - Not stated,White,Misuse of Drugs Act 1971 (section 23),,A no further action disposal,,
Person search,2022-03-12T16:03:00+00:00,False,,51.879820,0.567982,Male,,Other ethnic group - Not stated,Other,Misuse of Drugs Act 1971 (section 23),,A no further action disposal,,
Person search,2022-03-12T16:03:00+00:00,False,,51.876292,0.549938,Male,18-24,White - English/Welsh/Scottish/Northern Irish/British,White,Misuse of Drugs Act 1971 (section 23),,Community resolution,,
Person search,2022-03-12T16:03:00+00:00,True,,51.568331,0.426049,Male,over 34,White - English/Welsh/Scottish/Northern Irish/British,White,Police and Criminal Evidence Act 1984 (section 1),,Community resolution,,
Person search,2022-03-12T16:03:00+00:00,False,,51.877744,0.558840,Male,over 34,White - English/Welsh/Scottish/Northern Irish/British,White,Misuse of Drugs Act 1971 (section 23),,A no further action disposal,,
Person search,2022-03-12T16:03:00+00:00,False,,51.873405,0.561107,Male,18-24,White - English/Welsh/Scottish/Northern Irish/British,White,Misuse of Drugs Act 1971 (section 23),,Community resolution,,
Person search,2022-03-12T17:03:00+00:00,False,,51.874198,0.563913,Male,18-24,White - English/Welsh/Scottish/Northern Irish/British,White,Misuse of Drugs Act 1971 (section 23),,A no further action disposal,,
Person search,2022-03-12T17:03:00+00:00,False,,51.874198,0.563913,Male,,White - English/Welsh/Scottish/Northern Irish/British,White,Misuse of Drugs Act 1971 (section 23),,A no further action disposal,,
Vehicle search,2022-03-12T17:03:00+00:00,False,,51.874198,0.563913,,,,,Misuse of Drugs Act 1971 (section 23),,A no further action disposal,,
Person search,2022-03-12T17:03:00+00:00,False,,51.753717,0.073161,Male,10-17,Other ethnic group - Not stated,White,Police and Criminal Evidence Act 1984 (section 1),,A no further action disposal,,
Person search,2022-03-12T17:03:00+00:00,False,,51.753103,0.073263,Male,10-17,Other ethnic group - Not stated,Asian,Police and Criminal Evidence Act 1984 (section 1),,A no further action disposal,,
Person search,2022-03-12T17:03:00+00:00,False,,51.571182,0.405073,Male,over 34,White - English/Welsh/Scottish/Northern Irish/British,White,Police and Criminal Evidence Act 1984 (section 1),,A no further action disposal,,
Person search,2022-03-12T18:03:00+00:00,False,,51.889043,0.558683,Male,over 34,White - Any other White background,White,Misuse of Drugs Act 1971 (section 23),,A no further action disposal,,
Person search,2022-03-12T19:03:00+00:00,True,,51.723419,0.489949,Male,,Other ethnic group - Not stated,White,Misuse of Drugs Act 1971 (section 23),,A no further action disposal,,
Person search,2022-03-12T19:03:00+00:00,False,,51.881326,0.549221,Male,,Other ethnic group - Not stated,White,Misuse of Drugs Act 1971 (section 23),,A no further action disposal,,
Person search,2022-03-12T19:03:00+00:00,False,,51.879450,0.551134,Male,10-17,White - English/Welsh/Scottish/Northern Irish/British,White,Misuse of Drugs Act 1971 (section 23),,Community resolution,,
Person search,2022-03-12T19:03:00+00:00,False,,51.881326,0.549221,Male,,Other ethnic group - Not stated,Asian,Misuse of Drugs Act 1971 (section 23),,A no further action disposal,,
Person search,2022-03-12T19:03:00+00:00,False,,51.881326,0.549221,Male,,Other ethnic group - Not stated,White,Misuse of Drugs Act 1971 (section 23),,A no further action disposal,,
Person search,2022-03-12T19:03:00+00:00,False,,51.723419,0.489949,Male,,White - English/Welsh/Scottish/Northern Irish/British,White,Misuse of Drugs Act 1971 (section 23),,A no further action disposal,,
Person search,2022-03-12T19:03:00+00:00,False,,51.875514,0.556767,Male,10-17,White - English/Welsh/Scottish/Northern Irish/British,White,Misuse of Drugs Act 1971 (section 23),,A no further action disposal,,
Person search,2022-03-12T19:03:00+00:00,False,,51.757208,0.084217,Female,25-34,Mixed/Multiple ethnic groups - Any other Mixed/Multiple ethnic background,Other,Misuse of Drugs Act 1971 (section 23),,Community resolution,,
Person search,2022-03-12T20:03:00+00:00,False,,51.887993,0.902885,Male,18-24,Mixed/Multiple ethnic groups - Any other Mixed/Multiple ethnic background,Asian,Police and Criminal Evidence Act 1984 (section 1),,Arrest,,
Person search,2022-03-12T20:03:00+00:00,False,,51.797348,1.150380,Male,25-34,Black/African/Caribbean/Black British - Any other Black/African/Caribbean background,Black,Police and Criminal Evidence Act 1984 (section 1),,Arrest,,
Person search,2022-03-12T20:03:00+00:00,False,,51.868666,0.963094,Male,10-17,White - English/Welsh/Scottish/Northern Irish/British,White,Police and Criminal Evidence Act 1984 (section 1),,A no further action disposal,,
Person search,2022-03-12T20:03:00+00:00,False,,51.868666,0.963094,Male,,Other ethnic group - Not stated,White,Police and Criminal Evidence Act 1984 (section 1),,A no further action disposal,,
Person search,2022-03-12T20:03:00+00:00,False,,51.875514,0.556767,Male,18-24,White - Any other White background,White,Misuse of Drugs Act 1971 (section 23),,A no further action disposal,,
Person search,2022-03-12T21:03:00+00:00,False,,51.564523,0.463349,Male,18-24,White - English/Welsh/Scottish/Northern Irish/British,White,Police and Criminal Evidence Act 1984 (section 1),,A no further action disposal,,
Person search,2022-03-12T21:03:00+00:00,False,,51.771925,0.119639,Female,over 34,Asian/Asian British - Any other Asian background,Asian,Police and Criminal Evidence Act 1984 (section 1),,A no further action disposal,,
Person search,2022-03-12T21:03:00+00:00,False,,51.875424,0.557619,Male,,White - English/Welsh/Scottish/Northern Irish/British,White,Misuse of Drugs Act 1971 (section 23),,A no further action disposal,,
Person search,2022-03-12T21:03:00+00:00,False,,51.564523,0.463349,Male,18-24,White - English/Welsh/Scottish/Northern Irish/British,White,Police and Criminal Evidence Act 1984 (section 1),,A no further action disposal,,
Person search,2022-03-12T21:03:00+00:00,False,,,,Male,over 34,Other ethnic group - Not stated,Other,Police and Criminal Evidence Act 1984 (section 1),,A no further action disposal,,
Person search,2022-03-12T21:03:00+00:00,False,,51.561664,0.488444,Male,over 34,White - English/Welsh/Scottish/Northern Irish/British,White,Police and Criminal Evidence Act 1984 (section 1),,A no further action disposal,,
Person search,2022-03-12T22:03:00+00:00,True,,51.730985,0.463832,Female,,Other ethnic group - Not stated,White,Misuse of Drugs Act 1971 (section 23),,Community resolution,,
Person search,2022-03-12T22:03:00+00:00,False,,51.731124,0.473022,Male,18-24,White - English/Welsh/Scottish/Northern Irish/British,White,Misuse of Drugs Act 1971 (section 23),,Community resolution,,
Person search,2022-03-12T22:03:00+00:00,False,,51.755246,0.520333,Male,over 34,White - English/Welsh/Scottish/Northern Irish/British,White,Misuse of Drugs Act 1971 (section 23),,A no further action disposal,,
Person search,2022-03-12T22:03:00+00:00,True,,51.730985,0.463832,Male,,Other ethnic group - Not stated,White,Misuse of Drugs Act 1971 (section 23),,Community resolution,,
Person search,2022-03-12T22:03:00+00:00,True,,51.730985,0.463832,Male,18-24,Other ethnic group - Not stated,White,Misuse of Drugs Act 1971 (section 23),,Community resolution,,
Person search,2022-03-12T22:03:00+00:00,True,,51.730490,0.473682,Male,,Other ethnic group - Not stated,White,Misuse of Drugs Act 1971 (section 23),,A no further action disposal,,
Person search,2022-03-12T22:03:00+00:00,True,,51.489840,0.281698,Male,,Other ethnic group - Not stated,White,Misuse of Drugs Act 1971 (section 23),,Community resolution,,
Person and Vehicle search,2022-03-12T22:03:00+00:00,False,,51.489840,0.281698,Female,,Other ethnic group - Not stated,White,Misuse of Drugs Act 1971 (section 23),,A no further action disposal,,
Person and Vehicle search,2022-03-12T22:03:00+00:00,False,,51.568600,0.278064,Male,,Other ethnic group - Not stated,,Police and Criminal Evidence Act 1984 (section 1),,Arrest,,
Person and Vehicle search,2022-03-12T22:03:00+00:00,False,,51.568600,0.278064,Male,,Other ethnic group - Not stated,,Police and Criminal Evidence Act 1984 (section 1),,Arrest,,
Person and Vehicle search,2022-03-12T22:03:00+00:00,False,,51.568600,0.278064,Male,,Other ethnic group - Not stated,,Police and Criminal Evidence Act 1984 (section 1),,Arrest,,
Person search,2022-03-12T22:03:00+00:00,False,,51.770766,0.094481,Male,,Other ethnic group - Not stated,White,Misuse of Drugs Act 1971 (section 23),,A no further action disposal,,
Person search,2022-03-12T23:03:00+00:00,False,,51.887993,0.902885,Male,10-17,White - Any other White background,White,Police and Criminal Evidence Act 1984 (section 1),,Arrest,,
Person search,2022-03-12T23:03:00+00:00,False,,51.572685,0.645248,Male,10-17,White - English/Welsh/Scottish/Northern Irish/British,White,Police and Criminal Evidence Act 1984 (section 1),,A no further action disposal,,
Person and Vehicle search,2022-03-12T23:03:00+00:00,False,,51.603956,0.566232,Male,18-24,White - English/Welsh/Scottish/Northern Irish/British,White,Police and Criminal Evidence Act 1984 (section 1),,A no further action disposal,,
Person search,2022-03-12T23:03:00+00:00,False,,51.887993,0.902885,Male,10-17,White - Any other White background,White,Police and Criminal Evidence Act 1984 (section 1),,Arrest,,
Person search,2022-03-13T00:03:00+00:00,True,,51.746090,0.461380,Male,,Other ethnic group - Not stated,White,Misuse of Drugs Act 1971 (section 23),,A no further action disposal,,
Person search,2022-03-13T00:03:00+00:00,False,,,,Male,25-34,Other ethnic group - Not stated,Black,Misuse of Drugs Act 1971 (section 23),,A no further action disposal,,
Person search,2022-03-13T00:03:00+00:00,False,,51.547003,0.693292,Male,over 34,White - English/Welsh/Scottish/Northern Irish/British,White,Police and Criminal Evidence Act 1984 (section 1),,A no further action disposal,,
Person search,2022-03-13T01:03:00+00:00,False,,51.735818,0.469643,Male,25-34,Other ethnic group - Not stated,,Police and Criminal Evidence Act 1984 (section 1),,A no further action disposal,,
Person search,2022-03-13T02:03:00+00:00,False,,51.514273,0.597337,Male,,White - English/Welsh/Scottish/Northern Irish/British,White,Police and Criminal Evidence Act 1984 (section 1),,A no further action disposal,,
Person search,2022-03-13T04:03:00+00:00,False,,51.565066,0.505657,Male,18-24,White - English/Welsh/Scottish/Northern Irish/British,White,Misuse of Drugs Act 1971 (section 23),,A no further action disposal,,
Person search,2022-03-13T04:03:00+00:00,False,,51.565066,0.505657,Male,18-24,White - English/Welsh/Scottish/Northern Irish/British,White,Misuse of Drugs Act 1971 (section 23),,A no further action disposal,,
Person search,2022-03-13T04:03:00+00:00,False,,51.565066,0.505657,Male,18-24,White - English/Welsh/Scottish/Northern Irish/British,White,Misuse of Drugs Act 1971 (section 23),,A no further action disposal,,
Person search,2022-03-13T05:03:00+00:00,False,,51.564041,0.506467,Male,18-24,Mixed/Multiple ethnic groups - Any other Mixed/Multiple ethnic background,Asian,Misuse of Drugs Act 1971 (section 23),,A no further action disposal,,
Person and Vehicle search,2022-03-13T05:03:00+00:00,False,,51.565583,0.502915,Female,18-24,White - English/Welsh/Scottish/Northern Irish/British,White,Misuse of Drugs Act 1971 (section 23),,A no further action disposal,,
Person search,2022-03-13T05:03:00+00:00,False,,51.565583,0.502915,Male,18-24,White - English/Welsh/Scottish/Northern Irish/British,White,Misuse of Drugs Act 1971 (section 23),,A no further action disposal,,
Person search,2022-03-13T10:03:00+00:00,False,,51.581751,0.453166,Male,25-34,Black/African/Caribbean/Black British - Caribbean,Black,Misuse of Drugs Act 1971 (section 23),,Arrest,,
Person search,2022-03-13T10:03:00+00:00,False,,51.565966,0.416457,Male,18-24,White - English/Welsh/Scottish/Northern Irish/British,White,Misuse of Drugs Act 1971 (section 23),,A no further action disposal,,
Person search,2022-03-13T12:03:00+00:00,False,,51.938201,1.279495,Male,18-24,White - English/Welsh/Scottish/Northern Irish/British,White,Misuse of Drugs Act 1971 (section 23),,Community resolution,,
Person search,2022-03-13T14:03:00+00:00,False,,51.788616,1.154354,Male,over 34,White - English/Welsh/Scottish/Northern Irish/British,White,Misuse of Drugs Act 1971 (section 23),,A no further action disposal,,
Person search,2022-03-13T14:03:00+00:00,False,,51.747132,0.452440,Male,18-24,Other ethnic group - Not stated,,Misuse of Drugs Act 1971 (section 23),,A no further action disposal,,
Person search,2022-03-13T14:03:00+00:00,False,,51.747132,0.452440,Male,10-17,Other ethnic group - Not stated,White,Misuse of Drugs Act 1971 (section 23),,Community resolution,,
Vehicle search,2022-03-13T14:03:00+00:00,False,,51.747132,0.452440,,,,,Misuse of Drugs Act 1971 (section 23),,Community resolution,,
Person search,2022-03-13T14:03:00+00:00,False,,51.568286,0.452426,Male,25-34,White - English/Welsh/Scottish/Northern Irish/British,White,Police and Criminal Evidence Act 1984 (section 1),,Arrest,,
Person search,2022-03-13T14:03:00+00:00,False,,51.747132,0.452440,Female,over 34,White - English/Welsh/Scottish/Northern Irish/British,White,Misuse of Drugs Act 1971 (section 23),,A no further action disposal,,
Person search,2022-03-13T14:03:00+00:00,False,,51.747132,0.452440,Male,18-24,Other ethnic group - Not stated,White,Misuse of Drugs Act 1971 (section 23),,Community resolution,,
Vehicle search,2022-03-13T14:03:00+00:00,False,,51.886362,0.895004,,,,,Police and Criminal Evidence Act 1984 (section 1),,A no further action disposal,,
Person search,2022-03-13T14:03:00+00:00,False,,51.747132,0.452440,Male,over 34,White - English/Welsh/Scottish/Northern Irish/British,White,Misuse of Drugs Act 1971 (section 23),,A no further action disposal,,
Person search,2022-03-13T15:03:00+00:00,False,,51.578485,0.463137,Male,,Other ethnic group - Not stated,White,Police and Criminal Evidence Act 1984 (section 1),,A no further action disposal,,
Person and Vehicle search,2022-03-13T15:03:00+00:00,False,,51.678325,0.041784,Male,25-34,White - Any other White background,White,Misuse of Drugs Act 1971 (section 23),,A no further action disposal,,
Person and Vehicle search,2022-03-13T15:03:00+00:00,False,,51.538277,0.279404,Male,18-24,Asian/Asian British - Bangladeshi,Asian,Misuse of Drugs Act 1971 (section 23),,A no further action disposal,,
Person search,2022-03-13T15:03:00+00:00,False,,51.894168,0.895390,Female,10-17,Mixed/Multiple ethnic groups - White and Black Caribbean,Black,Misuse of Drugs Act 1971 (section 23),,A no further action disposal,,
Person search,2022-03-13T16:03:00+00:00,False,,51.631596,0.414367,Male,10-17,White - English/Welsh/Scottish/Northern Irish/British,White,Misuse of Drugs Act 1971 (section 23),,A no further action disposal,,
Person and Vehicle search,2022-03-13T16:03:00+00:00,False,,51.751784,0.513170,Male,25-34,Mixed/Multiple ethnic groups - Any other Mixed/Multiple ethnic background,Asian,Misuse of Drugs Act 1971 (section 23),,A no further action disposal,,
Person search,2022-03-13T17:03:00+00:00,False,,51.785955,0.631987,Male,25-34,White - English/Welsh/Scottish/Northern Irish/British,White,Misuse of Drugs Act 1971 (section 23),,A no further action disposal,,
Person search,2022-03-13T18:03:00+00:00,False,,51.636455,0.170126,Male,over 34,Other ethnic group - Not stated,White,Police and Criminal Evidence Act 1984 (section 1),,A no further action disposal,,
Person search,2022-03-13T18:03:00+00:00,False,,51.628072,0.417763,Female,25-34,White - English/Welsh/Scottish/Northern Irish/British,White,Misuse of Drugs Act 1971 (section 23),,A no further action disposal,,
Person search,2022-03-13T19:03:00+00:00,False,,51.795195,1.148823,Female,over 34,White - English/Welsh/Scottish/Northern Irish/British,White,Misuse of Drugs Act 1971 (section 23),,A no further action disposal,,
Person search,2022-03-13T19:03:00+00:00,False,,51.631596,0.414367,Male,10-17,White - English/Welsh/Scottish/Northern Irish/British,White,Misuse of Drugs Act 1971 (section 23),,A no further action disposal,,
Person search,2022-03-13T19:03:00+00:00,False,,51.980018,0.212876,Male,,White - English/Welsh/Scottish/Northern Irish/British,White,Misuse of Drugs Act 1971 (section 23),,A no further action disposal,,
Person search,2022-03-13T19:03:00+00:00,False,,51.980018,0.212876,Male,18-24,White - English/Welsh/Scottish/Northern Irish/British,White,Misuse of Drugs Act 1971 (section 23),,Community resolution,,
Person search,2022-03-13T20:03:00+00:00,False,,51.791122,1.147088,Female,,White - English/Welsh/Scottish/Northern Irish/British,White,Misuse of Drugs Act 1971 (section 23),,A no further action disposal,,
Person search,2022-03-13T20:03:00+00:00,False,,,,Male,25-34,Other ethnic group - Not stated,Black,Misuse of Drugs Act 1971 (section 23),,A no further action disposal,,
Vehicle search,2022-03-13T22:03:00+00:00,False,,51.731259,0.472189,,,,,Misuse of Drugs Act 1971 (section 23),,A no further action disposal,,
Person search,2022-03-13T23:03:00+00:00,False,,51.640820,0.798774,Female,25-34,White - English/Welsh/Scottish/Northern Irish/British,White,Misuse of Drugs Act 1971 (section 23),,A no further action disposal,,
Person search,2022-03-13T23:03:00+00:00,False,,51.576771,0.356988,Male,18-24,White - Irish,White,Misuse of Drugs Act 1971 (section 23),,A no further action disposal,,
Person search,2022-03-13T23:03:00+00:00,False,,51.576771,0.356988,Male,18-24,White - Irish,White,Misuse of Drugs Act 1971 (section 23),,A no further action disposal,,
Person search,2022-03-13T23:03:00+00:00,False,,51.576771,0.356988,Male,18-24,White - English/Welsh/Scottish/Northern Irish/British,White,Misuse of Drugs Act 1971 (section 23),,A no further action disposal,,
Person search,2022-03-13T23:03:00+00:00,False,,51.623361,0.613244,Male,18-24,White - English/Welsh/Scottish/Northern Irish/British,White,Misuse of Drugs Act 1971 (section 23),,Community resolution,,
Person search,2022-03-13T23:03:00+00:00,False,,51.576771,0.356988,Male,18-24,Other ethnic group - Not stated,White,Misuse of Drugs Act 1971 (section 23),,A no further action disposal,,
Person search,2022-03-14T00:03:00+00:00,False,,51.881725,0.924294,Male,18-24,White - English/Welsh/Scottish/Northern Irish/British,White,Misuse of Drugs Act 1971 (section 23),,A no further action disposal,,
Person search,2022-03-14T00:03:00+00:00,False,,51.738507,0.467935,Male,over 34,White - English/Welsh/Scottish/Northern Irish/British,White,Misuse of Drugs Act 1971 (section 23),,A no further action disposal,,
Person search,2022-03-14T00:03:00+00:00,False,,51.467226,0.375239,Female,,Other ethnic group - Not stated,White,Police and Criminal Evidence Act 1984 (section 1),,A no further action disposal,,
Person search,2022-03-14T00:03:00+00:00,False,,51.881498,0.925456,Male,18-24,White - English/Welsh/Scottish/Northern Irish/British,White,Misuse of Drugs Act 1971 (section 23),,Summons / charged by post,,
Person search,2022-03-14T01:03:00+00:00,False,,51.637069,0.279586,Other,,Other ethnic group - Not stated,Other,Misuse of Drugs Act 1971 (section 23),,A no further action disposal,,
Person search,2022-03-14T01:03:00+00:00,False,,51.460346,0.369944,Female,over 34,White - English/Welsh/Scottish/Northern Irish/British,White,Firearms Act 1968 (section 47),,A no further action disposal,,
Person search,2022-03-14T01:03:00+00:00,False,,51.637069,0.279586,Male,,Black/African/Caribbean/Black British - African,Black,Misuse of Drugs Act 1971 (section 23),,A no further action disposal,,
Person search,2022-03-14T01:03:00+00:00,False,,51.637069,0.279586,Male,10-17,White - English/Welsh/Scottish/Northern Irish/British,White,Misuse of Drugs Act 1971 (section 23),,A no further action disposal,,
Person search,2022-03-14T01:03:00+00:00,False,,51.541026,0.689621,Male,18-24,White - Any other White background,Other,Misuse of Drugs Act 1971 (section 23),,A no further action disposal,,
Person search,2022-03-14T01:03:00+00:00,False,,51.637069,0.279586,Male,18-24,White - English/Welsh/Scottish/Northern Irish/British,White,Misuse of Drugs Act 1971 (section 23),,A no further action disposal,,
Vehicle search,2022-03-14T01:03:00+00:00,False,,51.541026,0.689621,,,,,Misuse of Drugs Act 1971 (section 23),,A no further action disposal,,
Person and Vehicle search,2022-03-14T02:03:00+00:00,False,,51.541952,0.682566,Male,25-34,White - English/Welsh/Scottish/Northern Irish/British,White,Police and Criminal Evidence Act 1984 (section 1),,Arrest,,
Person and Vehicle search,2022-03-14T03:03:00+00:00,False,,51.600048,0.636239,Male,over 34,White - Any other White background,White,Misuse of Drugs Act 1971 (section 23),,A no further action disposal,,
Person search,2022-03-14T03:03:00+00:00,False,,,,Male,25-34,Other ethnic group - Not stated,White,Misuse of Drugs Act 1971 (section 23),,A no further action disposal,,
Person search,2022-03-14T04:03:00+00:00,False,,51.868481,0.580250,Male,25-34,White - English/Welsh/Scottish/Northern Irish/British,White,,,A no further action disposal,,
Vehicle search,2022-03-14T05:03:00+00:00,False,,51.976621,0.586854,,,,,,,A no further action disposal,,
Person search,2022-03-14T10:03:00+00:00,False,,51.569789,0.455364,Male,over 34,White - English/Welsh/Scottish/Northern Irish/British,White,Police and Criminal Evidence Act 1984 (section 1),,Arrest,,
Person search,2022-03-14T13:03:00+00:00,False,,51.718435,0.673730,Male,25-34,White - English/Welsh/Scottish/Northern Irish/British,White,Misuse of Drugs Act 1971 (section 23),,A no further action disposal,,
Vehicle search,2022-03-14T13:03:00+00:00,False,,51.718435,0.673730,,,,,Misuse of Drugs Act 1971 (section 23),,A no further action disposal,,
Vehicle search,2022-03-14T13:03:00+00:00,False,,51.718435,0.673730,,,,,Misuse of Drugs Act 1971 (section 23),,A no further action disposal,,
Vehicle search,2022-03-14T13:03:00+00:00,False,,51.718435,0.673730,,,,,Misuse of Drugs Act 1971 (section 23),,A no further action disposal,,
Person search,2022-03-14T13:03:00+00:00,False,,51.718435,0.673730,Male,over 34,White - English/Welsh/Scottish/Northern Irish/British,White,Misuse of Drugs Act 1971 (section 23),,A no further action disposal,,
Person search,2022-03-14T14:03:00+00:00,False,,51.878451,0.551543,Male,10-17,White - Irish,White,Police and Criminal Evidence Act 1984 (section 1),,A no further action disposal,,
Person and Vehicle search,2022-03-14T14:03:00+00:00,False,,51.808078,0.640820,Male,over 34,White - English/Welsh/Scottish/Northern Irish/British,White,Misuse of Drugs Act 1971 (section 23),,A no further action disposal,,
Person search,2022-03-14T14:03:00+00:00,False,,51.543999,0.712788,Male,25-34,White - English/Welsh/Scottish/Northern Irish/British,White,Police and Criminal Evidence Act 1984 (section 1),,A no further action disposal,,
Person search,2022-03-14T14:03:00+00:00,False,,51.632667,0.298773,Male,25-34,Other ethnic group - Not stated,Other,Police and Criminal Evidence Act 1984 (section 1),,A no further action disposal,,
Person search,2022-03-14T14:03:00+00:00,False,,51.728594,0.479589,Male,18-24,White - Irish,White,Police and Criminal Evidence Act 1984 (section 1),,A no further action disposal,,
Person search,2022-03-14T14:03:00+00:00,False,,51.734916,0.495274,Male,25-34,White - English/Welsh/Scottish/Northern Irish/British,White,Misuse of Drugs Act 1971 (section 23),,A no further action disposal,,
Person search,2022-03-14T14:03:00+00:00,False,,51.731317,0.476668,Male,18-24,Other ethnic group - Not stated,White,Police and Criminal Evidence Act 1984 (section 1),,A no further action disposal,,
Person search,2022-03-14T15:03:00+00:00,False,,51.733977,0.479348,Male,10-17,Other ethnic group - Not stated,White,Misuse of Drugs Act 1971 (section 23),,Community resolution,,
Vehicle search,2022-03-14T15:03:00+00:00,False,,51.783754,1.136395,,,,,Misuse of Drugs Act 1971 (section 23),,A no further action disposal,,
Person search,2022-03-14T16:03:00+00:00,False,,51.540717,0.717425,Male,over 34,Black/African/Caribbean/Black British - Any other Black/African/Caribbean background,Black,Misuse of Drugs Act 1971 (section 23),,A no further action disposal,,
Person search,2022-03-14T16:03:00+00:00,False,,51.534795,0.700892,Male,over 34,White - Any other White background,White,Police and Criminal Evidence Act 1984 (section 1),,Community resolution,,
Person search,2022-03-14T16:03:00+00:00,False,,51.602071,0.656214,Female,18-24,White - English/Welsh/Scottish/Northern Irish/British,White,Misuse of Drugs Act 1971 (section 23),,Community resolution,,
Person search,2022-03-14T17:03:00+00:00,False,,51.579253,0.428854,Male,,Other ethnic group - Not stated,White,Police and Criminal Evidence Act 1984 (section 1),,A no further action disposal,,
Person search,2022-03-14T17:03:00+00:00,False,,51.583274,0.443114,Male,over 34,White - English/Welsh/Scottish/Northern Irish/British,White,Police and Criminal Evidence Act 1984 (section 1),,A no further action disposal,,
Person search,2022-03-14T17:03:00+00:00,False,,51.579292,0.430906,Male,10-17,Other ethnic group - Not stated,,Police and Criminal Evidence Act 1984 (section 1),,A no further action disposal,,
Person search,2022-03-14T18:03:00+00:00,False,,51.741251,0.474285,Female,18-24,White - English/Welsh/Scottish/Northern Irish/British,White,Police and Criminal Evidence Act 1984 (section 1),,A no further action disposal,,
Person and Vehicle search,2022-03-14T18:03:00+00:00,False,,51.883898,0.797665,Male,over 34,Other ethnic group - Not stated,,Misuse of Drugs Act 1971 (section 23),,A no further action disposal,,
Person search,2022-03-14T18:03:00+00:00,False,,51.878458,0.570229,Male,10-17,White - English/Welsh/Scottish/Northern Irish/British,White,Police and Criminal Evidence Act 1984 (section 1),,A no further action disposal,,
Person search,2022-03-14T18:03:00+00:00,False,,51.878458,0.570229,Male,10-17,White - English/Welsh/Scottish/Northern Irish/British,White,Police and Criminal Evidence Act 1984 (section 1),,A no further action disposal,,
Person and Vehicle search,2022-03-14T19:03:00+00:00,False,,51.602195,0.653910,Male,25-34,White - English/Welsh/Scottish/Northern Irish/British,White,Misuse of Drugs Act 1971 (section 23),,A no further action disposal,,
Vehicle search,2022-03-14T19:03:00+00:00,False,,51.603956,0.566232,,,,,Misuse of Drugs Act 1971 (section 23),,A no further action disposal,,
Person search,2022-03-14T21:03:00+00:00,False,,51.886122,0.546978,Male,over 34,White - English/Welsh/Scottish/Northern Irish/British,White,Police and Criminal Evidence Act 1984 (section 1),,A no further action disposal,,
Person search,2022-03-14T22:03:00+00:00,False,,51.570981,0.453841,Male,over 34,Other ethnic group - Not stated,White,Misuse of Drugs Act 1971 (section 23),,A no further action disposal,,
Vehicle search,2022-03-14T22:03:00+00:00,False,,51.568862,0.406394,,,,,Misuse of Drugs Act 1971 (section 23),,Community resolution,,
Person search,2022-03-14T22:03:00+00:00,False,,51.566270,0.426098,Male,25-34,Other ethnic group - Not stated,White,Misuse of Drugs Act 1971 (section 23),,Khat or Cannabis warning,,
Person search,2022-03-14T23:03:00+00:00,False,,51.510257,0.194387,Male,25-34,Other ethnic group - Not stated,Black,Police and Criminal Evidence Act 1984 (section 1),,A no further action disposal,,
Person and Vehicle search,2022-03-14T23:03:00+00:00,False,,51.510257,0.194387,Male,25-34,Other ethnic group - Not stated,Black,Police and Criminal Evidence Act 1984 (section 1),,Arrest,,
Person search,2022-03-14T23:03:00+00:00,False,,51.889684,0.555246,Male,18-24,White - English/Welsh/Scottish/Northern Irish/British,White,Police and Criminal Evidence Act 1984 (section 1),,A no further action disposal,,
Person search,2022-03-14T23:03:00+00:00,False,,51.880935,0.543154,Male,25-34,White - English/Welsh/Scottish/Northern Irish/British,White,Misuse of Drugs Act 1971 (section 23),,A no further action disposal,,
Person search,2022-03-15T00:03:00+00:00,False,,51.696074,0.101550,Female,25-34,Asian/Asian British - Any other Asian background,Asian,Misuse of Drugs Act 1971 (section 23),,A no further action disposal,,
Vehicle search,2022-03-15T00:03:00+00:00,False,,51.695968,0.107435,,,,,Misuse of Drugs Act 1971 (section 23),,A no further action disposal,,
Person search,2022-03-15T00:03:00+00:00,False,,51.695968,0.107435,Male,,Other ethnic group - Not stated,Asian,Misuse of Drugs Act 1971 (section 23),,A no further action disposal,,
Person search,2022-03-15T00:03:00+00:00,False,,51.556187,0.423167,Male,18-24,Other ethnic group - Not stated,White,Misuse of Drugs Act 1971 (section 23),,A no further action disposal,,
Person search,2022-03-15T00:03:00+00:00,False,,51.696074,0.101550,Male,,Other ethnic group - Not stated,Other,Misuse of Drugs Act 1971 (section 23),,A no further action disposal,,
Person search,2022-03-15T00:03:00+00:00,False,,51.876000,0.559642,Male,10-17,White - English/Welsh/Scottish/Northern Irish/British,White,Misuse of Drugs Act 1971 (section 23),,A no further action disposal,,
Person search,2022-03-15T00:03:00+00:00,False,,51.696074,0.101550,Male,25-34,Asian/Asian British - Any other Asian background,Asian,Misuse of Drugs Act 1971 (section 23),,Community resolution,,
Person search,2022-03-15T00:03:00+00:00,False,,51.556187,0.423167,Female,18-24,Other ethnic group - Not stated,White,Misuse of Drugs Act 1971 (section 23),,A no further action disposal,,
Person and Vehicle search,2022-03-15T00:03:00+00:00,False,,51.556187,0.423167,Female,18-24,Other ethnic group - Not stated,White,Misuse of Drugs Act 1971 (section 23),,A no further action disposal,,
Person search,2022-03-15T01:03:00+00:00,False,,51.660811,0.823664,Male,,White - English/Welsh/Scottish/Northern Irish/British,White,Misuse of Drugs Act 1971 (section 23),,A no further action disposal,,
Person search,2022-03-15T01:03:00+00:00,False,,51.660811,0.823664,Male,18-24,White - English/Welsh/Scottish/Northern Irish/British,White,Misuse of Drugs Act 1971 (section 23),,A no further action disposal,,
Person search,2022-03-15T01:03:00+00:00,False,,51.660811,0.823664,Male,10-17,White - Any other White background,White,Misuse of Drugs Act 1971 (section 23),,A no further action disposal,,
Person search,2022-03-15T01:03:00+00:00,False,,51.868714,0.581527,Male,18-24,White - English/Welsh/Scottish/Northern Irish/British,White,Misuse of Drugs Act 1971 (section 23),,Community resolution,,
Person search,2022-03-15T03:03:00+00:00,False,,51.869802,0.554786,Male,18-24,White - English/Welsh/Scottish/Northern Irish/British,,Misuse of Drugs Act 1971 (section 23),,Arrest,,
Vehicle search,2022-03-15T03:03:00+00:00,False,,51.880662,0.560735,,,,,Misuse of Drugs Act 1971 (section 23),,Community resolution,,
Person search,2022-03-15T03:03:00+00:00,False,,51.876000,0.559642,Male,18-24,White - English/Welsh/Scottish/Northern Irish/British,White,Misuse of Drugs Act 1971 (section 23),,A no further action disposal,,
Person search,2022-03-15T03:03:00+00:00,False,,51.876000,0.559642,Male,10-17,White - English/Welsh/Scottish/Northern Irish/British,White,Misuse of Drugs Act 1971 (section 23),,A no further action disposal,,
Person search,2022-03-15T03:03:00+00:00,False,,51.892395,0.552187,Male,,White - English/Welsh/Scottish/Northern Irish/British,White,Misuse of Drugs Act 1971 (section 23),,A no further action disposal,,
Person search,2022-03-15T03:03:00+00:00,False,,51.880662,0.560735,Male,over 34,White - English/Welsh/Scottish/Northern Irish/British,White,Misuse of Drugs Act 1971 (section 23),,Community resolution,,
Person search,2022-03-15T03:03:00+00:00,False,,51.868714,0.581527,Male,10-17,White - English/Welsh/Scottish/Northern Irish/British,White,Misuse of Drugs Act 1971 (section 23),,Community resolution,,
Person search,2022-03-15T03:03:00+00:00,False,,51.868714,0.581527,Male,18-24,Other ethnic group - Not stated,,Misuse of Drugs Act 1971 (section 23),,Community resolution,,
Vehicle search,2022-03-15T03:03:00+00:00,False,,51.544866,0.707964,,,,,Misuse of Drugs Act 1971 (section 23),,A no further action disposal,,
Person search,2022-03-15T03:03:00+00:00,False,,51.868714,0.581527,Male,18-24,White - English/Welsh/Scottish/Northern Irish/British,White,Misuse of Drugs Act 1971 (section 23),,Community resolution,,
Person search,2022-03-15T03:03:00+00:00,False,,51.869802,0.554786,Male,18-24,White - English/Welsh/Scottish/Northern Irish/British,White,Police and Criminal Evidence Act 1984 (section 1),,A no further action disposal,,
Person search,2022-03-15T04:03:00+00:00,False,,51.580108,0.501202,Male,25-34,Other ethnic group - Not stated,White,Misuse of Drugs Act 1971 (section 23),,A no further action disposal,,
Person search,2022-03-15T04:03:00+00:00,False,,51.544866,0.707964,Male,,White - English/Welsh/Scottish/Northern Irish/British,White,Misuse of Drugs Act 1971 (section 23),,A no further action disposal,,
Vehicle search,2022-03-15T04:03:00+00:00,False,,51.543990,0.708533,,,,,Misuse of Drugs Act 1971 (section 23),,A no further action disposal,,
Person search,2022-03-15T05:03:00+00:00,False,,51.937278,1.283255,Male,10-17,Other ethnic group - Not stated,Black,Misuse of Drugs Act 1971 (section 23),,A no further action disposal,,
Person search,2022-03-15T06:03:00+00:00,False,,51.879582,0.552914,Male,25-34,White - English/Welsh/Scottish/Northern Irish/British,White,Misuse of Drugs Act 1971 (section 23),,A no further action disposal,,
Person search,2022-03-15T06:03:00+00:00,False,,51.487496,0.282488,Male,25-34,Other ethnic group - Not stated,Black,Police and Criminal Evidence Act 1984 (section 1),,Arrest,,
Person search,2022-03-15T10:03:00+00:00,False,,51.614610,0.519090,Male,over 34,Other ethnic group - Not stated,White,Police and Criminal Evidence Act 1984 (section 1),,A no further action disposal,,
Person search,2022-03-15T12:03:00+00:00,False,,51.910173,0.899168,Male,,White - English/Welsh/Scottish/Northern Irish/British,White,,,Arrest,,
Person search,2022-03-15T12:03:00+00:00,False,,51.910173,0.899168,Male,,White - English/Welsh/Scottish/Northern Irish/British,White,,,Arrest,,
Person search,2022-03-15T12:03:00+00:00,False,,51.478851,0.322008,Male,18-24,Other ethnic group - Not stated,Black,Misuse of Drugs Act 1971 (section 23),,A no further action disposal,,
Person search,2022-03-15T12:03:00+00:00,False,,51.479447,0.331846,Male,18-24,Other ethnic group - Not stated,Black,Misuse of Drugs Act 1971 (section 23),,A no further action disposal,,
Person search,2022-03-15T12:03:00+00:00,False,,51.479447,0.331846,Male,18-24,Black/African/Caribbean/Black British - African,Black,Misuse of Drugs Act 1971 (section 23),,A no further action disposal,,
Person search,2022-03-15T12:03:00+00:00,False,,51.930070,1.233363,Female,over 34,White - English/Welsh/Scottish/Northern Irish/British,White,Misuse of Drugs Act 1971 (section 23),,Community resolution,,
Person search,2022-03-15T12:03:00+00:00,False,,51.910173,0.899168,Male,,White - English/Welsh/Scottish/Northern Irish/British,White,,,Arrest,,
Person search,2022-03-15T12:03:00+00:00,False,,51.750582,0.466783,Male,18-24,Other ethnic group - Not stated,Asian,Police and Criminal Evidence Act 1984 (section 1),,Arrest,,
Person and Vehicle search,2022-03-15T13:03:00+00:00,False,,51.804239,0.619503,Male,25-34,White - English/Welsh/Scottish/Northern Irish/British,White,Misuse of Drugs Act 1971 (section 23),,A no further action disposal,,
Person search,2022-03-15T13:03:00+00:00,False,,51.583483,0.465356,Male,over 34,White - English/Welsh/Scottish/Northern Irish/British,White,Misuse of Drugs Act 1971 (section 23),,Community resolution,,
Person and Vehicle search,2022-03-15T13:03:00+00:00,False,,51.804239,0.619503,Male,25-34,White - Any other White background,White,Misuse of Drugs Act 1971 (section 23),,A no further action disposal,,
Person and Vehicle search,2022-03-15T13:03:00+00:00,False,,51.863819,0.556118,Male,18-24,Mixed/Multiple ethnic groups - White and Asian,Asian,Misuse of Drugs Act 1971 (section 23),,Community resolution,,
Vehicle search,2022-03-15T13:03:00+00:00,True,,51.794391,0.622747,,,,,Misuse of Drugs Act 1971 (section 23),,A no further action disposal,,
Person search,2022-03-15T14:03:00+00:00,True,,51.794391,0.622747,Male,10-17,Other ethnic group - Not stated,White,Misuse of Drugs Act 1971 (section 23),,A no further action disposal,,
Person search,2022-03-15T14:03:00+00:00,False,,51.792779,0.627657,Male,18-24,White - English/Welsh/Scottish/Northern Irish/British,White,Misuse of Drugs Act 1971 (section 23),,A no further action disposal,,
Person search,2022-03-15T14:03:00+00:00,False,,51.603956,0.566232,Male,25-34,White - English/Welsh/Scottish/Northern Irish/British,White,Misuse of Drugs Act 1971 (section 23),,A no further action disposal,,
Person search,2022-03-15T14:03:00+00:00,False,,,,Male,18-24,White - English/Welsh/Scottish/Northern Irish/British,Other,Misuse of Drugs Act 1971 (section 23),,A no further action disposal,,
Person search,2022-03-15T15:03:00+00:00,False,,51.887036,0.903419,Male,10-17,White - English/Welsh/Scottish/Northern Irish/British,White,Police and Criminal Evidence Act 1984 (section 1),,A no further action disposal,,
Person search,2022-03-15T15:03:00+00:00,False,,51.886463,0.903688,Male,,White - English/Welsh/Scottish/Northern Irish/British,White,Police and Criminal Evidence Act 1984 (section 1),,Arrest,,
Person search,2022-03-15T16:03:00+00:00,False,,51.741232,0.466650,Male,10-17,Other ethnic group - Not stated,White,Misuse of Drugs Act 1971 (section 23),,A no further action disposal,,
Person search,2022-03-15T16:03:00+00:00,False,,51.579253,0.428854,Male,10-17,White - English/Welsh/Scottish/Northern Irish/British,White,Police and Criminal Evidence Act 1984 (section 1),,Arrest,,
Vehicle search,2022-03-15T16:03:00+00:00,False,,51.566738,0.424377,,,,,Misuse of Drugs Act 1971 (section 23),,Arrest,,
Person search,2022-03-15T16:03:00+00:00,False,,51.579253,0.428854,Male,18-24,White - English/Welsh/Scottish/Northern Irish/British,White,Police and Criminal Evidence Act 1984 (section 1),,Arrest,,
Person search,2022-03-15T19:03:00+00:00,False,,51.769182,0.093567,Female,10-17,White - English/Welsh/Scottish/Northern Irish/British,White,Police and Criminal Evidence Act 1984 (section 1),,A no further action disposal,,
Person search,2022-03-15T21:03:00+00:00,False,,51.556199,0.424740,Female,18-24,White - English/Welsh/Scottish/Northern Irish/British,White,Misuse of Drugs Act 1971 (section 23),,A no further action disposal,,
Person and Vehicle search,2022-03-15T21:03:00+00:00,False,,51.641054,0.608263,Male,over 34,White - English/Welsh/Scottish/Northern Irish/British,White,Misuse of Drugs Act 1971 (section 23),,A no further action disposal,,
Vehicle search,2022-03-15T21:03:00+00:00,False,,51.545933,0.446204,,,,,Misuse of Drugs Act 1971 (section 23),,Community resolution,,
Vehicle search,2022-03-15T21:03:00+00:00,False,,51.556187,0.423167,,,,,Misuse of Drugs Act 1971 (section 23),,Community resolution,,
Person search,2022-03-15T21:03:00+00:00,False,,51.556187,0.423167,Male,18-24,White - English/Welsh/Scottish/Northern Irish/British,White,Misuse of Drugs Act 1971 (section 23),,Community resolution,,
Vehicle search,2022-03-15T22:03:00+00:00,False,,51.524067,0.551039,,,,,Misuse of Drugs Act 1971 (section 23),,A no further action disposal,,
Person search,2022-03-15T22:03:00+00:00,False,,51.524067,0.551039,Male,18-24,White - English/Welsh/Scottish/Northern Irish/British,White,Misuse of Drugs Act 1971 (section 23),,A no further action disposal,,
Person search,2022-03-15T22:03:00+00:00,False,,51.524067,0.551039,Male,10-17,White - English/Welsh/Scottish/Northern Irish/British,White,Misuse of Drugs Act 1971 (section 23),,A no further action disposal,,
Person search,2022-03-15T22:03:00+00:00,False,,51.524067,0.551039,Male,,White - English/Welsh/Scottish/Northern Irish/British,White,Misuse of Drugs Act 1971 (section 23),,A no further action disposal,,
Person search,2022-03-15T22:03:00+00:00,False,,51.524067,0.551039,Male,18-24,White - English/Welsh/Scottish/Northern Irish/British,White,Misuse of Drugs Act 1971 (section 23),,A no further action disposal,,
Person search,2022-03-15T23:03:00+00:00,False,,51.556199,0.424740,Female,18-24,Other ethnic group - Not stated,White,Misuse of Drugs Act 1971 (section 23),,A no further action disposal,,
Person and Vehicle search,2022-03-16T00:03:00+00:00,False,,51.782027,1.142453,Female,over 34,White - English/Welsh/Scottish/Northern Irish/British,White,Misuse of Drugs Act 1971 (section 23),,A no further action disposal,,
Person search,2022-03-16T00:03:00+00:00,False,,51.585820,0.701088,Male,,White - English/Welsh/Scottish/Northern Irish/British,White,Police and Criminal Evidence Act 1984 (section 1),,Arrest,,
Person search,2022-03-16T03:03:00+00:00,False,,51.877938,0.243209,Male,25-34,White - Any other White background,White,Police and Criminal Evidence Act 1984 (section 1),,A no further action disposal,,
Person search,2022-03-16T11:03:00+00:00,False,,51.770021,0.094895,Female,over 34,Other ethnic group - Not stated,White,Police and Criminal Evidence Act 1984 (section 1),,A no further action disposal,,
Person search,2022-03-16T11:03:00+00:00,False,,51.732424,0.469805,Male,10-17,White - English/Welsh/Scottish/Northern Irish/British,White,Misuse of Drugs Act 1971 (section 23),,Community resolution,,
Person search,2022-03-16T12:03:00+00:00,False,,51.766695,0.095336,Male,18-24,White - English/Welsh/Scottish/Northern Irish/British,White,Police and Criminal Evidence Act 1984 (section 1),,A no further action disposal,,
Person and Vehicle search,2022-03-16T12:03:00+00:00,False,,51.929280,1.235299,Male,over 34,Other ethnic group - Not stated,White,,,A no further action disposal,,
Person search,2022-03-16T12:03:00+00:00,False,,51.766695,0.095336,Female,18-24,White - English/Welsh/Scottish/Northern Irish/British,White,Police and Criminal Evidence Act 1984 (section 1),,A no further action disposal,,
Person and Vehicle search,2022-03-16T12:03:00+00:00,False,,51.622715,0.564242,Male,25-34,White - English/Welsh/Scottish/Northern Irish/British,White,Police and Criminal Evidence Act 1984 (section 1),,A no further action disposal,,
Person and Vehicle search,2022-03-16T12:03:00+00:00,False,,51.927360,1.221675,Female,over 34,Other ethnic group - Not stated,White,,,A no further action disposal,,
Person search,2022-03-16T13:03:00+00:00,False,,51.561566,0.485409,Male,over 34,White - English/Welsh/Scottish/Northern Irish/British,White,Misuse of Drugs Act 1971 (section 23),,A no further action disposal,,
Person search,2022-03-16T14:03:00+00:00,False,,51.766278,0.476871,Male,25-34,White - English/Welsh/Scottish/Northern Irish/British,White,Misuse of Drugs Act 1971 (section 23),,A no further action disposal,,
Person search,2022-03-16T14:03:00+00:00,False,,51.790382,1.154883,Male,,White - English/Welsh/Scottish/Northern Irish/British,White,Misuse of Drugs Act 1971 (section 23),,A no further action disposal,,
Person and Vehicle search,2022-03-16T15:03:00+00:00,True,,51.809816,0.627081,Male,18-24,White - English/Welsh/Scottish/Northern Irish/British,White,Misuse of Drugs Act 1971 (section 23),,Community resolution,,
Person and Vehicle search,2022-03-16T16:03:00+00:00,False,,51.895379,0.868735,Male,25-34,White - English/Welsh/Scottish/Northern Irish/British,White,Misuse of Drugs Act 1971 (section 23),,A no further action disposal,,
Person search,2022-03-16T17:03:00+00:00,False,,51.799355,0.638410,Female,25-34,White - English/Welsh/Scottish/Northern Irish/British,White,Misuse of Drugs Act 1971 (section 23),,A no further action disposal,,
Person search,2022-03-16T18:03:00+00:00,True,,51.799355,0.638410,Male,18-24,White - English/Welsh/Scottish/Northern Irish/British,White,Misuse of Drugs Act 1971 (section 23),,A no further action disposal,,
Person search,2022-03-16T19:03:00+00:00,False,,51.939638,1.283776,Male,10-17,White - English/Welsh/Scottish/Northern Irish/British,White,Misuse of Drugs Act 1971 (section 23),,A no further action disposal,,
Person search,2022-03-16T19:03:00+00:00,False,,51.938651,1.282074,Male,10-17,White - English/Welsh/Scottish/Northern Irish/British,White,Police and Criminal Evidence Act 1984 (section 1),,A no further action disposal,,
Person search,2022-03-16T19:03:00+00:00,False,,51.939638,1.283776,Male,18-24,White - English/Welsh/Scottish/Northern Irish/British,,Misuse of Drugs Act 1971 (section 23),,A no further action disposal,,
Person search,2022-03-16T19:03:00+00:00,False,,51.939638,1.283776,Male,10-17,White - English/Welsh/Scottish/Northern Irish/British,White,Misuse of Drugs Act 1971 (section 23),,A no further action disposal,,
Vehicle search,2022-03-16T19:03:00+00:00,False,,51.941786,0.656905,,,,,Misuse of Drugs Act 1971 (section 23),,A no further action disposal,,
Vehicle search,2022-03-16T19:03:00+00:00,False,,51.941786,0.656905,,,,,Misuse of Drugs Act 1971 (section 23),,A no further action disposal,,
Vehicle search,2022-03-16T19:03:00+00:00,False,,51.942969,0.651533,,,,,Misuse of Drugs Act 1971 (section 23),,A no further action disposal,,
Vehicle search,2022-03-16T19:03:00+00:00,False,,51.942969,0.651533,,,,,Misuse of Drugs Act 1971 (section 23),,A no further action disposal,,
Person search,2022-03-16T19:03:00+00:00,False,,51.942969,0.651533,Male,18-24,White - English/Welsh/Scottish/Northern Irish/British,White,Misuse of Drugs Act 1971 (section 23),,A no further action disposal,,
Person search,2022-03-16T19:03:00+00:00,False,,51.942969,0.651533,Male,18-24,White - English/Welsh/Scottish/Northern Irish/British,White,Misuse of Drugs Act 1971 (section 23),,A no further action disposal,,
Person search,2022-03-16T19:03:00+00:00,False,,51.941786,0.656905,Male,18-24,White - English/Welsh/Scottish/Northern Irish/British,White,Misuse of Drugs Act 1971 (section 23),,A no further action disposal,,
Person search,2022-03-16T19:03:00+00:00,False,,51.942969,0.651533,Male,18-24,White - English/Welsh/Scottish/Northern Irish/British,White,Misuse of Drugs Act 1971 (section 23),,A no further action disposal,,
Person search,2022-03-16T20:03:00+00:00,False,,51.615058,0.298807,Male,10-17,Black/African/Caribbean/Black British - Any other Black/African/Caribbean background,Black,Misuse of Drugs Act 1971 (section 23),,Arrest,,
Person search,2022-03-16T21:03:00+00:00,True,,51.631155,0.067683,Male,18-24,Black/African/Caribbean/Black British - Any other Black/African/Caribbean background,Black,Misuse of Drugs Act 1971 (section 23),,Community resolution,,
Person search,2022-03-16T21:03:00+00:00,True,,51.638084,0.085239,Female,18-24,White - English/Welsh/Scottish/Northern Irish/British,White,Misuse of Drugs Act 1971 (section 23),,A no further action disposal,,
Person search,2022-03-16T21:03:00+00:00,True,,51.631155,0.067683,Male,18-24,White - English/Welsh/Scottish/Northern Irish/British,White,Misuse of Drugs Act 1971 (section 23),,A no further action disposal,,
Person search,2022-03-16T22:03:00+00:00,True,,51.528091,0.189997,Female,over 34,Other ethnic group - Not stated,White,Misuse of Drugs Act 1971 (section 23),,A no further action disposal,,
Person search,2022-03-16T23:03:00+00:00,False,,51.848373,1.267612,Male,10-17,Other ethnic group - Not stated,Black,Police and Criminal Evidence Act 1984 (section 1),,A no further action disposal,,
Person search,2022-03-16T23:03:00+00:00,False,,51.881296,1.003744,Male,over 34,Other ethnic group - Not stated,White,Misuse of Drugs Act 1971 (section 23),,Community resolution,,
Person search,2022-03-16T23:03:00+00:00,False,,51.571868,0.456169,Female,10-17,White - English/Welsh/Scottish/Northern Irish/British,White,Misuse of Drugs Act 1971 (section 23),,Community resolution,,
Person search,2022-03-16T23:03:00+00:00,False,,51.624661,0.406514,Male,,White - Any other White background,White,Misuse of Drugs Act 1971 (section 23),,Community resolution,,
Person search,2022-03-16T23:03:00+00:00,False,,51.625281,0.403498,Male,25-34,White - Any other White background,Asian,Misuse of Drugs Act 1971 (section 23),,A no further action disposal,,
Vehicle search,2022-03-17T01:03:00+00:00,True,,51.567424,0.548964,,,,,Misuse of Drugs Act 1971 (section 23),,A no further action disposal,,
Person search,2022-03-17T01:03:00+00:00,False,,51.567601,0.551167,Female,18-24,White - English/Welsh/Scottish/Northern Irish/British,White,Misuse of Drugs Act 1971 (section 23),,A no further action disposal,,
Person search,2022-03-17T02:03:00+00:00,False,,51.615058,0.298807,Male,18-24,Black/African/Caribbean/Black British - Any other Black/African/Caribbean background,Black,Misuse of Drugs Act 1971 (section 23),,Arrest,,
Person search,2022-03-17T06:03:00+00:00,False,,51.728241,0.450954,Male,over 34,Other ethnic group - Not stated,Asian,Misuse of Drugs Act 1971 (section 23),,A no further action disposal,,
Person search,2022-03-17T11:03:00+00:00,False,,51.721371,0.464714,Male,over 34,White - Any other White background,White,Police and Criminal Evidence Act 1984 (section 1),,Community resolution,,
Person search,2022-03-17T12:03:00+00:00,False,,51.887717,0.900615,Male,18-24,White - English/Welsh/Scottish/Northern Irish/British,White,Misuse of Drugs Act 1971 (section 23),,Community resolution,,
Person search,2022-03-17T12:03:00+00:00,False,,51.887717,0.900615,Male,10-17,White - Any other White background,White,Misuse of Drugs Act 1971 (section 23),,A no further action disposal,,
Person search,2022-03-17T12:03:00+00:00,True,,51.887717,0.900615,Female,10-17,White - English/Welsh/Scottish/Northern Irish/British,White,Misuse of Drugs Act 1971 (section 23),,A no further action disposal,,
Person search,2022-03-17T12:03:00+00:00,True,,51.887717,0.900615,Female,10-17,White - English/Welsh/Scottish/Northern Irish/British,White,Misuse of Drugs Act 1971 (section 23),,A no further action disposal,,
Person search,2022-03-17T12:03:00+00:00,True,,51.887717,0.900615,Male,10-17,White - English/Welsh/Scottish/Northern Irish/British,White,Misuse of Drugs Act 1971 (section 23),,Community resolution,,
Vehicle search,2022-03-17T13:03:00+00:00,False,,51.820787,0.742857,,,,,Misuse of Drugs Act 1971 (section 23),,A no further action disposal,,
Person search,2022-03-17T14:03:00+00:00,False,,51.799193,1.148985,Male,25-34,Other ethnic group - Not stated,White,Misuse of Drugs Act 1971 (section 23),,A no further action disposal,,
Person search,2022-03-17T14:03:00+00:00,False,,51.758548,0.114883,Male,,White - English/Welsh/Scottish/Northern Irish/British,White,Police and Criminal Evidence Act 1984 (section 1),,A no further action disposal,,
Person and Vehicle search,2022-03-17T16:03:00+00:00,False,,51.947289,1.287436,Female,25-34,White - English/Welsh/Scottish/Northern Irish/British,White,,,Summons / charged by post,,
Person search,2022-03-17T16:03:00+00:00,True,,51.458408,0.366115,Male,25-34,White - English/Welsh/Scottish/Northern Irish/British,White,Police and Criminal Evidence Act 1984 (section 1),,A no further action disposal,,
Person search,2022-03-17T17:03:00+00:00,False,,51.538813,0.715393,Male,18-24,White - English/Welsh/Scottish/Northern Irish/British,White,Police and Criminal Evidence Act 1984 (section 1),,A no further action disposal,,
Person search,2022-03-17T17:03:00+00:00,False,,51.728467,0.680231,Male,,Other ethnic group - Not stated,Asian,Misuse of Drugs Act 1971 (section 23),,A no further action disposal,,
Person search,2022-03-17T17:03:00+00:00,False,,51.730173,0.708197,Male,,Other ethnic group - Not stated,White,Misuse of Drugs Act 1971 (section 23),,A no further action disposal,,
Person search,2022-03-17T17:03:00+00:00,False,,51.730173,0.708197,Male,10-17,White - English/Welsh/Scottish/Northern Irish/British,White,Misuse of Drugs Act 1971 (section 23),,Community resolution,,
Person search,2022-03-17T17:03:00+00:00,False,,51.730173,0.708197,Male,,Other ethnic group - Not stated,White,Misuse of Drugs Act 1971 (section 23),,A no further action disposal,,
Person search,2022-03-17T17:03:00+00:00,False,,51.728467,0.680231,Male,,Other ethnic group - Not stated,White,Misuse of Drugs Act 1971 (section 23),,A no further action disposal,,
Person search,2022-03-17T17:03:00+00:00,False,,51.751784,0.513170,Male,over 34,Black/African/Caribbean/Black British - Caribbean,Black,Misuse of Drugs Act 1971 (section 23),,A no further action disposal,,
Person search,2022-03-17T17:03:00+00:00,False,,51.538813,0.715393,Male,10-17,White - English/Welsh/Scottish/Northern Irish/British,White,Police and Criminal Evidence Act 1984 (section 1),,A no further action disposal,,
Person search,2022-03-17T17:03:00+00:00,False,,51.730173,0.708197,Male,,Other ethnic group - Not stated,White,Misuse of Drugs Act 1971 (section 23),,A no further action disposal,,
Vehicle search,2022-03-17T18:03:00+00:00,False,,51.728913,0.686702,,,,,Misuse of Drugs Act 1971 (section 23),,A no further action disposal,,
Person search,2022-03-17T18:03:00+00:00,False,,51.728913,0.686702,Male,10-17,White - English/Welsh/Scottish/Northern Irish/British,White,Misuse of Drugs Act 1971 (section 23),,Community resolution,,
Person search,2022-03-17T18:03:00+00:00,False,,51.912439,0.917041,Male,10-17,White - English/Welsh/Scottish/Northern Irish/British,White,Firearms Act 1968 (section 47),,A no further action disposal,,
Person search,2022-03-17T18:03:00+00:00,False,,51.912439,0.917041,Male,10-17,White - English/Welsh/Scottish/Northern Irish/British,White,Firearms Act 1968 (section 47),,A no further action disposal,,
Person search,2022-03-17T18:03:00+00:00,False,,51.738098,0.464292,Male,over 34,White - English/Welsh/Scottish/Northern Irish/British,White,Misuse of Drugs Act 1971 (section 23),,A no further action disposal,,
Vehicle search,2022-03-17T18:03:00+00:00,False,,51.738098,0.464292,,,,,Misuse of Drugs Act 1971 (section 23),,A no further action disposal,,
Person search,2022-03-17T18:03:00+00:00,False,,51.738098,0.464292,Male,over 34,White - English/Welsh/Scottish/Northern Irish/British,White,Misuse of Drugs Act 1971 (section 23),,A no further action disposal,,
Person search,2022-03-17T18:03:00+00:00,False,,51.912439,0.917041,Male,10-17,White - English/Welsh/Scottish/Northern Irish/British,White,Firearms Act 1968 (section 47),,A no further action disposal,,
Person search,2022-03-17T18:03:00+00:00,False,,51.912439,0.917041,Female,10-17,White - English/Welsh/Scottish/Northern Irish/British,White,Firearms Act 1968 (section 47),,A no further action disposal,,
Person search,2022-03-17T18:03:00+00:00,False,,51.912439,0.917041,Female,10-17,White - English/Welsh/Scottish/Northern Irish/British,White,Firearms Act 1968 (section 47),,A no further action disposal,,
Person search,2022-03-17T18:03:00+00:00,False,,51.912439,0.917041,Male,10-17,White - English/Welsh/Scottish/Northern Irish/British,White,Firearms Act 1968 (section 47),,A no further action disposal,,
Person search,2022-03-17T18:03:00+00:00,False,,51.728913,0.686702,Male,18-24,Other ethnic group - Not stated,White,Misuse of Drugs Act 1971 (section 23),,A no further action disposal,,
Person search,2022-03-17T20:03:00+00:00,False,,51.832995,1.245127,Male,10-17,White - English/Welsh/Scottish/Northern Irish/British,White,Police and Criminal Evidence Act 1984 (section 1),,A no further action disposal,,
Person search,2022-03-17T20:03:00+00:00,False,,51.760975,0.102925,Female,18-24,Other ethnic group - Not stated,White,Police and Criminal Evidence Act 1984 (section 1),,A no further action disposal,,
Person search,2022-03-17T20:03:00+00:00,True,,51.745598,0.091332,Male,10-17,Other ethnic group - Not stated,White,Misuse of Drugs Act 1971 (section 23),,A no further action disposal,,
Person search,2022-03-17T20:03:00+00:00,False,,51.848342,1.270006,Male,10-17,White - English/Welsh/Scottish/Northern Irish/British,White,Police and Criminal Evidence Act 1984 (section 1),,A no further action disposal,,
Person search,2022-03-17T21:03:00+00:00,True,,51.750987,0.113313,Male,25-34,Other ethnic group - Not stated,White,Misuse of Drugs Act 1971 (section 23),,A no further action disposal,,
Person search,2022-03-17T21:03:00+00:00,True,,51.739758,0.137036,Male,10-17,Other ethnic group - Not stated,White,Police and Criminal Evidence Act 1984 (section 1),,A no further action disposal,,
Person search,2022-03-17T21:03:00+00:00,True,,51.739758,0.137036,Male,10-17,Other ethnic group - Not stated,White,Police and Criminal Evidence Act 1984 (section 1),,A no further action disposal,,
Person search,2022-03-17T21:03:00+00:00,True,,51.731042,0.672635,Male,over 34,White - English/Welsh/Scottish/Northern Irish/British,White,Misuse of Drugs Act 1971 (section 23),,Community resolution,,
Person and Vehicle search,2022-03-17T21:03:00+00:00,True,,51.731042,0.672635,Male,over 34,White - English/Welsh/Scottish/Northern Irish/British,White,Misuse of Drugs Act 1971 (section 23),,Community resolution,,
Person search,2022-03-17T21:03:00+00:00,True,,51.739758,0.137036,Male,10-17,Other ethnic group - Not stated,White,Police and Criminal Evidence Act 1984 (section 1),,A no further action disposal,,
Person search,2022-03-17T21:03:00+00:00,False,,51.794235,1.154761,Male,,Other ethnic group - Not stated,White,Police and Criminal Evidence Act 1984 (section 1),,A no further action disposal,,
Person search,2022-03-17T21:03:00+00:00,False,,51.794235,1.154761,Male,10-17,Black/African/Caribbean/Black British - Any other Black/African/Caribbean background,Black,Police and Criminal Evidence Act 1984 (section 1),,A no further action disposal,,
Person search,2022-03-17T21:03:00+00:00,False,,51.794235,1.154761,Male,10-17,Black/African/Caribbean/Black British - African,Black,Police and Criminal Evidence Act 1984 (section 1),,A no further action disposal,,
Person search,2022-03-17T22:03:00+00:00,False,,51.938776,1.283408,Male,18-24,Other ethnic group - Not stated,White,Misuse of Drugs Act 1971 (section 23),,A no further action disposal,,
Person search,2022-03-17T22:03:00+00:00,True,,51.767966,0.092670,Male,18-24,White - Any other White background,White,Police and Criminal Evidence Act 1984 (section 1),,A no further action disposal,,
Person search,2022-03-17T22:03:00+00:00,False,,51.879820,0.567982,Male,25-34,White - English/Welsh/Scottish/Northern Irish/British,White,Police and Criminal Evidence Act 1984 (section 1),,A no further action disposal,,
Person and Vehicle search,2022-03-17T22:03:00+00:00,True,,51.713045,0.163831,Male,18-24,White - English/Welsh/Scottish/Northern Irish/British,White,Misuse of Drugs Act 1971 (section 23),,Community resolution,,
Person search,2022-03-17T22:03:00+00:00,False,,51.537397,0.720616,Male,over 34,White - English/Welsh/Scottish/Northern Irish/British,White,Police and Criminal Evidence Act 1984 (section 1),,A no further action disposal,,
Person search,2022-03-17T22:03:00+00:00,False,,51.938776,1.283408,Male,18-24,Other ethnic group - Not stated,White,Misuse of Drugs Act 1971 (section 23),,A no further action disposal,,
Person search,2022-03-17T22:03:00+00:00,False,,51.938776,1.283408,Male,,Other ethnic group - Not stated,White,Misuse of Drugs Act 1971 (section 23),,A no further action disposal,,
Person search,2022-03-17T23:03:00+00:00,False,,50.358283,-4.700457,Female,over 34,White - English/Welsh/Scottish/Northern Irish/British,White,Misuse of Drugs Act 1971 (section 23),,Arrest,,
Person and Vehicle search,2022-03-17T23:03:00+00:00,False,,51.946887,1.287334,Male,25-34,White - English/Welsh/Scottish/Northern Irish/British,White,Misuse of Drugs Act 1971 (section 23),,A no further action disposal,,
Vehicle search,2022-03-17T23:03:00+00:00,False,,51.937468,1.281610,,,,,Misuse of Drugs Act 1971 (section 23),,A no further action disposal,,
Person search,2022-03-17T23:03:00+00:00,True,,51.753791,0.113907,Male,25-34,Other ethnic group - Not stated,White,Misuse of Drugs Act 1971 (section 23),,A no further action disposal,,
Person search,2022-03-17T23:03:00+00:00,False,,51.879408,0.554706,Male,over 34,White - English/Welsh/Scottish/Northern Irish/British,White,Misuse of Drugs Act 1971 (section 23),,A no further action disposal,,
Person search,2022-03-17T23:03:00+00:00,True,,51.753791,0.113907,Male,25-34,Other ethnic group - Not stated,White,Misuse of Drugs Act 1971 (section 23),,Community resolution,,
Person search,2022-03-18T00:03:00+00:00,True,,51.582266,0.704284,Male,25-34,White - English/Welsh/Scottish/Northern Irish/British,White,Police and Criminal Evidence Act 1984 (section 1),,A no further action disposal,,
Person search,2022-03-18T00:03:00+00:00,False,,51.561664,0.488444,Male,,Other ethnic group - Any other ethnic group,Other,Misuse of Drugs Act 1971 (section 23),,A no further action disposal,,
Vehicle search,2022-03-18T01:03:00+00:00,False,,51.879408,0.554706,,,,,Police and Criminal Evidence Act 1984 (section 1),,A no further action disposal,,
Person search,2022-03-18T01:03:00+00:00,False,,51.879408,0.554706,Male,18-24,White - Any other White background,,Police and Criminal Evidence Act 1984 (section 1),,A no further action disposal,,
Vehicle search,2022-03-18T01:03:00+00:00,False,,51.937168,0.625467,,,,,Police and Criminal Evidence Act 1984 (section 1),,A no further action disposal,,
Person search,2022-03-18T02:03:00+00:00,False,,51.875221,0.549137,Male,over 34,White - English/Welsh/Scottish/Northern Irish/British,White,Misuse of Drugs Act 1971 (section 23),,A no further action disposal,,
Vehicle search,2022-03-18T02:03:00+00:00,False,,51.875221,0.549137,,,,,Misuse of Drugs Act 1971 (section 23),,A no further action disposal,,
Person search,2022-03-18T02:03:00+00:00,False,,51.888708,0.901260,Male,,White - English/Welsh/Scottish/Northern Irish/British,White,Police and Criminal Evidence Act 1984 (section 1),,Arrest,,
Person search,2022-03-18T02:03:00+00:00,False,,52.020104,0.239603,Male,18-24,White - Any other White background,White,Police and Criminal Evidence Act 1984 (section 1),,A no further action disposal,,
Person search,2022-03-18T02:03:00+00:00,False,,51.889423,0.902192,Male,,White - English/Welsh/Scottish/Northern Irish/British,White,Police and Criminal Evidence Act 1984 (section 1),,A no further action disposal,,
Person search,2022-03-18T02:03:00+00:00,False,,51.875221,0.549137,Male,over 34,White - English/Welsh/Scottish/Northern Irish/British,White,Misuse of Drugs Act 1971 (section 23),,A no further action disposal,,
Vehicle search,2022-03-18T03:03:00+00:00,False,,51.879057,0.682367,,,,,Misuse of Drugs Act 1971 (section 23),,A no further action disposal,,
Person search,2022-03-18T03:03:00+00:00,False,,51.869146,0.670896,Male,18-24,Black/African/Caribbean/Black British - Any other Black/African/Caribbean background,Black,Misuse of Drugs Act 1971 (section 23),,A no further action disposal,,
Vehicle search,2022-03-18T12:03:00+00:00,True,,51.799284,0.629529,,,,,Misuse of Drugs Act 1971 (section 23),,Community resolution,,
Person search,2022-03-18T12:03:00+00:00,True,,51.801903,0.626229,Male,18-24,White - English/Welsh/Scottish/Northern Irish/British,White,Misuse of Drugs Act 1971 (section 23),,A no further action disposal,,
Person search,2022-03-18T12:03:00+00:00,True,,51.799461,0.639707,Male,,White - English/Welsh/Scottish/Northern Irish/British,White,Misuse of Drugs Act 1971 (section 23),,A no further action disposal,,
Person search,2022-03-18T12:03:00+00:00,True,,51.799284,0.629529,Male,25-34,White - English/Welsh/Scottish/Northern Irish/British,White,Misuse of Drugs Act 1971 (section 23),,Community resolution,,
Vehicle search,2022-03-18T12:03:00+00:00,True,,51.797875,0.627794,,,,,Misuse of Drugs Act 1971 (section 23),,A no further action disposal,,
Person search,2022-03-18T12:03:00+00:00,True,,51.797875,0.627794,Female,18-24,White - English/Welsh/Scottish/Northern Irish/British,White,Misuse of Drugs Act 1971 (section 23),,A no further action disposal,,
Person search,2022-03-18T13:03:00+00:00,False,,51.801767,0.637913,Male,25-34,White - English/Welsh/Scottish/Northern Irish/British,White,Misuse of Drugs Act 1971 (section 23),,A no further action disposal,,
Vehicle search,2022-03-18T13:03:00+00:00,True,,51.788633,0.632100,,,,,Misuse of Drugs Act 1971 (section 23),,A no further action disposal,,
Person and Vehicle search,2022-03-18T14:03:00+00:00,False,,51.790447,0.622967,Male,25-34,White - English/Welsh/Scottish/Northern Irish/British,White,Misuse of Drugs Act 1971 (section 23),,A no further action disposal,,
Person and Vehicle search,2022-03-18T14:03:00+00:00,False,,51.541026,0.689621,Male,18-24,White - Any other White background,White,Misuse of Drugs Act 1971 (section 23),,A no further action disposal,,
Person search,2022-03-18T14:03:00+00:00,False,,,,Female,18-24,White - English/Welsh/Scottish/Northern Irish/British,Other,Police and Criminal Evidence Act 1984 (section 1),,Community resolution,,
Person search,2022-03-18T14:03:00+00:00,True,,51.813341,0.637559,Male,10-17,White - English/Welsh/Scottish/Northern Irish/British,White,Misuse of Drugs Act 1971 (section 23),,Community resolution,,
Person search,2022-03-18T14:03:00+00:00,False,,,,Female,25-34,White - English/Welsh/Scottish/Northern Irish/British,Other,Police and Criminal Evidence Act 1984 (section 1),,Community resolution,,
Person search,2022-03-18T15:03:00+00:00,False,,51.875564,0.554881,Male,18-24,Other ethnic group - Not stated,Black,Police and Criminal Evidence Act 1984 (section 1),,Summons / charged by post,,
Person search,2022-03-18T15:03:00+00:00,True,,51.881326,0.549221,Male,18-24,White - English/Welsh/Scottish/Northern Irish/British,White,Misuse of Drugs Act 1971 (section 23),,A no further action disposal,,
Person search,2022-03-18T16:03:00+00:00,True,,51.889997,0.550351,Male,over 34,White - Gypsy or Irish Traveller,White,Police and Criminal Evidence Act 1984 (section 1),,A no further action disposal,,
Vehicle search,2022-03-18T16:03:00+00:00,True,,51.755246,0.520333,,,,,Misuse of Drugs Act 1971 (section 23),,Arrest,,
Person search,2022-03-18T16:03:00+00:00,True,,51.755246,0.520333,Female,18-24,White - English/Welsh/Scottish/Northern Irish/British,White,Misuse of Drugs Act 1971 (section 23),,A no further action disposal,,
Person search,2022-03-18T16:03:00+00:00,True,,51.889763,0.547867,Male,10-17,White - English/Welsh/Scottish/Northern Irish/British,White,Misuse of Drugs Act 1971 (section 23),,A no further action disposal,,
Vehicle search,2022-03-18T16:03:00+00:00,True,,51.889763,0.547867,,,,,Misuse of Drugs Act 1971 (section 23),,A no further action disposal,,
Vehicle search,2022-03-18T16:03:00+00:00,True,,51.889997,0.550351,,,,,Police and Criminal Evidence Act 1984 (section 1),,A no further action disposal,,
Person search,2022-03-18T17:03:00+00:00,False,,51.811416,0.639956,Male,10-17,White - English/Welsh/Scottish/Northern Irish/British,White,Misuse of Drugs Act 1971 (section 23),,A no further action disposal,,
Person search,2022-03-18T18:03:00+00:00,False,,51.887886,0.894129,Male,10-17,White - English/Welsh/Scottish/Northern Irish/British,White,Police and Criminal Evidence Act 1984 (section 1),,A no further action disposal,,
Person search,2022-03-18T18:03:00+00:00,False,,51.887886,0.894129,Male,10-17,White - English/Welsh/Scottish/Northern Irish/British,White,Police and Criminal Evidence Act 1984 (section 1),,A no further action disposal,,
Person search,2022-03-18T19:03:00+00:00,True,,51.560180,0.667652,Female,18-24,White - English/Welsh/Scottish/Northern Irish/British,White,Misuse of Drugs Act 1971 (section 23),,Community resolution,,
Person and Vehicle search,2022-03-18T19:03:00+00:00,False,,51.489840,0.281698,Female,,Other ethnic group - Not stated,Asian,Misuse of Drugs Act 1971 (section 23),,A no further action disposal,,
Person and Vehicle search,2022-03-18T19:03:00+00:00,False,,51.927360,1.221675,Male,18-24,White - English/Welsh/Scottish/Northern Irish/British,White,,,Summons / charged by post,,
Person search,2022-03-18T19:03:00+00:00,True,,51.735041,0.447889,Male,10-17,White - English/Welsh/Scottish/Northern Irish/British,White,Misuse of Drugs Act 1971 (section 23),,A no further action disposal,,
Person search,2022-03-18T20:03:00+00:00,False,,51.536234,0.714143,Male,,White - English/Welsh/Scottish/Northern Irish/British,White,Police and Criminal Evidence Act 1984 (section 1),,A no further action disposal,,
Person search,2022-03-18T20:03:00+00:00,False,,51.532569,0.717040,Male,25-34,Other ethnic group - Not stated,Black,Police and Criminal Evidence Act 1984 (section 1),,Community resolution,,
Person search,2022-03-18T20:03:00+00:00,False,,51.574084,0.423541,Male,25-34,Other ethnic group - Not stated,White,Misuse of Drugs Act 1971 (section 23),,A no further action disposal,,
Person search,2022-03-18T21:03:00+00:00,False,,51.537359,0.713316,Male,,White - English/Welsh/Scottish/Northern Irish/British,White,Police and Criminal Evidence Act 1984 (section 1),,A no further action disposal,,
Person search,2022-03-18T21:03:00+00:00,False,,51.936934,1.258434,Male,25-34,Other ethnic group - Not stated,Asian,,,A no further action disposal,,
Person search,2022-03-18T22:03:00+00:00,False,,51.805643,0.488255,Male,18-24,White - English/Welsh/Scottish/Northern Irish/British,Black,Misuse of Drugs Act 1971 (section 23),,Community resolution,,
Person search,2022-03-18T22:03:00+00:00,False,,51.488604,0.286534,Male,18-24,White - English/Welsh/Scottish/Northern Irish/British,White,Misuse of Drugs Act 1971 (section 23),,Community resolution,,
Person search,2022-03-18T22:03:00+00:00,False,,51.488604,0.286534,Male,18-24,White - English/Welsh/Scottish/Northern Irish/British,White,Misuse of Drugs Act 1971 (section 23),,A no further action disposal,,
Person search,2022-03-18T22:03:00+00:00,False,,51.488604,0.286534,Male,18-24,Other ethnic group - Not stated,,Misuse of Drugs Act 1971 (section 23),,A no further action disposal,,
Person search,2022-03-18T22:03:00+00:00,False,,51.523582,0.591192,Male,18-24,White - English/Welsh/Scottish/Northern Irish/British,White,Misuse of Drugs Act 1971 (section 23),,A no further action disposal,,
Person search,2022-03-18T22:03:00+00:00,False,,51.545297,0.709562,Female,18-24,White - English/Welsh/Scottish/Northern Irish/British,White,Police and Criminal Evidence Act 1984 (section 1),,A no further action disposal,,
Person search,2022-03-18T22:03:00+00:00,False,,51.523582,0.591192,Male,18-24,White - English/Welsh/Scottish/Northern Irish/British,White,Misuse of Drugs Act 1971 (section 23),,A no further action disposal,,
Person search,2022-03-18T23:03:00+00:00,False,,51.753140,0.087971,Male,over 34,Black/African/Caribbean/Black British - Any other Black/African/Caribbean background,Black,Misuse of Drugs Act 1971 (section 23),,Arrest,,
Person search,2022-03-18T23:03:00+00:00,False,,51.692321,0.492061,Male,,Asian/Asian British - Any other Asian background,Asian,Misuse of Drugs Act 1971 (section 23),,A no further action disposal,,
Person search,2022-03-19T00:03:00+00:00,False,,51.515368,0.593349,Female,25-34,White - English/Welsh/Scottish/Northern Irish/British,White,Misuse of Drugs Act 1971 (section 23),,A no further action disposal,,
Person search,2022-03-19T00:03:00+00:00,False,,51.515368,0.593349,Male,over 34,White - English/Welsh/Scottish/Northern Irish/British,White,Misuse of Drugs Act 1971 (section 23),,A no further action disposal,,
Person search,2022-03-19T01:03:00+00:00,False,,51.521103,0.578797,Male,over 34,White - English/Welsh/Scottish/Northern Irish/British,White,Misuse of Drugs Act 1971 (section 23),,A no further action disposal,,
Person search,2022-03-19T01:03:00+00:00,True,,51.751425,0.119433,Male,18-24,White - English/Welsh/Scottish/Northern Irish/British,White,Misuse of Drugs Act 1971 (section 23),,A no further action disposal,,
Person search,2022-03-19T01:03:00+00:00,False,,51.530094,0.580560,Male,25-34,White - English/Welsh/Scottish/Northern Irish/British,White,Misuse of Drugs Act 1971 (section 23),,A no further action disposal,,
Person search,2022-03-19T02:03:00+00:00,False,,51.731317,0.476668,Male,18-24,Other ethnic group - Not stated,White,Misuse of Drugs Act 1971 (section 23),,A no further action disposal,,
Person search,2022-03-19T02:03:00+00:00,False,,51.665161,0.136734,Male,18-24,White - English/Welsh/Scottish/Northern Irish/British,White,Misuse of Drugs Act 1971 (section 23),,Arrest,,
Person search,2022-03-19T03:03:00+00:00,False,,51.774703,1.083486,Male,,White - English/Welsh/Scottish/Northern Irish/British,White,Police and Criminal Evidence Act 1984 (section 1),,A no further action disposal,,
Person search,2022-03-19T04:03:00+00:00,False,,51.776242,1.085171,Male,18-24,Other ethnic group - Not stated,White,Police and Criminal Evidence Act 1984 (section 1),,Community resolution,,
Person search,2022-03-19T04:03:00+00:00,False,,51.875221,0.549137,Female,over 34,White - English/Welsh/Scottish/Northern Irish/British,White,Misuse of Drugs Act 1971 (section 23),,A no further action disposal,,
Person search,2022-03-19T04:03:00+00:00,False,,51.643234,0.814043,Male,10-17,White - English/Welsh/Scottish/Northern Irish/British,White,Police and Criminal Evidence Act 1984 (section 1),,A no further action disposal,,
Person search,2022-03-19T10:03:00+00:00,False,,51.785027,0.144917,Female,over 34,White - English/Welsh/Scottish/Northern Irish/British,White,Misuse of Drugs Act 1971 (section 23),,Community resolution,,
Person search,2022-03-19T10:03:00+00:00,False,,51.584991,0.512961,Male,over 34,White - English/Welsh/Scottish/Northern Irish/British,White,Police and Criminal Evidence Act 1984 (section 1),,A no further action disposal,,
Person and Vehicle search,2022-03-19T11:03:00+00:00,False,,51.544690,0.709743,Female,over 34,White - English/Welsh/Scottish/Northern Irish/British,White,Misuse of Drugs Act 1971 (section 23),,Community resolution,,
Person search,2022-03-19T11:03:00+00:00,False,,51.565066,0.505657,Male,over 34,White - English/Welsh/Scottish/Northern Irish/British,White,Police and Criminal Evidence Act 1984 (section 1),,A no further action disposal,,
Person and Vehicle search,2022-03-19T12:03:00+00:00,False,,51.717252,0.500859,Male,over 34,White - English/Welsh/Scottish/Northern Irish/British,White,Police and Criminal Evidence Act 1984 (section 1),,A no further action disposal,,
Person search,2022-03-19T13:03:00+00:00,False,,51.523286,0.295032,Male,over 34,Other ethnic group - Not stated,Black,Misuse of Drugs Act 1971 (section 23),,Community resolution,,
Person search,2022-03-19T13:03:00+00:00,False,,51.880015,0.556979,Male,over 34,White - Any other White background,White,,,A no further action disposal,,
Person search,2022-03-19T14:03:00+00:00,False,,51.894815,0.564549,Male,over 34,White - English/Welsh/Scottish/Northern Irish/British,White,,,A no further action disposal,,
Person search,2022-03-19T16:03:00+00:00,False,,51.807709,0.751015,Male,10-17,Other ethnic group - Not stated,White,Police and Criminal Evidence Act 1984 (section 1),,A no further action disposal,,
Person search,2022-03-19T16:03:00+00:00,False,,51.807709,0.751015,Male,10-17,White - English/Welsh/Scottish/Northern Irish/British,White,Police and Criminal Evidence Act 1984 (section 1),,A no further action disposal,,
Person search,2022-03-19T16:03:00+00:00,False,,51.751784,0.513170,Female,18-24,White - English/Welsh/Scottish/Northern Irish/British,White,Misuse of Drugs Act 1971 (section 23),,A no further action disposal,,
Person search,2022-03-19T16:03:00+00:00,False,,51.885827,0.903937,Male,18-24,White - English/Welsh/Scottish/Northern Irish/British,White,Misuse of Drugs Act 1971 (section 23),,A no further action disposal,,
Person search,2022-03-19T17:03:00+00:00,False,,51.801796,0.624975,Male,over 34,White - English/Welsh/Scottish/Northern Irish/British,White,Misuse of Drugs Act 1971 (section 23),,Community resolution,,
Person search,2022-03-19T17:03:00+00:00,False,,51.806708,0.630542,Male,over 34,White - Any other White background,,Misuse of Drugs Act 1971 (section 23),,A no further action disposal,,
Person search,2022-03-19T17:03:00+00:00,False,,51.886463,0.903688,Male,10-17,White - English/Welsh/Scottish/Northern Irish/British,White,Police and Criminal Evidence Act 1984 (section 1),,A no further action disposal,,
Vehicle search,2022-03-19T17:03:00+00:00,False,,51.813930,0.645356,,,,,Misuse of Drugs Act 1971 (section 23),,A no further action disposal,,
Person search,2022-03-19T17:03:00+00:00,False,,51.772536,0.122640,Female,10-17,Other ethnic group - Not stated,White,Police and Criminal Evidence Act 1984 (section 1),,A no further action disposal,,
Person search,2022-03-19T17:03:00+00:00,False,,51.886463,0.903688,Male,10-17,White - English/Welsh/Scottish/Northern Irish/British,White,Police and Criminal Evidence Act 1984 (section 1),,A no further action disposal,,
Person search,2022-03-19T17:03:00+00:00,False,,51.886463,0.903688,Male,10-17,White - English/Welsh/Scottish/Northern Irish/British,White,Police and Criminal Evidence Act 1984 (section 1),,A no further action disposal,,
Vehicle search,2022-03-19T17:03:00+00:00,False,,51.806708,0.630542,,,,,Misuse of Drugs Act 1971 (section 23),,A no further action disposal,,
Person and Vehicle search,2022-03-19T18:03:00+00:00,False,,51.751784,0.513170,Male,25-34,Black/African/Caribbean/Black British - Caribbean,Black,Misuse of Drugs Act 1971 (section 23),,Arrest,,
Person search,2022-03-19T18:03:00+00:00,False,,51.875404,0.555627,Female,18-24,White - English/Welsh/Scottish/Northern Irish/British,White,Police and Criminal Evidence Act 1984 (section 1),,A no further action disposal,,
Person search,2022-03-19T18:03:00+00:00,False,,51.772536,0.122640,Male,10-17,Other ethnic group - Not stated,White,Police and Criminal Evidence Act 1984 (section 1),,A no further action disposal,,
Person search,2022-03-19T19:03:00+00:00,False,,,,Female,10-17,White - English/Welsh/Scottish/Northern Irish/British,White,Police and Criminal Evidence Act 1984 (section 1),,A no further action disposal,,
Vehicle search,2022-03-19T19:03:00+00:00,False,,51.872361,0.545023,,,,,,,A no further action disposal,,
Vehicle search,2022-03-19T19:03:00+00:00,False,,51.801007,0.630094,,,,,Misuse of Drugs Act 1971 (section 23),,Arrest,,
Person and Vehicle search,2022-03-19T20:03:00+00:00,False,,51.631155,0.067683,Male,over 34,White - Any other White background,White,Misuse of Drugs Act 1971 (section 23),,Arrest,,
Person search,2022-03-19T20:03:00+00:00,False,,51.887378,0.899415,Female,10-17,Other ethnic group - Not stated,White,Misuse of Drugs Act 1971 (section 23),,A no further action disposal,,
Person search,2022-03-19T20:03:00+00:00,False,,51.801903,0.626229,Male,over 34,White - English/Welsh/Scottish/Northern Irish/British,White,Misuse of Drugs Act 1971 (section 23),,Arrest,,
Person search,2022-03-19T20:03:00+00:00,False,,51.765307,0.545445,Male,25-34,White - English/Welsh/Scottish/Northern Irish/British,White,Misuse of Drugs Act 1971 (section 23),,Arrest,,
Person search,2022-03-19T21:03:00+00:00,False,,51.875066,0.537999,Female,10-17,White - English/Welsh/Scottish/Northern Irish/British,White,Police and Criminal Evidence Act 1984 (section 1),,A no further action disposal,,
Person and Vehicle search,2022-03-19T21:03:00+00:00,False,,51.632667,0.298773,Male,over 34,Black/African/Caribbean/Black British - Caribbean,Black,Misuse of Drugs Act 1971 (section 23),,A no further action disposal,,
Person search,2022-03-19T21:03:00+00:00,False,,51.755246,0.520333,Male,25-34,White - English/Welsh/Scottish/Northern Irish/British,White,Misuse of Drugs Act 1971 (section 23),,A no further action disposal,,
Person search,2022-03-19T21:03:00+00:00,False,,51.875066,0.537999,Female,10-17,Other ethnic group - Not stated,White,Police and Criminal Evidence Act 1984 (section 1),,A no further action disposal,,
Person search,2022-03-19T22:03:00+00:00,False,,51.632667,0.298773,Male,,Other ethnic group - Not stated,Black,Misuse of Drugs Act 1971 (section 23),,A no further action disposal,,
Person search,2022-03-19T22:03:00+00:00,False,,51.632667,0.298773,Male,25-34,Other ethnic group - Not stated,Black,Misuse of Drugs Act 1971 (section 23),,Community resolution,,
Person search,2022-03-19T23:03:00+00:00,False,,51.569044,0.457893,Male,18-24,White - English/Welsh/Scottish/Northern Irish/British,White,Misuse of Drugs Act 1971 (section 23),,A no further action disposal,,
Person search,2022-03-19T23:03:00+00:00,False,,51.773855,0.136661,Male,18-24,White - English/Welsh/Scottish/Northern Irish/British,White,Police and Criminal Evidence Act 1984 (section 1),,Community resolution,,
Person search,2022-03-19T23:03:00+00:00,False,,51.610441,0.579352,Male,10-17,White - English/Welsh/Scottish/Northern Irish/British,White,Misuse of Drugs Act 1971 (section 23),,A no further action disposal,,
Person and Vehicle search,2022-03-19T23:03:00+00:00,False,,51.610441,0.579352,Male,18-24,Other ethnic group - Not stated,White,Misuse of Drugs Act 1971 (section 23),,A no further action disposal,,
Person search,2022-03-19T23:03:00+00:00,False,,51.610441,0.579352,Male,18-24,White - English/Welsh/Scottish/Northern Irish/British,White,Misuse of Drugs Act 1971 (section 23),,A no further action disposal,,
Person search,2022-03-20T00:03:00+00:00,False,,51.884472,0.844947,Male,18-24,White - English/Welsh/Scottish/Northern Irish/British,White,Police and Criminal Evidence Act 1984 (section 1),,A no further action disposal,,
Person search,2022-03-20T00:03:00+00:00,False,,51.630753,0.319701,Male,18-24,Other ethnic group - Not stated,White,Misuse of Drugs Act 1971 (section 23),,A no further action disposal,,
Person and Vehicle search,2022-03-20T00:03:00+00:00,True,,51.613878,0.300264,Male,25-34,Black/African/Caribbean/Black British - Any other Black/African/Caribbean background,Black,Misuse of Drugs Act 1971 (section 23),,A no further action disposal,,
Person search,2022-03-20T00:03:00+00:00,False,,51.630356,0.318857,Male,18-24,White - English/Welsh/Scottish/Northern Irish/British,White,Misuse of Drugs Act 1971 (section 23),,Community resolution,,
Person search,2022-03-20T00:03:00+00:00,False,,51.884732,0.845719,Male,18-24,White - English/Welsh/Scottish/Northern Irish/British,White,Police and Criminal Evidence Act 1984 (section 1),,A no further action disposal,,
Person search,2022-03-20T00:03:00+00:00,False,,51.884732,0.845719,Female,18-24,White - English/Welsh/Scottish/Northern Irish/British,White,Police and Criminal Evidence Act 1984 (section 1),,A no further action disposal,,
Person search,2022-03-20T01:03:00+00:00,False,,51.620247,0.303360,Male,18-24,Other ethnic group - Not stated,White,Police and Criminal Evidence Act 1984 (section 1),,A no further action disposal,,
Person search,2022-03-20T01:03:00+00:00,False,,51.538674,0.714390,Male,18-24,White - English/Welsh/Scottish/Northern Irish/British,White,Misuse of Drugs Act 1971 (section 23),,A no further action disposal,,
Person search,2022-03-20T01:03:00+00:00,False,,51.538674,0.714390,Male,,White - English/Welsh/Scottish/Northern Irish/British,White,Misuse of Drugs Act 1971 (section 23),,A no further action disposal,,
Person search,2022-03-20T01:03:00+00:00,False,,51.620236,0.301164,Male,18-24,White - English/Welsh/Scottish/Northern Irish/British,Black,Police and Criminal Evidence Act 1984 (section 1),,Community resolution,,
Person search,2022-03-20T01:03:00+00:00,False,,51.620247,0.303360,Male,18-24,Other ethnic group - Not stated,White,Police and Criminal Evidence Act 1984 (section 1),,A no further action disposal,,
Vehicle search,2022-03-20T01:03:00+00:00,False,,51.620297,0.302207,,,,,Police and Criminal Evidence Act 1984 (section 1),,Community resolution,,
Person search,2022-03-20T01:03:00+00:00,False,,51.538674,0.714390,Male,18-24,White - English/Welsh/Scottish/Northern Irish/British,White,Misuse of Drugs Act 1971 (section 23),,A no further action disposal,,
Person search,2022-03-20T01:03:00+00:00,False,,51.893338,0.211129,Female,over 34,White - English/Welsh/Scottish/Northern Irish/British,White,Police and Criminal Evidence Act 1984 (section 1),,A no further action disposal,,
Person search,2022-03-20T01:03:00+00:00,False,,51.882731,0.844067,Female,18-24,Other ethnic group - Not stated,White,Police and Criminal Evidence Act 1984 (section 1),,A no further action disposal,,
Person search,2022-03-20T01:03:00+00:00,False,,51.658798,0.084484,Male,18-24,Other ethnic group - Not stated,White,Misuse of Drugs Act 1971 (section 23),,Community resolution,,
Person and Vehicle search,2022-03-20T01:03:00+00:00,False,,51.561678,0.494981,Male,10-17,White - English/Welsh/Scottish/Northern Irish/British,White,Misuse of Drugs Act 1971 (section 23),,Community resolution,,
Person search,2022-03-20T01:03:00+00:00,False,,51.561678,0.494981,Female,18-24,White - English/Welsh/Scottish/Northern Irish/British,White,Misuse of Drugs Act 1971 (section 23),,Community resolution,,
Person search,2022-03-20T01:03:00+00:00,False,,51.561678,0.494981,Female,10-17,White - English/Welsh/Scottish/Northern Irish/British,White,Misuse of Drugs Act 1971 (section 23),,Community resolution,,
Person and Vehicle search,2022-03-20T01:03:00+00:00,False,,51.546732,0.446680,Female,10-17,Asian/Asian British - Any other Asian background,Asian,Misuse of Drugs Act 1971 (section 23),,Community resolution,,
Person and Vehicle search,2022-03-20T01:03:00+00:00,False,,51.546732,0.446680,Male,18-24,Black/African/Caribbean/Black British - Any other Black/African/Caribbean background,Black,Misuse of Drugs Act 1971 (section 23),,A no further action disposal,,
Person search,2022-03-20T01:03:00+00:00,False,,51.646047,0.491416,Male,18-24,White - Any other White background,White,Misuse of Drugs Act 1971 (section 23),,Arrest,,
Person and Vehicle search,2022-03-20T01:03:00+00:00,False,,51.646047,0.491416,Male,18-24,White - English/Welsh/Scottish/Northern Irish/British,White,Misuse of Drugs Act 1971 (section 23),,Arrest,,
Person search,2022-03-20T02:03:00+00:00,False,,51.568490,0.455569,Male,18-24,White - English/Welsh/Scottish/Northern Irish/British,White,Misuse of Drugs Act 1971 (section 23),,A no further action disposal,,
Person search,2022-03-20T02:03:00+00:00,False,,51.534768,0.785829,Male,25-34,White - English/Welsh/Scottish/Northern Irish/British,White,Police and Criminal Evidence Act 1984 (section 1),,A no further action disposal,,
Person search,2022-03-20T02:03:00+00:00,False,,51.894619,0.883238,Male,over 34,White - Any other White background,White,Police and Criminal Evidence Act 1984 (section 1),,A no further action disposal,,
Person search,2022-03-20T03:03:00+00:00,False,,51.731120,0.467243,Male,25-34,White - English/Welsh/Scottish/Northern Irish/British,White,Police and Criminal Evidence Act 1984 (section 1),,A no further action disposal,,
Person search,2022-03-20T03:03:00+00:00,False,,,,Male,18-24,White - Any other White background,White,Misuse of Drugs Act 1971 (section 23),,Community resolution,,
Person search,2022-03-20T09:03:00+00:00,False,,51.541900,0.709086,Male,10-17,Black/African/Caribbean/Black British - Any other Black/African/Caribbean background,Other,Police and Criminal Evidence Act 1984 (section 1),,A no further action disposal,,
Person search,2022-03-20T10:03:00+00:00,False,,,,Other,,Other ethnic group - Not stated,,Misuse of Drugs Act 1971 (section 23),,A no further action disposal,,
Person search,2022-03-20T10:03:00+00:00,False,,,,Male,over 34,White - English/Welsh/Scottish/Northern Irish/British,White,Misuse of Drugs Act 1971 (section 23),,A no further action disposal,,
Person search,2022-03-20T14:03:00+00:00,False,,51.889423,0.902192,Male,,White - English/Welsh/Scottish/Northern Irish/British,White,Police and Criminal Evidence Act 1984 (section 1),,A no further action disposal,,
Person search,2022-03-20T15:03:00+00:00,False,,51.729969,0.680262,Male,,White - English/Welsh/Scottish/Northern Irish/British,White,Misuse of Drugs Act 1971 (section 23),,A no further action disposal,,
Person search,2022-03-20T15:03:00+00:00,False,,51.729969,0.680262,Male,,Other ethnic group - Not stated,White,Misuse of Drugs Act 1971 (section 23),,A no further action disposal,,
Person search,2022-03-20T17:03:00+00:00,True,,51.596992,0.508194,Male,10-17,White - English/Welsh/Scottish/Northern Irish/British,White,Misuse of Drugs Act 1971 (section 23),,Community resolution,,
Person search,2022-03-20T19:03:00+00:00,False,,51.869694,0.577443,Male,18-24,Other ethnic group - Not stated,White,Police and Criminal Evidence Act 1984 (section 1),,A no further action disposal,,
Person and Vehicle search,2022-03-20T19:03:00+00:00,False,,51.630356,0.318857,Male,18-24,White - English/Welsh/Scottish/Northern Irish/British,White,Misuse of Drugs Act 1971 (section 23),,A no further action disposal,,
Person search,2022-03-20T19:03:00+00:00,False,,51.612635,0.520989,Male,10-17,White - English/Welsh/Scottish/Northern Irish/British,White,Misuse of Drugs Act 1971 (section 23),,A no further action disposal,,
Vehicle search,2022-03-20T19:03:00+00:00,False,,51.887105,0.902450,,,,,Misuse of Drugs Act 1971 (section 23),,Community resolution,,
Vehicle search,2022-03-20T19:03:00+00:00,False,,51.887105,0.902450,,,,,Misuse of Drugs Act 1971 (section 23),,Community resolution,,
Person search,2022-03-20T19:03:00+00:00,False,,51.887105,0.902450,Female,18-24,White - English/Welsh/Scottish/Northern Irish/British,White,Misuse of Drugs Act 1971 (section 23),,Community resolution,,
Person search,2022-03-20T19:03:00+00:00,False,,51.733811,0.469722,Male,18-24,White - English/Welsh/Scottish/Northern Irish/British,White,Misuse of Drugs Act 1971 (section 23),,A no further action disposal,,
Person search,2022-03-20T21:03:00+00:00,False,,51.690679,0.453916,Male,25-34,White - English/Welsh/Scottish/Northern Irish/British,White,Misuse of Drugs Act 1971 (section 23),,Community resolution,,
Person search,2022-03-20T21:03:00+00:00,False,,51.692655,0.468189,Male,25-34,Asian/Asian British - Bangladeshi,Asian,Misuse of Drugs Act 1971 (section 23),,A no further action disposal,,
Person search,2022-03-20T21:03:00+00:00,False,,51.632757,0.354081,Male,18-24,White - English/Welsh/Scottish/Northern Irish/British,White,Misuse of Drugs Act 1971 (section 23),,Community resolution,,
Person search,2022-03-20T21:03:00+00:00,False,,51.869694,0.577443,Male,18-24,White - English/Welsh/Scottish/Northern Irish/British,White,Police and Criminal Evidence Act 1984 (section 1),,A no further action disposal,,
Person search,2022-03-20T22:03:00+00:00,False,,51.744611,0.456432,Male,18-24,White - English/Welsh/Scottish/Northern Irish/British,White,Police and Criminal Evidence Act 1984 (section 1),,A no further action disposal,,
Person search,2022-03-20T22:03:00+00:00,False,,51.692625,0.446829,Male,25-34,Asian/Asian British - Bangladeshi,Asian,Misuse of Drugs Act 1971 (section 23),,A no further action disposal,,
Person search,2022-03-20T22:03:00+00:00,False,,51.744611,0.456432,Male,over 34,White - English/Welsh/Scottish/Northern Irish/British,White,Police and Criminal Evidence Act 1984 (section 1),,A no further action disposal,,
Person search,2022-03-20T23:03:00+00:00,False,,51.740802,0.439408,Female,25-34,White - English/Welsh/Scottish/Northern Irish/British,White,Misuse of Drugs Act 1971 (section 23),,A no further action disposal,,
Person search,2022-03-20T23:03:00+00:00,False,,51.612635,0.520989,Male,,White - English/Welsh/Scottish/Northern Irish/British,White,Misuse of Drugs Act 1971 (section 23),,A no further action disposal,,
Person and Vehicle search,2022-03-20T23:03:00+00:00,False,,51.740802,0.439408,Male,over 34,White - English/Welsh/Scottish/Northern Irish/British,White,Misuse of Drugs Act 1971 (section 23),,A no further action disposal,,
Vehicle search,2022-03-20T23:03:00+00:00,False,,51.561337,0.703128,,,,,Police and Criminal Evidence Act 1984 (section 1),,A no further action disposal,,
Person and Vehicle search,2022-03-21T00:03:00+00:00,False,,51.690602,0.429038,Male,18-24,White - English/Welsh/Scottish/Northern Irish/British,White,Psychoactive Substances Act 2016 (s36(2)),,A no further action disposal,,
Person search,2022-03-21T00:03:00+00:00,False,,51.693723,0.422057,Male,18-24,White - English/Welsh/Scottish/Northern Irish/British,White,Misuse of Drugs Act 1971 (section 23),,A no further action disposal,,
Person search,2022-03-21T01:03:00+00:00,False,,51.717916,0.459647,Male,18-24,White - English/Welsh/Scottish/Northern Irish/British,White,Police and Criminal Evidence Act 1984 (section 1),,Community resolution,,
Person search,2022-03-21T01:03:00+00:00,False,,51.718145,0.460282,Male,18-24,White - English/Welsh/Scottish/Northern Irish/British,White,Police and Criminal Evidence Act 1984 (section 1),,A no further action disposal,,
Person search,2022-03-21T02:03:00+00:00,False,,51.732822,0.471420,Female,18-24,White - English/Welsh/Scottish/Northern Irish/British,White,Misuse of Drugs Act 1971 (section 23),,A no further action disposal,,
Person search,2022-03-21T02:03:00+00:00,False,,51.732822,0.471420,Male,10-17,Other ethnic group - Not stated,,Misuse of Drugs Act 1971 (section 23),,A no further action disposal,,
Person search,2022-03-21T02:03:00+00:00,False,,51.732822,0.471420,Male,10-17,White - English/Welsh/Scottish/Northern Irish/British,White,Misuse of Drugs Act 1971 (section 23),,Arrest,,
Person search,2022-03-21T02:03:00+00:00,False,,51.732822,0.471420,Male,10-17,Mixed/Multiple ethnic groups - Any other Mixed/Multiple ethnic background,Black,Misuse of Drugs Act 1971 (section 23),,A no further action disposal,,
Person search,2022-03-21T02:03:00+00:00,False,,51.732822,0.471420,Male,10-17,White - English/Welsh/Scottish/Northern Irish/British,White,Misuse of Drugs Act 1971 (section 23),,A no further action disposal,,
Person search,2022-03-21T02:03:00+00:00,False,,51.732822,0.471420,Male,10-17,Mixed/Multiple ethnic groups - Any other Mixed/Multiple ethnic background,White,Misuse of Drugs Act 1971 (section 23),,A no further action disposal,,
Person search,2022-03-21T02:03:00+00:00,False,,51.732822,0.471420,Male,18-24,Mixed/Multiple ethnic groups - Any other Mixed/Multiple ethnic background,Black,Misuse of Drugs Act 1971 (section 23),,A no further action disposal,,
Person search,2022-03-21T02:03:00+00:00,False,,51.732822,0.471420,Male,18-24,Black/African/Caribbean/Black British - Caribbean,Black,Misuse of Drugs Act 1971 (section 23),,Arrest,,
Person and Vehicle search,2022-03-21T03:03:00+00:00,False,,51.519635,0.567412,Male,18-24,White - English/Welsh/Scottish/Northern Irish/British,White,Misuse of Drugs Act 1971 (section 23),,Community resolution,,
Vehicle search,2022-03-21T04:03:00+00:00,False,,51.573994,0.477384,,,,,Misuse of Drugs Act 1971 (section 23),,A no further action disposal,,
Vehicle search,2022-03-21T04:03:00+00:00,False,,51.573994,0.477384,,,,,Misuse of Drugs Act 1971 (section 23),,A no further action disposal,,
Vehicle search,2022-03-21T05:03:00+00:00,False,,51.571362,0.459707,,,,,Misuse of Drugs Act 1971 (section 23),,A no further action disposal,,
Vehicle search,2022-03-21T05:03:00+00:00,False,,51.571362,0.459707,,,,,Misuse of Drugs Act 1971 (section 23),,A no further action disposal,,
Person search,2022-03-21T10:03:00+00:00,False,,51.889457,0.262937,Male,25-34,White - Any other White background,White,Misuse of Drugs Act 1971 (section 23),,Community resolution,,
Person search,2022-03-21T10:03:00+00:00,False,,51.485181,0.324764,Male,10-17,Other ethnic group - Not stated,White,Police and Criminal Evidence Act 1984 (section 1),,A no further action disposal,,
Person search,2022-03-21T10:03:00+00:00,False,,51.485181,0.324764,Male,10-17,Other ethnic group - Not stated,White,Police and Criminal Evidence Act 1984 (section 1),,A no further action disposal,,
Person search,2022-03-21T11:03:00+00:00,False,,51.946087,1.286649,Male,25-34,White - English/Welsh/Scottish/Northern Irish/British,White,Misuse of Drugs Act 1971 (section 23),,A no further action disposal,,
Person search,2022-03-21T11:03:00+00:00,False,,51.495127,0.319334,Female,25-34,White - English/Welsh/Scottish/Northern Irish/British,White,Misuse of Drugs Act 1971 (section 23),,A no further action disposal,,
Person and Vehicle search,2022-03-21T11:03:00+00:00,False,,51.946087,1.286649,Male,25-34,White - English/Welsh/Scottish/Northern Irish/British,White,Misuse of Drugs Act 1971 (section 23),,A no further action disposal,,
Vehicle search,2022-03-21T11:03:00+00:00,False,,51.495127,0.319334,,,,,Misuse of Drugs Act 1971 (section 23),,Arrest,,
Person and Vehicle search,2022-03-21T11:03:00+00:00,False,,51.946303,1.285035,Male,25-34,White - English/Welsh/Scottish/Northern Irish/British,White,Misuse of Drugs Act 1971 (section 23),,A no further action disposal,,
Person search,2022-03-21T11:03:00+00:00,False,,51.495127,0.319334,Female,25-34,White - English/Welsh/Scottish/Northern Irish/British,White,Misuse of Drugs Act 1971 (section 23),,A no further action disposal,,
Person search,2022-03-21T11:03:00+00:00,False,,51.495127,0.319334,Female,25-34,White - English/Welsh/Scottish/Northern Irish/British,White,Misuse of Drugs Act 1971 (section 23),,A no further action disposal,,
Person search,2022-03-21T11:03:00+00:00,False,,51.485181,0.324764,Male,10-17,White - English/Welsh/Scottish/Northern Irish/British,White,Police and Criminal Evidence Act 1984 (section 1),,A no further action disposal,,
Person search,2022-03-21T11:03:00+00:00,False,,51.495127,0.319334,Female,25-34,White - English/Welsh/Scottish/Northern Irish/British,White,Misuse of Drugs Act 1971 (section 23),,A no further action disposal,,
Person search,2022-03-21T12:03:00+00:00,False,,51.940260,1.285976,Male,18-24,White - English/Welsh/Scottish/Northern Irish/British,White,Police and Criminal Evidence Act 1984 (section 1),,A no further action disposal,,
Person search,2022-03-21T12:03:00+00:00,False,,51.941031,1.285741,Male,,White - English/Welsh/Scottish/Northern Irish/British,White,Misuse of Drugs Act 1971 (section 23),,Summons / charged by post,,
Person search,2022-03-21T12:03:00+00:00,False,,51.940260,1.285976,Male,18-24,White - English/Welsh/Scottish/Northern Irish/British,White,Police and Criminal Evidence Act 1984 (section 1),,A no further action disposal,,
Person search,2022-03-21T14:03:00+00:00,False,,51.877421,0.574078,Male,18-24,White - English/Welsh/Scottish/Northern Irish/British,White,Misuse of Drugs Act 1971 (section 23),,A no further action disposal,,
Person search,2022-03-21T14:03:00+00:00,False,,51.627944,0.542573,Male,18-24,White - English/Welsh/Scottish/Northern Irish/British,White,Police and Criminal Evidence Act 1984 (section 1),,Arrest,,
Person search,2022-03-21T14:03:00+00:00,False,,51.873464,0.562520,Male,,White - English/Welsh/Scottish/Northern Irish/British,White,Misuse of Drugs Act 1971 (section 23),,A no further action disposal,,
Person search,2022-03-21T14:03:00+00:00,False,,51.873464,0.562520,Male,,White - English/Welsh/Scottish/Northern Irish/British,White,Misuse of Drugs Act 1971 (section 23),,A no further action disposal,,
Person search,2022-03-21T14:03:00+00:00,False,,51.877421,0.574078,Male,10-17,Other ethnic group - Not stated,,Misuse of Drugs Act 1971 (section 23),,A no further action disposal,,
Person search,2022-03-21T14:03:00+00:00,False,,51.568148,0.683458,Male,over 34,Other ethnic group - Not stated,White,Police and Criminal Evidence Act 1984 (section 1),,Arrest,,
Vehicle search,2022-03-21T14:03:00+00:00,False,,51.876036,0.567054,,,,,Police and Criminal Evidence Act 1984 (section 1),,A no further action disposal,,
Person search,2022-03-21T14:03:00+00:00,False,,51.876036,0.567054,Male,over 34,White - English/Welsh/Scottish/Northern Irish/British,White,Police and Criminal Evidence Act 1984 (section 1),,A no further action disposal,,
Vehicle search,2022-03-21T14:03:00+00:00,False,,51.865451,0.525546,,,,,Misuse of Drugs Act 1971 (section 23),,Community resolution,,
Person search,2022-03-21T14:03:00+00:00,False,,51.865451,0.525546,Male,25-34,White - English/Welsh/Scottish/Northern Irish/British,White,Misuse of Drugs Act 1971 (section 23),,Community resolution,,
Person search,2022-03-21T15:03:00+00:00,False,,51.876978,0.548175,Male,18-24,White - English/Welsh/Scottish/Northern Irish/British,White,Misuse of Drugs Act 1971 (section 23),,A no further action disposal,,
Person search,2022-03-21T15:03:00+00:00,False,,51.875368,0.562265,Male,,White - English/Welsh/Scottish/Northern Irish/British,White,Misuse of Drugs Act 1971 (section 23),,A no further action disposal,,
Person search,2022-03-21T15:03:00+00:00,False,,51.875368,0.562265,Male,,White - English/Welsh/Scottish/Northern Irish/British,White,Misuse of Drugs Act 1971 (section 23),,A no further action disposal,,
Person search,2022-03-21T15:03:00+00:00,False,,51.875368,0.562265,Male,,White - English/Welsh/Scottish/Northern Irish/British,White,Misuse of Drugs Act 1971 (section 23),,A no further action disposal,,
Person search,2022-03-21T15:03:00+00:00,False,,51.868495,0.556586,Male,,White - English/Welsh/Scottish/Northern Irish/British,White,Misuse of Drugs Act 1971 (section 23),,A no further action disposal,,
Person search,2022-03-21T15:03:00+00:00,False,,51.877908,0.553357,Male,25-34,White - English/Welsh/Scottish/Northern Irish/British,White,Misuse of Drugs Act 1971 (section 23),,A no further action disposal,,
Person search,2022-03-21T15:03:00+00:00,False,,51.807088,0.636874,Male,over 34,White - English/Welsh/Scottish/Northern Irish/British,White,Misuse of Drugs Act 1971 (section 23),,A no further action disposal,,
Person search,2022-03-21T15:03:00+00:00,False,,51.807088,0.636874,Male,18-24,White - English/Welsh/Scottish/Northern Irish/British,White,Misuse of Drugs Act 1971 (section 23),,A no further action disposal,,
Person search,2022-03-21T15:03:00+00:00,False,,51.770766,0.094481,Male,25-34,White - English/Welsh/Scottish/Northern Irish/British,White,Misuse of Drugs Act 1971 (section 23),,A no further action disposal,,
Person search,2022-03-21T16:03:00+00:00,False,,51.771138,0.092759,Male,25-34,White - English/Welsh/Scottish/Northern Irish/British,White,Police and Criminal Evidence Act 1984 (section 1),,Arrest,,
Person search,2022-03-21T17:03:00+00:00,False,,51.889081,0.897825,Male,10-17,White - English/Welsh/Scottish/Northern Irish/British,White,Police and Criminal Evidence Act 1984 (section 1),,A no further action disposal,,
Person search,2022-03-21T17:03:00+00:00,True,,51.885796,0.913179,Male,25-34,Other ethnic group - Not stated,White,Misuse of Drugs Act 1971 (section 23),,Community resolution,,
Person search,2022-03-21T17:03:00+00:00,False,,51.889691,0.895335,Male,10-17,White - English/Welsh/Scottish/Northern Irish/British,White,Police and Criminal Evidence Act 1984 (section 1),,A no further action disposal,,
Person search,2022-03-21T17:03:00+00:00,False,,51.741776,0.690145,Male,18-24,Other ethnic group - Not stated,White,Misuse of Drugs Act 1971 (section 23),,Community resolution,,
Person search,2022-03-21T19:03:00+00:00,True,,51.786764,1.150947,Female,over 34,White - English/Welsh/Scottish/Northern Irish/British,White,Misuse of Drugs Act 1971 (section 23),,A no further action disposal,,
Person search,2022-03-21T19:03:00+00:00,False,,51.730985,0.680641,Male,18-24,White - English/Welsh/Scottish/Northern Irish/British,White,Misuse of Drugs Act 1971 (section 23),,A no further action disposal,,
Person search,2022-03-21T19:03:00+00:00,False,,51.600602,0.047465,Male,over 34,White - Any other White background,White,Misuse of Drugs Act 1971 (section 23),,A no further action disposal,,
Person search,2022-03-21T19:03:00+00:00,False,,51.730985,0.680641,Male,18-24,White - English/Welsh/Scottish/Northern Irish/British,White,Misuse of Drugs Act 1971 (section 23),,A no further action disposal,,
Vehicle search,2022-03-21T19:03:00+00:00,False,,51.730985,0.680641,,,,,Misuse of Drugs Act 1971 (section 23),,A no further action disposal,,
Person search,2022-03-21T19:03:00+00:00,False,,51.730948,0.682681,Female,,White - English/Welsh/Scottish/Northern Irish/British,White,Misuse of Drugs Act 1971 (section 23),,A no further action disposal,,
Person search,2022-03-21T19:03:00+00:00,False,,51.730948,0.682681,Female,,White - English/Welsh/Scottish/Northern Irish/British,White,Misuse of Drugs Act 1971 (section 23),,A no further action disposal,,
Vehicle search,2022-03-21T19:03:00+00:00,False,,51.730822,0.679516,,,,,Misuse of Drugs Act 1971 (section 23),,A no further action disposal,,
Person search,2022-03-21T19:03:00+00:00,False,,51.565583,0.502915,Male,25-34,White - English/Welsh/Scottish/Northern Irish/British,White,Police and Criminal Evidence Act 1984 (section 1),,A no further action disposal,,
Person search,2022-03-21T19:03:00+00:00,False,,51.565583,0.502915,Male,25-34,White - English/Welsh/Scottish/Northern Irish/British,White,Police and Criminal Evidence Act 1984 (section 1),,A no further action disposal,,
Person search,2022-03-21T19:03:00+00:00,False,,52.022355,0.241829,Male,10-17,Other ethnic group - Not stated,White,Misuse of Drugs Act 1971 (section 23),,A no further action disposal,,
Vehicle search,2022-03-21T19:03:00+00:00,True,,51.786764,1.150947,,,,,Misuse of Drugs Act 1971 (section 23),,A no further action disposal,,
Person and Vehicle search,2022-03-21T21:03:00+00:00,False,,51.529270,0.571804,Male,25-34,White - English/Welsh/Scottish/Northern Irish/British,White,Misuse of Drugs Act 1971 (section 23),,Arrest,,
Vehicle search,2022-03-21T21:03:00+00:00,False,,,,,,,,Police and Criminal Evidence Act 1984 (section 1),,A no further action disposal,,
Person search,2022-03-21T22:03:00+00:00,False,,51.656282,0.076258,Female,over 34,Other ethnic group - Not stated,Other,Police and Criminal Evidence Act 1984 (section 1),,Arrest,,
Person search,2022-03-21T22:03:00+00:00,False,,51.527100,0.787192,Male,25-34,White - English/Welsh/Scottish/Northern Irish/British,White,Misuse of Drugs Act 1971 (section 23),,Community resolution,,
Person search,2022-03-21T22:03:00+00:00,False,,51.527379,0.781888,Male,25-34,White - English/Welsh/Scottish/Northern Irish/British,White,Misuse of Drugs Act 1971 (section 23),,Community resolution,,
Person search,2022-03-21T23:03:00+00:00,False,,51.770291,0.096908,Male,18-24,White - English/Welsh/Scottish/Northern Irish/British,White,Police and Criminal Evidence Act 1984 (section 1),,A no further action disposal,,
Person search,2022-03-21T23:03:00+00:00,False,,51.769898,0.096267,Male,18-24,White - English/Welsh/Scottish/Northern Irish/British,White,Police and Criminal Evidence Act 1984 (section 1),,A no further action disposal,,
Person search,2022-03-21T23:03:00+00:00,False,,51.770291,0.096908,Male,18-24,White - English/Welsh/Scottish/Northern Irish/British,White,Police and Criminal Evidence Act 1984 (section 1),,A no further action disposal,,
Vehicle search,2022-03-22T00:03:00+00:00,False,,51.626451,0.062629,,,,,Misuse of Drugs Act 1971 (section 23),,Community resolution,,
Person search,2022-03-22T00:03:00+00:00,False,,51.567950,0.423576,Male,18-24,White - Any other White background,White,Police and Criminal Evidence Act 1984 (section 1),,A no further action disposal,,
Person search,2022-03-22T00:03:00+00:00,False,,51.626451,0.062629,Male,18-24,Other ethnic group - Not stated,Other,Misuse of Drugs Act 1971 (section 23),,Community resolution,,
Person search,2022-03-22T00:03:00+00:00,False,,51.750987,0.113313,Male,10-17,White - English/Welsh/Scottish/Northern Irish/British,White,Police and Criminal Evidence Act 1984 (section 1),,A no further action disposal,,
Person search,2022-03-22T00:03:00+00:00,False,,51.626451,0.062629,Male,18-24,Other ethnic group - Not stated,Black,Misuse of Drugs Act 1971 (section 23),,A no further action disposal,,
Person search,2022-03-22T01:03:00+00:00,False,,,,Male,25-34,Other ethnic group - Not stated,Black,Misuse of Drugs Act 1971 (section 23),,A no further action disposal,,
Person search,2022-03-22T02:03:00+00:00,False,,51.571868,0.456169,Male,,White - English/Welsh/Scottish/Northern Irish/British,White,Police and Criminal Evidence Act 1984 (section 1),,Arrest,,
Person search,2022-03-22T02:03:00+00:00,True,,51.639446,0.330319,Male,10-17,White - Any other White background,White,Police and Criminal Evidence Act 1984 (section 1),,Arrest,,
Person search,2022-03-22T02:03:00+00:00,False,,51.640580,0.325290,Male,over 34,White - English/Welsh/Scottish/Northern Irish/British,White,Police and Criminal Evidence Act 1984 (section 1),,A no further action disposal,,
Person search,2022-03-22T07:03:00+00:00,False,,51.875368,0.562265,Male,over 34,White - English/Welsh/Scottish/Northern Irish/British,White,Misuse of Drugs Act 1971 (section 23),,A no further action disposal,,
Person search,2022-03-22T07:03:00+00:00,False,,51.875368,0.562265,Male,18-24,White - English/Welsh/Scottish/Northern Irish/British,White,Misuse of Drugs Act 1971 (section 23),,A no further action disposal,,
Person search,2022-03-22T10:03:00+00:00,False,,51.799555,0.639510,Male,25-34,White - English/Welsh/Scottish/Northern Irish/British,White,Misuse of Drugs Act 1971 (section 23),,Community resolution,,
Person search,2022-03-22T11:03:00+00:00,False,,51.548401,0.703284,Male,over 34,White - Irish,White,Police and Criminal Evidence Act 1984 (section 1),,A no further action disposal,,
Person search,2022-03-22T11:03:00+00:00,False,,51.548401,0.703284,Male,25-34,White - Irish,White,Police and Criminal Evidence Act 1984 (section 1),,A no further action disposal,,
Person search,2022-03-22T12:03:00+00:00,False,,51.889336,0.555967,Male,10-17,White - English/Welsh/Scottish/Northern Irish/British,White,Misuse of Drugs Act 1971 (section 23),,A no further action disposal,,
Person search,2022-03-22T12:03:00+00:00,False,,51.802610,0.638049,Male,10-17,White - English/Welsh/Scottish/Northern Irish/British,White,Misuse of Drugs Act 1971 (section 23),,A no further action disposal,,
Person search,2022-03-22T12:03:00+00:00,False,,51.889336,0.555967,Male,18-24,White - English/Welsh/Scottish/Northern Irish/British,White,Misuse of Drugs Act 1971 (section 23),,A no further action disposal,,
Vehicle search,2022-03-22T12:03:00+00:00,False,,51.888530,0.555805,,,,,Misuse of Drugs Act 1971 (section 23),,A no further action disposal,,
Vehicle search,2022-03-22T13:03:00+00:00,False,,51.912810,1.148542,,,,,Misuse of Drugs Act 1971 (section 23),,A no further action disposal,,
Person search,2022-03-22T13:03:00+00:00,False,,51.931289,1.254082,Male,10-17,Mixed/Multiple ethnic groups - Any other Mixed/Multiple ethnic background,Other,Misuse of Drugs Act 1971 (section 23),,A no further action disposal,,
Person search,2022-03-22T13:03:00+00:00,False,,51.910446,1.144116,Male,18-24,Mixed/Multiple ethnic groups - Any other Mixed/Multiple ethnic background,Black,Misuse of Drugs Act 1971 (section 23),,A no further action disposal,,
Person and Vehicle search,2022-03-22T13:03:00+00:00,False,,51.912810,1.148542,Male,25-34,Asian/Asian British - Any other Asian background,Asian,Misuse of Drugs Act 1971 (section 23),,A no further action disposal,,
Person search,2022-03-22T13:03:00+00:00,False,,51.889938,0.261741,Male,18-24,White - English/Welsh/Scottish/Northern Irish/British,White,Misuse of Drugs Act 1971 (section 23),,A no further action disposal,,
Person search,2022-03-22T14:03:00+00:00,False,,51.488722,0.336223,Male,over 34,Asian/Asian British - Any other Asian background,Asian,Police and Criminal Evidence Act 1984 (section 1),,Arrest,,
Vehicle search,2022-03-22T14:03:00+00:00,True,,51.572956,0.420710,,,,,Misuse of Drugs Act 1971 (section 23),,Arrest,,
Person search,2022-03-22T14:03:00+00:00,False,,51.547700,0.702103,Male,,White - English/Welsh/Scottish/Northern Irish/British,White,Misuse of Drugs Act 1971 (section 23),,Arrest,,
Person search,2022-03-22T14:03:00+00:00,False,,51.773264,1.113848,Female,over 34,White - English/Welsh/Scottish/Northern Irish/British,White,Misuse of Drugs Act 1971 (section 23),,A no further action disposal,,
Person search,2022-03-22T14:03:00+00:00,False,,51.574162,0.466439,Male,over 34,White - English/Welsh/Scottish/Northern Irish/British,White,Police and Criminal Evidence Act 1984 (section 1),,A no further action disposal,,
Person and Vehicle search,2022-03-22T14:03:00+00:00,False,,51.773346,1.111780,Female,over 34,White - English/Welsh/Scottish/Northern Irish/British,White,Misuse of Drugs Act 1971 (section 23),,A no further action disposal,,
Person search,2022-03-22T15:03:00+00:00,True,,51.843780,1.249636,Male,18-24,White - English/Welsh/Scottish/Northern Irish/British,White,Misuse of Drugs Act 1971 (section 23),,A no further action disposal,,
Person search,2022-03-22T15:03:00+00:00,False,,51.767643,0.094133,Male,10-17,White - English/Welsh/Scottish/Northern Irish/British,White,Police and Criminal Evidence Act 1984 (section 1),,A no further action disposal,,
Person search,2022-03-22T15:03:00+00:00,False,,51.492674,0.325130,Male,over 34,Asian/Asian British - Bangladeshi,Asian,Police and Criminal Evidence Act 1984 (section 1),,Arrest,,
Person search,2022-03-22T15:03:00+00:00,True,,51.843780,1.249636,Male,10-17,White - English/Welsh/Scottish/Northern Irish/British,White,Misuse of Drugs Act 1971 (section 23),,A no further action disposal,,
Person search,2022-03-22T15:03:00+00:00,True,,51.843780,1.249636,Male,10-17,White - English/Welsh/Scottish/Northern Irish/British,White,Misuse of Drugs Act 1971 (section 23),,A no further action disposal,,
Person search,2022-03-22T15:03:00+00:00,True,,51.843780,1.249636,Male,10-17,White - English/Welsh/Scottish/Northern Irish/British,White,Misuse of Drugs Act 1971 (section 23),,A no further action disposal,,
Person search,2022-03-22T15:03:00+00:00,False,,51.488722,0.336223,Male,18-24,Asian/Asian British - Pakistani,Asian,Police and Criminal Evidence Act 1984 (section 1),,Arrest,,
Person search,2022-03-22T17:03:00+00:00,False,,51.888368,0.847097,Male,18-24,White - English/Welsh/Scottish/Northern Irish/British,White,Misuse of Drugs Act 1971 (section 23),,A no further action disposal,,
Person search,2022-03-22T17:03:00+00:00,False,,51.889012,0.842037,Female,18-24,White - English/Welsh/Scottish/Northern Irish/British,White,Misuse of Drugs Act 1971 (section 23),,A no further action disposal,,
Person search,2022-03-22T17:03:00+00:00,False,,51.565699,0.483066,Male,18-24,Other ethnic group - Not stated,Black,Misuse of Drugs Act 1971 (section 23),,A no further action disposal,,
Person search,2022-03-22T18:03:00+00:00,False,,51.565249,0.482637,Male,18-24,Other ethnic group - Not stated,Black,Misuse of Drugs Act 1971 (section 23),,A no further action disposal,,
Person search,2022-03-22T18:03:00+00:00,False,,51.565249,0.482637,Male,18-24,Black/African/Caribbean/Black British - African,Black,Misuse of Drugs Act 1971 (section 23),,A no further action disposal,,
Person search,2022-03-22T18:03:00+00:00,False,,51.887805,0.901420,Male,10-17,White - English/Welsh/Scottish/Northern Irish/British,White,Police and Criminal Evidence Act 1984 (section 1),,A no further action disposal,,
Person search,2022-03-22T18:03:00+00:00,False,,51.887805,0.901420,Male,10-17,White - English/Welsh/Scottish/Northern Irish/British,White,Police and Criminal Evidence Act 1984 (section 1),,A no further action disposal,,
Person search,2022-03-22T18:03:00+00:00,False,,51.887378,0.899415,Male,10-17,White - English/Welsh/Scottish/Northern Irish/British,White,Police and Criminal Evidence Act 1984 (section 1),,A no further action disposal,,
Person search,2022-03-22T18:03:00+00:00,False,,51.887378,0.899415,Male,10-17,White - English/Welsh/Scottish/Northern Irish/British,White,Police and Criminal Evidence Act 1984 (section 1),,A no further action disposal,,
Person search,2022-03-22T18:03:00+00:00,False,,51.528879,0.589560,Male,25-34,White - English/Welsh/Scottish/Northern Irish/British,White,Police and Criminal Evidence Act 1984 (section 1),,A no further action disposal,,
Person search,2022-03-22T21:03:00+00:00,False,,51.576097,0.509598,Male,over 34,White - English/Welsh/Scottish/Northern Irish/British,White,Misuse of Drugs Act 1971 (section 23),,A no further action disposal,,
Vehicle search,2022-03-22T21:03:00+00:00,False,,51.865925,0.536119,,,,,Misuse of Drugs Act 1971 (section 23),,A no further action disposal,,
Vehicle search,2022-03-22T21:03:00+00:00,False,,51.576097,0.509598,,,,,Misuse of Drugs Act 1971 (section 23),,A no further action disposal,,
Person search,2022-03-22T21:03:00+00:00,False,,51.865925,0.536119,Male,18-24,White - English/Welsh/Scottish/Northern Irish/British,White,Misuse of Drugs Act 1971 (section 23),,A no further action disposal,,
Person search,2022-03-22T21:03:00+00:00,False,,51.865925,0.536119,Male,10-17,White - English/Welsh/Scottish/Northern Irish/British,White,Misuse of Drugs Act 1971 (section 23),,A no further action disposal,,
Person search,2022-03-22T21:03:00+00:00,False,,51.576097,0.509598,Male,over 34,White - English/Welsh/Scottish/Northern Irish/British,White,Misuse of Drugs Act 1971 (section 23),,A no further action disposal,,
Person and Vehicle search,2022-03-22T23:03:00+00:00,False,,51.585496,0.500271,Male,18-24,Other ethnic group - Not stated,White,Police and Criminal Evidence Act 1984 (section 1),,A no further action disposal,,
Person search,2022-03-22T23:03:00+00:00,False,,51.876931,0.932614,Male,18-24,White - English/Welsh/Scottish/Northern Irish/British,White,Police and Criminal Evidence Act 1984 (section 1),,A no further action disposal,,
Person search,2022-03-22T23:03:00+00:00,False,,51.585496,0.500271,Male,,Other ethnic group - Not stated,White,Police and Criminal Evidence Act 1984 (section 1),,A no further action disposal,,
Person search,2022-03-22T23:03:00+00:00,False,,51.585496,0.500271,Male,,Other ethnic group - Not stated,White,Police and Criminal Evidence Act 1984 (section 1),,A no further action disposal,,
Person search,2022-03-22T23:03:00+00:00,False,,51.565066,0.505657,Female,18-24,White - English/Welsh/Scottish/Northern Irish/British,White,Misuse of Drugs Act 1971 (section 23),,A no further action disposal,,
Person search,2022-03-22T23:03:00+00:00,False,,51.583688,0.496490,Female,,White - Gypsy or Irish Traveller,White,Police and Criminal Evidence Act 1984 (section 1),,A no further action disposal,,
Person search,2022-03-23T00:03:00+00:00,False,,51.871280,0.581820,Male,over 34,Black/African/Caribbean/Black British - African,Black,,,A no further action disposal,,
Person search,2022-03-23T00:03:00+00:00,False,,51.610223,0.505154,Male,18-24,White - English/Welsh/Scottish/Northern Irish/British,White,Misuse of Drugs Act 1971 (section 23),,A no further action disposal,,
Person search,2022-03-23T00:03:00+00:00,False,,51.603568,0.517309,Male,10-17,Other ethnic group - Not stated,White,Misuse of Drugs Act 1971 (section 23),,Caution (simple or conditional),,
Person and Vehicle search,2022-03-23T01:03:00+00:00,False,,51.552005,0.465038,Male,18-24,White - English/Welsh/Scottish/Northern Irish/British,White,Misuse of Drugs Act 1971 (section 23),,Arrest,,
Person and Vehicle search,2022-03-23T01:03:00+00:00,False,,51.552005,0.465038,Male,10-17,White - English/Welsh/Scottish/Northern Irish/British,White,Misuse of Drugs Act 1971 (section 23),,Arrest,,
Person search,2022-03-23T01:03:00+00:00,False,,51.603568,0.517309,Male,,White - English/Welsh/Scottish/Northern Irish/British,White,Misuse of Drugs Act 1971 (section 23),,A no further action disposal,,
Person and Vehicle search,2022-03-23T01:03:00+00:00,False,,51.552005,0.465038,Female,25-34,White - English/Welsh/Scottish/Northern Irish/British,White,Misuse of Drugs Act 1971 (section 23),,Arrest,,
Person and Vehicle search,2022-03-23T01:03:00+00:00,False,,51.552005,0.465038,Male,18-24,White - English/Welsh/Scottish/Northern Irish/British,White,Misuse of Drugs Act 1971 (section 23),,Arrest,,
Person search,2022-03-23T02:03:00+00:00,False,,51.730663,0.454300,Male,25-34,White - English/Welsh/Scottish/Northern Irish/British,White,Police and Criminal Evidence Act 1984 (section 1),,A no further action disposal,,
Person search,2022-03-23T02:03:00+00:00,False,,51.533386,0.720578,Male,25-34,White - English/Welsh/Scottish/Northern Irish/British,White,Police and Criminal Evidence Act 1984 (section 1),,A no further action disposal,,
Person search,2022-03-23T02:03:00+00:00,False,,51.531461,0.727558,Male,over 34,White - English/Welsh/Scottish/Northern Irish/British,White,Police and Criminal Evidence Act 1984 (section 1),,A no further action disposal,,
Person and Vehicle search,2022-03-23T03:03:00+00:00,False,,51.564041,0.506467,Male,18-24,Other ethnic group - Not stated,Asian,Misuse of Drugs Act 1971 (section 23),,A no further action disposal,,
Person search,2022-03-23T03:03:00+00:00,False,,51.581481,0.490336,Male,25-34,White - English/Welsh/Scottish/Northern Irish/British,White,Misuse of Drugs Act 1971 (section 23),,A no further action disposal,,
Person and Vehicle search,2022-03-23T03:03:00+00:00,False,,51.566305,0.504052,Male,18-24,White - English/Welsh/Scottish/Northern Irish/British,White,Misuse of Drugs Act 1971 (section 23),,A no further action disposal,,
Vehicle search,2022-03-23T03:03:00+00:00,False,,51.583315,0.489079,,,,,Police and Criminal Evidence Act 1984 (section 1),,A no further action disposal,,
Person search,2022-03-23T03:03:00+00:00,False,,51.582530,0.491735,Male,25-34,Black/African/Caribbean/Black British - Any other Black/African/Caribbean background,Black,Misuse of Drugs Act 1971 (section 23),,A no further action disposal,,
Person and Vehicle search,2022-03-23T03:03:00+00:00,False,,51.582530,0.491735,Male,25-34,White - English/Welsh/Scottish/Northern Irish/British,White,Misuse of Drugs Act 1971 (section 23),,A no further action disposal,,
Person search,2022-03-23T03:03:00+00:00,False,,51.582530,0.491735,Male,18-24,White - English/Welsh/Scottish/Northern Irish/British,White,Misuse of Drugs Act 1971 (section 23),,A no further action disposal,,
Person and Vehicle search,2022-03-23T03:03:00+00:00,False,,51.565066,0.505657,Female,25-34,Asian/Asian British - Indian,Black,Misuse of Drugs Act 1971 (section 23),,A no further action disposal,,
Person search,2022-03-23T04:03:00+00:00,False,,51.565066,0.505657,Female,18-24,White - English/Welsh/Scottish/Northern Irish/British,White,Misuse of Drugs Act 1971 (section 23),,A no further action disposal,,
Person search,2022-03-23T06:03:00+00:00,False,,51.888213,0.262613,Male,25-34,Other ethnic group - Not stated,Asian,Misuse of Drugs Act 1971 (section 23),,A no further action disposal,,
Person search,2022-03-23T07:03:00+00:00,False,,51.724290,0.671353,Male,10-17,White - English/Welsh/Scottish/Northern Irish/British,White,Police and Criminal Evidence Act 1984 (section 1),,A no further action disposal,,
Person search,2022-03-23T08:03:00+00:00,False,,51.889457,0.262937,Male,25-34,Asian/Asian British - Pakistani,Asian,Police and Criminal Evidence Act 1984 (section 1),,A no further action disposal,,
Person search,2022-03-23T11:03:00+00:00,False,,51.553187,0.687569,Male,over 34,White - English/Welsh/Scottish/Northern Irish/British,White,,,A no further action disposal,,
Person search,2022-03-23T12:03:00+00:00,False,,51.792583,1.151280,Male,25-34,White - English/Welsh/Scottish/Northern Irish/British,White,Misuse of Drugs Act 1971 (section 23),,Arrest,,
Person search,2022-03-23T12:03:00+00:00,False,,51.547700,0.702103,Male,25-34,Asian/Asian British - Any other Asian background,Asian,Misuse of Drugs Act 1971 (section 23),,A no further action disposal,,
Person search,2022-03-23T13:03:00+00:00,False,,,,Male,18-24,Black/African/Caribbean/Black British - Any other Black/African/Caribbean background,Black,Misuse of Drugs Act 1971 (section 23),,A no further action disposal,,
Person and Vehicle search,2022-03-23T13:03:00+00:00,False,,51.779299,0.088454,Male,18-24,White - English/Welsh/Scottish/Northern Irish/British,White,Misuse of Drugs Act 1971 (section 23),,A no further action disposal,,
Person search,2022-03-23T14:03:00+00:00,False,,51.568249,0.490060,Male,,White - English/Welsh/Scottish/Northern Irish/British,White,Misuse of Drugs Act 1971 (section 23),,A no further action disposal,,
Person search,2022-03-23T14:03:00+00:00,False,,,,Male,18-24,White - English/Welsh/Scottish/Northern Irish/British,White,Misuse of Drugs Act 1971 (section 23),,A no further action disposal,,
Person search,2022-03-23T14:03:00+00:00,False,,51.773883,0.098220,Male,25-34,White - English/Welsh/Scottish/Northern Irish/British,White,Misuse of Drugs Act 1971 (section 23),,A no further action disposal,,
Person search,2022-03-23T15:03:00+00:00,False,,51.747283,0.497360,Male,18-24,White - English/Welsh/Scottish/Northern Irish/British,White,Misuse of Drugs Act 1971 (section 23),,Community resolution,,
Person and Vehicle search,2022-03-23T15:03:00+00:00,False,,51.747283,0.497360,Female,10-17,Other ethnic group - Not stated,White,Police and Criminal Evidence Act 1984 (section 1),,Community resolution,,
Person search,2022-03-23T16:03:00+00:00,True,,51.735902,0.469474,Male,25-34,White - English/Welsh/Scottish/Northern Irish/British,White,Misuse of Drugs Act 1971 (section 23),,Community resolution,,
Vehicle search,2022-03-23T17:03:00+00:00,False,,51.654995,0.355985,,,,,Misuse of Drugs Act 1971 (section 23),,A no further action disposal,,
Person search,2022-03-23T17:03:00+00:00,False,,51.654995,0.355985,Male,18-24,Other ethnic group - Not stated,White,Misuse of Drugs Act 1971 (section 23),,Community resolution,,
Person search,2022-03-23T17:03:00+00:00,False,,51.654995,0.355985,Female,18-24,Other ethnic group - Not stated,White,Misuse of Drugs Act 1971 (section 23),,A no further action disposal,,
Person search,2022-03-23T17:03:00+00:00,False,,51.878900,0.828379,Male,10-17,White - English/Welsh/Scottish/Northern Irish/British,White,Misuse of Drugs Act 1971 (section 23),,A no further action disposal,,
Person search,2022-03-23T17:03:00+00:00,True,,51.736307,0.481011,Female,,Other ethnic group - Not stated,White,Misuse of Drugs Act 1971 (section 23),,A no further action disposal,,
Person search,2022-03-23T17:03:00+00:00,True,,51.736307,0.481011,Male,,Other ethnic group - Not stated,White,Misuse of Drugs Act 1971 (section 23),,A no further action disposal,,
Vehicle search,2022-03-23T19:03:00+00:00,True,,51.573175,0.422742,,,,,Misuse of Drugs Act 1971 (section 23),,Community resolution,,
Person search,2022-03-23T21:03:00+00:00,False,,51.736383,0.465864,Male,over 34,White - English/Welsh/Scottish/Northern Irish/British,White,Misuse of Drugs Act 1971 (section 23),,Community resolution,,
Person and Vehicle search,2022-03-23T22:03:00+00:00,False,,51.747494,0.091419,Male,18-24,Black/African/Caribbean/Black British - Any other Black/African/Caribbean background,Black,Misuse of Drugs Act 1971 (section 23),,Arrest,,
Person and Vehicle search,2022-03-23T22:03:00+00:00,False,,51.747494,0.091419,Male,18-24,Black/African/Caribbean/Black British - African,Black,Misuse of Drugs Act 1971 (section 23),,Arrest,,
Person search,2022-03-23T22:03:00+00:00,False,,51.584934,0.439839,Male,18-24,White - English/Welsh/Scottish/Northern Irish/British,Asian,Police and Criminal Evidence Act 1984 (section 1),,A no further action disposal,,
Person and Vehicle search,2022-03-23T22:03:00+00:00,False,,51.489966,0.340551,Male,10-17,White - English/Welsh/Scottish/Northern Irish/British,White,Misuse of Drugs Act 1971 (section 23),,A no further action disposal,,
Person and Vehicle search,2022-03-23T22:03:00+00:00,False,,51.479168,0.322355,Male,18-24,White - English/Welsh/Scottish/Northern Irish/British,White,Misuse of Drugs Act 1971 (section 23),,A no further action disposal,,
Person search,2022-03-23T22:03:00+00:00,False,,51.489966,0.340551,Male,18-24,White - English/Welsh/Scottish/Northern Irish/British,White,Misuse of Drugs Act 1971 (section 23),,A no further action disposal,,
Person and Vehicle search,2022-03-23T22:03:00+00:00,False,,51.479168,0.322355,Male,18-24,White - English/Welsh/Scottish/Northern Irish/British,White,Misuse of Drugs Act 1971 (section 23),,A no further action disposal,,
Person search,2022-03-23T23:03:00+00:00,True,,51.572956,0.420710,Male,18-24,White - English/Welsh/Scottish/Northern Irish/British,White,Misuse of Drugs Act 1971 (section 23),,Arrest,,
Person search,2022-03-23T23:03:00+00:00,True,,51.572956,0.420710,Male,over 34,White - English/Welsh/Scottish/Northern Irish/British,White,Misuse of Drugs Act 1971 (section 23),,Arrest,,
Person search,2022-03-24T00:03:00+00:00,False,,51.472460,0.328178,Male,over 34,White - Any other White background,White,Police and Criminal Evidence Act 1984 (section 1),,A no further action disposal,,
Person search,2022-03-24T00:03:00+00:00,False,,51.773598,0.100077,Female,over 34,White - English/Welsh/Scottish/Northern Irish/British,White,Misuse of Drugs Act 1971 (section 23),,A no further action disposal,,
Person search,2022-03-24T01:03:00+00:00,False,,51.535385,0.703753,Male,25-34,White - Any other White background,White,Misuse of Drugs Act 1971 (section 23),,A no further action disposal,,
Person search,2022-03-24T01:03:00+00:00,False,,51.773346,1.111780,Male,over 34,Other ethnic group - Not stated,White,Police and Criminal Evidence Act 1984 (section 1),,Arrest,,
Person search,2022-03-24T01:03:00+00:00,False,,51.801974,0.623463,Female,,White - English/Welsh/Scottish/Northern Irish/British,White,Misuse of Drugs Act 1971 (section 23),,A no further action disposal,,
Person search,2022-03-24T01:03:00+00:00,False,,51.535385,0.703753,Male,over 34,White - Any other White background,White,Misuse of Drugs Act 1971 (section 23),,A no further action disposal,,
Person search,2022-03-24T01:03:00+00:00,False,,51.611041,0.516076,Male,,White - English/Welsh/Scottish/Northern Irish/British,White,Police and Criminal Evidence Act 1984 (section 1),,A no further action disposal,,
Person search,2022-03-24T02:03:00+00:00,False,,51.732563,0.469610,Male,,Other ethnic group - Not stated,Asian,Police and Criminal Evidence Act 1984 (section 1),,A no further action disposal,,
Person search,2022-03-24T02:03:00+00:00,False,,51.649568,0.070487,Male,over 34,White - English/Welsh/Scottish/Northern Irish/British,White,Police and Criminal Evidence Act 1984 (section 1),,Community resolution,,
Person search,2022-03-24T03:03:00+00:00,False,,51.541802,0.716797,Male,25-34,White - English/Welsh/Scottish/Northern Irish/British,White,Police and Criminal Evidence Act 1984 (section 1),,A no further action disposal,,
Person search,2022-03-24T04:03:00+00:00,False,,51.801886,0.620556,Male,10-17,White - English/Welsh/Scottish/Northern Irish/British,White,Misuse of Drugs Act 1971 (section 23),,Arrest,,
Vehicle search,2022-03-24T08:03:00+00:00,False,,51.727853,0.681527,,,,,Misuse of Drugs Act 1971 (section 23),,A no further action disposal,,
Person search,2022-03-24T09:03:00+00:00,False,,,,Male,over 34,Other ethnic group - Not stated,Other,Police and Criminal Evidence Act 1984 (section 1),,A no further action disposal,,
Person search,2022-03-24T09:03:00+00:00,False,,51.565011,0.561498,Male,over 34,Other ethnic group - Any other ethnic group,White,Police and Criminal Evidence Act 1984 (section 1),,A no further action disposal,,
Person search,2022-03-24T10:03:00+00:00,False,,51.877285,0.551419,Male,25-34,White - English/Welsh/Scottish/Northern Irish/British,White,Misuse of Drugs Act 1971 (section 23),,Community resolution,,
Person search,2022-03-24T10:03:00+00:00,False,,51.616581,0.424649,Male,18-24,White - English/Welsh/Scottish/Northern Irish/British,White,Police and Criminal Evidence Act 1984 (section 1),,A no further action disposal,,
Vehicle search,2022-03-24T10:03:00+00:00,False,,51.877285,0.551419,,,,,Misuse of Drugs Act 1971 (section 23),,Community resolution,,
Person search,2022-03-24T10:03:00+00:00,False,,51.771427,0.077480,Male,18-24,Black/African/Caribbean/Black British - African,Black,Misuse of Drugs Act 1971 (section 23),,A no further action disposal,,
Person search,2022-03-24T11:03:00+00:00,False,,51.886725,0.567663,Male,18-24,White - English/Welsh/Scottish/Northern Irish/British,White,Misuse of Drugs Act 1971 (section 23),,A no further action disposal,,
Person search,2022-03-24T11:03:00+00:00,False,,51.638311,0.428020,Male,over 34,White - English/Welsh/Scottish/Northern Irish/British,White,Police and Criminal Evidence Act 1984 (section 1),,Arrest,,
Person search,2022-03-24T11:03:00+00:00,False,,51.886725,0.567663,Male,10-17,White - English/Welsh/Scottish/Northern Irish/British,White,Misuse of Drugs Act 1971 (section 23),,A no further action disposal,,
Vehicle search,2022-03-24T12:03:00+00:00,False,,52.004806,0.211680,,,,,Misuse of Drugs Act 1971 (section 23),,Summons / charged by post,,
Vehicle search,2022-03-24T12:03:00+00:00,False,,51.992168,0.212849,,,,,Misuse of Drugs Act 1971 (section 23),,A no further action disposal,,
Person search,2022-03-24T12:03:00+00:00,False,,51.992168,0.212849,Male,over 34,White - English/Welsh/Scottish/Northern Irish/British,White,Misuse of Drugs Act 1971 (section 23),,A no further action disposal,,
Person search,2022-03-24T12:03:00+00:00,False,,52.004806,0.211680,Male,over 34,White - English/Welsh/Scottish/Northern Irish/British,White,Misuse of Drugs Act 1971 (section 23),,Summons / charged by post,,
Person search,2022-03-24T12:03:00+00:00,False,,51.770176,0.095787,Female,over 34,White - English/Welsh/Scottish/Northern Irish/British,White,Police and Criminal Evidence Act 1984 (section 1),,Caution (simple or conditional),,
Person and Vehicle search,2022-03-24T12:03:00+00:00,False,,51.812757,1.143590,Male,over 34,White - English/Welsh/Scottish/Northern Irish/British,White,Misuse of Drugs Act 1971 (section 23),,A no further action disposal,,
Person search,2022-03-24T12:03:00+00:00,False,,51.812757,1.143590,Male,over 34,White - English/Welsh/Scottish/Northern Irish/British,White,Misuse of Drugs Act 1971 (section 23),,A no further action disposal,,
Person search,2022-03-24T12:03:00+00:00,False,,51.812757,1.143590,Female,18-24,White - English/Welsh/Scottish/Northern Irish/British,White,Misuse of Drugs Act 1971 (section 23),,A no further action disposal,,
Person search,2022-03-24T13:03:00+00:00,False,,51.938205,1.281605,Male,,White - English/Welsh/Scottish/Northern Irish/British,White,Misuse of Drugs Act 1971 (section 23),,A no further action disposal,,
Person search,2022-03-24T14:03:00+00:00,False,,51.629043,0.383048,Male,over 34,White - English/Welsh/Scottish/Northern Irish/British,White,Misuse of Drugs Act 1971 (section 23),,A no further action disposal,,
Person search,2022-03-24T15:03:00+00:00,False,,51.938651,1.282074,Male,10-17,White - English/Welsh/Scottish/Northern Irish/British,White,Misuse of Drugs Act 1971 (section 23),,A no further action disposal,,
Person search,2022-03-24T15:03:00+00:00,False,,51.938651,1.282074,Male,10-17,White - English/Welsh/Scottish/Northern Irish/British,White,Misuse of Drugs Act 1971 (section 23),,A no further action disposal,,
Person search,2022-03-24T15:03:00+00:00,False,,51.869559,0.541902,Male,18-24,Asian/Asian British - Pakistani,Asian,Misuse of Drugs Act 1971 (section 23),,Arrest,,
Person search,2022-03-24T15:03:00+00:00,False,,51.670538,0.761842,Male,18-24,White - English/Welsh/Scottish/Northern Irish/British,White,Misuse of Drugs Act 1971 (section 23),,A no further action disposal,,
Person search,2022-03-24T15:03:00+00:00,False,,51.763706,0.104603,Male,18-24,Other ethnic group - Not stated,White,Police and Criminal Evidence Act 1984 (section 1),,A no further action disposal,,
Person search,2022-03-24T15:03:00+00:00,False,,51.759873,0.094165,Male,over 34,Black/African/Caribbean/Black British - Caribbean,Black,Misuse of Drugs Act 1971 (section 23),,Arrest,,
Vehicle search,2022-03-24T15:03:00+00:00,False,,51.869559,0.541902,,,,,Misuse of Drugs Act 1971 (section 23),,Arrest,,
Person search,2022-03-24T16:03:00+00:00,True,,51.670538,0.761842,Male,18-24,Other ethnic group - Not stated,White,Misuse of Drugs Act 1971 (section 23),,A no further action disposal,,
Person search,2022-03-24T16:03:00+00:00,False,,51.586267,0.605787,Male,over 34,Other ethnic group - Not stated,White,Police and Criminal Evidence Act 1984 (section 1),,Community resolution,,
Person search,2022-03-24T19:03:00+00:00,False,,51.734976,0.492061,Male,25-34,Other ethnic group - Not stated,White,Misuse of Drugs Act 1971 (section 23),,A no further action disposal,,
Person search,2022-03-24T19:03:00+00:00,False,,51.582444,0.458313,Male,,Other ethnic group - Not stated,White,Misuse of Drugs Act 1971 (section 23),,A no further action disposal,,
Person search,2022-03-24T19:03:00+00:00,False,,51.582444,0.458313,Male,,Other ethnic group - Not stated,White,Misuse of Drugs Act 1971 (section 23),,A no further action disposal,,
Person search,2022-03-24T19:03:00+00:00,False,,51.582444,0.458313,Male,,Other ethnic group - Not stated,White,Misuse of Drugs Act 1971 (section 23),,A no further action disposal,,
Person and Vehicle search,2022-03-24T19:03:00+00:00,True,,51.562120,0.502105,Male,over 34,White - English/Welsh/Scottish/Northern Irish/British,White,Police and Criminal Evidence Act 1984 (section 1),,A no further action disposal,,
Person search,2022-03-24T19:03:00+00:00,True,,51.582444,0.458313,Male,18-24,White - English/Welsh/Scottish/Northern Irish/British,White,Misuse of Drugs Act 1971 (section 23),,Community resolution,,
Person search,2022-03-24T19:03:00+00:00,True,,51.582444,0.458313,Male,,White - English/Welsh/Scottish/Northern Irish/British,White,Misuse of Drugs Act 1971 (section 23),,Community resolution,,
Vehicle search,2022-03-24T20:03:00+00:00,True,,51.615058,0.298807,,,,,Misuse of Drugs Act 1971 (section 23),,A no further action disposal,,
Person search,2022-03-24T21:03:00+00:00,False,,51.539700,0.710081,Male,18-24,Other ethnic group - Not stated,Black,Police and Criminal Evidence Act 1984 (section 1),,A no further action disposal,,
Person search,2022-03-24T22:03:00+00:00,True,,51.648598,0.064270,Male,over 34,Other ethnic group - Not stated,,Misuse of Drugs Act 1971 (section 23),,Community resolution,,
Vehicle search,2022-03-24T22:03:00+00:00,False,,51.569953,0.428935,,,,,Misuse of Drugs Act 1971 (section 23),,Arrest,,
Person search,2022-03-24T22:03:00+00:00,False,,51.533579,0.715773,Male,25-34,White - English/Welsh/Scottish/Northern Irish/British,White,Police and Criminal Evidence Act 1984 (section 1),,A no further action disposal,,
Person search,2022-03-24T22:03:00+00:00,False,,51.546994,0.713197,Male,18-24,Mixed/Multiple ethnic groups - Any other Mixed/Multiple ethnic background,Other,Misuse of Drugs Act 1971 (section 23),,A no further action disposal,,
Person search,2022-03-24T22:03:00+00:00,False,,51.569953,0.428935,Male,18-24,White - English/Welsh/Scottish/Northern Irish/British,White,Police and Criminal Evidence Act 1984 (section 1),,A no further action disposal,,
Person search,2022-03-24T22:03:00+00:00,False,,51.569953,0.428935,Male,25-34,Other ethnic group - Not stated,,Misuse of Drugs Act 1971 (section 23),,Arrest,,
Person search,2022-03-24T23:03:00+00:00,False,,51.686706,-0.008518,Male,10-17,Other ethnic group - Not stated,,Misuse of Drugs Act 1971 (section 23),,A no further action disposal,,
Person search,2022-03-24T23:03:00+00:00,True,,51.686706,-0.008518,Male,18-24,Other ethnic group - Not stated,White,Misuse of Drugs Act 1971 (section 23),,A no further action disposal,,
Person search,2022-03-24T23:03:00+00:00,True,,51.686706,-0.008518,Male,10-17,Other ethnic group - Not stated,White,Misuse of Drugs Act 1971 (section 23),,A no further action disposal,,
Vehicle search,2022-03-24T23:03:00+00:00,False,,51.569835,0.427226,,,,,Police and Criminal Evidence Act 1984 (section 1),,A no further action disposal,,
Person search,2022-03-24T23:03:00+00:00,False,,51.887964,0.895674,Male,18-24,Other ethnic group - Not stated,Black,Misuse of Drugs Act 1971 (section 23),,A no further action disposal,,
Person search,2022-03-24T23:03:00+00:00,False,,51.876213,0.551518,Male,18-24,Other ethnic group - Not stated,White,Misuse of Drugs Act 1971 (section 23),,Arrest,,
Person search,2022-03-25T00:03:00+00:00,True,,51.641337,0.074693,Female,18-24,Other ethnic group - Not stated,White,Misuse of Drugs Act 1971 (section 23),,A no further action disposal,,
Person and Vehicle search,2022-03-25T00:03:00+00:00,True,,51.503168,0.273833,Male,18-24,Black/African/Caribbean/Black British - Caribbean,Black,Police and Criminal Evidence Act 1984 (section 1),,Summons / charged by post,,
Person search,2022-03-25T02:03:00+00:00,False,,51.756413,0.122593,Male,over 34,Black/African/Caribbean/Black British - African,Black,Misuse of Drugs Act 1971 (section 23),,A no further action disposal,,
Person search,2022-03-25T02:03:00+00:00,True,,51.643936,0.082820,Male,25-34,Asian/Asian British - Any other Asian background,Asian,Misuse of Drugs Act 1971 (section 23),,Community resolution,,
Person search,2022-03-25T03:03:00+00:00,False,,51.730490,0.473682,Male,25-34,White - English/Welsh/Scottish/Northern Irish/British,White,Misuse of Drugs Act 1971 (section 23),,Community resolution,,
Vehicle search,2022-03-25T11:03:00+00:00,False,,51.912810,1.148542,,,,,Police and Criminal Evidence Act 1984 (section 1),,A no further action disposal,,
Person search,2022-03-25T11:03:00+00:00,False,,51.930671,1.233101,Male,25-34,White - English/Welsh/Scottish/Northern Irish/British,White,Misuse of Drugs Act 1971 (section 23),,A no further action disposal,,
Person search,2022-03-25T11:03:00+00:00,False,,51.874204,0.576423,Male,25-34,White - English/Welsh/Scottish/Northern Irish/British,White,Misuse of Drugs Act 1971 (section 23),,Community resolution,,
Person search,2022-03-25T12:03:00+00:00,False,,51.935710,1.279168,Male,10-17,White - English/Welsh/Scottish/Northern Irish/British,White,Misuse of Drugs Act 1971 (section 23),,Community resolution,,
Person search,2022-03-25T12:03:00+00:00,False,,51.580459,0.499503,Male,10-17,Other ethnic group - Not stated,White,Misuse of Drugs Act 1971 (section 23),,A no further action disposal,,
Person and Vehicle search,2022-03-25T12:03:00+00:00,False,,51.935710,1.279168,Male,18-24,White - English/Welsh/Scottish/Northern Irish/British,White,Misuse of Drugs Act 1971 (section 23),,A no further action disposal,,
Person search,2022-03-25T13:03:00+00:00,False,,51.935710,1.279168,Male,18-24,White - English/Welsh/Scottish/Northern Irish/British,White,Misuse of Drugs Act 1971 (section 23),,A no further action disposal,,
Person and Vehicle search,2022-03-25T14:03:00+00:00,False,,51.730928,0.471650,Male,over 34,White - English/Welsh/Scottish/Northern Irish/British,White,Misuse of Drugs Act 1971 (section 23),,Community resolution,,
Person search,2022-03-25T14:03:00+00:00,False,,51.670538,0.761842,Male,10-17,White - English/Welsh/Scottish/Northern Irish/British,White,Misuse of Drugs Act 1971 (section 23),,A no further action disposal,,
Person and Vehicle search,2022-03-25T15:03:00+00:00,False,,51.716595,0.584796,Male,18-24,White - English/Welsh/Scottish/Northern Irish/British,White,Misuse of Drugs Act 1971 (section 23),,A no further action disposal,,
Person search,2022-03-25T15:03:00+00:00,False,,51.880391,0.360924,Male,18-24,Other ethnic group - Not stated,Black,Misuse of Drugs Act 1971 (section 23),,A no further action disposal,,
Person search,2022-03-25T15:03:00+00:00,False,,51.880391,0.360924,Male,25-34,Black/African/Caribbean/Black British - Caribbean,Black,Misuse of Drugs Act 1971 (section 23),,Khat or Cannabis warning,,
Person search,2022-03-25T15:03:00+00:00,False,,51.880391,0.360924,Male,10-17,Other ethnic group - Not stated,Black,Misuse of Drugs Act 1971 (section 23),,A no further action disposal,,
Person search,2022-03-25T17:03:00+00:00,False,,51.752251,0.455775,Male,10-17,Other ethnic group - Not stated,White,Misuse of Drugs Act 1971 (section 23),,Arrest,,
Person search,2022-03-25T18:03:00+00:00,False,,51.878854,0.568159,Male,10-17,White - English/Welsh/Scottish/Northern Irish/British,White,Misuse of Drugs Act 1971 (section 23),,A no further action disposal,,
Person search,2022-03-25T18:03:00+00:00,False,,51.751211,0.456472,Male,10-17,White - English/Welsh/Scottish/Northern Irish/British,White,Police and Criminal Evidence Act 1984 (section 1),,A no further action disposal,,
Person search,2022-03-25T18:03:00+00:00,False,,51.878854,0.568159,Male,10-17,White - English/Welsh/Scottish/Northern Irish/British,White,Misuse of Drugs Act 1971 (section 23),,Community resolution,,
Person search,2022-03-25T19:03:00+00:00,False,,51.809448,0.637897,Male,,Other ethnic group - Not stated,White,Misuse of Drugs Act 1971 (section 23),,A no further action disposal,,
Person search,2022-03-25T19:03:00+00:00,False,,51.808424,0.638244,Male,10-17,White - English/Welsh/Scottish/Northern Irish/British,White,Misuse of Drugs Act 1971 (section 23),,A no further action disposal,,
Person search,2022-03-25T19:03:00+00:00,False,,51.808424,0.638244,Male,18-24,White - English/Welsh/Scottish/Northern Irish/British,White,Misuse of Drugs Act 1971 (section 23),,A no further action disposal,,
Person search,2022-03-25T19:03:00+00:00,False,,51.803806,0.625194,Male,25-34,Asian/Asian British - Any other Asian background,Asian,Police and Criminal Evidence Act 1984 (section 1),,A no further action disposal,,
Vehicle search,2022-03-25T19:03:00+00:00,False,,51.803806,0.625194,,,,,Police and Criminal Evidence Act 1984 (section 1),,A no further action disposal,,
Person search,2022-03-25T19:03:00+00:00,False,,51.809448,0.637897,Male,18-24,Other ethnic group - Not stated,White,Misuse of Drugs Act 1971 (section 23),,A no further action disposal,,
Vehicle search,2022-03-25T19:03:00+00:00,False,,51.801886,0.620556,,,,,Misuse of Drugs Act 1971 (section 23),,A no further action disposal,,
Person search,2022-03-25T19:03:00+00:00,False,,51.817594,0.637575,Male,10-17,Other ethnic group - Not stated,White,Misuse of Drugs Act 1971 (section 23),,A no further action disposal,,
Person search,2022-03-25T19:03:00+00:00,False,,51.809448,0.637897,Male,18-24,Other ethnic group - Not stated,Black,Misuse of Drugs Act 1971 (section 23),,A no further action disposal,,
Person and Vehicle search,2022-03-25T20:03:00+00:00,False,,51.930050,1.251068,Male,,Other ethnic group - Not stated,White,Misuse of Drugs Act 1971 (section 23),,A no further action disposal,,
Person search,2022-03-25T20:03:00+00:00,False,,51.797112,0.636176,Male,18-24,White - English/Welsh/Scottish/Northern Irish/British,White,Misuse of Drugs Act 1971 (section 23),,A no further action disposal,,
Person search,2022-03-25T20:03:00+00:00,False,,51.797112,0.636176,Male,18-24,White - English/Welsh/Scottish/Northern Irish/British,White,Misuse of Drugs Act 1971 (section 23),,A no further action disposal,,
Person search,2022-03-25T20:03:00+00:00,False,,51.808161,0.623068,Male,10-17,White - English/Welsh/Scottish/Northern Irish/British,White,Misuse of Drugs Act 1971 (section 23),,A no further action disposal,,
Person search,2022-03-25T20:03:00+00:00,False,,51.797112,0.636176,Male,25-34,Asian/Asian British - Any other Asian background,Asian,Misuse of Drugs Act 1971 (section 23),,A no further action disposal,,
Person search,2022-03-25T20:03:00+00:00,False,,51.931289,1.254082,Female,,White - English/Welsh/Scottish/Northern Irish/British,White,Misuse of Drugs Act 1971 (section 23),,A no further action disposal,,
Person search,2022-03-25T21:03:00+00:00,False,,51.817292,0.633785,Male,18-24,White - English/Welsh/Scottish/Northern Irish/British,White,Misuse of Drugs Act 1971 (section 23),,A no further action disposal,,
Vehicle search,2022-03-25T21:03:00+00:00,False,,51.797112,0.636176,,,,,Misuse of Drugs Act 1971 (section 23),,A no further action disposal,,
Person and Vehicle search,2022-03-25T21:03:00+00:00,False,,51.797112,0.636176,Male,25-34,White - English/Welsh/Scottish/Northern Irish/British,White,Misuse of Drugs Act 1971 (section 23),,A no further action disposal,,
Person search,2022-03-25T21:03:00+00:00,False,,51.808424,0.638244,Male,18-24,Other ethnic group - Not stated,White,Misuse of Drugs Act 1971 (section 23),,Community resolution,,
Person search,2022-03-25T21:03:00+00:00,False,,51.794886,0.636380,Male,18-24,White - English/Welsh/Scottish/Northern Irish/British,White,Misuse of Drugs Act 1971 (section 23),,Community resolution,,
Person search,2022-03-25T21:03:00+00:00,False,,51.797112,0.636176,Male,over 34,White - English/Welsh/Scottish/Northern Irish/British,White,Misuse of Drugs Act 1971 (section 23),,Community resolution,,
Person search,2022-03-25T21:03:00+00:00,False,,51.797112,0.636176,Male,,White - English/Welsh/Scottish/Northern Irish/British,White,Misuse of Drugs Act 1971 (section 23),,A no further action disposal,,
Person search,2022-03-25T21:03:00+00:00,False,,51.797112,0.636176,Male,25-34,White - English/Welsh/Scottish/Northern Irish/British,White,Misuse of Drugs Act 1971 (section 23),,A no further action disposal,,
Vehicle search,2022-03-25T21:03:00+00:00,False,,51.797112,0.636176,,,,,Misuse of Drugs Act 1971 (section 23),,A no further action disposal,,
Vehicle search,2022-03-25T21:03:00+00:00,False,,51.797112,0.636176,,,,,Misuse of Drugs Act 1971 (section 23),,A no further action disposal,,
Vehicle search,2022-03-25T22:03:00+00:00,False,,51.808464,0.639653,,,,,Misuse of Drugs Act 1971 (section 23),,Community resolution,,
Person search,2022-03-25T22:03:00+00:00,False,,51.643628,0.053305,Female,,White - English/Welsh/Scottish/Northern Irish/British,White,Misuse of Drugs Act 1971 (section 23),,A no further action disposal,,
Person search,2022-03-25T22:03:00+00:00,False,,51.640945,0.054037,Male,18-24,White - English/Welsh/Scottish/Northern Irish/British,White,Misuse of Drugs Act 1971 (section 23),,A no further action disposal,,
Person search,2022-03-25T22:03:00+00:00,False,,51.625382,0.045084,Male,18-24,White - English/Welsh/Scottish/Northern Irish/British,White,Misuse of Drugs Act 1971 (section 23),,Community resolution,,
Person search,2022-03-25T22:03:00+00:00,False,,51.876424,0.570738,Male,10-17,White - English/Welsh/Scottish/Northern Irish/British,White,Misuse of Drugs Act 1971 (section 23),,A no further action disposal,,
Person search,2022-03-25T22:03:00+00:00,False,,51.876424,0.570738,Male,10-17,White - English/Welsh/Scottish/Northern Irish/British,White,Misuse of Drugs Act 1971 (section 23),,A no further action disposal,,
Person search,2022-03-25T22:03:00+00:00,False,,51.808464,0.639653,Male,25-34,White - English/Welsh/Scottish/Northern Irish/British,White,Misuse of Drugs Act 1971 (section 23),,Community resolution,,
Vehicle search,2022-03-25T22:03:00+00:00,False,,51.808078,0.640820,,,,,Misuse of Drugs Act 1971 (section 23),,A no further action disposal,,
Person search,2022-03-25T22:03:00+00:00,False,,51.889439,0.900435,Male,over 34,Other ethnic group - Not stated,Black,Misuse of Drugs Act 1971 (section 23),,A no further action disposal,,
Person search,2022-03-25T22:03:00+00:00,False,,51.687441,0.021086,Male,10-17,White - English/Welsh/Scottish/Northern Irish/British,White,Misuse of Drugs Act 1971 (section 23),,A no further action disposal,,
Person search,2022-03-25T23:03:00+00:00,True,,51.621290,0.305652,Female,25-34,Other ethnic group - Not stated,White,Misuse of Drugs Act 1971 (section 23),,A no further action disposal,,
Person search,2022-03-25T23:03:00+00:00,False,,51.808078,0.640820,Male,18-24,White - English/Welsh/Scottish/Northern Irish/British,White,Misuse of Drugs Act 1971 (section 23),,A no further action disposal,,
Person search,2022-03-25T23:03:00+00:00,False,,51.808078,0.640820,Female,18-24,White - Any other White background,White,Misuse of Drugs Act 1971 (section 23),,A no further action disposal,,
Person search,2022-03-25T23:03:00+00:00,False,,51.752076,0.450795,Male,18-24,White - English/Welsh/Scottish/Northern Irish/British,White,Misuse of Drugs Act 1971 (section 23),,A no further action disposal,,
Person search,2022-03-25T23:03:00+00:00,False,,51.752076,0.450795,Male,18-24,White - English/Welsh/Scottish/Northern Irish/British,White,Misuse of Drugs Act 1971 (section 23),,A no further action disposal,,
Person search,2022-03-25T23:03:00+00:00,False,,51.625447,0.045463,Female,,Other ethnic group - Not stated,,Misuse of Drugs Act 1971 (section 23),,A no further action disposal,,
Person search,2022-03-25T23:03:00+00:00,False,,51.534325,0.717736,Male,over 34,White - English/Welsh/Scottish/Northern Irish/British,White,Misuse of Drugs Act 1971 (section 23),,Arrest,,
Vehicle search,2022-03-25T23:03:00+00:00,True,,51.793419,0.625185,,,,,Misuse of Drugs Act 1971 (section 23),,A no further action disposal,,
Person search,2022-03-25T23:03:00+00:00,True,,51.809448,0.637897,Male,,White - English/Welsh/Scottish/Northern Irish/British,White,Misuse of Drugs Act 1971 (section 23),,A no further action disposal,,
Person search,2022-03-25T23:03:00+00:00,True,,51.806708,0.630542,Male,18-24,White - English/Welsh/Scottish/Northern Irish/British,White,Misuse of Drugs Act 1971 (section 23),,A no further action disposal,,
Person search,2022-03-25T23:03:00+00:00,True,,51.808464,0.639653,Male,18-24,White - English/Welsh/Scottish/Northern Irish/British,White,Misuse of Drugs Act 1971 (section 23),,Community resolution,,
Person search,2022-03-25T23:03:00+00:00,True,,51.810929,0.641219,Male,18-24,White - English/Welsh/Scottish/Northern Irish/British,White,Misuse of Drugs Act 1971 (section 23),,A no further action disposal,,
Vehicle search,2022-03-25T23:03:00+00:00,True,,51.810929,0.641219,,,,,Misuse of Drugs Act 1971 (section 23),,A no further action disposal,,
Person search,2022-03-25T23:03:00+00:00,False,,51.728236,0.461554,Male,18-24,White - English/Welsh/Scottish/Northern Irish/British,White,Misuse of Drugs Act 1971 (section 23),,Community resolution,,
Person search,2022-03-25T23:03:00+00:00,False,,51.728236,0.461554,Male,over 34,Black/African/Caribbean/Black British - Any other Black/African/Caribbean background,Black,Misuse of Drugs Act 1971 (section 23),,Community resolution,,
Person search,2022-03-25T23:03:00+00:00,False,,51.887964,0.895674,Female,18-24,White - English/Welsh/Scottish/Northern Irish/British,White,Misuse of Drugs Act 1971 (section 23),,A no further action disposal,,
Person search,2022-03-25T23:03:00+00:00,True,,51.621290,0.305652,Male,25-34,Other ethnic group - Not stated,White,Misuse of Drugs Act 1971 (section 23),,A no further action disposal,,
Person search,2022-03-26T00:03:00+00:00,False,,51.487302,0.281355,Female,18-24,White - English/Welsh/Scottish/Northern Irish/British,White,Police and Criminal Evidence Act 1984 (section 1),,A no further action disposal,,
Person search,2022-03-26T00:03:00+00:00,False,,51.723247,0.683166,Male,18-24,White - English/Welsh/Scottish/Northern Irish/British,White,Misuse of Drugs Act 1971 (section 23),,Community resolution,,
Person search,2022-03-26T00:03:00+00:00,False,,51.723247,0.683166,Male,18-24,White - English/Welsh/Scottish/Northern Irish/British,White,Misuse of Drugs Act 1971 (section 23),,A no further action disposal,,
Vehicle search,2022-03-26T00:03:00+00:00,False,,51.723247,0.683166,,,,,Misuse of Drugs Act 1971 (section 23),,A no further action disposal,,
Person search,2022-03-26T00:03:00+00:00,False,,51.723247,0.683166,Male,10-17,White - English/Welsh/Scottish/Northern Irish/British,White,Misuse of Drugs Act 1971 (section 23),,A no further action disposal,,
Person and Vehicle search,2022-03-26T00:03:00+00:00,False,,51.547152,0.702850,Male,over 34,Black/African/Caribbean/Black British - Any other Black/African/Caribbean background,Black,Misuse of Drugs Act 1971 (section 23),,A no further action disposal,,
Person search,2022-03-26T01:03:00+00:00,False,,51.641986,0.411160,Male,,White - English/Welsh/Scottish/Northern Irish/British,White,Misuse of Drugs Act 1971 (section 23),,A no further action disposal,,
Person search,2022-03-26T01:03:00+00:00,False,,51.641986,0.411160,Male,,Mixed/Multiple ethnic groups - White and Black Caribbean,Black,Misuse of Drugs Act 1971 (section 23),,A no further action disposal,,
Person search,2022-03-26T01:03:00+00:00,False,,51.808589,0.628852,Male,10-17,Black/African/Caribbean/Black British - Any other Black/African/Caribbean background,Black,Misuse of Drugs Act 1971 (section 23),,A no further action disposal,,
Person search,2022-03-26T03:03:00+00:00,False,,51.736256,0.466784,Male,25-34,White - English/Welsh/Scottish/Northern Irish/British,White,Police and Criminal Evidence Act 1984 (section 1),,A no further action disposal,,
Person search,2022-03-26T03:03:00+00:00,False,,51.559747,0.458632,Male,18-24,Other ethnic group - Not stated,Black,Police and Criminal Evidence Act 1984 (section 1),,Arrest,,
Person search,2022-03-26T04:03:00+00:00,False,,51.878854,0.568159,Male,25-34,White - English/Welsh/Scottish/Northern Irish/British,White,Misuse of Drugs Act 1971 (section 23),,A no further action disposal,,
Vehicle search,2022-03-26T05:03:00+00:00,False,,51.936934,1.258434,,,,,Police and Criminal Evidence Act 1984 (section 1),,A no further action disposal,,
Person search,2022-03-26T05:03:00+00:00,False,,51.936934,1.258434,Male,18-24,Other ethnic group - Not stated,White,Police and Criminal Evidence Act 1984 (section 1),,A no further action disposal,,
Vehicle search,2022-03-26T09:03:00+00:00,False,,51.784581,0.108431,,,,,Police and Criminal Evidence Act 1984 (section 1),,A no further action disposal,,
Vehicle search,2022-03-26T09:03:00+00:00,True,,51.625707,0.299201,,,,,Police and Criminal Evidence Act 1984 (section 1),,A no further action disposal,,
Person and Vehicle search,2022-03-26T10:03:00+00:00,False,,51.625707,0.299201,Male,10-17,White - English/Welsh/Scottish/Northern Irish/British,White,Police and Criminal Evidence Act 1984 (section 1),,A no further action disposal,,
Person and Vehicle search,2022-03-26T11:03:00+00:00,False,,51.573251,0.621640,Male,over 34,Mixed/Multiple ethnic groups - Any other Mixed/Multiple ethnic background,White,Police and Criminal Evidence Act 1984 (section 1),,A no further action disposal,,
Person search,2022-03-26T11:03:00+00:00,False,,51.759016,0.078070,Male,10-17,Other ethnic group - Not stated,White,Police and Criminal Evidence Act 1984 (section 1),,A no further action disposal,,
Person search,2022-03-26T11:03:00+00:00,False,,51.759016,0.078070,Male,10-17,Other ethnic group - Not stated,White,Police and Criminal Evidence Act 1984 (section 1),,A no further action disposal,,
Person search,2022-03-26T11:03:00+00:00,False,,51.860590,1.283954,Male,10-17,White - English/Welsh/Scottish/Northern Irish/British,White,Police and Criminal Evidence Act 1984 (section 1),,A no further action disposal,,
Person search,2022-03-26T11:03:00+00:00,False,,51.860669,1.284686,Male,18-24,White - English/Welsh/Scottish/Northern Irish/British,White,Police and Criminal Evidence Act 1984 (section 1),,A no further action disposal,,
Person and Vehicle search,2022-03-26T11:03:00+00:00,False,,51.573251,0.621640,Male,over 34,Mixed/Multiple ethnic groups - Any other Mixed/Multiple ethnic background,Other,Police and Criminal Evidence Act 1984 (section 1),,A no further action disposal,,
Person search,2022-03-26T13:03:00+00:00,False,,51.766695,0.095336,Female,25-34,White - English/Welsh/Scottish/Northern Irish/British,White,Police and Criminal Evidence Act 1984 (section 1),,Arrest,,
Person search,2022-03-26T13:03:00+00:00,True,,51.471302,0.367603,Male,18-24,White - English/Welsh/Scottish/Northern Irish/British,White,Police and Criminal Evidence Act 1984 (section 1),,A no further action disposal,,
Person and Vehicle search,2022-03-26T13:03:00+00:00,True,,51.571362,0.459707,Male,25-34,White - English/Welsh/Scottish/Northern Irish/British,White,Police and Criminal Evidence Act 1984 (section 1),,Arrest,,
Person search,2022-03-26T13:03:00+00:00,False,,51.935858,1.277738,Male,over 34,White - English/Welsh/Scottish/Northern Irish/British,White,Misuse of Drugs Act 1971 (section 23),,Arrest,,
Person and Vehicle search,2022-03-26T13:03:00+00:00,False,,51.508449,0.395686,Male,25-34,White - English/Welsh/Scottish/Northern Irish/British,White,Misuse of Drugs Act 1971 (section 23),,A no further action disposal,,
Person search,2022-03-26T14:03:00+00:00,False,,51.512303,0.415576,Male,25-34,White - English/Welsh/Scottish/Northern Irish/British,White,Misuse of Drugs Act 1971 (section 23),,A no further action disposal,,
Person search,2022-03-26T14:03:00+00:00,False,,51.583655,0.423863,Male,25-34,White - English/Welsh/Scottish/Northern Irish/British,White,Misuse of Drugs Act 1971 (section 23),,A no further action disposal,,
Person search,2022-03-26T15:03:00+00:00,False,,51.534824,0.725264,Male,10-17,White - English/Welsh/Scottish/Northern Irish/British,White,Police and Criminal Evidence Act 1984 (section 1),,Arrest,,
Person search,2022-03-26T16:03:00+00:00,False,,51.541026,0.689621,Male,18-24,White - English/Welsh/Scottish/Northern Irish/British,White,Misuse of Drugs Act 1971 (section 23),,A no further action disposal,,
Person search,2022-03-26T16:03:00+00:00,False,,51.475778,0.322759,Female,10-17,White - English/Welsh/Scottish/Northern Irish/British,White,Misuse of Drugs Act 1971 (section 23),,A no further action disposal,,
Person search,2022-03-26T17:03:00+00:00,False,,51.620247,0.303360,Male,10-17,Other ethnic group - Not stated,White,Police and Criminal Evidence Act 1984 (section 1),,A no further action disposal,,
Person search,2022-03-26T17:03:00+00:00,False,,51.733806,0.460973,Male,10-17,Other ethnic group - Not stated,White,Misuse of Drugs Act 1971 (section 23),,A no further action disposal,,
Person search,2022-03-26T17:03:00+00:00,False,,51.731012,0.462979,Male,18-24,Other ethnic group - Not stated,Black,Misuse of Drugs Act 1971 (section 23),,Community resolution,,
Person search,2022-03-26T17:03:00+00:00,False,,51.619195,0.303827,Male,,White - English/Welsh/Scottish/Northern Irish/British,White,Police and Criminal Evidence Act 1984 (section 1),,A no further action disposal,,
Person search,2022-03-26T17:03:00+00:00,False,,51.731012,0.462979,Male,18-24,Other ethnic group - Not stated,Black,Misuse of Drugs Act 1971 (section 23),,Community resolution,,
Person search,2022-03-26T17:03:00+00:00,False,,51.618458,0.303356,Male,,White - English/Welsh/Scottish/Northern Irish/British,White,Police and Criminal Evidence Act 1984 (section 1),,Community resolution,,
Person search,2022-03-26T17:03:00+00:00,False,,51.733806,0.460973,Male,10-17,Other ethnic group - Not stated,White,Misuse of Drugs Act 1971 (section 23),,A no further action disposal,,
Person search,2022-03-26T18:03:00+00:00,False,,51.734362,0.461901,Male,18-24,Other ethnic group - Not stated,White,Misuse of Drugs Act 1971 (section 23),,A no further action disposal,,
Person search,2022-03-26T18:03:00+00:00,False,,51.730025,0.459421,Male,25-34,Other ethnic group - Not stated,Black,Misuse of Drugs Act 1971 (section 23),,A no further action disposal,,
Person search,2022-03-26T18:03:00+00:00,False,,51.488628,0.280701,Male,25-34,White - Any other White background,White,Misuse of Drugs Act 1971 (section 23),,A no further action disposal,,
Person search,2022-03-26T18:03:00+00:00,False,,51.730025,0.459421,Male,18-24,Other ethnic group - Not stated,Black,Misuse of Drugs Act 1971 (section 23),,A no further action disposal,,
Person search,2022-03-26T18:03:00+00:00,False,,51.741802,0.454020,Male,over 34,White - English/Welsh/Scottish/Northern Irish/British,White,Misuse of Drugs Act 1971 (section 23),,Community resolution,,
Person search,2022-03-26T18:03:00+00:00,False,,51.683172,0.526295,Male,25-34,White - English/Welsh/Scottish/Northern Irish/British,White,Misuse of Drugs Act 1971 (section 23),,A no further action disposal,,
Person and Vehicle search,2022-03-26T18:03:00+00:00,False,,51.717123,0.504834,Male,25-34,White - English/Welsh/Scottish/Northern Irish/British,White,Misuse of Drugs Act 1971 (section 23),,A no further action disposal,,
Person search,2022-03-26T18:03:00+00:00,False,,51.730025,0.459421,Male,18-24,Other ethnic group - Not stated,White,Misuse of Drugs Act 1971 (section 23),,Community resolution,,
Person search,2022-03-26T18:03:00+00:00,False,,51.740101,0.454493,Male,over 34,White - English/Welsh/Scottish/Northern Irish/British,White,Misuse of Drugs Act 1971 (section 23),,A no further action disposal,,
Vehicle search,2022-03-26T18:03:00+00:00,False,,51.741802,0.454020,,,,,Misuse of Drugs Act 1971 (section 23),,Community resolution,,
Person search,2022-03-26T18:03:00+00:00,False,,51.730025,0.459421,Male,18-24,Other ethnic group - Not stated,White,Misuse of Drugs Act 1971 (section 23),,A no further action disposal,,
Person search,2022-03-26T19:03:00+00:00,False,,51.936261,1.282962,Male,10-17,White - English/Welsh/Scottish/Northern Irish/British,White,Misuse of Drugs Act 1971 (section 23),,A no further action disposal,,
Person search,2022-03-26T20:03:00+00:00,False,,51.488728,0.285272,Male,,Other ethnic group - Not stated,Black,Police and Criminal Evidence Act 1984 (section 1),,Arrest,,
Person search,2022-03-26T20:03:00+00:00,False,,51.869209,0.572069,Male,10-17,White - English/Welsh/Scottish/Northern Irish/British,White,Police and Criminal Evidence Act 1984 (section 1),,A no further action disposal,,
Person search,2022-03-26T20:03:00+00:00,False,,51.869209,0.572069,Male,10-17,White - English/Welsh/Scottish/Northern Irish/British,White,Police and Criminal Evidence Act 1984 (section 1),,A no further action disposal,,
Person search,2022-03-26T20:03:00+00:00,False,,51.869209,0.572069,Male,10-17,White - English/Welsh/Scottish/Northern Irish/British,White,Police and Criminal Evidence Act 1984 (section 1),,A no further action disposal,,
Person search,2022-03-26T20:03:00+00:00,False,,51.869209,0.572069,Male,10-17,White - English/Welsh/Scottish/Northern Irish/British,White,Police and Criminal Evidence Act 1984 (section 1),,A no further action disposal,,
Person search,2022-03-26T20:03:00+00:00,False,,51.869209,0.572069,Male,10-17,White - English/Welsh/Scottish/Northern Irish/British,White,Police and Criminal Evidence Act 1984 (section 1),,A no further action disposal,,
Person and Vehicle search,2022-03-26T21:03:00+00:00,False,,51.936503,1.280070,Male,18-24,Other ethnic group - Not stated,White,Misuse of Drugs Act 1971 (section 23),,A no further action disposal,,
Person and Vehicle search,2022-03-26T21:03:00+00:00,False,,51.936503,1.280070,Male,18-24,Other ethnic group - Not stated,White,Misuse of Drugs Act 1971 (section 23),,A no further action disposal,,
Person search,2022-03-26T21:03:00+00:00,True,,51.772201,0.092648,Male,25-34,White - Any other White background,White,Misuse of Drugs Act 1971 (section 23),,A no further action disposal,,
Person search,2022-03-26T21:03:00+00:00,False,,51.789414,0.477428,Male,,Other ethnic group - Not stated,White,Misuse of Drugs Act 1971 (section 23),,A no further action disposal,,
Person search,2022-03-26T22:03:00+00:00,False,,51.875514,0.556767,Male,10-17,White - English/Welsh/Scottish/Northern Irish/British,White,Police and Criminal Evidence Act 1984 (section 1),,A no further action disposal,,
Person search,2022-03-26T22:03:00+00:00,False,,51.887886,0.894129,Male,,White - English/Welsh/Scottish/Northern Irish/British,White,Misuse of Drugs Act 1971 (section 23),,A no further action disposal,,
Person search,2022-03-26T22:03:00+00:00,False,,51.875514,0.556767,Male,10-17,White - English/Welsh/Scottish/Northern Irish/British,White,Police and Criminal Evidence Act 1984 (section 1),,A no further action disposal,,
Person search,2022-03-26T22:03:00+00:00,False,,51.618091,0.302803,Male,18-24,White - English/Welsh/Scottish/Northern Irish/British,White,Police and Criminal Evidence Act 1984 (section 1),,Community resolution,,
Person search,2022-03-26T22:03:00+00:00,False,,51.769898,0.096267,Male,over 34,Other ethnic group - Not stated,White,Misuse of Drugs Act 1971 (section 23),,A no further action disposal,,
Person search,2022-03-26T22:03:00+00:00,False,,51.771452,0.094846,Male,over 34,White - English/Welsh/Scottish/Northern Irish/British,White,Misuse of Drugs Act 1971 (section 23),,A no further action disposal,,
Person search,2022-03-26T22:03:00+00:00,False,,51.784806,0.086243,Male,18-24,Other ethnic group - Not stated,Asian,Misuse of Drugs Act 1971 (section 23),,Arrest,,
Person search,2022-03-26T22:03:00+00:00,False,,51.875514,0.556767,Male,10-17,White - English/Welsh/Scottish/Northern Irish/British,White,Police and Criminal Evidence Act 1984 (section 1),,A no further action disposal,,
Person search,2022-03-26T22:03:00+00:00,False,,51.875514,0.556767,Male,10-17,White - English/Welsh/Scottish/Northern Irish/British,White,Police and Criminal Evidence Act 1984 (section 1),,A no further action disposal,,
Person search,2022-03-26T22:03:00+00:00,False,,51.770326,0.095939,Male,10-17,Mixed/Multiple ethnic groups - White and Black Caribbean,Black,Misuse of Drugs Act 1971 (section 23),,Arrest,,
Person search,2022-03-26T22:03:00+00:00,True,,51.770766,0.094481,Male,10-17,Black/African/Caribbean/Black British - Any other Black/African/Caribbean background,Black,Misuse of Drugs Act 1971 (section 23),,A no further action disposal,,
Person and Vehicle search,2022-03-26T23:03:00+00:00,False,,51.776202,0.096211,Male,18-24,Other ethnic group - Not stated,Asian,Misuse of Drugs Act 1971 (section 23),,Arrest,,
Person search,2022-03-26T23:03:00+00:00,False,,51.585708,0.605828,Male,over 34,White - English/Welsh/Scottish/Northern Irish/British,White,Police and Criminal Evidence Act 1984 (section 1),,A no further action disposal,,
Person search,2022-03-26T23:03:00+00:00,True,,,,Male,over 34,White - English/Welsh/Scottish/Northern Irish/British,White,Police and Criminal Evidence Act 1984 (section 1),,A no further action disposal,,
Person search,2022-03-27T00:03:00+00:00,False,,,,Male,10-17,White - English/Welsh/Scottish/Northern Irish/British,,Misuse of Drugs Act 1971 (section 23),,A no further action disposal,,
Person search,2022-03-27T00:03:00+00:00,True,,51.770766,0.094481,Male,over 34,Other ethnic group - Not stated,White,Misuse of Drugs Act 1971 (section 23),,A no further action disposal,,
Person search,2022-03-27T01:03:00+00:00,False,,51.643628,0.053305,Male,18-24,Other ethnic group - Not stated,White,Misuse of Drugs Act 1971 (section 23),,A no further action disposal,,
Person search,2022-03-27T01:03:00+00:00,False,,51.642638,0.053391,Male,18-24,White - English/Welsh/Scottish/Northern Irish/British,White,Misuse of Drugs Act 1971 (section 23),,A no further action disposal,,
Person search,2022-03-27T02:03:00+00:00,False,,51.732801,0.475387,Male,,White - English/Welsh/Scottish/Northern Irish/British,White,Police and Criminal Evidence Act 1984 (section 1),,A no further action disposal,,
Person search,2022-03-27T04:03:00+00:00,False,,51.880380,0.547205,Male,18-24,White - English/Welsh/Scottish/Northern Irish/British,White,Misuse of Drugs Act 1971 (section 23),,A no further action disposal,,
Person search,2022-03-27T04:03:00+00:00,False,,51.585708,0.605828,Male,10-17,White - English/Welsh/Scottish/Northern Irish/British,White,Police and Criminal Evidence Act 1984 (section 1),,Community resolution,,
Person search,2022-03-27T05:03:00+00:00,False,,51.868714,0.581527,Male,25-34,White - English/Welsh/Scottish/Northern Irish/British,White,Police and Criminal Evidence Act 1984 (section 1),,A no further action disposal,,
Person search,2022-03-27T07:03:00+00:00,False,,51.836078,0.700425,Male,,Other ethnic group - Not stated,White,Police and Criminal Evidence Act 1984 (section 1),,A no further action disposal,,
Person search,2022-03-27T16:03:00+00:00,False,,51.542681,0.651700,Male,10-17,White - English/Welsh/Scottish/Northern Irish/British,White,Police and Criminal Evidence Act 1984 (section 1),,A no further action disposal,,
Person search,2022-03-27T16:03:00+00:00,False,,51.542097,0.652445,Male,10-17,Other ethnic group - Not stated,White,Police and Criminal Evidence Act 1984 (section 1),,A no further action disposal,,
Person search,2022-03-27T17:03:00+00:00,False,,51.788761,1.150608,Male,10-17,White - English/Welsh/Scottish/Northern Irish/British,White,Police and Criminal Evidence Act 1984 (section 1),,A no further action disposal,,
Person search,2022-03-27T17:03:00+00:00,True,,51.771701,0.091973,Male,over 34,White - English/Welsh/Scottish/Northern Irish/British,White,Misuse of Drugs Act 1971 (section 23),,Community resolution,,
Person search,2022-03-27T17:03:00+00:00,False,,51.788761,1.150608,Male,10-17,White - English/Welsh/Scottish/Northern Irish/British,White,Police and Criminal Evidence Act 1984 (section 1),,A no further action disposal,,
Person search,2022-03-27T17:03:00+00:00,False,,51.787381,1.151440,Male,10-17,White - English/Welsh/Scottish/Northern Irish/British,White,Police and Criminal Evidence Act 1984 (section 1),,A no further action disposal,,
Person and Vehicle search,2022-03-27T18:03:00+00:00,False,,51.936573,1.276917,Male,over 34,White - English/Welsh/Scottish/Northern Irish/British,White,,,Summons / charged by post,,
Person search,2022-03-27T19:03:00+00:00,False,,51.542097,0.652445,Male,10-17,White - English/Welsh/Scottish/Northern Irish/British,White,Police and Criminal Evidence Act 1984 (section 1),,A no further action disposal,,
Person search,2022-03-27T21:03:00+00:00,False,,51.722052,0.485312,Male,25-34,White - English/Welsh/Scottish/Northern Irish/British,White,Misuse of Drugs Act 1971 (section 23),,A no further action disposal,,
Vehicle search,2022-03-27T22:03:00+00:00,False,,51.567500,0.434043,,,,,Police and Criminal Evidence Act 1984 (section 1),,Arrest,,
Person search,2022-03-27T22:03:00+00:00,False,,51.790348,1.161524,Male,over 34,White - English/Welsh/Scottish/Northern Irish/British,White,Police and Criminal Evidence Act 1984 (section 1),,A no further action disposal,,
Person search,2022-03-27T22:03:00+00:00,False,,51.790348,1.161524,Male,over 34,White - English/Welsh/Scottish/Northern Irish/British,White,Police and Criminal Evidence Act 1984 (section 1),,A no further action disposal,,
Person search,2022-03-27T22:03:00+00:00,False,,51.790348,1.161524,Male,over 34,White - English/Welsh/Scottish/Northern Irish/British,White,Police and Criminal Evidence Act 1984 (section 1),,A no further action disposal,,
Vehicle search,2022-03-28T00:03:00+00:00,True,,51.522266,0.565542,,,,,Misuse of Drugs Act 1971 (section 23),,A no further action disposal,,
Person search,2022-03-28T00:03:00+00:00,False,,51.897371,0.895698,Female,10-17,White - English/Welsh/Scottish/Northern Irish/British,White,Police and Criminal Evidence Act 1984 (section 1),,A no further action disposal,,
Person search,2022-03-28T01:03:00+00:00,False,,51.564104,0.504768,Male,over 34,White - English/Welsh/Scottish/Northern Irish/British,White,Misuse of Drugs Act 1971 (section 23),,Arrest,,
Person search,2022-03-28T02:03:00+00:00,False,,51.612858,0.320579,Male,25-34,White - English/Welsh/Scottish/Northern Irish/British,White,Misuse of Drugs Act 1971 (section 23),,Community resolution,,
Person search,2022-03-28T02:03:00+00:00,False,,51.685882,0.001847,Male,18-24,White - English/Welsh/Scottish/Northern Irish/British,White,Police and Criminal Evidence Act 1984 (section 1),,A no further action disposal,,
Person search,2022-03-28T02:03:00+00:00,False,,51.685882,0.001847,Male,18-24,White - English/Welsh/Scottish/Northern Irish/British,White,Police and Criminal Evidence Act 1984 (section 1),,A no further action disposal,,
Person search,2022-03-28T02:03:00+00:00,False,,51.685882,0.001847,Male,18-24,White - English/Welsh/Scottish/Northern Irish/British,White,Police and Criminal Evidence Act 1984 (section 1),,A no further action disposal,,
Person and Vehicle search,2022-03-28T07:03:00+00:00,False,,51.869289,0.367432,Male,25-34,White - English/Welsh/Scottish/Northern Irish/British,White,Misuse of Drugs Act 1971 (section 23),,Arrest,,
Person search,2022-03-28T09:03:00+00:00,False,,51.735204,0.459876,Male,over 34,White - English/Welsh/Scottish/Northern Irish/British,White,Misuse of Drugs Act 1971 (section 23),,A no further action disposal,,
Person search,2022-03-28T10:03:00+00:00,True,,51.567571,0.506661,Male,25-34,White - English/Welsh/Scottish/Northern Irish/British,White,Misuse of Drugs Act 1971 (section 23),,Community resolution,,
Person search,2022-03-28T10:03:00+00:00,False,,51.747494,0.091419,Male,25-34,White - Any other White background,White,Misuse of Drugs Act 1971 (section 23),,Arrest,,
Person search,2022-03-28T10:03:00+00:00,True,,51.735204,0.459876,Male,18-24,White - English/Welsh/Scottish/Northern Irish/British,White,Misuse of Drugs Act 1971 (section 23),,A no further action disposal,,
Person search,2022-03-28T10:03:00+00:00,False,,51.559469,0.599580,Male,over 34,White - Any other White background,White,Police and Criminal Evidence Act 1984 (section 1),,A no further action disposal,,
Person search,2022-03-28T11:03:00+00:00,True,,51.574432,0.469816,Male,over 34,White - English/Welsh/Scottish/Northern Irish/British,White,Misuse of Drugs Act 1971 (section 23),,Community resolution,,
Person search,2022-03-28T11:03:00+00:00,True,,51.735136,0.452384,Male,25-34,Other ethnic group - Not stated,White,Misuse of Drugs Act 1971 (section 23),,Community resolution,,
Person search,2022-03-28T12:03:00+00:00,False,,51.612266,0.278704,Female,25-34,White - Any other White background,White,Misuse of Drugs Act 1971 (section 23),,A no further action disposal,,
Person search,2022-03-28T12:03:00+00:00,False,,51.888530,0.555805,Female,10-17,White - English/Welsh/Scottish/Northern Irish/British,White,Misuse of Drugs Act 1971 (section 23),,A no further action disposal,,
Person and Vehicle search,2022-03-28T12:03:00+00:00,False,,51.751646,0.134047,Male,over 34,Other ethnic group - Not stated,,Misuse of Drugs Act 1971 (section 23),,A no further action disposal,,
Person search,2022-03-28T12:03:00+00:00,False,,51.612266,0.278704,Male,over 34,White - English/Welsh/Scottish/Northern Irish/British,,Misuse of Drugs Act 1971 (section 23),,Community resolution,,
Person search,2022-03-28T12:03:00+00:00,False,,51.888530,0.555805,Male,10-17,White - English/Welsh/Scottish/Northern Irish/British,White,Misuse of Drugs Act 1971 (section 23),,A no further action disposal,,
Person search,2022-03-28T12:03:00+00:00,False,,51.888530,0.555805,Male,10-17,Other ethnic group - Not stated,Other,Misuse of Drugs Act 1971 (section 23),,A no further action disposal,,
Person search,2022-03-28T12:03:00+00:00,False,,51.617735,0.307191,Female,25-34,White - Any other White background,White,Misuse of Drugs Act 1971 (section 23),,A no further action disposal,,
Person search,2022-03-28T12:03:00+00:00,True,,51.574407,0.473582,Female,25-34,Other ethnic group - Any other ethnic group,White,Misuse of Drugs Act 1971 (section 23),,Community resolution,,
Person search,2022-03-28T13:03:00+00:00,True,,51.731012,0.462979,Male,10-17,White - English/Welsh/Scottish/Northern Irish/British,White,Misuse of Drugs Act 1971 (section 23),,A no further action disposal,,
Person search,2022-03-28T13:03:00+00:00,False,,51.718814,0.485337,Male,over 34,White - English/Welsh/Scottish/Northern Irish/British,White,Misuse of Drugs Act 1971 (section 23),,A no further action disposal,,
Person and Vehicle search,2022-03-28T13:03:00+00:00,False,,51.718814,0.485337,Male,18-24,Mixed/Multiple ethnic groups - Any other Mixed/Multiple ethnic background,Other,Misuse of Drugs Act 1971 (section 23),,A no further action disposal,,
Person search,2022-03-28T13:03:00+00:00,True,,51.731012,0.462979,Male,10-17,White - English/Welsh/Scottish/Northern Irish/British,White,Misuse of Drugs Act 1971 (section 23),,A no further action disposal,,
Person search,2022-03-28T13:03:00+00:00,False,,51.568245,0.463420,Male,10-17,White - English/Welsh/Scottish/Northern Irish/British,White,Police and Criminal Evidence Act 1984 (section 1),,Arrest,,
Person search,2022-03-28T13:03:00+00:00,True,,51.731012,0.462979,Male,10-17,White - English/Welsh/Scottish/Northern Irish/British,White,Misuse of Drugs Act 1971 (section 23),,A no further action disposal,,
Person search,2022-03-28T13:03:00+00:00,True,,51.731012,0.462979,Male,10-17,White - English/Welsh/Scottish/Northern Irish/British,White,Misuse of Drugs Act 1971 (section 23),,A no further action disposal,,
Person search,2022-03-28T13:03:00+00:00,True,,51.731012,0.462979,Male,10-17,White - English/Welsh/Scottish/Northern Irish/British,White,Misuse of Drugs Act 1971 (section 23),,A no further action disposal,,
Person search,2022-03-28T14:03:00+00:00,False,,51.547700,0.702103,Female,over 34,White - English/Welsh/Scottish/Northern Irish/British,White,Misuse of Drugs Act 1971 (section 23),,Arrest,,
Person search,2022-03-28T15:03:00+00:00,False,,51.934723,1.254127,Male,10-17,White - English/Welsh/Scottish/Northern Irish/British,White,Misuse of Drugs Act 1971 (section 23),,A no further action disposal,,
Person search,2022-03-28T15:03:00+00:00,False,,51.613134,0.518719,Male,over 34,Black/African/Caribbean/Black British - Any other Black/African/Caribbean background,Black,Police and Criminal Evidence Act 1984 (section 1),,A no further action disposal,,
Person search,2022-03-28T15:03:00+00:00,False,,51.934723,1.254127,Male,10-17,White - English/Welsh/Scottish/Northern Irish/British,White,Misuse of Drugs Act 1971 (section 23),,A no further action disposal,,
Person search,2022-03-28T15:03:00+00:00,False,,51.568517,0.460736,Male,10-17,White - English/Welsh/Scottish/Northern Irish/British,White,Police and Criminal Evidence Act 1984 (section 1),,Arrest,,
Person search,2022-03-28T16:03:00+00:00,False,,,,Male,18-24,White - Any other White background,White,Misuse of Drugs Act 1971 (section 23),,A no further action disposal,,
Person search,2022-03-28T17:03:00+00:00,False,,51.782739,0.141140,Female,18-24,Other ethnic group - Not stated,White,Misuse of Drugs Act 1971 (section 23),,A no further action disposal,,
Person search,2022-03-28T17:03:00+00:00,True,,51.783053,0.134268,Male,over 34,White - English/Welsh/Scottish/Northern Irish/British,White,Misuse of Drugs Act 1971 (section 23),,Community resolution,,
Person search,2022-03-28T17:03:00+00:00,False,,51.936760,1.277295,Male,18-24,White - English/Welsh/Scottish/Northern Irish/British,White,,,A no further action disposal,,
Person search,2022-03-28T17:03:00+00:00,False,,51.782739,0.141140,Male,18-24,White - English/Welsh/Scottish/Northern Irish/British,White,Misuse of Drugs Act 1971 (section 23),,A no further action disposal,,
Person search,2022-03-28T18:03:00+00:00,False,,51.780804,0.100397,Male,18-24,White - English/Welsh/Scottish/Northern Irish/British,White,Misuse of Drugs Act 1971 (section 23),,A no further action disposal,,
Person search,2022-03-28T18:03:00+00:00,True,,51.555380,0.678984,Male,18-24,Mixed/Multiple ethnic groups - Any other Mixed/Multiple ethnic background,Black,Misuse of Drugs Act 1971 (section 23),,Arrest,,
Person search,2022-03-28T18:03:00+00:00,False,,51.497206,0.305593,Male,18-24,White - English/Welsh/Scottish/Northern Irish/British,White,Misuse of Drugs Act 1971 (section 23),,Arrest,,
Person search,2022-03-28T18:03:00+00:00,False,,51.859546,1.282367,Male,25-34,White - English/Welsh/Scottish/Northern Irish/British,White,Police and Criminal Evidence Act 1984 (section 1),,A no further action disposal,,
Person search,2022-03-28T18:03:00+00:00,False,,51.564610,0.481838,Male,,Other ethnic group - Not stated,,Police and Criminal Evidence Act 1984 (section 1),,A no further action disposal,,
Person search,2022-03-28T18:03:00+00:00,False,,51.564610,0.481838,Male,,Other ethnic group - Not stated,,Police and Criminal Evidence Act 1984 (section 1),,A no further action disposal,,
Person search,2022-03-28T18:03:00+00:00,False,,51.564454,0.480675,Male,,Other ethnic group - Not stated,White,Police and Criminal Evidence Act 1984 (section 1),,A no further action disposal,,
Person search,2022-03-28T19:03:00+00:00,False,,51.768166,0.096056,Male,25-34,White - English/Welsh/Scottish/Northern Irish/British,White,Misuse of Drugs Act 1971 (section 23),,A no further action disposal,,
Person search,2022-03-28T20:03:00+00:00,False,,51.567916,0.512423,Male,over 34,White - English/Welsh/Scottish/Northern Irish/British,White,Police and Criminal Evidence Act 1984 (section 1),,A no further action disposal,,
Person and Vehicle search,2022-03-28T20:03:00+00:00,False,,51.853923,1.182364,Male,over 34,White - English/Welsh/Scottish/Northern Irish/British,White,,,Summons / charged by post,,
Person and Vehicle search,2022-03-28T20:03:00+00:00,False,,51.903638,1.082237,Male,,Other ethnic group - Not stated,Black,,,A no further action disposal,,
Person search,2022-03-28T20:03:00+00:00,False,,51.751646,0.134047,Male,18-24,White - English/Welsh/Scottish/Northern Irish/British,White,Misuse of Drugs Act 1971 (section 23),,Arrest,,
Person search,2022-03-28T20:03:00+00:00,False,,51.497206,0.305593,Male,18-24,White - English/Welsh/Scottish/Northern Irish/British,White,Misuse of Drugs Act 1971 (section 23),,Arrest,,
Person search,2022-03-28T20:03:00+00:00,False,,51.889938,0.261741,Male,25-34,Other ethnic group - Not stated,White,Police and Criminal Evidence Act 1984 (section 1),,A no further action disposal,,
Person search,2022-03-28T20:03:00+00:00,False,,51.620364,0.304262,Male,18-24,White - English/Welsh/Scottish/Northern Irish/British,White,Police and Criminal Evidence Act 1984 (section 1),,A no further action disposal,,
Person search,2022-03-28T20:03:00+00:00,False,,51.620364,0.304262,Male,18-24,White - English/Welsh/Scottish/Northern Irish/British,White,Police and Criminal Evidence Act 1984 (section 1),,A no further action disposal,,
Person search,2022-03-28T21:03:00+00:00,False,,51.751646,0.134047,Male,10-17,White - English/Welsh/Scottish/Northern Irish/British,White,Misuse of Drugs Act 1971 (section 23),,Caution (simple or conditional),,
Person search,2022-03-28T21:03:00+00:00,True,,51.785514,0.137415,Male,18-24,White - English/Welsh/Scottish/Northern Irish/British,White,Misuse of Drugs Act 1971 (section 23),,Community resolution,,
Person search,2022-03-28T21:03:00+00:00,False,,51.558771,0.599439,Male,over 34,Other ethnic group - Not stated,White,Police and Criminal Evidence Act 1984 (section 1),,A no further action disposal,,
Person search,2022-03-28T21:03:00+00:00,True,,51.785514,0.137415,Male,18-24,White - English/Welsh/Scottish/Northern Irish/British,White,Misuse of Drugs Act 1971 (section 23),,A no further action disposal,,
Person search,2022-03-29T00:03:00+00:00,False,,51.534918,0.713474,Male,over 34,White - English/Welsh/Scottish/Northern Irish/British,White,Misuse of Drugs Act 1971 (section 23),,Arrest,,
Person search,2022-03-29T01:03:00+00:00,False,,51.873464,0.562520,Male,25-34,Other ethnic group - Not stated,Asian,Misuse of Drugs Act 1971 (section 23),,A no further action disposal,,
Person search,2022-03-29T03:03:00+00:00,False,,51.873464,0.562520,Male,18-24,Asian/Asian British - Indian,Asian,Misuse of Drugs Act 1971 (section 23),,A no further action disposal,,
Person search,2022-03-29T03:03:00+00:00,False,,51.873464,0.562520,Male,18-24,Other ethnic group - Not stated,Other,Misuse of Drugs Act 1971 (section 23),,A no further action disposal,,
Person search,2022-03-29T04:03:00+00:00,False,,51.883851,0.545135,Male,18-24,White - English/Welsh/Scottish/Northern Irish/British,White,Police and Criminal Evidence Act 1984 (section 1),,A no further action disposal,,
Person search,2022-03-29T04:03:00+00:00,False,,51.723870,0.495013,Male,10-17,White - English/Welsh/Scottish/Northern Irish/British,White,Misuse of Drugs Act 1971 (section 23),,A no further action disposal,,
Person search,2022-03-29T04:03:00+00:00,False,,51.748857,0.452505,Male,25-34,White - English/Welsh/Scottish/Northern Irish/British,White,Misuse of Drugs Act 1971 (section 23),,A no further action disposal,,
Person search,2022-03-29T05:03:00+00:00,False,,51.813597,0.636935,Male,18-24,White - English/Welsh/Scottish/Northern Irish/British,White,Misuse of Drugs Act 1971 (section 23),,Arrest,,
Person and Vehicle search,2022-03-29T12:03:00+00:00,False,,51.721146,0.535275,Male,25-34,White - English/Welsh/Scottish/Northern Irish/British,White,Misuse of Drugs Act 1971 (section 23),,A no further action disposal,,
Person search,2022-03-29T12:03:00+00:00,False,,51.511211,0.419251,Female,10-17,White - English/Welsh/Scottish/Northern Irish/British,White,Police and Criminal Evidence Act 1984 (section 1),,A no further action disposal,,
Person search,2022-03-29T14:03:00+00:00,False,,51.568245,0.463420,Male,25-34,White - English/Welsh/Scottish/Northern Irish/British,White,Police and Criminal Evidence Act 1984 (section 1),,A no further action disposal,,
Person search,2022-03-29T14:03:00+00:00,False,,51.771452,0.094846,Male,25-34,Black/African/Caribbean/Black British - African,Black,Police and Criminal Evidence Act 1984 (section 1),,Arrest,,
Person search,2022-03-29T14:03:00+00:00,False,,51.888368,0.847097,Male,25-34,White - English/Welsh/Scottish/Northern Irish/British,White,Police and Criminal Evidence Act 1984 (section 1),,Caution (simple or conditional),,
Person search,2022-03-29T14:03:00+00:00,False,,51.780166,0.534915,Male,10-17,White - English/Welsh/Scottish/Northern Irish/British,White,Police and Criminal Evidence Act 1984 (section 1),,A no further action disposal,,
Person search,2022-03-29T14:03:00+00:00,False,,51.568814,0.459410,Male,over 34,White - English/Welsh/Scottish/Northern Irish/British,White,Police and Criminal Evidence Act 1984 (section 1),,A no further action disposal,,
Person search,2022-03-29T15:03:00+00:00,True,,51.568490,0.455569,Female,,White - English/Welsh/Scottish/Northern Irish/British,White,Misuse of Drugs Act 1971 (section 23),,A no further action disposal,,
Person search,2022-03-29T15:03:00+00:00,False,,51.576365,0.444071,Male,18-24,Black/African/Caribbean/Black British - Caribbean,Black,Police and Criminal Evidence Act 1984 (section 1),,Community resolution,,
Person search,2022-03-29T15:03:00+00:00,False,,51.790419,1.149490,Female,over 34,White - English/Welsh/Scottish/Northern Irish/British,White,Police and Criminal Evidence Act 1984 (section 1),,A no further action disposal,,
Person search,2022-03-29T15:03:00+00:00,False,,51.568490,0.455569,Female,18-24,White - English/Welsh/Scottish/Northern Irish/British,White,Misuse of Drugs Act 1971 (section 23),,Community resolution,,
Person search,2022-03-29T16:03:00+00:00,False,,51.860590,1.283954,Male,10-17,White - English/Welsh/Scottish/Northern Irish/British,White,Police and Criminal Evidence Act 1984 (section 1),,A no further action disposal,,
Person search,2022-03-29T16:03:00+00:00,False,,51.860590,1.283954,Male,10-17,White - English/Welsh/Scottish/Northern Irish/British,White,Police and Criminal Evidence Act 1984 (section 1),,A no further action disposal,,
Person search,2022-03-29T16:03:00+00:00,False,,51.860590,1.283954,Male,10-17,White - English/Welsh/Scottish/Northern Irish/British,White,Police and Criminal Evidence Act 1984 (section 1),,A no further action disposal,,
Person search,2022-03-29T16:03:00+00:00,False,,51.860590,1.283954,Male,10-17,White - English/Welsh/Scottish/Northern Irish/British,White,,,A no further action disposal,,
Person search,2022-03-29T16:03:00+00:00,False,,51.860590,1.283954,Male,10-17,White - English/Welsh/Scottish/Northern Irish/British,White,Police and Criminal Evidence Act 1984 (section 1),,A no further action disposal,,
Person search,2022-03-29T17:03:00+00:00,False,,51.534713,0.774491,Male,10-17,White - English/Welsh/Scottish/Northern Irish/British,White,Police and Criminal Evidence Act 1984 (section 1),,A no further action disposal,,
Person and Vehicle search,2022-03-29T17:03:00+00:00,False,,51.527443,0.591079,Female,25-34,White - English/Welsh/Scottish/Northern Irish/British,White,Misuse of Drugs Act 1971 (section 23),,Community resolution,,
Person search,2022-03-29T17:03:00+00:00,False,,51.579555,0.445960,Male,25-34,White - English/Welsh/Scottish/Northern Irish/British,White,Police and Criminal Evidence Act 1984 (section 1),,Community resolution,,
Person search,2022-03-29T18:03:00+00:00,False,,51.534713,0.774491,Male,10-17,White - English/Welsh/Scottish/Northern Irish/British,White,Police and Criminal Evidence Act 1984 (section 1),,A no further action disposal,,
Person search,2022-03-29T18:03:00+00:00,False,,52.050132,1.142409,Male,over 34,White - English/Welsh/Scottish/Northern Irish/British,White,Police and Criminal Evidence Act 1984 (section 1),,A no further action disposal,,
Person search,2022-03-29T18:03:00+00:00,False,,51.535523,0.774843,Male,10-17,White - English/Welsh/Scottish/Northern Irish/British,White,Police and Criminal Evidence Act 1984 (section 1),,A no further action disposal,,
Vehicle search,2022-03-29T20:03:00+00:00,False,,51.940260,1.285976,,,,,,,A no further action disposal,,
Person search,2022-03-29T21:03:00+00:00,True,,51.611410,0.430744,Male,10-17,White - English/Welsh/Scottish/Northern Irish/British,White,Police and Criminal Evidence Act 1984 (section 1),,A no further action disposal,,
Vehicle search,2022-03-29T21:03:00+00:00,True,,51.611410,0.430744,,,,,Police and Criminal Evidence Act 1984 (section 1),,A no further action disposal,,
Person search,2022-03-29T21:03:00+00:00,False,,51.936411,1.273035,Male,18-24,White - English/Welsh/Scottish/Northern Irish/British,White,Misuse of Drugs Act 1971 (section 23),,Summons / charged by post,,
Vehicle search,2022-03-29T21:03:00+00:00,False,,51.936411,1.273035,,,,,Misuse of Drugs Act 1971 (section 23),,A no further action disposal,,
Person search,2022-03-29T21:03:00+00:00,False,,51.571868,0.456169,Male,over 34,White - English/Welsh/Scottish/Northern Irish/British,White,Police and Criminal Evidence Act 1984 (section 1),,Arrest,,
Person and Vehicle search,2022-03-29T22:03:00+00:00,False,,51.937278,1.283255,Male,,White - English/Welsh/Scottish/Northern Irish/British,White,,,A no further action disposal,,
Person search,2022-03-29T22:03:00+00:00,False,,51.580459,0.499503,Male,10-17,White - English/Welsh/Scottish/Northern Irish/British,White,Police and Criminal Evidence Act 1984 (section 1),,A no further action disposal,,
Person search,2022-03-29T22:03:00+00:00,False,,51.694199,0.101289,Male,18-24,Asian/Asian British - Any other Asian background,Other,Police and Criminal Evidence Act 1984 (section 1),,A no further action disposal,,
Person and Vehicle search,2022-03-29T22:03:00+00:00,False,,51.937278,1.283255,Male,,White - English/Welsh/Scottish/Northern Irish/British,White,,,A no further action disposal,,
Vehicle search,2022-03-29T23:03:00+00:00,False,,51.937468,1.281610,,,,,,,A no further action disposal,,
Person search,2022-03-30T00:03:00+00:00,False,,51.566431,0.545805,Male,25-34,White - Any other White background,White,Misuse of Drugs Act 1971 (section 23),,Arrest,,
Person search,2022-03-30T00:03:00+00:00,False,,51.583655,0.423863,Male,,White - Any other White background,White,Police and Criminal Evidence Act 1984 (section 1),,A no further action disposal,,
Person search,2022-03-30T00:03:00+00:00,False,,51.787978,1.156340,Male,18-24,Other ethnic group - Not stated,White,Misuse of Drugs Act 1971 (section 23),,Arrest,,
Vehicle search,2022-03-30T00:03:00+00:00,False,,51.566431,0.545805,,,,,Misuse of Drugs Act 1971 (section 23),,Arrest,,
Person search,2022-03-30T00:03:00+00:00,False,,51.938205,1.281605,Male,over 34,White - English/Welsh/Scottish/Northern Irish/British,White,Police and Criminal Evidence Act 1984 (section 1),,Community resolution,,
Vehicle search,2022-03-30T00:03:00+00:00,False,,51.583655,0.423863,,,,,Police and Criminal Evidence Act 1984 (section 1),,A no further action disposal,,
Person search,2022-03-30T02:03:00+00:00,False,,51.579151,0.512278,Male,10-17,Other ethnic group - Not stated,White,Police and Criminal Evidence Act 1984 (section 1),,A no further action disposal,,
Person search,2022-03-30T02:03:00+00:00,False,,51.780166,0.534915,Male,25-34,White - English/Welsh/Scottish/Northern Irish/British,White,Misuse of Drugs Act 1971 (section 23),,Community resolution,,
Person search,2022-03-30T08:03:00+00:00,True,,51.886013,0.934485,Male,over 34,White - English/Welsh/Scottish/Northern Irish/British,White,Misuse of Drugs Act 1971 (section 23),,A no further action disposal,,
Person and Vehicle search,2022-03-30T09:03:00+00:00,False,,51.588548,0.388305,Male,over 34,White - Any other White background,White,Police and Criminal Evidence Act 1984 (section 1),,A no further action disposal,,
Person search,2022-03-30T10:03:00+00:00,False,,51.891307,0.901994,Female,,White - English/Welsh/Scottish/Northern Irish/British,White,Misuse of Drugs Act 1971 (section 23),,A no further action disposal,,
Person and Vehicle search,2022-03-30T10:03:00+00:00,False,,51.577980,0.496380,Male,25-34,Other ethnic group - Any other ethnic group,Other,Misuse of Drugs Act 1971 (section 23),,A no further action disposal,,
Person search,2022-03-30T10:03:00+00:00,False,,51.577980,0.496380,Male,18-24,White - Any other White background,White,Misuse of Drugs Act 1971 (section 23),,Summons / charged by post,,
Person search,2022-03-30T10:03:00+00:00,False,,51.891307,0.901994,Male,,White - English/Welsh/Scottish/Northern Irish/British,White,Misuse of Drugs Act 1971 (section 23),,A no further action disposal,,
Person search,2022-03-30T10:03:00+00:00,False,,51.891307,0.901994,Male,,White - English/Welsh/Scottish/Northern Irish/British,White,Misuse of Drugs Act 1971 (section 23),,A no further action disposal,,
Person search,2022-03-30T11:03:00+00:00,False,,51.891307,0.901994,Male,10-17,White - English/Welsh/Scottish/Northern Irish/British,White,Misuse of Drugs Act 1971 (section 23),,A no further action disposal,,
Person search,2022-03-30T11:03:00+00:00,False,,51.540157,0.726073,Male,over 34,White - English/Welsh/Scottish/Northern Irish/British,White,Police and Criminal Evidence Act 1984 (section 1),,Arrest,,
Person and Vehicle search,2022-03-30T13:03:00+00:00,False,,51.888598,0.937226,Male,over 34,White - English/Welsh/Scottish/Northern Irish/British,White,Misuse of Drugs Act 1971 (section 23),,A no further action disposal,,
Person search,2022-03-30T15:03:00+00:00,False,,51.889423,0.902192,Male,10-17,Asian/Asian British - Any other Asian background,,Police and Criminal Evidence Act 1984 (section 1),,Community resolution,,
Person search,2022-03-30T16:03:00+00:00,False,,51.744491,0.459178,Male,18-24,White - English/Welsh/Scottish/Northern Irish/British,White,Misuse of Drugs Act 1971 (section 23),,A no further action disposal,,
Vehicle search,2022-03-30T16:03:00+00:00,False,,51.744491,0.459178,,,,,Misuse of Drugs Act 1971 (section 23),,A no further action disposal,,
Person search,2022-03-30T16:03:00+00:00,False,,51.774150,0.092811,Male,over 34,Other ethnic group - Not stated,White,Police and Criminal Evidence Act 1984 (section 1),,Community resolution,,
Person search,2022-03-30T17:03:00+00:00,False,,51.585035,0.463838,Male,,White - English/Welsh/Scottish/Northern Irish/British,White,Misuse of Drugs Act 1971 (section 23),,A no further action disposal,,
Person search,2022-03-30T17:03:00+00:00,False,,51.585035,0.463838,Male,18-24,White - English/Welsh/Scottish/Northern Irish/British,White,Misuse of Drugs Act 1971 (section 23),,A no further action disposal,,
Person search,2022-03-30T17:03:00+00:00,False,,51.766192,0.104878,Male,10-17,White - English/Welsh/Scottish/Northern Irish/British,White,Misuse of Drugs Act 1971 (section 23),,Community resolution,,
Person search,2022-03-30T17:03:00+00:00,False,,51.759378,0.105749,Male,18-24,Other ethnic group - Not stated,Other,Misuse of Drugs Act 1971 (section 23),,A no further action disposal,,
Vehicle search,2022-03-30T17:03:00+00:00,False,,51.759378,0.105749,,,,,Misuse of Drugs Act 1971 (section 23),,A no further action disposal,,
Person search,2022-03-30T18:03:00+00:00,True,,51.607483,0.691411,Male,18-24,White - English/Welsh/Scottish/Northern Irish/British,White,Misuse of Drugs Act 1971 (section 23),,A no further action disposal,,
Vehicle search,2022-03-30T18:03:00+00:00,True,,51.607483,0.691411,,,,,Misuse of Drugs Act 1971 (section 23),,A no further action disposal,,
Person search,2022-03-30T18:03:00+00:00,True,,51.607483,0.691411,Female,18-24,White - English/Welsh/Scottish/Northern Irish/British,White,Misuse of Drugs Act 1971 (section 23),,A no further action disposal,,
Person search,2022-03-30T20:03:00+00:00,False,,51.565722,0.462750,Male,,White - Any other White background,White,Police and Criminal Evidence Act 1984 (section 1),,Arrest,,
Person search,2022-03-30T21:03:00+00:00,False,,51.565066,0.505657,Male,25-34,White - English/Welsh/Scottish/Northern Irish/British,White,Police and Criminal Evidence Act 1984 (section 1),,A no further action disposal,,
Person search,2022-03-30T21:03:00+00:00,False,,51.565066,0.505657,Male,18-24,Mixed/Multiple ethnic groups - Any other Mixed/Multiple ethnic background,Black,Police and Criminal Evidence Act 1984 (section 1),,A no further action disposal,,
Person search,2022-03-30T21:03:00+00:00,False,,51.564041,0.506467,Male,25-34,White - English/Welsh/Scottish/Northern Irish/British,White,Police and Criminal Evidence Act 1984 (section 1),,A no further action disposal,,
Person search,2022-03-30T21:03:00+00:00,False,,51.565755,0.447427,Male,25-34,Black/African/Caribbean/Black British - African,Black,Police and Criminal Evidence Act 1984 (section 1),,A no further action disposal,,
Person search,2022-03-30T21:03:00+00:00,False,,51.540765,0.707966,Male,25-34,Other ethnic group - Not stated,White,Police and Criminal Evidence Act 1984 (section 1),,A no further action disposal,,
Person search,2022-03-30T22:03:00+00:00,False,,51.809008,0.650261,Male,25-34,White - English/Welsh/Scottish/Northern Irish/British,White,Misuse of Drugs Act 1971 (section 23),,A no further action disposal,,
Person search,2022-03-30T22:03:00+00:00,False,,51.929309,1.226703,Male,18-24,Mixed/Multiple ethnic groups - White and Asian,White,,,A no further action disposal,,
Person search,2022-03-30T23:03:00+00:00,False,,51.787978,1.156340,Male,18-24,White - English/Welsh/Scottish/Northern Irish/British,White,Misuse of Drugs Act 1971 (section 23),,Community resolution,,
Person search,2022-03-31T01:03:00+00:00,False,,51.727384,0.484939,Male,10-17,Other ethnic group - Not stated,White,Misuse of Drugs Act 1971 (section 23),,A no further action disposal,,
Person search,2022-03-31T02:03:00+00:00,False,,51.571394,0.461180,Male,18-24,Other ethnic group - Not stated,Black,Misuse of Drugs Act 1971 (section 23),,A no further action disposal,,
Person search,2022-03-31T07:03:00+00:00,False,,,,Female,over 34,Other ethnic group - Not stated,White,Police and Criminal Evidence Act 1984 (section 1),,A no further action disposal,,
Person search,2022-03-31T09:03:00+00:00,False,,51.773496,0.091665,Female,18-24,White - English/Welsh/Scottish/Northern Irish/British,White,Police and Criminal Evidence Act 1984 (section 1),,Community resolution,,
Person search,2022-03-31T09:03:00+00:00,False,,51.773496,0.091665,Female,25-34,White - English/Welsh/Scottish/Northern Irish/British,White,Police and Criminal Evidence Act 1984 (section 1),,Community resolution,,
Person search,2022-03-31T09:03:00+00:00,False,,51.774150,0.092811,Female,25-34,White - English/Welsh/Scottish/Northern Irish/British,White,Police and Criminal Evidence Act 1984 (section 1),,Community resolution,,
Person search,2022-03-31T10:03:00+00:00,False,,51.883738,0.552452,Male,10-17,White - English/Welsh/Scottish/Northern Irish/British,White,Misuse of Drugs Act 1971 (section 23),,A no further action disposal,,
Person search,2022-03-31T11:03:00+00:00,True,,51.888345,0.907239,Male,,White - English/Welsh/Scottish/Northern Irish/British,White,Police and Criminal Evidence Act 1984 (section 1),,A no further action disposal,,
Person search,2022-03-31T12:03:00+00:00,False,,51.768833,0.090927,Male,10-17,Other ethnic group - Not stated,Black,Police and Criminal Evidence Act 1984 (section 1),,A no further action disposal,,
Person search,2022-03-31T12:03:00+00:00,False,,51.788004,0.123598,Male,over 34,White - English/Welsh/Scottish/Northern Irish/British,White,Police and Criminal Evidence Act 1984 (section 1),,A no further action disposal,,
Person search,2022-03-31T13:03:00+00:00,False,,51.883300,0.901362,Male,,White - English/Welsh/Scottish/Northern Irish/British,White,Misuse of Drugs Act 1971 (section 23),,A no further action disposal,,
Person search,2022-03-31T14:03:00+00:00,False,,51.779053,1.120743,Male,25-34,White - English/Welsh/Scottish/Northern Irish/British,White,Police and Criminal Evidence Act 1984 (section 1),,A no further action disposal,,
Person search,2022-03-31T15:03:00+00:00,False,,51.766989,0.097002,Male,18-24,White - English/Welsh/Scottish/Northern Irish/British,White,Misuse of Drugs Act 1971 (section 23),,A no further action disposal,,
Person search,2022-03-31T15:03:00+00:00,False,,51.766989,0.097002,Male,18-24,White - English/Welsh/Scottish/Northern Irish/British,White,Misuse of Drugs Act 1971 (section 23),,Community resolution,,
Person search,2022-03-31T15:03:00+00:00,False,,51.766989,0.097002,Male,10-17,White - English/Welsh/Scottish/Northern Irish/British,White,Misuse of Drugs Act 1971 (section 23),,Community resolution,,
Person search,2022-03-31T15:03:00+00:00,False,,51.768833,0.090927,Male,18-24,Other ethnic group - Not stated,Asian,Misuse of Drugs Act 1971 (section 23),,A no further action disposal,,
Person search,2022-03-31T15:03:00+00:00,False,,51.582444,0.458313,Female,25-34,Black/African/Caribbean/Black British - Any other Black/African/Caribbean background,,Misuse of Drugs Act 1971 (section 23),,A no further action disposal,,
Person and Vehicle search,2022-03-31T15:03:00+00:00,False,,51.582444,0.458313,Female,18-24,White - English/Welsh/Scottish/Northern Irish/British,White,Misuse of Drugs Act 1971 (section 23),,A no further action disposal,,
Person search,2022-03-31T15:03:00+00:00,False,,51.570727,0.456959,Female,10-17,White - English/Welsh/Scottish/Northern Irish/British,White,Misuse of Drugs Act 1971 (section 23),,A no further action disposal,,
Vehicle search,2022-03-31T16:03:00+00:00,False,,51.878975,0.562601,,,,,Police and Criminal Evidence Act 1984 (section 1),,A no further action disposal,,
Person search,2022-03-31T16:03:00+00:00,False,,51.553335,0.552936,Male,,White - English/Welsh/Scottish/Northern Irish/British,White,Police and Criminal Evidence Act 1984 (section 1),,A no further action disposal,,
Person search,2022-03-31T16:03:00+00:00,True,,51.878975,0.562601,Male,over 34,White - English/Welsh/Scottish/Northern Irish/British,White,Police and Criminal Evidence Act 1984 (section 1),,Arrest,,
Person search,2022-03-31T16:03:00+00:00,False,,51.878975,0.562601,Male,25-34,White - English/Welsh/Scottish/Northern Irish/British,White,Police and Criminal Evidence Act 1984 (section 1),,Community resolution,,
Person search,2022-03-31T16:03:00+00:00,False,,51.878975,0.562601,Female,over 34,Other ethnic group - Not stated,Asian,Police and Criminal Evidence Act 1984 (section 1),,Community resolution,,
Person search,2022-03-31T16:03:00+00:00,True,,51.878975,0.562601,Female,over 34,Other ethnic group - Not stated,Asian,Police and Criminal Evidence Act 1984 (section 1),,A no further action disposal,,
Person search,2022-03-31T16:03:00+00:00,True,,51.878975,0.562601,Male,25-34,White - English/Welsh/Scottish/Northern Irish/British,White,Misuse of Drugs Act 1971 (section 23),,Community resolution,,
Vehicle search,2022-03-31T17:03:00+00:00,False,,51.468933,0.426718,,,,,Misuse of Drugs Act 1971 (section 23),,A no further action disposal,,
Person and Vehicle search,2022-03-31T17:03:00+00:00,True,,51.468933,0.426718,Male,18-24,White - English/Welsh/Scottish/Northern Irish/British,White,Misuse of Drugs Act 1971 (section 23),,A no further action disposal,,
Person search,2022-03-31T17:03:00+00:00,False,,51.483975,0.419912,Male,18-24,Other ethnic group - Not stated,White,Misuse of Drugs Act 1971 (section 23),,A no further action disposal,,
Person search,2022-03-31T18:03:00+00:00,True,,51.749300,0.455832,Male,10-17,White - English/Welsh/Scottish/Northern Irish/British,White,Police and Criminal Evidence Act 1984 (section 1),,A no further action disposal,,
Person search,2022-03-31T18:03:00+00:00,False,,51.540241,0.716257,Male,,White - English/Welsh/Scottish/Northern Irish/British,White,Police and Criminal Evidence Act 1984 (section 1),,A no further action disposal,,
Person search,2022-03-31T19:03:00+00:00,True,,51.737344,0.467191,Male,18-24,Other ethnic group - Not stated,Black,Police and Criminal Evidence Act 1984 (section 1),,A no further action disposal,,
Person search,2022-03-31T19:03:00+00:00,True,,51.499089,0.315472,Male,18-24,Black/African/Caribbean/Black British - Any other Black/African/Caribbean background,Black,Misuse of Drugs Act 1971 (section 23),,A no further action disposal,,
Person and Vehicle search,2022-03-31T20:03:00+00:00,False,,51.600231,0.519420,Male,18-24,White - Gypsy or Irish Traveller,White,Misuse of Drugs Act 1971 (section 23),,A no further action disposal,,
Person and Vehicle search,2022-03-31T20:03:00+00:00,False,,51.499964,0.319882,Male,25-34,Black/African/Caribbean/Black British - Any other Black/African/Caribbean background,Black,Misuse of Drugs Act 1971 (section 23),,A no further action disposal,,
Person and Vehicle search,2022-03-31T20:03:00+00:00,False,,51.600231,0.519420,Male,18-24,White - Any other White background,White,Misuse of Drugs Act 1971 (section 23),,A no further action disposal,,
Person search,2022-03-31T20:03:00+00:00,False,,51.766989,0.097002,Male,10-17,Other ethnic group - Not stated,White,Police and Criminal Evidence Act 1984 (section 1),,A no further action disposal,,
Person search,2022-03-31T20:03:00+00:00,False,,,,Male,10-17,Other ethnic group - Not stated,White,Misuse of Drugs Act 1971 (section 23),,A no further action disposal,,
Person and Vehicle search,2022-03-31T21:03:00+00:00,False,,51.975178,0.213468,Male,over 34,Other ethnic group - Not stated,White,Misuse of Drugs Act 1971 (section 23),,Arrest,,
Person and Vehicle search,2022-03-31T21:03:00+00:00,False,,51.542767,0.450116,Male,over 34,White - English/Welsh/Scottish/Northern Irish/British,White,Police and Criminal Evidence Act 1984 (section 1),,A no further action disposal,,
Person search,2022-03-31T22:03:00+00:00,False,,51.870956,0.364120,Male,25-34,White - English/Welsh/Scottish/Northern Irish/British,Black,Misuse of Drugs Act 1971 (section 23),,Community resolution,,
Person search,2022-03-31T22:03:00+00:00,False,,51.788761,1.150608,Female,18-24,White - English/Welsh/Scottish/Northern Irish/British,White,Misuse of Drugs Act 1971 (section 23),,A no further action disposal,,
