Crime ID,Month,Reported by,Falls within,Longitude,Latitude,Location,LSOA code,LSOA name,Crime type,Last outcome category,Context
3aa9f3eba665d9746612931fd729364d06bf08be3bdee4c1ca70c04dd47437cb,2020-08,Durham Constabulary,Durham Constabulary,-3.477253,54.707623,On or near Moorside Drive,E01019095,Allerdale 005A,Violence and sexual offences,Action to be taken by another organisation,
6a83e197637af5f6a5248fab498051be87e81302c58cf6400a6d4654265903ae,2020-08,Durham Constabulary,Durham Constabulary,-3.477253,54.707623,On or near Moorside Drive,E01019095,Allerdale 005A,Violence and sexual offences,Action to be taken by another organisation,
8242966c7983f36ae4324ff1de0d1f11027278cc1daa8866cda8faf753a84809,2020-08,Durham Constabulary,Durham Constabulary,-3.367889,54.662847,On or near Sullart Street,E01019088,Allerdale 006D,Violence and sexual offences,Status update unavailable,
f06c4ff5d599a446e5bbdacc6a45ac122cc86e53bdfc55928018f5e58e302cf4,2020-08,Durham Constabulary,Durham Constabulary,-1.822253,52.494114,On or near Twyford Road,E01009481,Birmingham 044D,Violence and sexual offences,Status update unavailable,
,2020-08,Durham Constabulary,Durham Constabulary,-1.750831,54.902653,On or near B6310,E01020634,County Durham 001A,Anti-social behaviour,,
f0aab1ef4ee94a19feda5adc26d54ffe96c13d4aaa4275806f1a42e3b8fc5d78,2020-08,Durham Constabulary,Durham Constabulary,-1.727867,54.906261,On or near Park View,E01020634,County Durham 001A,Violence and sexual offences,Status update unavailable,
c537cc326cd94aeefe19ad2ea38bc2c5358d2abaf3913db2bcdf4961c41230b3,2020-08,Durham Constabulary,Durham Constabulary,-1.727867,54.906261,On or near Park View,E01020634,County Durham 001A,Violence and sexual offences,Unable to prosecute suspect,
da95805a4396554c7c9edc64d7234ec701999abe6fb5a8d8a5903bf8008fedcc,2020-08,Durham Constabulary,Durham Constabulary,-1.735064,54.895727,On or near The Meadows,E01020634,County Durham 001A,Violence and sexual offences,Investigation complete; no suspect identified,
3f8a596805aefbfc68676f58187ee64f369b444ecb682744bf69ab5ec06fab90,2020-08,Durham Constabulary,Durham Constabulary,-1.727867,54.906261,On or near Park View,E01020634,County Durham 001A,Violence and sexual offences,Unable to prosecute suspect,
82669c3461e85bf6bcd1ae9f51611a3c42f9dd41d95c3009a3de0d8586d68cc0,2020-08,Durham Constabulary,Durham Constabulary,-1.727867,54.906261,On or near Park View,E01020634,County Durham 001A,Violence and sexual offences,Local resolution,
,2020-08,Durham Constabulary,Durham Constabulary,-1.718119,54.901943,On or near The Sycamores,E01020635,County Durham 001B,Anti-social behaviour,,
,2020-08,Durham Constabulary,Durham Constabulary,-1.724253,54.907969,On or near The Larches,E01020635,County Durham 001B,Anti-social behaviour,,
a2b191978b4808de6af566407b2c9bb5e9610580fb647878bf75dcee9f6ae6c8,2020-08,Durham Constabulary,Durham Constabulary,-1.717457,54.907370,On or near Lobleyhill Road,E01020635,County Durham 001B,Criminal damage and arson,Unable to prosecute suspect,
a2b1c5d87cc24220f077790efee9e26c2440443ec1ece1007fdc23451ee08b6f,2020-08,Durham Constabulary,Durham Constabulary,-1.724500,54.906065,On or near Front Street,E01020635,County Durham 001B,Violence and sexual offences,Unable to prosecute suspect,
1f5b91a23bcb1aabb42dc3b9518f7ed9e5f1faac13fabf2e004cd643ec9bfdbb,2020-08,Durham Constabulary,Durham Constabulary,-1.742925,54.902591,On or near Albion Gardens,E01020636,County Durham 001C,Criminal damage and arson,Local resolution,
ffab583eaac027ea8c52e76783cfc9e1df237b94e0081a9c50b214cd5e52cf46,2020-08,Durham Constabulary,Durham Constabulary,-1.745618,54.903451,On or near Front Street,E01020636,County Durham 001C,Criminal damage and arson,Local resolution,
bb9b8e8dd2bddb1fd045eff78d06e89dca4a4d165bd24f08d8c4e7a757c78bb7,2020-08,Durham Constabulary,Durham Constabulary,-1.741752,54.903191,On or near Friarside Gardens,E01020636,County Durham 001C,Criminal damage and arson,Investigation complete; no suspect identified,
ef3b0aa7fe4c3c72d24b2c9e27fdf9375d2fd55334de444a445661bb892f34ca,2020-08,Durham Constabulary,Durham Constabulary,-1.733979,54.906517,On or near East View,E01020636,County Durham 001C,Vehicle crime,Investigation complete; no suspect identified,
6a9d5150ee9b89bce6ea68c56f51b5d3186018b80e405e82c9a265841d97765b,2020-08,Durham Constabulary,Durham Constabulary,-1.742091,54.903776,On or near Lintz Terrace,E01020636,County Durham 001C,Violence and sexual offences,Unable to prosecute suspect,
48eba4a74575248b1fe97edf78432dfdbf70ad088cd515d92a221fecc7f23e13,2020-08,Durham Constabulary,Durham Constabulary,-1.741883,54.904701,On or near Crathorne Court,E01020636,County Durham 001C,Violence and sexual offences,Unable to prosecute suspect,
1940e87120397fdd5cc920f7180c3bca1f980962fbc6be6928f3ab9435686efa,2020-08,Durham Constabulary,Durham Constabulary,-1.745618,54.903451,On or near Front Street,E01020636,County Durham 001C,Violence and sexual offences,Local resolution,
,2020-08,Durham Constabulary,Durham Constabulary,-1.760076,54.876809,On or near Co-Operative Terrace,E01020654,County Durham 001D,Anti-social behaviour,,
079b1583817e9dbbc7b102454c329aa2c0a2f0b146712ed724607e21ecdeef4b,2020-08,Durham Constabulary,Durham Constabulary,-1.758426,54.879223,On or near Front Street,E01020654,County Durham 001D,Criminal damage and arson,Investigation complete; no suspect identified,
f88a6103a1b89042284c381ee3ccff05ed481acbf81138d18f1249925e565712,2020-08,Durham Constabulary,Durham Constabulary,-1.760076,54.876809,On or near Co-Operative Terrace,E01020654,County Durham 001D,Violence and sexual offences,Unable to prosecute suspect,
4e731bbca04a86baae2603d5fbca998214826f4dde763a848225cf972a3a0cc6,2020-08,Durham Constabulary,Durham Constabulary,-1.746433,54.885300,On or near Sunset View,E01020654,County Durham 001D,Violence and sexual offences,Unable to prosecute suspect,
6a90ca0e059776cb500c7c62bc3150252c2976eb1ea076e7f0f1640ccd0ea2fb,2020-08,Durham Constabulary,Durham Constabulary,-1.725303,54.886548,On or near Unity Terrace,E01020676,County Durham 001E,Criminal damage and arson,Local resolution,
cdfa5bff5e31f075bc33048d8cf765f116fd03bb8096c3bcb464306a5c9c4978,2020-08,Durham Constabulary,Durham Constabulary,-1.712346,54.893653,On or near St Margaret'S Drive,E01020676,County Durham 001E,Other theft,Investigation complete; no suspect identified,
bba9cb47a979248357004fa12e486767b82322be131b02e229f07f7c487cb151,2020-08,Durham Constabulary,Durham Constabulary,-1.725341,54.885641,On or near South View,E01020676,County Durham 001E,Violence and sexual offences,Unable to prosecute suspect,
,2020-08,Durham Constabulary,Durham Constabulary,-1.596706,54.882757,On or near Carnoustie,E01020613,County Durham 002A,Anti-social behaviour,,
82346ac4dc84e1adf989fed611a2ae72a93f097cb032b22ae09f451bde3c034e,2020-08,Durham Constabulary,Durham Constabulary,-1.596706,54.882757,On or near Carnoustie,E01020613,County Durham 002A,Violence and sexual offences,Unable to prosecute suspect,
fd5dbe6b6e9303fd6064276dde9473e9a2d1d7e33616869641bdfa828dd02000,2020-08,Durham Constabulary,Durham Constabulary,-1.602170,54.888203,On or near Woodlands,E01020613,County Durham 002A,Violence and sexual offences,Unable to prosecute suspect,
82f4e074ceab9915fa17a8aed6e51259d5aa0ff6806574bba090e329ee56d972,2020-08,Durham Constabulary,Durham Constabulary,-1.600050,54.888169,On or near Abernethy,E01020613,County Durham 002A,Violence and sexual offences,Local resolution,
ef5eee771b6a9beedd27e9241603aa20a5b452edd8f963a4940cd9b7cc4877ec,2020-08,Durham Constabulary,Durham Constabulary,-1.602170,54.888203,On or near Woodlands,E01020613,County Durham 002A,Violence and sexual offences,Unable to prosecute suspect,
,2020-08,Durham Constabulary,Durham Constabulary,-1.599459,54.884896,On or near Parking Area,E01020614,County Durham 002B,Anti-social behaviour,,
,2020-08,Durham Constabulary,Durham Constabulary,-1.601538,54.884363,On or near Arisaig,E01020614,County Durham 002B,Anti-social behaviour,,
ba7c8e0cc6c7c5383f70e2e5d4f4a7d3a1727024c07bd22edca1955e0b77fa87,2020-08,Durham Constabulary,Durham Constabulary,-1.600631,54.886266,On or near The Oval,E01020614,County Durham 002B,Criminal damage and arson,Local resolution,
16f0c3fba6cf4f483ec36bd3cc38516e70b066002a590aa3cbebc3aad83330d8,2020-08,Durham Constabulary,Durham Constabulary,-1.598141,54.882618,On or near Petrol Station,E01020614,County Durham 002B,Violence and sexual offences,Unable to prosecute suspect,
85f63acb4c29dcded2369991a849eb7b7a204cdc558006a5669b15bf4ee13690,2020-08,Durham Constabulary,Durham Constabulary,-1.598141,54.882618,On or near Petrol Station,E01020614,County Durham 002B,Violence and sexual offences,Unable to prosecute suspect,
4bb52705598dd72af1b7b6563b8948dac3816d1fa1ea60415432fa6b137d13dc,2020-08,Durham Constabulary,Durham Constabulary,-1.598141,54.882618,On or near Petrol Station,E01020614,County Durham 002B,Violence and sexual offences,Further action is not in the public interest,
b6f288c82a13983bff46e6da9bd1deef3d351143ac9c15a3e1fc204b46976e81,2020-08,Durham Constabulary,Durham Constabulary,-1.600631,54.886266,On or near The Oval,E01020614,County Durham 002B,Violence and sexual offences,Unable to prosecute suspect,
a1baf53e33c7bbe75ea7264beefeaa717a0b5390f99675f52c4ea5924da890a2,2020-08,Durham Constabulary,Durham Constabulary,-1.600631,54.886266,On or near The Oval,E01020614,County Durham 002B,Violence and sexual offences,Unable to prosecute suspect,
,2020-08,Durham Constabulary,Durham Constabulary,-1.654047,54.877677,On or near Birchwood Close,E01020622,County Durham 002C,Anti-social behaviour,,
,2020-08,Durham Constabulary,Durham Constabulary,-1.630240,54.873545,On or near Laurel Crescent,E01020622,County Durham 002C,Anti-social behaviour,,
,2020-08,Durham Constabulary,Durham Constabulary,-1.635355,54.873165,On or near Arthur Street,E01020622,County Durham 002C,Anti-social behaviour,,
,2020-08,Durham Constabulary,Durham Constabulary,-1.654047,54.877677,On or near Birchwood Close,E01020622,County Durham 002C,Anti-social behaviour,,
,2020-08,Durham Constabulary,Durham Constabulary,-1.644914,54.874146,On or near Pedestrian Subway,E01020622,County Durham 002C,Anti-social behaviour,,
,2020-08,Durham Constabulary,Durham Constabulary,-1.614251,54.884980,On or near Walden Close,E01020622,County Durham 002C,Anti-social behaviour,,
,2020-08,Durham Constabulary,Durham Constabulary,-1.614251,54.884980,On or near Walden Close,E01020622,County Durham 002C,Anti-social behaviour,,
388652a40e58c2bbf2e460e0652d4a8c950d6f33ad0a3e1b6741ee3d1be9dd82,2020-08,Durham Constabulary,Durham Constabulary,-1.634565,54.872623,On or near Poplar Street,E01020622,County Durham 002C,Burglary,Investigation complete; no suspect identified,
f0666a81d5aaa8cab1d4f26dbef18f59218cfb7c82919a40e366d5f12834965a,2020-08,Durham Constabulary,Durham Constabulary,-1.654047,54.877677,On or near Birchwood Close,E01020622,County Durham 002C,Public order,Unable to prosecute suspect,
4f36499cfa58b8707f96c7bafeafd9726f1191c562bfa00add2db1526760e80f,2020-08,Durham Constabulary,Durham Constabulary,-1.645380,54.876133,On or near View Tops,E01020622,County Durham 002C,Public order,Investigation complete; no suspect identified,
33cd1f4a1b302a0a5e1f5227cd1ea85e5f300546d5dd7da1fbd45e111808f1e9,2020-08,Durham Constabulary,Durham Constabulary,-1.654047,54.877677,On or near Birchwood Close,E01020622,County Durham 002C,Violence and sexual offences,Unable to prosecute suspect,
b32c633e6dadb568a3b9bf608a530c0e3681367147cd7f7ce02a5d1d783f7095,2020-08,Durham Constabulary,Durham Constabulary,-1.629819,54.873552,On or near Lilac Gardens,E01020622,County Durham 002C,Violence and sexual offences,Unable to prosecute suspect,
9f2433b47107b8f801170d5b6f8dbe62744db31127477211d2a43743467fd3a0,2020-08,Durham Constabulary,Durham Constabulary,-1.629819,54.873552,On or near Lilac Gardens,E01020622,County Durham 002C,Violence and sexual offences,Unable to prosecute suspect,
,2020-08,Durham Constabulary,Durham Constabulary,-1.611105,54.886380,On or near Bradley Close,E01020623,County Durham 002D,Anti-social behaviour,,
,2020-08,Durham Constabulary,Durham Constabulary,-1.611105,54.886380,On or near Bradley Close,E01020623,County Durham 002D,Anti-social behaviour,,
,2020-08,Durham Constabulary,Durham Constabulary,-1.611105,54.886380,On or near Bradley Close,E01020623,County Durham 002D,Anti-social behaviour,,
,2020-08,Durham Constabulary,Durham Constabulary,-1.611105,54.886380,On or near Bradley Close,E01020623,County Durham 002D,Anti-social behaviour,,
,2020-08,Durham Constabulary,Durham Constabulary,-1.610089,54.888237,On or near Askrigg Close,E01020623,County Durham 002D,Anti-social behaviour,,
,2020-08,Durham Constabulary,Durham Constabulary,-1.611105,54.886380,On or near Bradley Close,E01020623,County Durham 002D,Anti-social behaviour,,
,2020-08,Durham Constabulary,Durham Constabulary,-1.611105,54.886380,On or near Bradley Close,E01020623,County Durham 002D,Anti-social behaviour,,
b4b348ddf3652ca9284a606c0d9db4517322962a8e307cd1d63114ed84ec968b,2020-08,Durham Constabulary,Durham Constabulary,-1.611105,54.886380,On or near Bradley Close,E01020623,County Durham 002D,Violence and sexual offences,Investigation complete; no suspect identified,
eba476dea353b6ea3f22e743ac0f5aa2ec3ad2732571a347aa97694b88fda87a,2020-08,Durham Constabulary,Durham Constabulary,-1.608944,54.887362,On or near Carlton Close,E01020623,County Durham 002D,Violence and sexual offences,Unable to prosecute suspect,
aca23d64c84a85ab49c80a6729807d1c586330ace27cbf275ccc2438726d8a82,2020-08,Durham Constabulary,Durham Constabulary,-1.608944,54.887362,On or near Carlton Close,E01020623,County Durham 002D,Violence and sexual offences,Unable to prosecute suspect,
,2020-08,Durham Constabulary,Durham Constabulary,-1.852517,54.861499,On or near North View,E01020627,County Durham 003A,Anti-social behaviour,,
,2020-08,Durham Constabulary,Durham Constabulary,-1.859508,54.867259,On or near The Crescent,E01020627,County Durham 003A,Anti-social behaviour,,
99802cc1cd6e24598c27f10bd38dfe3590998a95c8be57761a6b951bf19c3547,2020-08,Durham Constabulary,Durham Constabulary,-1.859995,54.865929,On or near Cutler'S Avenue,E01020627,County Durham 003A,Violence and sexual offences,Further investigation is not in the public interest,
e1a60c1ff2a6aba2b5c4897bbde00255ed4ab897977d47c1856679a3e7c7205c,2020-08,Durham Constabulary,Durham Constabulary,-1.852517,54.861499,On or near North View,E01020627,County Durham 003A,Violence and sexual offences,Status update unavailable,
9348674e1c8b187ce9e94854c0b9552e6eecaa2078a5d3fda0ae359fcc7a62ed,2020-08,Durham Constabulary,Durham Constabulary,-1.854465,54.865752,On or near Surtees Place,E01020627,County Durham 003A,Violence and sexual offences,Local resolution,
e1a60c1ff2a6aba2b5c4897bbde00255ed4ab897977d47c1856679a3e7c7205c,2020-08,Durham Constabulary,Durham Constabulary,-1.852517,54.861499,On or near North View,E01020627,County Durham 003A,Violence and sexual offences,Unable to prosecute suspect,
,2020-08,Durham Constabulary,Durham Constabulary,-1.852572,54.872076,On or near Summerdale,E01020628,County Durham 003B,Anti-social behaviour,,
,2020-08,Durham Constabulary,Durham Constabulary,-1.848908,54.868414,On or near Woodlands Crescent,E01020628,County Durham 003B,Anti-social behaviour,,
14eb46c15d7f5221b5fc495277b9f513ea5cf2fe618474c475107676b0d176e6,2020-08,Durham Constabulary,Durham Constabulary,-1.851247,54.868166,On or near Ashfield,E01020628,County Durham 003B,Burglary,Investigation complete; no suspect identified,
72ac511ba06332837eb8b42e0157899322f45509fcdeb6e9468cf20819960c48,2020-08,Durham Constabulary,Durham Constabulary,-1.847766,54.869887,On or near Glenside,E01020628,County Durham 003B,Criminal damage and arson,Unable to prosecute suspect,
b81114c56f9a015f71c8d262e3558dc61b65fd18a145e546ba2c6f24ba934654,2020-08,Durham Constabulary,Durham Constabulary,-1.842868,54.871211,On or near Hospital,E01020628,County Durham 003B,Violence and sexual offences,Unable to prosecute suspect,
84ddfc54581e55b13adfc87626cc1b86961b6a29f3c8d1453c8a3da703398146,2020-08,Durham Constabulary,Durham Constabulary,-1.847766,54.869887,On or near Glenside,E01020628,County Durham 003B,Violence and sexual offences,Unable to prosecute suspect,
b81114c56f9a015f71c8d262e3558dc61b65fd18a145e546ba2c6f24ba934654,2020-08,Durham Constabulary,Durham Constabulary,-1.842868,54.871211,On or near Hospital,E01020628,County Durham 003B,Violence and sexual offences,Status update unavailable,
997100d9fed26457140c0c9f9d68929515f081d708248774be5b3b9449ae5b20,2020-08,Durham Constabulary,Durham Constabulary,-1.849478,54.870284,On or near The Mount,E01020628,County Durham 003B,Violence and sexual offences,Local resolution,
,2020-08,Durham Constabulary,Durham Constabulary,-1.850846,54.866853,On or near Rosedale Avenue,E01020629,County Durham 003C,Anti-social behaviour,,
,2020-08,Durham Constabulary,Durham Constabulary,-1.847134,54.863901,On or near King'S Road,E01020629,County Durham 003C,Anti-social behaviour,,
,2020-08,Durham Constabulary,Durham Constabulary,-1.847134,54.863901,On or near King'S Road,E01020629,County Durham 003C,Anti-social behaviour,,
,2020-08,Durham Constabulary,Durham Constabulary,-1.847134,54.863901,On or near King'S Road,E01020629,County Durham 003C,Anti-social behaviour,,
,2020-08,Durham Constabulary,Durham Constabulary,-1.847134,54.863901,On or near King'S Road,E01020629,County Durham 003C,Anti-social behaviour,,
,2020-08,Durham Constabulary,Durham Constabulary,-1.852993,54.867808,On or near Benfield Close,E01020629,County Durham 003C,Anti-social behaviour,,
eabbecb8563d5e86bc6e01a8a564408d77859b23118d921af8719f60ec8ebc61,2020-08,Durham Constabulary,Durham Constabulary,-1.852899,54.863531,On or near Moorlands,E01020629,County Durham 003C,Public order,Unable to prosecute suspect,
,2020-08,Durham Constabulary,Durham Constabulary,-1.814620,54.884156,On or near Manor Road,E01020655,County Durham 003D,Anti-social behaviour,,
,2020-08,Durham Constabulary,Durham Constabulary,-1.820977,54.902390,On or near Derwent Crescent,E01020655,County Durham 003D,Anti-social behaviour,,
7a97ce455ee10c1f99864abd6bf505838a2fdba4e8237e1d8fa6fc87807baf98,2020-08,Durham Constabulary,Durham Constabulary,-1.817884,54.903571,On or near Dene Court,E01020655,County Durham 003D,Public order,Unable to prosecute suspect,
fc243f2c26f96063ad239794cd27e6deb8678b53edfe1f13e221c3d5f7cbea9f,2020-08,Durham Constabulary,Durham Constabulary,-1.815932,54.883430,On or near B6310,E01020655,County Durham 003D,Violence and sexual offences,Unable to prosecute suspect,
031e0859ee292ddb9959c1745cfe766371c9750ea4fd46445bd9432c2404a274,2020-08,Durham Constabulary,Durham Constabulary,-1.820977,54.902390,On or near Derwent Crescent,E01020655,County Durham 003D,Violence and sexual offences,Unable to prosecute suspect,
e33aa6cc8c15a7510122ee668f1159fbee2079adbec3a786eb0de81b4f57d0b0,2020-08,Durham Constabulary,Durham Constabulary,-1.820977,54.902390,On or near Derwent Crescent,E01020655,County Durham 003D,Violence and sexual offences,Unable to prosecute suspect,
af1724cfd9f854275de1eac4d5045f6a38eb3762b84d29780811b1080f4c3d42,2020-08,Durham Constabulary,Durham Constabulary,-1.814620,54.884156,On or near Manor Road,E01020655,County Durham 003D,Violence and sexual offences,Investigation complete; no suspect identified,
65b800d97cb9523b9454b2d8f3ba4b717c6099e9bd09b74fd50c69135d45952b,2020-08,Durham Constabulary,Durham Constabulary,-1.812302,54.903248,On or near Oakwell Court,E01020655,County Durham 003D,Violence and sexual offences,Local resolution,
b35d55a8f924e81fa6621e94e9b6b9cf6f9ebc60a1a8eb9e0fe9c66a6bc22d93,2020-08,Durham Constabulary,Durham Constabulary,-1.820977,54.902390,On or near Derwent Crescent,E01020655,County Durham 003D,Violence and sexual offences,Unable to prosecute suspect,
157a5f45fe3b2c2f41bad6520751c6d8676850ef54f74ff3cae5558d9b21a810,2020-08,Durham Constabulary,Durham Constabulary,-1.815932,54.883430,On or near B6310,E01020655,County Durham 003D,Violence and sexual offences,Unable to prosecute suspect,
ea1954a346da826c9dcc06b4ed500c86dc75882a6370b44d03112c6b23bdb79f,2020-08,Durham Constabulary,Durham Constabulary,-1.812302,54.903248,On or near Oakwell Court,E01020655,County Durham 003D,Violence and sexual offences,Local resolution,
597382fcb2b5b664229f87ef3046cb6c004f5419fc32473e20384e7ade307596,2020-08,Durham Constabulary,Durham Constabulary,-1.820977,54.902390,On or near Derwent Crescent,E01020655,County Durham 003D,Violence and sexual offences,Unable to prosecute suspect,
868825d73d51c56f3f2e474e411d7fedc41d2ec144aaba2afa1a9fcfc81a7a5b,2020-08,Durham Constabulary,Durham Constabulary,-1.820977,54.902390,On or near Derwent Crescent,E01020655,County Durham 003D,Violence and sexual offences,Investigation complete; no suspect identified,
754c36bcf93b4d707f4f53e4337b78f5113000102c7f4dccbf7415b6af138932,2020-08,Durham Constabulary,Durham Constabulary,-1.817884,54.903571,On or near Dene Court,E01020655,County Durham 003D,Violence and sexual offences,Unable to prosecute suspect,
9d6556151515ef253b256505fd4525ed45a595092891246e2f1d3f3105236bbd,2020-08,Durham Constabulary,Durham Constabulary,-1.808747,54.886699,On or near The Garth,E01020655,County Durham 003D,Other crime,Action to be taken by another organisation,
,2020-08,Durham Constabulary,Durham Constabulary,-1.842766,54.893263,On or near Chare Bank,E01020656,County Durham 003E,Anti-social behaviour,,
,2020-08,Durham Constabulary,Durham Constabulary,-1.859181,54.876101,On or near Sports/Recreation Area,E01020656,County Durham 003E,Anti-social behaviour,,
86feef8c1f8493cc10e8135d8559530e6192742ebcb34353ecea83aead452b64,2020-08,Durham Constabulary,Durham Constabulary,-1.841540,54.891823,On or near Cohort Close,E01020656,County Durham 003E,Other theft,Investigation complete; no suspect identified,
50e7335209b388c878c1d088c65f70bb097857c767c4e157add2e3cbaef8fb3e,2020-08,Durham Constabulary,Durham Constabulary,-1.842544,54.890279,On or near The Chesters,E01020656,County Durham 003E,Violence and sexual offences,Local resolution,
1523d1d6da59a463d64c3bc693b2cc2dee6d57e9128dc269e9ebb97603e5540b,2020-08,Durham Constabulary,Durham Constabulary,-1.841964,54.891096,On or near Foss Way,E01020656,County Durham 003E,Violence and sexual offences,Unable to prosecute suspect,
b22e2845fdae0c842f79e79d49cff1291ac0c686e2ab0a092b9f40c7f6bffa6e,2020-08,Durham Constabulary,Durham Constabulary,-1.840819,54.888803,On or near Spring Close,E01020656,County Durham 003E,Violence and sexual offences,Offender given a caution,
683f6265fa2765d50ed4de2b7f927309b201c8a35310418578ad8b17aa66a964,2020-08,Durham Constabulary,Durham Constabulary,-1.840819,54.888803,On or near Spring Close,E01020656,County Durham 003E,Violence and sexual offences,Offender given a caution,
20aa7f63a1769c6e637e2e75f0cba741867ce98bcb12cda4ba34232fa4987600,2020-08,Durham Constabulary,Durham Constabulary,-1.816348,54.881103,On or near South Magdalene,E01020657,County Durham 003F,Public order,Local resolution,
8538dc4564e65d1ba318b583ebd47f9aa610ee2b1388988f5aa18a16ef4df2ef,2020-08,Durham Constabulary,Durham Constabulary,-1.819621,54.881207,On or near Highsteads,E01020657,County Durham 003F,Violence and sexual offences,Unable to prosecute suspect,
1094f3b701d7eb1b7dc84e49c71d5a3531f6f0eaff3e6f6dd004ea178c1058d7,2020-08,Durham Constabulary,Durham Constabulary,-1.828761,54.875873,On or near Prison,E01020657,County Durham 003F,Violence and sexual offences,Investigation complete; no suspect identified,
6a3d5d9e91eabb931f3e5a402c56a5f202f3d650fadd139415b8a99701149a72,2020-08,Durham Constabulary,Durham Constabulary,-1.819621,54.881207,On or near Highsteads,E01020657,County Durham 003F,Violence and sexual offences,Unable to prosecute suspect,
,2020-08,Durham Constabulary,Durham Constabulary,-1.698985,54.870463,On or near Shopping Area,E01020661,County Durham 004A,Anti-social behaviour,,
,2020-08,Durham Constabulary,Durham Constabulary,-1.695416,54.870562,On or near Thorneyholme Terrace,E01020661,County Durham 004A,Anti-social behaviour,,
,2020-08,Durham Constabulary,Durham Constabulary,-1.698985,54.870463,On or near Shopping Area,E01020661,County Durham 004A,Anti-social behaviour,,
,2020-08,Durham Constabulary,Durham Constabulary,-1.698966,54.868864,On or near Bus/Coach Station,E01020661,County Durham 004A,Anti-social behaviour,,
,2020-08,Durham Constabulary,Durham Constabulary,-1.701041,54.868491,On or near Front Street,E01020661,County Durham 004A,Anti-social behaviour,,
,2020-08,Durham Constabulary,Durham Constabulary,-1.697608,54.877505,On or near Orchard Grove,E01020661,County Durham 004A,Anti-social behaviour,,
,2020-08,Durham Constabulary,Durham Constabulary,-1.697608,54.877505,On or near Orchard Grove,E01020661,County Durham 004A,Anti-social behaviour,,
,2020-08,Durham Constabulary,Durham Constabulary,-1.693080,54.874573,On or near Kay Street,E01020661,County Durham 004A,Anti-social behaviour,,
,2020-08,Durham Constabulary,Durham Constabulary,-1.697368,54.872149,On or near Royal Road,E01020661,County Durham 004A,Anti-social behaviour,,
,2020-08,Durham Constabulary,Durham Constabulary,-1.698985,54.870463,On or near Shopping Area,E01020661,County Durham 004A,Anti-social behaviour,,
,2020-08,Durham Constabulary,Durham Constabulary,-1.692884,54.873647,On or near Church Street,E01020661,County Durham 004A,Anti-social behaviour,,
,2020-08,Durham Constabulary,Durham Constabulary,-1.698966,54.868864,On or near Bus/Coach Station,E01020661,County Durham 004A,Anti-social behaviour,,
,2020-08,Durham Constabulary,Durham Constabulary,-1.698759,54.871550,On or near Anthony Street,E01020661,County Durham 004A,Anti-social behaviour,,
,2020-08,Durham Constabulary,Durham Constabulary,-1.693866,54.873605,On or near Cemetery Road,E01020661,County Durham 004A,Anti-social behaviour,,
,2020-08,Durham Constabulary,Durham Constabulary,-1.696898,54.870341,On or near Parking Area,E01020661,County Durham 004A,Anti-social behaviour,,
,2020-08,Durham Constabulary,Durham Constabulary,-1.696898,54.870341,On or near Parking Area,E01020661,County Durham 004A,Anti-social behaviour,,
,2020-08,Durham Constabulary,Durham Constabulary,-1.699381,54.875928,On or near Sunny Terrace,E01020661,County Durham 004A,Anti-social behaviour,,
e5e25a5cb536846a49b6b8033a6e566ceb500e5341619a773c05b744a618b1ae,2020-08,Durham Constabulary,Durham Constabulary,-1.698526,54.871433,On or near Beamish Street,E01020661,County Durham 004A,Burglary,Court result unavailable,
94d4aa57c00a1d36e0198fccb19c2d3de84bc74a4c836806c679dfd76f640925,2020-08,Durham Constabulary,Durham Constabulary,-1.702807,54.867795,On or near Braidwood Mews,E01020661,County Durham 004A,Criminal damage and arson,Investigation complete; no suspect identified,
d071fc610a48385b28783864690b42d34683baadf6838ecec51f70b68ff4f9de,2020-08,Durham Constabulary,Durham Constabulary,-1.701284,54.869355,On or near Parking Area,E01020661,County Durham 004A,Criminal damage and arson,Investigation complete; no suspect identified,
4d6674ec56f3693abf771f972b02b5f88e0fef2b90b500700bad0eb46255ffee,2020-08,Durham Constabulary,Durham Constabulary,-1.698985,54.870463,On or near Shopping Area,E01020661,County Durham 004A,Other theft,Investigation complete; no suspect identified,
fd35b634bfd8ffb4383b080a17b2c2d344fba6f8b710aa12f09b0b0335e9460c,2020-08,Durham Constabulary,Durham Constabulary,-1.699046,54.874894,On or near Sunny Terrace,E01020661,County Durham 004A,Other theft,Investigation complete; no suspect identified,
e3ac80b11d727180107bded6bfe56805661c1227b1e9528e0077105be1474ecc,2020-08,Durham Constabulary,Durham Constabulary,-1.697610,54.868932,On or near Ritson Street,E01020661,County Durham 004A,Public order,Further investigation is not in the public interest,
a74a680bf963326ca15bf08a075178e37f218f6616f3b09ae5869af271ed830f,2020-08,Durham Constabulary,Durham Constabulary,-1.695416,54.870562,On or near Thorneyholme Terrace,E01020661,County Durham 004A,Public order,Investigation complete; no suspect identified,
9f1d1ba941d7b7fce8295bd24997153f1870183e084d19be5c0f3c40c226acc8,2020-08,Durham Constabulary,Durham Constabulary,-1.695587,54.868586,On or near Pedestrian Subway,E01020661,County Durham 004A,Public order,Unable to prosecute suspect,
782182cedd0ec7005730368e8c2afaa222079ee94e925312294246c9b305cb4e,2020-08,Durham Constabulary,Durham Constabulary,-1.700755,54.869218,On or near Scott Street,E01020661,County Durham 004A,Public order,Court result unavailable,
8edc7dd505f74c2e0372e25dd608c2d2a5daaff40c335e88f1b3428aef7ef6cb,2020-08,Durham Constabulary,Durham Constabulary,-1.700755,54.869218,On or near Scott Street,E01020661,County Durham 004A,Public order,Unable to prosecute suspect,
3c7c579e1bfdf5649986fbe0e5fe5b0bf582b27039e0db82a45b0a68889b587a,2020-08,Durham Constabulary,Durham Constabulary,-1.701041,54.868491,On or near Front Street,E01020661,County Durham 004A,Shoplifting,Local resolution,
b9bd83b309462f4dff2cbfb13261e726a2cfccb487ef06468e2bdcb2d30f5e5f,2020-08,Durham Constabulary,Durham Constabulary,-1.701041,54.868491,On or near Front Street,E01020661,County Durham 004A,Shoplifting,Investigation complete; no suspect identified,
5b291bb15240ae2b1322accfd3c2af4fcd93004a3e1005de788f3d3f3199e75c,2020-08,Durham Constabulary,Durham Constabulary,-1.701041,54.868491,On or near Front Street,E01020661,County Durham 004A,Shoplifting,Local resolution,
eb0a0a6106a298a6237f28a89ffd66287c941d185a9d8f6eec8ea460150630d3,2020-08,Durham Constabulary,Durham Constabulary,-1.701041,54.868491,On or near Front Street,E01020661,County Durham 004A,Shoplifting,Court result unavailable,
3aea87c94c5d2176e3a9cd320448e33e84e61d1c3024024deada803eabbe2b91,2020-08,Durham Constabulary,Durham Constabulary,-1.698985,54.870463,On or near Shopping Area,E01020661,County Durham 004A,Shoplifting,Investigation complete; no suspect identified,
1487d71c5a4060fcff7d3f51f076434fa14fb2daf4025509bda35dce8748cefa,2020-08,Durham Constabulary,Durham Constabulary,-1.702807,54.867795,On or near Braidwood Mews,E01020661,County Durham 004A,Shoplifting,Unable to prosecute suspect,
0fe3c3675dab64eb0a273f39095c17da0476c57e20bd9504b773608136633c2f,2020-08,Durham Constabulary,Durham Constabulary,-1.698966,54.868864,On or near Bus/Coach Station,E01020661,County Durham 004A,Shoplifting,Investigation complete; no suspect identified,
f9e7e07147a02cb54fd83937955f5507d9028a7c8494a2d807ab847e0e56e440,2020-08,Durham Constabulary,Durham Constabulary,-1.698985,54.870463,On or near Shopping Area,E01020661,County Durham 004A,Shoplifting,Investigation complete; no suspect identified,
5521700687a2c323048ccd9fc798c19b71c2736503849e9284927fd31c0611c2,2020-08,Durham Constabulary,Durham Constabulary,-1.702807,54.867795,On or near Braidwood Mews,E01020661,County Durham 004A,Shoplifting,Court result unavailable,
bfd778d70442cad4e55c14cdd4eb8630c2f455ab7004f562ef05fdcd8123c714,2020-08,Durham Constabulary,Durham Constabulary,-1.697506,54.872365,On or near Parking Area,E01020661,County Durham 004A,Vehicle crime,Investigation complete; no suspect identified,
1984128eb7403a2e1fb6be6b2482460de97f541d5445589cae4d37e48bb5bded,2020-08,Durham Constabulary,Durham Constabulary,-1.698985,54.870463,On or near Shopping Area,E01020661,County Durham 004A,Violence and sexual offences,Local resolution,
478ada156ec2a52e8a7a6530e8e7e81c43dac075fd84963962a70f9207ec9ad5,2020-08,Durham Constabulary,Durham Constabulary,-1.693080,54.874573,On or near Kay Street,E01020661,County Durham 004A,Violence and sexual offences,Unable to prosecute suspect,
daf190729e985511365f7dc747b393beec8dae137d459afa83330395d2c60d29,2020-08,Durham Constabulary,Durham Constabulary,-1.705276,54.868924,On or near Bracken Close,E01020661,County Durham 004A,Violence and sexual offences,Unable to prosecute suspect,
794a72ea7dbe964adf239ead544ebebe1d0acff624d428a14735a5c9afb4b2de,2020-08,Durham Constabulary,Durham Constabulary,-1.693080,54.874573,On or near Kay Street,E01020661,County Durham 004A,Violence and sexual offences,Unable to prosecute suspect,
,2020-08,Durham Constabulary,Durham Constabulary,-1.683581,54.875573,On or near Cumbria Place,E01020662,County Durham 004B,Anti-social behaviour,,
,2020-08,Durham Constabulary,Durham Constabulary,-1.682379,54.873908,On or near Bourne Court,E01020662,County Durham 004B,Anti-social behaviour,,
,2020-08,Durham Constabulary,Durham Constabulary,-1.691551,54.876825,On or near Robert Terrace,E01020662,County Durham 004B,Anti-social behaviour,,
,2020-08,Durham Constabulary,Durham Constabulary,-1.691144,54.877111,On or near Watson Street,E01020662,County Durham 004B,Anti-social behaviour,,
,2020-08,Durham Constabulary,Durham Constabulary,-1.691555,54.876241,On or near Ernest Terrace,E01020662,County Durham 004B,Anti-social behaviour,,
,2020-08,Durham Constabulary,Durham Constabulary,-1.687167,54.877443,On or near Pelaw Avenue,E01020662,County Durham 004B,Anti-social behaviour,,
,2020-08,Durham Constabulary,Durham Constabulary,-1.692867,54.875966,On or near Wylam Terrace,E01020662,County Durham 004B,Anti-social behaviour,,
f22d144c42364bcb9e539f897b2c012364caab1bd862c48a3bea3c318a6706db,2020-08,Durham Constabulary,Durham Constabulary,-1.685086,54.876458,On or near Hillside Gardens,E01020662,County Durham 004B,Drugs,Further investigation is not in the public interest,
a82b4b6c4aff0b58b43c574478e7db41fbd621b58496ac4202a6fc7595236ebc,2020-08,Durham Constabulary,Durham Constabulary,-1.688437,54.872414,On or near Petrol Station,E01020662,County Durham 004B,Other theft,Status update unavailable,
b5a90fe8f1f0fc9e7b4d6bf7d4415d3d2167afce7c9d45e5ef96045a414c6355,2020-08,Durham Constabulary,Durham Constabulary,-1.688437,54.872414,On or near Petrol Station,E01020662,County Durham 004B,Other theft,Unable to prosecute suspect,
999ab49b37e7bc08678dd1f0e55487a265db046ef8e0fccba9c09853da0bbf0f,2020-08,Durham Constabulary,Durham Constabulary,-1.692161,54.872405,On or near High Street,E01020662,County Durham 004B,Other theft,Investigation complete; no suspect identified,
6ded15129cd4547a5a402d727e3796cd09227ef2a82e5bbd3f62067a4cd6149d,2020-08,Durham Constabulary,Durham Constabulary,-1.688695,54.877402,On or near Ryton Crescent,E01020662,County Durham 004B,Possession of weapons,Local resolution,
630e449c605539ebb606eefb160b1e64bb418044bd77b351b21c7420ac7215a4,2020-08,Durham Constabulary,Durham Constabulary,-1.685086,54.876458,On or near Hillside Gardens,E01020662,County Durham 004B,Public order,Unable to prosecute suspect,
fc9c9885f4952d6fe8a8e8d01d2edbce9ab950125dfd3d52c4d2208f4cc1fd3c,2020-08,Durham Constabulary,Durham Constabulary,-1.682379,54.873908,On or near Bourne Court,E01020662,County Durham 004B,Violence and sexual offences,Unable to prosecute suspect,
c4971e71c01842872cc6a3079eb8380edfa23c3d66a052b8397a7ee6ae0ce756,2020-08,Durham Constabulary,Durham Constabulary,-1.691144,54.877111,On or near Watson Street,E01020662,County Durham 004B,Violence and sexual offences,Further investigation is not in the public interest,
ede5831257fd57370f946bdab5a48c47d9502b9830ff269a62424340596e1a44,2020-08,Durham Constabulary,Durham Constabulary,-1.691144,54.877111,On or near Watson Street,E01020662,County Durham 004B,Violence and sexual offences,Unable to prosecute suspect,
47ce0ad462714789cc44944c7be79b1f8779b85bd983b2bbfb421866d4f5a696,2020-08,Durham Constabulary,Durham Constabulary,-1.691144,54.877111,On or near Watson Street,E01020662,County Durham 004B,Violence and sexual offences,Unable to prosecute suspect,
06adc798928eb2de4b17723fe96f52852e3b7015241754aa48008b7337b0fadc,2020-08,Durham Constabulary,Durham Constabulary,-1.685086,54.876458,On or near Hillside Gardens,E01020662,County Durham 004B,Violence and sexual offences,Unable to prosecute suspect,
,2020-08,Durham Constabulary,Durham Constabulary,-1.663912,54.873993,On or near Gladstone Street,E01020663,County Durham 004C,Anti-social behaviour,,
,2020-08,Durham Constabulary,Durham Constabulary,-1.665235,54.874167,On or near Roseberry Street,E01020663,County Durham 004C,Anti-social behaviour,,
,2020-08,Durham Constabulary,Durham Constabulary,-1.663912,54.873993,On or near Gladstone Street,E01020663,County Durham 004C,Anti-social behaviour,,
,2020-08,Durham Constabulary,Durham Constabulary,-1.664597,54.874022,On or near John Street,E01020663,County Durham 004C,Anti-social behaviour,,
,2020-08,Durham Constabulary,Durham Constabulary,-1.688510,54.879055,On or near Kiphill Court,E01020663,County Durham 004C,Anti-social behaviour,,
,2020-08,Durham Constabulary,Durham Constabulary,-1.696498,54.880072,On or near Oakeys Road,E01020663,County Durham 004C,Anti-social behaviour,,
,2020-08,Durham Constabulary,Durham Constabulary,-1.677150,54.886726,On or near Parking Area,E01020663,County Durham 004C,Anti-social behaviour,,
19b0a067228efdc7fa05e5d623149f53e96ef6d40a3e84e1c8d154ee4d115481,2020-08,Durham Constabulary,Durham Constabulary,-1.695027,54.876681,On or near Duncombe Crescent,E01020663,County Durham 004C,Criminal damage and arson,Unable to prosecute suspect,
f71f110e259ed29b595001095f3c3d4d70f35ab76a64a1db131f8c5b8c054370,2020-08,Durham Constabulary,Durham Constabulary,-1.665235,54.874167,On or near Roseberry Street,E01020663,County Durham 004C,Criminal damage and arson,Unable to prosecute suspect,
92dfb492d91a1f21a27bbee67f4bb75e5c276a60770b9563f5900c424e425b15,2020-08,Durham Constabulary,Durham Constabulary,-1.696498,54.880072,On or near Oakeys Road,E01020663,County Durham 004C,Criminal damage and arson,Local resolution,
165b3c1def4427480280a2b07707b792097b60cbd673880e3d018bbfde072bc6,2020-08,Durham Constabulary,Durham Constabulary,-1.695027,54.876681,On or near Duncombe Crescent,E01020663,County Durham 004C,Criminal damage and arson,Unable to prosecute suspect,
42350ad2d1b51aa5d159103f49cc79809ffd9e5a5fdbd7d870ce0dd46cfbc8c2,2020-08,Durham Constabulary,Durham Constabulary,-1.689317,54.881564,On or near Causey Way,E01020663,County Durham 004C,Other theft,Investigation complete; no suspect identified,
5274493eda585c472aa0b84ec752512b1df0dc7338279d986a3f616e3ec67d4e,2020-08,Durham Constabulary,Durham Constabulary,-1.678517,54.873574,On or near Broom Close,E01020663,County Durham 004C,Other theft,Status update unavailable,
5274493eda585c472aa0b84ec752512b1df0dc7338279d986a3f616e3ec67d4e,2020-08,Durham Constabulary,Durham Constabulary,-1.678517,54.873574,On or near Broom Close,E01020663,County Durham 004C,Other theft,Unable to prosecute suspect,
5ba3c57d4b1f4f0061de75a11eee9c79698788d11800c19a94df999b5ac20160,2020-08,Durham Constabulary,Durham Constabulary,-1.688429,54.879450,On or near Petrol Station,E01020663,County Durham 004C,Other theft,Further investigation is not in the public interest,
3182a1f0f6e6dddf9fd469330c5b4719a286c791ff4748490580792db59b5a02,2020-08,Durham Constabulary,Durham Constabulary,-1.665235,54.874167,On or near Roseberry Street,E01020663,County Durham 004C,Possession of weapons,Unable to prosecute suspect,
e90714d46758a09cf9b26a5da60038893e133ecd513e4016de79fc9d6c14cc61,2020-08,Durham Constabulary,Durham Constabulary,-1.686604,54.879724,On or near Causey Drive,E01020663,County Durham 004C,Public order,Offender given a caution,
fc4d4d7b4e5764792e6368317f8165d0fd564e63dd5aadb2e85487d5f54e3ab2,2020-08,Durham Constabulary,Durham Constabulary,-1.665235,54.874167,On or near Roseberry Street,E01020663,County Durham 004C,Violence and sexual offences,Investigation complete; no suspect identified,
d95894678a8d8e1baf6741f23508af46781fe55075183443184807ad2c822d11,2020-08,Durham Constabulary,Durham Constabulary,-1.694575,54.880840,On or near Station Field Road,E01020663,County Durham 004C,Violence and sexual offences,Unable to prosecute suspect,
f8bcef47e245383ad9e00136aaa9294e7ddefde0db327d6746f8ae727bb89524,2020-08,Durham Constabulary,Durham Constabulary,-1.695027,54.876681,On or near Duncombe Crescent,E01020663,County Durham 004C,Violence and sexual offences,Unable to prosecute suspect,
5905713e520b0544f5a59010ba49aa591103c03c3c064bdfacf026d1d70b783b,2020-08,Durham Constabulary,Durham Constabulary,-1.695027,54.876681,On or near Duncombe Crescent,E01020663,County Durham 004C,Violence and sexual offences,Action to be taken by another organisation,
d8ebb75cd136a17c07c59425c1e7b867af2f5f75d07c8d97783a0895237ec549,2020-08,Durham Constabulary,Durham Constabulary,-1.665235,54.874167,On or near Roseberry Street,E01020663,County Durham 004C,Violence and sexual offences,Investigation complete; no suspect identified,
349faa7b9dd40c3d596aa75e5a1b412d3931d42cb6fc6f3b028275688d90beb3,2020-08,Durham Constabulary,Durham Constabulary,-1.665235,54.874167,On or near Roseberry Street,E01020663,County Durham 004C,Violence and sexual offences,Unable to prosecute suspect,
73e8c2704b19a8081e79d51173fa3000ba29e8ac8c847925cb5cbee78eed223a,2020-08,Durham Constabulary,Durham Constabulary,-1.676233,54.872750,On or near Hill Top,E01020663,County Durham 004C,Violence and sexual offences,Investigation complete; no suspect identified,
9060de21a0e9b8dfefca189b953888e72dd21b56505d0fdfb5e3e109135a54a7,2020-08,Durham Constabulary,Durham Constabulary,-1.677150,54.886726,On or near Parking Area,E01020663,County Durham 004C,Violence and sexual offences,Unable to prosecute suspect,
84cc169e14a4057fa5188753e339e1a63f22892f5606a6416c1b23fc71e7ecc0,2020-08,Durham Constabulary,Durham Constabulary,-1.695027,54.876681,On or near Duncombe Crescent,E01020663,County Durham 004C,Violence and sexual offences,Unable to prosecute suspect,
5c895825696b9324a04c198a18a57eef4f8444e9bfc46fa96c3614d62b89f8d3,2020-08,Durham Constabulary,Durham Constabulary,-1.665235,54.874167,On or near Roseberry Street,E01020663,County Durham 004C,Violence and sexual offences,Investigation complete; no suspect identified,
9660f1088d5a6ab1fc79f156799a43da27810e3044756a7b844568c4e949dc48,2020-08,Durham Constabulary,Durham Constabulary,-1.689928,54.881143,On or near James Street,E01020663,County Durham 004C,Violence and sexual offences,Unable to prosecute suspect,
,2020-08,Durham Constabulary,Durham Constabulary,-1.680465,54.871575,On or near Ruskin Close,E01020674,County Durham 004D,Anti-social behaviour,,
c94ccc6ebc52b2801567d1799ea924f3217d7f8639a5846d3deda664ef105f69,2020-08,Durham Constabulary,Durham Constabulary,-1.673344,54.869669,On or near Brentwood Court,E01020674,County Durham 004D,Burglary,Investigation complete; no suspect identified,
f1b3c5f9459ffc248b4ce0e2c0ec9e9223e6aaa9601bea557e4f9cd967ba13a6,2020-08,Durham Constabulary,Durham Constabulary,-1.678394,54.871354,On or near Sidney Close,E01020674,County Durham 004D,Other theft,Investigation complete; no suspect identified,
5ab33eff35d216e228e4788f306e8635744972fd16fd0c5251064ed8b43bc44f,2020-08,Durham Constabulary,Durham Constabulary,-1.686179,54.872174,On or near Chester Road,E01020674,County Durham 004D,Other theft,Investigation complete; no suspect identified,
2fd5616c648d46838abc912f37f01df2118caf683b3b7cd1d47ea943178809de,2020-08,Durham Constabulary,Durham Constabulary,-1.675733,54.868966,On or near Gullane Close,E01020674,County Durham 004D,Violence and sexual offences,Action to be taken by another organisation,
9a50f6e0cad4fad157aab8cce32cafce63e9f11e2df2bae94be0c6da5f7a464b,2020-08,Durham Constabulary,Durham Constabulary,-1.673800,54.872950,On or near Beamish Rise,E01020674,County Durham 004D,Violence and sexual offences,Investigation complete; no suspect identified,
f7ede9f3c0ce641a30a17fd3a4e6314a873f3f54b32ffdd5206cfc0760239750,2020-08,Durham Constabulary,Durham Constabulary,-1.682523,54.871482,On or near Browning Close,E01020674,County Durham 004D,Violence and sexual offences,Unable to prosecute suspect,
3041134b461968bfe95f14e8a37e26a37f9910025d8ad0159baadb620322310b,2020-08,Durham Constabulary,Durham Constabulary,-1.675733,54.868966,On or near Gullane Close,E01020674,County Durham 004D,Violence and sexual offences,Action to be taken by another organisation,
de11975c9d5ea74f5e5b1831398165a87ceacdfd5d08127bc014276c55b7200a,2020-08,Durham Constabulary,Durham Constabulary,-1.685135,54.872171,On or near Chester Road,E01020674,County Durham 004D,Violence and sexual offences,Unable to prosecute suspect,
,2020-08,Durham Constabulary,Durham Constabulary,-1.714132,54.876997,On or near Bowmont Drive,E01020678,County Durham 004E,Anti-social behaviour,,
,2020-08,Durham Constabulary,Durham Constabulary,-1.710543,54.879747,On or near Jutland Terrace,E01020678,County Durham 004E,Anti-social behaviour,,
,2020-08,Durham Constabulary,Durham Constabulary,-1.707924,54.875598,On or near Sports/Recreation Area,E01020678,County Durham 004E,Anti-social behaviour,,
7e8377438da10d5d868a8a2a36f7cfe749b683e090ec27be4e3ecd01428108b4,2020-08,Durham Constabulary,Durham Constabulary,-1.707924,54.875598,On or near Sports/Recreation Area,E01020678,County Durham 004E,Criminal damage and arson,Further action is not in the public interest,
81efc41c055a9b9aa000970e82ff91223108004bf79b28378215031b21bad242,2020-08,Durham Constabulary,Durham Constabulary,-1.707924,54.875598,On or near Sports/Recreation Area,E01020678,County Durham 004E,Violence and sexual offences,Further action is not in the public interest,
b2df4621e0b93a987a8a49c768a663922379326a63dc453ca000d86c0b73757b,2020-08,Durham Constabulary,Durham Constabulary,-1.707924,54.875598,On or near Sports/Recreation Area,E01020678,County Durham 004E,Violence and sexual offences,Unable to prosecute suspect,
7bdeef6cca5d8a808f338ca10ed4a3273af12a649b2da71246ec23d6c1091584,2020-08,Durham Constabulary,Durham Constabulary,-1.704610,54.876929,On or near Good Street,E01020678,County Durham 004E,Violence and sexual offences,Local resolution,
985d6b97df61c60f5e2797e1dfd3ad5e9f844894630e928fee67831c4e5ce2af,2020-08,Durham Constabulary,Durham Constabulary,-1.707924,54.875598,On or near Sports/Recreation Area,E01020678,County Durham 004E,Violence and sexual offences,Further action is not in the public interest,
,2020-08,Durham Constabulary,Durham Constabulary,-1.640810,54.869505,On or near Orchard Close,E01020606,County Durham 005A,Anti-social behaviour,,
,2020-08,Durham Constabulary,Durham Constabulary,-1.636754,54.863149,On or near Albert Street,E01020606,County Durham 005A,Anti-social behaviour,,
,2020-08,Durham Constabulary,Durham Constabulary,-1.637362,54.863106,On or near Queen Street,E01020606,County Durham 005A,Anti-social behaviour,,
,2020-08,Durham Constabulary,Durham Constabulary,-1.640810,54.869505,On or near Orchard Close,E01020606,County Durham 005A,Anti-social behaviour,,
,2020-08,Durham Constabulary,Durham Constabulary,-1.636754,54.863149,On or near Albert Street,E01020606,County Durham 005A,Anti-social behaviour,,
,2020-08,Durham Constabulary,Durham Constabulary,-1.637885,54.863835,On or near Pine Street,E01020606,County Durham 005A,Anti-social behaviour,,
,2020-08,Durham Constabulary,Durham Constabulary,-1.637362,54.863106,On or near Queen Street,E01020606,County Durham 005A,Anti-social behaviour,,
,2020-08,Durham Constabulary,Durham Constabulary,-1.637885,54.863835,On or near Pine Street,E01020606,County Durham 005A,Anti-social behaviour,,
,2020-08,Durham Constabulary,Durham Constabulary,-1.637885,54.863835,On or near Pine Street,E01020606,County Durham 005A,Anti-social behaviour,,
,2020-08,Durham Constabulary,Durham Constabulary,-1.636130,54.863201,On or near West Street,E01020606,County Durham 005A,Anti-social behaviour,,
981ba6d09b229d6987909d63b78a1333c1d3a795a17b3ead059097714333a7c0,2020-08,Durham Constabulary,Durham Constabulary,-1.635599,54.863334,On or near East Street,E01020606,County Durham 005A,Criminal damage and arson,Investigation complete; no suspect identified,
50cd1c6c80e3a5cd8fd7e11cd2ea41d8f1c213ff308e66ad8dcf04ccc5c929fb,2020-08,Durham Constabulary,Durham Constabulary,-1.641244,54.871493,On or near Edenfield,E01020606,County Durham 005A,Criminal damage and arson,Investigation complete; no suspect identified,
ca974129d3d995b0d81808ccc3cfcf227115f61abe05fc6fb28caf034a2540b9,2020-08,Durham Constabulary,Durham Constabulary,-1.637362,54.863106,On or near Queen Street,E01020606,County Durham 005A,Criminal damage and arson,Local resolution,
a765a38ece0d6a06326156bc6a8487f51df574859bd03f1122ec814aab0c7cae,2020-08,Durham Constabulary,Durham Constabulary,-1.636130,54.863201,On or near West Street,E01020606,County Durham 005A,Criminal damage and arson,Unable to prosecute suspect,
612efa71b4205a85fdf5ea5f432e9ebf2539e43aaf368a35c10f72075eaacbb9,2020-08,Durham Constabulary,Durham Constabulary,-1.637362,54.863106,On or near Queen Street,E01020606,County Durham 005A,Criminal damage and arson,Investigation complete; no suspect identified,
ac518c199961e35619d8e930ada8f222374960f3613c1fba2a6fb7a1deec8885,2020-08,Durham Constabulary,Durham Constabulary,-1.637362,54.863106,On or near Queen Street,E01020606,County Durham 005A,Criminal damage and arson,Unable to prosecute suspect,
2b350eb55f8aeea82b77d453bbb367d721318f1fdf68ad16b0710356524261d9,2020-08,Durham Constabulary,Durham Constabulary,-1.636130,54.863201,On or near West Street,E01020606,County Durham 005A,Criminal damage and arson,Investigation complete; no suspect identified,
d25d4deb3f4a7643b3a50ccf9ed414daecefe81b159864ce8927a4a9e63604e3,2020-08,Durham Constabulary,Durham Constabulary,-1.636754,54.863149,On or near Albert Street,E01020606,County Durham 005A,Criminal damage and arson,Investigation complete; no suspect identified,
a1c7b058a56959bfe856d93a951068cd891558083c2c1dbc719d6243bfbf2177,2020-08,Durham Constabulary,Durham Constabulary,-1.634824,54.862883,On or near Grange Court,E01020606,County Durham 005A,Other theft,Investigation complete; no suspect identified,
d1b55aaf1a7d3befcb76b56b60453cc9a3795d889a85f045ed756fc6f2e18d48,2020-08,Durham Constabulary,Durham Constabulary,-1.637885,54.863835,On or near Pine Street,E01020606,County Durham 005A,Other theft,Further investigation is not in the public interest,
981828507dde831af55ad49df461e59b9af120da641a3157b5c7c5a56d1c55b8,2020-08,Durham Constabulary,Durham Constabulary,-1.636754,54.863149,On or near Albert Street,E01020606,County Durham 005A,Other theft,Unable to prosecute suspect,
f737b645f57c4256e81a74913fd479b928c09684996cb02d926cf642ec8f49ea,2020-08,Durham Constabulary,Durham Constabulary,-1.636130,54.863201,On or near West Street,E01020606,County Durham 005A,Other theft,Unable to prosecute suspect,
7a00c06765871d763758e639833c39fd64ebdcbc308380380f4db68edf2f08d9,2020-08,Durham Constabulary,Durham Constabulary,-1.636754,54.863149,On or near Albert Street,E01020606,County Durham 005A,Public order,Unable to prosecute suspect,
34a0c1f44abc6e88ceb5f7a5b438f0674d877402a98f3649e516dd9b028b56b2,2020-08,Durham Constabulary,Durham Constabulary,-1.637362,54.863106,On or near Queen Street,E01020606,County Durham 005A,Public order,Unable to prosecute suspect,
ac369bfddd1ed9c571c42140ca10d686ac9589ce7a519f26975b76c7b1bdd8b2,2020-08,Durham Constabulary,Durham Constabulary,-1.636130,54.863201,On or near West Street,E01020606,County Durham 005A,Public order,Court result unavailable,
1dd5346ff549d938e00a3262491532d7b0ecce43ecf177d58bc70581c7374ea6,2020-08,Durham Constabulary,Durham Constabulary,-1.637885,54.863835,On or near Pine Street,E01020606,County Durham 005A,Theft from the person,Unable to prosecute suspect,
5bc92af7d152f62235cba99080260f07ecacc4b9b7aa7b95ae5be05733e6511a,2020-08,Durham Constabulary,Durham Constabulary,-1.636130,54.863201,On or near West Street,E01020606,County Durham 005A,Violence and sexual offences,Unable to prosecute suspect,
255ee186bd7a850bd36de9685628d797dff93affaedf010e62584724d04a73d9,2020-08,Durham Constabulary,Durham Constabulary,-1.636754,54.863149,On or near Albert Street,E01020606,County Durham 005A,Violence and sexual offences,Court result unavailable,
47edfdd6dd2dc7d1a774892aca6cca0ababba65f476359610b81b632d03254e7,2020-08,Durham Constabulary,Durham Constabulary,-1.639849,54.870671,On or near Summerfield,E01020606,County Durham 005A,Violence and sexual offences,Action to be taken by another organisation,
82d425fb5118e6fb1357a9c94cee53d8ebf6aade6faebfe7354609665a841e35,2020-08,Durham Constabulary,Durham Constabulary,-1.637362,54.863106,On or near Queen Street,E01020606,County Durham 005A,Violence and sexual offences,Offender given a caution,
18164ec3dab4061de4e8e84928b2efa85da18b14de80e1876b7ed0f8b88b7c54,2020-08,Durham Constabulary,Durham Constabulary,-1.639849,54.870671,On or near Summerfield,E01020606,County Durham 005A,Violence and sexual offences,Unable to prosecute suspect,
fdde947672d74cfe117beb11281860c81676137f7c7a1792e550503b19b1f26f,2020-08,Durham Constabulary,Durham Constabulary,-1.637362,54.863106,On or near Queen Street,E01020606,County Durham 005A,Violence and sexual offences,Local resolution,
d482dcfd1f9c3d6c22d3f9d4a026c3c8dc9ef36519c97449bf08da07f76ab5e2,2020-08,Durham Constabulary,Durham Constabulary,-1.637885,54.863835,On or near Pine Street,E01020606,County Durham 005A,Violence and sexual offences,Investigation complete; no suspect identified,
dfe15b7fd7f3a3c98655636e7997f70a7cf1bd5c5fe4ef11f5007b0922d378f6,2020-08,Durham Constabulary,Durham Constabulary,-1.641244,54.871493,On or near Edenfield,E01020606,County Durham 005A,Violence and sexual offences,Unable to prosecute suspect,
96356b464aa6b5ef664567ff88e241db0a9911a5ff8552ccbce945e6369fc408,2020-08,Durham Constabulary,Durham Constabulary,-1.641244,54.871493,On or near Edenfield,E01020606,County Durham 005A,Violence and sexual offences,Unable to prosecute suspect,
300ab2101884475d96e32a0c64b5bc672162c3e0acb91e5060d15c6c28328438,2020-08,Durham Constabulary,Durham Constabulary,-1.636130,54.863201,On or near West Street,E01020606,County Durham 005A,Violence and sexual offences,Unable to prosecute suspect,
8542309c7dc6e43422e9966c86b3c408397019cab598931f0906f894cfffb14b,2020-08,Durham Constabulary,Durham Constabulary,-1.635599,54.863334,On or near East Street,E01020606,County Durham 005A,Violence and sexual offences,Unable to prosecute suspect,
,2020-08,Durham Constabulary,Durham Constabulary,-1.600110,54.875867,On or near Ascot Place,E01020615,County Durham 005B,Anti-social behaviour,,
,2020-08,Durham Constabulary,Durham Constabulary,-1.600110,54.875867,On or near Ascot Place,E01020615,County Durham 005B,Anti-social behaviour,,
,2020-08,Durham Constabulary,Durham Constabulary,-1.605617,54.876882,On or near Sports/Recreation Area,E01020615,County Durham 005B,Anti-social behaviour,,
,2020-08,Durham Constabulary,Durham Constabulary,-1.606708,54.873686,On or near Ernest Street,E01020615,County Durham 005B,Anti-social behaviour,,
,2020-08,Durham Constabulary,Durham Constabulary,-1.601105,54.876121,On or near Ouston Lane,E01020615,County Durham 005B,Anti-social behaviour,,
,2020-08,Durham Constabulary,Durham Constabulary,-1.603330,54.876461,On or near Tweed Close,E01020615,County Durham 005B,Anti-social behaviour,,
,2020-08,Durham Constabulary,Durham Constabulary,-1.603330,54.876461,On or near Tweed Close,E01020615,County Durham 005B,Anti-social behaviour,,
217f94b24e9de749cf78319546a032ad41a230cba07c3f288f916c4b11f709a4,2020-08,Durham Constabulary,Durham Constabulary,-1.606708,54.873686,On or near Ernest Street,E01020615,County Durham 005B,Criminal damage and arson,Investigation complete; no suspect identified,
951ade0d4fb62a5ec07cdbe3d527259432e5b45c51a88fd347e18e7cc2693207,2020-08,Durham Constabulary,Durham Constabulary,-1.600110,54.875867,On or near Ascot Place,E01020615,County Durham 005B,Criminal damage and arson,Investigation complete; no suspect identified,
4c4258a959595c2e33c6fe69a952d48b76a6d5582209073b5bf270c61131f333,2020-08,Durham Constabulary,Durham Constabulary,-1.602636,54.877259,On or near Lyne Close,E01020615,County Durham 005B,Other theft,Investigation complete; no suspect identified,
6eceebfd0c3cb053b5c204750182ad5f0ed17194849c53fa36bb523817803bd1,2020-08,Durham Constabulary,Durham Constabulary,-1.598653,54.875107,On or near Gairloch Drive,E01020615,County Durham 005B,Public order,Further investigation is not in the public interest,
7522cc462505efbaf45e0124dfffc3d0f6b3dd9b07daf9221978c3de542f1c2e,2020-08,Durham Constabulary,Durham Constabulary,-1.606708,54.873686,On or near Ernest Street,E01020615,County Durham 005B,Violence and sexual offences,Unable to prosecute suspect,
213d78d21f0db853a4482042b2ada2dbd7b0ad5856d559bdfc050d7bb81eebcf,2020-08,Durham Constabulary,Durham Constabulary,-1.598653,54.875107,On or near Gairloch Drive,E01020615,County Durham 005B,Violence and sexual offences,Further action is not in the public interest,
9a87fb70282fd3fdacdc727486bf89e6e355a76cdf28b51bb4536e90a3cd3a8d,2020-08,Durham Constabulary,Durham Constabulary,-1.599536,54.877141,On or near Conway Place,E01020615,County Durham 005B,Violence and sexual offences,Action to be taken by another organisation,
3a5f333c6f4754f3f1a44aa36fd29c726fba8399162c4648054cd3ac2e612505,2020-08,Durham Constabulary,Durham Constabulary,-1.600110,54.875867,On or near Ascot Place,E01020615,County Durham 005B,Violence and sexual offences,Unable to prosecute suspect,
4cff6b74f760073e98a4e398d6a7090b9b068e48d73c48879a2bd1dbd82ff86b,2020-08,Durham Constabulary,Durham Constabulary,-1.598653,54.875107,On or near Gairloch Drive,E01020615,County Durham 005B,Violence and sexual offences,Action to be taken by another organisation,
5b269daca3cb95f17ee4c2931b66cd56a4f5f766bd51e374dfd26bcde64b1183,2020-08,Durham Constabulary,Durham Constabulary,-1.598046,54.876597,On or near Brecon Place,E01020615,County Durham 005B,Other crime,Action to be taken by another organisation,
,2020-08,Durham Constabulary,Durham Constabulary,-1.608638,54.873854,On or near Hylton Terrace,E01020616,County Durham 005C,Anti-social behaviour,,
,2020-08,Durham Constabulary,Durham Constabulary,-1.605071,54.872153,On or near Southfield,E01020616,County Durham 005C,Anti-social behaviour,,
,2020-08,Durham Constabulary,Durham Constabulary,-1.608631,54.873046,On or near Police Station,E01020616,County Durham 005C,Anti-social behaviour,,
,2020-08,Durham Constabulary,Durham Constabulary,-1.613486,54.873708,On or near Greenacres,E01020616,County Durham 005C,Anti-social behaviour,,
b29779ef7644e9869e773a451e45e77c8660fcd4d34491b1d56e5a733d29afea,2020-08,Durham Constabulary,Durham Constabulary,-1.608638,54.873854,On or near Hylton Terrace,E01020616,County Durham 005C,Criminal damage and arson,Unable to prosecute suspect,
06c238dd8cf7e82ba1b563b847fc5801955d7d7eb3a47799666e19041e0b9875,2020-08,Durham Constabulary,Durham Constabulary,-1.612895,54.873652,On or near Mossway,E01020616,County Durham 005C,Criminal damage and arson,Unable to prosecute suspect,
95038578cc7a94092b0705ea2d86d33449c24c80b54c63ec31cb151f9eae3642,2020-08,Durham Constabulary,Durham Constabulary,-1.609998,54.871828,On or near Vicarage Close,E01020616,County Durham 005C,Public order,Investigation complete; no suspect identified,
7357b211bbdf15313aae0656642b5feeeb18036e3938edbdc62e28609a90aa47,2020-08,Durham Constabulary,Durham Constabulary,-1.613486,54.873708,On or near Greenacres,E01020616,County Durham 005C,Public order,Unable to prosecute suspect,
56ca80a2863e59201ccfebb7085ef23d4809aacba5e8a289762a2f34c68b3fc3,2020-08,Durham Constabulary,Durham Constabulary,-1.608638,54.873854,On or near Hylton Terrace,E01020616,County Durham 005C,Public order,Unable to prosecute suspect,
12b4c3b7e46f564f193131acfd6a79d54f6d28b650c2c40316064c8a9635033d,2020-08,Durham Constabulary,Durham Constabulary,-1.608638,54.873854,On or near Hylton Terrace,E01020616,County Durham 005C,Public order,Unable to prosecute suspect,
bb0ef539f7efe993d46452ee38ece1a7b291badd73c5415dc9e40fefa8aee4d9,2020-08,Durham Constabulary,Durham Constabulary,-1.608638,54.873854,On or near Hylton Terrace,E01020616,County Durham 005C,Public order,Unable to prosecute suspect,
d243263a548ee40d15d3946187d2d83ce8244473b31bf1f28db581e5f80c8bcb,2020-08,Durham Constabulary,Durham Constabulary,-1.613138,54.874300,On or near Fairfield,E01020616,County Durham 005C,Public order,Action to be taken by another organisation,
99b0bc561a32310f4023c6fbcf02254a88c09a6fdbd1ec6c8353bced63e9bbb2,2020-08,Durham Constabulary,Durham Constabulary,-1.608928,54.871348,On or near Elwin Place,E01020616,County Durham 005C,Vehicle crime,Investigation complete; no suspect identified,
3c9ea56dc77511f20939a31c72a2f4e418da4114566a57fed7386cd92b905b78,2020-08,Durham Constabulary,Durham Constabulary,-1.608638,54.873854,On or near Hylton Terrace,E01020616,County Durham 005C,Violence and sexual offences,Unable to prosecute suspect,
1b88a6bd6315f5b08b735ce5b1e3a485a5d3340c285179b911efdb2609f43ce8,2020-08,Durham Constabulary,Durham Constabulary,-1.610272,54.870858,On or near The Wynd,E01020616,County Durham 005C,Violence and sexual offences,Unable to prosecute suspect,
4cd1f5e0c25c518998ad1cd629e323752d7482ab191d01cc2c18bbd4f1f825c0,2020-08,Durham Constabulary,Durham Constabulary,-1.605736,54.872623,On or near Fieldside,E01020616,County Durham 005C,Violence and sexual offences,Unable to prosecute suspect,
53c68d5da7278968a20cefa661a8f608fbba205b41b5416af1ed78aaa8d4aa24,2020-08,Durham Constabulary,Durham Constabulary,-1.605736,54.872623,On or near Fieldside,E01020616,County Durham 005C,Violence and sexual offences,Local resolution,
5988f82c97a900bf3a22d86c370add51b7064f1f9ca6f29279260c21e46d0cad,2020-08,Durham Constabulary,Durham Constabulary,-1.610272,54.870858,On or near The Wynd,E01020616,County Durham 005C,Violence and sexual offences,Unable to prosecute suspect,
57aa004ba0b0a3bf09c6e4c528230171d1d18cf3c30b9a8fb513a019479057e1,2020-08,Durham Constabulary,Durham Constabulary,-1.608638,54.873854,On or near Hylton Terrace,E01020616,County Durham 005C,Violence and sexual offences,Unable to prosecute suspect,
c84b07c6d36556eb5ac67cd7e107cae77773e3c2946c4d98e0f597f4d70d9fd9,2020-08,Durham Constabulary,Durham Constabulary,-1.608638,54.873854,On or near Hylton Terrace,E01020616,County Durham 005C,Violence and sexual offences,Unable to prosecute suspect,
6d0c4d47d6259847bec1a43c9805ef6916202f9e514f00989aab29bd3cb0ff9c,2020-08,Durham Constabulary,Durham Constabulary,-1.610741,54.873960,On or near Middlefield,E01020616,County Durham 005C,Violence and sexual offences,Unable to prosecute suspect,
ac92cecb79e5033a3a34e51d7c3215ff85732a5d9c65e01b85b5a48027ea970b,2020-08,Durham Constabulary,Durham Constabulary,-1.605736,54.872623,On or near Fieldside,E01020616,County Durham 005C,Violence and sexual offences,Unable to prosecute suspect,
0a999c49c855fa86fe783346bfc3110c75479fa9f442efea161b1bc924325015,2020-08,Durham Constabulary,Durham Constabulary,-1.613138,54.874300,On or near Fairfield,E01020616,County Durham 005C,Violence and sexual offences,Investigation complete; no suspect identified,
eaa6982688eeda5610d844ccef520fd276c3ddbbc6d04b137e3613bafb0fbec1,2020-08,Durham Constabulary,Durham Constabulary,-1.612895,54.873652,On or near Mossway,E01020616,County Durham 005C,Violence and sexual offences,Unable to prosecute suspect,
bfbf1a7cf14107fc3c2ec6d95f172e775e431cdaf1d0f6afbaf0979644633de9,2020-08,Durham Constabulary,Durham Constabulary,-1.610741,54.873960,On or near Middlefield,E01020616,County Durham 005C,Violence and sexual offences,Unable to prosecute suspect,
,2020-08,Durham Constabulary,Durham Constabulary,-1.623673,54.867531,On or near Provident Street,E01020617,County Durham 005D,Anti-social behaviour,,
,2020-08,Durham Constabulary,Durham Constabulary,-1.621774,54.865700,On or near Roseberry Villas,E01020617,County Durham 005D,Anti-social behaviour,,
,2020-08,Durham Constabulary,Durham Constabulary,-1.624426,54.867021,On or near Industrial Street,E01020617,County Durham 005D,Anti-social behaviour,,
,2020-08,Durham Constabulary,Durham Constabulary,-1.620151,54.862631,On or near William Street,E01020617,County Durham 005D,Anti-social behaviour,,
,2020-08,Durham Constabulary,Durham Constabulary,-1.621774,54.865700,On or near Roseberry Villas,E01020617,County Durham 005D,Anti-social behaviour,,
,2020-08,Durham Constabulary,Durham Constabulary,-1.620151,54.862631,On or near William Street,E01020617,County Durham 005D,Anti-social behaviour,,
84dc0d71f04e3946e3624c7dc2a35d243940a927bd7e835c21e48fa840298c3d,2020-08,Durham Constabulary,Durham Constabulary,-1.589009,54.870213,On or near Drum Road,E01020617,County Durham 005D,Criminal damage and arson,Investigation complete; no suspect identified,
fb6742b0daee244522d0c7368a1091bb6dd8ed7c77dd7aa91b9ea81bcee7a62f,2020-08,Durham Constabulary,Durham Constabulary,-1.615645,54.872870,On or near King'S Lane,E01020617,County Durham 005D,Criminal damage and arson,Investigation complete; no suspect identified,
9afecf6b486d1fc06898971ef9f8f8e2112c4ed0141b09b9146aa36ad37a20d6,2020-08,Durham Constabulary,Durham Constabulary,-1.623383,54.868590,On or near Lovaine Street,E01020617,County Durham 005D,Criminal damage and arson,Unable to prosecute suspect,
984aa303b38639a352939df88b9704ec10b1ad6f863e4b4496e4a5c60c29e350,2020-08,Durham Constabulary,Durham Constabulary,-1.623946,54.868313,On or near Holyoake Street,E01020617,County Durham 005D,Criminal damage and arson,Unable to prosecute suspect,
12cf5a047d0cff2fbbd19371602ca60095a1b6fcc1d36a3aeddbe7dce5f3680e,2020-08,Durham Constabulary,Durham Constabulary,-1.623946,54.868313,On or near Holyoake Street,E01020617,County Durham 005D,Drugs,Formal action is not in the public interest,
04c7e4939c2e9f16a243cebc65e3bd9710d0e097457eabfc599859e7bbe683a3,2020-08,Durham Constabulary,Durham Constabulary,-1.623673,54.867531,On or near Provident Street,E01020617,County Durham 005D,Public order,Investigation complete; no suspect identified,
71cd42dd75a67fbb1678c87193590a6b82de33b94572173d4fb7da2b8d28815c,2020-08,Durham Constabulary,Durham Constabulary,-1.590951,54.870741,On or near A693,E01020617,County Durham 005D,Vehicle crime,Investigation complete; no suspect identified,
4c3e3bace57898ff527933a9502b8b6fbe0d13055e281ef925d4d94ea4173e0b,2020-08,Durham Constabulary,Durham Constabulary,-1.623946,54.868313,On or near Holyoake Street,E01020617,County Durham 005D,Violence and sexual offences,Court result unavailable,
0fb3218ab374f65fa23412760563da7bd356fc2cdb11c7e0b970bde82fa8a7d7,2020-08,Durham Constabulary,Durham Constabulary,-1.624426,54.867021,On or near Industrial Street,E01020617,County Durham 005D,Violence and sexual offences,Unable to prosecute suspect,
d601cccab45af26599d660bc43c2ec2d9aa59211f71d37f4bdc69f5668e6e141,2020-08,Durham Constabulary,Durham Constabulary,-1.624426,54.867021,On or near Industrial Street,E01020617,County Durham 005D,Violence and sexual offences,Unable to prosecute suspect,
28f003c4c8f8da5931f37b50bcd8c31f380b2770a898dcd88463e1c1c16f44d8,2020-08,Durham Constabulary,Durham Constabulary,-1.616414,54.873924,On or near Thorntons Close,E01020617,County Durham 005D,Violence and sexual offences,Investigation complete; no suspect identified,
d08be78fc0ab2a548733052bc5695d0eb87862880395d347e5d64437ddc47830,2020-08,Durham Constabulary,Durham Constabulary,-1.617250,54.871249,On or near Front Street,E01020617,County Durham 005D,Violence and sexual offences,Unable to prosecute suspect,
1fd046a4de103077f7102d0559003f91781934c799615ca96a3be385bc4e5b44,2020-08,Durham Constabulary,Durham Constabulary,-1.623383,54.868590,On or near Lovaine Street,E01020617,County Durham 005D,Violence and sexual offences,Court result unavailable,
3f08f860affe17602eb761e37558b776d111d6e55e83dea8afcf57d1ef1fa25e,2020-08,Durham Constabulary,Durham Constabulary,-1.621774,54.865700,On or near Roseberry Villas,E01020617,County Durham 005D,Violence and sexual offences,Unable to prosecute suspect,
5f8140ec4914a59d85b47da9664d83e4543448e752db9054eaa6f5581af1cff6,2020-08,Durham Constabulary,Durham Constabulary,-1.621774,54.865700,On or near Roseberry Villas,E01020617,County Durham 005D,Violence and sexual offences,Unable to prosecute suspect,
9ebec133be21d7289a97df91f0f6b3209b0dc871c6bcd3d179f7998982df170b,2020-08,Durham Constabulary,Durham Constabulary,-1.621774,54.865700,On or near Roseberry Villas,E01020617,County Durham 005D,Violence and sexual offences,Unable to prosecute suspect,
408baa19cf0b8936c7689132c8a0333ed687f733e404fe7fea6c82539ae4f5de,2020-08,Durham Constabulary,Durham Constabulary,-1.623383,54.868590,On or near Lovaine Street,E01020617,County Durham 005D,Violence and sexual offences,Unable to prosecute suspect,
49c5cd8b48c1c5f41acc483b5caa3a8c76cc7e6e1a92abb84548dd50ab3afc15,2020-08,Durham Constabulary,Durham Constabulary,-1.624426,54.867021,On or near Industrial Street,E01020617,County Durham 005D,Violence and sexual offences,Unable to prosecute suspect,
a2c8b1324d7d606a4a5dd8988b2c93063f4de68bca53822c41c0f74f70cda1b3,2020-08,Durham Constabulary,Durham Constabulary,-1.615645,54.872870,On or near King'S Lane,E01020617,County Durham 005D,Violence and sexual offences,Local resolution,
8f8420724d6aa8d8e949451498ed0dae35c424a1448f959c49f3be7eec0fd0f5,2020-08,Durham Constabulary,Durham Constabulary,-1.612224,54.870496,On or near Harelaw,E01020617,County Durham 005D,Other crime,Unable to prosecute suspect,
,2020-08,Durham Constabulary,Durham Constabulary,-1.736821,54.860594,On or near Stanhope Gardens,E01020626,County Durham 006A,Anti-social behaviour,,
74b44994c78221278ab3f29eed6d348a8f4989631b86d3fc073e53499d359be1,2020-08,Durham Constabulary,Durham Constabulary,-1.740895,54.859210,On or near Staindrop Terrace,E01020626,County Durham 006A,Criminal damage and arson,Investigation complete; no suspect identified,
d995963a7077479178e9a9f3a8ef557f680607794171fe5e77aa5a41ee8123fe,2020-08,Durham Constabulary,Durham Constabulary,-1.739173,54.858128,On or near Hutton Close,E01020626,County Durham 006A,Criminal damage and arson,Investigation complete; no suspect identified,
74b44994c78221278ab3f29eed6d348a8f4989631b86d3fc073e53499d359be1,2020-08,Durham Constabulary,Durham Constabulary,-1.740895,54.859210,On or near Staindrop Terrace,E01020626,County Durham 006A,Criminal damage and arson,Status update unavailable,
585d032982a2b8882a8f6e8f33a6627bd54e69332d58f6567f52bbd5b31af28c,2020-08,Durham Constabulary,Durham Constabulary,-1.744523,54.857124,On or near Snowdon Court,E01020626,County Durham 006A,Public order,Court result unavailable,
b59416a80739e917ebb938b3f5453c0792f82f433b5757ecf625c356f4795cfd,2020-08,Durham Constabulary,Durham Constabulary,-1.736821,54.860594,On or near Stanhope Gardens,E01020626,County Durham 006A,Violence and sexual offences,Unable to prosecute suspect,
68e3ce396919a365a231463618e66f8af2ebe674855238ed47983751eb6b420a,2020-08,Durham Constabulary,Durham Constabulary,-1.744523,54.857124,On or near Snowdon Court,E01020626,County Durham 006A,Violence and sexual offences,Court result unavailable,
2e55ec5aac7107643a8050bc69dd33cc0e1fe540b7312e092394c85c55380576,2020-08,Durham Constabulary,Durham Constabulary,-1.739173,54.858128,On or near Hutton Close,E01020626,County Durham 006A,Violence and sexual offences,Unable to prosecute suspect,
e6df493f44e866686f0a51d497790a81f0ef9504404b83d38d421099c62de6c1,2020-08,Durham Constabulary,Durham Constabulary,-1.740895,54.859210,On or near Staindrop Terrace,E01020626,County Durham 006A,Violence and sexual offences,Unable to prosecute suspect,
e498bfdc56fe179dacf08b8af9bb9c6d667a16abd9f3cd0139ccbf2364ee06fd,2020-08,Durham Constabulary,Durham Constabulary,-1.739173,54.858128,On or near Hutton Close,E01020626,County Durham 006A,Violence and sexual offences,Local resolution,
4ca6d919ff9db630ec011a029eca350fe0d72c886358c07ef29b9e41af313367,2020-08,Durham Constabulary,Durham Constabulary,-1.736821,54.860594,On or near Stanhope Gardens,E01020626,County Durham 006A,Violence and sexual offences,Unable to prosecute suspect,
7af730b4b48d6bc9b66fdc6043ad5ee442ffe3e3e4216e5a7f52b48662c310b8,2020-08,Durham Constabulary,Durham Constabulary,-1.733970,54.858180,On or near Elizabeth Street,E01020626,County Durham 006A,Violence and sexual offences,Unable to prosecute suspect,
977bbb2935411ac521e0055ba4e25db616ab481e473a6f858b02edcbb127b7d3,2020-08,Durham Constabulary,Durham Constabulary,-1.739173,54.858128,On or near Hutton Close,E01020626,County Durham 006A,Violence and sexual offences,Unable to prosecute suspect,
026c751cc42d0fe7680a561617caa03618674bbacbbfb803715aead93f39d80a,2020-08,Durham Constabulary,Durham Constabulary,-1.736821,54.860594,On or near Stanhope Gardens,E01020626,County Durham 006A,Violence and sexual offences,Unable to prosecute suspect,
,2020-08,Durham Constabulary,Durham Constabulary,-1.744678,54.862192,On or near New Blackett Street,E01020638,County Durham 006B,Anti-social behaviour,,
,2020-08,Durham Constabulary,Durham Constabulary,-1.748113,54.863404,On or near Trowsdale Street,E01020638,County Durham 006B,Anti-social behaviour,,
,2020-08,Durham Constabulary,Durham Constabulary,-1.744051,54.862802,On or near North Road,E01020638,County Durham 006B,Anti-social behaviour,,
812bde8c92233c02ad7795bbaf64e1cdfff763903212ecb7716f67efbb744887,2020-08,Durham Constabulary,Durham Constabulary,-1.744917,54.861366,On or near Oakwood,E01020638,County Durham 006B,Criminal damage and arson,Unable to prosecute suspect,
10956837c353f945a1a7a38f37580ecbf403933f0a62a2df1aab522533b06913,2020-08,Durham Constabulary,Durham Constabulary,-1.743932,54.859360,On or near Sports/Recreation Area,E01020638,County Durham 006B,Criminal damage and arson,Unable to prosecute suspect,
4c4e51a50ddacddfdda333f7bccd32518b6fa5190e836773779c092277061312,2020-08,Durham Constabulary,Durham Constabulary,-1.740829,54.862364,On or near Church Street,E01020638,County Durham 006B,Criminal damage and arson,Unable to prosecute suspect,
a6abd6a0bf8914af54b22f74388e97c15ebcc8cb82599483e1bec4e9e3c65dbe,2020-08,Durham Constabulary,Durham Constabulary,-1.744917,54.861366,On or near Oakwood,E01020638,County Durham 006B,Vehicle crime,Investigation complete; no suspect identified,
d61c20f125910c5074cd6ec9d386ab3df4760c6035e0088b24b3645308be27c3,2020-08,Durham Constabulary,Durham Constabulary,-1.744917,54.861366,On or near Oakwood,E01020638,County Durham 006B,Violence and sexual offences,Unable to prosecute suspect,
15f6f89ca73a1854ef033eac393ba383d5911179925be4e766258b5fee8c96c4,2020-08,Durham Constabulary,Durham Constabulary,-1.743932,54.859360,On or near Sports/Recreation Area,E01020638,County Durham 006B,Violence and sexual offences,Unable to prosecute suspect,
d04c89e50b518cfdd505319e40428bbe8254b3fd11a579615536670b3d189efd,2020-08,Durham Constabulary,Durham Constabulary,-1.739203,54.863259,On or near Low Church Street,E01020638,County Durham 006B,Violence and sexual offences,Unable to prosecute suspect,
c098120a29f0ef8ef436546a5ecfd0ebf92f4a0f28f269ecf80291ae176bdfa9,2020-08,Durham Constabulary,Durham Constabulary,-1.743932,54.859360,On or near Sports/Recreation Area,E01020638,County Durham 006B,Violence and sexual offences,Unable to prosecute suspect,
4bd56d10486cdb36d4e59d5451a512801a2cd3049d0bc53cf357e00e0f02c1cc,2020-08,Durham Constabulary,Durham Constabulary,-1.743932,54.859360,On or near Sports/Recreation Area,E01020638,County Durham 006B,Violence and sexual offences,Unable to prosecute suspect,
3381d7444bee6a87aa482bf6513025ee5acaa493dc5a4425e92474efd08435f8,2020-08,Durham Constabulary,Durham Constabulary,-1.743932,54.859360,On or near Sports/Recreation Area,E01020638,County Durham 006B,Violence and sexual offences,Unable to prosecute suspect,
14215cf93a02322060f2ed80955665409930e77da81efc98a38d481626a2bdc0,2020-08,Durham Constabulary,Durham Constabulary,-1.743932,54.859360,On or near Sports/Recreation Area,E01020638,County Durham 006B,Violence and sexual offences,Unable to prosecute suspect,
db4513f40e87f756ae91dbfb963ea42dc9e1c83bcd6ce4a2fcd2cc62f813bfe3,2020-08,Durham Constabulary,Durham Constabulary,-1.743932,54.859360,On or near Sports/Recreation Area,E01020638,County Durham 006B,Violence and sexual offences,Local resolution,
14e14af8a9c87854fabee043877dd270e38bd03433e0b52413c86ee3ceb81dab,2020-08,Durham Constabulary,Durham Constabulary,-1.744917,54.861366,On or near Oakwood,E01020638,County Durham 006B,Violence and sexual offences,Unable to prosecute suspect,
e15ee205a57c390a4dd7b6af9037532ee57082e79ec5b0202e22dc00cdbe5793,2020-08,Durham Constabulary,Durham Constabulary,-1.740829,54.862364,On or near Church Street,E01020638,County Durham 006B,Violence and sexual offences,Unable to prosecute suspect,
,2020-08,Durham Constabulary,Durham Constabulary,-1.747687,54.864203,On or near Taylor Street,E01020639,County Durham 006C,Anti-social behaviour,,
,2020-08,Durham Constabulary,Durham Constabulary,-1.746818,54.863698,On or near Swan Street,E01020639,County Durham 006C,Anti-social behaviour,,
,2020-08,Durham Constabulary,Durham Constabulary,-1.740373,54.865400,On or near The Hawthorns,E01020639,County Durham 006C,Anti-social behaviour,,
,2020-08,Durham Constabulary,Durham Constabulary,-1.749462,54.869499,On or near North Road,E01020639,County Durham 006C,Anti-social behaviour,,
,2020-08,Durham Constabulary,Durham Constabulary,-1.749274,54.864682,On or near Greentree Lane,E01020639,County Durham 006C,Anti-social behaviour,,
,2020-08,Durham Constabulary,Durham Constabulary,-1.749462,54.869499,On or near North Road,E01020639,County Durham 006C,Anti-social behaviour,,
bb417151cf0990c5a087469a9c06534d5546f4d241ecdc529e245ccf868b819f,2020-08,Durham Constabulary,Durham Constabulary,-1.748172,54.863988,On or near Hilda Street,E01020639,County Durham 006C,Criminal damage and arson,Unable to prosecute suspect,
b55e103b81c58e0d0875c527e908bcd1219f930aca455f2c25134521c3cbfae3,2020-08,Durham Constabulary,Durham Constabulary,-1.744721,54.865203,On or near Balmoral Drive,E01020639,County Durham 006C,Criminal damage and arson,Unable to prosecute suspect,
6df5daa65b36b8a27bb4ffc64e12833b5fc6dac6e5ecbe9999d0b771353b07ab,2020-08,Durham Constabulary,Durham Constabulary,-1.747687,54.864203,On or near Taylor Street,E01020639,County Durham 006C,Criminal damage and arson,Investigation complete; no suspect identified,
b5d8d5a230d8de87d03fa4ae594f543c82b9a511beaca1452d2d0a45d8341504,2020-08,Durham Constabulary,Durham Constabulary,-1.746818,54.863698,On or near Swan Street,E01020639,County Durham 006C,Drugs,Offender given a drugs possession warning,
6958671cf4c9614c4fcc8a1f5088f3cb636d6fb9e838d6f3fa6f13ca28d975e0,2020-08,Durham Constabulary,Durham Constabulary,-1.746818,54.863698,On or near Swan Street,E01020639,County Durham 006C,Violence and sexual offences,Unable to prosecute suspect,
9b39c4b18e2a03158146543493abc3bb9d1f9d41b9eec6f87b00923b0730a1ef,2020-08,Durham Constabulary,Durham Constabulary,-1.749462,54.869499,On or near North Road,E01020639,County Durham 006C,Violence and sexual offences,Local resolution,
556c5d3e6310f90ca469790353d9fe1270c201dfe511ece61a6e45bd02fc1548,2020-08,Durham Constabulary,Durham Constabulary,-1.748172,54.863988,On or near Hilda Street,E01020639,County Durham 006C,Violence and sexual offences,Unable to prosecute suspect,
de85f3ed2d933b536ffc2e8d5f37e16e9dd01ef6076ce437accb4c97b89cad46,2020-08,Durham Constabulary,Durham Constabulary,-1.749696,54.859390,On or near Annfield Place,E01020639,County Durham 006C,Violence and sexual offences,Unable to prosecute suspect,
ce3c93d1b53df74bf77d3128e4c4edc54483fbfd945944278af502466d0096e8,2020-08,Durham Constabulary,Durham Constabulary,-1.748313,54.868814,On or near Carrmyers,E01020639,County Durham 006C,Violence and sexual offences,Action to be taken by another organisation,
e96c87a70cac973c90e447d100145c906a264b44b25714757d8a624bfffa10e7,2020-08,Durham Constabulary,Durham Constabulary,-1.745480,54.865906,On or near Balmoral Avenue,E01020639,County Durham 006C,Violence and sexual offences,Unable to prosecute suspect,
902bdf27c439a10d3fcc6c96092df987ec7bf3a5ffb6d8e2d0d49007d9634653,2020-08,Durham Constabulary,Durham Constabulary,-1.746277,54.862969,On or near Oak Terrace,E01020639,County Durham 006C,Violence and sexual offences,Unable to prosecute suspect,
f7024e98aca5bc76a9c9ab02e1b327173eb21b0021e46ba9fa4cd54d7418378a,2020-08,Durham Constabulary,Durham Constabulary,-1.746277,54.862969,On or near Oak Terrace,E01020639,County Durham 006C,Violence and sexual offences,Unable to prosecute suspect,
9e06297a5b0030a74e23ea4278438b7f12bfd121a7f5be1be56e8485397ce02e,2020-08,Durham Constabulary,Durham Constabulary,-1.748172,54.863988,On or near Hilda Street,E01020639,County Durham 006C,Violence and sexual offences,Local resolution,
9e2f4daf071687d062504a39a2272cfe7e2a7083b2a75af248c9d9deeafa5c80,2020-08,Durham Constabulary,Durham Constabulary,-1.748172,54.863988,On or near Hilda Street,E01020639,County Durham 006C,Violence and sexual offences,Local resolution,
a795546542f789ae5fb66adf2861b452884be5125f5b0147140e98fa391b86bb,2020-08,Durham Constabulary,Durham Constabulary,-1.749274,54.864682,On or near Greentree Lane,E01020639,County Durham 006C,Violence and sexual offences,Local resolution,
ee1934661ece19e8148cd211d981f64e8b09813b91c659aec7aabb86a34e7d50,2020-08,Durham Constabulary,Durham Constabulary,-1.749274,54.864682,On or near Greentree Lane,E01020639,County Durham 006C,Violence and sexual offences,Unable to prosecute suspect,
e8d4ec247978e349b5840d5944a4aaccc8de6f66adbc4665e257ae8e5b1035bb,2020-08,Durham Constabulary,Durham Constabulary,-1.751475,54.871489,On or near Sports/Recreation Area,E01020639,County Durham 006C,Violence and sexual offences,Unable to prosecute suspect,
2188f7a84147efead41211b3a7d8f3d7d0751f770c106b383fd59ea992548642,2020-08,Durham Constabulary,Durham Constabulary,-1.746818,54.863698,On or near Swan Street,E01020639,County Durham 006C,Violence and sexual offences,Unable to prosecute suspect,
73c514e22d2e7f28d892001f80166c0b758884bb22d56dd03646e7490901f329,2020-08,Durham Constabulary,Durham Constabulary,-1.745656,54.865241,On or near Valiant Way,E01020639,County Durham 006C,Violence and sexual offences,Unable to prosecute suspect,
04bb810e7b7de611828e83791863d9e4572d739dd5a8909caa7835c7cbf30d92,2020-08,Durham Constabulary,Durham Constabulary,-1.744976,54.864305,On or near The Ridings,E01020639,County Durham 006C,Violence and sexual offences,Unable to prosecute suspect,
,2020-08,Durham Constabulary,Durham Constabulary,-1.765536,54.873252,On or near Sports/Recreation Area,E01020653,County Durham 006D,Anti-social behaviour,,
,2020-08,Durham Constabulary,Durham Constabulary,-1.761505,54.877611,On or near Parking Area,E01020653,County Durham 006D,Anti-social behaviour,,
,2020-08,Durham Constabulary,Durham Constabulary,-1.755463,54.879486,On or near South Meadows,E01020653,County Durham 006D,Anti-social behaviour,,
,2020-08,Durham Constabulary,Durham Constabulary,-1.766824,54.874270,On or near Pontopsyde,E01020653,County Durham 006D,Anti-social behaviour,,
,2020-08,Durham Constabulary,Durham Constabulary,-1.757926,54.876849,On or near Catchwell Road,E01020653,County Durham 006D,Anti-social behaviour,,
,2020-08,Durham Constabulary,Durham Constabulary,-1.750876,54.877671,On or near Bradley Lodge Drive,E01020653,County Durham 006D,Anti-social behaviour,,
9da2fde13daff70e97e6d499937934b96270d5ee1a39509e053ea69fc7099674,2020-08,Durham Constabulary,Durham Constabulary,-1.768510,54.873707,On or near Pikesyde,E01020653,County Durham 006D,Criminal damage and arson,Investigation complete; no suspect identified,
79f57082fd92a93c415dc5bc74ce513230d7cbc27a683d89a7085c13247a350d,2020-08,Durham Constabulary,Durham Constabulary,-1.765536,54.873252,On or near Sports/Recreation Area,E01020653,County Durham 006D,Public order,Investigation complete; no suspect identified,
e7489ec9b5767c8f852294fcdc00aa5a82aa91918173147bad62eca9da083e78,2020-08,Durham Constabulary,Durham Constabulary,-1.755463,54.879486,On or near South Meadows,E01020653,County Durham 006D,Violence and sexual offences,Unable to prosecute suspect,
9c7993a1e8ec6c790cf4d55587229d79036cc640b9c235dbc5aabc4e173e4fd5,2020-08,Durham Constabulary,Durham Constabulary,-1.750876,54.877671,On or near Bradley Lodge Drive,E01020653,County Durham 006D,Violence and sexual offences,Unable to prosecute suspect,
11abab566cdf776ab79dd28f8cb8a159cf02766a65eef4e80e77bdc5f6143c5f,2020-08,Durham Constabulary,Durham Constabulary,-1.766824,54.874270,On or near Pontopsyde,E01020653,County Durham 006D,Violence and sexual offences,Action to be taken by another organisation,
,2020-08,Durham Constabulary,Durham Constabulary,-1.715480,54.882464,On or near Parkside,E01020677,County Durham 006E,Anti-social behaviour,,
,2020-08,Durham Constabulary,Durham Constabulary,-1.717140,54.879242,On or near The Grange,E01020677,County Durham 006E,Anti-social behaviour,,
,2020-08,Durham Constabulary,Durham Constabulary,-1.715480,54.882464,On or near Parkside,E01020677,County Durham 006E,Anti-social behaviour,,
4dfcd69d09bc6843c2d2baabb6b2ef3cc2a8504d0ab7e16151d419decd5382f2,2020-08,Durham Constabulary,Durham Constabulary,-1.726732,54.878113,On or near Harperley Lane,E01020677,County Durham 006E,Criminal damage and arson,Unable to prosecute suspect,
7dc20ae943554764251ca29ae86097988c38b54c30baab48124cdc4a4eae8138,2020-08,Durham Constabulary,Durham Constabulary,-1.739810,54.885070,On or near Alder Crescent,E01020677,County Durham 006E,Drugs,Offender given a caution,
0ed8ed6198828531013d38061dd572a8d77acfb29a17049062004482d7b24437,2020-08,Durham Constabulary,Durham Constabulary,-1.714394,54.879568,On or near Epworth,E01020677,County Durham 006E,Violence and sexual offences,Investigation complete; no suspect identified,
077905bba80663c7d9f30d0d3341b08a35f59216a5495456c72995a3f7076bf6,2020-08,Durham Constabulary,Durham Constabulary,-1.715480,54.882464,On or near Parkside,E01020677,County Durham 006E,Violence and sexual offences,Unable to prosecute suspect,
d88cd459d555cd52512f71ec88981a0650b59d6c2ecbe26c1e24f798d583c2fe,2020-08,Durham Constabulary,Durham Constabulary,-1.715480,54.882464,On or near Parkside,E01020677,County Durham 006E,Violence and sexual offences,Unable to prosecute suspect,
073ef8592fe390dfcf32494ee73dd46a35ec55f6ee6cc57bad1898b0a87513b6,2020-08,Durham Constabulary,Durham Constabulary,-1.716977,54.882350,On or near Good Street,E01020677,County Durham 006E,Violence and sexual offences,Unable to prosecute suspect,
,2020-08,Durham Constabulary,Durham Constabulary,-1.585361,54.864350,On or near Pelton Lane,E01020596,County Durham 007A,Anti-social behaviour,,
,2020-08,Durham Constabulary,Durham Constabulary,-1.584691,54.865867,On or near Beechwoods,E01020596,County Durham 007A,Anti-social behaviour,,
,2020-08,Durham Constabulary,Durham Constabulary,-1.585361,54.864350,On or near Pelton Lane,E01020596,County Durham 007A,Anti-social behaviour,,
,2020-08,Durham Constabulary,Durham Constabulary,-1.585361,54.864350,On or near Pelton Lane,E01020596,County Durham 007A,Anti-social behaviour,,
,2020-08,Durham Constabulary,Durham Constabulary,-1.585644,54.865592,On or near Cedars,E01020596,County Durham 007A,Anti-social behaviour,,
3cc1592736a63f9b29997319bee66332fbf394f46b7c70667d115cbef36127e0,2020-08,Durham Constabulary,Durham Constabulary,-1.581656,54.863978,On or near Pelaw Square,E01020596,County Durham 007A,Drugs,Court result unavailable,
9102a82af6f30b41697c1fd02bb803474777a3be2d9ec3cdf2c3fe9839d4d4b3,2020-08,Durham Constabulary,Durham Constabulary,-1.583254,54.866168,On or near Firtrees,E01020596,County Durham 007A,Other theft,Unable to prosecute suspect,
ddf58420784161c2d6c90c1e0972b5f84abd347e2c45611fe294358fd08f68f7,2020-08,Durham Constabulary,Durham Constabulary,-1.585644,54.865592,On or near Cedars,E01020596,County Durham 007A,Public order,Local resolution,
4781f32e43e6684ffab37d875d3805ba69815f3760c40f850566247e8c2fed5c,2020-08,Durham Constabulary,Durham Constabulary,-1.580729,54.864730,On or near Conyers Road,E01020596,County Durham 007A,Public order,Unable to prosecute suspect,
8a53ef451786b6254227aa9875637c1bdef97ee7c1cea350e4c1589ccea85308,2020-08,Durham Constabulary,Durham Constabulary,-1.582986,54.865016,On or near Conyers Place,E01020596,County Durham 007A,Violence and sexual offences,Unable to prosecute suspect,
e1b995f37c2bbbecae9a8c88849cbba3300ad7c6e1d75c1aac8f7450c2e7a280,2020-08,Durham Constabulary,Durham Constabulary,-1.581298,54.860967,On or near Sports/Recreation Area,E01020596,County Durham 007A,Violence and sexual offences,Investigation complete; no suspect identified,
,2020-08,Durham Constabulary,Durham Constabulary,-1.593633,54.862815,On or near Hazel Grove,E01020597,County Durham 007B,Anti-social behaviour,,
02170f22276b28360e33018dfe5b9f5c3128c5526200de7573e867560aeae04e,2020-08,Durham Constabulary,Durham Constabulary,-1.584412,54.861130,On or near Glen Barr,E01020597,County Durham 007B,Public order,Unable to prosecute suspect,
02c3a3527feb4ca326452e6c7b63063717019940aebd03168fbf7d023c2f34d2,2020-08,Durham Constabulary,Durham Constabulary,-1.588208,54.864702,On or near Hollycrest,E01020597,County Durham 007B,Vehicle crime,Investigation complete; no suspect identified,
9f61adb9eb2fc3b7652fbab0b3f9c64ea550f91f5fadb3e8a0cf2ef8c9b92f92,2020-08,Durham Constabulary,Durham Constabulary,-1.584412,54.861130,On or near Glen Barr,E01020597,County Durham 007B,Violence and sexual offences,Unable to prosecute suspect,
3e1fb3c56f6ddbf1e6f7cc19de46035dd1af6854a24e1cd49718a6166ad2f3e9,2020-08,Durham Constabulary,Durham Constabulary,-1.583480,54.862412,On or near Laurel Court,E01020597,County Durham 007B,Violence and sexual offences,Unable to prosecute suspect,
,2020-08,Durham Constabulary,Durham Constabulary,-1.572774,54.858232,On or near Parking Area,E01020598,County Durham 007C,Anti-social behaviour,,
,2020-08,Durham Constabulary,Durham Constabulary,-1.575097,54.859552,On or near Lucy Street,E01020598,County Durham 007C,Anti-social behaviour,,
,2020-08,Durham Constabulary,Durham Constabulary,-1.576365,54.858990,On or near South Burns,E01020598,County Durham 007C,Anti-social behaviour,,
,2020-08,Durham Constabulary,Durham Constabulary,-1.569048,54.861463,On or near Petrol Station,E01020598,County Durham 007C,Anti-social behaviour,,
,2020-08,Durham Constabulary,Durham Constabulary,-1.576365,54.858990,On or near South Burns,E01020598,County Durham 007C,Anti-social behaviour,,
,2020-08,Durham Constabulary,Durham Constabulary,-1.576365,54.858990,On or near South Burns,E01020598,County Durham 007C,Anti-social behaviour,,
,2020-08,Durham Constabulary,Durham Constabulary,-1.576365,54.858990,On or near South Burns,E01020598,County Durham 007C,Anti-social behaviour,,
,2020-08,Durham Constabulary,Durham Constabulary,-1.576365,54.858990,On or near South Burns,E01020598,County Durham 007C,Anti-social behaviour,,
a48390664d1149db4ecc81972d153f379c7a1437f8f8debee2a2ef0f214a2773,2020-08,Durham Constabulary,Durham Constabulary,-1.575606,54.860084,On or near Pelaw Bank,E01020598,County Durham 007C,Criminal damage and arson,Unable to prosecute suspect,
d0142465f0372e2e3d965f6dcb186ddd6b8612b0e6ef40b568de728a3e085463,2020-08,Durham Constabulary,Durham Constabulary,-1.575946,54.864731,On or near Highfield Rise,E01020598,County Durham 007C,Criminal damage and arson,Unable to prosecute suspect,
8deb8f7a53b2d677a74a802fb4b1d99b2a826ef800772499bc22d9a991effb66,2020-08,Durham Constabulary,Durham Constabulary,-1.576365,54.858990,On or near South Burns,E01020598,County Durham 007C,Criminal damage and arson,Investigation complete; no suspect identified,
a83f5e310394c0bec75e678336f3ce524d8c8f6ee4a73ae0f56dd8ca45c85f2c,2020-08,Durham Constabulary,Durham Constabulary,-1.569048,54.861463,On or near Petrol Station,E01020598,County Durham 007C,Other theft,Investigation complete; no suspect identified,
c829afb4ccd8b65dcab3a87a7393e215532a4bfc7f7506b44cdb1835b52b729f,2020-08,Durham Constabulary,Durham Constabulary,-1.576365,54.858990,On or near South Burns,E01020598,County Durham 007C,Public order,Court result unavailable,
3eb23fcf54639e4042990613fe443a598984a2691c5d780f211b3448ce4b107b,2020-08,Durham Constabulary,Durham Constabulary,-1.576365,54.858990,On or near South Burns,E01020598,County Durham 007C,Public order,Unable to prosecute suspect,
1b4a5f209c4019bcadce5fa3409d4ac8dc0d68b1eb43ef6f2d203eb9b09b58cc,2020-08,Durham Constabulary,Durham Constabulary,-1.572989,54.859994,On or near Supermarket,E01020598,County Durham 007C,Shoplifting,Investigation complete; no suspect identified,
004c27509791ad2df1ae319394fcf72f848c19be930973b36b8ecc9d54ddf82d,2020-08,Durham Constabulary,Durham Constabulary,-1.569048,54.861463,On or near Petrol Station,E01020598,County Durham 007C,Shoplifting,Local resolution,
cd5a2e7d2a0237457a9e18e6a84e130e53ef660ec8264da4d68e9bb68ee21d3a,2020-08,Durham Constabulary,Durham Constabulary,-1.569048,54.861463,On or near Petrol Station,E01020598,County Durham 007C,Shoplifting,Local resolution,
96ea57140b3e383fb3289b2846c421ad8dfc807df9b4cefb082d2a4c93d8a09b,2020-08,Durham Constabulary,Durham Constabulary,-1.572989,54.859994,On or near Supermarket,E01020598,County Durham 007C,Shoplifting,Further action is not in the public interest,
4b0ba10a0c6a8ae80b2bb79a6b869a00f8bb67dbae0314eccfc347c1268184c7,2020-08,Durham Constabulary,Durham Constabulary,-1.572989,54.859994,On or near Supermarket,E01020598,County Durham 007C,Theft from the person,Further action is not in the public interest,
6de6516471b0b03fe624ac932e1401d692418150807318c806869815f9a3a472,2020-08,Durham Constabulary,Durham Constabulary,-1.576628,54.866549,On or near Northlands,E01020598,County Durham 007C,Vehicle crime,Investigation complete; no suspect identified,
35f0368260ddbd1331d654502442cbf044061beff11f19113dbf5156cd6fb368,2020-08,Durham Constabulary,Durham Constabulary,-1.576628,54.866549,On or near Northlands,E01020598,County Durham 007C,Vehicle crime,Investigation complete; no suspect identified,
98db93a9dd9bcf09a96b964e63c73016dce6eab0f9729b1d35a286567cedaa5b,2020-08,Durham Constabulary,Durham Constabulary,-1.575946,54.864731,On or near Highfield Rise,E01020598,County Durham 007C,Vehicle crime,Investigation complete; no suspect identified,
5ddd55e282cb923ebec73c6d530a1ec4e90472828f0151d097d1f11f33178a44,2020-08,Durham Constabulary,Durham Constabulary,-1.576365,54.858990,On or near South Burns,E01020598,County Durham 007C,Violence and sexual offences,Unable to prosecute suspect,
cbb9f54e8ee79ec00fafff3a670e9b92758a9c84bc4a5e1070e20e5f3468cc7a,2020-08,Durham Constabulary,Durham Constabulary,-1.576628,54.866549,On or near Northlands,E01020598,County Durham 007C,Violence and sexual offences,Unable to prosecute suspect,
a7b93c1cf358dafea5a236f31dbd4fab24e160915b9b178ca38e0e64eb34350f,2020-08,Durham Constabulary,Durham Constabulary,-1.569572,54.860530,On or near Bus/Coach Station,E01020598,County Durham 007C,Violence and sexual offences,Unable to prosecute suspect,
9fe7cb60c4020f09e6f5ba244d5c8192f92ad7a46e0223db74d68d551bee8f79,2020-08,Durham Constabulary,Durham Constabulary,-1.576628,54.866549,On or near Northlands,E01020598,County Durham 007C,Violence and sexual offences,Unable to prosecute suspect,
5a494df0af0f438f46a884b6e523759fffef5132ea70ede2b4f11f0fe86d79b8,2020-08,Durham Constabulary,Durham Constabulary,-1.575946,54.864731,On or near Highfield Rise,E01020598,County Durham 007C,Violence and sexual offences,Unable to prosecute suspect,
ee0c38dcd3a108deda3c3e54de9c0d4742daa10a764ef7309cb3623546030d76,2020-08,Durham Constabulary,Durham Constabulary,-1.576365,54.858990,On or near South Burns,E01020598,County Durham 007C,Violence and sexual offences,Unable to prosecute suspect,
,2020-08,Durham Constabulary,Durham Constabulary,-1.572063,54.873974,On or near Lombard Drive,E01020611,County Durham 007D,Anti-social behaviour,,
a80a9aca21e08c5b03cd2e8c4e63e032cba629691559d229c74b5c5d898027a0,2020-08,Durham Constabulary,Durham Constabulary,-1.568563,54.874833,On or near Merlin Drive,E01020611,County Durham 007D,Other theft,Investigation complete; no suspect identified,
6b5d268140a4ea4a4eb7b44b3c72113e6b3e58606071c30a70d2eac064f01149,2020-08,Durham Constabulary,Durham Constabulary,-1.564264,54.880371,On or near Ambleside Court,E01020611,County Durham 007D,Vehicle crime,Investigation complete; no suspect identified,
7d3a52a2fa2099a96ce3729c16757673362c06de6b13e3eccb8acef8f1237b89,2020-08,Durham Constabulary,Durham Constabulary,-1.565232,54.878811,On or near Picktree Lodge,E01020611,County Durham 007D,Vehicle crime,Unable to prosecute suspect,
59474d91c8e43a4f6baa2af9ede448f7525d6d58c8c4d8383a69e8a720657acf,2020-08,Durham Constabulary,Durham Constabulary,-1.570739,54.876809,On or near Sinclair Drive,E01020611,County Durham 007D,Vehicle crime,Investigation complete; no suspect identified,
41d0ddc7d3ea7c7d470f41b2663965e1624192c96c027eda8834e337fbd09c08,2020-08,Durham Constabulary,Durham Constabulary,-1.565232,54.878811,On or near Picktree Lodge,E01020611,County Durham 007D,Vehicle crime,Unable to prosecute suspect,
05dfde1b1fa9d2636f76a824d6984d2c6c1a5325c88c57c71e69013a3a400ce0,2020-08,Durham Constabulary,Durham Constabulary,-1.564264,54.880371,On or near Ambleside Court,E01020611,County Durham 007D,Vehicle crime,Investigation complete; no suspect identified,
50260bd18615902cc6729cf4f2698280b9b2b51da42a91e4d368203a3f2de02e,2020-08,Durham Constabulary,Durham Constabulary,-1.565232,54.878811,On or near Picktree Lodge,E01020611,County Durham 007D,Vehicle crime,Unable to prosecute suspect,
fb2cfe6605b9493922c93da20e3bf90dc33868f14be7f1f2176dbe3dab3e4192,2020-08,Durham Constabulary,Durham Constabulary,-1.576093,54.877457,On or near Pelaw Grange Court,E01020611,County Durham 007D,Vehicle crime,Unable to prosecute suspect,
8741291e65d3e89a513e181e0337b1e4cbf4d57a6d30ffc5f7b000abe513cecd,2020-08,Durham Constabulary,Durham Constabulary,-1.564264,54.880371,On or near Ambleside Court,E01020611,County Durham 007D,Vehicle crime,Unable to prosecute suspect,
32d5b661d5cb7969605ca10c16a673c18e88ef0b1a51577a367577f7f7ef92f3,2020-08,Durham Constabulary,Durham Constabulary,-1.570739,54.876809,On or near Sinclair Drive,E01020611,County Durham 007D,Vehicle crime,Unable to prosecute suspect,
55634d271bb01cbb7c769672411b2ed9ed0a630d83726e48ff40e40dda9ab4ff,2020-08,Durham Constabulary,Durham Constabulary,-1.564264,54.880371,On or near Ambleside Court,E01020611,County Durham 007D,Vehicle crime,Unable to prosecute suspect,
ca6fdaffae638888192fff96e25df6f7b02685d7aff183d852829ebe0d40c2c9,2020-08,Durham Constabulary,Durham Constabulary,-1.561229,54.874241,On or near Ash Meadows,E01020611,County Durham 007D,Vehicle crime,Investigation complete; no suspect identified,
f84fc966e02d071725d8095b81ac3bf4c910455ed518f1b2da7cf8aa6bb98107,2020-08,Durham Constabulary,Durham Constabulary,-1.570739,54.876809,On or near Sinclair Drive,E01020611,County Durham 007D,Vehicle crime,Unable to prosecute suspect,
472cfb01904800d4abecf0205e4c88082c9702cfe3968cabde42b8ae371e7bc9,2020-08,Durham Constabulary,Durham Constabulary,-1.576093,54.877457,On or near Pelaw Grange Court,E01020611,County Durham 007D,Vehicle crime,Unable to prosecute suspect,
d79052ee97439ca638fae5cbae36f5945551364496977e6255cbb0da1c490542,2020-08,Durham Constabulary,Durham Constabulary,-1.565232,54.878811,On or near Picktree Lodge,E01020611,County Durham 007D,Vehicle crime,Unable to prosecute suspect,
cbf4d7aec9f0431903728d629d3eb89d121ac453cfd74023d2e50e316ab0decd,2020-08,Durham Constabulary,Durham Constabulary,-1.569848,54.877048,On or near Caxton Way,E01020611,County Durham 007D,Vehicle crime,Unable to prosecute suspect,
,2020-08,Durham Constabulary,Durham Constabulary,-1.586172,54.876377,On or near First Avenue,E01020612,County Durham 007E,Anti-social behaviour,,
fc2d4911e5afab465b1e34b70ce31505eabe8e50e2773e6233b5e5e51c97ae54,2020-08,Durham Constabulary,Durham Constabulary,-1.571735,54.865175,On or near Park Place,E01020612,County Durham 007E,Criminal damage and arson,Investigation complete; no suspect identified,
42ddae84378e94d1cff4402dad4b364691b1f2ff11587005ab7571cb9069bd8d,2020-08,Durham Constabulary,Durham Constabulary,-1.577116,54.873587,On or near Kingsmere,E01020612,County Durham 007E,Public order,Unable to prosecute suspect,
40cfb5efd52f286aaf54fc4d6bbcae8c1f5817a965be55c8f1922580f58e5a75,2020-08,Durham Constabulary,Durham Constabulary,-1.586172,54.876377,On or near First Avenue,E01020612,County Durham 007E,Public order,Investigation complete; no suspect identified,
ae3e7542d58c5532853ae8af1cb1b49a001543e39213ed59021eadea2c9d0d0a,2020-08,Durham Constabulary,Durham Constabulary,-1.572664,54.870193,On or near Longdean Park,E01020612,County Durham 007E,Vehicle crime,Investigation complete; no suspect identified,
c1fa403e7155a057e02c25a0a6bf8b6b37fa1011460d7f38a37227cc3996e27e,2020-08,Durham Constabulary,Durham Constabulary,-1.586172,54.876377,On or near First Avenue,E01020612,County Durham 007E,Violence and sexual offences,Local resolution,
a210cf2c17958ab89cdb86881865b0d6f85107dd71204b5787b776562660c55c,2020-08,Durham Constabulary,Durham Constabulary,-1.577116,54.873587,On or near Kingsmere,E01020612,County Durham 007E,Violence and sexual offences,Unable to prosecute suspect,
b8a5fee546edb03b1cfa00c3d924b85ed80a24b1fad615c98506c09682c41d40,2020-08,Durham Constabulary,Durham Constabulary,-1.577116,54.873587,On or near Kingsmere,E01020612,County Durham 007E,Violence and sexual offences,Unable to prosecute suspect,
61ac32fb8eedafc57419e9db139e539444db65fd9a7d10148933376964056500,2020-08,Durham Constabulary,Durham Constabulary,-1.573306,54.865459,On or near Highfield Gardens,E01020612,County Durham 007E,Violence and sexual offences,Unable to prosecute suspect,
,2020-08,Durham Constabulary,Durham Constabulary,-1.677668,54.862734,On or near Cookson Place,E01020647,County Durham 008A,Anti-social behaviour,,
,2020-08,Durham Constabulary,Durham Constabulary,-1.682295,54.862782,On or near Darling Place,E01020647,County Durham 008A,Anti-social behaviour,,
,2020-08,Durham Constabulary,Durham Constabulary,-1.684469,54.863687,On or near Ladysmith Court,E01020647,County Durham 008A,Anti-social behaviour,,
,2020-08,Durham Constabulary,Durham Constabulary,-1.684469,54.863687,On or near Ladysmith Court,E01020647,County Durham 008A,Anti-social behaviour,,
,2020-08,Durham Constabulary,Durham Constabulary,-1.684058,54.864494,On or near Malvern Terrace,E01020647,County Durham 008A,Anti-social behaviour,,
,2020-08,Durham Constabulary,Durham Constabulary,-1.684469,54.863687,On or near Ladysmith Court,E01020647,County Durham 008A,Anti-social behaviour,,
,2020-08,Durham Constabulary,Durham Constabulary,-1.677668,54.862734,On or near Cookson Place,E01020647,County Durham 008A,Anti-social behaviour,,
,2020-08,Durham Constabulary,Durham Constabulary,-1.686107,54.865416,On or near Cotswold Terrace,E01020647,County Durham 008A,Anti-social behaviour,,
,2020-08,Durham Constabulary,Durham Constabulary,-1.681004,54.868377,On or near Mowlam Drive,E01020647,County Durham 008A,Anti-social behaviour,,
,2020-08,Durham Constabulary,Durham Constabulary,-1.684469,54.863687,On or near Ladysmith Court,E01020647,County Durham 008A,Anti-social behaviour,,
,2020-08,Durham Constabulary,Durham Constabulary,-1.678375,54.863949,On or near Cookson Place,E01020647,County Durham 008A,Anti-social behaviour,,
,2020-08,Durham Constabulary,Durham Constabulary,-1.678375,54.863949,On or near Cookson Place,E01020647,County Durham 008A,Anti-social behaviour,,
6543c4945cfa8393f02790017d947f59a2cc629fffb3b56fc1b1c47d8be0ae6f,2020-08,Durham Constabulary,Durham Constabulary,-1.678375,54.863949,On or near Cookson Place,E01020647,County Durham 008A,Criminal damage and arson,Local resolution,
7c70f312552bfe4b039130db3ca93d46fda00ac799281a239799c1171031deb9,2020-08,Durham Constabulary,Durham Constabulary,-1.681118,54.863867,On or near Fonteyn Place,E01020647,County Durham 008A,Criminal damage and arson,Unable to prosecute suspect,
d9912624575662b59d911ab912fe7bd20bfebce3a8346c94b042763a8392a500,2020-08,Durham Constabulary,Durham Constabulary,-1.679320,54.862649,On or near Nightingale Place,E01020647,County Durham 008A,Public order,Unable to prosecute suspect,
83b7e63cee7fe243446745fa6589e72e37eaf5328d8e60c65f3b54de9a2f290b,2020-08,Durham Constabulary,Durham Constabulary,-1.682368,54.863412,On or near Pennine Gardens,E01020647,County Durham 008A,Public order,Unable to prosecute suspect,
306469ef4f0d2373bdc6a426b548f31d79fbecd05b11ee8a11f2dfae7b9f2e7f,2020-08,Durham Constabulary,Durham Constabulary,-1.678334,54.863257,On or near Aylward Place,E01020647,County Durham 008A,Public order,Investigation complete; no suspect identified,
fc0bf01a67f620e0e29f9b0ddc44b0ef489b75dcd0dea038bafc9164c7c9b699,2020-08,Durham Constabulary,Durham Constabulary,-1.678375,54.863949,On or near Cookson Place,E01020647,County Durham 008A,Violence and sexual offences,Unable to prosecute suspect,
2b41acecaf9ff9e91a6c7275d99b27e1b7178ca01342382e668023615c98d6e5,2020-08,Durham Constabulary,Durham Constabulary,-1.678375,54.863949,On or near Cookson Place,E01020647,County Durham 008A,Violence and sexual offences,Unable to prosecute suspect,
48abb4e35a71e29b011387d958c3621474ce30086732446b55bc2bf0ce980578,2020-08,Durham Constabulary,Durham Constabulary,-1.678375,54.863949,On or near Cookson Place,E01020647,County Durham 008A,Violence and sexual offences,Unable to prosecute suspect,
ce59c2f9d3060b3b791421dcd572fda8374f8b6eac7e21788d08c706456ef67d,2020-08,Durham Constabulary,Durham Constabulary,-1.677668,54.862734,On or near Cookson Place,E01020647,County Durham 008A,Violence and sexual offences,Status update unavailable,
ce59c2f9d3060b3b791421dcd572fda8374f8b6eac7e21788d08c706456ef67d,2020-08,Durham Constabulary,Durham Constabulary,-1.677668,54.862734,On or near Cookson Place,E01020647,County Durham 008A,Violence and sexual offences,Status update unavailable,
315ded578bc73bc1dab2644654b933170bb9d038fbd32eb4e3442acac3996fe3,2020-08,Durham Constabulary,Durham Constabulary,-1.682195,54.861641,On or near Austen Place,E01020647,County Durham 008A,Violence and sexual offences,Unable to prosecute suspect,
e10ff803308d2204b97bcebbf8ed21ad782b607b4285cccef1ec50e2403ac55f,2020-08,Durham Constabulary,Durham Constabulary,-1.684058,54.864494,On or near Malvern Terrace,E01020647,County Durham 008A,Violence and sexual offences,Unable to prosecute suspect,
54d39ae9cdd2b8e7e5d7f2169ce9b612b679c2dc7413d58a3461f8a7cfda8df9,2020-08,Durham Constabulary,Durham Constabulary,-1.686958,54.864115,On or near Durham Road,E01020647,County Durham 008A,Violence and sexual offences,Local resolution,
ce59c2f9d3060b3b791421dcd572fda8374f8b6eac7e21788d08c706456ef67d,2020-08,Durham Constabulary,Durham Constabulary,-1.677668,54.862734,On or near Cookson Place,E01020647,County Durham 008A,Violence and sexual offences,Unable to prosecute suspect,
69aeec74224659c24849325250be1676268b7a4d4457b1b6bc27745c4f15fe3e,2020-08,Durham Constabulary,Durham Constabulary,-1.685382,54.866502,On or near Coates Close,E01020647,County Durham 008A,Violence and sexual offences,Unable to prosecute suspect,
1815abb76c7dcebe747e96d0a95780880acedffcbc880e68055c0cb889734538,2020-08,Durham Constabulary,Durham Constabulary,-1.687670,54.866750,On or near Walton Close,E01020647,County Durham 008A,Violence and sexual offences,Unable to prosecute suspect,
38c122da7ae930973f35dcaa18a28867bb15c107d909ec0b4d05a780259c8218,2020-08,Durham Constabulary,Durham Constabulary,-1.683802,54.863307,On or near Ladysmith Court,E01020647,County Durham 008A,Violence and sexual offences,Unable to prosecute suspect,
846b0f9449f225358dc4f2b864205022f91b6dc416b822304a0bcb47211decd7,2020-08,Durham Constabulary,Durham Constabulary,-1.679320,54.862649,On or near Nightingale Place,E01020647,County Durham 008A,Violence and sexual offences,Unable to prosecute suspect,
7d615616cb8300897118f04b95e7fd3e95c12431bca2d044c37688427edcbcba,2020-08,Durham Constabulary,Durham Constabulary,-1.679320,54.862649,On or near Nightingale Place,E01020647,County Durham 008A,Violence and sexual offences,Unable to prosecute suspect,
dfa6ca6dfb5092e05a7ac02a3ac1b461379a5257a190c1db3b521e816843d962,2020-08,Durham Constabulary,Durham Constabulary,-1.679320,54.862649,On or near Nightingale Place,E01020647,County Durham 008A,Violence and sexual offences,Unable to prosecute suspect,
,2020-08,Durham Constabulary,Durham Constabulary,-1.680779,54.857494,On or near Sports/Recreation Area,E01020648,County Durham 008B,Anti-social behaviour,,
,2020-08,Durham Constabulary,Durham Constabulary,-1.678565,54.855790,On or near Oak Terrace,E01020648,County Durham 008B,Anti-social behaviour,,
,2020-08,Durham Constabulary,Durham Constabulary,-1.678565,54.855790,On or near Oak Terrace,E01020648,County Durham 008B,Anti-social behaviour,,
,2020-08,Durham Constabulary,Durham Constabulary,-1.680779,54.857494,On or near Sports/Recreation Area,E01020648,County Durham 008B,Anti-social behaviour,,
,2020-08,Durham Constabulary,Durham Constabulary,-1.693338,54.861130,On or near Holly Hill Gardens West,E01020648,County Durham 008B,Anti-social behaviour,,
,2020-08,Durham Constabulary,Durham Constabulary,-1.693338,54.861130,On or near Holly Hill Gardens West,E01020648,County Durham 008B,Anti-social behaviour,,
,2020-08,Durham Constabulary,Durham Constabulary,-1.680779,54.857494,On or near Sports/Recreation Area,E01020648,County Durham 008B,Anti-social behaviour,,
,2020-08,Durham Constabulary,Durham Constabulary,-1.696581,54.860707,On or near Hustledown Gardens,E01020648,County Durham 008B,Anti-social behaviour,,
,2020-08,Durham Constabulary,Durham Constabulary,-1.677079,54.858509,On or near Cloverhill Court,E01020648,County Durham 008B,Anti-social behaviour,,
31a38567a4523c5ab770422e5274fd37fee01f57e41f2559be882776fc21e640,2020-08,Durham Constabulary,Durham Constabulary,-1.702524,54.861737,On or near Medway Gardens,E01020648,County Durham 008B,Criminal damage and arson,Unable to prosecute suspect,
ce184d7174fa5551140da90fb9abf4254e6266cddbb520527805c78ceda938c5,2020-08,Durham Constabulary,Durham Constabulary,-1.689907,54.855406,On or near Park/Open Space,E01020648,County Durham 008B,Criminal damage and arson,Investigation complete; no suspect identified,
6c1c6fbdee8cc033b88626148f27ce436e299404d090c7d00531c158c5883034,2020-08,Durham Constabulary,Durham Constabulary,-1.680779,54.857494,On or near Sports/Recreation Area,E01020648,County Durham 008B,Criminal damage and arson,Investigation complete; no suspect identified,
8b1047ee7a4e0a31364ed371e70b814632c513bf76bde38980b3134191952733,2020-08,Durham Constabulary,Durham Constabulary,-1.700008,54.860787,On or near Coquet Gardens,E01020648,County Durham 008B,Criminal damage and arson,Investigation complete; no suspect identified,
00633475634e481aae99730b5d5197f4630022701df030e4af470c3d0cfcd6c3,2020-08,Durham Constabulary,Durham Constabulary,-1.696581,54.860707,On or near Hustledown Gardens,E01020648,County Durham 008B,Criminal damage and arson,Investigation complete; no suspect identified,
62f84acb7fb1b3e8a2176b9bca12523baf9262fa204fe0afc616c42bf5e551bf,2020-08,Durham Constabulary,Durham Constabulary,-1.700008,54.860787,On or near Coquet Gardens,E01020648,County Durham 008B,Criminal damage and arson,Investigation complete; no suspect identified,
90e7685a0641b52e442cc755f5ec69319151391a8a1ee865176b0344e5387f9d,2020-08,Durham Constabulary,Durham Constabulary,-1.700008,54.860787,On or near Coquet Gardens,E01020648,County Durham 008B,Criminal damage and arson,Unable to prosecute suspect,
71585f24472e6278cf73bec03e9ead25dcf9c2cfb897bc6d96c328ddb3bbd0ef,2020-08,Durham Constabulary,Durham Constabulary,-1.700008,54.860787,On or near Coquet Gardens,E01020648,County Durham 008B,Other theft,Investigation complete; no suspect identified,
a48e4dcae386d10e082abb04d6ecff8d368bf2f9a18c1453d7c184735475f9fe,2020-08,Durham Constabulary,Durham Constabulary,-1.678565,54.855790,On or near Oak Terrace,E01020648,County Durham 008B,Public order,Further investigation is not in the public interest,
59b6df356e55ce438ced85094f859874bf0be9a533ea1c29ba42b82c23b8e61d,2020-08,Durham Constabulary,Durham Constabulary,-1.678565,54.855790,On or near Oak Terrace,E01020648,County Durham 008B,Violence and sexual offences,Unable to prosecute suspect,
4a03e4cd0962b8205bd703e4de01161446a5e82af9c22e36686f2197fa68bd7f,2020-08,Durham Constabulary,Durham Constabulary,-1.680779,54.857494,On or near Sports/Recreation Area,E01020648,County Durham 008B,Violence and sexual offences,Further action is not in the public interest,
6724afe8bceaa3b9ca0a2a8d9b9906a651750a2ca51f1372d658a44b8d990d2d,2020-08,Durham Constabulary,Durham Constabulary,-1.678565,54.855790,On or near Oak Terrace,E01020648,County Durham 008B,Violence and sexual offences,Unable to prosecute suspect,
9e896300b5d19886a1ab7dd5b2144f9aefccbcc07813c1b79c381b42011a378c,2020-08,Durham Constabulary,Durham Constabulary,-1.678565,54.855790,On or near Oak Terrace,E01020648,County Durham 008B,Violence and sexual offences,Unable to prosecute suspect,
095f049940edf576ec3451dc65e50a66b0470cfd916521a82b53b39586d64fe6,2020-08,Durham Constabulary,Durham Constabulary,-1.698131,54.861744,On or near Orwell Gardens,E01020648,County Durham 008B,Violence and sexual offences,Unable to prosecute suspect,
9d4f22466d56dd67cccbfa88684ac02f90f6e8f40ebe36b0d9b3151037334bf3,2020-08,Durham Constabulary,Durham Constabulary,-1.690470,54.861303,On or near Sports/Recreation Area,E01020648,County Durham 008B,Violence and sexual offences,Unable to prosecute suspect,
9deba903528b3a5692e4502e775e15a8e198537074cb8b171d088ce0759c6b96,2020-08,Durham Constabulary,Durham Constabulary,-1.698131,54.861744,On or near Orwell Gardens,E01020648,County Durham 008B,Violence and sexual offences,Investigation complete; no suspect identified,
7763e1b742598feb7a7747833fdec67cf58606344b0aa07eb42b3299f892a80f,2020-08,Durham Constabulary,Durham Constabulary,-1.698131,54.861744,On or near Orwell Gardens,E01020648,County Durham 008B,Violence and sexual offences,Unable to prosecute suspect,
76820da53b63a923c7e9a3d5362c46cf5dc106f35c409eb22c8f30e96dec35bd,2020-08,Durham Constabulary,Durham Constabulary,-1.677079,54.858509,On or near Cloverhill Court,E01020648,County Durham 008B,Violence and sexual offences,Unable to prosecute suspect,
c468fe5269101f25161b62e51f878a3fc2202b277c9ca433da2631a1ef32195c,2020-08,Durham Constabulary,Durham Constabulary,-1.698131,54.861744,On or near Orwell Gardens,E01020648,County Durham 008B,Violence and sexual offences,Unable to prosecute suspect,
2ba87ebbeb66cccd2f3f7680cd6d8286a870bc90efa8eab7ee596b70f4cd2bb5,2020-08,Durham Constabulary,Durham Constabulary,-1.680779,54.857494,On or near Sports/Recreation Area,E01020648,County Durham 008B,Violence and sexual offences,Local resolution,
,2020-08,Durham Constabulary,Durham Constabulary,-1.667305,54.851806,On or near George Street,E01020649,County Durham 008C,Anti-social behaviour,,
,2020-08,Durham Constabulary,Durham Constabulary,-1.667305,54.851806,On or near George Street,E01020649,County Durham 008C,Anti-social behaviour,,
,2020-08,Durham Constabulary,Durham Constabulary,-1.668844,54.852115,On or near Edward Street,E01020649,County Durham 008C,Anti-social behaviour,,
,2020-08,Durham Constabulary,Durham Constabulary,-1.667305,54.851806,On or near George Street,E01020649,County Durham 008C,Anti-social behaviour,,
,2020-08,Durham Constabulary,Durham Constabulary,-1.665455,54.853283,On or near Oswald Street,E01020649,County Durham 008C,Anti-social behaviour,,
e803d7cc6166058f8fde8ca9b0efa69677551fb22f487091c20768af4d7d40d0,2020-08,Durham Constabulary,Durham Constabulary,-1.668844,54.852115,On or near Edward Street,E01020649,County Durham 008C,Criminal damage and arson,Investigation complete; no suspect identified,
7f9c1692c672e8455f8839391fea0402c604dca38e82925e600483dab3ce52cf,2020-08,Durham Constabulary,Durham Constabulary,-1.672582,54.850238,On or near Holmside Terrace,E01020649,County Durham 008C,Criminal damage and arson,Investigation complete; no suspect identified,
6f9a32e60c414d384f54bc5dbac6cc1ed5a4b5835513b97124b25cd63c56e006,2020-08,Durham Constabulary,Durham Constabulary,-1.665455,54.853283,On or near Oswald Street,E01020649,County Durham 008C,Possession of weapons,Unable to prosecute suspect,
bf559d14bfb5584aff4cb0d9a332d80e9429f964c040bd6d18753ff667e6d285,2020-08,Durham Constabulary,Durham Constabulary,-1.669756,54.851058,On or near Railway Street,E01020649,County Durham 008C,Public order,Unable to prosecute suspect,
0caf792d9ff023ac25a47768eba02eaef4ded24920985e99f1061a088dbedb0d,2020-08,Durham Constabulary,Durham Constabulary,-1.674872,54.857892,On or near Woodside Gardens,E01020649,County Durham 008C,Public order,Unable to prosecute suspect,
0b131301e93f1b314f9c5210078b99ba21542dc57a766a31ca51015f98a03a25,2020-08,Durham Constabulary,Durham Constabulary,-1.669036,54.853437,On or near Front Street,E01020649,County Durham 008C,Shoplifting,Investigation complete; no suspect identified,
09eb110687edc6b6b409ba86a708458b83fd8fdbce9d3ab36bb055229cfa1b4f,2020-08,Durham Constabulary,Durham Constabulary,-1.661773,54.853974,On or near Craghead Lane,E01020649,County Durham 008C,Vehicle crime,Investigation complete; no suspect identified,
6fd18785e549273689f43dd206f45336f59a4564d5f41f3596532eda5df2ec93,2020-08,Durham Constabulary,Durham Constabulary,-1.667305,54.851806,On or near George Street,E01020649,County Durham 008C,Violence and sexual offences,Investigation complete; no suspect identified,
89baec0a58353701f302ae72c8ff22ceb917bb1c090b6a5eafc15e97caf2be43,2020-08,Durham Constabulary,Durham Constabulary,-1.674872,54.857892,On or near Woodside Gardens,E01020649,County Durham 008C,Violence and sexual offences,Further action is not in the public interest,
8a8eaf176982fe0d5e90bef1b2193c31aa3fb6516d922c80846553f9df7af821,2020-08,Durham Constabulary,Durham Constabulary,-1.674872,54.857892,On or near Woodside Gardens,E01020649,County Durham 008C,Violence and sexual offences,Status update unavailable,
11cdc8ecb98bc5e921d0f06af13847278bf6347df7ac8195d13d025a8c39e0b7,2020-08,Durham Constabulary,Durham Constabulary,-1.674872,54.857892,On or near Woodside Gardens,E01020649,County Durham 008C,Violence and sexual offences,Unable to prosecute suspect,
8db19d822adb7bc2335978c80045d05f374b8f896d0e17623a9481e4ff2af4ee,2020-08,Durham Constabulary,Durham Constabulary,-1.665455,54.853283,On or near Oswald Street,E01020649,County Durham 008C,Violence and sexual offences,Local resolution,
c46e6ed30262c6f8f9be74ee9fb912a1d147ad0439dd501139802666484275b9,2020-08,Durham Constabulary,Durham Constabulary,-1.670345,54.851356,On or near Wylam Street,E01020649,County Durham 008C,Violence and sexual offences,Unable to prosecute suspect,
4564d2c7441eec3f9577419ca8ac1aef31ac6392dd57c958c77140f9096fe504,2020-08,Durham Constabulary,Durham Constabulary,-1.670345,54.851356,On or near Wylam Street,E01020649,County Durham 008C,Violence and sexual offences,Unable to prosecute suspect,
51a3ae3368b1b4d45b5e1eef2b9afc9a066c2ab98c81226e5f93d5813353d32f,2020-08,Durham Constabulary,Durham Constabulary,-1.666280,54.853268,On or near Thomas Street,E01020649,County Durham 008C,Violence and sexual offences,Further action is not in the public interest,
6445874a7365cb7fcd138fa778477aa89f78c0eb36f21bd1c8ceb3522ae2630f,2020-08,Durham Constabulary,Durham Constabulary,-1.673641,54.850169,On or near Ousterley Terrace,E01020649,County Durham 008C,Other crime,Further investigation is not in the public interest,
,2020-08,Durham Constabulary,Durham Constabulary,-1.687402,54.863101,On or near Holly Hill Gardens East,E01020673,County Durham 008D,Anti-social behaviour,,
,2020-08,Durham Constabulary,Durham Constabulary,-1.687402,54.863101,On or near Holly Hill Gardens East,E01020673,County Durham 008D,Anti-social behaviour,,
,2020-08,Durham Constabulary,Durham Constabulary,-1.687402,54.863101,On or near Holly Hill Gardens East,E01020673,County Durham 008D,Anti-social behaviour,,
,2020-08,Durham Constabulary,Durham Constabulary,-1.701444,54.862426,On or near Charles Street,E01020673,County Durham 008D,Anti-social behaviour,,
,2020-08,Durham Constabulary,Durham Constabulary,-1.690663,54.862534,On or near Holly Hill Gardens,E01020673,County Durham 008D,Anti-social behaviour,,
,2020-08,Durham Constabulary,Durham Constabulary,-1.701444,54.862426,On or near Charles Street,E01020673,County Durham 008D,Anti-social behaviour,,
,2020-08,Durham Constabulary,Durham Constabulary,-1.701444,54.862426,On or near Charles Street,E01020673,County Durham 008D,Anti-social behaviour,,
,2020-08,Durham Constabulary,Durham Constabulary,-1.698265,54.866822,On or near Supermarket,E01020673,County Durham 008D,Anti-social behaviour,,
33c0ffccf03ba6553e9b5e2f4735c731a6fc14fd3824a896ae947605367f54e7,2020-08,Durham Constabulary,Durham Constabulary,-1.694589,54.862544,On or near Keir Hardie Avenue,E01020673,County Durham 008D,Burglary,Unable to prosecute suspect,
ec454c9a61876ee2f5a9b6467bd4fbeb2b826fb1a112bd3cf171d669776a5506,2020-08,Durham Constabulary,Durham Constabulary,-1.687402,54.863101,On or near Holly Hill Gardens East,E01020673,County Durham 008D,Criminal damage and arson,Status update unavailable,
76e8e8aece602f24b2f8bb84149dcd7d3d287fdaa672c0f41c5079d4bf9e16ce,2020-08,Durham Constabulary,Durham Constabulary,-1.691641,54.862923,On or near Lenin Terrace,E01020673,County Durham 008D,Criminal damage and arson,Investigation complete; no suspect identified,
9c9edb2c872146cef0a35101fbf231bbdf9ac5deafab8c3d271f38f7056a9acc,2020-08,Durham Constabulary,Durham Constabulary,-1.687402,54.863101,On or near Holly Hill Gardens East,E01020673,County Durham 008D,Criminal damage and arson,Unable to prosecute suspect,
a07d7d0d0db1579d3c326899c96196596cf23d9d90faf8dc201dcd52e87bd8bd,2020-08,Durham Constabulary,Durham Constabulary,-1.701444,54.862426,On or near Charles Street,E01020673,County Durham 008D,Violence and sexual offences,Unable to prosecute suspect,
f7d38f3a06219113ceb9c9f57ffbcdf37226cd653cf55c02a5d476b0be92c35e,2020-08,Durham Constabulary,Durham Constabulary,-1.690663,54.862534,On or near Holly Hill Gardens,E01020673,County Durham 008D,Violence and sexual offences,Investigation complete; no suspect identified,
4f01277afe46c117e429100520865d2b066284b224273f12efcae2afbca812e1,2020-08,Durham Constabulary,Durham Constabulary,-1.690663,54.862534,On or near Holly Hill Gardens,E01020673,County Durham 008D,Violence and sexual offences,Status update unavailable,
1c310477e8aa3d0af1d332fe5222ddfe41f93335f3151dbca69b1b66e4fd4a44,2020-08,Durham Constabulary,Durham Constabulary,-1.687402,54.863101,On or near Holly Hill Gardens East,E01020673,County Durham 008D,Violence and sexual offences,Unable to prosecute suspect,
5b8cb9f9daf21a80001bed13d73cff958d14f457365f723424c4b4b299332cb2,2020-08,Durham Constabulary,Durham Constabulary,-1.695999,54.865567,On or near Wansbeck Avenue,E01020673,County Durham 008D,Violence and sexual offences,Unable to prosecute suspect,
670f88e6cb004ebfefcdc8d87c827411756e9b392965dd324ae685a49725de14,2020-08,Durham Constabulary,Durham Constabulary,-1.691038,54.864440,On or near Kier Hardie Avenue,E01020673,County Durham 008D,Violence and sexual offences,Unable to prosecute suspect,
f3487166b882fde58f7cfded96d476c9836c8dc7b7803e67f400f0360f21c416,2020-08,Durham Constabulary,Durham Constabulary,-1.687402,54.863101,On or near Holly Hill Gardens East,E01020673,County Durham 008D,Violence and sexual offences,Unable to prosecute suspect,
9e791dc730681eac53a62a288b914586a1f35d526695803ed06d7b2d5af61e21,2020-08,Durham Constabulary,Durham Constabulary,-1.691641,54.862923,On or near Lenin Terrace,E01020673,County Durham 008D,Violence and sexual offences,Unable to prosecute suspect,
6b2328f1063929e1f2ad5775ffffe0b739454f9b57204f61b18ef62661b5b3c8,2020-08,Durham Constabulary,Durham Constabulary,-1.694589,54.862544,On or near Keir Hardie Avenue,E01020673,County Durham 008D,Violence and sexual offences,Unable to prosecute suspect,
23540e0659d2897761f7791678a237cb863e059e5ae43e4a4feaa4cb56bc9c33,2020-08,Durham Constabulary,Durham Constabulary,-1.690663,54.862534,On or near Holly Hill Gardens,E01020673,County Durham 008D,Violence and sexual offences,Unable to prosecute suspect,
9c5d965bda80be52efcb65be5e79b401484d022234d47bdc3098317df7cf1c67,2020-08,Durham Constabulary,Durham Constabulary,-1.694589,54.862544,On or near Keir Hardie Avenue,E01020673,County Durham 008D,Violence and sexual offences,Further action is not in the public interest,
,2020-08,Durham Constabulary,Durham Constabulary,-1.694489,54.867495,On or near Landseer Close,E01020675,County Durham 008E,Anti-social behaviour,,
,2020-08,Durham Constabulary,Durham Constabulary,-1.697566,54.866470,On or near Ouseburn Close,E01020675,County Durham 008E,Anti-social behaviour,,
,2020-08,Durham Constabulary,Durham Constabulary,-1.690190,54.871403,On or near Sports/Recreation Area,E01020675,County Durham 008E,Anti-social behaviour,,
cc72ca64a7d8075f533c15d81a88ecee5ac4366b1325dcc4c65b81ec0a23b281,2020-08,Durham Constabulary,Durham Constabulary,-1.687971,54.868135,On or near Brooke Close,E01020675,County Durham 008E,Burglary,Investigation complete; no suspect identified,
484e887ef92f159200bb62526895740ff28501a7f5a2aad3b61f1a5ce4807cc6,2020-08,Durham Constabulary,Durham Constabulary,-1.687971,54.868135,On or near Brooke Close,E01020675,County Durham 008E,Burglary,Investigation complete; no suspect identified,
314ee3790dea8ffe877eb119f08b1450ef694050e03b96f8c779688909c92195,2020-08,Durham Constabulary,Durham Constabulary,-1.697566,54.866470,On or near Ouseburn Close,E01020675,County Durham 008E,Public order,Court result unavailable,
c14b84df021f42c21e1985cb44460c70bfeaf8ba3bbd8c251f5457ef48549123,2020-08,Durham Constabulary,Durham Constabulary,-1.693345,54.868355,On or near Reynolds Close,E01020675,County Durham 008E,Violence and sexual offences,Unable to prosecute suspect,
091e45a6d174e4c774a31b888ab5708eb2dd9d92984b00f38810e2537ebd6afb,2020-08,Durham Constabulary,Durham Constabulary,-1.693345,54.868355,On or near Reynolds Close,E01020675,County Durham 008E,Violence and sexual offences,Unable to prosecute suspect,
e5a4447d86da681295d5b137b0729a6b0b8761027459bf6ed6b903a43c467df2,2020-08,Durham Constabulary,Durham Constabulary,-1.686351,54.870108,On or near Arnold Close,E01020675,County Durham 008E,Violence and sexual offences,Unable to prosecute suspect,
fbc9418c9a261312dcf11ccf9a2628ff0d19ee5544158346268fe87f9025c176,2020-08,Durham Constabulary,Durham Constabulary,-1.694496,54.866516,On or near Wear Road,E01020675,County Durham 008E,Violence and sexual offences,Unable to prosecute suspect,
f51c648ca689338d0c88f6ba364a6209c107f644f81b90d662019a49586911e0,2020-08,Durham Constabulary,Durham Constabulary,-1.693345,54.868355,On or near Reynolds Close,E01020675,County Durham 008E,Violence and sexual offences,Unable to prosecute suspect,
56f31d36d147bd9dd28518f8f9adc59f728f80236b8ba29141e2c2e12df6bc05,2020-08,Durham Constabulary,Durham Constabulary,-1.694496,54.866516,On or near Wear Road,E01020675,County Durham 008E,Violence and sexual offences,Unable to prosecute suspect,
901d5ddd9cd55204a7ed9ed1bb1b1a64fcf5dc86c100e2239ae2c6dbba410593,2020-08,Durham Constabulary,Durham Constabulary,-1.697837,54.867720,On or near Wear Road,E01020675,County Durham 008E,Other crime,Court result unavailable,
,2020-08,Durham Constabulary,Durham Constabulary,-1.726127,54.859339,On or near Meldon Way,E01020624,County Durham 009A,Anti-social behaviour,,
,2020-08,Durham Constabulary,Durham Constabulary,-1.731200,54.857859,On or near South View Gardens,E01020624,County Durham 009A,Anti-social behaviour,,
,2020-08,Durham Constabulary,Durham Constabulary,-1.721667,54.862214,On or near Sandgate,E01020624,County Durham 009A,Anti-social behaviour,,
,2020-08,Durham Constabulary,Durham Constabulary,-1.731200,54.857859,On or near South View Gardens,E01020624,County Durham 009A,Anti-social behaviour,,
,2020-08,Durham Constabulary,Durham Constabulary,-1.724795,54.860460,On or near Sabin Court,E01020624,County Durham 009A,Anti-social behaviour,,
,2020-08,Durham Constabulary,Durham Constabulary,-1.731200,54.857859,On or near South View Gardens,E01020624,County Durham 009A,Anti-social behaviour,,
,2020-08,Durham Constabulary,Durham Constabulary,-1.724795,54.860460,On or near Sabin Court,E01020624,County Durham 009A,Anti-social behaviour,,
b643795580b62527fba0d3f47c45ac2b6b46e26fe059dacc79e2033f5f011cf1,2020-08,Durham Constabulary,Durham Constabulary,-1.723991,54.859622,On or near Shieldrow Lane,E01020624,County Durham 009A,Burglary,Investigation complete; no suspect identified,
6c835dc3c452f2197b6a0b2e6db4c2b15de8c6c5836e0eaf0c6c005dae7dc38e,2020-08,Durham Constabulary,Durham Constabulary,-1.721667,54.862214,On or near Sandgate,E01020624,County Durham 009A,Criminal damage and arson,Investigation complete; no suspect identified,
62c50f28ca8cfc4d1cffaae7997f58db93a7d2847e85f16efdafa38bdb8b4c97,2020-08,Durham Constabulary,Durham Constabulary,-1.730865,54.858955,On or near Teesdale Court,E01020624,County Durham 009A,Criminal damage and arson,Investigation complete; no suspect identified,
2ef8b49d5180f11c0f5c07c6d51341f76987685520702d93053efc8a4aa4837e,2020-08,Durham Constabulary,Durham Constabulary,-1.726127,54.859339,On or near Meldon Way,E01020624,County Durham 009A,Drugs,Court result unavailable,
6772ce0097c962c65d41a2776ed61da19e39605d658512b9b8dd13fdfe3a8950,2020-08,Durham Constabulary,Durham Constabulary,-1.726127,54.859339,On or near Meldon Way,E01020624,County Durham 009A,Drugs,Court result unavailable,
0bcc4388bd147cb13e835670665653865edc43b7ed51eb3ad6435a542755484e,2020-08,Durham Constabulary,Durham Constabulary,-1.726127,54.859339,On or near Meldon Way,E01020624,County Durham 009A,Violence and sexual offences,Unable to prosecute suspect,
a4472b34aff7cc56a00f98b0dc65004a8908975a715a109c715dafcb5e25d197,2020-08,Durham Constabulary,Durham Constabulary,-1.723370,54.859315,On or near Stanleyburn View,E01020624,County Durham 009A,Violence and sexual offences,Unable to prosecute suspect,
054f0526f45e5fa1057f89fa3ebd66ba6fc1f7642fa87a4661e71ed870cd142e,2020-08,Durham Constabulary,Durham Constabulary,-1.730865,54.858955,On or near Teesdale Court,E01020624,County Durham 009A,Violence and sexual offences,Unable to prosecute suspect,
6f8d6495ff192749fb7c76a7e14faea90a556a99fa00716d7b0b169eb1aa41b4,2020-08,Durham Constabulary,Durham Constabulary,-1.726127,54.859339,On or near Meldon Way,E01020624,County Durham 009A,Violence and sexual offences,Unable to prosecute suspect,
4800bc8503f31aac41260da169c4051ac4167c94d8d973bb706f46ac62bff244,2020-08,Durham Constabulary,Durham Constabulary,-1.726127,54.859339,On or near Meldon Way,E01020624,County Durham 009A,Violence and sexual offences,Unable to prosecute suspect,
8cdf93346126a9a562668dc47fd246545ca08b753bda98fe6b6fdb23f8415018,2020-08,Durham Constabulary,Durham Constabulary,-1.730865,54.858955,On or near Teesdale Court,E01020624,County Durham 009A,Violence and sexual offences,Investigation complete; no suspect identified,
8b0ae95bbd08d9398b31612eb5c716afaaa3999d9215bf4dba19c05cb3f8b678,2020-08,Durham Constabulary,Durham Constabulary,-1.717620,54.864020,On or near Kyo Lane,E01020624,County Durham 009A,Other crime,Court result unavailable,
,2020-08,Durham Constabulary,Durham Constabulary,-1.733579,54.856085,On or near New Durham Road,E01020625,County Durham 009B,Anti-social behaviour,,
,2020-08,Durham Constabulary,Durham Constabulary,-1.736075,54.855524,On or near Park Close,E01020625,County Durham 009B,Anti-social behaviour,,
,2020-08,Durham Constabulary,Durham Constabulary,-1.750050,54.854997,On or near The Avenue,E01020625,County Durham 009B,Anti-social behaviour,,
,2020-08,Durham Constabulary,Durham Constabulary,-1.739015,54.858568,On or near Parking Area,E01020625,County Durham 009B,Anti-social behaviour,,
,2020-08,Durham Constabulary,Durham Constabulary,-1.739015,54.858568,On or near Parking Area,E01020625,County Durham 009B,Anti-social behaviour,,
,2020-08,Durham Constabulary,Durham Constabulary,-1.751116,54.856508,On or near The Croft,E01020625,County Durham 009B,Anti-social behaviour,,
,2020-08,Durham Constabulary,Durham Constabulary,-1.733272,54.853056,On or near Petrol Station,E01020625,County Durham 009B,Anti-social behaviour,,
c3da388d4848fce8f06b9170fe6db8a5f8c1bd9b4e28df14db8d20bfa11e35c4,2020-08,Durham Constabulary,Durham Constabulary,-1.732344,54.854330,On or near Shieldrow Lane,E01020625,County Durham 009B,Burglary,Investigation complete; no suspect identified,
3a5d0fed7e5d8f66a74d9af4ff44a14b0c62e8093d85c80fab7e8e587dd9b7b5,2020-08,Durham Constabulary,Durham Constabulary,-1.739015,54.858568,On or near Parking Area,E01020625,County Durham 009B,Criminal damage and arson,Investigation complete; no suspect identified,
6f0c98f3746455c3dc0a9457498f440fff39def817e8ac8ae4dd1ba62f81da5f,2020-08,Durham Constabulary,Durham Constabulary,-1.751116,54.856508,On or near The Croft,E01020625,County Durham 009B,Criminal damage and arson,Court result unavailable,
82dcbb37bb46c8fad2437164de9975d937766afb46c69d61477a1ff1cf6d6fc4,2020-08,Durham Constabulary,Durham Constabulary,-1.739015,54.858568,On or near Parking Area,E01020625,County Durham 009B,Criminal damage and arson,Investigation complete; no suspect identified,
5146ee14831a93cd25030224145cb6fdc62d8903aa2d7eaa978b77b867848749,2020-08,Durham Constabulary,Durham Constabulary,-1.733272,54.853056,On or near Petrol Station,E01020625,County Durham 009B,Public order,Unable to prosecute suspect,
4dec4bb1909dc89273d568ec0ef44fd9575af8fa7976d4d7b39bb0b245abe077,2020-08,Durham Constabulary,Durham Constabulary,-1.739015,54.858568,On or near Parking Area,E01020625,County Durham 009B,Public order,Investigation complete; no suspect identified,
6883ed5eaf3d5fbe9750a9ca287f060ad5b30133145b6ef704e9200985775666,2020-08,Durham Constabulary,Durham Constabulary,-1.738758,54.859772,On or near New Front Street,E01020625,County Durham 009B,Public order,Investigation complete; no suspect identified,
98c80a700c77691a251fd87c0056b18e1b68971a5a6e21150f11642f1925e371,2020-08,Durham Constabulary,Durham Constabulary,-1.736909,54.856613,On or near Supermarket,E01020625,County Durham 009B,Shoplifting,Investigation complete; no suspect identified,
cf4b9fd90851117b239eddd4ec03e8baac9b7dffc305cbc1e38ba940b378c1e0,2020-08,Durham Constabulary,Durham Constabulary,-1.736909,54.856613,On or near Supermarket,E01020625,County Durham 009B,Shoplifting,Investigation complete; no suspect identified,
05c648efb3f13e0815d433bf6c220694bd25ce53f96bbe1edc5f019507409487,2020-08,Durham Constabulary,Durham Constabulary,-1.736909,54.856613,On or near Supermarket,E01020625,County Durham 009B,Theft from the person,Unable to prosecute suspect,
daf5d5620ebf372e626321d2a336e6794fbf84dcd2d32e3f39b3be9013c463d6,2020-08,Durham Constabulary,Durham Constabulary,-1.739015,54.858568,On or near Parking Area,E01020625,County Durham 009B,Violence and sexual offences,Investigation complete; no suspect identified,
c18aa3d25e18acee1674348ea49464496f4e3a7c2cbe0d75b0d81810276dc808,2020-08,Durham Constabulary,Durham Constabulary,-1.733579,54.856085,On or near New Durham Road,E01020625,County Durham 009B,Violence and sexual offences,Unable to prosecute suspect,
e521a5aa93e8c6f1bc92a50a3bff940b02e051d7e25b8af034672e8e77d5d222,2020-08,Durham Constabulary,Durham Constabulary,-1.738758,54.859772,On or near New Front Street,E01020625,County Durham 009B,Violence and sexual offences,Action to be taken by another organisation,
65b73892c46d7f2fd20b105e7120aa307d4c23c2a2fdc776295ed07e64f6e587,2020-08,Durham Constabulary,Durham Constabulary,-1.739015,54.858568,On or near Parking Area,E01020625,County Durham 009B,Violence and sexual offences,Unable to prosecute suspect,
7db72c2ff631247ac17511468d7171fce8574f3bb947c1a600deb5a6bb4dfd20,2020-08,Durham Constabulary,Durham Constabulary,-1.738758,54.859772,On or near New Front Street,E01020625,County Durham 009B,Violence and sexual offences,Action to be taken by another organisation,
f6d69143c8adcef9e0e3b291eb58e7da2beeb6ad8d30a2693e138d52a1599165,2020-08,Durham Constabulary,Durham Constabulary,-1.736909,54.856613,On or near Supermarket,E01020625,County Durham 009B,Violence and sexual offences,Investigation complete; no suspect identified,
fb5864d9b25636b61a09c7f27bbe20d45365d374fc30b6098de5cd51ef41912a,2020-08,Durham Constabulary,Durham Constabulary,-1.751116,54.856508,On or near The Croft,E01020625,County Durham 009B,Other crime,Court result unavailable,
,2020-08,Durham Constabulary,Durham Constabulary,-1.707978,54.865866,On or near Geoffrey Terrace,E01020670,County Durham 009C,Anti-social behaviour,,
,2020-08,Durham Constabulary,Durham Constabulary,-1.709815,54.866113,On or near Mandela Close,E01020670,County Durham 009C,Anti-social behaviour,,
,2020-08,Durham Constabulary,Durham Constabulary,-1.704457,54.865894,On or near Westfields,E01020670,County Durham 009C,Anti-social behaviour,,
,2020-08,Durham Constabulary,Durham Constabulary,-1.704457,54.865894,On or near Westfields,E01020670,County Durham 009C,Anti-social behaviour,,
,2020-08,Durham Constabulary,Durham Constabulary,-1.702111,54.864935,On or near Eastfields,E01020670,County Durham 009C,Anti-social behaviour,,
,2020-08,Durham Constabulary,Durham Constabulary,-1.696459,54.860347,On or near Thames Crescent,E01020670,County Durham 009C,Anti-social behaviour,,
3f6f33c51dac405f523e4ac74c13be175b782bd840b99efcad4ca3ffad3b6394,2020-08,Durham Constabulary,Durham Constabulary,-1.706149,54.864631,On or near Standish Street,E01020670,County Durham 009C,Criminal damage and arson,Unable to prosecute suspect,
fe1014d97f32765e2fd46602d563093e06dc808ad5ab4bc20c3bbed766e363a7,2020-08,Durham Constabulary,Durham Constabulary,-1.708059,54.865417,On or near Palmer Street,E01020670,County Durham 009C,Criminal damage and arson,Unable to prosecute suspect,
e6232389f63270bb802a679f43e844d965e3e1395f909c2201872c7c00bd3049,2020-08,Durham Constabulary,Durham Constabulary,-1.706149,54.864631,On or near Standish Street,E01020670,County Durham 009C,Criminal damage and arson,Investigation complete; no suspect identified,
b1a885d9046f833eebe03067c7dc898e9676726c04b48bc41cb95c5e7ef2b902,2020-08,Durham Constabulary,Durham Constabulary,-1.706149,54.864631,On or near Standish Street,E01020670,County Durham 009C,Public order,Unable to prosecute suspect,
295dde6a990f990bcaecaba7b0e5bc97d47da59e5933a7635a7f57a138a5d145,2020-08,Durham Constabulary,Durham Constabulary,-1.704241,54.865561,On or near Coniston Court,E01020670,County Durham 009C,Public order,Further investigation is not in the public interest,
a0743a68502ccde43001f506aacb453afccf96b5ad74a89202ecc3e74db7145d,2020-08,Durham Constabulary,Durham Constabulary,-1.706149,54.864631,On or near Standish Street,E01020670,County Durham 009C,Public order,Unable to prosecute suspect,
fa6ad010fbd14a31cd9bc295989bde088b841117c75b8c6b997149714f620f41,2020-08,Durham Constabulary,Durham Constabulary,-1.704241,54.865561,On or near Coniston Court,E01020670,County Durham 009C,Violence and sexual offences,Unable to prosecute suspect,
d8a0a17517bad634f88787eb21d12f6ac2c1a81a21200110143eab33cf990601,2020-08,Durham Constabulary,Durham Constabulary,-1.706149,54.864631,On or near Standish Street,E01020670,County Durham 009C,Violence and sexual offences,Unable to prosecute suspect,
b6ee8c3e049caf9c8215a31bc7b1c64e7daab26e260a7b46138d1e21f510b604,2020-08,Durham Constabulary,Durham Constabulary,-1.706149,54.864631,On or near Standish Street,E01020670,County Durham 009C,Violence and sexual offences,Unable to prosecute suspect,
67e536243f8860ab612121933c01f4de345629c98bd10f17c3355cdc22dcf148,2020-08,Durham Constabulary,Durham Constabulary,-1.706149,54.864631,On or near Standish Street,E01020670,County Durham 009C,Violence and sexual offences,Unable to prosecute suspect,
35c5dd981c4ca599f0aecb530970e212c6492714aa245bb499f318a0e9774d98,2020-08,Durham Constabulary,Durham Constabulary,-1.696459,54.860347,On or near Thames Crescent,E01020670,County Durham 009C,Other crime,Unable to prosecute suspect,
,2020-08,Durham Constabulary,Durham Constabulary,-1.708521,54.859694,On or near Pine Street,E01020671,County Durham 009D,Anti-social behaviour,,
,2020-08,Durham Constabulary,Durham Constabulary,-1.709251,54.860001,On or near Mitchell Street,E01020671,County Durham 009D,Anti-social behaviour,,
,2020-08,Durham Constabulary,Durham Constabulary,-1.709251,54.860001,On or near Mitchell Street,E01020671,County Durham 009D,Anti-social behaviour,,
,2020-08,Durham Constabulary,Durham Constabulary,-1.709251,54.860001,On or near Mitchell Street,E01020671,County Durham 009D,Anti-social behaviour,,
e07a046062d329f2e3700c1b78ba7ec4856dc063eb9eedf06adfa9b58169ef3c,2020-08,Durham Constabulary,Durham Constabulary,-1.705675,54.863335,On or near Bircham Street,E01020671,County Durham 009D,Bicycle theft,Investigation complete; no suspect identified,
447a659b9057e366f098f7b1988015b44d0dd18bdb94f729701ab0cd2564f937,2020-08,Durham Constabulary,Durham Constabulary,-1.707620,54.863771,On or near Salisbury Street,E01020671,County Durham 009D,Criminal damage and arson,Unable to prosecute suspect,
14fc9912f26ea9217fe2ecff52d9522a677a86c447d5bc6baf607d1b1ad337b4,2020-08,Durham Constabulary,Durham Constabulary,-1.705091,54.860180,On or near Parking Area,E01020671,County Durham 009D,Criminal damage and arson,Unable to prosecute suspect,
7e8b2d379b2c5195d18a82ae6ea83d15f8d16d0692ac6ff47171821663aebd53,2020-08,Durham Constabulary,Durham Constabulary,-1.705657,54.861592,On or near Supermarket,E01020671,County Durham 009D,Criminal damage and arson,Investigation complete; no suspect identified,
360becfebfe5f0aa69363c59a689451ed8da4a76ce03a0e096a999e0a0b9b34a,2020-08,Durham Constabulary,Durham Constabulary,-1.706592,54.863607,On or near Park Road,E01020671,County Durham 009D,Other theft,Status update unavailable,
47519a770f2723e53e812b724a85510c766ac77c0ed368c856b6e31ab98b8a9b,2020-08,Durham Constabulary,Durham Constabulary,-1.705657,54.861592,On or near Supermarket,E01020671,County Durham 009D,Other theft,Unable to prosecute suspect,
93a56489e9a406d2201f15b60a5e10c5abfed3e7f2321f2cc2e0cc7251704775,2020-08,Durham Constabulary,Durham Constabulary,-1.705091,54.860180,On or near Parking Area,E01020671,County Durham 009D,Other theft,Unable to prosecute suspect,
0c06a6131cba8899d1f9883e2667e88dc7ef4eb4cf1b47da5b9080e0befe30bf,2020-08,Durham Constabulary,Durham Constabulary,-1.709642,54.862060,On or near Keswick Road,E01020671,County Durham 009D,Possession of weapons,Unable to prosecute suspect,
ffc03c30632a05859bac9c2fbf46398ac9a19d56f12ae37d54eb1c0d264f2197,2020-08,Durham Constabulary,Durham Constabulary,-1.707190,54.862854,On or near School Terrace,E01020671,County Durham 009D,Public order,Unable to prosecute suspect,
69ac8347ab2193c1621c826b4aefac3c1341130f3b882bcb3668f8fcf4dd1e7b,2020-08,Durham Constabulary,Durham Constabulary,-1.705355,54.862382,On or near Moore Street,E01020671,County Durham 009D,Public order,Unable to prosecute suspect,
557105f080893cd0a260523c762013c1ceca8669c1d0a8e202bfbfd595e963d8,2020-08,Durham Constabulary,Durham Constabulary,-1.708521,54.859694,On or near Pine Street,E01020671,County Durham 009D,Public order,Local resolution,
f866678a8213a965e17f28e8e6f0b75eb6b5b935a3a73cfbfdfe97afe0f8e014,2020-08,Durham Constabulary,Durham Constabulary,-1.708521,54.859694,On or near Pine Street,E01020671,County Durham 009D,Public order,Local resolution,
2b82e3424c1737d18b9772080aa7b5c575691802eef857b1e41199315eb1efae,2020-08,Durham Constabulary,Durham Constabulary,-1.707620,54.863771,On or near Salisbury Street,E01020671,County Durham 009D,Public order,Unable to prosecute suspect,
df29b2f96ebdc97f589f1286ce553aee927f6076c9dc1873f66b6f459d1cc0dd,2020-08,Durham Constabulary,Durham Constabulary,-1.708521,54.859694,On or near Pine Street,E01020671,County Durham 009D,Public order,Local resolution,
7366aab592e2a489ce402e1039b4ff1dcca3f04b8c83a0ca27a88a6116bc8fea,2020-08,Durham Constabulary,Durham Constabulary,-1.709251,54.860001,On or near Mitchell Street,E01020671,County Durham 009D,Public order,Unable to prosecute suspect,
43285b94a0c3e8647ac2c6d64edcf7aabf05dc704f6d6c731e77d5f2c0667ccc,2020-08,Durham Constabulary,Durham Constabulary,-1.706063,54.861440,On or near Parking Area,E01020671,County Durham 009D,Public order,Local resolution,
56a51c37f0431c6ab9e0953faffa29a23ad48e2859e21da0774cc2debd151b37,2020-08,Durham Constabulary,Durham Constabulary,-1.705657,54.861592,On or near Supermarket,E01020671,County Durham 009D,Public order,Local resolution,
483b81ccd6a7fd669c6b56375eb982d110698bb61b705b65b1d592127e0beffc,2020-08,Durham Constabulary,Durham Constabulary,-1.705657,54.861592,On or near Supermarket,E01020671,County Durham 009D,Shoplifting,Investigation complete; no suspect identified,
56980d9babed46a460993ca5c3ccc5ca548553a13f2a70231eef1947b350c83f,2020-08,Durham Constabulary,Durham Constabulary,-1.705657,54.861592,On or near Supermarket,E01020671,County Durham 009D,Shoplifting,Court result unavailable,
7d8f4356a3c44eefa45e060459c0bdbdb728fe6c54a8ad20f0686f2ff661bcec,2020-08,Durham Constabulary,Durham Constabulary,-1.705657,54.861592,On or near Supermarket,E01020671,County Durham 009D,Shoplifting,Unable to prosecute suspect,
50b5db463b19347ab6e658bc570bd2a50c7d433bcd6c6bacb3fde36c6b171420,2020-08,Durham Constabulary,Durham Constabulary,-1.705657,54.861592,On or near Supermarket,E01020671,County Durham 009D,Shoplifting,Investigation complete; no suspect identified,
017933c80ad16c94a1f5a0a678b5163604b7e731703c08f555dc4e83bff02d6a,2020-08,Durham Constabulary,Durham Constabulary,-1.705657,54.861592,On or near Supermarket,E01020671,County Durham 009D,Shoplifting,Status update unavailable,
017933c80ad16c94a1f5a0a678b5163604b7e731703c08f555dc4e83bff02d6a,2020-08,Durham Constabulary,Durham Constabulary,-1.705657,54.861592,On or near Supermarket,E01020671,County Durham 009D,Shoplifting,Status update unavailable,
017933c80ad16c94a1f5a0a678b5163604b7e731703c08f555dc4e83bff02d6a,2020-08,Durham Constabulary,Durham Constabulary,-1.705657,54.861592,On or near Supermarket,E01020671,County Durham 009D,Shoplifting,Status update unavailable,
017933c80ad16c94a1f5a0a678b5163604b7e731703c08f555dc4e83bff02d6a,2020-08,Durham Constabulary,Durham Constabulary,-1.705657,54.861592,On or near Supermarket,E01020671,County Durham 009D,Shoplifting,Status update unavailable,
017933c80ad16c94a1f5a0a678b5163604b7e731703c08f555dc4e83bff02d6a,2020-08,Durham Constabulary,Durham Constabulary,-1.705657,54.861592,On or near Supermarket,E01020671,County Durham 009D,Shoplifting,Investigation complete; no suspect identified,
c7c95081d363a48f41977910d2871a038600b69b9a49ae949242a4259060671c,2020-08,Durham Constabulary,Durham Constabulary,-1.705657,54.861592,On or near Supermarket,E01020671,County Durham 009D,Shoplifting,Investigation complete; no suspect identified,
2973f8c1d1e0bdb18d1c3c1710c756c1b8828b1d1126bcb0d174d37d0d6bfa95,2020-08,Durham Constabulary,Durham Constabulary,-1.707620,54.863771,On or near Salisbury Street,E01020671,County Durham 009D,Vehicle crime,Investigation complete; no suspect identified,
15345c5165d3ba508d0d256f2fa37c2b94b2d66053170c6ee37de8d7bc8c1e0c,2020-08,Durham Constabulary,Durham Constabulary,-1.709251,54.860001,On or near Mitchell Street,E01020671,County Durham 009D,Violence and sexual offences,Unable to prosecute suspect,
8369c665f95711b5f7a3bf2146f6b6c584481fec609f7df738ce80be910058c9,2020-08,Durham Constabulary,Durham Constabulary,-1.707190,54.862854,On or near School Terrace,E01020671,County Durham 009D,Violence and sexual offences,Unable to prosecute suspect,
4943d050ee1b45116eb02a6ccb2b89689af9eda675a68db01cdf92eea739ed7a,2020-08,Durham Constabulary,Durham Constabulary,-1.709113,54.859794,On or near Pine View,E01020671,County Durham 009D,Violence and sexual offences,Local resolution,
30ad5d6a913caac3abca26779a668e8e13b5676502470b9f004ba1b27dfed842,2020-08,Durham Constabulary,Durham Constabulary,-1.709113,54.859794,On or near Pine View,E01020671,County Durham 009D,Violence and sexual offences,Local resolution,
d8261b263aba2564730308e8f35843b336692ac483b2d8d6587bd05ef1b3caa1,2020-08,Durham Constabulary,Durham Constabulary,-1.704760,54.860664,On or near Mundell Street,E01020671,County Durham 009D,Violence and sexual offences,Local resolution,
afcfb4478019eb356d04becacd14edcac796205886a900459f94376fa0a67e2b,2020-08,Durham Constabulary,Durham Constabulary,-1.709251,54.860001,On or near Mitchell Street,E01020671,County Durham 009D,Violence and sexual offences,Unable to prosecute suspect,
702eee93c4cd252da634fd8a76c2d3bc5b710779c9dad43066e22e23d8e90d87,2020-08,Durham Constabulary,Durham Constabulary,-1.705657,54.861592,On or near Supermarket,E01020671,County Durham 009D,Violence and sexual offences,Unable to prosecute suspect,
7044a2730ec0c6554e5b99237db26c100eb97035659bb80bda13827c275a1fd3,2020-08,Durham Constabulary,Durham Constabulary,-1.707769,54.862496,On or near School Lane,E01020671,County Durham 009D,Violence and sexual offences,Unable to prosecute suspect,
,2020-08,Durham Constabulary,Durham Constabulary,-1.704523,54.852567,On or near The Fairways,E01020672,County Durham 009E,Anti-social behaviour,,
,2020-08,Durham Constabulary,Durham Constabulary,-1.703487,54.860095,On or near Charlotte Street,E01020672,County Durham 009E,Anti-social behaviour,,
,2020-08,Durham Constabulary,Durham Constabulary,-1.703487,54.860095,On or near Charlotte Street,E01020672,County Durham 009E,Anti-social behaviour,,
,2020-08,Durham Constabulary,Durham Constabulary,-1.707604,54.859512,On or near Poplar Street,E01020672,County Durham 009E,Anti-social behaviour,,
,2020-08,Durham Constabulary,Durham Constabulary,-1.707435,54.859116,On or near Elm Street,E01020672,County Durham 009E,Anti-social behaviour,,
,2020-08,Durham Constabulary,Durham Constabulary,-1.707435,54.859116,On or near Elm Street,E01020672,County Durham 009E,Anti-social behaviour,,
,2020-08,Durham Constabulary,Durham Constabulary,-1.704953,54.853485,On or near Greenhills,E01020672,County Durham 009E,Anti-social behaviour,,
71351162c67fde2530d6edff3073ebef01781aaed6913ff7f5b2f6b46668dce4,2020-08,Durham Constabulary,Durham Constabulary,-1.703487,54.860095,On or near Charlotte Street,E01020672,County Durham 009E,Criminal damage and arson,Unable to prosecute suspect,
e26840784cefd3a220abbad843b5ea798e435d04037dca5f44d5e4544e04c2b2,2020-08,Durham Constabulary,Durham Constabulary,-1.703487,54.860095,On or near Charlotte Street,E01020672,County Durham 009E,Drugs,Formal action is not in the public interest,
5ddfa5936535eef8b5078b2d17a9b695666624aea7c322921d6e973c49eec52c,2020-08,Durham Constabulary,Durham Constabulary,-1.707604,54.859512,On or near Poplar Street,E01020672,County Durham 009E,Other theft,Investigation complete; no suspect identified,
56c577208d8d0712d4038d42ad7c6bced341b15c456c99c653e4e306632e38a1,2020-08,Durham Constabulary,Durham Constabulary,-1.703487,54.860095,On or near Charlotte Street,E01020672,County Durham 009E,Public order,Unable to prosecute suspect,
d5271f7392e5fca2c5bb45d765b6b38f8e493f1015114feab2046b8cc05f0e19,2020-08,Durham Constabulary,Durham Constabulary,-1.703487,54.860095,On or near Charlotte Street,E01020672,County Durham 009E,Public order,Unable to prosecute suspect,
1213c433a5de6932cda03512248d3908d95331863cfca0294a26da19544428f7,2020-08,Durham Constabulary,Durham Constabulary,-1.703572,54.859080,On or near Holyoake,E01020672,County Durham 009E,Public order,Investigation complete; no suspect identified,
c87d787bd4f6c420b670432bc619ab6230df836b135f4f73fe324f6b6ba7d3a7,2020-08,Durham Constabulary,Durham Constabulary,-1.706777,54.853174,On or near Sports/Recreation Area,E01020672,County Durham 009E,Public order,Unable to prosecute suspect,
31ca60d9c3031b62bfd977df1fb07cb218aa8f6b50e53d01d7f683dbfcad06dd,2020-08,Durham Constabulary,Durham Constabulary,-1.707604,54.859512,On or near Poplar Street,E01020672,County Durham 009E,Violence and sexual offences,Unable to prosecute suspect,
3f805ae96084af71df1c0669b71f651856f8e68d34bdf6d89e311add5194fd9e,2020-08,Durham Constabulary,Durham Constabulary,-1.703487,54.860095,On or near Charlotte Street,E01020672,County Durham 009E,Violence and sexual offences,Investigation complete; no suspect identified,
54baff356f17eeb9af052d136c82e15ad22db4502936086f6d9a332be8e24173,2020-08,Durham Constabulary,Durham Constabulary,-1.704075,54.856295,On or near South Moor Road,E01020672,County Durham 009E,Violence and sexual offences,Unable to prosecute suspect,
9055658ffdd0777f4701118ce754ffc4d5d244c4ba224dd04f3ba62d0cc34cfa,2020-08,Durham Constabulary,Durham Constabulary,-1.703487,54.860095,On or near Charlotte Street,E01020672,County Durham 009E,Violence and sexual offences,Unable to prosecute suspect,
2cb78ba5d9db4968a5afee5014b1be56876494c1b43952ef7df1d25c6be2475d,2020-08,Durham Constabulary,Durham Constabulary,-1.707604,54.859512,On or near Poplar Street,E01020672,County Durham 009E,Violence and sexual offences,Investigation complete; no suspect identified,
854dfaeefae4dff56eae80620f5cf0eb39ab4cd4ae5c0ba97ed2da3cde54fd66,2020-08,Durham Constabulary,Durham Constabulary,-1.707435,54.859116,On or near Elm Street,E01020672,County Durham 009E,Violence and sexual offences,Unable to prosecute suspect,
fbd995d6de44f21df83bdbcbd8de77e1018bc44c30b52c3da0b669894b6dd27d,2020-08,Durham Constabulary,Durham Constabulary,-1.703487,54.860095,On or near Charlotte Street,E01020672,County Durham 009E,Violence and sexual offences,Local resolution,
56d997b234d81348e4bd9f79c198601362852b12cd7154e17ba1733baf4f5ee2,2020-08,Durham Constabulary,Durham Constabulary,-1.705504,54.859093,On or near Maple Street,E01020672,County Durham 009E,Violence and sexual offences,Unable to prosecute suspect,
ab236dec0dcfa33b575b128adc2263132344cb8fdc6718f5a1f7eca6c1e94db4,2020-08,Durham Constabulary,Durham Constabulary,-1.704484,54.860106,On or near Parmeter Street,E01020672,County Durham 009E,Violence and sexual offences,Further action is not in the public interest,
,2020-08,Durham Constabulary,Durham Constabulary,-1.846955,54.861807,On or near Wesley Street,E01020632,County Durham 010A,Anti-social behaviour,,
,2020-08,Durham Constabulary,Durham Constabulary,-1.848049,54.860784,On or near Parking Area,E01020632,County Durham 010A,Anti-social behaviour,,
,2020-08,Durham Constabulary,Durham Constabulary,-1.848049,54.860784,On or near Parking Area,E01020632,County Durham 010A,Anti-social behaviour,,
,2020-08,Durham Constabulary,Durham Constabulary,-1.845617,54.857213,On or near Railway Place,E01020632,County Durham 010A,Anti-social behaviour,,
9936f6ea7ab5a59bc903205a86c43e9e46e38941539c2d4a8242aa2bf329dec9,2020-08,Durham Constabulary,Durham Constabulary,-1.848049,54.860784,On or near Parking Area,E01020632,County Durham 010A,Criminal damage and arson,Status update unavailable,
9936f6ea7ab5a59bc903205a86c43e9e46e38941539c2d4a8242aa2bf329dec9,2020-08,Durham Constabulary,Durham Constabulary,-1.848049,54.860784,On or near Parking Area,E01020632,County Durham 010A,Criminal damage and arson,Unable to prosecute suspect,
f93f38c24ab39ea29a8b800ef27a916ca4a6ef1140b694488256e73e1a2a87ad,2020-08,Durham Constabulary,Durham Constabulary,-1.844474,54.858623,On or near St Aidan'S Street,E01020632,County Durham 010A,Criminal damage and arson,Investigation complete; no suspect identified,
ca4005b6620160e03de6a5ed0344933ee3cb6f57410c817e673f15810d575d33,2020-08,Durham Constabulary,Durham Constabulary,-1.847294,54.862580,On or near George Street,E01020632,County Durham 010A,Criminal damage and arson,Investigation complete; no suspect identified,
71ce79b52c289b3302d3d7758669ea53bfce4b78c6aece7bf60749b1b200cb5b,2020-08,Durham Constabulary,Durham Constabulary,-1.839253,54.867198,On or near Lytham Close,E01020632,County Durham 010A,Criminal damage and arson,Investigation complete; no suspect identified,
4f871f3c9d7e42398d18bcdbfd095e52dc7bb7e0067986ba96423db2d03f66c0,2020-08,Durham Constabulary,Durham Constabulary,-1.847251,54.861718,On or near Thomas Street,E01020632,County Durham 010A,Other theft,Investigation complete; no suspect identified,
b29ebd3aa9452a14fb4eaa9e95f8fd0d9cb32795ccb9b522488ea98a9b6d78c4,2020-08,Durham Constabulary,Durham Constabulary,-1.844474,54.858623,On or near St Aidan'S Street,E01020632,County Durham 010A,Public order,Further investigation is not in the public interest,
417b8b017b2b182db2081af500e2c707ff258d31433ccea85e730d39944ee3bb,2020-08,Durham Constabulary,Durham Constabulary,-1.848049,54.860784,On or near Parking Area,E01020632,County Durham 010A,Public order,Investigation complete; no suspect identified,
b1eb7a6c333bb3899dad0beac1f79507b383bad0d2d96f6bdb47875292cf30d8,2020-08,Durham Constabulary,Durham Constabulary,-1.848049,54.860784,On or near Parking Area,E01020632,County Durham 010A,Shoplifting,Court result unavailable,
8fd3c373f0bc46d864dceedee99ef0311b320530e39dcd49e5626938d39fc529,2020-08,Durham Constabulary,Durham Constabulary,-1.844474,54.858623,On or near St Aidan'S Street,E01020632,County Durham 010A,Violence and sexual offences,Unable to prosecute suspect,
,2020-08,Durham Constabulary,Durham Constabulary,-1.827941,54.852526,On or near Wear Street,E01020640,County Durham 010B,Anti-social behaviour,,
,2020-08,Durham Constabulary,Durham Constabulary,-1.826400,54.848803,On or near Delves Lane,E01020640,County Durham 010B,Anti-social behaviour,,
,2020-08,Durham Constabulary,Durham Constabulary,-1.831825,54.851111,On or near Shopping Area,E01020640,County Durham 010B,Anti-social behaviour,,
,2020-08,Durham Constabulary,Durham Constabulary,-1.830186,54.852115,On or near Front Street,E01020640,County Durham 010B,Anti-social behaviour,,
,2020-08,Durham Constabulary,Durham Constabulary,-1.831825,54.851111,On or near Shopping Area,E01020640,County Durham 010B,Anti-social behaviour,,
,2020-08,Durham Constabulary,Durham Constabulary,-1.830186,54.852115,On or near Front Street,E01020640,County Durham 010B,Anti-social behaviour,,
,2020-08,Durham Constabulary,Durham Constabulary,-1.834186,54.845049,On or near The Chequers,E01020640,County Durham 010B,Anti-social behaviour,,
,2020-08,Durham Constabulary,Durham Constabulary,-1.832796,54.849863,On or near Unsworth Street,E01020640,County Durham 010B,Anti-social behaviour,,
,2020-08,Durham Constabulary,Durham Constabulary,-1.830186,54.852115,On or near Front Street,E01020640,County Durham 010B,Anti-social behaviour,,
,2020-08,Durham Constabulary,Durham Constabulary,-1.826400,54.848803,On or near Delves Lane,E01020640,County Durham 010B,Anti-social behaviour,,
,2020-08,Durham Constabulary,Durham Constabulary,-1.827581,54.849335,On or near Forster Street,E01020640,County Durham 010B,Anti-social behaviour,,
,2020-08,Durham Constabulary,Durham Constabulary,-1.830703,54.851361,On or near Ann Street,E01020640,County Durham 010B,Anti-social behaviour,,
,2020-08,Durham Constabulary,Durham Constabulary,-1.834574,54.849264,On or near Supermarket,E01020640,County Durham 010B,Anti-social behaviour,,
2bbe76e7e1a5ab97be06e834b95568d4c6dbef315cb58bc288a8de528ed82a0e,2020-08,Durham Constabulary,Durham Constabulary,-1.832036,54.849143,On or near Temple Forge Mews,E01020640,County Durham 010B,Criminal damage and arson,Investigation complete; no suspect identified,
eb9cb019945f229eed1a627992eaf5dc10eb23dd0391a1913486bc30b2f8944a,2020-08,Durham Constabulary,Durham Constabulary,-1.834574,54.849264,On or near Supermarket,E01020640,County Durham 010B,Criminal damage and arson,Court result unavailable,
f29c09c20658d73d069fc0d5b207112c81b9d7ecbeece88027e59cb50a24781a,2020-08,Durham Constabulary,Durham Constabulary,-1.831825,54.851111,On or near Shopping Area,E01020640,County Durham 010B,Drugs,Further action is not in the public interest,
b1893890728dc5454ee2fa511fc2e9d12edafe9a52d145554c9bacc58e67ff7c,2020-08,Durham Constabulary,Durham Constabulary,-1.830186,54.852115,On or near Front Street,E01020640,County Durham 010B,Drugs,Offender given a drugs possession warning,
60ffb237b68716b2c63a3e8bab0ce3813d2ef17f3531316968d9e0becf079177,2020-08,Durham Constabulary,Durham Constabulary,-1.830433,54.845133,On or near Cotherstone Close,E01020640,County Durham 010B,Other theft,Unable to prosecute suspect,
97a7e4e7123cea238ecf409fdba6be786ddd588f3ff59880609cce4edcf96d1d,2020-08,Durham Constabulary,Durham Constabulary,-1.829241,54.850856,On or near Back East Parade,E01020640,County Durham 010B,Other theft,Investigation complete; no suspect identified,
7eadff841adc003b9eccf9070c02b09a916f01964d892fcbb504a041db8d2667,2020-08,Durham Constabulary,Durham Constabulary,-1.834574,54.849264,On or near Supermarket,E01020640,County Durham 010B,Other theft,Investigation complete; no suspect identified,
538e81392fb8eba7d8534d0cc89c3925c677d99ed347c979a8ad08412947a6c4,2020-08,Durham Constabulary,Durham Constabulary,-1.828798,54.852410,On or near Parking Area,E01020640,County Durham 010B,Public order,Unable to prosecute suspect,
47d1a07a694fe949fce03f248a99efbdc6da90ae523c72f530b9e843f8188f7c,2020-08,Durham Constabulary,Durham Constabulary,-1.831825,54.851111,On or near Shopping Area,E01020640,County Durham 010B,Public order,Investigation complete; no suspect identified,
85d85be7bbb9046d04cdf8eef9f1881b769f7159143f9d6075633f00b165c7ee,2020-08,Durham Constabulary,Durham Constabulary,-1.826400,54.848803,On or near Delves Lane,E01020640,County Durham 010B,Public order,Unable to prosecute suspect,
a45ff39b0cea26f955cc837ec1786759309931771727a9a864405c9b61b0992f,2020-08,Durham Constabulary,Durham Constabulary,-1.826400,54.848803,On or near Delves Lane,E01020640,County Durham 010B,Shoplifting,Investigation complete; no suspect identified,
64df52b74ba78b8d17e86199430bb9555f70aa050d566c6841a908f5508083bf,2020-08,Durham Constabulary,Durham Constabulary,-1.826400,54.848803,On or near Delves Lane,E01020640,County Durham 010B,Shoplifting,Local resolution,
7a3a7946e0886a707ace7920fb5cbc4036c58a624d8ac6fb66f33e251aa1a2bb,2020-08,Durham Constabulary,Durham Constabulary,-1.834574,54.849264,On or near Supermarket,E01020640,County Durham 010B,Shoplifting,Unable to prosecute suspect,
52edbafdd69c8754c8fbe15b1b0b5a1065ee0ed988208f890dde41eda31e5566,2020-08,Durham Constabulary,Durham Constabulary,-1.834574,54.849264,On or near Supermarket,E01020640,County Durham 010B,Shoplifting,Local resolution,
05fa11d0d874fa3a7267604a3b6a673ea454d4ec214c12ad7892941949f18476,2020-08,Durham Constabulary,Durham Constabulary,-1.834574,54.849264,On or near Supermarket,E01020640,County Durham 010B,Shoplifting,Investigation complete; no suspect identified,
6af0517abac74b99577fb6961f347ad7fb7a4269a3eeca0ce630054cb88b7451,2020-08,Durham Constabulary,Durham Constabulary,-1.830628,54.850723,On or near Taylor Street,E01020640,County Durham 010B,Violence and sexual offences,Unable to prosecute suspect,
30bdf8e36c15663762e3d202eb3f4d4cd4a1e0d801b29e872b325998c8d28142,2020-08,Durham Constabulary,Durham Constabulary,-1.831825,54.851111,On or near Shopping Area,E01020640,County Durham 010B,Violence and sexual offences,Investigation complete; no suspect identified,
b9f533d5cbba1bbb637a778816ebd859d985c45d77d2a072e92d56be75233bc1,2020-08,Durham Constabulary,Durham Constabulary,-1.826400,54.848803,On or near Delves Lane,E01020640,County Durham 010B,Violence and sexual offences,Court result unavailable,
8db40b9257dc3ca13866c0a26903cbf44b0906d3bd486f71e2bcafefbfd8aafc,2020-08,Durham Constabulary,Durham Constabulary,-1.831825,54.851111,On or near Shopping Area,E01020640,County Durham 010B,Violence and sexual offences,Unable to prosecute suspect,
4e147d60fddd4c31d56d8c92f7f0b50277b9dd653d02fc5d0845feed005e690b,2020-08,Durham Constabulary,Durham Constabulary,-1.830703,54.851361,On or near Ann Street,E01020640,County Durham 010B,Violence and sexual offences,Further action is not in the public interest,
e58c793943deeab728bb8a01fa032c73f8803e83e79ccd2ef20b771337cbd69f,2020-08,Durham Constabulary,Durham Constabulary,-1.834574,54.849264,On or near Supermarket,E01020640,County Durham 010B,Violence and sexual offences,Court result unavailable,
5fc5bb59f1876029df5cd0bbf8b0b0a4952c72bd93ab36f7707accd18a983669,2020-08,Durham Constabulary,Durham Constabulary,-1.832439,54.849611,On or near Unsworth Gardens,E01020640,County Durham 010B,Violence and sexual offences,Unable to prosecute suspect,
b91a5140df9e8c7a7d663e2a5b60eb361d9cabfbcb021b9e3097fe8c90f4d3db,2020-08,Durham Constabulary,Durham Constabulary,-1.832439,54.849611,On or near Unsworth Gardens,E01020640,County Durham 010B,Violence and sexual offences,Unable to prosecute suspect,
a3a4c2e83bc0030fffb10ee351356a32cc6c2084e1e4e6715d951b96e7a11daa,2020-08,Durham Constabulary,Durham Constabulary,-1.830703,54.851361,On or near Ann Street,E01020640,County Durham 010B,Violence and sexual offences,Further action is not in the public interest,
64ee73d42082380d95f0841799ab35c1880f905aa886fe9da468e445b24c20af,2020-08,Durham Constabulary,Durham Constabulary,-1.830703,54.851361,On or near Ann Street,E01020640,County Durham 010B,Violence and sexual offences,Investigation complete; no suspect identified,
f649a56c992ae853748505c4ed862faf2285d12ea1c99d915570ee29f705278e,2020-08,Durham Constabulary,Durham Constabulary,-1.831825,54.851111,On or near Shopping Area,E01020640,County Durham 010B,Violence and sexual offences,Further action is not in the public interest,
527d507b9810266445ffbef8e50aa57d9ba2ed1af4f6fe063bb26676606a3522,2020-08,Durham Constabulary,Durham Constabulary,-1.831825,54.851111,On or near Shopping Area,E01020640,County Durham 010B,Violence and sexual offences,Unable to prosecute suspect,
4702a02c91fccafd1d016a117ea88be4e0bfa1911acfd5bc29f2efc2118e572f,2020-08,Durham Constabulary,Durham Constabulary,-1.834025,54.846441,On or near Spiro Court,E01020640,County Durham 010B,Violence and sexual offences,Unable to prosecute suspect,
e57b70eb938d721fa95826b1504f4a38a5d579f6b1c1766f2ff4b9da257975ee,2020-08,Durham Constabulary,Durham Constabulary,-1.828898,54.850981,On or near East Parade,E01020640,County Durham 010B,Other crime,Local resolution,
,2020-08,Durham Constabulary,Durham Constabulary,-1.828716,54.853470,On or near Rosemary Close,E01020641,County Durham 010C,Anti-social behaviour,,
bb670a8a5ec1d4a6e8f1f0c2962d6bc67de32d1d105c8311c260f819be96e5d5,2020-08,Durham Constabulary,Durham Constabulary,-1.823910,54.855584,On or near Ash Grove,E01020641,County Durham 010C,Other theft,Investigation complete; no suspect identified,
2ac2d5731fec159515a83df168d919dbc66e5b2f95dea334c1532d84f40ee1dc,2020-08,Durham Constabulary,Durham Constabulary,-1.827997,54.853981,On or near Gladstone Street,E01020641,County Durham 010C,Theft from the person,Unable to prosecute suspect,
341b835847c5da85d70e7e07ca6f82e68307319372e27994afdc70806fefa874,2020-08,Durham Constabulary,Durham Constabulary,-1.823910,54.855584,On or near Ash Grove,E01020641,County Durham 010C,Violence and sexual offences,Local resolution,
5e329551b15f64b7e22894db318cdc1835b6b98334afc9c613168a6d1ec82027,2020-08,Durham Constabulary,Durham Constabulary,-1.818331,54.859593,On or near Werdohl Way,E01020641,County Durham 010C,Violence and sexual offences,Action to be taken by another organisation,
e5e6a1412532036b5582c8f877339e71679459375a7de1c61bb9ee746099b788,2020-08,Durham Constabulary,Durham Constabulary,-1.823910,54.855584,On or near Ash Grove,E01020641,County Durham 010C,Violence and sexual offences,Unable to prosecute suspect,
df7ebde010f255903f8974fd2c221e8264d85492ce86fbf45d881ba97bed02f8,2020-08,Durham Constabulary,Durham Constabulary,-1.823910,54.855584,On or near Ash Grove,E01020641,County Durham 010C,Violence and sexual offences,Local resolution,
f73afdb97644c1af7003d38451aab53e8c8117298ac1eb55f63fef3195d4fd10,2020-08,Durham Constabulary,Durham Constabulary,-1.818331,54.859593,On or near Werdohl Way,E01020641,County Durham 010C,Violence and sexual offences,Local resolution,
0d598f8a03def9577eff502d28c2a5a3ca02585ba4baf16d9252b8143d2045f9,2020-08,Durham Constabulary,Durham Constabulary,-1.831849,54.856674,On or near Collison Street,E01020641,County Durham 010C,Violence and sexual offences,Unable to prosecute suspect,
59d4f136a2d24fa8f8b9f38436c7624f27db4d7a4e999040f658b7f5e197fa8d,2020-08,Durham Constabulary,Durham Constabulary,-1.818331,54.859593,On or near Werdohl Way,E01020641,County Durham 010C,Other crime,Action to be taken by another organisation,
3f7d5665f62e52c76cb52d4d4ff8e60e6121afb14cbcf946def928812db6181f,2020-08,Durham Constabulary,Durham Constabulary,-1.823910,54.855584,On or near Ash Grove,E01020641,County Durham 010C,Other crime,Action to be taken by another organisation,
1b94baa348b8e608a79f5e082b5e90f882949adff72e749b9399771781e58b19,2020-08,Durham Constabulary,Durham Constabulary,-1.823910,54.855584,On or near Ash Grove,E01020641,County Durham 010C,Other crime,Unable to prosecute suspect,
,2020-08,Durham Constabulary,Durham Constabulary,-1.832821,54.858931,On or near Balfour Street,E01020642,County Durham 010D,Anti-social behaviour,,
,2020-08,Durham Constabulary,Durham Constabulary,-1.833441,54.855831,On or near Cleadon Street,E01020642,County Durham 010D,Anti-social behaviour,,
f4354408dffda1b9247f28343dbe0929a091e550398610f282084ee26dac6a3b,2020-08,Durham Constabulary,Durham Constabulary,-1.833290,54.858464,On or near Allison Gardens,E01020642,County Durham 010D,Burglary,Further investigation is not in the public interest,
19d794fc90332eedd780ec1566d488ceadf7b7a40c6a3b7644443793a643f2e3,2020-08,Durham Constabulary,Durham Constabulary,-1.833290,54.858464,On or near Allison Gardens,E01020642,County Durham 010D,Burglary,Court result unavailable,
8a50af4586383ddc4e281ce29153fce23c6bfa2ebb7dba55d76eaa7d20c26e19,2020-08,Durham Constabulary,Durham Constabulary,-1.833561,54.857009,On or near Barr Hills,E01020642,County Durham 010D,Drugs,Investigation complete; no suspect identified,
95644e8cd96a4967c6bd2bec645a9476b0cae6032c3d8b835dd70417e9e2bc60,2020-08,Durham Constabulary,Durham Constabulary,-1.832082,54.860502,On or near Bright Street,E01020642,County Durham 010D,Other theft,Investigation complete; no suspect identified,
0b6373f549dd87f31bbee5f088837fef90b59818271044c38750e1e9dfe8b9ba,2020-08,Durham Constabulary,Durham Constabulary,-1.833561,54.857009,On or near Barr Hills,E01020642,County Durham 010D,Violence and sexual offences,Unable to prosecute suspect,
,2020-08,Durham Constabulary,Durham Constabulary,-1.833003,54.852578,On or near Mason Street,E01020643,County Durham 010E,Anti-social behaviour,,
,2020-08,Durham Constabulary,Durham Constabulary,-1.831895,54.853097,On or near Bus/Coach Station,E01020643,County Durham 010E,Anti-social behaviour,,
,2020-08,Durham Constabulary,Durham Constabulary,-1.831895,54.853097,On or near Bus/Coach Station,E01020643,County Durham 010E,Anti-social behaviour,,
,2020-08,Durham Constabulary,Durham Constabulary,-1.834326,54.852885,On or near Middle Street,E01020643,County Durham 010E,Anti-social behaviour,,
,2020-08,Durham Constabulary,Durham Constabulary,-1.832963,54.854824,On or near Green Street,E01020643,County Durham 010E,Anti-social behaviour,,
,2020-08,Durham Constabulary,Durham Constabulary,-1.834870,54.856974,On or near Aynsley Terrace,E01020643,County Durham 010E,Anti-social behaviour,,
,2020-08,Durham Constabulary,Durham Constabulary,-1.831895,54.853097,On or near Bus/Coach Station,E01020643,County Durham 010E,Anti-social behaviour,,
,2020-08,Durham Constabulary,Durham Constabulary,-1.831895,54.853097,On or near Bus/Coach Station,E01020643,County Durham 010E,Anti-social behaviour,,
,2020-08,Durham Constabulary,Durham Constabulary,-1.836976,54.856097,On or near Queens Gate,E01020643,County Durham 010E,Anti-social behaviour,,
,2020-08,Durham Constabulary,Durham Constabulary,-1.831970,54.853708,On or near John Street Square,E01020643,County Durham 010E,Anti-social behaviour,,
,2020-08,Durham Constabulary,Durham Constabulary,-1.831895,54.853097,On or near Bus/Coach Station,E01020643,County Durham 010E,Anti-social behaviour,,
,2020-08,Durham Constabulary,Durham Constabulary,-1.834191,54.855293,On or near George Street,E01020643,County Durham 010E,Anti-social behaviour,,
,2020-08,Durham Constabulary,Durham Constabulary,-1.831895,54.853097,On or near Bus/Coach Station,E01020643,County Durham 010E,Anti-social behaviour,,
6f2955371de6d5d909560b9d9fd80bab28ecd91d7a7f805d09564dcb5b2e85ef,2020-08,Durham Constabulary,Durham Constabulary,-1.831895,54.853097,On or near Bus/Coach Station,E01020643,County Durham 010E,Criminal damage and arson,Investigation complete; no suspect identified,
8b60acb6edeb006065ec9cfab5138c40155a32a141d138c24fdf5f10790fdee5,2020-08,Durham Constabulary,Durham Constabulary,-1.833003,54.852578,On or near Mason Street,E01020643,County Durham 010E,Criminal damage and arson,Investigation complete; no suspect identified,
bb306db7c763136f0a7ffb114d08c48bc8e81ba78bba49ebc058eda0a7bbd694,2020-08,Durham Constabulary,Durham Constabulary,-1.831895,54.853097,On or near Bus/Coach Station,E01020643,County Durham 010E,Criminal damage and arson,Investigation complete; no suspect identified,
2bb1273b848ce0304e6b4fec6e9160fb2cdc9a236f53d8a6d46c880063d51fbe,2020-08,Durham Constabulary,Durham Constabulary,-1.835497,54.851997,On or near Edith Street,E01020643,County Durham 010E,Criminal damage and arson,Investigation complete; no suspect identified,
7a823051c9fc3e21af4a1196ffd298a11c827e438d34e2119b356192fd3735dd,2020-08,Durham Constabulary,Durham Constabulary,-1.833384,54.850853,On or near Nightclub,E01020643,County Durham 010E,Criminal damage and arson,Investigation complete; no suspect identified,
23aa992c1b7351773901718be7d4ff7a0be352525bcdce97e0bf89bc522c5b33,2020-08,Durham Constabulary,Durham Constabulary,-1.831895,54.853097,On or near Bus/Coach Station,E01020643,County Durham 010E,Criminal damage and arson,Investigation complete; no suspect identified,
8cf9f96391384c9475f123aa2b6398429b55512ce658ee9ae2aabeca7821b105,2020-08,Durham Constabulary,Durham Constabulary,-1.834326,54.852885,On or near Middle Street,E01020643,County Durham 010E,Drugs,Further action is not in the public interest,
1c8424c2daaabc82eb2b47bf2da80c9b44406c9c8f2ef63569b0aa081acb88d2,2020-08,Durham Constabulary,Durham Constabulary,-1.836200,54.851683,On or near Parnaby Street,E01020643,County Durham 010E,Other theft,Unable to prosecute suspect,
ea36957320b6fb6b2f8c4a1a3a9d75fbc835d3b274045b074dbda25accc5ca0d,2020-08,Durham Constabulary,Durham Constabulary,-1.833384,54.850853,On or near Nightclub,E01020643,County Durham 010E,Public order,Investigation complete; no suspect identified,
a29ce1a9612f8255d84c6599679b037529930c91a4295586173d8d97c24a019d,2020-08,Durham Constabulary,Durham Constabulary,-1.833384,54.850853,On or near Nightclub,E01020643,County Durham 010E,Public order,Investigation complete; no suspect identified,
e739daa5913affd9fcac0c55478947e078b49244fd6c6e8fa46f661142205fb6,2020-08,Durham Constabulary,Durham Constabulary,-1.833384,54.850853,On or near Nightclub,E01020643,County Durham 010E,Public order,Unable to prosecute suspect,
6556005e4c7a9f98f55662c12945ce4e83cfd1dac4c14582ee4200e5ceb2b916,2020-08,Durham Constabulary,Durham Constabulary,-1.833273,54.851194,On or near Nelson Street,E01020643,County Durham 010E,Public order,Investigation complete; no suspect identified,
4be6f8d9405a47996494a3bdbef98d82449a1121c90bdff65485887470d0f546,2020-08,Durham Constabulary,Durham Constabulary,-1.834870,54.856974,On or near Aynsley Terrace,E01020643,County Durham 010E,Vehicle crime,Unable to prosecute suspect,
14a09f74dd38731c67d8a7f01a6cff825578292b2009e9280118997f9226bb12,2020-08,Durham Constabulary,Durham Constabulary,-1.833384,54.850853,On or near Nightclub,E01020643,County Durham 010E,Violence and sexual offences,Unable to prosecute suspect,
b3f01eecf0589aab8125fff13e4308cfaa260edcadaf9edea207f02b3781b3f5,2020-08,Durham Constabulary,Durham Constabulary,-1.838058,54.854202,On or near Victoria Street,E01020643,County Durham 010E,Violence and sexual offences,Unable to prosecute suspect,
1ce89926b2e3b80820398b120535dce95d3bb9415fe9f23dc5c3a1b2fa11bb07,2020-08,Durham Constabulary,Durham Constabulary,-1.835513,54.855798,On or near Aynsley Mews,E01020643,County Durham 010E,Violence and sexual offences,Unable to prosecute suspect,
b2c599a17499a35ddfce63e4e32d186ba69658848488daa5c1f6d0f4a1762e2a,2020-08,Durham Constabulary,Durham Constabulary,-1.833273,54.851194,On or near Nelson Street,E01020643,County Durham 010E,Violence and sexual offences,Investigation complete; no suspect identified,
1d8b5b0330eff37a47c5d7509d5dc861ab498c2c913aed95d3976c21eb4c79cb,2020-08,Durham Constabulary,Durham Constabulary,-1.840837,54.852723,On or near Romany Drive,E01020643,County Durham 010E,Violence and sexual offences,Unable to prosecute suspect,
46ab7bebf918a34e068ce190088af105cad3d25c8a2d627ce45e1971b73d70ce,2020-08,Durham Constabulary,Durham Constabulary,-1.833384,54.850853,On or near Nightclub,E01020643,County Durham 010E,Violence and sexual offences,Unable to prosecute suspect,
87f1d8efe66e3b6be99392a87d06f5955f827254ffe9f2e645abed7d43ee650a,2020-08,Durham Constabulary,Durham Constabulary,-1.838058,54.854202,On or near Victoria Street,E01020643,County Durham 010E,Violence and sexual offences,Unable to prosecute suspect,
8621a713a26f6a7aafa7f86ba695053bc70b7a80cab589bb17da9d5d10db2946,2020-08,Durham Constabulary,Durham Constabulary,-1.833384,54.850853,On or near Nightclub,E01020643,County Durham 010E,Violence and sexual offences,Court result unavailable,
0281555c4d06a7e4ef50e588da108c9d9531849e95b39009cb4bd9443b8e575b,2020-08,Durham Constabulary,Durham Constabulary,-1.833865,54.854960,On or near Garden Place,E01020643,County Durham 010E,Violence and sexual offences,Unable to prosecute suspect,
2b2f6c8a6cb07e107e23e132e466fef6a1603733fe18dc8359d48cc390705779,2020-08,Durham Constabulary,Durham Constabulary,-1.840837,54.852723,On or near Romany Drive,E01020643,County Durham 010E,Violence and sexual offences,Unable to prosecute suspect,
240803e30809810e0a58666197c6a3d5f646dd0afc36e05e2f6daad174f8b734,2020-08,Durham Constabulary,Durham Constabulary,-1.837850,54.855738,On or near Lingfield Road,E01020643,County Durham 010E,Violence and sexual offences,Unable to prosecute suspect,
62a9051400e66fb811b07a70338f25682b20c8ff25e33e3aa5d9abcfd1e0ffab,2020-08,Durham Constabulary,Durham Constabulary,-1.837850,54.855738,On or near Lingfield Road,E01020643,County Durham 010E,Violence and sexual offences,Unable to prosecute suspect,
476029f7da3b7b10fa5813630542a29f78e4930628b4eb18f0e8e55d7fbf3d35,2020-08,Durham Constabulary,Durham Constabulary,-1.837850,54.855738,On or near Lingfield Road,E01020643,County Durham 010E,Violence and sexual offences,Unable to prosecute suspect,
d3d473662115a21ef54a2d77ca3ce8ebb38853b152e12455b8ddad78fb6fdf0a,2020-08,Durham Constabulary,Durham Constabulary,-1.833384,54.850853,On or near Nightclub,E01020643,County Durham 010E,Violence and sexual offences,Local resolution,
72537823a3c3585659ff3bc7d3d9823c0df77343d4e9d3f2f17fe94ccccc1d70,2020-08,Durham Constabulary,Durham Constabulary,-1.835178,54.853857,On or near Victoria Street,E01020643,County Durham 010E,Violence and sexual offences,Court result unavailable,
a85fe5da0f8909f7762faf430ec227945aee43ece47c0da7676af052484db4da,2020-08,Durham Constabulary,Durham Constabulary,-1.835178,54.853857,On or near Victoria Street,E01020643,County Durham 010E,Violence and sexual offences,Court result unavailable,
eb52b9abafee8abd8258959f7729c0d2cb9c3e64b4161b17bdc8ec2d7d1fed00,2020-08,Durham Constabulary,Durham Constabulary,-1.835178,54.853857,On or near Victoria Street,E01020643,County Durham 010E,Violence and sexual offences,Court result unavailable,
322b73ae167c8bdf18e20c89c2437dcf5ce18d9422d345d2f0404e4687a9a619,2020-08,Durham Constabulary,Durham Constabulary,-1.835513,54.855798,On or near Aynsley Mews,E01020643,County Durham 010E,Violence and sexual offences,Local resolution,
,2020-08,Durham Constabulary,Durham Constabulary,-1.808785,54.862238,On or near B6309,E01020667,County Durham 010F,Anti-social behaviour,,
,2020-08,Durham Constabulary,Durham Constabulary,-1.812876,54.870162,On or near Pont Lane,E01020667,County Durham 010F,Anti-social behaviour,,
,2020-08,Durham Constabulary,Durham Constabulary,-1.812876,54.870162,On or near Pont Lane,E01020667,County Durham 010F,Anti-social behaviour,,
,2020-08,Durham Constabulary,Durham Constabulary,-1.810534,54.857892,On or near Bluebell Close,E01020667,County Durham 010F,Anti-social behaviour,,
5f6de4b6c843ccf23404825e8c7b2ee3e56cf18acf614dd87d26f6c68a2df335,2020-08,Durham Constabulary,Durham Constabulary,-1.812876,54.870162,On or near Pont Lane,E01020667,County Durham 010F,Violence and sexual offences,Investigation complete; no suspect identified,
d8930e9d547883e39d2075a7b3aebddc273d25d2968433ed34336f4d0fe88f2f,2020-08,Durham Constabulary,Durham Constabulary,-1.810534,54.857892,On or near Bluebell Close,E01020667,County Durham 010F,Violence and sexual offences,Unable to prosecute suspect,
,2020-08,Durham Constabulary,Durham Constabulary,-1.579924,54.856801,On or near Alpine Court,E01020592,County Durham 011A,Anti-social behaviour,,
,2020-08,Durham Constabulary,Durham Constabulary,-1.584307,54.857742,On or near Seventh Avenue,E01020592,County Durham 011A,Anti-social behaviour,,
,2020-08,Durham Constabulary,Durham Constabulary,-1.587412,54.854185,On or near Third Avenue,E01020592,County Durham 011A,Anti-social behaviour,,
,2020-08,Durham Constabulary,Durham Constabulary,-1.587012,54.855172,On or near Fourth Avenue,E01020592,County Durham 011A,Anti-social behaviour,,
,2020-08,Durham Constabulary,Durham Constabulary,-1.587412,54.854185,On or near Third Avenue,E01020592,County Durham 011A,Anti-social behaviour,,
0822464984dae43b08010db3218b3e76405220bf4f06c3c0d8e354ca8db4efd6,2020-08,Durham Constabulary,Durham Constabulary,-1.584379,54.858290,On or near Twelfth Avenue,E01020592,County Durham 011A,Bicycle theft,Investigation complete; no suspect identified,
c2c59f9c4629f0c0fdf27e8e32514fd8be630fdd9dc2dbf611bab8473061d8e4,2020-08,Durham Constabulary,Durham Constabulary,-1.587012,54.855172,On or near Fourth Avenue,E01020592,County Durham 011A,Criminal damage and arson,Unable to prosecute suspect,
06f3b4941b64fe9755ffa0f2c3cfe624d34f82eba464ac695d61ff66cf6b062c,2020-08,Durham Constabulary,Durham Constabulary,-1.581456,54.856204,On or near Murray Road,E01020592,County Durham 011A,Public order,Investigation complete; no suspect identified,
f94ced2658b768eecc864e526f48b6870546a0283cbb048547ce64a11c368712,2020-08,Durham Constabulary,Durham Constabulary,-1.584433,54.856026,On or near The Avenue,E01020592,County Durham 011A,Theft from the person,Unable to prosecute suspect,
718c168f8cd0480de924f43ce0e9127d10e2b677c18bf850792837006eec0b66,2020-08,Durham Constabulary,Durham Constabulary,-1.581456,54.856204,On or near Murray Road,E01020592,County Durham 011A,Violence and sexual offences,Local resolution,
3dbf7e71a96303c65e8a60143007cdf3e7d0e7ef3e478da2b4bea3f4e21dd35c,2020-08,Durham Constabulary,Durham Constabulary,-1.585737,54.854979,On or near The Crescent,E01020592,County Durham 011A,Violence and sexual offences,Unable to prosecute suspect,
bd380cc39a8ef405eb7adc53d1bf71a0e23f89b3c7ea47d82a4cdbe9606748ad,2020-08,Durham Constabulary,Durham Constabulary,-1.581456,54.856204,On or near Murray Road,E01020592,County Durham 011A,Violence and sexual offences,Further investigation is not in the public interest,
7c8d450dd9debde3950b1edbf161a696e964ec2a75ce17e0c9b707fe54bb276d,2020-08,Durham Constabulary,Durham Constabulary,-1.586070,54.858979,On or near North Approach,E01020592,County Durham 011A,Violence and sexual offences,Unable to prosecute suspect,
d50dda5644b5dedfc86c24186af8a75c0d8b7fc83a9470cc0b45e7c0dea18d84,2020-08,Durham Constabulary,Durham Constabulary,-1.585737,54.854979,On or near The Crescent,E01020592,County Durham 011A,Violence and sexual offences,Offender given a caution,
2198ef769ac133fabda2c2f2c0b457831fbf46f7d49882d2f5ffbdeb42fedad0,2020-08,Durham Constabulary,Durham Constabulary,-1.584307,54.857742,On or near Seventh Avenue,E01020592,County Durham 011A,Violence and sexual offences,Unable to prosecute suspect,
74a0a8731d2106ca76d7a10adfed913b988477a7fd565778e9ac530b5bc4defd,2020-08,Durham Constabulary,Durham Constabulary,-1.583256,54.856876,On or near Ninth Avenue,E01020592,County Durham 011A,Violence and sexual offences,Local resolution,
b0a80329aef6798205f1d6a3e3bc80fc69aeeefec11c98501cda688f432b45e9,2020-08,Durham Constabulary,Durham Constabulary,-1.584379,54.858290,On or near Twelfth Avenue,E01020592,County Durham 011A,Violence and sexual offences,Unable to prosecute suspect,
3a37e2a6b9df1c3379079899feb33c7f98eb8715e87b3c7f9901941d3a8cd23b,2020-08,Durham Constabulary,Durham Constabulary,-1.584307,54.857742,On or near Seventh Avenue,E01020592,County Durham 011A,Violence and sexual offences,Action to be taken by another organisation,
,2020-08,Durham Constabulary,Durham Constabulary,-1.577516,54.856155,On or near Bede Court,E01020593,County Durham 011B,Anti-social behaviour,,
,2020-08,Durham Constabulary,Durham Constabulary,-1.581964,54.855289,On or near Bede Terrace,E01020593,County Durham 011B,Anti-social behaviour,,
,2020-08,Durham Constabulary,Durham Constabulary,-1.581964,54.855289,On or near Bede Terrace,E01020593,County Durham 011B,Anti-social behaviour,,
,2020-08,Durham Constabulary,Durham Constabulary,-1.573141,54.851502,On or near Ropery Lane,E01020593,County Durham 011B,Anti-social behaviour,,
,2020-08,Durham Constabulary,Durham Constabulary,-1.575459,54.857774,On or near Co-Operative Street,E01020593,County Durham 011B,Anti-social behaviour,,
,2020-08,Durham Constabulary,Durham Constabulary,-1.580554,54.854593,On or near Fife Avenue,E01020593,County Durham 011B,Anti-social behaviour,,
,2020-08,Durham Constabulary,Durham Constabulary,-1.577516,54.856155,On or near Bede Court,E01020593,County Durham 011B,Anti-social behaviour,,
,2020-08,Durham Constabulary,Durham Constabulary,-1.578946,54.854947,On or near Station Road,E01020593,County Durham 011B,Anti-social behaviour,,
,2020-08,Durham Constabulary,Durham Constabulary,-1.576514,54.853644,On or near Edward Street,E01020593,County Durham 011B,Anti-social behaviour,,
,2020-08,Durham Constabulary,Durham Constabulary,-1.577314,54.857610,On or near West View,E01020593,County Durham 011B,Anti-social behaviour,,
,2020-08,Durham Constabulary,Durham Constabulary,-1.574204,54.858543,On or near Newcastle Road,E01020593,County Durham 011B,Anti-social behaviour,,
,2020-08,Durham Constabulary,Durham Constabulary,-1.575091,54.857153,On or near Supermarket,E01020593,County Durham 011B,Anti-social behaviour,,
,2020-08,Durham Constabulary,Durham Constabulary,-1.577516,54.856155,On or near Bede Court,E01020593,County Durham 011B,Anti-social behaviour,,
,2020-08,Durham Constabulary,Durham Constabulary,-1.576514,54.853644,On or near Edward Street,E01020593,County Durham 011B,Anti-social behaviour,,
4a5e1fed456dbc8010b440c18531dfec4e9fae4bf67bd5982692c59724488b66,2020-08,Durham Constabulary,Durham Constabulary,-1.576503,54.857715,On or near Morningside Court,E01020593,County Durham 011B,Burglary,Court result unavailable,
eb8773845bc5e1b2f0cd6fb113f26ea9397d8e4752b412831e16efc5e401cf77,2020-08,Durham Constabulary,Durham Constabulary,-1.574749,54.855606,On or near Wesley Terrace,E01020593,County Durham 011B,Criminal damage and arson,Court result unavailable,
edd1419e526c8bc9f614fa02a49d3fac2a3df158c0d4df91dc12133500e6ce9c,2020-08,Durham Constabulary,Durham Constabulary,-1.575522,54.854728,On or near Osborne Road,E01020593,County Durham 011B,Criminal damage and arson,Investigation complete; no suspect identified,
9b9aa4be237fa332731d10fd8a34e08152ae9e4e79b3b9d2523b479aec54176e,2020-08,Durham Constabulary,Durham Constabulary,-1.576514,54.853644,On or near Edward Street,E01020593,County Durham 011B,Criminal damage and arson,Unable to prosecute suspect,
fc65cbb3b40d32d15ea34a9b134d22824caa8fa29249b88ad5cf66e709bc6d24,2020-08,Durham Constabulary,Durham Constabulary,-1.577955,54.855869,On or near Murray Road,E01020593,County Durham 011B,Criminal damage and arson,Investigation complete; no suspect identified,
ccc96f9a6d34c6a9add06ac3a771367d1e1ddbeab52372ce23830f1447fb9f9a,2020-08,Durham Constabulary,Durham Constabulary,-1.575222,54.853577,On or near Clarence Terrace,E01020593,County Durham 011B,Criminal damage and arson,Unable to prosecute suspect,
bd17adfb12a805cafbfb595f4588d15db41c8754f7b085ac23994938632387e9,2020-08,Durham Constabulary,Durham Constabulary,-1.576205,54.853418,On or near Victor Street,E01020593,County Durham 011B,Criminal damage and arson,Investigation complete; no suspect identified,
f4ed4cc85dcbe87402792a7f3271b55a20ebd20fbfbf205b3384ffb8b85c32b4,2020-08,Durham Constabulary,Durham Constabulary,-1.581964,54.855289,On or near Bede Terrace,E01020593,County Durham 011B,Drugs,Formal action is not in the public interest,
6bab27ca382db117d4e2f67fa76017c5c10cec015e6e0eb3ac9ff1a746f98df6,2020-08,Durham Constabulary,Durham Constabulary,-1.573835,54.852242,On or near Petrol Station,E01020593,County Durham 011B,Other theft,Court result unavailable,
8a03201019e9419b8ab0bae0cde46e0a1cef314bb7009f14ec14dca08c4b8bbb,2020-08,Durham Constabulary,Durham Constabulary,-1.573835,54.852242,On or near Petrol Station,E01020593,County Durham 011B,Other theft,Investigation complete; no suspect identified,
016dcaa578427f52017d21db66216e9ffa192da9266d031958d67aed18086a98,2020-08,Durham Constabulary,Durham Constabulary,-1.573835,54.852242,On or near Petrol Station,E01020593,County Durham 011B,Other theft,Investigation complete; no suspect identified,
ac88c67b5c51906277aceb974c70a6aa29545049a23085bd07f06e1d107d1456,2020-08,Durham Constabulary,Durham Constabulary,-1.575065,54.858168,On or near Ashley Terrace,E01020593,County Durham 011B,Public order,Investigation complete; no suspect identified,
94ccf78213e3783aaa23ccb62386792d3d291621c44a78cb8c631ddc3f2e7a35,2020-08,Durham Constabulary,Durham Constabulary,-1.575559,54.855600,On or near Louise Terrace,E01020593,County Durham 011B,Public order,Unable to prosecute suspect,
d194104e5c94c4198ab16c41e8851dd94dbbda062865599f575439c9b83ff7c4,2020-08,Durham Constabulary,Durham Constabulary,-1.575091,54.857144,On or near Supermarket,E01020593,County Durham 011B,Public order,Unable to prosecute suspect,
3fa26a859a4e1971db56489207322b2e0eb4c99dcf6a0e731b740e8dd2db4c7b,2020-08,Durham Constabulary,Durham Constabulary,-1.574204,54.858543,On or near Newcastle Road,E01020593,County Durham 011B,Public order,Investigation complete; no suspect identified,
ff85d9b78837cd525a212161227de96062b405f2fd07772df65eebe196b29221,2020-08,Durham Constabulary,Durham Constabulary,-1.575222,54.853577,On or near Clarence Terrace,E01020593,County Durham 011B,Robbery,Unable to prosecute suspect,
a7938781c502b3f817f83af68d47cc81f902c1bec4f1c9cb1d836686e2d7aaa7,2020-08,Durham Constabulary,Durham Constabulary,-1.575091,54.857153,On or near Supermarket,E01020593,County Durham 011B,Shoplifting,Unable to prosecute suspect,
7c68b136a661a460b2fb703ee766dbc7ed0d4600e845f2af86f799d31182861d,2020-08,Durham Constabulary,Durham Constabulary,-1.575091,54.857153,On or near Supermarket,E01020593,County Durham 011B,Shoplifting,Investigation complete; no suspect identified,
14f2d93f659f9d95bf614c390d4a735a8a7e8e05824034274cd78a2bd156c733,2020-08,Durham Constabulary,Durham Constabulary,-1.575091,54.857153,On or near Supermarket,E01020593,County Durham 011B,Shoplifting,Unable to prosecute suspect,
67fe3417aaa2721b28ee7c3d02a73f1e979f726fff1ba8f506f8442b0e845c54,2020-08,Durham Constabulary,Durham Constabulary,-1.575091,54.857153,On or near Supermarket,E01020593,County Durham 011B,Shoplifting,Investigation complete; no suspect identified,
c43cbb981023cea01cf7522866783806fd7742763eab7bbcb0314bb0beeebd96,2020-08,Durham Constabulary,Durham Constabulary,-1.574749,54.855606,On or near Wesley Terrace,E01020593,County Durham 011B,Vehicle crime,Court result unavailable,
9cf40b7c38b723c57a42d622618cd3edd38818c5072a9c742fc735a29d57e7e5,2020-08,Durham Constabulary,Durham Constabulary,-1.581964,54.855289,On or near Bede Terrace,E01020593,County Durham 011B,Vehicle crime,Unable to prosecute suspect,
f341092bb71322ef12f4e292f566c7695c5e06296cca83033ad2e488953eb00a,2020-08,Durham Constabulary,Durham Constabulary,-1.573835,54.852242,On or near Petrol Station,E01020593,County Durham 011B,Violence and sexual offences,Unable to prosecute suspect,
e605357fe6118a12f78c107903232c3ad2ffbb0266d6826cc59ddceab3c9552d,2020-08,Durham Constabulary,Durham Constabulary,-1.574204,54.858543,On or near Newcastle Road,E01020593,County Durham 011B,Violence and sexual offences,Local resolution,
523fd7bff313c2d314321a3907d53bf2ce3c6164988534c2471fe41ddebee14e,2020-08,Durham Constabulary,Durham Constabulary,-1.574749,54.855606,On or near Wesley Terrace,E01020593,County Durham 011B,Violence and sexual offences,Court result unavailable,
4c471a62b81773b60533341cf1927204615cc4979e4f383002e49c52ed967015,2020-08,Durham Constabulary,Durham Constabulary,-1.573141,54.851502,On or near Ropery Lane,E01020593,County Durham 011B,Violence and sexual offences,Unable to prosecute suspect,
c415bdfa094e44679e5f1fa35a70a018156c5fd796f554f44466b3c6b2dc0d99,2020-08,Durham Constabulary,Durham Constabulary,-1.575076,54.857153,On or near Shopping Area,E01020593,County Durham 011B,Violence and sexual offences,Investigation complete; no suspect identified,
b803d21085c96ef2820a19caed3f2033e412a841e616f67ef3b95ece7385c43b,2020-08,Durham Constabulary,Durham Constabulary,-1.575091,54.857144,On or near Supermarket,E01020593,County Durham 011B,Violence and sexual offences,Unable to prosecute suspect,
b0ea4b93df6eae160d702a5f771f8aee1729ed0d8f4d9c50665a6886469732a6,2020-08,Durham Constabulary,Durham Constabulary,-1.573835,54.852242,On or near Petrol Station,E01020593,County Durham 011B,Violence and sexual offences,Investigation complete; no suspect identified,
ee3ccbd2cf97a5c0e906c05f44574bbecacb7a4593405d2c1b539b5d25ba5a19,2020-08,Durham Constabulary,Durham Constabulary,-1.575065,54.858168,On or near Ashley Terrace,E01020593,County Durham 011B,Violence and sexual offences,Further action is not in the public interest,
fec95b2bd193136d41e7ef63b458c5c91a5c886cc9bf4402e4bfd41efcdb576f,2020-08,Durham Constabulary,Durham Constabulary,-1.574749,54.855606,On or near Wesley Terrace,E01020593,County Durham 011B,Other crime,Court result unavailable,
,2020-08,Durham Constabulary,Durham Constabulary,-1.579105,54.851622,On or near Waldridge Road,E01020599,County Durham 011C,Anti-social behaviour,,
,2020-08,Durham Constabulary,Durham Constabulary,-1.583722,54.849517,On or near Cleveland Avenue,E01020599,County Durham 011C,Anti-social behaviour,,
,2020-08,Durham Constabulary,Durham Constabulary,-1.580617,54.850010,On or near Mendip Avenue,E01020599,County Durham 011C,Anti-social behaviour,,
,2020-08,Durham Constabulary,Durham Constabulary,-1.583722,54.849517,On or near Cleveland Avenue,E01020599,County Durham 011C,Anti-social behaviour,,
,2020-08,Durham Constabulary,Durham Constabulary,-1.580617,54.850010,On or near Mendip Avenue,E01020599,County Durham 011C,Anti-social behaviour,,
3e883bd949ab92ec247e3a78ede6fe6c90f2c83a9fed4eea8c95b4ade757a0f8,2020-08,Durham Constabulary,Durham Constabulary,-1.580617,54.850010,On or near Mendip Avenue,E01020599,County Durham 011C,Burglary,Investigation complete; no suspect identified,
3ed952ad63c6570095a1670f9078b0a66e5b975a4665eee70ac1730fcd51b7c2,2020-08,Durham Constabulary,Durham Constabulary,-1.580617,54.850010,On or near Mendip Avenue,E01020599,County Durham 011C,Drugs,Status update unavailable,
a9fc517e7848cf397c13a2fb40e8ed36227aa3fc1f876a8a552cd16a864231d7,2020-08,Durham Constabulary,Durham Constabulary,-1.590844,54.849011,On or near Sidlaw Avenue,E01020599,County Durham 011C,Public order,Unable to prosecute suspect,
f46bdf41856ffbf7ecb5e5e07dbfabacf46f39ddb86818c343d0e6561a3bd040,2020-08,Durham Constabulary,Durham Constabulary,-1.590844,54.849011,On or near Sidlaw Avenue,E01020599,County Durham 011C,Public order,Unable to prosecute suspect,
328b3fa1df38c21190ebf830c30668ae09d9186df385f019aca668e40cfb74a9,2020-08,Durham Constabulary,Durham Constabulary,-1.583722,54.849517,On or near Cleveland Avenue,E01020599,County Durham 011C,Public order,Further investigation is not in the public interest,
664c83eda9c106e9e1810303d6734838a444d88f459c32c71ffcf3bb2cae39f3,2020-08,Durham Constabulary,Durham Constabulary,-1.580617,54.850010,On or near Mendip Avenue,E01020599,County Durham 011C,Public order,Unable to prosecute suspect,
2d37d3b05c75aec9e333c0b401df13408f1336ddeab85a2a1fa20c81ecb4d96c,2020-08,Durham Constabulary,Durham Constabulary,-1.583722,54.849517,On or near Cleveland Avenue,E01020599,County Durham 011C,Violence and sexual offences,Unable to prosecute suspect,
f22a37d9742b76b6811874efd20271cd5daf6d06beba51907032e082dfda45e8,2020-08,Durham Constabulary,Durham Constabulary,-1.579105,54.851622,On or near Waldridge Road,E01020599,County Durham 011C,Violence and sexual offences,Unable to prosecute suspect,
ea8d6c0db33687e06ff110fed586f20b42e7886fb6a3b4b274fc916394551976,2020-08,Durham Constabulary,Durham Constabulary,-1.590844,54.849011,On or near Sidlaw Avenue,E01020599,County Durham 011C,Violence and sexual offences,Unable to prosecute suspect,
607d8207c8e3cabd304c402ac25a27d19779dcf1b5b2dd71e605d815ddc2fa0a,2020-08,Durham Constabulary,Durham Constabulary,-1.580617,54.850010,On or near Mendip Avenue,E01020599,County Durham 011C,Violence and sexual offences,Unable to prosecute suspect,
cd115dd6ebb09846fb89e2f0041ff2b0501380368967a6b3781bd8bf639b315c,2020-08,Durham Constabulary,Durham Constabulary,-1.590844,54.849011,On or near Sidlaw Avenue,E01020599,County Durham 011C,Violence and sexual offences,Unable to prosecute suspect,
e884cfdda4eadf60cd8d49fc436a64713f80f041b81e222d7495dbc4a92112bc,2020-08,Durham Constabulary,Durham Constabulary,-1.578677,54.850920,On or near Moorfoot Avenue,E01020599,County Durham 011C,Violence and sexual offences,Unable to prosecute suspect,
75eba83264b3e5e75a33f29927e271eef92166b0fe8cddf9bfe6cb678de8b00b,2020-08,Durham Constabulary,Durham Constabulary,-1.590844,54.849011,On or near Sidlaw Avenue,E01020599,County Durham 011C,Violence and sexual offences,Unable to prosecute suspect,
,2020-08,Durham Constabulary,Durham Constabulary,-1.600189,54.852107,On or near Dovecote Farm,E01020601,County Durham 011D,Anti-social behaviour,,
,2020-08,Durham Constabulary,Durham Constabulary,-1.599155,54.852759,On or near Brantwood,E01020601,County Durham 011D,Anti-social behaviour,,
5308d525ca167a4a14349b1c06b4650d4d21eda8d03b957fabf1ff201c9ed034,2020-08,Durham Constabulary,Durham Constabulary,-1.599155,54.852759,On or near Brantwood,E01020601,County Durham 011D,Criminal damage and arson,Investigation complete; no suspect identified,
9fcf954e04f804f06cc685706b9db3ab237912ad1128930ab4543260336e826c,2020-08,Durham Constabulary,Durham Constabulary,-1.590345,54.858355,On or near Cragside,E01020601,County Durham 011D,Violence and sexual offences,Court result unavailable,
04e05d477d77ff69d3683e7783e1d3ca39d9f9231e2c9425303c9de9a4560620,2020-08,Durham Constabulary,Durham Constabulary,-1.590345,54.858355,On or near Cragside,E01020601,County Durham 011D,Violence and sexual offences,Unable to prosecute suspect,
e550352a5235e3c549e19a3e7e433b30b2700793ff89f2d8182f49b0a1e9969a,2020-08,Durham Constabulary,Durham Constabulary,-1.599155,54.852759,On or near Brantwood,E01020601,County Durham 011D,Violence and sexual offences,Unable to prosecute suspect,
f9cfcdb422c06b18438dd27e16c9916c5d7d1f451e1ae198e4e148bd7365da95,2020-08,Durham Constabulary,Durham Constabulary,-1.594926,54.855046,On or near Brinkburn,E01020601,County Durham 011D,Violence and sexual offences,Unable to prosecute suspect,
,2020-08,Durham Constabulary,Durham Constabulary,-1.587298,54.851569,On or near Yetholm Avenue,E01020602,County Durham 011E,Anti-social behaviour,,
,2020-08,Durham Constabulary,Durham Constabulary,-1.593756,54.855213,On or near Gibside,E01020602,County Durham 011E,Anti-social behaviour,,
2a73465e8871d50edf80c5b974aff7b90bd3870e9f3d02a1a8f978ce81bf7248,2020-08,Durham Constabulary,Durham Constabulary,-1.590678,54.856146,On or near Wynyard,E01020602,County Durham 011E,Vehicle crime,Investigation complete; no suspect identified,
9146170416ee91b186d1012e4cb813b927f1ec253c172066b8353dcfd64a381d,2020-08,Durham Constabulary,Durham Constabulary,-1.580678,54.851681,On or near Sports/Recreation Area,E01020602,County Durham 011E,Violence and sexual offences,Investigation complete; no suspect identified,
b3980aa606718f95fd319bd8da739714212e66a312bf41af064768d2fbd33942,2020-08,Durham Constabulary,Durham Constabulary,-1.585468,54.852309,On or near Second Avenue,E01020602,County Durham 011E,Violence and sexual offences,Status update unavailable,
491bc6e4018ce3adea0cf9ea0f44fa2fb85347b8560b6c17aef943114842c435,2020-08,Durham Constabulary,Durham Constabulary,-1.589818,54.853474,On or near Gainford,E01020602,County Durham 011E,Violence and sexual offences,Action to be taken by another organisation,
32f96d0bf6955d29d683fcc86b4ebc23252131eb5fd44a839e41b3a8439c3a9e,2020-08,Durham Constabulary,Durham Constabulary,-1.585468,54.852309,On or near Second Avenue,E01020602,County Durham 011E,Violence and sexual offences,Unable to prosecute suspect,
1a391d9d3f079b4cbf015a6ae58b5b3dc60d0a5859263547a553bce5c78dd766,2020-08,Durham Constabulary,Durham Constabulary,-1.586097,54.850226,On or near Waldridge Road,E01020602,County Durham 011E,Violence and sexual offences,Action to be taken by another organisation,
6a1106d099baf529f07de5c4c07fb6486ebdc7a4b7c8096d1886c04b736c39ac,2020-08,Durham Constabulary,Durham Constabulary,-1.590678,54.856146,On or near Wynyard,E01020602,County Durham 011E,Violence and sexual offences,Unable to prosecute suspect,
,2020-08,Durham Constabulary,Durham Constabulary,-1.608520,54.863502,On or near Station Lane,E01020618,County Durham 011F,Anti-social behaviour,,
,2020-08,Durham Constabulary,Durham Constabulary,-1.608520,54.863502,On or near Station Lane,E01020618,County Durham 011F,Anti-social behaviour,,
c969cfbf9b496ed5dc317553de200a318f7d6fdfd8c17f90199f5cc3379da7d5,2020-08,Durham Constabulary,Durham Constabulary,-1.608520,54.863502,On or near Station Lane,E01020618,County Durham 011F,Criminal damage and arson,Further investigation is not in the public interest,
192cac80b75ca54b1ec73360b4bc838d1aeec0d803eaed68443a2df113ebcaef,2020-08,Durham Constabulary,Durham Constabulary,-1.608520,54.863502,On or near Station Lane,E01020618,County Durham 011F,Criminal damage and arson,Local resolution,
83916cc4833b24aac6b9bb2983b8df8b4c26e16d7f727a29e07152544d470b4e,2020-08,Durham Constabulary,Durham Constabulary,-1.609856,54.857530,On or near Briarwood Avenue,E01020618,County Durham 011F,Criminal damage and arson,Investigation complete; no suspect identified,
a1e6eff8c0973736b424f0e5ec4b8209e853a46e32f50bd3c3e7a342a26c714d,2020-08,Durham Constabulary,Durham Constabulary,-1.609822,54.857790,On or near Gardiner Crescent,E01020618,County Durham 011F,Public order,Unable to prosecute suspect,
b3124ec670825f8a78f987cce85f4e1c786c3509e95558e1f71236f17359d9d6,2020-08,Durham Constabulary,Durham Constabulary,-1.606369,54.855668,On or near Fellway,E01020618,County Durham 011F,Vehicle crime,Status update unavailable,
28de70d1e005b22198e7f6172a677a609c960d0fac4d50678362b4305456ae34,2020-08,Durham Constabulary,Durham Constabulary,-1.608520,54.863502,On or near Station Lane,E01020618,County Durham 011F,Vehicle crime,Investigation complete; no suspect identified,
a8aadfa58d11edc2bfe4a243516d8c7e4b78b0ef596d75e9e4d0ec533b518e6c,2020-08,Durham Constabulary,Durham Constabulary,-1.607592,54.854872,On or near Wordsworth Avenue,E01020618,County Durham 011F,Violence and sexual offences,Further action is not in the public interest,
137bc14f443536d5836994a4c69ca81435726f014e9a4e65ff4a6840849b06c5,2020-08,Durham Constabulary,Durham Constabulary,-1.605574,54.857283,On or near Poets Drive,E01020618,County Durham 011F,Violence and sexual offences,Unable to prosecute suspect,
3c946faa395977147e6df824d264fe6716a0ce7d47c8d4a940eba5968cf27289,2020-08,Durham Constabulary,Durham Constabulary,-1.611271,54.857714,On or near Valley Road,E01020618,County Durham 011F,Violence and sexual offences,Status update unavailable,
1a3322a3eddcb46b967815b2500dcbaf42db832baa507c58231ccdcede324ad0,2020-08,Durham Constabulary,Durham Constabulary,-1.609856,54.857530,On or near Briarwood Avenue,E01020618,County Durham 011F,Violence and sexual offences,Investigation complete; no suspect identified,
aa9aabc219a0dc1ba36850c22e20bda187e631312aa42c6a8c4920fe5ed4786b,2020-08,Durham Constabulary,Durham Constabulary,-1.611271,54.857714,On or near Valley Road,E01020618,County Durham 011F,Violence and sexual offences,Unable to prosecute suspect,
14c55e70a62b559ab9f1a8aadfc8f72ef83522fbc0e2d0ff2d260aa23b3a213c,2020-08,Durham Constabulary,Durham Constabulary,-1.609856,54.857530,On or near Briarwood Avenue,E01020618,County Durham 011F,Violence and sexual offences,Unable to prosecute suspect,
2395eaf9a264395494f315363ada12a3d30c47f4c17729182d4d07c91336c1fd,2020-08,Durham Constabulary,Durham Constabulary,-1.609822,54.857790,On or near Gardiner Crescent,E01020618,County Durham 011F,Violence and sexual offences,Local resolution,
c17fd47fae3b89dbf9787d97f7f4fc54228c46142442fc627ace4b8b5df69987,2020-08,Durham Constabulary,Durham Constabulary,-1.609822,54.857790,On or near Gardiner Crescent,E01020618,County Durham 011F,Violence and sexual offences,Local resolution,
,2020-08,Durham Constabulary,Durham Constabulary,-1.828735,54.841689,On or near Langdon Close,E01020650,County Durham 012A,Anti-social behaviour,,
,2020-08,Durham Constabulary,Durham Constabulary,-1.815670,54.845220,On or near Castledene Road,E01020650,County Durham 012A,Anti-social behaviour,,
,2020-08,Durham Constabulary,Durham Constabulary,-1.825972,54.843204,On or near Askrigg Close,E01020650,County Durham 012A,Anti-social behaviour,,
555e5a036fad213a89dd20c0d79fafaad873e2df18ae6c806c9f7a0d6d4a6340,2020-08,Durham Constabulary,Durham Constabulary,-1.812047,54.844019,On or near Lumley Drive,E01020650,County Durham 012A,Criminal damage and arson,Unable to prosecute suspect,
a10f019733c633a0202ffd367ea6d66973dc64a9faf6cdf799c08ba713dbb812,2020-08,Durham Constabulary,Durham Constabulary,-1.828735,54.841689,On or near Langdon Close,E01020650,County Durham 012A,Violence and sexual offences,Unable to prosecute suspect,
1872d1cbb2472423b6e51dd456ff7e86bb6856807d227aaac6343feb858ea11b,2020-08,Durham Constabulary,Durham Constabulary,-1.812047,54.844019,On or near Lumley Drive,E01020650,County Durham 012A,Violence and sexual offences,Action to be taken by another organisation,
39e953f864efad717cdb9ba362bde1c7b78f9f26dd2483592914b7b86de1a32a,2020-08,Durham Constabulary,Durham Constabulary,-1.828735,54.841689,On or near Langdon Close,E01020650,County Durham 012A,Violence and sexual offences,Unable to prosecute suspect,
e9d98ed206a7df5234db384a406ab945daa0362540794986e04caeb7f5f7f446,2020-08,Durham Constabulary,Durham Constabulary,-1.812047,54.844019,On or near Lumley Drive,E01020650,County Durham 012A,Violence and sexual offences,Unable to prosecute suspect,
0457d046e64a9206465e809399619593d7ae350c7582736c059d097a1456d07e,2020-08,Durham Constabulary,Durham Constabulary,-1.815517,54.844743,On or near Salem Avenue,E01020650,County Durham 012A,Violence and sexual offences,Local resolution,
,2020-08,Durham Constabulary,Durham Constabulary,-1.813166,54.841217,On or near Briar Dale,E01020651,County Durham 012B,Anti-social behaviour,,
,2020-08,Durham Constabulary,Durham Constabulary,-1.809472,54.841993,On or near Glenmore,E01020651,County Durham 012B,Anti-social behaviour,,
,2020-08,Durham Constabulary,Durham Constabulary,-1.817510,54.841179,On or near Delves Lane,E01020651,County Durham 012B,Anti-social behaviour,,
,2020-08,Durham Constabulary,Durham Constabulary,-1.816229,54.842255,On or near Chapel Drive,E01020651,County Durham 012B,Anti-social behaviour,,
e591af3f86438cc4a57b2120c7444a57a178a293fcf47f76e37cc5eeecfdd484,2020-08,Durham Constabulary,Durham Constabulary,-1.813166,54.841217,On or near Briar Dale,E01020651,County Durham 012B,Criminal damage and arson,Investigation complete; no suspect identified,
9820cdd4f7094b85f1d591cef6ad3f582bfda6b204253f6c69516b82c1a841ce,2020-08,Durham Constabulary,Durham Constabulary,-1.816214,54.838669,On or near Broadway,E01020651,County Durham 012B,Possession of weapons,Unable to prosecute suspect,
3b40491e88624353ebd63025f6247cf83e63aff2958cb20d93f38dcc35fd4156,2020-08,Durham Constabulary,Durham Constabulary,-1.816229,54.842255,On or near Chapel Drive,E01020651,County Durham 012B,Public order,Unable to prosecute suspect,
44d5be4a57d9e585bd70d30d68af44b6e524bfee07905b6abe9becd02be05606,2020-08,Durham Constabulary,Durham Constabulary,-1.817510,54.841179,On or near Delves Lane,E01020651,County Durham 012B,Violence and sexual offences,Investigation complete; no suspect identified,
6d0f084db7be901c3d57fc8044d0ec76a44554848146c86ccf7b2b7b312a9daf,2020-08,Durham Constabulary,Durham Constabulary,-1.812150,54.832031,On or near Butsfield Lane,E01020651,County Durham 012B,Violence and sexual offences,Unable to prosecute suspect,
,2020-08,Durham Constabulary,Durham Constabulary,-1.821671,54.847538,On or near Gloucester Road,E01020652,County Durham 012C,Anti-social behaviour,,
,2020-08,Durham Constabulary,Durham Constabulary,-1.817337,54.844989,On or near Pontop View,E01020652,County Durham 012C,Anti-social behaviour,,
,2020-08,Durham Constabulary,Durham Constabulary,-1.819522,54.851058,On or near Main Street,E01020652,County Durham 012C,Anti-social behaviour,,
,2020-08,Durham Constabulary,Durham Constabulary,-1.818714,54.843697,On or near Shafto Close,E01020652,County Durham 012C,Anti-social behaviour,,
a0fdce50d7db872105c5efaac15b701e2c30da4555336453e2f2ba55a69227c6,2020-08,Durham Constabulary,Durham Constabulary,-1.819298,54.845252,On or near Sports/Recreation Area,E01020652,County Durham 012C,Other theft,Investigation complete; no suspect identified,
c7c901075df561a8ad71b9c544b357a7b2eb20526301c0cb64252c421760ab48,2020-08,Durham Constabulary,Durham Constabulary,-1.815294,54.849191,On or near Sports/Recreation Area,E01020652,County Durham 012C,Other theft,Unable to prosecute suspect,
a7e22389dc76bf29d7cb07eca4f21975c41352cdb36c52ac06d3c881d1fb7537,2020-08,Durham Constabulary,Durham Constabulary,-1.818714,54.843697,On or near Shafto Close,E01020652,County Durham 012C,Public order,Local resolution,
9229e9d03a044c5f08e1e1742ce7ab5e84e7491b9a3fc5c960e287fdad24b78b,2020-08,Durham Constabulary,Durham Constabulary,-1.817337,54.844989,On or near Pontop View,E01020652,County Durham 012C,Public order,Unable to prosecute suspect,
b8bd1525eae77f2107e3c8e0e53d39b04681f88265e85a02b8e939caa15ac3de,2020-08,Durham Constabulary,Durham Constabulary,-1.818720,54.845808,On or near Stockerley Road,E01020652,County Durham 012C,Violence and sexual offences,Unable to prosecute suspect,
852c57ec8983fd4c89e56e8b573b643097f1b80e462c35882d2dcf8288c1dc1c,2020-08,Durham Constabulary,Durham Constabulary,-1.815294,54.849191,On or near Sports/Recreation Area,E01020652,County Durham 012C,Violence and sexual offences,Local resolution,
5a3390c54ccc5dc3698bf09516e05a2f84805e5c320982c8d84a43168268eb35,2020-08,Durham Constabulary,Durham Constabulary,-1.819648,54.847266,On or near Delvedere,E01020652,County Durham 012C,Violence and sexual offences,Unable to prosecute suspect,
fbc32440578da7d354bc5adbb13602a47fa9c583b142c5ae3bac5ea14c69d462,2020-08,Durham Constabulary,Durham Constabulary,-1.821203,54.847789,On or near Gloucester Road,E01020652,County Durham 012C,Violence and sexual offences,Unable to prosecute suspect,
f8cd5a3e19c12c1538b43e2b0695ebf71a3f56f80f27a1c441ac038f0315919c,2020-08,Durham Constabulary,Durham Constabulary,-1.819648,54.847266,On or near Delvedere,E01020652,County Durham 012C,Violence and sexual offences,Unable to prosecute suspect,
f4a5478ffd24933cfd841c51678777d0c5c9f3326a67500a6a93fb8ba27428d2,2020-08,Durham Constabulary,Durham Constabulary,-1.817337,54.844989,On or near Pontop View,E01020652,County Durham 012C,Violence and sexual offences,Investigation complete; no suspect identified,
2b874652e607bbff133ea586ee1af7b278593a74a18884695ee5fa848a05766d,2020-08,Durham Constabulary,Durham Constabulary,-1.818714,54.843697,On or near Shafto Close,E01020652,County Durham 012C,Other crime,Further investigation is not in the public interest,
,2020-08,Durham Constabulary,Durham Constabulary,-1.809573,54.860245,On or near Church Street,E01020668,County Durham 012D,Anti-social behaviour,,
,2020-08,Durham Constabulary,Durham Constabulary,-1.808107,54.860503,On or near Tindale Street,E01020668,County Durham 012D,Anti-social behaviour,,
fbb20bb6c287dec213f71264dd17a8506a975048e4d2b34a45748baf988a29c3,2020-08,Durham Constabulary,Durham Constabulary,-1.803404,54.860235,On or near St Ives Gardens,E01020668,County Durham 012D,Burglary,Investigation complete; no suspect identified,
3f60ba74e0f2ce8c937a7da73d7ed26973498996e7a9c2b47f0328c7f673762f,2020-08,Durham Constabulary,Durham Constabulary,-1.808281,54.860018,On or near South Cross Street,E01020668,County Durham 012D,Burglary,Investigation complete; no suspect identified,
04ec63eca2a455387ab3c2f4a672ce4eeff47a2fb4334ca5ad8186367553d5ec,2020-08,Durham Constabulary,Durham Constabulary,-1.809668,54.859948,On or near Bradley Street,E01020668,County Durham 012D,Public order,Court result unavailable,
1dc70c5e24ad70edbef5ebf675bc07d647b1126addc9f8617b9283d6831dd086,2020-08,Durham Constabulary,Durham Constabulary,-1.809668,54.859948,On or near Bradley Street,E01020668,County Durham 012D,Public order,Unable to prosecute suspect,
ecb1fe36c8312700b396eede2cb9dbd371ecac82304001f31cc1bd042b7bd597,2020-08,Durham Constabulary,Durham Constabulary,-1.806616,54.859575,On or near Supermarket,E01020668,County Durham 012D,Shoplifting,Investigation complete; no suspect identified,
6f3ddfc1e58981521f350ba4cbca48f452f023f9f757fce7610a86d320386508,2020-08,Durham Constabulary,Durham Constabulary,-1.806616,54.859575,On or near Supermarket,E01020668,County Durham 012D,Shoplifting,Investigation complete; no suspect identified,
053792069c0f1da0da7fb02bd1e3e16d58dbf5b5a18ba1692dc2e3c013f7e68a,2020-08,Durham Constabulary,Durham Constabulary,-1.806616,54.859575,On or near Supermarket,E01020668,County Durham 012D,Shoplifting,Court result unavailable,
f8f42dda4ad0d06e363a36c089a925f2450cae3b5b8ecd433570e94c41f82c8b,2020-08,Durham Constabulary,Durham Constabulary,-1.806616,54.859575,On or near Supermarket,E01020668,County Durham 012D,Shoplifting,Investigation complete; no suspect identified,
7b171063b748610a0f6ddf40bf48db22ab4fcd2d3564701430cd3090b56aed9b,2020-08,Durham Constabulary,Durham Constabulary,-1.806616,54.859575,On or near Supermarket,E01020668,County Durham 012D,Shoplifting,Investigation complete; no suspect identified,
05769396b2ede1e80ed79b6f90cd7dde7afab96eee8f76133fb2bf3bf999d85c,2020-08,Durham Constabulary,Durham Constabulary,-1.809668,54.859948,On or near Bradley Street,E01020668,County Durham 012D,Violence and sexual offences,Unable to prosecute suspect,
e24906cb9d93d49aff2ad6c6020cb7232649c0fa83e6f5f9e3ace041c07c7756,2020-08,Durham Constabulary,Durham Constabulary,-1.804213,54.857279,On or near Alder Grove,E01020668,County Durham 012D,Violence and sexual offences,Investigation complete; no suspect identified,
03a8bd99e6bf59d96771089fff6207c6e3bfc8f18e6df4f96b1a0ec9e02b8873,2020-08,Durham Constabulary,Durham Constabulary,-1.809668,54.859948,On or near Bradley Street,E01020668,County Durham 012D,Violence and sexual offences,Unable to prosecute suspect,
945b220cd6f0990dab03d8e57b41ba107d971ad733f249796954330647b2a50d,2020-08,Durham Constabulary,Durham Constabulary,-1.808471,54.859299,On or near Front Street,E01020668,County Durham 012D,Violence and sexual offences,Unable to prosecute suspect,
f6cea0d1624200e30246ae925bc45d5f85d3ce3835ab253b8b023e7a70e9afbe,2020-08,Durham Constabulary,Durham Constabulary,-1.803379,54.855858,On or near Willow Crescent,E01020668,County Durham 012D,Violence and sexual offences,Unable to prosecute suspect,
3862e4428844488eb687db349d4309e7ee3a56a31f479f9506151bb0e5f7bf21,2020-08,Durham Constabulary,Durham Constabulary,-1.805486,54.858180,On or near Sports/Recreation Area,E01020668,County Durham 012D,Violence and sexual offences,Investigation complete; no suspect identified,
942d4dbec140b24d1b04bdd5b3e40bf886d5985aa2e4114588a3b1b2a60a6192,2020-08,Durham Constabulary,Durham Constabulary,-1.809573,54.860245,On or near Church Street,E01020668,County Durham 012D,Violence and sexual offences,Investigation complete; no suspect identified,
bda9c07e3a24b0cffcefc540217a75ad12e892c64aba01333e072ed9876c47e7,2020-08,Durham Constabulary,Durham Constabulary,-1.808471,54.859299,On or near Front Street,E01020668,County Durham 012D,Violence and sexual offences,Unable to prosecute suspect,
985d3a48cc02da814308adf9c886d30f9e8bd7d4ee70bf8fb50aede8ec54cccc,2020-08,Durham Constabulary,Durham Constabulary,-1.809668,54.859948,On or near Bradley Street,E01020668,County Durham 012D,Violence and sexual offences,Court result unavailable,
c89730ba5a84267f03dfe711e93bc5962fa57ffdec231ca5cb983a01c46c8436,2020-08,Durham Constabulary,Durham Constabulary,-1.808471,54.859299,On or near Front Street,E01020668,County Durham 012D,Violence and sexual offences,Unable to prosecute suspect,
2486d22ea694820f5bd5f96efff6c44e101957ae4fc2faedfffc3bd7e333be36,2020-08,Durham Constabulary,Durham Constabulary,-1.803379,54.855858,On or near Willow Crescent,E01020668,County Durham 012D,Other crime,Local resolution,
,2020-08,Durham Constabulary,Durham Constabulary,-1.802588,54.864709,On or near Eden Avenue,E01020669,County Durham 012E,Anti-social behaviour,,
,2020-08,Durham Constabulary,Durham Constabulary,-1.800347,54.864076,On or near Tweed Avenue,E01020669,County Durham 012E,Anti-social behaviour,,
,2020-08,Durham Constabulary,Durham Constabulary,-1.802558,54.858095,On or near Parking Area,E01020669,County Durham 012E,Anti-social behaviour,,
,2020-08,Durham Constabulary,Durham Constabulary,-1.802558,54.858095,On or near Parking Area,E01020669,County Durham 012E,Anti-social behaviour,,
940083a1a8cbfa965ef8233543ac90d2c41689884e4dae245b59e6a104ddcfd3,2020-08,Durham Constabulary,Durham Constabulary,-1.799791,54.856850,On or near Dunelm Close,E01020669,County Durham 012E,Criminal damage and arson,Unable to prosecute suspect,
05768c8eb44870371ebb664cee812a8292d8e50d82317d7b25033810a6cb8f9e,2020-08,Durham Constabulary,Durham Constabulary,-1.788369,54.842695,On or near Woodside Bank,E01020669,County Durham 012E,Drugs,Offender given a drugs possession warning,
6915d5f11bb0387a3401712a30d63a13e8d12972338e4cbdc9fbcc17ad45ef12,2020-08,Durham Constabulary,Durham Constabulary,-1.784810,54.847389,On or near Whitehall Lane,E01020669,County Durham 012E,Public order,Unable to prosecute suspect,
7b2f565033a20fadb2e18b8709d7825c658170aca88727455ff2d7da93876d2e,2020-08,Durham Constabulary,Durham Constabulary,-1.800728,54.856348,On or near Dunelm Walk,E01020669,County Durham 012E,Violence and sexual offences,Unable to prosecute suspect,
a6492ce858c8b2665ed9f7b0923835d8651e4b4fb23f31c8fd05f38015416e14,2020-08,Durham Constabulary,Durham Constabulary,-1.802588,54.864709,On or near Eden Avenue,E01020669,County Durham 012E,Violence and sexual offences,Local resolution,
2d253c6fffe421bb3be546ca74885508fb1c787636698f8fb70f6ce4182c6f39,2020-08,Durham Constabulary,Durham Constabulary,-1.802588,54.864709,On or near Eden Avenue,E01020669,County Durham 012E,Violence and sexual offences,Unable to prosecute suspect,
c7f28fc8f68412d0a14e84ce173bbb02a97e1f0ed1ccad0d5a2824bc4a200aa1,2020-08,Durham Constabulary,Durham Constabulary,-1.800347,54.864076,On or near Tweed Avenue,E01020669,County Durham 012E,Violence and sexual offences,Unable to prosecute suspect,
25b48555e71d459826491f83815840f343f1bf4924587ee8c7fa4d484b75dc46,2020-08,Durham Constabulary,Durham Constabulary,-1.800347,54.864076,On or near Tweed Avenue,E01020669,County Durham 012E,Violence and sexual offences,Unable to prosecute suspect,
b4d3d0427d6ba943c1ed2c50f069fe40c5649836b7f3f9fcfc584163ee7aeecd,2020-08,Durham Constabulary,Durham Constabulary,-1.800347,54.864076,On or near Tweed Avenue,E01020669,County Durham 012E,Violence and sexual offences,Unable to prosecute suspect,
8e60b3bda8832bc3df5b74507e0fcdb233e88151acbb5b7dd8068f8c4decc548,2020-08,Durham Constabulary,Durham Constabulary,-1.802558,54.858095,On or near Parking Area,E01020669,County Durham 012E,Violence and sexual offences,Action to be taken by another organisation,
61c45b6c1eceae0402bf463887119f51a2af2823592d3af2cd7acfb0153894cd,2020-08,Durham Constabulary,Durham Constabulary,-1.802558,54.858095,On or near Parking Area,E01020669,County Durham 012E,Violence and sexual offences,Action to be taken by another organisation,
d6f9e565a4b681e1b8bebc7159759f9e9e483ddeaec8362ea1e8f6042c6966de,2020-08,Durham Constabulary,Durham Constabulary,-1.794146,54.861208,On or near A692,E01020669,County Durham 012E,Violence and sexual offences,Unable to prosecute suspect,
a18fe81b5f82c2c3d6d3db083a9e7f32dde8e00db792c44c81f8e8cc88601093,2020-08,Durham Constabulary,Durham Constabulary,-1.802558,54.858095,On or near Parking Area,E01020669,County Durham 012E,Other crime,Further investigation is not in the public interest,
cf8a2b86cf82436b193cb30bd33413027466c850f85c3950279131acc50ca20f,2020-08,Durham Constabulary,Durham Constabulary,-1.802558,54.858095,On or near Parking Area,E01020669,County Durham 012E,Other crime,Further investigation is not in the public interest,
,2020-08,Durham Constabulary,Durham Constabulary,-1.574997,54.849838,On or near Baden Street,E01020594,County Durham 013A,Anti-social behaviour,,
,2020-08,Durham Constabulary,Durham Constabulary,-1.572772,54.852526,On or near Parking Area,E01020594,County Durham 013A,Anti-social behaviour,,
,2020-08,Durham Constabulary,Durham Constabulary,-1.574928,54.850448,On or near Relton Terrace,E01020594,County Durham 013A,Anti-social behaviour,,
,2020-08,Durham Constabulary,Durham Constabulary,-1.573302,54.854037,On or near Shopping Area,E01020594,County Durham 013A,Anti-social behaviour,,
,2020-08,Durham Constabulary,Durham Constabulary,-1.576425,54.851721,On or near Lynn Street,E01020594,County Durham 013A,Anti-social behaviour,,
,2020-08,Durham Constabulary,Durham Constabulary,-1.576425,54.851721,On or near Lynn Street,E01020594,County Durham 013A,Anti-social behaviour,,
0d2b31fb300a95caef2dcadbfa42ca2fe7dc09c29b96326da81d4b34ecc9d843,2020-08,Durham Constabulary,Durham Constabulary,-1.571964,54.850923,On or near Lumley Terrace,E01020594,County Durham 013A,Burglary,Investigation complete; no suspect identified,
369771b6bb55c018e9dc74d7cd3e3af8a85cd10fdc743171c13bf7aca09d2936,2020-08,Durham Constabulary,Durham Constabulary,-1.572772,54.852526,On or near Parking Area,E01020594,County Durham 013A,Criminal damage and arson,Investigation complete; no suspect identified,
eab11a3399ee630acac68681022d2c1c179e62c03b59416a93944f98b866fc96,2020-08,Durham Constabulary,Durham Constabulary,-1.574997,54.849838,On or near Baden Street,E01020594,County Durham 013A,Criminal damage and arson,Unable to prosecute suspect,
bfc3a4f62fd239118550a22f989956caa26f089df5feada98f3de8dd4e54b697,2020-08,Durham Constabulary,Durham Constabulary,-1.572772,54.852526,On or near Parking Area,E01020594,County Durham 013A,Criminal damage and arson,Court result unavailable,
7cad36120fc662eeb5dbae2b7e32d1dd9e10f2d977ae83f7f62eefd7a8861c2f,2020-08,Durham Constabulary,Durham Constabulary,-1.572772,54.852526,On or near Parking Area,E01020594,County Durham 013A,Other theft,Unable to prosecute suspect,
b0c21f1195fbcb8c35dabf31aae165ba32a2db19e6911e036992fd450d9398e3,2020-08,Durham Constabulary,Durham Constabulary,-1.574997,54.849838,On or near Baden Street,E01020594,County Durham 013A,Public order,Unable to prosecute suspect,
8235a5741f712e9e75d0424d119e30e1dc6ade1ac57bff598d10032e72067448,2020-08,Durham Constabulary,Durham Constabulary,-1.572772,54.852526,On or near Parking Area,E01020594,County Durham 013A,Public order,Court result unavailable,
5efaaea3da652ce443f859b7a86894a79e3acee00aa73f2d43534610488a07f3,2020-08,Durham Constabulary,Durham Constabulary,-1.576593,54.852072,On or near Hemel Street,E01020594,County Durham 013A,Public order,Unable to prosecute suspect,
c2e06a057632a8ac922d59c1baa65a1b9ff8dcde5acc9c719f9cb278bc5c02e2,2020-08,Durham Constabulary,Durham Constabulary,-1.573608,54.854551,On or near Front Street,E01020594,County Durham 013A,Shoplifting,Unable to prosecute suspect,
25d58bc162902f8eb8f46c61de7825d93c059cc6de1cbfd20308ad67ad563c94,2020-08,Durham Constabulary,Durham Constabulary,-1.576492,54.851352,On or near Thomas Street,E01020594,County Durham 013A,Vehicle crime,Unable to prosecute suspect,
1dad7445f1bfcd4777e5cfa1f08245185dcc2cdde5b995cfbee83387acd0c406,2020-08,Durham Constabulary,Durham Constabulary,-1.572772,54.852526,On or near Parking Area,E01020594,County Durham 013A,Violence and sexual offences,Investigation complete; no suspect identified,
b2967aeca0978726658a3ec8555f07058d278681e8a18d9c4bb97703d2abbbd7,2020-08,Durham Constabulary,Durham Constabulary,-1.576492,54.851352,On or near Thomas Street,E01020594,County Durham 013A,Violence and sexual offences,Local resolution,
6294be884b08103197c82a4bd13dc8de6c450ff95a12c1b916beac0e91cbab74,2020-08,Durham Constabulary,Durham Constabulary,-1.573302,54.854037,On or near Shopping Area,E01020594,County Durham 013A,Violence and sexual offences,Unable to prosecute suspect,
8c2f9821e10d5b8fbe90afe4e80ecfb249fdfb8b6ba1722ec427cb7f66c81eb2,2020-08,Durham Constabulary,Durham Constabulary,-1.575884,54.848421,On or near Ripon Street,E01020594,County Durham 013A,Violence and sexual offences,Unable to prosecute suspect,
94ea03059e37fc95f227c608483d2be8e51e28ebeb5a4d9727bc2395d1971c4b,2020-08,Durham Constabulary,Durham Constabulary,-1.572772,54.852526,On or near Parking Area,E01020594,County Durham 013A,Violence and sexual offences,Investigation complete; no suspect identified,
7ab80431ac4c3c512a7aa247bc2ca8cadb6eb2c9ccec34e0cd8965aa0b3d2810,2020-08,Durham Constabulary,Durham Constabulary,-1.572772,54.852526,On or near Parking Area,E01020594,County Durham 013A,Violence and sexual offences,Unable to prosecute suspect,
be4eb6c104ab77de152f9c3f4b403b3989291f8bd3b2be00740a664dae6c0164,2020-08,Durham Constabulary,Durham Constabulary,-1.572772,54.852526,On or near Parking Area,E01020594,County Durham 013A,Violence and sexual offences,Local resolution,
a8eae3929c764eed30c84aa45ab1ab89194536f1f0a01e519358f6d38d636811,2020-08,Durham Constabulary,Durham Constabulary,-1.574388,54.849961,On or near Ramsey Street,E01020594,County Durham 013A,Violence and sexual offences,Unable to prosecute suspect,
4b0db506f354b5a69b99c5cf36f070ead1d5c0a51d247f0195f78f5ae17d340f,2020-08,Durham Constabulary,Durham Constabulary,-1.575204,54.847933,On or near Orchard Terrace,E01020594,County Durham 013A,Violence and sexual offences,Unable to prosecute suspect,
9517ab13747c0eefd317f9952c672fdaf6be35db6f970af320a74eed5f77eff8,2020-08,Durham Constabulary,Durham Constabulary,-1.572772,54.852526,On or near Parking Area,E01020594,County Durham 013A,Other crime,Offender given penalty notice,
,2020-08,Durham Constabulary,Durham Constabulary,-1.563558,54.851963,On or near Pedestrian Subway,E01020595,County Durham 013B,Anti-social behaviour,,
,2020-08,Durham Constabulary,Durham Constabulary,-1.573074,54.854962,On or near High Chare,E01020595,County Durham 013B,Anti-social behaviour,,
,2020-08,Durham Constabulary,Durham Constabulary,-1.572879,54.855725,On or near Middle Chare,E01020595,County Durham 013B,Anti-social behaviour,,
,2020-08,Durham Constabulary,Durham Constabulary,-1.566215,54.851056,On or near Plantagenet Avenue,E01020595,County Durham 013B,Anti-social behaviour,,
,2020-08,Durham Constabulary,Durham Constabulary,-1.566732,54.852289,On or near Queens Park,E01020595,County Durham 013B,Anti-social behaviour,,
,2020-08,Durham Constabulary,Durham Constabulary,-1.559939,54.851033,On or near Sports/Recreation Area,E01020595,County Durham 013B,Anti-social behaviour,,
,2020-08,Durham Constabulary,Durham Constabulary,-1.563558,54.851963,On or near Pedestrian Subway,E01020595,County Durham 013B,Anti-social behaviour,,
e76013da4308aca44c24fc006912ca692a654125f5e569136c65aa15d91479fe,2020-08,Durham Constabulary,Durham Constabulary,-1.568665,54.849213,On or near Beverley Gardens,E01020595,County Durham 013B,Criminal damage and arson,Investigation complete; no suspect identified,
603f23817a15d44b6afd1d0a02c17fba48414baf94758fd884d294953b99f82a,2020-08,Durham Constabulary,Durham Constabulary,-1.559939,54.851033,On or near Sports/Recreation Area,E01020595,County Durham 013B,Other theft,Investigation complete; no suspect identified,
260830b84fa7fe2ad817352bc20e55037080cb8f90417830ad5dc8e9ab73e40e,2020-08,Durham Constabulary,Durham Constabulary,-1.573074,54.854962,On or near High Chare,E01020595,County Durham 013B,Other theft,Unable to prosecute suspect,
646e317ddd2d3fb68c3f791bd47f1f97c63775218772e865f8f06746defc96f9,2020-08,Durham Constabulary,Durham Constabulary,-1.563558,54.851963,On or near Pedestrian Subway,E01020595,County Durham 013B,Public order,Action to be taken by another organisation,
7f15d322d50d6f0a3d01debc56362e2afa2a2277af48eb986837630d63851e9f,2020-08,Durham Constabulary,Durham Constabulary,-1.571139,54.849366,On or near York Terrace,E01020595,County Durham 013B,Public order,Unable to prosecute suspect,
84202a44f35130ddd55816c0ff47cb99459a475bc9b0667b88d292ca953321bd,2020-08,Durham Constabulary,Durham Constabulary,-1.572817,54.857172,On or near Parking Area,E01020595,County Durham 013B,Shoplifting,Investigation complete; no suspect identified,
d50b9297bbf592eeb27b1bb81e611312a4ae5103fbde6a4448e24e4c10151ae3,2020-08,Durham Constabulary,Durham Constabulary,-1.574471,54.846520,On or near Durham Road,E01020595,County Durham 013B,Violence and sexual offences,Investigation complete; no suspect identified,
9094f7d01f0fca17242e0d9fe184e73ba4ac2dc225a49dd3b31c6909bb95333f,2020-08,Durham Constabulary,Durham Constabulary,-1.564019,54.848181,On or near Bradman Drive,E01020595,County Durham 013B,Violence and sexual offences,Unable to prosecute suspect,
4713f2365859c05f6c6d90af61353e90e80111b1ec8231b8c5c8a43a4b5882a1,2020-08,Durham Constabulary,Durham Constabulary,-1.572479,54.847852,On or near Jolliffe Street,E01020595,County Durham 013B,Violence and sexual offences,Unable to prosecute suspect,
d3613f5fbea96ce9e2eaac125d8f49fb0d59c6199d916bcd65a4df7d1b198280,2020-08,Durham Constabulary,Durham Constabulary,-1.564019,54.848181,On or near Bradman Drive,E01020595,County Durham 013B,Violence and sexual offences,Unable to prosecute suspect,
,2020-08,Durham Constabulary,Durham Constabulary,-1.586235,54.847414,On or near Leven Avenue,E01020600,County Durham 013C,Anti-social behaviour,,
,2020-08,Durham Constabulary,Durham Constabulary,-1.584346,54.847839,On or near Strangford Avenue,E01020600,County Durham 013C,Anti-social behaviour,,
aa12ad419ea4a233fbd1f8ffa23d70de860049947c26405a8fced98ecbda6e91,2020-08,Durham Constabulary,Durham Constabulary,-1.579106,54.848585,On or near Buttermere Close,E01020600,County Durham 013C,Burglary,Unable to prosecute suspect,
12f6e830c33c144ee07e059bc8ec5e9d9e45740434ef57b3946edef062a5ffb2,2020-08,Durham Constabulary,Durham Constabulary,-1.586235,54.847414,On or near Leven Avenue,E01020600,County Durham 013C,Other theft,Investigation complete; no suspect identified,
57c70e38bfa396e398e33be3c439617388f4ff0a9767cbf5e0dfe60dc5a4de38,2020-08,Durham Constabulary,Durham Constabulary,-1.583472,54.848034,On or near Carlingford Road,E01020600,County Durham 013C,Other theft,Investigation complete; no suspect identified,
b4cc6f4eff78d1f1a641c97c347c2a8c853b00c2cfb5111fb9d668073f769d2a,2020-08,Durham Constabulary,Durham Constabulary,-1.579106,54.848585,On or near Buttermere Close,E01020600,County Durham 013C,Possession of weapons,Court result unavailable,
c6be250d252a96dead3506b02000aab7be69d1b0df0c8ef8c43eb61339c51161,2020-08,Durham Constabulary,Durham Constabulary,-1.579106,54.848585,On or near Buttermere Close,E01020600,County Durham 013C,Violence and sexual offences,Further investigation is not in the public interest,
6164e019342d4116acce01fbba93b4250020fd1891662e643eeb6075136e2288,2020-08,Durham Constabulary,Durham Constabulary,-1.587151,54.844631,On or near Hermitage Gardens,E01020600,County Durham 013C,Violence and sexual offences,Unable to prosecute suspect,
32058d98761dab98c3ef6a92389358b84ae0a38a67fbfcf6a0f46dd3b647975a,2020-08,Durham Constabulary,Durham Constabulary,-1.579106,54.848585,On or near Buttermere Close,E01020600,County Durham 013C,Violence and sexual offences,Unable to prosecute suspect,
36d70a99a4eebf5bc2127e1304ac0a10b1f927e8e83031786e7cd4f8480d5f43,2020-08,Durham Constabulary,Durham Constabulary,-1.591493,54.846488,On or near Portland Close,E01020603,County Durham 013D,Violence and sexual offences,Unable to prosecute suspect,
465225dbbe95ebf93d127a10b35f9026acf405d893e8aabf6a31d5d61f9d1454,2020-08,Durham Constabulary,Durham Constabulary,-1.591493,54.846488,On or near Portland Close,E01020603,County Durham 013D,Violence and sexual offences,Unable to prosecute suspect,
74c1db91a5721d0290878fca2f7afa6bc8cfc3ad77e1503d736843ea666f4287,2020-08,Durham Constabulary,Durham Constabulary,-1.591493,54.846488,On or near Portland Close,E01020603,County Durham 013D,Violence and sexual offences,Unable to prosecute suspect,
29f5d925c8b25c0b3e2cd7e6ee537c3159a7dc3db2b543a5281ade5cf4c86355,2020-08,Durham Constabulary,Durham Constabulary,-1.592314,54.846904,On or near Redesdale Road,E01020605,County Durham 013E,Criminal damage and arson,Investigation complete; no suspect identified,
99bb2c618bd85541269c2a0b118efd5c5cf2c3e011499a86bf8c8ecdfb50b6f8,2020-08,Durham Constabulary,Durham Constabulary,-1.595024,54.849987,On or near Glanton Close,E01020605,County Durham 013E,Public order,Unable to prosecute suspect,
5a9f165a364cbc4434d0a336972994df99279f76650a58f81748a471e77121b1,2020-08,Durham Constabulary,Durham Constabulary,-1.593338,54.848822,On or near Fenton Close,E01020605,County Durham 013E,Violence and sexual offences,Unable to prosecute suspect,
,2020-08,Durham Constabulary,Durham Constabulary,-1.858464,54.862773,On or near Gill Side View,E01020630,County Durham 014A,Anti-social behaviour,,
,2020-08,Durham Constabulary,Durham Constabulary,-1.858464,54.862773,On or near Gill Side View,E01020630,County Durham 014A,Anti-social behaviour,,
,2020-08,Durham Constabulary,Durham Constabulary,-1.858464,54.862773,On or near Gill Side View,E01020630,County Durham 014A,Anti-social behaviour,,
,2020-08,Durham Constabulary,Durham Constabulary,-1.860229,54.861446,On or near Chaytor Road,E01020630,County Durham 014A,Anti-social behaviour,,
,2020-08,Durham Constabulary,Durham Constabulary,-1.861303,54.861662,On or near The Crescent,E01020630,County Durham 014A,Anti-social behaviour,,
,2020-08,Durham Constabulary,Durham Constabulary,-1.861303,54.861662,On or near The Crescent,E01020630,County Durham 014A,Anti-social behaviour,,
cd7c92270afc7b3a2efb06b3bf5ac10627458b29bd364eb81bb94459e92bdd12,2020-08,Durham Constabulary,Durham Constabulary,-1.861303,54.861662,On or near The Crescent,E01020630,County Durham 014A,Criminal damage and arson,Investigation complete; no suspect identified,
4b6e2d1b3269843cf5c25f32c1cacd00414f17451af946777a48a30826b00fe3,2020-08,Durham Constabulary,Durham Constabulary,-1.869124,54.861617,On or near Parking Area,E01020630,County Durham 014A,Violence and sexual offences,Unable to prosecute suspect,
2e4ed34fd03a9cc2c58027395b6777ac3114199f3b7f60e102758828b3148ed9,2020-08,Durham Constabulary,Durham Constabulary,-1.859792,54.861544,On or near Backstone Road,E01020630,County Durham 014A,Violence and sexual offences,Unable to prosecute suspect,
e799dc02512306280b6b51e757985e02613f6c678115634d8e4d87c546870125,2020-08,Durham Constabulary,Durham Constabulary,-1.859792,54.861544,On or near Backstone Road,E01020630,County Durham 014A,Violence and sexual offences,Unable to prosecute suspect,
,2020-08,Durham Constabulary,Durham Constabulary,-1.848080,54.856587,On or near Bridge Street,E01020631,County Durham 014B,Anti-social behaviour,,
,2020-08,Durham Constabulary,Durham Constabulary,-1.847404,54.858240,On or near Turner Street,E01020631,County Durham 014B,Anti-social behaviour,,
,2020-08,Durham Constabulary,Durham Constabulary,-1.849579,54.859878,On or near Church Road,E01020631,County Durham 014B,Anti-social behaviour,,
,2020-08,Durham Constabulary,Durham Constabulary,-1.856930,54.860282,On or near Cortland Road,E01020631,County Durham 014B,Anti-social behaviour,,
438b59b06970b2264c35ab7d66547fd4acf1aca1c8585bc5ea17f26a3c4986a3,2020-08,Durham Constabulary,Durham Constabulary,-1.855895,54.857954,On or near Highridge,E01020631,County Durham 014B,Criminal damage and arson,Further action is not in the public interest,
32ba3c41ece234fd1945b5d08d3d05996011e582e82c40d611cdf43767fb42d9,2020-08,Durham Constabulary,Durham Constabulary,-1.856930,54.860282,On or near Cortland Road,E01020631,County Durham 014B,Drugs,Further investigation is not in the public interest,
795f31c8fee63a581e0e486aa47ec3cffb2d9b5ed9dcd4bd15bad12ffc2b23a9,2020-08,Durham Constabulary,Durham Constabulary,-1.855895,54.857954,On or near Highridge,E01020631,County Durham 014B,Public order,Further action is not in the public interest,
9d725a95865e594157bc1bd6d1f4d0a04dcceef1bafc32ad3a1285a072b3b251,2020-08,Durham Constabulary,Durham Constabulary,-1.852189,54.857671,On or near Hillfield,E01020631,County Durham 014B,Violence and sexual offences,Unable to prosecute suspect,
272c9061292fe80d9e9255d0a84c08587bf0438247772da5fa7ef13f2c576e35,2020-08,Durham Constabulary,Durham Constabulary,-1.856930,54.860282,On or near Cortland Road,E01020631,County Durham 014B,Violence and sexual offences,Investigation complete; no suspect identified,
9bcc24657d82ea9e7a7b94497e9056920470fb271691961ed13524e99a037c30,2020-08,Durham Constabulary,Durham Constabulary,-1.855895,54.857954,On or near Highridge,E01020631,County Durham 014B,Violence and sexual offences,Unable to prosecute suspect,
af857da05a74daf64258def6f4c9904633291288a3f76f7f4add691d660e0b45,2020-08,Durham Constabulary,Durham Constabulary,-1.856930,54.860282,On or near Cortland Road,E01020631,County Durham 014B,Violence and sexual offences,Investigation complete; no suspect identified,
6889883bb8bb1506fd8b7074897a89331457f53ff12c399a68257d62f54f5d59,2020-08,Durham Constabulary,Durham Constabulary,-1.852189,54.857671,On or near Hillfield,E01020631,County Durham 014B,Violence and sexual offences,Unable to prosecute suspect,
503d8c13cdb78447d9ef97aa815dbd85272bef96664aa97ae96d4d1027a2fed0,2020-08,Durham Constabulary,Durham Constabulary,-1.852189,54.857671,On or near Hillfield,E01020631,County Durham 014B,Violence and sexual offences,Investigation complete; no suspect identified,
,2020-08,Durham Constabulary,Durham Constabulary,-1.881118,54.846191,On or near Allensford Bank,E01020637,County Durham 014C,Anti-social behaviour,,
,2020-08,Durham Constabulary,Durham Constabulary,-1.844877,54.830810,On or near Knitsley Lane,E01020637,County Durham 014C,Anti-social behaviour,,
,2020-08,Durham Constabulary,Durham Constabulary,-1.844877,54.830810,On or near Knitsley Lane,E01020637,County Durham 014C,Anti-social behaviour,,
,2020-08,Durham Constabulary,Durham Constabulary,-1.881118,54.846191,On or near Allensford Bank,E01020637,County Durham 014C,Anti-social behaviour,,
,2020-08,Durham Constabulary,Durham Constabulary,-1.881118,54.846191,On or near Allensford Bank,E01020637,County Durham 014C,Anti-social behaviour,,
,2020-08,Durham Constabulary,Durham Constabulary,-1.925309,54.831524,On or near Park/Open Space,E01020637,County Durham 014C,Anti-social behaviour,,
,2020-08,Durham Constabulary,Durham Constabulary,-1.881118,54.846191,On or near Allensford Bank,E01020637,County Durham 014C,Anti-social behaviour,,
be9817f97e8d519d5c5b3c55c59d2efd799766349893acfdec8ad3e0fbd01cf2,2020-08,Durham Constabulary,Durham Constabulary,-1.874053,54.834636,On or near Consett Road,E01020637,County Durham 014C,Robbery,Unable to prosecute suspect,
81fd7d578163f092b69bb1bcd08011f425079b1bbbc85f9fb4cd37b974e750f0,2020-08,Durham Constabulary,Durham Constabulary,-1.881118,54.846191,On or near Allensford Bank,E01020637,County Durham 014C,Violence and sexual offences,Unable to prosecute suspect,
,2020-08,Durham Constabulary,Durham Constabulary,-1.856573,54.846829,On or near Oakfield Lane,E01020644,County Durham 014D,Anti-social behaviour,,
,2020-08,Durham Constabulary,Durham Constabulary,-1.840002,54.851086,On or near Generation Place,E01020644,County Durham 014D,Anti-social behaviour,,
,2020-08,Durham Constabulary,Durham Constabulary,-1.845517,54.854859,On or near Fenwick Way,E01020644,County Durham 014D,Anti-social behaviour,,
,2020-08,Durham Constabulary,Durham Constabulary,-1.842537,54.851979,On or near Genesis Way,E01020644,County Durham 014D,Anti-social behaviour,,
,2020-08,Durham Constabulary,Durham Constabulary,-1.854933,54.843862,On or near Hydenside Grove,E01020644,County Durham 014D,Anti-social behaviour,,
,2020-08,Durham Constabulary,Durham Constabulary,-1.845517,54.854859,On or near Fenwick Way,E01020644,County Durham 014D,Anti-social behaviour,,
,2020-08,Durham Constabulary,Durham Constabulary,-1.862310,54.840438,On or near Cleveland Close,E01020644,County Durham 014D,Anti-social behaviour,,
5ddba656a42cd098eb0f4614307f9b3490eb2164421eed6f8499e2b68f506b01,2020-08,Durham Constabulary,Durham Constabulary,-1.840002,54.851086,On or near Generation Place,E01020644,County Durham 014D,Criminal damage and arson,Local resolution,
d39d36ff499fff0f4549e5ff6ed5bfa7dc96325caa1b716069693fcdc331c115,2020-08,Durham Constabulary,Durham Constabulary,-1.840002,54.851086,On or near Generation Place,E01020644,County Durham 014D,Other theft,Investigation complete; no suspect identified,
9a267e68ea5a599298bf4b9ff0c61e3790c53a7e7ba0d99a8c3c4f0dd183b818,2020-08,Durham Constabulary,Durham Constabulary,-1.855835,54.844249,On or near Evansleigh Road,E01020644,County Durham 014D,Other theft,Unable to prosecute suspect,
2dfa6fa422a5a3f55d0680442aad45777d7a2ca73ac9d352a4a35b06aa502b12,2020-08,Durham Constabulary,Durham Constabulary,-1.838791,54.850114,On or near Ponds Court,E01020644,County Durham 014D,Other theft,Investigation complete; no suspect identified,
f3a39a5451d99a12baf3b64090cbe1dd4c523f3e451d3c5e26b031a31aa8aaec,2020-08,Durham Constabulary,Durham Constabulary,-1.838791,54.850114,On or near Ponds Court,E01020644,County Durham 014D,Shoplifting,Unable to prosecute suspect,
85e5f5bbe9f1d46771a43faa60147587433aa6166984d7d0d1b7a018348d0a02,2020-08,Durham Constabulary,Durham Constabulary,-1.838791,54.850114,On or near Ponds Court,E01020644,County Durham 014D,Violence and sexual offences,Unable to prosecute suspect,
14a8837f0ac92cb6a2f3314aa1d21a25d4adb5308e1e67b927a0ff37b3159b6b,2020-08,Durham Constabulary,Durham Constabulary,-1.854933,54.843862,On or near Hydenside Grove,E01020644,County Durham 014D,Violence and sexual offences,Court result unavailable,
8d738d65450583deafc0f1e27f1887c4141875f5622648357735b24e187e1893,2020-08,Durham Constabulary,Durham Constabulary,-1.859016,54.847380,On or near Selby Gardens,E01020644,County Durham 014D,Violence and sexual offences,Unable to prosecute suspect,
60f57d95377fc3e4b9a3697f16eb0c4984e72083a018d9d6e0cbb32ab9f09154,2020-08,Durham Constabulary,Durham Constabulary,-1.856738,54.844331,On or near Pemberton Avenue,E01020644,County Durham 014D,Violence and sexual offences,Unable to prosecute suspect,
e35ed0623f6e009ffb72ba40cc79432865e7be54b4839e06892d951a7c49f2ac,2020-08,Durham Constabulary,Durham Constabulary,-1.857687,54.844404,On or near Thornfield Road,E01020644,County Durham 014D,Violence and sexual offences,Local resolution,
7c59b2e494d0e81e80f2bf54562c83d94e1d8102f1d6f94c3c327ea67aab1e85,2020-08,Durham Constabulary,Durham Constabulary,-1.855835,54.844249,On or near Evansleigh Road,E01020644,County Durham 014D,Violence and sexual offences,Court result unavailable,
d62ef9ce9057688867d4af7b5a80ad2be546e07e74215c304dffd0ed42e294b3,2020-08,Durham Constabulary,Durham Constabulary,-1.855835,54.844249,On or near Evansleigh Road,E01020644,County Durham 014D,Violence and sexual offences,Court result unavailable,
08a789ed47b74e7be87bf88dbd3fa4315b018c10dd5747b3950ac9eece46470f,2020-08,Durham Constabulary,Durham Constabulary,-1.855915,54.848078,On or near Manor Close,E01020644,County Durham 014D,Violence and sexual offences,Unable to prosecute suspect,
1bbeced70bf2846115f3d41f7aa928ceb5b4697b4d27f1e4b509122c0d6f2af0,2020-08,Durham Constabulary,Durham Constabulary,-1.855835,54.844249,On or near Evansleigh Road,E01020644,County Durham 014D,Violence and sexual offences,Court result unavailable,
ffe12f02a46a30f1593627d874c72dba2a89bb2f1daef483996eb9bb03a5c561,2020-08,Durham Constabulary,Durham Constabulary,-1.855835,54.844249,On or near Evansleigh Road,E01020644,County Durham 014D,Violence and sexual offences,Court result unavailable,
d09624339327876e7170cfa6f720d252c648cc5ed14b25b9bd332aeb80f0ce81,2020-08,Durham Constabulary,Durham Constabulary,-1.855835,54.844249,On or near Evansleigh Road,E01020644,County Durham 014D,Violence and sexual offences,Court result unavailable,
eb23115b22d33094da2d86f2a9c025fc031c9eafae628c43cf7d98ea71c13641,2020-08,Durham Constabulary,Durham Constabulary,-1.855835,54.844249,On or near Evansleigh Road,E01020644,County Durham 014D,Violence and sexual offences,Court result unavailable,
a11088bc0103c75eb740d10773463ba511d79bd8d1c416ce840447d2b9110d32,2020-08,Durham Constabulary,Durham Constabulary,-1.855835,54.844249,On or near Evansleigh Road,E01020644,County Durham 014D,Violence and sexual offences,Court result unavailable,
d35c5ef15df539043b0232bb1b844ba4ed9032a05f8b636e8c1df9ed94d72956,2020-08,Durham Constabulary,Durham Constabulary,-1.855835,54.844249,On or near Evansleigh Road,E01020644,County Durham 014D,Violence and sexual offences,Court result unavailable,
1fbe18004e63be115512641388d85d53d6d29bbb34f3c15f3de5f2c441cff53d,2020-08,Durham Constabulary,Durham Constabulary,-1.855835,54.844249,On or near Evansleigh Road,E01020644,County Durham 014D,Violence and sexual offences,Court result unavailable,
f5433d1deb392efced5c95948a45de4b8e590027251d985a2fb3758dd9f4e583,2020-08,Durham Constabulary,Durham Constabulary,-1.855835,54.844249,On or near Evansleigh Road,E01020644,County Durham 014D,Violence and sexual offences,Court result unavailable,
ba4a7e4d7a705396e2c31191326f6baeb122584bc312ea85c16b1c9f2811c44b,2020-08,Durham Constabulary,Durham Constabulary,-1.855835,54.844249,On or near Evansleigh Road,E01020644,County Durham 014D,Violence and sexual offences,Court result unavailable,
73775859bbdc408c0b396304b128eb5c839e11bccbfdea024d0d49eacb1b6487,2020-08,Durham Constabulary,Durham Constabulary,-1.840002,54.851086,On or near Generation Place,E01020644,County Durham 014D,Violence and sexual offences,Unable to prosecute suspect,
192771c7e703229ed6bccea855bfe4d34fe8785a189d93ca8a5df3777cc9ac09,2020-08,Durham Constabulary,Durham Constabulary,-1.859016,54.847380,On or near Selby Gardens,E01020644,County Durham 014D,Violence and sexual offences,Unable to prosecute suspect,
5982f5b803b7000def308adbe6cc9844f90eccd6a61fe69ecc29caa12691847d,2020-08,Durham Constabulary,Durham Constabulary,-1.854933,54.843862,On or near Hydenside Grove,E01020644,County Durham 014D,Violence and sexual offences,Unable to prosecute suspect,
44aca332c56328f9a3220d7b5be2b7f601494226918baf9de104a66c1b17b3a9,2020-08,Durham Constabulary,Durham Constabulary,-1.840002,54.851086,On or near Generation Place,E01020644,County Durham 014D,Violence and sexual offences,Unable to prosecute suspect,
3b544d1940345b6e7d7eb44a66e6af94bff6a36ea163d8b64104ba777db24343,2020-08,Durham Constabulary,Durham Constabulary,-1.859016,54.847380,On or near Selby Gardens,E01020644,County Durham 014D,Violence and sexual offences,Unable to prosecute suspect,
b5489655987663ab6896b8a733595fc885ac5228d22abc56e206f92ca2fd3e81,2020-08,Durham Constabulary,Durham Constabulary,-1.838791,54.850114,On or near Ponds Court,E01020644,County Durham 014D,Other crime,Formal action is not in the public interest,
,2020-08,Durham Constabulary,Durham Constabulary,-1.868914,54.839672,On or near Rutland Road,E01020645,County Durham 014E,Anti-social behaviour,,
,2020-08,Durham Constabulary,Durham Constabulary,-1.866798,54.839248,On or near Sussex Road,E01020645,County Durham 014E,Anti-social behaviour,,
,2020-08,Durham Constabulary,Durham Constabulary,-1.868682,54.839214,On or near Rutland Place,E01020645,County Durham 014E,Anti-social behaviour,,
,2020-08,Durham Constabulary,Durham Constabulary,-1.866798,54.839248,On or near Sussex Road,E01020645,County Durham 014E,Anti-social behaviour,,
,2020-08,Durham Constabulary,Durham Constabulary,-1.866258,54.837881,On or near Essex Avenue,E01020645,County Durham 014E,Anti-social behaviour,,
,2020-08,Durham Constabulary,Durham Constabulary,-1.870635,54.837230,On or near York Avenue,E01020645,County Durham 014E,Anti-social behaviour,,
,2020-08,Durham Constabulary,Durham Constabulary,-1.866798,54.839248,On or near Sussex Road,E01020645,County Durham 014E,Anti-social behaviour,,
e4780e7a89549eaba1793c277ecff93362c6390f5abfbecc85ac8263a7d057cf,2020-08,Durham Constabulary,Durham Constabulary,-1.872423,54.837978,On or near Lancaster Road,E01020645,County Durham 014E,Criminal damage and arson,Investigation complete; no suspect identified,
2917df13e6d52256a10ed8805e0379a3e89f9c88c68814f7a5d9e0f1b91446c7,2020-08,Durham Constabulary,Durham Constabulary,-1.866258,54.837881,On or near Essex Avenue,E01020645,County Durham 014E,Criminal damage and arson,Investigation complete; no suspect identified,
fe40f6cf47042fedca58ab9661adca104c4f869b906911f0ffa44ffaf3615949,2020-08,Durham Constabulary,Durham Constabulary,-1.868682,54.839214,On or near Rutland Place,E01020645,County Durham 014E,Criminal damage and arson,Investigation complete; no suspect identified,
17234d0367b582f32d7c54cef7a903c722a81028bdd6f05360d4571eb62e66e1,2020-08,Durham Constabulary,Durham Constabulary,-1.869853,54.838217,On or near Sports/Recreation Area,E01020645,County Durham 014E,Criminal damage and arson,Unable to prosecute suspect,
a694a660aba2282aa0c2c06878e3d3f039e0c894e50f0e4c3fb340bc8bf9ed25,2020-08,Durham Constabulary,Durham Constabulary,-1.869853,54.838217,On or near Sports/Recreation Area,E01020645,County Durham 014E,Possession of weapons,Unable to prosecute suspect,
eb0170d3c6585b0b81f6cd24b6e0edb696ca49b064072c85810e1cba1eea7dd4,2020-08,Durham Constabulary,Durham Constabulary,-1.868682,54.839214,On or near Rutland Place,E01020645,County Durham 014E,Public order,Unable to prosecute suspect,
52d59e120e91f6013ab8cf24b196e355737f0eabdc7171ca19470981af9b8736,2020-08,Durham Constabulary,Durham Constabulary,-1.869853,54.838217,On or near Sports/Recreation Area,E01020645,County Durham 014E,Public order,Unable to prosecute suspect,
b2e810a3e3c50dcb8cbbfd11328c5ddfda2d8586c786c977aa21f6e8f6516551,2020-08,Durham Constabulary,Durham Constabulary,-1.866798,54.839248,On or near Sussex Road,E01020645,County Durham 014E,Public order,Formal action is not in the public interest,
128ae4bdaed9b24b1610ed0c685d7fdc5150909ffaaa2e8adf87cd388a221802,2020-08,Durham Constabulary,Durham Constabulary,-1.870073,54.837759,On or near Derby Drive,E01020645,County Durham 014E,Violence and sexual offences,Unable to prosecute suspect,
da623ee1df098dff0aa444e1da00b6757a2651e1217a764f50d7cc53b2bbc246,2020-08,Durham Constabulary,Durham Constabulary,-1.866798,54.839248,On or near Sussex Road,E01020645,County Durham 014E,Violence and sexual offences,Further investigation is not in the public interest,
19cd2f3944e5cdf8c90a13e38c2dc75c63bf5f030271f1910c26dcbebb4b1f0a,2020-08,Durham Constabulary,Durham Constabulary,-1.868682,54.839214,On or near Rutland Place,E01020645,County Durham 014E,Violence and sexual offences,Unable to prosecute suspect,
3deb9d5b79723187728522f5d8b431d5280ff3c1930b9daeb91df178fc955881,2020-08,Durham Constabulary,Durham Constabulary,-1.868682,54.839214,On or near Rutland Place,E01020645,County Durham 014E,Violence and sexual offences,Unable to prosecute suspect,
3dfe72c1b75025d319c6aa0f3afbfe2f36c52aaf06192d4f7f2a162d2e0df4d0,2020-08,Durham Constabulary,Durham Constabulary,-1.865888,54.841421,On or near Dunelm Road,E01020645,County Durham 014E,Violence and sexual offences,Unable to prosecute suspect,
08b7de4a97415983b437eb2182d82c96dc3d5ee9f2e2548d34a4fdaef7495d67,2020-08,Durham Constabulary,Durham Constabulary,-1.868682,54.839214,On or near Rutland Place,E01020645,County Durham 014E,Violence and sexual offences,Unable to prosecute suspect,
615b9ad2d7ad251fa6518620b19f9781d01d133b86d6520eab6c3a02943992ca,2020-08,Durham Constabulary,Durham Constabulary,-1.869853,54.838217,On or near Sports/Recreation Area,E01020645,County Durham 014E,Violence and sexual offences,Unable to prosecute suspect,
4eacdb0ec370ae4e6df561707065a5cf4854278189842e62402c178d036f9b03,2020-08,Durham Constabulary,Durham Constabulary,-1.869853,54.838217,On or near Sports/Recreation Area,E01020645,County Durham 014E,Violence and sexual offences,Offender given a caution,
86a879c9bb6f13fbc2b78525016a9f831e4f26ec7dc38e316b86f153895e8816,2020-08,Durham Constabulary,Durham Constabulary,-1.869853,54.838217,On or near Sports/Recreation Area,E01020645,County Durham 014E,Violence and sexual offences,Unable to prosecute suspect,
efbed8fd4cbaf34ee0b67b59ffeb1dbd7062e62210cdad5aba2101801ed66b20,2020-08,Durham Constabulary,Durham Constabulary,-1.866798,54.839248,On or near Sussex Road,E01020645,County Durham 014E,Violence and sexual offences,Unable to prosecute suspect,
80255a79dd77cb2d42afb2466d2c99cd23c94d6d915511651b9290f81a391dc2,2020-08,Durham Constabulary,Durham Constabulary,-1.870659,54.839449,On or near Lincoln Road,E01020645,County Durham 014E,Violence and sexual offences,Unable to prosecute suspect,
7ef564704176abc7f252c86df8245e74979789ff46df950ee5a4fe51860eabb4,2020-08,Durham Constabulary,Durham Constabulary,-1.868682,54.839214,On or near Rutland Place,E01020645,County Durham 014E,Other crime,Unable to prosecute suspect,
,2020-08,Durham Constabulary,Durham Constabulary,-1.509205,54.846489,On or near Woodland Grange,E01020590,County Durham 015A,Anti-social behaviour,,
,2020-08,Durham Constabulary,Durham Constabulary,-1.509205,54.846489,On or near Woodland Grange,E01020590,County Durham 015A,Anti-social behaviour,,
,2020-08,Durham Constabulary,Durham Constabulary,-1.509205,54.846489,On or near Woodland Grange,E01020590,County Durham 015A,Anti-social behaviour,,
,2020-08,Durham Constabulary,Durham Constabulary,-1.507310,54.846059,On or near Petrol Station,E01020590,County Durham 015A,Anti-social behaviour,,
,2020-08,Durham Constabulary,Durham Constabulary,-1.509205,54.846489,On or near Woodland Grange,E01020590,County Durham 015A,Anti-social behaviour,,
b754b5eaf1d8abcc50c7919cefdfa090e97e7df0cc9570f2d3120909ea80967f,2020-08,Durham Constabulary,Durham Constabulary,-1.532293,54.849788,On or near A1(M),E01020590,County Durham 015A,Burglary,Court result unavailable,
065af800f5298f8e2264202853a191edc047f9b3548b82f544a8d4ba35521430,2020-08,Durham Constabulary,Durham Constabulary,-1.511558,54.847613,On or near Elmwood Street,E01020590,County Durham 015A,Criminal damage and arson,Unable to prosecute suspect,
39329071587b406a0b0a6d309d8abde40d2971ff3edc9ef35e282136038ac3d6,2020-08,Durham Constabulary,Durham Constabulary,-1.512775,54.848714,On or near Sydney Street,E01020590,County Durham 015A,Criminal damage and arson,Investigation complete; no suspect identified,
8a194163db5ded57216ead351c680deaf0afb9a3ef2751acc17fc974634bfd8e,2020-08,Durham Constabulary,Durham Constabulary,-1.512775,54.848714,On or near Sydney Street,E01020590,County Durham 015A,Criminal damage and arson,Investigation complete; no suspect identified,
0dd4dd5e1aeddb4b1efc606bf30a9dd15f80fb3f765c9bbd31c50162f628b923,2020-08,Durham Constabulary,Durham Constabulary,-1.507310,54.846059,On or near Petrol Station,E01020590,County Durham 015A,Other theft,Investigation complete; no suspect identified,
546eee1d87b13462a3caa3f66099b5cac3a3c95eb764b000256a5e4d5e3b0c03,2020-08,Durham Constabulary,Durham Constabulary,-1.512502,54.848183,On or near A1052,E01020590,County Durham 015A,Public order,Offender given a caution,
3fef44348daa85aac7539c895ec06e04dfe3a60adff2bf9006d3a51c5e8b6b32,2020-08,Durham Constabulary,Durham Constabulary,-1.512502,54.848183,On or near A1052,E01020590,County Durham 015A,Violence and sexual offences,Action to be taken by another organisation,
148b58be482345b123ddf007643e21884d5dbabc7dd17de82054986a5559741f,2020-08,Durham Constabulary,Durham Constabulary,-1.512502,54.848183,On or near A1052,E01020590,County Durham 015A,Violence and sexual offences,Unable to prosecute suspect,
85c70cee78d1f1a45c4809e6cd0ae621637e28eaa82079979dd43477c0396502,2020-08,Durham Constabulary,Durham Constabulary,-1.513275,54.847359,On or near Pinewood Street,E01020590,County Durham 015A,Violence and sexual offences,Unable to prosecute suspect,
84f427889aaea7f1b827a3923f25df3ddedd6cb923f83438873d04c24c37e054,2020-08,Durham Constabulary,Durham Constabulary,-1.512775,54.848714,On or near Sydney Street,E01020590,County Durham 015A,Violence and sexual offences,Unable to prosecute suspect,
28d2a2ea9ffdac7865be9e5ad2090e564efcb909085f633dd16d38cfd906171f,2020-08,Durham Constabulary,Durham Constabulary,-1.512775,54.848714,On or near Sydney Street,E01020590,County Durham 015A,Violence and sexual offences,Unable to prosecute suspect,
01c06a44a8d6370c2995998ef83cabc0a646a42809f13ef8f3bddf61d297379a,2020-08,Durham Constabulary,Durham Constabulary,-1.512775,54.848714,On or near Sydney Street,E01020590,County Durham 015A,Violence and sexual offences,Unable to prosecute suspect,
44a06a50e4eae7feb588e9d603d8bb9680945c8bbb8e27f15b8cde5b416233c4,2020-08,Durham Constabulary,Durham Constabulary,-1.511558,54.847613,On or near Elmwood Street,E01020590,County Durham 015A,Violence and sexual offences,Unable to prosecute suspect,
c721de00bc2cbfd5580d9e082a1368305633c511038a4618e0b9c2f10b253653,2020-08,Durham Constabulary,Durham Constabulary,-1.512559,54.847321,On or near Maplewood Street,E01020590,County Durham 015A,Other crime,Unable to prosecute suspect,
,2020-08,Durham Constabulary,Durham Constabulary,-1.514496,54.853259,On or near Sports/Recreation Area,E01020591,County Durham 015B,Anti-social behaviour,,
,2020-08,Durham Constabulary,Durham Constabulary,-1.512681,54.852677,On or near Meadow Grange,E01020591,County Durham 015B,Anti-social behaviour,,
,2020-08,Durham Constabulary,Durham Constabulary,-1.515284,54.855096,On or near Alwyn Close,E01020591,County Durham 015B,Anti-social behaviour,,
,2020-08,Durham Constabulary,Durham Constabulary,-1.517578,54.854772,On or near Lilac Square,E01020591,County Durham 015B,Anti-social behaviour,,
,2020-08,Durham Constabulary,Durham Constabulary,-1.512681,54.852677,On or near Meadow Grange,E01020591,County Durham 015B,Anti-social behaviour,,
,2020-08,Durham Constabulary,Durham Constabulary,-1.515284,54.855096,On or near Alwyn Close,E01020591,County Durham 015B,Anti-social behaviour,,
,2020-08,Durham Constabulary,Durham Constabulary,-1.515284,54.855096,On or near Alwyn Close,E01020591,County Durham 015B,Anti-social behaviour,,
,2020-08,Durham Constabulary,Durham Constabulary,-1.517578,54.854772,On or near Lilac Square,E01020591,County Durham 015B,Anti-social behaviour,,
,2020-08,Durham Constabulary,Durham Constabulary,-1.512681,54.852677,On or near Meadow Grange,E01020591,County Durham 015B,Anti-social behaviour,,
,2020-08,Durham Constabulary,Durham Constabulary,-1.517578,54.854772,On or near Lilac Square,E01020591,County Durham 015B,Anti-social behaviour,,
,2020-08,Durham Constabulary,Durham Constabulary,-1.515284,54.855096,On or near Alwyn Close,E01020591,County Durham 015B,Anti-social behaviour,,
4effd24c60b7d4f613246542296cd62eca27c65f5f18668bd7d45220eea2c787,2020-08,Durham Constabulary,Durham Constabulary,-1.517578,54.854772,On or near Lilac Square,E01020591,County Durham 015B,Burglary,Investigation complete; no suspect identified,
f259c42b8c249a3ef0cbc187bf086c915e7fd438ac18167096d8fcff5cf3f6c0,2020-08,Durham Constabulary,Durham Constabulary,-1.517593,54.852157,On or near Mill Court,E01020591,County Durham 015B,Burglary,Unable to prosecute suspect,
1ac808c916bd093c0410ba9056b4ec8da0ce18caef62c7cb4bb5fdb233c5d60c,2020-08,Durham Constabulary,Durham Constabulary,-1.517593,54.852157,On or near Mill Court,E01020591,County Durham 015B,Criminal damage and arson,Investigation complete; no suspect identified,
2cd3b072d51f0ff9be3fa730be5a4c007190753210a52343e0703d3d611b122c,2020-08,Durham Constabulary,Durham Constabulary,-1.515284,54.855096,On or near Alwyn Close,E01020591,County Durham 015B,Criminal damage and arson,Further investigation is not in the public interest,
83eaf192bbd004dfa736b8e9a2519c1ff1d0bad6ffa0303250f62e7a5e0e4319,2020-08,Durham Constabulary,Durham Constabulary,-1.517593,54.852157,On or near Mill Court,E01020591,County Durham 015B,Criminal damage and arson,Investigation complete; no suspect identified,
d00c7d7149b5eb870f76d604eb669159e25d018302a0641422d9e45b74e92bd6,2020-08,Durham Constabulary,Durham Constabulary,-1.512681,54.852677,On or near Meadow Grange,E01020591,County Durham 015B,Other theft,Investigation complete; no suspect identified,
c84221a710929e23d04e7fe330e09488f6396daf22a62ec629c0e05fe6d9ee7b,2020-08,Durham Constabulary,Durham Constabulary,-1.512681,54.852677,On or near Meadow Grange,E01020591,County Durham 015B,Public order,Investigation complete; no suspect identified,
cb51e13c28d315b85788ecf4b06a8fd4a531b6ec68c012027c4e0b7a8b18e866,2020-08,Durham Constabulary,Durham Constabulary,-1.515284,54.855096,On or near Alwyn Close,E01020591,County Durham 015B,Public order,Further investigation is not in the public interest,
e5f187e81797c291d412e3910e5a0fd789c0143e1832483936e1e01c6786118d,2020-08,Durham Constabulary,Durham Constabulary,-1.519292,54.856001,On or near Carnation Avenue,E01020591,County Durham 015B,Public order,Unable to prosecute suspect,
9934c247b5c288ef7f59e225dea658eb66f24f7deab24bf50914f4723a93a506,2020-08,Durham Constabulary,Durham Constabulary,-1.517578,54.854772,On or near Lilac Square,E01020591,County Durham 015B,Public order,Unable to prosecute suspect,
ec4e36788a8991b31850b25e9091ed3872a1e0090b845b99ac666dadef88514e,2020-08,Durham Constabulary,Durham Constabulary,-1.515284,54.855096,On or near Alwyn Close,E01020591,County Durham 015B,Public order,Unable to prosecute suspect,
d7dad8450fcad95f67b950a35496082081ec273c3874da49b98a49f623a8b3f8,2020-08,Durham Constabulary,Durham Constabulary,-1.517578,54.854772,On or near Lilac Square,E01020591,County Durham 015B,Public order,Investigation complete; no suspect identified,
1e1fd0a4d47c1be16c4690560923f9d9008e27219a00e8e922e663046b0f0115,2020-08,Durham Constabulary,Durham Constabulary,-1.519292,54.856001,On or near Carnation Avenue,E01020591,County Durham 015B,Violence and sexual offences,Unable to prosecute suspect,
3e3e66ac6166762b766e2269b2ef1c8017969dd8a004e7045866327d5ac69bc4,2020-08,Durham Constabulary,Durham Constabulary,-1.517593,54.852157,On or near Mill Court,E01020591,County Durham 015B,Violence and sexual offences,Investigation complete; no suspect identified,
bd878b36e960eb29ab3776de179e1d8120a210cb7fa4e38288f45e8453d30a38,2020-08,Durham Constabulary,Durham Constabulary,-1.517578,54.854772,On or near Lilac Square,E01020591,County Durham 015B,Violence and sexual offences,Unable to prosecute suspect,
a1cb805f265280a0b5381d7ddaf5766d13885ac2775a7d6ed250f7805fae373a,2020-08,Durham Constabulary,Durham Constabulary,-1.517593,54.852157,On or near Mill Court,E01020591,County Durham 015B,Violence and sexual offences,Unable to prosecute suspect,
1ec5831a72ab1900784e887dc75f25c6b40e6e3723eb0687e1e7446bdf0a84f4,2020-08,Durham Constabulary,Durham Constabulary,-1.515284,54.855096,On or near Alwyn Close,E01020591,County Durham 015B,Violence and sexual offences,Unable to prosecute suspect,
3b512fa2674919e1abde2e1f688c32e45fd7875b50193371400b47053c6d3e89,2020-08,Durham Constabulary,Durham Constabulary,-1.520869,54.854399,On or near Beaumaris,E01020591,County Durham 015B,Violence and sexual offences,Investigation complete; no suspect identified,
5bfa07702a98c1a2bd609f92cd5477c8f6b3875f947827daf7ce3f4dfd0ac89f,2020-08,Durham Constabulary,Durham Constabulary,-1.519292,54.856001,On or near Carnation Avenue,E01020591,County Durham 015B,Violence and sexual offences,Action to be taken by another organisation,
89464e9f1e0fb74410070e6431074a14a7ee79a54cf59dc2402b133c376d016b,2020-08,Durham Constabulary,Durham Constabulary,-1.517578,54.854772,On or near Lilac Square,E01020591,County Durham 015B,Violence and sexual offences,Unable to prosecute suspect,
2ba14a01409435893f79e58f8bc4c57092d6971f7f1270cd38a5147ae59bf095,2020-08,Durham Constabulary,Durham Constabulary,-1.517593,54.852157,On or near Mill Court,E01020591,County Durham 015B,Violence and sexual offences,Unable to prosecute suspect,
f74283974265afc730ef44b0c9d45dba9347cde4191a84519dc72769da9ac17a,2020-08,Durham Constabulary,Durham Constabulary,-1.517578,54.854772,On or near Lilac Square,E01020591,County Durham 015B,Violence and sexual offences,Unable to prosecute suspect,
,2020-08,Durham Constabulary,Durham Constabulary,-1.523077,54.846760,On or near Barnard Court,E01020608,County Durham 015C,Anti-social behaviour,,
,2020-08,Durham Constabulary,Durham Constabulary,-1.542042,54.837406,On or near Scott Court,E01020608,County Durham 015C,Anti-social behaviour,,
,2020-08,Durham Constabulary,Durham Constabulary,-1.542042,54.837406,On or near Scott Court,E01020608,County Durham 015C,Anti-social behaviour,,
,2020-08,Durham Constabulary,Durham Constabulary,-1.519132,54.845864,On or near Tantallon Court,E01020608,County Durham 015C,Anti-social behaviour,,
,2020-08,Durham Constabulary,Durham Constabulary,-1.542042,54.837406,On or near Scott Court,E01020608,County Durham 015C,Anti-social behaviour,,
,2020-08,Durham Constabulary,Durham Constabulary,-1.521790,54.846297,On or near Chipchase Court,E01020608,County Durham 015C,Anti-social behaviour,,
,2020-08,Durham Constabulary,Durham Constabulary,-1.547818,54.836035,On or near Melbeck Court,E01020608,County Durham 015C,Anti-social behaviour,,
,2020-08,Durham Constabulary,Durham Constabulary,-1.542042,54.837406,On or near Scott Court,E01020608,County Durham 015C,Anti-social behaviour,,
,2020-08,Durham Constabulary,Durham Constabulary,-1.542042,54.837406,On or near Scott Court,E01020608,County Durham 015C,Anti-social behaviour,,
,2020-08,Durham Constabulary,Durham Constabulary,-1.521790,54.846297,On or near Chipchase Court,E01020608,County Durham 015C,Anti-social behaviour,,
,2020-08,Durham Constabulary,Durham Constabulary,-1.520025,54.846757,On or near Dunstanburgh Court,E01020608,County Durham 015C,Anti-social behaviour,,
b5b16a9643f597c350f57aa37bed3a55f54a5720ac04e5a4ee2419bedd74b5d8,2020-08,Durham Constabulary,Durham Constabulary,-1.521790,54.846297,On or near Chipchase Court,E01020608,County Durham 015C,Criminal damage and arson,Unable to prosecute suspect,
6d398c8fea5ed1ae096063a6aedf906f033cbb22d5a65bf07590b0f897891683,2020-08,Durham Constabulary,Durham Constabulary,-1.539392,54.847299,On or near Lumley New Road,E01020608,County Durham 015C,Other theft,Investigation complete; no suspect identified,
70b233e99186932a65279a6d0dd2904b6672ccb8826f2927020cbe468a50c6d8,2020-08,Durham Constabulary,Durham Constabulary,-1.539392,54.847299,On or near Lumley New Road,E01020608,County Durham 015C,Other theft,Court result unavailable,
02b99073df00616e1c710fcfba939e7454a15314449f03635b41ad77daa71f6e,2020-08,Durham Constabulary,Durham Constabulary,-1.542042,54.837406,On or near Scott Court,E01020608,County Durham 015C,Violence and sexual offences,Unable to prosecute suspect,
6756d855b1b44989c69b9e5e8110c3d91656e4b98e4442093a087a8b85cbf9d9,2020-08,Durham Constabulary,Durham Constabulary,-1.547818,54.836035,On or near Melbeck Court,E01020608,County Durham 015C,Violence and sexual offences,Unable to prosecute suspect,
0b608eaabe4b87a49a32098aab81c576caea89743208021d3268ba120df9faeb,2020-08,Durham Constabulary,Durham Constabulary,-1.541127,54.835722,On or near Norwich Close,E01020608,County Durham 015C,Violence and sexual offences,Status update unavailable,
29c7e0660a39cbfd5124457ce5a33861059481b6b791f82d1c638dbbe6e32bdf,2020-08,Durham Constabulary,Durham Constabulary,-1.518944,54.847256,On or near Appleby Court,E01020608,County Durham 015C,Violence and sexual offences,Local resolution,
b07510b39e47ca102483ab3ce484182c21aeb1cbd28a7d3b919babc96cc6220f,2020-08,Durham Constabulary,Durham Constabulary,-1.520025,54.846757,On or near Dunstanburgh Court,E01020608,County Durham 015C,Violence and sexual offences,Unable to prosecute suspect,
a1b87a195def5506c4b4a77b41fbb3db6ccce28b4a771e82b57510334e40442f,2020-08,Durham Constabulary,Durham Constabulary,-1.518944,54.847256,On or near Appleby Court,E01020608,County Durham 015C,Violence and sexual offences,Unable to prosecute suspect,
ddd37040825e91e2c725dffffa4740450bc6af6f591a32703ff0ac717fe50f50,2020-08,Durham Constabulary,Durham Constabulary,-1.541127,54.835722,On or near Norwich Close,E01020608,County Durham 015C,Violence and sexual offences,Further investigation is not in the public interest,
4f60d36a8f56c26b9e7a66c69ced8abdfd62b42a5e45451ce566c69f4455fbd2,2020-08,Durham Constabulary,Durham Constabulary,-1.518944,54.847256,On or near Appleby Court,E01020608,County Durham 015C,Violence and sexual offences,Unable to prosecute suspect,
,2020-08,Durham Constabulary,Durham Constabulary,-1.544302,54.837244,On or near Supermarket,E01020609,County Durham 015D,Anti-social behaviour,,
,2020-08,Durham Constabulary,Durham Constabulary,-1.548706,54.841628,On or near Back Lane,E01020609,County Durham 015D,Anti-social behaviour,,
,2020-08,Durham Constabulary,Durham Constabulary,-1.544302,54.837244,On or near Supermarket,E01020609,County Durham 015D,Anti-social behaviour,,
,2020-08,Durham Constabulary,Durham Constabulary,-1.544302,54.837244,On or near Supermarket,E01020609,County Durham 015D,Anti-social behaviour,,
187119d52bfc9baecc3491ba34e22f82a508b2e863ad45df5ec90d03564d0f7b,2020-08,Durham Constabulary,Durham Constabulary,-1.548706,54.841628,On or near Back Lane,E01020609,County Durham 015D,Burglary,Court result unavailable,
6f18a0c83eae19b6e7062566fb1590b11ec2037d24185dce8bf6066c4bf7d5f8,2020-08,Durham Constabulary,Durham Constabulary,-1.544302,54.837244,On or near Supermarket,E01020609,County Durham 015D,Criminal damage and arson,Investigation complete; no suspect identified,
f1c555b3274bdc0de00db3df5134dbb6c38ba960222a369a4311e785552b3cc0,2020-08,Durham Constabulary,Durham Constabulary,-1.539870,54.842260,On or near Scorer'S Lane,E01020609,County Durham 015D,Other theft,Court result unavailable,
c1189e20e20f4c1e4bfa46e17addd55def1edbdd37d0e33d8bff3830d8708e47,2020-08,Durham Constabulary,Durham Constabulary,-1.544302,54.837244,On or near Supermarket,E01020609,County Durham 015D,Shoplifting,Investigation complete; no suspect identified,
,2020-08,Durham Constabulary,Durham Constabulary,-1.543820,54.834411,On or near Worcester Close,E01020610,County Durham 015E,Anti-social behaviour,,
,2020-08,Durham Constabulary,Durham Constabulary,-1.543820,54.834411,On or near Worcester Close,E01020610,County Durham 015E,Anti-social behaviour,,
4d290378a813af423ae5b524e5a0a5f83d5ac0606ee342cd89e2be7cb482b420,2020-08,Durham Constabulary,Durham Constabulary,-1.537398,54.836418,On or near Stainmore Drive,E01020610,County Durham 015E,Other theft,Investigation complete; no suspect identified,
0237d19398a52858a274bd352896fb273de800410fc30f84a04e88983cb43bec,2020-08,Durham Constabulary,Durham Constabulary,-1.535938,54.834777,On or near Lartington Close,E01020610,County Durham 015E,Public order,Unable to prosecute suspect,
be15b997aa985ff8484836758292e5921da4924552db1dba830f6361a90035c0,2020-08,Durham Constabulary,Durham Constabulary,-1.535938,54.834777,On or near Lartington Close,E01020610,County Durham 015E,Public order,Unable to prosecute suspect,
,2020-08,Durham Constabulary,Durham Constabulary,-1.365928,54.831897,On or near Petrol Station,E01020750,County Durham 016A,Anti-social behaviour,,
,2020-08,Durham Constabulary,Durham Constabulary,-1.365928,54.831897,On or near Petrol Station,E01020750,County Durham 016A,Anti-social behaviour,,
325dad0833169766b98aed2627c82f25ffd10c4ed366898cd8484ac3ee5e29f2,2020-08,Durham Constabulary,Durham Constabulary,-1.365928,54.831897,On or near Petrol Station,E01020750,County Durham 016A,Other theft,Investigation complete; no suspect identified,
259bda7bbda70c28a6362b21f407513b95a9ee82a96daa2cc807e7c135e84db8,2020-08,Durham Constabulary,Durham Constabulary,-1.365928,54.831897,On or near Petrol Station,E01020750,County Durham 016A,Other theft,Further action is not in the public interest,
44555624842b2c90f5fdeb9f7c87b6062b4a0bfa3169f17689cbae9cbbd0f5f8,2020-08,Durham Constabulary,Durham Constabulary,-1.365928,54.831897,On or near Petrol Station,E01020750,County Durham 016A,Other theft,Further action is not in the public interest,
51ecb32963460bd91b1d71532e96a2eea58a2a382fb619b8b26af80b9038be23,2020-08,Durham Constabulary,Durham Constabulary,-1.365928,54.831897,On or near Petrol Station,E01020750,County Durham 016A,Other theft,Further action is not in the public interest,
6f4f0dd2e5a6d5581d657f1005e2f5d903df7eb4234f4f5a1195d4f4698496d6,2020-08,Durham Constabulary,Durham Constabulary,-1.365928,54.831897,On or near Petrol Station,E01020750,County Durham 016A,Other theft,Court result unavailable,
fda61abae5cd10423bd740c03556c5e7ad07d49d814854a05779cfef2a4eff5a,2020-08,Durham Constabulary,Durham Constabulary,-1.372296,54.830842,On or near Dalton Heights,E01020750,County Durham 016A,Violence and sexual offences,Unable to prosecute suspect,
26e6b4edcfafbf0b9877bdc91fb7472b75f7a779614d628a276d1dfbe02c111e,2020-08,Durham Constabulary,Durham Constabulary,-1.368582,54.831398,On or near Doreen Avenue,E01020750,County Durham 016A,Violence and sexual offences,Unable to prosecute suspect,
,2020-08,Durham Constabulary,Durham Constabulary,-1.359606,54.842827,On or near Newlands Road West,E01020781,County Durham 016B,Anti-social behaviour,,
1d4b979ddf2a8d3c9ceacd02f69fca18742e51efb19031dd48835fabdffdfbcb,2020-08,Durham Constabulary,Durham Constabulary,-1.357500,54.843993,On or near Normanby Close,E01020781,County Durham 016B,Criminal damage and arson,Unable to prosecute suspect,
2d812b1b47e9eff3aba565b646cca2b007ea64082984649900c04e2514fc2f76,2020-08,Durham Constabulary,Durham Constabulary,-1.355726,54.840991,On or near Earl Street,E01020781,County Durham 016B,Criminal damage and arson,Unable to prosecute suspect,
bfbb017a34c25c68674ef593a961e4e0e75484b0bd02d8b4122ae4ab06bc19af,2020-08,Durham Constabulary,Durham Constabulary,-1.357500,54.843993,On or near Normanby Close,E01020781,County Durham 016B,Criminal damage and arson,Further investigation is not in the public interest,
4aa03d55e3501fedf81e13624948582bd3b33c3275d5209398e8a539ceb20cbc,2020-08,Durham Constabulary,Durham Constabulary,-1.358454,54.840835,On or near Station Road,E01020781,County Durham 016B,Criminal damage and arson,Investigation complete; no suspect identified,
f61b0038f83d245113ee0f85de90866d827d8dfbe251afb7a286d229b5dfcf07,2020-08,Durham Constabulary,Durham Constabulary,-1.355801,54.843131,On or near Newark Crescent,E01020781,County Durham 016B,Violence and sexual offences,Local resolution,
fe669be344b222e7e84e5f81d3e103db5754175e9145c796873eccd03258e0f0,2020-08,Durham Constabulary,Durham Constabulary,-1.357236,54.844936,On or near Neasham Road,E01020781,County Durham 016B,Violence and sexual offences,Unable to prosecute suspect,
,2020-08,Durham Constabulary,Durham Constabulary,-1.373410,54.843304,On or near Slingley Close,E01020786,County Durham 016D,Anti-social behaviour,,
,2020-08,Durham Constabulary,Durham Constabulary,-1.415028,54.832943,On or near Salter'S Lane,E01020786,County Durham 016D,Anti-social behaviour,,
46c192eedce27750ebf195aa626ef81513db5cf46aa84f22dcdf50bdb4216df0,2020-08,Durham Constabulary,Durham Constabulary,-1.373792,54.844806,On or near Lyster Close,E01020786,County Durham 016D,Criminal damage and arson,Unable to prosecute suspect,
ee63fab4c9c3f1115a24e38850c28b086b7cfcc8f52cf0c56f88134026f6c55b,2020-08,Durham Constabulary,Durham Constabulary,-1.367767,54.851668,On or near Chipchase Court,E01020786,County Durham 016D,Other theft,Formal action is not in the public interest,
2d004eb3dc83bdffe8773a15d1bc1b20e3a7e710f761bd070d275b913e7acec3,2020-08,Durham Constabulary,Durham Constabulary,-1.372175,54.849660,On or near Partnership Court,E01020786,County Durham 016D,Other theft,Investigation complete; no suspect identified,
f9ca9c33697df318a2d989446d169448a037c187fe6e66213799d20d9b86b6a5,2020-08,Durham Constabulary,Durham Constabulary,-1.372175,54.849660,On or near Partnership Court,E01020786,County Durham 016D,Theft from the person,Action to be taken by another organisation,
81b9e90d13916372dd800eedc26130ebcace7358fc7896d51d93649c90088c85,2020-08,Durham Constabulary,Durham Constabulary,-1.384999,54.843075,On or near Seaton Grove,E01020786,County Durham 016D,Violence and sexual offences,Unable to prosecute suspect,
ceac6a20ee63c2d4e93676650ed91cbaf9ab12df89d5269b60c65dd05e089acc,2020-08,Durham Constabulary,Durham Constabulary,-1.372715,54.844954,On or near Middleton Close,E01020786,County Durham 016D,Violence and sexual offences,Unable to prosecute suspect,
,2020-08,Durham Constabulary,Durham Constabulary,-1.369762,54.832591,On or near Walpole Close,E01020787,County Durham 016E,Anti-social behaviour,,
,2020-08,Durham Constabulary,Durham Constabulary,-1.370690,54.833970,On or near Wedgwood Road,E01020787,County Durham 016E,Anti-social behaviour,,
,2020-08,Durham Constabulary,Durham Constabulary,-1.371671,54.832951,On or near Wolsey Road,E01020787,County Durham 016E,Anti-social behaviour,,
,2020-08,Durham Constabulary,Durham Constabulary,-1.368945,54.835103,On or near Wells Crescent,E01020787,County Durham 016E,Anti-social behaviour,,
fbcafa53af1c1a3dc12ecd010b8f5ad4c9f1affab851eef618683ae47c7dfc4e,2020-08,Durham Constabulary,Durham Constabulary,-1.368945,54.835103,On or near Wells Crescent,E01020787,County Durham 016E,Public order,Investigation complete; no suspect identified,
bf913a1d6e5e5a38773388042b98c600492139a3c2de68f6c4a5527739b95960,2020-08,Durham Constabulary,Durham Constabulary,-1.368945,54.835103,On or near Wells Crescent,E01020787,County Durham 016E,Violence and sexual offences,Court result unavailable,
f1d464bbd59f5bb9bfb1af888d640ddfe428cb3cf447e9e89c2b42b3b9f14be7,2020-08,Durham Constabulary,Durham Constabulary,-1.368945,54.835103,On or near Wells Crescent,E01020787,County Durham 016E,Violence and sexual offences,Unable to prosecute suspect,
d90129754a0e38fe8ba362d02d0a393537682c01960af7b756ccc6502e32e3fe,2020-08,Durham Constabulary,Durham Constabulary,-1.372843,54.834727,On or near Wordsworth Avenue,E01020787,County Durham 016E,Violence and sexual offences,Local resolution,
98e1a249406613b2046f1f707351c55334b8ffe5dc0915e0cfd679ef1ea16807,2020-08,Durham Constabulary,Durham Constabulary,-1.372204,54.834742,On or near Windermere Road,E01020787,County Durham 016E,Violence and sexual offences,Court result unavailable,
004f6e0a6a732f64973f0941d99d8aac47fc8d119c4eec454b60f5f6cbaf5719,2020-08,Durham Constabulary,Durham Constabulary,-1.372204,54.834742,On or near Windermere Road,E01020787,County Durham 016E,Violence and sexual offences,Court result unavailable,
8c95d5f0105dab41da8f94b7ac88e61cf2a3fc8a9a2ea00c660ded9d60eb823d,2020-08,Durham Constabulary,Durham Constabulary,-1.369762,54.832591,On or near Walpole Close,E01020787,County Durham 016E,Violence and sexual offences,Unable to prosecute suspect,
c8b28fd6a5205edea9154bb3c4873ad6afbae3ec7332561232aed1d91ef3f73a,2020-08,Durham Constabulary,Durham Constabulary,-1.369762,54.832591,On or near Walpole Close,E01020787,County Durham 016E,Violence and sexual offences,Unable to prosecute suspect,
,2020-08,Durham Constabulary,Durham Constabulary,-1.341902,54.842751,On or near Caistor Close,E01033163,County Durham 016F,Anti-social behaviour,,
,2020-08,Durham Constabulary,Durham Constabulary,-1.346370,54.844743,On or near Beadnell Drive,E01033163,County Durham 016F,Anti-social behaviour,,
,2020-08,Durham Constabulary,Durham Constabulary,-1.360067,54.846128,On or near Woodlands,E01033163,County Durham 016F,Anti-social behaviour,,
,2020-08,Durham Constabulary,Durham Constabulary,-1.346011,54.842872,On or near Goswick Way,E01033163,County Durham 016F,Anti-social behaviour,,
b2200de55a8c0bf0ee10440728af790ab0939eff6b431460bda7732a3a5b9ee8,2020-08,Durham Constabulary,Durham Constabulary,-1.345133,54.844170,On or near Craster Point,E01033163,County Durham 016F,Criminal damage and arson,Investigation complete; no suspect identified,
7dabf7f01ec8198f8a1df25c24c9451db9638950f90cf2781a8133f1bd585184,2020-08,Durham Constabulary,Durham Constabulary,-1.346370,54.844743,On or near Beadnell Drive,E01033163,County Durham 016F,Criminal damage and arson,Investigation complete; no suspect identified,
0377ea23f846e159065c7d68cc245c76e16fb37990accd406f9ea0e80e4f86f9,2020-08,Durham Constabulary,Durham Constabulary,-1.345826,54.849476,On or near B1287,E01033163,County Durham 016F,Criminal damage and arson,Investigation complete; no suspect identified,
527264da9c9ceb7b8605391be8df507e834125a51cdb9795381376236e023a81,2020-08,Durham Constabulary,Durham Constabulary,-1.345826,54.849476,On or near B1287,E01033163,County Durham 016F,Public order,Unable to prosecute suspect,
b169e099fbff2b6c5aad4710e4d90b7a9f4447fab55576260826b89a3c72edd6,2020-08,Durham Constabulary,Durham Constabulary,-1.337704,54.843321,On or near Runswick Drive,E01033163,County Durham 016F,Violence and sexual offences,Action to be taken by another organisation,
dd464860acb91b4952c48f691a85fdc74caf90ab13c82d708c166df92f6eecfd,2020-08,Durham Constabulary,Durham Constabulary,-1.339747,54.843134,On or near Rockingham Close,E01033163,County Durham 016F,Violence and sexual offences,Investigation complete; no suspect identified,
90fa4868badbd3dfef8b954a16eb4eae58743eb1a947ffdf17bb99b91717967a,2020-08,Durham Constabulary,Durham Constabulary,-1.346011,54.842872,On or near Goswick Way,E01033163,County Durham 016F,Violence and sexual offences,Unable to prosecute suspect,
,2020-08,Durham Constabulary,Durham Constabulary,-1.368202,54.843798,On or near Gregson Terrace,E01033202,County Durham 016G,Anti-social behaviour,,
,2020-08,Durham Constabulary,Durham Constabulary,-1.368645,54.839325,On or near Milldale,E01033202,County Durham 016G,Anti-social behaviour,,
,2020-08,Durham Constabulary,Durham Constabulary,-1.369490,54.843041,On or near Rutherford Avenue,E01033202,County Durham 016G,Anti-social behaviour,,
,2020-08,Durham Constabulary,Durham Constabulary,-1.368202,54.843798,On or near Gregson Terrace,E01033202,County Durham 016G,Anti-social behaviour,,
e29f1146f410b649b072b5099bcadbcab0012a551b40413ea188eb57d3354f0e,2020-08,Durham Constabulary,Durham Constabulary,-1.368645,54.839325,On or near Milldale,E01033202,County Durham 016G,Public order,Unable to prosecute suspect,
fad3ff69b2e8b35fafe6db7d9b17f2404f1351429b6fa0cac420076cd13473dc,2020-08,Durham Constabulary,Durham Constabulary,-1.368202,54.843798,On or near Gregson Terrace,E01033202,County Durham 016G,Public order,Further investigation is not in the public interest,
871ce1c8780dffa5abe081571242a1c90fe681d0b727a7094cababc9d7318866,2020-08,Durham Constabulary,Durham Constabulary,-1.365543,54.844503,On or near Sports/Recreation Area,E01033202,County Durham 016G,Public order,Unable to prosecute suspect,
46be498afdb7641307bcd276ff36bb4218acd52b10a6b4c4b8ce1fd911a8527e,2020-08,Durham Constabulary,Durham Constabulary,-1.368202,54.843798,On or near Gregson Terrace,E01033202,County Durham 016G,Vehicle crime,Investigation complete; no suspect identified,
50a8a2055af20e23e8c98395cab81525f6194028b9d52eb211b13feb3b93a464,2020-08,Durham Constabulary,Durham Constabulary,-1.365543,54.844503,On or near Sports/Recreation Area,E01033202,County Durham 016G,Violence and sexual offences,Local resolution,
f13eca38a9c66b8b4e3750a67cfa3bba619d00e3e55fd5768015d1b530aa8541,2020-08,Durham Constabulary,Durham Constabulary,-1.368645,54.839325,On or near Milldale,E01033202,County Durham 016G,Violence and sexual offences,Unable to prosecute suspect,
dc838e32a090798c301b8ade74ea667e3ff81eb786a493ccf7d5fc028464a7a1,2020-08,Durham Constabulary,Durham Constabulary,-1.365463,54.841654,On or near Parking Area,E01033202,County Durham 016G,Violence and sexual offences,Unable to prosecute suspect,
,2020-08,Durham Constabulary,Durham Constabulary,-1.342980,54.830040,On or near Parkside Crescent,E01020740,County Durham 017A,Anti-social behaviour,,
,2020-08,Durham Constabulary,Durham Constabulary,-1.342980,54.830040,On or near Parkside Crescent,E01020740,County Durham 017A,Anti-social behaviour,,
,2020-08,Durham Constabulary,Durham Constabulary,-1.340221,54.835067,On or near Elizabeth Street,E01020740,County Durham 017A,Anti-social behaviour,,
,2020-08,Durham Constabulary,Durham Constabulary,-1.341542,54.835164,On or near Queen Street,E01020740,County Durham 017A,Anti-social behaviour,,
6a0d4bc0fa3c8e73f1e793d311874f5745314465ad2c017db84fc67e23552843,2020-08,Durham Constabulary,Durham Constabulary,-1.336777,54.832388,On or near Akon Street,E01020740,County Durham 017A,Public order,Unable to prosecute suspect,
e0a3ad6a4194d4ee9ff1775c82c8d8b395536cf66b37e10a1b88b27b5860149a,2020-08,Durham Constabulary,Durham Constabulary,-1.342980,54.830040,On or near Parkside Crescent,E01020740,County Durham 017A,Violence and sexual offences,Unable to prosecute suspect,
a71f82f11b4218c6804f3759c315af75be1cf94084a6b2684ea4f72d9b6691dc,2020-08,Durham Constabulary,Durham Constabulary,-1.342980,54.830040,On or near Parkside Crescent,E01020740,County Durham 017A,Violence and sexual offences,Unable to prosecute suspect,
e17a4898a98d1f0cd5e9dadd8e628f42cc4210e0b1f8296017e74fde1f45c617,2020-08,Durham Constabulary,Durham Constabulary,-1.342980,54.830040,On or near Parkside Crescent,E01020740,County Durham 017A,Violence and sexual offences,Unable to prosecute suspect,
d545078250752c7438d1c688ea55426c1416735ca9becf70e7c15bc3affb5338,2020-08,Durham Constabulary,Durham Constabulary,-1.342980,54.830040,On or near Parkside Crescent,E01020740,County Durham 017A,Violence and sexual offences,Unable to prosecute suspect,
7030de8caf8a106e7674d4964577020a270fc7b52a63ba2b371f30e2530596a6,2020-08,Durham Constabulary,Durham Constabulary,-1.336777,54.832388,On or near Akon Street,E01020740,County Durham 017A,Violence and sexual offences,Unable to prosecute suspect,
01e69420e7a61703e24c8ebcf7546abfdc0986725e91962f9c41a0bf596b2f04,2020-08,Durham Constabulary,Durham Constabulary,-1.342863,54.835369,On or near Victoria Street,E01020740,County Durham 017A,Violence and sexual offences,Unable to prosecute suspect,
d89f1188f11722e45fb4e5a1720881c0bfb02d8816ddf0cbf46a315361b25f85,2020-08,Durham Constabulary,Durham Constabulary,-1.342863,54.835369,On or near Victoria Street,E01020740,County Durham 017A,Violence and sexual offences,Unable to prosecute suspect,
,2020-08,Durham Constabulary,Durham Constabulary,-1.332629,54.830928,On or near Ilchester Street,E01020741,County Durham 017B,Anti-social behaviour,,
,2020-08,Durham Constabulary,Durham Constabulary,-1.332629,54.830928,On or near Ilchester Street,E01020741,County Durham 017B,Anti-social behaviour,,
,2020-08,Durham Constabulary,Durham Constabulary,-1.329412,54.834379,On or near Mary Street,E01020741,County Durham 017B,Anti-social behaviour,,
de6296eb21189de427362105571064c2467f8d7a7c9a7153ae97070eb2274915,2020-08,Durham Constabulary,Durham Constabulary,-1.332629,54.830928,On or near Ilchester Street,E01020741,County Durham 017B,Burglary,Court result unavailable,
619a3653c87ee228734c3d3027182d8fb898197e6d0ec1afd21cef212bfc5236,2020-08,Durham Constabulary,Durham Constabulary,-1.331532,54.833240,On or near Albert Street,E01020741,County Durham 017B,Criminal damage and arson,Unable to prosecute suspect,
9696b39d47408d1272f616a97e472e41fa65bbee010c48e2146b46bbd35ece76,2020-08,Durham Constabulary,Durham Constabulary,-1.332629,54.830928,On or near Ilchester Street,E01020741,County Durham 017B,Criminal damage and arson,Court result unavailable,
6b86f309580184f6a9693a1941b1cd1d8f0e32ca8d52ea9e9055691fcc6b1ba7,2020-08,Durham Constabulary,Durham Constabulary,-1.333458,54.831669,On or near Fox Street,E01020741,County Durham 017B,Criminal damage and arson,Further action is not in the public interest,
1a0c61b40b3aaeaef7e43f8d4fa223a179801bd80639ab0c43008bf9dac33369,2020-08,Durham Constabulary,Durham Constabulary,-1.333883,54.832291,On or near Cottages Road,E01020741,County Durham 017B,Other theft,Unable to prosecute suspect,
60883c30c75e65be80c299dd6907ec0206dcbc90ac104f57bb48f306047bca04,2020-08,Durham Constabulary,Durham Constabulary,-1.335889,54.831494,On or near Grenaby Way,E01020741,County Durham 017B,Theft from the person,Unable to prosecute suspect,
61318575792c85a6f09507fa7ba252a6f0db3749a511da618244c4e2806248c7,2020-08,Durham Constabulary,Durham Constabulary,-1.333012,54.831289,On or near Strangways Street,E01020741,County Durham 017B,Violence and sexual offences,Unable to prosecute suspect,
d752fbf3473a1c8dabf08f0bf7b2b6663c7dc8c187e5a06933e3c20faef31eb9,2020-08,Durham Constabulary,Durham Constabulary,-1.332629,54.830928,On or near Ilchester Street,E01020741,County Durham 017B,Violence and sexual offences,Court result unavailable,
b1f38fa0248c20e91444324e92dc2dbd75ea941e74cd12be8360b4d089d4608a,2020-08,Durham Constabulary,Durham Constabulary,-1.333883,54.832291,On or near Cottages Road,E01020741,County Durham 017B,Violence and sexual offences,Unable to prosecute suspect,
c63161d0f8e469054e0bb58896a0f3918d5a10c941fab9d69bd2db651a853963,2020-08,Durham Constabulary,Durham Constabulary,-1.333883,54.832291,On or near Cottages Road,E01020741,County Durham 017B,Violence and sexual offences,Investigation complete; no suspect identified,
386ac3c258a512c3becea47e1904308173bf28ca5047e4c945ca17e853b9748a,2020-08,Durham Constabulary,Durham Constabulary,-1.332629,54.830928,On or near Ilchester Street,E01020741,County Durham 017B,Violence and sexual offences,Status update unavailable,
11a22c4777d12ae7de28929f7b3f93dc15f4d43e65412411f6482eb1eb2ae750,2020-08,Durham Constabulary,Durham Constabulary,-1.333458,54.831669,On or near Fox Street,E01020741,County Durham 017B,Violence and sexual offences,Further action is not in the public interest,
,2020-08,Durham Constabulary,Durham Constabulary,-1.334049,54.828814,On or near Embleton Mews,E01020742,County Durham 017C,Anti-social behaviour,,
,2020-08,Durham Constabulary,Durham Constabulary,-1.335321,54.829127,On or near Stavordale Street West,E01020742,County Durham 017C,Anti-social behaviour,,
,2020-08,Durham Constabulary,Durham Constabulary,-1.337822,54.830390,On or near Hill Street,E01020742,County Durham 017C,Anti-social behaviour,,
,2020-08,Durham Constabulary,Durham Constabulary,-1.334051,54.830594,On or near Dawdon Crescent,E01020742,County Durham 017C,Anti-social behaviour,,
,2020-08,Durham Constabulary,Durham Constabulary,-1.334049,54.828814,On or near Embleton Mews,E01020742,County Durham 017C,Anti-social behaviour,,
,2020-08,Durham Constabulary,Durham Constabulary,-1.334049,54.828814,On or near Embleton Mews,E01020742,County Durham 017C,Anti-social behaviour,,
fb9369e9b32454e41ddb6a13d907c4a14deaf169979a70d16e2cc9ae768615cf,2020-08,Durham Constabulary,Durham Constabulary,-1.334797,54.828783,On or near Embleton Street,E01020742,County Durham 017C,Criminal damage and arson,Status update unavailable,
6139cf4d4dc178ac52c873901026e22ffdcaf22465ac583d0c1ec98eb9e13297,2020-08,Durham Constabulary,Durham Constabulary,-1.336358,54.829447,On or near Chaplin Street,E01020742,County Durham 017C,Criminal damage and arson,Investigation complete; no suspect identified,
a76692232d3add4af511f17c35109937ab3821dfd94b4c9c33fe8ba056e8f62a,2020-08,Durham Constabulary,Durham Constabulary,-1.336982,54.821785,On or near Admiralty Way,E01020742,County Durham 017C,Criminal damage and arson,Investigation complete; no suspect identified,
06f28d9fb0f652c568eaa3107610701ae462d60d71b51c0f38b97533711d5090,2020-08,Durham Constabulary,Durham Constabulary,-1.335828,54.828555,On or near Shrewsbury Street,E01020742,County Durham 017C,Criminal damage and arson,Unable to prosecute suspect,
e714637ecefcf30422901c74fbd1322b7ab212740342bea88e10432f3cb8e1d7,2020-08,Durham Constabulary,Durham Constabulary,-1.332859,54.830183,On or near King Edward Road,E01020742,County Durham 017C,Drugs,Court result unavailable,
c6ece6cd0714112b4b96ca20a9ff9bf918c4a26f0a10b9779646a3e6e43f8db2,2020-08,Durham Constabulary,Durham Constabulary,-1.336358,54.829447,On or near Chaplin Street,E01020742,County Durham 017C,Public order,Investigation complete; no suspect identified,
169f03a50401c7b6d92dca6db5a9d630ecb2f779f61e90b5b86bb9f0c34bf8a0,2020-08,Durham Constabulary,Durham Constabulary,-1.335828,54.828555,On or near Shrewsbury Street,E01020742,County Durham 017C,Public order,Status update unavailable,
6144410159fe31abf1621e71517a7b93094b50a3b337a74210e78cb4e1a1a4d2,2020-08,Durham Constabulary,Durham Constabulary,-1.334049,54.828814,On or near Embleton Mews,E01020742,County Durham 017C,Violence and sexual offences,Unable to prosecute suspect,
47119384c2c63d3a11cd16b594847bf5710f956cd4eeb2da06684e8c4d75f491,2020-08,Durham Constabulary,Durham Constabulary,-1.334797,54.828783,On or near Embleton Street,E01020742,County Durham 017C,Violence and sexual offences,Unable to prosecute suspect,
f8d69c2832db8d87ade6981d0a94e3d1eacd5008a41204b38e7d7d5ca8dc5a15,2020-08,Durham Constabulary,Durham Constabulary,-1.323953,54.824724,On or near East Cliff Road,E01020742,County Durham 017C,Violence and sexual offences,Investigation complete; no suspect identified,
4fe1ac7809b591aee1c15711a3eb1ffd3f4896fc758fe71141d1f03fb8bbc91a,2020-08,Durham Constabulary,Durham Constabulary,-1.335828,54.828555,On or near Shrewsbury Street,E01020742,County Durham 017C,Violence and sexual offences,Unable to prosecute suspect,
868672632dca99fc14d583886794164397a808c6102dc4ceb0597799481ec1f0,2020-08,Durham Constabulary,Durham Constabulary,-1.335321,54.829127,On or near Stavordale Street West,E01020742,County Durham 017C,Violence and sexual offences,Court result unavailable,
cca35f61f5b817d8528b04ce5297e3dd9addc1621af03d0cdf5684f3333dc9ba,2020-08,Durham Constabulary,Durham Constabulary,-1.333443,54.828784,On or near Queen Alexandra Road,E01020742,County Durham 017C,Violence and sexual offences,Unable to prosecute suspect,
99b22906b2f1e424c274df70d1949fd9a2b13cd560b90bda960976f1d9646dab,2020-08,Durham Constabulary,Durham Constabulary,-1.335321,54.829127,On or near Stavordale Street West,E01020742,County Durham 017C,Violence and sexual offences,Unable to prosecute suspect,
ab6102fb35a1962e109ac16c8b7d9d352d7cec7dbbcc225e05fcf02bdd7ddac6,2020-08,Durham Constabulary,Durham Constabulary,-1.332684,54.828564,On or near Longnewton Street,E01020742,County Durham 017C,Violence and sexual offences,Unable to prosecute suspect,
3f3dba30b38ca67dae4867b1c9e50754d5aaae2230d7b05afebd2453c3772842,2020-08,Durham Constabulary,Durham Constabulary,-1.332859,54.830183,On or near King Edward Road,E01020742,County Durham 017C,Violence and sexual offences,Court result unavailable,
,2020-08,Durham Constabulary,Durham Constabulary,-1.344250,54.841038,On or near Dene Way,E01020782,County Durham 017D,Anti-social behaviour,,
,2020-08,Durham Constabulary,Durham Constabulary,-1.336127,54.841632,On or near Dalden Grove,E01020782,County Durham 017D,Anti-social behaviour,,
,2020-08,Durham Constabulary,Durham Constabulary,-1.336127,54.841632,On or near Dalden Grove,E01020782,County Durham 017D,Anti-social behaviour,,
,2020-08,Durham Constabulary,Durham Constabulary,-1.336127,54.841632,On or near Dalden Grove,E01020782,County Durham 017D,Anti-social behaviour,,
,2020-08,Durham Constabulary,Durham Constabulary,-1.346694,54.839155,On or near Parking Area,E01020782,County Durham 017D,Anti-social behaviour,,
,2020-08,Durham Constabulary,Durham Constabulary,-1.344802,54.840583,On or near Derwent Close,E01020782,County Durham 017D,Anti-social behaviour,,
,2020-08,Durham Constabulary,Durham Constabulary,-1.337764,54.840553,On or near Northdene Avenue,E01020782,County Durham 017D,Anti-social behaviour,,
,2020-08,Durham Constabulary,Durham Constabulary,-1.336127,54.841632,On or near Dalden Grove,E01020782,County Durham 017D,Anti-social behaviour,,
861d327b5dc6aced1de9eac9326a37cdc7a08d5d66cbb0d5c6aa9a3d9494caef,2020-08,Durham Constabulary,Durham Constabulary,-1.340449,54.841134,On or near Dene House Road,E01020782,County Durham 017D,Criminal damage and arson,Investigation complete; no suspect identified,
2331ffb887e61926d5b9be34e89efbc150993a9f20a06f6e3c6ed55019168c08,2020-08,Durham Constabulary,Durham Constabulary,-1.346694,54.839155,On or near Parking Area,E01020782,County Durham 017D,Public order,Investigation complete; no suspect identified,
1fccbbf027d6c3c46f39803dca0afc7b389c21264ef27deaacc9159ea55b3875,2020-08,Durham Constabulary,Durham Constabulary,-1.346694,54.839155,On or near Parking Area,E01020782,County Durham 017D,Public order,Investigation complete; no suspect identified,
1cd3c6ba5f7176ab70e4e201ac7da4f1b22ce76fdacb8a2bd656503d6dc67f70,2020-08,Durham Constabulary,Durham Constabulary,-1.346694,54.839155,On or near Parking Area,E01020782,County Durham 017D,Public order,Investigation complete; no suspect identified,
cd859eba2c068e50b01eed820995d4b19184091640baae91b74ba4504325aa6c,2020-08,Durham Constabulary,Durham Constabulary,-1.341853,54.840027,On or near Countess Close,E01020782,County Durham 017D,Violence and sexual offences,Unable to prosecute suspect,
738adb0c72899aa139942d3cb2747c17e94ccd8e3048eb73d61aeae3bfeaec2d,2020-08,Durham Constabulary,Durham Constabulary,-1.344565,54.838874,On or near Church Green,E01020782,County Durham 017D,Violence and sexual offences,Investigation complete; no suspect identified,
fdcce3934461eeed400ad711f8ae82f0ba717af3df1dab5b5354feffe0c7fe17,2020-08,Durham Constabulary,Durham Constabulary,-1.353490,54.840647,On or near Oliver Street,E01020783,County Durham 017E,Criminal damage and arson,Local resolution,
3028d646caead4720c63f696b43430293af74f0beb3ed21130f022a51f46269d,2020-08,Durham Constabulary,Durham Constabulary,-1.353910,54.842608,On or near North Haven,E01020783,County Durham 017E,Other theft,Investigation complete; no suspect identified,
de4f98b2ba2b2dcc2b6be09661eb94bbb66ca69a459c6a24e26346ffca7da266,2020-08,Durham Constabulary,Durham Constabulary,-1.355599,54.839229,On or near Cheviot Court,E01020783,County Durham 017E,Vehicle crime,Investigation complete; no suspect identified,
7dba3fab14676e25bb0dda856955505753dae30d3554a9065c338a3a3b3db991,2020-08,Durham Constabulary,Durham Constabulary,-1.351370,54.841759,On or near Stockton Street,E01020783,County Durham 017E,Violence and sexual offences,Unable to prosecute suspect,
,2020-08,Durham Constabulary,Durham Constabulary,-1.332132,54.837449,On or near Parking Area,E01020784,County Durham 017F,Anti-social behaviour,,
,2020-08,Durham Constabulary,Durham Constabulary,-1.335223,54.836999,On or near Church Street,E01020784,County Durham 017F,Anti-social behaviour,,
,2020-08,Durham Constabulary,Durham Constabulary,-1.335472,54.838896,On or near Henry Street,E01020784,County Durham 017F,Anti-social behaviour,,
,2020-08,Durham Constabulary,Durham Constabulary,-1.332462,54.836355,On or near Shaw Street,E01020784,County Durham 017F,Anti-social behaviour,,
,2020-08,Durham Constabulary,Durham Constabulary,-1.339803,54.836835,On or near George Street,E01020784,County Durham 017F,Anti-social behaviour,,
,2020-08,Durham Constabulary,Durham Constabulary,-1.333457,54.837366,On or near Back South Railway Street,E01020784,County Durham 017F,Anti-social behaviour,,
,2020-08,Durham Constabulary,Durham Constabulary,-1.334568,54.835144,On or near Viceroy Street,E01020784,County Durham 017F,Anti-social behaviour,,
a3da44ccdc0fe2d63e5eadf71d9829d4b5db50c323706774c8bc0ff1540a35f2,2020-08,Durham Constabulary,Durham Constabulary,-1.332316,54.836668,On or near Green Street,E01020784,County Durham 017F,Burglary,Court result unavailable,
0da9b65e684f67b9ed6685625d8d2c13b10fc153d863fa1e88e85883a4cbc719,2020-08,Durham Constabulary,Durham Constabulary,-1.332805,54.839133,On or near Back North Terrace,E01020784,County Durham 017F,Burglary,Investigation complete; no suspect identified,
b01c7197750b4f10d41bcfe9d138b7a93ad0131073c7b6e8e828bc63cf537ffb,2020-08,Durham Constabulary,Durham Constabulary,-1.333687,54.837619,On or near Wear Street,E01020784,County Durham 017F,Criminal damage and arson,Further action is not in the public interest,
dd4deade8a6c06646af857dbf54a994c998cf73787b3be852ee482fb410bb3a9,2020-08,Durham Constabulary,Durham Constabulary,-1.333687,54.837619,On or near Wear Street,E01020784,County Durham 017F,Criminal damage and arson,Unable to prosecute suspect,
7b9ea7fd7ec734917378dbd4f97ab054be065a2597d74a6edd8deda3384a753a,2020-08,Durham Constabulary,Durham Constabulary,-1.332805,54.839133,On or near Back North Terrace,E01020784,County Durham 017F,Criminal damage and arson,Investigation complete; no suspect identified,
38eb23fd297c255e6b3afbc77d2af2d52a0a8e7a466d34917d80a71b334e2f10,2020-08,Durham Constabulary,Durham Constabulary,-1.335246,54.837475,On or near Adelaide Row,E01020784,County Durham 017F,Public order,Unable to prosecute suspect,
67e8bd074b7712c00a33de3f27dc0fb36f87b517f19942b11cd55c9e65391c34,2020-08,Durham Constabulary,Durham Constabulary,-1.333872,54.838636,On or near Back North Railway Street,E01020784,County Durham 017F,Shoplifting,Investigation complete; no suspect identified,
033ce86d31c47a4b5d673800cfc57d884b64e156d1ab32ef5eeb5b741a51a8cd,2020-08,Durham Constabulary,Durham Constabulary,-1.331697,54.834607,On or near Linthorpe Road,E01020784,County Durham 017F,Shoplifting,Investigation complete; no suspect identified,
d06e6e421c1aae9c7c47bea87beee6e9e1dbd41a747ab9e58dab972198171c26,2020-08,Durham Constabulary,Durham Constabulary,-1.332316,54.836668,On or near Green Street,E01020784,County Durham 017F,Shoplifting,Investigation complete; no suspect identified,
dd3eccbd4bd80a513dbfdb01a36dccb3975dda02cd180947add8d71c52c811cf,2020-08,Durham Constabulary,Durham Constabulary,-1.333868,54.837953,On or near Parking Area,E01020784,County Durham 017F,Shoplifting,Investigation complete; no suspect identified,
e0dc0860400e45cf419b3234745e6d790c483e94cb9e62bb660c6c8d7f628bc9,2020-08,Durham Constabulary,Durham Constabulary,-1.332316,54.836668,On or near Green Street,E01020784,County Durham 017F,Shoplifting,Unable to prosecute suspect,
40d3f62dec34ae99e250e27b9c518da2248ab107e6345c2d22009ca5c9fa5c0a,2020-08,Durham Constabulary,Durham Constabulary,-1.332316,54.836668,On or near Green Street,E01020784,County Durham 017F,Shoplifting,Investigation complete; no suspect identified,
71992189d62d2d4dc34e0fcbae4f5aebe07f6fedbbe5ba252f8df15a4eb299ae,2020-08,Durham Constabulary,Durham Constabulary,-1.332316,54.836668,On or near Green Street,E01020784,County Durham 017F,Shoplifting,Investigation complete; no suspect identified,
34dd2255a169aa43e5800beeb7a1b61b5674d406408d8ce7b2d9cde5294ff96b,2020-08,Durham Constabulary,Durham Constabulary,-1.332805,54.839133,On or near Back North Terrace,E01020784,County Durham 017F,Violence and sexual offences,Local resolution,
e8856273af933f385ffdff1c1f8e1b198b636b78ad70e4080e9e0413a9e441b5,2020-08,Durham Constabulary,Durham Constabulary,-1.333457,54.837366,On or near Back South Railway Street,E01020784,County Durham 017F,Violence and sexual offences,Unable to prosecute suspect,
4ab7eaf95b35996550ef398966e29c7202df849d808c1dc027d0cd7c0993d2a0,2020-08,Durham Constabulary,Durham Constabulary,-1.333457,54.837366,On or near Back South Railway Street,E01020784,County Durham 017F,Violence and sexual offences,Offender given a caution,
4cef70e7cbc36c12ccd35c80050163e6737fd618d0ebe77175adde63ed6b9187,2020-08,Durham Constabulary,Durham Constabulary,-1.331697,54.834607,On or near Linthorpe Road,E01020784,County Durham 017F,Violence and sexual offences,Unable to prosecute suspect,
544877bf38e35c65c0cb40ae69fdf36927812806636702950bff7ed0d6306ed1,2020-08,Durham Constabulary,Durham Constabulary,-1.333687,54.837619,On or near Wear Street,E01020784,County Durham 017F,Violence and sexual offences,Further investigation is not in the public interest,
36efda17414d8f9e645c90bbfaf2927922af4ddbf0f3b3921476c6c541f3e4e7,2020-08,Durham Constabulary,Durham Constabulary,-1.332805,54.839133,On or near Back North Terrace,E01020784,County Durham 017F,Violence and sexual offences,Unable to prosecute suspect,
fec342096d81bae9a0d15d322bae6e6060e169ddb82cce2308ebd431979f3ec7,2020-08,Durham Constabulary,Durham Constabulary,-1.333457,54.837366,On or near Back South Railway Street,E01020784,County Durham 017F,Violence and sexual offences,Unable to prosecute suspect,
618f98b5e22a513978640c5c5274f274c80775ca42b9cee993dcd7402f824c98,2020-08,Durham Constabulary,Durham Constabulary,-1.332462,54.836355,On or near Shaw Street,E01020784,County Durham 017F,Violence and sexual offences,Investigation complete; no suspect identified,
e3bdfc00edc2534018e7c0a6f056b4da2fe978a835731d220e1dc91f65e237f2,2020-08,Durham Constabulary,Durham Constabulary,-1.333872,54.838636,On or near Back North Railway Street,E01020784,County Durham 017F,Violence and sexual offences,Investigation complete; no suspect identified,
0870872ff975c90b833acb8c004734dfabf0f28aec94bf671626e220e8e3bb28,2020-08,Durham Constabulary,Durham Constabulary,-1.332462,54.836355,On or near Shaw Street,E01020784,County Durham 017F,Violence and sexual offences,Investigation complete; no suspect identified,
fc97049194cf83b48d7e148524e244a226725777089bfd83cb82684903094448,2020-08,Durham Constabulary,Durham Constabulary,-1.333952,54.834736,On or near Maria Street,E01020784,County Durham 017F,Violence and sexual offences,Status update unavailable,
f0a8f10642cf70dd0b2bc0e58d29faf0063bb356f2b3853d8a534a826b184249,2020-08,Durham Constabulary,Durham Constabulary,-1.335472,54.838896,On or near Henry Street,E01020784,County Durham 017F,Violence and sexual offences,Investigation complete; no suspect identified,
,2020-08,Durham Constabulary,Durham Constabulary,-1.345250,54.825416,On or near Jasmine Crescent,E01020743,County Durham 018A,Anti-social behaviour,,
,2020-08,Durham Constabulary,Durham Constabulary,-1.343952,54.830585,On or near Cedar Crescent,E01020743,County Durham 018A,Anti-social behaviour,,
,2020-08,Durham Constabulary,Durham Constabulary,-1.345838,54.824655,On or near Laburnum Crescent,E01020743,County Durham 018A,Anti-social behaviour,,
,2020-08,Durham Constabulary,Durham Constabulary,-1.344019,54.828348,On or near Beech Crescent,E01020743,County Durham 018A,Anti-social behaviour,,
,2020-08,Durham Constabulary,Durham Constabulary,-1.341186,54.827443,On or near Ash Crescent,E01020743,County Durham 018A,Anti-social behaviour,,
0e08076d41cbbe317e5a4e2ff3c275cc5d415397b37e888ee430c3ee1d51c130,2020-08,Durham Constabulary,Durham Constabulary,-1.341186,54.827443,On or near Ash Crescent,E01020743,County Durham 018A,Criminal damage and arson,Local resolution,
74ca57fd1f5650d481aff93db62f7c3b9d1a698ed5bc430d2cf13419b92363c6,2020-08,Durham Constabulary,Durham Constabulary,-1.345024,54.826852,On or near Elmtree Court,E01020743,County Durham 018A,Other theft,Local resolution,
00086bcfa15577cfa3e3215d88124dd7516957811dbbe6708e3ca743c2651515,2020-08,Durham Constabulary,Durham Constabulary,-1.346589,54.823437,On or near Maple Crescent,E01020743,County Durham 018A,Public order,Unable to prosecute suspect,
813aed6ae50c0608572a7334f586a1efb5484bd032e984ff4bfff81bd66ca04e,2020-08,Durham Constabulary,Durham Constabulary,-1.341186,54.827443,On or near Ash Crescent,E01020743,County Durham 018A,Public order,Local resolution,
8d22ee7c248024ace0a7f6a5913afd2fee85fd3f875dc87aaa6719f2951a9747,2020-08,Durham Constabulary,Durham Constabulary,-1.344019,54.828348,On or near Beech Crescent,E01020743,County Durham 018A,Violence and sexual offences,Unable to prosecute suspect,
4aa4860a7db94f59def06ff4b54ab162066c4cae94ad18ca74f60e74e37d5ecf,2020-08,Durham Constabulary,Durham Constabulary,-1.349871,54.832324,On or near Parking Area,E01020743,County Durham 018A,Violence and sexual offences,Further investigation is not in the public interest,
cfac9b61ae8a1d2c5b11cbc4d69cb2d04234a51396ba435c93c406ec1c21ce11,2020-08,Durham Constabulary,Durham Constabulary,-1.344901,54.824848,On or near Fern Crescent,E01020743,County Durham 018A,Violence and sexual offences,Further investigation is not in the public interest,
bf26c791a82e038cc83a3772697435c37ecb0858a4ae4d706ec3b0f2d6cb42cb,2020-08,Durham Constabulary,Durham Constabulary,-1.344019,54.828348,On or near Beech Crescent,E01020743,County Durham 018A,Violence and sexual offences,Unable to prosecute suspect,
2e8fbd7ede80b66131f56acdd4e93d25736dce925c8cbe9032745a4a4ce3da69,2020-08,Durham Constabulary,Durham Constabulary,-1.346589,54.823437,On or near Maple Crescent,E01020743,County Durham 018A,Violence and sexual offences,Unable to prosecute suspect,
c506e0d44c50723e2f91da45fb985ea668003138f3be7af56ee052103f7129f0,2020-08,Durham Constabulary,Durham Constabulary,-1.341186,54.827443,On or near Ash Crescent,E01020743,County Durham 018A,Violence and sexual offences,Unable to prosecute suspect,
22f6b02f2f3129bd74b7b1ee6d65b97a2078250256f5e4338394bf94f54d0c3a,2020-08,Durham Constabulary,Durham Constabulary,-1.345250,54.825416,On or near Jasmine Crescent,E01020743,County Durham 018A,Violence and sexual offences,Unable to prosecute suspect,
eafab7b455d6370f8a08d7fbc76cad0c740f55aaee86b4486d01d8c29626f75c,2020-08,Durham Constabulary,Durham Constabulary,-1.345250,54.825416,On or near Jasmine Crescent,E01020743,County Durham 018A,Violence and sexual offences,Unable to prosecute suspect,
ecbfdf4f63bc06edce5b20baf90617975ed117fcd9d74c6c5068ecad5c969e7b,2020-08,Durham Constabulary,Durham Constabulary,-1.345024,54.826852,On or near Elmtree Court,E01020743,County Durham 018A,Violence and sexual offences,Unable to prosecute suspect,
134c6b66b76c8b5a7c07617f10de2459d7d82f5848f5fb326dc78cb0ee183c53,2020-08,Durham Constabulary,Durham Constabulary,-1.345024,54.826852,On or near Elmtree Court,E01020743,County Durham 018A,Other crime,Investigation complete; no suspect identified,
,2020-08,Durham Constabulary,Durham Constabulary,-1.359675,54.835468,On or near Queensbury Road,E01020747,County Durham 018B,Anti-social behaviour,,
7c48106921a74952aa9e6b543f7d7f99770c8ba675d9d1d4bcf7b00ab8691c92,2020-08,Durham Constabulary,Durham Constabulary,-1.357552,54.834890,On or near The Avenue,E01020747,County Durham 018B,Criminal damage and arson,Investigation complete; no suspect identified,
90ac65e33825004179d3a709c8de9a5aae1aa54184ba07945e3523f24a90b9da,2020-08,Durham Constabulary,Durham Constabulary,-1.355256,54.837286,On or near Sports/Recreation Area,E01020747,County Durham 018B,Criminal damage and arson,Investigation complete; no suspect identified,
55354d6d0d930aa30d0ab994cf54ebf0564f65578bf13a482ce2214f0f8ef5e7,2020-08,Durham Constabulary,Durham Constabulary,-1.362169,54.834294,On or near Ryton Crescent,E01020747,County Durham 018B,Public order,Investigation complete; no suspect identified,
9390a6a2b3ed716f27fae86a70a57c36ec9e6f42428e65a87f76e1a331a4fbd0,2020-08,Durham Constabulary,Durham Constabulary,-1.361155,54.833462,On or near Lawnside,E01020747,County Durham 018B,Public order,Unable to prosecute suspect,
a182c3c025eaf2638bd34d94e9b428d69f943dc20a5fb85c23a4c9b6f3e264ce,2020-08,Durham Constabulary,Durham Constabulary,-1.357552,54.834890,On or near The Avenue,E01020747,County Durham 018B,Shoplifting,Investigation complete; no suspect identified,
fbef81858f2842fa39d2a43029036f5bbeed75d54cb15b2735abfa411f561392,2020-08,Durham Constabulary,Durham Constabulary,-1.361129,54.835134,On or near Saturn Street,E01020747,County Durham 018B,Violence and sexual offences,Court result unavailable,
78beb78154a2bdd7bd5945f5b18d6b0c179c76a30e8432eededb8e64691beaac,2020-08,Durham Constabulary,Durham Constabulary,-1.361129,54.835134,On or near Saturn Street,E01020747,County Durham 018B,Violence and sexual offences,Court result unavailable,
a912264a0bd761535fcf2cd4644fd9d8052905459d8a91a2bd98d364809fdb70,2020-08,Durham Constabulary,Durham Constabulary,-1.355256,54.837286,On or near Sports/Recreation Area,E01020747,County Durham 018B,Violence and sexual offences,Investigation complete; no suspect identified,
c028aa5356a26c256ab3c4c97b2f1f01ee2ecf4f8ed393d3861753c1dd592f93,2020-08,Durham Constabulary,Durham Constabulary,-1.359675,54.835468,On or near Queensbury Road,E01020747,County Durham 018B,Violence and sexual offences,Unable to prosecute suspect,
c65d07f9e1f38d672bef73502816ff7b89408c3b22eb8e8d92888ad29346731a,2020-08,Durham Constabulary,Durham Constabulary,-1.359826,54.836780,On or near Malvern Crescent,E01020747,County Durham 018B,Violence and sexual offences,Unable to prosecute suspect,
4044ce3524d3c340b858bc0acef912b7c37817297f720fa6382f26a3c5729d74,2020-08,Durham Constabulary,Durham Constabulary,-1.360746,54.834682,On or near Topaz Street,E01020747,County Durham 018B,Violence and sexual offences,Unable to prosecute suspect,
6958d4558abb91aaaf44b8a82c0087e06b07bd89716be05962961821a931ca11,2020-08,Durham Constabulary,Durham Constabulary,-1.356277,54.836708,On or near Portland Avenue,E01020747,County Durham 018B,Violence and sexual offences,Local resolution,
ae0877c4a358f43a9a51f46c511e7a6a8e01a2f094b56c755396ac4a35fd0eb4,2020-08,Durham Constabulary,Durham Constabulary,-1.364872,54.833680,On or near Epping Close,E01020748,County Durham 018C,Burglary,Investigation complete; no suspect identified,
0b0b112f28d5f8a8a2d1d15a208fe4662bf008ea42e27fc8332f3587a8ffe830,2020-08,Durham Constabulary,Durham Constabulary,-1.365097,54.837248,On or near Eskdale Close,E01020748,County Durham 018C,Burglary,Unable to prosecute suspect,
0a5ec4c8645fa572577ad2d8076bae0be81ffabd8b3be0bc7464856dc9f8226a,2020-08,Durham Constabulary,Durham Constabulary,-1.362389,54.836156,On or near Eastlea Crescent,E01020748,County Durham 018C,Criminal damage and arson,Investigation complete; no suspect identified,
b383701220ccce90bb06aec6fcfa9a9efda162d7e06440011acd8b121e48b85e,2020-08,Durham Constabulary,Durham Constabulary,-1.362389,54.836156,On or near Eastlea Crescent,E01020748,County Durham 018C,Criminal damage and arson,Investigation complete; no suspect identified,
e4894d4cb9bf081797fd0e13274e948a85eb5bfdd181792a95bd92df19834dc7,2020-08,Durham Constabulary,Durham Constabulary,-1.364629,54.834298,On or near Essex Crescent,E01020748,County Durham 018C,Criminal damage and arson,Investigation complete; no suspect identified,
5caa968107e0ababe8040256129de9acfb38ae487a890c07c354f3ba1d7db0b5,2020-08,Durham Constabulary,Durham Constabulary,-1.362389,54.836156,On or near Eastlea Crescent,E01020748,County Durham 018C,Criminal damage and arson,Investigation complete; no suspect identified,
2e04dd38000585f48d6abd1aac90dd28525e6ad75f66cb1c87cdefdece782346,2020-08,Durham Constabulary,Durham Constabulary,-1.364629,54.834298,On or near Essex Crescent,E01020748,County Durham 018C,Criminal damage and arson,Unable to prosecute suspect,
8783a86b52a9de77417390203362f82d5bec81307623e0799fe744c5e7b0e9f0,2020-08,Durham Constabulary,Durham Constabulary,-1.365973,54.833955,On or near Sports/Recreation Area,E01020748,County Durham 018C,Drugs,Formal action is not in the public interest,
5b21bf85840437f7bc07a33fd36278d497d57e0d3147cd283090319194c71793,2020-08,Durham Constabulary,Durham Constabulary,-1.362389,54.836156,On or near Eastlea Crescent,E01020748,County Durham 018C,Vehicle crime,Investigation complete; no suspect identified,
045a109713ef2d644851d2adb97239701ac023356d48d96bca9b0c48bde9243f,2020-08,Durham Constabulary,Durham Constabulary,-1.365973,54.833955,On or near Sports/Recreation Area,E01020748,County Durham 018C,Violence and sexual offences,Unable to prosecute suspect,
,2020-08,Durham Constabulary,Durham Constabulary,-1.349162,54.837676,On or near Police Station,E01020749,County Durham 018D,Anti-social behaviour,,
,2020-08,Durham Constabulary,Durham Constabulary,-1.345965,54.838010,On or near Strangford Road,E01020749,County Durham 018D,Anti-social behaviour,,
,2020-08,Durham Constabulary,Durham Constabulary,-1.349162,54.837676,On or near Police Station,E01020749,County Durham 018D,Anti-social behaviour,,
,2020-08,Durham Constabulary,Durham Constabulary,-1.351345,54.834561,On or near Laurel Avenue,E01020749,County Durham 018D,Anti-social behaviour,,
,2020-08,Durham Constabulary,Durham Constabulary,-1.349162,54.837676,On or near Police Station,E01020749,County Durham 018D,Anti-social behaviour,,
5e5f157bc85c20d74b04c62151b71603bd48d5fbf4ad7c5d56826884bd562657,2020-08,Durham Constabulary,Durham Constabulary,-1.351345,54.834561,On or near Laurel Avenue,E01020749,County Durham 018D,Criminal damage and arson,Unable to prosecute suspect,
87afb19119548e95e1db7a3927ea921197e5ddf8c585ddbaf772eddf53c808ad,2020-08,Durham Constabulary,Durham Constabulary,-1.355469,54.832731,On or near Hexham Avenue,E01020749,County Durham 018D,Other theft,Investigation complete; no suspect identified,
8bf1360741b6e0eb32b62c5cdb43a92c362573d2e2f2fa33ce100c2ac8b2270e,2020-08,Durham Constabulary,Durham Constabulary,-1.348582,54.835993,On or near Pedestrian Subway,E01020749,County Durham 018D,Public order,Unable to prosecute suspect,
3965f9bb4f7b2303c369879a80b200452b610ae27d4d9c9c04bdc1f9ac1a5514,2020-08,Durham Constabulary,Durham Constabulary,-1.349162,54.837676,On or near Police Station,E01020749,County Durham 018D,Theft from the person,Unable to prosecute suspect,
9da924e801d9e8c5208580b42d94b0913ec3bf5286cf38f967b7d543ba043540,2020-08,Durham Constabulary,Durham Constabulary,-1.349162,54.837676,On or near Police Station,E01020749,County Durham 018D,Violence and sexual offences,Unable to prosecute suspect,
b1372d4b7155e8f9b21dfadebbd46a3e1feee3c3f1578080e21ffc41cfbeac97,2020-08,Durham Constabulary,Durham Constabulary,-1.351345,54.834561,On or near Laurel Avenue,E01020749,County Durham 018D,Violence and sexual offences,Unable to prosecute suspect,
ec40be50ebb78cd3e6abaca4890aa270b0b88b7e838fea59546f5b4b80958cbf,2020-08,Durham Constabulary,Durham Constabulary,-1.351345,54.834561,On or near Laurel Avenue,E01020749,County Durham 018D,Violence and sexual offences,Unable to prosecute suspect,
,2020-08,Durham Constabulary,Durham Constabulary,-1.375794,54.822027,On or near Sea View Walk,E01020773,County Durham 018E,Anti-social behaviour,,
52e5fe9112947a3528d46adbef99abdd99c3cc7ac4ed568bfc5fb0b6c47b479d,2020-08,Durham Constabulary,Durham Constabulary,-1.367706,54.824690,On or near B1285,E01020773,County Durham 018E,Criminal damage and arson,Unable to prosecute suspect,
8e126cf3394981ef9aecbd69509fe984ade9c020678533eb9a2b7d41517a8206,2020-08,Durham Constabulary,Durham Constabulary,-1.381057,54.820867,On or near Tregoney Avenue,E01020773,County Durham 018E,Public order,Investigation complete; no suspect identified,
298e84abc568c8508ffa38b8e5ef7570664ff80f56c12ce4e23ffe400287c5e5,2020-08,Durham Constabulary,Durham Constabulary,-1.384710,54.821138,On or near Penzance Bungs,E01020773,County Durham 018E,Theft from the person,Investigation complete; no suspect identified,
002b738740094445e551b810d59dd71ef4ff8dce466e57d50eb8ae3b652c4776,2020-08,Durham Constabulary,Durham Constabulary,-1.375794,54.822027,On or near Sea View Walk,E01020773,County Durham 018E,Violence and sexual offences,Unable to prosecute suspect,
2488591c2c76b99adebe9dd2935b93c4ebb4efe32d62800da5bad355ef69c209,2020-08,Durham Constabulary,Durham Constabulary,-1.379601,54.822451,On or near Bude Square,E01020773,County Durham 018E,Violence and sexual offences,Court result unavailable,
7c3ca4ee59e014decc55a6a7d6e14b4aee178ea08ee0781c65e54dddaaffd62d,2020-08,Durham Constabulary,Durham Constabulary,-1.381057,54.820867,On or near Tregoney Avenue,E01020773,County Durham 018E,Violence and sexual offences,Further action is not in the public interest,
9a68eae84f5ef1d7eed197f63952eb14e2a6acc44f6537b95b049a66fd6d65da,2020-08,Durham Constabulary,Durham Constabulary,-1.386146,54.821882,On or near Mann Crescent,E01020773,County Durham 018E,Violence and sexual offences,Unable to prosecute suspect,
,2020-08,Durham Constabulary,Durham Constabulary,-1.394966,54.820102,On or near Shinwell Terrace,E01020775,County Durham 018F,Anti-social behaviour,,
,2020-08,Durham Constabulary,Durham Constabulary,-1.394966,54.820102,On or near Shinwell Terrace,E01020775,County Durham 018F,Anti-social behaviour,,
,2020-08,Durham Constabulary,Durham Constabulary,-1.400124,54.820729,On or near Stephens Road,E01020775,County Durham 018F,Anti-social behaviour,,
,2020-08,Durham Constabulary,Durham Constabulary,-1.400124,54.820729,On or near Stephens Road,E01020775,County Durham 018F,Anti-social behaviour,,
,2020-08,Durham Constabulary,Durham Constabulary,-1.397024,54.819887,On or near Wetherburn Avenue,E01020775,County Durham 018F,Anti-social behaviour,,
07448b8bee611b5b8fb41f30bdf275e628760bf555a382fe634f34c54644469d,2020-08,Durham Constabulary,Durham Constabulary,-1.397136,54.818594,On or near Wellfield Court,E01020775,County Durham 018F,Burglary,Court result unavailable,
2fde1fdde79484f84e5919b5284a30c19324d1a1fc991fcfbef7d4ed4b204120,2020-08,Durham Constabulary,Durham Constabulary,-1.394966,54.820102,On or near Shinwell Terrace,E01020775,County Durham 018F,Criminal damage and arson,Investigation complete; no suspect identified,
dffd5f3395d6bc5a80e74e8ae913e9dea1496c895a9c2d5cf1e2283ba4a75bcb,2020-08,Durham Constabulary,Durham Constabulary,-1.400124,54.820729,On or near Stephens Road,E01020775,County Durham 018F,Criminal damage and arson,Investigation complete; no suspect identified,
5090dc22a305f238c33f643ca32459edef0ffe6f6b3f8b55873d596a63592c93,2020-08,Durham Constabulary,Durham Constabulary,-1.400124,54.820729,On or near Stephens Road,E01020775,County Durham 018F,Drugs,Formal action is not in the public interest,
492010692a046ce94cc5aefbf10cc4a7e5738878d0112937c83dc6b6be8e882f,2020-08,Durham Constabulary,Durham Constabulary,-1.400124,54.820729,On or near Stephens Road,E01020775,County Durham 018F,Drugs,Unable to prosecute suspect,
2ba70b8487b2ff4003b33ef75f8107012f4c3476d43af214104854ed6b80ad5f,2020-08,Durham Constabulary,Durham Constabulary,-1.400124,54.820729,On or near Stephens Road,E01020775,County Durham 018F,Public order,Court result unavailable,
b8ce9b6a505951f7b5e7a1e3648832b1841becea967c06e5582aaada59ef09fa,2020-08,Durham Constabulary,Durham Constabulary,-1.392424,54.820439,On or near Webb Avenue,E01020775,County Durham 018F,Vehicle crime,Investigation complete; no suspect identified,
de8bebb611a00ec2f0af0b126726a6a79738797d5a2f1961645e63c924766090,2020-08,Durham Constabulary,Durham Constabulary,-1.400124,54.820729,On or near Stephens Road,E01020775,County Durham 018F,Violence and sexual offences,Investigation complete; no suspect identified,
5bd88ba7ef240980ef5d7a19faac8a3aaa504332abdd6a7b63c0bfcbb040ce83,2020-08,Durham Constabulary,Durham Constabulary,-1.400124,54.820729,On or near Stephens Road,E01020775,County Durham 018F,Violence and sexual offences,Unable to prosecute suspect,
0cbfea3d25fc8a6a07f6490e7239b1e634332544b6ac552622d42ab1c307ff0e,2020-08,Durham Constabulary,Durham Constabulary,-1.400124,54.820729,On or near Stephens Road,E01020775,County Durham 018F,Violence and sexual offences,Unable to prosecute suspect,
1663774512ce360c4c5b18f5f72fde75d0a1cad591aa0e2e72d52699b6306f52,2020-08,Durham Constabulary,Durham Constabulary,-1.390483,54.819118,On or near Barnes Road,E01020775,County Durham 018F,Violence and sexual offences,Unable to prosecute suspect,
6e0177f1a84cd61f7f6a4f8926e4a935c2b9e6717ca2676236fa6045905dffcc,2020-08,Durham Constabulary,Durham Constabulary,-1.394966,54.820102,On or near Shinwell Terrace,E01020775,County Durham 018F,Violence and sexual offences,Local resolution,
db70dfefbfc5b01f6a4619f031e4b7ca3ae8a2a6a965154e310ac5e8d51f107c,2020-08,Durham Constabulary,Durham Constabulary,-1.400124,54.820729,On or near Stephens Road,E01020775,County Durham 018F,Other crime,Unable to prosecute suspect,
,2020-08,Durham Constabulary,Durham Constabulary,-1.586804,54.835877,On or near Sports/Recreation Area,E01020604,County Durham 019A,Anti-social behaviour,,
,2020-08,Durham Constabulary,Durham Constabulary,-1.590739,54.842424,On or near Bewick Close,E01020604,County Durham 019A,Anti-social behaviour,,
,2020-08,Durham Constabulary,Durham Constabulary,-1.597719,54.842079,On or near Waldridge Hall,E01020604,County Durham 019A,Anti-social behaviour,,
,2020-08,Durham Constabulary,Durham Constabulary,-1.582313,54.839645,On or near The Dene,E01020604,County Durham 019A,Anti-social behaviour,,
,2020-08,Durham Constabulary,Durham Constabulary,-1.609007,54.845387,On or near Olive Street,E01020604,County Durham 019A,Anti-social behaviour,,
a5f5ac05bc671386b454cc879e847ac37635dae924cbfe61f1638ef8957dd7b3,2020-08,Durham Constabulary,Durham Constabulary,-1.592132,54.837091,On or near The Crescent,E01020604,County Durham 019A,Criminal damage and arson,Unable to prosecute suspect,
68427f0c0b2437878467ea3d34308b3fed8152f304866d6da897d5eb10981157,2020-08,Durham Constabulary,Durham Constabulary,-1.592132,54.837091,On or near The Crescent,E01020604,County Durham 019A,Criminal damage and arson,Unable to prosecute suspect,
53583efba3c5bb3628a53d7cede6d86d29b2ff827f9edc25db77905ad20c2ecf,2020-08,Durham Constabulary,Durham Constabulary,-1.633635,54.835992,On or near Tyzack Street,E01020604,County Durham 019A,Other theft,Unable to prosecute suspect,
3856184df635c33bac0c7fcf25a425c682db2ab56ec16869a9653b5cf5e4d94b,2020-08,Durham Constabulary,Durham Constabulary,-1.608337,54.845447,On or near Cedar Street,E01020604,County Durham 019A,Other theft,Investigation complete; no suspect identified,
a38b11a57d5715baf9fe35872bbc4fc1913f87af8af4d14a6d35d8279d048a0a,2020-08,Durham Constabulary,Durham Constabulary,-1.649460,54.854919,On or near Craghead Lane,E01020604,County Durham 019A,Public order,Unable to prosecute suspect,
57876c5b129bca370eeb992edc93a610d841ecc546bd34ec2a698dbc4584c42b,2020-08,Durham Constabulary,Durham Constabulary,-1.592132,54.837091,On or near The Crescent,E01020604,County Durham 019A,Violence and sexual offences,Unable to prosecute suspect,
dc1f20d96adfdd978c870c7e629700a24fd358a66aef56648b20ae2e31bbbd3d,2020-08,Durham Constabulary,Durham Constabulary,-1.592132,54.837091,On or near The Crescent,E01020604,County Durham 019A,Violence and sexual offences,Unable to prosecute suspect,
894fb16c61a04a26cc2af5f2a4b1197aadf1a8c1c9a5624d0d80c9407831aa8c,2020-08,Durham Constabulary,Durham Constabulary,-1.592132,54.837091,On or near The Crescent,E01020604,County Durham 019A,Violence and sexual offences,Investigation complete; no suspect identified,
5298802c3544d6febb3abf16655e1c33f31c07a4f8002e50fc6be554412bf941,2020-08,Durham Constabulary,Durham Constabulary,-1.649460,54.854919,On or near Craghead Lane,E01020604,County Durham 019A,Violence and sexual offences,Unable to prosecute suspect,
7a629b30dca56900d117913816610d28f140a322c6abee80f2b4db73149e6856,2020-08,Durham Constabulary,Durham Constabulary,-1.592132,54.837091,On or near The Crescent,E01020604,County Durham 019A,Other crime,Unable to prosecute suspect,
f40472b5b2b807d8a592102f7f78204d636543ea8fb3653f5dd0a71e27127565,2020-08,Durham Constabulary,Durham Constabulary,-1.606887,54.842459,On or near Waldridge Lane,E01020604,County Durham 019A,Other crime,Unable to prosecute suspect,
,2020-08,Durham Constabulary,Durham Constabulary,-1.593639,54.826590,On or near Darley Court,E01020607,County Durham 019B,Anti-social behaviour,,
,2020-08,Durham Constabulary,Durham Constabulary,-1.595829,54.820774,On or near Oak Crescent,E01020607,County Durham 019B,Anti-social behaviour,,
,2020-08,Durham Constabulary,Durham Constabulary,-1.602249,54.823222,On or near Hillmeads,E01020607,County Durham 019B,Anti-social behaviour,,
,2020-08,Durham Constabulary,Durham Constabulary,-1.602249,54.823222,On or near Hillmeads,E01020607,County Durham 019B,Anti-social behaviour,,
,2020-08,Durham Constabulary,Durham Constabulary,-1.593639,54.826590,On or near Darley Court,E01020607,County Durham 019B,Anti-social behaviour,,
,2020-08,Durham Constabulary,Durham Constabulary,-1.593880,54.825818,On or near A167,E01020607,County Durham 019B,Anti-social behaviour,,
,2020-08,Durham Constabulary,Durham Constabulary,-1.600735,54.823639,On or near Park View,E01020607,County Durham 019B,Anti-social behaviour,,
,2020-08,Durham Constabulary,Durham Constabulary,-1.604855,54.824084,On or near B6312,E01020607,County Durham 019B,Anti-social behaviour,,
,2020-08,Durham Constabulary,Durham Constabulary,-1.602249,54.823222,On or near Hillmeads,E01020607,County Durham 019B,Anti-social behaviour,,
,2020-08,Durham Constabulary,Durham Constabulary,-1.597813,54.820044,On or near Briar Close,E01020607,County Durham 019B,Anti-social behaviour,,
,2020-08,Durham Constabulary,Durham Constabulary,-1.602249,54.823222,On or near Hillmeads,E01020607,County Durham 019B,Anti-social behaviour,,
,2020-08,Durham Constabulary,Durham Constabulary,-1.593880,54.825818,On or near A167,E01020607,County Durham 019B,Anti-social behaviour,,
,2020-08,Durham Constabulary,Durham Constabulary,-1.603112,54.825678,On or near Sports/Recreation Area,E01020607,County Durham 019B,Anti-social behaviour,,
,2020-08,Durham Constabulary,Durham Constabulary,-1.604855,54.824084,On or near B6312,E01020607,County Durham 019B,Anti-social behaviour,,
,2020-08,Durham Constabulary,Durham Constabulary,-1.601811,54.825009,On or near Ugly Lane,E01020607,County Durham 019B,Anti-social behaviour,,
,2020-08,Durham Constabulary,Durham Constabulary,-1.596528,54.820965,On or near Church View,E01020607,County Durham 019B,Anti-social behaviour,,
,2020-08,Durham Constabulary,Durham Constabulary,-1.593639,54.826590,On or near Darley Court,E01020607,County Durham 019B,Anti-social behaviour,,
f3dae04d0b1a460ce3c5038803deae87671dd0a7def07eb86dc62f681bd30aef,2020-08,Durham Constabulary,Durham Constabulary,-1.604855,54.824084,On or near B6312,E01020607,County Durham 019B,Criminal damage and arson,Unable to prosecute suspect,
cb609e4f089dd5374b295a1d7ac2a7bbb450e3f87ed513d7d41c06b6851c60a1,2020-08,Durham Constabulary,Durham Constabulary,-1.598217,54.821672,On or near Hawthorn Close,E01020607,County Durham 019B,Criminal damage and arson,Investigation complete; no suspect identified,
de47c6a7f422251605792c8f31da0c9e8518b7b7534f856b8eead2ada6237f41,2020-08,Durham Constabulary,Durham Constabulary,-1.595829,54.820774,On or near Oak Crescent,E01020607,County Durham 019B,Other theft,Court result unavailable,
34c4a918e70a1408b9ed635adac8c091896a2286bfe155e3414f8b9cf14e322f,2020-08,Durham Constabulary,Durham Constabulary,-1.595829,54.820774,On or near Oak Crescent,E01020607,County Durham 019B,Other theft,Court result unavailable,
7b9b7f6eb77d26ea79e46efa2a8c4ef713a5a8bb56809cd79f3647cee2f8c407,2020-08,Durham Constabulary,Durham Constabulary,-1.598217,54.821672,On or near Hawthorn Close,E01020607,County Durham 019B,Other theft,Local resolution,
b83ce20cf416b1eaaef528ff6316ee379a724c8a309d65ac61d16a2e761e1094,2020-08,Durham Constabulary,Durham Constabulary,-1.602249,54.823222,On or near Hillmeads,E01020607,County Durham 019B,Public order,Further action is not in the public interest,
bfafea888ce7ecb72e36e59bca14711b8e0578934af71bf57e1196d7be2055c7,2020-08,Durham Constabulary,Durham Constabulary,-1.601811,54.825009,On or near Ugly Lane,E01020607,County Durham 019B,Public order,Action to be taken by another organisation,
63f1380532eeacabc537c76ff32a9ba1d2fdce8b0383b8447aef6686ccbd11ee,2020-08,Durham Constabulary,Durham Constabulary,-1.593880,54.825818,On or near A167,E01020607,County Durham 019B,Public order,Investigation complete; no suspect identified,
a0d4cf3ae1d1b945c8c7043fcc58a87cd58773de454f7156768857f197a541c0,2020-08,Durham Constabulary,Durham Constabulary,-1.597077,54.820491,On or near Cedar Avenue,E01020607,County Durham 019B,Violence and sexual offences,Local resolution,
f9003b807da604cf72ea343a22e6c030d015d8e7a324d8c7f524dfa1d47fc8ec,2020-08,Durham Constabulary,Durham Constabulary,-1.593639,54.826590,On or near Darley Court,E01020607,County Durham 019B,Violence and sexual offences,Investigation complete; no suspect identified,
cd1b0a1be9f0cea4afa2e651e1b1f40a6f4cd5077f484108478d4bc38f6e9a8d,2020-08,Durham Constabulary,Durham Constabulary,-1.593639,54.826590,On or near Darley Court,E01020607,County Durham 019B,Violence and sexual offences,Local resolution,
646cc54dc19e02fb938bd140dc1d8ff5c3f5dcc2d108d94fe8cd9bf817a27a76,2020-08,Durham Constabulary,Durham Constabulary,-1.597077,54.820491,On or near Cedar Avenue,E01020607,County Durham 019B,Violence and sexual offences,Further action is not in the public interest,
8f10f1fb2e6b24e2aa74c2195b9f9d4085e241e7cbaa341f5de35e7761a35b24,2020-08,Durham Constabulary,Durham Constabulary,-1.593639,54.826590,On or near Darley Court,E01020607,County Durham 019B,Violence and sexual offences,Investigation complete; no suspect identified,
baf5be831f7401b89db6bf8a196ef033e25eaf05b637f65fad4abaab4c4277f4,2020-08,Durham Constabulary,Durham Constabulary,-1.597077,54.820491,On or near Cedar Avenue,E01020607,County Durham 019B,Violence and sexual offences,Unable to prosecute suspect,
a93cbff402194bf78d4245426278b8d3b0d36aef1daf85a0d691a8bdc3bbc5ec,2020-08,Durham Constabulary,Durham Constabulary,-1.604855,54.824084,On or near B6312,E01020607,County Durham 019B,Violence and sexual offences,Action to be taken by another organisation,
10628e0683368d9ae2d5e83214d5f5bc881d2468d6932a97a0a54ea4c276caad,2020-08,Durham Constabulary,Durham Constabulary,-1.593639,54.826590,On or near Darley Court,E01020607,County Durham 019B,Violence and sexual offences,Local resolution,
,2020-08,Durham Constabulary,Durham Constabulary,-1.631170,54.816043,On or near Valley View,E01020619,County Durham 019C,Anti-social behaviour,,
,2020-08,Durham Constabulary,Durham Constabulary,-1.629835,54.815689,On or near Witton Road,E01020619,County Durham 019C,Anti-social behaviour,,
,2020-08,Durham Constabulary,Durham Constabulary,-1.629835,54.815689,On or near Witton Road,E01020619,County Durham 019C,Anti-social behaviour,,
a8f8864f8e8585b87b2064cad21f871e015846c949ddd959f7d7f870a3ff4788,2020-08,Durham Constabulary,Durham Constabulary,-1.629835,54.815689,On or near Witton Road,E01020619,County Durham 019C,Other theft,Investigation complete; no suspect identified,
71d1f124eb9516a20a18e05133f6d9aa6119d51264ba737a02d7910fbb255ea6,2020-08,Durham Constabulary,Durham Constabulary,-1.621302,54.814512,On or near Findon Hill,E01020619,County Durham 019C,Public order,Investigation complete; no suspect identified,
febbccbccd14a5ec1773cc9664223472ff4b41515c615f866193d60148ee56b0,2020-08,Durham Constabulary,Durham Constabulary,-1.625833,54.819307,On or near Water Street,E01020619,County Durham 019C,Public order,Unable to prosecute suspect,
62f34d4da534cf398f8769b7f21b0484ecda77fa0147b2edc89f01b1bcbd1090,2020-08,Durham Constabulary,Durham Constabulary,-1.621302,54.814512,On or near Findon Hill,E01020619,County Durham 019C,Violence and sexual offences,Investigation complete; no suspect identified,
12cc619160f4f78faed3609040b025e13059f47bb200c8652f04acc5fef19f43,2020-08,Durham Constabulary,Durham Constabulary,-1.629835,54.815689,On or near Witton Road,E01020619,County Durham 019C,Violence and sexual offences,Unable to prosecute suspect,
8d9d9a464e58a066e7b9f24e84e8d63daa22ccc7ca375aa13a1333a54eeab2d1,2020-08,Durham Constabulary,Durham Constabulary,-1.631170,54.816043,On or near Valley View,E01020619,County Durham 019C,Violence and sexual offences,Local resolution,
287c6374ed9b68305a3cba36d056ef8c8715a2164a49b0bdfbd1a485c7104c26,2020-08,Durham Constabulary,Durham Constabulary,-1.631170,54.816043,On or near Valley View,E01020619,County Durham 019C,Violence and sexual offences,Unable to prosecute suspect,
10e9c3d2af6416dbefc4ef31039ee80e00b34e997a937a1df6561481a2c09c17,2020-08,Durham Constabulary,Durham Constabulary,-1.621302,54.814512,On or near Findon Hill,E01020619,County Durham 019C,Violence and sexual offences,Investigation complete; no suspect identified,
afa7ac0d379d519574e08996ce8442bd69e993a7fc42e7d5b6c41b5f8c3f4300,2020-08,Durham Constabulary,Durham Constabulary,-1.631170,54.816043,On or near Valley View,E01020619,County Durham 019C,Violence and sexual offences,Unable to prosecute suspect,
d2e46a52c0735eece1c1088a2f6ca64c08a1014c923dde9bc5d17cc0e0724ddd,2020-08,Durham Constabulary,Durham Constabulary,-1.631767,54.822210,On or near Sports/Recreation Area,E01020619,County Durham 019C,Violence and sexual offences,Unable to prosecute suspect,
c2a1aa55a25d136a478be62ce21b787fcebf3279ff4dec382879f4a5076db8fd,2020-08,Durham Constabulary,Durham Constabulary,-1.631767,54.822210,On or near Sports/Recreation Area,E01020619,County Durham 019C,Violence and sexual offences,Unable to prosecute suspect,
df94e2ab68bdd18b790ca2054e408b81821006958c115aead1f8594fbf3b2146,2020-08,Durham Constabulary,Durham Constabulary,-1.624912,54.816294,On or near Durham Road,E01020619,County Durham 019C,Violence and sexual offences,Unable to prosecute suspect,
7c9000ce6e7de7461aa023ea2f38f8014c07419711b590250d63c271612089db,2020-08,Durham Constabulary,Durham Constabulary,-1.626952,54.817747,On or near Parking Area,E01020619,County Durham 019C,Violence and sexual offences,Unable to prosecute suspect,
a253467c31bbc8ecccd1d78440ab2c4e03ce30306f74f5832c9be4ec70705ade,2020-08,Durham Constabulary,Durham Constabulary,-1.631170,54.816043,On or near Valley View,E01020619,County Durham 019C,Violence and sexual offences,Unable to prosecute suspect,
75ad6d3047bbc4eb30a3a26db50dc680bee03fedc032ba5a99bf606518a25366,2020-08,Durham Constabulary,Durham Constabulary,-1.631170,54.816043,On or near Valley View,E01020619,County Durham 019C,Other crime,Unable to prosecute suspect,
,2020-08,Durham Constabulary,Durham Constabulary,-1.627945,54.824885,On or near Ashford Drive,E01020620,County Durham 019D,Anti-social behaviour,,
,2020-08,Durham Constabulary,Durham Constabulary,-1.631487,54.818731,On or near Sports/Recreation Area,E01020620,County Durham 019D,Anti-social behaviour,,
,2020-08,Durham Constabulary,Durham Constabulary,-1.627386,54.819644,On or near Victoria Street,E01020620,County Durham 019D,Anti-social behaviour,,
,2020-08,Durham Constabulary,Durham Constabulary,-1.627945,54.824885,On or near Ashford Drive,E01020620,County Durham 019D,Anti-social behaviour,,
,2020-08,Durham Constabulary,Durham Constabulary,-1.627777,54.817758,On or near Iveson Street,E01020620,County Durham 019D,Anti-social behaviour,,
,2020-08,Durham Constabulary,Durham Constabulary,-1.627386,54.819644,On or near Victoria Street,E01020620,County Durham 019D,Anti-social behaviour,,
,2020-08,Durham Constabulary,Durham Constabulary,-1.629559,54.820289,On or near Wesley Close,E01020620,County Durham 019D,Anti-social behaviour,,
,2020-08,Durham Constabulary,Durham Constabulary,-1.625136,54.824041,On or near Deneside,E01020620,County Durham 019D,Anti-social behaviour,,
,2020-08,Durham Constabulary,Durham Constabulary,-1.630365,54.818979,On or near Sports/Recreation Area,E01020620,County Durham 019D,Anti-social behaviour,,
,2020-08,Durham Constabulary,Durham Constabulary,-1.629624,54.828548,On or near Edmondsley Lane,E01020620,County Durham 019D,Anti-social behaviour,,
,2020-08,Durham Constabulary,Durham Constabulary,-1.627386,54.819644,On or near Victoria Street,E01020620,County Durham 019D,Anti-social behaviour,,
32eb7c1ea7b2ad9c50ade66c47d87ac449465c5789a761830835947f25dc870e,2020-08,Durham Constabulary,Durham Constabulary,-1.632585,54.822958,On or near Charlaw Close,E01020620,County Durham 019D,Burglary,Investigation complete; no suspect identified,
05c02e42c49b6a3b7d83c35328b483b784ae7d0ca3271894f5f9fd59346a1cf5,2020-08,Durham Constabulary,Durham Constabulary,-1.632585,54.822958,On or near Charlaw Close,E01020620,County Durham 019D,Criminal damage and arson,Investigation complete; no suspect identified,
5f37794f2dcf484f568c62dbdb032254a918284151b814d2613965210cd5e8ca,2020-08,Durham Constabulary,Durham Constabulary,-1.632585,54.822958,On or near Charlaw Close,E01020620,County Durham 019D,Criminal damage and arson,Unable to prosecute suspect,
5a1879d992286f3e92f7228eaaa9bba6d3c8d73255bf17041eaaa95fd7a28574,2020-08,Durham Constabulary,Durham Constabulary,-1.632585,54.822958,On or near Charlaw Close,E01020620,County Durham 019D,Drugs,Offender given a caution,
17c57ffb1ac04ac238ad99cea48c52f628314f8ed1af8c6e08cd08ad50df3b36,2020-08,Durham Constabulary,Durham Constabulary,-1.627386,54.819644,On or near Victoria Street,E01020620,County Durham 019D,Other theft,Investigation complete; no suspect identified,
fcea4a406df1eba73286b7b3c27cd72600a636be7bd0091bfee512fb0ac33e4d,2020-08,Durham Constabulary,Durham Constabulary,-1.625136,54.824041,On or near Deneside,E01020620,County Durham 019D,Other theft,Investigation complete; no suspect identified,
d0a9a88a4e5987c8992b259669df2a4e030315ef8b24c1e40ca1f8130a153e98,2020-08,Durham Constabulary,Durham Constabulary,-1.630365,54.818979,On or near Sports/Recreation Area,E01020620,County Durham 019D,Other theft,Investigation complete; no suspect identified,
21fd59302eb5484e16c20ec4f7f31fc64f01a9ee53364571eea9d652660af79a,2020-08,Durham Constabulary,Durham Constabulary,-1.627386,54.819644,On or near Victoria Street,E01020620,County Durham 019D,Public order,Investigation complete; no suspect identified,
1592470d6848319e21dc9dfbbac42a5428f0c460a68047165c176954e9c8c9e6,2020-08,Durham Constabulary,Durham Constabulary,-1.627777,54.817758,On or near Iveson Street,E01020620,County Durham 019D,Public order,Investigation complete; no suspect identified,
a8017e83b39a3433d40b39416fca9296c81605bdfe9af7325866ba57226b44ea,2020-08,Durham Constabulary,Durham Constabulary,-1.627386,54.819644,On or near Victoria Street,E01020620,County Durham 019D,Shoplifting,Local resolution,
cdd0c7071648331970cd71349589cb29b38cb4ddb9b5fd908c6dcd2541d791d5,2020-08,Durham Constabulary,Durham Constabulary,-1.627386,54.819644,On or near Victoria Street,E01020620,County Durham 019D,Shoplifting,Investigation complete; no suspect identified,
5dfcb40da040ba8b8e0e41a5b355ddce50ccac2c731c7163fa8536ccf2f041a1,2020-08,Durham Constabulary,Durham Constabulary,-1.631829,54.820583,On or near St Cuthberts Drive,E01020620,County Durham 019D,Violence and sexual offences,Unable to prosecute suspect,
617b366b5a20f0ca43692f7b5a328e9f1722983c442357c3982795a5b93d9995,2020-08,Durham Constabulary,Durham Constabulary,-1.627386,54.819644,On or near Victoria Street,E01020620,County Durham 019D,Violence and sexual offences,Unable to prosecute suspect,
32da5a2d8e961c0d264a18d4e40659591ad6bbb11ce9be1ad233ff30a65e3c8b,2020-08,Durham Constabulary,Durham Constabulary,-1.629294,54.820342,On or near Front Street,E01020620,County Durham 019D,Violence and sexual offences,Unable to prosecute suspect,
7244466c3d9c1b2f19fc4404f8a651c9737f3e65deabf162ca7d4e26fff55686,2020-08,Durham Constabulary,Durham Constabulary,-1.632585,54.822958,On or near Charlaw Close,E01020620,County Durham 019D,Violence and sexual offences,Court result unavailable,
2b333af8d0e620e1bfb8c24bf015e923c59ecb930d8d75badf504bd5ab3d5ce1,2020-08,Durham Constabulary,Durham Constabulary,-1.632184,54.820827,On or near Rydal Close,E01020620,County Durham 019D,Violence and sexual offences,Unable to prosecute suspect,
af97fb0f69deebd8e4fdcda12839eee15b82b5b40d671ffd883a1863e5778574,2020-08,Durham Constabulary,Durham Constabulary,-1.632184,54.820827,On or near Rydal Close,E01020620,County Durham 019D,Violence and sexual offences,Unable to prosecute suspect,
eff0fc36805bf4f2babbb9d83db5e75cffad42f1daa22044af3543d90e50687b,2020-08,Durham Constabulary,Durham Constabulary,-1.627386,54.819644,On or near Victoria Street,E01020620,County Durham 019D,Other crime,Unable to prosecute suspect,
,2020-08,Durham Constabulary,Durham Constabulary,-1.619673,54.818973,On or near Fern Road,E01020621,County Durham 019E,Anti-social behaviour,,
,2020-08,Durham Constabulary,Durham Constabulary,-1.620011,54.817815,On or near Viola Crescent,E01020621,County Durham 019E,Anti-social behaviour,,
,2020-08,Durham Constabulary,Durham Constabulary,-1.619673,54.818973,On or near Fern Road,E01020621,County Durham 019E,Anti-social behaviour,,
,2020-08,Durham Constabulary,Durham Constabulary,-1.618167,54.818654,On or near Lavender Gardens,E01020621,County Durham 019E,Anti-social behaviour,,
ecce2287ec278a28db3e065f5549b71bcfb05e6aac594e062141e5673d165965,2020-08,Durham Constabulary,Durham Constabulary,-1.628475,54.821391,On or near Church Street,E01020621,County Durham 019E,Criminal damage and arson,Offender given a caution,
2a1875bd716d8f054f86f81e003aa0254b23a0c96054509ddf3d756ee1ba60cd,2020-08,Durham Constabulary,Durham Constabulary,-1.628475,54.821391,On or near Church Street,E01020621,County Durham 019E,Criminal damage and arson,Investigation complete; no suspect identified,
7e909989c8334a3efb1a2cbd7bc572c057f5a9d5af09c9893e13de35989c48a6,2020-08,Durham Constabulary,Durham Constabulary,-1.628475,54.821391,On or near Church Street,E01020621,County Durham 019E,Criminal damage and arson,Unable to prosecute suspect,
4213039a1ba9ab1cc89223af3a232780da19eb3abe306c181c81ca80a5f7d009,2020-08,Durham Constabulary,Durham Constabulary,-1.620011,54.817815,On or near Viola Crescent,E01020621,County Durham 019E,Violence and sexual offences,Action to be taken by another organisation,
d8046890d40194514d8ecf3f99de9e63c5075204413995e15aeede8f52b1698c,2020-08,Durham Constabulary,Durham Constabulary,-1.619838,54.819666,On or near Rose Crescent,E01020621,County Durham 019E,Violence and sexual offences,Court result unavailable,
1fcb17be88a5f8349aaecc744d4ffd4fddd2a4a240e86c7373aaba8136dc7cfc,2020-08,Durham Constabulary,Durham Constabulary,-1.620011,54.817815,On or near Viola Crescent,E01020621,County Durham 019E,Violence and sexual offences,Action to be taken by another organisation,
e787b53b19b939a150e033d109bf7e6991c1d580410101b3912ef9fd8874f7f2,2020-08,Durham Constabulary,Durham Constabulary,-1.625558,54.820402,On or near Gregson Street,E01020621,County Durham 019E,Violence and sexual offences,Unable to prosecute suspect,
b654bc4255eb47299e48b68766da0b08ba346ac2253f4cc5fed17dbe19ff6361,2020-08,Durham Constabulary,Durham Constabulary,-1.623935,54.817567,On or near Highfield,E01020621,County Durham 019E,Violence and sexual offences,Unable to prosecute suspect,
471963af65147981b3e180e9cd6404cc851b8371448ec0a357770c1d928089a4,2020-08,Durham Constabulary,Durham Constabulary,-1.619838,54.819666,On or near Rose Crescent,E01020621,County Durham 019E,Violence and sexual offences,Unable to prosecute suspect,
ce471fe1baf8084b8c349eca0f9b09f46ec032e690f08dfa80b38639c34ab2b7,2020-08,Durham Constabulary,Durham Constabulary,-1.628475,54.821391,On or near Church Street,E01020621,County Durham 019E,Violence and sexual offences,Unable to prosecute suspect,
,2020-08,Durham Constabulary,Durham Constabulary,-1.705698,54.825943,On or near Meadowfield Road,E01020633,County Durham 020A,Anti-social behaviour,,
758ffd360d9b72562949f922701c9317346041d29289c79fde5695a59e9d2609,2020-08,Durham Constabulary,Durham Constabulary,-1.712084,54.825284,On or near The Haven,E01020633,County Durham 020A,Public order,Unable to prosecute suspect,
11e9786cd0fd69be549e645b0a6df8cd362cfdcc22c03b77bff86227f052c39a,2020-08,Durham Constabulary,Durham Constabulary,-1.701446,54.832663,On or near St Johns Mews,E01020633,County Durham 020A,Vehicle crime,Investigation complete; no suspect identified,
2c109b8114bd82b8fea9c0db419c4ce990a0a839fc843914d66aefe0a1841143,2020-08,Durham Constabulary,Durham Constabulary,-1.711321,54.827547,On or near Wright'S Court,E01020633,County Durham 020A,Violence and sexual offences,Unable to prosecute suspect,
bb4c39d350675c6c16ce2410a6d5b3ec953ea318d1d980c0e9587526abae73f7,2020-08,Durham Constabulary,Durham Constabulary,-1.705698,54.825943,On or near Meadowfield Road,E01020633,County Durham 020A,Violence and sexual offences,Unable to prosecute suspect,
1fa2f7bc93efb1d15ccefc288a843b6374c1e5a9c85c6af3d082695f31e35017,2020-08,Durham Constabulary,Durham Constabulary,-1.705698,54.825943,On or near Meadowfield Road,E01020633,County Durham 020A,Violence and sexual offences,Unable to prosecute suspect,
ad7f35a9391467abf5e7fb4740297a053dded6695ab1ed32c060e0041f5312c4,2020-08,Durham Constabulary,Durham Constabulary,-1.711321,54.827547,On or near Wright'S Court,E01020633,County Durham 020A,Violence and sexual offences,Court result unavailable,
b6377b989516389477aea00920eeb2fef15b8352d57366c8294b24a00f474b5f,2020-08,Durham Constabulary,Durham Constabulary,-1.711321,54.827547,On or near Wright'S Court,E01020633,County Durham 020A,Violence and sexual offences,Unable to prosecute suspect,
cb3dce961b638b96bb56f0384fd1dd9bb800bd4339565af9730b0da76b7ae44d,2020-08,Durham Constabulary,Durham Constabulary,-1.711321,54.827547,On or near Wright'S Court,E01020633,County Durham 020A,Violence and sexual offences,Unable to prosecute suspect,
ec6a841d7317aea72d4e394aa81166b0a672495c344a1e802d0c5a4fa4565b0c,2020-08,Durham Constabulary,Durham Constabulary,-1.711321,54.827547,On or near Wright'S Court,E01020633,County Durham 020A,Violence and sexual offences,Unable to prosecute suspect,
33450208f944261676599d8671514b7c86188d0c2cfa97d8b1cfce57b39b56ce,2020-08,Durham Constabulary,Durham Constabulary,-1.712084,54.825284,On or near The Haven,E01020633,County Durham 020A,Violence and sexual offences,Unable to prosecute suspect,
bac378a11511d575be524480bde8c42b112dbf4fa051594a4f0694ac746d2371,2020-08,Durham Constabulary,Durham Constabulary,-1.711321,54.827547,On or near Wright'S Court,E01020633,County Durham 020A,Violence and sexual offences,Unable to prosecute suspect,
860d0816f583fcc3bb86db40d8e739a27a99939fafbf6d7ae99fd65dfe6918cb,2020-08,Durham Constabulary,Durham Constabulary,-1.709531,54.823220,On or near Beech Grove,E01020633,County Durham 020A,Violence and sexual offences,Status update unavailable,
59f2f58f4f991d7639f336df0f7fcbd8fb73fb78f33fee92de36b3a1ed2628d0,2020-08,Durham Constabulary,Durham Constabulary,-1.711321,54.827547,On or near Wright'S Court,E01020633,County Durham 020A,Violence and sexual offences,Unable to prosecute suspect,
2b557119f1c6eed1b50b4a7499fc3b28540a7e72293016a5020b994f205f2192,2020-08,Durham Constabulary,Durham Constabulary,-1.704433,54.830829,On or near Vale View,E01020633,County Durham 020A,Other crime,Unable to prosecute suspect,
,2020-08,Durham Constabulary,Durham Constabulary,-1.742649,54.821120,On or near Front Street,E01020664,County Durham 020B,Anti-social behaviour,,
,2020-08,Durham Constabulary,Durham Constabulary,-1.745289,54.822033,On or near Lee Hill Court,E01020664,County Durham 020B,Anti-social behaviour,,
82098893eb5e2b88c9b0619c544ab2be84477b12f91986e3a641205b4efcfa38,2020-08,Durham Constabulary,Durham Constabulary,-1.742945,54.821022,On or near Station Road,E01020664,County Durham 020B,Burglary,Investigation complete; no suspect identified,
63c08c1ea1950416cfd2de04f958fbfcc1c2dd6a66ad4e29f3f32c958c6f2119,2020-08,Durham Constabulary,Durham Constabulary,-1.873407,54.797036,On or near Weatherleyhill Lane,E01020664,County Durham 020B,Criminal damage and arson,Investigation complete; no suspect identified,
d340215c6a90f45bfd1bf054ba16d4f786ce4bab4d4b28a07a71137d73fed26c,2020-08,Durham Constabulary,Durham Constabulary,-1.745289,54.822033,On or near Lee Hill Court,E01020664,County Durham 020B,Public order,Action to be taken by another organisation,
8047cb77212a38cb4e698f6efb821a1bb6d715d6c92a53ec944118db3b0537c1,2020-08,Durham Constabulary,Durham Constabulary,-1.743796,54.819352,On or near Ford Street,E01020664,County Durham 020B,Violence and sexual offences,Unable to prosecute suspect,
42917da0b3b7d909ee9544ef625499651d749ac068ee205f48ca63d0428dc605,2020-08,Durham Constabulary,Durham Constabulary,-1.771246,54.819802,On or near Yeckhouse Lane,E01020664,County Durham 020B,Violence and sexual offences,Unable to prosecute suspect,
b1792e695e329d593e3977a1b52ceddb785b7030f05fe8e8ca9f7d8bc7b9cc8b,2020-08,Durham Constabulary,Durham Constabulary,-1.741634,54.821666,On or near A691,E01020665,County Durham 020C,Criminal damage and arson,Investigation complete; no suspect identified,
56daf0967002d9a77cb33af166f9820b50e8b7301f577723332f98cfa410f681,2020-08,Durham Constabulary,Durham Constabulary,-1.734932,54.818417,On or near Manor Grange,E01020665,County Durham 020C,Public order,Unable to prosecute suspect,
469751db46218c3c96a0e5d2cbdf695cec947cd2d8479ace91d39fa95aa82d5a,2020-08,Durham Constabulary,Durham Constabulary,-1.732115,54.818321,On or near Sports/Recreation Area,E01020665,County Durham 020C,Violence and sexual offences,Unable to prosecute suspect,
ae01179d7e84db71b1bb85d17a6afd692d5faa54642aa2b34daad6a73a909ddd,2020-08,Durham Constabulary,Durham Constabulary,-1.734932,54.818417,On or near Manor Grange,E01020665,County Durham 020C,Violence and sexual offences,Unable to prosecute suspect,
,2020-08,Durham Constabulary,Durham Constabulary,-1.749092,54.821071,On or near Broadoak Drive,E01020666,County Durham 020D,Anti-social behaviour,,
49756f30e62956a8f0e487c3ba518deeaace5cce521a26b364131acf15a935e9,2020-08,Durham Constabulary,Durham Constabulary,-1.748769,54.820468,On or near Meadow Way,E01020666,County Durham 020D,Criminal damage and arson,Investigation complete; no suspect identified,
ba6c7177481217fc196ebe55f07628c4c929149d9150b7909832db2f0d9008ac,2020-08,Durham Constabulary,Durham Constabulary,-1.748916,54.821852,On or near Alderdene,E01020666,County Durham 020D,Violence and sexual offences,Action to be taken by another organisation,
67406645a9e221fd6bd0f092ba794b8a7bfe000dab9837150bee5d941d79e6e7,2020-08,Durham Constabulary,Durham Constabulary,-1.745448,54.819032,On or near West Drive,E01020666,County Durham 020D,Other crime,Investigation complete; no suspect identified,
,2020-08,Durham Constabulary,Durham Constabulary,-1.393122,54.816453,On or near West Avenue,E01020776,County Durham 021C,Anti-social behaviour,,
,2020-08,Durham Constabulary,Durham Constabulary,-1.409697,54.816355,On or near Briar Glen,E01020776,County Durham 021C,Anti-social behaviour,,
,2020-08,Durham Constabulary,Durham Constabulary,-1.409697,54.816355,On or near Briar Glen,E01020776,County Durham 021C,Anti-social behaviour,,
,2020-08,Durham Constabulary,Durham Constabulary,-1.396294,54.817673,On or near Park Lane,E01020776,County Durham 021C,Anti-social behaviour,,
,2020-08,Durham Constabulary,Durham Constabulary,-1.403441,54.817376,On or near Station Road,E01020776,County Durham 021C,Anti-social behaviour,,
,2020-08,Durham Constabulary,Durham Constabulary,-1.393122,54.816453,On or near West Avenue,E01020776,County Durham 021C,Anti-social behaviour,,
,2020-08,Durham Constabulary,Durham Constabulary,-1.408426,54.816016,On or near Broad Oaks,E01020776,County Durham 021C,Anti-social behaviour,,
,2020-08,Durham Constabulary,Durham Constabulary,-1.396294,54.817673,On or near Park Lane,E01020776,County Durham 021C,Anti-social behaviour,,
27794f5f9eee3e85a45c108e44993e140c9db4dde31b8aa6212d30f4d699fa6c,2020-08,Durham Constabulary,Durham Constabulary,-1.389678,54.811646,On or near Sports/Recreation Area,E01020776,County Durham 021C,Burglary,Investigation complete; no suspect identified,
c7046ffa008308fb281b2b85822d14c1336131ae3a53980c47e459b947a3182d,2020-08,Durham Constabulary,Durham Constabulary,-1.398401,54.817288,On or near Gregson Terrace,E01020776,County Durham 021C,Criminal damage and arson,Investigation complete; no suspect identified,
6cd04722ede5d547bc24899050cdf551a6fd740b6c779afab9471aaf4158f584,2020-08,Durham Constabulary,Durham Constabulary,-1.393122,54.816453,On or near West Avenue,E01020776,County Durham 021C,Criminal damage and arson,Investigation complete; no suspect identified,
faf622d3dcdc5e0d7656bfa1d834f90670332dcaa922784f4021da7fe93546d3,2020-08,Durham Constabulary,Durham Constabulary,-1.403441,54.817376,On or near Station Road,E01020776,County Durham 021C,Violence and sexual offences,Unable to prosecute suspect,
b14d706e476e2b68d90360d7e3089b10e722d7840ee9757b6e8e3afe302c8286,2020-08,Durham Constabulary,Durham Constabulary,-1.403441,54.817376,On or near Station Road,E01020776,County Durham 021C,Violence and sexual offences,Unable to prosecute suspect,
048bbb98113504ff9fb50bbb0f96d4ec5a436e34c1d44f6b72ba0a38689d62df,2020-08,Durham Constabulary,Durham Constabulary,-1.398401,54.817288,On or near Gregson Terrace,E01020776,County Durham 021C,Violence and sexual offences,Unable to prosecute suspect,
bc6bbed448345f0d713837b4a3da8b6def5b2c312e9eb7f694aaaf05ff80aca9,2020-08,Durham Constabulary,Durham Constabulary,-1.393122,54.816453,On or near West Avenue,E01020776,County Durham 021C,Violence and sexual offences,Unable to prosecute suspect,
f1169195689649934d834e9f2419304c82cf8d2ccc58fe227ec0a1dfb6f9471e,2020-08,Durham Constabulary,Durham Constabulary,-1.403441,54.817376,On or near Station Road,E01020776,County Durham 021C,Violence and sexual offences,Unable to prosecute suspect,
92b056863923cce14bfb372a24c9d56ffc8e1cdfa0a0446233aa3f844eb694a2,2020-08,Durham Constabulary,Durham Constabulary,-1.403441,54.817376,On or near Station Road,E01020776,County Durham 021C,Other crime,Unable to prosecute suspect,
,2020-08,Durham Constabulary,Durham Constabulary,-1.377436,54.816472,On or near Dalby Grove,E01033161,County Durham 021D,Anti-social behaviour,,
,2020-08,Durham Constabulary,Durham Constabulary,-1.377436,54.816472,On or near Dalby Grove,E01033161,County Durham 021D,Anti-social behaviour,,
,2020-08,Durham Constabulary,Durham Constabulary,-1.384886,54.815684,On or near Coronation Street South,E01033161,County Durham 021D,Anti-social behaviour,,
,2020-08,Durham Constabulary,Durham Constabulary,-1.383069,54.815486,On or near Church Street,E01033161,County Durham 021D,Anti-social behaviour,,
,2020-08,Durham Constabulary,Durham Constabulary,-1.363809,54.817121,On or near B1432,E01033161,County Durham 021D,Anti-social behaviour,,
ecea8e2871b858cd1d86f1bc4f5385c0795e4fb9772a7cd4f4135059ec3f7fce,2020-08,Durham Constabulary,Durham Constabulary,-1.387600,54.814241,On or near Bus/Coach Station,E01033161,County Durham 021D,Burglary,Investigation complete; no suspect identified,
d5f1cd281f09525628b924c11c0381fc0679d931afc6da9a4d542e717e5e0bbd,2020-08,Durham Constabulary,Durham Constabulary,-1.381728,54.813610,On or near Calstock Close,E01033161,County Durham 021D,Criminal damage and arson,Investigation complete; no suspect identified,
daeefe12b72620daf27e38fae4b48507742436c4202fd47499ec4f33a431803d,2020-08,Durham Constabulary,Durham Constabulary,-1.374338,54.814542,On or near Parking Area,E01033161,County Durham 021D,Other theft,Further investigation is not in the public interest,
e3a9a3029a7ce54fde692df38b014e508a0479037c6600ba564f505cb2c50351,2020-08,Durham Constabulary,Durham Constabulary,-1.374338,54.814542,On or near Parking Area,E01033161,County Durham 021D,Shoplifting,Local resolution,
77b674f113e3a6c25084bcfee06c37292bf3ec2f55fce2032a0879f30fb5ed86,2020-08,Durham Constabulary,Durham Constabulary,-1.374338,54.814542,On or near Parking Area,E01033161,County Durham 021D,Shoplifting,Investigation complete; no suspect identified,
cdabbec92f45d1ae163773a2e8a987f28dfbafe0fc3ed2185265eec9f1420b88,2020-08,Durham Constabulary,Durham Constabulary,-1.374338,54.814542,On or near Parking Area,E01033161,County Durham 021D,Shoplifting,Investigation complete; no suspect identified,
b53ab2a569b831b6e26fa903ce6e77a23ab1f34e9608e0f405f33d803f7556ac,2020-08,Durham Constabulary,Durham Constabulary,-1.374338,54.814542,On or near Parking Area,E01033161,County Durham 021D,Shoplifting,Unable to prosecute suspect,
85fdb3902b1fc85a0e62518bd235a632da21a26257318c7d0aa3f3856e392bb4,2020-08,Durham Constabulary,Durham Constabulary,-1.386472,54.813733,On or near Fairfield Grove,E01033161,County Durham 021D,Violence and sexual offences,Unable to prosecute suspect,
77ffcbf7f28d7f90c8c094a50b72c9e3f63b3f831bba723646bfccb379789e0d,2020-08,Durham Constabulary,Durham Constabulary,-1.386151,54.815420,On or near George Street,E01033161,County Durham 021D,Violence and sexual offences,Unable to prosecute suspect,
1753a9b4e2fbd5e160fd56e3cf69093ac64735cceda24b3926a7eb0e71c04e72,2020-08,Durham Constabulary,Durham Constabulary,-1.386472,54.813733,On or near Fairfield Grove,E01033161,County Durham 021D,Violence and sexual offences,Unable to prosecute suspect,
11f11ad9797229aacd694f468df4986bf974f581769bbe4949c0de88bb7f26c6,2020-08,Durham Constabulary,Durham Constabulary,-1.386151,54.815420,On or near George Street,E01033161,County Durham 021D,Violence and sexual offences,Unable to prosecute suspect,
951c94cbb6feb1d3a942cc2624ba71e8150861886fdae0c2df8504ffdf794e1a,2020-08,Durham Constabulary,Durham Constabulary,-1.383538,54.815326,On or near Cookson Terrace,E01033161,County Durham 021D,Violence and sexual offences,Investigation complete; no suspect identified,
c58edffc861943e3abfcc80230671f06040b599814e4099e8e75938c87426be1,2020-08,Durham Constabulary,Durham Constabulary,-1.381139,54.814478,On or near Hawthorne Close,E01033161,County Durham 021D,Other crime,Investigation complete; no suspect identified,
,2020-08,Durham Constabulary,Durham Constabulary,-1.382648,54.819572,On or near Claude Terrace,E01033198,County Durham 021E,Anti-social behaviour,,
,2020-08,Durham Constabulary,Durham Constabulary,-1.387075,54.818103,On or near Watts Street,E01033198,County Durham 021E,Anti-social behaviour,,
,2020-08,Durham Constabulary,Durham Constabulary,-1.387424,54.816604,On or near Harrogate Terrace,E01033198,County Durham 021E,Anti-social behaviour,,
,2020-08,Durham Constabulary,Durham Constabulary,-1.382925,54.816725,On or near Parking Area,E01033198,County Durham 021E,Anti-social behaviour,,
,2020-08,Durham Constabulary,Durham Constabulary,-1.382925,54.816725,On or near Parking Area,E01033198,County Durham 021E,Anti-social behaviour,,
,2020-08,Durham Constabulary,Durham Constabulary,-1.383895,54.817422,On or near Wood'S Terrace,E01033198,County Durham 021E,Anti-social behaviour,,
,2020-08,Durham Constabulary,Durham Constabulary,-1.382648,54.819572,On or near Claude Terrace,E01033198,County Durham 021E,Anti-social behaviour,,
,2020-08,Durham Constabulary,Durham Constabulary,-1.387075,54.818103,On or near Watts Street,E01033198,County Durham 021E,Anti-social behaviour,,
,2020-08,Durham Constabulary,Durham Constabulary,-1.383895,54.817422,On or near Wood'S Terrace,E01033198,County Durham 021E,Anti-social behaviour,,
,2020-08,Durham Constabulary,Durham Constabulary,-1.387424,54.816604,On or near Harrogate Terrace,E01033198,County Durham 021E,Anti-social behaviour,,
,2020-08,Durham Constabulary,Durham Constabulary,-1.386970,54.817851,On or near Stephenson Street,E01033198,County Durham 021E,Anti-social behaviour,,
,2020-08,Durham Constabulary,Durham Constabulary,-1.387424,54.816604,On or near Harrogate Terrace,E01033198,County Durham 021E,Anti-social behaviour,,
7bab8cf2875f6391f687865e2335e5151c0df757f1bce00ec33fa215e06f83ae,2020-08,Durham Constabulary,Durham Constabulary,-1.388155,54.816626,On or near Ripon Terrace,E01033198,County Durham 021E,Criminal damage and arson,Unable to prosecute suspect,
cfb3c86ee5e9f78502d78beb7bd3a3a8dd1f03d4bd3391d5b97a5bc6a7321dd1,2020-08,Durham Constabulary,Durham Constabulary,-1.383895,54.817422,On or near Wood'S Terrace,E01033198,County Durham 021E,Criminal damage and arson,Investigation complete; no suspect identified,
3fcd23b1184a38760f208fa35545804aabff34fcfe6dda3bb8a939fa393971dc,2020-08,Durham Constabulary,Durham Constabulary,-1.388155,54.816626,On or near Ripon Terrace,E01033198,County Durham 021E,Criminal damage and arson,Action to be taken by another organisation,
54b85838de2bd5dc1707383e9ac5e44b64af506446b04ed2d791da220411bb55,2020-08,Durham Constabulary,Durham Constabulary,-1.386970,54.817851,On or near Stephenson Street,E01033198,County Durham 021E,Criminal damage and arson,Unable to prosecute suspect,
0547d418c0185a5d3dfca61956447872ac53395d2649d3401e277ec26069722e,2020-08,Durham Constabulary,Durham Constabulary,-1.382648,54.819572,On or near Claude Terrace,E01033198,County Durham 021E,Criminal damage and arson,Local resolution,
85d1f4a0213344808ef008d0302f1ee93ac05fc497035b1d8d37e50bbb760168,2020-08,Durham Constabulary,Durham Constabulary,-1.382648,54.819572,On or near Claude Terrace,E01033198,County Durham 021E,Drugs,Unable to prosecute suspect,
55ca1fff33819f248edd9d57fb4d03edd32950d36d04be992fab90aa4afba440,2020-08,Durham Constabulary,Durham Constabulary,-1.385742,54.817710,On or near North Coronation Street,E01033198,County Durham 021E,Other theft,Investigation complete; no suspect identified,
e46bcf9ce7db895b58e7f3b36db9994b84ffbd9a670386735d627b5246736d34,2020-08,Durham Constabulary,Durham Constabulary,-1.385223,54.818076,On or near James Street South,E01033198,County Durham 021E,Other theft,Unable to prosecute suspect,
56d3c7f1d28cac59878236a21c8c7d764bc740f85580fb62bb708b021ae09f9b,2020-08,Durham Constabulary,Durham Constabulary,-1.385742,54.817710,On or near North Coronation Street,E01033198,County Durham 021E,Other theft,Unable to prosecute suspect,
c6264d4018a9a099edd5e8ac28087e49cf36ae4777b6f654bf7176e54ec2c2ef,2020-08,Durham Constabulary,Durham Constabulary,-1.383895,54.817422,On or near Wood'S Terrace,E01033198,County Durham 021E,Other theft,Investigation complete; no suspect identified,
32e11f661b939038d0cde88780aa8b682d47a06851c6973ed21b99325d95105a,2020-08,Durham Constabulary,Durham Constabulary,-1.382648,54.819572,On or near Claude Terrace,E01033198,County Durham 021E,Public order,Unable to prosecute suspect,
cccccbe288c2b63772ad8e020f2dee983af88e6ff892ae229fdc2c8fbfa5b94d,2020-08,Durham Constabulary,Durham Constabulary,-1.388155,54.816626,On or near Ripon Terrace,E01033198,County Durham 021E,Public order,Unable to prosecute suspect,
fd14fc3abb1f8783a8223397749e2adb2505279fd09f42038f532e1544bd847f,2020-08,Durham Constabulary,Durham Constabulary,-1.383895,54.817422,On or near Wood'S Terrace,E01033198,County Durham 021E,Shoplifting,Formal action is not in the public interest,
50ddf18337af699d0a4e527417b3741feef373e0ea7d825cc9eec9cd04214239,2020-08,Durham Constabulary,Durham Constabulary,-1.383895,54.817422,On or near Wood'S Terrace,E01033198,County Durham 021E,Shoplifting,Court result unavailable,
d4c308a19337f78f0fec46faba4a1e5bab47836ace5c0ab8378a80cd308dc1da,2020-08,Durham Constabulary,Durham Constabulary,-1.383895,54.817422,On or near Wood'S Terrace,E01033198,County Durham 021E,Shoplifting,Court result unavailable,
81f6037dfc7a5f76f9da87436c17280148dbbfc0171a66048c46fb183d8c3a28,2020-08,Durham Constabulary,Durham Constabulary,-1.388155,54.816626,On or near Ripon Terrace,E01033198,County Durham 021E,Theft from the person,Investigation complete; no suspect identified,
c5881fca90f980e5b413e0dc8ad48c14475312d850a26f84ca4108a600388e7d,2020-08,Durham Constabulary,Durham Constabulary,-1.386962,54.817366,On or near Faraday Street,E01033198,County Durham 021E,Theft from the person,Unable to prosecute suspect,
a3f3d49c305f5b99342863c5c6d43e6404e2dea0600072416e2baec1f242938b,2020-08,Durham Constabulary,Durham Constabulary,-1.385742,54.817710,On or near North Coronation Street,E01033198,County Durham 021E,Theft from the person,Investigation complete; no suspect identified,
03b3007efd1026482b6c729a8424ec27c3593f4d147c2a13aadf1d19c4e99b1b,2020-08,Durham Constabulary,Durham Constabulary,-1.384835,54.817031,On or near Western Terrace South,E01033198,County Durham 021E,Vehicle crime,Investigation complete; no suspect identified,
9ad8296e2521a28f47edc79afb83bf08ce0191d9c06394637e725c4b099926fb,2020-08,Durham Constabulary,Durham Constabulary,-1.387075,54.818103,On or near Watts Street,E01033198,County Durham 021E,Violence and sexual offences,Court result unavailable,
1dfa59f54fd46b09617ffa489afe873f452a706ac2831d5d5732dc75c17285cd,2020-08,Durham Constabulary,Durham Constabulary,-1.382648,54.819572,On or near Claude Terrace,E01033198,County Durham 021E,Violence and sexual offences,Local resolution,
224308a019cc6785c4c11dd4e799efbc3c47ca3b3d08939654430865522bd375,2020-08,Durham Constabulary,Durham Constabulary,-1.387075,54.818103,On or near Watts Street,E01033198,County Durham 021E,Violence and sexual offences,Court result unavailable,
9cd118c8a27d395c223876295e9583f4b8536fcbc843999d9f5b82de4481ff12,2020-08,Durham Constabulary,Durham Constabulary,-1.387075,54.818103,On or near Watts Street,E01033198,County Durham 021E,Violence and sexual offences,Unable to prosecute suspect,
6aaed7107b543d218e5c6c64dd9f62419edefc1a09cf88c00d9c6dcb1bd3b121,2020-08,Durham Constabulary,Durham Constabulary,-1.387075,54.818103,On or near Watts Street,E01033198,County Durham 021E,Violence and sexual offences,Court result unavailable,
cbbebd53bac686e81bdfc3aff4c4c8cd67a298dbdb5a53e89f36f39984826fd3,2020-08,Durham Constabulary,Durham Constabulary,-1.387075,54.818103,On or near Watts Street,E01033198,County Durham 021E,Violence and sexual offences,Unable to prosecute suspect,
80eb8b8f4c16f6c2d6db707a399ac254cc320377a23b8dadb86757070406dd40,2020-08,Durham Constabulary,Durham Constabulary,-1.387075,54.818103,On or near Watts Street,E01033198,County Durham 021E,Violence and sexual offences,Unable to prosecute suspect,
15662a8d6e199df67932b0308cb61957bd2672c2c987bbe88155bb58702ceec9,2020-08,Durham Constabulary,Durham Constabulary,-1.382648,54.819572,On or near Claude Terrace,E01033198,County Durham 021E,Violence and sexual offences,Offender given a caution,
ae829b1e0110ee78fa868fbb50a3376f91a1bfe6d2c6e607eb4478a3cf2ccb1b,2020-08,Durham Constabulary,Durham Constabulary,-1.382925,54.816725,On or near Parking Area,E01033198,County Durham 021E,Violence and sexual offences,Unable to prosecute suspect,
42bef999c5e3ef13020983a908dc319a9183f6ea8a3d99b1dad0899755af387e,2020-08,Durham Constabulary,Durham Constabulary,-1.385223,54.818076,On or near James Street South,E01033198,County Durham 021E,Violence and sexual offences,Unable to prosecute suspect,
1b800671741ada091b73e6eb2a24eec6719fae240c2267eb1348ab6a8b87cf1a,2020-08,Durham Constabulary,Durham Constabulary,-1.382925,54.816725,On or near Parking Area,E01033198,County Durham 021E,Violence and sexual offences,Unable to prosecute suspect,
4c7bbb7d45ec822b48f018e3168cf6a151afa364c02fe2f6bc78fc644e3deb65,2020-08,Durham Constabulary,Durham Constabulary,-1.385372,54.818553,On or near Henry Street South,E01033198,County Durham 021E,Violence and sexual offences,Unable to prosecute suspect,
8d4be957e8e708fe9140636b763ac0bad18b50e29527bb28e37c248682528508,2020-08,Durham Constabulary,Durham Constabulary,-1.382213,54.816506,On or near Morton Close,E01033198,County Durham 021E,Other crime,Unable to prosecute suspect,
,2020-08,Durham Constabulary,Durham Constabulary,-1.406568,54.798375,On or near Abbeydale Gardens,E01033205,County Durham 021F,Anti-social behaviour,,
7d39d7884a3889ab1e3231f00725efc32a1cabbb0c82fee605193a2393f46934,2020-08,Durham Constabulary,Durham Constabulary,-1.406568,54.798375,On or near Abbeydale Gardens,E01033205,County Durham 021F,Drugs,Court result unavailable,
836aae7244927a35b723c0de214a2833d121d6969ec801c97ac1d39d7339236b,2020-08,Durham Constabulary,Durham Constabulary,-1.406568,54.798375,On or near Abbeydale Gardens,E01033205,County Durham 021F,Other theft,Court result unavailable,
97809d7cbbf93a9ff860aa2916d5f61d5914fcd0b1183c0611efc49427d1333b,2020-08,Durham Constabulary,Durham Constabulary,-1.406568,54.798375,On or near Abbeydale Gardens,E01033205,County Durham 021F,Violence and sexual offences,Investigation complete; no suspect identified,
8927729733069a24f5ce330cbbcb7a2d6dc2d6f6a3c243b090b01b08ebbb4cc3,2020-08,Durham Constabulary,Durham Constabulary,-1.406568,54.798375,On or near Abbeydale Gardens,E01033205,County Durham 021F,Violence and sexual offences,Unable to prosecute suspect,
22f69e37be705b1baf9dface0966496842c54f40b6a81b58024ee62578c54945,2020-08,Durham Constabulary,Durham Constabulary,-1.406568,54.798375,On or near Abbeydale Gardens,E01033205,County Durham 021F,Violence and sexual offences,Unable to prosecute suspect,
847849026d5196c95e920835ea0a7b4cb41ba74614eb54ab1910e480e06a10a6,2020-08,Durham Constabulary,Durham Constabulary,-1.406568,54.798375,On or near Abbeydale Gardens,E01033205,County Durham 021F,Violence and sexual offences,Further action is not in the public interest,
987279777b2c6eb9d4d6cdcbea87bcdb612907583d06eef83388c0c7a255ce75,2020-08,Durham Constabulary,Durham Constabulary,-1.416731,54.801184,On or near Plantation Walk,E01033205,County Durham 021F,Violence and sexual offences,Unable to prosecute suspect,
6bd05797c9c7a44478fe1ad1f80842e5ce116f5dc573541baf6f19460887c896,2020-08,Durham Constabulary,Durham Constabulary,-1.406568,54.798375,On or near Abbeydale Gardens,E01033205,County Durham 021F,Violence and sexual offences,Unable to prosecute suspect,
97ccd2d5c01558b6d0f98a34194130ce2e6b16b9fbd328aa6916eb61b84a4140,2020-08,Durham Constabulary,Durham Constabulary,-1.397379,54.795985,On or near Gregson Terrace,E01033205,County Durham 021F,Other crime,Action to be taken by another organisation,
,2020-08,Durham Constabulary,Durham Constabulary,-1.414730,54.802935,On or near Ravensworth Court,E01033206,County Durham 021G,Anti-social behaviour,,
,2020-08,Durham Constabulary,Durham Constabulary,-1.408615,54.798790,On or near Quin Square,E01033206,County Durham 021G,Anti-social behaviour,,
,2020-08,Durham Constabulary,Durham Constabulary,-1.414730,54.802935,On or near Ravensworth Court,E01033206,County Durham 021G,Anti-social behaviour,,
,2020-08,Durham Constabulary,Durham Constabulary,-1.410174,54.800676,On or near Regent Court,E01033206,County Durham 021G,Anti-social behaviour,,
c1742b249cccb6e2802e9fdf2e81f9ed0d5adf664def19645d2f41edffd190a1,2020-08,Durham Constabulary,Durham Constabulary,-1.416053,54.802924,On or near Braddyll Square,E01033206,County Durham 021G,Burglary,Investigation complete; no suspect identified,
ad25a3a8a2b460aead3b5aaf3ef8640000f8e1beed51a58a39eda190fe3de900,2020-08,Durham Constabulary,Durham Constabulary,-1.410174,54.800676,On or near Regent Court,E01033206,County Durham 021G,Criminal damage and arson,Investigation complete; no suspect identified,
38744beda1f86b41d097ba59a76ee59d21bcd220ef45ca81bd24f4499e12a93b,2020-08,Durham Constabulary,Durham Constabulary,-1.414730,54.802935,On or near Ravensworth Court,E01033206,County Durham 021G,Criminal damage and arson,Investigation complete; no suspect identified,
f5bc7cb9e20f2f6e47ad2f0bfac6a20c9c8c2f144c74a0081560d7ac3a67525f,2020-08,Durham Constabulary,Durham Constabulary,-1.419576,54.804576,On or near Buttermere Crescent,E01033206,County Durham 021G,Criminal damage and arson,Unable to prosecute suspect,
e0ca91190f19206acdd174b31b3a4a941fa8cf9b7504128ce617ca3aa57874ab,2020-08,Durham Constabulary,Durham Constabulary,-1.410174,54.800676,On or near Regent Court,E01033206,County Durham 021G,Criminal damage and arson,Investigation complete; no suspect identified,
a070c83cb0ae0885d7ff0edd244be18467eca79963410a8199ba26717d73a7f6,2020-08,Durham Constabulary,Durham Constabulary,-1.408615,54.798790,On or near Quin Square,E01033206,County Durham 021G,Public order,Investigation complete; no suspect identified,
798411581fafb24f0c2de454f3008295c18cc750d81160f5d0c7bf08693439c4,2020-08,Durham Constabulary,Durham Constabulary,-1.410732,54.799717,On or near Cedar Court,E01033206,County Durham 021G,Vehicle crime,Court result unavailable,
eca767f2c396c05914e0675d5768ae16154feaccd8fdc52f023dfd6c1365a224,2020-08,Durham Constabulary,Durham Constabulary,-1.415217,54.803666,On or near Windsor Drive,E01033206,County Durham 021G,Violence and sexual offences,Unable to prosecute suspect,
fa5ea41130cb2fb5cf444e727a853f9ed3666627d50224409cce9be06cc60cbd,2020-08,Durham Constabulary,Durham Constabulary,-1.415217,54.803666,On or near Windsor Drive,E01033206,County Durham 021G,Violence and sexual offences,Unable to prosecute suspect,
b33fa89f6fc2e2c1a83be5b55109afe5effeb25e2eadb92e0fe62caeac3dbc9d,2020-08,Durham Constabulary,Durham Constabulary,-1.410174,54.800676,On or near Regent Court,E01033206,County Durham 021G,Other crime,Unable to prosecute suspect,
,2020-08,Durham Constabulary,Durham Constabulary,-1.567589,54.805634,On or near Canterbury Road,E01020709,County Durham 022A,Anti-social behaviour,,
,2020-08,Durham Constabulary,Durham Constabulary,-1.581064,54.806840,On or near Shopping Area,E01020709,County Durham 022A,Anti-social behaviour,,
,2020-08,Durham Constabulary,Durham Constabulary,-1.552072,54.818878,On or near Cocken Road,E01020709,County Durham 022A,Anti-social behaviour,,
,2020-08,Durham Constabulary,Durham Constabulary,-1.580318,54.806757,On or near Supermarket,E01020709,County Durham 022A,Anti-social behaviour,,
50fd9d65fd77b4f8896eb8f95d94466fb24b4e8fa9380e7cb8b8468f88b2709f,2020-08,Durham Constabulary,Durham Constabulary,-1.577345,54.803952,On or near Pit Lane,E01020709,County Durham 022A,Burglary,Court result unavailable,
d5efb806f42e7966514b01e31cc3fe12cddf214c4273795cf461e496ace83463,2020-08,Durham Constabulary,Durham Constabulary,-1.580318,54.806757,On or near Supermarket,E01020709,County Durham 022A,Drugs,Further investigation is not in the public interest,
6a954302aa30e0c4be6a71d87d6fee7900fa2a64b2c4ab394f9f169ea006b029,2020-08,Durham Constabulary,Durham Constabulary,-1.576067,54.805691,On or near Ryelands Way,E01020709,County Durham 022A,Other theft,Unable to prosecute suspect,
11c3cf4dc2eb495a16422ee3a9bf762dbb74b8eaae0f29d5a4bbaaf2163dff97,2020-08,Durham Constabulary,Durham Constabulary,-1.577345,54.803952,On or near Pit Lane,E01020709,County Durham 022A,Other theft,Unable to prosecute suspect,
6a6d6f3fe1bcf7bc806499b04bdaf81ad66838aaf1d63bcbf849e51cb0df1939,2020-08,Durham Constabulary,Durham Constabulary,-1.557961,54.806803,On or near Rowan Drive,E01020709,County Durham 022A,Other theft,Investigation complete; no suspect identified,
11fa859d7be95496041bfaa90f6e79337f4849c1772f2a4dbea153847799a765,2020-08,Durham Constabulary,Durham Constabulary,-1.580318,54.806757,On or near Supermarket,E01020709,County Durham 022A,Public order,Investigation complete; no suspect identified,
1ad71c1b104c0577786d4194aac576488b3120815ae479768a6d6a493eed7986,2020-08,Durham Constabulary,Durham Constabulary,-1.557961,54.806803,On or near Rowan Drive,E01020709,County Durham 022A,Public order,Unable to prosecute suspect,
190aad3caa50bcfec605a86c1332bf1621e97cc429ec8ed5e7b3c86b875962e0,2020-08,Durham Constabulary,Durham Constabulary,-1.552072,54.818878,On or near Cocken Road,E01020709,County Durham 022A,Public order,Status update unavailable,
6b542ac194887a9db53375c1c9d49b39afbc9b306c6b4f393f52bf68e794550a,2020-08,Durham Constabulary,Durham Constabulary,-1.557961,54.806803,On or near Rowan Drive,E01020709,County Durham 022A,Public order,Unable to prosecute suspect,
548d327da2dbd853d5060a147ac120c0502399ba927701942575800e0ac602d9,2020-08,Durham Constabulary,Durham Constabulary,-1.580318,54.806757,On or near Supermarket,E01020709,County Durham 022A,Public order,Unable to prosecute suspect,
e5f1d8f87421001cc4a64349fb48a0b96426fffa034b4605ab8d32e43189e25c,2020-08,Durham Constabulary,Durham Constabulary,-1.581064,54.806840,On or near Shopping Area,E01020709,County Durham 022A,Public order,Unable to prosecute suspect,
084fb1fbeff70d13b78f3ed7201a3ba3975755dc5e4fd82c774adc25ac132f27,2020-08,Durham Constabulary,Durham Constabulary,-1.581064,54.806840,On or near Shopping Area,E01020709,County Durham 022A,Shoplifting,Investigation complete; no suspect identified,
9efaba5669c08cf2117f0029db435f9600123a547fe27d537673ee9514f1676c,2020-08,Durham Constabulary,Durham Constabulary,-1.581064,54.806840,On or near Shopping Area,E01020709,County Durham 022A,Shoplifting,Court result unavailable,
9003f0bae1a32422050aa8d3f695ef05481488da979cbd2e49c7af48215649fc,2020-08,Durham Constabulary,Durham Constabulary,-1.576067,54.805691,On or near Ryelands Way,E01020709,County Durham 022A,Shoplifting,Court result unavailable,
7310b1ed0675e79e6f80b470c964933569cb86d02549c781809b2396df9f86fc,2020-08,Durham Constabulary,Durham Constabulary,-1.581064,54.806840,On or near Shopping Area,E01020709,County Durham 022A,Shoplifting,Investigation complete; no suspect identified,
99a410cfb35893e4238babb3fa16ba899b1239bec27c63e9577db9f35c201ed8,2020-08,Durham Constabulary,Durham Constabulary,-1.580318,54.806757,On or near Supermarket,E01020709,County Durham 022A,Shoplifting,Suspect charged as part of another case,
4858c3d6995ea9489fb43c8a7bd0a2923701e0139289b4c3f3590cfd59ed5256,2020-08,Durham Constabulary,Durham Constabulary,-1.581064,54.806840,On or near Shopping Area,E01020709,County Durham 022A,Shoplifting,Further investigation is not in the public interest,
62df8e16e45dbad99de6dad07dc1db560810cd27914edbaf3989450e4bc7863f,2020-08,Durham Constabulary,Durham Constabulary,-1.580318,54.806757,On or near Supermarket,E01020709,County Durham 022A,Shoplifting,Court result unavailable,
5845dd6650cbb8117d59313530dd5d0ddf63b078ce59c15570137b1c03d56b9f,2020-08,Durham Constabulary,Durham Constabulary,-1.581064,54.806840,On or near Shopping Area,E01020709,County Durham 022A,Shoplifting,Court result unavailable,
a5d015e0679a6ff55aa1c9c7f0f092b07e69657a94e1751ea0fff0b3cab1cee9,2020-08,Durham Constabulary,Durham Constabulary,-1.581064,54.806840,On or near Shopping Area,E01020709,County Durham 022A,Shoplifting,Court result unavailable,
5f24911ce1a24ec2372644d02f9766a9aa3a4410bfb124115468616943d73c5e,2020-08,Durham Constabulary,Durham Constabulary,-1.581064,54.806840,On or near Shopping Area,E01020709,County Durham 022A,Shoplifting,Investigation complete; no suspect identified,
3bbf157ff64f882bcc516e879d8dc1652308eaaa34b28a3ea94c0fa18ec20dd4,2020-08,Durham Constabulary,Durham Constabulary,-1.581064,54.806840,On or near Shopping Area,E01020709,County Durham 022A,Shoplifting,Investigation complete; no suspect identified,
0c8f683b86993069849372896a8b1841a2ed9dba45cf98fb88526ec9c43c246e,2020-08,Durham Constabulary,Durham Constabulary,-1.581556,54.805907,On or near Abbeywoods,E01020709,County Durham 022A,Vehicle crime,Investigation complete; no suspect identified,
1e1ea776be290a39675dc6ac0413bc7f982fbf3ed3526db1b44476f9232d0750,2020-08,Durham Constabulary,Durham Constabulary,-1.556101,54.804775,On or near Prison,E01020709,County Durham 022A,Violence and sexual offences,Action to be taken by another organisation,
169d4672230ad31f32e0b04f40757ff370eb79f52fef20e335609eb78542541e,2020-08,Durham Constabulary,Durham Constabulary,-1.556101,54.804775,On or near Prison,E01020709,County Durham 022A,Violence and sexual offences,Unable to prosecute suspect,
57dd5e822b7f9f91da6ef2a2e2c5c797c245357648749938f0594b7b508962eb,2020-08,Durham Constabulary,Durham Constabulary,-1.580318,54.806757,On or near Supermarket,E01020709,County Durham 022A,Violence and sexual offences,Court result unavailable,
4b873b3f3d1396544eb1eedbdb83a78c6222b0a5408238fe81b1d0414c05014d,2020-08,Durham Constabulary,Durham Constabulary,-1.557961,54.806803,On or near Rowan Drive,E01020709,County Durham 022A,Violence and sexual offences,Unable to prosecute suspect,
c4bc38c576bc025a6db2bfb50ab2201da902a0251af9530517e031f0d033a633,2020-08,Durham Constabulary,Durham Constabulary,-1.556101,54.804775,On or near Prison,E01020709,County Durham 022A,Violence and sexual offences,Action to be taken by another organisation,
f853a29fab74ee79ef2d96e2160ae6d3a3224caba76f4eb410eb4c3e214cba00,2020-08,Durham Constabulary,Durham Constabulary,-1.556101,54.804775,On or near Prison,E01020709,County Durham 022A,Violence and sexual offences,Court result unavailable,
489c3c575426b25e008cce72fe693f4faaa12a7f5c1fec43eda128e5502f4484,2020-08,Durham Constabulary,Durham Constabulary,-1.556101,54.804775,On or near Prison,E01020709,County Durham 022A,Violence and sexual offences,Action to be taken by another organisation,
cd1df37a20d660f0cd35f1133eee58c7de91d93e3ff293ba9fe7743850f87afe,2020-08,Durham Constabulary,Durham Constabulary,-1.557961,54.806803,On or near Rowan Drive,E01020709,County Durham 022A,Violence and sexual offences,Court result unavailable,
e0eaeabfbd1268d72fbaaf422eb5c1cc21361aca37c143306986aa9298da8dc7,2020-08,Durham Constabulary,Durham Constabulary,-1.557961,54.806803,On or near Rowan Drive,E01020709,County Durham 022A,Violence and sexual offences,Court result unavailable,
a02102a1ec9c594a27418f917ee83e1ed9988847f6bec29c31129c9a75b29204,2020-08,Durham Constabulary,Durham Constabulary,-1.556101,54.804775,On or near Prison,E01020709,County Durham 022A,Violence and sexual offences,Action to be taken by another organisation,
d47b7296c1e38ceeb39317a5f712c0bfd970aea6e1f9761bc0216ca3f74b5a6b,2020-08,Durham Constabulary,Durham Constabulary,-1.556101,54.804775,On or near Prison,E01020709,County Durham 022A,Violence and sexual offences,Action to be taken by another organisation,
8765b021253f0118741de2455484b205fdab7bda4d7e82a4648dfaf88ac1fa29,2020-08,Durham Constabulary,Durham Constabulary,-1.557961,54.806803,On or near Rowan Drive,E01020709,County Durham 022A,Violence and sexual offences,Unable to prosecute suspect,
ace088070d014dbfad24340f5ae0410c616557628a51adcd59e6b0cdb41f3df6,2020-08,Durham Constabulary,Durham Constabulary,-1.557961,54.806803,On or near Rowan Drive,E01020709,County Durham 022A,Violence and sexual offences,Unable to prosecute suspect,
c1d67365e6d68d9f41059bd1f5d6c4c74c7003321db6cd445b69325c1cbf3e31,2020-08,Durham Constabulary,Durham Constabulary,-1.556101,54.804775,On or near Prison,E01020709,County Durham 022A,Violence and sexual offences,Unable to prosecute suspect,
ebb47af8c2aa14bfec5066813ae8eb823a35e6ae1cd5a3075aaebaa9d46213e1,2020-08,Durham Constabulary,Durham Constabulary,-1.540250,54.822491,On or near Cocken Lane,E01020709,County Durham 022A,Violence and sexual offences,Unable to prosecute suspect,
2e6933252d5628853a3d5151d1d5101ce0b3d384f4fc273ae1e95426b5d628ea,2020-08,Durham Constabulary,Durham Constabulary,-1.578924,54.801737,On or near Pit Lane,E01020709,County Durham 022A,Violence and sexual offences,Unable to prosecute suspect,
0a0ed4f72cf0d54e361fd133b5315e9cd849e21211b970d467961b911a0cb324,2020-08,Durham Constabulary,Durham Constabulary,-1.557961,54.806803,On or near Rowan Drive,E01020709,County Durham 022A,Violence and sexual offences,Unable to prosecute suspect,
0eada8a91b020177c8bded58540376fe47fa3fc29d3e6047ae31d6b7d1563b67,2020-08,Durham Constabulary,Durham Constabulary,-1.557961,54.806803,On or near Rowan Drive,E01020709,County Durham 022A,Violence and sexual offences,Unable to prosecute suspect,
2c66042da4a6c9fc3348d2bee534dcba71a1890c03d6a0478d1e01f9457fe6dc,2020-08,Durham Constabulary,Durham Constabulary,-1.556101,54.804775,On or near Prison,E01020709,County Durham 022A,Violence and sexual offences,Action to be taken by another organisation,
4e131713327f0107eac8d23bfdd116cd8c80f8d49811bb788c4422123afebc32,2020-08,Durham Constabulary,Durham Constabulary,-1.556101,54.804775,On or near Prison,E01020709,County Durham 022A,Violence and sexual offences,Unable to prosecute suspect,
bb169bbe8c5119205cc83f65fb4a2e7207c5ebb66119aafd30e684bbb585d2aa,2020-08,Durham Constabulary,Durham Constabulary,-1.557961,54.806803,On or near Rowan Drive,E01020709,County Durham 022A,Violence and sexual offences,Unable to prosecute suspect,
08b57327c4fdf0db6aa6e663347fdd7d626eab7e7ad96ac8fe88e9400b7f5936,2020-08,Durham Constabulary,Durham Constabulary,-1.581064,54.806840,On or near Shopping Area,E01020709,County Durham 022A,Violence and sexual offences,Investigation complete; no suspect identified,
ef778bae6d541ac562316772d5e62daf961047edc61586673e89b6a8dc0835e5,2020-08,Durham Constabulary,Durham Constabulary,-1.556101,54.804775,On or near Prison,E01020709,County Durham 022A,Other crime,Unable to prosecute suspect,
ee052d70f1e8ee7d48109b6a14a47fb24a910744b84e84052f46211841fb7860,2020-08,Durham Constabulary,Durham Constabulary,-1.556101,54.804775,On or near Prison,E01020709,County Durham 022A,Other crime,Action to be taken by another organisation,
331eb74dbd05841a31c8ab6211a223de818e1e5e694454d5d9a32b6c7f7d4089,2020-08,Durham Constabulary,Durham Constabulary,-1.556101,54.804775,On or near Prison,E01020709,County Durham 022A,Other crime,Further investigation is not in the public interest,
f673f9a1109d6d437e596563844a74193be52100c4a4cb8c2cd61256e7e983c9,2020-08,Durham Constabulary,Durham Constabulary,-1.572863,54.799649,On or near Bowes Court,E01020718,County Durham 022C,Drugs,Offender given a drugs possession warning,
e9a1c57c53724ef33d23f286192148f579bc9364df54ecfe5371bd649cf18911,2020-08,Durham Constabulary,Durham Constabulary,-1.578281,54.799192,On or near St Godric'S Close,E01020718,County Durham 022C,Violence and sexual offences,Unable to prosecute suspect,
393620927437fe7637ed064ac4af93d950b8f0fbbafe5dd4f670ce75959fea61,2020-08,Durham Constabulary,Durham Constabulary,-1.578281,54.799192,On or near St Godric'S Close,E01020718,County Durham 022C,Violence and sexual offences,Unable to prosecute suspect,
,2020-08,Durham Constabulary,Durham Constabulary,-1.568961,54.793606,On or near Lindisfarne Road,E01020721,County Durham 022E,Anti-social behaviour,,
786ae0bbcee0b4c495aa776dd81a4580f712e719dfdd8ed40b4bfa79c7f7cb81,2020-08,Durham Constabulary,Durham Constabulary,-1.565389,54.796073,On or near Lindisfarne Road,E01020721,County Durham 022E,Violence and sexual offences,Investigation complete; no suspect identified,
,2020-08,Durham Constabulary,Durham Constabulary,-1.590977,54.795839,On or near Newcastle Terrace,E01020708,County Durham 023A,Anti-social behaviour,,
,2020-08,Durham Constabulary,Durham Constabulary,-1.598651,54.790454,On or near Witton Grove,E01020708,County Durham 023A,Anti-social behaviour,,
,2020-08,Durham Constabulary,Durham Constabulary,-1.590977,54.795839,On or near Newcastle Terrace,E01020708,County Durham 023A,Anti-social behaviour,,
,2020-08,Durham Constabulary,Durham Constabulary,-1.591698,54.795239,On or near Durham Terrace,E01020708,County Durham 023A,Anti-social behaviour,,
42ffbe43547d8a534b90ddc614545a1c4e75fa07ba1fddce686b1572982e9f84,2020-08,Durham Constabulary,Durham Constabulary,-1.590977,54.795839,On or near Newcastle Terrace,E01020708,County Durham 023A,Criminal damage and arson,Investigation complete; no suspect identified,
17e5ca503b098b2f4478b6c9f1ef23ef115a475a92c972eab3d2449610fe163f,2020-08,Durham Constabulary,Durham Constabulary,-1.592656,54.792825,On or near St Cuthberts Avenue,E01020708,County Durham 023A,Shoplifting,Local resolution,
12c8bfe12f9ba0a2fd6db5cedb300405d4b319ec030c417a19d5a7d5133d845f,2020-08,Durham Constabulary,Durham Constabulary,-1.586336,54.805519,On or near Smithfield,E01020710,County Durham 023B,Criminal damage and arson,Local resolution,
7399214956abf8bc7934c09556ab701c4910c7f0d605207e7b33f427ad0d596c,2020-08,Durham Constabulary,Durham Constabulary,-1.591503,54.802275,On or near Anvil Court,E01020710,County Durham 023B,Criminal damage and arson,Investigation complete; no suspect identified,
fc28796827fe34eeac436f95b4395fef3b081ee45849586acc7e3105531f4a25,2020-08,Durham Constabulary,Durham Constabulary,-1.596405,54.797357,On or near Sports/Recreation Area,E01020710,County Durham 023B,Criminal damage and arson,Investigation complete; no suspect identified,
72f51e7104ca46f4bbbde4e2f769470f937e5d79c26632e69b3d710dd32b7032,2020-08,Durham Constabulary,Durham Constabulary,-1.589818,54.802718,On or near Folly Terrace,E01020710,County Durham 023B,Other theft,Status update unavailable,
8024e45adccdab96e9d312c1e4beff49785fb8b85e500906b5d315297d4eee94,2020-08,Durham Constabulary,Durham Constabulary,-1.590488,54.802667,On or near Woodbine Road,E01020710,County Durham 023B,Other theft,Unable to prosecute suspect,
72f51e7104ca46f4bbbde4e2f769470f937e5d79c26632e69b3d710dd32b7032,2020-08,Durham Constabulary,Durham Constabulary,-1.589818,54.802718,On or near Folly Terrace,E01020710,County Durham 023B,Other theft,Investigation complete; no suspect identified,
,2020-08,Durham Constabulary,Durham Constabulary,-1.587058,54.794181,On or near Ashleigh Avenue,E01020711,County Durham 023C,Anti-social behaviour,,
,2020-08,Durham Constabulary,Durham Constabulary,-1.584251,54.793434,On or near Flambard Road,E01020711,County Durham 023C,Anti-social behaviour,,
1ee5724d930ab0b00d80886c49570e327ac6053bbc342ac8086468b7f14fad83,2020-08,Durham Constabulary,Durham Constabulary,-1.583910,54.796399,On or near Carrside,E01020711,County Durham 023C,Criminal damage and arson,Local resolution,
540e1de43acf3296cb0030001b8d420ddb5dd7a5efcb0d27f93063ad5206fd2d,2020-08,Durham Constabulary,Durham Constabulary,-1.588432,54.795228,On or near Lund Avenue,E01020711,County Durham 023C,Violence and sexual offences,Formal action is not in the public interest,
23996015641ed4954b92d2f1c9e9d9520bac36ef343733f58b97939d789bf83c,2020-08,Durham Constabulary,Durham Constabulary,-1.584971,54.794470,On or near Finchale Road,E01020711,County Durham 023C,Violence and sexual offences,Unable to prosecute suspect,
8ec9e9e31d1435ca1e2d191036799b6ce4493865d6f7500d34c523e18483937c,2020-08,Durham Constabulary,Durham Constabulary,-1.582969,54.795623,On or near Priory Road,E01020711,County Durham 023C,Violence and sexual offences,Unable to prosecute suspect,
bc423b4428105fd08c97c2424c13b46ee95ecbfeca8cf492950af4a4276e52e4,2020-08,Durham Constabulary,Durham Constabulary,-1.584971,54.794470,On or near Finchale Road,E01020711,County Durham 023C,Violence and sexual offences,Unable to prosecute suspect,
ed0ebfc7c8941bc447c8e7c3cbc27677bf55c78b15410af4564eefb7bcf4f86a,2020-08,Durham Constabulary,Durham Constabulary,-1.582340,54.793248,On or near Frankland Road,E01020711,County Durham 023C,Violence and sexual offences,Unable to prosecute suspect,
3eb7a7aa5b7c28548e68e3a32d7dc3566a513defc11d288c93106e5bda268cae,2020-08,Durham Constabulary,Durham Constabulary,-1.585194,54.792512,On or near Lilac Avenue,E01020711,County Durham 023C,Violence and sexual offences,Unable to prosecute suspect,
ddbce82b0f63fe013e15de7fcaa79c65d7eca485a95fcf5aec9d87ea3483186d,2020-08,Durham Constabulary,Durham Constabulary,-1.587058,54.794181,On or near Ashleigh Avenue,E01020711,County Durham 023C,Violence and sexual offences,Unable to prosecute suspect,
71c335815df700b19a89d71466d5d88ba3eff8527f02b6a76f60f0b4729ee415,2020-08,Durham Constabulary,Durham Constabulary,-1.588432,54.795228,On or near Lund Avenue,E01020711,County Durham 023C,Violence and sexual offences,Unable to prosecute suspect,
17373d44fc150ac3188724ad52a75394a7bc4cd533c3902f4f9f1044c618f501,2020-08,Durham Constabulary,Durham Constabulary,-1.584602,54.795601,On or near Aykley Road,E01020711,County Durham 023C,Violence and sexual offences,Local resolution,
6dfe112dce7090dca2f7e2f02d6a04b662add4a98f0500c9b0b0525559b996eb,2020-08,Durham Constabulary,Durham Constabulary,-1.582969,54.795623,On or near Priory Road,E01020711,County Durham 023C,Violence and sexual offences,Unable to prosecute suspect,
02297e9708761a0bd66314ef68e5e2f940cec6fa075fc0e6631132cae13a4b4d,2020-08,Durham Constabulary,Durham Constabulary,-1.588432,54.795228,On or near Lund Avenue,E01020711,County Durham 023C,Violence and sexual offences,Local resolution,
714edfe054eaefd0aaee7295af38cfd9f313a11f3fb637344e9a3e025a6eb0f9,2020-08,Durham Constabulary,Durham Constabulary,-1.582918,54.794490,On or near Bracken Field Road,E01020711,County Durham 023C,Violence and sexual offences,Unable to prosecute suspect,
037230833083b58e1d10c3a7c98c3ee4d7e357c96043330887faf0238356a61e,2020-08,Durham Constabulary,Durham Constabulary,-1.582665,54.796430,On or near Pit Lane,E01020711,County Durham 023C,Violence and sexual offences,Local resolution,
2a2dc3a3209ce200358c896f3df2e776439e4f64dc33a71e3d997e10ba7c9194,2020-08,Durham Constabulary,Durham Constabulary,-1.582969,54.795623,On or near Priory Road,E01020711,County Durham 023C,Violence and sexual offences,Unable to prosecute suspect,
,2020-08,Durham Constabulary,Durham Constabulary,-1.572491,54.795164,On or near Kirkham Road,E01020720,County Durham 023D,Anti-social behaviour,,
e5e295c9b1ce437fcb594a01de07156ba3f04adbf74176cd963932ed5b5a5bc0,2020-08,Durham Constabulary,Durham Constabulary,-1.576596,54.796679,On or near Eden Road,E01020720,County Durham 023D,Vehicle crime,Investigation complete; no suspect identified,
44079229e18e4c68e3bfe7aad65c1faf684ad3b9e0f2967c0cfc8060f48e0aae,2020-08,Durham Constabulary,Durham Constabulary,-1.572006,54.796825,On or near Barrasford Road,E01020720,County Durham 023D,Violence and sexual offences,Investigation complete; no suspect identified,
,2020-08,Durham Constabulary,Durham Constabulary,-1.714855,54.776656,On or near Cliffords Gate,E01020646,County Durham 024A,Anti-social behaviour,,
,2020-08,Durham Constabulary,Durham Constabulary,-1.709155,54.775870,On or near Kingfisher Close,E01020646,County Durham 024A,Anti-social behaviour,,
,2020-08,Durham Constabulary,Durham Constabulary,-1.716173,54.777045,On or near Valley Drive,E01020646,County Durham 024A,Anti-social behaviour,,
27a87ea43a584787a1c10af1f19fb68eca2dfe2000fae5ba06d2b50b96a0f870,2020-08,Durham Constabulary,Durham Constabulary,-1.766158,54.768273,On or near B6301,E01020646,County Durham 024A,Burglary,Investigation complete; no suspect identified,
605bfe5a4b713d4d880b261ddb7b96d5171846741e640d94fa505994e64bb972,2020-08,Durham Constabulary,Durham Constabulary,-1.800176,54.772621,On or near Pan Lane,E01020646,County Durham 024A,Criminal damage and arson,Investigation complete; no suspect identified,
67b51bf9811f3d230cda1f18606e7ea5cb176e6cca8a5b0e3707c4903fcc8484,2020-08,Durham Constabulary,Durham Constabulary,-1.846898,54.798525,On or near West Lane,E01020646,County Durham 024A,Criminal damage and arson,Investigation complete; no suspect identified,
62bdeaffb4e31d1059d238794561e347f692ba3d15d183243ade01755b5718ab,2020-08,Durham Constabulary,Durham Constabulary,-1.800176,54.772621,On or near Pan Lane,E01020646,County Durham 024A,Criminal damage and arson,Investigation complete; no suspect identified,
1c9c11686bcfad6935b952818c32a30253e33730c59baae8905e0e2fdbf985c5,2020-08,Durham Constabulary,Durham Constabulary,-1.714855,54.776656,On or near Cliffords Gate,E01020646,County Durham 024A,Public order,Unable to prosecute suspect,
68ba1ba1c09ba16dd91c18db1ad868dd2178d8934bbe3c1ff4a5b1b0248e2b45,2020-08,Durham Constabulary,Durham Constabulary,-1.712093,54.775913,On or near Castle View,E01020646,County Durham 024A,Violence and sexual offences,Unable to prosecute suspect,
549511d3fe20e16d36ee4acd162e51160c8d0c852356b5d26208fd06744f89b1,2020-08,Durham Constabulary,Durham Constabulary,-1.714855,54.776656,On or near Cliffords Gate,E01020646,County Durham 024A,Violence and sexual offences,Unable to prosecute suspect,
7e157154f525fc3d0513e28befbeeabf2730caca50f3a7c8c802452a009bffd1,2020-08,Durham Constabulary,Durham Constabulary,-1.712093,54.775913,On or near Castle View,E01020646,County Durham 024A,Violence and sexual offences,Unable to prosecute suspect,
8d0d301a0ff201659ce11dd55f9950bc7df4e434cef9e5f0cd3937674d78671e,2020-08,Durham Constabulary,Durham Constabulary,-1.710168,54.775566,On or near Rowley Link,E01020646,County Durham 024A,Violence and sexual offences,Unable to prosecute suspect,
26c681bd9dab2ed77e46d297a0db7a737c605783158628ab5a45e4015cc62f67,2020-08,Durham Constabulary,Durham Constabulary,-1.847392,54.762157,On or near Parking Area,E01020646,County Durham 024A,Other crime,Investigation complete; no suspect identified,
,2020-08,Durham Constabulary,Durham Constabulary,-1.673949,54.800322,On or near Dale Street,E01020658,County Durham 024B,Anti-social behaviour,,
,2020-08,Durham Constabulary,Durham Constabulary,-1.668386,54.799606,On or near Elm Street,E01020658,County Durham 024B,Anti-social behaviour,,
,2020-08,Durham Constabulary,Durham Constabulary,-1.673949,54.800322,On or near Dale Street,E01020658,County Durham 024B,Anti-social behaviour,,
,2020-08,Durham Constabulary,Durham Constabulary,-1.668386,54.799606,On or near Elm Street,E01020658,County Durham 024B,Anti-social behaviour,,
65ddae587d9276c7abf954948ea002a7199b9d9af84406782d425fc612e9faf6,2020-08,Durham Constabulary,Durham Constabulary,-1.665760,54.797424,On or near Esh Hillside,E01020658,County Durham 024B,Criminal damage and arson,Unable to prosecute suspect,
658005c0060295aa214525528ede47309bceea976ec6f7553d7a4f6daffdef3f,2020-08,Durham Constabulary,Durham Constabulary,-1.665760,54.797424,On or near Esh Hillside,E01020658,County Durham 024B,Criminal damage and arson,Local resolution,
251acdafa314558844e44105e493d036b0247af3d36466d13bc4c7d97b6ff2f2,2020-08,Durham Constabulary,Durham Constabulary,-1.667009,54.800690,On or near Hawthorne Terrace,E01020658,County Durham 024B,Drugs,Offender given a caution,
de39015f63d869dbab9d1244dcd90fc629d4531ff24d18ed395a75ccec377cd1,2020-08,Durham Constabulary,Durham Constabulary,-1.673949,54.800322,On or near Dale Street,E01020658,County Durham 024B,Shoplifting,Investigation complete; no suspect identified,
b7ae29b363072bf3b847f1b7a506be69d51f541049829e118be2348909e51d86,2020-08,Durham Constabulary,Durham Constabulary,-1.665497,54.797208,On or near Hezlett Court,E01020658,County Durham 024B,Vehicle crime,Investigation complete; no suspect identified,
a8fd0a39cd49353391ffdd8e62ba2f00456cb88df109c6d4f385a7d4d6c632ae,2020-08,Durham Constabulary,Durham Constabulary,-1.665760,54.797424,On or near Esh Hillside,E01020658,County Durham 024B,Violence and sexual offences,Unable to prosecute suspect,
dcbdad3cb70e276e008c616bbedf19a5c2137de6a06bf2684d112eb9127fac98,2020-08,Durham Constabulary,Durham Constabulary,-1.664586,54.788875,On or near College Road,E01020658,County Durham 024B,Violence and sexual offences,Investigation complete; no suspect identified,
694f3852bfc30983ec8357ca7ed1289a82834406bbcc14dbd6cfbe8656ee02ba,2020-08,Durham Constabulary,Durham Constabulary,-1.665911,54.796041,On or near Hilltop View,E01020658,County Durham 024B,Violence and sexual offences,Unable to prosecute suspect,
f1d998ac4a867121e98c99c2c0f7ebf0eb40dc627e1de2d634661d5e9e1b94c4,2020-08,Durham Constabulary,Durham Constabulary,-1.669158,54.800336,On or near Browney Court,E01020658,County Durham 024B,Violence and sexual offences,Investigation complete; no suspect identified,
fd92123c0a45835e8bde7bf62494e06b18862c94ee9c5877245ca8ad0617f4d5,2020-08,Durham Constabulary,Durham Constabulary,-1.665760,54.797424,On or near Esh Hillside,E01020658,County Durham 024B,Violence and sexual offences,Unable to prosecute suspect,
a11411d5872786ce17673d97d9f121158d8ad8d90da41300a3a420c4c9f02470,2020-08,Durham Constabulary,Durham Constabulary,-1.668386,54.799606,On or near Elm Street,E01020658,County Durham 024B,Violence and sexual offences,Unable to prosecute suspect,
e30b43147a7ef7e0f10b149278d70ceac7f81c848ba46215ced028f6c97a5425,2020-08,Durham Constabulary,Durham Constabulary,-1.673949,54.800322,On or near Dale Street,E01020658,County Durham 024B,Violence and sexual offences,Unable to prosecute suspect,
80c85b9e452de479221e75ee5bb8a65e6a4b909c2c58d513f2ec4dd069fca8e5,2020-08,Durham Constabulary,Durham Constabulary,-1.669158,54.800336,On or near Browney Court,E01020658,County Durham 024B,Violence and sexual offences,Further investigation is not in the public interest,
,2020-08,Durham Constabulary,Durham Constabulary,-1.674505,54.798904,On or near Supermarket,E01020659,County Durham 024C,Anti-social behaviour,,
,2020-08,Durham Constabulary,Durham Constabulary,-1.674505,54.798904,On or near Supermarket,E01020659,County Durham 024C,Anti-social behaviour,,
,2020-08,Durham Constabulary,Durham Constabulary,-1.682480,54.797523,On or near Stargate Close,E01020659,County Durham 024C,Anti-social behaviour,,
,2020-08,Durham Constabulary,Durham Constabulary,-1.670930,54.798571,On or near Supermarket,E01020659,County Durham 024C,Anti-social behaviour,,
c28906f583cdf114237a75f6394101cdcf28432917638c4b80a232c6f7ede7fc,2020-08,Durham Constabulary,Durham Constabulary,-1.680172,54.798209,On or near Beamish Close,E01020659,County Durham 024C,Drugs,Offender given a drugs possession warning,
0ff9a6e5be0bc79d0df4b105a59f644fdb74250ac0e3eb54170d6258a6d71205,2020-08,Durham Constabulary,Durham Constabulary,-1.680172,54.798209,On or near Beamish Close,E01020659,County Durham 024C,Drugs,Offender given a drugs possession warning,
7f19aa11ebdfd519020e7f22de122d6282e08ee031d8657bfa1a92900e076517,2020-08,Durham Constabulary,Durham Constabulary,-1.680172,54.798209,On or near Beamish Close,E01020659,County Durham 024C,Drugs,Court result unavailable,
0322892630a1b6c4d290347a1aa5cfb3b14e5d606125ab472f10ae674a16c73e,2020-08,Durham Constabulary,Durham Constabulary,-1.674505,54.798904,On or near Supermarket,E01020659,County Durham 024C,Public order,Unable to prosecute suspect,
71584f8518c315586ffb4f6184ffad0c5a41c60f34ebd2ba8c708e4d928f6d67,2020-08,Durham Constabulary,Durham Constabulary,-1.674505,54.798904,On or near Supermarket,E01020659,County Durham 024C,Public order,Unable to prosecute suspect,
1281a72f871b753a3a2e3e3965e0155242cde4c5d91ba1ded5003d85e53c28c5,2020-08,Durham Constabulary,Durham Constabulary,-1.674505,54.798904,On or near Supermarket,E01020659,County Durham 024C,Violence and sexual offences,Unable to prosecute suspect,
1475968e9beb8c5f5a22f176c96a5cb2f1a2d57c67d7a2c78ed84f078acb4e21,2020-08,Durham Constabulary,Durham Constabulary,-1.674505,54.798904,On or near Supermarket,E01020659,County Durham 024C,Violence and sexual offences,Unable to prosecute suspect,
,2020-08,Durham Constabulary,Durham Constabulary,-1.685827,54.799158,On or near Davis Crescent,E01020660,County Durham 024D,Anti-social behaviour,,
,2020-08,Durham Constabulary,Durham Constabulary,-1.717636,54.788075,On or near Sports/Recreation Area,E01020660,County Durham 024D,Anti-social behaviour,,
f4c18bc5e85fcef934aa20dd233a92dde4db28cc3f4201f96639a87c6388e3ff,2020-08,Durham Constabulary,Durham Constabulary,-1.685827,54.799158,On or near Davis Crescent,E01020660,County Durham 024D,Criminal damage and arson,Investigation complete; no suspect identified,
9a9324857da153f6eff76682a7097e7541ccaede41392ac679712a2f859d01ca,2020-08,Durham Constabulary,Durham Constabulary,-1.717636,54.788075,On or near Sports/Recreation Area,E01020660,County Durham 024D,Other theft,Investigation complete; no suspect identified,
74a00753211f0ca7d0ba1a0bd6eeb07a0afdd63b8e4ccfa40ee02536fb9eefac,2020-08,Durham Constabulary,Durham Constabulary,-1.685827,54.799158,On or near Davis Crescent,E01020660,County Durham 024D,Other theft,Unable to prosecute suspect,
91914dbad3a6ec57569c83ea8a54f2ab59968d080714f07f0dcbceb88e3b6b2a,2020-08,Durham Constabulary,Durham Constabulary,-1.655995,54.806285,On or near Petrol Station,E01020660,County Durham 024D,Shoplifting,Court result unavailable,
0e03f36719215d2bd74248e168d59683467342e701611f609d71858930da4059,2020-08,Durham Constabulary,Durham Constabulary,-1.712629,54.794516,On or near Hamsteels Lane,E01020660,County Durham 024D,Violence and sexual offences,Unable to prosecute suspect,
c72d47c1e8465bcac313b3752cb203d32c5ca5d0e7dbef351151f69c52f365f0,2020-08,Durham Constabulary,Durham Constabulary,-1.731693,54.788179,On or near Steadman'S Lane,E01020660,County Durham 024D,Violence and sexual offences,Unable to prosecute suspect,
cd681ab5d9d2cd6ba922e187634c40d1f7d94075764fa44d1733de178889ff7c,2020-08,Durham Constabulary,Durham Constabulary,-1.685827,54.799158,On or near Davis Crescent,E01020660,County Durham 024D,Violence and sexual offences,Action to be taken by another organisation,
cd681ab5d9d2cd6ba922e187634c40d1f7d94075764fa44d1733de178889ff7c,2020-08,Durham Constabulary,Durham Constabulary,-1.685827,54.799158,On or near Davis Crescent,E01020660,County Durham 024D,Violence and sexual offences,Status update unavailable,
066321d707be9c4ef0d480dbbc2a4c2814c51ecd91966801f33f10516b59f992,2020-08,Durham Constabulary,Durham Constabulary,-1.731693,54.788179,On or near Steadman'S Lane,E01020660,County Durham 024D,Violence and sexual offences,Unable to prosecute suspect,
66d05cc09c3743e3aceb541ea951817029f84a1da0bf5bd69bf816bb2256d10c,2020-08,Durham Constabulary,Durham Constabulary,-1.687768,54.797519,On or near Willow Park,E01020660,County Durham 024D,Violence and sexual offences,Unable to prosecute suspect,
25f3701b34a63393daee170c80c6640968f300e9d00f00052a9887dd858ee4d1,2020-08,Durham Constabulary,Durham Constabulary,-1.712629,54.794516,On or near Hamsteels Lane,E01020660,County Durham 024D,Violence and sexual offences,Unable to prosecute suspect,
13a8d3c2f0025b93d21843cdb4135ba95aa8a7f395f50efdc9545673572fb80b,2020-08,Durham Constabulary,Durham Constabulary,-1.677816,54.799164,On or near Sports/Recreation Area,E01020660,County Durham 024D,Violence and sexual offences,Court result unavailable,
,2020-08,Durham Constabulary,Durham Constabulary,-1.335357,54.789011,On or near Oswald Terrace,E01020751,County Durham 025A,Anti-social behaviour,,
,2020-08,Durham Constabulary,Durham Constabulary,-1.334642,54.788980,On or near Easington Street,E01020751,County Durham 025A,Anti-social behaviour,,
,2020-08,Durham Constabulary,Durham Constabulary,-1.332925,54.791235,On or near Holmhill Lane,E01020751,County Durham 025A,Anti-social behaviour,,
,2020-08,Durham Constabulary,Durham Constabulary,-1.335357,54.789011,On or near Oswald Terrace,E01020751,County Durham 025A,Anti-social behaviour,,
75d4f75466ad4a0f6e1ad12ea3e5dda96a821f0aa7251d6a7b3eb347705d10d7,2020-08,Durham Constabulary,Durham Constabulary,-1.332925,54.791235,On or near Holmhill Lane,E01020751,County Durham 025A,Burglary,Unable to prosecute suspect,
260148bee6bc1b9fe8c27839cd356cf6f757febad054d2b47d120831847b5ca2,2020-08,Durham Constabulary,Durham Constabulary,-1.338570,54.787465,On or near St Nicholas Terrace,E01020751,County Durham 025A,Burglary,Investigation complete; no suspect identified,
29974e4b2d7208e29fd3aded81b4c8b6e32d3b3b1c42ad345d3276bc4c8ddd10,2020-08,Durham Constabulary,Durham Constabulary,-1.342043,54.788104,On or near Wordsworth Road,E01020751,County Durham 025A,Criminal damage and arson,Local resolution,
5ecab79b7465d79d9a5ed25c7e909d2d13351d35cff8d2b310ab1e4a3da0b7e4,2020-08,Durham Constabulary,Durham Constabulary,-1.344092,54.787360,On or near Milton Lane,E01020751,County Durham 025A,Criminal damage and arson,Investigation complete; no suspect identified,
0960fc63a8b7a693297527afc0804244f48ba2a10c201384474ee598abc5b262,2020-08,Durham Constabulary,Durham Constabulary,-1.342043,54.788104,On or near Wordsworth Road,E01020751,County Durham 025A,Other theft,Unable to prosecute suspect,
4c5903da3f57a405eaae7009928a2726502879ca685af3425280bce3faa2dcd2,2020-08,Durham Constabulary,Durham Constabulary,-1.332925,54.791235,On or near Holmhill Lane,E01020751,County Durham 025A,Other theft,Investigation complete; no suspect identified,
187225d8077e5aa0848b0a8918009928562b4764d65b096a6a24a6446a5323ef,2020-08,Durham Constabulary,Durham Constabulary,-1.332925,54.791235,On or near Holmhill Lane,E01020751,County Durham 025A,Other theft,Unable to prosecute suspect,
cae2125f8e3c367e854cb50d2410eb27de620712603bad10bcb4f32ef5398eb9,2020-08,Durham Constabulary,Durham Constabulary,-1.332925,54.791235,On or near Holmhill Lane,E01020751,County Durham 025A,Other theft,Unable to prosecute suspect,
edd6f853e7251e1bb8dd66517fa0eb69f5d8abc8c0efa580341003a309d3cbb3,2020-08,Durham Constabulary,Durham Constabulary,-1.332925,54.791235,On or near Holmhill Lane,E01020751,County Durham 025A,Other theft,Investigation complete; no suspect identified,
27e061263f1f867f22286253b860c8f8084d882a2baca54d31df5f175acc7f41,2020-08,Durham Constabulary,Durham Constabulary,-1.332925,54.791235,On or near Holmhill Lane,E01020751,County Durham 025A,Other theft,Investigation complete; no suspect identified,
756d08b87f9deabe15afa09c9b273f25e60dfc39a07ec8aeb5b33a8f58f4341f,2020-08,Durham Constabulary,Durham Constabulary,-1.337416,54.787674,On or near Police Station,E01020751,County Durham 025A,Vehicle crime,Investigation complete; no suspect identified,
55ec2a2f9e672922909da026c68891368882d58b6732aa6f439e5fa4810ae411,2020-08,Durham Constabulary,Durham Constabulary,-1.335357,54.789011,On or near Oswald Terrace,E01020751,County Durham 025A,Vehicle crime,Suspect charged as part of another case,
8f7789ebdefaaf13f80d370968e7ef58b62a20e918339d144ad5b12ee48f5aad,2020-08,Durham Constabulary,Durham Constabulary,-1.332925,54.791235,On or near Holmhill Lane,E01020751,County Durham 025A,Violence and sexual offences,Unable to prosecute suspect,
8ae4b954f95881c7fd759cdea0441a96754bdb7c5209e7281d788e3bf0cb5483,2020-08,Durham Constabulary,Durham Constabulary,-1.334642,54.788980,On or near Easington Street,E01020751,County Durham 025A,Violence and sexual offences,Local resolution,
4f0691b6a255a2504c23d815444dc602bd3713ec35b6b11049d4c60f6291ba8a,2020-08,Durham Constabulary,Durham Constabulary,-1.342043,54.788104,On or near Wordsworth Road,E01020751,County Durham 025A,Violence and sexual offences,Unable to prosecute suspect,
368e57e684e5e8b2e89439e5fa56d4e52f6973414758c99e4f9df50e15bcf20e,2020-08,Durham Constabulary,Durham Constabulary,-1.334642,54.788980,On or near Easington Street,E01020751,County Durham 025A,Violence and sexual offences,Unable to prosecute suspect,
f4c06af2c473c065799c394aeffd834daea3a2a69fed87c9195d334b79d172c2,2020-08,Durham Constabulary,Durham Constabulary,-1.332925,54.791235,On or near Holmhill Lane,E01020751,County Durham 025A,Other crime,Unable to prosecute suspect,
,2020-08,Durham Constabulary,Durham Constabulary,-1.324799,54.788908,On or near Anthony Street,E01020752,County Durham 025B,Anti-social behaviour,,
,2020-08,Durham Constabulary,Durham Constabulary,-1.323697,54.786933,On or near Bede Street,E01020752,County Durham 025B,Anti-social behaviour,,
,2020-08,Durham Constabulary,Durham Constabulary,-1.325266,54.788865,On or near Argent Street,E01020752,County Durham 025B,Anti-social behaviour,,
,2020-08,Durham Constabulary,Durham Constabulary,-1.329524,54.788116,On or near Supermarket,E01020752,County Durham 025B,Anti-social behaviour,,
,2020-08,Durham Constabulary,Durham Constabulary,-1.319953,54.787640,On or near Castle Street,E01020752,County Durham 025B,Anti-social behaviour,,
,2020-08,Durham Constabulary,Durham Constabulary,-1.320451,54.788515,On or near Office Street,E01020752,County Durham 025B,Anti-social behaviour,,
,2020-08,Durham Constabulary,Durham Constabulary,-1.322758,54.788222,On or near B1283,E01020752,County Durham 025B,Anti-social behaviour,,
7275879e40a119048379981ef50c722e96a4e350ea220a2268bd4622563b3bee,2020-08,Durham Constabulary,Durham Constabulary,-1.322758,54.788222,On or near B1283,E01020752,County Durham 025B,Burglary,Investigation complete; no suspect identified,
70994464748999fbc8c1940f07bc1c8d5ac8dd87398232b479f05dc8e7f590d3,2020-08,Durham Constabulary,Durham Constabulary,-1.329524,54.788116,On or near Supermarket,E01020752,County Durham 025B,Burglary,Court result unavailable,
3b3826bc4b5dd63f156354949aac2c04f47da561ce7bfff400352e29db8bdac5,2020-08,Durham Constabulary,Durham Constabulary,-1.329524,54.788116,On or near Supermarket,E01020752,County Durham 025B,Burglary,Court result unavailable,
ac2d431c30ab15482995ad81d47fb141d600f7945dd682dbc4aafe857d9a6a7b,2020-08,Durham Constabulary,Durham Constabulary,-1.322758,54.788222,On or near B1283,E01020752,County Durham 025B,Burglary,Court result unavailable,
166e8054adab7cc23005260087eceb9bd3e84febc94336199ba910007411f971,2020-08,Durham Constabulary,Durham Constabulary,-1.325266,54.788865,On or near Argent Street,E01020752,County Durham 025B,Burglary,Investigation complete; no suspect identified,
f27e004f0c39f25ade8b85135a9e775bc6e39df6686320bc14e93fedc48c045d,2020-08,Durham Constabulary,Durham Constabulary,-1.330230,54.788704,On or near School Street,E01020752,County Durham 025B,Criminal damage and arson,Unable to prosecute suspect,
f3c7a38ce908c5fd2b66e97bd44edfcdac1e069b32d0e7e3d188ab75c88ed17d,2020-08,Durham Constabulary,Durham Constabulary,-1.320451,54.788515,On or near Office Street,E01020752,County Durham 025B,Criminal damage and arson,Investigation complete; no suspect identified,
9a93cf3bf31b25b1a64cf7f3e869898d4a40be87e17c0e75ffe71d19aa5c5be7,2020-08,Durham Constabulary,Durham Constabulary,-1.325266,54.788865,On or near Argent Street,E01020752,County Durham 025B,Criminal damage and arson,Investigation complete; no suspect identified,
328495ba47677b78f5f607c10c11d82823c8d627db5e553e468450edbc192e9b,2020-08,Durham Constabulary,Durham Constabulary,-1.323697,54.786933,On or near Bede Street,E01020752,County Durham 025B,Criminal damage and arson,Investigation complete; no suspect identified,
0e21bddc61802c1c358a0bd412ae4bb1c388f59b5fbe98dcbf414470637ca374,2020-08,Durham Constabulary,Durham Constabulary,-1.323276,54.788827,On or near Leech Court,E01020752,County Durham 025B,Criminal damage and arson,Unable to prosecute suspect,
ab7b2924458263553f0a0aa2f3bf7c8fe0b36f8f9fde1494f17dfc3fbacd93f2,2020-08,Durham Constabulary,Durham Constabulary,-1.325609,54.788840,On or near Angus Street,E01020752,County Durham 025B,Criminal damage and arson,Investigation complete; no suspect identified,
f324e9c9027a0d2b81fb5fce9832bb8f620b6ba6a0f3ad18034ac29c0fd181a5,2020-08,Durham Constabulary,Durham Constabulary,-1.322758,54.788222,On or near B1283,E01020752,County Durham 025B,Criminal damage and arson,Status update unavailable,
f324e9c9027a0d2b81fb5fce9832bb8f620b6ba6a0f3ad18034ac29c0fd181a5,2020-08,Durham Constabulary,Durham Constabulary,-1.322758,54.788222,On or near B1283,E01020752,County Durham 025B,Criminal damage and arson,Investigation complete; no suspect identified,
808c2cf7a96e41e7b0423b4ec5fff179374f5ccc7c8bda41b2c2077ea15be97e,2020-08,Durham Constabulary,Durham Constabulary,-1.326294,54.788790,On or near Avon Street,E01020752,County Durham 025B,Criminal damage and arson,Investigation complete; no suspect identified,
cb9fd08543e185f309dbb0095891d108218d0eef185b32730f1da04c6e3e057c,2020-08,Durham Constabulary,Durham Constabulary,-1.320451,54.788515,On or near Office Street,E01020752,County Durham 025B,Criminal damage and arson,Unable to prosecute suspect,
34392d8e863ffe0c620bbc4ff4642ca3a276498c6881489592f8bb97a0c7ecec,2020-08,Durham Constabulary,Durham Constabulary,-1.323697,54.786933,On or near Bede Street,E01020752,County Durham 025B,Criminal damage and arson,Investigation complete; no suspect identified,
72e1734cc5545aa882dbab217e222baffbf243f238ba61f6201257838dd3c466,2020-08,Durham Constabulary,Durham Constabulary,-1.322758,54.788222,On or near B1283,E01020752,County Durham 025B,Criminal damage and arson,Investigation complete; no suspect identified,
53d2c106cbddbebe2d6ba705d14a0ead7be1b1ec5084f5be7eac171270112396,2020-08,Durham Constabulary,Durham Constabulary,-1.320451,54.788515,On or near Office Street,E01020752,County Durham 025B,Criminal damage and arson,Investigation complete; no suspect identified,
942d5df783ec827c7ce202b728c969e2ce5097df9216c51f97a6221bfacb70f2,2020-08,Durham Constabulary,Durham Constabulary,-1.322758,54.788222,On or near B1283,E01020752,County Durham 025B,Criminal damage and arson,Investigation complete; no suspect identified,
7dca6d3fceb59f655f3deb87c6b6f68b97c62d7cafd08a5532aedd22f0a0defb,2020-08,Durham Constabulary,Durham Constabulary,-1.322758,54.788222,On or near B1283,E01020752,County Durham 025B,Criminal damage and arson,Investigation complete; no suspect identified,
9605de01cea7f1bb3f0f44c8ab7f29b2f3a3daed7a251b41b2756275d463fe17,2020-08,Durham Constabulary,Durham Constabulary,-1.322758,54.788222,On or near B1283,E01020752,County Durham 025B,Public order,Investigation complete; no suspect identified,
13c285d002101325a171eb86ee60210b8a19d9f239f3e33c785b0603a7647415,2020-08,Durham Constabulary,Durham Constabulary,-1.322758,54.788222,On or near B1283,E01020752,County Durham 025B,Public order,Investigation complete; no suspect identified,
f0c525d7b5aeadfe8f4073bcbd841f31dd13cb7d729068ded2dd5d5f1f571462,2020-08,Durham Constabulary,Durham Constabulary,-1.324799,54.788908,On or near Anthony Street,E01020752,County Durham 025B,Public order,Unable to prosecute suspect,
39f7174577f045553a320484c0c02022c9608c9b2bb218ff82768e37fed3e5ba,2020-08,Durham Constabulary,Durham Constabulary,-1.323697,54.786933,On or near Bede Street,E01020752,County Durham 025B,Public order,Investigation complete; no suspect identified,
0a23f5a3b2c5d53a4305672a6a9a85e7dd4326498bfb98f54297ba1d2fe58d47,2020-08,Durham Constabulary,Durham Constabulary,-1.323697,54.786933,On or near Bede Street,E01020752,County Durham 025B,Public order,Unable to prosecute suspect,
ba046f485c554f273f054827e136c5abddeb5723db834f2880db7af47fd1dd6b,2020-08,Durham Constabulary,Durham Constabulary,-1.324799,54.788908,On or near Anthony Street,E01020752,County Durham 025B,Shoplifting,Court result unavailable,
7e60bfaa94f3041486bf59a9457a383daa06c3ccb7932a4afb7b51dc151d3bca,2020-08,Durham Constabulary,Durham Constabulary,-1.324799,54.788908,On or near Anthony Street,E01020752,County Durham 025B,Shoplifting,Suspect charged as part of another case,
360ce56e289b9ff74368c4beafe8838176b68d622813e43674e36926e8d2cef6,2020-08,Durham Constabulary,Durham Constabulary,-1.324799,54.788908,On or near Anthony Street,E01020752,County Durham 025B,Shoplifting,Court result unavailable,
18ecb96c553491e2c6df675bfc1050747baad71fe47873344c7052eba4392adb,2020-08,Durham Constabulary,Durham Constabulary,-1.324799,54.788908,On or near Anthony Street,E01020752,County Durham 025B,Shoplifting,Suspect charged as part of another case,
17489aec69dbb56e5148a05b9e67b9dcf2353dc6d4dd7896af338e31e8c7bdfd,2020-08,Durham Constabulary,Durham Constabulary,-1.324799,54.788908,On or near Anthony Street,E01020752,County Durham 025B,Shoplifting,Court result unavailable,
b1d4d3752c19e7e9357bbffc4c0b7bd7f71b5d2ccffcd6c684664ace9e4b217d,2020-08,Durham Constabulary,Durham Constabulary,-1.329524,54.788116,On or near Supermarket,E01020752,County Durham 025B,Shoplifting,Investigation complete; no suspect identified,
2b06c2493bae32a2eb36f73d1cf6c0df47df4ea006261f41ba433f8d8a5b279a,2020-08,Durham Constabulary,Durham Constabulary,-1.324799,54.788908,On or near Anthony Street,E01020752,County Durham 025B,Shoplifting,Suspect charged as part of another case,
f72fa7f98cd6929401c107bf9f088cd2e8b4e128a8b380961e9ba34ee6d5eb5f,2020-08,Durham Constabulary,Durham Constabulary,-1.324799,54.788908,On or near Anthony Street,E01020752,County Durham 025B,Shoplifting,Suspect charged as part of another case,
f5afb24f4595430c58b7b8d5e65b1fe81f29975f01d0cde16950e35909422701,2020-08,Durham Constabulary,Durham Constabulary,-1.324799,54.788908,On or near Anthony Street,E01020752,County Durham 025B,Shoplifting,Investigation complete; no suspect identified,
3701fca1eae589e7517828b9573ea4410e1f1eed91ccd7297cca3aacedd7cc06,2020-08,Durham Constabulary,Durham Constabulary,-1.331738,54.788739,On or near Vincent Street,E01020752,County Durham 025B,Vehicle crime,Investigation complete; no suspect identified,
8442e47d5bfc715f125d85069686c5aed747fac59fc34ed5b0545804097fb567,2020-08,Durham Constabulary,Durham Constabulary,-1.323276,54.788827,On or near Leech Court,E01020752,County Durham 025B,Vehicle crime,Status update unavailable,
d165089befbe3ef1d29e5c3af0e4e74a77b21996e93cb0f59034a9d62b37e18e,2020-08,Durham Constabulary,Durham Constabulary,-1.323697,54.786933,On or near Bede Street,E01020752,County Durham 025B,Violence and sexual offences,Unable to prosecute suspect,
1cd8174528984f6ba332c04f4bc7856f8b4677b4894cecb702df74f618af14dd,2020-08,Durham Constabulary,Durham Constabulary,-1.329524,54.788116,On or near Supermarket,E01020752,County Durham 025B,Violence and sexual offences,Court result unavailable,
58cae9e73fa77042c72b9763e91a4686a6adca5ad67e9ee20d61b3a0784cbd75,2020-08,Durham Constabulary,Durham Constabulary,-1.330230,54.788704,On or near School Street,E01020752,County Durham 025B,Violence and sexual offences,Action to be taken by another organisation,
e705df0b63440ab1a16226aa25875dae9a9467eb5ab011ee68a453f7ac9c0f92,2020-08,Durham Constabulary,Durham Constabulary,-1.320170,54.785844,On or near Station Road,E01020752,County Durham 025B,Violence and sexual offences,Unable to prosecute suspect,
dba8a89da8f98ca8fcfe50ab08a8b965e0fe302f7c809e6956f429d145d29e12,2020-08,Durham Constabulary,Durham Constabulary,-1.329524,54.788116,On or near Supermarket,E01020752,County Durham 025B,Violence and sexual offences,Court result unavailable,
b249fa1f1541c2ce75171eb0899b8292fc1c6083cfc260431fec744e281557f7,2020-08,Durham Constabulary,Durham Constabulary,-1.320170,54.785844,On or near Station Road,E01020752,County Durham 025B,Violence and sexual offences,Unable to prosecute suspect,
795cf0161bd5d3f6d6e69a4e2c3d36a1a928af2c178c3c04dd4f87bf899664ff,2020-08,Durham Constabulary,Durham Constabulary,-1.323697,54.786933,On or near Bede Street,E01020752,County Durham 025B,Violence and sexual offences,Unable to prosecute suspect,
9b691fee5491df5a754bec858210d64f585f0901c9c90e961bb407ce8f835b05,2020-08,Durham Constabulary,Durham Constabulary,-1.330230,54.788704,On or near School Street,E01020752,County Durham 025B,Violence and sexual offences,Action to be taken by another organisation,
a395a42268d31c341d1aa016abd21270f03a8294a357614427cf26ff494a7fdb,2020-08,Durham Constabulary,Durham Constabulary,-1.323697,54.786933,On or near Bede Street,E01020752,County Durham 025B,Violence and sexual offences,Unable to prosecute suspect,
1ce01f14fdf677940e425b5e37aef849e814acfc32b24a12c4ec15ee3bdfbfec,2020-08,Durham Constabulary,Durham Constabulary,-1.320451,54.788515,On or near Office Street,E01020752,County Durham 025B,Violence and sexual offences,Unable to prosecute suspect,
14516e558cf18609e61854c5d7bc6e81822b79cac7180d173f57a253751a756c,2020-08,Durham Constabulary,Durham Constabulary,-1.329524,54.788116,On or near Supermarket,E01020752,County Durham 025B,Violence and sexual offences,Formal action is not in the public interest,
8e6480185acfa930b8a0726d2bd3e104b453b20fb754f82684548a67846c8dca,2020-08,Durham Constabulary,Durham Constabulary,-1.323697,54.786933,On or near Bede Street,E01020752,County Durham 025B,Violence and sexual offences,Further action is not in the public interest,
d9e2856f365f6721d401c9fa651dccdf50224ab676717d1f91ec1628867825d7,2020-08,Durham Constabulary,Durham Constabulary,-1.323697,54.786933,On or near Bede Street,E01020752,County Durham 025B,Violence and sexual offences,Investigation complete; no suspect identified,
0c5f615983068d646b4ffbc14b95478128a45f36a63a6623046a3a39ca3d630b,2020-08,Durham Constabulary,Durham Constabulary,-1.330230,54.788704,On or near School Street,E01020752,County Durham 025B,Violence and sexual offences,Unable to prosecute suspect,
60c1423450682ddb33771048aaaa04137e6d2751cba911db16b921f2594b4ed9,2020-08,Durham Constabulary,Durham Constabulary,-1.326294,54.788790,On or near Avon Street,E01020752,County Durham 025B,Violence and sexual offences,Local resolution,
6a54e334272b135ef11c4299331b7f5232a57cb1ced0d8477b8d0bc9babf4171,2020-08,Durham Constabulary,Durham Constabulary,-1.322758,54.788222,On or near B1283,E01020752,County Durham 025B,Violence and sexual offences,Unable to prosecute suspect,
6e72c62525d74b99bdbe27167d9aeb9f841248419f2534c2c304c0b0805d6a92,2020-08,Durham Constabulary,Durham Constabulary,-1.323697,54.786933,On or near Bede Street,E01020752,County Durham 025B,Violence and sexual offences,Unable to prosecute suspect,
e94568ef282f341b60e6d4d95e4e092367e37ff9707ae90e6154a168c24ae06f,2020-08,Durham Constabulary,Durham Constabulary,-1.330230,54.788704,On or near School Street,E01020752,County Durham 025B,Violence and sexual offences,Action to be taken by another organisation,
0a7446b38498f8ba948c27d1a810b2e3e11c132a5d7729383877cf94d743b964,2020-08,Durham Constabulary,Durham Constabulary,-1.320170,54.785844,On or near Station Road,E01020752,County Durham 025B,Violence and sexual offences,Unable to prosecute suspect,
edcbad8d1a08f1ed2f08fc93e8948e24c3e3bca023adcfa56793320bcff55a74,2020-08,Durham Constabulary,Durham Constabulary,-1.323697,54.786933,On or near Bede Street,E01020752,County Durham 025B,Violence and sexual offences,Further investigation is not in the public interest,
95f08387593f4d07791263357237a2672c85e4d0fd256a38fe73558d702b3863,2020-08,Durham Constabulary,Durham Constabulary,-1.326294,54.788790,On or near Avon Street,E01020752,County Durham 025B,Violence and sexual offences,Unable to prosecute suspect,
cf7f52ad683f84c5f21d41588c86dc675d3721f6db2465e2679ab8a1e38c1554,2020-08,Durham Constabulary,Durham Constabulary,-1.330230,54.788704,On or near School Street,E01020752,County Durham 025B,Violence and sexual offences,Further investigation is not in the public interest,
f6c828bc41f4abff5defdd487e64b65fbbcedbd445df826461ebcd1e8417b27e,2020-08,Durham Constabulary,Durham Constabulary,-1.320451,54.788515,On or near Office Street,E01020752,County Durham 025B,Violence and sexual offences,Unable to prosecute suspect,
e705df0b63440ab1a16226aa25875dae9a9467eb5ab011ee68a453f7ac9c0f92,2020-08,Durham Constabulary,Durham Constabulary,-1.320170,54.785844,On or near Station Road,E01020752,County Durham 025B,Violence and sexual offences,Status update unavailable,
999ff6cfe9d3a9262cbaa3b5a1469cc247bd6f3c863bddbf453d96360bc71768,2020-08,Durham Constabulary,Durham Constabulary,-1.329524,54.788116,On or near Supermarket,E01020752,County Durham 025B,Other crime,Court result unavailable,
159f521cedf7e6b4448499dc6a1b3f003b54d3733c047e4b275d5596ccdae46c,2020-08,Durham Constabulary,Durham Constabulary,-1.322758,54.788222,On or near B1283,E01020752,County Durham 025B,Other crime,Offender given a caution,
fd6a24482d1c46eb26442b24f5d7b4df5e639a9fbbe6533d7c5ef7eb0fce0b36,2020-08,Durham Constabulary,Durham Constabulary,-1.320570,54.785173,On or near Sports/Recreation Area,E01020752,County Durham 025B,Other crime,Court result unavailable,
,2020-08,Durham Constabulary,Durham Constabulary,-1.350165,54.783915,On or near Grange Avenue,E01020754,County Durham 025C,Anti-social behaviour,,
,2020-08,Durham Constabulary,Durham Constabulary,-1.354974,54.785621,On or near Cadwell Lane,E01020754,County Durham 025C,Anti-social behaviour,,
,2020-08,Durham Constabulary,Durham Constabulary,-1.350165,54.783915,On or near Grange Avenue,E01020754,County Durham 025C,Anti-social behaviour,,
2df4065baddbdbd38a05606be9d34c72411919de29020672ae45c85d01b333d6,2020-08,Durham Constabulary,Durham Constabulary,-1.354484,54.785106,On or near Rosemary Lane,E01020754,County Durham 025C,Other theft,Further investigation is not in the public interest,
8c08b343125845b21860c9f0f5ee91b34cdd0d16e92b6d488e0d6d11b9da440f,2020-08,Durham Constabulary,Durham Constabulary,-1.360030,54.804178,On or near Petrol Station,E01020754,County Durham 025C,Other theft,Formal action is not in the public interest,
8c941d7033e946653a4a833dc3385bede3490ab5256f27be157923182fe2b5a8,2020-08,Durham Constabulary,Durham Constabulary,-1.348431,54.802804,On or near Belmont Avenue,E01020754,County Durham 025C,Vehicle crime,Investigation complete; no suspect identified,
b4585b3b754531b730f22da3a5543cecf3df419b55f30743156be78652d5eb59,2020-08,Durham Constabulary,Durham Constabulary,-1.348431,54.802804,On or near Belmont Avenue,E01020754,County Durham 025C,Vehicle crime,Investigation complete; no suspect identified,
021867e768ec6ae63cd111c6351cde61516fe413f1e1d89e17171380d411e4c3,2020-08,Durham Constabulary,Durham Constabulary,-1.348431,54.802804,On or near Belmont Avenue,E01020754,County Durham 025C,Vehicle crime,Investigation complete; no suspect identified,
90f37338d49827b9fcda0e0dd4eef7501629c5f47c114f28b6932626fdf1539c,2020-08,Durham Constabulary,Durham Constabulary,-1.359588,54.802585,On or near Petrol Station,E01020754,County Durham 025C,Violence and sexual offences,Unable to prosecute suspect,
9854390dfee3dad8100f33a7a234b5d78d16670359be8fe65de476ede9fb5539,2020-08,Durham Constabulary,Durham Constabulary,-1.354448,54.783506,On or near South Side,E01020754,County Durham 025C,Violence and sexual offences,Unable to prosecute suspect,
,2020-08,Durham Constabulary,Durham Constabulary,-1.352474,54.783424,On or near East Grange Court,E01020756,County Durham 025D,Anti-social behaviour,,
,2020-08,Durham Constabulary,Durham Constabulary,-1.353706,54.787142,On or near Fennel Grove,E01020756,County Durham 025D,Anti-social behaviour,,
,2020-08,Durham Constabulary,Durham Constabulary,-1.347947,54.785520,On or near Seaside Lane,E01020756,County Durham 025D,Anti-social behaviour,,
,2020-08,Durham Constabulary,Durham Constabulary,-1.346075,54.778186,On or near Thorpe Road,E01020756,County Durham 025D,Anti-social behaviour,,
,2020-08,Durham Constabulary,Durham Constabulary,-1.366522,54.784981,On or near Hall Walks,E01020756,County Durham 025D,Anti-social behaviour,,
ad435cde2b16fd5f80aff130f39e2fe317a54c706b6188242a35564fe2e1a7f5,2020-08,Durham Constabulary,Durham Constabulary,-1.346075,54.778186,On or near Thorpe Road,E01020756,County Durham 025D,Burglary,Court result unavailable,
5471582142d753dfd2591ee6cbd590db9f46977077371c6beafd1e0f07ab6ab1,2020-08,Durham Constabulary,Durham Constabulary,-1.344104,54.777025,On or near Highgrove Court,E01020756,County Durham 025D,Burglary,Court result unavailable,
4cc44f79d80a68783ba336da10119b72633a21de25ebb61265afaf6a351ea333,2020-08,Durham Constabulary,Durham Constabulary,-1.356236,54.784477,On or near Church Walk,E01020756,County Durham 025D,Criminal damage and arson,Investigation complete; no suspect identified,
b814fd0c904533187476b9aa75fe0828a09e1309ee63efe31ac0d3b23a3f73f6,2020-08,Durham Constabulary,Durham Constabulary,-1.353706,54.787142,On or near Fennel Grove,E01020756,County Durham 025D,Criminal damage and arson,Investigation complete; no suspect identified,
04e6703e243fb63c4ef6675df529c23bc683b85c7cf072f99b6e01403133522b,2020-08,Durham Constabulary,Durham Constabulary,-1.357067,54.786009,On or near The Spinney,E01020756,County Durham 025D,Other theft,Investigation complete; no suspect identified,
021b6ebaaa8bc5f7b9f65dd6f9c0852e93c5f6fa6c0a6ed8503360d4a6f3ca27,2020-08,Durham Constabulary,Durham Constabulary,-1.357067,54.786009,On or near The Spinney,E01020756,County Durham 025D,Other theft,Investigation complete; no suspect identified,
57c44494a17e2b40f4ff97a0202ae120daabc08b9b86d3836e8f9fb05fd9c06e,2020-08,Durham Constabulary,Durham Constabulary,-1.366430,54.772938,On or near Hackworth Road,E01020756,County Durham 025D,Vehicle crime,Investigation complete; no suspect identified,
f4e946efe24c54c708f4f18ddcfb49553f05ecc19f0975b5b14caace15ce0652,2020-08,Durham Constabulary,Durham Constabulary,-1.372260,54.766848,On or near Cook Way,E01020756,County Durham 025D,Vehicle crime,Investigation complete; no suspect identified,
e6b99138955887bfc15747e5111f122da87229387146b1e190c38bd2bc90fd70,2020-08,Durham Constabulary,Durham Constabulary,-1.353706,54.787142,On or near Fennel Grove,E01020756,County Durham 025D,Vehicle crime,Investigation complete; no suspect identified,
8e2597e56b47d21b24f4df455d49cafe7e19f40eb35dc44b5a64e4a3bf1691b6,2020-08,Durham Constabulary,Durham Constabulary,-1.347973,54.785817,On or near Lauren Court,E01020756,County Durham 025D,Vehicle crime,Investigation complete; no suspect identified,
,2020-08,Durham Constabulary,Durham Constabulary,-1.639328,54.784031,On or near Woodland Close,E01020679,County Durham 026A,Anti-social behaviour,,
,2020-08,Durham Constabulary,Durham Constabulary,-1.630607,54.783906,On or near Byland Court,E01020679,County Durham 026A,Anti-social behaviour,,
,2020-08,Durham Constabulary,Durham Constabulary,-1.630182,54.782745,On or near Wayside Court,E01020679,County Durham 026A,Anti-social behaviour,,
df965ef61cc25ae86ffa2f14d57fae77f5c835a4989d3d241a7488e63851b559,2020-08,Durham Constabulary,Durham Constabulary,-1.630182,54.782745,On or near Wayside Court,E01020679,County Durham 026A,Burglary,Investigation complete; no suspect identified,
e197c6b802d688c5237c789f5e904ee359c72a024153f9e0f94ad881bfdd95d0,2020-08,Durham Constabulary,Durham Constabulary,-1.641371,54.785196,On or near East Side Avenue,E01020679,County Durham 026A,Criminal damage and arson,Investigation complete; no suspect identified,
86d175735f3aa3072138078d5de7065bb60836c97decb6fbede221765da4b5d4,2020-08,Durham Constabulary,Durham Constabulary,-1.639328,54.784031,On or near Woodland Close,E01020679,County Durham 026A,Vehicle crime,Investigation complete; no suspect identified,
30e9a57380fb4c1d4a29909e1fab3b6f4686d32b9b3872773f71782ec13802fb,2020-08,Durham Constabulary,Durham Constabulary,-1.629270,54.783794,On or near Taylor Avenue,E01020679,County Durham 026A,Violence and sexual offences,Unable to prosecute suspect,
f5b39b796b4cd5cc42cdb6b8f1b22738878c47320336369f78a9741c478e6094,2020-08,Durham Constabulary,Durham Constabulary,-1.629270,54.783794,On or near Taylor Avenue,E01020679,County Durham 026A,Violence and sexual offences,Unable to prosecute suspect,
d6a5aae2bd34690f6366024cf4bb98615cabf798c25a7fc0e1aae6f06aecd15e,2020-08,Durham Constabulary,Durham Constabulary,-1.629270,54.783794,On or near Taylor Avenue,E01020679,County Durham 026A,Violence and sexual offences,Unable to prosecute suspect,
613c8865a801de4f126a06fe32a4e316cc57a6ff65d5c2118d4edf89b7f7f596,2020-08,Durham Constabulary,Durham Constabulary,-1.629270,54.783794,On or near Taylor Avenue,E01020679,County Durham 026A,Violence and sexual offences,Unable to prosecute suspect,
be684483b3ae7a9f6595051570c19417c958c9561ab1ed8b3a0bc5ac6c35aec7,2020-08,Durham Constabulary,Durham Constabulary,-1.634882,54.783928,On or near Kingston Avenue,E01020679,County Durham 026A,Violence and sexual offences,Unable to prosecute suspect,
,2020-08,Durham Constabulary,Durham Constabulary,-1.644828,54.805893,On or near Front Street,E01020680,County Durham 026B,Anti-social behaviour,,
,2020-08,Durham Constabulary,Durham Constabulary,-1.640876,54.805909,On or near Chapel Court,E01020680,County Durham 026B,Anti-social behaviour,,
,2020-08,Durham Constabulary,Durham Constabulary,-1.636739,54.805779,On or near Newton Street,E01020680,County Durham 026B,Anti-social behaviour,,
,2020-08,Durham Constabulary,Durham Constabulary,-1.612861,54.802264,On or near Trout'S Lane,E01020680,County Durham 026B,Anti-social behaviour,,
f323ea1ff7c39f664fdf799cf93136ae6062330263194cbe2749deab794868cf,2020-08,Durham Constabulary,Durham Constabulary,-1.612861,54.802264,On or near Trout'S Lane,E01020680,County Durham 026B,Burglary,Investigation complete; no suspect identified,
6b36556a62312040e4a3ead00c9947c9bd0b2f5838ce28ea48ce317e0ca361ee,2020-08,Durham Constabulary,Durham Constabulary,-1.648755,54.814055,On or near Norburn Lane,E01020680,County Durham 026B,Other theft,Investigation complete; no suspect identified,
9ed3afdb6c97b743f9cb2be3e73e97ebb8e9559183d30ece858da17bedb4953f,2020-08,Durham Constabulary,Durham Constabulary,-1.634173,54.807407,On or near Deneside,E01020680,County Durham 026B,Shoplifting,Investigation complete; no suspect identified,
ca32c8277422a8158245d26b843e733ccf7c1f48c93e5963a15e7338b0703bef,2020-08,Durham Constabulary,Durham Constabulary,-1.634173,54.807407,On or near Deneside,E01020680,County Durham 026B,Shoplifting,Investigation complete; no suspect identified,
c93fa6fa951596642fe384f14cb606ed0e640ec23a470ef5169d5219cf7d9c56,2020-08,Durham Constabulary,Durham Constabulary,-1.634173,54.807407,On or near Deneside,E01020680,County Durham 026B,Violence and sexual offences,Court result unavailable,
4e857cbf2002985332dc5b19ce8476fcde37ab929504649adf7765e119fb0fd7,2020-08,Durham Constabulary,Durham Constabulary,-1.639713,54.805501,On or near Front Street,E01020680,County Durham 026B,Violence and sexual offences,Unable to prosecute suspect,
88cee5d37d37ec9148e7aff30484c4a2d5c83fce746acdd5d794728789e90307,2020-08,Durham Constabulary,Durham Constabulary,-1.631797,54.806960,On or near Friarside,E01020680,County Durham 026B,Violence and sexual offences,Unable to prosecute suspect,
7cd7995be6a195aa2da4e51686710a3ea7c60db270ebaa2000ae82ef5ed49d4a,2020-08,Durham Constabulary,Durham Constabulary,-1.612861,54.802264,On or near Trout'S Lane,E01020680,County Durham 026B,Violence and sexual offences,Unable to prosecute suspect,
86cf283d8d0c4bed8206e53c87026656259a49b3602190ab26fd925fc95c2cae,2020-08,Durham Constabulary,Durham Constabulary,-1.660001,54.801605,On or near Firs Terrace,E01020680,County Durham 026B,Violence and sexual offences,Unable to prosecute suspect,
ed013834ae75fbfea2febfc3b6faa5e9889237898e0a6aface9655935115e145,2020-08,Durham Constabulary,Durham Constabulary,-1.638692,54.787363,On or near Hedley Court,E01020680,County Durham 026B,Violence and sexual offences,Unable to prosecute suspect,
afe74873952700893a6a64fca734889b37e4bcb9b4529efdfcee300806d67be2,2020-08,Durham Constabulary,Durham Constabulary,-1.633199,54.811898,On or near The Crescent,E01020681,County Durham 026C,Criminal damage and arson,Local resolution,
188fbcf3de0ac10de994f0868d39250933396c83113eb1fc6c7b411c9b9bbbc0,2020-08,Durham Constabulary,Durham Constabulary,-1.634479,54.809718,On or near Sacriston Lane,E01020681,County Durham 026C,Violence and sexual offences,Unable to prosecute suspect,
1f10ea47707831f8f489da6aa58eba7ad9e42b502e2993b5e29e270a01babee6,2020-08,Durham Constabulary,Durham Constabulary,-1.634479,54.809718,On or near Sacriston Lane,E01020681,County Durham 026C,Violence and sexual offences,Unable to prosecute suspect,
238c394cedcc4b347db3389ed3ea46841984c6ac88f3972e576eef59de3da531,2020-08,Durham Constabulary,Durham Constabulary,-1.631989,54.811472,On or near Rose Lea,E01020681,County Durham 026C,Violence and sexual offences,Unable to prosecute suspect,
70d129dd58037c57135284fcb76a901795f0de98c53bf9cb6917187a731f1ad7,2020-08,Durham Constabulary,Durham Constabulary,-1.634479,54.809718,On or near Sacriston Lane,E01020681,County Durham 026C,Other crime,Unable to prosecute suspect,
7f90b7e7856fe810c1e2ead58d9aceee5efefe74dcf7a81c9cafc7c50d01368a,2020-08,Durham Constabulary,Durham Constabulary,-1.621118,54.769300,On or near Cooke'S Wood,E01020714,County Durham 026D,Burglary,Investigation complete; no suspect identified,
515309d73274f2376b43604fcb8d8ee9d1b5c265c7c3efc4a2cbd0b67ee1b504,2020-08,Durham Constabulary,Durham Constabulary,-1.640188,54.769475,On or near Mill Lane,E01020714,County Durham 026D,Burglary,Investigation complete; no suspect identified,
59ab341b2c558877612f90208d56f01553c0be7f323419eced651ecbd15e56d1,2020-08,Durham Constabulary,Durham Constabulary,-1.630737,54.774677,On or near Beech Grove,E01020714,County Durham 026D,Criminal damage and arson,Investigation complete; no suspect identified,
380ff3ff1e16d45e378137ed917e1f37086b5bbbb97bf9e54b39bcb7c9656ace,2020-08,Durham Constabulary,Durham Constabulary,-1.621118,54.769300,On or near Cooke'S Wood,E01020714,County Durham 026D,Criminal damage and arson,Unable to prosecute suspect,
92303f6a0b460c2669eab23b087adf8b5f5980b34583ff33becb42393d66781d,2020-08,Durham Constabulary,Durham Constabulary,-1.629318,54.775194,On or near Holburn Court,E01020714,County Durham 026D,Criminal damage and arson,Unable to prosecute suspect,
3252f51bf0150d4a53f59b91c78f3354bffb5a20a31ac987cf1c730713855a2d,2020-08,Durham Constabulary,Durham Constabulary,-1.630737,54.774677,On or near Beech Grove,E01020714,County Durham 026D,Violence and sexual offences,Further action is not in the public interest,
b40de11dbfa78f7d8adca4932cd5d4c4924a73b8a3158422ff8abf91402f3e3b,2020-08,Durham Constabulary,Durham Constabulary,-1.630737,54.774677,On or near Beech Grove,E01020714,County Durham 026D,Violence and sexual offences,Unable to prosecute suspect,
02456fe3923e1145590506fa6367861de4d1f33ac48f71fe13201df76319a2d9,2020-08,Durham Constabulary,Durham Constabulary,-1.624488,54.771342,On or near Broom Lane,E01020714,County Durham 026D,Violence and sexual offences,Unable to prosecute suspect,
f27d616ad8f5fb731414ab4ca32e178ca6a01423392aebf0cf0343093ee2bbc0,2020-08,Durham Constabulary,Durham Constabulary,-1.640188,54.769475,On or near Mill Lane,E01020714,County Durham 026D,Violence and sexual offences,Investigation complete; no suspect identified,
,2020-08,Durham Constabulary,Durham Constabulary,-1.637159,54.779765,On or near Aldridge Court,E01020716,County Durham 026E,Anti-social behaviour,,
,2020-08,Durham Constabulary,Durham Constabulary,-1.637671,54.781581,On or near Further/Higher Educational Building,E01020716,County Durham 026E,Anti-social behaviour,,
,2020-08,Durham Constabulary,Durham Constabulary,-1.638031,54.777817,On or near Oakridge Road,E01020716,County Durham 026E,Anti-social behaviour,,
,2020-08,Durham Constabulary,Durham Constabulary,-1.632818,54.776705,On or near Bay Court,E01020716,County Durham 026E,Anti-social behaviour,,
9d7da57261a6f9ce532b2bf675fc2c4ce2675f3aef639b585dae6ac10d9aee55,2020-08,Durham Constabulary,Durham Constabulary,-1.636439,54.778495,On or near Ash Avenue,E01020716,County Durham 026E,Criminal damage and arson,Unable to prosecute suspect,
ea3e29f633b056e30eeca0ce8ffe2bd87baf411c3f9b78a271da4d26d3f1966a,2020-08,Durham Constabulary,Durham Constabulary,-1.635096,54.777458,On or near Fir Park,E01020716,County Durham 026E,Criminal damage and arson,Unable to prosecute suspect,
4feaa342181051dc64391c8cb2d7c88df802712e470397c207a159ee95afc62c,2020-08,Durham Constabulary,Durham Constabulary,-1.633509,54.775898,On or near Pine Park,E01020716,County Durham 026E,Other theft,Investigation complete; no suspect identified,
3e7dcf6658fa45bb794155fafba93ea9db5a473f1a04b2436d2461788345b561,2020-08,Durham Constabulary,Durham Constabulary,-1.635096,54.777458,On or near Fir Park,E01020716,County Durham 026E,Public order,Unable to prosecute suspect,
7932791e97e0055536e3c5a7e61658730eedcfa022584b11b719aae2aa55fde8,2020-08,Durham Constabulary,Durham Constabulary,-1.644617,54.780281,On or near Whitehouse Lane,E01020716,County Durham 026E,Theft from the person,Local resolution,
c20cd58e75232f87c7249d4d82b99d5de35ad86bc48c098f31b1ae53e69a893e,2020-08,Durham Constabulary,Durham Constabulary,-1.637159,54.779765,On or near Aldridge Court,E01020716,County Durham 026E,Vehicle crime,Investigation complete; no suspect identified,
7be377eccb61442b87d61ca6ec175e239aca616a9173e2e79bc1076d03403aa6,2020-08,Durham Constabulary,Durham Constabulary,-1.644617,54.780281,On or near Whitehouse Lane,E01020716,County Durham 026E,Violence and sexual offences,Unable to prosecute suspect,
ac911a56fe0606f74dbd95d992f62b1e671fe2dfb4a28cf23440430f85456392,2020-08,Durham Constabulary,Durham Constabulary,-1.635900,54.776175,On or near Broom Crescent,E01020716,County Durham 026E,Violence and sexual offences,Unable to prosecute suspect,
2aa96090d72a9b1b18c21c9b8828a2c03e61db0a4a135ab6cf39d4769b15002a,2020-08,Durham Constabulary,Durham Constabulary,-1.638031,54.777817,On or near Oakridge Road,E01020716,County Durham 026E,Violence and sexual offences,Unable to prosecute suspect,
f4ece55074af62f28105c16a39b55afcb9057c09914eed4d3d71ca3a9a93798c,2020-08,Durham Constabulary,Durham Constabulary,-1.640102,54.779171,On or near New Acres,E01020716,County Durham 026E,Violence and sexual offences,Unable to prosecute suspect,
f31862d3623849964137bab2de9cfe1b9dc7eb888f3560da6109e18612cd0406,2020-08,Durham Constabulary,Durham Constabulary,-1.643914,54.778850,On or near Hunter Avenue,E01020716,County Durham 026E,Violence and sexual offences,Unable to prosecute suspect,
e653dba8d2ad51b83eb94ea02302e9ed27d227b732298c5228a5d43c3fcfcf7d,2020-08,Durham Constabulary,Durham Constabulary,-1.644617,54.780281,On or near Whitehouse Lane,E01020716,County Durham 026E,Other crime,Investigation complete; no suspect identified,
,2020-08,Durham Constabulary,Durham Constabulary,-1.486847,54.790842,On or near Elizabeth Court,E01020725,County Durham 027A,Anti-social behaviour,,
,2020-08,Durham Constabulary,Durham Constabulary,-1.472096,54.784308,On or near Plantation Avenue,E01020725,County Durham 027A,Anti-social behaviour,,
,2020-08,Durham Constabulary,Durham Constabulary,-1.484126,54.789599,On or near Coalford Lane,E01020725,County Durham 027A,Anti-social behaviour,,
,2020-08,Durham Constabulary,Durham Constabulary,-1.486847,54.790842,On or near Elizabeth Court,E01020725,County Durham 027A,Anti-social behaviour,,
,2020-08,Durham Constabulary,Durham Constabulary,-1.484126,54.789599,On or near Coalford Lane,E01020725,County Durham 027A,Anti-social behaviour,,
70b2060b228bbe4525a4429d1acd71f2f337e1cd0b710f5259cc82ffb3931bde,2020-08,Durham Constabulary,Durham Constabulary,-1.484126,54.789599,On or near Coalford Lane,E01020725,County Durham 027A,Criminal damage and arson,Investigation complete; no suspect identified,
1f11aa360dc04c834dac6a2bd0816e821e216321b7f7e45a820933777d64b1bf,2020-08,Durham Constabulary,Durham Constabulary,-1.472096,54.784308,On or near Plantation Avenue,E01020725,County Durham 027A,Criminal damage and arson,Investigation complete; no suspect identified,
51bb727d5ece011aac52e6d85442e4a13f0a0768e796f31d7e500f7f296b94b9,2020-08,Durham Constabulary,Durham Constabulary,-1.486847,54.790842,On or near Elizabeth Court,E01020725,County Durham 027A,Criminal damage and arson,Investigation complete; no suspect identified,
b0cb86f8301e0ecbe4b4e0274f78fe1f34e076088d394a818cb966a544c4b923,2020-08,Durham Constabulary,Durham Constabulary,-1.486439,54.788630,On or near Church Vale,E01020725,County Durham 027A,Public order,Investigation complete; no suspect identified,
0bb2c3b8bb662bfa318e32628576ba47bf380fb477e1abea34fbbdf3917c23e1,2020-08,Durham Constabulary,Durham Constabulary,-1.484126,54.789599,On or near Coalford Lane,E01020725,County Durham 027A,Public order,Investigation complete; no suspect identified,
16d5a2933e2804fca8d0e30408009cbf319f80e1f441437c831cdfc4dec46e60,2020-08,Durham Constabulary,Durham Constabulary,-1.486847,54.790842,On or near Elizabeth Court,E01020725,County Durham 027A,Public order,Investigation complete; no suspect identified,
9ff700f81fcd8f08f5599645fbafbadd187c773cdc3e30d69d18f7516d57c0e5,2020-08,Durham Constabulary,Durham Constabulary,-1.484126,54.789599,On or near Coalford Lane,E01020725,County Durham 027A,Public order,Further investigation is not in the public interest,
d9afd098071ec3c78dad31f91670652a7a4aecc894ee8ae0742116b79456a018,2020-08,Durham Constabulary,Durham Constabulary,-1.489237,54.793728,On or near Elemore Street,E01020725,County Durham 027A,Vehicle crime,Investigation complete; no suspect identified,
1626aef25a449db83cd8ad74f3ca55d09588310507aca1eeef4e6176c71ab0b4,2020-08,Durham Constabulary,Durham Constabulary,-1.486847,54.790842,On or near Elizabeth Court,E01020725,County Durham 027A,Vehicle crime,Investigation complete; no suspect identified,
4a1053c4ea87bb90debf4e94516ace1b882ffeefff34bb8e19ef3c162e4fc2b2,2020-08,Durham Constabulary,Durham Constabulary,-1.486439,54.788630,On or near Church Vale,E01020725,County Durham 027A,Violence and sexual offences,Unable to prosecute suspect,
7481f4a647a844edc0c02dc051c0120e22e7ae5592a9320087d261af317f032b,2020-08,Durham Constabulary,Durham Constabulary,-1.484126,54.789599,On or near Coalford Lane,E01020725,County Durham 027A,Violence and sexual offences,Unable to prosecute suspect,
c549abbcfd73c7f19bc874d37056dea12e83cdb30808a093187178003fe0dc16,2020-08,Durham Constabulary,Durham Constabulary,-1.486847,54.790842,On or near Elizabeth Court,E01020725,County Durham 027A,Violence and sexual offences,Court result unavailable,
f5a53dd97f6ec55679426de668e6092bcc10ab4a76f27bdd0df9f5d3015cefb1,2020-08,Durham Constabulary,Durham Constabulary,-1.484126,54.789599,On or near Coalford Lane,E01020725,County Durham 027A,Violence and sexual offences,Unable to prosecute suspect,
8cb6be17fafbd061592cddf9b05e426fe366b5adcd2399b19d466156f15dfe11,2020-08,Durham Constabulary,Durham Constabulary,-1.486847,54.790842,On or near Elizabeth Court,E01020725,County Durham 027A,Violence and sexual offences,Formal action is not in the public interest,
c86a05bc4949858bb1243dc366bc5cdbbc8f59fc2f94d460e8b7e9e1051c7269,2020-08,Durham Constabulary,Durham Constabulary,-1.484126,54.789599,On or near Coalford Lane,E01020725,County Durham 027A,Violence and sexual offences,Investigation complete; no suspect identified,
,2020-08,Durham Constabulary,Durham Constabulary,-1.501844,54.815671,On or near Benridge Bank,E01020726,County Durham 027B,Anti-social behaviour,,
,2020-08,Durham Constabulary,Durham Constabulary,-1.503379,54.809810,On or near A690,E01020726,County Durham 027B,Anti-social behaviour,,
,2020-08,Durham Constabulary,Durham Constabulary,-1.498299,54.816690,On or near The Dene,E01020726,County Durham 027B,Anti-social behaviour,,
7ea353bb52a130369ec4b0fba2e701b6e51c446cea6b38ffc245f4e6a6502d97,2020-08,Durham Constabulary,Durham Constabulary,-1.502385,54.810947,On or near Petrol Station,E01020726,County Durham 027B,Criminal damage and arson,Court result unavailable,
846dbc84f612c946ad4abd172714bd48dcea262cdbcf535769039dfa5fa476c0,2020-08,Durham Constabulary,Durham Constabulary,-1.498299,54.816690,On or near The Dene,E01020726,County Durham 027B,Criminal damage and arson,Investigation complete; no suspect identified,
e14f96f7a061e1b3fca06eb5c40f22bf609ccf1e5f5f8261925db9b998894324,2020-08,Durham Constabulary,Durham Constabulary,-1.502385,54.810947,On or near Petrol Station,E01020726,County Durham 027B,Other theft,Investigation complete; no suspect identified,
5aecda459d084fec45aa0931ce457d9e465eb98030533ed2255414d1f1d98472,2020-08,Durham Constabulary,Durham Constabulary,-1.501844,54.815671,On or near Benridge Bank,E01020726,County Durham 027B,Public order,Investigation complete; no suspect identified,
93f11ea628b520028b857f3bf42f195d593e6678c3c1d235541cc0c888a8016b,2020-08,Durham Constabulary,Durham Constabulary,-1.501844,54.815671,On or near Benridge Bank,E01020726,County Durham 027B,Public order,Unable to prosecute suspect,
5a2cdd77b75ca4b4b33e1e679f5cf13a6b95e74aeeab2bc6366a02d9a6249536,2020-08,Durham Constabulary,Durham Constabulary,-1.502385,54.810947,On or near Petrol Station,E01020726,County Durham 027B,Shoplifting,Investigation complete; no suspect identified,
ab9e7e1d9014482cf55b3d07e128b5acc7ca8dc1752658ad695d51e40893177e,2020-08,Durham Constabulary,Durham Constabulary,-1.499131,54.813611,On or near Lea Riggs,E01020726,County Durham 027B,Vehicle crime,Investigation complete; no suspect identified,
,2020-08,Durham Constabulary,Durham Constabulary,-1.508880,54.814262,On or near The Crescent,E01020727,County Durham 027C,Anti-social behaviour,,
,2020-08,Durham Constabulary,Durham Constabulary,-1.508309,54.815132,On or near Sports/Recreation Area,E01020727,County Durham 027C,Anti-social behaviour,,
,2020-08,Durham Constabulary,Durham Constabulary,-1.505445,54.811391,On or near Woodland View,E01020727,County Durham 027C,Anti-social behaviour,,
,2020-08,Durham Constabulary,Durham Constabulary,-1.505445,54.811391,On or near Woodland View,E01020727,County Durham 027C,Anti-social behaviour,,
,2020-08,Durham Constabulary,Durham Constabulary,-1.505445,54.811391,On or near Woodland View,E01020727,County Durham 027C,Anti-social behaviour,,
,2020-08,Durham Constabulary,Durham Constabulary,-1.508309,54.815132,On or near Sports/Recreation Area,E01020727,County Durham 027C,Anti-social behaviour,,
,2020-08,Durham Constabulary,Durham Constabulary,-1.505445,54.811391,On or near Woodland View,E01020727,County Durham 027C,Anti-social behaviour,,
,2020-08,Durham Constabulary,Durham Constabulary,-1.507224,54.812216,On or near School View,E01020727,County Durham 027C,Anti-social behaviour,,
,2020-08,Durham Constabulary,Durham Constabulary,-1.505445,54.811391,On or near Woodland View,E01020727,County Durham 027C,Anti-social behaviour,,
d6d0444d619ebb7a5845d290b31de25bb311ce5a83497c1f9fbbe3d9030102cf,2020-08,Durham Constabulary,Durham Constabulary,-1.505445,54.811391,On or near Woodland View,E01020727,County Durham 027C,Criminal damage and arson,Unable to prosecute suspect,
a4024d7ec6fbbfc6b7065fa0fb46689450084f8a088dce074cfa2ee45f16277e,2020-08,Durham Constabulary,Durham Constabulary,-1.507224,54.812216,On or near School View,E01020727,County Durham 027C,Criminal damage and arson,Unable to prosecute suspect,
774fd5cf37be7bb266264aaeef73e0aea1d30d7c0a99ef4b28d975a62328fe74,2020-08,Durham Constabulary,Durham Constabulary,-1.504719,54.813517,On or near Fair View,E01020727,County Durham 027C,Public order,Investigation complete; no suspect identified,
5ab03ea177720d99be9afcbcf0d66405723e7743f808aa9c047b9d147c8f3973,2020-08,Durham Constabulary,Durham Constabulary,-1.518191,54.821561,On or near Pithouse Lane,E01020727,County Durham 027C,Public order,Investigation complete; no suspect identified,
e41f75537e71de825e803b858a868248c3aeec404f59edc9136a64e55edf1527,2020-08,Durham Constabulary,Durham Constabulary,-1.502455,54.812852,On or near Rainton View,E01020727,County Durham 027C,Public order,Unable to prosecute suspect,
22cd648435b1b147765973889813a9c2649c58976d22d593c03018e136b8a6b0,2020-08,Durham Constabulary,Durham Constabulary,-1.508880,54.814262,On or near The Crescent,E01020727,County Durham 027C,Violence and sexual offences,Unable to prosecute suspect,
740e05acba2af1150f31f71d5b483f80e3983f7f734146d675f80b484f7a2bb8,2020-08,Durham Constabulary,Durham Constabulary,-1.505445,54.811391,On or near Woodland View,E01020727,County Durham 027C,Violence and sexual offences,Unable to prosecute suspect,
82b4c7d153a0bf32f4d68eb061456852eaac4069aeb4aa95e140a223342f8a75,2020-08,Durham Constabulary,Durham Constabulary,-1.505445,54.811391,On or near Woodland View,E01020727,County Durham 027C,Violence and sexual offences,Unable to prosecute suspect,
c0baa8b22c4f08c4fd976e4480c31e295b42c651ec55c8c2a1f7a4c33343ae9f,2020-08,Durham Constabulary,Durham Constabulary,-1.508880,54.814262,On or near The Crescent,E01020727,County Durham 027C,Violence and sexual offences,Unable to prosecute suspect,
,2020-08,Durham Constabulary,Durham Constabulary,-1.473177,54.752527,On or near A181,E01020729,County Durham 027D,Anti-social behaviour,,
,2020-08,Durham Constabulary,Durham Constabulary,-1.468656,54.751339,On or near Silent Bank,E01020729,County Durham 027D,Anti-social behaviour,,
,2020-08,Durham Constabulary,Durham Constabulary,-1.473177,54.752527,On or near A181,E01020729,County Durham 027D,Anti-social behaviour,,
,2020-08,Durham Constabulary,Durham Constabulary,-1.439582,54.767430,On or near Sports/Recreation Area,E01020729,County Durham 027D,Anti-social behaviour,,
,2020-08,Durham Constabulary,Durham Constabulary,-1.444268,54.764593,On or near Sports/Recreation Area,E01020729,County Durham 027D,Anti-social behaviour,,
,2020-08,Durham Constabulary,Durham Constabulary,-1.439582,54.767430,On or near Sports/Recreation Area,E01020729,County Durham 027D,Anti-social behaviour,,
,2020-08,Durham Constabulary,Durham Constabulary,-1.444268,54.764593,On or near Sports/Recreation Area,E01020729,County Durham 027D,Anti-social behaviour,,
,2020-08,Durham Constabulary,Durham Constabulary,-1.479875,54.775472,On or near Kell Crescent,E01020729,County Durham 027D,Anti-social behaviour,,
,2020-08,Durham Constabulary,Durham Constabulary,-1.483987,54.773594,On or near Bannerman Terrace,E01020729,County Durham 027D,Anti-social behaviour,,
4bcc2a0c4df80a2e4a43744d838cc963b6ab9345bb6b27ada9754289a396b2db,2020-08,Durham Constabulary,Durham Constabulary,-1.474159,54.775061,On or near Jubilee Crescent,E01020729,County Durham 027D,Criminal damage and arson,Investigation complete; no suspect identified,
20544991d82118518c419c2b6f6aaa20ef4408bca722a425b6225e7b6ca529e1,2020-08,Durham Constabulary,Durham Constabulary,-1.467678,54.761957,On or near Dene Court,E01020729,County Durham 027D,Criminal damage and arson,Investigation complete; no suspect identified,
d6abc6ec9420ac73bcd32ffd8677ccaa50b115555ce14100b3363f0103e7051b,2020-08,Durham Constabulary,Durham Constabulary,-1.473509,54.768885,On or near Crime Rigg Bank,E01020729,County Durham 027D,Criminal damage and arson,Investigation complete; no suspect identified,
9743c09f7b3e6f855b4e024cd896345e03d3671b99c03a3e9e439312b00a06e7,2020-08,Durham Constabulary,Durham Constabulary,-1.467678,54.761957,On or near Dene Court,E01020729,County Durham 027D,Criminal damage and arson,Investigation complete; no suspect identified,
f201d93b1279ca4cd6576ecb1e8c7dcd28fabe49e684c18612c305e2e5c2b9ed,2020-08,Durham Constabulary,Durham Constabulary,-1.476472,54.772950,On or near Pinders Way,E01020729,County Durham 027D,Other theft,Local resolution,
ebdbf25d8021b75a97af86571fc607db02073751b0f4ac5c309003ab5a2e007e,2020-08,Durham Constabulary,Durham Constabulary,-1.438789,54.765233,On or near Barnard Avenue,E01020729,County Durham 027D,Other theft,Investigation complete; no suspect identified,
aacb9c8d6cade954adabc30c4ebd33e934754337ffdf0040bd1bdf20cd129fee,2020-08,Durham Constabulary,Durham Constabulary,-1.438384,54.764198,On or near Thornton Close,E01020729,County Durham 027D,Public order,Investigation complete; no suspect identified,
cb1ae0069c77c00c6c33ea40e8605fe56e0aa78bbcbd4d92bc972ee359691ea3,2020-08,Durham Constabulary,Durham Constabulary,-1.439582,54.767430,On or near Sports/Recreation Area,E01020729,County Durham 027D,Shoplifting,Investigation complete; no suspect identified,
194cfcb05646eaafb9fbd6705910e8a9be90e007c67bb85def4c64ae0ee28a36,2020-08,Durham Constabulary,Durham Constabulary,-1.478476,54.774217,On or near The Croft,E01020729,County Durham 027D,Vehicle crime,Investigation complete; no suspect identified,
9c43b9c25f1df2d6799a0af89918f747a1e7cfc0b7cca7a5edb34c7046d3a849,2020-08,Durham Constabulary,Durham Constabulary,-1.479875,54.775472,On or near Kell Crescent,E01020729,County Durham 027D,Violence and sexual offences,Unable to prosecute suspect,
1fc51f21c2b6696118c242b475bc780915d4642c9fd8c937c7bcd3e827a3f377,2020-08,Durham Constabulary,Durham Constabulary,-1.487322,54.774165,On or near Local Avenue,E01020729,County Durham 027D,Violence and sexual offences,Investigation complete; no suspect identified,
1fbb30765a0ab0f9bbe351dd8e52deda8cb81216cc9c78fc21e15d1df07436fc,2020-08,Durham Constabulary,Durham Constabulary,-1.483987,54.773594,On or near Bannerman Terrace,E01020729,County Durham 027D,Violence and sexual offences,Local resolution,
17cfbfc81c8728d3d3ee93a573460fed8a66a2263217f6e45a998b3d1d312602,2020-08,Durham Constabulary,Durham Constabulary,-1.442607,54.765619,On or near Moor Crescent,E01020729,County Durham 027D,Violence and sexual offences,Unable to prosecute suspect,
07d68b827c1ff79cebc19de86bcb8b59a6ddfa3640e3012319c91bf3df6b5fe6,2020-08,Durham Constabulary,Durham Constabulary,-1.476707,54.775189,On or near South View,E01020729,County Durham 027D,Violence and sexual offences,Status update unavailable,
42a810d5340c1d9f9c5a6247eeab21c600d078f707df2b7b436c265ca6472b70,2020-08,Durham Constabulary,Durham Constabulary,-1.486676,54.773614,On or near Local Avenue,E01020729,County Durham 027D,Violence and sexual offences,Action to be taken by another organisation,
ef3a2f6b5d7a16ac0a8e5818b53943b1d4d20a652635ce5837438959d654f8fc,2020-08,Durham Constabulary,Durham Constabulary,-1.441272,54.764337,On or near Springfield Meadow,E01020729,County Durham 027D,Violence and sexual offences,Court result unavailable,
721fdcb2bfe04371204969e0645c473e18bd74b437d73f2ab228fb64e5a0be7d,2020-08,Durham Constabulary,Durham Constabulary,-1.487322,54.774165,On or near Local Avenue,E01020729,County Durham 027D,Violence and sexual offences,Unable to prosecute suspect,
ebac7ba377605283994f580900c23da9f54e3911ebafbc713544f9bd95c98cde,2020-08,Durham Constabulary,Durham Constabulary,-1.483987,54.773594,On or near Bannerman Terrace,E01020729,County Durham 027D,Violence and sexual offences,Unable to prosecute suspect,
3367fdbde1c03dd48ca5eded89f31d28b8a2db4715e52d3da9ee549d0da0349d,2020-08,Durham Constabulary,Durham Constabulary,-1.486676,54.773614,On or near Local Avenue,E01020729,County Durham 027D,Violence and sexual offences,Unable to prosecute suspect,
,2020-08,Durham Constabulary,Durham Constabulary,-1.507660,54.777610,On or near Beech Road,E01020730,County Durham 027E,Anti-social behaviour,,
,2020-08,Durham Constabulary,Durham Constabulary,-1.503416,54.776362,On or near Garden Court,E01020730,County Durham 027E,Anti-social behaviour,,
,2020-08,Durham Constabulary,Durham Constabulary,-1.504845,54.776394,On or near King Street,E01020730,County Durham 027E,Anti-social behaviour,,
,2020-08,Durham Constabulary,Durham Constabulary,-1.500379,54.774273,On or near Hallgarth Villas,E01020730,County Durham 027E,Anti-social behaviour,,
dfc360dc53b1ace3db1f453e880a2bb35365c4d5c6a3b0766cf1155145bb8cfa,2020-08,Durham Constabulary,Durham Constabulary,-1.508744,54.776653,On or near Kidd Avenue,E01020730,County Durham 027E,Criminal damage and arson,Investigation complete; no suspect identified,
689fa9cf021f8dfafa141d60bac39786d5fd7e1bb4ec988996bcc31392b32d77,2020-08,Durham Constabulary,Durham Constabulary,-1.502103,54.779421,On or near Meadow Edge,E01020730,County Durham 027E,Other crime,Unable to prosecute suspect,
69b8d1be2f86659fcf270f46b1f5c277691d6ae8311ee3211b37369867657dbc,2020-08,Durham Constabulary,Durham Constabulary,-1.504516,54.774111,On or near Hope Street,E01020730,County Durham 027E,Other crime,Status update unavailable,
69b8d1be2f86659fcf270f46b1f5c277691d6ae8311ee3211b37369867657dbc,2020-08,Durham Constabulary,Durham Constabulary,-1.504516,54.774111,On or near Hope Street,E01020730,County Durham 027E,Other crime,Unable to prosecute suspect,
,2020-08,Durham Constabulary,Durham Constabulary,-1.510501,54.779266,On or near Cummings Avenue,E01020731,County Durham 027F,Anti-social behaviour,,
21a5417aa82dd7e61479e5ec7c1b51a6818d4068323d54d37741bfec0e24988f,2020-08,Durham Constabulary,Durham Constabulary,-1.505103,54.775686,On or near Hallgarth Street,E01020731,County Durham 027F,Other theft,Unable to prosecute suspect,
ca0334b6a4ef1002137e3e1564f0d422c2774fcec99c787430ea27d89b317a4f,2020-08,Durham Constabulary,Durham Constabulary,-1.505058,54.774239,On or near Parking Area,E01020731,County Durham 027F,Other theft,Investigation complete; no suspect identified,
81c7d24d677dc9bf6f7429a9ca9d52793bd71e662b76ddccbfbbafdbaa8c93a7,2020-08,Durham Constabulary,Durham Constabulary,-1.505103,54.775686,On or near Hallgarth Street,E01020731,County Durham 027F,Public order,Local resolution,
04e25a4ad48ed164707d6f4f6ba386991d0a06fe0569498315484fda67220b89,2020-08,Durham Constabulary,Durham Constabulary,-1.505058,54.774239,On or near Parking Area,E01020731,County Durham 027F,Shoplifting,Investigation complete; no suspect identified,
17c388a8fbd7d80d482dd39c293d5887dad9a1d18339dd3c999f9e9a489b7b30,2020-08,Durham Constabulary,Durham Constabulary,-1.505103,54.775686,On or near Hallgarth Street,E01020731,County Durham 027F,Violence and sexual offences,Unable to prosecute suspect,
3bc804f2b1ea01bee8a9d68ef88d88f1798b5fd4e5907577d4f6f6ff3d5f8035,2020-08,Durham Constabulary,Durham Constabulary,-1.505058,54.774239,On or near Parking Area,E01020731,County Durham 027F,Violence and sexual offences,Unable to prosecute suspect,
,2020-08,Durham Constabulary,Durham Constabulary,-1.531976,54.784258,On or near Wiltshire Close,E01020682,County Durham 028A,Anti-social behaviour,,
511d97c855f179a95b2739978dd4dd9f96d84723a5201eb6fed47bae8fcd4b1d,2020-08,Durham Constabulary,Durham Constabulary,-1.518790,54.785617,On or near Brookdale,E01020682,County Durham 028A,Burglary,Investigation complete; no suspect identified,
3f07214a64bb9bd191a087d958b390f87e9d02a4549e06707015ca813564a028,2020-08,Durham Constabulary,Durham Constabulary,-1.531976,54.784258,On or near Wiltshire Close,E01020682,County Durham 028A,Shoplifting,Unable to prosecute suspect,
012e05ee4846e31eb634501a7c83d229eea8b5cca3279594d576c5049fd31448,2020-08,Durham Constabulary,Durham Constabulary,-1.531976,54.784258,On or near Wiltshire Close,E01020682,County Durham 028A,Shoplifting,Investigation complete; no suspect identified,
2c756d96d1e1afbbe0d495eaf1904d977c67b7e2edbe3f900d76f9bf73e23bf9,2020-08,Durham Constabulary,Durham Constabulary,-1.531976,54.784258,On or near Wiltshire Close,E01020682,County Durham 028A,Violence and sexual offences,Unable to prosecute suspect,
2c9ce8b87e9f1bfea6f75d41101831ab8b8e930b87b5e2f8d040788896925f10,2020-08,Durham Constabulary,Durham Constabulary,-1.525311,54.782434,On or near Lancashire Drive,E01020682,County Durham 028A,Violence and sexual offences,Unable to prosecute suspect,
,2020-08,Durham Constabulary,Durham Constabulary,-1.521938,54.786330,On or near Brackendale Road,E01020683,County Durham 028B,Anti-social behaviour,,
5076276b57289b818e03ef1bd3ef52475cae3766969f82ffb2504d663d4df36b,2020-08,Durham Constabulary,Durham Constabulary,-1.524608,54.785397,On or near Bishops Close,E01020683,County Durham 028B,Burglary,Investigation complete; no suspect identified,
d6a4a4705f8c882d9bfb455ecd592841ccc7681a0843992f01900a1dbed3ebdc,2020-08,Durham Constabulary,Durham Constabulary,-1.524608,54.785397,On or near Bishops Close,E01020683,County Durham 028B,Criminal damage and arson,Local resolution,
4d3ebc9b560f6c590e72b608ff567ba6879ced610911e832b1b2ff96b3176a62,2020-08,Durham Constabulary,Durham Constabulary,-1.518626,54.787638,On or near Scardale Way,E01020683,County Durham 028B,Drugs,Local resolution,
7d28feaf2c46e85fb952124ac487e1c91c3d690d84cfe7491c03e9a5292b061f,2020-08,Durham Constabulary,Durham Constabulary,-1.520782,54.785490,On or near Ferndale,E01020683,County Durham 028B,Violence and sexual offences,Unable to prosecute suspect,
4325cdc836c4badd2d8dfe96c81a5126858e32f8c446df854e28b6119e40468f,2020-08,Durham Constabulary,Durham Constabulary,-1.520782,54.785490,On or near Ferndale,E01020683,County Durham 028B,Violence and sexual offences,Unable to prosecute suspect,
f7b9fded07aabc0db1e5d9b341a237585f89545652c21b7ad5949eb866303a02,2020-08,Durham Constabulary,Durham Constabulary,-1.520782,54.785490,On or near Ferndale,E01020683,County Durham 028B,Violence and sexual offences,Unable to prosecute suspect,
56523b1050214fbf4795bbbd5eac0933ceb3d5bac702160d6e8b98e412030e9b,2020-08,Durham Constabulary,Durham Constabulary,-1.520782,54.785490,On or near Ferndale,E01020683,County Durham 028B,Violence and sexual offences,Unable to prosecute suspect,
296b9a9d2594bc7b72b5310e44fadf6ff9ad3851a1c2aeee115ea8dcab900e9e,2020-08,Durham Constabulary,Durham Constabulary,-1.518626,54.787638,On or near Scardale Way,E01020683,County Durham 028B,Violence and sexual offences,Unable to prosecute suspect,
,2020-08,Durham Constabulary,Durham Constabulary,-1.519999,54.791202,On or near Wantage Road,E01020690,County Durham 028C,Anti-social behaviour,,
,2020-08,Durham Constabulary,Durham Constabulary,-1.520648,54.792795,On or near Romney Drive,E01020690,County Durham 028C,Anti-social behaviour,,
ac0fed25bd100f983ac6fbe650e7c85b0449b19480214c8498b2ae90de94e1ee,2020-08,Durham Constabulary,Durham Constabulary,-1.521232,54.794784,On or near Petrol Station,E01020690,County Durham 028C,Other theft,Unable to prosecute suspect,
d1f56b2014aa1c51531de7a37acf2203e8483a61fd6281e78acef1a00f1396ff,2020-08,Durham Constabulary,Durham Constabulary,-1.526778,54.792613,On or near Carrsway,E01020690,County Durham 028C,Public order,Unable to prosecute suspect,
6fc1bf6f5ddd10dc207efd9a2089670a8274ed31c820e154fb4b816bd0f4c247,2020-08,Durham Constabulary,Durham Constabulary,-1.523817,54.791819,On or near The Willows,E01020690,County Durham 028C,Vehicle crime,Investigation complete; no suspect identified,
63346e800c904c87665df1f9cc5327d229b81c3e19be5993e5b3e97ead69b01f,2020-08,Durham Constabulary,Durham Constabulary,-1.530179,54.790415,On or near A1(M),E01020690,County Durham 028C,Violence and sexual offences,Unable to prosecute suspect,
5c29972638d9b5404f6ed3350aafa51ab23df3bb0940db105ba426f05700bad8,2020-08,Durham Constabulary,Durham Constabulary,-1.522395,54.793755,On or near Kinley Road,E01020690,County Durham 028C,Violence and sexual offences,Unable to prosecute suspect,
27998cae29704f41b76f6446b348138cb6ed4836dab6e0d5092c81aef8a64321,2020-08,Durham Constabulary,Durham Constabulary,-1.526778,54.792613,On or near Carrsway,E01020690,County Durham 028C,Violence and sexual offences,Local resolution,
c8879bc5291c2fc017a86ed8d8a5c0cec755f38c4a14cc3abb023e0f0dccbb94,2020-08,Durham Constabulary,Durham Constabulary,-1.521232,54.794784,On or near Petrol Station,E01020690,County Durham 028C,Violence and sexual offences,Court result unavailable,
fe14cb6496123128b44e134a21a357b50c9db0afdb885451497624a145b1bdfc,2020-08,Durham Constabulary,Durham Constabulary,-1.521232,54.794784,On or near Petrol Station,E01020690,County Durham 028C,Violence and sexual offences,Status update unavailable,
,2020-08,Durham Constabulary,Durham Constabulary,-1.527410,54.789155,On or near High Street,E01020691,County Durham 028D,Anti-social behaviour,,
,2020-08,Durham Constabulary,Durham Constabulary,-1.527410,54.789155,On or near High Street,E01020691,County Durham 028D,Anti-social behaviour,,
,2020-08,Durham Constabulary,Durham Constabulary,-1.529816,54.788131,On or near Pickering Place,E01020691,County Durham 028D,Anti-social behaviour,,
,2020-08,Durham Constabulary,Durham Constabulary,-1.527824,54.786946,On or near St Mary'S Road,E01020691,County Durham 028D,Anti-social behaviour,,
,2020-08,Durham Constabulary,Durham Constabulary,-1.530307,54.787396,On or near Newlands Road,E01020691,County Durham 028D,Anti-social behaviour,,
,2020-08,Durham Constabulary,Durham Constabulary,-1.521632,54.788558,On or near Poplar Road,E01020691,County Durham 028D,Anti-social behaviour,,
3f466b1365f82787673b794c712fd6d80fe4e9f34724389bee8c46ef7571371f,2020-08,Durham Constabulary,Durham Constabulary,-1.530182,54.788771,On or near Borrowdale Drive,E01020691,County Durham 028D,Burglary,Investigation complete; no suspect identified,
d046b7e04ba6af406bff352def82252d30d34f9be2655efdce0bc92d68bacc0d,2020-08,Durham Constabulary,Durham Constabulary,-1.524918,54.790772,On or near Ramside View,E01020691,County Durham 028D,Drugs,Offender given a caution,
4be32fbf8654ba968c35b3d69120d70377906cb26dfb9ead26aed6501d5643c7,2020-08,Durham Constabulary,Durham Constabulary,-1.529816,54.788131,On or near Pickering Place,E01020691,County Durham 028D,Other theft,Further investigation is not in the public interest,
53d89b61ba9a1cfb3650382ac3aee7da1eb8024bb06a6ec32cc046218f990910,2020-08,Durham Constabulary,Durham Constabulary,-1.523259,54.789004,On or near Coronation Avenue,E01020691,County Durham 028D,Violence and sexual offences,Unable to prosecute suspect,
cb8d50eebc808168ffede41b21b18c3845208ea1c1e36045188f96378f49b3db,2020-08,Durham Constabulary,Durham Constabulary,-1.524326,54.789503,On or near Briar Road,E01020691,County Durham 028D,Violence and sexual offences,Unable to prosecute suspect,
,2020-08,Durham Constabulary,Durham Constabulary,-1.552712,54.784848,On or near Monks' Crescent,E01020692,County Durham 028E,Anti-social behaviour,,
4d5ffd5ac5a609fc1702452caf800c344983215b0d1aef92e6c8b55afc98b726,2020-08,Durham Constabulary,Durham Constabulary,-1.543192,54.787949,On or near Sports/Recreation Area,E01020692,County Durham 028E,Criminal damage and arson,Further action is not in the public interest,
c80fdd87d7355fc3d04f55bb8c197ed0fe1e56a54a4d60d134eab19bf02d72c5,2020-08,Durham Constabulary,Durham Constabulary,-1.542074,54.787747,On or near Sports/Recreation Area,E01020692,County Durham 028E,Other theft,Investigation complete; no suspect identified,
7d673a29e3ea70f87b92764e43c515713705a5c735f8a9a08feb8088dead1b94,2020-08,Durham Constabulary,Durham Constabulary,-1.542074,54.787747,On or near Sports/Recreation Area,E01020692,County Durham 028E,Public order,Investigation complete; no suspect identified,
410a6ec0f82717570596edde0f6c9c89073f2e4562c84c50863956c863c4768f,2020-08,Durham Constabulary,Durham Constabulary,-1.543793,54.782910,On or near Cedar Close,E01020692,County Durham 028E,Public order,Unable to prosecute suspect,
9edfd9094698de7f8e8d6c1e49635743246fc6fb336359305a6d5b84f7bf101a,2020-08,Durham Constabulary,Durham Constabulary,-1.540351,54.783400,On or near Whiteoak Avenue,E01020692,County Durham 028E,Violence and sexual offences,Local resolution,
,2020-08,Durham Constabulary,Durham Constabulary,-1.545419,54.779339,On or near St Hilds Court,E01020693,County Durham 029A,Anti-social behaviour,,
,2020-08,Durham Constabulary,Durham Constabulary,-1.544108,54.777016,On or near Lantern Court,E01020693,County Durham 029A,Anti-social behaviour,,
,2020-08,Durham Constabulary,Durham Constabulary,-1.542348,54.778698,On or near Supermarket,E01020693,County Durham 029A,Anti-social behaviour,,
,2020-08,Durham Constabulary,Durham Constabulary,-1.538156,54.779563,On or near Renny'S Lane,E01020693,County Durham 029A,Anti-social behaviour,,
,2020-08,Durham Constabulary,Durham Constabulary,-1.540895,54.782009,On or near Belle Vue Court,E01020693,County Durham 029A,Anti-social behaviour,,
,2020-08,Durham Constabulary,Durham Constabulary,-1.540895,54.782009,On or near Belle Vue Court,E01020693,County Durham 029A,Anti-social behaviour,,
1918fe6ec7fd292199de75602fc1d2c457696b02133f93f87a70af758fc3c4ac,2020-08,Durham Constabulary,Durham Constabulary,-1.545688,54.783051,On or near Aspen Close,E01020693,County Durham 029A,Bicycle theft,Investigation complete; no suspect identified,
d52875fcdac6571ad941c6067efe1d16acb7b6ccaa0813ae4fa7bbdfa1f6fa71,2020-08,Durham Constabulary,Durham Constabulary,-1.538575,54.782324,On or near Petrol Station,E01020693,County Durham 029A,Burglary,Investigation complete; no suspect identified,
b8d46eac225d067e50f74b26f8f760c890dae2745386fc63dedbd29d77a7651f,2020-08,Durham Constabulary,Durham Constabulary,-1.545419,54.779339,On or near St Hilds Court,E01020693,County Durham 029A,Burglary,Investigation complete; no suspect identified,
c65332e3b24f287a9d0680d811b526bb687fa2a8f1dc5dc413ba7f600b11d0bc,2020-08,Durham Constabulary,Durham Constabulary,-1.546829,54.782490,On or near Whitwell Court,E01020693,County Durham 029A,Criminal damage and arson,Unable to prosecute suspect,
b626a4ef6cf87b8af5213f8604b7116f87f13ab0a0a92fb9f1aab89ec1cb6fea,2020-08,Durham Constabulary,Durham Constabulary,-1.544271,54.776369,On or near Habgood Drive,E01020693,County Durham 029A,Criminal damage and arson,Investigation complete; no suspect identified,
77fd36ba955fe8ff57de5aa829484ba3cff66b03a7e22266ac51f9a6571ed441,2020-08,Durham Constabulary,Durham Constabulary,-1.538575,54.782324,On or near Petrol Station,E01020693,County Durham 029A,Other theft,Investigation complete; no suspect identified,
950201db3b01915d839f1cc4950217d9acc2409ecdb523c13d92cd7584b90a78,2020-08,Durham Constabulary,Durham Constabulary,-1.542348,54.778698,On or near Supermarket,E01020693,County Durham 029A,Possession of weapons,Unable to prosecute suspect,
cb2358e3599f5b69c4470833fcfcf91ee678a26bbb91951bd741e0976ba8c75f,2020-08,Durham Constabulary,Durham Constabulary,-1.541290,54.775962,On or near Supermarket,E01020693,County Durham 029A,Public order,Court result unavailable,
a75d44c04752455aae3a84345bcb59b3b632eda0173d378570dd5f9c2faa709e,2020-08,Durham Constabulary,Durham Constabulary,-1.538575,54.782324,On or near Petrol Station,E01020693,County Durham 029A,Public order,Unable to prosecute suspect,
5a49392ec5d056f37bd8f9d60d5726439baa2c9b287eaf08f1a7c56809aa42eb,2020-08,Durham Constabulary,Durham Constabulary,-1.545419,54.779339,On or near St Hilds Court,E01020693,County Durham 029A,Public order,Unable to prosecute suspect,
001d2d128eace52e27fabd173b08550195ff1277ed20ba9b2c9e06086811f08c,2020-08,Durham Constabulary,Durham Constabulary,-1.542348,54.778698,On or near Supermarket,E01020693,County Durham 029A,Shoplifting,Investigation complete; no suspect identified,
65080242c237b5ad99a26799eab26c5be9e568c686104815aaeffa344946e32c,2020-08,Durham Constabulary,Durham Constabulary,-1.539912,54.775481,On or near Cuthbert Avenue,E01020693,County Durham 029A,Shoplifting,Further investigation is not in the public interest,
ae53577082a8cecfb1f94559fb307b436a2e380d93e2089b15edf3a193790e70,2020-08,Durham Constabulary,Durham Constabulary,-1.541275,54.775971,On or near Supermarket,E01020693,County Durham 029A,Shoplifting,Unable to prosecute suspect,
b0cf551696b5e2ed2bdb49e4bc4702d727052a497b12beffbee20a6b87813810,2020-08,Durham Constabulary,Durham Constabulary,-1.538156,54.779563,On or near Renny'S Lane,E01020693,County Durham 029A,Shoplifting,Investigation complete; no suspect identified,
64f8ed56804220e8810dc796d350a84e7a4e6734def241151ea960434eb29df6,2020-08,Durham Constabulary,Durham Constabulary,-1.541275,54.775971,On or near Supermarket,E01020693,County Durham 029A,Shoplifting,Investigation complete; no suspect identified,
5f8bcb404130ab022e1704935568738c4d1d433e9dc834bd151920292668c118,2020-08,Durham Constabulary,Durham Constabulary,-1.542348,54.778698,On or near Supermarket,E01020693,County Durham 029A,Shoplifting,Unable to prosecute suspect,
b51a5a4fde4adedcf4dfbc1693ca25b766f62302a3daa15f88ab5def28ac5d0a,2020-08,Durham Constabulary,Durham Constabulary,-1.538156,54.779563,On or near Renny'S Lane,E01020693,County Durham 029A,Shoplifting,Investigation complete; no suspect identified,
c476383b5fa70d07762baa54e5f08bc4b6093d420116ca42656306a99589bf5c,2020-08,Durham Constabulary,Durham Constabulary,-1.544271,54.776369,On or near Habgood Drive,E01020693,County Durham 029A,Shoplifting,Investigation complete; no suspect identified,
998cf45668488ec56eec11a21fc1e61fe887238be064bd5c68a8df49a8b5f149,2020-08,Durham Constabulary,Durham Constabulary,-1.544493,54.778680,On or near Heron'S Court,E01020693,County Durham 029A,Violence and sexual offences,Unable to prosecute suspect,
fe8794bb48a0342a290a61f9b7ec56900f5f603fee3a9db13c0a15e98ec6da99,2020-08,Durham Constabulary,Durham Constabulary,-1.538575,54.782324,On or near Petrol Station,E01020693,County Durham 029A,Violence and sexual offences,Unable to prosecute suspect,
4597dc8add7b536eb644e54865418a744d8244c4b55890c795d748b8e0942449,2020-08,Durham Constabulary,Durham Constabulary,-1.542196,54.781097,On or near Peel Avenue,E01020693,County Durham 029A,Violence and sexual offences,Unable to prosecute suspect,
a54f7e97da64a2c79f5f8b6f694979dec070aec260f9fee6b33b577b44304cd6,2020-08,Durham Constabulary,Durham Constabulary,-1.538575,54.782324,On or near Petrol Station,E01020693,County Durham 029A,Violence and sexual offences,Local resolution,
94e27a81b134bee886d1a5b190e40256ac63914a46a08985b2fe0520c420bd0f,2020-08,Durham Constabulary,Durham Constabulary,-1.544271,54.776369,On or near Habgood Drive,E01020693,County Durham 029A,Violence and sexual offences,Unable to prosecute suspect,
09f35bac2c02da48a77d0dd2830b40c71d54dd70fd32722a1f3721a0123983de,2020-08,Durham Constabulary,Durham Constabulary,-1.542301,54.775957,On or near Front Street,E01020693,County Durham 029A,Violence and sexual offences,Unable to prosecute suspect,
8630f4cac1cd9325f95ef1ed1029606e08871e664c6fc00621d542f136ecaa59,2020-08,Durham Constabulary,Durham Constabulary,-1.544271,54.776369,On or near Habgood Drive,E01020693,County Durham 029A,Violence and sexual offences,Investigation complete; no suspect identified,
edfedc580f2eb54987cd7589e5efbfca5ce7116c4c0fdbe77f419c8e509c1c08,2020-08,Durham Constabulary,Durham Constabulary,-1.542301,54.775957,On or near Front Street,E01020693,County Durham 029A,Violence and sexual offences,Unable to prosecute suspect,
1a9a1516aa0b7ca1006506aac03f16ddf7ae48ff99d9613ff57e6928181b055e,2020-08,Durham Constabulary,Durham Constabulary,-1.546829,54.782490,On or near Whitwell Court,E01020693,County Durham 029A,Violence and sexual offences,Unable to prosecute suspect,
,2020-08,Durham Constabulary,Durham Constabulary,-1.555565,54.781309,On or near Donnini Place,E01020722,County Durham 029B,Anti-social behaviour,,
,2020-08,Durham Constabulary,Durham Constabulary,-1.557743,54.781236,On or near Long Acres,E01020722,County Durham 029B,Anti-social behaviour,,
,2020-08,Durham Constabulary,Durham Constabulary,-1.551013,54.779593,On or near Sunderland Road,E01020722,County Durham 029B,Anti-social behaviour,,
,2020-08,Durham Constabulary,Durham Constabulary,-1.553928,54.780278,On or near Churchill Avenue,E01020722,County Durham 029B,Anti-social behaviour,,
b7b9ad2480bc693ccfd09edf66e7dbe0ece81e858aaa2bc895d5917356bea623,2020-08,Durham Constabulary,Durham Constabulary,-1.557607,54.782242,On or near Sports/Recreation Area,E01020722,County Durham 029B,Burglary,Investigation complete; no suspect identified,
d99a07bae0972ce4bee53a90ae285bebe64513b2648bf8151edf671fdd50f386,2020-08,Durham Constabulary,Durham Constabulary,-1.548492,54.781193,On or near Musgrave Gardens,E01020722,County Durham 029B,Burglary,Investigation complete; no suspect identified,
b9b6bb09f2e677af5a602deb6c0aa12a7c6cadfdbaa83472ea073f1d048404a9,2020-08,Durham Constabulary,Durham Constabulary,-1.558046,54.780509,On or near Heaviside Place,E01020722,County Durham 029B,Criminal damage and arson,Unable to prosecute suspect,
9a33e28ae98f1b9f4c422448829bb1f84a2a3fd0fdbc2a870527f7760d13d160,2020-08,Durham Constabulary,Durham Constabulary,-1.553986,54.782067,On or near Gort Place,E01020722,County Durham 029B,Criminal damage and arson,Investigation complete; no suspect identified,
8139a17b2fd0f6c75f1cdf4d159ce4d2b8eab9b1a61054dc9d360e5324601aa6,2020-08,Durham Constabulary,Durham Constabulary,-1.558046,54.780509,On or near Heaviside Place,E01020722,County Durham 029B,Criminal damage and arson,Investigation complete; no suspect identified,
1a7f22afc87ed743d0425727db393a3cd08631fa66d503c3ff843d0dd844c3d2,2020-08,Durham Constabulary,Durham Constabulary,-1.555353,54.782180,On or near Montgomery Road,E01020722,County Durham 029B,Other theft,Unable to prosecute suspect,
e97eae1bc1817255540189f49e00b22f91a21ee4874919c4388e885c0a25b83b,2020-08,Durham Constabulary,Durham Constabulary,-1.557607,54.782242,On or near Sports/Recreation Area,E01020722,County Durham 029B,Other theft,Investigation complete; no suspect identified,
9b68cfdbd31e5061b411252bb904403746134120c57e89771c297c0a82a45f3f,2020-08,Durham Constabulary,Durham Constabulary,-1.553986,54.782067,On or near Gort Place,E01020722,County Durham 029B,Public order,Investigation complete; no suspect identified,
a77faf2448113db3b19ef0a3c1b8373e76a7c34002668a54439e6633471e82ea,2020-08,Durham Constabulary,Durham Constabulary,-1.553986,54.782067,On or near Gort Place,E01020722,County Durham 029B,Public order,Unable to prosecute suspect,
6559a2678d43f2d918060fe366478adc7f7bd880ea04ae522dc85502111dd640,2020-08,Durham Constabulary,Durham Constabulary,-1.555353,54.782180,On or near Montgomery Road,E01020722,County Durham 029B,Public order,Unable to prosecute suspect,
2f60f736652cd8775478eefad40411eff11f19032b659658f5107925d77ecd5f,2020-08,Durham Constabulary,Durham Constabulary,-1.553986,54.782067,On or near Gort Place,E01020722,County Durham 029B,Violence and sexual offences,Unable to prosecute suspect,
c7e3e6d1ea9db4d37c35d73021ca83c996ee857d1ac6b27eb005e126dfe07b00,2020-08,Durham Constabulary,Durham Constabulary,-1.557743,54.781236,On or near Long Acres,E01020722,County Durham 029B,Violence and sexual offences,Unable to prosecute suspect,
ef8ea05ad9a41a9dcda57dd64a82b13fe5176c88cb990b40723af4c5044ef4a8,2020-08,Durham Constabulary,Durham Constabulary,-1.555353,54.782180,On or near Montgomery Road,E01020722,County Durham 029B,Violence and sexual offences,Investigation complete; no suspect identified,
ba0bf96d93bff32f6931794cb8bc0e5bc3e67a65ef82f04750e89a6c3893e89a,2020-08,Durham Constabulary,Durham Constabulary,-1.555353,54.782180,On or near Montgomery Road,E01020722,County Durham 029B,Violence and sexual offences,Unable to prosecute suspect,
f4257114f33329ee3f71cb87f3d32eed622681cd77a2e7c27ae2d3c7e2fbb114,2020-08,Durham Constabulary,Durham Constabulary,-1.557607,54.782242,On or near Sports/Recreation Area,E01020722,County Durham 029B,Violence and sexual offences,Unable to prosecute suspect,
7269d1078acacf05a9c72ac3d1facb7ce37c537c0941ea66405a6ca90944b76e,2020-08,Durham Constabulary,Durham Constabulary,-1.548492,54.781193,On or near Musgrave Gardens,E01020722,County Durham 029B,Violence and sexual offences,Unable to prosecute suspect,
c408af330d1bca7bdc4f2d96ec412c01a9603eb415b0cc739ae89905fa849b4a,2020-08,Durham Constabulary,Durham Constabulary,-1.553986,54.782067,On or near Gort Place,E01020722,County Durham 029B,Violence and sexual offences,Court result unavailable,
7c0c738b0221c4cf52e5fdcd1b7eace2912656a23d89c6b26891ec9e77cc9877,2020-08,Durham Constabulary,Durham Constabulary,-1.555953,54.779998,On or near Green Lane,E01020722,County Durham 029B,Violence and sexual offences,Unable to prosecute suspect,
,2020-08,Durham Constabulary,Durham Constabulary,-1.550779,54.779620,On or near Sunderland Road,E01020723,County Durham 029C,Anti-social behaviour,,
,2020-08,Durham Constabulary,Durham Constabulary,-1.553360,54.778209,On or near Police Station,E01020723,County Durham 029C,Anti-social behaviour,,
,2020-08,Durham Constabulary,Durham Constabulary,-1.557699,54.778108,On or near St Giles Close,E01020723,County Durham 029C,Anti-social behaviour,,
8b6187959fe0ce644b2b2e10f3eb894b5eef501f7b4a7793238012c3dd456741,2020-08,Durham Constabulary,Durham Constabulary,-1.555431,54.779385,On or near Back Wynyard Grove,E01020723,County Durham 029C,Burglary,Investigation complete; no suspect identified,
e707a2f982631075094f9a9b4b54cd9dc4996980ef0b359602f09cb3cc8bd34f,2020-08,Durham Constabulary,Durham Constabulary,-1.557699,54.778108,On or near St Giles Close,E01020723,County Durham 029C,Burglary,Investigation complete; no suspect identified,
52438462e8fb11c4f4aecbe1e0066d5b89d29759a1a88ff04e9c61caea84ef8f,2020-08,Durham Constabulary,Durham Constabulary,-1.562695,54.779007,On or near Station Lane,E01020723,County Durham 029C,Criminal damage and arson,Further investigation is not in the public interest,
f78861e756561fb48eaefd13d8c94f34fef75223d133763261b56440bccaf73d,2020-08,Durham Constabulary,Durham Constabulary,-1.559148,54.779201,On or near Magdalene Street,E01020723,County Durham 029C,Public order,Investigation complete; no suspect identified,
f4c81bd553ac22a867e836ada0eef98941534c715935a31696e99c943e546aaa,2020-08,Durham Constabulary,Durham Constabulary,-1.547464,54.779994,On or near Musgrave Gardens,E01020723,County Durham 029C,Public order,Investigation complete; no suspect identified,
2228f2eb007ed694bb0843c43e4a701905a63ceef6625abe03bad6e5068b1192,2020-08,Durham Constabulary,Durham Constabulary,-1.556198,54.778903,On or near Maynard'S Row,E01020723,County Durham 029C,Public order,Investigation complete; no suspect identified,
17385eb0e9c2694422a0d9febb5bee1aacc3b76af7aad924ba1d9e9559e57022,2020-08,Durham Constabulary,Durham Constabulary,-1.555431,54.779385,On or near Back Wynyard Grove,E01020723,County Durham 029C,Public order,Unable to prosecute suspect,
7aa6399b2616b729ee2a0536ecc6dde400d2970d08ad9a2a94cd5291fe71c376,2020-08,Durham Constabulary,Durham Constabulary,-1.555431,54.779385,On or near Back Wynyard Grove,E01020723,County Durham 029C,Shoplifting,Investigation complete; no suspect identified,
1fba7aa7042bfb97d763cfece55bb2845240e234b4a19dc8548d868ff68d5e98,2020-08,Durham Constabulary,Durham Constabulary,-1.553586,54.778884,On or near Young Street,E01020723,County Durham 029C,Violence and sexual offences,Unable to prosecute suspect,
6e54c022cbca080cf008672c3dd9fee6704c83a411b87582acef48f38146e9c7,2020-08,Durham Constabulary,Durham Constabulary,-1.563510,54.778390,On or near Gilesgate,E01020723,County Durham 029C,Violence and sexual offences,Unable to prosecute suspect,
2f9db03fc0e09863cbcf54d3fef820739222b3dd8391d6f933c246ada2e77579,2020-08,Durham Constabulary,Durham Constabulary,-1.554634,54.778349,On or near William Place,E01020723,County Durham 029C,Violence and sexual offences,Unable to prosecute suspect,
758ccfd33d5d4e909239276a663d89ead2bba240384d556241dbbc0898fa6933,2020-08,Durham Constabulary,Durham Constabulary,-1.553586,54.778884,On or near Young Street,E01020723,County Durham 029C,Violence and sexual offences,Unable to prosecute suspect,
a42e86539b56ed67c148312d2785051e1c53e2900cd3c2c0c135321bf12315db,2020-08,Durham Constabulary,Durham Constabulary,-1.556198,54.778903,On or near Maynard'S Row,E01020723,County Durham 029C,Violence and sexual offences,Action to be taken by another organisation,
7c43d2549e2364acb972a80f9682325ecb4bde9e2f8a9e5a0a2412c6c9929f72,2020-08,Durham Constabulary,Durham Constabulary,-1.551413,54.778562,On or near Edge Court,E01020723,County Durham 029C,Violence and sexual offences,Unable to prosecute suspect,
b324b720bed511a153764424908a8b8e9827d0f6087748dd3c6e62c5ae58e291,2020-08,Durham Constabulary,Durham Constabulary,-1.563510,54.778390,On or near Gilesgate,E01020723,County Durham 029C,Violence and sexual offences,Unable to prosecute suspect,
8d48c1c0391ede36fc0d7cf00bd533883d265eb9befbddb0716228f91b7f6303,2020-08,Durham Constabulary,Durham Constabulary,-1.546543,54.777492,On or near Ramsey Close,E01020723,County Durham 029C,Violence and sexual offences,Unable to prosecute suspect,
debbc9819494fa9ecb4bdf90f1e49566bc6e46bb4e413e54c70b9d9399cfb8dd,2020-08,Durham Constabulary,Durham Constabulary,-1.545721,54.778756,On or near Mill Lane,E01020723,County Durham 029C,Violence and sexual offences,Unable to prosecute suspect,
c81c954ec1bcc7acb770301f7fbc95395386685d5a560e50af38b02fff585934,2020-08,Durham Constabulary,Durham Constabulary,-1.547464,54.779994,On or near Musgrave Gardens,E01020723,County Durham 029C,Other crime,Further investigation is not in the public interest,
cb4b376733ae6f94ecaecb1eeae07fbaaf4976aa31fef5520522a15c8475421e,2020-08,Durham Constabulary,Durham Constabulary,-1.556198,54.778903,On or near Maynard'S Row,E01020723,County Durham 029C,Other crime,Unable to prosecute suspect,
237eee8d28adffa519aeee9d45809c0b3d84050edf5a5f8d61c1df9236be9fd5,2020-08,Durham Constabulary,Durham Constabulary,-1.556198,54.778903,On or near Maynard'S Row,E01020723,County Durham 029C,Other crime,Unable to prosecute suspect,
,2020-08,Durham Constabulary,Durham Constabulary,-1.549248,54.776127,On or near Laurel Avenue,E01020724,County Durham 029D,Anti-social behaviour,,
,2020-08,Durham Constabulary,Durham Constabulary,-1.546895,54.776658,On or near Maple Avenue,E01020724,County Durham 029D,Anti-social behaviour,,
,2020-08,Durham Constabulary,Durham Constabulary,-1.544718,54.775247,On or near Habgood Drive,E01020724,County Durham 029D,Anti-social behaviour,,
,2020-08,Durham Constabulary,Durham Constabulary,-1.549248,54.776127,On or near Laurel Avenue,E01020724,County Durham 029D,Anti-social behaviour,,
,2020-08,Durham Constabulary,Durham Constabulary,-1.543310,54.774694,On or near Oswald Close,E01020724,County Durham 029D,Anti-social behaviour,,
566fe49861ad17b4d13953e1229241c8e37a97716096bcd662612d8368a7d80e,2020-08,Durham Constabulary,Durham Constabulary,-1.550408,54.778019,On or near Sherburn Road,E01020724,County Durham 029D,Burglary,Investigation complete; no suspect identified,
c98485bca2405efa3964f21286a56ba90f2b2be27faf5ad85d4b57826fe59c87,2020-08,Durham Constabulary,Durham Constabulary,-1.547324,54.774395,On or near Fir Avenue,E01020724,County Durham 029D,Criminal damage and arson,Investigation complete; no suspect identified,
7f860cc9f16f9c7f81c26cbf14f74da3173644c10dbc2aec65be35774d5f351f,2020-08,Durham Constabulary,Durham Constabulary,-1.546895,54.776658,On or near Maple Avenue,E01020724,County Durham 029D,Criminal damage and arson,Investigation complete; no suspect identified,
47ee53586d51759611e475493e4adbcb44d9a0e47f0b1c22c4b012c8e58ff56b,2020-08,Durham Constabulary,Durham Constabulary,-1.541469,54.773887,On or near Cuthbert Avenue,E01020724,County Durham 029D,Criminal damage and arson,Unable to prosecute suspect,
ddf6641376f85f4a56000f1e5442c062c70f3cd77ea993b3c65f5f1955733870,2020-08,Durham Constabulary,Durham Constabulary,-1.546895,54.776658,On or near Maple Avenue,E01020724,County Durham 029D,Public order,Investigation complete; no suspect identified,
ec9800445834ec0df480bf665cbcf93d1a3ba3f5ab90aa69cb984032d4d2ef3a,2020-08,Durham Constabulary,Durham Constabulary,-1.553107,54.775773,On or near Sports/Recreation Area,E01020724,County Durham 029D,Public order,Investigation complete; no suspect identified,
30daf6f0c994f4b5020ba25dfdfef7160f4da478c8f3edae5f630375ab7b64a4,2020-08,Durham Constabulary,Durham Constabulary,-1.541469,54.773887,On or near Cuthbert Avenue,E01020724,County Durham 029D,Public order,Further action is not in the public interest,
70a15d57e7cc372b06c4b93d968f9585dad79db47f6c72597f381f96cbfd965f,2020-08,Durham Constabulary,Durham Constabulary,-1.546895,54.776658,On or near Maple Avenue,E01020724,County Durham 029D,Vehicle crime,Offender given a caution,
ffc64fd26f28140b87ab3c527d0b10e3699201aabd79dc526ead4b7f2e73ba30,2020-08,Durham Constabulary,Durham Constabulary,-1.541479,54.774409,On or near Cuthbert Close,E01020724,County Durham 029D,Violence and sexual offences,Unable to prosecute suspect,
968c4229565da2e9766a5e026165438fe7062d61feafc3a2c4d7b08182a682a2,2020-08,Durham Constabulary,Durham Constabulary,-1.541469,54.773887,On or near Cuthbert Avenue,E01020724,County Durham 029D,Violence and sexual offences,Unable to prosecute suspect,
ec971bd1c4bafb8a12001e55dbaeebd9c3a1253a8e187d279bd2d2de2a2026ad,2020-08,Durham Constabulary,Durham Constabulary,-1.542541,54.775302,On or near Bede Avenue,E01020724,County Durham 029D,Violence and sexual offences,Local resolution,
3ee8100d431cb7f40455477947bd32f066354a0ead4144fb092a6e07f06194df,2020-08,Durham Constabulary,Durham Constabulary,-1.542519,54.774529,On or near Hilda Close,E01020724,County Durham 029D,Violence and sexual offences,Unable to prosecute suspect,
066810004ed7e2489f3dbf86e55d491b3040c344bf295d4ad519b0ce3fd9744d,2020-08,Durham Constabulary,Durham Constabulary,-1.541469,54.773887,On or near Cuthbert Avenue,E01020724,County Durham 029D,Violence and sexual offences,Unable to prosecute suspect,
5542526fa58c9df984d044b83d3947fafacf79f9ae7dda90decd7fce4abeab98,2020-08,Durham Constabulary,Durham Constabulary,-1.547324,54.774395,On or near Fir Avenue,E01020724,County Durham 029D,Violence and sexual offences,Unable to prosecute suspect,
c771257caa456157cc7e6b66c9c2c036faefb304c932301bf6e2c1300385df1d,2020-08,Durham Constabulary,Durham Constabulary,-1.541469,54.773887,On or near Cuthbert Avenue,E01020724,County Durham 029D,Violence and sexual offences,Unable to prosecute suspect,
52908f93dabeaf87014378c8adf78c0ad40ebfce2a7575311f57dc90c81a195b,2020-08,Durham Constabulary,Durham Constabulary,-1.542519,54.774529,On or near Hilda Close,E01020724,County Durham 029D,Violence and sexual offences,Unable to prosecute suspect,
212983ea618599609b641f12b7faf99cbbed5ff552b9b0e9323855fdbbdd35ad,2020-08,Durham Constabulary,Durham Constabulary,-1.542541,54.775302,On or near Bede Avenue,E01020724,County Durham 029D,Violence and sexual offences,Unable to prosecute suspect,
517f00ec7fd093844f9c8f7a4da365375c75a9a4f19a12dc9c18860578f9a10f,2020-08,Durham Constabulary,Durham Constabulary,-1.550408,54.778019,On or near Sherburn Road,E01020724,County Durham 029D,Violence and sexual offences,Unable to prosecute suspect,
8c6e4162ffd5db414c20ab55a60cc961d56fe76b316cb10d442bab66a204b91d,2020-08,Durham Constabulary,Durham Constabulary,-1.550408,54.778019,On or near Sherburn Road,E01020724,County Durham 029D,Violence and sexual offences,Unable to prosecute suspect,
,2020-08,Durham Constabulary,Durham Constabulary,-1.581774,54.775785,On or near Crossgate,E01020703,County Durham 030A,Anti-social behaviour,,
,2020-08,Durham Constabulary,Durham Constabulary,-1.581726,54.777430,On or near North Road,E01020703,County Durham 030A,Anti-social behaviour,,
,2020-08,Durham Constabulary,Durham Constabulary,-1.581726,54.777430,On or near North Road,E01020703,County Durham 030A,Anti-social behaviour,,
,2020-08,Durham Constabulary,Durham Constabulary,-1.580923,54.776861,On or near Nightclub,E01020703,County Durham 030A,Anti-social behaviour,,
,2020-08,Durham Constabulary,Durham Constabulary,-1.588151,54.775385,On or near Laburnum Avenue,E01020703,County Durham 030A,Anti-social behaviour,,
,2020-08,Durham Constabulary,Durham Constabulary,-1.578818,54.775991,On or near Parking Area,E01020703,County Durham 030A,Anti-social behaviour,,
,2020-08,Durham Constabulary,Durham Constabulary,-1.586856,54.775839,On or near Mistletoe Street,E01020703,County Durham 030A,Anti-social behaviour,,
,2020-08,Durham Constabulary,Durham Constabulary,-1.579902,54.776390,On or near Supermarket,E01020703,County Durham 030A,Anti-social behaviour,,
,2020-08,Durham Constabulary,Durham Constabulary,-1.579902,54.776390,On or near Supermarket,E01020703,County Durham 030A,Anti-social behaviour,,
,2020-08,Durham Constabulary,Durham Constabulary,-1.581726,54.777430,On or near North Road,E01020703,County Durham 030A,Anti-social behaviour,,
,2020-08,Durham Constabulary,Durham Constabulary,-1.581501,54.776629,On or near Neville Street,E01020703,County Durham 030A,Anti-social behaviour,,
,2020-08,Durham Constabulary,Durham Constabulary,-1.578536,54.776187,On or near Shopping Area,E01020703,County Durham 030A,Anti-social behaviour,,
,2020-08,Durham Constabulary,Durham Constabulary,-1.579902,54.776390,On or near Supermarket,E01020703,County Durham 030A,Anti-social behaviour,,
,2020-08,Durham Constabulary,Durham Constabulary,-1.581726,54.777430,On or near North Road,E01020703,County Durham 030A,Anti-social behaviour,,
,2020-08,Durham Constabulary,Durham Constabulary,-1.580923,54.776861,On or near Nightclub,E01020703,County Durham 030A,Anti-social behaviour,,
,2020-08,Durham Constabulary,Durham Constabulary,-1.578779,54.776736,On or near Parking Area,E01020703,County Durham 030A,Anti-social behaviour,,
,2020-08,Durham Constabulary,Durham Constabulary,-1.579902,54.776390,On or near Supermarket,E01020703,County Durham 030A,Anti-social behaviour,,
,2020-08,Durham Constabulary,Durham Constabulary,-1.585259,54.775492,On or near Alexandria Crescent,E01020703,County Durham 030A,Anti-social behaviour,,
,2020-08,Durham Constabulary,Durham Constabulary,-1.588151,54.775385,On or near Laburnum Avenue,E01020703,County Durham 030A,Anti-social behaviour,,
,2020-08,Durham Constabulary,Durham Constabulary,-1.579902,54.776390,On or near Supermarket,E01020703,County Durham 030A,Anti-social behaviour,,
,2020-08,Durham Constabulary,Durham Constabulary,-1.578818,54.775991,On or near Parking Area,E01020703,County Durham 030A,Anti-social behaviour,,
,2020-08,Durham Constabulary,Durham Constabulary,-1.581501,54.776629,On or near Neville Street,E01020703,County Durham 030A,Anti-social behaviour,,
,2020-08,Durham Constabulary,Durham Constabulary,-1.580923,54.776861,On or near Nightclub,E01020703,County Durham 030A,Anti-social behaviour,,
,2020-08,Durham Constabulary,Durham Constabulary,-1.580923,54.776861,On or near Nightclub,E01020703,County Durham 030A,Anti-social behaviour,,
,2020-08,Durham Constabulary,Durham Constabulary,-1.580923,54.776861,On or near Nightclub,E01020703,County Durham 030A,Anti-social behaviour,,
,2020-08,Durham Constabulary,Durham Constabulary,-1.578818,54.775991,On or near Parking Area,E01020703,County Durham 030A,Anti-social behaviour,,
,2020-08,Durham Constabulary,Durham Constabulary,-1.579902,54.776390,On or near Supermarket,E01020703,County Durham 030A,Anti-social behaviour,,
f08caa4a6a3d5cd67cd01f4befcda99f6cd6ffafc500de659b5cfffde5e9247e,2020-08,Durham Constabulary,Durham Constabulary,-1.578536,54.776187,On or near Shopping Area,E01020703,County Durham 030A,Burglary,Investigation complete; no suspect identified,
e40c18040297573f3f6e412329248eb8c7165276ad6d23542089de2f7dd96c0c,2020-08,Durham Constabulary,Durham Constabulary,-1.585530,54.776382,On or near John Street,E01020703,County Durham 030A,Criminal damage and arson,Investigation complete; no suspect identified,
2f78ceaf48c0d52b194d9333322697f225a803678a2ecb03cdda1c074196a808,2020-08,Durham Constabulary,Durham Constabulary,-1.588151,54.775385,On or near Laburnum Avenue,E01020703,County Durham 030A,Criminal damage and arson,Investigation complete; no suspect identified,
15cb5710c5b5cfd6758e57c8091abe6d6f9a11e16d6fe31318b46ca8ac423c66,2020-08,Durham Constabulary,Durham Constabulary,-1.578779,54.776736,On or near Parking Area,E01020703,County Durham 030A,Criminal damage and arson,Local resolution,
5cb9bc5771573bf5eee481f622bdc3e5d64bbd1c6119487af24a50678eb104e4,2020-08,Durham Constabulary,Durham Constabulary,-1.578779,54.776736,On or near Parking Area,E01020703,County Durham 030A,Drugs,Court result unavailable,
973642106d76524317257361f4768dbbc1103b5e60a2c113cd4cce350c20303a,2020-08,Durham Constabulary,Durham Constabulary,-1.578818,54.775991,On or near Parking Area,E01020703,County Durham 030A,Drugs,Investigation complete; no suspect identified,
5bb880d3c2d309c89246ba1b7a73d57a92f08bde8271db420cb917d6595f0dfa,2020-08,Durham Constabulary,Durham Constabulary,-1.583230,54.776284,On or near Allergate,E01020703,County Durham 030A,Drugs,Investigation complete; no suspect identified,
2f31f9401faabc962cbc9b6d2a9331b06b06e2246b6acfe24cf80ddbabc20e31,2020-08,Durham Constabulary,Durham Constabulary,-1.581726,54.777430,On or near North Road,E01020703,County Durham 030A,Other theft,Unable to prosecute suspect,
f3136544f309e412f45080827f7cd9e2b0f700b7a1d406c6ef9b6bed7fbe9928,2020-08,Durham Constabulary,Durham Constabulary,-1.578779,54.776736,On or near Parking Area,E01020703,County Durham 030A,Other theft,Investigation complete; no suspect identified,
6214b0be84ae785e65dafd41ea00ed8ea26082a19aaa2583975651bf6b70e68f,2020-08,Durham Constabulary,Durham Constabulary,-1.578536,54.776187,On or near Shopping Area,E01020703,County Durham 030A,Public order,Further investigation is not in the public interest,
08c37fa6ae2d7d7b14d728bc96dee814e6a1caaf9ca780f2178bd9d0d32aca86,2020-08,Durham Constabulary,Durham Constabulary,-1.578779,54.776736,On or near Parking Area,E01020703,County Durham 030A,Public order,Court result unavailable,
da477d1adbb7352787b7db1d23b2bf9dff707b204455b77297746cb6327865e3,2020-08,Durham Constabulary,Durham Constabulary,-1.579902,54.776390,On or near Supermarket,E01020703,County Durham 030A,Public order,Unable to prosecute suspect,
403254b195ce6dd8c4c57d84bba8c7881c13538f9cabc4843c7fceda5b2ddfaa,2020-08,Durham Constabulary,Durham Constabulary,-1.580923,54.776861,On or near Nightclub,E01020703,County Durham 030A,Public order,Unable to prosecute suspect,
5e0b0e8a3065eba83397f2f05c017f2b4de587e2502e73e2ffda431df1b8db4f,2020-08,Durham Constabulary,Durham Constabulary,-1.578536,54.776187,On or near Shopping Area,E01020703,County Durham 030A,Public order,Investigation complete; no suspect identified,
a38a621a5340d8addf1392349aff09054475edb4de1b7f08ce9d32af456ac559,2020-08,Durham Constabulary,Durham Constabulary,-1.581726,54.777430,On or near North Road,E01020703,County Durham 030A,Public order,Local resolution,
d66c7ac5892f11dc7c736e5a7f8a39fdb96a89ca4dbd28f830af6ffe13a53548,2020-08,Durham Constabulary,Durham Constabulary,-1.578536,54.776187,On or near Shopping Area,E01020703,County Durham 030A,Public order,Further investigation is not in the public interest,
ac32f0db08ff276fd88cf7bf42844876fbfa281a4c6b7ee0de27c76aa89e2bf7,2020-08,Durham Constabulary,Durham Constabulary,-1.581774,54.775785,On or near Crossgate,E01020703,County Durham 030A,Public order,Further investigation is not in the public interest,
89a739e529e9f41a6c23b6597caca26594ce368180a240f9b2c6d9f3d9d3431e,2020-08,Durham Constabulary,Durham Constabulary,-1.578536,54.776187,On or near Shopping Area,E01020703,County Durham 030A,Public order,Unable to prosecute suspect,
f18cd6ceb4d77bbf83c896b0bdd5677d3ae158fd65473ac886b39ce77c7e82ba,2020-08,Durham Constabulary,Durham Constabulary,-1.581726,54.777430,On or near North Road,E01020703,County Durham 030A,Public order,Court result unavailable,
9999357b6a36168880a96915220947f462692f2fcc6900c2943c0802edbbc3f5,2020-08,Durham Constabulary,Durham Constabulary,-1.579902,54.776390,On or near Supermarket,E01020703,County Durham 030A,Public order,Investigation complete; no suspect identified,
f1bb03d55f405abbd11a72c4533af37911aa0e5e56c468c5d69a3ed9a4021957,2020-08,Durham Constabulary,Durham Constabulary,-1.578536,54.776187,On or near Shopping Area,E01020703,County Durham 030A,Public order,Investigation complete; no suspect identified,
bebd82fbacc565bdceb55e68d0f9a86cb53483572a405a97e2f71116b6df3486,2020-08,Durham Constabulary,Durham Constabulary,-1.579902,54.776390,On or near Supermarket,E01020703,County Durham 030A,Shoplifting,Court result unavailable,
710a6af412f9df098bcb38a2a3370570f4b24fb3e29d32ea4d2cf6f9fcc38541,2020-08,Durham Constabulary,Durham Constabulary,-1.580923,54.776861,On or near Nightclub,E01020703,County Durham 030A,Shoplifting,Investigation complete; no suspect identified,
7f93e6fb6da6492952617f676341d3c49a76623a95d16b69886ba6e50be1fe11,2020-08,Durham Constabulary,Durham Constabulary,-1.579902,54.776390,On or near Supermarket,E01020703,County Durham 030A,Shoplifting,Court result unavailable,
77a4250a4ba7883ae160bdde90592be8c4ecad478f00ae60f1fd399632316976,2020-08,Durham Constabulary,Durham Constabulary,-1.579902,54.776390,On or near Supermarket,E01020703,County Durham 030A,Shoplifting,Unable to prosecute suspect,
0ae74a3d4ec6480dee00d44e5fbd5b6bf5f505f409c7b02837bc7edc9699c5c7,2020-08,Durham Constabulary,Durham Constabulary,-1.580923,54.776861,On or near Nightclub,E01020703,County Durham 030A,Shoplifting,Unable to prosecute suspect,
cd29f6ec4820bec66bef0285585522e24562976b61ef2b93f3c138d41401eab8,2020-08,Durham Constabulary,Durham Constabulary,-1.581726,54.777430,On or near North Road,E01020703,County Durham 030A,Theft from the person,Unable to prosecute suspect,
56261fbb372aab61a6c10fdb5df3777a24761898cc4afeafd973a59c59fcc46c,2020-08,Durham Constabulary,Durham Constabulary,-1.581726,54.777430,On or near North Road,E01020703,County Durham 030A,Violence and sexual offences,Unable to prosecute suspect,
16761600da5b96a57ba73ead03c251779b99ef573fbf1fa45623357b6fa6ef10,2020-08,Durham Constabulary,Durham Constabulary,-1.583639,54.774291,On or near Priory Orchard,E01020703,County Durham 030A,Violence and sexual offences,Local resolution,
b05c12b5ef89c6b9261f8da284f89d8032eeaf22f32fdeb63bdb9a9df95af080,2020-08,Durham Constabulary,Durham Constabulary,-1.581726,54.777430,On or near North Road,E01020703,County Durham 030A,Violence and sexual offences,Offender given a caution,
ab5087dc34bb99b553501a94a5e9245fef0e0c2d887e122d7dfcbaf4e13aaaa7,2020-08,Durham Constabulary,Durham Constabulary,-1.578818,54.775991,On or near Parking Area,E01020703,County Durham 030A,Violence and sexual offences,Investigation complete; no suspect identified,
daa6b4cee4021c397e5237aa8f6c15b3ed17a6b8db07f97c917a75f3b37b0b7a,2020-08,Durham Constabulary,Durham Constabulary,-1.581726,54.777430,On or near North Road,E01020703,County Durham 030A,Violence and sexual offences,Unable to prosecute suspect,
b5e6f2f5470430a8db1369ddf49143813643af28d58606020a88112825cca076,2020-08,Durham Constabulary,Durham Constabulary,-1.583399,54.774964,On or near St Margaret'S Court,E01020703,County Durham 030A,Violence and sexual offences,Unable to prosecute suspect,
92ec06efa8d09934811f6265490e073c3edae0f527117eaac540b2c33160b526,2020-08,Durham Constabulary,Durham Constabulary,-1.581726,54.777430,On or near North Road,E01020703,County Durham 030A,Violence and sexual offences,Unable to prosecute suspect,
eb9b36d7cc34680d93fce0c0987ba5389b97711dfd4cd8062ad579c723a19f20,2020-08,Durham Constabulary,Durham Constabulary,-1.581726,54.777430,On or near North Road,E01020703,County Durham 030A,Violence and sexual offences,Formal action is not in the public interest,
be6b6d9b7cc4a2338dbc99505ea68af0b02eb093f92623a78b7733dbd566f72f,2020-08,Durham Constabulary,Durham Constabulary,-1.579902,54.776390,On or near Supermarket,E01020703,County Durham 030A,Violence and sexual offences,Unable to prosecute suspect,
521462f347a6b129fcfaa70a4ea7b0456f14320588a949adef4fc629d247b8d1,2020-08,Durham Constabulary,Durham Constabulary,-1.579902,54.776390,On or near Supermarket,E01020703,County Durham 030A,Violence and sexual offences,Further investigation is not in the public interest,
a720ffee177f71593988e122c225d42054191ea8b18ed27793a438676c00e480,2020-08,Durham Constabulary,Durham Constabulary,-1.579902,54.776390,On or near Supermarket,E01020703,County Durham 030A,Violence and sexual offences,Court result unavailable,
07c422e26e26ac2ae72e4d7f737789ff0b8b0eed4ba179c1f990333e4738260e,2020-08,Durham Constabulary,Durham Constabulary,-1.581726,54.777430,On or near North Road,E01020703,County Durham 030A,Violence and sexual offences,Unable to prosecute suspect,
5048235a29f337be5047c682c1d06e40921bfd6fce675a04a68786ee4c61de73,2020-08,Durham Constabulary,Durham Constabulary,-1.581726,54.777430,On or near North Road,E01020703,County Durham 030A,Violence and sexual offences,Unable to prosecute suspect,
78e424dad209f4c92eef4d9f570d4a7e264bf56aae92bbd73117f6482e8b9921,2020-08,Durham Constabulary,Durham Constabulary,-1.581726,54.777430,On or near North Road,E01020703,County Durham 030A,Violence and sexual offences,Action to be taken by another organisation,
5659a76aa5260e3e6b00df1b152ffa253ebd987e0559d266de9481c600d2c090,2020-08,Durham Constabulary,Durham Constabulary,-1.578536,54.776187,On or near Shopping Area,E01020703,County Durham 030A,Violence and sexual offences,Investigation complete; no suspect identified,
efed368161420e7bb8c85e69dfc6c18ac3d3b4230fb2e209c6c5ec43275b540e,2020-08,Durham Constabulary,Durham Constabulary,-1.579902,54.776390,On or near Supermarket,E01020703,County Durham 030A,Violence and sexual offences,Court result unavailable,
8e9ccf11a9cff084be6c25a33ba1b4e151b1a780b8ded37a9936130e50657081,2020-08,Durham Constabulary,Durham Constabulary,-1.581726,54.777430,On or near North Road,E01020703,County Durham 030A,Violence and sexual offences,Unable to prosecute suspect,
ae52d1c31aa5b98d73ec34dcf98c080fa295f5d57c829b830433c02aa5d9fbe2,2020-08,Durham Constabulary,Durham Constabulary,-1.578522,54.777544,On or near Parking Area,E01020703,County Durham 030A,Violence and sexual offences,Court result unavailable,
4f286d271cbfa2f1dc6ae2faeee445d94e93a3c47120b3c6ec6f05226c9d3af7,2020-08,Durham Constabulary,Durham Constabulary,-1.579902,54.776390,On or near Supermarket,E01020703,County Durham 030A,Violence and sexual offences,Unable to prosecute suspect,
c2480c4c0027b986661fca514671b2283bad580da68a90a554ce0d4ce3301e72,2020-08,Durham Constabulary,Durham Constabulary,-1.578818,54.775991,On or near Parking Area,E01020703,County Durham 030A,Violence and sexual offences,Investigation complete; no suspect identified,
337288e5ca387535fcae2fb74f0658244f500b0b5619d34939d82510b3a6e4a4,2020-08,Durham Constabulary,Durham Constabulary,-1.581726,54.777430,On or near North Road,E01020703,County Durham 030A,Violence and sexual offences,Court result unavailable,
,2020-08,Durham Constabulary,Durham Constabulary,-1.572202,54.778313,On or near Claypath,E01033164,County Durham 030D,Anti-social behaviour,,
,2020-08,Durham Constabulary,Durham Constabulary,-1.575167,54.777236,On or near Silver Street,E01033164,County Durham 030D,Anti-social behaviour,,
,2020-08,Durham Constabulary,Durham Constabulary,-1.574751,54.778313,On or near Theatre/Concert Hall,E01033164,County Durham 030D,Anti-social behaviour,,
,2020-08,Durham Constabulary,Durham Constabulary,-1.576049,54.777626,On or near Walkergate,E01033164,County Durham 030D,Anti-social behaviour,,
,2020-08,Durham Constabulary,Durham Constabulary,-1.574480,54.775985,On or near Shopping Area,E01033164,County Durham 030D,Anti-social behaviour,,
,2020-08,Durham Constabulary,Durham Constabulary,-1.576310,54.777986,On or near Nightclub,E01033164,County Durham 030D,Anti-social behaviour,,
,2020-08,Durham Constabulary,Durham Constabulary,-1.576049,54.777626,On or near Walkergate,E01033164,County Durham 030D,Anti-social behaviour,,
,2020-08,Durham Constabulary,Durham Constabulary,-1.574480,54.775985,On or near Shopping Area,E01033164,County Durham 030D,Anti-social behaviour,,
,2020-08,Durham Constabulary,Durham Constabulary,-1.575167,54.777236,On or near Silver Street,E01033164,County Durham 030D,Anti-social behaviour,,
,2020-08,Durham Constabulary,Durham Constabulary,-1.575167,54.777236,On or near Silver Street,E01033164,County Durham 030D,Anti-social behaviour,,
,2020-08,Durham Constabulary,Durham Constabulary,-1.574480,54.775985,On or near Shopping Area,E01033164,County Durham 030D,Anti-social behaviour,,
,2020-08,Durham Constabulary,Durham Constabulary,-1.572202,54.778313,On or near Claypath,E01033164,County Durham 030D,Anti-social behaviour,,
240d0fd8fe77f006153a435489e79970bd3b78442f46be495d281ba17ac0596a,2020-08,Durham Constabulary,Durham Constabulary,-1.573540,54.776709,On or near Parking Area,E01033164,County Durham 030D,Bicycle theft,Investigation complete; no suspect identified,
d224dafa32ff42378a4fcd459fde2fc7d5d0b2cbe81c5ec7a09bbdc51cd0b36b,2020-08,Durham Constabulary,Durham Constabulary,-1.576172,54.776305,On or near Shopping Area,E01033164,County Durham 030D,Bicycle theft,Investigation complete; no suspect identified,
db7bf4e6c023905de702bb795c4532937fd80289174b497a0c949cb7d2054b69,2020-08,Durham Constabulary,Durham Constabulary,-1.574751,54.778313,On or near Theatre/Concert Hall,E01033164,County Durham 030D,Bicycle theft,Investigation complete; no suspect identified,
42e7d047237030a3332358e34526dd524bb335c34b8d1e2208b0312decb8272f,2020-08,Durham Constabulary,Durham Constabulary,-1.576172,54.776305,On or near Shopping Area,E01033164,County Durham 030D,Burglary,Court result unavailable,
ad7a67504e6386264dc20a20e473dca181c68375a4e793ee140579c79ef0f2ff,2020-08,Durham Constabulary,Durham Constabulary,-1.574751,54.778313,On or near Theatre/Concert Hall,E01033164,County Durham 030D,Burglary,Investigation complete; no suspect identified,
c94374cea0b4260e85da637b34f33e99261bd85f612bf6205dce9665d97bd786,2020-08,Durham Constabulary,Durham Constabulary,-1.576942,54.775463,On or near Further/Higher Educational Building,E01033164,County Durham 030D,Burglary,Investigation complete; no suspect identified,
d2057aa6fcb32e611c38fea24f4ae2da34ed870f89cf239dabf641cf28954c42,2020-08,Durham Constabulary,Durham Constabulary,-1.573540,54.776709,On or near Parking Area,E01033164,County Durham 030D,Other theft,Investigation complete; no suspect identified,
a0d94e0fea865bd40f8c4b2051fbd908fa75a0408cce14e6632b4414a7aa2daf,2020-08,Durham Constabulary,Durham Constabulary,-1.574751,54.778313,On or near Theatre/Concert Hall,E01033164,County Durham 030D,Other theft,Local resolution,
63734a6ef7a05f430316e2f99867e914501e4fc8d5ace9dd3442a53af9fdb798,2020-08,Durham Constabulary,Durham Constabulary,-1.574751,54.778313,On or near Theatre/Concert Hall,E01033164,County Durham 030D,Other theft,Investigation complete; no suspect identified,
d0c13f0c40b45c2d72812f6a8698ac7af6c81bab973605b8610eccc940614683,2020-08,Durham Constabulary,Durham Constabulary,-1.573540,54.776709,On or near Parking Area,E01033164,County Durham 030D,Public order,Offender given penalty notice,
e55e93dbb309843675b983b30096f46f3d750a6fa48bfb78864d1f4efd62919a,2020-08,Durham Constabulary,Durham Constabulary,-1.576049,54.777626,On or near Walkergate,E01033164,County Durham 030D,Public order,Court result unavailable,
ad552078430823838bfbb9550f7919bbede56e487ee17ed26f2028b46f410e0b,2020-08,Durham Constabulary,Durham Constabulary,-1.574883,54.776121,On or near Saddler Street,E01033164,County Durham 030D,Public order,Unable to prosecute suspect,
1af74a89fc1e16c7f53f2c4977e172973113c24b99e5796455344341457dc420,2020-08,Durham Constabulary,Durham Constabulary,-1.574480,54.775985,On or near Shopping Area,E01033164,County Durham 030D,Public order,Further investigation is not in the public interest,
1cc9e29a6fbcaf0139a7765152fea29e93492d3d91b8b32755e71ca210ded6af,2020-08,Durham Constabulary,Durham Constabulary,-1.575167,54.777236,On or near Silver Street,E01033164,County Durham 030D,Shoplifting,Investigation complete; no suspect identified,
738660c346057106f8ee6295a16b42608b4b80056562c42e7c301d81b157b6d0,2020-08,Durham Constabulary,Durham Constabulary,-1.576172,54.776305,On or near Shopping Area,E01033164,County Durham 030D,Shoplifting,Investigation complete; no suspect identified,
855e0c311c08735ba93ed66af6ce9d7b4c12997d7ac6b665770d2148caa9e2bd,2020-08,Durham Constabulary,Durham Constabulary,-1.576172,54.776305,On or near Shopping Area,E01033164,County Durham 030D,Shoplifting,Unable to prosecute suspect,
1b67bac9e11e4dc5ff3ccde2992b663e7f2bc29cc70bb2cc482c0bf920daaedc,2020-08,Durham Constabulary,Durham Constabulary,-1.576172,54.776305,On or near Shopping Area,E01033164,County Durham 030D,Shoplifting,Investigation complete; no suspect identified,
cbf5bb6d8956d7042d4b8188f2075824ea9efea647827a37189bbdc20fe6db0e,2020-08,Durham Constabulary,Durham Constabulary,-1.576172,54.776305,On or near Shopping Area,E01033164,County Durham 030D,Shoplifting,Investigation complete; no suspect identified,
743aa1ee1222cf6cf5a40348a95ac6b9d84c953c8578f1d7c6d392953779da40,2020-08,Durham Constabulary,Durham Constabulary,-1.576864,54.777017,On or near Back Silver Street,E01033164,County Durham 030D,Shoplifting,Investigation complete; no suspect identified,
69da5d2232bbe7156ddedc4ec213855608cd672f1c2db626e298e939d0313321,2020-08,Durham Constabulary,Durham Constabulary,-1.576172,54.776305,On or near Shopping Area,E01033164,County Durham 030D,Shoplifting,Unable to prosecute suspect,
5987263eb354864ce6d90c96a7e4c42c717cb00587ed8075ebe73c78dc240e4e,2020-08,Durham Constabulary,Durham Constabulary,-1.576049,54.777626,On or near Walkergate,E01033164,County Durham 030D,Theft from the person,Investigation complete; no suspect identified,
7bbf3dc9ba48251397acac968fa01293493d2f7c9e218ad8e5fad402650b1bad,2020-08,Durham Constabulary,Durham Constabulary,-1.574480,54.775985,On or near Shopping Area,E01033164,County Durham 030D,Theft from the person,Local resolution,
19002927f8f3aa1a5df56769d089f877cee62fc3bf03a6d11390314275c406eb,2020-08,Durham Constabulary,Durham Constabulary,-1.576310,54.777986,On or near Nightclub,E01033164,County Durham 030D,Violence and sexual offences,Unable to prosecute suspect,
760c00702459c349aa974a55c9af07eb2fba632f67d6fd1bc305a6e0a6cc5f02,2020-08,Durham Constabulary,Durham Constabulary,-1.576310,54.777986,On or near Nightclub,E01033164,County Durham 030D,Violence and sexual offences,Investigation complete; no suspect identified,
b74088e4ffe3f85bd47df8a8ef849c3591ce35ad0c1f220992b8890c8ce40c3e,2020-08,Durham Constabulary,Durham Constabulary,-1.576643,54.771400,On or near South Bailey,E01033164,County Durham 030D,Violence and sexual offences,Unable to prosecute suspect,
7e832387892bf59b3fbc53a594fdf78adc51be6be3e070f82e65c5f5c7421b4b,2020-08,Durham Constabulary,Durham Constabulary,-1.575167,54.777236,On or near Silver Street,E01033164,County Durham 030D,Violence and sexual offences,Unable to prosecute suspect,
d1bb2b26d28ec327a202dfa60d20fa587093615fab6d528eabe30918ec8b07ad,2020-08,Durham Constabulary,Durham Constabulary,-1.575167,54.777236,On or near Silver Street,E01033164,County Durham 030D,Violence and sexual offences,Unable to prosecute suspect,
bcfe34b658ffa255af2abedd730c2dd2bb7ce9c0deeef67906dbcf8dccdd0709,2020-08,Durham Constabulary,Durham Constabulary,-1.574480,54.775985,On or near Shopping Area,E01033164,County Durham 030D,Violence and sexual offences,Offender given a caution,
d7a5e1e1014d00d506faa57a60487f7fdbe938540afb588f3e08471fa4da5b14,2020-08,Durham Constabulary,Durham Constabulary,-1.574883,54.776121,On or near Saddler Street,E01033164,County Durham 030D,Violence and sexual offences,Unable to prosecute suspect,
ef2a570449e3e135b41010f8fec44bf1adfb7e2c49b38fcc18f069649e804561,2020-08,Durham Constabulary,Durham Constabulary,-1.575167,54.777236,On or near Silver Street,E01033164,County Durham 030D,Violence and sexual offences,Unable to prosecute suspect,
fe6c620ca8699791903f4ae01a4c74d1eee18aa425173a9238d9fd8128acb63b,2020-08,Durham Constabulary,Durham Constabulary,-1.574847,54.775114,On or near Further/Higher Educational Building,E01033164,County Durham 030D,Violence and sexual offences,Investigation complete; no suspect identified,
24ee99619ca8c187c19bea3c2fe9f346a572054f9bc2f42681295e1b4eb4544a,2020-08,Durham Constabulary,Durham Constabulary,-1.574883,54.776121,On or near Saddler Street,E01033164,County Durham 030D,Violence and sexual offences,Unable to prosecute suspect,
30c26d76f14a85aae88e569222f55d88310842d2736521f18099bcb91de38327,2020-08,Durham Constabulary,Durham Constabulary,-1.574883,54.776121,On or near Saddler Street,E01033164,County Durham 030D,Violence and sexual offences,Further action is not in the public interest,
2f18ee0be52a4a78ada83dfad23b5fc9258c62590569acf09e5be7cb46873329,2020-08,Durham Constabulary,Durham Constabulary,-1.575167,54.777236,On or near Silver Street,E01033164,County Durham 030D,Violence and sexual offences,Investigation complete; no suspect identified,
a24227df7c636202764d07ee6159d2c34acbda2e1653928f626e502914937161,2020-08,Durham Constabulary,Durham Constabulary,-1.575167,54.777236,On or near Silver Street,E01033164,County Durham 030D,Violence and sexual offences,Unable to prosecute suspect,
b6506313b757be3574fbb01bdd0d18ee605329410da6b09235e76405ae2aed77,2020-08,Durham Constabulary,Durham Constabulary,-1.574480,54.775985,On or near Shopping Area,E01033164,County Durham 030D,Violence and sexual offences,Offender given a caution,
6a3c1d960930df9d459ddb01042a8820a8423187166a519926ebcbe3f1edcee2,2020-08,Durham Constabulary,Durham Constabulary,-1.574883,54.776121,On or near Saddler Street,E01033164,County Durham 030D,Violence and sexual offences,Investigation complete; no suspect identified,
f6afc2c32d6bd63c6359903e18c89a80957022d06453cd4100efb7613ba726bc,2020-08,Durham Constabulary,Durham Constabulary,-1.574751,54.778313,On or near Theatre/Concert Hall,E01033164,County Durham 030D,Violence and sexual offences,Unable to prosecute suspect,
99dd38c16ee36446cd1a06016ad454e2c5886a0a7b49295667c7a11d44f27554,2020-08,Durham Constabulary,Durham Constabulary,-1.575167,54.777236,On or near Silver Street,E01033164,County Durham 030D,Violence and sexual offences,Unable to prosecute suspect,
553972d9787b1b0cc10e83193b57fd4f5c4dfa1cbb6e6e9a5402ad3abfc0e1b1,2020-08,Durham Constabulary,Durham Constabulary,-1.574480,54.775985,On or near Shopping Area,E01033164,County Durham 030D,Other crime,Unable to prosecute suspect,
,2020-08,Durham Constabulary,Durham Constabulary,-1.564064,54.781798,On or near Orchard Drive,E01033195,County Durham 030E,Anti-social behaviour,,
,2020-08,Durham Constabulary,Durham Constabulary,-1.566387,54.779748,On or near Mayorswell Field,E01033195,County Durham 030E,Anti-social behaviour,,
,2020-08,Durham Constabulary,Durham Constabulary,-1.567849,54.781236,On or near Ferens Close,E01033195,County Durham 030E,Anti-social behaviour,,
4edfb50289d3156363dde607378080e1ab3853e37cafe7fd237410af51686c0a,2020-08,Durham Constabulary,Durham Constabulary,-1.572704,54.779384,On or near Providence Row,E01033195,County Durham 030E,Criminal damage and arson,Investigation complete; no suspect identified,
,2020-08,Durham Constabulary,Durham Constabulary,-1.570506,54.774011,On or near Court Lane,E01033197,County Durham 030F,Anti-social behaviour,,
,2020-08,Durham Constabulary,Durham Constabulary,-1.567829,54.771387,On or near The Hallgarth,E01033197,County Durham 030F,Anti-social behaviour,,
,2020-08,Durham Constabulary,Durham Constabulary,-1.570683,54.776394,On or near Elvet Waterside,E01033197,County Durham 030F,Anti-social behaviour,,
09eb6a814459cc6630096adf3a5d9685d194655472072294b972b67808d905be,2020-08,Durham Constabulary,Durham Constabulary,-1.566669,54.775202,On or near Sports/Recreation Area,E01033197,County Durham 030F,Bicycle theft,Investigation complete; no suspect identified,
cd79c24cc2b74f91a6762c402e92512a25cb7cb4f746da573ec7ab8514f702db,2020-08,Durham Constabulary,Durham Constabulary,-1.567829,54.771387,On or near The Hallgarth,E01033197,County Durham 030F,Drugs,Local resolution,
9a6c0557764f7a9c60aa7f42f2ce8aa0d50b830905413f098c50835f668bee33,2020-08,Durham Constabulary,Durham Constabulary,-1.570310,54.773436,On or near Elvet Crescent,E01033197,County Durham 030F,Other theft,Unable to prosecute suspect,
b9db02245e2491a0414323dea4fbf64b677a6f825941af5605bad4d48dd1c5e3,2020-08,Durham Constabulary,Durham Constabulary,-1.566953,54.773361,On or near Prison,E01033197,County Durham 030F,Public order,Court result unavailable,
9642af297c08cbf52ad08aa4c5a60f0b8cf919806502c55e132e4bd4ad36e631,2020-08,Durham Constabulary,Durham Constabulary,-1.562955,54.773679,On or near Green Lane,E01033197,County Durham 030F,Vehicle crime,Investigation complete; no suspect identified,
5d3c2abf59221b58af1a1aa49623b2000f3a90d6a55b9436989bee26833ca263,2020-08,Durham Constabulary,Durham Constabulary,-1.562955,54.773679,On or near Green Lane,E01033197,County Durham 030F,Vehicle crime,Investigation complete; no suspect identified,
1c5559f44c52eda54d92ce95e798896dfb9b7fd08af1da399f5dbfedea8df2b4,2020-08,Durham Constabulary,Durham Constabulary,-1.566953,54.773361,On or near Prison,E01033197,County Durham 030F,Violence and sexual offences,Action to be taken by another organisation,
fb24c7cd8e7abf9076e4b86a490a1bace13d9c68ff75f1115c87cfe2d434ad7f,2020-08,Durham Constabulary,Durham Constabulary,-1.566953,54.773361,On or near Prison,E01033197,County Durham 030F,Violence and sexual offences,Unable to prosecute suspect,
946a1d8c3c4f92884471ec63696ea0a79fd7e3550da57343f0e89be46f021262,2020-08,Durham Constabulary,Durham Constabulary,-1.566953,54.773361,On or near Prison,E01033197,County Durham 030F,Violence and sexual offences,Court result unavailable,
547010d72ba43fc8d6502020c37715ce643b053710818170f885a86f90c158d2,2020-08,Durham Constabulary,Durham Constabulary,-1.566953,54.773361,On or near Prison,E01033197,County Durham 030F,Violence and sexual offences,Investigation complete; no suspect identified,
944f27be83ce09fc38793f84146c2d637c99a4e2429d7ee29afe02802d030767,2020-08,Durham Constabulary,Durham Constabulary,-1.569464,54.771141,On or near Hallgarth Street,E01033197,County Durham 030F,Violence and sexual offences,Action to be taken by another organisation,
af4da7842f88963c5d6b05430d152f50f91196181e7d8d38ba1dd2878a19fcdf,2020-08,Durham Constabulary,Durham Constabulary,-1.566953,54.773361,On or near Prison,E01033197,County Durham 030F,Violence and sexual offences,Unable to prosecute suspect,
6c30e6ebc4efb58a7b038c7590a052e210352a06a5a0bd54b6de42e471e8f439,2020-08,Durham Constabulary,Durham Constabulary,-1.566953,54.773361,On or near Prison,E01033197,County Durham 030F,Violence and sexual offences,Action to be taken by another organisation,
e4b94c78773385d8d69a0a1212b4e553db3b88147d9677b88006066f1aa91233,2020-08,Durham Constabulary,Durham Constabulary,-1.566953,54.773361,On or near Prison,E01033197,County Durham 030F,Violence and sexual offences,Investigation complete; no suspect identified,
1f6f61ef7fcdc6ff5920e86cb22f75e7001115456df6013c71256df06b28602d,2020-08,Durham Constabulary,Durham Constabulary,-1.566953,54.773361,On or near Prison,E01033197,County Durham 030F,Violence and sexual offences,Unable to prosecute suspect,
0c73dbbfa0d91f11abcd9e3cd2b427068954d5933efac84fa25bb0c86569fc46,2020-08,Durham Constabulary,Durham Constabulary,-1.566953,54.773361,On or near Prison,E01033197,County Durham 030F,Violence and sexual offences,Action to be taken by another organisation,
29340da57619438894022ca72165d2bad910a177fc5a0e56410ef29a14dfe0da,2020-08,Durham Constabulary,Durham Constabulary,-1.566953,54.773361,On or near Prison,E01033197,County Durham 030F,Violence and sexual offences,Action to be taken by another organisation,
9352064a1ea25f232eeeee09a0103e86ba3659283fca48fad313d4d3ee080317,2020-08,Durham Constabulary,Durham Constabulary,-1.566953,54.773361,On or near Prison,E01033197,County Durham 030F,Violence and sexual offences,Unable to prosecute suspect,
729c898341f573da990a4152cfb748621a8d73f3983d458c31ce841313b69568,2020-08,Durham Constabulary,Durham Constabulary,-1.566953,54.773361,On or near Prison,E01033197,County Durham 030F,Violence and sexual offences,Unable to prosecute suspect,
c65070aba50e83cb66fc6c88fb9059e27630f7bfc6d2d4a1182d943f9c135fe1,2020-08,Durham Constabulary,Durham Constabulary,-1.566953,54.773361,On or near Prison,E01033197,County Durham 030F,Violence and sexual offences,Unable to prosecute suspect,
1546a86d8ccdf2caf51f310693a96456feddcece8c1e19fe1c52d74f9c782630,2020-08,Durham Constabulary,Durham Constabulary,-1.566953,54.773361,On or near Prison,E01033197,County Durham 030F,Violence and sexual offences,Action to be taken by another organisation,
45e8ea5c6c259d80cb6ab3b24fc880000d2071a608987b401875a838b20320d5,2020-08,Durham Constabulary,Durham Constabulary,-1.566953,54.773361,On or near Prison,E01033197,County Durham 030F,Violence and sexual offences,Action to be taken by another organisation,
f0966c8f44974c0eed594a0646b91725a9e6317a1f250523296a5bd8361fca5a,2020-08,Durham Constabulary,Durham Constabulary,-1.566953,54.773361,On or near Prison,E01033197,County Durham 030F,Violence and sexual offences,Further investigation is not in the public interest,
a4c36cd85cacf478c6a8140d0dfeea13525af40c3d9ca444101dc700214e3cee,2020-08,Durham Constabulary,Durham Constabulary,-1.566953,54.773361,On or near Prison,E01033197,County Durham 030F,Other crime,Investigation complete; no suspect identified,
725041f86e5f56738dd81280368968e55b668a32f021a5636a16b19c39d18cdb,2020-08,Durham Constabulary,Durham Constabulary,-1.566953,54.773361,On or near Prison,E01033197,County Durham 030F,Other crime,Investigation complete; no suspect identified,
40ac280dd6434e740554a2583f35e51eccc654acfd7b060ceca7ed552be87277,2020-08,Durham Constabulary,Durham Constabulary,-1.566953,54.773361,On or near Prison,E01033197,County Durham 030F,Other crime,Court result unavailable,
569333c8c632430270209006c50e51e10752256c733146fdf86394590313c30e,2020-08,Durham Constabulary,Durham Constabulary,-1.566953,54.773361,On or near Prison,E01033197,County Durham 030F,Other crime,Court result unavailable,
39c139d99de1ecb6b455a3ff1a1c04349b7623c15490fbfc19c91f25790d9953,2020-08,Durham Constabulary,Durham Constabulary,-1.566953,54.773361,On or near Prison,E01033197,County Durham 030F,Other crime,Court result unavailable,
,2020-08,Durham Constabulary,Durham Constabulary,-1.572240,54.774692,On or near Further/Higher Educational Building,E01033221,County Durham 030G,Anti-social behaviour,,
,2020-08,Durham Constabulary,Durham Constabulary,-1.570952,54.774498,On or near Police Station,E01033221,County Durham 030G,Anti-social behaviour,,
84dfaf1d676c7090963ffb03a0a49b765040bb08022d7f0f2b014b5aedbbd566,2020-08,Durham Constabulary,Durham Constabulary,-1.579728,54.764689,On or near Further/Higher Educational Building,E01033221,County Durham 030G,Burglary,Investigation complete; no suspect identified,
e01399036bd600dffa87230345de2d66c0d0217adc85b5459edd4bc258f2dea5,2020-08,Durham Constabulary,Durham Constabulary,-1.570952,54.774498,On or near Police Station,E01033221,County Durham 030G,Criminal damage and arson,Court result unavailable,
d2d1220b82f0bf1513e21097597486a9b7cfe17ca19567e078796b61ac1736f7,2020-08,Durham Constabulary,Durham Constabulary,-1.570952,54.774498,On or near Police Station,E01033221,County Durham 030G,Criminal damage and arson,Further investigation is not in the public interest,
3c1253182e127815bf0893a623fd3c440f826b39b8e2bb48387007eb606942d9,2020-08,Durham Constabulary,Durham Constabulary,-1.570952,54.774498,On or near Police Station,E01033221,County Durham 030G,Criminal damage and arson,Unable to prosecute suspect,
179e07fc7c4e8c3cf05da8e64bc6e71c4cc018ffc0ef52f7d82ff2d946bd1f16,2020-08,Durham Constabulary,Durham Constabulary,-1.570952,54.774498,On or near Police Station,E01033221,County Durham 030G,Criminal damage and arson,Offender given a caution,
abde400f62fa120a5d67559609559ff5244e0871eba8ceca9a31555810b43aaa,2020-08,Durham Constabulary,Durham Constabulary,-1.570653,54.770399,On or near Oswald Court,E01033221,County Durham 030G,Criminal damage and arson,Unable to prosecute suspect,
8d77c0120b50e8ccdf1b641323e8c822b4c7692da4a141bb6821a6a4cc0c68ca,2020-08,Durham Constabulary,Durham Constabulary,-1.570952,54.774498,On or near Police Station,E01033221,County Durham 030G,Criminal damage and arson,Further action is not in the public interest,
94d66c694f778e908ee663c2a18279c307bd517ebf5559ca8fef262c814bc431,2020-08,Durham Constabulary,Durham Constabulary,-1.570952,54.774498,On or near Police Station,E01033221,County Durham 030G,Drugs,Further investigation is not in the public interest,
89f45e7e0b5943afdda17f682651e0ab517bd80d90f4b235671b79ea8978ef3d,2020-08,Durham Constabulary,Durham Constabulary,-1.570952,54.774498,On or near Police Station,E01033221,County Durham 030G,Drugs,Further action is not in the public interest,
0fa57cb06b9f251761e53b0df775807f6e206427155462e9931a5a24d2c8b907,2020-08,Durham Constabulary,Durham Constabulary,-1.570952,54.774498,On or near Police Station,E01033221,County Durham 030G,Drugs,Further investigation is not in the public interest,
76d65bb0adfbc21c5da758d8ccf878875b3015f14416db2e8c2bd1e7c1e0fc5c,2020-08,Durham Constabulary,Durham Constabulary,-1.570653,54.770399,On or near Oswald Court,E01033221,County Durham 030G,Other theft,Investigation complete; no suspect identified,
825047fdccb902461b06eed0fc1f55ebd28c175e8b36905678a6d982101fc59d,2020-08,Durham Constabulary,Durham Constabulary,-1.579728,54.764689,On or near Further/Higher Educational Building,E01033221,County Durham 030G,Other theft,Investigation complete; no suspect identified,
0c760a00ef864f37c501bf2aae6c2237dee4fc534f550d64d283ade71d0c947b,2020-08,Durham Constabulary,Durham Constabulary,-1.571353,54.768847,On or near Stockton Road,E01033221,County Durham 030G,Violence and sexual offences,Unable to prosecute suspect,
9263b9931ef9f887eccf3670a8886f7489174c79d77f50c1cb899b65ccfe3fa5,2020-08,Durham Constabulary,Durham Constabulary,-1.571353,54.768847,On or near Stockton Road,E01033221,County Durham 030G,Violence and sexual offences,Unable to prosecute suspect,
5c63cd05cab4a8ae8542324b521393a2d79485ac9013f7b630b3f22cc8efbbf3,2020-08,Durham Constabulary,Durham Constabulary,-1.570952,54.774498,On or near Police Station,E01033221,County Durham 030G,Violence and sexual offences,Court result unavailable,
d3c1e259f57e12cff68ac3cb981590a75d1b7d4273e23d13aa7d21f1908dd12b,2020-08,Durham Constabulary,Durham Constabulary,-1.570952,54.774498,On or near Police Station,E01033221,County Durham 030G,Violence and sexual offences,Offender given a caution,
3e1e081b3d56141b8b2faf262607642f05ce796ac1e2f49537b500c2318e8df2,2020-08,Durham Constabulary,Durham Constabulary,-1.570653,54.770399,On or near Oswald Court,E01033221,County Durham 030G,Other crime,Unable to prosecute suspect,
2f4663c2d69c892fe87c92e471ca8ac5a2ca37d0c053a63af1f2d160a81974b6,2020-08,Durham Constabulary,Durham Constabulary,-1.705919,54.771953,On or near Newhouse Road,E01020705,County Durham 031A,Burglary,Investigation complete; no suspect identified,
ab056299b9ff0116840545eba751de5d747970e40426c2385f7b1819f809412c,2020-08,Durham Constabulary,Durham Constabulary,-1.710330,54.772422,On or near Woodlands Road,E01020705,County Durham 031A,Criminal damage and arson,Investigation complete; no suspect identified,
6c04797f0848452640d9312a3e5ac75a76d0c624077a46ab09d487d3bc856df9,2020-08,Durham Constabulary,Durham Constabulary,-1.705919,54.767567,On or near Station View,E01020705,County Durham 031A,Criminal damage and arson,Unable to prosecute suspect,
8243a15ef97fdaf0464e477bf6645d1b59f6c3376bbc78fae4603453628760e9,2020-08,Durham Constabulary,Durham Constabulary,-1.704331,54.772227,On or near Hill View,E01020705,County Durham 031A,Violence and sexual offences,Investigation complete; no suspect identified,
1943b5c59a94e1904e82c2ac10620d44a19a85c0ef74d9ca05c8e3bf37b1fb04,2020-08,Durham Constabulary,Durham Constabulary,-1.709597,54.770551,On or near Birch Place,E01020705,County Durham 031A,Violence and sexual offences,Unable to prosecute suspect,
8befa7ccad8c99ddb14344786a5a925f5ac62bf8102a5305b0644796bc0eac82,2020-08,Durham Constabulary,Durham Constabulary,-1.704331,54.772227,On or near Hill View,E01020705,County Durham 031A,Violence and sexual offences,Investigation complete; no suspect identified,
16f739c5eb7b55a6c07f760f3d10e9d2e71d64403cbc6702fa80c2e4d1c62210,2020-08,Durham Constabulary,Durham Constabulary,-1.711335,54.773224,On or near Fir Terraces,E01020705,County Durham 031A,Violence and sexual offences,Unable to prosecute suspect,
df3e43e8d642b064cf8f6a049cae0517c9e86b10e2139b1a1efdc9a6e668f4b6,2020-08,Durham Constabulary,Durham Constabulary,-1.705919,54.767567,On or near Station View,E01020705,County Durham 031A,Violence and sexual offences,Unable to prosecute suspect,
e4045ad94003bcb37e10ad159c56f2034376aa12be7fbc6833c61222db5530b9,2020-08,Durham Constabulary,Durham Constabulary,-1.711559,54.772200,On or near Dene Park,E01020705,County Durham 031A,Violence and sexual offences,Local resolution,
800a539712370ce0e03470dacf31e318d19c906be77f903181f5e2c9f9c25a7c,2020-08,Durham Constabulary,Durham Constabulary,-1.706920,54.768864,On or near The Wynds,E01020705,County Durham 031A,Violence and sexual offences,Awaiting court outcome,
52d2bb589760a197ae36c1508e2fd4536b0d2fd4d38e2336252a4dc79ee66d68,2020-08,Durham Constabulary,Durham Constabulary,-1.704331,54.772227,On or near Hill View,E01020705,County Durham 031A,Violence and sexual offences,Unable to prosecute suspect,
9f70d7d2a61fcb5f01e4c32cfb019ef4ee2272328c2bd5b48d0e36995abe4e0e,2020-08,Durham Constabulary,Durham Constabulary,-1.711335,54.773224,On or near Fir Terraces,E01020705,County Durham 031A,Violence and sexual offences,Unable to prosecute suspect,
276996ede9bc5fda5de5cb90e89361210aa52090e2f684757733fa9860035bcc,2020-08,Durham Constabulary,Durham Constabulary,-1.703360,54.771129,On or near Evenwood Road,E01020705,County Durham 031A,Violence and sexual offences,Unable to prosecute suspect,
e7e6745f8e776509d111a5ee7fa647d04097a9d9c6adbafad89c197b4da52d8c,2020-08,Durham Constabulary,Durham Constabulary,-1.710328,54.768324,On or near Pinetree,E01020705,County Durham 031A,Violence and sexual offences,Unable to prosecute suspect,
ad364bd33207c648bece136c76849646bf53c72386773663f27067c5b2ba9ea0,2020-08,Durham Constabulary,Durham Constabulary,-1.711335,54.773224,On or near Fir Terraces,E01020705,County Durham 031A,Violence and sexual offences,Unable to prosecute suspect,
71102c4a9c4d7b247285f4c25e6c541e396a34651fd8bd51afad585376aa081e,2020-08,Durham Constabulary,Durham Constabulary,-1.706523,54.770040,On or near Ridding Court,E01020705,County Durham 031A,Violence and sexual offences,Unable to prosecute suspect,
,2020-08,Durham Constabulary,Durham Constabulary,-1.717866,54.761718,On or near Station Street,E01020706,County Durham 031B,Anti-social behaviour,,
,2020-08,Durham Constabulary,Durham Constabulary,-1.703227,54.770221,On or near Edward Street,E01020706,County Durham 031B,Anti-social behaviour,,
,2020-08,Durham Constabulary,Durham Constabulary,-1.704775,54.771015,On or near Crowgil Court,E01020706,County Durham 031B,Anti-social behaviour,,
,2020-08,Durham Constabulary,Durham Constabulary,-1.717866,54.761718,On or near Station Street,E01020706,County Durham 031B,Anti-social behaviour,,
,2020-08,Durham Constabulary,Durham Constabulary,-1.700899,54.771752,On or near Durham Road,E01020706,County Durham 031B,Anti-social behaviour,,
5b2dabd850405b2621d611943067b61e85edfdf9ec68d3f03fac599608ec6465,2020-08,Durham Constabulary,Durham Constabulary,-1.700899,54.771752,On or near Durham Road,E01020706,County Durham 031B,Drugs,Unable to prosecute suspect,
4bd10670482acd6cfc9f9ff4b6df3c5af8240aaddff7411d2463c79bb52a7ab0,2020-08,Durham Constabulary,Durham Constabulary,-1.704223,54.769936,On or near Supermarket,E01020706,County Durham 031B,Other theft,Investigation complete; no suspect identified,
08d51e19de6f67d5d3a68242f920bb9180da9d822785febfc598e13da61c9843,2020-08,Durham Constabulary,Durham Constabulary,-1.702338,54.770542,On or near Bus/Coach Station,E01020706,County Durham 031B,Public order,Local resolution,
b50c940bda754adcba8d77ad92cdd469d04249f93aa03121f8f7d8939157ecac,2020-08,Durham Constabulary,Durham Constabulary,-1.704798,54.769982,On or near Supermarket,E01020706,County Durham 031B,Public order,Investigation complete; no suspect identified,
5deb51e1524cfdd65d28c566f4998d895b141e1b17b3c359071b309017d90488,2020-08,Durham Constabulary,Durham Constabulary,-1.700899,54.771752,On or near Durham Road,E01020706,County Durham 031B,Violence and sexual offences,Unable to prosecute suspect,
6e2f443556f94ee46fbfefc67ffc34ae78cc1f709b1b312d2f05dd19973d986d,2020-08,Durham Constabulary,Durham Constabulary,-1.693312,54.774033,On or near Castlefields,E01020706,County Durham 031B,Violence and sexual offences,Unable to prosecute suspect,
1304489b1a17cf5186546142295cce58cfbcc1e04dd73ff8a7dd5120a4ad5698,2020-08,Durham Constabulary,Durham Constabulary,-1.700899,54.771752,On or near Durham Road,E01020706,County Durham 031B,Violence and sexual offences,Action to be taken by another organisation,
873bee4bac128eeb9bed21e5aedb85517513781df823b36c46408315621a0a28,2020-08,Durham Constabulary,Durham Constabulary,-1.699151,54.770651,On or near Acton Road,E01020706,County Durham 031B,Violence and sexual offences,Investigation complete; no suspect identified,
81fe0e353cd2c11c9db1732dfcf38fcc004e1fdc0cf51f1eeb7d7f00e7f7e4e9,2020-08,Durham Constabulary,Durham Constabulary,-1.700899,54.771752,On or near Durham Road,E01020706,County Durham 031B,Violence and sexual offences,Unable to prosecute suspect,
,2020-08,Durham Constabulary,Durham Constabulary,-1.648139,54.766722,On or near Doric Road,E01020715,County Durham 031C,Anti-social behaviour,,
,2020-08,Durham Constabulary,Durham Constabulary,-1.648139,54.766722,On or near Doric Road,E01020715,County Durham 031C,Anti-social behaviour,,
,2020-08,Durham Constabulary,Durham Constabulary,-1.644587,54.776560,On or near Sports/Recreation Area,E01020715,County Durham 031C,Anti-social behaviour,,
,2020-08,Durham Constabulary,Durham Constabulary,-1.646167,54.766518,On or near Sports/Recreation Area,E01020715,County Durham 031C,Anti-social behaviour,,
,2020-08,Durham Constabulary,Durham Constabulary,-1.646167,54.766518,On or near Sports/Recreation Area,E01020715,County Durham 031C,Anti-social behaviour,,
,2020-08,Durham Constabulary,Durham Constabulary,-1.650985,54.766496,On or near Pringle Place,E01020715,County Durham 031C,Anti-social behaviour,,
,2020-08,Durham Constabulary,Durham Constabulary,-1.651998,54.768018,On or near Tuscan Close,E01020715,County Durham 031C,Anti-social behaviour,,
,2020-08,Durham Constabulary,Durham Constabulary,-1.644016,54.776065,On or near Eshwood View,E01020715,County Durham 031C,Anti-social behaviour,,
,2020-08,Durham Constabulary,Durham Constabulary,-1.651998,54.768018,On or near Tuscan Close,E01020715,County Durham 031C,Anti-social behaviour,,
,2020-08,Durham Constabulary,Durham Constabulary,-1.646167,54.766518,On or near Sports/Recreation Area,E01020715,County Durham 031C,Anti-social behaviour,,
211394f2c53324a440bd70bbfd8fda7e1eb39a8dfaf485b20be88f831762d93d,2020-08,Durham Constabulary,Durham Constabulary,-1.646167,54.766518,On or near Sports/Recreation Area,E01020715,County Durham 031C,Burglary,Investigation complete; no suspect identified,
a4866e4d4110d765e0dd9d56e95ea5765e9a5f2b4297a59245114a760d587470,2020-08,Durham Constabulary,Durham Constabulary,-1.651998,54.768018,On or near Tuscan Close,E01020715,County Durham 031C,Criminal damage and arson,Offender given a caution,
daa04485e75e5389a8de8a2a6f0babe9ac54f22b9e4d6b3573273970a033c08c,2020-08,Durham Constabulary,Durham Constabulary,-1.648407,54.778881,On or near Temperance Terrace,E01020715,County Durham 031C,Drugs,Offender given a caution,
e56aa3f75d70c51e5040f2e5b8a751abf95898773c0b3e2632e75dafb0c94ea9,2020-08,Durham Constabulary,Durham Constabulary,-1.645742,54.777876,On or near Station Road,E01020715,County Durham 031C,Drugs,Investigation complete; no suspect identified,
71a4f822889c7b984bbc0d5d28430c1b6f1dce86d44284af861f0d7ed2259a53,2020-08,Durham Constabulary,Durham Constabulary,-1.679002,54.779011,On or near Flasshall Lane,E01020715,County Durham 031C,Public order,Unable to prosecute suspect,
b3822f7b9d35f28f9d822f6e20a251878a3fef64f07f0334f5340cc815dfd0f6,2020-08,Durham Constabulary,Durham Constabulary,-1.644378,54.777423,On or near Supermarket,E01020715,County Durham 031C,Shoplifting,Investigation complete; no suspect identified,
b0b34eef78968715f886a9d6a54d1f6a703a45ce60016d9abf2782325007f130,2020-08,Durham Constabulary,Durham Constabulary,-1.644378,54.777423,On or near Supermarket,E01020715,County Durham 031C,Shoplifting,Investigation complete; no suspect identified,
8f2fe1e6baa01807db18773c3b474cb0b5052abe8f8fd414f67b938761abd328,2020-08,Durham Constabulary,Durham Constabulary,-1.644378,54.777423,On or near Supermarket,E01020715,County Durham 031C,Shoplifting,Investigation complete; no suspect identified,
14bd1b65835b7d6e7217e5c1d0029806bba99a74c15c82983d0fbf22cb39a0d2,2020-08,Durham Constabulary,Durham Constabulary,-1.644378,54.777423,On or near Supermarket,E01020715,County Durham 031C,Shoplifting,Unable to prosecute suspect,
4374815e6283f951e83a0796bc382dc39b4d830a2dca9d957e17fad17e162821,2020-08,Durham Constabulary,Durham Constabulary,-1.648407,54.778881,On or near Temperance Terrace,E01020715,County Durham 031C,Violence and sexual offences,Unable to prosecute suspect,
59f444612f4593f6d4b3bdec12e0d88827a93ff1554fa65861555e7f5fcd491e,2020-08,Durham Constabulary,Durham Constabulary,-1.648707,54.780176,On or near Welby Drive,E01020715,County Durham 031C,Violence and sexual offences,Unable to prosecute suspect,
0e1791012ec656a39a47fe8917444016b81377f21f8b9b3123ac9e4576edfb46,2020-08,Durham Constabulary,Durham Constabulary,-1.645742,54.777876,On or near Station Road,E01020715,County Durham 031C,Violence and sexual offences,Unable to prosecute suspect,
bb1c1a48d95d2a306f9573c9001c9ce2130fffcbabc845925eca53502d2d2b0f,2020-08,Durham Constabulary,Durham Constabulary,-1.661350,54.779745,On or near Parking Area,E01020715,County Durham 031C,Violence and sexual offences,Local resolution,
5585ea8e38e5a9a683b502990d5758405d77c19428e7d60132a6ff07b24a224e,2020-08,Durham Constabulary,Durham Constabulary,-1.648407,54.778881,On or near Temperance Terrace,E01020715,County Durham 031C,Violence and sexual offences,Status update unavailable,
336a12f1427f95908b2eb8dbea0dee01b64dde53d9f1663ba0c23df52fbd8833,2020-08,Durham Constabulary,Durham Constabulary,-1.648407,54.778881,On or near Temperance Terrace,E01020715,County Durham 031C,Violence and sexual offences,Court result unavailable,
d8667fdfd3f02eaab5e7354a80f5baff6d337e95197d0528e49a0faff201dd18,2020-08,Durham Constabulary,Durham Constabulary,-1.644378,54.777423,On or near Supermarket,E01020715,County Durham 031C,Violence and sexual offences,Unable to prosecute suspect,
0d2654e3cf7c97c98400df01976d706e7d13bdbff53b7458843b10671581d487,2020-08,Durham Constabulary,Durham Constabulary,-1.648407,54.778881,On or near Temperance Terrace,E01020715,County Durham 031C,Violence and sexual offences,Unable to prosecute suspect,
00be03451621e702599e60dadae5e196b4177123c7634d04721b0a5a138f4f6c,2020-08,Durham Constabulary,Durham Constabulary,-1.679002,54.779011,On or near Flasshall Lane,E01020715,County Durham 031C,Violence and sexual offences,Unable to prosecute suspect,
c135fa3dd82818b1b53b1aba055c8623287b22a15556fe0d5b5a7253a7407855,2020-08,Durham Constabulary,Durham Constabulary,-1.648407,54.778881,On or near Temperance Terrace,E01020715,County Durham 031C,Violence and sexual offences,Unable to prosecute suspect,
65bbf9839ec59962896b445b6931cbc593fde33ea66d43d3e5ea1c5f0991185d,2020-08,Durham Constabulary,Durham Constabulary,-1.644378,54.777423,On or near Supermarket,E01020715,County Durham 031C,Violence and sexual offences,Further investigation is not in the public interest,
3da822ca33e82b8dec35ffaea2762e09c7feaaa60f79cacb1929e6d73c8d6819,2020-08,Durham Constabulary,Durham Constabulary,-1.645742,54.777876,On or near Station Road,E01020715,County Durham 031C,Violence and sexual offences,Action to be taken by another organisation,
75f1d2053f30c0bc0fe9902c0344fd75bf6b011f90081c1b0be2ea81207742fe,2020-08,Durham Constabulary,Durham Constabulary,-1.645742,54.777876,On or near Station Road,E01020715,County Durham 031C,Violence and sexual offences,Unable to prosecute suspect,
a5bbc9c2b6c6d676bf1d9a0c87144ccd4a7404c3b9c09d9262f98390766a2270,2020-08,Durham Constabulary,Durham Constabulary,-1.648407,54.778881,On or near Temperance Terrace,E01020715,County Durham 031C,Violence and sexual offences,Unable to prosecute suspect,
7ad8bedf519fc78162a18e4ffc4fea68aaaa4ad63f223502932e906579628cef,2020-08,Durham Constabulary,Durham Constabulary,-1.645742,54.777876,On or near Station Road,E01020715,County Durham 031C,Violence and sexual offences,Unable to prosecute suspect,
d2380fa8252ef534ce52eacb70d8b50d8801964ded0dc0add2837c983a3a2ae4,2020-08,Durham Constabulary,Durham Constabulary,-1.648407,54.778881,On or near Temperance Terrace,E01020715,County Durham 031C,Violence and sexual offences,Further action is not in the public interest,
4607daf9eac183331b4456200132afda69c96c4ca236a5315669502cffbb4e86,2020-08,Durham Constabulary,Durham Constabulary,-1.646169,54.775235,On or near Sports/Recreation Area,E01020715,County Durham 031C,Violence and sexual offences,Local resolution,
b25658120e9a7a0dcc5f33d4f1b5b551130808ddd11da2b22a7fd7aa12ad1389,2020-08,Durham Constabulary,Durham Constabulary,-1.651886,54.779278,On or near St Lukes Mews,E01020715,County Durham 031C,Violence and sexual offences,Unable to prosecute suspect,
ec2f8c605c4b09f995282e171b5acbd786be3ec662b4365e969dc5dc066b3b66,2020-08,Durham Constabulary,Durham Constabulary,-1.651886,54.779278,On or near St Lukes Mews,E01020715,County Durham 031C,Violence and sexual offences,Unable to prosecute suspect,
92ec504b9be1b151f075c41b63991e3b10b1e68efebf0c4496f10c06b3eea256,2020-08,Durham Constabulary,Durham Constabulary,-1.644378,54.777423,On or near Supermarket,E01020715,County Durham 031C,Other crime,Unable to prosecute suspect,
a5454f97303c671bf08b5c119f14d6f651b76dc369f35ce42d591db030d650a3,2020-08,Durham Constabulary,Durham Constabulary,-1.651886,54.779278,On or near St Lukes Mews,E01020715,County Durham 031C,Other crime,Unable to prosecute suspect,
,2020-08,Durham Constabulary,Durham Constabulary,-1.326734,54.758543,On or near Duddon Close,E01020745,County Durham 032A,Anti-social behaviour,,
,2020-08,Durham Constabulary,Durham Constabulary,-1.327082,54.757260,On or near Harrison Close,E01020745,County Durham 032A,Anti-social behaviour,,
,2020-08,Durham Constabulary,Durham Constabulary,-1.331458,54.758534,On or near Pedestrian Subway,E01020745,County Durham 032A,Anti-social behaviour,,
,2020-08,Durham Constabulary,Durham Constabulary,-1.328763,54.757045,On or near Hovingham Close,E01020745,County Durham 032A,Anti-social behaviour,,
,2020-08,Durham Constabulary,Durham Constabulary,-1.325251,54.760800,On or near Chapel Hill Road,E01020745,County Durham 032A,Anti-social behaviour,,
,2020-08,Durham Constabulary,Durham Constabulary,-1.327082,54.757260,On or near Harrison Close,E01020745,County Durham 032A,Anti-social behaviour,,
,2020-08,Durham Constabulary,Durham Constabulary,-1.327387,54.760416,On or near Scafell Close,E01020745,County Durham 032A,Anti-social behaviour,,
,2020-08,Durham Constabulary,Durham Constabulary,-1.331458,54.758534,On or near Pedestrian Subway,E01020745,County Durham 032A,Anti-social behaviour,,
,2020-08,Durham Constabulary,Durham Constabulary,-1.330485,54.758205,On or near Petrol Station,E01020745,County Durham 032A,Anti-social behaviour,,
,2020-08,Durham Constabulary,Durham Constabulary,-1.329066,54.759401,On or near Eskdale Walk,E01020745,County Durham 032A,Anti-social behaviour,,
,2020-08,Durham Constabulary,Durham Constabulary,-1.331458,54.758534,On or near Pedestrian Subway,E01020745,County Durham 032A,Anti-social behaviour,,
,2020-08,Durham Constabulary,Durham Constabulary,-1.324623,54.757444,On or near Leazes Rise,E01020745,County Durham 032A,Anti-social behaviour,,
,2020-08,Durham Constabulary,Durham Constabulary,-1.322541,54.757469,On or near Delavale Close,E01020745,County Durham 032A,Anti-social behaviour,,
,2020-08,Durham Constabulary,Durham Constabulary,-1.327082,54.757260,On or near Harrison Close,E01020745,County Durham 032A,Anti-social behaviour,,
d2ce1dba4bc8eca74e7842b8446c439aa17bbb631cb2f461a1f6a444a00b7821,2020-08,Durham Constabulary,Durham Constabulary,-1.323842,54.758617,On or near Braithwaite Road,E01020745,County Durham 032A,Burglary,Investigation complete; no suspect identified,
324417d79373817d89f55d43212b5ad13f06bab6d80c1c7e7460fc502a5386f6,2020-08,Durham Constabulary,Durham Constabulary,-1.327387,54.760416,On or near Scafell Close,E01020745,County Durham 032A,Burglary,Investigation complete; no suspect identified,
f2e41896b6ef7e7cd3b829ad31a6deda2a68c45fd6a1225fc7fa78dac4a31f9a,2020-08,Durham Constabulary,Durham Constabulary,-1.327082,54.757260,On or near Harrison Close,E01020745,County Durham 032A,Criminal damage and arson,Investigation complete; no suspect identified,
a93bd4cf8d9cdd8c7167db88f55eafaaeb66d4394152f00833618e6b189128c0,2020-08,Durham Constabulary,Durham Constabulary,-1.328543,54.759084,On or near Cumbrian Way,E01020745,County Durham 032A,Criminal damage and arson,Investigation complete; no suspect identified,
cc6db6be7445e7a23a35ee9b4430cc881ab73d096b774fa121c61c399802e7d9,2020-08,Durham Constabulary,Durham Constabulary,-1.330195,54.758787,On or near Petrol Station,E01020745,County Durham 032A,Criminal damage and arson,Investigation complete; no suspect identified,
b78347aa8aabb5aab53edb7c8f84fa4b3eebc29a2a2d69dd563f36be62709e40,2020-08,Durham Constabulary,Durham Constabulary,-1.327082,54.757260,On or near Harrison Close,E01020745,County Durham 032A,Criminal damage and arson,Unable to prosecute suspect,
1d6020c5acc2765c15227366474095569f4a58984937981034c09b57aeaae1ef,2020-08,Durham Constabulary,Durham Constabulary,-1.323842,54.758617,On or near Braithwaite Road,E01020745,County Durham 032A,Public order,Investigation complete; no suspect identified,
4556cd88da857561487aae3282180d058d26b2962e059f284e113d70704b1c55,2020-08,Durham Constabulary,Durham Constabulary,-1.330195,54.758787,On or near Petrol Station,E01020745,County Durham 032A,Shoplifting,Formal action is not in the public interest,
b60a72d29720747cc7925783d41cc07c7fa7deb59b9248827f22f0c092b259f9,2020-08,Durham Constabulary,Durham Constabulary,-1.330195,54.758787,On or near Petrol Station,E01020745,County Durham 032A,Shoplifting,Court result unavailable,
0333b2e814a199f8a0f5d9da1aef16ef57ec44ea0fa383bc351cb609be804995,2020-08,Durham Constabulary,Durham Constabulary,-1.330485,54.758205,On or near Petrol Station,E01020745,County Durham 032A,Shoplifting,Formal action is not in the public interest,
248b16ce2f9e939b7a2d0c9e16b0b05ed55b1983698891e4524a397c8c6332a3,2020-08,Durham Constabulary,Durham Constabulary,-1.326274,54.760024,On or near Wasdale Close,E01020745,County Durham 032A,Vehicle crime,Investigation complete; no suspect identified,
a43a406c78ac624e0dbb9d03cae5d07d8e05fbcf0acbe728edd4da710352ab68,2020-08,Durham Constabulary,Durham Constabulary,-1.330195,54.758787,On or near Petrol Station,E01020745,County Durham 032A,Vehicle crime,Investigation complete; no suspect identified,
8c1aa4afd329819364ed66ffda11c1d2996132a019437e8c1a4ca2efb480c196,2020-08,Durham Constabulary,Durham Constabulary,-1.329860,54.757437,On or near Beaumont Place,E01020745,County Durham 032A,Violence and sexual offences,Unable to prosecute suspect,
065a9480d94a74daf18ba98fc33e5d93464b304072ddcc839f64915d047a9a74,2020-08,Durham Constabulary,Durham Constabulary,-1.330485,54.758205,On or near Petrol Station,E01020745,County Durham 032A,Violence and sexual offences,Court result unavailable,
62f523bc000a5014233f2f5cd676babdb4f3ad7c5eeb6ddbe256552cb5762a40,2020-08,Durham Constabulary,Durham Constabulary,-1.329860,54.757437,On or near Beaumont Place,E01020745,County Durham 032A,Violence and sexual offences,Unable to prosecute suspect,
b55407946c4e9a66b243658b21496af04aa628f7b84fcb0ebf5a3cf028e91c1a,2020-08,Durham Constabulary,Durham Constabulary,-1.323842,54.758617,On or near Braithwaite Road,E01020745,County Durham 032A,Violence and sexual offences,Unable to prosecute suspect,
7de0a15065ea3899f5191179976c72365ef200647dc0391b9a62a4dfa8dfd40f,2020-08,Durham Constabulary,Durham Constabulary,-1.323842,54.758617,On or near Braithwaite Road,E01020745,County Durham 032A,Violence and sexual offences,Further investigation is not in the public interest,
6aaada081b21b1f2a674f5cb4873e4708498d6dd253538ff9471901451eb11f9,2020-08,Durham Constabulary,Durham Constabulary,-1.323842,54.758617,On or near Braithwaite Road,E01020745,County Durham 032A,Violence and sexual offences,Investigation complete; no suspect identified,
bc36a0af532eee9edd630a900eb97eec43933c0526d446a34fc3665783d1df0d,2020-08,Durham Constabulary,Durham Constabulary,-1.330195,54.758787,On or near Petrol Station,E01020745,County Durham 032A,Violence and sexual offences,Unable to prosecute suspect,
2c5de417d376cc0698eb8730f37be33e7b64a154cae5d8484ccc4bdc4b5dda09,2020-08,Durham Constabulary,Durham Constabulary,-1.327082,54.757260,On or near Harrison Close,E01020745,County Durham 032A,Violence and sexual offences,Unable to prosecute suspect,
b5915eb97e5c275196b0f2fd9d62bc114655e5f91b47d58588406690be19831b,2020-08,Durham Constabulary,Durham Constabulary,-1.328721,54.757710,On or near Burdon Place,E01020745,County Durham 032A,Violence and sexual offences,Unable to prosecute suspect,
77777b299b93dba2682a3dff7a9c1f61b46a26686e562755213a79055ed3b44d,2020-08,Durham Constabulary,Durham Constabulary,-1.323689,54.759452,On or near Matterdale Road,E01020745,County Durham 032A,Violence and sexual offences,Unable to prosecute suspect,
7da90c7f19f3b99aaf800b05b1979b6c5026ee59c3305067e4bffede6e256a30,2020-08,Durham Constabulary,Durham Constabulary,-1.323842,54.758617,On or near Braithwaite Road,E01020745,County Durham 032A,Violence and sexual offences,Unable to prosecute suspect,
965711386fb2dabc5669be39772e6f8cc00de4a17fc17467aace897374f9dd4c,2020-08,Durham Constabulary,Durham Constabulary,-1.327387,54.760416,On or near Scafell Close,E01020745,County Durham 032A,Violence and sexual offences,Unable to prosecute suspect,
1b4e42b65b8b19e0841698e31f5adc1ced33ad7bcf667c64346c2a3190540c6a,2020-08,Durham Constabulary,Durham Constabulary,-1.327387,54.760416,On or near Scafell Close,E01020745,County Durham 032A,Violence and sexual offences,Unable to prosecute suspect,
287543ba9226924a71c820d585ffec091aab3676136ded6e4eee0b94f378dee6,2020-08,Durham Constabulary,Durham Constabulary,-1.323689,54.759452,On or near Matterdale Road,E01020745,County Durham 032A,Violence and sexual offences,Action to be taken by another organisation,
1e0e2d6c51410f6855a72e9b5ef4a1ec936d45a87a8457c7fb7e02a71bd2d7cd,2020-08,Durham Constabulary,Durham Constabulary,-1.326734,54.758543,On or near Duddon Close,E01020745,County Durham 032A,Violence and sexual offences,Unable to prosecute suspect,
e42d01d4d22a6e360935a48399ddba2afd695d2975aaaf033502a34850e53171,2020-08,Durham Constabulary,Durham Constabulary,-1.323842,54.758617,On or near Braithwaite Road,E01020745,County Durham 032A,Violence and sexual offences,Court result unavailable,
17452fd4365e017f1bd8b37b8764fb120338a4e1251dcd461e665524f0877819,2020-08,Durham Constabulary,Durham Constabulary,-1.323842,54.758617,On or near Braithwaite Road,E01020745,County Durham 032A,Violence and sexual offences,Investigation complete; no suspect identified,
4b5a6597ad784ab1c37971af61823abe1a75e778a68ca64c89b0210b1e0cf7f5,2020-08,Durham Constabulary,Durham Constabulary,-1.323689,54.759452,On or near Matterdale Road,E01020745,County Durham 032A,Violence and sexual offences,Unable to prosecute suspect,
,2020-08,Durham Constabulary,Durham Constabulary,-1.338620,54.785317,On or near Moncreiff Terrace,E01020753,County Durham 032B,Anti-social behaviour,,
,2020-08,Durham Constabulary,Durham Constabulary,-1.336071,54.787155,On or near Rydal Mount,E01020753,County Durham 032B,Anti-social behaviour,,
,2020-08,Durham Constabulary,Durham Constabulary,-1.330187,54.787518,On or near Welfare Close,E01020753,County Durham 032B,Anti-social behaviour,,
,2020-08,Durham Constabulary,Durham Constabulary,-1.338620,54.785317,On or near Moncreiff Terrace,E01020753,County Durham 032B,Anti-social behaviour,,
40af90d30808cba6ac7d3b47c791dfe1a8d99f41c5842f134913b7384dfb56f2,2020-08,Durham Constabulary,Durham Constabulary,-1.333213,54.788864,On or near Stewart Street,E01020753,County Durham 032B,Bicycle theft,Investigation complete; no suspect identified,
40e3227e11ed6c2e9deca4ef61396067cfd8e6ce0c864fe7d4ff8a9cc66b96ce,2020-08,Durham Constabulary,Durham Constabulary,-1.325878,54.787602,On or near Parking Area,E01020753,County Durham 032B,Burglary,Court result unavailable,
76f62d22a4c12352db500295e736b787bef80bf741e219490c3c22306900e533,2020-08,Durham Constabulary,Durham Constabulary,-1.325878,54.787602,On or near Parking Area,E01020753,County Durham 032B,Criminal damage and arson,Local resolution,
9e2e51cde06069a587722b631667332cd2c80a16ad57176161d58fccc1ad5050,2020-08,Durham Constabulary,Durham Constabulary,-1.333213,54.788864,On or near Stewart Street,E01020753,County Durham 032B,Criminal damage and arson,Investigation complete; no suspect identified,
94b30a146833a4a9642caffc0b274d6d20cc8ec845c8d789a1e4f8408fb235b4,2020-08,Durham Constabulary,Durham Constabulary,-1.337074,54.784779,On or near Davis Terrace,E01020753,County Durham 032B,Criminal damage and arson,Investigation complete; no suspect identified,
1c3259b74883a711d16836e493f008351baaf07490f4a5fdfd5bab6d1f89e56d,2020-08,Durham Constabulary,Durham Constabulary,-1.330187,54.787518,On or near Welfare Close,E01020753,County Durham 032B,Other theft,Further action is not in the public interest,
37230656cfec9bbde88a8c87d355157d3b039435973b9b61f44e9481ae863bd6,2020-08,Durham Constabulary,Durham Constabulary,-1.331993,54.789298,On or near Crawlaw Road,E01020753,County Durham 032B,Public order,Unable to prosecute suspect,
5538d74cc0d6e6649d7d62bc439cfe780d565d3a2eee1bce6462beb124954e7b,2020-08,Durham Constabulary,Durham Constabulary,-1.335936,54.785905,On or near Glenhurst Road,E01020753,County Durham 032B,Public order,Unable to prosecute suspect,
95838e9a256a27935aaaa6f85e5b7119361a576aa5615c76946bf38452b0cfec,2020-08,Durham Constabulary,Durham Constabulary,-1.331993,54.789298,On or near Crawlaw Road,E01020753,County Durham 032B,Public order,Unable to prosecute suspect,
093cbd8d85d7f65627e8972efe36cbb324fe8208aa6ebcc77609649c45f3b714,2020-08,Durham Constabulary,Durham Constabulary,-1.337074,54.784779,On or near Davis Terrace,E01020753,County Durham 032B,Violence and sexual offences,Investigation complete; no suspect identified,
0b718def9f9f22b4ae9289ddf4c64d8380c20a18a22647ba3a4a7cba1b49f078,2020-08,Durham Constabulary,Durham Constabulary,-1.337074,54.784779,On or near Davis Terrace,E01020753,County Durham 032B,Violence and sexual offences,Unable to prosecute suspect,
dfa51e2cbb83625538e8ed987299b82a5181073a956d170aaf7d01345398b8d7,2020-08,Durham Constabulary,Durham Constabulary,-1.333213,54.788864,On or near Stewart Street,E01020753,County Durham 032B,Violence and sexual offences,Unable to prosecute suspect,
2f40e0361866e55d9e667394361bd617c56eff9e058ceddd4ad8b8ecd7f4d4fc,2020-08,Durham Constabulary,Durham Constabulary,-1.338620,54.785317,On or near Moncreiff Terrace,E01020753,County Durham 032B,Violence and sexual offences,Unable to prosecute suspect,
8e621c04e1333e7301d9f13793898e340bb59526e328ae0389b38d5366b839c9,2020-08,Durham Constabulary,Durham Constabulary,-1.331993,54.789298,On or near Crawlaw Road,E01020753,County Durham 032B,Other crime,Further investigation is not in the public interest,
,2020-08,Durham Constabulary,Durham Constabulary,-1.334399,54.764921,On or near Galloway Road,E01020757,County Durham 032C,Anti-social behaviour,,
,2020-08,Durham Constabulary,Durham Constabulary,-1.334399,54.764921,On or near Galloway Road,E01020757,County Durham 032C,Anti-social behaviour,,
,2020-08,Durham Constabulary,Durham Constabulary,-1.334293,54.761919,On or near Brandlings Way,E01020757,County Durham 032C,Anti-social behaviour,,
,2020-08,Durham Constabulary,Durham Constabulary,-1.334293,54.761919,On or near Brandlings Way,E01020757,County Durham 032C,Anti-social behaviour,,
,2020-08,Durham Constabulary,Durham Constabulary,-1.334293,54.761919,On or near Brandlings Way,E01020757,County Durham 032C,Anti-social behaviour,,
9f366648325271566536078413594a7e1d4bb4926c50511be751ae735e0c7a39,2020-08,Durham Constabulary,Durham Constabulary,-1.337126,54.762600,On or near Lowther Close,E01020757,County Durham 032C,Burglary,Investigation complete; no suspect identified,
abd9ca7e44d845d5f29463d7b5b71bd04317571c0eaab1554e9f5fc55899683c,2020-08,Durham Constabulary,Durham Constabulary,-1.333511,54.765977,On or near Robson Avenue,E01020757,County Durham 032C,Criminal damage and arson,Investigation complete; no suspect identified,
7b90fd97846eff0dbc1b9e6a925539e2ca91878af417da72e8b0befe413a4643,2020-08,Durham Constabulary,Durham Constabulary,-1.332727,54.763555,On or near Kirkland Hill,E01020757,County Durham 032C,Criminal damage and arson,Investigation complete; no suspect identified,
50194591d534be78ecd75c73bac7e4eb699261b51e3b46f5f247339a12d36475,2020-08,Durham Constabulary,Durham Constabulary,-1.338977,54.764362,On or near Dunn Road,E01020757,County Durham 032C,Criminal damage and arson,Unable to prosecute suspect,
ec8b4011deb8e9d8b282e87ddcafbcaffcd1b50094a014ff27649fdfecd8a974,2020-08,Durham Constabulary,Durham Constabulary,-1.333511,54.765977,On or near Robson Avenue,E01020757,County Durham 032C,Other theft,Investigation complete; no suspect identified,
4efc3bd9c36929d44c597176aa3b882d49a57cf29104901ae53cc1b78b46de80,2020-08,Durham Constabulary,Durham Constabulary,-1.333511,54.765977,On or near Robson Avenue,E01020757,County Durham 032C,Other theft,Investigation complete; no suspect identified,
f8025e351088d82d51d2f4a743066acc1cc0c9a5c83649b40d5e9307b3c570d5,2020-08,Durham Constabulary,Durham Constabulary,-1.336661,54.766327,On or near Yoden Road,E01020757,County Durham 032C,Public order,Investigation complete; no suspect identified,
f90a39deee8663f5776e42c5770d2f17de60c89c3a48079dbdddcba3443be71a,2020-08,Durham Constabulary,Durham Constabulary,-1.336661,54.766327,On or near Yoden Road,E01020757,County Durham 032C,Public order,Unable to prosecute suspect,
0e91c7ff6aa295cabd9bbae491eb5d83af7837651b5f0f3b153cc87d773d822d,2020-08,Durham Constabulary,Durham Constabulary,-1.338977,54.764362,On or near Dunn Road,E01020757,County Durham 032C,Public order,Further investigation is not in the public interest,
fb50b64d4cffb621c3f0b8cd154a87ebc7274a0d29f28c30efade84fad74335f,2020-08,Durham Constabulary,Durham Constabulary,-1.337569,54.762081,On or near Clifton Square,E01020757,County Durham 032C,Shoplifting,Investigation complete; no suspect identified,
b80510c6fcb0a45ac32c6c54f8294080e2efcf95066d659ad68ed479616ff706,2020-08,Durham Constabulary,Durham Constabulary,-1.337569,54.762081,On or near Clifton Square,E01020757,County Durham 032C,Shoplifting,Investigation complete; no suspect identified,
dc3caafaf026975cd74093d9ffaa2531bebb5214f74eb35ed9324de384927c01,2020-08,Durham Constabulary,Durham Constabulary,-1.336661,54.766327,On or near Yoden Road,E01020757,County Durham 032C,Violence and sexual offences,Unable to prosecute suspect,
d55b488e1d8823415842b892eff55e0df489d833231931f97f29b5225fdb7feb,2020-08,Durham Constabulary,Durham Constabulary,-1.332727,54.763555,On or near Kirkland Hill,E01020757,County Durham 032C,Violence and sexual offences,Investigation complete; no suspect identified,
58674fff23829cb3117d52817efa6cc7752192c1decfb258c9e86f476ee9ae52,2020-08,Durham Constabulary,Durham Constabulary,-1.338285,54.764880,On or near Westcott Road,E01020757,County Durham 032C,Violence and sexual offences,Unable to prosecute suspect,
e1d64694bd9cc3ec1e769a6bf42b6d08c2536c97ba59f684607614bfd09bdb16,2020-08,Durham Constabulary,Durham Constabulary,-1.336661,54.766327,On or near Yoden Road,E01020757,County Durham 032C,Violence and sexual offences,Investigation complete; no suspect identified,
5691d33032847946958fae362d4ab002a07f93894a76f9a83004578255b23816,2020-08,Durham Constabulary,Durham Constabulary,-1.339092,54.765908,On or near Smillie Close,E01020757,County Durham 032C,Violence and sexual offences,Unable to prosecute suspect,
b260e0445ce232c2ad5ff4f6abb0245ac7df352cfd88d0507884a9deee351c3d,2020-08,Durham Constabulary,Durham Constabulary,-1.338285,54.764880,On or near Westcott Road,E01020757,County Durham 032C,Other crime,Unable to prosecute suspect,
,2020-08,Durham Constabulary,Durham Constabulary,-1.326606,54.762515,On or near Grasmere Road,E01020758,County Durham 032D,Anti-social behaviour,,
,2020-08,Durham Constabulary,Durham Constabulary,-1.325661,54.761422,On or near Coniston Close,E01020758,County Durham 032D,Anti-social behaviour,,
,2020-08,Durham Constabulary,Durham Constabulary,-1.326606,54.762515,On or near Grasmere Road,E01020758,County Durham 032D,Anti-social behaviour,,
,2020-08,Durham Constabulary,Durham Constabulary,-1.326606,54.762515,On or near Grasmere Road,E01020758,County Durham 032D,Anti-social behaviour,,
,2020-08,Durham Constabulary,Durham Constabulary,-1.327832,54.762638,On or near Keswick Road,E01020758,County Durham 032D,Anti-social behaviour,,
,2020-08,Durham Constabulary,Durham Constabulary,-1.331874,54.767271,On or near Eden Lane,E01020758,County Durham 032D,Anti-social behaviour,,
,2020-08,Durham Constabulary,Durham Constabulary,-1.326677,54.761949,On or near Rydal Crescent,E01020758,County Durham 032D,Anti-social behaviour,,
,2020-08,Durham Constabulary,Durham Constabulary,-1.327030,54.763191,On or near Ambleside Close,E01020758,County Durham 032D,Anti-social behaviour,,
,2020-08,Durham Constabulary,Durham Constabulary,-1.331690,54.763307,On or near Edenhill Road,E01020758,County Durham 032D,Anti-social behaviour,,
1acc4449cb8cd5789165fba2dfd80bb7e6c19138d88d5d542ba3e379d0e5d3ad,2020-08,Durham Constabulary,Durham Constabulary,-1.326606,54.762515,On or near Grasmere Road,E01020758,County Durham 032D,Criminal damage and arson,Investigation complete; no suspect identified,
e9255e0d7e9834c2c69d59716e7cec99ac812b1475aebf3a66e7705c7c6b7788,2020-08,Durham Constabulary,Durham Constabulary,-1.328798,54.760559,On or near Staveley Road,E01020758,County Durham 032D,Criminal damage and arson,Investigation complete; no suspect identified,
131d771ff21342acd5af3fc829b3cb15af68132efc70e4592ff553f6e69ba740,2020-08,Durham Constabulary,Durham Constabulary,-1.331690,54.763307,On or near Edenhill Road,E01020758,County Durham 032D,Criminal damage and arson,Investigation complete; no suspect identified,
6c9f4556a898d2df90edfad36941b76af18b6f02d52d4e4a330e5001cd696988,2020-08,Durham Constabulary,Durham Constabulary,-1.327030,54.763191,On or near Ambleside Close,E01020758,County Durham 032D,Criminal damage and arson,Unable to prosecute suspect,
b340fb9393295674474b714f3fa9868db44fa310ce3dd561e8ed73dd72fbff0c,2020-08,Durham Constabulary,Durham Constabulary,-1.327115,54.767433,On or near Sports/Recreation Area,E01020758,County Durham 032D,Public order,Investigation complete; no suspect identified,
df2b831cebd3fea775941895b821ce3cf5c1120849a2c9e102bef5f976f20882,2020-08,Durham Constabulary,Durham Constabulary,-1.331874,54.767271,On or near Eden Lane,E01020758,County Durham 032D,Violence and sexual offences,Further investigation is not in the public interest,
e0f72e95d0e125f9baba2ee120df6b96eb8f8f954205cab22ba64e89a25cc507,2020-08,Durham Constabulary,Durham Constabulary,-1.329684,54.762451,On or near Thirlmere Road,E01020758,County Durham 032D,Violence and sexual offences,Unable to prosecute suspect,
2bc2a64192a2f19680d25ee4bceeb286305177e1f186cbba3122a2b55efd03a6,2020-08,Durham Constabulary,Durham Constabulary,-1.325661,54.761422,On or near Coniston Close,E01020758,County Durham 032D,Violence and sexual offences,Unable to prosecute suspect,
2848a12a6803271d39fd2b7f9b082713aa50e4d090e26ff9c1a17501de8f9bac,2020-08,Durham Constabulary,Durham Constabulary,-1.325661,54.761422,On or near Coniston Close,E01020758,County Durham 032D,Violence and sexual offences,Unable to prosecute suspect,
1354cbc3e8643ef2a6d48e296b25e25a1de76b814b67b0f9880b6ee8c3593a5f,2020-08,Durham Constabulary,Durham Constabulary,-1.328030,54.763808,On or near Ellison Road,E01020758,County Durham 032D,Violence and sexual offences,Investigation complete; no suspect identified,
60d470db2b0ceb4fa3dde9cbf47619b4c1d192d9efe6e5af06baf0539d4d7dc0,2020-08,Durham Constabulary,Durham Constabulary,-1.328993,54.762905,On or near Lakeland Drive,E01020758,County Durham 032D,Violence and sexual offences,Unable to prosecute suspect,
243d85c986c4747a3328c19114536fce7aad2d04ae085cc8dcf752859d448856,2020-08,Durham Constabulary,Durham Constabulary,-1.328030,54.763808,On or near Ellison Road,E01020758,County Durham 032D,Other crime,Further investigation is not in the public interest,
,2020-08,Durham Constabulary,Durham Constabulary,-1.337870,54.770314,On or near Buddle Close,E01020759,County Durham 032E,Anti-social behaviour,,
,2020-08,Durham Constabulary,Durham Constabulary,-1.335226,54.767586,On or near Fynes Close,E01020759,County Durham 032E,Anti-social behaviour,,
c82d38474c767ca8eca9da2dc5bf1ed0c5fa01f3e97baa16a8f5908d2af318bd,2020-08,Durham Constabulary,Durham Constabulary,-1.338871,54.768981,On or near Jarvis Road,E01020759,County Durham 032E,Burglary,Investigation complete; no suspect identified,
4f3ee3c10fe5dafa7cfae5a14ad668ea0ca1a4e21632f992d70fb9676febdc11,2020-08,Durham Constabulary,Durham Constabulary,-1.339494,54.767025,On or near Sledmere Close,E01020759,County Durham 032E,Criminal damage and arson,Unable to prosecute suspect,
eef4f31fec962a945be5730c188a2f266e37ba1a2105ed0d176f95814974b5f0,2020-08,Durham Constabulary,Durham Constabulary,-1.336270,54.764581,On or near Hallam Road,E01020759,County Durham 032E,Criminal damage and arson,Investigation complete; no suspect identified,
5133a50b428474a3ae2b0e2854466ab081aadde66fdb6f58168cd01e0721a03a,2020-08,Durham Constabulary,Durham Constabulary,-1.339411,54.768292,On or near Johnson Close,E01020759,County Durham 032E,Criminal damage and arson,Unable to prosecute suspect,
7e412c88ae801fe7a31fdf47989f2459ef2e3bf2a69935bc0062419fc2e4e1c0,2020-08,Durham Constabulary,Durham Constabulary,-1.331868,54.771378,On or near Faraday Road,E01020759,County Durham 032E,Drugs,Further action is not in the public interest,
b9d0275d019db1761ccc976530937a3819ffd1d7cc3e0b83859d312fb79c810f,2020-08,Durham Constabulary,Durham Constabulary,-1.334982,54.768232,On or near Burt Close,E01020759,County Durham 032E,Public order,Further investigation is not in the public interest,
37083d1cef7e5f6f363c5f1fe7c423adb5abd88758beb129e23078e52e861219,2020-08,Durham Constabulary,Durham Constabulary,-1.335226,54.767586,On or near Fynes Close,E01020759,County Durham 032E,Shoplifting,Formal action is not in the public interest,
69a4acf033b5cfea2bee4adeb9832c0b2d4d7a0c553a8e254e5a4c465026997f,2020-08,Durham Constabulary,Durham Constabulary,-1.334925,54.766991,On or near Bailey Rise,E01020759,County Durham 032E,Vehicle crime,Investigation complete; no suspect identified,
02c880c820bc3a20e2009f400dd55464970f8c61cd411152cdb7d6f9fe95b2da,2020-08,Durham Constabulary,Durham Constabulary,-1.334925,54.766991,On or near Bailey Rise,E01020759,County Durham 032E,Violence and sexual offences,Further action is not in the public interest,
47f41245f2fe8d0169ef7603531214f3f5ca493a0a1ea480242fa50f8a795734,2020-08,Durham Constabulary,Durham Constabulary,-1.336270,54.764581,On or near Hallam Road,E01020759,County Durham 032E,Violence and sexual offences,Unable to prosecute suspect,
d8a1ed31b34098a426a4e314987aa9131e2da2db169f39e520443c73525fac91,2020-08,Durham Constabulary,Durham Constabulary,-1.331868,54.771378,On or near Faraday Road,E01020759,County Durham 032E,Violence and sexual offences,Unable to prosecute suspect,
f9bca1f393d3d19a06479f968d62d1b02abc1bd32026974cb1ac2c1c35b214af,2020-08,Durham Constabulary,Durham Constabulary,-1.335226,54.767586,On or near Fynes Close,E01020759,County Durham 032E,Violence and sexual offences,Further action is not in the public interest,
53de4c4c731e4d6183fa39a2789e677b1e9b096d1f1592b859ffe6c8b987cf5f,2020-08,Durham Constabulary,Durham Constabulary,-1.340912,54.767734,On or near Grange Close,E01020759,County Durham 032E,Violence and sexual offences,Unable to prosecute suspect,
28589c80d3e7d0e42d0fd45bd2a3133035a9d646e467785f018d9b571bb37f8a,2020-08,Durham Constabulary,Durham Constabulary,-1.334982,54.768232,On or near Burt Close,E01020759,County Durham 032E,Violence and sexual offences,Unable to prosecute suspect,
ca9bd485a9ebabe0cc9dd04cd39eb105487ef840d3abae0530fd2006384531aa,2020-08,Durham Constabulary,Durham Constabulary,-1.336270,54.764581,On or near Hallam Road,E01020759,County Durham 032E,Violence and sexual offences,Unable to prosecute suspect,
5194471530e6b1bfb0025909855fd46f48765c609f6bf56207fdf9fb9cd4eec9,2020-08,Durham Constabulary,Durham Constabulary,-1.334925,54.766991,On or near Bailey Rise,E01020759,County Durham 032E,Violence and sexual offences,Status update unavailable,
,2020-08,Durham Constabulary,Durham Constabulary,-1.324003,54.773248,On or near Thorpe Road,E01020765,County Durham 032F,Anti-social behaviour,,
,2020-08,Durham Constabulary,Durham Constabulary,-1.326441,54.770575,On or near Bruce Kirkup Road,E01020765,County Durham 032F,Anti-social behaviour,,
,2020-08,Durham Constabulary,Durham Constabulary,-1.325512,54.771271,On or near Sports/Recreation Area,E01020765,County Durham 032F,Anti-social behaviour,,
,2020-08,Durham Constabulary,Durham Constabulary,-1.323711,54.770254,On or near Sports/Recreation Area,E01020765,County Durham 032F,Anti-social behaviour,,
,2020-08,Durham Constabulary,Durham Constabulary,-1.317327,54.771836,On or near Kilburn Drive,E01020765,County Durham 032F,Anti-social behaviour,,
73e7cdbe8d78b326e5e1babc347c77d2ab4d9f69488ed04f2f0f7b6ca15cd5d7,2020-08,Durham Constabulary,Durham Constabulary,-1.326441,54.770575,On or near Bruce Kirkup Road,E01020765,County Durham 032F,Criminal damage and arson,Investigation complete; no suspect identified,
27db74875f8b182a1d66fc37f425541873aa2d0f3fe3cde5cb92f994275dce57,2020-08,Durham Constabulary,Durham Constabulary,-1.318483,54.780694,On or near Maritime Crescent,E01020765,County Durham 032F,Possession of weapons,Unable to prosecute suspect,
89eeb3bc032e5d91074c0f71392982e08638415694c548111eb502e54571f37f,2020-08,Durham Constabulary,Durham Constabulary,-1.323711,54.770254,On or near Sports/Recreation Area,E01020765,County Durham 032F,Public order,Court result unavailable,
493009f1224748d1d15e595a21a0b2177c69b16eec7032d9b8833263fec2c29f,2020-08,Durham Constabulary,Durham Constabulary,-1.326441,54.770575,On or near Bruce Kirkup Road,E01020765,County Durham 032F,Public order,Unable to prosecute suspect,
80f77eff7dde2be234d84f27c02aa5f85d335c9fef29b1de658ad1960985ec8c,2020-08,Durham Constabulary,Durham Constabulary,-1.318483,54.780694,On or near Maritime Crescent,E01020765,County Durham 032F,Public order,Unable to prosecute suspect,
147b87b62efe8b73cca7e59994aeaeaded3b24664e4a84de2f909068eadf4508,2020-08,Durham Constabulary,Durham Constabulary,-1.323711,54.770254,On or near Sports/Recreation Area,E01020765,County Durham 032F,Public order,Unable to prosecute suspect,
64615b266aa11133052830189c9fe8631c0872948a330c12bfb8fd41825c2200,2020-08,Durham Constabulary,Durham Constabulary,-1.323711,54.770254,On or near Sports/Recreation Area,E01020765,County Durham 032F,Vehicle crime,Investigation complete; no suspect identified,
7f8e1a32c55748d1a67a4996affd024e528ee3e077c05e845a525996a67ca001,2020-08,Durham Constabulary,Durham Constabulary,-1.319056,54.779017,On or near Sunderland Road,E01020765,County Durham 032F,Violence and sexual offences,Unable to prosecute suspect,
9cc9e29a4972883f9d05966923d85ee55d08230e43eb3b9bd89c9c2915c0921b,2020-08,Durham Constabulary,Durham Constabulary,-1.318483,54.780694,On or near Maritime Crescent,E01020765,County Durham 032F,Violence and sexual offences,Unable to prosecute suspect,
eb9da54d597cc1e318b4d66aaed7571ee8867a5e461723011bd14a8c02c8d64b,2020-08,Durham Constabulary,Durham Constabulary,-1.325512,54.771271,On or near Sports/Recreation Area,E01020765,County Durham 032F,Violence and sexual offences,Investigation complete; no suspect identified,
f57432a4da31aab3268c3351ebd1ace9175d1f86c57685613a1f558991e5e9b6,2020-08,Durham Constabulary,Durham Constabulary,-1.318483,54.780694,On or near Maritime Crescent,E01020765,County Durham 032F,Violence and sexual offences,Unable to prosecute suspect,
f60f6c20c4c3e32ee66c20bb07c699d0c5a4dfc6a55bffd7d76a69b85b0e7160,2020-08,Durham Constabulary,Durham Constabulary,-1.317327,54.771836,On or near Kilburn Drive,E01020765,County Durham 032F,Violence and sexual offences,Action to be taken by another organisation,
356b283627ef82cee589e916d2991e743c86875f9a5b61e92830f330bad98833,2020-08,Durham Constabulary,Durham Constabulary,-1.325512,54.771271,On or near Sports/Recreation Area,E01020765,County Durham 032F,Violence and sexual offences,Unable to prosecute suspect,
8b79413088860ff45868f5fda9f1619e1a993940b221210729a9d7a72a0d9479,2020-08,Durham Constabulary,Durham Constabulary,-1.323711,54.770254,On or near Sports/Recreation Area,E01020765,County Durham 032F,Violence and sexual offences,Unable to prosecute suspect,
,2020-08,Durham Constabulary,Durham Constabulary,-1.609685,54.755640,On or near Mill Road,E01020684,County Durham 033A,Anti-social behaviour,,
,2020-08,Durham Constabulary,Durham Constabulary,-1.616281,54.753235,On or near A690,E01020684,County Durham 033A,Anti-social behaviour,,
,2020-08,Durham Constabulary,Durham Constabulary,-1.620211,54.748377,On or near Sports/Recreation Area,E01020684,County Durham 033A,Anti-social behaviour,,
,2020-08,Durham Constabulary,Durham Constabulary,-1.616281,54.753235,On or near A690,E01020684,County Durham 033A,Anti-social behaviour,,
,2020-08,Durham Constabulary,Durham Constabulary,-1.617503,54.752143,On or near John Street South,E01020684,County Durham 033A,Anti-social behaviour,,
,2020-08,Durham Constabulary,Durham Constabulary,-1.610475,54.757512,On or near High Street South Back,E01020684,County Durham 033A,Anti-social behaviour,,
,2020-08,Durham Constabulary,Durham Constabulary,-1.610475,54.757512,On or near High Street South Back,E01020684,County Durham 033A,Anti-social behaviour,,
,2020-08,Durham Constabulary,Durham Constabulary,-1.609685,54.755640,On or near Mill Road,E01020684,County Durham 033A,Anti-social behaviour,,
,2020-08,Durham Constabulary,Durham Constabulary,-1.613129,54.756254,On or near High Street North,E01020684,County Durham 033A,Anti-social behaviour,,
,2020-08,Durham Constabulary,Durham Constabulary,-1.613129,54.756254,On or near High Street North,E01020684,County Durham 033A,Anti-social behaviour,,
8794cb5f8cc0ef2b198c3fabb5618a96cb0a31c81548d5d2aef6b51b1e32df3a,2020-08,Durham Constabulary,Durham Constabulary,-1.599876,54.767147,On or near Neville'S Cross Bank,E01020684,County Durham 033A,Bicycle theft,Investigation complete; no suspect identified,
b847ccc8da43a39b4fcfd8eba584eeb1b5897240be50373036f3a8e63f00f258,2020-08,Durham Constabulary,Durham Constabulary,-1.609685,54.755640,On or near Mill Road,E01020684,County Durham 033A,Burglary,Investigation complete; no suspect identified,
7ea3d670f938e26de0fbb80ca265c3ac7f9954469f08a72c75fb677da0704165,2020-08,Durham Constabulary,Durham Constabulary,-1.623945,54.749377,On or near Petrol Station,E01020684,County Durham 033A,Criminal damage and arson,Investigation complete; no suspect identified,
4e73a669c8854028a7cfe3f848ed154f42915c5de579eb5b797fe2c355ede426,2020-08,Durham Constabulary,Durham Constabulary,-1.617503,54.752143,On or near John Street South,E01020684,County Durham 033A,Criminal damage and arson,Unable to prosecute suspect,
8edbd1b3bd5e17d5ef8a4fc22379a77fa552203c9363f5f6be979d655976384d,2020-08,Durham Constabulary,Durham Constabulary,-1.610475,54.757512,On or near High Street South Back,E01020684,County Durham 033A,Criminal damage and arson,Investigation complete; no suspect identified,
5014b4c7fd4b87e6374dea110b1f4da1d55e8b7c72a4fd596ead367b40949165,2020-08,Durham Constabulary,Durham Constabulary,-1.610475,54.757512,On or near High Street South Back,E01020684,County Durham 033A,Other theft,Local resolution,
e6975b68c8192971b2694c9824a0fea1323df622e580f715e84e6ef0f18cda57,2020-08,Durham Constabulary,Durham Constabulary,-1.611178,54.757191,On or near High Street,E01020684,County Durham 033A,Other theft,Local resolution,
76a53e5de16ea4904aeedfaac6c47eaf54f5030c1a0128fe9fa6bda6af3736a2,2020-08,Durham Constabulary,Durham Constabulary,-1.623945,54.749377,On or near Petrol Station,E01020684,County Durham 033A,Other theft,Investigation complete; no suspect identified,
42402ff7b2077bd4372ca916e054246d76b13604904174e103fb0d18e93465f8,2020-08,Durham Constabulary,Durham Constabulary,-1.610475,54.757512,On or near High Street South Back,E01020684,County Durham 033A,Other theft,Unable to prosecute suspect,
447320881a5b9c59ee0a602a714319139125f453f8ad4e3c7593fc37cbd9461f,2020-08,Durham Constabulary,Durham Constabulary,-1.609685,54.755640,On or near Mill Road,E01020684,County Durham 033A,Public order,Local resolution,
a9d942b61da141ca40763355c7459becd9a17cab31f0bcbb4c19e42e6c1516a1,2020-08,Durham Constabulary,Durham Constabulary,-1.599876,54.767147,On or near Neville'S Cross Bank,E01020684,County Durham 033A,Shoplifting,Status update unavailable,
a9d942b61da141ca40763355c7459becd9a17cab31f0bcbb4c19e42e6c1516a1,2020-08,Durham Constabulary,Durham Constabulary,-1.599876,54.767147,On or near Neville'S Cross Bank,E01020684,County Durham 033A,Shoplifting,Status update unavailable,
a9d942b61da141ca40763355c7459becd9a17cab31f0bcbb4c19e42e6c1516a1,2020-08,Durham Constabulary,Durham Constabulary,-1.599876,54.767147,On or near Neville'S Cross Bank,E01020684,County Durham 033A,Shoplifting,Status update unavailable,
a9d942b61da141ca40763355c7459becd9a17cab31f0bcbb4c19e42e6c1516a1,2020-08,Durham Constabulary,Durham Constabulary,-1.599876,54.767147,On or near Neville'S Cross Bank,E01020684,County Durham 033A,Shoplifting,Status update unavailable,
590284b7ef0b291f7d94742d69f01f54cfa8b118fbca1db9827e9a31caccec51,2020-08,Durham Constabulary,Durham Constabulary,-1.610475,54.757512,On or near High Street South Back,E01020684,County Durham 033A,Shoplifting,Unable to prosecute suspect,
a9d942b61da141ca40763355c7459becd9a17cab31f0bcbb4c19e42e6c1516a1,2020-08,Durham Constabulary,Durham Constabulary,-1.599876,54.767147,On or near Neville'S Cross Bank,E01020684,County Durham 033A,Shoplifting,Investigation complete; no suspect identified,
82bee92d56142c86e45b80dc6e2e85741db488b7a473ac19dfe58595437ff21d,2020-08,Durham Constabulary,Durham Constabulary,-1.610299,54.746737,On or near Whitfield Court,E01020684,County Durham 033A,Vehicle crime,Unable to prosecute suspect,
833df414f6aa6ba910269e93325724aa0becd9cd836e8decb6422ed3305e6034,2020-08,Durham Constabulary,Durham Constabulary,-1.613953,54.757829,On or near Halliday Grove,E01020684,County Durham 033A,Violence and sexual offences,Unable to prosecute suspect,
5bc2daab17a581073bc3d5fb4811dd438d9ae3d6198f5276663fd6ce305a24cc,2020-08,Durham Constabulary,Durham Constabulary,-1.608222,54.759212,On or near High Street,E01020684,County Durham 033A,Violence and sexual offences,Investigation complete; no suspect identified,
3d67f72afc56b65b51b575adfd50377b3bad07b04e2789e24c5ad6611a9e4abb,2020-08,Durham Constabulary,Durham Constabulary,-1.623945,54.749377,On or near Petrol Station,E01020684,County Durham 033A,Violence and sexual offences,Unable to prosecute suspect,
8e06e4abd0a536eea78a80465b1e67bca6f64d4ed759387d1e7f9f25bb6b699a,2020-08,Durham Constabulary,Durham Constabulary,-1.617503,54.752143,On or near John Street South,E01020684,County Durham 033A,Violence and sexual offences,Unable to prosecute suspect,
e63d86faa2c6550d1e5fa20b1cf00d9703abaf55f2c2efc512dd5afe044eecce,2020-08,Durham Constabulary,Durham Constabulary,-1.608222,54.759212,On or near High Street,E01020684,County Durham 033A,Violence and sexual offences,Unable to prosecute suspect,
c17d73a4af423163057b4084b3abd8f3771e9300f7aa5d091f68ac7188f28edc,2020-08,Durham Constabulary,Durham Constabulary,-1.620211,54.748377,On or near Sports/Recreation Area,E01020684,County Durham 033A,Violence and sexual offences,Unable to prosecute suspect,
9266300b9e913ac1b819d8b19eb773c2bae4a0cb4df099acf186fdb25e46cd55,2020-08,Durham Constabulary,Durham Constabulary,-1.616281,54.753235,On or near A690,E01020684,County Durham 033A,Violence and sexual offences,Unable to prosecute suspect,
74f896d6edbb0c90ce6c80448a225cb0809905d0f97924b2f49d643b1f95afd3,2020-08,Durham Constabulary,Durham Constabulary,-1.599876,54.767147,On or near Neville'S Cross Bank,E01020684,County Durham 033A,Violence and sexual offences,Unable to prosecute suspect,
a038b451df19ca6cc880b22c3dababa00f40c702e7ee0aea1de628423bc56505,2020-08,Durham Constabulary,Durham Constabulary,-1.623945,54.749377,On or near Petrol Station,E01020684,County Durham 033A,Violence and sexual offences,Unable to prosecute suspect,
3792c90ec819fc1ea13b67a316b2861191fa8f29230aee4a1331385d4f32902b,2020-08,Durham Constabulary,Durham Constabulary,-1.610299,54.746737,On or near Whitfield Court,E01020684,County Durham 033A,Violence and sexual offences,Unable to prosecute suspect,
75fdee60ffeaed94883fea459fcc1b8bc8cd7a340004ec7e3fbe0d742f0403f1,2020-08,Durham Constabulary,Durham Constabulary,-1.620211,54.748377,On or near Sports/Recreation Area,E01020684,County Durham 033A,Violence and sexual offences,Unable to prosecute suspect,
4a3628b0ec7057ee1da80bb008c5ccd1e2533f621960ad7becb6b4c19e6b6008,2020-08,Durham Constabulary,Durham Constabulary,-1.616281,54.753235,On or near A690,E01020684,County Durham 033A,Violence and sexual offences,Local resolution,
915ae5007daf1e54836f84bbc729705d2f3814ba871462ff362269a5c57d570f,2020-08,Durham Constabulary,Durham Constabulary,-1.623945,54.749377,On or near Petrol Station,E01020684,County Durham 033A,Other crime,Unable to prosecute suspect,
,2020-08,Durham Constabulary,Durham Constabulary,-1.588743,54.786063,On or near Boste Crescent,E01020702,County Durham 033B,Anti-social behaviour,,
,2020-08,Durham Constabulary,Durham Constabulary,-1.579469,54.779138,On or near Framwelgate,E01020702,County Durham 033B,Anti-social behaviour,,
,2020-08,Durham Constabulary,Durham Constabulary,-1.581817,54.777646,On or near Parking Area,E01020702,County Durham 033B,Anti-social behaviour,,
,2020-08,Durham Constabulary,Durham Constabulary,-1.581521,54.777627,On or near Station Bank,E01020702,County Durham 033B,Anti-social behaviour,,
,2020-08,Durham Constabulary,Durham Constabulary,-1.574885,54.781899,On or near Parking Area,E01020702,County Durham 033B,Anti-social behaviour,,
,2020-08,Durham Constabulary,Durham Constabulary,-1.582440,54.789618,On or near Police Station,E01020702,County Durham 033B,Anti-social behaviour,,
ba8b1dce95b9c2e501134768125581c9459e485ad12bf41a3d76cc340e007c46,2020-08,Durham Constabulary,Durham Constabulary,-1.585538,54.780085,On or near Princes' Street,E01020702,County Durham 033B,Bicycle theft,Local resolution,
6291889fc6249b88bd7953eb0d1b5abda8c3a4a88e1d8b66d6177037cef4d746,2020-08,Durham Constabulary,Durham Constabulary,-1.592928,54.788890,On or near Hospital,E01020702,County Durham 033B,Criminal damage and arson,Court result unavailable,
b609d9f97cd4fb7a23e8223fb95883d71b852bdd2b27e4bab4d1990d7ed5d577,2020-08,Durham Constabulary,Durham Constabulary,-1.588743,54.786063,On or near Boste Crescent,E01020702,County Durham 033B,Criminal damage and arson,Investigation complete; no suspect identified,
14f818ba1395b02e0eed92174817eb26bcc027afc87daec381281b617b198ff8,2020-08,Durham Constabulary,Durham Constabulary,-1.592928,54.788890,On or near Hospital,E01020702,County Durham 033B,Criminal damage and arson,Court result unavailable,
672f2e2442251588dade4d9b6a63363e7ded534292136969953e4161907647b0,2020-08,Durham Constabulary,Durham Constabulary,-1.592928,54.788890,On or near Hospital,E01020702,County Durham 033B,Drugs,Further investigation is not in the public interest,
d3eb9442380f2fbbfa522ecf0f9972f49ab1233f9f0d5defdc8dda65c066cf80,2020-08,Durham Constabulary,Durham Constabulary,-1.581817,54.777646,On or near Parking Area,E01020702,County Durham 033B,Drugs,Further investigation is not in the public interest,
0c1728bccf08e33c93028f54b8f3dbd6f50d3db27ae3a17e0a0121b1b17285ad,2020-08,Durham Constabulary,Durham Constabulary,-1.586623,54.780430,On or near Albert Street,E01020702,County Durham 033B,Other theft,Investigation complete; no suspect identified,
fd0d82b9668b26fcd3cd393a4601d44441b9872d7caa61e2fd358b11a71ffcd8,2020-08,Durham Constabulary,Durham Constabulary,-1.587099,54.778014,On or near Ainsley Street,E01020702,County Durham 033B,Other theft,Investigation complete; no suspect identified,
f32a1943d7274748b09854d7c50c26d80bf7ef4c6eb2a36e9d347a0ecde5b438,2020-08,Durham Constabulary,Durham Constabulary,-1.584078,54.778471,On or near Sutton Street,E01020702,County Durham 033B,Other theft,Investigation complete; no suspect identified,
c7f80dc4ded7beeb3067d1ea1d4d61274f93d0ec896adca4bb4de40625cdfeed,2020-08,Durham Constabulary,Durham Constabulary,-1.581817,54.777646,On or near Parking Area,E01020702,County Durham 033B,Possession of weapons,Further action is not in the public interest,
c64da30030735214457a8ad6acdf66da8caf3ce938282daa20d53ac13dc1992c,2020-08,Durham Constabulary,Durham Constabulary,-1.581817,54.777646,On or near Parking Area,E01020702,County Durham 033B,Public order,Unable to prosecute suspect,
49d30cc2ef16b6223d4072599ac53dee5f062528cb0c6f562c8df878dc4b8a06,2020-08,Durham Constabulary,Durham Constabulary,-1.581817,54.777646,On or near Parking Area,E01020702,County Durham 033B,Public order,Unable to prosecute suspect,
27c51fd9987a1d8d6993287b02b03714cb452d3a8ccfe778f089b8301807d8b9,2020-08,Durham Constabulary,Durham Constabulary,-1.581817,54.777646,On or near Parking Area,E01020702,County Durham 033B,Public order,Investigation complete; no suspect identified,
be122b631f33da44e061d4ced5d1e7eb9b1a7e0629b6f48dc1e8751b1e3d08ad,2020-08,Durham Constabulary,Durham Constabulary,-1.592928,54.788890,On or near Hospital,E01020702,County Durham 033B,Public order,Further action is not in the public interest,
fec865ec8f143616b3cd7d1bf9879ab198b01e681c730014955f6c14040e52a7,2020-08,Durham Constabulary,Durham Constabulary,-1.582440,54.789618,On or near Police Station,E01020702,County Durham 033B,Public order,Unable to prosecute suspect,
fb05b1b19088876ca6370eab592cbef7d1c5cbc8f76a5732824b9bbf00860548,2020-08,Durham Constabulary,Durham Constabulary,-1.592928,54.788890,On or near Hospital,E01020702,County Durham 033B,Public order,Further action is not in the public interest,
526302603c19d0b69e37620be45e7ba4786bfd31c55ebbf6a8173e5b81fa2f22,2020-08,Durham Constabulary,Durham Constabulary,-1.574885,54.781899,On or near Parking Area,E01020702,County Durham 033B,Public order,Court result unavailable,
33f6aa66349300c95a8c3a676b8b8c1a5673d52d172a7dd157f46e4482494066,2020-08,Durham Constabulary,Durham Constabulary,-1.581817,54.777646,On or near Parking Area,E01020702,County Durham 033B,Theft from the person,Unable to prosecute suspect,
de0ae8d94a98553878d343eba4f0ff0126136fa4f93043cdb21b1d4f4c4ae4df,2020-08,Durham Constabulary,Durham Constabulary,-1.593791,54.783483,On or near Springfield Park,E01020702,County Durham 033B,Violence and sexual offences,Unable to prosecute suspect,
b942d94f095eaf13175289120c9b8164a47e18122de849cea982e2183ab1714a,2020-08,Durham Constabulary,Durham Constabulary,-1.584078,54.778471,On or near Sutton Street,E01020702,County Durham 033B,Violence and sexual offences,Local resolution,
5a0333ca8bfeb45ed55f26ec91872f5675deea88aeb6e4e40664642a440a2e84,2020-08,Durham Constabulary,Durham Constabulary,-1.592928,54.788890,On or near Hospital,E01020702,County Durham 033B,Violence and sexual offences,Court result unavailable,
f581087dc2fed553e37d6b29be55673177df1526eed543ab7485a4ca3e185cd6,2020-08,Durham Constabulary,Durham Constabulary,-1.592928,54.788890,On or near Hospital,E01020702,County Durham 033B,Violence and sexual offences,Court result unavailable,
a39a924fb4abbc2a62c10b097419eababdf674c21e2c374cba3ef58dba439a71,2020-08,Durham Constabulary,Durham Constabulary,-1.577368,54.779338,On or near Framwelgate Waterside,E01020702,County Durham 033B,Violence and sexual offences,Unable to prosecute suspect,
fe7975497141fd01b69dd5cfbca1b11bae8e77d869b9b49071fe00d5ed306869,2020-08,Durham Constabulary,Durham Constabulary,-1.577661,54.781109,On or near Sidegate,E01020702,County Durham 033B,Violence and sexual offences,Unable to prosecute suspect,
c310c0487362e2ca0f53c37f386b2acb477be0ce0fa3d7e555ce174864bbfdc6,2020-08,Durham Constabulary,Durham Constabulary,-1.581817,54.777646,On or near Parking Area,E01020702,County Durham 033B,Violence and sexual offences,Investigation complete; no suspect identified,
96f212105a559e67efa4851db0d1c252580e7acd6d9cfd1fc22782ca1123227c,2020-08,Durham Constabulary,Durham Constabulary,-1.592928,54.788890,On or near Hospital,E01020702,County Durham 033B,Violence and sexual offences,Further action is not in the public interest,
e859e299116fd34eca3f22f039c00731d721704638eeaf5bda13bb53a2e7aa6b,2020-08,Durham Constabulary,Durham Constabulary,-1.581817,54.777646,On or near Parking Area,E01020702,County Durham 033B,Violence and sexual offences,Court result unavailable,
6083b3075e5e39f75c1b4ca165bb6015ff8a6eb3659ba648116e7fbc6512f663,2020-08,Durham Constabulary,Durham Constabulary,-1.592928,54.788890,On or near Hospital,E01020702,County Durham 033B,Violence and sexual offences,Further investigation is not in the public interest,
6e7ae5c0d33515955bf6f25ff2d6004b5aeec66f64a590e601386b49dc59f0bb,2020-08,Durham Constabulary,Durham Constabulary,-1.581817,54.777646,On or near Parking Area,E01020702,County Durham 033B,Violence and sexual offences,Court result unavailable,
71bc666f21d117f71510bc2f2829011e0e2483b4a32e6a25ab25f28543fbde55,2020-08,Durham Constabulary,Durham Constabulary,-1.581817,54.777646,On or near Parking Area,E01020702,County Durham 033B,Violence and sexual offences,Court result unavailable,
16975b8577f83e2ff5bdc4a87ea2454f08654149928d0272ed9afa5ed21a4ef3,2020-08,Durham Constabulary,Durham Constabulary,-1.592928,54.788890,On or near Hospital,E01020702,County Durham 033B,Violence and sexual offences,Unable to prosecute suspect,
d43cc9f256239812d9e5fff9eaf696ecd39db82de835242aab97f8e5f3fe9a31,2020-08,Durham Constabulary,Durham Constabulary,-1.592928,54.788890,On or near Hospital,E01020702,County Durham 033B,Violence and sexual offences,Investigation complete; no suspect identified,
803325cc9e6ad42a6379fc47d6f42d8ade1b0ea9acb632159e2386270f23eecb,2020-08,Durham Constabulary,Durham Constabulary,-1.592928,54.788890,On or near Hospital,E01020702,County Durham 033B,Violence and sexual offences,Unable to prosecute suspect,
,2020-08,Durham Constabulary,Durham Constabulary,-1.586659,54.775353,On or near Hawthorn Terrace,E01020704,County Durham 033C,Anti-social behaviour,,
,2020-08,Durham Constabulary,Durham Constabulary,-1.589018,54.772728,On or near Crossgate Peth,E01020704,County Durham 033C,Anti-social behaviour,,
,2020-08,Durham Constabulary,Durham Constabulary,-1.594322,54.772395,On or near George Street,E01020704,County Durham 033C,Anti-social behaviour,,
,2020-08,Durham Constabulary,Durham Constabulary,-1.588538,54.774083,On or near May Street,E01020704,County Durham 033C,Anti-social behaviour,,
5e44e74fc7920d5aca2f07255e09534d97c868abe34459b682d3a683978c4e72,2020-08,Durham Constabulary,Durham Constabulary,-1.588029,54.773695,On or near The Avenue,E01020704,County Durham 033C,Criminal damage and arson,Investigation complete; no suspect identified,
5ccbd8be544fc09dd51cb0cdfa3cf5b1d3607f45219be7f2993f51ae1691d454,2020-08,Durham Constabulary,Durham Constabulary,-1.586517,54.774031,On or near Crossgate Peth,E01020704,County Durham 033C,Violence and sexual offences,Action to be taken by another organisation,
4d6319416e9e5513735987ac8805c9707fea485311d754cf74a388046621652b,2020-08,Durham Constabulary,Durham Constabulary,-1.590639,54.773820,On or near Farnley Hey Road,E01020704,County Durham 033C,Violence and sexual offences,Unable to prosecute suspect,
57d11ab1efe2afd75601c9e24e823e6adee617ab4d3514d3d3cffa9a250e13b3,2020-08,Durham Constabulary,Durham Constabulary,-1.594322,54.772395,On or near George Street,E01020704,County Durham 033C,Violence and sexual offences,Unable to prosecute suspect,
0e2f515e2397bd0151b7b2c996d94c4f781a497bf2a825692df377fe3cdb2983,2020-08,Durham Constabulary,Durham Constabulary,-1.594573,54.776790,On or near St Aidan'S Crescent,E01020712,County Durham 033D,Bicycle theft,Investigation complete; no suspect identified,
d1cc855c2de39d83dc50df7a429a3c45608f661a9587d9d7b75b9b6c1bf1891e,2020-08,Durham Constabulary,Durham Constabulary,-1.596971,54.777993,On or near Archers Court,E01020712,County Durham 033D,Burglary,Unable to prosecute suspect,
12fbf436939d4d33fdd5e4ac66706586e859f20082ec8f7d2616b1b73ccc5498,2020-08,Durham Constabulary,Durham Constabulary,-1.596971,54.777993,On or near Archers Court,E01020712,County Durham 033D,Burglary,Unable to prosecute suspect,
4e019aefbac9e8a17e987ae8350b1b4a4bde6962b27e08fd5f1715380ec1f9a5,2020-08,Durham Constabulary,Durham Constabulary,-1.596667,54.783501,On or near Club Lane,E01020712,County Durham 033D,Other theft,Local resolution,
ee276ea85faa090599764630613b9e8512e8833e7cb23d750709d29454b53bd3,2020-08,Durham Constabulary,Durham Constabulary,-1.598172,54.776038,On or near Neville Dene,E01020712,County Durham 033D,Shoplifting,Investigation complete; no suspect identified,
63b9bb04b8ccc414c7b4be8cd0a1737a8719ef3e7413d9ac1088557e45acb910,2020-08,Durham Constabulary,Durham Constabulary,-1.598172,54.776038,On or near Neville Dene,E01020712,County Durham 033D,Shoplifting,Investigation complete; no suspect identified,
61e5ac1c9cf8d173be08e1cd14b9a36b790727a20231a768894a828db26e740e,2020-08,Durham Constabulary,Durham Constabulary,-1.596971,54.777993,On or near Archers Court,E01020712,County Durham 033D,Violence and sexual offences,Unable to prosecute suspect,
,2020-08,Durham Constabulary,Durham Constabulary,-1.593211,54.766918,On or near The Steadings,E01020713,County Durham 033E,Anti-social behaviour,,
,2020-08,Durham Constabulary,Durham Constabulary,-1.594633,54.767660,On or near Lowes Wynd,E01020713,County Durham 033E,Anti-social behaviour,,
,2020-08,Durham Constabulary,Durham Constabulary,-1.588590,54.741345,On or near Parking Area,E01020713,County Durham 033E,Anti-social behaviour,,
,2020-08,Durham Constabulary,Durham Constabulary,-1.594633,54.767660,On or near Lowes Wynd,E01020713,County Durham 033E,Anti-social behaviour,,
2328ec519c6de1032c1324292f9346180eb1c06fd140acbac8b4e30a71565575,2020-08,Durham Constabulary,Durham Constabulary,-1.588590,54.741345,On or near Parking Area,E01020713,County Durham 033E,Criminal damage and arson,Offender given a caution,
73c921b68d3583a720833de58686b40ea4ab798caa7ab35c4d3d4b2492970fa2,2020-08,Durham Constabulary,Durham Constabulary,-1.594119,54.769330,On or near Darlington Road,E01020713,County Durham 033E,Drugs,Further action is not in the public interest,
8a89a385e19437b21ec85419f92b6d5020a6aa5ce1173857f326ee45bce02aa2,2020-08,Durham Constabulary,Durham Constabulary,-1.588590,54.741345,On or near Parking Area,E01020713,County Durham 033E,Public order,Offender given a caution,
8a1a5f3f9c3771f445bb93a8e233edbbe5f6ad52c77c51b59216c0c26f55db0f,2020-08,Durham Constabulary,Durham Constabulary,-1.588590,54.741345,On or near Parking Area,E01020713,County Durham 033E,Public order,Further investigation is not in the public interest,
0f27b879897b9bef9dbf7942e56b098ef1f4bc6c37477568710bbeeb52cf3f85,2020-08,Durham Constabulary,Durham Constabulary,-1.594119,54.769330,On or near Darlington Road,E01020713,County Durham 033E,Violence and sexual offences,Court result unavailable,
43a4a88ee05753fc150e536991daca22ad59e5d584059c071fa772d24e2aa9b1,2020-08,Durham Constabulary,Durham Constabulary,-1.593245,54.763477,On or near Rokeby Square,E01020713,County Durham 033E,Violence and sexual offences,Unable to prosecute suspect,
,2020-08,Durham Constabulary,Durham Constabulary,-1.400875,54.764675,On or near Sports/Recreation Area,E01020760,County Durham 034A,Anti-social behaviour,,
,2020-08,Durham Constabulary,Durham Constabulary,-1.392172,54.757370,On or near Salter'S Lane,E01020760,County Durham 034A,Anti-social behaviour,,
,2020-08,Durham Constabulary,Durham Constabulary,-1.384512,54.762490,On or near Tudor Court,E01020760,County Durham 034A,Anti-social behaviour,,
,2020-08,Durham Constabulary,Durham Constabulary,-1.393145,54.761922,On or near Whinfield Avenue,E01020760,County Durham 034A,Anti-social behaviour,,
,2020-08,Durham Constabulary,Durham Constabulary,-1.400875,54.764675,On or near Sports/Recreation Area,E01020760,County Durham 034A,Anti-social behaviour,,
,2020-08,Durham Constabulary,Durham Constabulary,-1.384512,54.762490,On or near Tudor Court,E01020760,County Durham 034A,Anti-social behaviour,,
57d2e91302dab40155b70c8d43dd0b220f7c2158c66db3df0da83f0eb89c2500,2020-08,Durham Constabulary,Durham Constabulary,-1.393145,54.761922,On or near Whinfield Avenue,E01020760,County Durham 034A,Criminal damage and arson,Unable to prosecute suspect,
198f0eb1eb44bab0f08ce18b659c375c5bbd4b7e970aca7aa01c095ca9363ec7,2020-08,Durham Constabulary,Durham Constabulary,-1.392172,54.757370,On or near Salter'S Lane,E01020760,County Durham 034A,Criminal damage and arson,Unable to prosecute suspect,
60f899346f3da29120b2e8312660636dd92b7a7eec89c8f744dcd09f88ce3878,2020-08,Durham Constabulary,Durham Constabulary,-1.384512,54.762490,On or near Tudor Court,E01020760,County Durham 034A,Criminal damage and arson,Investigation complete; no suspect identified,
b3c28106ce3105bdf961f884f2dc995bc2e6d664b4cb59839a2ccde8e681ddc9,2020-08,Durham Constabulary,Durham Constabulary,-1.392779,54.764589,On or near Parking Area,E01020760,County Durham 034A,Theft from the person,Status update unavailable,
bd1d2d0296ba61fdba874f65c3fe3f28937373a74ae0f43dcbe9c75cac5a8d68,2020-08,Durham Constabulary,Durham Constabulary,-1.384512,54.762490,On or near Tudor Court,E01020760,County Durham 034A,Theft from the person,Unable to prosecute suspect,
fa2a310c9597c62eca569f512e735199e5cc353a3bb25bf76a3ebf8ab023b415,2020-08,Durham Constabulary,Durham Constabulary,-1.392484,54.765621,On or near Sports/Recreation Area,E01020760,County Durham 034A,Violence and sexual offences,Court result unavailable,
f3ff4c358e4e2f7e73eddaec5a82fb97b35a0bc40f358f9be5a7bf1088935760,2020-08,Durham Constabulary,Durham Constabulary,-1.393145,54.761922,On or near Whinfield Avenue,E01020760,County Durham 034A,Violence and sexual offences,Court result unavailable,
629c032bc9bff2226d1fbee1636dc10fda483139bcf5fdd50d585a584a89631b,2020-08,Durham Constabulary,Durham Constabulary,-1.392484,54.765621,On or near Sports/Recreation Area,E01020760,County Durham 034A,Violence and sexual offences,Court result unavailable,
4782bf1d17a8f927ae0aba4775fdc51d633d1f903f2ec51dc909807ca4b8468d,2020-08,Durham Constabulary,Durham Constabulary,-1.392484,54.765621,On or near Sports/Recreation Area,E01020760,County Durham 034A,Violence and sexual offences,Court result unavailable,
bc34acf20e0d01d184e02982268705d0ab7ff2e6927d131709fcaf19041bde54,2020-08,Durham Constabulary,Durham Constabulary,-1.392172,54.757370,On or near Salter'S Lane,E01020760,County Durham 034A,Violence and sexual offences,Unable to prosecute suspect,
833af8057f68ee9fa08446d19607d5dc191b220cff489a64cca1fc1e4d0c9f06,2020-08,Durham Constabulary,Durham Constabulary,-1.400875,54.764675,On or near Sports/Recreation Area,E01020760,County Durham 034A,Violence and sexual offences,Unable to prosecute suspect,
,2020-08,Durham Constabulary,Durham Constabulary,-1.386898,54.759869,On or near Friar Street,E01020761,County Durham 034B,Anti-social behaviour,,
,2020-08,Durham Constabulary,Durham Constabulary,-1.386109,54.761662,On or near Alcote Grove,E01020761,County Durham 034B,Anti-social behaviour,,
,2020-08,Durham Constabulary,Durham Constabulary,-1.386898,54.759869,On or near Friar Street,E01020761,County Durham 034B,Anti-social behaviour,,
,2020-08,Durham Constabulary,Durham Constabulary,-1.385544,54.760006,On or near Victoria Street,E01020761,County Durham 034B,Anti-social behaviour,,
,2020-08,Durham Constabulary,Durham Constabulary,-1.385544,54.760006,On or near Victoria Street,E01020761,County Durham 034B,Anti-social behaviour,,
,2020-08,Durham Constabulary,Durham Constabulary,-1.380232,54.760850,On or near Brackenridge,E01020761,County Durham 034B,Anti-social behaviour,,
,2020-08,Durham Constabulary,Durham Constabulary,-1.386109,54.761662,On or near Alcote Grove,E01020761,County Durham 034B,Anti-social behaviour,,
,2020-08,Durham Constabulary,Durham Constabulary,-1.386898,54.759869,On or near Friar Street,E01020761,County Durham 034B,Anti-social behaviour,,
,2020-08,Durham Constabulary,Durham Constabulary,-1.381721,54.761029,On or near Eden View,E01020761,County Durham 034B,Anti-social behaviour,,
,2020-08,Durham Constabulary,Durham Constabulary,-1.386898,54.759869,On or near Friar Street,E01020761,County Durham 034B,Anti-social behaviour,,
,2020-08,Durham Constabulary,Durham Constabulary,-1.382765,54.759857,On or near Milton Grove,E01020761,County Durham 034B,Anti-social behaviour,,
,2020-08,Durham Constabulary,Durham Constabulary,-1.386898,54.759869,On or near Friar Street,E01020761,County Durham 034B,Anti-social behaviour,,
,2020-08,Durham Constabulary,Durham Constabulary,-1.386898,54.759869,On or near Friar Street,E01020761,County Durham 034B,Anti-social behaviour,,
,2020-08,Durham Constabulary,Durham Constabulary,-1.386109,54.761662,On or near Alcote Grove,E01020761,County Durham 034B,Anti-social behaviour,,
,2020-08,Durham Constabulary,Durham Constabulary,-1.386898,54.759869,On or near Friar Street,E01020761,County Durham 034B,Anti-social behaviour,,
,2020-08,Durham Constabulary,Durham Constabulary,-1.386109,54.761662,On or near Alcote Grove,E01020761,County Durham 034B,Anti-social behaviour,,
,2020-08,Durham Constabulary,Durham Constabulary,-1.384719,54.761089,On or near East Green,E01020761,County Durham 034B,Anti-social behaviour,,
,2020-08,Durham Constabulary,Durham Constabulary,-1.384719,54.761089,On or near East Green,E01020761,County Durham 034B,Anti-social behaviour,,
,2020-08,Durham Constabulary,Durham Constabulary,-1.369272,54.754135,On or near Birchwood Drive,E01020761,County Durham 034B,Anti-social behaviour,,
,2020-08,Durham Constabulary,Durham Constabulary,-1.384719,54.761089,On or near East Green,E01020761,County Durham 034B,Anti-social behaviour,,
,2020-08,Durham Constabulary,Durham Constabulary,-1.389261,54.759818,On or near West Street,E01020761,County Durham 034B,Anti-social behaviour,,
,2020-08,Durham Constabulary,Durham Constabulary,-1.386898,54.759869,On or near Friar Street,E01020761,County Durham 034B,Anti-social behaviour,,
,2020-08,Durham Constabulary,Durham Constabulary,-1.382765,54.759857,On or near Milton Grove,E01020761,County Durham 034B,Anti-social behaviour,,
,2020-08,Durham Constabulary,Durham Constabulary,-1.386109,54.761662,On or near Alcote Grove,E01020761,County Durham 034B,Anti-social behaviour,,
,2020-08,Durham Constabulary,Durham Constabulary,-1.385544,54.760006,On or near Victoria Street,E01020761,County Durham 034B,Anti-social behaviour,,
,2020-08,Durham Constabulary,Durham Constabulary,-1.386898,54.759869,On or near Friar Street,E01020761,County Durham 034B,Anti-social behaviour,,
,2020-08,Durham Constabulary,Durham Constabulary,-1.386898,54.759869,On or near Friar Street,E01020761,County Durham 034B,Anti-social behaviour,,
,2020-08,Durham Constabulary,Durham Constabulary,-1.386109,54.761662,On or near Alcote Grove,E01020761,County Durham 034B,Anti-social behaviour,,
,2020-08,Durham Constabulary,Durham Constabulary,-1.380232,54.760850,On or near Brackenridge,E01020761,County Durham 034B,Anti-social behaviour,,
,2020-08,Durham Constabulary,Durham Constabulary,-1.384719,54.761089,On or near East Green,E01020761,County Durham 034B,Anti-social behaviour,,
,2020-08,Durham Constabulary,Durham Constabulary,-1.386898,54.759869,On or near Friar Street,E01020761,County Durham 034B,Anti-social behaviour,,
,2020-08,Durham Constabulary,Durham Constabulary,-1.384719,54.761089,On or near East Green,E01020761,County Durham 034B,Anti-social behaviour,,
,2020-08,Durham Constabulary,Durham Constabulary,-1.384719,54.761089,On or near East Green,E01020761,County Durham 034B,Anti-social behaviour,,
,2020-08,Durham Constabulary,Durham Constabulary,-1.388247,54.760091,On or near Hamilton Court,E01020761,County Durham 034B,Anti-social behaviour,,
7dd9fe75daef8dd896b5c69a3912920453660e21bb2a8c3e178f26afa99ffc1e,2020-08,Durham Constabulary,Durham Constabulary,-1.369272,54.754135,On or near Birchwood Drive,E01020761,County Durham 034B,Burglary,Offender given a caution,
b93078d3fd92cd8599847338c0dc5ce4b398bdc4a5babecfe5bf2733331e5d96,2020-08,Durham Constabulary,Durham Constabulary,-1.388247,54.760091,On or near Hamilton Court,E01020761,County Durham 034B,Burglary,Investigation complete; no suspect identified,
6b7e640a1a7842cd6f1bd6cb8eb43504e47945fd0afa1444da2f29ada7cf7abc,2020-08,Durham Constabulary,Durham Constabulary,-1.363498,54.755677,On or near Hunter Road,E01020761,County Durham 034B,Burglary,Investigation complete; no suspect identified,
2d897684fe632e12fa85070d9ca8570036d1af7a1c6afa8d7ef706fa3d0c2e7b,2020-08,Durham Constabulary,Durham Constabulary,-1.370098,54.761966,On or near Whitehouse Crescent,E01020761,County Durham 034B,Burglary,Investigation complete; no suspect identified,
960d5899d9c913d156f78bfffa4a14cb0bed09ad93605de827718fb2f585b338,2020-08,Durham Constabulary,Durham Constabulary,-1.369272,54.754135,On or near Birchwood Drive,E01020761,County Durham 034B,Burglary,Investigation complete; no suspect identified,
07b314fbc9c5e95821cdf818f1ef559f78ded288149996bf0df09d27afb50d89,2020-08,Durham Constabulary,Durham Constabulary,-1.365259,54.755408,On or near Winchester Drive,E01020761,County Durham 034B,Burglary,Investigation complete; no suspect identified,
e280e75f5ad62953149e1144d8c4e60ffb3a0d7096a0df584526c1e07069863a,2020-08,Durham Constabulary,Durham Constabulary,-1.369272,54.754135,On or near Birchwood Drive,E01020761,County Durham 034B,Burglary,Investigation complete; no suspect identified,
88a8083ddbd539e9c0177ae157720ff5ddd1267e8ac7e6ff73b13acad3c4243f,2020-08,Durham Constabulary,Durham Constabulary,-1.389261,54.759818,On or near West Street,E01020761,County Durham 034B,Criminal damage and arson,Local resolution,
d41f983a618072e53294872a539562aedfd68ccb2bff43ab56a32e422d41bafe,2020-08,Durham Constabulary,Durham Constabulary,-1.386898,54.759869,On or near Friar Street,E01020761,County Durham 034B,Criminal damage and arson,Investigation complete; no suspect identified,
634198814bbdcc403d358667ec518d3e1f1a1fc6846169e238138fe1b3d88dd5,2020-08,Durham Constabulary,Durham Constabulary,-1.386898,54.759869,On or near Friar Street,E01020761,County Durham 034B,Criminal damage and arson,Investigation complete; no suspect identified,
1f3936583970340e024da083c06adeb5174b3c412c2471dbf97b05046964d264,2020-08,Durham Constabulary,Durham Constabulary,-1.385544,54.760006,On or near Victoria Street,E01020761,County Durham 034B,Criminal damage and arson,Investigation complete; no suspect identified,
7d4930052c8580ec464f1c0d00030188f35beaeb4284f59ffcd76249f0e80642,2020-08,Durham Constabulary,Durham Constabulary,-1.372452,54.764477,On or near Burdon Drive,E01020761,County Durham 034B,Criminal damage and arson,Investigation complete; no suspect identified,
4ddb0496b541be6d79ae532eb26b6cff4423730479863fea451fd4a4bc5a95d8,2020-08,Durham Constabulary,Durham Constabulary,-1.382765,54.759857,On or near Milton Grove,E01020761,County Durham 034B,Criminal damage and arson,Investigation complete; no suspect identified,
6762214956b07258161a968044385401459e02cddc644ed81339864f064dd22e,2020-08,Durham Constabulary,Durham Constabulary,-1.387246,54.764615,On or near Parking Area,E01020761,County Durham 034B,Criminal damage and arson,Unable to prosecute suspect,
bfea832766fea5bf64aeb4b027e7d6a7f045a40c6e92602b44014150d81b8443,2020-08,Durham Constabulary,Durham Constabulary,-1.386898,54.759869,On or near Friar Street,E01020761,County Durham 034B,Criminal damage and arson,Investigation complete; no suspect identified,
0962b477f234a20623c45debd18d48359c155d1936915c1d39fe2ba958d86594,2020-08,Durham Constabulary,Durham Constabulary,-1.386109,54.761662,On or near Alcote Grove,E01020761,County Durham 034B,Criminal damage and arson,Investigation complete; no suspect identified,
68f2644853f7632cc5cfcdd453e5fc7d134b2ec7d82c5f3ad460c17d1302bdd2,2020-08,Durham Constabulary,Durham Constabulary,-1.368234,54.756906,On or near Bracken Hill,E01020761,County Durham 034B,Criminal damage and arson,Status update unavailable,
1202eeb8dccb172bb81531cdd32e13049573073f836ae121b7b8a7e3d05b496b,2020-08,Durham Constabulary,Durham Constabulary,-1.386583,54.762177,On or near Dunelm Place,E01020761,County Durham 034B,Criminal damage and arson,Investigation complete; no suspect identified,
f34c727c2f62a40a07a78dc11fef0551f1182ab81f6147fee02f72de6b0ba917,2020-08,Durham Constabulary,Durham Constabulary,-1.386109,54.761662,On or near Alcote Grove,E01020761,County Durham 034B,Criminal damage and arson,Investigation complete; no suspect identified,
442b146132df2c3b6995ab6bf4dc2ac60e9c6e15d2c8e2e7168aa395d676bc7b,2020-08,Durham Constabulary,Durham Constabulary,-1.362730,54.769018,On or near Davy Drive,E01020761,County Durham 034B,Criminal damage and arson,Further investigation is not in the public interest,
2db599289e651d8e0fd0977f2a792272ec196ef9f623d50c3e1439846570c1b8,2020-08,Durham Constabulary,Durham Constabulary,-1.386583,54.762177,On or near Dunelm Place,E01020761,County Durham 034B,Criminal damage and arson,Investigation complete; no suspect identified,
ef29a7dac4f66794b29b89a3cca5a47a7102441ccea35881b63379392acb5a9d,2020-08,Durham Constabulary,Durham Constabulary,-1.387246,54.764615,On or near Parking Area,E01020761,County Durham 034B,Criminal damage and arson,Further investigation is not in the public interest,
c6b16cb82c5731f210481d2363982ebf06a8d086e21160919d3278f3651b8afc,2020-08,Durham Constabulary,Durham Constabulary,-1.385544,54.760006,On or near Victoria Street,E01020761,County Durham 034B,Criminal damage and arson,Investigation complete; no suspect identified,
1481371e8a2324658522262305ddecebec32874407cda9d0525807b7fe787777,2020-08,Durham Constabulary,Durham Constabulary,-1.386898,54.759869,On or near Friar Street,E01020761,County Durham 034B,Criminal damage and arson,Investigation complete; no suspect identified,
0bc42121ab554cdbf1d7814413384ca4d2dd47b1da90f2ae36519ec0cb7f997e,2020-08,Durham Constabulary,Durham Constabulary,-1.365259,54.755408,On or near Winchester Drive,E01020761,County Durham 034B,Criminal damage and arson,Investigation complete; no suspect identified,
630e13836a9e124e2c8dbbcb4e8cbd245337bbff182af62c578cdf6538239f83,2020-08,Durham Constabulary,Durham Constabulary,-1.382765,54.759857,On or near Milton Grove,E01020761,County Durham 034B,Criminal damage and arson,Investigation complete; no suspect identified,
3f496cb6d6ad0c4a715ff5f7899d413c32aab31d6bda14fe365dd662fa27af9a,2020-08,Durham Constabulary,Durham Constabulary,-1.384719,54.761089,On or near East Green,E01020761,County Durham 034B,Criminal damage and arson,Investigation complete; no suspect identified,
0b1dcc4ef0cc366b4aa9b485e2c128330bc9c0a925987467a8e4e19dacaf44ac,2020-08,Durham Constabulary,Durham Constabulary,-1.389261,54.759818,On or near West Street,E01020761,County Durham 034B,Criminal damage and arson,Investigation complete; no suspect identified,
630e13836a9e124e2c8dbbcb4e8cbd245337bbff182af62c578cdf6538239f83,2020-08,Durham Constabulary,Durham Constabulary,-1.382765,54.759857,On or near Milton Grove,E01020761,County Durham 034B,Criminal damage and arson,Status update unavailable,
630e13836a9e124e2c8dbbcb4e8cbd245337bbff182af62c578cdf6538239f83,2020-08,Durham Constabulary,Durham Constabulary,-1.382765,54.759857,On or near Milton Grove,E01020761,County Durham 034B,Criminal damage and arson,Status update unavailable,
8a0f84756890beb78c18dfaf27316d1494913c2f6bcdda769471ffe7f05654e0,2020-08,Durham Constabulary,Durham Constabulary,-1.369272,54.754135,On or near Birchwood Drive,E01020761,County Durham 034B,Criminal damage and arson,Investigation complete; no suspect identified,
552112fc920fdaba575be8e208a3fc71459664ffcf564b9473695a35b582bc5f,2020-08,Durham Constabulary,Durham Constabulary,-1.380232,54.760850,On or near Brackenridge,E01020761,County Durham 034B,Criminal damage and arson,Unable to prosecute suspect,
204edfc9e27edf6d81e6d4fcbd229753d252ce79283d1a5178931a0f85d992b2,2020-08,Durham Constabulary,Durham Constabulary,-1.382765,54.759857,On or near Milton Grove,E01020761,County Durham 034B,Drugs,Further action is not in the public interest,
4abada7835086d8ec73259dd3f17de74d001ceb7e9559b34f8cbcd12cd71984d,2020-08,Durham Constabulary,Durham Constabulary,-1.386898,54.759869,On or near Friar Street,E01020761,County Durham 034B,Drugs,Investigation complete; no suspect identified,
65f2883c150ee9ef31a7f689a23b0742791042173f114bba297950f4ea726442,2020-08,Durham Constabulary,Durham Constabulary,-1.389261,54.759818,On or near West Street,E01020761,County Durham 034B,Other theft,Unable to prosecute suspect,
b4e963e4d5fdaca76be9c92b781dc28737b3ec03332ca78319b71db5339910dc,2020-08,Durham Constabulary,Durham Constabulary,-1.369272,54.754135,On or near Birchwood Drive,E01020761,County Durham 034B,Other theft,Investigation complete; no suspect identified,
4f69f839216b5e4c925b79a574262237ad81135c239626e8a811a5a043cf34c6,2020-08,Durham Constabulary,Durham Constabulary,-1.365712,54.764163,On or near Judson Road,E01020761,County Durham 034B,Possession of weapons,Court result unavailable,
61b88500e4c772bf2ee50000f0725cc0833880212baa15fe14d0cf8f26b0fbc1,2020-08,Durham Constabulary,Durham Constabulary,-1.385544,54.760006,On or near Victoria Street,E01020761,County Durham 034B,Public order,Unable to prosecute suspect,
9a29bb9016239408ec1b83768481778e1780cf060113d977c14fc056cec1b134,2020-08,Durham Constabulary,Durham Constabulary,-1.385544,54.760006,On or near Victoria Street,E01020761,County Durham 034B,Public order,Investigation complete; no suspect identified,
80d9695a5bf56badb32f5a2d071a7191849741f0ad0b44bc07b9090b9febf525,2020-08,Durham Constabulary,Durham Constabulary,-1.386898,54.759869,On or near Friar Street,E01020761,County Durham 034B,Public order,Investigation complete; no suspect identified,
1b5db8fba5542d36c76103284441dc1950668611a7ea06174966d55630b277cb,2020-08,Durham Constabulary,Durham Constabulary,-1.386583,54.762177,On or near Dunelm Place,E01020761,County Durham 034B,Public order,Unable to prosecute suspect,
12c97fd6758383f877edd8e6cd0e221b4448292ae5aafce4986d593dacf58bfe,2020-08,Durham Constabulary,Durham Constabulary,-1.386898,54.759869,On or near Friar Street,E01020761,County Durham 034B,Public order,Unable to prosecute suspect,
2f03c1fab5eff9962472a3f041d170103a08f91c19649e165b1f728580092973,2020-08,Durham Constabulary,Durham Constabulary,-1.386109,54.761662,On or near Alcote Grove,E01020761,County Durham 034B,Public order,Investigation complete; no suspect identified,
9db75adb7fc6d1981af0df8edb3e9340e4936bba5641bb54ceb028548a53d848,2020-08,Durham Constabulary,Durham Constabulary,-1.386583,54.762177,On or near Dunelm Place,E01020761,County Durham 034B,Public order,Investigation complete; no suspect identified,
671f0408a310fb386f938fbb76eec46cf865762ad7f90ea16858b21c5e58f92e,2020-08,Durham Constabulary,Durham Constabulary,-1.386898,54.759869,On or near Friar Street,E01020761,County Durham 034B,Shoplifting,Investigation complete; no suspect identified,
d02e37549fd981073f2039b2cb570c63e1695d33d467a58a09f9fd71ca05dcca,2020-08,Durham Constabulary,Durham Constabulary,-1.388247,54.760091,On or near Hamilton Court,E01020761,County Durham 034B,Shoplifting,Investigation complete; no suspect identified,
43cdf08b2cf5884f47f85e09bc4100854428c7e8950e995b1838c8d92676ae0c,2020-08,Durham Constabulary,Durham Constabulary,-1.386898,54.759869,On or near Friar Street,E01020761,County Durham 034B,Shoplifting,Investigation complete; no suspect identified,
6e9f0c141e9838b346fe37811a038af54aa8995fe3076013b74bc6dd78a2e861,2020-08,Durham Constabulary,Durham Constabulary,-1.386898,54.759869,On or near Friar Street,E01020761,County Durham 034B,Shoplifting,Investigation complete; no suspect identified,
41434021639087a564d42bd22b2daad8aa21ac90f710393bb4996e3213781a46,2020-08,Durham Constabulary,Durham Constabulary,-1.388247,54.760091,On or near Hamilton Court,E01020761,County Durham 034B,Shoplifting,Investigation complete; no suspect identified,
994bec6fde5b0c822029c518b6cc2485a93747a7c402d0464fac5b0b20b46f59,2020-08,Durham Constabulary,Durham Constabulary,-1.386898,54.759869,On or near Friar Street,E01020761,County Durham 034B,Shoplifting,Investigation complete; no suspect identified,
f1545595e50328880e8088eb53f286fd9f961490f36555c4434db1a8bdddd0af,2020-08,Durham Constabulary,Durham Constabulary,-1.388247,54.760091,On or near Hamilton Court,E01020761,County Durham 034B,Shoplifting,Investigation complete; no suspect identified,
f19bbebcc1a1f554b60f414a64fdf025ed9acb523cbba8c6d7cb18487212c304,2020-08,Durham Constabulary,Durham Constabulary,-1.386898,54.759869,On or near Friar Street,E01020761,County Durham 034B,Violence and sexual offences,Investigation complete; no suspect identified,
da2266ab4c7500a3a28f73fd6dd8a6660918853827c825cc9ddac28ab957efef,2020-08,Durham Constabulary,Durham Constabulary,-1.385544,54.760006,On or near Victoria Street,E01020761,County Durham 034B,Violence and sexual offences,Investigation complete; no suspect identified,
f53077ced29dd149a40782b2153f128ec068e5d8a367b42bc8adf06e704a53ed,2020-08,Durham Constabulary,Durham Constabulary,-1.382765,54.759857,On or near Milton Grove,E01020761,County Durham 034B,Violence and sexual offences,Further action is not in the public interest,
4a231780ee56af7b4617a58a0156255afc41b5689e44a5494a74cb5843e7d478,2020-08,Durham Constabulary,Durham Constabulary,-1.386898,54.759869,On or near Friar Street,E01020761,County Durham 034B,Violence and sexual offences,Unable to prosecute suspect,
013388bfef1d178369eb99c27f8ba1213420a4bd6fb32c278444c0d3eaae2e4a,2020-08,Durham Constabulary,Durham Constabulary,-1.382765,54.759857,On or near Milton Grove,E01020761,County Durham 034B,Violence and sexual offences,Unable to prosecute suspect,
ecb6228803e7c4f22195ff9205f4660c1847bfeca06255fcb357e5e1b48ccb76,2020-08,Durham Constabulary,Durham Constabulary,-1.381721,54.761029,On or near Eden View,E01020761,County Durham 034B,Violence and sexual offences,Investigation complete; no suspect identified,
0c4c950d2c58d378d5f056f8f9a24f2639b4c2267a4731b51f7081c1f0366cdc,2020-08,Durham Constabulary,Durham Constabulary,-1.386898,54.759869,On or near Friar Street,E01020761,County Durham 034B,Violence and sexual offences,Unable to prosecute suspect,
f6fcafcae15ef1cb0b18651051e2d5435d9f2354d8259aecd00f8cb9498bb342,2020-08,Durham Constabulary,Durham Constabulary,-1.386583,54.762177,On or near Dunelm Place,E01020761,County Durham 034B,Violence and sexual offences,Investigation complete; no suspect identified,
c93eed12d2c56aaad91efd3b8e347b8e893db475b9d6e4143231b0b70d2c9139,2020-08,Durham Constabulary,Durham Constabulary,-1.386109,54.761662,On or near Alcote Grove,E01020761,County Durham 034B,Violence and sexual offences,Investigation complete; no suspect identified,
7e8522e90e9842a4fd17b1dc7339395960868510dd186b543c1b4baf6e9b768f,2020-08,Durham Constabulary,Durham Constabulary,-1.386583,54.762177,On or near Dunelm Place,E01020761,County Durham 034B,Violence and sexual offences,Investigation complete; no suspect identified,
1729c252eb7deaaf70f2f0efc0b79119a848dc924feec22520c156ce8cee2d7b,2020-08,Durham Constabulary,Durham Constabulary,-1.386898,54.759869,On or near Friar Street,E01020761,County Durham 034B,Violence and sexual offences,Unable to prosecute suspect,
186269de4f26c23ac4cdb53a03116a7828155c5308b5533f7c0a682b11cb8050,2020-08,Durham Constabulary,Durham Constabulary,-1.386898,54.759869,On or near Friar Street,E01020761,County Durham 034B,Violence and sexual offences,Unable to prosecute suspect,
a66562371075fd25f1a8e477b0f853c54ee8338a9acb7c65355d0fb6960ee751,2020-08,Durham Constabulary,Durham Constabulary,-1.382765,54.759857,On or near Milton Grove,E01020761,County Durham 034B,Violence and sexual offences,Unable to prosecute suspect,
21bd2e74ac2e45c431926316801e4a0c6183b0b7f0f183a088eaceb2893cc4b9,2020-08,Durham Constabulary,Durham Constabulary,-1.386583,54.762177,On or near Dunelm Place,E01020761,County Durham 034B,Violence and sexual offences,Unable to prosecute suspect,
8084d0310a99d28c8ad4d2f9e6e45d2036bc21e783c56f40395692e8ce9db765,2020-08,Durham Constabulary,Durham Constabulary,-1.372452,54.764477,On or near Burdon Drive,E01020761,County Durham 034B,Violence and sexual offences,Unable to prosecute suspect,
f07db237b92cba2789322be85da8ed6ca2471d40f623c725a03af53f9dee5059,2020-08,Durham Constabulary,Durham Constabulary,-1.386898,54.759869,On or near Friar Street,E01020761,County Durham 034B,Violence and sexual offences,Investigation complete; no suspect identified,
888ba063e82af012d3f4e6a8e0d37a635bca04e1f6853bd3d0fc876bd0f4e603,2020-08,Durham Constabulary,Durham Constabulary,-1.382765,54.759857,On or near Milton Grove,E01020761,County Durham 034B,Violence and sexual offences,Unable to prosecute suspect,
e58968aee894d0c1b44c2b7f78d2d3094199ef32cd8aab96065807a40f0e0127,2020-08,Durham Constabulary,Durham Constabulary,-1.386898,54.759869,On or near Friar Street,E01020761,County Durham 034B,Violence and sexual offences,Unable to prosecute suspect,
2dd2aa5cf8ba0aceae36dea1133a1a5889c549733c201989a63a48415f417d8c,2020-08,Durham Constabulary,Durham Constabulary,-1.368413,54.758363,On or near Whitworth Road,E01020761,County Durham 034B,Violence and sexual offences,Unable to prosecute suspect,
21bd2e74ac2e45c431926316801e4a0c6183b0b7f0f183a088eaceb2893cc4b9,2020-08,Durham Constabulary,Durham Constabulary,-1.386583,54.762177,On or near Dunelm Place,E01020761,County Durham 034B,Violence and sexual offences,Status update unavailable,
70a5812e1cba3788aa0bcc74bd7c123daefbfd060c72766b8fa102cf8cb0cd38,2020-08,Durham Constabulary,Durham Constabulary,-1.386898,54.759869,On or near Friar Street,E01020761,County Durham 034B,Violence and sexual offences,Unable to prosecute suspect,
e5752956e3588b45daa54370d056f243ffd5ac12236f05f1319f93667312e8d8,2020-08,Durham Constabulary,Durham Constabulary,-1.385544,54.760006,On or near Victoria Street,E01020761,County Durham 034B,Violence and sexual offences,Investigation complete; no suspect identified,
7c1456e9f6f1b984afd2fd3d017074c0097f0c5358863bef0c81cb32794926dd,2020-08,Durham Constabulary,Durham Constabulary,-1.388247,54.760091,On or near Hamilton Court,E01020761,County Durham 034B,Violence and sexual offences,Unable to prosecute suspect,
555ad9c78218a8a8770048620c39fd1b7ef7330faab12daf38bcbcfc3769a7d3,2020-08,Durham Constabulary,Durham Constabulary,-1.382765,54.759857,On or near Milton Grove,E01020761,County Durham 034B,Violence and sexual offences,Unable to prosecute suspect,
2b626746d68bb885ec49a2fd0ff41e0105319a5b3a840b62be0d9cd29b804240,2020-08,Durham Constabulary,Durham Constabulary,-1.386898,54.759869,On or near Friar Street,E01020761,County Durham 034B,Other crime,Investigation complete; no suspect identified,
3df19d0cd0cedb041ee230f0a59545d3fc5fd3c141fcdcf5a7ebfe9fa21d0982,2020-08,Durham Constabulary,Durham Constabulary,-1.382765,54.759857,On or near Milton Grove,E01020761,County Durham 034B,Other crime,Further action is not in the public interest,
,2020-08,Durham Constabulary,Durham Constabulary,-1.386464,54.761862,On or near Cowley Street,E01020762,County Durham 034C,Anti-social behaviour,,
,2020-08,Durham Constabulary,Durham Constabulary,-1.386464,54.761862,On or near Cowley Street,E01020762,County Durham 034C,Anti-social behaviour,,
,2020-08,Durham Constabulary,Durham Constabulary,-1.386464,54.761862,On or near Cowley Street,E01020762,County Durham 034C,Anti-social behaviour,,
,2020-08,Durham Constabulary,Durham Constabulary,-1.386464,54.761862,On or near Cowley Street,E01020762,County Durham 034C,Anti-social behaviour,,
,2020-08,Durham Constabulary,Durham Constabulary,-1.387475,54.757697,On or near Bridge Road,E01020762,County Durham 034C,Anti-social behaviour,,
,2020-08,Durham Constabulary,Durham Constabulary,-1.386464,54.761862,On or near Cowley Street,E01020762,County Durham 034C,Anti-social behaviour,,
,2020-08,Durham Constabulary,Durham Constabulary,-1.386464,54.761862,On or near Cowley Street,E01020762,County Durham 034C,Anti-social behaviour,,
,2020-08,Durham Constabulary,Durham Constabulary,-1.387978,54.761402,On or near Supermarket,E01020762,County Durham 034C,Anti-social behaviour,,
,2020-08,Durham Constabulary,Durham Constabulary,-1.386464,54.761862,On or near Cowley Street,E01020762,County Durham 034C,Anti-social behaviour,,
,2020-08,Durham Constabulary,Durham Constabulary,-1.387978,54.761402,On or near Supermarket,E01020762,County Durham 034C,Anti-social behaviour,,
,2020-08,Durham Constabulary,Durham Constabulary,-1.386464,54.761862,On or near Cowley Street,E01020762,County Durham 034C,Anti-social behaviour,,
f4b8468e4b9fff74330396b30f626bdb7d3bb2b9c8192a740ce3f33b430ca949,2020-08,Durham Constabulary,Durham Constabulary,-1.387978,54.761402,On or near Supermarket,E01020762,County Durham 034C,Bicycle theft,Unable to prosecute suspect,
5f772e6ba1d39744b038ce4aa5717102f9ac99cfd18973b0b4fc06f93d4ddbc8,2020-08,Durham Constabulary,Durham Constabulary,-1.387475,54.757697,On or near Bridge Road,E01020762,County Durham 034C,Criminal damage and arson,Investigation complete; no suspect identified,
410f2f994f97d6e81816058ab0f0351fb9f3f0eaf57098471f79f463705b8500,2020-08,Durham Constabulary,Durham Constabulary,-1.386464,54.761862,On or near Cowley Street,E01020762,County Durham 034C,Criminal damage and arson,Investigation complete; no suspect identified,
28efcf8922208029e85310de53d7d80968ca5d15fc1cf6a55d8ba533580aeb66,2020-08,Durham Constabulary,Durham Constabulary,-1.391648,54.756082,On or near Salter'S Lane,E01020762,County Durham 034C,Criminal damage and arson,Investigation complete; no suspect identified,
b522438fede46b3262ccba2d35827e32d3647a41be56663df0a81791ecdfae39,2020-08,Durham Constabulary,Durham Constabulary,-1.387978,54.761402,On or near Supermarket,E01020762,County Durham 034C,Criminal damage and arson,Investigation complete; no suspect identified,
39ddbd3f67c45a88e0118ae55ab5079827d03126729e68ff31e376947de95466,2020-08,Durham Constabulary,Durham Constabulary,-1.390822,54.754182,On or near Dixon Estate,E01020762,County Durham 034C,Drugs,Court result unavailable,
d2b64aae1bc6b6d83299991634ed64ef561b38dbf0f504df8fc68e1badd3086a,2020-08,Durham Constabulary,Durham Constabulary,-1.386464,54.761862,On or near Cowley Street,E01020762,County Durham 034C,Possession of weapons,Unable to prosecute suspect,
08724911b7625930dc346daf7c69444bff1f598e7cbf9a675cba558a43fe402c,2020-08,Durham Constabulary,Durham Constabulary,-1.387475,54.757697,On or near Bridge Road,E01020762,County Durham 034C,Public order,Unable to prosecute suspect,
f0ce158a890d8dd92c9ef61ca0b2d74bbae64ce7e2a0948460a7f66345058842,2020-08,Durham Constabulary,Durham Constabulary,-1.387978,54.761402,On or near Supermarket,E01020762,County Durham 034C,Shoplifting,Investigation complete; no suspect identified,
20835b9806ba122e656967f6ef00bd52b8b331766917b50db9a34f37a6d412e3,2020-08,Durham Constabulary,Durham Constabulary,-1.391648,54.756082,On or near Salter'S Lane,E01020762,County Durham 034C,Shoplifting,Investigation complete; no suspect identified,
9e1680156249559189becb635e1ca194087268fbb525798ea494f39170fdbd3d,2020-08,Durham Constabulary,Durham Constabulary,-1.387978,54.761402,On or near Supermarket,E01020762,County Durham 034C,Shoplifting,Investigation complete; no suspect identified,
c5539020f7d6b4b73d6cf964c724675aa59a6a268bceaaf0d049e935d2af9ccf,2020-08,Durham Constabulary,Durham Constabulary,-1.387978,54.761402,On or near Supermarket,E01020762,County Durham 034C,Shoplifting,Investigation complete; no suspect identified,
242c3ecd839e39ce312ee3c9a21510b3d4bf0be9ccd3cf1d6b060448c159e7eb,2020-08,Durham Constabulary,Durham Constabulary,-1.386464,54.761862,On or near Cowley Street,E01020762,County Durham 034C,Shoplifting,Unable to prosecute suspect,
ad31051f5f622bf571512a532c932d1acadfcbd372204efbb28b6f953413a119,2020-08,Durham Constabulary,Durham Constabulary,-1.387978,54.761402,On or near Supermarket,E01020762,County Durham 034C,Shoplifting,Investigation complete; no suspect identified,
0beed80656417b9c0b54f46ce9cb0055a00e98dad7f0ab26a6012bd0f6f1a95b,2020-08,Durham Constabulary,Durham Constabulary,-1.387978,54.761402,On or near Supermarket,E01020762,County Durham 034C,Shoplifting,Investigation complete; no suspect identified,
9e7d4467a74742295f860a0cf058da5e68613cb6bd1aeeffd1e5a4b5dc359fef,2020-08,Durham Constabulary,Durham Constabulary,-1.386464,54.761862,On or near Cowley Street,E01020762,County Durham 034C,Shoplifting,Unable to prosecute suspect,
fa0b28779c5b37fdc621386a2c67221449050637df323de5b5976bfc67f9e93e,2020-08,Durham Constabulary,Durham Constabulary,-1.390822,54.754182,On or near Dixon Estate,E01020762,County Durham 034C,Violence and sexual offences,Unable to prosecute suspect,
9b39d11bb8ccce3d671bc29489dc18f182bc357a492e222b7a45f76e4c53709f,2020-08,Durham Constabulary,Durham Constabulary,-1.387475,54.757697,On or near Bridge Road,E01020762,County Durham 034C,Violence and sexual offences,Unable to prosecute suspect,
a64bc41fa5b3e42c51e6bddd8de9df80896c063fd6c4da9e10cf0ebf35e076fa,2020-08,Durham Constabulary,Durham Constabulary,-1.391648,54.756082,On or near Salter'S Lane,E01020762,County Durham 034C,Violence and sexual offences,Further action is not in the public interest,
5f44a1d385a188a5e8330000f28462d6517e7bd1f4f302518a0363d88a6ceff4,2020-08,Durham Constabulary,Durham Constabulary,-1.391648,54.756082,On or near Salter'S Lane,E01020762,County Durham 034C,Violence and sexual offences,Further action is not in the public interest,
24368602bff161bfebb5d726a29711b2dd19b643308645d8d7f9928b6220bff9,2020-08,Durham Constabulary,Durham Constabulary,-1.386464,54.761862,On or near Cowley Street,E01020762,County Durham 034C,Violence and sexual offences,Investigation complete; no suspect identified,
d3491e2ddc522b2966ee429228a8a79e5b4876ef46b86f970c7442f33d07d85d,2020-08,Durham Constabulary,Durham Constabulary,-1.390822,54.754182,On or near Dixon Estate,E01020762,County Durham 034C,Violence and sexual offences,Unable to prosecute suspect,
b69551391390f714635dc85d466933c3ac405e5c459337fb59f1f94e53122d50,2020-08,Durham Constabulary,Durham Constabulary,-1.391648,54.756082,On or near Salter'S Lane,E01020762,County Durham 034C,Violence and sexual offences,Unable to prosecute suspect,
9560e48d6b225d77c0488c07f74e7586b054b116302bea351fa0ffd1722955dd,2020-08,Durham Constabulary,Durham Constabulary,-1.390822,54.754182,On or near Dixon Estate,E01020762,County Durham 034C,Violence and sexual offences,Unable to prosecute suspect,
0eefe421e3013ad480310baa7b6a95aea975f40562ecf6002b93d7b5e3e1ca23,2020-08,Durham Constabulary,Durham Constabulary,-1.387475,54.757697,On or near Bridge Road,E01020762,County Durham 034C,Violence and sexual offences,Further investigation is not in the public interest,
356d8119ed7ef73a7e02f676cf09409b2ca23d1e26106974f6c4cb2c8bb07be6,2020-08,Durham Constabulary,Durham Constabulary,-1.387475,54.757697,On or near Bridge Road,E01020762,County Durham 034C,Violence and sexual offences,Unable to prosecute suspect,
162c74fb6f750ab422d5bb3c8fd09e3a2239f883890ac12193fe2a8212678e6a,2020-08,Durham Constabulary,Durham Constabulary,-1.390822,54.754182,On or near Dixon Estate,E01020762,County Durham 034C,Violence and sexual offences,Court result unavailable,
5f62b0ea57b7fd75bcdfab3320792722012d008fcb52e7205b92540a42af51bb,2020-08,Durham Constabulary,Durham Constabulary,-1.390822,54.754182,On or near Dixon Estate,E01020762,County Durham 034C,Violence and sexual offences,Unable to prosecute suspect,
63b8a110d35f545c2a08a78eadaabb83dcddd6e8d6861365388f8b32c1cd68b4,2020-08,Durham Constabulary,Durham Constabulary,-1.390822,54.754182,On or near Dixon Estate,E01020762,County Durham 034C,Violence and sexual offences,Unable to prosecute suspect,
,2020-08,Durham Constabulary,Durham Constabulary,-1.423850,54.774222,On or near Gloucester Terrace,E01020763,County Durham 034D,Anti-social behaviour,,
7258bc57f87daa11cbc7251b6470ae350d75c205568ec7c3a204ef88eb251951,2020-08,Durham Constabulary,Durham Constabulary,-1.422525,54.772319,On or near Front Street,E01020763,County Durham 034D,Burglary,Investigation complete; no suspect identified,
71033adefc8c8294f65b6bdbf6cadb1477f3e1cff8325b00b81c03fa62076dae,2020-08,Durham Constabulary,Durham Constabulary,-1.410754,54.784341,On or near Blossomfield Way,E01020763,County Durham 034D,Criminal damage and arson,Unable to prosecute suspect,
a948bd6bc6c03ca5aaf907374307a35fbe947b7518eaa46e71b042fb2058efb2,2020-08,Durham Constabulary,Durham Constabulary,-1.416345,54.784763,On or near Station Street,E01020763,County Durham 034D,Criminal damage and arson,Investigation complete; no suspect identified,
86f0b53be3b274b1a15b7c6bf17f290e84cc6ce157b9e093827eb5e9c20854d9,2020-08,Durham Constabulary,Durham Constabulary,-1.417293,54.783734,On or near Front Street,E01020763,County Durham 034D,Other theft,Unable to prosecute suspect,
9c41bb3a058b7f88a84aeaab5fc2f9b27b89b476cf5ba506dd1e0eb7abd92a5c,2020-08,Durham Constabulary,Durham Constabulary,-1.423850,54.774222,On or near Gloucester Terrace,E01020763,County Durham 034D,Public order,Unable to prosecute suspect,
5c9de3b7217d6ce77fb0e995e091f52f01d3b44307164abfe9a3af7a05f5f7a5,2020-08,Durham Constabulary,Durham Constabulary,-1.418072,54.782516,On or near Church View,E01020763,County Durham 034D,Robbery,Unable to prosecute suspect,
8d92e7d7e5649bcc4b7b0b23b6300a35bb2872c6d40998c1f13454b71a2c17a1,2020-08,Durham Constabulary,Durham Constabulary,-1.417293,54.783734,On or near Front Street,E01020763,County Durham 034D,Shoplifting,Investigation complete; no suspect identified,
043b277ddc253025f78207e977e535026eaf16e06e530d7c05ec9737f51a90ce,2020-08,Durham Constabulary,Durham Constabulary,-1.417293,54.783734,On or near Front Street,E01020763,County Durham 034D,Shoplifting,Investigation complete; no suspect identified,
7fc2dcbb85854a92c1c59207a212aeb4415f06d83506c5e582caa7c04d5877b0,2020-08,Durham Constabulary,Durham Constabulary,-1.418906,54.784021,On or near Dent Close,E01020763,County Durham 034D,Vehicle crime,Investigation complete; no suspect identified,
d1413afd65f7dd7a2dea7ca54720a0f61abd22f50379fb71f8ebcd6e27be9969,2020-08,Durham Constabulary,Durham Constabulary,-1.418819,54.771681,On or near Durham Lane,E01020763,County Durham 034D,Vehicle crime,Unable to prosecute suspect,
5eaa7eecf0d400a7bafea1a12e5a0559b32223a9d82f78ef7cbefec77d30f6a8,2020-08,Durham Constabulary,Durham Constabulary,-1.418639,54.783139,On or near Phillips Close,E01020763,County Durham 034D,Vehicle crime,Unable to prosecute suspect,
c58741104e6ce2d9dc1fea127123013144965ceca64b743894d213229b62c107,2020-08,Durham Constabulary,Durham Constabulary,-1.418906,54.784021,On or near Dent Close,E01020763,County Durham 034D,Violence and sexual offences,Unable to prosecute suspect,
a4a3b3cbe16b8867d4a57435df47f378512fd747e4c2291d8b0dbeccd1f39889,2020-08,Durham Constabulary,Durham Constabulary,-1.418906,54.784021,On or near Dent Close,E01020763,County Durham 034D,Violence and sexual offences,Unable to prosecute suspect,
1f003e15858bc067d8445a91b533da6505da8866cbebf599993275148786ea33,2020-08,Durham Constabulary,Durham Constabulary,-1.418906,54.784021,On or near Dent Close,E01020763,County Durham 034D,Violence and sexual offences,Unable to prosecute suspect,
4122d1e2d21022e454643fc9b39311355d064121a341c42b0f2b11a910369c9e,2020-08,Durham Constabulary,Durham Constabulary,-1.416345,54.784763,On or near Station Street,E01020763,County Durham 034D,Violence and sexual offences,Unable to prosecute suspect,
5d52c4695d6edff9f62d81479f8c1553f4a577237025477f392157fb6b1f08c9,2020-08,Durham Constabulary,Durham Constabulary,-1.412485,54.783954,On or near Maplewood Drive,E01020763,County Durham 034D,Violence and sexual offences,Unable to prosecute suspect,
b603a3eb5772c9db75b0b3ea14bf4e198ffefcdc7e9d22933aef3f82c5ef8fc9,2020-08,Durham Constabulary,Durham Constabulary,-1.412485,54.783954,On or near Maplewood Drive,E01020763,County Durham 034D,Violence and sexual offences,Unable to prosecute suspect,
07868a23dd9d65d8e1f0004c17218bbc91b711947f5d85e01344394f72b488c6,2020-08,Durham Constabulary,Durham Constabulary,-1.416345,54.784763,On or near Station Street,E01020763,County Durham 034D,Violence and sexual offences,Unable to prosecute suspect,
,2020-08,Durham Constabulary,Durham Constabulary,-1.341952,54.764935,On or near Basingstoke Road,E01020733,County Durham 035A,Anti-social behaviour,,
,2020-08,Durham Constabulary,Durham Constabulary,-1.347932,54.767098,On or near Acre Rigg Road,E01020733,County Durham 035A,Anti-social behaviour,,
,2020-08,Durham Constabulary,Durham Constabulary,-1.347932,54.767098,On or near Acre Rigg Road,E01020733,County Durham 035A,Anti-social behaviour,,
73d744a02554ee18df47b3c61971cd776fa3cc115ba5fe8153cfad608c46c7a9,2020-08,Durham Constabulary,Durham Constabulary,-1.342705,54.764517,On or near Newark Close,E01020733,County Durham 035A,Criminal damage and arson,Investigation complete; no suspect identified,
141fb0ebc12f78da1f46100bb2e6dfa3b73fa2c92b51cda8d61a53cad9948417,2020-08,Durham Constabulary,Durham Constabulary,-1.351986,54.766284,On or near Warwick Place,E01020733,County Durham 035A,Criminal damage and arson,Investigation complete; no suspect identified,
a67931cdb1aa3c3b92d8494c82c4f7027b198f765f6055c2a79de999051bf779,2020-08,Durham Constabulary,Durham Constabulary,-1.341952,54.764935,On or near Basingstoke Road,E01020733,County Durham 035A,Public order,Unable to prosecute suspect,
80756f27542b81480f549959b3262846fb72021db178b17e5d6dfa96d6da2de9,2020-08,Durham Constabulary,Durham Constabulary,-1.344408,54.765910,On or near Morton Square,E01020733,County Durham 035A,Robbery,Unable to prosecute suspect,
18c0a8fbbba056c015d5505a9cae17cfb3e83cee56ffc9617fb713822bd6009a,2020-08,Durham Constabulary,Durham Constabulary,-1.341952,54.764935,On or near Basingstoke Road,E01020733,County Durham 035A,Violence and sexual offences,Unable to prosecute suspect,
1711547450483efceb35adfcf3f8b2ae3728e7b518a2b0e253f241a7dafd7c7a,2020-08,Durham Constabulary,Durham Constabulary,-1.341952,54.764935,On or near Basingstoke Road,E01020733,County Durham 035A,Violence and sexual offences,Local resolution,
12751f5e63c98ad11d73490b451fa0d5a8847baa61e1270ba8a6797783286db6,2020-08,Durham Constabulary,Durham Constabulary,-1.341952,54.764935,On or near Basingstoke Road,E01020733,County Durham 035A,Violence and sexual offences,Unable to prosecute suspect,
01aa0fcd1bf606a5f1f560f584b7a18c493deb1a32bf3dcd82cf9b2c882b60d1,2020-08,Durham Constabulary,Durham Constabulary,-1.341952,54.764935,On or near Basingstoke Road,E01020733,County Durham 035A,Violence and sexual offences,Unable to prosecute suspect,
5fa25f160e7fb7073f501157381ead11dd592f1e9150628f03df641a41b992bc,2020-08,Durham Constabulary,Durham Constabulary,-1.346512,54.764529,On or near Colston Rise,E01020733,County Durham 035A,Other crime,Unable to prosecute suspect,
ace1743f7d494fe7191bf4493530f52ae49513cf5fb99357f702f54d82f8f52f,2020-08,Durham Constabulary,Durham Constabulary,-1.341952,54.764935,On or near Basingstoke Road,E01020733,County Durham 035A,Other crime,Unable to prosecute suspect,
,2020-08,Durham Constabulary,Durham Constabulary,-1.346289,54.770683,On or near Sports/Recreation Area,E01020734,County Durham 035B,Anti-social behaviour,,
,2020-08,Durham Constabulary,Durham Constabulary,-1.354785,54.766236,On or near Chester Place,E01020734,County Durham 035B,Anti-social behaviour,,
,2020-08,Durham Constabulary,Durham Constabulary,-1.346289,54.770683,On or near Sports/Recreation Area,E01020734,County Durham 035B,Anti-social behaviour,,
b6a4e94d141b782534630f45468025c32000c61d2724eac0157f85f71ac6b650,2020-08,Durham Constabulary,Durham Constabulary,-1.354785,54.766236,On or near Chester Place,E01020734,County Durham 035B,Criminal damage and arson,Investigation complete; no suspect identified,
a64a210b03d3a744457597fdaf78e8f514f5d51519d6f1604e651607f29c25e2,2020-08,Durham Constabulary,Durham Constabulary,-1.354785,54.766236,On or near Chester Place,E01020734,County Durham 035B,Criminal damage and arson,Investigation complete; no suspect identified,
3f5f71f7623cf25f0c352f01e118ae3f7d19f7f08ab91930db134e56ddacb37a,2020-08,Durham Constabulary,Durham Constabulary,-1.354785,54.766236,On or near Chester Place,E01020734,County Durham 035B,Criminal damage and arson,Unable to prosecute suspect,
436cf0178e0f7285a7e5f7b0c7cccac5aba8a898d82cf5e4be2091698c138bfe,2020-08,Durham Constabulary,Durham Constabulary,-1.346289,54.770683,On or near Sports/Recreation Area,E01020734,County Durham 035B,Public order,Unable to prosecute suspect,
5279b5063fef616353486bf1f24e07da2b11104a6f0d51e7f76cca66793f317a,2020-08,Durham Constabulary,Durham Constabulary,-1.354785,54.766236,On or near Chester Place,E01020734,County Durham 035B,Violence and sexual offences,Unable to prosecute suspect,
f50eaec065b25081867d01710beb12a874838fff80e94dbb86cc8498c76107da,2020-08,Durham Constabulary,Durham Constabulary,-1.354785,54.766236,On or near Chester Place,E01020734,County Durham 035B,Violence and sexual offences,Further investigation is not in the public interest,
6d5225fe02e10d6052734a5e0f2189a3cfb0bc94217f7cfcf86eec6b42769065,2020-08,Durham Constabulary,Durham Constabulary,-1.355076,54.764539,On or near Stafford Place,E01020734,County Durham 035B,Violence and sexual offences,Investigation complete; no suspect identified,
d622351b3f970a33f7654e006876e75c0c42bfcaea8d7acef501ef352a472176,2020-08,Durham Constabulary,Durham Constabulary,-1.355076,54.764539,On or near Stafford Place,E01020734,County Durham 035B,Violence and sexual offences,Investigation complete; no suspect identified,
0def64d673cd76a3e5c322e917dba3039427fbd3b2e3364fefd1aca1ea3f8c34,2020-08,Durham Constabulary,Durham Constabulary,-1.355076,54.764539,On or near Stafford Place,E01020734,County Durham 035B,Violence and sexual offences,Investigation complete; no suspect identified,
1f0d35fb6d25ee702c75d6fdca553810f6b5f793cd59bb216452beb12038f117,2020-08,Durham Constabulary,Durham Constabulary,-1.355076,54.764539,On or near Stafford Place,E01020734,County Durham 035B,Violence and sexual offences,Unable to prosecute suspect,
87ec68dcdd84dad8cbf80c0ad02f94e7793942be680ccbf1a6668d5e70fa32bd,2020-08,Durham Constabulary,Durham Constabulary,-1.355076,54.764539,On or near Stafford Place,E01020734,County Durham 035B,Violence and sexual offences,Offender given a caution,
,2020-08,Durham Constabulary,Durham Constabulary,-1.346602,54.769571,On or near Huntingdon Road,E01020735,County Durham 035C,Anti-social behaviour,,
,2020-08,Durham Constabulary,Durham Constabulary,-1.344695,54.769264,On or near Northampton Road,E01020735,County Durham 035C,Anti-social behaviour,,
,2020-08,Durham Constabulary,Durham Constabulary,-1.344695,54.769264,On or near Northampton Road,E01020735,County Durham 035C,Anti-social behaviour,,
983cfcc99815acb282301f1faf5172b15feff37e031edfc70da1b6793018c09e,2020-08,Durham Constabulary,Durham Constabulary,-1.349809,54.770244,On or near Nottingham Place,E01020735,County Durham 035C,Burglary,Investigation complete; no suspect identified,
68c43768d58c54d222fe20e236cb73324e1ab222353e6d96ab6d0b2187857439,2020-08,Durham Constabulary,Durham Constabulary,-1.346602,54.769571,On or near Huntingdon Road,E01020735,County Durham 035C,Criminal damage and arson,Investigation complete; no suspect identified,
fe35b4e6f72b1cd2f730ee6efdd5c23534772e602e99902d109130577baabc27,2020-08,Durham Constabulary,Durham Constabulary,-1.352355,54.769449,On or near Garside Grove,E01020735,County Durham 035C,Public order,Unable to prosecute suspect,
79212e8d27ca44450ff2e31ac077e0be3ce1675e437aa873be4d2811a7c89e70,2020-08,Durham Constabulary,Durham Constabulary,-1.346602,54.769571,On or near Huntingdon Road,E01020735,County Durham 035C,Shoplifting,Investigation complete; no suspect identified,
01b76a63b18865bad4fc4a755a4de1750e36bc50f153b37ab4220644296bbd25,2020-08,Durham Constabulary,Durham Constabulary,-1.346602,54.769571,On or near Huntingdon Road,E01020735,County Durham 035C,Shoplifting,Investigation complete; no suspect identified,
6b3813f264484e1105de048c4fae3ee81995f55d2b3e251e618fce93ad1a6ce9,2020-08,Durham Constabulary,Durham Constabulary,-1.344695,54.769264,On or near Northampton Road,E01020735,County Durham 035C,Vehicle crime,Further investigation is not in the public interest,
139a448aa437af092c049073bd305e1f7d4f0fdd94d457ab3533a0aab399c443,2020-08,Durham Constabulary,Durham Constabulary,-1.352355,54.769449,On or near Garside Grove,E01020735,County Durham 035C,Violence and sexual offences,Unable to prosecute suspect,
6fbd693c089324392b6c59428a260cecc018c81fd47a3b381ea62c20bca7743a,2020-08,Durham Constabulary,Durham Constabulary,-1.352355,54.769449,On or near Garside Grove,E01020735,County Durham 035C,Violence and sexual offences,Unable to prosecute suspect,
a345895cd780c050f2fbd63052873a608f886ac3743b8b4f68fb8f9cae49fc42,2020-08,Durham Constabulary,Durham Constabulary,-1.344072,54.768389,On or near Essex Place,E01020735,County Durham 035C,Violence and sexual offences,Unable to prosecute suspect,
f145ee8dba8a8033ea0b8d7aff0466d4a15e2bc497040fbbb33c1216ae899833,2020-08,Durham Constabulary,Durham Constabulary,-1.349809,54.770244,On or near Nottingham Place,E01020735,County Durham 035C,Violence and sexual offences,Investigation complete; no suspect identified,
cd77b2a89e344b4d00ac494521a96ff43a9dc689bef5a381465ee5dcb1b8c128,2020-08,Durham Constabulary,Durham Constabulary,-1.352355,54.769449,On or near Garside Grove,E01020735,County Durham 035C,Violence and sexual offences,Unable to prosecute suspect,
,2020-08,Durham Constabulary,Durham Constabulary,-1.347886,54.756430,On or near Hulme Court,E01020770,County Durham 035D,Anti-social behaviour,,
,2020-08,Durham Constabulary,Durham Constabulary,-1.347886,54.756430,On or near Hulme Court,E01020770,County Durham 035D,Anti-social behaviour,,
,2020-08,Durham Constabulary,Durham Constabulary,-1.350872,54.757228,On or near Balliol Close,E01020770,County Durham 035D,Anti-social behaviour,,
,2020-08,Durham Constabulary,Durham Constabulary,-1.349811,54.752630,On or near Passfield Way,E01020770,County Durham 035D,Anti-social behaviour,,
,2020-08,Durham Constabulary,Durham Constabulary,-1.350872,54.757228,On or near Balliol Close,E01020770,County Durham 035D,Anti-social behaviour,,
,2020-08,Durham Constabulary,Durham Constabulary,-1.352419,54.757659,On or near Sports/Recreation Area,E01020770,County Durham 035D,Anti-social behaviour,,
,2020-08,Durham Constabulary,Durham Constabulary,-1.350872,54.757228,On or near Balliol Close,E01020770,County Durham 035D,Anti-social behaviour,,
1ae51e58ec631979373d8b7e0054bcd0b01bf0c2eef1d9c0032134b22186da2b,2020-08,Durham Constabulary,Durham Constabulary,-1.346574,54.755893,On or near Isis Road,E01020770,County Durham 035D,Criminal damage and arson,Investigation complete; no suspect identified,
8a7e37ab64fa9b52cd62fc1cc858052ede028f1fe8f4e48606bd21f617164f24,2020-08,Durham Constabulary,Durham Constabulary,-1.350872,54.757228,On or near Balliol Close,E01020770,County Durham 035D,Public order,Investigation complete; no suspect identified,
3a3668b705f35054585f07876eb8416c9b419b53ccc7993aecec31195217c9c6,2020-08,Durham Constabulary,Durham Constabulary,-1.347886,54.756430,On or near Hulme Court,E01020770,County Durham 035D,Violence and sexual offences,Unable to prosecute suspect,
8c77ddea37f6615617bf7d195696dbd739828c9c7e256bd0b97ded800bf62103,2020-08,Durham Constabulary,Durham Constabulary,-1.348753,54.755662,On or near Clare Road,E01020770,County Durham 035D,Violence and sexual offences,Unable to prosecute suspect,
1c0240254d546e33f820988da86562f866a496ec5a6e75d27cb9d1d984d2149b,2020-08,Durham Constabulary,Durham Constabulary,-1.354759,54.760017,On or near Cleveland Place,E01020771,County Durham 035E,Criminal damage and arson,Investigation complete; no suspect identified,
25289f1663db45e620273d802b261d4da404a497665de024c77fd08ac904207d,2020-08,Durham Constabulary,Durham Constabulary,-1.354759,54.760017,On or near Cleveland Place,E01020771,County Durham 035E,Criminal damage and arson,Investigation complete; no suspect identified,
5b34930e53bd6e0df0601af08e0db3fac1c30d7a23f3f07693a832d3d1e6b09e,2020-08,Durham Constabulary,Durham Constabulary,-1.355313,54.757404,On or near Malvern Close,E01020771,County Durham 035E,Shoplifting,Investigation complete; no suspect identified,
5c5e860059a0cb1fa37f15cc2cd7db6bc8756764eb6d8e062ed64594f761889a,2020-08,Durham Constabulary,Durham Constabulary,-1.355313,54.757404,On or near Malvern Close,E01020771,County Durham 035E,Shoplifting,Unable to prosecute suspect,
354e9588bd9d55b3792f01460b28bc29bdca33f6fdef02f896af37fc594a0afc,2020-08,Durham Constabulary,Durham Constabulary,-1.355313,54.757404,On or near Malvern Close,E01020771,County Durham 035E,Shoplifting,Investigation complete; no suspect identified,
0621c42826eb6bf4b38ddf0598bba7a13ff29ac89728c848c3165a8a4f43f982,2020-08,Durham Constabulary,Durham Constabulary,-1.355313,54.757404,On or near Malvern Close,E01020771,County Durham 035E,Shoplifting,Unable to prosecute suspect,
f46c8fa9cca20b1763b6e965ba7915ff8695c4c8ff75fb171105bd4ccbc857de,2020-08,Durham Constabulary,Durham Constabulary,-1.355313,54.757404,On or near Malvern Close,E01020771,County Durham 035E,Shoplifting,Investigation complete; no suspect identified,
19e360cf21b1506ac4a0fa4ca15e79ea17c5abbcfe567b65a8a966e8d23beebe,2020-08,Durham Constabulary,Durham Constabulary,-1.355313,54.757404,On or near Malvern Close,E01020771,County Durham 035E,Shoplifting,Investigation complete; no suspect identified,
64b16a22dc2cf2377317fdf663382397ec9cc65d2ee984d26f26b9c5440bba89,2020-08,Durham Constabulary,Durham Constabulary,-1.355313,54.757404,On or near Malvern Close,E01020771,County Durham 035E,Shoplifting,Unable to prosecute suspect,
e76d1b13d9bfda21256cffca63b83b9e3b3573c2d76c70893e18a2fd3003f0f8,2020-08,Durham Constabulary,Durham Constabulary,-1.355313,54.757404,On or near Malvern Close,E01020771,County Durham 035E,Shoplifting,Investigation complete; no suspect identified,
81d9e1c843b3b48f40c38d8d5078634d02c1d2c77f3c69d5ceae6fe30cb60ea3,2020-08,Durham Constabulary,Durham Constabulary,-1.355313,54.757404,On or near Malvern Close,E01020771,County Durham 035E,Violence and sexual offences,Unable to prosecute suspect,
026b89264331fbb254bb6bae6c2e9390601f477a31f293bfd5aa0525ad6101af,2020-08,Durham Constabulary,Durham Constabulary,-1.355911,54.757956,On or near Pennine Drive,E01020771,County Durham 035E,Violence and sexual offences,Unable to prosecute suspect,
4bc9a279050df5ccd4d3c873d8545e32b4d8908ceb943e02001fccdd6ed211f0,2020-08,Durham Constabulary,Durham Constabulary,-1.356364,54.756790,On or near Blackdown Close,E01020771,County Durham 035E,Violence and sexual offences,Unable to prosecute suspect,
,2020-08,Durham Constabulary,Durham Constabulary,-1.340157,54.762535,On or near Beck Place,E01020780,County Durham 035F,Anti-social behaviour,,
,2020-08,Durham Constabulary,Durham Constabulary,-1.343059,54.756099,On or near Avon Road,E01020780,County Durham 035F,Anti-social behaviour,,
,2020-08,Durham Constabulary,Durham Constabulary,-1.338222,54.759218,On or near Pedestrian Subway,E01020780,County Durham 035F,Anti-social behaviour,,
,2020-08,Durham Constabulary,Durham Constabulary,-1.341142,54.763161,On or near Kemp Road,E01020780,County Durham 035F,Anti-social behaviour,,
,2020-08,Durham Constabulary,Durham Constabulary,-1.341142,54.763161,On or near Kemp Road,E01020780,County Durham 035F,Anti-social behaviour,,
9126f5710b7a972d42e8bf4ecbd42a9f00a0b256d9bedd9414d0c40134bfa54e,2020-08,Durham Constabulary,Durham Constabulary,-1.342773,54.760294,On or near Woodfield,E01020780,County Durham 035F,Burglary,Investigation complete; no suspect identified,
1554c834a176743b10586be236e325c08a4c93a26f41284d3a5b838c2269f966,2020-08,Durham Constabulary,Durham Constabulary,-1.338222,54.759218,On or near Pedestrian Subway,E01020780,County Durham 035F,Criminal damage and arson,Investigation complete; no suspect identified,
28f825c14d2bcefee0573d9c3bb821f58164f82c215d9f56940cfea56790c97f,2020-08,Durham Constabulary,Durham Constabulary,-1.343059,54.756099,On or near Avon Road,E01020780,County Durham 035F,Criminal damage and arson,Unable to prosecute suspect,
f3443e58d1e2a1856e1535596a1e1bc19ea91c6140c19bf90af3a62f2b59deff,2020-08,Durham Constabulary,Durham Constabulary,-1.343059,54.756099,On or near Avon Road,E01020780,County Durham 035F,Criminal damage and arson,Local resolution,
fa958c509b4642201390a5838a7b2b4b55873ddd48bd8be8c720478023e11bb5,2020-08,Durham Constabulary,Durham Constabulary,-1.338222,54.759218,On or near Pedestrian Subway,E01020780,County Durham 035F,Other theft,Investigation complete; no suspect identified,
77c088402cdc7492201ffcaac70f89fa8d88a7e8bf09e1caf58ce2123a33bc88,2020-08,Durham Constabulary,Durham Constabulary,-1.342773,54.760294,On or near Woodfield,E01020780,County Durham 035F,Other theft,Investigation complete; no suspect identified,
4fbb5c65a2d857679f15edec94728942f65c9b0b3d870655dad7992abe2ac9a3,2020-08,Durham Constabulary,Durham Constabulary,-1.341142,54.763161,On or near Kemp Road,E01020780,County Durham 035F,Public order,Unable to prosecute suspect,
03e70a078710940353c9ffb308367eda9ded630f1936938d59d00439f7ef1a2d,2020-08,Durham Constabulary,Durham Constabulary,-1.336339,54.760349,On or near Pedestrian Subway,E01020780,County Durham 035F,Shoplifting,Formal action is not in the public interest,
df61d82628654f0d6c586470f3bfb6d1467d6068f3f4f94ebeddd3a151048da1,2020-08,Durham Constabulary,Durham Constabulary,-1.341142,54.763161,On or near Kemp Road,E01020780,County Durham 035F,Violence and sexual offences,Unable to prosecute suspect,
4baea2baa00bd6274d47d974fa4ffbd450948c834a4764b2336a72b54d3796a7,2020-08,Durham Constabulary,Durham Constabulary,-1.342767,54.762576,On or near Herton Close,E01020780,County Durham 035F,Violence and sexual offences,Unable to prosecute suspect,
16c6dd2c03338e6f11c3e120ee6c70bfb7a8756eadb4f7ae1cbbee79b2e13787,2020-08,Durham Constabulary,Durham Constabulary,-1.341142,54.763161,On or near Kemp Road,E01020780,County Durham 035F,Violence and sexual offences,Unable to prosecute suspect,
49d6a17ad005fc447a02bd5571a419e963ceaef7f35c8af6a34b391eaab44e89,2020-08,Durham Constabulary,Durham Constabulary,-1.338222,54.759218,On or near Pedestrian Subway,E01020780,County Durham 035F,Violence and sexual offences,Unable to prosecute suspect,
00efdc1f038fc558e66dc82a230ce29cbc2e23caed23a510b2dff9e66efebc88,2020-08,Durham Constabulary,Durham Constabulary,-1.343059,54.756099,On or near Avon Road,E01020780,County Durham 035F,Violence and sexual offences,Unable to prosecute suspect,
,2020-08,Durham Constabulary,Durham Constabulary,-1.319493,54.765018,On or near Handley Street,E01020764,County Durham 036A,Anti-social behaviour,,
,2020-08,Durham Constabulary,Durham Constabulary,-1.318271,54.762783,On or near Twelfth Street,E01020764,County Durham 036A,Anti-social behaviour,,
,2020-08,Durham Constabulary,Durham Constabulary,-1.319493,54.765018,On or near Handley Street,E01020764,County Durham 036A,Anti-social behaviour,,
,2020-08,Durham Constabulary,Durham Constabulary,-1.317031,54.764483,On or near Sports/Recreation Area,E01020764,County Durham 036A,Anti-social behaviour,,
,2020-08,Durham Constabulary,Durham Constabulary,-1.319590,54.766636,On or near Park Road,E01020764,County Durham 036A,Anti-social behaviour,,
,2020-08,Durham Constabulary,Durham Constabulary,-1.320261,54.769264,On or near Newcastle Avenue,E01020764,County Durham 036A,Anti-social behaviour,,
98384e7075e9e8b180cda9c65166ddb645b7716734a9ac8f86ea6094a83941db,2020-08,Durham Constabulary,Durham Constabulary,-1.317398,54.763919,On or near South Terrace,E01020764,County Durham 036A,Burglary,Unable to prosecute suspect,
909136e830747b84972cba22adcdc41addf262ebd573698dd8d2efd60cc8cd3a,2020-08,Durham Constabulary,Durham Constabulary,-1.316834,54.762334,On or near Warren Street,E01020764,County Durham 036A,Burglary,Investigation complete; no suspect identified,
b6360ebf8c4d5ca31f3a356618cd17d8766955ad9321cfe373162a4824413cd0,2020-08,Durham Constabulary,Durham Constabulary,-1.317031,54.764483,On or near Sports/Recreation Area,E01020764,County Durham 036A,Burglary,Investigation complete; no suspect identified,
00bddcb7883526b66f93aa160d8d921798c849d35c64ace9546b7f74c21977f6,2020-08,Durham Constabulary,Durham Constabulary,-1.316813,54.763556,On or near Tees Street,E01020764,County Durham 036A,Burglary,Investigation complete; no suspect identified,
f18fd930e13c419ac466f79bf5a57607b835d3d8e9bcd80348f30fb7c76b1005,2020-08,Durham Constabulary,Durham Constabulary,-1.316834,54.762334,On or near Warren Street,E01020764,County Durham 036A,Burglary,Investigation complete; no suspect identified,
3caeefdd276ac89b005a631a0f051cbef6a15f2805566673cba9e4b5ba2d6d9c,2020-08,Durham Constabulary,Durham Constabulary,-1.316870,54.762964,On or near Tenth Street,E01020764,County Durham 036A,Burglary,Investigation complete; no suspect identified,
8e10f145abee5ff0035ffa9d8940d6db5d79ff509c5908af4e716276f76869ce,2020-08,Durham Constabulary,Durham Constabulary,-1.315558,54.763325,On or near Eighth Street,E01020764,County Durham 036A,Burglary,Unable to prosecute suspect,
c45ce7716e7a1ed12322be63251ed83cd595f959b39a2c90151aa478f420d6f3,2020-08,Durham Constabulary,Durham Constabulary,-1.318271,54.762783,On or near Twelfth Street,E01020764,County Durham 036A,Burglary,Investigation complete; no suspect identified,
72efc3a9d1d58ac7c394ad6e4f4d3b01e6f12438fb5c9e6911e857ea7db31eda,2020-08,Durham Constabulary,Durham Constabulary,-1.318271,54.762783,On or near Twelfth Street,E01020764,County Durham 036A,Burglary,Investigation complete; no suspect identified,
1330b46b9a89be9c4b168ccfb3b65212403e2db9649a26610abb2e9cc789785e,2020-08,Durham Constabulary,Durham Constabulary,-1.317631,54.762977,On or near Eleventh Street,E01020764,County Durham 036A,Burglary,Investigation complete; no suspect identified,
9f9f8319c9d5104bcf587b218c0e7930b912f1afb400a0f90db7a2a8404a03e6,2020-08,Durham Constabulary,Durham Constabulary,-1.318271,54.762783,On or near Twelfth Street,E01020764,County Durham 036A,Criminal damage and arson,Investigation complete; no suspect identified,
54680c9d6cf9ce22d8c5f0be6d1d72966a143dcaf0c91bc25b03fd9a6d1779f9,2020-08,Durham Constabulary,Durham Constabulary,-1.316834,54.762334,On or near Warren Street,E01020764,County Durham 036A,Criminal damage and arson,Investigation complete; no suspect identified,
18720cf9d530610d12225c11c1327e1a40e638410205e3db1fae6840e2646a1a,2020-08,Durham Constabulary,Durham Constabulary,-1.318271,54.762783,On or near Twelfth Street,E01020764,County Durham 036A,Criminal damage and arson,Investigation complete; no suspect identified,
1b36e53b0b444546ecb50a054d2ae604988fd01fe9e97d6bd0147af9c7883a3e,2020-08,Durham Constabulary,Durham Constabulary,-1.318271,54.762783,On or near Twelfth Street,E01020764,County Durham 036A,Criminal damage and arson,Unable to prosecute suspect,
64380fc4a5101433eff7d7c616df32f8384fa5d58033e319bc940c24d84a84b1,2020-08,Durham Constabulary,Durham Constabulary,-1.318271,54.762783,On or near Twelfth Street,E01020764,County Durham 036A,Criminal damage and arson,Investigation complete; no suspect identified,
cdfa2a9fdd6d31b01f96d4c0b74d2bead6b791cc1281a4b00a0750121d1f1669,2020-08,Durham Constabulary,Durham Constabulary,-1.315558,54.763325,On or near Eighth Street,E01020764,County Durham 036A,Criminal damage and arson,Investigation complete; no suspect identified,
7f42e5fa4d908563a3025e5bd2b8e764e26435ce226676d061bc5a77959d9439,2020-08,Durham Constabulary,Durham Constabulary,-1.319493,54.765018,On or near Handley Street,E01020764,County Durham 036A,Criminal damage and arson,Unable to prosecute suspect,
c3c33b79368764562f9442e02b542446afcee093316035049290e0c6c7b6005e,2020-08,Durham Constabulary,Durham Constabulary,-1.316813,54.763556,On or near Tees Street,E01020764,County Durham 036A,Criminal damage and arson,Investigation complete; no suspect identified,
eae55c2f2f77ca5584e479e4db0567cfa8791926cedb1a7d036a0fd792dfec5a,2020-08,Durham Constabulary,Durham Constabulary,-1.319493,54.765018,On or near Handley Street,E01020764,County Durham 036A,Criminal damage and arson,Unable to prosecute suspect,
53a8ff7edb89f69f207de2ec95d79fa50e8c2c34fe2fa1bc89785b2463ffb8ba,2020-08,Durham Constabulary,Durham Constabulary,-1.319493,54.765018,On or near Handley Street,E01020764,County Durham 036A,Other theft,Unable to prosecute suspect,
01117735197c8673cdec0aea9ab3be155fb209394d1242c09916e5fac234c012,2020-08,Durham Constabulary,Durham Constabulary,-1.316813,54.763556,On or near Tees Street,E01020764,County Durham 036A,Public order,Unable to prosecute suspect,
f280142aa2a36df314409bc6bc068a7eee70516a2f87111f6568562f5dadeb05,2020-08,Durham Constabulary,Durham Constabulary,-1.319590,54.766636,On or near Park Road,E01020764,County Durham 036A,Public order,Unable to prosecute suspect,
5361a6fbe49730d1b2758d7fdf9cc015f1750042b1e73241a1044f41ee3e3e4a,2020-08,Durham Constabulary,Durham Constabulary,-1.317031,54.764483,On or near Sports/Recreation Area,E01020764,County Durham 036A,Public order,Further investigation is not in the public interest,
0e2b62f025d5e4adca4ca090a6575dda6c9cb2e298038b521b5de3707d5b7b78,2020-08,Durham Constabulary,Durham Constabulary,-1.316813,54.763556,On or near Tees Street,E01020764,County Durham 036A,Public order,Unable to prosecute suspect,
eb113e8c69e726296ab3b12ad3a7f5ae27b4a92f109aa0b41b78b27d9cfa472a,2020-08,Durham Constabulary,Durham Constabulary,-1.319493,54.765018,On or near Handley Street,E01020764,County Durham 036A,Public order,Investigation complete; no suspect identified,
cc6edb0bcab9ce80ff61fb93ac1eb815ee98913e35b4a6e739e9a36ea628d791,2020-08,Durham Constabulary,Durham Constabulary,-1.319590,54.766636,On or near Park Road,E01020764,County Durham 036A,Public order,Unable to prosecute suspect,
0a5b832b215b8642fbaa46da539961a705f7a00da7f4afd0d9dd77cdb618b1ed,2020-08,Durham Constabulary,Durham Constabulary,-1.315558,54.763325,On or near Eighth Street,E01020764,County Durham 036A,Public order,Offender given penalty notice,
ba17d335048b3b6201575047e30b21135ff4a7144fd2e4202712fcd4a4f75747,2020-08,Durham Constabulary,Durham Constabulary,-1.319493,54.765018,On or near Handley Street,E01020764,County Durham 036A,Public order,Unable to prosecute suspect,
02f0d04a95b9479e8e0ac282c399f8ce301d5c5932011e13ae85ef7da478ae1b,2020-08,Durham Constabulary,Durham Constabulary,-1.319040,54.764189,On or near Cowell Street,E01020764,County Durham 036A,Public order,Further investigation is not in the public interest,
c64d80f07da0b69fe09dc27788b52973f92b9cdfcf1c03106b99dadf21f8b649,2020-08,Durham Constabulary,Durham Constabulary,-1.318271,54.762783,On or near Twelfth Street,E01020764,County Durham 036A,Public order,Investigation complete; no suspect identified,
538c866c8bdce0fd3f4ce423d46652d9aae81af0abd005a0c7896698da9b9dba,2020-08,Durham Constabulary,Durham Constabulary,-1.316834,54.762334,On or near Warren Street,E01020764,County Durham 036A,Public order,Investigation complete; no suspect identified,
c610e747897accb503c47199b3b709ad5bc877c7953a06a7db2586fa2f22f06f,2020-08,Durham Constabulary,Durham Constabulary,-1.319493,54.765018,On or near Handley Street,E01020764,County Durham 036A,Robbery,Court result unavailable,
bb04d0758b13e76d1f93ad54b7bb722654a55d55df9e667202cd5b54d932c051,2020-08,Durham Constabulary,Durham Constabulary,-1.319590,54.766636,On or near Park Road,E01020764,County Durham 036A,Vehicle crime,Court result unavailable,
09e70668fc0e789bd504a45b772d219fe2ff668c4a9dda8670c376083b48fc6e,2020-08,Durham Constabulary,Durham Constabulary,-1.320261,54.769264,On or near Newcastle Avenue,E01020764,County Durham 036A,Violence and sexual offences,Status update unavailable,
a80977e244afd2edce9e6026eb51d93f9a14f73057648d134faf78c8fbc7a2fd,2020-08,Durham Constabulary,Durham Constabulary,-1.315558,54.763325,On or near Eighth Street,E01020764,County Durham 036A,Violence and sexual offences,Investigation complete; no suspect identified,
5b93245234663045284d7ad1ec6c678e9cc4e98400b6e47b27a5ac061a173131,2020-08,Durham Constabulary,Durham Constabulary,-1.319493,54.765018,On or near Handley Street,E01020764,County Durham 036A,Violence and sexual offences,Further action is not in the public interest,
4b09033f2a188e01404c99ae3e3b80ef2c478d4f92b806ffff9d881ee59f48b0,2020-08,Durham Constabulary,Durham Constabulary,-1.315558,54.763325,On or near Eighth Street,E01020764,County Durham 036A,Violence and sexual offences,Local resolution,
2a1ce85f5f74d11a0af6b1a323a11bd5991f43a957acae56996e91dd0940108e,2020-08,Durham Constabulary,Durham Constabulary,-1.320261,54.769264,On or near Newcastle Avenue,E01020764,County Durham 036A,Violence and sexual offences,Court result unavailable,
2318e4a205e997e6b35b261f10fa0b519c0fee64d6f7df9512d86c425a0462bd,2020-08,Durham Constabulary,Durham Constabulary,-1.320261,54.769264,On or near Newcastle Avenue,E01020764,County Durham 036A,Violence and sexual offences,Investigation complete; no suspect identified,
b7069bf1dbaf41d20bc01110e086c53c2d822087788d6f6c0da353f9c1b54841,2020-08,Durham Constabulary,Durham Constabulary,-1.316813,54.763556,On or near Tees Street,E01020764,County Durham 036A,Violence and sexual offences,Further investigation is not in the public interest,
41d5de6b35b1f5fcbc8300813f179fd75a411df52cf46f91e875ccac3a3d2de4,2020-08,Durham Constabulary,Durham Constabulary,-1.316813,54.763556,On or near Tees Street,E01020764,County Durham 036A,Violence and sexual offences,Investigation complete; no suspect identified,
09e70668fc0e789bd504a45b772d219fe2ff668c4a9dda8670c376083b48fc6e,2020-08,Durham Constabulary,Durham Constabulary,-1.320261,54.769264,On or near Newcastle Avenue,E01020764,County Durham 036A,Violence and sexual offences,Local resolution,
c9787ad007e0dba6561570ce71b178ab0e5453bc586d556f746b45bb5004e1ad,2020-08,Durham Constabulary,Durham Constabulary,-1.320261,54.769264,On or near Newcastle Avenue,E01020764,County Durham 036A,Violence and sexual offences,Unable to prosecute suspect,
1ace2a7749a6211d9f3b6bba1dad74fbe32015a2a2eb287ddbce58b551a63fea,2020-08,Durham Constabulary,Durham Constabulary,-1.319493,54.765018,On or near Handley Street,E01020764,County Durham 036A,Violence and sexual offences,Status update unavailable,
534002fbfa13e52a2a31fe58587d61e9e5d7de84840a33bb8a2d1272c4162a9f,2020-08,Durham Constabulary,Durham Constabulary,-1.316813,54.763556,On or near Tees Street,E01020764,County Durham 036A,Violence and sexual offences,Unable to prosecute suspect,
0998f57bfd1e46628a219c4f755e1747190e0cdf29861e412796c7934ab6ce26,2020-08,Durham Constabulary,Durham Constabulary,-1.320261,54.769264,On or near Newcastle Avenue,E01020764,County Durham 036A,Violence and sexual offences,Court result unavailable,
1bf85fcdf0895de0c473d45e1ca8b1fc01a3e235dec0e190c27ddefff4faf582,2020-08,Durham Constabulary,Durham Constabulary,-1.319493,54.765018,On or near Handley Street,E01020764,County Durham 036A,Violence and sexual offences,Unable to prosecute suspect,
10d0f2124d728d8d4a79d98eb9583e30eaee9db25c88e9be120103ae093c0ca4,2020-08,Durham Constabulary,Durham Constabulary,-1.320261,54.769264,On or near Newcastle Avenue,E01020764,County Durham 036A,Violence and sexual offences,Court result unavailable,
11ba61a3987c6ac5e6ea08de4b187f939da5868680d6b7c84acb713333b53547,2020-08,Durham Constabulary,Durham Constabulary,-1.316870,54.762964,On or near Tenth Street,E01020764,County Durham 036A,Violence and sexual offences,Unable to prosecute suspect,
ad97cab0598fe0f1bd7044cbecfab749f9b8d6e530dc46374c7f289db6bc4d51,2020-08,Durham Constabulary,Durham Constabulary,-1.316813,54.763556,On or near Tees Street,E01020764,County Durham 036A,Other crime,Investigation complete; no suspect identified,
b141019458acad2d27e6eabd38cf2a0f37a5a99489a43f66b826ac8e8267c12e,2020-08,Durham Constabulary,Durham Constabulary,-1.321914,54.768033,On or near Sunderland Road,E01020766,County Durham 036B,Criminal damage and arson,Investigation complete; no suspect identified,
f14695a6d4cdf97d6df569078b9ae17949e41f2a969f00c48ed6db992ec70874,2020-08,Durham Constabulary,Durham Constabulary,-1.321870,54.762255,On or near Rosedale Terrace,E01020766,County Durham 036B,Drugs,Formal action is not in the public interest,
632b75f45a540332fd9f202bddfe270c588645a41cbbd3a987d8e03c23b54166,2020-08,Durham Constabulary,Durham Constabulary,-1.321870,54.762255,On or near Rosedale Terrace,E01020766,County Durham 036B,Drugs,Formal action is not in the public interest,
ccb2e6fe011e53dd696598ea8b96643782fe286659a9859b002e8dd80a8ae9fd,2020-08,Durham Constabulary,Durham Constabulary,-1.319274,54.761413,On or near Edendale Terrace,E01020766,County Durham 036B,Other theft,Suspect charged as part of another case,
0e71ac923f9ce429b7715f4a12840f8e1d7c9f2c8bd8322afdf9dde53c44bde0,2020-08,Durham Constabulary,Durham Constabulary,-1.319267,54.764595,On or near Hamilton Street,E01020766,County Durham 036B,Public order,Unable to prosecute suspect,
f4fe498764b645deaa85a7956ead5a71d195d73f124561a3be24dd69ebf12dfe,2020-08,Durham Constabulary,Durham Constabulary,-1.321096,54.764893,On or near Ashwood Meadow,E01020766,County Durham 036B,Public order,Local resolution,
47229759ef57813f81763016eb752841f7b9f6274c595cc3044c4cc563fd65a7,2020-08,Durham Constabulary,Durham Constabulary,-1.321703,54.763916,On or near Ellison Meadow,E01020766,County Durham 036B,Public order,Offender given a caution,
744e22e470ffc138b0f847974bf234869477fa64699fd8d5a45da56de129ee4e,2020-08,Durham Constabulary,Durham Constabulary,-1.321096,54.764893,On or near Ashwood Meadow,E01020766,County Durham 036B,Public order,Local resolution,
779a8b9202dd3f01a1c897e2403071b21543905f59b4f16984d83420385c8b96,2020-08,Durham Constabulary,Durham Constabulary,-1.319274,54.761413,On or near Edendale Terrace,E01020766,County Durham 036B,Shoplifting,Investigation complete; no suspect identified,
553eebfe1d76945c89d5004697ab7fee4006eb3fb0497d51e69ed042e68d99c2,2020-08,Durham Constabulary,Durham Constabulary,-1.319274,54.761413,On or near Edendale Terrace,E01020766,County Durham 036B,Shoplifting,Investigation complete; no suspect identified,
d2f8a53c7880ac7e33d861b7f8222baf26fc028c4dbf840b84cffcdf7343cdcf,2020-08,Durham Constabulary,Durham Constabulary,-1.319274,54.761413,On or near Edendale Terrace,E01020766,County Durham 036B,Shoplifting,Suspect charged as part of another case,
2774ad69d31d9f57b417e0f39d6c842fb30f4aa686cb12a45e30caabbc65f307,2020-08,Durham Constabulary,Durham Constabulary,-1.319274,54.761413,On or near Edendale Terrace,E01020766,County Durham 036B,Shoplifting,Investigation complete; no suspect identified,
d1d91cc94b5748e0f200a6bdefc5b864dc0f1cfbbccc0034a68b30056059090a,2020-08,Durham Constabulary,Durham Constabulary,-1.319267,54.764595,On or near Hamilton Street,E01020766,County Durham 036B,Violence and sexual offences,Unable to prosecute suspect,
d9b970dfc8b5581b07e1885b198654bc5e8abaaf1826726b77ea4bab3c008e9c,2020-08,Durham Constabulary,Durham Constabulary,-1.321096,54.764893,On or near Ashwood Meadow,E01020766,County Durham 036B,Violence and sexual offences,Unable to prosecute suspect,
7fa138800c445fbe69a650e1316210dd6fbcf3741ba0cd3c703eaed0826df8b9,2020-08,Durham Constabulary,Durham Constabulary,-1.322945,54.762126,On or near Edward Avenue,E01020766,County Durham 036B,Violence and sexual offences,Unable to prosecute suspect,
a849c8e7c94a978fdbd7d726f28c4865f868b96274b781fe0f2059c385f0342f,2020-08,Durham Constabulary,Durham Constabulary,-1.319274,54.761413,On or near Edendale Terrace,E01020766,County Durham 036B,Violence and sexual offences,Unable to prosecute suspect,
ef3fec37d66c208e4f26021ce869cf614a6fac9831c604e5930599b1fac79607,2020-08,Durham Constabulary,Durham Constabulary,-1.321096,54.764893,On or near Ashwood Meadow,E01020766,County Durham 036B,Violence and sexual offences,Local resolution,
44c0ccc4132432c5ee4b0f4535c46b1a6aaae9d467ac45e933f559092adeaba4,2020-08,Durham Constabulary,Durham Constabulary,-1.321096,54.764893,On or near Ashwood Meadow,E01020766,County Durham 036B,Violence and sexual offences,Local resolution,
8be4965abdaa715b88aae8fee020e5cc0f1e545a4752e731681c7eea2fa93825,2020-08,Durham Constabulary,Durham Constabulary,-1.319267,54.764595,On or near Hamilton Street,E01020766,County Durham 036B,Violence and sexual offences,Unable to prosecute suspect,
971c5d9c9087187298a6f3024385758f0a86aa8fd1601a97cc06713c8a325a80,2020-08,Durham Constabulary,Durham Constabulary,-1.321703,54.763916,On or near Ellison Meadow,E01020766,County Durham 036B,Violence and sexual offences,Unable to prosecute suspect,
,2020-08,Durham Constabulary,Durham Constabulary,-1.311660,54.763168,On or near Third Street,E01020767,County Durham 036C,Anti-social behaviour,,
,2020-08,Durham Constabulary,Durham Constabulary,-1.313649,54.765039,On or near Eden Street,E01020767,County Durham 036C,Anti-social behaviour,,
,2020-08,Durham Constabulary,Durham Constabulary,-1.313326,54.762054,On or near Sixth Street,E01020767,County Durham 036C,Anti-social behaviour,,
,2020-08,Durham Constabulary,Durham Constabulary,-1.315249,54.761409,On or near Hardwick Street,E01020767,County Durham 036C,Anti-social behaviour,,
,2020-08,Durham Constabulary,Durham Constabulary,-1.313326,54.762054,On or near Sixth Street,E01020767,County Durham 036C,Anti-social behaviour,,
,2020-08,Durham Constabulary,Durham Constabulary,-1.311065,54.760693,On or near Rogers Close,E01020767,County Durham 036C,Anti-social behaviour,,
,2020-08,Durham Constabulary,Durham Constabulary,-1.313326,54.762054,On or near Sixth Street,E01020767,County Durham 036C,Anti-social behaviour,,
,2020-08,Durham Constabulary,Durham Constabulary,-1.313326,54.762054,On or near Sixth Street,E01020767,County Durham 036C,Anti-social behaviour,,
,2020-08,Durham Constabulary,Durham Constabulary,-1.315249,54.761409,On or near Hardwick Street,E01020767,County Durham 036C,Anti-social behaviour,,
,2020-08,Durham Constabulary,Durham Constabulary,-1.313326,54.762054,On or near Sixth Street,E01020767,County Durham 036C,Anti-social behaviour,,
,2020-08,Durham Constabulary,Durham Constabulary,-1.313926,54.766110,On or near Grant Street,E01020767,County Durham 036C,Anti-social behaviour,,
,2020-08,Durham Constabulary,Durham Constabulary,-1.313326,54.762054,On or near Sixth Street,E01020767,County Durham 036C,Anti-social behaviour,,
,2020-08,Durham Constabulary,Durham Constabulary,-1.315249,54.761409,On or near Hardwick Street,E01020767,County Durham 036C,Anti-social behaviour,,
,2020-08,Durham Constabulary,Durham Constabulary,-1.311389,54.765422,On or near First Street,E01020767,County Durham 036C,Anti-social behaviour,,
,2020-08,Durham Constabulary,Durham Constabulary,-1.315249,54.761409,On or near Hardwick Street,E01020767,County Durham 036C,Anti-social behaviour,,
,2020-08,Durham Constabulary,Durham Constabulary,-1.315911,54.761745,On or near Sports/Recreation Area,E01020767,County Durham 036C,Anti-social behaviour,,
,2020-08,Durham Constabulary,Durham Constabulary,-1.316889,54.760879,On or near Burden Court,E01020767,County Durham 036C,Anti-social behaviour,,
,2020-08,Durham Constabulary,Durham Constabulary,-1.311389,54.765422,On or near First Street,E01020767,County Durham 036C,Anti-social behaviour,,
,2020-08,Durham Constabulary,Durham Constabulary,-1.313326,54.762054,On or near Sixth Street,E01020767,County Durham 036C,Anti-social behaviour,,
,2020-08,Durham Constabulary,Durham Constabulary,-1.316889,54.760879,On or near Burden Court,E01020767,County Durham 036C,Anti-social behaviour,,
,2020-08,Durham Constabulary,Durham Constabulary,-1.313326,54.762054,On or near Sixth Street,E01020767,County Durham 036C,Anti-social behaviour,,
,2020-08,Durham Constabulary,Durham Constabulary,-1.313326,54.762054,On or near Sixth Street,E01020767,County Durham 036C,Anti-social behaviour,,
,2020-08,Durham Constabulary,Durham Constabulary,-1.315656,54.764898,On or near Eden Court,E01020767,County Durham 036C,Anti-social behaviour,,
,2020-08,Durham Constabulary,Durham Constabulary,-1.315911,54.761745,On or near Sports/Recreation Area,E01020767,County Durham 036C,Anti-social behaviour,,
5090aa29c89c8339287215fefcb16b7d2d5546fe30ee46bb144976c5084d40d1,2020-08,Durham Constabulary,Durham Constabulary,-1.313326,54.762054,On or near Sixth Street,E01020767,County Durham 036C,Burglary,Investigation complete; no suspect identified,
0e72fa8fd516c2234241abdacb8adb1a6bf3fc053945be4974f00ef6f85b2201,2020-08,Durham Constabulary,Durham Constabulary,-1.313326,54.762054,On or near Sixth Street,E01020767,County Durham 036C,Burglary,Further action is not in the public interest,
6cea122ffecd3df1a222b1218c4c1e999bf1e53c93f5f9cd753a4d7749f4762a,2020-08,Durham Constabulary,Durham Constabulary,-1.313326,54.762054,On or near Sixth Street,E01020767,County Durham 036C,Burglary,Investigation complete; no suspect identified,
b8dbdbc1576de19a0f9b2d6da8341b576c6445d90205fe24c4229035179b787e,2020-08,Durham Constabulary,Durham Constabulary,-1.313326,54.762054,On or near Sixth Street,E01020767,County Durham 036C,Burglary,Investigation complete; no suspect identified,
f8d4602bc9331ecae5720a55016cc792194979cd11eb501b89a07a90ef5212ad,2020-08,Durham Constabulary,Durham Constabulary,-1.314766,54.763293,On or near Seventh Street,E01020767,County Durham 036C,Burglary,Court result unavailable,
1c2e1ffbabb45ef4a16fb493c571452dc2f08275e143e53b2fc96a5d76e17cbd,2020-08,Durham Constabulary,Durham Constabulary,-1.313326,54.762054,On or near Sixth Street,E01020767,County Durham 036C,Burglary,Investigation complete; no suspect identified,
36cb9f74028ce68bd8196b2cc9824ffdd7e29b28e9b6afb12bf25ac9dd699ee5,2020-08,Durham Constabulary,Durham Constabulary,-1.315410,54.768428,On or near Parking Area,E01020767,County Durham 036C,Criminal damage and arson,Unable to prosecute suspect,
9028bbae869eef628c26f78faff8b7fc336cd064d0060c4bcba57d3733f5995a,2020-08,Durham Constabulary,Durham Constabulary,-1.314766,54.763293,On or near Seventh Street,E01020767,County Durham 036C,Criminal damage and arson,Investigation complete; no suspect identified,
b6d86f38b206bef27a8d61b35a5b306772df3444ce04ed64cec09fcb60c28a06,2020-08,Durham Constabulary,Durham Constabulary,-1.313326,54.762054,On or near Sixth Street,E01020767,County Durham 036C,Criminal damage and arson,Investigation complete; no suspect identified,
74d2a629e387ced7e662ac956b0b99600a7c52852c3904b2e3965eefc1562963,2020-08,Durham Constabulary,Durham Constabulary,-1.313326,54.762054,On or near Sixth Street,E01020767,County Durham 036C,Criminal damage and arson,Unable to prosecute suspect,
1712bbbacd546e5b5e92cc224a80afa54b2bc8d811edf45cfc1fe9f566da1f32,2020-08,Durham Constabulary,Durham Constabulary,-1.313326,54.762054,On or near Sixth Street,E01020767,County Durham 036C,Criminal damage and arson,Investigation complete; no suspect identified,
1578355cc365392e3e618a125dfad584fe5185fd73d03dc6025b347df15e303d,2020-08,Durham Constabulary,Durham Constabulary,-1.313326,54.762054,On or near Sixth Street,E01020767,County Durham 036C,Criminal damage and arson,Investigation complete; no suspect identified,
c9a219c53ca00bfe8c8e6a0b32f14f4d7ac5823c8193e19630d9a8cef520877d,2020-08,Durham Constabulary,Durham Constabulary,-1.314766,54.763293,On or near Seventh Street,E01020767,County Durham 036C,Criminal damage and arson,Investigation complete; no suspect identified,
80e1b316c10e35d48c6d736570bf39e4d0795b1fc68865a7651f0f725e6830e1,2020-08,Durham Constabulary,Durham Constabulary,-1.313326,54.762054,On or near Sixth Street,E01020767,County Durham 036C,Criminal damage and arson,Investigation complete; no suspect identified,
5f2528ea8eff0026c01a044f41336b078509b5033f50dd34995607d21e7b931f,2020-08,Durham Constabulary,Durham Constabulary,-1.313326,54.762054,On or near Sixth Street,E01020767,County Durham 036C,Criminal damage and arson,Investigation complete; no suspect identified,
493f41406b1b1242dd4bdaf3e0afeef01a65166836c256566861cafab588a474,2020-08,Durham Constabulary,Durham Constabulary,-1.313326,54.762054,On or near Sixth Street,E01020767,County Durham 036C,Criminal damage and arson,Investigation complete; no suspect identified,
d2b32ba796540ec0e9502396b8b760e331237dc51d3807b9c7e5708cc458e35c,2020-08,Durham Constabulary,Durham Constabulary,-1.313607,54.762918,On or near Motorway Service Area,E01020767,County Durham 036C,Criminal damage and arson,Investigation complete; no suspect identified,
b7fcf1979529a38b466117f3e914abe3e95947e9c4c685593583139c737585b9,2020-08,Durham Constabulary,Durham Constabulary,-1.313649,54.765039,On or near Eden Street,E01020767,County Durham 036C,Drugs,Investigation complete; no suspect identified,
a7d486d151538656b86c4447839610849bbeaa706c7a60b72289a4a35469bd41,2020-08,Durham Constabulary,Durham Constabulary,-1.313326,54.762054,On or near Sixth Street,E01020767,County Durham 036C,Drugs,Investigation complete; no suspect identified,
26d97a3aac81ff93ee2e1d1af77edd058073f42ea7c7607a913e1d77712595d6,2020-08,Durham Constabulary,Durham Constabulary,-1.313326,54.762054,On or near Sixth Street,E01020767,County Durham 036C,Other theft,Investigation complete; no suspect identified,
392529a7bebbc7f9a13d30a784a654d571dead9324b2539bc82576707df4a18f,2020-08,Durham Constabulary,Durham Constabulary,-1.311065,54.760693,On or near Rogers Close,E01020767,County Durham 036C,Other theft,Investigation complete; no suspect identified,
d8d73a51905ace690d9fdece44dcd188ae41de221e92df8b44b4bb210167382e,2020-08,Durham Constabulary,Durham Constabulary,-1.314766,54.763293,On or near Seventh Street,E01020767,County Durham 036C,Public order,Offender given penalty notice,
080401a358ceec093a365944bd8cbce58232851db8b7e2895eb941ecd698295d,2020-08,Durham Constabulary,Durham Constabulary,-1.313326,54.762054,On or near Sixth Street,E01020767,County Durham 036C,Public order,Investigation complete; no suspect identified,
cc4321156fb280c23b8b3810eb80aa2c0e85a34c5f16c4fa74ba48c3791df4e0,2020-08,Durham Constabulary,Durham Constabulary,-1.316889,54.760879,On or near Burden Court,E01020767,County Durham 036C,Shoplifting,Court result unavailable,
4785918aa3f836efa394688cd1ed3e451a11ef364fefb9313f41a7762709ff5e,2020-08,Durham Constabulary,Durham Constabulary,-1.315249,54.761409,On or near Hardwick Street,E01020767,County Durham 036C,Shoplifting,Investigation complete; no suspect identified,
d8d8c88c2ff79c9b2bd8658de7ae9b81cd37c3fa46b36504a75b5a663d0ca28a,2020-08,Durham Constabulary,Durham Constabulary,-1.315249,54.761409,On or near Hardwick Street,E01020767,County Durham 036C,Shoplifting,Investigation complete; no suspect identified,
1e31bac51c2029ccd5a6dd9aae3dbe2b5053675530ef82bf46dea4b193bee1e2,2020-08,Durham Constabulary,Durham Constabulary,-1.315249,54.761409,On or near Hardwick Street,E01020767,County Durham 036C,Shoplifting,Investigation complete; no suspect identified,
906606958297c0e180c4d7cfd04bffe66962ba5a3cda6c3acff07de86e7cc471,2020-08,Durham Constabulary,Durham Constabulary,-1.315249,54.761409,On or near Hardwick Street,E01020767,County Durham 036C,Shoplifting,Investigation complete; no suspect identified,
982e028c5671201a96588ecd478032731983d4729d2b98cd7a60bcb6554ab16b,2020-08,Durham Constabulary,Durham Constabulary,-1.315249,54.761409,On or near Hardwick Street,E01020767,County Durham 036C,Shoplifting,Investigation complete; no suspect identified,
7125fd9604ae7f23e7a9f9059223c13541468ba6968f07e49965b0270fe9c9b8,2020-08,Durham Constabulary,Durham Constabulary,-1.314105,54.765635,On or near Thorpe Street,E01020767,County Durham 036C,Shoplifting,Investigation complete; no suspect identified,
957df6c9467e5957d18af411d650fb90f332d6926c73acd5e2bbe846ff5471f7,2020-08,Durham Constabulary,Durham Constabulary,-1.315249,54.761409,On or near Hardwick Street,E01020767,County Durham 036C,Shoplifting,Investigation complete; no suspect identified,
e87f13e50dc1df3fc6b14f045e3e005d221b16ec7e2c54cdc15a0d792a08ee2d,2020-08,Durham Constabulary,Durham Constabulary,-1.315249,54.761409,On or near Hardwick Street,E01020767,County Durham 036C,Shoplifting,Investigation complete; no suspect identified,
e3e8d058adbcaf4a635f45e6436af05737469ed0d0c0027e67f5d0619127cb1e,2020-08,Durham Constabulary,Durham Constabulary,-1.315249,54.761409,On or near Hardwick Street,E01020767,County Durham 036C,Shoplifting,Investigation complete; no suspect identified,
62d0c8e199b6a8e6609936589060b49852787517e573237a3856d48362136df8,2020-08,Durham Constabulary,Durham Constabulary,-1.316889,54.760879,On or near Burden Court,E01020767,County Durham 036C,Theft from the person,Investigation complete; no suspect identified,
4e0284332a0d8baccc190c85eda1c12798d4aa05e76a5a7994bc31bed30d6b61,2020-08,Durham Constabulary,Durham Constabulary,-1.314227,54.766678,On or near Sea View Gardens,E01020767,County Durham 036C,Vehicle crime,Investigation complete; no suspect identified,
24db8b0c9cda4ca806c1e98775a816d20dde1bca56b20482b9bcc619ead07073,2020-08,Durham Constabulary,Durham Constabulary,-1.315249,54.761409,On or near Hardwick Street,E01020767,County Durham 036C,Vehicle crime,Further action is not in the public interest,
0d16fc40d24aa477526e23cf200c221e2792352bbb66340eddadf65887dffefe,2020-08,Durham Constabulary,Durham Constabulary,-1.313649,54.765039,On or near Eden Street,E01020767,County Durham 036C,Violence and sexual offences,Unable to prosecute suspect,
b4bc4d469ac6deb408954f74109bd627917c61985e38ed4c34f708f2646adaeb,2020-08,Durham Constabulary,Durham Constabulary,-1.313326,54.762054,On or near Sixth Street,E01020767,County Durham 036C,Violence and sexual offences,Unable to prosecute suspect,
98f78fac4e6b2097a4a92ba4a4f94d710e9bbfec826a8a3108866d7141d604fa,2020-08,Durham Constabulary,Durham Constabulary,-1.312093,54.766073,On or near Second Street,E01020767,County Durham 036C,Violence and sexual offences,Investigation complete; no suspect identified,
0f02996cb7ed2e3b39a59a7a5479fc44cf052fe08d06234bddec484d66e4a787,2020-08,Durham Constabulary,Durham Constabulary,-1.311065,54.760693,On or near Rogers Close,E01020767,County Durham 036C,Violence and sexual offences,Investigation complete; no suspect identified,
f6f36721ac02ca51d37e585ee93c41b8cdd94891481428fc2e8192851a59c932,2020-08,Durham Constabulary,Durham Constabulary,-1.315249,54.761409,On or near Hardwick Street,E01020767,County Durham 036C,Violence and sexual offences,Further investigation is not in the public interest,
44c7b704d920b6b18cd7f502b2afbc7776c4b43b22211a850d73c42458e3cf4d,2020-08,Durham Constabulary,Durham Constabulary,-1.315249,54.761409,On or near Hardwick Street,E01020767,County Durham 036C,Violence and sexual offences,Status update unavailable,
9ab542f07466390a3756d594b6f323de0a921cad87c2f0c89d4c87c7735af13f,2020-08,Durham Constabulary,Durham Constabulary,-1.311065,54.760693,On or near Rogers Close,E01020767,County Durham 036C,Violence and sexual offences,Unable to prosecute suspect,
687c6214a147c82a079980459d8c798bf11172021db524eddd801db08ce18346,2020-08,Durham Constabulary,Durham Constabulary,-1.311065,54.760693,On or near Rogers Close,E01020767,County Durham 036C,Violence and sexual offences,Unable to prosecute suspect,
4028867d1fa78287aa6c8abd5618d68391493027766dfd8cedc8b01c584e151c,2020-08,Durham Constabulary,Durham Constabulary,-1.315249,54.761409,On or near Hardwick Street,E01020767,County Durham 036C,Violence and sexual offences,Unable to prosecute suspect,
0e874b97c80ee371783fc0391a67d505f7bbc376ec29155891046a346ceb59b4,2020-08,Durham Constabulary,Durham Constabulary,-1.311065,54.760693,On or near Rogers Close,E01020767,County Durham 036C,Violence and sexual offences,Unable to prosecute suspect,
f8241e373ecb72a26e9f73022e46c5359f7f64463db01ae7653337721bfed531,2020-08,Durham Constabulary,Durham Constabulary,-1.311889,54.759763,On or near Coast Road,E01020767,County Durham 036C,Violence and sexual offences,Unable to prosecute suspect,
44c7b704d920b6b18cd7f502b2afbc7776c4b43b22211a850d73c42458e3cf4d,2020-08,Durham Constabulary,Durham Constabulary,-1.315249,54.761409,On or near Hardwick Street,E01020767,County Durham 036C,Violence and sexual offences,Investigation complete; no suspect identified,
25710bdc0bb5bccbcc2ff7f257ec2f7ceeef81ce47b189c18f824463a09176b0,2020-08,Durham Constabulary,Durham Constabulary,-1.315472,54.765697,On or near Park Lane,E01020767,County Durham 036C,Violence and sexual offences,Unable to prosecute suspect,
f30bb2dc5069380cef53772073517909f0bfa8168b2f3eac9363f37246b1a42b,2020-08,Durham Constabulary,Durham Constabulary,-1.316889,54.760879,On or near Burden Court,E01020767,County Durham 036C,Violence and sexual offences,Unable to prosecute suspect,
d3e66ab15a64fdcba4f52e1c8162b86da45864810e0baf0d5f13dbecfa91ce6d,2020-08,Durham Constabulary,Durham Constabulary,-1.311065,54.760693,On or near Rogers Close,E01020767,County Durham 036C,Violence and sexual offences,Further investigation is not in the public interest,
ab5dcf57dbc0419b688edbd0f8607cfa68c8916a52e8ac90f9223eab41870b12,2020-08,Durham Constabulary,Durham Constabulary,-1.314766,54.763293,On or near Seventh Street,E01020767,County Durham 036C,Violence and sexual offences,Unable to prosecute suspect,
,2020-08,Durham Constabulary,Durham Constabulary,-1.308752,54.761426,On or near Adam Street,E01020768,County Durham 036D,Anti-social behaviour,,
f8a0c46d7820602f7895bdbc1b33bcf41b14c51dd92c4e7dcb29cdacf798d47d,2020-08,Durham Constabulary,Durham Constabulary,-1.309785,54.761917,On or near Beach Grove,E01020768,County Durham 036D,Burglary,Investigation complete; no suspect identified,
f95ed5b1218b67395cccbe9fb9a70ca4827c72a3a9c0d388da4b92c958be5dcb,2020-08,Durham Constabulary,Durham Constabulary,-1.307698,54.757618,On or near Willow Grove,E01020768,County Durham 036D,Criminal damage and arson,Unable to prosecute suspect,
ffa1e627106e5457504609f7a5a0fe0d8f3e68355b2a690d7c085e21ae8cabfd,2020-08,Durham Constabulary,Durham Constabulary,-1.309785,54.761917,On or near Beach Grove,E01020768,County Durham 036D,Criminal damage and arson,Investigation complete; no suspect identified,
eff889ef54ded5f6859efde107868c6697ce43f5a9886bcce86c8e0f1c69e096,2020-08,Durham Constabulary,Durham Constabulary,-1.309785,54.761917,On or near Beach Grove,E01020768,County Durham 036D,Public order,Investigation complete; no suspect identified,
a4658506b7f2967e98af09b74248ccecbf89776524dc14be447d39b51ce1cda5,2020-08,Durham Constabulary,Durham Constabulary,-1.303859,54.758594,On or near Dixon Rise,E01020768,County Durham 036D,Violence and sexual offences,Local resolution,
afa5768c4be3e344019a2cf688c91d05d6ba6a1b7b391481c37db7b027cf744e,2020-08,Durham Constabulary,Durham Constabulary,-1.309785,54.761917,On or near Beach Grove,E01020768,County Durham 036D,Violence and sexual offences,Unable to prosecute suspect,
b83f6f947855948273e08d5487e61fb63d3985fe6a919ec49838026882048017,2020-08,Durham Constabulary,Durham Constabulary,-1.307698,54.757618,On or near Willow Grove,E01020768,County Durham 036D,Violence and sexual offences,Unable to prosecute suspect,
,2020-08,Durham Constabulary,Durham Constabulary,-1.331246,54.760069,On or near Pedestrian Subway,E01020746,County Durham 037A,Anti-social behaviour,,
,2020-08,Durham Constabulary,Durham Constabulary,-1.332928,54.760824,On or near Pedestrian Subway,E01020746,County Durham 037A,Anti-social behaviour,,
,2020-08,Durham Constabulary,Durham Constabulary,-1.336268,54.759944,On or near Supermarket,E01020746,County Durham 037A,Anti-social behaviour,,
,2020-08,Durham Constabulary,Durham Constabulary,-1.333039,54.754067,On or near Hospital,E01020746,County Durham 037A,Anti-social behaviour,,
,2020-08,Durham Constabulary,Durham Constabulary,-1.332928,54.760824,On or near Pedestrian Subway,E01020746,County Durham 037A,Anti-social behaviour,,
,2020-08,Durham Constabulary,Durham Constabulary,-1.336268,54.759944,On or near Supermarket,E01020746,County Durham 037A,Anti-social behaviour,,
,2020-08,Durham Constabulary,Durham Constabulary,-1.332027,54.757000,On or near Church Close,E01020746,County Durham 037A,Anti-social behaviour,,
,2020-08,Durham Constabulary,Durham Constabulary,-1.336268,54.759944,On or near Supermarket,E01020746,County Durham 037A,Anti-social behaviour,,
,2020-08,Durham Constabulary,Durham Constabulary,-1.332928,54.760824,On or near Pedestrian Subway,E01020746,County Durham 037A,Anti-social behaviour,,
,2020-08,Durham Constabulary,Durham Constabulary,-1.327769,54.755152,On or near Manor Way,E01020746,County Durham 037A,Anti-social behaviour,,
,2020-08,Durham Constabulary,Durham Constabulary,-1.331901,54.759003,On or near Pedestrian Subway,E01020746,County Durham 037A,Anti-social behaviour,,
,2020-08,Durham Constabulary,Durham Constabulary,-1.331246,54.760069,On or near Pedestrian Subway,E01020746,County Durham 037A,Anti-social behaviour,,
,2020-08,Durham Constabulary,Durham Constabulary,-1.336268,54.759944,On or near Supermarket,E01020746,County Durham 037A,Anti-social behaviour,,
,2020-08,Durham Constabulary,Durham Constabulary,-1.332928,54.760824,On or near Pedestrian Subway,E01020746,County Durham 037A,Anti-social behaviour,,
,2020-08,Durham Constabulary,Durham Constabulary,-1.331246,54.760069,On or near Pedestrian Subway,E01020746,County Durham 037A,Anti-social behaviour,,
,2020-08,Durham Constabulary,Durham Constabulary,-1.333421,54.759209,On or near Shopping Area,E01020746,County Durham 037A,Anti-social behaviour,,
,2020-08,Durham Constabulary,Durham Constabulary,-1.332928,54.760824,On or near Pedestrian Subway,E01020746,County Durham 037A,Anti-social behaviour,,
,2020-08,Durham Constabulary,Durham Constabulary,-1.333421,54.759209,On or near Shopping Area,E01020746,County Durham 037A,Anti-social behaviour,,
20f0d683d016b928554e87f386c2ce8cd3d89306d810ba2023f327023cbd25bd,2020-08,Durham Constabulary,Durham Constabulary,-1.336268,54.759944,On or near Supermarket,E01020746,County Durham 037A,Burglary,Court result unavailable,
1672b2e3f8c965dfc10bbf4d7a54b19704f295c76220e89050e1d6b1bbc24d4c,2020-08,Durham Constabulary,Durham Constabulary,-1.334284,54.755844,On or near Hilton Drive,E01020746,County Durham 037A,Criminal damage and arson,Further investigation is not in the public interest,
25e8b2c52c97a8512f94005cbe9764de38cdfaeb55249ae6d8ee98b7f61319eb,2020-08,Durham Constabulary,Durham Constabulary,-1.332903,54.759512,On or near Supermarket,E01020746,County Durham 037A,Criminal damage and arson,Investigation complete; no suspect identified,
ca0ebb70a8d7508eb44562404a6b3a048931b9ba303719d5b42db32b5e149a8a,2020-08,Durham Constabulary,Durham Constabulary,-1.327769,54.755152,On or near Manor Way,E01020746,County Durham 037A,Criminal damage and arson,Investigation complete; no suspect identified,
51f26b35fe8c2d0e5d14cfde2bec026c81ef7399200f32c17b1fd9bab12c24d0,2020-08,Durham Constabulary,Durham Constabulary,-1.331716,54.758912,On or near B1320,E01020746,County Durham 037A,Other theft,Investigation complete; no suspect identified,
0327fd7455fc6938606f97305e4b89ef7f80fb46d3e1a3ea8913523f6d619e0d,2020-08,Durham Constabulary,Durham Constabulary,-1.332928,54.760824,On or near Pedestrian Subway,E01020746,County Durham 037A,Other theft,Formal action is not in the public interest,
c4b83888c158734e3206c3aa2ced84cdaab8f4b57e1f178327507d251a855713,2020-08,Durham Constabulary,Durham Constabulary,-1.336268,54.759944,On or near Supermarket,E01020746,County Durham 037A,Public order,Further investigation is not in the public interest,
643fd6c3de7a8873d613adb3483f26b9ff234fb3a871f459844af2cddc300d3b,2020-08,Durham Constabulary,Durham Constabulary,-1.332928,54.760824,On or near Pedestrian Subway,E01020746,County Durham 037A,Public order,Court result unavailable,
d1c98281e42d69f1615955976f33a035e11ff6a64d23c4c33eef32cff0f2810c,2020-08,Durham Constabulary,Durham Constabulary,-1.336268,54.759944,On or near Supermarket,E01020746,County Durham 037A,Public order,Unable to prosecute suspect,
64e2e8d3c1a040b4122ecaaab7c4cb904ff9f9904026619efad2955136769e67,2020-08,Durham Constabulary,Durham Constabulary,-1.336268,54.759944,On or near Supermarket,E01020746,County Durham 037A,Public order,Court result unavailable,
8d4468970d31032bf2d3074e829fb1de9e5adbaa9f22f9da93aafa773478446f,2020-08,Durham Constabulary,Durham Constabulary,-1.336268,54.759944,On or near Supermarket,E01020746,County Durham 037A,Public order,Unable to prosecute suspect,
567f9f8ab6ebf2f99b7105e4d38300674081f0d241645afca812836a14c9c6fa,2020-08,Durham Constabulary,Durham Constabulary,-1.332903,54.759512,On or near Supermarket,E01020746,County Durham 037A,Shoplifting,Investigation complete; no suspect identified,
1458425f67bdecc23369b32eb561b16c9df261056ed135d90f8b07b8b4c02d06,2020-08,Durham Constabulary,Durham Constabulary,-1.332928,54.760824,On or near Pedestrian Subway,E01020746,County Durham 037A,Shoplifting,Investigation complete; no suspect identified,
99b798a004bcd4e3ec3dbac31cd0e9ebcc97c53373d149df525d580c12117716,2020-08,Durham Constabulary,Durham Constabulary,-1.332903,54.759512,On or near Supermarket,E01020746,County Durham 037A,Shoplifting,Court result unavailable,
243b5aed3ee70e794cd47591af797e5e2a52253d4c28d75addac6c492db5c8b7,2020-08,Durham Constabulary,Durham Constabulary,-1.332928,54.760824,On or near Pedestrian Subway,E01020746,County Durham 037A,Shoplifting,Formal action is not in the public interest,
4469744b137577f4055e7e9ca6c6dc0bd88878439501e6ce4c7d4848c68de4df,2020-08,Durham Constabulary,Durham Constabulary,-1.333421,54.759209,On or near Shopping Area,E01020746,County Durham 037A,Shoplifting,Investigation complete; no suspect identified,
bf6d33be5f19b4671cc0ffcc89bb2ce4c78648c83174c1a78cb23fbc6d60a9a4,2020-08,Durham Constabulary,Durham Constabulary,-1.333421,54.759209,On or near Shopping Area,E01020746,County Durham 037A,Shoplifting,Investigation complete; no suspect identified,
960844c920e674667a5c611ca410d70812e594b65bb32981162139b533d96c17,2020-08,Durham Constabulary,Durham Constabulary,-1.332903,54.759512,On or near Supermarket,E01020746,County Durham 037A,Shoplifting,Investigation complete; no suspect identified,
8148d1ddda50bace64f73edc4be4f1989504fca91c4f142a4c8145a251ec704a,2020-08,Durham Constabulary,Durham Constabulary,-1.334365,54.758460,On or near Shopping Area,E01020746,County Durham 037A,Shoplifting,Investigation complete; no suspect identified,
7f7d704178d1bd5609126fa6c469bef83fc8d1606182304cca759427d8610bf8,2020-08,Durham Constabulary,Durham Constabulary,-1.332903,54.759512,On or near Supermarket,E01020746,County Durham 037A,Shoplifting,Investigation complete; no suspect identified,
5e3c13c09a506306f9348deccf9feda59471e2bce98be670fc699d8ddcd6ca03,2020-08,Durham Constabulary,Durham Constabulary,-1.336268,54.759944,On or near Supermarket,E01020746,County Durham 037A,Shoplifting,Court result unavailable,
4b11650f10cae66abf89d363ddb7a4165f7069639c72eb11bca367b7e352d8d0,2020-08,Durham Constabulary,Durham Constabulary,-1.333421,54.759209,On or near Shopping Area,E01020746,County Durham 037A,Shoplifting,Unable to prosecute suspect,
2770c4d9ce14b1738ddf2d166ff51c75f76d75dd2297ee13fa84d3c6a976d448,2020-08,Durham Constabulary,Durham Constabulary,-1.332928,54.760824,On or near Pedestrian Subway,E01020746,County Durham 037A,Shoplifting,Investigation complete; no suspect identified,
814778400db2596ceaaec0954c401a543f8b23d89be5acac66674e3f7f3f1521,2020-08,Durham Constabulary,Durham Constabulary,-1.336268,54.759944,On or near Supermarket,E01020746,County Durham 037A,Shoplifting,Court result unavailable,
234b61413d595dfdba1c7527324e7a2f2f26582a0a8bb6e434a6985b0c3acaca,2020-08,Durham Constabulary,Durham Constabulary,-1.332928,54.760824,On or near Pedestrian Subway,E01020746,County Durham 037A,Shoplifting,Court result unavailable,
a866f3f5aa96ac79eec384818f28db4b919da6f98b1d91d271f704f1baa98035,2020-08,Durham Constabulary,Durham Constabulary,-1.332928,54.760824,On or near Pedestrian Subway,E01020746,County Durham 037A,Shoplifting,Further investigation is not in the public interest,
cfe5de8790708717cc4110e8ed68789424bd36c079e8abd6646ce8d1d04b3cac,2020-08,Durham Constabulary,Durham Constabulary,-1.331716,54.758912,On or near B1320,E01020746,County Durham 037A,Shoplifting,Investigation complete; no suspect identified,
61079063d382b8698ca57df5ec8bb70f667aa8d25a61040e8384f1f4d1bd58c7,2020-08,Durham Constabulary,Durham Constabulary,-1.332903,54.759512,On or near Supermarket,E01020746,County Durham 037A,Shoplifting,Court result unavailable,
15b5619869ee076eb05b218eadbbb5bbcdaa5a2c0089b499b9ae2e05df1a88b6,2020-08,Durham Constabulary,Durham Constabulary,-1.332903,54.759512,On or near Supermarket,E01020746,County Durham 037A,Shoplifting,Court result unavailable,
bd9065b440ac6185187bef0871f38d7b261d5a318c82c52aa1aeb69de8cf3acb,2020-08,Durham Constabulary,Durham Constabulary,-1.333421,54.759209,On or near Shopping Area,E01020746,County Durham 037A,Shoplifting,Further investigation is not in the public interest,
0a489cf5965bbb11975aa094cdbfb4c25efc45867f912abcb37be6bdf9db1d64,2020-08,Durham Constabulary,Durham Constabulary,-1.332928,54.760824,On or near Pedestrian Subway,E01020746,County Durham 037A,Shoplifting,Court result unavailable,
de03cb908c67791870963a2b41736685d80638cb70466b7cee4cf07e56a1f0cb,2020-08,Durham Constabulary,Durham Constabulary,-1.331716,54.758912,On or near B1320,E01020746,County Durham 037A,Shoplifting,Court result unavailable,
5f1da4b0fbbf45425a6f9d16d71f7dbec48eab7088c153d7b10578abe476e723,2020-08,Durham Constabulary,Durham Constabulary,-1.334365,54.758460,On or near Shopping Area,E01020746,County Durham 037A,Shoplifting,Investigation complete; no suspect identified,
73de87ba74e9cb9be29d4d8fce763210f49ef352eccdb82038e2bc8ce69e06a4,2020-08,Durham Constabulary,Durham Constabulary,-1.335223,54.757305,On or near Pedestrian Subway,E01020746,County Durham 037A,Violence and sexual offences,Unable to prosecute suspect,
3cb4f3b765b7a7c60d8d029e73f4eb3a907e734d45aabf58c019bbe3f0fa18bf,2020-08,Durham Constabulary,Durham Constabulary,-1.332027,54.757000,On or near Church Close,E01020746,County Durham 037A,Violence and sexual offences,Unable to prosecute suspect,
ff81bc963ab09c50f6a3b0c764ca9a5c972e388320a4a050380ac2e20022b341,2020-08,Durham Constabulary,Durham Constabulary,-1.334284,54.755844,On or near Hilton Drive,E01020746,County Durham 037A,Violence and sexual offences,Action to be taken by another organisation,
df00660f5d44e9abd3eef92b8903c7e0b6ca272f47351e15b062dd054a2dbe14,2020-08,Durham Constabulary,Durham Constabulary,-1.334284,54.755844,On or near Hilton Drive,E01020746,County Durham 037A,Violence and sexual offences,Action to be taken by another organisation,
364e97bce9f46470bf70047b72087ebedbaa8e71d69150757d416c8b02a71337,2020-08,Durham Constabulary,Durham Constabulary,-1.334365,54.758460,On or near Shopping Area,E01020746,County Durham 037A,Violence and sexual offences,Unable to prosecute suspect,
c9e3cd6082a375e290f7bb9aa0e0f5a78abee1cf31535f591291972d9a3e61e9,2020-08,Durham Constabulary,Durham Constabulary,-1.332395,54.760147,On or near Parking Area,E01020746,County Durham 037A,Violence and sexual offences,Local resolution,
,2020-08,Durham Constabulary,Durham Constabulary,-1.357916,54.753994,On or near Pentland Close,E01020769,County Durham 037B,Anti-social behaviour,,
,2020-08,Durham Constabulary,Durham Constabulary,-1.357916,54.753994,On or near Pentland Close,E01020769,County Durham 037B,Anti-social behaviour,,
,2020-08,Durham Constabulary,Durham Constabulary,-1.357916,54.753994,On or near Pentland Close,E01020769,County Durham 037B,Anti-social behaviour,,
,2020-08,Durham Constabulary,Durham Constabulary,-1.355552,54.754144,On or near Brecon Close,E01020769,County Durham 037B,Anti-social behaviour,,
,2020-08,Durham Constabulary,Durham Constabulary,-1.359055,54.751682,On or near Shadforth Close,E01020769,County Durham 037B,Anti-social behaviour,,
,2020-08,Durham Constabulary,Durham Constabulary,-1.357916,54.753994,On or near Pentland Close,E01020769,County Durham 037B,Anti-social behaviour,,
6f0ed0061c4f55a562bbcf3b2041982e7fdfa4fddcabdf0f05e3e6311cbffb08,2020-08,Durham Constabulary,Durham Constabulary,-1.357916,54.753994,On or near Pentland Close,E01020769,County Durham 037B,Burglary,Investigation complete; no suspect identified,
4a702abefbd803b6bebae098c8f34dac567ca1b32e7c93961fa17c669bb10224,2020-08,Durham Constabulary,Durham Constabulary,-1.357916,54.753994,On or near Pentland Close,E01020769,County Durham 037B,Criminal damage and arson,Investigation complete; no suspect identified,
f32d14c7e7a49a15a20f89bcad1f02d80349c026a6451a9fb5fb8eff5e9e6e20,2020-08,Durham Constabulary,Durham Constabulary,-1.357916,54.753994,On or near Pentland Close,E01020769,County Durham 037B,Criminal damage and arson,Investigation complete; no suspect identified,
ebe6d92906ae52e44331c695dce69aa6837a8e6d7ff7da1e8517e68448c80d59,2020-08,Durham Constabulary,Durham Constabulary,-1.355552,54.754144,On or near Brecon Close,E01020769,County Durham 037B,Violence and sexual offences,Further action is not in the public interest,
0b14f4a184874839bbc67f364d13356665ffd45b102a53f5d00ce923a8d6f132,2020-08,Durham Constabulary,Durham Constabulary,-1.357916,54.753994,On or near Pentland Close,E01020769,County Durham 037B,Violence and sexual offences,Unable to prosecute suspect,
,2020-08,Durham Constabulary,Durham Constabulary,-1.347222,54.752275,On or near Skerne Close,E01020777,County Durham 037C,Anti-social behaviour,,
,2020-08,Durham Constabulary,Durham Constabulary,-1.347965,54.749601,On or near Severn Close,E01020777,County Durham 037C,Anti-social behaviour,,
,2020-08,Durham Constabulary,Durham Constabulary,-1.341395,54.753331,On or near Teign Close,E01020777,County Durham 037C,Anti-social behaviour,,
,2020-08,Durham Constabulary,Durham Constabulary,-1.347222,54.752275,On or near Skerne Close,E01020777,County Durham 037C,Anti-social behaviour,,
,2020-08,Durham Constabulary,Durham Constabulary,-1.339281,54.751423,On or near Sports/Recreation Area,E01020777,County Durham 037C,Anti-social behaviour,,
c1ebb4d5abdf3e098731ed4ab6cd78b7fad0fd753d62240fad36593c45be6ae1,2020-08,Durham Constabulary,Durham Constabulary,-1.347270,54.753156,On or near Welland Close,E01020777,County Durham 037C,Criminal damage and arson,Further investigation is not in the public interest,
d1960c1dec2d8ffdea972762589f284e8aef4cec144cfadc27b1a747c9333b9a,2020-08,Durham Constabulary,Durham Constabulary,-1.347270,54.753156,On or near Welland Close,E01020777,County Durham 037C,Drugs,Further investigation is not in the public interest,
e140e97ab47c9b7180c2a4c53ca7b17716cf27864d8c6733cd888d73c54297a5,2020-08,Durham Constabulary,Durham Constabulary,-1.345185,54.752381,On or near Medway Close,E01020777,County Durham 037C,Other theft,Investigation complete; no suspect identified,
974117925293d02ec3259d08fe1819cb0219c6e066e80213324315e0e993ec11,2020-08,Durham Constabulary,Durham Constabulary,-1.342379,54.752968,On or near Helford Road,E01020777,County Durham 037C,Public order,Unable to prosecute suspect,
402623c17fee6b3459c3f8486b5d8798dad3203a4e340c9e548bea99cfeacdd2,2020-08,Durham Constabulary,Durham Constabulary,-1.344324,54.755701,On or near Coquet Close,E01020777,County Durham 037C,Public order,Investigation complete; no suspect identified,
4f161150d1ef00d11975a8ee1395a936bbf59e41a01c9f2a9c13abad6b487c34,2020-08,Durham Constabulary,Durham Constabulary,-1.345185,54.752381,On or near Medway Close,E01020777,County Durham 037C,Shoplifting,Unable to prosecute suspect,
b6e911eb237c17ca72d0e1ef37a4d0116899a3aa01884b829aeda902166133bf,2020-08,Durham Constabulary,Durham Constabulary,-1.345185,54.752381,On or near Medway Close,E01020777,County Durham 037C,Shoplifting,Investigation complete; no suspect identified,
30015f5c2d7133bf5698de4f85afdac57c089a1a0ace093653dfe4e0c18b534b,2020-08,Durham Constabulary,Durham Constabulary,-1.345185,54.752381,On or near Medway Close,E01020777,County Durham 037C,Shoplifting,Formal action is not in the public interest,
5dd29a31e2e640bd46ae195efd01fa22afcd526208bbb62f72015065c8b15013,2020-08,Durham Constabulary,Durham Constabulary,-1.345185,54.752381,On or near Medway Close,E01020777,County Durham 037C,Shoplifting,Formal action is not in the public interest,
9eb2142b563e2bf9fe611198c936ee768177dd670983ab50fa69611a855e4ec0,2020-08,Durham Constabulary,Durham Constabulary,-1.349379,54.751504,On or near Waveney Road,E01020777,County Durham 037C,Violence and sexual offences,Status update unavailable,
9eb2142b563e2bf9fe611198c936ee768177dd670983ab50fa69611a855e4ec0,2020-08,Durham Constabulary,Durham Constabulary,-1.349379,54.751504,On or near Waveney Road,E01020777,County Durham 037C,Violence and sexual offences,Unable to prosecute suspect,
fd1fe0d5f33f7216389de30abe019648c58de267f0f141db3685d6be9746ff33,2020-08,Durham Constabulary,Durham Constabulary,-1.345185,54.752381,On or near Medway Close,E01020777,County Durham 037C,Other crime,Further investigation is not in the public interest,
,2020-08,Durham Constabulary,Durham Constabulary,-1.341906,54.749595,On or near Sunny Blunts,E01020778,County Durham 037D,Anti-social behaviour,,
,2020-08,Durham Constabulary,Durham Constabulary,-1.343621,54.746297,On or near Durham Way,E01020778,County Durham 037D,Anti-social behaviour,,
,2020-08,Durham Constabulary,Durham Constabulary,-1.340414,54.748661,On or near Lindisfarne,E01020778,County Durham 037D,Anti-social behaviour,,
29226e13f2ff6f9078dbcea78402e66af98e9018dd3a9e13f64ceac4c6223b30,2020-08,Durham Constabulary,Durham Constabulary,-1.340414,54.748661,On or near Lindisfarne,E01020778,County Durham 037D,Criminal damage and arson,Investigation complete; no suspect identified,
6b3aeda8d13b3969cb9f96239abe0ea35f6358218e29edcc173d1fb862dcecd5,2020-08,Durham Constabulary,Durham Constabulary,-1.341906,54.749595,On or near Sunny Blunts,E01020778,County Durham 037D,Other theft,Further action is not in the public interest,
504826c343989dcaa4a832c5fd2dfbee4b1f4613d52fdf74c2adc60964859c7b,2020-08,Durham Constabulary,Durham Constabulary,-1.340564,54.748006,On or near Dormand Drive,E01020778,County Durham 037D,Public order,Unable to prosecute suspect,
9c741ecefc53310e5e6fc2fd51bd13a6af8bf0892cee7bf04389109163e9ec05,2020-08,Durham Constabulary,Durham Constabulary,-1.340564,54.748006,On or near Dormand Drive,E01020778,County Durham 037D,Shoplifting,Investigation complete; no suspect identified,
58590b8f1508440e911199e8cd2ce1bd5fc67ece985683cf34e3ee3a59d1c086,2020-08,Durham Constabulary,Durham Constabulary,-1.340564,54.748006,On or near Dormand Drive,E01020778,County Durham 037D,Shoplifting,Unable to prosecute suspect,
0f8dd0e1be4cd05f5fd8ff7f6d7d7b5f7c6242a7ff0457e98f52476397063eb5,2020-08,Durham Constabulary,Durham Constabulary,-1.340564,54.748006,On or near Dormand Drive,E01020778,County Durham 037D,Shoplifting,Formal action is not in the public interest,
64103deab8229f0c362fc17f01b609b97e1d2e9892007ba0f539d295ee1eab92,2020-08,Durham Constabulary,Durham Constabulary,-1.343805,54.747412,On or near Bywell Drive,E01020778,County Durham 037D,Shoplifting,Investigation complete; no suspect identified,
f834cfe23fabaaf836e2c030523ce5b4d527648f4febf0fa6c5bb014436ad742,2020-08,Durham Constabulary,Durham Constabulary,-1.340414,54.748661,On or near Lindisfarne,E01020778,County Durham 037D,Violence and sexual offences,Unable to prosecute suspect,
,2020-08,Durham Constabulary,Durham Constabulary,-1.358734,54.746432,On or near Appleby Way,E01020779,County Durham 037E,Anti-social behaviour,,
,2020-08,Durham Constabulary,Durham Constabulary,-1.357160,54.748733,On or near Corby Grove,E01020779,County Durham 037E,Anti-social behaviour,,
7ab2987c9d06ddfb5a72e325e70cc4efeb1e458bed61fa2da5445d082214bbea,2020-08,Durham Constabulary,Durham Constabulary,-1.359107,54.745454,On or near Bewley Grove,E01020779,County Durham 037E,Criminal damage and arson,Status update unavailable,
5673c1e10b4c41b453f847f42f5f89843622a075e89ae403da48e08a097abb31,2020-08,Durham Constabulary,Durham Constabulary,-1.361087,54.748987,On or near Langley Grove,E01020779,County Durham 037E,Vehicle crime,Investigation complete; no suspect identified,
bd54b2c5aecb12ce664630f4ebe4d339029f895f248679d0bb835518376a3a52,2020-08,Durham Constabulary,Durham Constabulary,-1.359107,54.745454,On or near Bewley Grove,E01020779,County Durham 037E,Violence and sexual offences,Unable to prosecute suspect,
2c9f9e6405963c6bb392c55025bafbbd4771f48e6f643edcef7c7d9e60a09c0c,2020-08,Durham Constabulary,Durham Constabulary,-1.354437,54.744090,On or near Lowther Court,E01020779,County Durham 037E,Violence and sexual offences,Unable to prosecute suspect,
e405d1aa13738d7cbbb2ce9b01216722cf37c70fe5a22e20956e3654a5e19d93,2020-08,Durham Constabulary,Durham Constabulary,-1.361495,54.747705,On or near Joyce Grove,E01020779,County Durham 037E,Violence and sexual offences,Local resolution,
,2020-08,Durham Constabulary,Durham Constabulary,-1.622297,54.752867,On or near Frensham Way,E01020685,County Durham 038A,Anti-social behaviour,,
,2020-08,Durham Constabulary,Durham Constabulary,-1.649038,54.740133,On or near A690,E01020685,County Durham 038A,Anti-social behaviour,,
48200d13de8891fcde16ff041e0aa343f98dbd74774d0e8cc86b7bca17653973,2020-08,Durham Constabulary,Durham Constabulary,-1.622297,54.752867,On or near Frensham Way,E01020685,County Durham 038A,Criminal damage and arson,Investigation complete; no suspect identified,
2fa26aa6a6cd282e7e9561854a0b0b9e3fb593ef5e62d47e3c653361bd91d00b,2020-08,Durham Constabulary,Durham Constabulary,-1.649038,54.740133,On or near A690,E01020685,County Durham 038A,Other theft,Further investigation is not in the public interest,
01959a269de72e86b78cdb60788d613eeb3f9bb9454ece4545cb1f89bda876e5,2020-08,Durham Constabulary,Durham Constabulary,-1.660701,54.738432,On or near Parking Area,E01020685,County Durham 038A,Public order,Unable to prosecute suspect,
0aec49ab672193ca647587f79678bdb21978d87201e5eded6801105898adebe7,2020-08,Durham Constabulary,Durham Constabulary,-1.660701,54.738432,On or near Parking Area,E01020685,County Durham 038A,Public order,Unable to prosecute suspect,
98a6220d686a640c0e7f21bc724c5f0616d81a6a6a00504942640048b3cabf3e,2020-08,Durham Constabulary,Durham Constabulary,-1.622645,54.750559,On or near Stanhope Close,E01020685,County Durham 038A,Violence and sexual offences,Unable to prosecute suspect,
f624cbff5e4464a1ec91cffff46b06f3c52c87840dde213948ce1f5d2724b4b6,2020-08,Durham Constabulary,Durham Constabulary,-1.625275,54.750064,On or near Allendale Road,E01020685,County Durham 038A,Violence and sexual offences,Unable to prosecute suspect,
83304ba154c5610c4d1dcb17f9dd9da725193c7f5e176a5f783fb96005d23188,2020-08,Durham Constabulary,Durham Constabulary,-1.616062,54.728701,On or near Park/Open Space,E01020685,County Durham 038A,Violence and sexual offences,Unable to prosecute suspect,
c9ae3e0c54e6107acd767d6968b23690a8485b622c88172a519f1ac60e7f2d69,2020-08,Durham Constabulary,Durham Constabulary,-1.622645,54.750559,On or near Stanhope Close,E01020685,County Durham 038A,Violence and sexual offences,Unable to prosecute suspect,
99ba148a461e6fdd0649b97e00810a66968597f91ab0bbec23bf04fa15b99830,2020-08,Durham Constabulary,Durham Constabulary,-1.622657,54.747549,On or near Dorlonco Villas,E01020685,County Durham 038A,Violence and sexual offences,Unable to prosecute suspect,
,2020-08,Durham Constabulary,Durham Constabulary,-1.633935,54.752795,On or near Red Firs,E01020686,County Durham 038B,Anti-social behaviour,,
,2020-08,Durham Constabulary,Durham Constabulary,-1.630539,54.752084,On or near Parking Area,E01020686,County Durham 038B,Anti-social behaviour,,
,2020-08,Durham Constabulary,Durham Constabulary,-1.633035,54.750977,On or near Silver Courts,E01020686,County Durham 038B,Anti-social behaviour,,
,2020-08,Durham Constabulary,Durham Constabulary,-1.634529,54.752384,On or near Rowan Lea,E01020686,County Durham 038B,Anti-social behaviour,,
,2020-08,Durham Constabulary,Durham Constabulary,-1.638508,54.746923,On or near Clover Laid,E01020686,County Durham 038B,Anti-social behaviour,,
da102246a5b5d348e6feecd35decdee48eba2f7f405586c18697beb516a1102f,2020-08,Durham Constabulary,Durham Constabulary,-1.628811,54.752438,On or near Carr Avenue,E01020686,County Durham 038B,Bicycle theft,Unable to prosecute suspect,
fb1fbf6ae7637c4830d11559bdedd3d97917b53e8b7b7fb0f5365ff33ded1eeb,2020-08,Durham Constabulary,Durham Constabulary,-1.634615,54.751440,On or near Vicarage Flats,E01020686,County Durham 038B,Criminal damage and arson,Investigation complete; no suspect identified,
7c0083d475cd3542921374f8b52fc89e342e3fc0c61ae5beda188048c9a203fb,2020-08,Durham Constabulary,Durham Constabulary,-1.634615,54.751440,On or near Vicarage Flats,E01020686,County Durham 038B,Criminal damage and arson,Investigation complete; no suspect identified,
edbdb9726404e536c3b284a5c60671dcaf6c5722cb35460a15903e41a9231348,2020-08,Durham Constabulary,Durham Constabulary,-1.634615,54.751440,On or near Vicarage Flats,E01020686,County Durham 038B,Criminal damage and arson,Investigation complete; no suspect identified,
a3765e32e6c0fa68b44b0ae8f60fd40c7279107ab2bc08202ba9e84977641f8f,2020-08,Durham Constabulary,Durham Constabulary,-1.634615,54.751440,On or near Vicarage Flats,E01020686,County Durham 038B,Criminal damage and arson,Investigation complete; no suspect identified,
03f3e7c8b587f9e1e05ba6dce02240b4c17077846549d9efc1f5c7917f291d26,2020-08,Durham Constabulary,Durham Constabulary,-1.634615,54.751440,On or near Vicarage Flats,E01020686,County Durham 038B,Criminal damage and arson,Investigation complete; no suspect identified,
dd5a9fec87fce3d7aeac96d9f828c4254169b463071ef892b522829af3c80916,2020-08,Durham Constabulary,Durham Constabulary,-1.634567,54.748187,On or near Grove Road,E01020686,County Durham 038B,Public order,Further investigation is not in the public interest,
9b4272afb6312651ac8fc682ff309a4d368dc761b1f982b54a175e12de13a9a3,2020-08,Durham Constabulary,Durham Constabulary,-1.634529,54.752384,On or near Rowan Lea,E01020686,County Durham 038B,Public order,Investigation complete; no suspect identified,
6e5933d2dc64b7594715a982e61ecf87048cbed9016b86b256d39ffb513b0b70,2020-08,Durham Constabulary,Durham Constabulary,-1.638508,54.746923,On or near Clover Laid,E01020686,County Durham 038B,Shoplifting,Investigation complete; no suspect identified,
19c1c4ff1238808e895b8508f161aacd747558d19e95befa01444b063dd63055,2020-08,Durham Constabulary,Durham Constabulary,-1.630539,54.752084,On or near Parking Area,E01020686,County Durham 038B,Shoplifting,Further investigation is not in the public interest,
515443046eecad464ffe44ec4d5771b2104a7d1dceefaa510fd4491ff35d86d7,2020-08,Durham Constabulary,Durham Constabulary,-1.633935,54.752795,On or near Red Firs,E01020686,County Durham 038B,Theft from the person,Status update unavailable,
805ee03ddf443490b391cf0d4ec025156e0656848f4720a806b8da1de4267cb4,2020-08,Durham Constabulary,Durham Constabulary,-1.634233,54.750801,On or near Sawmill Lane,E01020686,County Durham 038B,Violence and sexual offences,Unable to prosecute suspect,
c703cebf696e5de872ab00a9799782aaf0de6c607e0cfc7b02c2e08fad7df3ea,2020-08,Durham Constabulary,Durham Constabulary,-1.634529,54.752384,On or near Rowan Lea,E01020686,County Durham 038B,Violence and sexual offences,Unable to prosecute suspect,
8746b32f25ef8ea1e00ec98e2f0b7452cecf5fbdca66387ea6fdfd5a8212ba14,2020-08,Durham Constabulary,Durham Constabulary,-1.634567,54.748187,On or near Grove Road,E01020686,County Durham 038B,Violence and sexual offences,Further investigation is not in the public interest,
d1e6d261d8a689891082ea2f1fdab0d9bd1741e68eb2f9731c6a7dcd631c6e94,2020-08,Durham Constabulary,Durham Constabulary,-1.630905,54.751088,On or near Lowland Road,E01020686,County Durham 038B,Violence and sexual offences,Unable to prosecute suspect,
d1e6d261d8a689891082ea2f1fdab0d9bd1741e68eb2f9731c6a7dcd631c6e94,2020-08,Durham Constabulary,Durham Constabulary,-1.630905,54.751088,On or near Lowland Road,E01020686,County Durham 038B,Violence and sexual offences,Status update unavailable,
55dca2576a311cebc9e7049f0d9d597f90c0a2c9a103fd441044689c948aa942,2020-08,Durham Constabulary,Durham Constabulary,-1.634615,54.751440,On or near Vicarage Flats,E01020686,County Durham 038B,Violence and sexual offences,Unable to prosecute suspect,
,2020-08,Durham Constabulary,Durham Constabulary,-1.636673,54.748966,On or near Briar Avenue,E01020687,County Durham 038C,Anti-social behaviour,,
,2020-08,Durham Constabulary,Durham Constabulary,-1.639427,54.748426,On or near Black Thorn Close,E01020687,County Durham 038C,Anti-social behaviour,,
,2020-08,Durham Constabulary,Durham Constabulary,-1.639427,54.748426,On or near Black Thorn Close,E01020687,County Durham 038C,Anti-social behaviour,,
d4ec0f441ff4a93931c96dfe4d4b13aefb77760a74ac5f9d2d42c703d407666e,2020-08,Durham Constabulary,Durham Constabulary,-1.644739,54.746788,On or near Ashbrook Close,E01020687,County Durham 038C,Criminal damage and arson,Further action is not in the public interest,
2da236067bff81cb4352af638b39af8c48bad84dad73fdc9d8cd133889f8fde7,2020-08,Durham Constabulary,Durham Constabulary,-1.636673,54.748966,On or near Briar Avenue,E01020687,County Durham 038C,Other theft,Unable to prosecute suspect,
bfb75d7b3ccd2de7791479119843f2bca51bec4432d46189e0296107d15c2fe6,2020-08,Durham Constabulary,Durham Constabulary,-1.638086,54.748988,On or near Bell Meadow,E01020687,County Durham 038C,Violence and sexual offences,Unable to prosecute suspect,
49a8f1df699f85906264097996b88e036669c92db178ae0ac9079ca9a0dd6023,2020-08,Durham Constabulary,Durham Constabulary,-1.639427,54.748426,On or near Black Thorn Close,E01020687,County Durham 038C,Violence and sexual offences,Unable to prosecute suspect,
,2020-08,Durham Constabulary,Durham Constabulary,-1.638419,54.751721,On or near Dove Close,E01020688,County Durham 038D,Anti-social behaviour,,
,2020-08,Durham Constabulary,Durham Constabulary,-1.645714,54.749020,On or near Maple Court,E01020688,County Durham 038D,Anti-social behaviour,,
,2020-08,Durham Constabulary,Durham Constabulary,-1.633655,54.754511,On or near Midhill Close,E01020688,County Durham 038D,Anti-social behaviour,,
bef2a43d96f4e4fc8e567db0277a04b1424efef0ce32af9f9710fa60d4d0ad67,2020-08,Durham Constabulary,Durham Constabulary,-1.637925,54.753149,On or near Pine Lea,E01020688,County Durham 038D,Criminal damage and arson,Local resolution,
672996d4a68ebbbcbf43499a2d85f8de950032bb7817d90770a899e5e159c257,2020-08,Durham Constabulary,Durham Constabulary,-1.645714,54.749020,On or near Maple Court,E01020688,County Durham 038D,Public order,Unable to prosecute suspect,
ade5158c984a9fa071862ba452f69c074a8b0c9bdbf4c06aa7c0e7fae4d775bb,2020-08,Durham Constabulary,Durham Constabulary,-1.638371,54.753644,On or near Pear Lea,E01020688,County Durham 038D,Violence and sexual offences,Unable to prosecute suspect,
61f54f410242cf803455e04508847f3a71c80fb262d35c08fb0895b85145fd9b,2020-08,Durham Constabulary,Durham Constabulary,-1.637292,54.752724,On or near Poplar Lea,E01020688,County Durham 038D,Violence and sexual offences,Local resolution,
48dcd5fa105bf6c226c0d9c5062823df7c68e8220b148b4921b9ac076afe8d9f,2020-08,Durham Constabulary,Durham Constabulary,-1.637292,54.752724,On or near Poplar Lea,E01020688,County Durham 038D,Violence and sexual offences,Unable to prosecute suspect,
1fa987d5f2f38f2fb3f315f1bb0bc1ac2b186e6bcd31dc44f39c302850797fd0,2020-08,Durham Constabulary,Durham Constabulary,-1.638371,54.753644,On or near Pear Lea,E01020688,County Durham 038D,Violence and sexual offences,Unable to prosecute suspect,
c27f24cd19e84f81d96558efeac1714c1919e67edcfa4915e3e6440d5597b2ad,2020-08,Durham Constabulary,Durham Constabulary,-1.645714,54.749020,On or near Maple Court,E01020688,County Durham 038D,Violence and sexual offences,Unable to prosecute suspect,
f80abdab2da90e0885e71cd8a4a057b6d21a759c7dc034166addc165647cdd39,2020-08,Durham Constabulary,Durham Constabulary,-1.642028,54.754805,On or near High Meadows,E01020688,County Durham 038D,Violence and sexual offences,Unable to prosecute suspect,
,2020-08,Durham Constabulary,Durham Constabulary,-1.624863,54.757692,On or near Stack Garth,E01020689,County Durham 038E,Anti-social behaviour,,
,2020-08,Durham Constabulary,Durham Constabulary,-1.630131,54.754168,On or near Holly Park,E01020689,County Durham 038E,Anti-social behaviour,,
,2020-08,Durham Constabulary,Durham Constabulary,-1.623478,54.756223,On or near Tiree Close,E01020689,County Durham 038E,Anti-social behaviour,,
,2020-08,Durham Constabulary,Durham Constabulary,-1.624863,54.757692,On or near Stack Garth,E01020689,County Durham 038E,Anti-social behaviour,,
,2020-08,Durham Constabulary,Durham Constabulary,-1.623478,54.756223,On or near Tiree Close,E01020689,County Durham 038E,Anti-social behaviour,,
,2020-08,Durham Constabulary,Durham Constabulary,-1.624863,54.757692,On or near Stack Garth,E01020689,County Durham 038E,Anti-social behaviour,,
7946fce569758320e22c32f71d77b13f3e3a848511c63c0b952e6c7629576f85,2020-08,Durham Constabulary,Durham Constabulary,-1.629254,54.756690,On or near Sports/Recreation Area,E01020689,County Durham 038E,Criminal damage and arson,Investigation complete; no suspect identified,
c5f0d27264b3d322cd0226bc09b26ed388c4b5a4d98d379cc1564f4097ea07a2,2020-08,Durham Constabulary,Durham Constabulary,-1.623478,54.756223,On or near Tiree Close,E01020689,County Durham 038E,Criminal damage and arson,Local resolution,
3a648b9d63466847aa4bced9f494b83433082519f09c4cca830fd58f4b729a57,2020-08,Durham Constabulary,Durham Constabulary,-1.624863,54.757692,On or near Stack Garth,E01020689,County Durham 038E,Criminal damage and arson,Local resolution,
d5d8e0cdd6124a4818ff5264349004c8a20cc8d11cf3838f8b23d1506652f433,2020-08,Durham Constabulary,Durham Constabulary,-1.629686,54.753573,On or near Hawthorn Park,E01020689,County Durham 038E,Other theft,Investigation complete; no suspect identified,
2b6c205dd26618a78b2ec0b0c16b941906b3e2c32dbbebe82bfe34a21c53010c,2020-08,Durham Constabulary,Durham Constabulary,-1.630131,54.754168,On or near Holly Park,E01020689,County Durham 038E,Public order,Court result unavailable,
89e343ac99c1173b0ebc8bfc80c105c3ff301d6a7dee6583be93305af15b1bca,2020-08,Durham Constabulary,Durham Constabulary,-1.623478,54.756223,On or near Tiree Close,E01020689,County Durham 038E,Public order,Unable to prosecute suspect,
55a1827e0aed11dc3d54072c6078d0f5e31b5963c685d30ef7b913b267732a1f,2020-08,Durham Constabulary,Durham Constabulary,-1.623478,54.756223,On or near Tiree Close,E01020689,County Durham 038E,Public order,Further investigation is not in the public interest,
87126937c96dd47d919aae73aad3e8dd93f7b36a2c6e1cb5d8cc9f76162d6b30,2020-08,Durham Constabulary,Durham Constabulary,-1.623478,54.756223,On or near Tiree Close,E01020689,County Durham 038E,Violence and sexual offences,Further investigation is not in the public interest,
d949167310b51d4cb417547a53beb5fbbd3ab7047eadb63872ed09eca18d6492,2020-08,Durham Constabulary,Durham Constabulary,-1.624863,54.757692,On or near Stack Garth,E01020689,County Durham 038E,Violence and sexual offences,Court result unavailable,
3de7bfb236eee310c7ac2a7a0328b830f94b6b0dc8c3cf806298022990654092,2020-08,Durham Constabulary,Durham Constabulary,-1.630131,54.754168,On or near Holly Park,E01020689,County Durham 038E,Violence and sexual offences,Court result unavailable,
4afe4a7f4b972c5cb11e4a16f30c5d9911184ca175cf5d46458de4b93c9fc3d6,2020-08,Durham Constabulary,Durham Constabulary,-1.623478,54.756223,On or near Tiree Close,E01020689,County Durham 038E,Violence and sexual offences,Unable to prosecute suspect,
85db9e6e5a6900fbbaa9f3ebf09171a34ab622f02f1ca2df08816f6f73be45e6,2020-08,Durham Constabulary,Durham Constabulary,-1.624863,54.757692,On or near Stack Garth,E01020689,County Durham 038E,Violence and sexual offences,Unable to prosecute suspect,
,2020-08,Durham Constabulary,Durham Constabulary,-1.253357,54.728089,On or near Parking Area,E01020736,County Durham 039A,Anti-social behaviour,,
,2020-08,Durham Constabulary,Durham Constabulary,-1.279137,54.740135,On or near Ocean View,E01020736,County Durham 039A,Anti-social behaviour,,
,2020-08,Durham Constabulary,Durham Constabulary,-1.279137,54.740135,On or near Ocean View,E01020736,County Durham 039A,Anti-social behaviour,,
,2020-08,Durham Constabulary,Durham Constabulary,-1.273600,54.740569,On or near The Sidings,E01020736,County Durham 039A,Anti-social behaviour,,
93221e40361b0968a1da6f2bc68f64f1419d6bf2a53f47913113562700fd2a72,2020-08,Durham Constabulary,Durham Constabulary,-1.253357,54.728089,On or near Parking Area,E01020736,County Durham 039A,Criminal damage and arson,Unable to prosecute suspect,
d74d44a16f196ada777e35923b0b6d97c1e2f8c7ab72b82c1c6642c7b0b93b12,2020-08,Durham Constabulary,Durham Constabulary,-1.269419,54.732060,On or near Fillpoke Lane,E01020736,County Durham 039A,Criminal damage and arson,Unable to prosecute suspect,
58a059626cb1cf5ed26f762c44ccfd09449bf47849400a9d6d5e5f68623c8db8,2020-08,Durham Constabulary,Durham Constabulary,-1.253357,54.728089,On or near Parking Area,E01020736,County Durham 039A,Other theft,Investigation complete; no suspect identified,
2bc63331879a969c749b39c301b0f49f2603ac3f476869d59994731432a0c6ee,2020-08,Durham Constabulary,Durham Constabulary,-1.280941,54.738276,On or near Sports/Recreation Area,E01020736,County Durham 039A,Other theft,Investigation complete; no suspect identified,
fe0f09812fbc8bac2be0b7d2f403337eb35184cd6768f7d534b266b9286af080,2020-08,Durham Constabulary,Durham Constabulary,-1.278147,54.739041,On or near Hart Crescent,E01020736,County Durham 039A,Public order,Unable to prosecute suspect,
6d4bbb889c71b369772a15ff5b9eb2a91747291952a71b65360411b92abf3879,2020-08,Durham Constabulary,Durham Constabulary,-1.253357,54.728089,On or near Parking Area,E01020736,County Durham 039A,Violence and sexual offences,Court result unavailable,
ff658d00f91c884f04a684c54c389e902ae24a957c834da15505b58255085cc8,2020-08,Durham Constabulary,Durham Constabulary,-1.269419,54.732060,On or near Fillpoke Lane,E01020736,County Durham 039A,Violence and sexual offences,Unable to prosecute suspect,
eff587a58fe07ed14cf6be74016dcd9a052d12becc52878ec6ffd4d4f60d0f72,2020-08,Durham Constabulary,Durham Constabulary,-1.253357,54.728089,On or near Parking Area,E01020736,County Durham 039A,Violence and sexual offences,Unable to prosecute suspect,
45df7a2d7fcb6a8475865654db5039e84b6983496a5a60b246c5d1386b3e6cbc,2020-08,Durham Constabulary,Durham Constabulary,-1.269419,54.732060,On or near Fillpoke Lane,E01020736,County Durham 039A,Violence and sexual offences,Investigation complete; no suspect identified,
63365afe5735e0915594c9437df3ff4e281949feb03aec1bd2a966404fd7ab82,2020-08,Durham Constabulary,Durham Constabulary,-1.253357,54.728089,On or near Parking Area,E01020736,County Durham 039A,Violence and sexual offences,Unable to prosecute suspect,
3d503d42f09b4475be689a9996143dfcd3f4821e95567c2f861f34e0486a7b3f,2020-08,Durham Constabulary,Durham Constabulary,-1.278147,54.739041,On or near Hart Crescent,E01020736,County Durham 039A,Violence and sexual offences,Unable to prosecute suspect,
8d645d53e404b51215ea39d642bdbc8658673f969e6f8282c469f357cc4af7cd,2020-08,Durham Constabulary,Durham Constabulary,-1.253357,54.728089,On or near Parking Area,E01020736,County Durham 039A,Violence and sexual offences,Unable to prosecute suspect,
05a2be1797f3778f58c8dc070ceb28a5f2ead0ebc50b8d3ee6b70226da619ba9,2020-08,Durham Constabulary,Durham Constabulary,-1.278147,54.739041,On or near Hart Crescent,E01020736,County Durham 039A,Violence and sexual offences,Unable to prosecute suspect,
a3fbc5d76a5a5686675b8ab2a9031a7dc3fde737624c58198abd1ea21eb844f4,2020-08,Durham Constabulary,Durham Constabulary,-1.277785,54.740189,On or near Tweddle Crescent,E01020736,County Durham 039A,Violence and sexual offences,Unable to prosecute suspect,
af1efc136aaf77dee66e27ecc02635e562958cf675c55ffd9ce92679c9486e43,2020-08,Durham Constabulary,Durham Constabulary,-1.276992,54.739394,On or near Attlee Avenue,E01020736,County Durham 039A,Violence and sexual offences,Status update unavailable,
358348787da4cb698ed28150e4ac8747eedb677c139ba31f4d9be1a7afdce86e,2020-08,Durham Constabulary,Durham Constabulary,-1.253357,54.728089,On or near Parking Area,E01020736,County Durham 039A,Violence and sexual offences,Investigation complete; no suspect identified,
244bed101bc440b7367e568c0b035b09147a588aac249b70b2aaaffa095f44ee,2020-08,Durham Constabulary,Durham Constabulary,-1.253357,54.728089,On or near Parking Area,E01020736,County Durham 039A,Violence and sexual offences,Unable to prosecute suspect,
9da50435c59e59a890b630e03734292b7fbc2f3c70120b2a2cc49c111f82fb34,2020-08,Durham Constabulary,Durham Constabulary,-1.253357,54.728089,On or near Parking Area,E01020736,County Durham 039A,Violence and sexual offences,Court result unavailable,
,2020-08,Durham Constabulary,Durham Constabulary,-1.296902,54.748435,On or near Welfare Crescent,E01020737,County Durham 039B,Anti-social behaviour,,
,2020-08,Durham Constabulary,Durham Constabulary,-1.303650,54.743603,On or near Hesleden Road,E01020737,County Durham 039B,Anti-social behaviour,,
,2020-08,Durham Constabulary,Durham Constabulary,-1.297628,54.753166,On or near Shaftesbury Road,E01020737,County Durham 039B,Anti-social behaviour,,
9ba539a9f3763c408f1359fe21cd7125300b2d3b035c5adc415f66169ab709f5,2020-08,Durham Constabulary,Durham Constabulary,-1.294420,54.750011,On or near Eleventh Street,E01020737,County Durham 039B,Burglary,Investigation complete; no suspect identified,
20cdfdcb40cb20412256aae66e1271359363322ebc95b0475f82c3693cd5f4d7,2020-08,Durham Constabulary,Durham Constabulary,-1.297628,54.753166,On or near Shaftesbury Road,E01020737,County Durham 039B,Burglary,Investigation complete; no suspect identified,
5dd35cf06020ce136da04d52620b5fb0619f6bc72d5d08c91f902fa7a5830fd4,2020-08,Durham Constabulary,Durham Constabulary,-1.297628,54.753166,On or near Shaftesbury Road,E01020737,County Durham 039B,Criminal damage and arson,Investigation complete; no suspect identified,
75af8a2e00d37d0cb233c1c4b98b6abbdf17ea34ae42353596e001f47c06d75d,2020-08,Durham Constabulary,Durham Constabulary,-1.292922,54.746830,On or near North Street,E01020737,County Durham 039B,Vehicle crime,Unable to prosecute suspect,
37ae70d2b70a91e7fc3ebf3c812fd47b3f25becc49f88ee88f3ab3ad9668c4e4,2020-08,Durham Constabulary,Durham Constabulary,-1.294850,54.747668,On or near Hardwick Street,E01020737,County Durham 039B,Violence and sexual offences,Local resolution,
bb3a2abf00b494e0eba20652af8d578d7bb6c55245c3d22abc2d29b66c839869,2020-08,Durham Constabulary,Durham Constabulary,-1.297628,54.753166,On or near Shaftesbury Road,E01020737,County Durham 039B,Violence and sexual offences,Unable to prosecute suspect,
bd6c8987b12fdd7f934b935359455a0078e738e3e0a1bca7ccf7bdd19820f3a4,2020-08,Durham Constabulary,Durham Constabulary,-1.294420,54.750011,On or near Eleventh Street,E01020737,County Durham 039B,Violence and sexual offences,Unable to prosecute suspect,
d9ba847ae789fd597e4d9290b8535f3104eda5597d567f91b122c1941f1532b0,2020-08,Durham Constabulary,Durham Constabulary,-1.292922,54.746830,On or near North Street,E01020737,County Durham 039B,Violence and sexual offences,Unable to prosecute suspect,
550a69d3e934ac4868e2078ac34bc8242ef14bf94024ad175ead3fe7128fc2ca,2020-08,Durham Constabulary,Durham Constabulary,-1.296902,54.748435,On or near Welfare Crescent,E01020737,County Durham 039B,Violence and sexual offences,Unable to prosecute suspect,
efdf4964f65c9638d723f23bba04f491de07aac56aa182779705b0c962521a61,2020-08,Durham Constabulary,Durham Constabulary,-1.294420,54.750011,On or near Eleventh Street,E01020737,County Durham 039B,Violence and sexual offences,Unable to prosecute suspect,
2aeede9082cc9261dc73e4314765fe039a680b53f242894eaa4979fd99c766f8,2020-08,Durham Constabulary,Durham Constabulary,-1.297628,54.753166,On or near Shaftesbury Road,E01020737,County Durham 039B,Violence and sexual offences,Investigation complete; no suspect identified,
272a5b30a30e4df94c56f2d6b58f50da46b2c6545c4d6764cd9082fda6a69a03,2020-08,Durham Constabulary,Durham Constabulary,-1.292280,54.745334,On or near Laidler Close,E01020737,County Durham 039B,Violence and sexual offences,Local resolution,
6b7660ff7008fd5176db2870ca05861c50b3ca31d27297dc728796e67ba8f5ac,2020-08,Durham Constabulary,Durham Constabulary,-1.297628,54.753166,On or near Shaftesbury Road,E01020737,County Durham 039B,Other crime,Court result unavailable,
,2020-08,Durham Constabulary,Durham Constabulary,-1.286921,54.747118,On or near Corry Close,E01020738,County Durham 039C,Anti-social behaviour,,
,2020-08,Durham Constabulary,Durham Constabulary,-1.278339,54.742251,On or near Lilac Avenue,E01020738,County Durham 039C,Anti-social behaviour,,
ad46f970e26f2d523ec66d70fab18f90b6ce568eaea92722be1ff88a9f879a5e,2020-08,Durham Constabulary,Durham Constabulary,-1.283617,54.744169,On or near Meadow Avenue,E01020738,County Durham 039C,Burglary,Investigation complete; no suspect identified,
db79b9c0c6d147a43aa3912daaedc2656f0d4837be615499eaf49696a032af54,2020-08,Durham Constabulary,Durham Constabulary,-1.283744,54.744907,On or near Petrol Station,E01020738,County Durham 039C,Other theft,Court result unavailable,
155237a52a1517e5a024ee39853202b216065efeda67c5c918252ca7a454e446,2020-08,Durham Constabulary,Durham Constabulary,-1.283744,54.744907,On or near Petrol Station,E01020738,County Durham 039C,Other theft,Court result unavailable,
d1ee9b8fe3a1bc94ac401c9065a87cde237263f3cf313be1e86eaaaa65ad5895,2020-08,Durham Constabulary,Durham Constabulary,-1.287971,54.747493,On or near First Street,E01020738,County Durham 039C,Public order,Unable to prosecute suspect,
8837d0942be7fae1bcc9c3a230b675aeeb37ca00e0bb2224c94f68929791af9a,2020-08,Durham Constabulary,Durham Constabulary,-1.283744,54.744907,On or near Petrol Station,E01020738,County Durham 039C,Shoplifting,Investigation complete; no suspect identified,
0e14a1d0e696df8d9af524f3e3c89455ea7eb18459d4ad5970a6662380f6e090,2020-08,Durham Constabulary,Durham Constabulary,-1.276741,54.741226,On or near Station Road,E01020738,County Durham 039C,Theft from the person,Investigation complete; no suspect identified,
8099a8a487ef733a9b8536f74fa4de266265caf59860a9658ed8c4867fbb7a6d,2020-08,Durham Constabulary,Durham Constabulary,-1.284284,54.746015,On or near Enid Gardens,E01020738,County Durham 039C,Violence and sexual offences,Unable to prosecute suspect,
,2020-08,Durham Constabulary,Durham Constabulary,-1.293725,54.749782,On or near Tenth Street,E01020739,County Durham 039D,Anti-social behaviour,,
,2020-08,Durham Constabulary,Durham Constabulary,-1.288321,54.747908,On or near Second Street,E01020739,County Durham 039D,Anti-social behaviour,,
,2020-08,Durham Constabulary,Durham Constabulary,-1.291256,54.747072,On or near The Crescent,E01020739,County Durham 039D,Anti-social behaviour,,
,2020-08,Durham Constabulary,Durham Constabulary,-1.289430,54.748445,On or near Fourth Street,E01020739,County Durham 039D,Anti-social behaviour,,
,2020-08,Durham Constabulary,Durham Constabulary,-1.293725,54.749782,On or near Tenth Street,E01020739,County Durham 039D,Anti-social behaviour,,
,2020-08,Durham Constabulary,Durham Constabulary,-1.291831,54.749726,On or near Eighth Street,E01020739,County Durham 039D,Anti-social behaviour,,
,2020-08,Durham Constabulary,Durham Constabulary,-1.293725,54.749782,On or near Tenth Street,E01020739,County Durham 039D,Anti-social behaviour,,
,2020-08,Durham Constabulary,Durham Constabulary,-1.291831,54.749726,On or near Eighth Street,E01020739,County Durham 039D,Anti-social behaviour,,
362ee8ff9012dba3fc463a513baf0224d05190683081cda79f00d40f81f26645,2020-08,Durham Constabulary,Durham Constabulary,-1.291521,54.748763,On or near Middle Street,E01020739,County Durham 039D,Burglary,Investigation complete; no suspect identified,
00f5bac747d448eb1dfd9a33ba1e472922e5f583929d956aed0e1a6455dcf349,2020-08,Durham Constabulary,Durham Constabulary,-1.288321,54.747908,On or near Second Street,E01020739,County Durham 039D,Burglary,Further action is not in the public interest,
f433d52b4d9c0b7cd0d33464f45a10fbab7a6197b21e44fee9ccef68ce3b3e92,2020-08,Durham Constabulary,Durham Constabulary,-1.291256,54.747072,On or near The Crescent,E01020739,County Durham 039D,Burglary,Unable to prosecute suspect,
9e1b004f082576cd446eb216c08a463cfc70564b334d429ba7c11196d62c29b2,2020-08,Durham Constabulary,Durham Constabulary,-1.288321,54.747908,On or near Second Street,E01020739,County Durham 039D,Criminal damage and arson,Unable to prosecute suspect,
93e489d48ed963cb5bde8125d1636b5c336b4a00522b68f6fbe811ce6cdd7d14,2020-08,Durham Constabulary,Durham Constabulary,-1.289048,54.748075,On or near Third Street,E01020739,County Durham 039D,Criminal damage and arson,Investigation complete; no suspect identified,
1817dd8206a93bb6f17617dff25470bb5f9b96cbe42c3b2d05d0108b1c79a538,2020-08,Durham Constabulary,Durham Constabulary,-1.293297,54.749411,On or near Ninth Street,E01020739,County Durham 039D,Criminal damage and arson,Investigation complete; no suspect identified,
bc989009b88230c9cb490bd1602d5a5f0fe3c28cbee6551cc665bedd0b5a14cc,2020-08,Durham Constabulary,Durham Constabulary,-1.289048,54.748075,On or near Third Street,E01020739,County Durham 039D,Criminal damage and arson,Investigation complete; no suspect identified,
2eff751b949c3173ea66419644590a65c88ffa723875a32969f297e1fc68b929,2020-08,Durham Constabulary,Durham Constabulary,-1.293725,54.749782,On or near Tenth Street,E01020739,County Durham 039D,Drugs,Investigation complete; no suspect identified,
ee6169203bf089511a29529c698cc7836d678aff9c7984969574716aafa31b13,2020-08,Durham Constabulary,Durham Constabulary,-1.289048,54.748075,On or near Third Street,E01020739,County Durham 039D,Drugs,Court result unavailable,
35d040e65697cd461b200a47343330f491d6fbf52d327cde2e632885f5dce31a,2020-08,Durham Constabulary,Durham Constabulary,-1.291521,54.748763,On or near Middle Street,E01020739,County Durham 039D,Other theft,Unable to prosecute suspect,
c6df2b630520c9d15b591b35da440c458c4ebcc51941b23cd7531d7cf11f47d2,2020-08,Durham Constabulary,Durham Constabulary,-1.289048,54.748075,On or near Third Street,E01020739,County Durham 039D,Other theft,Unable to prosecute suspect,
f6cd71e2c0ec24c50ef3c74243f68fa024cf4c0fd5a90a7eb411ec5e53c484c6,2020-08,Durham Constabulary,Durham Constabulary,-1.289048,54.748075,On or near Third Street,E01020739,County Durham 039D,Other theft,Unable to prosecute suspect,
31fa8cdf6be00f37334fef59efe25d47dd3e57a2c1133724c84799b7a5dcc4db,2020-08,Durham Constabulary,Durham Constabulary,-1.293725,54.749782,On or near Tenth Street,E01020739,County Durham 039D,Public order,Further investigation is not in the public interest,
51d74b549a977147f7d8d66f4d2da54fac641615dc6d932117c9184e0e04d5f0,2020-08,Durham Constabulary,Durham Constabulary,-1.291521,54.748763,On or near Middle Street,E01020739,County Durham 039D,Shoplifting,Investigation complete; no suspect identified,
168827132f82552910d956f099d734f231b84bf18c35f08dd21eaa4487c454ab,2020-08,Durham Constabulary,Durham Constabulary,-1.291521,54.748763,On or near Middle Street,E01020739,County Durham 039D,Shoplifting,Investigation complete; no suspect identified,
e203d8fc86fdfa3100432656b4fde1c12b29cedf207a6e706c6007be740e8350,2020-08,Durham Constabulary,Durham Constabulary,-1.291521,54.748763,On or near Middle Street,E01020739,County Durham 039D,Shoplifting,Investigation complete; no suspect identified,
3aeaeaf8ee59c1aa222f64424a878ab434691d90afddf2b9a57ebf1f2eb55b07,2020-08,Durham Constabulary,Durham Constabulary,-1.291521,54.748763,On or near Middle Street,E01020739,County Durham 039D,Shoplifting,Investigation complete; no suspect identified,
8e6a70fdacc4a5fea6ce95df3e5bde7e05d1406198276667d45279fd1a8b8f3e,2020-08,Durham Constabulary,Durham Constabulary,-1.291521,54.748763,On or near Middle Street,E01020739,County Durham 039D,Shoplifting,Investigation complete; no suspect identified,
23ae4f2e4b90b6e8abadee77cc2fd9ad03354605b8099fe2f4114bc8e46fd8e0,2020-08,Durham Constabulary,Durham Constabulary,-1.291521,54.748763,On or near Middle Street,E01020739,County Durham 039D,Shoplifting,Further investigation is not in the public interest,
8d21ecc200aa3919d0967b62fadd1b14c5a3cb054b42e847512527fbd3c312a5,2020-08,Durham Constabulary,Durham Constabulary,-1.289953,54.748727,On or near Fifth Street,E01020739,County Durham 039D,Theft from the person,Investigation complete; no suspect identified,
1cdfc53f6ae5f3ce02d6c65fbf6593386999b43402e8e317340ff7bb63d74ba1,2020-08,Durham Constabulary,Durham Constabulary,-1.289430,54.748445,On or near Fourth Street,E01020739,County Durham 039D,Theft from the person,Unable to prosecute suspect,
c07311ed8c4a696af42e98e9d4fc94d70dba9c0f93a1bbd24d3979b35a71c5d6,2020-08,Durham Constabulary,Durham Constabulary,-1.289048,54.748075,On or near Third Street,E01020739,County Durham 039D,Theft from the person,Unable to prosecute suspect,
0e52c5f096b2da58359d37ab652f54384c82a191236155f2348dbaea0551bc61,2020-08,Durham Constabulary,Durham Constabulary,-1.293297,54.749411,On or near Ninth Street,E01020739,County Durham 039D,Vehicle crime,Investigation complete; no suspect identified,
0e52c5f096b2da58359d37ab652f54384c82a191236155f2348dbaea0551bc61,2020-08,Durham Constabulary,Durham Constabulary,-1.293297,54.749411,On or near Ninth Street,E01020739,County Durham 039D,Vehicle crime,Status update unavailable,
d6269f2569bc3aa1bf31276e8b8975c9217d0694fe2f03bbc33d3f50f8172693,2020-08,Durham Constabulary,Durham Constabulary,-1.288321,54.747908,On or near Second Street,E01020739,County Durham 039D,Violence and sexual offences,Unable to prosecute suspect,
4bfd41ee7f78306e05d53024dadc19c49a60a5eb393cebef656ebe50fcc389f0,2020-08,Durham Constabulary,Durham Constabulary,-1.289016,54.747257,On or near Supermarket,E01020739,County Durham 039D,Violence and sexual offences,Unable to prosecute suspect,
9df6203cf5e8339381aa587a23f833ee7554077bd68407cf9f3b33e8e554207d,2020-08,Durham Constabulary,Durham Constabulary,-1.288321,54.747908,On or near Second Street,E01020739,County Durham 039D,Violence and sexual offences,Unable to prosecute suspect,
6f7096072e848181c4a08d8727e73379fba13a4f13d123fab463c566941b51b6,2020-08,Durham Constabulary,Durham Constabulary,-1.289430,54.748445,On or near Fourth Street,E01020739,County Durham 039D,Violence and sexual offences,Investigation complete; no suspect identified,
827a039201c36fe8ba8eed96f56cdc1ed71a3b5df29f0ac557f98e16b4bb8bd3,2020-08,Durham Constabulary,Durham Constabulary,-1.288321,54.747908,On or near Second Street,E01020739,County Durham 039D,Violence and sexual offences,Further action is not in the public interest,
65088b4ebe66a68687b88703f05bab7a4fdf8f9b04cd54d3010f4382f3d0fd4c,2020-08,Durham Constabulary,Durham Constabulary,-1.291261,54.749471,On or near Seventh Street,E01020739,County Durham 039D,Violence and sexual offences,Court result unavailable,
925e127629fa455b3f567198fda6f4400f84794763040b419f9da21912ec7a15,2020-08,Durham Constabulary,Durham Constabulary,-1.291521,54.748763,On or near Middle Street,E01020739,County Durham 039D,Violence and sexual offences,Unable to prosecute suspect,
dfb6ec9a4ef936eac33f5da02f90f67f7c3148ebcd494e3ae9e09d4863785c91,2020-08,Durham Constabulary,Durham Constabulary,-1.288321,54.747908,On or near Second Street,E01020739,County Durham 039D,Violence and sexual offences,Unable to prosecute suspect,
c1194af4913b2c636f64de407e82a615942c04f5fe4f628f70d1504f20b63374,2020-08,Durham Constabulary,Durham Constabulary,-1.289953,54.748727,On or near Fifth Street,E01020739,County Durham 039D,Violence and sexual offences,Court result unavailable,
b024c23f552bbd00837012e4d8baa0f9a4e0d42a88bfc502b6e28eae8d6169a2,2020-08,Durham Constabulary,Durham Constabulary,-1.289048,54.748075,On or near Third Street,E01020739,County Durham 039D,Violence and sexual offences,Investigation complete; no suspect identified,
f5309885ce4fd58aee9c8e9e2e08711a46885fd39e1b8e61c19f0a60ed010f9b,2020-08,Durham Constabulary,Durham Constabulary,-1.289953,54.748727,On or near Fifth Street,E01020739,County Durham 039D,Violence and sexual offences,Court result unavailable,
a3a550854a1e6b64f5b39e8344e07d4daf0ed5175ee748d365df99129abb51f3,2020-08,Durham Constabulary,Durham Constabulary,-1.289048,54.748075,On or near Third Street,E01020739,County Durham 039D,Violence and sexual offences,Unable to prosecute suspect,
7c5ee8e9ecac091abc3acc0537fc71042d81c14a6b9b0a6a43b69b2564b80329,2020-08,Durham Constabulary,Durham Constabulary,-1.291521,54.748763,On or near Middle Street,E01020739,County Durham 039D,Violence and sexual offences,Unable to prosecute suspect,
30240dadf03a547775a5f60156d96c6e7e4b12ec561df47312381823b10d1995,2020-08,Durham Constabulary,Durham Constabulary,-1.291521,54.748763,On or near Middle Street,E01020739,County Durham 039D,Violence and sexual offences,Unable to prosecute suspect,
09b27e751837a18d8add91ff141acfac4d9f637ff766301b437cc05472daa78f,2020-08,Durham Constabulary,Durham Constabulary,-1.289953,54.748727,On or near Fifth Street,E01020739,County Durham 039D,Violence and sexual offences,Court result unavailable,
f44bb348d43729e25966cb8577d35b0d5f75c0f570d298090f43cfd323310730,2020-08,Durham Constabulary,Durham Constabulary,-1.291521,54.748763,On or near Middle Street,E01020739,County Durham 039D,Violence and sexual offences,Action to be taken by another organisation,
bf6d6968126beb4ee6a8064fe8ec91f7c5473835280d03feabb8903668c85d2d,2020-08,Durham Constabulary,Durham Constabulary,-1.291521,54.748763,On or near Middle Street,E01020739,County Durham 039D,Violence and sexual offences,Unable to prosecute suspect,
e19033b15400f898e93ae99b7f7c27d1913fbd4614655a34a3b588c2d0996be2,2020-08,Durham Constabulary,Durham Constabulary,-1.293725,54.749782,On or near Tenth Street,E01020739,County Durham 039D,Violence and sexual offences,Investigation complete; no suspect identified,
0312fecbb9a68238704ee2ea520bcf84470ab0491e1cde13d467efccbcfbc5ff,2020-08,Durham Constabulary,Durham Constabulary,-1.288321,54.747908,On or near Second Street,E01020739,County Durham 039D,Violence and sexual offences,Further action is not in the public interest,
b8a4e44daedb83bd2ec84ecbbfc915b25f288e67fe21f756a68533f96a469077,2020-08,Durham Constabulary,Durham Constabulary,-1.289953,54.748727,On or near Fifth Street,E01020739,County Durham 039D,Other crime,Action to be taken by another organisation,
568ebe3712bb4220ceeb18af9d04a2a95e2a3e1fd900209603f3bfd5a2064ff9,2020-08,Durham Constabulary,Durham Constabulary,-1.318398,54.756178,On or near Eastfield,E01020744,County Durham 039E,Burglary,Investigation complete; no suspect identified,
4e3a766e927152c31a2b7f3953ff101a7c94e43edb7dbc59507e91d08de773d3,2020-08,Durham Constabulary,Durham Constabulary,-1.323352,54.756314,On or near Dean Close,E01020744,County Durham 039E,Criminal damage and arson,Investigation complete; no suspect identified,
f6486beb05e176004e1f760f428b94114c5d9820f0250ad24540e0cf74b4fb03,2020-08,Durham Constabulary,Durham Constabulary,-1.322033,54.755327,On or near Eastdene Way,E01020744,County Durham 039E,Criminal damage and arson,Unable to prosecute suspect,
e8cbf603922a4279307a3dbbbe0fe77be25454739915563bf4432cf858353959,2020-08,Durham Constabulary,Durham Constabulary,-1.323352,54.756314,On or near Dean Close,E01020744,County Durham 039E,Shoplifting,Court result unavailable,
a8a84962b38e02d46c8254db679e9dbf43f0110355a956f1049479ab3b0b8d5e,2020-08,Durham Constabulary,Durham Constabulary,-1.323352,54.756314,On or near Dean Close,E01020744,County Durham 039E,Theft from the person,Formal action is not in the public interest,
19dae3d8eaf4b4588f91cc98306f0a8a13679e0f1b0abc568073b301dc3ecbe0,2020-08,Durham Constabulary,Durham Constabulary,-1.323352,54.756314,On or near Dean Close,E01020744,County Durham 039E,Violence and sexual offences,Unable to prosecute suspect,
553d7758c168d7e0cbb8bb4d6bc525e32645dcd37ed30efea5acef5472684d99,2020-08,Durham Constabulary,Durham Constabulary,-1.325141,54.756216,On or near Heath Close,E01020744,County Durham 039E,Violence and sexual offences,Unable to prosecute suspect,
,2020-08,Durham Constabulary,Durham Constabulary,-1.409436,54.747777,On or near Watson Close,E01020788,County Durham 040A,Anti-social behaviour,,
,2020-08,Durham Constabulary,Durham Constabulary,-1.417734,54.745444,On or near Thornley Road,E01020788,County Durham 040A,Anti-social behaviour,,
,2020-08,Durham Constabulary,Durham Constabulary,-1.389289,54.750714,On or near Salter'S Lane,E01020788,County Durham 040A,Anti-social behaviour,,
,2020-08,Durham Constabulary,Durham Constabulary,-1.411679,54.747338,On or near Church Park,E01020788,County Durham 040A,Anti-social behaviour,,
,2020-08,Durham Constabulary,Durham Constabulary,-1.389289,54.750714,On or near Salter'S Lane,E01020788,County Durham 040A,Anti-social behaviour,,
d488b07ec027ffe1997e6a033fe1768a9a1dcdc0f0af4614dee33173336404c1,2020-08,Durham Constabulary,Durham Constabulary,-1.417734,54.745444,On or near Thornley Road,E01020788,County Durham 040A,Burglary,Investigation complete; no suspect identified,
464c87b4ed8ceea6cac6a120147fced3ee2ffb5e34168437a7709c0917f63788,2020-08,Durham Constabulary,Durham Constabulary,-1.415799,54.746064,On or near Percy Street,E01020788,County Durham 040A,Burglary,Unable to prosecute suspect,
d7de642c2192350720864285dfabf8cdbbe9d030707e4af8874823813fa4b020,2020-08,Durham Constabulary,Durham Constabulary,-1.417734,54.745444,On or near Thornley Road,E01020788,County Durham 040A,Burglary,Investigation complete; no suspect identified,
feb70b81cb53d6dee1643452998940c40aaefa8ad3356ebd3d21180c20f333ba,2020-08,Durham Constabulary,Durham Constabulary,-1.411679,54.747338,On or near Church Park,E01020788,County Durham 040A,Criminal damage and arson,Investigation complete; no suspect identified,
7fccd8f19f1566116c2f60ea34fa6ee4c2b23a4226805a40a960f80c5d8a649f,2020-08,Durham Constabulary,Durham Constabulary,-1.411679,54.747338,On or near Church Park,E01020788,County Durham 040A,Criminal damage and arson,Investigation complete; no suspect identified,
286f8c07955241ab264670196e54924deebfdf1b6aef694e06e8950ac137484d,2020-08,Durham Constabulary,Durham Constabulary,-1.407659,54.747076,On or near Patton Walk,E01020788,County Durham 040A,Criminal damage and arson,Investigation complete; no suspect identified,
f611dc89bcbb18bb5b439f70487249c8ddb479d40597c9189cbc2b7f8fc31d88,2020-08,Durham Constabulary,Durham Constabulary,-1.408372,54.748257,On or near Greenwood Close,E01020788,County Durham 040A,Criminal damage and arson,Court result unavailable,
7f6110b5180acf6987461cdddd863932648518273e036e2a7c263e98fe522e5c,2020-08,Durham Constabulary,Durham Constabulary,-1.415799,54.746064,On or near Percy Street,E01020788,County Durham 040A,Criminal damage and arson,Investigation complete; no suspect identified,
6098e8b9bf1810650a90f12579f7de3a2d70ea315a9cf617150f0ad9c0176624,2020-08,Durham Constabulary,Durham Constabulary,-1.408372,54.748257,On or near Greenwood Close,E01020788,County Durham 040A,Criminal damage and arson,Investigation complete; no suspect identified,
34638075c96a195c7a1db9b24014671312a075196fed2c212652e0750d375a37,2020-08,Durham Constabulary,Durham Constabulary,-1.417841,54.742326,On or near Shakespeare Street,E01020788,County Durham 040A,Criminal damage and arson,Unable to prosecute suspect,
64011d4648c724b45d6259767bdebf82b8404a21d1f5f3a8be6fe15c0525a63e,2020-08,Durham Constabulary,Durham Constabulary,-1.415799,54.746064,On or near Percy Street,E01020788,County Durham 040A,Criminal damage and arson,Investigation complete; no suspect identified,
5a3fa8b8252fc1d7b93095d69c34c0dd9794ed698ed619d012ed6116f59d51e9,2020-08,Durham Constabulary,Durham Constabulary,-1.389289,54.750714,On or near Salter'S Lane,E01020788,County Durham 040A,Criminal damage and arson,Investigation complete; no suspect identified,
0b38b5c39f210f990666d0ac16d1dc5f0eab534945a0505e9788987df65b86ac,2020-08,Durham Constabulary,Durham Constabulary,-1.389289,54.750714,On or near Salter'S Lane,E01020788,County Durham 040A,Criminal damage and arson,Investigation complete; no suspect identified,
a8fec2678b2d89d50f79855562543aa8eb32caea33134e7d453b787d5ab75e01,2020-08,Durham Constabulary,Durham Constabulary,-1.411679,54.747338,On or near Church Park,E01020788,County Durham 040A,Criminal damage and arson,Investigation complete; no suspect identified,
bbbee00ae70740ba000c23206c6f427add68f24e9a6feba8b2a6f18c75dabc30,2020-08,Durham Constabulary,Durham Constabulary,-1.415799,54.746064,On or near Percy Street,E01020788,County Durham 040A,Criminal damage and arson,Investigation complete; no suspect identified,
e58ec40602de0e2b26a2db00f8be7a6287aefbc16c746e7f1dde3c808ac8e987,2020-08,Durham Constabulary,Durham Constabulary,-1.418927,54.745684,On or near First Street,E01020788,County Durham 040A,Criminal damage and arson,Investigation complete; no suspect identified,
e0b4aec8388523517688d5c6d28619779645a22cf13ae84e550cfc4aa5b99633,2020-08,Durham Constabulary,Durham Constabulary,-1.407659,54.747076,On or near Patton Walk,E01020788,County Durham 040A,Criminal damage and arson,Investigation complete; no suspect identified,
4e0d5526d97739d14316e0791d345214d287e30caa92762ae34c52286f6a8ccf,2020-08,Durham Constabulary,Durham Constabulary,-1.408372,54.748257,On or near Greenwood Close,E01020788,County Durham 040A,Drugs,Offender given a drugs possession warning,
66b8c594514fd4154e58a4897d45db6c57cd932874543cffe0022bee4191ac82,2020-08,Durham Constabulary,Durham Constabulary,-1.417734,54.745444,On or near Thornley Road,E01020788,County Durham 040A,Public order,Investigation complete; no suspect identified,
c2bf6ed85bed0a635f61b2665c82274962e0a7440da1ec325ffe343cb4dc6c81,2020-08,Durham Constabulary,Durham Constabulary,-1.417734,54.745444,On or near Thornley Road,E01020788,County Durham 040A,Public order,Unable to prosecute suspect,
f5f6dd297936054d0a8d204b7cc7cc30cf52ba60672858cb0d4ed10acfc3d580,2020-08,Durham Constabulary,Durham Constabulary,-1.410825,54.747325,On or near Church Street,E01020788,County Durham 040A,Public order,Court result unavailable,
8562ea597e788935fb47bb438443578d794fb3672cf821b41a4b9e428042c0d9,2020-08,Durham Constabulary,Durham Constabulary,-1.415253,54.746232,On or near Dennis Street,E01020788,County Durham 040A,Shoplifting,Investigation complete; no suspect identified,
2ff81963aa916d9eb4c29f36a5b97655b7be8e58d2805b30a3843a2b66d7df8d,2020-08,Durham Constabulary,Durham Constabulary,-1.415253,54.746232,On or near Dennis Street,E01020788,County Durham 040A,Shoplifting,Investigation complete; no suspect identified,
ee137c7fd0dd9e5e3857312cfdcfb3a0d428f3cb4d03efd356c858032fe355d7,2020-08,Durham Constabulary,Durham Constabulary,-1.408372,54.748257,On or near Greenwood Close,E01020788,County Durham 040A,Vehicle crime,Unable to prosecute suspect,
39d68ba839a1aaf68e19061f67232dcf7f1daab89324dca76754363bfa5788c6,2020-08,Durham Constabulary,Durham Constabulary,-1.408372,54.748257,On or near Greenwood Close,E01020788,County Durham 040A,Vehicle crime,Local resolution,
0b376b599b2fd4b50dc847bebc6435836761378399b69ae8f2b6005bcf75964f,2020-08,Durham Constabulary,Durham Constabulary,-1.416492,54.741044,On or near Cemetery Road,E01020788,County Durham 040A,Violence and sexual offences,Unable to prosecute suspect,
21ff3a6d98f5fc0952d9129a0e5cedcb1db3c7d25d5507e05818d5022e1f2907,2020-08,Durham Constabulary,Durham Constabulary,-1.415799,54.746064,On or near Percy Street,E01020788,County Durham 040A,Violence and sexual offences,Unable to prosecute suspect,
90f92f8c43fafe9f5b6c485e0b9d1bddcc32e9db4332f072300b258a90a4eddb,2020-08,Durham Constabulary,Durham Constabulary,-1.408372,54.748257,On or near Greenwood Close,E01020788,County Durham 040A,Violence and sexual offences,Court result unavailable,
f2d4ab7f8e2c79305aed1329adc3f637bebc3b2b78e90a3ee73bbbf2600c6c2c,2020-08,Durham Constabulary,Durham Constabulary,-1.415799,54.746064,On or near Percy Street,E01020788,County Durham 040A,Violence and sexual offences,Court result unavailable,
cab048f8ecdf32bf663adc729c68fcfd251b4ccddf3042362abb901005245574,2020-08,Durham Constabulary,Durham Constabulary,-1.415799,54.746064,On or near Percy Street,E01020788,County Durham 040A,Violence and sexual offences,Unable to prosecute suspect,
f0a60f5811da2bdef82608bf8cd0f5742bffd56127dfbf8ad2f3ea50710c2e1b,2020-08,Durham Constabulary,Durham Constabulary,-1.410825,54.747325,On or near Church Street,E01020788,County Durham 040A,Violence and sexual offences,Unable to prosecute suspect,
2cd63cfaae5b06cdf4fdb7d6822e7fd21125d1b06a2328e45fab77e6b87c20a2,2020-08,Durham Constabulary,Durham Constabulary,-1.410825,54.747325,On or near Church Street,E01020788,County Durham 040A,Violence and sexual offences,Unable to prosecute suspect,
5294d6632d967aafbee458716ee74812b0b15b9a2d1c5e6ae2e9b15992407960,2020-08,Durham Constabulary,Durham Constabulary,-1.415799,54.746064,On or near Percy Street,E01020788,County Durham 040A,Violence and sexual offences,Unable to prosecute suspect,
580124d80f087c69fb8f2a584ee376a3a64818fe9d488b8a81645d9d5f16fdd7,2020-08,Durham Constabulary,Durham Constabulary,-1.418296,54.746346,On or near Meadow View,E01020788,County Durham 040A,Violence and sexual offences,Unable to prosecute suspect,
620ac3c0c4e89f515fb45ef6a019edb6a1f2ddd55c9802641c4ce3bc7e202157,2020-08,Durham Constabulary,Durham Constabulary,-1.417734,54.745444,On or near Thornley Road,E01020788,County Durham 040A,Violence and sexual offences,Unable to prosecute suspect,
205c7ad1b3be8035eccf7926959327ec2e92065105e2b8c55f1d14a14c0611e0,2020-08,Durham Constabulary,Durham Constabulary,-1.409436,54.747777,On or near Watson Close,E01020788,County Durham 040A,Violence and sexual offences,Unable to prosecute suspect,
08f4876a823ab5ee8208b1952682fe502922495d55e0c4fe1130b122e6176fcf,2020-08,Durham Constabulary,Durham Constabulary,-1.408372,54.748257,On or near Greenwood Close,E01020788,County Durham 040A,Violence and sexual offences,Court result unavailable,
,2020-08,Durham Constabulary,Durham Constabulary,-1.441063,54.749050,On or near Saint Chad Square,E01020789,County Durham 040B,Anti-social behaviour,,
,2020-08,Durham Constabulary,Durham Constabulary,-1.437753,54.749142,On or near Ashwood Grange,E01020789,County Durham 040B,Anti-social behaviour,,
,2020-08,Durham Constabulary,Durham Constabulary,-1.440458,54.747915,On or near St Aidan Crescent,E01020789,County Durham 040B,Anti-social behaviour,,
,2020-08,Durham Constabulary,Durham Constabulary,-1.441671,54.747821,On or near St Bede Crescent,E01020789,County Durham 040B,Anti-social behaviour,,
,2020-08,Durham Constabulary,Durham Constabulary,-1.444593,54.749983,On or near Ellerby Mews,E01020789,County Durham 040B,Anti-social behaviour,,
,2020-08,Durham Constabulary,Durham Constabulary,-1.426238,54.743831,On or near Sports/Recreation Area,E01020789,County Durham 040B,Anti-social behaviour,,
,2020-08,Durham Constabulary,Durham Constabulary,-1.444593,54.749983,On or near Ellerby Mews,E01020789,County Durham 040B,Anti-social behaviour,,
f0ac1dd2431f99b6ac9448dcf3338e4391505420aab9db61903466209c1d23a3,2020-08,Durham Constabulary,Durham Constabulary,-1.446804,54.748483,On or near Dunelm Road,E01020789,County Durham 040B,Burglary,Investigation complete; no suspect identified,
92dde821d2cf62c292ca964b7b198983826ba9ec6e46a3a0703ff934705677b2,2020-08,Durham Constabulary,Durham Constabulary,-1.441063,54.749050,On or near Saint Chad Square,E01020789,County Durham 040B,Burglary,Investigation complete; no suspect identified,
e6eb24fb018d9c0ade5f76ccf427ed5d9b1c8277a99359ec49cfdbb79642e8ad,2020-08,Durham Constabulary,Durham Constabulary,-1.428991,54.750207,On or near Percy Street,E01020789,County Durham 040B,Criminal damage and arson,Investigation complete; no suspect identified,
c1bd9f6b47814e701103ed468336384bd39024a981070423e4126c634358ba1c,2020-08,Durham Constabulary,Durham Constabulary,-1.428991,54.750207,On or near Percy Street,E01020789,County Durham 040B,Criminal damage and arson,Investigation complete; no suspect identified,
fc6fb8f9b9b48ad4e044e8f47a38cd97a7b65749a57a1411b575495b11c28145,2020-08,Durham Constabulary,Durham Constabulary,-1.426585,54.751184,On or near Asquith Street,E01020789,County Durham 040B,Criminal damage and arson,Investigation complete; no suspect identified,
1fb82fc3afb95ea1725249cd676c7260ebc754dca1522b07518b453235a70c4a,2020-08,Durham Constabulary,Durham Constabulary,-1.424945,54.751823,On or near Ashford Grove,E01020789,County Durham 040B,Criminal damage and arson,Investigation complete; no suspect identified,
798010cbfb80972b1274e575df6e6f0bf60bd86e74959551c5c76adfd12d8e19,2020-08,Durham Constabulary,Durham Constabulary,-1.437753,54.749142,On or near Ashwood Grange,E01020789,County Durham 040B,Criminal damage and arson,Court result unavailable,
41fd7ab3c05ed17c3dd371957b497537b81d7d429b48ab9a6b1ab841121e65fc,2020-08,Durham Constabulary,Durham Constabulary,-1.434628,54.737059,On or near B1278,E01020789,County Durham 040B,Drugs,Offender given a drugs possession warning,
c44f408376f1e64a824b27b0daeee26e1d6b436dd502925f3802fd89fd755515,2020-08,Durham Constabulary,Durham Constabulary,-1.426238,54.743831,On or near Sports/Recreation Area,E01020789,County Durham 040B,Drugs,Further action is not in the public interest,
d0b13f2c73ac5b40ccf9438f9592f0a8289f50ada2df72ba609b37ed09718713,2020-08,Durham Constabulary,Durham Constabulary,-1.429720,54.750327,On or near Albert Street,E01020789,County Durham 040B,Public order,Investigation complete; no suspect identified,
a7a2c916bd66258332ece140ad622f82b6b597154ae359791b0036adeec06afc,2020-08,Durham Constabulary,Durham Constabulary,-1.426238,54.743831,On or near Sports/Recreation Area,E01020789,County Durham 040B,Public order,Unable to prosecute suspect,
836663929d72e6c80fcecde46b4e09ec6f35f14bfd9b9c9793e8b89a1a757bae,2020-08,Durham Constabulary,Durham Constabulary,-1.435020,54.749067,On or near Sports/Recreation Area,E01020789,County Durham 040B,Vehicle crime,Investigation complete; no suspect identified,
99be9f0095b7b67523545a67521f7264679f7a5dc0b2c85e6403397dbf2a5205,2020-08,Durham Constabulary,Durham Constabulary,-1.441671,54.747821,On or near St Bede Crescent,E01020789,County Durham 040B,Violence and sexual offences,Local resolution,
cdd144db44227b7e24b8f50d4ac5ba9cbc03b8a59e303b38e032b65d44b956d8,2020-08,Durham Constabulary,Durham Constabulary,-1.429720,54.750327,On or near Albert Street,E01020789,County Durham 040B,Violence and sexual offences,Unable to prosecute suspect,
5c71a0608f3d4ebc251e03d9a3443eeeef754d50c7d656cf6eb7b2ba65c5236c,2020-08,Durham Constabulary,Durham Constabulary,-1.441671,54.747821,On or near St Bede Crescent,E01020789,County Durham 040B,Violence and sexual offences,Investigation complete; no suspect identified,
e6de001f96bce36ba05689dad0c34289c8e7e4191a041aaf8e336123c297a63b,2020-08,Durham Constabulary,Durham Constabulary,-1.424945,54.751823,On or near Ashford Grove,E01020789,County Durham 040B,Violence and sexual offences,Investigation complete; no suspect identified,
99abadfbeb9cb4c98b90537effeca26f2c8c437140e8ad7bd8ea6e8dd278e688,2020-08,Durham Constabulary,Durham Constabulary,-1.437753,54.749142,On or near Ashwood Grange,E01020789,County Durham 040B,Violence and sexual offences,Court result unavailable,
17e2b3835735a916ed1e2ce81caf08b9cc150fc05ffb34a6ddf158790366c5a7,2020-08,Durham Constabulary,Durham Constabulary,-1.437753,54.749142,On or near Ashwood Grange,E01020789,County Durham 040B,Violence and sexual offences,Court result unavailable,
e6627ea480172cc3f8b03b220d658fffc9d0103dc21e3f3e3ea9397ff1c35a81,2020-08,Durham Constabulary,Durham Constabulary,-1.428991,54.750207,On or near Percy Street,E01020789,County Durham 040B,Violence and sexual offences,Investigation complete; no suspect identified,
e56a42ccacb1a68e902b7f1e50a24e4f3df6d59db4a0c4f29dd49405370afb78,2020-08,Durham Constabulary,Durham Constabulary,-1.441671,54.747821,On or near St Bede Crescent,E01020789,County Durham 040B,Violence and sexual offences,Local resolution,
83580e480f5e47e478becd811d36c9a875571290ecab8106ea87a50f605dab2d,2020-08,Durham Constabulary,Durham Constabulary,-1.437753,54.749142,On or near Ashwood Grange,E01020789,County Durham 040B,Violence and sexual offences,Unable to prosecute suspect,
,2020-08,Durham Constabulary,Durham Constabulary,-1.419503,54.745552,On or near The Avenue,E01020790,County Durham 040C,Anti-social behaviour,,
,2020-08,Durham Constabulary,Durham Constabulary,-1.419503,54.745552,On or near The Avenue,E01020790,County Durham 040C,Anti-social behaviour,,
,2020-08,Durham Constabulary,Durham Constabulary,-1.419276,54.738640,On or near Wingate Lane,E01020790,County Durham 040C,Anti-social behaviour,,
,2020-08,Durham Constabulary,Durham Constabulary,-1.422762,54.738162,On or near Bevan Crescent,E01020790,County Durham 040C,Anti-social behaviour,,
,2020-08,Durham Constabulary,Durham Constabulary,-1.405348,54.746822,On or near B1279,E01020790,County Durham 040C,Anti-social behaviour,,
3461b7cad7082624f5675b8a1b4e9b624a394556775dbad188f8298a6d20ae48,2020-08,Durham Constabulary,Durham Constabulary,-1.420964,54.744426,On or near Quilstyle Road,E01020790,County Durham 040C,Burglary,Investigation complete; no suspect identified,
6042801cdda2fa1d256888a52ce3c2e54e361563cbabdf94c608af19203bff42,2020-08,Durham Constabulary,Durham Constabulary,-1.422762,54.738162,On or near Bevan Crescent,E01020790,County Durham 040C,Criminal damage and arson,Investigation complete; no suspect identified,
6abbd24220ba126772e0478f7bc580077bcf14235d9260a6dcd682d9875ba34c,2020-08,Durham Constabulary,Durham Constabulary,-1.419276,54.738640,On or near Wingate Lane,E01020790,County Durham 040C,Criminal damage and arson,Unable to prosecute suspect,
72cca2b49b3859f34ebadebbd6c5e9c772319bb89e45c449c76505f5c5b58973,2020-08,Durham Constabulary,Durham Constabulary,-1.422762,54.738162,On or near Bevan Crescent,E01020790,County Durham 040C,Criminal damage and arson,Investigation complete; no suspect identified,
c34753bcd15ed4a3fc5e9e9e76d6b358f7a42c64aa1047bdf8aa35fde0d52b6f,2020-08,Durham Constabulary,Durham Constabulary,-1.414791,54.738358,On or near Petrol Station,E01020790,County Durham 040C,Other theft,Investigation complete; no suspect identified,
cee3cc880a299e7fe1c0f43671238a1876fdf4a3098a287028aca31fef35aed4,2020-08,Durham Constabulary,Durham Constabulary,-1.414791,54.738358,On or near Petrol Station,E01020790,County Durham 040C,Other theft,Investigation complete; no suspect identified,
478064d79c82b001d7103edf1f4b1b27d14fd738677a675b1d089a5c99903086,2020-08,Durham Constabulary,Durham Constabulary,-1.424190,54.741476,On or near Quetlaw Road,E01020790,County Durham 040C,Other theft,Investigation complete; no suspect identified,
34429f5aca81e1bbb371ffa69c799e683f0fac14bb8024349fc0f5393ba127c2,2020-08,Durham Constabulary,Durham Constabulary,-1.414791,54.738358,On or near Petrol Station,E01020790,County Durham 040C,Other theft,Unable to prosecute suspect,
70e73bc891afb73b73972572a2f6132e52813b20acb33107cffa0d30db00b829,2020-08,Durham Constabulary,Durham Constabulary,-1.414791,54.738358,On or near Petrol Station,E01020790,County Durham 040C,Other theft,Further investigation is not in the public interest,
59644984978630002ea98c97d9cc11841f095dd74a28c5a88e00ebd8e4d1f376,2020-08,Durham Constabulary,Durham Constabulary,-1.419503,54.745552,On or near The Avenue,E01020790,County Durham 040C,Other theft,Investigation complete; no suspect identified,
4aeda1d9457e57eb19e87d2eb7f5ded6085fe37937bbb6690e6a5adba786474e,2020-08,Durham Constabulary,Durham Constabulary,-1.419503,54.745552,On or near The Avenue,E01020790,County Durham 040C,Public order,Investigation complete; no suspect identified,
674e86bdacd0bf313427864949233ed3af9ccfceeaa3b3b1dca0a22cf774f55a,2020-08,Durham Constabulary,Durham Constabulary,-1.420057,54.744817,On or near Supermarket,E01020790,County Durham 040C,Shoplifting,Investigation complete; no suspect identified,
102afa003c58aafd71b733f50b2e920e32f0af1912d8d13ae046afd364bb062b,2020-08,Durham Constabulary,Durham Constabulary,-1.420057,54.744817,On or near Supermarket,E01020790,County Durham 040C,Shoplifting,Investigation complete; no suspect identified,
0ee0122d4a5955e273a07f1978bfde44622d0a4a827d41bbd6cd67638719ad8d,2020-08,Durham Constabulary,Durham Constabulary,-1.420057,54.744817,On or near Supermarket,E01020790,County Durham 040C,Shoplifting,Unable to prosecute suspect,
806a44c3fd88bff1f8aa3af528d55b10394ba7081834869ad5589a88ddbf87ad,2020-08,Durham Constabulary,Durham Constabulary,-1.420057,54.744817,On or near Supermarket,E01020790,County Durham 040C,Shoplifting,Investigation complete; no suspect identified,
8d27eb364b67ca325639cebf9ce2f0b79e6ce74340fabd2e0060a2f8ebb56bf4,2020-08,Durham Constabulary,Durham Constabulary,-1.420057,54.744817,On or near Supermarket,E01020790,County Durham 040C,Shoplifting,Investigation complete; no suspect identified,
2083a8287b373dc97f954bc025da46a1217341fada4bb28c562b6151e109daa9,2020-08,Durham Constabulary,Durham Constabulary,-1.420057,54.744817,On or near Supermarket,E01020790,County Durham 040C,Shoplifting,Investigation complete; no suspect identified,
586b79f6842721cf64a976da657640bd7f7e1838a0a485228da1053ca313bf32,2020-08,Durham Constabulary,Durham Constabulary,-1.405348,54.746822,On or near B1279,E01020790,County Durham 040C,Vehicle crime,Investigation complete; no suspect identified,
af3b8ee22161698a27658aee19a9139d780cc34776be8f0fb101a31cc288157c,2020-08,Durham Constabulary,Durham Constabulary,-1.420057,54.744817,On or near Supermarket,E01020790,County Durham 040C,Violence and sexual offences,Action to be taken by another organisation,
af07e524316bb475e1bf5507d424c0811d5d16a2a6ac4a85b7d691fc686353f0,2020-08,Durham Constabulary,Durham Constabulary,-1.422762,54.738162,On or near Bevan Crescent,E01020790,County Durham 040C,Violence and sexual offences,Unable to prosecute suspect,
43ff37149486b1262976de7d74f4177257f16a2c5ce8abaf4c7a992ee96f8a8e,2020-08,Durham Constabulary,Durham Constabulary,-1.424190,54.741476,On or near Quetlaw Road,E01020790,County Durham 040C,Violence and sexual offences,Further action is not in the public interest,
5357abb901aaf39b5c829f61e76a237175c776a8dcec4fdb9af8d3d0d07af2ea,2020-08,Durham Constabulary,Durham Constabulary,-1.418099,54.743783,On or near Wordsworth Avenue,E01020790,County Durham 040C,Violence and sexual offences,Unable to prosecute suspect,
d952d5774610a8fa3a717b4672430194b24eddb1ca00a724b2ac67529e8698d5,2020-08,Durham Constabulary,Durham Constabulary,-1.424190,54.741476,On or near Quetlaw Road,E01020790,County Durham 040C,Violence and sexual offences,Further action is not in the public interest,
97310a803b5d78b447ea3f74e8cda7bab7a16a998a126c33e031a48d8373a8f8,2020-08,Durham Constabulary,Durham Constabulary,-1.424190,54.741476,On or near Quetlaw Road,E01020790,County Durham 040C,Other crime,Unable to prosecute suspect,
,2020-08,Durham Constabulary,Durham Constabulary,-1.435973,54.753133,On or near Sports/Recreation Area,E01020791,County Durham 040D,Anti-social behaviour,,
,2020-08,Durham Constabulary,Durham Constabulary,-1.434708,54.753586,On or near Parking Area,E01020791,County Durham 040D,Anti-social behaviour,,
011224e625914211d97ddac9b23844d352a4087ca4a82f4d9bb9c645eb11a494,2020-08,Durham Constabulary,Durham Constabulary,-1.435973,54.753133,On or near Sports/Recreation Area,E01020791,County Durham 040D,Criminal damage and arson,Unable to prosecute suspect,
9613a09995620b50f5d420597901ed714b069e78cb1d79da9389ef771ba50b8c,2020-08,Durham Constabulary,Durham Constabulary,-1.441109,54.750254,On or near Cedar Court,E01020791,County Durham 040D,Criminal damage and arson,Investigation complete; no suspect identified,
7efa9d739cb771ce0565d355b69af328bc996b0cabdddcdfe48069d7f38e44a8,2020-08,Durham Constabulary,Durham Constabulary,-1.435973,54.753133,On or near Sports/Recreation Area,E01020791,County Durham 040D,Public order,Offender given penalty notice,
de026edbcdf1e50152d0735a6e4033048d139d18a538279e89558d8c1f817d8c,2020-08,Durham Constabulary,Durham Constabulary,-1.436597,54.749613,On or near High Street,E01020791,County Durham 040D,Public order,Unable to prosecute suspect,
353940e4af49c608f841ee152f4b9cd8664b7499a1ee6bdab89a66704046057f,2020-08,Durham Constabulary,Durham Constabulary,-1.436597,54.749613,On or near High Street,E01020791,County Durham 040D,Public order,Unable to prosecute suspect,
c4238a75404067c3b2556d1c73785c7f789fb14f9a4157c9f056ddacc830dd1f,2020-08,Durham Constabulary,Durham Constabulary,-1.436597,54.749613,On or near High Street,E01020791,County Durham 040D,Public order,Unable to prosecute suspect,
9a2dd43ba2bcf140a5ed2587978bd455dbc1841cbb10c522f8aeab52bfef748c,2020-08,Durham Constabulary,Durham Constabulary,-1.431760,54.752224,On or near Coopers Close,E01020791,County Durham 040D,Public order,Unable to prosecute suspect,
d5993744967809c416141c48b2d52dfb04c628053b047fbaa340d2d3dffeca2a,2020-08,Durham Constabulary,Durham Constabulary,-1.436597,54.749613,On or near High Street,E01020791,County Durham 040D,Violence and sexual offences,Court result unavailable,
3dec906b0e1d5a1429eb2931974e22b9c0e74bc041f9f85e2b3ea3cafc0385c9,2020-08,Durham Constabulary,Durham Constabulary,-1.435973,54.753133,On or near Sports/Recreation Area,E01020791,County Durham 040D,Violence and sexual offences,Further investigation is not in the public interest,
13b5a82583fb8cbf94db7efeaa6a460af43a0fa2df70de5339ac27382a6d5717,2020-08,Durham Constabulary,Durham Constabulary,-1.436597,54.749613,On or near High Street,E01020791,County Durham 040D,Violence and sexual offences,Unable to prosecute suspect,
d90f4434dd57a7a27749420c66dcf956360c9159705362a7fe87399c4498bb60,2020-08,Durham Constabulary,Durham Constabulary,-1.434708,54.753586,On or near Parking Area,E01020791,County Durham 040D,Violence and sexual offences,Unable to prosecute suspect,
eb25769fe23c1806368d8fef196b80be50f5c97887a7bebab845a782741312ff,2020-08,Durham Constabulary,Durham Constabulary,-1.436597,54.749613,On or near High Street,E01020791,County Durham 040D,Violence and sexual offences,Investigation complete; no suspect identified,
321eaf745213031c153fa78db3594d37f0cdb9919399793f1426bda5b3007c74,2020-08,Durham Constabulary,Durham Constabulary,-1.431760,54.752224,On or near Coopers Close,E01020791,County Durham 040D,Violence and sexual offences,Unable to prosecute suspect,
14612b19f30a634a42ed464d85551824fc7036290c5d982cc7707eee37b5eb05,2020-08,Durham Constabulary,Durham Constabulary,-1.435973,54.753133,On or near Sports/Recreation Area,E01020791,County Durham 040D,Violence and sexual offences,Unable to prosecute suspect,
,2020-08,Durham Constabulary,Durham Constabulary,-1.400451,54.719721,On or near Laburnum Square,E01020792,County Durham 040E,Anti-social behaviour,,
,2020-08,Durham Constabulary,Durham Constabulary,-1.408431,54.720749,On or near Rydale Court,E01020792,County Durham 040E,Anti-social behaviour,,
,2020-08,Durham Constabulary,Durham Constabulary,-1.414709,54.722487,On or near Sports/Recreation Area,E01020792,County Durham 040E,Anti-social behaviour,,
,2020-08,Durham Constabulary,Durham Constabulary,-1.411652,54.719174,On or near Commercial Street,E01020792,County Durham 040E,Anti-social behaviour,,
,2020-08,Durham Constabulary,Durham Constabulary,-1.404838,54.720183,On or near Wingate Road,E01020792,County Durham 040E,Anti-social behaviour,,
4bd50df784e88ffee1aa6c4158c567ec979c736d228d764c72be783ba7a617a9,2020-08,Durham Constabulary,Durham Constabulary,-1.400451,54.719721,On or near Laburnum Square,E01020792,County Durham 040E,Criminal damage and arson,Unable to prosecute suspect,
ead8bfc35841b272a58545ae7f628853f70a870ee38844b5e39c5a486f133f6a,2020-08,Durham Constabulary,Durham Constabulary,-1.412222,54.721657,On or near Station Road,E01020792,County Durham 040E,Criminal damage and arson,Investigation complete; no suspect identified,
34e715b3657eca9c9a6726a4056026751629885cd129993686f20061774663b6,2020-08,Durham Constabulary,Durham Constabulary,-1.400451,54.719721,On or near Laburnum Square,E01020792,County Durham 040E,Criminal damage and arson,Investigation complete; no suspect identified,
9ee41e009bd1fb9c86d42a682f9d6e59c8b97186bd5cc7880097f7820dbb196a,2020-08,Durham Constabulary,Durham Constabulary,-1.415405,54.718392,On or near Luke Street,E01020792,County Durham 040E,Other theft,Investigation complete; no suspect identified,
79e57ad563d2efb336ef3d18e40fca7f227d8166df3bee124422cd2a4f67b306,2020-08,Durham Constabulary,Durham Constabulary,-1.404838,54.720183,On or near Wingate Road,E01020792,County Durham 040E,Public order,Unable to prosecute suspect,
5d2434ea02072f4012f44697537a6c3e34f3c6c364bed04d49d631e118f56c67,2020-08,Durham Constabulary,Durham Constabulary,-1.400451,54.719721,On or near Laburnum Square,E01020792,County Durham 040E,Public order,Offender given a caution,
ff7839fd523d6e8222c3fa7010b2d678df881814c122d7efcd6644bd95b454c7,2020-08,Durham Constabulary,Durham Constabulary,-1.400451,54.719721,On or near Laburnum Square,E01020792,County Durham 040E,Public order,Unable to prosecute suspect,
6318950b2ed51b35620a429aea9fbfcc3950cebe3818a35dede8ad5b117b62fe,2020-08,Durham Constabulary,Durham Constabulary,-1.404838,54.720183,On or near Wingate Road,E01020792,County Durham 040E,Violence and sexual offences,Unable to prosecute suspect,
175c2b4cd34b0622a1739e15c4270bdaf92dc24c580ab9398fc4cc6d28ffba28,2020-08,Durham Constabulary,Durham Constabulary,-1.400451,54.719721,On or near Laburnum Square,E01020792,County Durham 040E,Violence and sexual offences,Investigation complete; no suspect identified,
f7817c66b6d2cf136ed064f06c7655b07139562b9a5759e1ed6ae308506d66f7,2020-08,Durham Constabulary,Durham Constabulary,-1.407492,54.720187,On or near Foundry Mews,E01020792,County Durham 040E,Violence and sexual offences,Unable to prosecute suspect,
57d8034995a54c975d2f1f92104972d8f5a52c94aea75ad9735b9ab34ff2ffea,2020-08,Durham Constabulary,Durham Constabulary,-1.400451,54.719721,On or near Laburnum Square,E01020792,County Durham 040E,Violence and sexual offences,Unable to prosecute suspect,
c70c5e016e4f8e12b45cee4ddc81243f1d30630e3275cdd59ee46ed0ebe923f6,2020-08,Durham Constabulary,Durham Constabulary,-1.400451,54.719721,On or near Laburnum Square,E01020792,County Durham 040E,Violence and sexual offences,Further investigation is not in the public interest,
382e8265694d4d009a29fcbf906eb9cc6a12599658618a72ad44337291bd9ae4,2020-08,Durham Constabulary,Durham Constabulary,-1.400451,54.719721,On or near Laburnum Square,E01020792,County Durham 040E,Violence and sexual offences,Unable to prosecute suspect,
8a8de05f2062e9ccb34ad1878f49ae34b944a437b4726dea2adfb5badb5e4524,2020-08,Durham Constabulary,Durham Constabulary,-1.415405,54.718392,On or near Luke Street,E01020792,County Durham 040E,Violence and sexual offences,Unable to prosecute suspect,
d651d5e76c7a015463b2e7da34f41f34741e75c970c258a81ba8c2dfc5ad2b58,2020-08,Durham Constabulary,Durham Constabulary,-1.412556,54.723267,On or near Fairlawns Close,E01020792,County Durham 040E,Other crime,Court result unavailable,
16ff55896cf567e1e43672d8d01677e9022d6e427c0e9617ba7d1178f35a828c,2020-08,Durham Constabulary,Durham Constabulary,-1.408430,54.719742,On or near Cinnamon Drive,E01020792,County Durham 040E,Other crime,Further investigation is not in the public interest,
,2020-08,Durham Constabulary,Durham Constabulary,-1.526260,54.742484,On or near George Street,E01020694,County Durham 041A,Anti-social behaviour,,
,2020-08,Durham Constabulary,Durham Constabulary,-1.524497,54.737777,On or near Surtees Avenue,E01020694,County Durham 041A,Anti-social behaviour,,
,2020-08,Durham Constabulary,Durham Constabulary,-1.523476,54.741394,On or near Philip Avenue,E01020694,County Durham 041A,Anti-social behaviour,,
042425670532f2e5c5f3a260a7a755bc0fa1265ec4bf85065651ddce25d95edf,2020-08,Durham Constabulary,Durham Constabulary,-1.530042,54.743163,On or near Dallymore Drive,E01020694,County Durham 041A,Criminal damage and arson,Investigation complete; no suspect identified,
168d01019ed5a324bf629afae6c64f72b95ad15a49b564c7120378bce4792e0a,2020-08,Durham Constabulary,Durham Constabulary,-1.530042,54.743163,On or near Dallymore Drive,E01020694,County Durham 041A,Criminal damage and arson,Investigation complete; no suspect identified,
7959b3d1475e906b76b1cea696099e6caf7f7ccd653e877bc64751cc93783c69,2020-08,Durham Constabulary,Durham Constabulary,-1.525824,54.739867,On or near Margaret Court,E01020694,County Durham 041A,Public order,Further investigation is not in the public interest,
39e4189eb585b6af037f508587099e98d540cee3133c69527314309c05f794db,2020-08,Durham Constabulary,Durham Constabulary,-1.523778,54.739544,On or near Supermarket,E01020694,County Durham 041A,Public order,Local resolution,
f5262cc30f81f9f227cf85c16636b987277faf99a5ba82e58ffd16635c0c8139,2020-08,Durham Constabulary,Durham Constabulary,-1.530042,54.743163,On or near Dallymore Drive,E01020694,County Durham 041A,Vehicle crime,Investigation complete; no suspect identified,
04edc179938b54fa126975c1ea3cddff473764482b7bdef7e4a0d80fd97fef26,2020-08,Durham Constabulary,Durham Constabulary,-1.525824,54.739867,On or near Margaret Court,E01020694,County Durham 041A,Vehicle crime,Formal action is not in the public interest,
efa4f0798c5ecbfdc60deed508da4346d4cae0497a4d8144abe3c3513bc54431,2020-08,Durham Constabulary,Durham Constabulary,-1.525982,54.740973,On or near Robson Crescent,E01020694,County Durham 041A,Violence and sexual offences,Unable to prosecute suspect,
1f3cd54e6cdb387e271cb9b6cd699730f3e52d5149c9a4626c7ac27ffdb418d5,2020-08,Durham Constabulary,Durham Constabulary,-1.525706,54.742041,On or near Victoria Square,E01020694,County Durham 041A,Violence and sexual offences,Unable to prosecute suspect,
fe3e75e24767ed80444eb693e1087429f5cf2aa8055948639e0815528781e7d3,2020-08,Durham Constabulary,Durham Constabulary,-1.525982,54.740973,On or near Robson Crescent,E01020694,County Durham 041A,Violence and sexual offences,Unable to prosecute suspect,
8267233448ad444677b25a70cb2d03dfbea7d7f9764b1c2be3d468639fbd08e0,2020-08,Durham Constabulary,Durham Constabulary,-1.530042,54.743163,On or near Dallymore Drive,E01020694,County Durham 041A,Violence and sexual offences,Local resolution,
5f95ef5a0427fee27dedd93c30e974f10d99443e9d9a1900de3acdfd475476d7,2020-08,Durham Constabulary,Durham Constabulary,-1.523476,54.741394,On or near Philip Avenue,E01020694,County Durham 041A,Violence and sexual offences,Local resolution,
193d645cf9b0687689fcc7a9f1094dd6a6c07f4bd6ec4c89be78e7a01280c5e5,2020-08,Durham Constabulary,Durham Constabulary,-1.527599,54.743486,On or near Marlene Avenue,E01020694,County Durham 041A,Violence and sexual offences,Unable to prosecute suspect,
d9276f2354f2a494d4c928f9a18a0d032704e9ca7a875ed4f71d7058433bd3e7,2020-08,Durham Constabulary,Durham Constabulary,-1.529139,54.741965,On or near A177,E01020694,County Durham 041A,Violence and sexual offences,Status update unavailable,
,2020-08,Durham Constabulary,Durham Constabulary,-1.587823,54.725059,On or near Front Street,E01020696,County Durham 041B,Anti-social behaviour,,
,2020-08,Durham Constabulary,Durham Constabulary,-1.587823,54.725059,On or near Front Street,E01020696,County Durham 041B,Anti-social behaviour,,
,2020-08,Durham Constabulary,Durham Constabulary,-1.587823,54.725059,On or near Front Street,E01020696,County Durham 041B,Anti-social behaviour,,
312b96cbd62840d59cf294fbdfd47e87c6d597e8d1ccd04cc6282ce70e4f361c,2020-08,Durham Constabulary,Durham Constabulary,-1.577996,54.722005,On or near Parking Area,E01020696,County Durham 041B,Other theft,Investigation complete; no suspect identified,
e6ec797ef6dc4d3e16aabb9c4c3312f4fe7dba2cfc9e7b09c388bda36ca2f8e7,2020-08,Durham Constabulary,Durham Constabulary,-1.523014,54.727868,On or near Petrol Station,E01020696,County Durham 041B,Other theft,Unable to prosecute suspect,
b18fc15c927c43ec6a62a2e7525e63938da9d425b252fcbe21d8817d7db4103e,2020-08,Durham Constabulary,Durham Constabulary,-1.584474,54.726099,On or near A167,E01020696,County Durham 041B,Vehicle crime,Investigation complete; no suspect identified,
0f0cbc9901d866a4c019109e1382d506b17c6a291256e7af85517bcfa4ab22ed,2020-08,Durham Constabulary,Durham Constabulary,-1.523014,54.727868,On or near Petrol Station,E01020696,County Durham 041B,Vehicle crime,Investigation complete; no suspect identified,
27ec631c779e5e14af00f78dbb8374561e53102c4ff6b61de4b531a696bfda9c,2020-08,Durham Constabulary,Durham Constabulary,-1.523014,54.727868,On or near Petrol Station,E01020696,County Durham 041B,Vehicle crime,Investigation complete; no suspect identified,
b2cd042906225c7e9fafc7dc9308f9dc3697e7b95b49af20395eaae2c176738f,2020-08,Durham Constabulary,Durham Constabulary,-1.585785,54.730039,On or near Cross Street,E01020696,County Durham 041B,Violence and sexual offences,Unable to prosecute suspect,
b47f914516876a0b9c8e444dea596f6b0906de6d7a797424a83c475afef3d933,2020-08,Durham Constabulary,Durham Constabulary,-1.585785,54.730039,On or near Cross Street,E01020696,County Durham 041B,Violence and sexual offences,Unable to prosecute suspect,
11111aa9d5cdcd0989980b40e5a685da2106f6bef508c08403683f14adeea47a,2020-08,Durham Constabulary,Durham Constabulary,-1.584061,54.726996,On or near Wayside,E01020696,County Durham 041B,Violence and sexual offences,Unable to prosecute suspect,
645db5b44fdaf62e4c3e2df841b782d7acd78a9c1af3e73e67949d61183c06fc,2020-08,Durham Constabulary,Durham Constabulary,-1.523014,54.727868,On or near Petrol Station,E01020696,County Durham 041B,Violence and sexual offences,Unable to prosecute suspect,
dc3bb1bb5dd2eda885ae56ac1c661c4b1a0480f81d1ec9b4d9d9994c9f335d48,2020-08,Durham Constabulary,Durham Constabulary,-1.585785,54.730039,On or near Cross Street,E01020696,County Durham 041B,Other crime,Unable to prosecute suspect,
,2020-08,Durham Constabulary,Durham Constabulary,-1.527047,54.736196,On or near Bow Street,E01020697,County Durham 041C,Anti-social behaviour,,
,2020-08,Durham Constabulary,Durham Constabulary,-1.528111,54.738240,On or near Castle Avenue,E01020697,County Durham 041C,Anti-social behaviour,,
,2020-08,Durham Constabulary,Durham Constabulary,-1.522620,54.733680,On or near Clarence Street,E01020697,County Durham 041C,Anti-social behaviour,,
,2020-08,Durham Constabulary,Durham Constabulary,-1.521665,54.734288,On or near Walker Street,E01020697,County Durham 041C,Anti-social behaviour,,
82c2375fc0f0e9a91c6ba8a979aed30f2aad828f83f038422e05bd1fb7a9acd3,2020-08,Durham Constabulary,Durham Constabulary,-1.522620,54.733680,On or near Clarence Street,E01020697,County Durham 041C,Shoplifting,Local resolution,
11c33d317ba28900b6568a109b9318be11162495d2e802a2dad529f4f8a3d4fe,2020-08,Durham Constabulary,Durham Constabulary,-1.522620,54.733680,On or near Clarence Street,E01020697,County Durham 041C,Shoplifting,Court result unavailable,
21954933a63258df6d4fbac21b046e7eca181ebffe860496c718ff0d1e09dace,2020-08,Durham Constabulary,Durham Constabulary,-1.522620,54.733680,On or near Clarence Street,E01020697,County Durham 041C,Shoplifting,Investigation complete; no suspect identified,
310f2cd3804eafaaeaf4984cff81ccd6ed533385ec36776ec19ff5fcac3c0c31,2020-08,Durham Constabulary,Durham Constabulary,-1.522620,54.733680,On or near Clarence Street,E01020697,County Durham 041C,Shoplifting,Investigation complete; no suspect identified,
130c885b4a651c3c83246834d1dce925e616b9ae4648b03f68699f04900ca6c9,2020-08,Durham Constabulary,Durham Constabulary,-1.518706,54.735022,On or near Landsdowne Crescent,E01020697,County Durham 041C,Violence and sexual offences,Unable to prosecute suspect,
f3e4bb41c44ea61a2cf827b6a2d558e71d7f316713ab057a22e74db9a0582fec,2020-08,Durham Constabulary,Durham Constabulary,-1.518706,54.735022,On or near Landsdowne Crescent,E01020697,County Durham 041C,Violence and sexual offences,Unable to prosecute suspect,
471bdfd6adbaec3b9d5a5619c3551c87f08870f7088742d6e6d1cdde4bb163f5,2020-08,Durham Constabulary,Durham Constabulary,-1.523843,54.733964,On or near Steavenson Street,E01020697,County Durham 041C,Violence and sexual offences,Unable to prosecute suspect,
63b1d36468cd8c3481d520e73826c0b151472ac104d178d720563ffbf7b247db,2020-08,Durham Constabulary,Durham Constabulary,-1.523843,54.733964,On or near Steavenson Street,E01020697,County Durham 041C,Violence and sexual offences,Unable to prosecute suspect,
31fae5b6b2a9139345616926b4b03eb3c0df9cc128f2f8caddf904efa90d2de5,2020-08,Durham Constabulary,Durham Constabulary,-1.525730,54.734591,On or near Durham Road,E01020697,County Durham 041C,Violence and sexual offences,Further investigation is not in the public interest,
fb3d90963e9382830ae104d575d7f0ef69ba48dfd55289850557ae3df861831b,2020-08,Durham Constabulary,Durham Constabulary,-1.526408,54.736400,On or near Burn Street,E01020697,County Durham 041C,Violence and sexual offences,Court result unavailable,
e2b067f5ab5ae111530fa82a32f114f2ab8cbdcc4d28c5d7241fb78edb15b7a0,2020-08,Durham Constabulary,Durham Constabulary,-1.542316,54.756672,On or near Hillcrest,E01020732,County Durham 041D,Burglary,Investigation complete; no suspect identified,
215d7a6d9b7020ba3046268250e541e69f682cb6a698bef763b2ac6697d081e7,2020-08,Durham Constabulary,Durham Constabulary,-1.552192,54.761535,On or near Low Road,E01020732,County Durham 041D,Other theft,Investigation complete; no suspect identified,
95be0174369f33dd2bf6cc61fff8c40f53b48ccc8d9ce9cc7207f9be1c6b4599,2020-08,Durham Constabulary,Durham Constabulary,-1.542316,54.756672,On or near Hillcrest,E01020732,County Durham 041D,Other theft,Investigation complete; no suspect identified,
6a71e88d75b385d9d8c0c8c4657e582e103aa89510c74c818f6fea6c74ef98db,2020-08,Durham Constabulary,Durham Constabulary,-1.552192,54.761535,On or near Low Road,E01020732,County Durham 041D,Violence and sexual offences,Unable to prosecute suspect,
e42388c2a256d628a7ddc289bf090c00a7c9c526353c6501acf94e04e9b21860,2020-08,Durham Constabulary,Durham Constabulary,-1.546376,54.760435,On or near Willow Tree Avenue,E01020732,County Durham 041D,Violence and sexual offences,Investigation complete; no suspect identified,
0d405f147cfc68fcf507e7ab210955887638d8fae70b75c33a9bb6a782dffa58,2020-08,Durham Constabulary,Durham Constabulary,-1.542316,54.756672,On or near Hillcrest,E01020732,County Durham 041D,Other crime,Action to be taken by another organisation,
,2020-08,Durham Constabulary,Durham Constabulary,-2.229250,54.764552,On or near Cross Lane,E01020889,County Durham 042A,Anti-social behaviour,,
,2020-08,Durham Constabulary,Durham Constabulary,-2.181819,54.737178,On or near School Close,E01020889,County Durham 042A,Anti-social behaviour,,
,2020-08,Durham Constabulary,Durham Constabulary,-2.181819,54.737178,On or near School Close,E01020889,County Durham 042A,Anti-social behaviour,,
,2020-08,Durham Constabulary,Durham Constabulary,-2.145416,54.737434,On or near Supermarket,E01020889,County Durham 042A,Anti-social behaviour,,
ba2d6e76d790e54bb92117f1ee2b192961d5948100d52457c5cf43204537c855,2020-08,Durham Constabulary,Durham Constabulary,-2.145528,54.738288,On or near Bullfield,E01020889,County Durham 042A,Public order,Unable to prosecute suspect,
e45cb65260ad7d53f0660126d7e99a864d830ce31cc3790bf0f6208216c14b93,2020-08,Durham Constabulary,Durham Constabulary,-2.181858,54.735507,On or near Harthope Road,E01020889,County Durham 042A,Shoplifting,Unable to prosecute suspect,
ca73e92289595c6ae635df9d1a3540e865244cac52584e18bab2e57cc3cc05da,2020-08,Durham Constabulary,Durham Constabulary,-2.229250,54.764552,On or near Cross Lane,E01020889,County Durham 042A,Violence and sexual offences,Unable to prosecute suspect,
d754dd761b69df939bd8115d52c91f04f37d5d9df0d2300ede9e3cb33849269c,2020-08,Durham Constabulary,Durham Constabulary,-2.184294,54.738316,On or near Longdale Grove,E01020889,County Durham 042A,Violence and sexual offences,Further investigation is not in the public interest,
3ad006a25b3637b036b8fa85c1fb64050674123226594b5bdc7393e283900e8e,2020-08,Durham Constabulary,Durham Constabulary,-2.184294,54.738316,On or near Longdale Grove,E01020889,County Durham 042A,Other crime,Local resolution,
,2020-08,Durham Constabulary,Durham Constabulary,-1.961725,54.727594,On or near Parking Area,E01020890,County Durham 042B,Anti-social behaviour,,
5c46615b0593c266f56d38170792b49d0d79294bed17beebb3abadcfd024dc5a,2020-08,Durham Constabulary,Durham Constabulary,-1.995544,54.715477,On or near Park/Open Space,E01020890,County Durham 042B,Burglary,Investigation complete; no suspect identified,
68db33d6544c5a47b47ee6c2d6d59610560f5a62530339d6981ea671e43409a8,2020-08,Durham Constabulary,Durham Constabulary,-2.015302,54.748556,On or near Waterside Court,E01020890,County Durham 042B,Other theft,Investigation complete; no suspect identified,
b071b7926f24e6815d06ada4448c4b3a491e0ca9672ed24cff09842489bf6c9a,2020-08,Durham Constabulary,Durham Constabulary,-2.006850,54.747380,On or near The Market Place,E01020890,County Durham 042B,Public order,Unable to prosecute suspect,
99810d3ccb5f49f9b92ec2a2e1fa02195bc6f2b013520a89c6f135b4add6af68,2020-08,Durham Constabulary,Durham Constabulary,-2.002500,54.744154,On or near Bondisle Way,E01020890,County Durham 042B,Vehicle crime,Unable to prosecute suspect,
acb399e64019e389684a8a141152d54c567b6a394e9e56fb861f385717f611fc,2020-08,Durham Constabulary,Durham Constabulary,-2.003976,54.746859,On or near Graham Street,E01020890,County Durham 042B,Violence and sexual offences,Unable to prosecute suspect,
5f2e52210f2be2aa04dc77da82922c05ab96134d17f7020bedf5866acac6da8b,2020-08,Durham Constabulary,Durham Constabulary,-2.006850,54.747380,On or near The Market Place,E01020890,County Durham 042B,Violence and sexual offences,Unable to prosecute suspect,
5a2660a80354daa9141e60a46f5fa873626f19dd2a9d33037cc321939e1c11da,2020-08,Durham Constabulary,Durham Constabulary,-2.003976,54.746859,On or near Graham Street,E01020890,County Durham 042B,Violence and sexual offences,Unable to prosecute suspect,
9e439b84c87f1a589c8e6f23d46ffd92c79e015a1fe7c25bb08b64c56e124679,2020-08,Durham Constabulary,Durham Constabulary,-2.003976,54.746859,On or near Graham Street,E01020890,County Durham 042B,Violence and sexual offences,Further investigation is not in the public interest,
,2020-08,Durham Constabulary,Durham Constabulary,-2.012988,54.751567,On or near St Thomas' Close,E01020891,County Durham 042C,Anti-social behaviour,,
,2020-08,Durham Constabulary,Durham Constabulary,-2.012988,54.751567,On or near St Thomas' Close,E01020891,County Durham 042C,Anti-social behaviour,,
,2020-08,Durham Constabulary,Durham Constabulary,-1.998337,54.742851,On or near Bus/Coach Station,E01020891,County Durham 042C,Anti-social behaviour,,
ddfffb198827f40f5219b54fff5695cfef61df7af12b930adf5d6b3b81e95532,2020-08,Durham Constabulary,Durham Constabulary,-2.005794,54.747200,On or near Supermarket,E01020891,County Durham 042C,Burglary,Unable to prosecute suspect,
0e6207b7d9d8a71e75a66d2a18cbee9247b22b5d89ab91bad97dfef0bc2e9949,2020-08,Durham Constabulary,Durham Constabulary,-2.008000,54.748431,On or near Castle Gardens,E01020891,County Durham 042C,Criminal damage and arson,Investigation complete; no suspect identified,
5368e84dde1322293131f7a91347b52665e0883e20de77ad1a866de87a26e973,2020-08,Durham Constabulary,Durham Constabulary,-1.976984,54.845141,On or near The Closes,E01020891,County Durham 042C,Criminal damage and arson,Investigation complete; no suspect identified,
6b48481f4af44977c623ca3d3cd31a56f28d8bbee84940f48f137d282cadde63,2020-08,Durham Constabulary,Durham Constabulary,-2.013132,54.858775,On or near B6306,E01020891,County Durham 042C,Public order,Unable to prosecute suspect,
c3c8c7c1f02fb2ddd63a3fd3bd2fe90209175117c2b6c16c40001f4f91e198ce,2020-08,Durham Constabulary,Durham Constabulary,-2.013132,54.858775,On or near B6306,E01020891,County Durham 042C,Violence and sexual offences,Unable to prosecute suspect,
14686026c9105f6a00cfae1109a24323a212892fad344b336ae632e262054cca,2020-08,Durham Constabulary,Durham Constabulary,-2.008000,54.748431,On or near Castle Gardens,E01020891,County Durham 042C,Violence and sexual offences,Unable to prosecute suspect,
2abc2c19c8a16df700fe8ca92e0220f0716a69a7c61c37d9642efeaff3787bd5,2020-08,Durham Constabulary,Durham Constabulary,-2.005794,54.747200,On or near Supermarket,E01020891,County Durham 042C,Violence and sexual offences,Unable to prosecute suspect,
4166b0abe94499dc7b57b7366caccd2f22bdb841b4c17377b3c94d9a3be13846,2020-08,Durham Constabulary,Durham Constabulary,-2.076514,54.742044,On or near Sports/Recreation Area,E01020891,County Durham 042C,Other crime,Local resolution,
,2020-08,Durham Constabulary,Durham Constabulary,-1.875867,54.730251,On or near Lynndale,E01020905,County Durham 042D,Anti-social behaviour,,
,2020-08,Durham Constabulary,Durham Constabulary,-1.882169,54.731075,On or near Meadhope Street,E01020905,County Durham 042D,Anti-social behaviour,,
e9deb5d09a6f2cb5928eccd38b952c49a40e4bea7b8280cf7bb2c181dd4b695b,2020-08,Durham Constabulary,Durham Constabulary,-1.870495,54.729913,On or near Petrol Station,E01020905,County Durham 042D,Burglary,Further investigation is not in the public interest,
d26fa766494d3c0ad41b4cb6d2af9db4505ff6206801888d4956470cba18e61b,2020-08,Durham Constabulary,Durham Constabulary,-1.872922,54.728532,On or near Sports/Recreation Area,E01020905,County Durham 042D,Criminal damage and arson,Investigation complete; no suspect identified,
38c8ab2dee19dfe7e508c35fccb5d70592df528e45f672f8e8f6aeb53ab0780b,2020-08,Durham Constabulary,Durham Constabulary,-1.880879,54.731505,On or near Silver Street,E01020905,County Durham 042D,Criminal damage and arson,Unable to prosecute suspect,
14c813769df16b686e56a363b97ca6a4f11e0cbe310aee4b9724ea9cdf9e66d8,2020-08,Durham Constabulary,Durham Constabulary,-1.875557,54.729945,On or near Durham Road,E01020905,County Durham 042D,Criminal damage and arson,Investigation complete; no suspect identified,
eb2e82caa15bef282829e75c210bd90e8303dc69028bd147f8214af63664827b,2020-08,Durham Constabulary,Durham Constabulary,-1.883909,54.730708,On or near Hound Hill,E01020905,County Durham 042D,Other theft,Investigation complete; no suspect identified,
4e36238f79ad1a9144934862eab8b1ea405dfd8e3b6435d0166b34a381fb7e9a,2020-08,Durham Constabulary,Durham Constabulary,-1.880879,54.731505,On or near Silver Street,E01020905,County Durham 042D,Public order,Unable to prosecute suspect,
e549ec4419b012cc411032229ebd667a3698f26a9ba34106f1654b2087b8a4b8,2020-08,Durham Constabulary,Durham Constabulary,-1.875867,54.730251,On or near Lynndale,E01020905,County Durham 042D,Violence and sexual offences,Investigation complete; no suspect identified,
3c616a9444f0657455efbd1994e269e7ca3cd0a68b35f3caf27fa0de5ebd5eb0,2020-08,Durham Constabulary,Durham Constabulary,-1.880879,54.731505,On or near Silver Street,E01020905,County Durham 042D,Violence and sexual offences,Unable to prosecute suspect,
,2020-08,Durham Constabulary,Durham Constabulary,-1.896611,54.743058,On or near Leazes Lane,E01020906,County Durham 042E,Anti-social behaviour,,
c80e52b0dc70fdceb1aeeea989453df954953cc3950c1d47e15058b34542e05b,2020-08,Durham Constabulary,Durham Constabulary,-1.785079,54.684940,On or near A68,E01020906,County Durham 042E,Burglary,Investigation complete; no suspect identified,
ff752aa019ebbe2bf7ea335999227337173678038a092b8fbea93e608f96e0ac,2020-08,Durham Constabulary,Durham Constabulary,-1.773002,54.678357,On or near St James Gardens,E01020906,County Durham 042E,Violence and sexual offences,Unable to prosecute suspect,
a24482ca19328432a73f0d8bf3ffce39b4901d8017e350c2d2bc94f1ca047995,2020-08,Durham Constabulary,Durham Constabulary,-1.773002,54.678357,On or near St James Gardens,E01020906,County Durham 042E,Violence and sexual offences,Unable to prosecute suspect,
ff47b0437c45c5e8ff7e1e0c0157b53cc00c519c5a53e683cd3dd68aab6d059e,2020-08,Durham Constabulary,Durham Constabulary,-1.749641,54.676712,On or near Park/Open Space,E01020906,County Durham 042E,Violence and sexual offences,Unable to prosecute suspect,
efbe300ef02c1d4ad91d444564bfdedb904f13f8d4ead0aa7d997cb9d59d7b9f,2020-08,Durham Constabulary,Durham Constabulary,-1.749641,54.676712,On or near Park/Open Space,E01020906,County Durham 042E,Violence and sexual offences,Unable to prosecute suspect,
7d36f9d58f004c9dfcd87a39403d1cd5c10d1fc2d1706985ec34d423389f1bee,2020-08,Durham Constabulary,Durham Constabulary,-1.749641,54.676712,On or near Park/Open Space,E01020906,County Durham 042E,Violence and sexual offences,Unable to prosecute suspect,
,2020-08,Durham Constabulary,Durham Constabulary,-1.328797,54.701408,On or near B1280,E01020772,County Durham 043A,Anti-social behaviour,,
,2020-08,Durham Constabulary,Durham Constabulary,-1.359190,54.736297,On or near Rowland Crescent,E01020772,County Durham 043A,Anti-social behaviour,,
,2020-08,Durham Constabulary,Durham Constabulary,-1.342213,54.731587,On or near St James' Fields,E01020772,County Durham 043A,Anti-social behaviour,,
,2020-08,Durham Constabulary,Durham Constabulary,-1.320815,54.738973,On or near Temples Lodge,E01020772,County Durham 043A,Anti-social behaviour,,
04872ee582e9a4d5ea64caba6a1ce71c8377f95215bb137b2dac4bdadd150c27,2020-08,Durham Constabulary,Durham Constabulary,-1.342213,54.731587,On or near St James' Fields,E01020772,County Durham 043A,Burglary,Investigation complete; no suspect identified,
c867575f7fa18027bf8f849da71bfd15c2a36a2c7548f26fbaa46f910adaff80,2020-08,Durham Constabulary,Durham Constabulary,-1.337007,54.736546,On or near B1281,E01020772,County Durham 043A,Criminal damage and arson,Investigation complete; no suspect identified,
82fe14e37030becd156b8d5ece76ae38dc5823a2ae3a552e55b1b2b848f80c5f,2020-08,Durham Constabulary,Durham Constabulary,-1.328797,54.701408,On or near B1280,E01020772,County Durham 043A,Violence and sexual offences,Court result unavailable,
,2020-08,Durham Constabulary,Durham Constabulary,-1.382544,54.731449,On or near Woodland View,E01020793,County Durham 043B,Anti-social behaviour,,
,2020-08,Durham Constabulary,Durham Constabulary,-1.382544,54.731449,On or near Woodland View,E01020793,County Durham 043B,Anti-social behaviour,,
,2020-08,Durham Constabulary,Durham Constabulary,-1.382544,54.731449,On or near Woodland View,E01020793,County Durham 043B,Anti-social behaviour,,
,2020-08,Durham Constabulary,Durham Constabulary,-1.376936,54.735617,On or near Ingram Way,E01020793,County Durham 043B,Anti-social behaviour,,
,2020-08,Durham Constabulary,Durham Constabulary,-1.384401,54.734927,On or near King'S Road,E01020793,County Durham 043B,Anti-social behaviour,,
a9f5de8716adfeffcaaaf921b6499c73982aad2b61a790deb0b085358bfb6dfc,2020-08,Durham Constabulary,Durham Constabulary,-1.383117,54.732548,On or near Queen'S Road,E01020793,County Durham 043B,Criminal damage and arson,Investigation complete; no suspect identified,
f8b3317324e0ae83bdc83b203938ddb1c83c400a5f38b13c25e68438a1bf9782,2020-08,Durham Constabulary,Durham Constabulary,-1.378861,54.732634,On or near North Road,E01020793,County Durham 043B,Criminal damage and arson,Investigation complete; no suspect identified,
27b93664d5ec6e92724e097b87de94b06c967b5a3986b4e06b17e0f6841b1a2b,2020-08,Durham Constabulary,Durham Constabulary,-1.384401,54.734927,On or near King'S Road,E01020793,County Durham 043B,Violence and sexual offences,Unable to prosecute suspect,
abbd0ddf17d51db93d218a3e20757f8473ff155dfd92c522e66628d8368b8a23,2020-08,Durham Constabulary,Durham Constabulary,-1.384401,54.734927,On or near King'S Road,E01020793,County Durham 043B,Violence and sexual offences,Unable to prosecute suspect,
2d59d5c027031dcd804534182c29454b20f1efc4cbf032bb04c0e537abc71f02,2020-08,Durham Constabulary,Durham Constabulary,-1.384401,54.734927,On or near King'S Road,E01020793,County Durham 043B,Violence and sexual offences,Unable to prosecute suspect,
3ec0ae12245428a97042b2c81ef18d3d776891f9ba02c9ecc85bde2f98cdd955,2020-08,Durham Constabulary,Durham Constabulary,-1.381928,54.734195,On or near Nattress Terrace,E01020793,County Durham 043B,Violence and sexual offences,Unable to prosecute suspect,
,2020-08,Durham Constabulary,Durham Constabulary,-1.375945,54.737454,On or near Wellfield Road,E01020794,County Durham 043C,Anti-social behaviour,,
,2020-08,Durham Constabulary,Durham Constabulary,-1.375945,54.737454,On or near Wellfield Road,E01020794,County Durham 043C,Anti-social behaviour,,
ca4215cd6d6fc040c0966d04555d237fee38bbd2eceb3f23e0697e9abfa594f8,2020-08,Durham Constabulary,Durham Constabulary,-1.382988,54.740051,On or near Salter'S Lane,E01020794,County Durham 043C,Violence and sexual offences,Unable to prosecute suspect,
73cbed57eea3652939888dd9ea5a5957a7731dd40709926962d3196938bcbbb7,2020-08,Durham Constabulary,Durham Constabulary,-1.373530,54.737981,On or near The Maltings,E01020794,County Durham 043C,Violence and sexual offences,Unable to prosecute suspect,
,2020-08,Durham Constabulary,Durham Constabulary,-1.368833,54.719372,On or near Beachdale Close,E01020795,County Durham 043D,Anti-social behaviour,,
,2020-08,Durham Constabulary,Durham Constabulary,-1.371227,54.721191,On or near Front Street,E01020795,County Durham 043D,Anti-social behaviour,,
,2020-08,Durham Constabulary,Durham Constabulary,-1.371227,54.721191,On or near Front Street,E01020795,County Durham 043D,Anti-social behaviour,,
,2020-08,Durham Constabulary,Durham Constabulary,-1.367227,54.719858,On or near Brackendale Court,E01020795,County Durham 043D,Anti-social behaviour,,
,2020-08,Durham Constabulary,Durham Constabulary,-1.378435,54.726952,On or near Chillerton Way,E01020795,County Durham 043D,Anti-social behaviour,,
,2020-08,Durham Constabulary,Durham Constabulary,-1.384475,54.694163,On or near Hurworth Burn Road,E01020795,County Durham 043D,Anti-social behaviour,,
,2020-08,Durham Constabulary,Durham Constabulary,-1.378435,54.726952,On or near Chillerton Way,E01020795,County Durham 043D,Anti-social behaviour,,
,2020-08,Durham Constabulary,Durham Constabulary,-1.378435,54.726952,On or near Chillerton Way,E01020795,County Durham 043D,Anti-social behaviour,,
,2020-08,Durham Constabulary,Durham Constabulary,-1.373219,54.722899,On or near Station Road,E01020795,County Durham 043D,Anti-social behaviour,,
,2020-08,Durham Constabulary,Durham Constabulary,-1.384475,54.694163,On or near Hurworth Burn Road,E01020795,County Durham 043D,Anti-social behaviour,,
,2020-08,Durham Constabulary,Durham Constabulary,-1.377830,54.724918,On or near Johnson'S Street,E01020795,County Durham 043D,Anti-social behaviour,,
,2020-08,Durham Constabulary,Durham Constabulary,-1.378435,54.726952,On or near Chillerton Way,E01020795,County Durham 043D,Anti-social behaviour,,
,2020-08,Durham Constabulary,Durham Constabulary,-1.371227,54.721191,On or near Front Street,E01020795,County Durham 043D,Anti-social behaviour,,
964436b9d58df25ece8edc2b87eb1d261a843a5d9d9810c21461400ef08f505f,2020-08,Durham Constabulary,Durham Constabulary,-1.378416,54.725173,On or near Chapel Street,E01020795,County Durham 043D,Criminal damage and arson,Investigation complete; no suspect identified,
219b86b05ee0a520e7cc6c339cd9e2f40f9289c9e189e00c4cc1cb221be67c84,2020-08,Durham Constabulary,Durham Constabulary,-1.371227,54.721191,On or near Front Street,E01020795,County Durham 043D,Criminal damage and arson,Investigation complete; no suspect identified,
dd5196024b2247e8c6cec38dc6575e267200d03341e166c301a80c842e642c2d,2020-08,Durham Constabulary,Durham Constabulary,-1.373219,54.722899,On or near Station Road,E01020795,County Durham 043D,Criminal damage and arson,Unable to prosecute suspect,
496565cb196f7e7a1580e5f22c8a243e7a63ce9246fabe0d11153235ac95dbf5,2020-08,Durham Constabulary,Durham Constabulary,-1.367227,54.719858,On or near Brackendale Court,E01020795,County Durham 043D,Criminal damage and arson,Investigation complete; no suspect identified,
5bff48f13b2bfbc1fa773b36d2246dc08bc04040e7dd12ac67788f04b6fd3856,2020-08,Durham Constabulary,Durham Constabulary,-1.384475,54.694163,On or near Hurworth Burn Road,E01020795,County Durham 043D,Criminal damage and arson,Investigation complete; no suspect identified,
4430b4554bf7ed5fc8fafd3f1fc358b83f6ce46e405d8b89457a8b595b861d1b,2020-08,Durham Constabulary,Durham Constabulary,-1.378435,54.726952,On or near Chillerton Way,E01020795,County Durham 043D,Criminal damage and arson,Investigation complete; no suspect identified,
6b20950add8ef27fbaeab0856a733836efb622148f4eeb447208a30b08b49265,2020-08,Durham Constabulary,Durham Constabulary,-1.377832,54.725781,On or near Sandford Close,E01020795,County Durham 043D,Criminal damage and arson,Investigation complete; no suspect identified,
9473e120c161d0be8becff8f1336ce46ec13c803760f871ff505347b0263d6d3,2020-08,Durham Constabulary,Durham Constabulary,-1.378435,54.726952,On or near Chillerton Way,E01020795,County Durham 043D,Criminal damage and arson,Investigation complete; no suspect identified,
790be135354359c54ccdf3bd9a3ef66e851b2daf94a2cf089bc9fdd098ec9e36,2020-08,Durham Constabulary,Durham Constabulary,-1.373219,54.722899,On or near Station Road,E01020795,County Durham 043D,Drugs,Court result unavailable,
5173d76805e3fc1f4ccd058c7d607ee5d730bd185a00626063ff20edce512b90,2020-08,Durham Constabulary,Durham Constabulary,-1.371227,54.721191,On or near Front Street,E01020795,County Durham 043D,Drugs,Offender given a drugs possession warning,
0eb8ce2111f55d46d317d5d55900b9791c83d5dd515d0368378e7aecf152ae37,2020-08,Durham Constabulary,Durham Constabulary,-1.373219,54.722899,On or near Station Road,E01020795,County Durham 043D,Other theft,Unable to prosecute suspect,
281469531c692fa900c5b55c5098399ad21ac12c547eb69e538b1a20b4459c05,2020-08,Durham Constabulary,Durham Constabulary,-1.378435,54.726952,On or near Chillerton Way,E01020795,County Durham 043D,Other theft,Unable to prosecute suspect,
7eff58ed528ad07da85824e989c78f2ae962d95b28fc3a96dcde655d0943c5a4,2020-08,Durham Constabulary,Durham Constabulary,-1.384475,54.694163,On or near Hurworth Burn Road,E01020795,County Durham 043D,Public order,Unable to prosecute suspect,
f788da3ef746500e368fa3929ae0de7431d0391b9bf8822a30f7f4cdc9303bed,2020-08,Durham Constabulary,Durham Constabulary,-1.380677,54.725598,On or near Pickering Street,E01020795,County Durham 043D,Public order,Unable to prosecute suspect,
ece3547df8a1344d12e49bd5c4988e5b8b10313d1a1bda8044152ce64b52bf50,2020-08,Durham Constabulary,Durham Constabulary,-1.373219,54.722899,On or near Station Road,E01020795,County Durham 043D,Public order,Unable to prosecute suspect,
acdc73420dc8d02d0899073e1f0d95222591750f083d695ebb8b90b42154d6b6,2020-08,Durham Constabulary,Durham Constabulary,-1.377830,54.724918,On or near Johnson'S Street,E01020795,County Durham 043D,Public order,Investigation complete; no suspect identified,
f825c8e618b99fb0c5b83ef8e116deeb070cc6e35c658b3969a53fe1865cd680,2020-08,Durham Constabulary,Durham Constabulary,-1.378435,54.726952,On or near Chillerton Way,E01020795,County Durham 043D,Vehicle crime,Unable to prosecute suspect,
3d63887fb969f574e8989030cbbe813fd6e71d6bddcc7178fc1b3b0069ebe02a,2020-08,Durham Constabulary,Durham Constabulary,-1.367227,54.719858,On or near Brackendale Court,E01020795,County Durham 043D,Vehicle crime,Unable to prosecute suspect,
86d44e87b7cbf7bb8633e0dbc276bbdf527c1536debf8bf2592d2317bc622edb,2020-08,Durham Constabulary,Durham Constabulary,-1.384475,54.694163,On or near Hurworth Burn Road,E01020795,County Durham 043D,Violence and sexual offences,Unable to prosecute suspect,
4de67c6b4e930f2aaff129247399ffd7590c8afc1967540821fe374aaa4f5d20,2020-08,Durham Constabulary,Durham Constabulary,-1.377830,54.724918,On or near Johnson'S Street,E01020795,County Durham 043D,Violence and sexual offences,Unable to prosecute suspect,
3f1a2317e59da11f7e9d6c250a22b857b64e2efd9061c91a46fc184a971ecaab,2020-08,Durham Constabulary,Durham Constabulary,-1.384475,54.694163,On or near Hurworth Burn Road,E01020795,County Durham 043D,Violence and sexual offences,Unable to prosecute suspect,
425146bc4a53e4b33425d16f201833424d8e1542fd5f066f25ed09030523e6a9,2020-08,Durham Constabulary,Durham Constabulary,-1.377830,54.724918,On or near Johnson'S Street,E01020795,County Durham 043D,Violence and sexual offences,Unable to prosecute suspect,
eb7aded48a7aa4e4a63f5382cb694193aa4257c91378926832e17447773e6d30,2020-08,Durham Constabulary,Durham Constabulary,-1.367078,54.719417,On or near Ferndale Close,E01020795,County Durham 043D,Violence and sexual offences,Formal action is not in the public interest,
593d63bbe5d0b2ff6ff9722bb28049b3edd71dd42ca3e25bfef79afdc82341c0,2020-08,Durham Constabulary,Durham Constabulary,-1.373219,54.722899,On or near Station Road,E01020795,County Durham 043D,Violence and sexual offences,Unable to prosecute suspect,
4cbaa15a0718349f8e3a83f097dac70345a32af8f7ddf31317cc1ec5c049b5fd,2020-08,Durham Constabulary,Durham Constabulary,-1.373219,54.722899,On or near Station Road,E01020795,County Durham 043D,Violence and sexual offences,Investigation complete; no suspect identified,
216a9d65461a64dd4cafc14e7f6c8325208b7120f0a5edeaba1c6316b19f5867,2020-08,Durham Constabulary,Durham Constabulary,-1.380677,54.725598,On or near Pickering Street,E01020795,County Durham 043D,Violence and sexual offences,Unable to prosecute suspect,
8d2fffa3164e661b3c7ec8afa783d9ccd8f4da93c3cf96a03b24d032dc34d0c2,2020-08,Durham Constabulary,Durham Constabulary,-1.373219,54.722899,On or near Station Road,E01020795,County Durham 043D,Violence and sexual offences,Unable to prosecute suspect,
1fef07c25b904394e87a8aa43d56e344f3e3b08b71d51c7fcb4e90b6b0abd6c5,2020-08,Durham Constabulary,Durham Constabulary,-1.367078,54.719417,On or near Ferndale Close,E01020795,County Durham 043D,Violence and sexual offences,Unable to prosecute suspect,
4c586710b47f1a829319670fc4067b267e0e2f7aefd4035ee575625dd8deae1e,2020-08,Durham Constabulary,Durham Constabulary,-1.380677,54.725598,On or near Pickering Street,E01020795,County Durham 043D,Violence and sexual offences,Unable to prosecute suspect,
d9f4b7cb91832190c619dc7b67fd6a8bfea43ebdca9788e01cdb7ee13136b845,2020-08,Durham Constabulary,Durham Constabulary,-1.378435,54.726952,On or near Chillerton Way,E01020795,County Durham 043D,Violence and sexual offences,Unable to prosecute suspect,
af4b4270f21ebf218a907fa70b428b78d194caf42ce051cd64edf89f8214288e,2020-08,Durham Constabulary,Durham Constabulary,-1.367227,54.719858,On or near Brackendale Court,E01020795,County Durham 043D,Other crime,Unable to prosecute suspect,
87c14c1306cbdfc08fc2ca1d75a1821db1f67fc6c76335ed085366779652bf55,2020-08,Durham Constabulary,Durham Constabulary,-1.380677,54.725598,On or near Pickering Street,E01020795,County Durham 043D,Other crime,Offender given a caution,
a0f985d7ef42e992fdb4511a92f587e28e86f4d3f762cf7b81542b4a150b9025,2020-08,Durham Constabulary,Durham Constabulary,-1.384475,54.694163,On or near Hurworth Burn Road,E01020795,County Durham 043D,Other crime,Unable to prosecute suspect,
,2020-08,Durham Constabulary,Durham Constabulary,-1.517383,54.726075,On or near Park Avenue,E01020695,County Durham 044A,Anti-social behaviour,,
,2020-08,Durham Constabulary,Durham Constabulary,-1.465742,54.738997,On or near Front Street,E01020695,County Durham 044A,Anti-social behaviour,,
446169e752aa3968b23b4ab1a423f6d3e2751106cb62a7c4ddae9cf93966a14f,2020-08,Durham Constabulary,Durham Constabulary,-1.514455,54.724212,On or near Holmfield Villas,E01020695,County Durham 044A,Public order,Local resolution,
aca04f361ce36de980e2403794c44ef6820634ab899c88416940ed3da50a8c1e,2020-08,Durham Constabulary,Durham Constabulary,-1.467316,54.737395,On or near Luke Avenue,E01020695,County Durham 044A,Violence and sexual offences,Unable to prosecute suspect,
9eaabc46fabf70e30b9105a5b69c06d552af4899d9d370feaa9b81820154a755,2020-08,Durham Constabulary,Durham Constabulary,-1.467316,54.737395,On or near Luke Avenue,E01020695,County Durham 044A,Violence and sexual offences,Further investigation is not in the public interest,
5b19b29158477c29490562987c3238ee8a7d4cec8168a95161e270621edb64d9,2020-08,Durham Constabulary,Durham Constabulary,-1.467316,54.737395,On or near Luke Avenue,E01020695,County Durham 044A,Violence and sexual offences,Unable to prosecute suspect,
abc7ef86b8c49288f1e3403cc91b4e1ca5be2b0d7208063a69a8919fc1562cd6,2020-08,Durham Constabulary,Durham Constabulary,-1.517383,54.726075,On or near Park Avenue,E01020695,County Durham 044A,Violence and sexual offences,Further investigation is not in the public interest,
8a4282849db6ee030e3e899f7580b908348f8835bc098d8fa874ff0fac3d209d,2020-08,Durham Constabulary,Durham Constabulary,-1.517427,54.740723,On or near Millford Way,E01020695,County Durham 044A,Violence and sexual offences,Unable to prosecute suspect,
cee0229a5b3d9dc8aaaa6a135b3fa957c437e268cedddba8ae3ab815d5812fe7,2020-08,Durham Constabulary,Durham Constabulary,-1.517383,54.726075,On or near Park Avenue,E01020695,County Durham 044A,Violence and sexual offences,Unable to prosecute suspect,
4a337bd281574ccaa833f7c5a688beee6c9d4fffa36d68326eff6e9d9df09bc8,2020-08,Durham Constabulary,Durham Constabulary,-1.517383,54.726075,On or near Park Avenue,E01020695,County Durham 044A,Violence and sexual offences,Unable to prosecute suspect,
1f3cfca5430f685a2bd175c0f5230fa2d143df834dd4c8d348cfd000f492e551,2020-08,Durham Constabulary,Durham Constabulary,-1.517383,54.726075,On or near Park Avenue,E01020695,County Durham 044A,Violence and sexual offences,Unable to prosecute suspect,
c960fa516df2c2ec8e203a663478fce459c242d4ab27ed439b9b0a77b502d6a8,2020-08,Durham Constabulary,Durham Constabulary,-1.467316,54.737395,On or near Luke Avenue,E01020695,County Durham 044A,Violence and sexual offences,Unable to prosecute suspect,
c630d44197e1b7399622118ac4383817f6ea555ba430b7d9c0c6f56da2d5a52b,2020-08,Durham Constabulary,Durham Constabulary,-1.467316,54.737395,On or near Luke Avenue,E01020695,County Durham 044A,Violence and sexual offences,Local resolution,
,2020-08,Durham Constabulary,Durham Constabulary,-1.511190,54.710449,On or near Cornforth Lane,E01020698,County Durham 044B,Anti-social behaviour,,
,2020-08,Durham Constabulary,Durham Constabulary,-1.502389,54.713056,On or near The Paddock,E01020698,County Durham 044B,Anti-social behaviour,,
,2020-08,Durham Constabulary,Durham Constabulary,-1.511190,54.710449,On or near Cornforth Lane,E01020698,County Durham 044B,Anti-social behaviour,,
6ce4c17b228efee765076a99fd32d1447eebb2dcc926dc6df4927fdd7e8b4dae,2020-08,Durham Constabulary,Durham Constabulary,-1.502414,54.713505,On or near Mulberry,E01020698,County Durham 044B,Violence and sexual offences,Investigation complete; no suspect identified,
399ca98ca6749e13661127912fb39f8490ba3b02bbc1dbc167058941349b0214,2020-08,Durham Constabulary,Durham Constabulary,-1.507350,54.710982,On or near Ashbourne Court,E01020698,County Durham 044B,Violence and sexual offences,Local resolution,
,2020-08,Durham Constabulary,Durham Constabulary,-1.480509,54.728385,On or near Malcolm Avenue,E01020699,County Durham 044C,Anti-social behaviour,,
,2020-08,Durham Constabulary,Durham Constabulary,-1.480149,54.718831,On or near Tate Avenue,E01020699,County Durham 044C,Anti-social behaviour,,
,2020-08,Durham Constabulary,Durham Constabulary,-1.498100,54.714655,On or near Grange Crescent,E01020699,County Durham 044C,Anti-social behaviour,,
b188f3e7356dae0f707b0ea87e3fa0298294870e09cce7348a3b1aeb0a28080e,2020-08,Durham Constabulary,Durham Constabulary,-1.480149,54.718831,On or near Tate Avenue,E01020699,County Durham 044C,Criminal damage and arson,Unable to prosecute suspect,
81dbad4b373d4ef4b262efdbb8a1874e3922cb10463b15477575535cfa2f456b,2020-08,Durham Constabulary,Durham Constabulary,-1.480149,54.718831,On or near Tate Avenue,E01020699,County Durham 044C,Criminal damage and arson,Unable to prosecute suspect,
323fff844e50708499ee2760e17a9a57b56b6860e7c65f970635813c9822716f,2020-08,Durham Constabulary,Durham Constabulary,-1.498994,54.712628,On or near The Grove,E01020699,County Durham 044C,Public order,Status update unavailable,
057eed6329f6e65891c31dda12116000126571a4c1f722efe5ef91d19f7300da,2020-08,Durham Constabulary,Durham Constabulary,-1.498994,54.712628,On or near The Grove,E01020699,County Durham 044C,Violence and sexual offences,Court result unavailable,
,2020-08,Durham Constabulary,Durham Constabulary,-1.478218,54.731449,On or near Church Street,E01020700,County Durham 044D,Anti-social behaviour,,
,2020-08,Durham Constabulary,Durham Constabulary,-1.469971,54.718454,On or near Bradyll Street,E01020700,County Durham 044D,Anti-social behaviour,,
,2020-08,Durham Constabulary,Durham Constabulary,-1.478218,54.731449,On or near Church Street,E01020700,County Durham 044D,Anti-social behaviour,,
,2020-08,Durham Constabulary,Durham Constabulary,-1.470953,54.722871,On or near Morley Crescent,E01020700,County Durham 044D,Anti-social behaviour,,
587694dc9e18312c324d3ace511c2d079f5e499107ae96454935a018e5cd3a6e,2020-08,Durham Constabulary,Durham Constabulary,-1.478218,54.731449,On or near Church Street,E01020700,County Durham 044D,Public order,Investigation complete; no suspect identified,
ab5c9bfb34f9e8950a157f203200ef8f531dea0ca00ab5af3d57a9556682bbf9,2020-08,Durham Constabulary,Durham Constabulary,-1.428923,54.727425,On or near Salter'S Lane,E01020700,County Durham 044D,Vehicle crime,Investigation complete; no suspect identified,
720684011aabc849a0685c274e530af52a5589652d8953965a1e7ea91a3c4345,2020-08,Durham Constabulary,Durham Constabulary,-1.478430,54.719749,On or near Woodland Crescent,E01020700,County Durham 044D,Violence and sexual offences,Unable to prosecute suspect,
ab4419d4e62a4bf3ed56617db324f439a4540e8b452d7f9e99b60a48cb036f36,2020-08,Durham Constabulary,Durham Constabulary,-1.478430,54.719749,On or near Woodland Crescent,E01020700,County Durham 044D,Violence and sexual offences,Unable to prosecute suspect,
a8f445d1ac38e12fe11d3d276e4b58273c2dc85b22b233f13a77e70246810da7,2020-08,Durham Constabulary,Durham Constabulary,-1.471904,54.721410,On or near Sports/Recreation Area,E01020700,County Durham 044D,Violence and sexual offences,Unable to prosecute suspect,
,2020-08,Durham Constabulary,Durham Constabulary,-1.499252,54.715658,On or near The Avenue,E01020701,County Durham 044E,Anti-social behaviour,,
,2020-08,Durham Constabulary,Durham Constabulary,-1.504594,54.718025,On or near Browns Close,E01020701,County Durham 044E,Anti-social behaviour,,
,2020-08,Durham Constabulary,Durham Constabulary,-1.501331,54.714516,On or near Roslyn Mews,E01020701,County Durham 044E,Anti-social behaviour,,
,2020-08,Durham Constabulary,Durham Constabulary,-1.505864,54.715712,On or near Landsdowne Road,E01020701,County Durham 044E,Anti-social behaviour,,
,2020-08,Durham Constabulary,Durham Constabulary,-1.504021,54.720467,On or near Sports/Recreation Area,E01020701,County Durham 044E,Anti-social behaviour,,
e54f47f4bfa6f62fb84294e3dc87a3e0965288469c14e1a826b2190e34f69026,2020-08,Durham Constabulary,Durham Constabulary,-1.504594,54.718025,On or near Browns Close,E01020701,County Durham 044E,Criminal damage and arson,Investigation complete; no suspect identified,
aa34b52ab52fed1e65071b35813904c8d67596208c3d43575b1bee444a91280b,2020-08,Durham Constabulary,Durham Constabulary,-1.504594,54.718025,On or near Browns Close,E01020701,County Durham 044E,Criminal damage and arson,Investigation complete; no suspect identified,
f624d062bd0293cc16de481cac714acf8c1cecd6cb3fc78438ce008550e429ac,2020-08,Durham Constabulary,Durham Constabulary,-1.508546,54.721187,On or near Bower Court,E01020701,County Durham 044E,Criminal damage and arson,Investigation complete; no suspect identified,
46ec2b4d131cce0e028738fb9ec788e18a946789ab9a6fe0cb6d156ee9254ef3,2020-08,Durham Constabulary,Durham Constabulary,-1.503072,54.716797,On or near Supermarket,E01020701,County Durham 044E,Public order,Investigation complete; no suspect identified,
a12f9becdb138324ef6e2413459796f480f0cff6f6096abd8ba2163e5cf7f5f3,2020-08,Durham Constabulary,Durham Constabulary,-1.503481,54.716403,On or near Parking Area,E01020701,County Durham 044E,Public order,Investigation complete; no suspect identified,
43da10e7ca19df93978b636aaf0747626ccc5625e0da90336568dd173f368f19,2020-08,Durham Constabulary,Durham Constabulary,-1.503072,54.716797,On or near Supermarket,E01020701,County Durham 044E,Shoplifting,Investigation complete; no suspect identified,
0f4aeccf14b8c49c95495e800a31f6c8b7991bb667786e140b05c56e070541e3,2020-08,Durham Constabulary,Durham Constabulary,-1.503072,54.716797,On or near Supermarket,E01020701,County Durham 044E,Shoplifting,Local resolution,
,2020-08,Durham Constabulary,Durham Constabulary,-1.749116,54.719056,On or near Percy Street,E01020876,County Durham 045A,Anti-social behaviour,,
,2020-08,Durham Constabulary,Durham Constabulary,-1.758296,54.728699,On or near Poplar Terrace,E01020876,County Durham 045A,Anti-social behaviour,,
,2020-08,Durham Constabulary,Durham Constabulary,-1.758296,54.728699,On or near Poplar Terrace,E01020876,County Durham 045A,Anti-social behaviour,,
7706e3089db8ee845ed4a7e5e71a9f115d21f886b91ff20c8f8568ce7c8334ff,2020-08,Durham Constabulary,Durham Constabulary,-1.750259,54.717468,On or near St Mary'S Avenue,E01020876,County Durham 045A,Burglary,Investigation complete; no suspect identified,
a1be3fc49fc8e6db19922839c08a01f90c4d98112ac8d6fba51d57d391e3fcab,2020-08,Durham Constabulary,Durham Constabulary,-1.756991,54.718389,On or near Coppice Mount,E01020876,County Durham 045A,Other theft,Investigation complete; no suspect identified,
f2c1e87bc384e5ed241eda5be177a07ee6281128154503cd9ff90cc86fb7bd1d,2020-08,Durham Constabulary,Durham Constabulary,-1.756991,54.718389,On or near Coppice Mount,E01020876,County Durham 045A,Public order,Investigation complete; no suspect identified,
e54d570d96dfa97b4dd67fa6709453eb80069d807ecff66518300aa1265adabe,2020-08,Durham Constabulary,Durham Constabulary,-1.756991,54.718389,On or near Coppice Mount,E01020876,County Durham 045A,Public order,Investigation complete; no suspect identified,
a012114e63b88b9b24ee9591ca2a800f322f86d80bb241a3cb3ef40ab1ca1e08,2020-08,Durham Constabulary,Durham Constabulary,-1.750901,54.719140,On or near High Hope Street,E01020876,County Durham 045A,Vehicle crime,Unable to prosecute suspect,
d2b8cfff8048008c586cca46a19fdd0d2fee77989f4e5a1bf7dc79c8af6b6753,2020-08,Durham Constabulary,Durham Constabulary,-1.749116,54.719056,On or near Percy Street,E01020876,County Durham 045A,Violence and sexual offences,Unable to prosecute suspect,
1036162f75219a87cdc8c98085f8e23bfd43c5a47b3d6c2eb8e02edf5830f707,2020-08,Durham Constabulary,Durham Constabulary,-1.750901,54.719140,On or near High Hope Street,E01020876,County Durham 045A,Violence and sexual offences,Unable to prosecute suspect,
b9466aebc144258840cdcf48c18970cd3ee78a3ecbbc1dd44b35c0502944d3eb,2020-08,Durham Constabulary,Durham Constabulary,-1.749116,54.719056,On or near Percy Street,E01020876,County Durham 045A,Violence and sexual offences,Unable to prosecute suspect,
f35d00d77c3ee0e4d006ca4ee04ac9997826ec0ea13b2ef1f07232025cd33adf,2020-08,Durham Constabulary,Durham Constabulary,-1.749116,54.719056,On or near Percy Street,E01020876,County Durham 045A,Violence and sexual offences,Court result unavailable,
2094ff617447f10d0130d4d946fcea0f6f63355c192a0427eac366748db48a1c,2020-08,Durham Constabulary,Durham Constabulary,-1.750901,54.719140,On or near High Hope Street,E01020876,County Durham 045A,Violence and sexual offences,Unable to prosecute suspect,
045316d91c8bd0e8cd58eacdd3ddc2fe50a1da2a53c18dfca41b0ff09c6d0aa3,2020-08,Durham Constabulary,Durham Constabulary,-1.749116,54.719056,On or near Percy Street,E01020876,County Durham 045A,Violence and sexual offences,Court result unavailable,
45d0b0ee2a02364f352d9bcb4dd9cf0291b38a64e3cc68bab962ade83d5a629e,2020-08,Durham Constabulary,Durham Constabulary,-1.755576,54.718844,On or near Uplands Close,E01020876,County Durham 045A,Violence and sexual offences,Unable to prosecute suspect,
a5e1e8eeb17098acacfdf9fd86578fa214ae59821e2eb39dede3c9a77627d4f0,2020-08,Durham Constabulary,Durham Constabulary,-1.749116,54.719056,On or near Percy Street,E01020876,County Durham 045A,Violence and sexual offences,Unable to prosecute suspect,
8647c33abf843419da185359822041e3f4d8fa4bf089f6f214bb4de14af460e0,2020-08,Durham Constabulary,Durham Constabulary,-1.756991,54.718389,On or near Coppice Mount,E01020876,County Durham 045A,Violence and sexual offences,Unable to prosecute suspect,
408cecbe9f7e676547156d7957164e0ef938f859164d6b779bcf48a9e3ec25ae,2020-08,Durham Constabulary,Durham Constabulary,-1.749116,54.719056,On or near Percy Street,E01020876,County Durham 045A,Violence and sexual offences,Unable to prosecute suspect,
86aec0fb1a134fa5424e6fb6b1a6d109b1031916da130e1629c25d9c42e30a05,2020-08,Durham Constabulary,Durham Constabulary,-1.750901,54.719140,On or near High Hope Street,E01020876,County Durham 045A,Violence and sexual offences,Unable to prosecute suspect,
,2020-08,Durham Constabulary,Durham Constabulary,-1.753976,54.716352,On or near Maple Crescent,E01020878,County Durham 045B,Anti-social behaviour,,
,2020-08,Durham Constabulary,Durham Constabulary,-1.753976,54.716352,On or near Maple Crescent,E01020878,County Durham 045B,Anti-social behaviour,,
,2020-08,Durham Constabulary,Durham Constabulary,-1.756684,54.715207,On or near Laurel Gardens,E01020878,County Durham 045B,Anti-social behaviour,,
,2020-08,Durham Constabulary,Durham Constabulary,-1.755743,54.716796,On or near Roseberry Crescent,E01020878,County Durham 045B,Anti-social behaviour,,
0423576a06262215754c960a1b946a5612337e8710c14dccad45a756077e75fc,2020-08,Durham Constabulary,Durham Constabulary,-1.753976,54.716352,On or near Maple Crescent,E01020878,County Durham 045B,Criminal damage and arson,Unable to prosecute suspect,
4943b0e9578716da1b3480d20eb1aff120d8d6258107197bb85cb2baf8cfbd17,2020-08,Durham Constabulary,Durham Constabulary,-1.754534,54.713900,On or near West End Villas,E01020878,County Durham 045B,Criminal damage and arson,Investigation complete; no suspect identified,
7c3818878ae46a5c666f096cdffee008b2828ee0de7af7b9935e8342adb8e003,2020-08,Durham Constabulary,Durham Constabulary,-1.756684,54.715207,On or near Laurel Gardens,E01020878,County Durham 045B,Criminal damage and arson,Further action is not in the public interest,
e7e580108eee289808cbb7d2ecbc6fe0f7e0470b3165ca9dc7167f531eb753dc,2020-08,Durham Constabulary,Durham Constabulary,-1.756684,54.715207,On or near Laurel Gardens,E01020878,County Durham 045B,Criminal damage and arson,Unable to prosecute suspect,
c80cf8d998984b39eb2e3a3f803d7cd8c341f850fff952d3633ec2c712bcb785,2020-08,Durham Constabulary,Durham Constabulary,-1.756684,54.715207,On or near Laurel Gardens,E01020878,County Durham 045B,Drugs,Further action is not in the public interest,
0e070a5024ee0a68697d21e4cf615accfd5c719e782a47657e7a064549ea73fe,2020-08,Durham Constabulary,Durham Constabulary,-1.756684,54.715207,On or near Laurel Gardens,E01020878,County Durham 045B,Possession of weapons,Further action is not in the public interest,
5e676470ebb86de19617c777b0a0d933f37abf04a01802e6a3b7fd9578642882,2020-08,Durham Constabulary,Durham Constabulary,-1.753380,54.717357,On or near Hartside,E01020878,County Durham 045B,Public order,Unable to prosecute suspect,
ebe8c3f5e96a9d08540b2243c635d6e99edceb5025aedd16f9373d56bc9cfb18,2020-08,Durham Constabulary,Durham Constabulary,-1.752273,54.715620,On or near Lishman Avenue,E01020878,County Durham 045B,Public order,Unable to prosecute suspect,
2f4e6eeb90011dded21fa23741212264bc8a816aefbe97d77eb227a366c5bd2d,2020-08,Durham Constabulary,Durham Constabulary,-1.751838,54.713130,On or near West Road,E01020878,County Durham 045B,Public order,Investigation complete; no suspect identified,
d2b0a029eddc903b4b55e1b465b8e792b510de89bc4b995a2a88f4907b4ca528,2020-08,Durham Constabulary,Durham Constabulary,-1.754534,54.713900,On or near West End Villas,E01020878,County Durham 045B,Public order,Investigation complete; no suspect identified,
c2a71524e66a740f6e15bd1898acacb3b8538f6b27ce2609d58f45d5519af25e,2020-08,Durham Constabulary,Durham Constabulary,-1.753044,54.711443,On or near Mcmillan Drive,E01020878,County Durham 045B,Public order,Unable to prosecute suspect,
670ade7bcef6682b4a60159651ec5d4d4f1d07e819fc8dce37d1f494903800e3,2020-08,Durham Constabulary,Durham Constabulary,-1.756684,54.715207,On or near Laurel Gardens,E01020878,County Durham 045B,Public order,Unable to prosecute suspect,
191ddb4ebd09268597503d4c090c382a710d7352bdb6ef98bc61732a8b982c6d,2020-08,Durham Constabulary,Durham Constabulary,-1.750765,54.713479,On or near West Road,E01020878,County Durham 045B,Vehicle crime,Court result unavailable,
ac122eaaee0927e146fc19f8577c446f4dfd08f28071034ebf62bd38d22455e6,2020-08,Durham Constabulary,Durham Constabulary,-1.752273,54.715620,On or near Lishman Avenue,E01020878,County Durham 045B,Vehicle crime,Investigation complete; no suspect identified,
41d486fc762d52410ca29765cfae78e2cf7acd64fcd3df518c52f72299679eaf,2020-08,Durham Constabulary,Durham Constabulary,-1.753976,54.716352,On or near Maple Crescent,E01020878,County Durham 045B,Violence and sexual offences,Unable to prosecute suspect,
45ddea31b6d07b876ceda9b67f8d9368f68136c5ea1c0da764616d0cdeabbaa1,2020-08,Durham Constabulary,Durham Constabulary,-1.756684,54.715207,On or near Laurel Gardens,E01020878,County Durham 045B,Violence and sexual offences,Unable to prosecute suspect,
0e05096c80ab3dbe81898b3ba4f0e27f96ba2437eb649f1b09735678f69072d5,2020-08,Durham Constabulary,Durham Constabulary,-1.756684,54.715207,On or near Laurel Gardens,E01020878,County Durham 045B,Violence and sexual offences,Status update unavailable,
c14f96576cc879c86d1df945419d839f080a0c3fe22511a8c4bae21b2350f4a0,2020-08,Durham Constabulary,Durham Constabulary,-1.756684,54.715207,On or near Laurel Gardens,E01020878,County Durham 045B,Violence and sexual offences,Unable to prosecute suspect,
ea1c5c65be8d45fad16e27c228e9d0069c4e9c94ca41136f33ab77972966b3bf,2020-08,Durham Constabulary,Durham Constabulary,-1.754534,54.713900,On or near West End Villas,E01020878,County Durham 045B,Violence and sexual offences,Unable to prosecute suspect,
289e0d181e779d5d004f433407431f8db677efa37fcb2db62f567e6c3b851d17,2020-08,Durham Constabulary,Durham Constabulary,-1.756684,54.715207,On or near Laurel Gardens,E01020878,County Durham 045B,Violence and sexual offences,Unable to prosecute suspect,
23afa37e4cfd1c7f5e6350d00d2bb6dcdda95383b468b1f43dd9245caf6737ea,2020-08,Durham Constabulary,Durham Constabulary,-1.750814,54.713128,On or near Parking Area,E01020878,County Durham 045B,Violence and sexual offences,Further action is not in the public interest,
bcfa49960d45b281c4c03d11de88d2ed3de13155d115b9a8572d6495749cd631,2020-08,Durham Constabulary,Durham Constabulary,-1.753380,54.717357,On or near Hartside,E01020878,County Durham 045B,Violence and sexual offences,Unable to prosecute suspect,
148f8c804b7d19156cebe506fd63c037eb7f5e4d013889df6b52ad7a17200ada,2020-08,Durham Constabulary,Durham Constabulary,-1.752273,54.715620,On or near Lishman Avenue,E01020878,County Durham 045B,Violence and sexual offences,Court result unavailable,
00ed9d99c1cbe98c10ac8be73bd17d53e6917edcee4328ec708b21a960985393,2020-08,Durham Constabulary,Durham Constabulary,-1.751838,54.713130,On or near West Road,E01020878,County Durham 045B,Violence and sexual offences,Investigation complete; no suspect identified,
073eff2397642efb69888205e46a7652747ebce3a8a83f317fa7b3b7f384c6d4,2020-08,Durham Constabulary,Durham Constabulary,-1.750814,54.713128,On or near Parking Area,E01020878,County Durham 045B,Violence and sexual offences,Unable to prosecute suspect,
e14445e243eeffada055365eed5878f5398f31290821a5dd5712f4025995f0e3,2020-08,Durham Constabulary,Durham Constabulary,-1.755743,54.716796,On or near Roseberry Crescent,E01020878,County Durham 045B,Violence and sexual offences,Unable to prosecute suspect,
,2020-08,Durham Constabulary,Durham Constabulary,-1.747327,54.697242,On or near Parkside,E01020887,County Durham 045C,Anti-social behaviour,,
,2020-08,Durham Constabulary,Durham Constabulary,-1.747327,54.697242,On or near Parkside,E01020887,County Durham 045C,Anti-social behaviour,,
,2020-08,Durham Constabulary,Durham Constabulary,-1.751343,54.695057,On or near School Street,E01020887,County Durham 045C,Anti-social behaviour,,
,2020-08,Durham Constabulary,Durham Constabulary,-1.747327,54.697242,On or near Parkside,E01020887,County Durham 045C,Anti-social behaviour,,
411c5e422641c05178e9a6d653f5a3f4063f0a7cd223e72730f05119a4364a82,2020-08,Durham Constabulary,Durham Constabulary,-1.747856,54.694484,On or near Bridge Street,E01020887,County Durham 045C,Bicycle theft,Unable to prosecute suspect,
38ec3a93f65ee96eb95dbb44cdc47cd716135b9c3c61e6fdba1e4f96ef57ad40,2020-08,Durham Constabulary,Durham Constabulary,-1.749396,54.703950,On or near Weavers Croft,E01020887,County Durham 045C,Criminal damage and arson,Unable to prosecute suspect,
ba952a8320abd6603dbb478389c24724305acf79cef6bf690d7f177eb3898b53,2020-08,Durham Constabulary,Durham Constabulary,-1.748578,54.695707,On or near High Street,E01020887,County Durham 045C,Public order,Unable to prosecute suspect,
ac8aabfb0fc07a49513b8af43487933dd5c2ba67b4023f7ff8dfaff1d3d597e7,2020-08,Durham Constabulary,Durham Constabulary,-1.752330,54.696182,On or near Bridge Street,E01020887,County Durham 045C,Public order,Unable to prosecute suspect,
c35e9da98810c1829f03f0fcdca86abafe262dfc08071da6eb6d228e1af07d72,2020-08,Durham Constabulary,Durham Constabulary,-1.752330,54.696182,On or near Bridge Street,E01020887,County Durham 045C,Violence and sexual offences,Unable to prosecute suspect,
9b575e47a7d2e8354e5562d85f7af0b7fa60514fe4612138ddee591702c3b260,2020-08,Durham Constabulary,Durham Constabulary,-1.747327,54.697242,On or near Parkside,E01020887,County Durham 045C,Violence and sexual offences,Unable to prosecute suspect,
163bde29e90b0facaeb3b1d28757182bf2c19d7dbce94bb159218a66938a10c7,2020-08,Durham Constabulary,Durham Constabulary,-1.756082,54.693925,On or near Vicarage Close,E01020887,County Durham 045C,Violence and sexual offences,Unable to prosecute suspect,
9a9fbeef72a890b97777d991fd9eed0cea4524544e9b6c349149041f71515cef,2020-08,Durham Constabulary,Durham Constabulary,-1.748578,54.695707,On or near High Street,E01020887,County Durham 045C,Violence and sexual offences,Unable to prosecute suspect,
,2020-08,Durham Constabulary,Durham Constabulary,-1.815593,54.742432,On or near Wolsingham Road,E01020892,County Durham 045D,Anti-social behaviour,,
,2020-08,Durham Constabulary,Durham Constabulary,-1.820761,54.746906,On or near Weardale Crescent,E01020892,County Durham 045D,Anti-social behaviour,,
8b0fff885dd37dda40679b76e7fe179ae039cd62588cd3059e465f3e9c8312a3,2020-08,Durham Constabulary,Durham Constabulary,-1.820654,54.749989,On or near Hillcrest,E01020892,County Durham 045D,Burglary,Further action is not in the public interest,
7095d1908985ac6a916d9214a5af6413c085f7130090ccb724d625c03e1d1fd7,2020-08,Durham Constabulary,Durham Constabulary,-1.816454,54.747736,On or near Parking Area,E01020892,County Durham 045D,Other theft,Investigation complete; no suspect identified,
53858a953ccbd15853355a92f42ffc497c517a8a977993b07a20f7890ed2b6db,2020-08,Durham Constabulary,Durham Constabulary,-1.814895,54.748946,On or near Smith Street,E01020892,County Durham 045D,Public order,Investigation complete; no suspect identified,
556e93d6eef0f18f8db4bcbfad23ede1edb4c7f0800c2b5d00c95b6a9f20b53a,2020-08,Durham Constabulary,Durham Constabulary,-1.814895,54.748946,On or near Smith Street,E01020892,County Durham 045D,Public order,Investigation complete; no suspect identified,
6506eda6a7ca78627162daac5733f98c7a0afe76429b71020c44037a592685a9,2020-08,Durham Constabulary,Durham Constabulary,-1.814265,54.744066,On or near High Street,E01020892,County Durham 045D,Public order,Unable to prosecute suspect,
48219f93a0acd58f495c0e60c4ef16df8c463ff81f38e735be014c756db5d98e,2020-08,Durham Constabulary,Durham Constabulary,-1.814895,54.748946,On or near Smith Street,E01020892,County Durham 045D,Violence and sexual offences,Unable to prosecute suspect,
c8b089d16b9a237dcc72f3c73ec803df4a79767094fff8caed120424caa1730e,2020-08,Durham Constabulary,Durham Constabulary,-1.820761,54.746906,On or near Weardale Crescent,E01020892,County Durham 045D,Violence and sexual offences,Unable to prosecute suspect,
88c87effb81cdee3034dbe6f68d32208fb2e3852b0cdabf55110c8f75b25c97b,2020-08,Durham Constabulary,Durham Constabulary,-1.813257,54.743768,On or near Campbell Street,E01020892,County Durham 045D,Violence and sexual offences,Unable to prosecute suspect,
8b74f3ebe0adf702315e368bb88811b2c40327f33f6ac91da039253dcbc97a58,2020-08,Durham Constabulary,Durham Constabulary,-1.820761,54.746906,On or near Weardale Crescent,E01020892,County Durham 045D,Violence and sexual offences,Unable to prosecute suspect,
f8ddbf76869f1c470935eeff703125a6df15aa30364b1fc3956206b88f17e5d3,2020-08,Durham Constabulary,Durham Constabulary,-1.820761,54.746906,On or near Weardale Crescent,E01020892,County Durham 045D,Violence and sexual offences,Unable to prosecute suspect,
,2020-08,Durham Constabulary,Durham Constabulary,-1.812576,54.746660,On or near Highfields,E01020894,County Durham 045E,Anti-social behaviour,,
,2020-08,Durham Constabulary,Durham Constabulary,-1.802569,54.740704,On or near B6299,E01020894,County Durham 045E,Anti-social behaviour,,
,2020-08,Durham Constabulary,Durham Constabulary,-1.812576,54.746660,On or near Highfields,E01020894,County Durham 045E,Anti-social behaviour,,
,2020-08,Durham Constabulary,Durham Constabulary,-1.818592,54.745681,On or near Naismith Grove,E01020894,County Durham 045E,Anti-social behaviour,,
,2020-08,Durham Constabulary,Durham Constabulary,-1.812576,54.746660,On or near Highfields,E01020894,County Durham 045E,Anti-social behaviour,,
,2020-08,Durham Constabulary,Durham Constabulary,-1.812576,54.746660,On or near Highfields,E01020894,County Durham 045E,Anti-social behaviour,,
1d473ded11044a4f34fcd5b1e8a6552f740397c66496279fdaf78db093b84fe6,2020-08,Durham Constabulary,Durham Constabulary,-1.814904,54.747095,On or near Castle Bank,E01020894,County Durham 045E,Burglary,Further action is not in the public interest,
e85334cd61b1fa6da4d4d18f9fe361983851cacb876738e00b6f6033bedd2479,2020-08,Durham Constabulary,Durham Constabulary,-1.814183,54.741549,On or near Wear Street,E01020894,County Durham 045E,Criminal damage and arson,Unable to prosecute suspect,
4807ef5434e6657859fe270fdbe050cdc04c33505f6ed93d4f2d389310bcf454,2020-08,Durham Constabulary,Durham Constabulary,-1.820827,54.746080,On or near Coronation Avenue,E01020894,County Durham 045E,Criminal damage and arson,Investigation complete; no suspect identified,
0ad9f79d373813e645a8dd213ad100f52aba46537e845bf6652a19a9c604c8c6,2020-08,Durham Constabulary,Durham Constabulary,-1.814183,54.741549,On or near Wear Street,E01020894,County Durham 045E,Other theft,Investigation complete; no suspect identified,
81e84b2a8817872a3764169394f640472a6051a992c917ec2c817ae90019649e,2020-08,Durham Constabulary,Durham Constabulary,-1.813799,54.740803,On or near Attlee Court,E01020894,County Durham 045E,Violence and sexual offences,Unable to prosecute suspect,
eaaa68aaa4aa801d8ff931a66d8da5f2c6f4f967854b4e98fa207f54b5c3d8e5,2020-08,Durham Constabulary,Durham Constabulary,-1.810549,54.741589,On or near Bridge Street,E01020894,County Durham 045E,Violence and sexual offences,Court result unavailable,
53ba1c66500df1e1b6a0cb0cbf10786b7130fc53ae4881699f0f3aae754c59e9,2020-08,Durham Constabulary,Durham Constabulary,-1.813799,54.740803,On or near Attlee Court,E01020894,County Durham 045E,Violence and sexual offences,Offender given a caution,
4450e405c7c5758d949e064ec48fc50be5d2a1ac0e78b8bd5def09bf5db78243,2020-08,Durham Constabulary,Durham Constabulary,-1.810549,54.741589,On or near Bridge Street,E01020894,County Durham 045E,Violence and sexual offences,Court result unavailable,
ec6679804f6091c4eff14476f259923492716557f64438b2e7778b17dd2f0767,2020-08,Durham Constabulary,Durham Constabulary,-1.813799,54.740803,On or near Attlee Court,E01020894,County Durham 045E,Violence and sexual offences,Offender given a caution,
3493b85417a805ebcaba062533d9e0910ac810b72c42540b13a3eefd5e41f87d,2020-08,Durham Constabulary,Durham Constabulary,-1.810549,54.741589,On or near Bridge Street,E01020894,County Durham 045E,Violence and sexual offences,Court result unavailable,
,2020-08,Durham Constabulary,Durham Constabulary,-1.740322,54.708092,On or near Hawes Crescent,E01020898,County Durham 045F,Anti-social behaviour,,
,2020-08,Durham Constabulary,Durham Constabulary,-1.741742,54.709416,On or near Ullswater Crescent,E01020898,County Durham 045F,Anti-social behaviour,,
,2020-08,Durham Constabulary,Durham Constabulary,-1.739275,54.711684,On or near Grasmere Grove,E01020898,County Durham 045F,Anti-social behaviour,,
92c03f26c1db3e8e07a1aef42cf2df4738bb34bf80e95149ea33fff45c1d272d,2020-08,Durham Constabulary,Durham Constabulary,-1.739168,54.709051,On or near Scafell Gardens,E01020898,County Durham 045F,Criminal damage and arson,Investigation complete; no suspect identified,
0a0d73212e9414dd640a360e587f45c67967c83a3344b699a510889069105e30,2020-08,Durham Constabulary,Durham Constabulary,-1.736771,54.710079,On or near Rydal Drive,E01020898,County Durham 045F,Criminal damage and arson,Investigation complete; no suspect identified,
2423265f5baeb37a1825a00890bd2d9c460e8a8d94731bbefc5779ad82c973e1,2020-08,Durham Constabulary,Durham Constabulary,-1.740434,54.707607,On or near Blencathra Crescent,E01020898,County Durham 045F,Violence and sexual offences,Further investigation is not in the public interest,
4acab2b6ae66a462743e761637dfce477fac07738510ea28e4d5e6957a698019,2020-08,Durham Constabulary,Durham Constabulary,-1.741742,54.709416,On or near Ullswater Crescent,E01020898,County Durham 045F,Violence and sexual offences,Unable to prosecute suspect,
0e1c14b8a0d452cab239956260f0039a64c065de7bf6332836bb7f6b71da64a1,2020-08,Durham Constabulary,Durham Constabulary,-1.736771,54.710079,On or near Rydal Drive,E01020898,County Durham 045F,Violence and sexual offences,Unable to prosecute suspect,
f4ce6681e30009d2bbca8fc3dbec47eafeb5ed87705ed1525bc4606eb4334f61,2020-08,Durham Constabulary,Durham Constabulary,-1.738819,54.710128,On or near Derwent Avenue,E01020898,County Durham 045F,Violence and sexual offences,Unable to prosecute suspect,
2786d182a0c64104a42e88c38047017e548da4a13b9df1196ae05109ee168ce3,2020-08,Durham Constabulary,Durham Constabulary,-1.738819,54.710128,On or near Derwent Avenue,E01020898,County Durham 045F,Violence and sexual offences,Unable to prosecute suspect,
1fe2c995ec92bbbd3e7a39b37b24f140ba5390893839a05d3b702e94fc960ff1,2020-08,Durham Constabulary,Durham Constabulary,-1.740434,54.707607,On or near Blencathra Crescent,E01020898,County Durham 045F,Violence and sexual offences,Unable to prosecute suspect,
0ccf336a1484c44185d0f8143d5abf360f010cff21debb47b31c8fe50cce1707,2020-08,Durham Constabulary,Durham Constabulary,-1.738128,54.711385,On or near Ennerdale Drive,E01020898,County Durham 045F,Violence and sexual offences,Unable to prosecute suspect,
4cbd3cec74e099c38a154f9646f5360b2add60e6b75146bb3ad3430122d454ff,2020-08,Durham Constabulary,Durham Constabulary,-1.740322,54.708092,On or near Hawes Crescent,E01020898,County Durham 045F,Violence and sexual offences,Offender given a caution,
2ae4c78bca9828129cb1e74a3454e27a61a6b57667871372aeed3f599e2f88db,2020-08,Durham Constabulary,Durham Constabulary,-1.740322,54.708092,On or near Hawes Crescent,E01020898,County Durham 045F,Violence and sexual offences,Investigation complete; no suspect identified,
8b007ebc4c2aea9c69152556ff1f9639f713c1939b8abbca23a9d6316991c89e,2020-08,Durham Constabulary,Durham Constabulary,-1.738819,54.710128,On or near Derwent Avenue,E01020898,County Durham 045F,Other crime,Investigation complete; no suspect identified,
,2020-08,Durham Constabulary,Durham Constabulary,-1.745901,54.711941,On or near Parking Area,E01020877,County Durham 046A,Anti-social behaviour,,
,2020-08,Durham Constabulary,Durham Constabulary,-1.745901,54.711941,On or near Parking Area,E01020877,County Durham 046A,Anti-social behaviour,,
,2020-08,Durham Constabulary,Durham Constabulary,-1.747497,54.714865,On or near Whitfield Street,E01020877,County Durham 046A,Anti-social behaviour,,
,2020-08,Durham Constabulary,Durham Constabulary,-1.747294,54.715008,On or near Victoria Street,E01020877,County Durham 046A,Anti-social behaviour,,
,2020-08,Durham Constabulary,Durham Constabulary,-1.745777,54.714394,On or near Parking Area,E01020877,County Durham 046A,Anti-social behaviour,,
,2020-08,Durham Constabulary,Durham Constabulary,-1.745758,54.717395,On or near Wilson Street,E01020877,County Durham 046A,Anti-social behaviour,,
,2020-08,Durham Constabulary,Durham Constabulary,-1.744699,54.715443,On or near North Terrace,E01020877,County Durham 046A,Anti-social behaviour,,
,2020-08,Durham Constabulary,Durham Constabulary,-1.747497,54.714865,On or near Whitfield Street,E01020877,County Durham 046A,Anti-social behaviour,,
,2020-08,Durham Constabulary,Durham Constabulary,-1.748601,54.714552,On or near Calvert Street,E01020877,County Durham 046A,Anti-social behaviour,,
,2020-08,Durham Constabulary,Durham Constabulary,-1.747294,54.715008,On or near Victoria Street,E01020877,County Durham 046A,Anti-social behaviour,,
,2020-08,Durham Constabulary,Durham Constabulary,-1.745449,54.707204,On or near Hollowdene Garth,E01020877,County Durham 046A,Anti-social behaviour,,
,2020-08,Durham Constabulary,Durham Constabulary,-1.745758,54.717395,On or near Wilson Street,E01020877,County Durham 046A,Anti-social behaviour,,
,2020-08,Durham Constabulary,Durham Constabulary,-1.744240,54.716826,On or near Arthur Street,E01020877,County Durham 046A,Anti-social behaviour,,
,2020-08,Durham Constabulary,Durham Constabulary,-1.748022,54.717849,On or near High Hope Street,E01020877,County Durham 046A,Anti-social behaviour,,
,2020-08,Durham Constabulary,Durham Constabulary,-1.745997,54.708948,On or near Beechburn Park,E01020877,County Durham 046A,Anti-social behaviour,,
,2020-08,Durham Constabulary,Durham Constabulary,-1.746806,54.713650,On or near Croft Street,E01020877,County Durham 046A,Anti-social behaviour,,
,2020-08,Durham Constabulary,Durham Constabulary,-1.748601,54.714552,On or near Calvert Street,E01020877,County Durham 046A,Anti-social behaviour,,
,2020-08,Durham Constabulary,Durham Constabulary,-1.747294,54.715008,On or near Victoria Street,E01020877,County Durham 046A,Anti-social behaviour,,
3bf3bd5cbe68c48e4a3547e8c0a643f02a63a0905fc11d6f2d421536fd408627,2020-08,Durham Constabulary,Durham Constabulary,-1.747497,54.714865,On or near Whitfield Street,E01020877,County Durham 046A,Burglary,Unable to prosecute suspect,
03064a18da396794d521dee77adcd12c0bc34d543ea00f3c42ebc573f1db3069,2020-08,Durham Constabulary,Durham Constabulary,-1.744532,54.714930,On or near Church Street,E01020877,County Durham 046A,Burglary,Unable to prosecute suspect,
efc23fbf03ec67eeef47d1ee565035a94724ef0639986fc8708b8e30bd83a204,2020-08,Durham Constabulary,Durham Constabulary,-1.744532,54.714930,On or near Church Street,E01020877,County Durham 046A,Criminal damage and arson,Investigation complete; no suspect identified,
4f6bb63e3116f46debc3e006c06ad6c3d6be5157af93f00aafd073ff7e58e511,2020-08,Durham Constabulary,Durham Constabulary,-1.745901,54.711941,On or near Parking Area,E01020877,County Durham 046A,Criminal damage and arson,Unable to prosecute suspect,
4e199ad596555c4490c51e665684417d9396185784b17782f7d89d0b47bd83c2,2020-08,Durham Constabulary,Durham Constabulary,-1.746113,54.717782,On or near Milburn Street,E01020877,County Durham 046A,Criminal damage and arson,Investigation complete; no suspect identified,
ed73b510cf5dad8b4593c625e1bdae79e83602f6827e2426e7d0180468c96438,2020-08,Durham Constabulary,Durham Constabulary,-1.747497,54.714865,On or near Whitfield Street,E01020877,County Durham 046A,Criminal damage and arson,Investigation complete; no suspect identified,
d2c1f3d97a495c14dcc56ad87dd5e9da99ce6cb3f4ecf9a99a9f9a862ebf9f0b,2020-08,Durham Constabulary,Durham Constabulary,-1.748601,54.714552,On or near Calvert Street,E01020877,County Durham 046A,Criminal damage and arson,Court result unavailable,
c2d4880bdc1174f2037e1f8e0a39413c7cef091e3366124bee1fe19c8c8189e2,2020-08,Durham Constabulary,Durham Constabulary,-1.746862,54.707099,On or near Hollowdene,E01020877,County Durham 046A,Other theft,Investigation complete; no suspect identified,
51aa5cc0421e277d7dacddf472e30a30c70d0e61d5d723ae1e25762581b5722d,2020-08,Durham Constabulary,Durham Constabulary,-1.744800,54.716755,On or near Grey Street,E01020877,County Durham 046A,Other theft,Investigation complete; no suspect identified,
536a733b5a8351487cdef40cb21ccd3151ecc17b6d974da2f5bbd354e1f9542f,2020-08,Durham Constabulary,Durham Constabulary,-1.745777,54.714394,On or near Parking Area,E01020877,County Durham 046A,Public order,Unable to prosecute suspect,
0e2d4c59596a7fa59fd362b4bda924c0b4c9b797d3743810c6c9dcd43635502d,2020-08,Durham Constabulary,Durham Constabulary,-1.744884,54.713215,On or near Police Station,E01020877,County Durham 046A,Public order,Unable to prosecute suspect,
f6acf3471e4b7ce751e20a363635fe8a3d54381984fb1ef617333f457d78305a,2020-08,Durham Constabulary,Durham Constabulary,-1.742715,54.715034,On or near West Bridge Street,E01020877,County Durham 046A,Public order,Unable to prosecute suspect,
5e7eead0e5de9414be7fa5757f76e234946c2a39c4f40969e6e7430c5021e33c,2020-08,Durham Constabulary,Durham Constabulary,-1.747814,54.716231,On or near Wesley Street,E01020877,County Durham 046A,Public order,Unable to prosecute suspect,
e3ebf13ed84ae10b85e72abba21ceee8cbdfdbc3082485eec46092ad12920c54,2020-08,Durham Constabulary,Durham Constabulary,-1.746271,54.714862,On or near Further/Higher Educational Building,E01020877,County Durham 046A,Shoplifting,Investigation complete; no suspect identified,
fb1d6065c00f16b84445e331980eb95ec3f8fee3a27cddb488513f30cbd1516a,2020-08,Durham Constabulary,Durham Constabulary,-1.746271,54.714862,On or near Further/Higher Educational Building,E01020877,County Durham 046A,Shoplifting,Investigation complete; no suspect identified,
ec226301bb81afd133460632f5ecca226bc738f2df9addd469073c71e8878c5e,2020-08,Durham Constabulary,Durham Constabulary,-1.742715,54.715034,On or near West Bridge Street,E01020877,County Durham 046A,Vehicle crime,Investigation complete; no suspect identified,
e9433bf2f5392f8e62524d83f4bd75b9c8e963b0a19338d348d324125eed5d6b,2020-08,Durham Constabulary,Durham Constabulary,-1.747814,54.716231,On or near Wesley Street,E01020877,County Durham 046A,Violence and sexual offences,Unable to prosecute suspect,
f922992fcb23a7ad91936193ea04fc923c3e2628f102d50ccef4b107cae25b46,2020-08,Durham Constabulary,Durham Constabulary,-1.742715,54.715034,On or near West Bridge Street,E01020877,County Durham 046A,Violence and sexual offences,Local resolution,
d49819ea908d723764c3d9179f8525ce18d0b1d1010ef13b4fe67bd0117fdcf3,2020-08,Durham Constabulary,Durham Constabulary,-1.744800,54.716755,On or near Grey Street,E01020877,County Durham 046A,Violence and sexual offences,Unable to prosecute suspect,
3e16ddb2fe0cf690dc4975649b8378681ecda80bf0f3d3a7f358d023cfe1aeb6,2020-08,Durham Constabulary,Durham Constabulary,-1.744800,54.716755,On or near Grey Street,E01020877,County Durham 046A,Violence and sexual offences,Unable to prosecute suspect,
8b082181f10a26abf1c901d3a74d2af765afc40226466880318c3430520abdfc,2020-08,Durham Constabulary,Durham Constabulary,-1.747814,54.716231,On or near Wesley Street,E01020877,County Durham 046A,Violence and sexual offences,Unable to prosecute suspect,
4cb4d2beadd4fa7937f26458d984cd037b401548d3ecb9669262260905066396,2020-08,Durham Constabulary,Durham Constabulary,-1.745901,54.711941,On or near Parking Area,E01020877,County Durham 046A,Violence and sexual offences,Investigation complete; no suspect identified,
f3bc091a0a3c64f219b6b0744308d5efda328cf7771bb44329526ca490fda2af,2020-08,Durham Constabulary,Durham Constabulary,-1.744532,54.714930,On or near Church Street,E01020877,County Durham 046A,Violence and sexual offences,Unable to prosecute suspect,
80b6fc2c1de68fa86b4ee183f22b7af8074e57af2d064f146d6647ef266762b9,2020-08,Durham Constabulary,Durham Constabulary,-1.747131,54.716293,On or near Hope Street,E01020877,County Durham 046A,Violence and sexual offences,Unable to prosecute suspect,
1100e2ae796795061147581f0576bb50ee063aaf2cd64f5f35187a6e2dc280de,2020-08,Durham Constabulary,Durham Constabulary,-1.745421,54.714276,On or near South Street,E01020877,County Durham 046A,Violence and sexual offences,Investigation complete; no suspect identified,
fa40e55623e0b40cab6ee4fd0666fa9b091d61a65fdb941f5db0b719450e1e7d,2020-08,Durham Constabulary,Durham Constabulary,-1.746806,54.713650,On or near Croft Street,E01020877,County Durham 046A,Other crime,Court result unavailable,
da64d705dc991d8fa6b8fb806c9a7bc7b97f0feeb6ce3a9f0f81004a17df7c94,2020-08,Durham Constabulary,Durham Constabulary,-1.744395,54.714517,On or near Emmerson Street,E01020877,County Durham 046A,Other crime,Unable to prosecute suspect,
,2020-08,Durham Constabulary,Durham Constabulary,-1.757934,54.711192,On or near Satley Close,E01020879,County Durham 046B,Anti-social behaviour,,
,2020-08,Durham Constabulary,Durham Constabulary,-1.757934,54.711192,On or near Satley Close,E01020879,County Durham 046B,Anti-social behaviour,,
,2020-08,Durham Constabulary,Durham Constabulary,-1.757934,54.711192,On or near Satley Close,E01020879,County Durham 046B,Anti-social behaviour,,
,2020-08,Durham Constabulary,Durham Constabulary,-1.753783,54.709899,On or near Rudkin Drive,E01020879,County Durham 046B,Anti-social behaviour,,
795edfbd778399dcf0b9d0a8e95d4d26e2b36c1913c030af20e2df784157cd73,2020-08,Durham Constabulary,Durham Constabulary,-1.748191,54.713087,On or near Croft Avenue,E01020879,County Durham 046B,Burglary,Court result unavailable,
daf1aac9ca915c6037e92c30daa94aeba7a36229cc0d3adc75e6268dcadbf2fe,2020-08,Durham Constabulary,Durham Constabulary,-1.747914,54.710157,On or near South End Villas,E01020879,County Durham 046B,Public order,Court result unavailable,
cc73eea2161dcba7bd07a6481aff133c3f1cdebe1a231a4b5eb7f80ab11ae5ab,2020-08,Durham Constabulary,Durham Constabulary,-1.762342,54.708640,On or near Longfellow Court,E01020879,County Durham 046B,Vehicle crime,Status update unavailable,
cc73eea2161dcba7bd07a6481aff133c3f1cdebe1a231a4b5eb7f80ab11ae5ab,2020-08,Durham Constabulary,Durham Constabulary,-1.762342,54.708640,On or near Longfellow Court,E01020879,County Durham 046B,Vehicle crime,Investigation complete; no suspect identified,
bf758c493cc5235a1b2348c3fcca32b51334e99b80d5fc72e5bd8cd750e041dc,2020-08,Durham Constabulary,Durham Constabulary,-1.761390,54.712107,On or near Westfield Drive,E01020879,County Durham 046B,Vehicle crime,Court result unavailable,
f026caee9acaa1ff27037c43239f7c272bcea0a70b7648007f7eb3177cf56e00,2020-08,Durham Constabulary,Durham Constabulary,-1.747914,54.710157,On or near South End Villas,E01020879,County Durham 046B,Violence and sexual offences,Court result unavailable,
23afaf26419e5a9f172b8a864a8209cea81bbff5be6c718a89235318e9d5a89e,2020-08,Durham Constabulary,Durham Constabulary,-1.748191,54.713087,On or near Croft Avenue,E01020879,County Durham 046B,Violence and sexual offences,Investigation complete; no suspect identified,
c894b8234e7f355a952264060408e29efb6a476df1186ca90cc9c4f8dbfc40fd,2020-08,Durham Constabulary,Durham Constabulary,-1.747914,54.710157,On or near South End Villas,E01020879,County Durham 046B,Violence and sexual offences,Court result unavailable,
,2020-08,Durham Constabulary,Durham Constabulary,-1.745365,54.738001,On or near Arthur Terrace,E01020893,County Durham 046C,Anti-social behaviour,,
,2020-08,Durham Constabulary,Durham Constabulary,-1.751178,54.729799,On or near Peases West,E01020893,County Durham 046C,Anti-social behaviour,,
,2020-08,Durham Constabulary,Durham Constabulary,-1.740447,54.732293,On or near Chapel Street,E01020893,County Durham 046C,Anti-social behaviour,,
6103edb4eb8a30f7c54746a98babbc73e0123147a405536348206b7899dc2f47,2020-08,Durham Constabulary,Durham Constabulary,-1.746459,54.734399,On or near Billy Hill,E01020893,County Durham 046C,Violence and sexual offences,Unable to prosecute suspect,
b9d20e47e151fb54664ebb318ba5a3587a247318e6c60439665a6c2a462584a5,2020-08,Durham Constabulary,Durham Constabulary,-1.735454,54.731249,On or near Petrol Station,E01020893,County Durham 046C,Violence and sexual offences,Unable to prosecute suspect,
a1ab221777572400f2afa3abfb1202ba04ff9d3b21e80fced88b39250c61d90b,2020-08,Durham Constabulary,Durham Constabulary,-1.749384,54.733624,On or near Well Bank,E01020893,County Durham 046C,Violence and sexual offences,Investigation complete; no suspect identified,
29e751ec13ee55d9f2375e259dd43560fcd17eabb42d7ce03ae9ae3da609290b,2020-08,Durham Constabulary,Durham Constabulary,-1.749384,54.733624,On or near Well Bank,E01020893,County Durham 046C,Violence and sexual offences,Investigation complete; no suspect identified,
1128e35985e85b956a832b1e1129117d005f07246ea5ad94702ba33d0cd14421,2020-08,Durham Constabulary,Durham Constabulary,-1.749384,54.733624,On or near Well Bank,E01020893,County Durham 046C,Violence and sexual offences,Unable to prosecute suspect,
e741d7ed9d02092810336050b7d89d6ba88f96ce28be67637729512d2b0013ca,2020-08,Durham Constabulary,Durham Constabulary,-1.749384,54.733624,On or near Well Bank,E01020893,County Durham 046C,Violence and sexual offences,Unable to prosecute suspect,
0c25f84a4f5fa4a1400dc911cd8ad77de62581dc3a4083577d7e7efb33ba7a0c,2020-08,Durham Constabulary,Durham Constabulary,-1.749384,54.733624,On or near Well Bank,E01020893,County Durham 046C,Violence and sexual offences,Investigation complete; no suspect identified,
bfa32700be23a6b61b42b35b07bea28acb39adfce9f71e4e7f93c88df24724df,2020-08,Durham Constabulary,Durham Constabulary,-1.749384,54.733624,On or near Well Bank,E01020893,County Durham 046C,Violence and sexual offences,Investigation complete; no suspect identified,
,2020-08,Durham Constabulary,Durham Constabulary,-1.732560,54.710834,On or near Job'S Hill Bank,E01020899,County Durham 046D,Anti-social behaviour,,
,2020-08,Durham Constabulary,Durham Constabulary,-1.740456,54.713924,On or near Bluebell Court,E01020899,County Durham 046D,Anti-social behaviour,,
ebdfd5db71ad31c2e6a7d7f0ad87d769fb4c54f6c2c1f7c2df8287a9826c8e4d,2020-08,Durham Constabulary,Durham Constabulary,-1.738716,54.714172,On or near Victoria Avenue,E01020899,County Durham 046D,Burglary,Investigation complete; no suspect identified,
941833306f3ea66223238e740bcb467bc13c319e4d166e4af1e10f6ea0085305,2020-08,Durham Constabulary,Durham Constabulary,-1.732560,54.710834,On or near Job'S Hill Bank,E01020899,County Durham 046D,Public order,Unable to prosecute suspect,
bd853b0398728ea2e23743a7c51a36b7d8e716466b9d4f33360db4765c8c0aa3,2020-08,Durham Constabulary,Durham Constabulary,-1.740456,54.713924,On or near Bluebell Court,E01020899,County Durham 046D,Public order,Unable to prosecute suspect,
bfeee1f54137e8e397ee649a0ff7b41eff072a430cff269f036cf1c41de1c9c2,2020-08,Durham Constabulary,Durham Constabulary,-1.723811,54.710158,On or near Front Street,E01020899,County Durham 046D,Public order,Unable to prosecute suspect,
98a29c506f6c35630173dbcd24e31a9a1795a0bd64b2794f9f113519b2585d51,2020-08,Durham Constabulary,Durham Constabulary,-1.742677,54.716176,On or near Mill Street,E01020899,County Durham 046D,Public order,Unable to prosecute suspect,
962ddd7ba972eef0cbe053218f0ab656e741e59ddf772664ce2b39052ef16c97,2020-08,Durham Constabulary,Durham Constabulary,-1.723811,54.710158,On or near Front Street,E01020899,County Durham 046D,Violence and sexual offences,Unable to prosecute suspect,
6abbc47cf283ff5162d81549571ac6f5a941bcfadfd5115252eff1b573b71e61,2020-08,Durham Constabulary,Durham Constabulary,-1.732560,54.710834,On or near Job'S Hill Bank,E01020899,County Durham 046D,Violence and sexual offences,Further action is not in the public interest,
ec0fa0465dd36b82b250c281326c25682dccac8d06e79fb3ebc1c758084336ce,2020-08,Durham Constabulary,Durham Constabulary,-1.740047,54.714750,On or near Sandringham Road,E01020899,County Durham 046D,Violence and sexual offences,Unable to prosecute suspect,
feced8ce898f07a28913c0342e69fa4ed9eded35ac698c139b5f6db9dab4c067,2020-08,Durham Constabulary,Durham Constabulary,-1.740449,54.715012,On or near George Terrace,E01020899,County Durham 046D,Violence and sexual offences,Unable to prosecute suspect,
3e9055361669c1e5a00d51c971c5cb27a88a04e88cf6421b208de3c50949600a,2020-08,Durham Constabulary,Durham Constabulary,-1.732560,54.710834,On or near Job'S Hill Bank,E01020899,County Durham 046D,Violence and sexual offences,Further action is not in the public interest,
1f241c4488620d50c0f5949c1d6a1c4271128d800ed3b274a7d59b57425b0978,2020-08,Durham Constabulary,Durham Constabulary,-1.723811,54.710158,On or near Front Street,E01020899,County Durham 046D,Violence and sexual offences,Unable to prosecute suspect,
891ff568d1138dd8c8f39efeddb202010203852bc2ce86ad933b838bbc3c7b8f,2020-08,Durham Constabulary,Durham Constabulary,-1.740456,54.713924,On or near Bluebell Court,E01020899,County Durham 046D,Violence and sexual offences,Unable to prosecute suspect,
,2020-08,Durham Constabulary,Durham Constabulary,-1.639143,54.713989,On or near Parking Area,E01020903,County Durham 046E,Anti-social behaviour,,
,2020-08,Durham Constabulary,Durham Constabulary,-1.639143,54.713989,On or near Parking Area,E01020903,County Durham 046E,Anti-social behaviour,,
959af6ccb2e01ada8dcb07834980f95f82e5743a12d874f129be028e8ab6a298,2020-08,Durham Constabulary,Durham Constabulary,-1.639143,54.713989,On or near Parking Area,E01020903,County Durham 046E,Burglary,Investigation complete; no suspect identified,
79898e72698c06d9cbf2202fe35a5600c9f3474aa7c29b72e468c11b4e580f54,2020-08,Durham Constabulary,Durham Constabulary,-1.657649,54.731944,On or near Stockley Grove,E01020903,County Durham 046E,Violence and sexual offences,Unable to prosecute suspect,
6ad3dfa30d7db32920235de9535a8b021533265e8cdb4fbd746b4b25bf1d03d0,2020-08,Durham Constabulary,Durham Constabulary,-1.690963,54.713062,On or near Albion Place,E01020903,County Durham 046E,Violence and sexual offences,Unable to prosecute suspect,
,2020-08,Durham Constabulary,Durham Constabulary,-1.698667,54.712354,On or near Mill Street,E01020904,County Durham 046F,Anti-social behaviour,,
,2020-08,Durham Constabulary,Durham Constabulary,-1.698667,54.712354,On or near Mill Street,E01020904,County Durham 046F,Anti-social behaviour,,
,2020-08,Durham Constabulary,Durham Constabulary,-1.698667,54.712354,On or near Mill Street,E01020904,County Durham 046F,Anti-social behaviour,,
,2020-08,Durham Constabulary,Durham Constabulary,-1.697314,54.712665,On or near Taylor Court,E01020904,County Durham 046F,Anti-social behaviour,,
,2020-08,Durham Constabulary,Durham Constabulary,-1.697314,54.712665,On or near Taylor Court,E01020904,County Durham 046F,Anti-social behaviour,,
,2020-08,Durham Constabulary,Durham Constabulary,-1.697504,54.710077,On or near Denewood Close,E01020904,County Durham 046F,Anti-social behaviour,,
3f8473958d3c819a050c4ec0b192712b7794d2c72258b1a33fd7f1bfe6498425,2020-08,Durham Constabulary,Durham Constabulary,-1.702746,54.714844,On or near Carville Terrace,E01020904,County Durham 046F,Burglary,Investigation complete; no suspect identified,
30800b26a2ce33f75007a6b71f2fd2024c47b80ad46f05c781fbc223721ffa1d,2020-08,Durham Constabulary,Durham Constabulary,-1.698232,54.708192,On or near Robinson Close,E01020904,County Durham 046F,Criminal damage and arson,Court result unavailable,
4516406c409f12df3cedadcac8243beb96e4f6bdcd7dbcd4dad4aba7fe24523a,2020-08,Durham Constabulary,Durham Constabulary,-1.696712,54.712223,On or near High Street,E01020904,County Durham 046F,Public order,Investigation complete; no suspect identified,
bb83636c5f1b641b4b51a801b1599b7b77b4e818af6c75e2265c601fa86778bf,2020-08,Durham Constabulary,Durham Constabulary,-1.700597,54.713725,On or near West End Terrace,E01020904,County Durham 046F,Public order,Unable to prosecute suspect,
5bf3763954b778b0342ef4becbe67e69b21e62a77de1f17bd6f813dd7dbdd933,2020-08,Durham Constabulary,Durham Constabulary,-1.698667,54.712354,On or near Mill Street,E01020904,County Durham 046F,Public order,Unable to prosecute suspect,
4e79f116cd856f2a95f9a30ed437fe38bb4697dd033c788efeea1c2be5a7f63b,2020-08,Durham Constabulary,Durham Constabulary,-1.700597,54.713725,On or near West End Terrace,E01020904,County Durham 046F,Violence and sexual offences,Unable to prosecute suspect,
9fb2ad42734a8c11a68fcfd39125a83511cfee5081b21aaa554961534daa392f,2020-08,Durham Constabulary,Durham Constabulary,-1.696712,54.712223,On or near High Street,E01020904,County Durham 046F,Violence and sexual offences,Unable to prosecute suspect,
9729f757e87846cf27d0154c656d235f4841eb3973742a9738f83fdd2d624f44,2020-08,Durham Constabulary,Durham Constabulary,-1.705109,54.707912,On or near Cherry Tree Drive,E01020904,County Durham 046F,Violence and sexual offences,Unable to prosecute suspect,
c5fe7ceb75657660758159ea0ce3853c455577effdbe88bc8e1d473fdf0186f6,2020-08,Durham Constabulary,Durham Constabulary,-1.698667,54.712354,On or near Mill Street,E01020904,County Durham 046F,Violence and sexual offences,Further investigation is not in the public interest,
2d3ae59450b131de09feba91d2f8c82098d8c7e03fb22b33c7c98f5ff5d0ddf4,2020-08,Durham Constabulary,Durham Constabulary,-1.696712,54.712223,On or near High Street,E01020904,County Durham 046F,Violence and sexual offences,Unable to prosecute suspect,
37f1a2a3711992afac842e44e92fe8144a0dc17e020fb2c986ed508f72f7d7a3,2020-08,Durham Constabulary,Durham Constabulary,-1.696712,54.712223,On or near High Street,E01020904,County Durham 046F,Violence and sexual offences,Unable to prosecute suspect,
957909d4f3c3a61f8b25b289547f6af291676d92d7bd61a049787a65b3324c27,2020-08,Durham Constabulary,Durham Constabulary,-1.698667,54.712354,On or near Mill Street,E01020904,County Durham 046F,Violence and sexual offences,Unable to prosecute suspect,
aef1e4961d73edb07538cc70e1777908f152a0088bbd85b8f570f3f4cb3610c4,2020-08,Durham Constabulary,Durham Constabulary,-1.698667,54.712354,On or near Mill Street,E01020904,County Durham 046F,Violence and sexual offences,Unable to prosecute suspect,
e44df01e6f1328d6b2b00359180ba15bb383fa987df5d1cf467ce42e35bd8206,2020-08,Durham Constabulary,Durham Constabulary,-1.698232,54.708192,On or near Robinson Close,E01020904,County Durham 046F,Violence and sexual offences,Court result unavailable,
1dbde44bfb5ee6d6d77dbcb90a21e7292fa65881338ec56bf0a23f441eb62c3c,2020-08,Durham Constabulary,Durham Constabulary,-1.700597,54.713725,On or near West End Terrace,E01020904,County Durham 046F,Violence and sexual offences,Unable to prosecute suspect,
193c792f6a9f90e969ba4820b7651005664b6ef266e4f2ecb0f19cd3fdcc4a23,2020-08,Durham Constabulary,Durham Constabulary,-1.695339,54.708958,On or near Gardener Avenue,E01020904,County Durham 046F,Violence and sexual offences,Further investigation is not in the public interest,
c8da42c72268d230ce3e54a6890384422eeeb61ede403d06f4e2fb39a9453285,2020-08,Durham Constabulary,Durham Constabulary,-1.698738,54.708975,On or near Rutherford Court,E01020904,County Durham 046F,Other crime,Unable to prosecute suspect,
6d12b5ef7f970c71ce044ab78a6b1f49f8783b418ff39efb884e5b558d79ff04,2020-08,Durham Constabulary,Durham Constabulary,-1.696712,54.712223,On or near High Street,E01020904,County Durham 046F,Other crime,Unable to prosecute suspect,
,2020-08,Durham Constabulary,Durham Constabulary,-1.598539,54.709026,On or near Scargill Drive,E01020817,County Durham 047A,Anti-social behaviour,,
8440125a1baa1a056ad87098591c1873562c7f7a84e840e903c9175ca4c00b19,2020-08,Durham Constabulary,Durham Constabulary,-1.598539,54.709026,On or near Scargill Drive,E01020817,County Durham 047A,Violence and sexual offences,Unable to prosecute suspect,
d338001cad6e7183322b87c873dd92cf69dfe59efcde61dadd1dc12b25cd1cf3,2020-08,Durham Constabulary,Durham Constabulary,-1.598539,54.709026,On or near Scargill Drive,E01020817,County Durham 047A,Violence and sexual offences,Unable to prosecute suspect,
5938d3222d5eb4527e5b3b1d474e22f8a555e501292168f8afecd7ece89215c2,2020-08,Durham Constabulary,Durham Constabulary,-1.605774,54.705635,On or near Mayfields,E01020817,County Durham 047A,Violence and sexual offences,Unable to prosecute suspect,
a3557ab70c702468b43aba6f7b4f61c6d34c009d64733b40d7596a280c03148c,2020-08,Durham Constabulary,Durham Constabulary,-1.598028,54.707371,On or near Witton Drive,E01020817,County Durham 047A,Violence and sexual offences,Unable to prosecute suspect,
7b84b3f8fb5e4cf71a33fa0ed8664a1016d0d0161b7f1a4a96139d8115249803,2020-08,Durham Constabulary,Durham Constabulary,-1.611275,54.709688,On or near Dunelm Court,E01020817,County Durham 047A,Violence and sexual offences,Investigation complete; no suspect identified,
0cb18d0eb74324985ff5c95cbbd8f55f067a03e5c20603369c0eea1ab669acb1,2020-08,Durham Constabulary,Durham Constabulary,-1.609519,54.711525,On or near Ebberston Court,E01020817,County Durham 047A,Violence and sexual offences,Court result unavailable,
,2020-08,Durham Constabulary,Durham Constabulary,-1.598105,54.702743,On or near Burn Terrace,E01020818,County Durham 047B,Anti-social behaviour,,
9f4cf5396aa604fa5d00f8ad4b291cd25cd76cb9ae2338b3682361a3d5f7ec8b,2020-08,Durham Constabulary,Durham Constabulary,-1.599497,54.703224,On or near Vine Street,E01020818,County Durham 047B,Burglary,Unable to prosecute suspect,
251ed53fdfa484024b4b254ec4c5689079af1e136e04fa22c5e5492c855de059,2020-08,Durham Constabulary,Durham Constabulary,-1.588182,54.701883,On or near Ullswater Close,E01020818,County Durham 047B,Drugs,Further investigation is not in the public interest,
20f44cdce46f4eb1d316829a0cc9b5965e803b265e3265059eb8f69bfd54610c,2020-08,Durham Constabulary,Durham Constabulary,-1.588182,54.701883,On or near Ullswater Close,E01020818,County Durham 047B,Other theft,Unable to prosecute suspect,
aaa33b1e9b36d760bbdf36de1bf2998b09f57689428c8fb0217146611b6452b0,2020-08,Durham Constabulary,Durham Constabulary,-1.589364,54.704718,On or near Westmorland Close,E01020818,County Durham 047B,Violence and sexual offences,Unable to prosecute suspect,
bd3d56152d5e0c7b9e0070daab4693cf0096c7534ca6a71c6702032eff4212ea,2020-08,Durham Constabulary,Durham Constabulary,-1.599497,54.703224,On or near Vine Street,E01020818,County Durham 047B,Violence and sexual offences,Unable to prosecute suspect,
1a7361f3f3bcdff1c320498f92145b679e249f15e4d78fc7d986fdab4878bcdb,2020-08,Durham Constabulary,Durham Constabulary,-1.588182,54.701883,On or near Ullswater Close,E01020818,County Durham 047B,Violence and sexual offences,Unable to prosecute suspect,
5bf12ac500cdcbac4789e67c5c84c1b966870ac07380d282f307eaeedcf8485d,2020-08,Durham Constabulary,Durham Constabulary,-1.588182,54.701883,On or near Ullswater Close,E01020818,County Durham 047B,Other crime,Unable to prosecute suspect,
,2020-08,Durham Constabulary,Durham Constabulary,-1.601393,54.704515,On or near Tyne Crescent,E01020819,County Durham 047C,Anti-social behaviour,,
,2020-08,Durham Constabulary,Durham Constabulary,-1.598242,54.704514,On or near Wood Vue,E01020819,County Durham 047C,Anti-social behaviour,,
,2020-08,Durham Constabulary,Durham Constabulary,-1.600223,54.701977,On or near High Grange Road,E01020819,County Durham 047C,Anti-social behaviour,,
,2020-08,Durham Constabulary,Durham Constabulary,-1.600223,54.701977,On or near High Grange Road,E01020819,County Durham 047C,Anti-social behaviour,,
8348a0f721da89eff620f6075ca72b3a7945db8318ef504e6d58b6c33cc1a3b6,2020-08,Durham Constabulary,Durham Constabulary,-1.601393,54.704515,On or near Tyne Crescent,E01020819,County Durham 047C,Burglary,Investigation complete; no suspect identified,
e9e301ab117f721e6649271e84b970832f82a4ea760442270a963abe22183773,2020-08,Durham Constabulary,Durham Constabulary,-1.598242,54.704514,On or near Wood Vue,E01020819,County Durham 047C,Criminal damage and arson,Unable to prosecute suspect,
39455326d5e8fc1cb95292b05ba9c3e455f5f25f8a0ab9ade26d75d10dc0a716,2020-08,Durham Constabulary,Durham Constabulary,-1.604483,54.702656,On or near Ox Close Crescent,E01020819,County Durham 047C,Criminal damage and arson,Investigation complete; no suspect identified,
993300336c588f988e55044193381614d31585560f851c9df51f6d4567f83b13,2020-08,Durham Constabulary,Durham Constabulary,-1.604483,54.702656,On or near Ox Close Crescent,E01020819,County Durham 047C,Public order,Unable to prosecute suspect,
d73b7ec25519a82e2e97953697ecf4444e045aabb4c3b5c6365dad8a6da8fb58,2020-08,Durham Constabulary,Durham Constabulary,-1.604483,54.702656,On or near Ox Close Crescent,E01020819,County Durham 047C,Violence and sexual offences,Unable to prosecute suspect,
82a6c956815c11b4e286b3888de6aee2d3d945a5b487f7813708a1e5cbea7de4,2020-08,Durham Constabulary,Durham Constabulary,-1.601393,54.704515,On or near Tyne Crescent,E01020819,County Durham 047C,Other crime,Court result unavailable,
,2020-08,Durham Constabulary,Durham Constabulary,-1.611927,54.704846,On or near Kirkdale,E01020837,County Durham 047D,Anti-social behaviour,,
,2020-08,Durham Constabulary,Durham Constabulary,-1.613326,54.706208,On or near Keldmere,E01020837,County Durham 047D,Anti-social behaviour,,
,2020-08,Durham Constabulary,Durham Constabulary,-1.610397,54.705785,On or near Rossmere,E01020837,County Durham 047D,Anti-social behaviour,,
53e4fcdf144837d9ff0d267c08ab22d2fe71cf7117e28d9a2b3a6b1b5119f18f,2020-08,Durham Constabulary,Durham Constabulary,-1.609931,54.700904,On or near Carr Street,E01020837,County Durham 047D,Vehicle crime,Investigation complete; no suspect identified,
fa432ad0265404dbb46303211c697ec13de0ddb9731aedacf96c220385fddf92,2020-08,Durham Constabulary,Durham Constabulary,-1.608107,54.705032,On or near Farndale,E01020837,County Durham 047D,Violence and sexual offences,Unable to prosecute suspect,
6b5f9404daba13689976ad37f98ca0ac460798aa4bb0d98c2e5b59a7ea77a4ed,2020-08,Durham Constabulary,Durham Constabulary,-1.609931,54.700904,On or near Carr Street,E01020837,County Durham 047D,Violence and sexual offences,Unable to prosecute suspect,
,2020-08,Durham Constabulary,Durham Constabulary,-1.594132,54.712058,On or near St Charles Road,E01020843,County Durham 047E,Anti-social behaviour,,
,2020-08,Durham Constabulary,Durham Constabulary,-1.599662,54.714799,On or near Tudhoe Hall Farm Court,E01020843,County Durham 047E,Anti-social behaviour,,
79e465737aa87a8b92c8956ae00ff04c71b4c8844f73428811d206dd46bdb261,2020-08,Durham Constabulary,Durham Constabulary,-1.594132,54.712058,On or near St Charles Road,E01020843,County Durham 047E,Burglary,Court result unavailable,
ebb525837ec570b6f20d21854910830077fa39829d8d73df32441914e51a763c,2020-08,Durham Constabulary,Durham Constabulary,-1.584395,54.711055,On or near Briony Close,E01020843,County Durham 047E,Criminal damage and arson,Local resolution,
52f9c66aa78b3349b4a17dbc631c0fd0febca7a900d42f61f7581a1466cd0167,2020-08,Durham Constabulary,Durham Constabulary,-1.588418,54.715400,On or near B6288,E01020843,County Durham 047E,Violence and sexual offences,Unable to prosecute suspect,
c8526c2f60ea948be2b8dd6a452c6642d7df501c6228d46f60d848d29bc4cae9,2020-08,Durham Constabulary,Durham Constabulary,-1.588418,54.715400,On or near B6288,E01020843,County Durham 047E,Violence and sexual offences,Unable to prosecute suspect,
7bb7f3a9da86b902cfab049ba1f096f77f764575d1a9b3cbf7b7c0f4cf87f105,2020-08,Durham Constabulary,Durham Constabulary,-1.584395,54.711055,On or near Briony Close,E01020843,County Durham 047E,Violence and sexual offences,Unable to prosecute suspect,
,2020-08,Durham Constabulary,Durham Constabulary,-1.429257,54.695955,On or near Newlands Road,E01020809,County Durham 048A,Anti-social behaviour,,
,2020-08,Durham Constabulary,Durham Constabulary,-1.429257,54.695955,On or near Newlands Road,E01020809,County Durham 048A,Anti-social behaviour,,
,2020-08,Durham Constabulary,Durham Constabulary,-1.431079,54.695416,On or near Meadow Road,E01020809,County Durham 048A,Anti-social behaviour,,
,2020-08,Durham Constabulary,Durham Constabulary,-1.430716,54.697022,On or near Chisholm Road,E01020809,County Durham 048A,Anti-social behaviour,,
f2e2fc6c73c28621252b453b9923993be9fd6478f85389f05ba4d9b96b7f623b,2020-08,Durham Constabulary,Durham Constabulary,-1.430716,54.697022,On or near Chisholm Road,E01020809,County Durham 048A,Violence and sexual offences,Unable to prosecute suspect,
5baa2fde1d0b4677b8087b7cd0e7f0029a7742faa584ad68eb66bbf1ce8d24e6,2020-08,Durham Constabulary,Durham Constabulary,-1.429257,54.695955,On or near Newlands Road,E01020809,County Durham 048A,Violence and sexual offences,Unable to prosecute suspect,
d13747b24dadd2ce0de5b50e1f17c0a5d446deafad315913a0b5509b2c64644b,2020-08,Durham Constabulary,Durham Constabulary,-1.429257,54.695955,On or near Newlands Road,E01020809,County Durham 048A,Violence and sexual offences,Unable to prosecute suspect,
f206f09dde50e445b8c12bb94497362a721aae7755bb8b039ed314ea3a1df5fb,2020-08,Durham Constabulary,Durham Constabulary,-1.432818,54.699818,On or near West Grove,E01020809,County Durham 048A,Violence and sexual offences,Unable to prosecute suspect,
b172d50fbca39c4a332d1acf0796368962be9109204a9436e886601d5ccbe891,2020-08,Durham Constabulary,Durham Constabulary,-1.431752,54.698330,On or near Roseberry Road,E01020809,County Durham 048A,Violence and sexual offences,Further action is not in the public interest,
90cb0df84bd34021812703ff67be4b225ca1d933cbf9e48020d16057d6b569d7,2020-08,Durham Constabulary,Durham Constabulary,-1.431752,54.698330,On or near Roseberry Road,E01020809,County Durham 048A,Violence and sexual offences,Further action is not in the public interest,
f13bb273ecf26c789a91aafe03cbc0435830aaaae11cbc7094412a84c34681e3,2020-08,Durham Constabulary,Durham Constabulary,-1.431409,54.697394,On or near Wynyard Road,E01020809,County Durham 048A,Violence and sexual offences,Status update unavailable,
,2020-08,Durham Constabulary,Durham Constabulary,-1.436622,54.683947,On or near Glebe Close,E01020810,County Durham 048B,Anti-social behaviour,,
,2020-08,Durham Constabulary,Durham Constabulary,-1.439998,54.678670,On or near Parking Area,E01020810,County Durham 048B,Anti-social behaviour,,
,2020-08,Durham Constabulary,Durham Constabulary,-1.438329,54.683865,On or near Harbinson Close,E01020810,County Durham 048B,Anti-social behaviour,,
,2020-08,Durham Constabulary,Durham Constabulary,-1.439998,54.678670,On or near Parking Area,E01020810,County Durham 048B,Anti-social behaviour,,
bb57513f2f879531655e2dbe048902a47fee30757cb5b576dcdce35d353b4fc6,2020-08,Durham Constabulary,Durham Constabulary,-1.439998,54.678670,On or near Parking Area,E01020810,County Durham 048B,Criminal damage and arson,Investigation complete; no suspect identified,
f172817683f3a2d79b2263f567b9e100692b48994da25a4caba2a35a736e0bb5,2020-08,Durham Constabulary,Durham Constabulary,-1.434906,54.682448,On or near Supermarket,E01020810,County Durham 048B,Public order,Investigation complete; no suspect identified,
6eb566b6700f9cc61cfee409e93898d0fb99a1d94dc1ed23c00ff50e9686d6c0,2020-08,Durham Constabulary,Durham Constabulary,-1.434906,54.682448,On or near Supermarket,E01020810,County Durham 048B,Shoplifting,Court result unavailable,
087cf20956a18432512ac6959811c4d187ab43643453eb723054bd27dab23072,2020-08,Durham Constabulary,Durham Constabulary,-1.434906,54.682448,On or near Supermarket,E01020810,County Durham 048B,Shoplifting,Unable to prosecute suspect,
33104c204b66d1770176cd2b62e3ea489d59ee46a69732cd3255e966ebf85570,2020-08,Durham Constabulary,Durham Constabulary,-1.434906,54.682448,On or near Supermarket,E01020810,County Durham 048B,Shoplifting,Investigation complete; no suspect identified,
5e9d55cb92b659b805dd1426d6a859216aed258ae6a9daee6977450a86f7698f,2020-08,Durham Constabulary,Durham Constabulary,-1.438329,54.683865,On or near Harbinson Close,E01020810,County Durham 048B,Violence and sexual offences,Investigation complete; no suspect identified,
f27b952fd236a07cf93d90fb55422a48755377daaf9cddebbcf289f7af451fad,2020-08,Durham Constabulary,Durham Constabulary,-1.443497,54.683701,On or near Sedgefield Terrace,E01020810,County Durham 048B,Violence and sexual offences,Unable to prosecute suspect,
8eaf4b4a3219f177560403100eb5550009d9a752106629e2929f2360e797af08,2020-08,Durham Constabulary,Durham Constabulary,-1.443497,54.683701,On or near Sedgefield Terrace,E01020810,County Durham 048B,Violence and sexual offences,Unable to prosecute suspect,
c3f6f3bf772c3fc48b1e3d5f5a1dd601ebb9c6b6c0ecb10aa52cfb410b1dd39b,2020-08,Durham Constabulary,Durham Constabulary,-1.443497,54.683701,On or near Sedgefield Terrace,E01020810,County Durham 048B,Violence and sexual offences,Unable to prosecute suspect,
4cb5e78b7321cde07a7d16042f14cc98203d23c800037400f5aaca2b8746c243,2020-08,Durham Constabulary,Durham Constabulary,-1.443497,54.683701,On or near Sedgefield Terrace,E01020810,County Durham 048B,Violence and sexual offences,Unable to prosecute suspect,
23ab309771556d59e8bca0a7bd3c4d738fa4c04cf3662a5146523c855630ed05,2020-08,Durham Constabulary,Durham Constabulary,-1.443497,54.683701,On or near Sedgefield Terrace,E01020810,County Durham 048B,Violence and sexual offences,Unable to prosecute suspect,
,2020-08,Durham Constabulary,Durham Constabulary,-1.439447,54.682657,On or near South View,E01020811,County Durham 048C,Anti-social behaviour,,
,2020-08,Durham Constabulary,Durham Constabulary,-1.439447,54.682657,On or near South View,E01020811,County Durham 048C,Anti-social behaviour,,
,2020-08,Durham Constabulary,Durham Constabulary,-1.436146,54.680252,On or near Beechwood Road,E01020811,County Durham 048C,Anti-social behaviour,,
,2020-08,Durham Constabulary,Durham Constabulary,-1.436146,54.680252,On or near Beechwood Road,E01020811,County Durham 048C,Anti-social behaviour,,
,2020-08,Durham Constabulary,Durham Constabulary,-1.439447,54.682657,On or near South View,E01020811,County Durham 048C,Anti-social behaviour,,
,2020-08,Durham Constabulary,Durham Constabulary,-1.436146,54.680252,On or near Beechwood Road,E01020811,County Durham 048C,Anti-social behaviour,,
,2020-08,Durham Constabulary,Durham Constabulary,-1.436146,54.680252,On or near Beechwood Road,E01020811,County Durham 048C,Anti-social behaviour,,
,2020-08,Durham Constabulary,Durham Constabulary,-1.436146,54.680252,On or near Beechwood Road,E01020811,County Durham 048C,Anti-social behaviour,,
13995c22908781d1099a2d490eef3c07de7422637dc7cae768cacb6cb73965a8,2020-08,Durham Constabulary,Durham Constabulary,-1.435366,54.680563,On or near Heatherdene Road,E01020811,County Durham 048C,Criminal damage and arson,Investigation complete; no suspect identified,
81fceb3b17808fc280041e5971fbf9c9a74b553e11ed155b897e1dd495f4e2de,2020-08,Durham Constabulary,Durham Constabulary,-1.436146,54.680252,On or near Beechwood Road,E01020811,County Durham 048C,Criminal damage and arson,Court result unavailable,
42a061580213c41b7dd79c582566f3e89125f3af3e3299126642796db1dad0a4,2020-08,Durham Constabulary,Durham Constabulary,-1.434321,54.680998,On or near Moorside Crescent,E01020811,County Durham 048C,Criminal damage and arson,Investigation complete; no suspect identified,
13792c2c8c2ac6ac8b3424fad87559507f34544060b2433c0edc65d99b49b6d2,2020-08,Durham Constabulary,Durham Constabulary,-1.431276,54.680283,On or near Millfield Road,E01020811,County Durham 048C,Public order,Unable to prosecute suspect,
01c59453d69923d4100a679b16cd950df8002e75b33a81d65b34b5e4ef9d860a,2020-08,Durham Constabulary,Durham Constabulary,-1.435905,54.679747,On or near Springfield Road,E01020811,County Durham 048C,Violence and sexual offences,Investigation complete; no suspect identified,
f365fc113e76ac214d36aa378f69aa32aadc4803c81a8c03c742de0fed1d1262,2020-08,Durham Constabulary,Durham Constabulary,-1.431276,54.680283,On or near Millfield Road,E01020811,County Durham 048C,Violence and sexual offences,Unable to prosecute suspect,
d3fbf353572de5c51c5f55b559d33da7e8dc6eba87acaad595ea401425d7c180,2020-08,Durham Constabulary,Durham Constabulary,-1.435366,54.680563,On or near Heatherdene Road,E01020811,County Durham 048C,Violence and sexual offences,Court result unavailable,
5eb5208459f22905a78c0f932dc01a64219182b06185d8ac301cd5df3f71f3e3,2020-08,Durham Constabulary,Durham Constabulary,-1.431276,54.680283,On or near Millfield Road,E01020811,County Durham 048C,Violence and sexual offences,Action to be taken by another organisation,
562677525e77a9b3c78fd379b3ef8ec2ed1a4ee97c96fd8335b1c6ff915b7d95,2020-08,Durham Constabulary,Durham Constabulary,-1.436146,54.680252,On or near Beechwood Road,E01020811,County Durham 048C,Violence and sexual offences,Court result unavailable,
27ea9ee2911d5c128c2dd94568f34a54398c814a5d984aa1bb56d40770fb1cb6,2020-08,Durham Constabulary,Durham Constabulary,-1.431276,54.680283,On or near Millfield Road,E01020811,County Durham 048C,Violence and sexual offences,Action to be taken by another organisation,
f33b2366e4607b82ffa62c30ceb7b079f59723f1c57bac2789aec59f6820a3ca,2020-08,Durham Constabulary,Durham Constabulary,-1.435366,54.680563,On or near Heatherdene Road,E01020811,County Durham 048C,Violence and sexual offences,Unable to prosecute suspect,
,2020-08,Durham Constabulary,Durham Constabulary,-1.428505,54.698648,On or near Supermarket,E01020812,County Durham 048D,Anti-social behaviour,,
,2020-08,Durham Constabulary,Durham Constabulary,-1.428514,54.696886,On or near Hallgarth Road,E01020812,County Durham 048D,Anti-social behaviour,,
,2020-08,Durham Constabulary,Durham Constabulary,-1.435289,54.701798,On or near Broadway Avenue,E01020812,County Durham 048D,Anti-social behaviour,,
,2020-08,Durham Constabulary,Durham Constabulary,-1.428505,54.698648,On or near Supermarket,E01020812,County Durham 048D,Anti-social behaviour,,
,2020-08,Durham Constabulary,Durham Constabulary,-1.427731,54.699597,On or near Beckwith Drive,E01020812,County Durham 048D,Anti-social behaviour,,
,2020-08,Durham Constabulary,Durham Constabulary,-1.436811,54.703953,On or near Sports/Recreation Area,E01020812,County Durham 048D,Anti-social behaviour,,
d142c217ae3f4e0f5e31cbd1a0dce13b8427e3deec2fe4a29bfb46d5ec75e087,2020-08,Durham Constabulary,Durham Constabulary,-1.435289,54.701798,On or near Broadway Avenue,E01020812,County Durham 048D,Other theft,Status update unavailable,
076a781f0bc9109931c18108f9ab40d94cdcf6d555f409dcce3d6bfd25d61150,2020-08,Durham Constabulary,Durham Constabulary,-1.425259,54.698839,On or near Swainby Road,E01020812,County Durham 048D,Public order,Unable to prosecute suspect,
f487ddd5c3937fd4f24a318c7722ab1ff83157d2fa8d0416c053abcf32a2383a,2020-08,Durham Constabulary,Durham Constabulary,-1.427126,54.697401,On or near Sports/Recreation Area,E01020812,County Durham 048D,Public order,Unable to prosecute suspect,
1958d53b3bb27059149e8afd92f76ca2651a013b2471bb8beca824d01d1b3cd7,2020-08,Durham Constabulary,Durham Constabulary,-1.427126,54.697401,On or near Sports/Recreation Area,E01020812,County Durham 048D,Public order,Further investigation is not in the public interest,
902e1671cc049a2feb8b94ce15be91b5f0b8fe680245183cac58861d66240e58,2020-08,Durham Constabulary,Durham Constabulary,-1.428675,54.699826,On or near Church Road,E01020812,County Durham 048D,Robbery,Court result unavailable,
450701e6cec9a17ff07486a4344bea0ed8e7c6c6f9ea244b8d830652d834b785,2020-08,Durham Constabulary,Durham Constabulary,-1.428505,54.698648,On or near Supermarket,E01020812,County Durham 048D,Shoplifting,Investigation complete; no suspect identified,
1f4fce1836aea36eac800a2d1d1995fc23a98ee95458f0de7771b771b8444190,2020-08,Durham Constabulary,Durham Constabulary,-1.428505,54.698648,On or near Supermarket,E01020812,County Durham 048D,Shoplifting,Unable to prosecute suspect,
acdd5dfa8346f1be2fbe20a6e26444ca3706c83a30724e047836c0c01f043755,2020-08,Durham Constabulary,Durham Constabulary,-1.425259,54.698839,On or near Swainby Road,E01020812,County Durham 048D,Vehicle crime,Investigation complete; no suspect identified,
e2bc4def5a8a95706111deeb9df0f2bb3a6560d02519edc67fbe28fa81ee6c78,2020-08,Durham Constabulary,Durham Constabulary,-1.425259,54.698839,On or near Swainby Road,E01020812,County Durham 048D,Violence and sexual offences,Unable to prosecute suspect,
e45d19855abebb9683634a1150c79e7b3a33b5326b9c66b76471c1124752aac6,2020-08,Durham Constabulary,Durham Constabulary,-1.428514,54.696886,On or near Hallgarth Road,E01020812,County Durham 048D,Violence and sexual offences,Unable to prosecute suspect,
0f0c238f2cfeea0878ddee3832e68a2aa0e854959eaefd5fc418cc91572eac07,2020-08,Durham Constabulary,Durham Constabulary,-1.430533,54.702279,On or near Hall Farm Court,E01020812,County Durham 048D,Violence and sexual offences,Unable to prosecute suspect,
8cc597e86faa0c87485b22f2e4e3376a4dd5bd6339c45ae56a98374fb59d6c91,2020-08,Durham Constabulary,Durham Constabulary,-1.425259,54.698839,On or near Swainby Road,E01020812,County Durham 048D,Violence and sexual offences,Unable to prosecute suspect,
0a00ceffd8f8c620d72929f6c1ea735c920ab7f682207ba49d8c399ce009e75e,2020-08,Durham Constabulary,Durham Constabulary,-1.428514,54.696886,On or near Hallgarth Road,E01020812,County Durham 048D,Violence and sexual offences,Unable to prosecute suspect,
51b2b7366d534878597920407383fb3e139680b627072d60042dc0fa5030e9d9,2020-08,Durham Constabulary,Durham Constabulary,-1.425259,54.698839,On or near Swainby Road,E01020812,County Durham 048D,Other crime,Unable to prosecute suspect,
,2020-08,Durham Constabulary,Durham Constabulary,-1.426555,54.711534,On or near Holmside Avenue,E01020827,County Durham 048E,Anti-social behaviour,,
,2020-08,Durham Constabulary,Durham Constabulary,-1.426805,54.716865,On or near Rose Street,E01020827,County Durham 048E,Anti-social behaviour,,
,2020-08,Durham Constabulary,Durham Constabulary,-1.423193,54.714376,On or near Harwood Court,E01020827,County Durham 048E,Anti-social behaviour,,
b636fdba49fc25cf167c6b1c162afe04a8e7bbae78e50ca1e58e8535f423a273,2020-08,Durham Constabulary,Durham Constabulary,-1.426805,54.716865,On or near Rose Street,E01020827,County Durham 048E,Burglary,Investigation complete; no suspect identified,
e7201f68098d93e9e3b056d33cccff6c283502105afa7d84f91d530b6fae900e,2020-08,Durham Constabulary,Durham Constabulary,-1.409946,54.715867,On or near Park Road,E01020827,County Durham 048E,Criminal damage and arson,Local resolution,
420712723c7304c6cb66e65635165542a98a78a943bb21d6d7803026ed65ffe1,2020-08,Durham Constabulary,Durham Constabulary,-1.426555,54.711534,On or near Holmside Avenue,E01020827,County Durham 048E,Criminal damage and arson,Investigation complete; no suspect identified,
0c6be66103a7ec32e515d987cd9c5724914878016d76d4853d6864806d6c0fbc,2020-08,Durham Constabulary,Durham Constabulary,-1.413449,54.718374,On or near Rodwell Street,E01020827,County Durham 048E,Public order,Investigation complete; no suspect identified,
947896161181bfbb635ede8d84cbd6d6e79c3a77600d93cafcafcf8ba0ce1b0e,2020-08,Durham Constabulary,Durham Constabulary,-1.412760,54.717696,On or near Laurel Crescent,E01020827,County Durham 048E,Public order,Further investigation is not in the public interest,
d2f5a4246f170f664b970b8e7af75f058304908ca06b6fbe4dc67cd225b8a4ee,2020-08,Durham Constabulary,Durham Constabulary,-1.426181,54.714939,On or near Rothbury Close,E01020827,County Durham 048E,Violence and sexual offences,Unable to prosecute suspect,
607658b4427835a08c3fe77ef2c73264e19bf1caf7d39b472357bdb0fbe6de99,2020-08,Durham Constabulary,Durham Constabulary,-1.410088,54.714619,On or near Low Hogg Street,E01020827,County Durham 048E,Violence and sexual offences,Unable to prosecute suspect,
6cc257dca90c26d3713a0bafbc1137bd60b268bddf1b490262525bcd7e43660e,2020-08,Durham Constabulary,Durham Constabulary,-1.426181,54.714939,On or near Rothbury Close,E01020827,County Durham 048E,Violence and sexual offences,Unable to prosecute suspect,
5ef5222280dd84ba6f0e4b7187a2c30e8214c2d6c477b26e4c090ec97201ba3b,2020-08,Durham Constabulary,Durham Constabulary,-1.412760,54.717696,On or near Laurel Crescent,E01020827,County Durham 048E,Violence and sexual offences,Unable to prosecute suspect,
,2020-08,Durham Constabulary,Durham Constabulary,-1.563749,54.686754,On or near Hackworth Street,E01020806,County Durham 049A,Anti-social behaviour,,
,2020-08,Durham Constabulary,Durham Constabulary,-1.556287,54.685388,On or near Coniston Road,E01020806,County Durham 049A,Anti-social behaviour,,
,2020-08,Durham Constabulary,Durham Constabulary,-1.561755,54.686145,On or near Hackworth Close,E01020806,County Durham 049A,Anti-social behaviour,,
,2020-08,Durham Constabulary,Durham Constabulary,-1.557347,54.686371,On or near Darlington Road,E01020806,County Durham 049A,Anti-social behaviour,,
,2020-08,Durham Constabulary,Durham Constabulary,-1.554247,54.684733,On or near Thirlmere Road,E01020806,County Durham 049A,Anti-social behaviour,,
,2020-08,Durham Constabulary,Durham Constabulary,-1.556287,54.685388,On or near Coniston Road,E01020806,County Durham 049A,Anti-social behaviour,,
,2020-08,Durham Constabulary,Durham Constabulary,-1.563749,54.686754,On or near Hackworth Street,E01020806,County Durham 049A,Anti-social behaviour,,
,2020-08,Durham Constabulary,Durham Constabulary,-1.554247,54.684733,On or near Thirlmere Road,E01020806,County Durham 049A,Anti-social behaviour,,
,2020-08,Durham Constabulary,Durham Constabulary,-1.554247,54.684733,On or near Thirlmere Road,E01020806,County Durham 049A,Anti-social behaviour,,
407742fb99e05eaaf6e11fffac4293a951d1edaf51b209f0c355942d090602e9,2020-08,Durham Constabulary,Durham Constabulary,-1.554452,54.685804,On or near Rydal Road,E01020806,County Durham 049A,Burglary,Investigation complete; no suspect identified,
ae4827c432516636d980b267d984ea4a86f2ffeca301128e10ceba6bb7ebdece,2020-08,Durham Constabulary,Durham Constabulary,-1.563749,54.686754,On or near Hackworth Street,E01020806,County Durham 049A,Criminal damage and arson,Investigation complete; no suspect identified,
00db93ee305b731c33bd3cf0c918f48b6f32f7d75331d92519fcbaa22a5535f5,2020-08,Durham Constabulary,Durham Constabulary,-1.554319,54.685273,On or near Grasmere Road,E01020806,County Durham 049A,Criminal damage and arson,Local resolution,
7b1d58141e1b852759029edeebccd14d05bd9bbb1820bcefc0270f4bfe21557e,2020-08,Durham Constabulary,Durham Constabulary,-1.554319,54.685273,On or near Grasmere Road,E01020806,County Durham 049A,Criminal damage and arson,Local resolution,
c993f27106cd67c26a7f8a46c3f25b51a3685b358851e64896466204a4301bf2,2020-08,Durham Constabulary,Durham Constabulary,-1.554509,54.686307,On or near Ullswater Road,E01020806,County Durham 049A,Criminal damage and arson,Investigation complete; no suspect identified,
abaddb92f3fd7c75be75fc23d484501a5ad25997d68b3270a1432036c89b5296,2020-08,Durham Constabulary,Durham Constabulary,-1.563749,54.686754,On or near Hackworth Street,E01020806,County Durham 049A,Other theft,Investigation complete; no suspect identified,
d490fbda96b8e22c8d9260eb9d8d0259221d3ba511c3f59d0756631ee47b6e9d,2020-08,Durham Constabulary,Durham Constabulary,-1.556393,54.682818,On or near Petrol Station,E01020806,County Durham 049A,Other theft,Unable to prosecute suspect,
0cc7f70e32fd05a23bfee7a2ff270cc062d06f4dc939de371335660a47a7e702,2020-08,Durham Constabulary,Durham Constabulary,-1.556393,54.682818,On or near Petrol Station,E01020806,County Durham 049A,Violence and sexual offences,Unable to prosecute suspect,
c12ec40a157912bb96514a38b4c1a9c999ce856a099339a849044d88958b5c18,2020-08,Durham Constabulary,Durham Constabulary,-1.568096,54.686419,On or near Paxton Street,E01020806,County Durham 049A,Violence and sexual offences,Unable to prosecute suspect,
e31a607fc19df7e537240300595f35083f79fef71da9c106180d1c592682ea4d,2020-08,Durham Constabulary,Durham Constabulary,-1.568096,54.686419,On or near Paxton Street,E01020806,County Durham 049A,Violence and sexual offences,Action to be taken by another organisation,
b4edadda09d8ade46e78476fc53e561b42d1e8cce1e3be46ba83053fd85a88bc,2020-08,Durham Constabulary,Durham Constabulary,-1.556287,54.685388,On or near Coniston Road,E01020806,County Durham 049A,Violence and sexual offences,Investigation complete; no suspect identified,
b3141523eaf2df6f991ededb0559d62403cca19a3d7a4436cf7e907680ce643c,2020-08,Durham Constabulary,Durham Constabulary,-1.571273,54.685181,On or near William Keers Crescent,E01020806,County Durham 049A,Violence and sexual offences,Investigation complete; no suspect identified,
0d907d43c26577d17a983d636ea82a414b9ad2f97e6d174c622d889eaf1d2777,2020-08,Durham Constabulary,Durham Constabulary,-1.563749,54.686754,On or near Hackworth Street,E01020806,County Durham 049A,Violence and sexual offences,Unable to prosecute suspect,
4a17d6fe18d68751fd2ad748038a49fc46ed25c67d4a3ec7dfabfa9f18e7181a,2020-08,Durham Constabulary,Durham Constabulary,-1.563749,54.686754,On or near Hackworth Street,E01020806,County Durham 049A,Other crime,Unable to prosecute suspect,
,2020-08,Durham Constabulary,Durham Constabulary,-1.564376,54.687610,On or near Kelvin Street,E01020807,County Durham 049B,Anti-social behaviour,,
,2020-08,Durham Constabulary,Durham Constabulary,-1.560205,54.687460,On or near Siemans Street,E01020807,County Durham 049B,Anti-social behaviour,,
,2020-08,Durham Constabulary,Durham Constabulary,-1.560205,54.687460,On or near Siemans Street,E01020807,County Durham 049B,Anti-social behaviour,,
,2020-08,Durham Constabulary,Durham Constabulary,-1.563516,54.688236,On or near Watt Street,E01020807,County Durham 049B,Anti-social behaviour,,
,2020-08,Durham Constabulary,Durham Constabulary,-1.564376,54.687610,On or near Kelvin Street,E01020807,County Durham 049B,Anti-social behaviour,,
,2020-08,Durham Constabulary,Durham Constabulary,-1.565532,54.686841,On or near Westcott Terrace,E01020807,County Durham 049B,Anti-social behaviour,,
,2020-08,Durham Constabulary,Durham Constabulary,-1.560205,54.687460,On or near Siemans Street,E01020807,County Durham 049B,Anti-social behaviour,,
,2020-08,Durham Constabulary,Durham Constabulary,-1.560205,54.687460,On or near Siemans Street,E01020807,County Durham 049B,Anti-social behaviour,,
,2020-08,Durham Constabulary,Durham Constabulary,-1.564376,54.687610,On or near Kelvin Street,E01020807,County Durham 049B,Anti-social behaviour,,
,2020-08,Durham Constabulary,Durham Constabulary,-1.558334,54.686851,On or near Hudson Street,E01020807,County Durham 049B,Anti-social behaviour,,
,2020-08,Durham Constabulary,Durham Constabulary,-1.563831,54.687779,On or near Beaumont Street,E01020807,County Durham 049B,Anti-social behaviour,,
,2020-08,Durham Constabulary,Durham Constabulary,-1.560205,54.687460,On or near Siemans Street,E01020807,County Durham 049B,Anti-social behaviour,,
48599ecc49b14b99a8f0ec5ae16efa2f7fdd137222235dd9a3f0ef37f9e5972b,2020-08,Durham Constabulary,Durham Constabulary,-1.565167,54.686139,On or near Bessemer Street,E01020807,County Durham 049B,Bicycle theft,Investigation complete; no suspect identified,
f4137618823383da5d0b1008aaf7f28bf36eaa778cd8e981dafa056261a52abf,2020-08,Durham Constabulary,Durham Constabulary,-1.566454,54.687653,On or near Brunel Street,E01020807,County Durham 049B,Burglary,Investigation complete; no suspect identified,
7825336b121b494ec3e347dcee1d3d2cc80b31cb6f251a4011bdb7482be3fb53,2020-08,Durham Constabulary,Durham Constabulary,-1.558334,54.686851,On or near Hudson Street,E01020807,County Durham 049B,Burglary,Investigation complete; no suspect identified,
fdb263bc14554527521dd829ec7e6508ff75c754c70dddbf56eae54cf7e5229a,2020-08,Durham Constabulary,Durham Constabulary,-1.565167,54.686139,On or near Bessemer Street,E01020807,County Durham 049B,Criminal damage and arson,Investigation complete; no suspect identified,
167b05a482012835e1ff08336c37217f069e51374f7f9bff7876744386c3fa74,2020-08,Durham Constabulary,Durham Constabulary,-1.564376,54.687610,On or near Kelvin Street,E01020807,County Durham 049B,Criminal damage and arson,Investigation complete; no suspect identified,
477e1207e3a06d4065680f1f4af2be896a403d451136fc1c86fad436d6b7e925,2020-08,Durham Constabulary,Durham Constabulary,-1.560644,54.686958,On or near Holyoake Street,E01020807,County Durham 049B,Criminal damage and arson,Investigation complete; no suspect identified,
44884393dec7bc9788c25c0cd2bd4896cf92025e50da6eaea1a6b54751514068,2020-08,Durham Constabulary,Durham Constabulary,-1.565167,54.686139,On or near Bessemer Street,E01020807,County Durham 049B,Criminal damage and arson,Court result unavailable,
63e0febdc9225804e8af16387921a9a98d6e6238d045738d072c71ac28852634,2020-08,Durham Constabulary,Durham Constabulary,-1.563516,54.688236,On or near Watt Street,E01020807,County Durham 049B,Criminal damage and arson,Unable to prosecute suspect,
2bd27500830f724221da975e2de7099e3f04c863c4c7c57a1253d95e40ba0f85,2020-08,Durham Constabulary,Durham Constabulary,-1.560843,54.688685,On or near Davy Street,E01020807,County Durham 049B,Criminal damage and arson,Unable to prosecute suspect,
cb29f584b95a9e0369e52755be84bf32a9980dcc2dcee779c82570b8dc0a50be,2020-08,Durham Constabulary,Durham Constabulary,-1.560843,54.688685,On or near Davy Street,E01020807,County Durham 049B,Other theft,Unable to prosecute suspect,
8e3b5cabcb0cc49b22f9879444d9558bb636430f9e82f2514bdb9385ae4ccb0a,2020-08,Durham Constabulary,Durham Constabulary,-1.557521,54.688870,On or near Main Street,E01020807,County Durham 049B,Public order,Investigation complete; no suspect identified,
2865b91acd2b992d23475b55a72a07e639ec306fcd5f43109be0a71a859b5ba3,2020-08,Durham Constabulary,Durham Constabulary,-1.560644,54.686958,On or near Holyoake Street,E01020807,County Durham 049B,Public order,Investigation complete; no suspect identified,
1937b8cde6d218a9c097ec067c0a782ec258cf2497aa0a4ad9584bf90e2894ca,2020-08,Durham Constabulary,Durham Constabulary,-1.565167,54.686139,On or near Bessemer Street,E01020807,County Durham 049B,Public order,Unable to prosecute suspect,
0a1fe5ce06f1d6c8583afb85a13aa78dd7d5a99cca1ee97e12e7b56fe736f694,2020-08,Durham Constabulary,Durham Constabulary,-1.562137,54.688060,On or near Newcomen Street,E01020807,County Durham 049B,Public order,Investigation complete; no suspect identified,
26c8ed89898f356a2169371466f0408b80e340529b08ab7e18a245a71897816d,2020-08,Durham Constabulary,Durham Constabulary,-1.560661,54.688307,On or near Newton Street,E01020807,County Durham 049B,Vehicle crime,Unable to prosecute suspect,
3f90f37b3db6bfdbd0411a8a66d8af76e5ecd87d333de1bbd7e08009a50ce523,2020-08,Durham Constabulary,Durham Constabulary,-1.565592,54.687048,On or near Stephenson Street,E01020807,County Durham 049B,Violence and sexual offences,Unable to prosecute suspect,
c51de0903e6329d6d29d9f5163c5bf245d49be5f82f2b2257f288bc6780170ac,2020-08,Durham Constabulary,Durham Constabulary,-1.565592,54.687048,On or near Stephenson Street,E01020807,County Durham 049B,Violence and sexual offences,Unable to prosecute suspect,
a338cb6ae81ab3f3e86a9d660348b4dd2c66a510eccf2d7c5ea176cb0759a492,2020-08,Durham Constabulary,Durham Constabulary,-1.560524,54.686608,On or near Blandford Street,E01020807,County Durham 049B,Violence and sexual offences,Unable to prosecute suspect,
da0b54a38f17b53b89cc4575ffdd00c79fc862ca35d91f6bc5462658c9b07858,2020-08,Durham Constabulary,Durham Constabulary,-1.561931,54.687089,On or near Rennie Street,E01020807,County Durham 049B,Violence and sexual offences,Unable to prosecute suspect,
41cb1017a5a7a396fc52bd592a2ca52e9966f0efa4ee54518078579e1a68511b,2020-08,Durham Constabulary,Durham Constabulary,-1.560644,54.686958,On or near Holyoake Street,E01020807,County Durham 049B,Violence and sexual offences,Court result unavailable,
4339fd082bda7da976992d47b207d26b77654828851238e38fd15dc359ccced4,2020-08,Durham Constabulary,Durham Constabulary,-1.560644,54.686958,On or near Holyoake Street,E01020807,County Durham 049B,Violence and sexual offences,Further investigation is not in the public interest,
22c58503534eb6e05477d8b5ce4f6e9c36909a19bab15d07c3f00f21bbac17cd,2020-08,Durham Constabulary,Durham Constabulary,-1.565167,54.686139,On or near Bessemer Street,E01020807,County Durham 049B,Violence and sexual offences,Court result unavailable,
2c44cfe11d5355caac370ee060120baa1a5903315c765d33598ae59e366557a5,2020-08,Durham Constabulary,Durham Constabulary,-1.560644,54.686958,On or near Holyoake Street,E01020807,County Durham 049B,Violence and sexual offences,Offender given penalty notice,
165637ceee77a68b5528bc8c99eaef8e578db42d3cb255bddf72c9acde8b8803,2020-08,Durham Constabulary,Durham Constabulary,-1.565167,54.686139,On or near Bessemer Street,E01020807,County Durham 049B,Violence and sexual offences,Investigation complete; no suspect identified,
bf2831d7a4020d19716d7696612c797e33c7c4a1626c417078ade0480441ba44,2020-08,Durham Constabulary,Durham Constabulary,-1.561931,54.687089,On or near Rennie Street,E01020807,County Durham 049B,Violence and sexual offences,Unable to prosecute suspect,
7087bfaf0f5c70abc4e73bb05752b0f0dc09aaea862383501f4b1a06cc9163f0,2020-08,Durham Constabulary,Durham Constabulary,-1.560644,54.686958,On or near Holyoake Street,E01020807,County Durham 049B,Violence and sexual offences,Unable to prosecute suspect,
6ea9d998da0ee2e9f631caaca7597590b887f6e906e8e9122e3102628d48de02,2020-08,Durham Constabulary,Durham Constabulary,-1.558334,54.686851,On or near Hudson Street,E01020807,County Durham 049B,Violence and sexual offences,Unable to prosecute suspect,
edc9ecfb234bde92d6bbe7e4d95fe98f9efc0045c342c19f1bea4c791a450efe,2020-08,Durham Constabulary,Durham Constabulary,-1.560644,54.686958,On or near Holyoake Street,E01020807,County Durham 049B,Violence and sexual offences,Court result unavailable,
c74f877bf4457003508b81b38f88db2af4c5a0f7350102decad8467fa209a151,2020-08,Durham Constabulary,Durham Constabulary,-1.560843,54.688685,On or near Davy Street,E01020807,County Durham 049B,Violence and sexual offences,Unable to prosecute suspect,
44dcf9673afbab04d67faefaba49d287f3ad5e8138703d6fb19ac91a9d9fa57d,2020-08,Durham Constabulary,Durham Constabulary,-1.565167,54.686139,On or near Bessemer Street,E01020807,County Durham 049B,Violence and sexual offences,Unable to prosecute suspect,
a831174039268bcfb052f79cbf2b463664325a59edc098770c48a81608ed2005,2020-08,Durham Constabulary,Durham Constabulary,-1.560843,54.688685,On or near Davy Street,E01020807,County Durham 049B,Violence and sexual offences,Unable to prosecute suspect,
5e43efb2a45f989e5837ffc2b2ecc230f6b5340c1ff695d481f53c14c9c5dbb7,2020-08,Durham Constabulary,Durham Constabulary,-1.563602,54.687419,On or near Haig Terrace,E01020807,County Durham 049B,Violence and sexual offences,Unable to prosecute suspect,
66993bfd79276da47919a04ea602a66890bc19cb1f003cc6d7a89e6f04185577,2020-08,Durham Constabulary,Durham Constabulary,-1.560661,54.688307,On or near Newton Street,E01020807,County Durham 049B,Violence and sexual offences,Unable to prosecute suspect,
36849ec4d1dcfdc68a24b87e490bc0dfeb8553ea5c8617b49d0a697fa92cd128,2020-08,Durham Constabulary,Durham Constabulary,-1.565592,54.687048,On or near Stephenson Street,E01020807,County Durham 049B,Violence and sexual offences,Investigation complete; no suspect identified,
e882791304689f67c0618ce8511f5ecf6f7cbe5cd788e5e1ca5ccaa396518753,2020-08,Durham Constabulary,Durham Constabulary,-1.560644,54.686958,On or near Holyoake Street,E01020807,County Durham 049B,Violence and sexual offences,Unable to prosecute suspect,
57ad00a2d684d76a62b849d915b46b9efc162eed6b08d7ea665c36c6846de617,2020-08,Durham Constabulary,Durham Constabulary,-1.557521,54.688870,On or near Main Street,E01020807,County Durham 049B,Violence and sexual offences,Unable to prosecute suspect,
4a0c22aeb6ebf65433d52fb2da3d5324652d9b01d14f4b6c3ef21b832c145276,2020-08,Durham Constabulary,Durham Constabulary,-1.563516,54.688236,On or near Watt Street,E01020807,County Durham 049B,Violence and sexual offences,Unable to prosecute suspect,
f494d67c7bf36035782ed687826064e66ec088d0157094e9af392c8e0dd0dc04,2020-08,Durham Constabulary,Durham Constabulary,-1.560661,54.688307,On or near Newton Street,E01020807,County Durham 049B,Violence and sexual offences,Unable to prosecute suspect,
87d53fbe0dc7276a85e64b249af1f200f2b2dcb5f88805db283fc426a848e0fb,2020-08,Durham Constabulary,Durham Constabulary,-1.560661,54.688307,On or near Newton Street,E01020807,County Durham 049B,Violence and sexual offences,Unable to prosecute suspect,
d36a7d26f651c201c14cf61e0b9a07e41c1e55807ab2c3d462312f85a989386e,2020-08,Durham Constabulary,Durham Constabulary,-1.560661,54.688307,On or near Newton Street,E01020807,County Durham 049B,Other crime,Unable to prosecute suspect,
10c7f8af062fc74ba5d5a81a318936ea8c8b2ae3b57e26929da59c8c4e06d9cb,2020-08,Durham Constabulary,Durham Constabulary,-1.557521,54.688870,On or near Main Street,E01020807,County Durham 049B,Other crime,Unable to prosecute suspect,
,2020-08,Durham Constabulary,Durham Constabulary,-1.597390,54.698140,On or near Bamburgh Parade,E01020820,County Durham 049C,Anti-social behaviour,,
,2020-08,Durham Constabulary,Durham Constabulary,-1.589798,54.697081,On or near Further/Higher Educational Building,E01020820,County Durham 049C,Anti-social behaviour,,
,2020-08,Durham Constabulary,Durham Constabulary,-1.589798,54.697081,On or near Further/Higher Educational Building,E01020820,County Durham 049C,Anti-social behaviour,,
,2020-08,Durham Constabulary,Durham Constabulary,-1.589798,54.697081,On or near Further/Higher Educational Building,E01020820,County Durham 049C,Anti-social behaviour,,
,2020-08,Durham Constabulary,Durham Constabulary,-1.598937,54.700185,On or near Bishop'S Close,E01020820,County Durham 049C,Anti-social behaviour,,
,2020-08,Durham Constabulary,Durham Constabulary,-1.595261,54.700038,On or near Sycamore Court,E01020820,County Durham 049C,Anti-social behaviour,,
,2020-08,Durham Constabulary,Durham Constabulary,-1.594488,54.701248,On or near St Andrew'S Road,E01020820,County Durham 049C,Anti-social behaviour,,
347e346619282e2442b5ed5bea963522e3d63a872b6d776c97dec18478011af9,2020-08,Durham Constabulary,Durham Constabulary,-1.598937,54.700185,On or near Bishop'S Close,E01020820,County Durham 049C,Burglary,Unable to prosecute suspect,
d053d5c0bb951033e9ab806d473514faa93b1b2f95970537acacb1b3bb2b080e,2020-08,Durham Constabulary,Durham Constabulary,-1.589430,54.701222,On or near Keswick Drive,E01020820,County Durham 049C,Drugs,Further action is not in the public interest,
aaf6b3e6aebf3dc1311bca5d933c9051d4608d4fa08448adaba228a99beda522,2020-08,Durham Constabulary,Durham Constabulary,-1.589798,54.697081,On or near Further/Higher Educational Building,E01020820,County Durham 049C,Other theft,Investigation complete; no suspect identified,
e114e44bebf7cf18c0117deaf3a743c993087c24e0d6b42d0935db225c425ac6,2020-08,Durham Constabulary,Durham Constabulary,-1.589798,54.697081,On or near Further/Higher Educational Building,E01020820,County Durham 049C,Other theft,Investigation complete; no suspect identified,
1325185d1dd28a21300b7035e83b85a293f976e1b3152befd8c49f58c69b20da,2020-08,Durham Constabulary,Durham Constabulary,-1.596750,54.700088,On or near Petrol Station,E01020820,County Durham 049C,Other theft,Investigation complete; no suspect identified,
08740486914808735fe129dcb9e679c0657c9d3dc265216b827d4e09a210db4e,2020-08,Durham Constabulary,Durham Constabulary,-1.589798,54.697081,On or near Further/Higher Educational Building,E01020820,County Durham 049C,Other theft,Investigation complete; no suspect identified,
4c766b8f7ab917226f707dc61f363a374f418fe51f3c35f4bf0d5a2dd5e7f6f4,2020-08,Durham Constabulary,Durham Constabulary,-1.589430,54.701222,On or near Keswick Drive,E01020820,County Durham 049C,Public order,Unable to prosecute suspect,
eb68d4b5fd1e6c6cef48e90bd7ff098d3b5a70fa938b5ca8f1019709c10660e1,2020-08,Durham Constabulary,Durham Constabulary,-1.588022,54.700795,On or near Lakeside Court,E01020820,County Durham 049C,Public order,Investigation complete; no suspect identified,
3b4b0eafa3c08882ad1c82c4ba7f458de7fa7dbae1ad6200567d1fe67ae9516d,2020-08,Durham Constabulary,Durham Constabulary,-1.567270,54.704255,On or near Petrol Station,E01020820,County Durham 049C,Public order,Investigation complete; no suspect identified,
28058d36a9f243a7c31ec80ac86886639be1e5c07d8d06b733e09fb90b29d827,2020-08,Durham Constabulary,Durham Constabulary,-1.599567,54.700771,On or near Holborn,E01020820,County Durham 049C,Robbery,Court result unavailable,
4e98e93a4f78378cdbce5a945cec649455a3083c55a3477ba91ae6a6f610c263,2020-08,Durham Constabulary,Durham Constabulary,-1.598937,54.700185,On or near Bishop'S Close,E01020820,County Durham 049C,Shoplifting,Investigation complete; no suspect identified,
90c5754572aa6e95ceff5db3c42d4243dd3f912daa18d507032264c09c5573cb,2020-08,Durham Constabulary,Durham Constabulary,-1.599567,54.700771,On or near Holborn,E01020820,County Durham 049C,Shoplifting,Investigation complete; no suspect identified,
41919c4bf77f818e39443e22343c4f66c44f1d2f2bc44bf336ec525bcbb53fe3,2020-08,Durham Constabulary,Durham Constabulary,-1.598937,54.700185,On or near Bishop'S Close,E01020820,County Durham 049C,Shoplifting,Court result unavailable,
779f3e8359bb7374810cc4a93478e23d4f38f987a4e50805054c9eaa40680e03,2020-08,Durham Constabulary,Durham Constabulary,-1.598937,54.700185,On or near Bishop'S Close,E01020820,County Durham 049C,Shoplifting,Investigation complete; no suspect identified,
08ee663c4e4b222cc0527cb7a01ac44c16bc82fb2e02e0b660aabdd25950c12a,2020-08,Durham Constabulary,Durham Constabulary,-1.598937,54.700185,On or near Bishop'S Close,E01020820,County Durham 049C,Shoplifting,Local resolution,
fb609a318bee280789acddb8cc4c3a7b40df550886bdd08eb421f8b40542bbe5,2020-08,Durham Constabulary,Durham Constabulary,-1.598937,54.700185,On or near Bishop'S Close,E01020820,County Durham 049C,Shoplifting,Unable to prosecute suspect,
89ad0a74235cb0c90aaaeadaff3f087574547a147ef7e811650f2f7853039a1f,2020-08,Durham Constabulary,Durham Constabulary,-1.598937,54.700185,On or near Bishop'S Close,E01020820,County Durham 049C,Shoplifting,Investigation complete; no suspect identified,
d7bb97a72cb9c482ad5e1956795fb044ccab19cf5c0d819106835b11bb77658a,2020-08,Durham Constabulary,Durham Constabulary,-1.598937,54.700185,On or near Bishop'S Close,E01020820,County Durham 049C,Shoplifting,Investigation complete; no suspect identified,
08659b2ecaa7a44a46dcaf96dfba6a8d113570a5be6e7027525e26b942cfbc6b,2020-08,Durham Constabulary,Durham Constabulary,-1.598937,54.700185,On or near Bishop'S Close,E01020820,County Durham 049C,Shoplifting,Investigation complete; no suspect identified,
6fdbdf3f43051b9ea1461b8a9dd530912b3cf350f77724ed24fe31d1159bb0fa,2020-08,Durham Constabulary,Durham Constabulary,-1.589059,54.698058,On or near Coulson Street,E01020820,County Durham 049C,Vehicle crime,Investigation complete; no suspect identified,
9b6a18fa4e2778c410f301916c0ba09d8d4bf0ee4aea9cdbe79c7643d522507b,2020-08,Durham Constabulary,Durham Constabulary,-1.589430,54.701222,On or near Keswick Drive,E01020820,County Durham 049C,Violence and sexual offences,Further action is not in the public interest,
2ed518a5247f448a269e96f9129733f240e30d4d49b062f70b1c1b002df5d850,2020-08,Durham Constabulary,Durham Constabulary,-1.589430,54.701222,On or near Keswick Drive,E01020820,County Durham 049C,Violence and sexual offences,Further action is not in the public interest,
55d73ba366812c366683e1db51a60f63099b1f03413905bf4db6561657b9aee1,2020-08,Durham Constabulary,Durham Constabulary,-1.594488,54.701248,On or near St Andrew'S Road,E01020820,County Durham 049C,Violence and sexual offences,Unable to prosecute suspect,
be980ba50fb404019be14fcf4fbe6102ece5f93f31b8e2ac523b0105b0bb3428,2020-08,Durham Constabulary,Durham Constabulary,-1.589798,54.697081,On or near Further/Higher Educational Building,E01020820,County Durham 049C,Violence and sexual offences,Unable to prosecute suspect,
17ccf3664a6d6a1cc39cccd1398d815e3a5c878de9e4d68f61b269cedda58c37,2020-08,Durham Constabulary,Durham Constabulary,-1.590049,54.699867,On or near Rushmoor,E01020820,County Durham 049C,Violence and sexual offences,Unable to prosecute suspect,
07ca01c1e5d9fd235043f07a4c909c0fde6d5c69dcefb1d7fe0c49791103e9b8,2020-08,Durham Constabulary,Durham Constabulary,-1.596750,54.700088,On or near Petrol Station,E01020820,County Durham 049C,Violence and sexual offences,Unable to prosecute suspect,
45b16a80d3f85be2a809d12cd2779f534daddddf9747fe3b8376713dc5f5ec6d,2020-08,Durham Constabulary,Durham Constabulary,-1.589798,54.697081,On or near Further/Higher Educational Building,E01020820,County Durham 049C,Violence and sexual offences,Unable to prosecute suspect,
fd4e3c77988c98eb96a4949a80a37c34a02307b9f3331a5addbebfa99a71583c,2020-08,Durham Constabulary,Durham Constabulary,-1.567270,54.704255,On or near Petrol Station,E01020820,County Durham 049C,Other crime,Unable to prosecute suspect,
22e8bee4c78d5e70428a9560717068d75eb06088467b950c16bba9a5d279c092,2020-08,Durham Constabulary,Durham Constabulary,-1.591391,54.699072,On or near Fairview Drive,E01020820,County Durham 049C,Other crime,Unable to prosecute suspect,
,2020-08,Durham Constabulary,Durham Constabulary,-1.587332,54.709231,On or near York Hill Crescent,E01020842,County Durham 049D,Anti-social behaviour,,
,2020-08,Durham Constabulary,Durham Constabulary,-1.584262,54.699758,On or near Half Moon Lane,E01020842,County Durham 049D,Anti-social behaviour,,
,2020-08,Durham Constabulary,Durham Constabulary,-1.587944,54.711570,On or near Front Street,E01020842,County Durham 049D,Anti-social behaviour,,
,2020-08,Durham Constabulary,Durham Constabulary,-1.574164,54.706903,On or near Meadowfield Avenue,E01020842,County Durham 049D,Anti-social behaviour,,
,2020-08,Durham Constabulary,Durham Constabulary,-1.584081,54.702319,On or near North Road,E01020842,County Durham 049D,Anti-social behaviour,,
,2020-08,Durham Constabulary,Durham Constabulary,-1.584262,54.699758,On or near Half Moon Lane,E01020842,County Durham 049D,Anti-social behaviour,,
,2020-08,Durham Constabulary,Durham Constabulary,-1.584902,54.700982,On or near Mount Pleasant Court,E01020842,County Durham 049D,Anti-social behaviour,,
,2020-08,Durham Constabulary,Durham Constabulary,-1.584081,54.702319,On or near North Road,E01020842,County Durham 049D,Anti-social behaviour,,
,2020-08,Durham Constabulary,Durham Constabulary,-1.574164,54.706903,On or near Meadowfield Avenue,E01020842,County Durham 049D,Anti-social behaviour,,
d5ac18f670f25ea24e491755d7d35c080afdcbf9366e1b47a9dd12e34e054e7f,2020-08,Durham Constabulary,Durham Constabulary,-1.587944,54.711570,On or near Front Street,E01020842,County Durham 049D,Criminal damage and arson,Unable to prosecute suspect,
2547cde8960f5089877992f71f13d2bd7497d2ce06ceea804a6caa1aa1a8163f,2020-08,Durham Constabulary,Durham Constabulary,-1.587944,54.711570,On or near Front Street,E01020842,County Durham 049D,Drugs,Formal action is not in the public interest,
33ae2d9eb073eee386457a10a914090882e3f59df323fb8b7045daf78f12ca37,2020-08,Durham Constabulary,Durham Constabulary,-1.575679,54.702972,On or near Green Lane,E01020842,County Durham 049D,Other theft,Unable to prosecute suspect,
8316b7ef88ad06ad4cc6834fc1cfa9d82e6a6d2430507397f0ad69d004817c17,2020-08,Durham Constabulary,Durham Constabulary,-1.584902,54.700982,On or near Mount Pleasant Court,E01020842,County Durham 049D,Public order,Unable to prosecute suspect,
518bdcfbfdc3a216c620e394ccef286d40ea04e79963c0ecfb17ba565c06064a,2020-08,Durham Constabulary,Durham Constabulary,-1.584262,54.699758,On or near Half Moon Lane,E01020842,County Durham 049D,Public order,Unable to prosecute suspect,
3785dd5e128c9b39ae77462f75df22b69f8951db991a8ab8b3dccfd25f820c17,2020-08,Durham Constabulary,Durham Constabulary,-1.587944,54.711570,On or near Front Street,E01020842,County Durham 049D,Public order,Unable to prosecute suspect,
5f1122c4e3ba413aa05fe242c15d961c0d27f9f3915d6dff61c6b0cc99dfa8f8,2020-08,Durham Constabulary,Durham Constabulary,-1.582784,54.700139,On or near Grainger Street,E01020842,County Durham 049D,Public order,Unable to prosecute suspect,
b4e2ea5e8af487a98cae33e25a4c7e90ee8782bf098a676c5c0a686ab75c3908,2020-08,Durham Constabulary,Durham Constabulary,-1.580737,54.703062,On or near Tudhoe Moor,E01020842,County Durham 049D,Violence and sexual offences,Unable to prosecute suspect,
5c57ff98716caf10286ea9f640a0522d71feb28364f32a907a971ad58eac26a5,2020-08,Durham Constabulary,Durham Constabulary,-1.582784,54.700139,On or near Grainger Street,E01020842,County Durham 049D,Violence and sexual offences,Unable to prosecute suspect,
f72366d602fdbcce108ab622df40699671b4981b3ce9a9c1f8360aba4894cd7f,2020-08,Durham Constabulary,Durham Constabulary,-1.584262,54.699758,On or near Half Moon Lane,E01020842,County Durham 049D,Violence and sexual offences,Further action is not in the public interest,
6359298634e259eb3d8634f24579d9cbb62779ff6052b225fd6d20e255c5841e,2020-08,Durham Constabulary,Durham Constabulary,-1.584552,54.709330,On or near Tweed Road,E01020842,County Durham 049D,Violence and sexual offences,Unable to prosecute suspect,
fbb082d2ad908495aadcd31d92120fb0927dfd67fb12d954344df76081ce4983,2020-08,Durham Constabulary,Durham Constabulary,-1.587699,54.709745,On or near St David'S Close,E01020842,County Durham 049D,Violence and sexual offences,Unable to prosecute suspect,
4f152cacca93291f73d4e8589bf9874d2d30c1b68fd3e55aa305ba6e9f01e64b,2020-08,Durham Constabulary,Durham Constabulary,-1.584262,54.699758,On or near Half Moon Lane,E01020842,County Durham 049D,Violence and sexual offences,Unable to prosecute suspect,
a939fa283abede9d246721dc8041030e1382bed91bcb58ce18ed74cffea00770,2020-08,Durham Constabulary,Durham Constabulary,-1.580737,54.703062,On or near Tudhoe Moor,E01020842,County Durham 049D,Violence and sexual offences,Unable to prosecute suspect,
9fbc05aff2f04446992756889c97ab608548279802c11afc4fe44b63b4054f82,2020-08,Durham Constabulary,Durham Constabulary,-1.587944,54.711570,On or near Front Street,E01020842,County Durham 049D,Violence and sexual offences,Unable to prosecute suspect,
04677d4e65e47dfba2de2cdc7faee490f0a7d2aae2f5b3ff0b3aee9b25dcbbe6,2020-08,Durham Constabulary,Durham Constabulary,-1.584262,54.699758,On or near Half Moon Lane,E01020842,County Durham 049D,Violence and sexual offences,Unable to prosecute suspect,
456410165323a7c133eefbb4b5609cacc81ad5439ce54efa6945826d1590e4c8,2020-08,Durham Constabulary,Durham Constabulary,-1.582454,54.700570,On or near Fenwick Street,E01020842,County Durham 049D,Violence and sexual offences,Unable to prosecute suspect,
,2020-08,Durham Constabulary,Durham Constabulary,-1.520283,54.700124,On or near Birch Road,E01020797,County Durham 050A,Anti-social behaviour,,
,2020-08,Durham Constabulary,Durham Constabulary,-1.518243,54.703360,On or near Glebe Villas,E01020797,County Durham 050A,Anti-social behaviour,,
,2020-08,Durham Constabulary,Durham Constabulary,-1.515392,54.700356,On or near Raisby Terrace,E01020797,County Durham 050A,Anti-social behaviour,,
,2020-08,Durham Constabulary,Durham Constabulary,-1.520283,54.700124,On or near Birch Road,E01020797,County Durham 050A,Anti-social behaviour,,
,2020-08,Durham Constabulary,Durham Constabulary,-1.514505,54.697926,On or near Stobb Cross Road,E01020797,County Durham 050A,Anti-social behaviour,,
,2020-08,Durham Constabulary,Durham Constabulary,-1.520283,54.700124,On or near Birch Road,E01020797,County Durham 050A,Anti-social behaviour,,
,2020-08,Durham Constabulary,Durham Constabulary,-1.515392,54.700356,On or near Raisby Terrace,E01020797,County Durham 050A,Anti-social behaviour,,
,2020-08,Durham Constabulary,Durham Constabulary,-1.520283,54.700124,On or near Birch Road,E01020797,County Durham 050A,Anti-social behaviour,,
50075bdbddd517095135cadd3dca3f5589fc2936a883aa3577c6424b2064bf2b,2020-08,Durham Constabulary,Durham Constabulary,-1.514505,54.697926,On or near Stobb Cross Road,E01020797,County Durham 050A,Burglary,Investigation complete; no suspect identified,
166672994b1911edf1d400c2c8a137027702d77e393a74ead35a650f1bb1c308,2020-08,Durham Constabulary,Durham Constabulary,-1.520669,54.704196,On or near Bede Grove,E01020797,County Durham 050A,Criminal damage and arson,Unable to prosecute suspect,
d7da4147fff143439391a325267e6468fbbec827d30b567e8dafafa3ab83e29d,2020-08,Durham Constabulary,Durham Constabulary,-1.533957,54.709263,On or near Bridge Street,E01020797,County Durham 050A,Drugs,Further action is not in the public interest,
33f92543d2cfb9a950e71efcad10930ca25ba5625a99e8d1cfd9bbe73273e078,2020-08,Durham Constabulary,Durham Constabulary,-1.513041,54.706215,On or near Bridge Road,E01020797,County Durham 050A,Other theft,Offender given a caution,
3fbb1a7f58f849360b6c039413aa23cda38449eae81a3e5bac01291c90ef79c7,2020-08,Durham Constabulary,Durham Constabulary,-1.520399,54.704690,On or near Barratt Way,E01020797,County Durham 050A,Public order,Unable to prosecute suspect,
222a8e0e36b0eeeab3148261089f61c95a30588b4069078aac40f0b2514cebc8,2020-08,Durham Constabulary,Durham Constabulary,-1.511891,54.699857,On or near Chester Crescent,E01020797,County Durham 050A,Public order,Unable to prosecute suspect,
061c4a4066b6deb77dd055038f3e8e7c926c03f2dc8774daaf3d4bad18081a4c,2020-08,Durham Constabulary,Durham Constabulary,-1.522831,54.702461,On or near Parking Area,E01020797,County Durham 050A,Public order,Court result unavailable,
c28a6e540ebfed5b6a490857fb6caea947965435d10a7e6dfd0c6d1e282a6ca3,2020-08,Durham Constabulary,Durham Constabulary,-1.520710,54.703343,On or near Cuthbert Road,E01020797,County Durham 050A,Public order,Investigation complete; no suspect identified,
1ed19f9cf4ae3dcb14aabc87d48756a7512ceeb7d86be5a6683ef92b4b67a8f2,2020-08,Durham Constabulary,Durham Constabulary,-1.513041,54.706215,On or near Bridge Road,E01020797,County Durham 050A,Public order,Offender given a caution,
df3c4d9bbbd1f4b667553744cfb6c2ffd8d25a9eb2cb28d3f3e9e08156fe42e1,2020-08,Durham Constabulary,Durham Constabulary,-1.520283,54.700124,On or near Birch Road,E01020797,County Durham 050A,Violence and sexual offences,Unable to prosecute suspect,
29c5a9addc19452f7072f7dd53ca75de51385fdfe6257b8b901e07af2c64086c,2020-08,Durham Constabulary,Durham Constabulary,-1.522831,54.702461,On or near Parking Area,E01020797,County Durham 050A,Violence and sexual offences,Court result unavailable,
bddd53b1375e633350a43aa7fce8a321525f8291bcff961aa1a1421f770d96c4,2020-08,Durham Constabulary,Durham Constabulary,-1.522831,54.702461,On or near Parking Area,E01020797,County Durham 050A,Violence and sexual offences,Unable to prosecute suspect,
5214eef0bebcfeaf24243419393dabc5ed9f31b86bbe9f9bcee0c70f9b2583aa,2020-08,Durham Constabulary,Durham Constabulary,-1.515641,54.701633,On or near Elm Road,E01020797,County Durham 050A,Violence and sexual offences,Unable to prosecute suspect,
f931483b4b0278f31c895ce24f40ec1e2dcf88ddeea6c6f0d91521383a800098,2020-08,Durham Constabulary,Durham Constabulary,-1.520283,54.700124,On or near Birch Road,E01020797,County Durham 050A,Violence and sexual offences,Unable to prosecute suspect,
19b68feb00b31998ffa2744f9ceaed08abf568ea0be315796e5ad028b60b2fc9,2020-08,Durham Constabulary,Durham Constabulary,-1.513041,54.706215,On or near Bridge Road,E01020797,County Durham 050A,Violence and sexual offences,Unable to prosecute suspect,
b3237214c2846d8786a7362f864c5b234504e84570de879ef3906e02034ab46f,2020-08,Durham Constabulary,Durham Constabulary,-1.520283,54.700124,On or near Birch Road,E01020797,County Durham 050A,Violence and sexual offences,Unable to prosecute suspect,
9b95f6594d70516d3d3c48acbf6af418d3e5f8bd9b661cf1872345e582640ce5,2020-08,Durham Constabulary,Durham Constabulary,-1.520669,54.704196,On or near Bede Grove,E01020797,County Durham 050A,Violence and sexual offences,Unable to prosecute suspect,
81c0d54a929d1a756d88d4c81e61a4b1a98b88c1de368732d1bbc1faf40b6e66,2020-08,Durham Constabulary,Durham Constabulary,-1.520283,54.700124,On or near Birch Road,E01020797,County Durham 050A,Violence and sexual offences,Unable to prosecute suspect,
fafb40e693989a215d3b08315567b1abd4bf5477460eacf2a0a3a7203b96f24d,2020-08,Durham Constabulary,Durham Constabulary,-1.523617,54.701629,On or near Station Road,E01020797,County Durham 050A,Violence and sexual offences,Unable to prosecute suspect,
1a7727a876b65c357474f93af141ca1bcfd5dd6446d068ce7b2a0768d34f61b6,2020-08,Durham Constabulary,Durham Constabulary,-1.513041,54.706215,On or near Bridge Road,E01020797,County Durham 050A,Violence and sexual offences,Unable to prosecute suspect,
1f777884ae066c56884c232b6772d9b33b7d1465178da2f806f5f2a932d7fe6b,2020-08,Durham Constabulary,Durham Constabulary,-1.522454,54.702882,On or near Reading Street,E01020797,County Durham 050A,Violence and sexual offences,Unable to prosecute suspect,
a9645e6d2115306962ed8fc98540268ff43b466d17fa0c4d44e6513b6050736c,2020-08,Durham Constabulary,Durham Constabulary,-1.510205,54.696812,On or near Garmondsway Court,E01020797,County Durham 050A,Violence and sexual offences,Action to be taken by another organisation,
830b975765f0f9e1aa9979caa2e9ce1505caede664803f00b79017c784d2c4ba,2020-08,Durham Constabulary,Durham Constabulary,-1.520399,54.704690,On or near Barratt Way,E01020797,County Durham 050A,Violence and sexual offences,Unable to prosecute suspect,
66548e00790326d1243e506f4fe75a1694035035594c05c4c6efd943c9c55a57,2020-08,Durham Constabulary,Durham Constabulary,-1.515641,54.701633,On or near Elm Road,E01020797,County Durham 050A,Violence and sexual offences,Unable to prosecute suspect,
afdd078c0d1e98750dd617769ca0a76263d752dc82520b763a3bc65c3894699d,2020-08,Durham Constabulary,Durham Constabulary,-1.511891,54.699857,On or near Chester Crescent,E01020797,County Durham 050A,Violence and sexual offences,Unable to prosecute suspect,
d861d60f704a08812b31ad861bd1d1dec78e81256db2eeb731f01bf2a00f15c7,2020-08,Durham Constabulary,Durham Constabulary,-1.511891,54.699857,On or near Chester Crescent,E01020797,County Durham 050A,Violence and sexual offences,Unable to prosecute suspect,
e1f40d758262ea6bb03fd43e51109b4b9147d2726fab4fffa52374f8509e6ae5,2020-08,Durham Constabulary,Durham Constabulary,-1.520399,54.704690,On or near Barratt Way,E01020797,County Durham 050A,Violence and sexual offences,Unable to prosecute suspect,
a6b66c1b44ee7e502e5e01418408df9d908eeecf1dfd7dda539d7c47123a3dba,2020-08,Durham Constabulary,Durham Constabulary,-1.520399,54.704690,On or near Barratt Way,E01020797,County Durham 050A,Violence and sexual offences,Unable to prosecute suspect,
,2020-08,Durham Constabulary,Durham Constabulary,-1.542727,54.688474,On or near Supermarket,E01020798,County Durham 050B,Anti-social behaviour,,
,2020-08,Durham Constabulary,Durham Constabulary,-1.542727,54.688474,On or near Supermarket,E01020798,County Durham 050B,Anti-social behaviour,,
95fcb96bdf04b9957dd0344aa9076d4302e1482cdfa887e862da430f9faed327,2020-08,Durham Constabulary,Durham Constabulary,-1.545836,54.689258,On or near Brancepeth Road,E01020798,County Durham 050B,Criminal damage and arson,Unable to prosecute suspect,
87c107fdbd033412815547614a948928a67e09732df60be31065afb91f3e172e,2020-08,Durham Constabulary,Durham Constabulary,-1.542727,54.688474,On or near Supermarket,E01020798,County Durham 050B,Criminal damage and arson,Unable to prosecute suspect,
3a77f69a42cfae0739c3f7941364757cc74201a5630d62227fda2c8fea2d70c6,2020-08,Durham Constabulary,Durham Constabulary,-1.542235,54.689398,On or near Ravensworth Road,E01020798,County Durham 050B,Criminal damage and arson,Local resolution,
03b4a28f8884e5a6103909be4c2ae1e64af758cd55545198d889cb5b51cf8eba,2020-08,Durham Constabulary,Durham Constabulary,-1.539591,54.687285,On or near Bowes Close,E01020798,County Durham 050B,Other theft,Unable to prosecute suspect,
a6095ee49867ef7484a18dbaa715d8028533bb24eb8ce34c2c82ddab406a31c7,2020-08,Durham Constabulary,Durham Constabulary,-1.542235,54.689398,On or near Ravensworth Road,E01020798,County Durham 050B,Other theft,Investigation complete; no suspect identified,
bb5edaff0f03c22929c60818426b657e94f76f97fe4d73747da2389f664e9ed0,2020-08,Durham Constabulary,Durham Constabulary,-1.542727,54.688474,On or near Supermarket,E01020798,County Durham 050B,Public order,Unable to prosecute suspect,
b4ce6de6050eafb4bb114506356cd57206a513c8fb8d7877e239f551457faa64,2020-08,Durham Constabulary,Durham Constabulary,-1.542727,54.688474,On or near Supermarket,E01020798,County Durham 050B,Public order,Unable to prosecute suspect,
f1555a290ff3356143f6bf784dd91995c354f16aabe860dd106291a4aea10c0c,2020-08,Durham Constabulary,Durham Constabulary,-1.537812,54.686910,On or near Helmsley Close,E01020798,County Durham 050B,Violence and sexual offences,Unable to prosecute suspect,
dd77929c55c746bf4bae68ba8ec6b230191dca8a8ffdd5fadde7a4253bad4084,2020-08,Durham Constabulary,Durham Constabulary,-1.545489,54.689778,On or near Raby Road,E01020798,County Durham 050B,Violence and sexual offences,Unable to prosecute suspect,
61136b9256455f86b1dc7b2306216f385550862101903c4eb89afbb7aa671e02,2020-08,Durham Constabulary,Durham Constabulary,-1.537812,54.686910,On or near Helmsley Close,E01020798,County Durham 050B,Violence and sexual offences,Unable to prosecute suspect,
37973a6d09be8cb3715c306e35e2bc3b8e0e9ff2ae383b2dbe2f5c234a26173f,2020-08,Durham Constabulary,Durham Constabulary,-1.542727,54.688474,On or near Supermarket,E01020798,County Durham 050B,Violence and sexual offences,Unable to prosecute suspect,
,2020-08,Durham Constabulary,Durham Constabulary,-1.548283,54.685457,On or near Beech Grove,E01020799,County Durham 050C,Anti-social behaviour,,
,2020-08,Durham Constabulary,Durham Constabulary,-1.551207,54.688910,On or near Chestnut Avenue,E01020799,County Durham 050C,Anti-social behaviour,,
,2020-08,Durham Constabulary,Durham Constabulary,-1.548992,54.687275,On or near Broom Road,E01020799,County Durham 050C,Anti-social behaviour,,
,2020-08,Durham Constabulary,Durham Constabulary,-1.549084,54.690115,On or near Windsor Avenue,E01020799,County Durham 050C,Anti-social behaviour,,
,2020-08,Durham Constabulary,Durham Constabulary,-1.551491,54.684238,On or near Dean Road,E01020799,County Durham 050C,Anti-social behaviour,,
,2020-08,Durham Constabulary,Durham Constabulary,-1.551491,54.684238,On or near Dean Road,E01020799,County Durham 050C,Anti-social behaviour,,
,2020-08,Durham Constabulary,Durham Constabulary,-1.551207,54.688910,On or near Chestnut Avenue,E01020799,County Durham 050C,Anti-social behaviour,,
6918e79c978a334641bfec59b988bf48c641f0f62c47cc76c1485ebb9b27bea9,2020-08,Durham Constabulary,Durham Constabulary,-1.550407,54.686921,On or near Hawthorne Road,E01020799,County Durham 050C,Burglary,Court result unavailable,
564b31ed5fc8aec30586f63e500d2370dc76f7379b416a884803be0d0d2da42d,2020-08,Durham Constabulary,Durham Constabulary,-1.551207,54.688910,On or near Chestnut Avenue,E01020799,County Durham 050C,Burglary,Court result unavailable,
aba0b06e42542b3eeacfd53fdb396f0435dab419d970ddd547ba44a4527f1ee7,2020-08,Durham Constabulary,Durham Constabulary,-1.550631,54.687731,On or near Willow Road,E01020799,County Durham 050C,Burglary,Further investigation is not in the public interest,
dd43524ad04af80dd1084ad937a6cf33fdde7cd12d71756ca224c13394388ecc,2020-08,Durham Constabulary,Durham Constabulary,-1.552903,54.688458,On or near The Garth,E01020799,County Durham 050C,Criminal damage and arson,Investigation complete; no suspect identified,
c53bbae4a9ed20363bde337350873b6059522575832b6dc172c9a09d4c2c79cd,2020-08,Durham Constabulary,Durham Constabulary,-1.550631,54.687731,On or near Willow Road,E01020799,County Durham 050C,Criminal damage and arson,Court result unavailable,
64d6b753a9e5d539d794ff2d1bbdeb89ae0f3a2a12c9ae65c681e9b9370d3333,2020-08,Durham Constabulary,Durham Constabulary,-1.551207,54.688910,On or near Chestnut Avenue,E01020799,County Durham 050C,Other theft,Court result unavailable,
a8c06229afbe9e083ea5bb8ea2fe496556469c791136ca3fcd23d613153ddba9,2020-08,Durham Constabulary,Durham Constabulary,-1.551789,54.686755,On or near Lime Road,E01020799,County Durham 050C,Other theft,Investigation complete; no suspect identified,
585a5cc4a2619ddcf97ab49c01b66a2b9dd2d34843125ea7455093db330707de,2020-08,Durham Constabulary,Durham Constabulary,-1.550631,54.687731,On or near Willow Road,E01020799,County Durham 050C,Public order,Investigation complete; no suspect identified,
600c3b55515bc9862a0a5d3191a7123d3af96ebfa30a5a19e440bde3365d0d21,2020-08,Durham Constabulary,Durham Constabulary,-1.550631,54.687731,On or near Willow Road,E01020799,County Durham 050C,Violence and sexual offences,Court result unavailable,
8c9c3a478713590686c7e632de22add47694e7605f306c1663d1a90b1d4916ad,2020-08,Durham Constabulary,Durham Constabulary,-1.551207,54.688910,On or near Chestnut Avenue,E01020799,County Durham 050C,Violence and sexual offences,Unable to prosecute suspect,
4373ba878c3aff00a069927559b4e329c2afffc2ea7632668a111fe1bf4b137a,2020-08,Durham Constabulary,Durham Constabulary,-1.550631,54.687731,On or near Willow Road,E01020799,County Durham 050C,Violence and sexual offences,Unable to prosecute suspect,
4c50b17a524fdeae4a4f26de4ef67fd44c896212ed4f463fe60230efab276f50,2020-08,Durham Constabulary,Durham Constabulary,-1.551207,54.688910,On or near Chestnut Avenue,E01020799,County Durham 050C,Violence and sexual offences,Court result unavailable,
d9457dbd152d527ae2e46948e8607ae3c433b6dccc8eac779447471257e093ae,2020-08,Durham Constabulary,Durham Constabulary,-1.551207,54.688910,On or near Chestnut Avenue,E01020799,County Durham 050C,Violence and sexual offences,Unable to prosecute suspect,
0b6f879c9f59c1f9a8597b467f51938595fb6c4d08067995921ea9b616c41d2e,2020-08,Durham Constabulary,Durham Constabulary,-1.549557,54.685237,On or near Beech Crescent,E01020799,County Durham 050C,Violence and sexual offences,Investigation complete; no suspect identified,
99d08b28225309e4fa2a092e8c911253d43f4c802405ee99e938fb176ae95c92,2020-08,Durham Constabulary,Durham Constabulary,-1.548283,54.685457,On or near Beech Grove,E01020799,County Durham 050C,Violence and sexual offences,Investigation complete; no suspect identified,
3131da852f11b5e598cc4088066aa6a595035b8d3ddda9e1f84d6937933a57a5,2020-08,Durham Constabulary,Durham Constabulary,-1.549557,54.685237,On or near Beech Crescent,E01020799,County Durham 050C,Violence and sexual offences,Unable to prosecute suspect,
b95558f7633fd4a8df8bc9bfc6cdb2289f036fa9ee03eaada97686923f0d5b9a,2020-08,Durham Constabulary,Durham Constabulary,-1.549557,54.685237,On or near Beech Crescent,E01020799,County Durham 050C,Violence and sexual offences,Investigation complete; no suspect identified,
b35b764c85225b6cc891a3efd4bf099d26806134f005342188b8bece5a50b01c,2020-08,Durham Constabulary,Durham Constabulary,-1.550631,54.687731,On or near Willow Road,E01020799,County Durham 050C,Violence and sexual offences,Status update unavailable,
484b1ff5402e3676b8876b21d1c80d3fe52fd5c194f0f116b80dd34626849a73,2020-08,Durham Constabulary,Durham Constabulary,-1.551789,54.686755,On or near Lime Road,E01020799,County Durham 050C,Other crime,Court result unavailable,
,2020-08,Durham Constabulary,Durham Constabulary,-1.556417,54.689127,On or near Main Street,E01020808,County Durham 050D,Anti-social behaviour,,
,2020-08,Durham Constabulary,Durham Constabulary,-1.559015,54.689918,On or near Saddler Street,E01020808,County Durham 050D,Anti-social behaviour,,
,2020-08,Durham Constabulary,Durham Constabulary,-1.557117,54.688986,On or near Market Street,E01020808,County Durham 050D,Anti-social behaviour,,
fca5770a068885beaf340e8ab1c4589154713a2a8d7cfdca3317bf8ca2bfefd3,2020-08,Durham Constabulary,Durham Constabulary,-1.556809,54.687304,On or near Dunning Road,E01020808,County Durham 050D,Burglary,Court result unavailable,
5b324c98468c5a1c71f9b2cf3bbe630a5cd90ff939b73a89517b43bb5d41555f,2020-08,Durham Constabulary,Durham Constabulary,-1.555505,54.687461,On or near Bowness Grove,E01020808,County Durham 050D,Criminal damage and arson,Investigation complete; no suspect identified,
f737a3a051054a7b8f2d4ddd5cb8970894ec410b6be3aa287b870c196837e7a5,2020-08,Durham Constabulary,Durham Constabulary,-1.554541,54.689066,On or near Church Road,E01020808,County Durham 050D,Public order,Unable to prosecute suspect,
79c7ab8aea5e88a2ae006b1ebc8c0a47095deb1801a6e804d90afefdae529a42,2020-08,Durham Constabulary,Durham Constabulary,-1.556417,54.689127,On or near Main Street,E01020808,County Durham 050D,Public order,Investigation complete; no suspect identified,
4b845bb21a7cc41681d925337f45f3a181a40997901d737d8ad868c8da218b3a,2020-08,Durham Constabulary,Durham Constabulary,-1.556417,54.689127,On or near Main Street,E01020808,County Durham 050D,Public order,Unable to prosecute suspect,
8cdb3af69866a5bc1aff9ee8a1cd099cdb7d2bcb0a45e8c48b0edf737eb119d6,2020-08,Durham Constabulary,Durham Constabulary,-1.556417,54.689127,On or near Main Street,E01020808,County Durham 050D,Public order,Investigation complete; no suspect identified,
e7aaa6c9da41fc08fcb336ef0ecb27417bb73ad69ff49a615d5401ef10c4fe12,2020-08,Durham Constabulary,Durham Constabulary,-1.554541,54.689066,On or near Church Road,E01020808,County Durham 050D,Robbery,Unable to prosecute suspect,
97a0933d582f85211c8959368418643ccb3faea45f408fe16bb5c364e457f45c,2020-08,Durham Constabulary,Durham Constabulary,-1.557117,54.688986,On or near Market Street,E01020808,County Durham 050D,Shoplifting,Suspect charged as part of another case,
7ac46d00221cc47a536c88902fb051aeb8f97cceb916f012f2a2b91bb2ab12f7,2020-08,Durham Constabulary,Durham Constabulary,-1.554541,54.689066,On or near Church Road,E01020808,County Durham 050D,Theft from the person,Unable to prosecute suspect,
7eb689498df603391599c02a876008d9244468fd5ba78578fef587d13dab7d8c,2020-08,Durham Constabulary,Durham Constabulary,-1.536956,54.708906,On or near Bridge Street,E01020808,County Durham 050D,Violence and sexual offences,Unable to prosecute suspect,
29cf7b7674f862baa7bb33a2e08d45bd60803e0eca278de4b96e69ba738c6a1b,2020-08,Durham Constabulary,Durham Constabulary,-1.543613,54.692476,On or near Witton Road,E01020808,County Durham 050D,Violence and sexual offences,Unable to prosecute suspect,
f97982b6dc8a9175ede978cf2dc9444dc0fb61700eebb4a38f131adf5d01f5dd,2020-08,Durham Constabulary,Durham Constabulary,-1.550860,54.690841,On or near Hallgarth Terrace,E01020808,County Durham 050D,Violence and sexual offences,Unable to prosecute suspect,
f391bbd58c11c5e62ccb0db3d75f0d20baa274f3ce84ffaf97695a7cc8763594,2020-08,Durham Constabulary,Durham Constabulary,-1.553718,54.689126,On or near Oswald Place,E01020808,County Durham 050D,Violence and sexual offences,Investigation complete; no suspect identified,
93467b8767cd57556d095640c66de6d04a2fae2c420c2a064de0080af47b8a91,2020-08,Durham Constabulary,Durham Constabulary,-1.543613,54.692476,On or near Witton Road,E01020808,County Durham 050D,Violence and sexual offences,Unable to prosecute suspect,
17a84a1a5bbf14561ded55a6ab898a2f75a0ca54394b1282b123fcd1ad42e635,2020-08,Durham Constabulary,Durham Constabulary,-1.558996,54.690242,On or near Durham Road,E01020808,County Durham 050D,Violence and sexual offences,Unable to prosecute suspect,
ebf6d3c79ee43baed1d30af4204fe29b158e8ef7d356e0fbeafb676c83759bd7,2020-08,Durham Constabulary,Durham Constabulary,-1.556809,54.687304,On or near Dunning Road,E01020808,County Durham 050D,Violence and sexual offences,Unable to prosecute suspect,
81a93d24849381985973d625a323253d7323e5db07d67789c533d5b8612d093c,2020-08,Durham Constabulary,Durham Constabulary,-1.556417,54.689127,On or near Main Street,E01020808,County Durham 050D,Other crime,Formal action is not in the public interest,
,2020-08,Durham Constabulary,Durham Constabulary,-1.625906,54.664621,On or near Hartley Avenue,E01020873,County Durham 051A,Anti-social behaviour,,
,2020-08,Durham Constabulary,Durham Constabulary,-1.625906,54.664621,On or near Hartley Avenue,E01020873,County Durham 051A,Anti-social behaviour,,
,2020-08,Durham Constabulary,Durham Constabulary,-1.618190,54.665801,On or near Sandringham Terrace,E01020873,County Durham 051A,Anti-social behaviour,,
,2020-08,Durham Constabulary,Durham Constabulary,-1.626423,54.660695,On or near Supermarket,E01020873,County Durham 051A,Anti-social behaviour,,
,2020-08,Durham Constabulary,Durham Constabulary,-1.626423,54.660695,On or near Supermarket,E01020873,County Durham 051A,Anti-social behaviour,,
,2020-08,Durham Constabulary,Durham Constabulary,-1.625293,54.662219,On or near Malvern Walk,E01020873,County Durham 051A,Anti-social behaviour,,
,2020-08,Durham Constabulary,Durham Constabulary,-1.625906,54.664621,On or near Hartley Avenue,E01020873,County Durham 051A,Anti-social behaviour,,
,2020-08,Durham Constabulary,Durham Constabulary,-1.625589,54.667055,On or near Stainemore Terrace,E01020873,County Durham 051A,Anti-social behaviour,,
9aeb62568078616896f2e4393750789084e0a9a85b181400b6f88cde33fb660c,2020-08,Durham Constabulary,Durham Constabulary,-1.622305,54.665059,On or near Kent Street,E01020873,County Durham 051A,Burglary,Investigation complete; no suspect identified,
b0f0f94840be891403440fc436d287e5d3d77bc71c94bb327efaec864bbd6f9b,2020-08,Durham Constabulary,Durham Constabulary,-1.622305,54.665059,On or near Kent Street,E01020873,County Durham 051A,Burglary,Investigation complete; no suspect identified,
d1138cb4c2f4b91f92cd36bdbcc6608f2c559a507b491c9841d8beab09d4c310,2020-08,Durham Constabulary,Durham Constabulary,-1.625589,54.667055,On or near Stainemore Terrace,E01020873,County Durham 051A,Criminal damage and arson,Unable to prosecute suspect,
342dae7812ad179525cbaf55c2409adb21dbd0bbe5d5174d38d2e13aa694c973,2020-08,Durham Constabulary,Durham Constabulary,-1.624588,54.664716,On or near Fairlawn Avenue,E01020873,County Durham 051A,Criminal damage and arson,Investigation complete; no suspect identified,
bd93832200d413f0ee21346c7559d5017a2df67f4c5e97dc05b697e711bd0375,2020-08,Durham Constabulary,Durham Constabulary,-1.622305,54.665059,On or near Kent Street,E01020873,County Durham 051A,Drugs,Investigation complete; no suspect identified,
a3d0b171467932889e5db23a1b083c9e7bd44183fd3fbbc88c3082a3ec6603ee,2020-08,Durham Constabulary,Durham Constabulary,-1.626423,54.660695,On or near Supermarket,E01020873,County Durham 051A,Other theft,Court result unavailable,
029f4473730d9dce1eb447fcae18ea78c8d635d2207c644b30a5919b664f5386,2020-08,Durham Constabulary,Durham Constabulary,-1.626423,54.660695,On or near Supermarket,E01020873,County Durham 051A,Public order,Unable to prosecute suspect,
0a3d8d4068607110732891d70c62a9174e67ab21d6214c7dc04dcc9492525f2d,2020-08,Durham Constabulary,Durham Constabulary,-1.626423,54.660695,On or near Supermarket,E01020873,County Durham 051A,Vehicle crime,Unable to prosecute suspect,
9a22f0f760aabd43249ee3cac29f31df01f57aa1f1febb0b7b1913fd01b3dbe6,2020-08,Durham Constabulary,Durham Constabulary,-1.629991,54.662099,On or near Wilson Avenue,E01020873,County Durham 051A,Violence and sexual offences,Local resolution,
3e32d73f6b0735ede8e0660531c0d19080611f9f291f4f09d66c83e451d4bfb8,2020-08,Durham Constabulary,Durham Constabulary,-1.624212,54.661731,On or near Hambleton Road,E01020873,County Durham 051A,Violence and sexual offences,Unable to prosecute suspect,
9074f4ac2841787ce1d47b79f271e4d9b9785f797f17816337a594de1431fa50,2020-08,Durham Constabulary,Durham Constabulary,-1.626423,54.660695,On or near Supermarket,E01020873,County Durham 051A,Violence and sexual offences,Unable to prosecute suspect,
9f5435be6fab2d69c8ec694a2819d0f60abefe2de5092bdad1b09e69b4f2abc7,2020-08,Durham Constabulary,Durham Constabulary,-1.626423,54.660695,On or near Supermarket,E01020873,County Durham 051A,Violence and sexual offences,Unable to prosecute suspect,
640f4875f2dde7260d7581aee2e30319f4e3b7332cdc51d8b139e253763628b6,2020-08,Durham Constabulary,Durham Constabulary,-1.618190,54.665801,On or near Sandringham Terrace,E01020873,County Durham 051A,Violence and sexual offences,Investigation complete; no suspect identified,
7a719e6c84de7837b49b3c42ce65cc99db9fbaf4f4bf03a4048072b7ef9a8961,2020-08,Durham Constabulary,Durham Constabulary,-1.626587,54.661442,On or near Helmsley Drive,E01020873,County Durham 051A,Violence and sexual offences,Investigation complete; no suspect identified,
8f5e13b37d4fb825487df34f2cb83fa0b6e934fce5ab072132d7e14d547f9504,2020-08,Durham Constabulary,Durham Constabulary,-1.618190,54.665801,On or near Sandringham Terrace,E01020873,County Durham 051A,Violence and sexual offences,Investigation complete; no suspect identified,
e494cb7f516291cb7176b0d1f7e9c08f80608d8c3cd3a609d365353e817ad1a5,2020-08,Durham Constabulary,Durham Constabulary,-1.624212,54.661731,On or near Hambleton Road,E01020873,County Durham 051A,Violence and sexual offences,Unable to prosecute suspect,
e42a10640c5b16785d67b234b3c8d14ef3170f8a2a18b587dbc1758cc4b4575c,2020-08,Durham Constabulary,Durham Constabulary,-1.617296,54.665295,On or near Lincoln Street,E01020873,County Durham 051A,Violence and sexual offences,Unable to prosecute suspect,
ead4b7788b3fe3075ceddbcb6a2505ead9bff97cb6af3731b38541d98bb6fe02,2020-08,Durham Constabulary,Durham Constabulary,-1.622305,54.665059,On or near Kent Street,E01020873,County Durham 051A,Violence and sexual offences,Unable to prosecute suspect,
6848a6b59a967c0e7c44db3e081bcc3979ea560fc2806c4e948a38af9caa6bb4,2020-08,Durham Constabulary,Durham Constabulary,-1.626423,54.660695,On or near Supermarket,E01020873,County Durham 051A,Violence and sexual offences,Unable to prosecute suspect,
,2020-08,Durham Constabulary,Durham Constabulary,-1.643964,54.682747,On or near Peel Street,E01020875,County Durham 051B,Anti-social behaviour,,
,2020-08,Durham Constabulary,Durham Constabulary,-1.643964,54.682747,On or near Peel Street,E01020875,County Durham 051B,Anti-social behaviour,,
,2020-08,Durham Constabulary,Durham Constabulary,-1.643964,54.682747,On or near Peel Street,E01020875,County Durham 051B,Anti-social behaviour,,
,2020-08,Durham Constabulary,Durham Constabulary,-1.630301,54.663852,On or near Wharton Street,E01020875,County Durham 051B,Anti-social behaviour,,
,2020-08,Durham Constabulary,Durham Constabulary,-1.643300,54.682404,On or near Pitt Street,E01020875,County Durham 051B,Anti-social behaviour,,
,2020-08,Durham Constabulary,Durham Constabulary,-1.603839,54.663625,On or near Sports/Recreation Area,E01020875,County Durham 051B,Anti-social behaviour,,
,2020-08,Durham Constabulary,Durham Constabulary,-1.643964,54.682747,On or near Peel Street,E01020875,County Durham 051B,Anti-social behaviour,,
,2020-08,Durham Constabulary,Durham Constabulary,-1.643964,54.682747,On or near Peel Street,E01020875,County Durham 051B,Anti-social behaviour,,
,2020-08,Durham Constabulary,Durham Constabulary,-1.630407,54.664068,On or near Well Chare,E01020875,County Durham 051B,Anti-social behaviour,,
,2020-08,Durham Constabulary,Durham Constabulary,-1.643964,54.682747,On or near Peel Street,E01020875,County Durham 051B,Anti-social behaviour,,
,2020-08,Durham Constabulary,Durham Constabulary,-1.643964,54.682747,On or near Peel Street,E01020875,County Durham 051B,Anti-social behaviour,,
,2020-08,Durham Constabulary,Durham Constabulary,-1.678998,54.698976,On or near Primrose Hill,E01020875,County Durham 051B,Anti-social behaviour,,
,2020-08,Durham Constabulary,Durham Constabulary,-1.643300,54.682404,On or near Pitt Street,E01020875,County Durham 051B,Anti-social behaviour,,
,2020-08,Durham Constabulary,Durham Constabulary,-1.643964,54.682747,On or near Peel Street,E01020875,County Durham 051B,Anti-social behaviour,,
,2020-08,Durham Constabulary,Durham Constabulary,-1.643964,54.682747,On or near Peel Street,E01020875,County Durham 051B,Anti-social behaviour,,
,2020-08,Durham Constabulary,Durham Constabulary,-1.643964,54.682747,On or near Peel Street,E01020875,County Durham 051B,Anti-social behaviour,,
,2020-08,Durham Constabulary,Durham Constabulary,-1.643964,54.682747,On or near Peel Street,E01020875,County Durham 051B,Anti-social behaviour,,
,2020-08,Durham Constabulary,Durham Constabulary,-1.643300,54.682404,On or near Pitt Street,E01020875,County Durham 051B,Anti-social behaviour,,
,2020-08,Durham Constabulary,Durham Constabulary,-1.643964,54.682747,On or near Peel Street,E01020875,County Durham 051B,Anti-social behaviour,,
,2020-08,Durham Constabulary,Durham Constabulary,-1.643964,54.682747,On or near Peel Street,E01020875,County Durham 051B,Anti-social behaviour,,
,2020-08,Durham Constabulary,Durham Constabulary,-1.643964,54.682747,On or near Peel Street,E01020875,County Durham 051B,Anti-social behaviour,,
,2020-08,Durham Constabulary,Durham Constabulary,-1.609512,54.675084,On or near High Road,E01020875,County Durham 051B,Anti-social behaviour,,
,2020-08,Durham Constabulary,Durham Constabulary,-1.645685,54.682788,On or near Granville Terrace,E01020875,County Durham 051B,Anti-social behaviour,,
,2020-08,Durham Constabulary,Durham Constabulary,-1.643964,54.682747,On or near Peel Street,E01020875,County Durham 051B,Anti-social behaviour,,
3cec35263a110367a60ba96e5cbbf6dccb5331dd9c581209093692a710fbb7ff,2020-08,Durham Constabulary,Durham Constabulary,-1.627758,54.663890,On or near Sports/Recreation Area,E01020875,County Durham 051B,Burglary,Court result unavailable,
71dc3d52b9cadd4b65dd2c7fe497de48aba3d7d2c7c85e31256f00cf2302373d,2020-08,Durham Constabulary,Durham Constabulary,-1.682128,54.695516,On or near Grey Street,E01020875,County Durham 051B,Criminal damage and arson,Investigation complete; no suspect identified,
4424d1f0a4d32ab6dbc91f7909ef7e88bb7dc54545db42d798baa27229491c30,2020-08,Durham Constabulary,Durham Constabulary,-1.629423,54.673465,On or near Westerton Heights,E01020875,County Durham 051B,Criminal damage and arson,Investigation complete; no suspect identified,
19ed5733fa099b9c4266946abc6b3a1778ba4cad8b8656d1f8c4dc8f4feaa65a,2020-08,Durham Constabulary,Durham Constabulary,-1.631154,54.663801,On or near Wharton Street,E01020875,County Durham 051B,Criminal damage and arson,Investigation complete; no suspect identified,
5f4cb2e8d6508b8aab681e3fafd75722af528c1e975e9c2f7bffe44dda0232a7,2020-08,Durham Constabulary,Durham Constabulary,-1.646089,54.684596,On or near Church Street,E01020875,County Durham 051B,Other theft,Investigation complete; no suspect identified,
a03a6e05b1fed7b196aebf376cb5bfcd8bb3d80cb1723ace1f2cae08a2c0b1df,2020-08,Durham Constabulary,Durham Constabulary,-1.682150,54.696675,On or near Sports/Recreation Area,E01020875,County Durham 051B,Public order,Unable to prosecute suspect,
1c23755e13a1abfd1c1bb740291e94559274c486e45a1d8e335e2518be38845c,2020-08,Durham Constabulary,Durham Constabulary,-1.647960,54.665469,On or near Petrol Station,E01020875,County Durham 051B,Shoplifting,Investigation complete; no suspect identified,
f0aa934a426983d079e6a08d91ab7407f8c529ecf65ed6e7c5dc10ba08a0678e,2020-08,Durham Constabulary,Durham Constabulary,-1.682683,54.695930,On or near Garden Street,E01020875,County Durham 051B,Violence and sexual offences,Unable to prosecute suspect,
256ea85f440c0feacc24000d42df0baeb8bdf0b6c2b2628460e86cd3574d6400,2020-08,Durham Constabulary,Durham Constabulary,-1.633862,54.664322,On or near Westerton View,E01020875,County Durham 051B,Violence and sexual offences,Local resolution,
e77f765b4214e287bb3254a6864b030e3f49bf0e4a9d28d47b91162df27e7dbf,2020-08,Durham Constabulary,Durham Constabulary,-1.645685,54.682788,On or near Granville Terrace,E01020875,County Durham 051B,Violence and sexual offences,Investigation complete; no suspect identified,
8abdf27b20cf0609b3f28d6b64e697a40dad5d497e6222643d9db2e9a3b6dbf1,2020-08,Durham Constabulary,Durham Constabulary,-1.627758,54.663890,On or near Sports/Recreation Area,E01020875,County Durham 051B,Violence and sexual offences,Court result unavailable,
0ee46900a01ab94791fa4de64ce6cef899267fd5fe0dc145189139f1c23fe3a6,2020-08,Durham Constabulary,Durham Constabulary,-1.643964,54.682747,On or near Peel Street,E01020875,County Durham 051B,Violence and sexual offences,Investigation complete; no suspect identified,
0a7e1ddd83578dd2628ba2ed2981f4da94e61ba5f1911fe922f324d9b12f7bdd,2020-08,Durham Constabulary,Durham Constabulary,-1.645685,54.682788,On or near Granville Terrace,E01020875,County Durham 051B,Violence and sexual offences,Unable to prosecute suspect,
d35712c3d73cd96acf96fb5cab830816a7684fe3ba53152d50be20bcd4887bb2,2020-08,Durham Constabulary,Durham Constabulary,-1.645224,54.669882,On or near A688,E01020875,County Durham 051B,Violence and sexual offences,Unable to prosecute suspect,
9b3063464634a0d38d6f5e61054b77610adcdbc6365a4e3b1da1595524d3fc4b,2020-08,Durham Constabulary,Durham Constabulary,-1.643964,54.682747,On or near Peel Street,E01020875,County Durham 051B,Other crime,Further investigation is not in the public interest,
688f7af7101e607e5783f156a3ff6a97c3a38bc071b995839e6c4961eaaa2b97,2020-08,Durham Constabulary,Durham Constabulary,-1.646089,54.684596,On or near Church Street,E01020875,County Durham 051B,Other crime,Unable to prosecute suspect,
,2020-08,Durham Constabulary,Durham Constabulary,-1.678339,54.709687,On or near Church View,E01020900,County Durham 051C,Anti-social behaviour,,
,2020-08,Durham Constabulary,Durham Constabulary,-1.673236,54.709260,On or near Birch Drive,E01020900,County Durham 051C,Anti-social behaviour,,
,2020-08,Durham Constabulary,Durham Constabulary,-1.680785,54.710484,On or near Surtees Drive,E01020900,County Durham 051C,Anti-social behaviour,,
,2020-08,Durham Constabulary,Durham Constabulary,-1.684360,54.711769,On or near Trinity Gardens,E01020900,County Durham 051C,Anti-social behaviour,,
,2020-08,Durham Constabulary,Durham Constabulary,-1.678339,54.709687,On or near Church View,E01020900,County Durham 051C,Anti-social behaviour,,
,2020-08,Durham Constabulary,Durham Constabulary,-1.680785,54.710484,On or near Surtees Drive,E01020900,County Durham 051C,Anti-social behaviour,,
,2020-08,Durham Constabulary,Durham Constabulary,-1.673236,54.709260,On or near Birch Drive,E01020900,County Durham 051C,Anti-social behaviour,,
,2020-08,Durham Constabulary,Durham Constabulary,-1.679218,54.708458,On or near Stony Bank,E01020900,County Durham 051C,Anti-social behaviour,,
73e3ee0bc2b9f5e79afb535539e884de27261745e6a4a4cb2802ecbb423ad134,2020-08,Durham Constabulary,Durham Constabulary,-1.672746,54.712278,On or near Petrol Station,E01020900,County Durham 051C,Bicycle theft,Investigation complete; no suspect identified,
adb14e436bef34069e325cf7a5b3099bbf2deb57a1cb7132fc564ff7aa7e5337,2020-08,Durham Constabulary,Durham Constabulary,-1.672915,54.710616,On or near Ash Drive,E01020900,County Durham 051C,Burglary,Investigation complete; no suspect identified,
ebacd80906d0ed0b32bb37921cb5167715024da065a10cd595bcbfcda60f8d59,2020-08,Durham Constabulary,Durham Constabulary,-1.673236,54.709260,On or near Birch Drive,E01020900,County Durham 051C,Burglary,Investigation complete; no suspect identified,
3a6dcd5e624692e42eebc5b14552ee0dab28ca758e9335440e51b1c0758f2cb8,2020-08,Durham Constabulary,Durham Constabulary,-1.680638,54.709387,On or near The Paddock,E01020900,County Durham 051C,Criminal damage and arson,Unable to prosecute suspect,
1538bbe20939f354f1d2a59df6ed32203c03651adc235bc251a2584a441d0e1f,2020-08,Durham Constabulary,Durham Constabulary,-1.675857,54.709527,On or near Oak Avenue,E01020900,County Durham 051C,Criminal damage and arson,Investigation complete; no suspect identified,
5450500e7503ddb7fc23399190f311e431c1796d612f3338d5ce01527d6aa915,2020-08,Durham Constabulary,Durham Constabulary,-1.682799,54.708970,On or near Kingsmead,E01020900,County Durham 051C,Criminal damage and arson,Status update unavailable,
5450500e7503ddb7fc23399190f311e431c1796d612f3338d5ce01527d6aa915,2020-08,Durham Constabulary,Durham Constabulary,-1.682799,54.708970,On or near Kingsmead,E01020900,County Durham 051C,Criminal damage and arson,Investigation complete; no suspect identified,
1c21a0718b57f9d044ff0b6f91c6458fb2ab0536b4cb0f9c7aa4e99be0ab23c8,2020-08,Durham Constabulary,Durham Constabulary,-1.687850,54.710062,On or near Bainbridge Avenue,E01020900,County Durham 051C,Other theft,Unable to prosecute suspect,
b08ab233d8e890ce03c3f95fc6568afeb318128efaab2d2c9f3adfe5b633dad1,2020-08,Durham Constabulary,Durham Constabulary,-1.685821,54.711548,On or near Minster Court,E01020900,County Durham 051C,Public order,Unable to prosecute suspect,
1d054184a4659484c0b49a937b6f286455f6e5565e1d365a412ea3c900d74ab2,2020-08,Durham Constabulary,Durham Constabulary,-1.675857,54.709527,On or near Oak Avenue,E01020900,County Durham 051C,Public order,Unable to prosecute suspect,
ab90171605ebb78deb06525dae7156667ce4f6b8154c8eac82243b6c54af1770,2020-08,Durham Constabulary,Durham Constabulary,-1.675857,54.709527,On or near Oak Avenue,E01020900,County Durham 051C,Public order,Unable to prosecute suspect,
56a2d8bc20c4505434c1fac2f37f1bd27445e6604b7509fc18f02d0d9d945ede,2020-08,Durham Constabulary,Durham Constabulary,-1.675857,54.709527,On or near Oak Avenue,E01020900,County Durham 051C,Public order,Unable to prosecute suspect,
801361c9cebdaa529641ebae244560183aa873a0d4d06fbbf7cb2280d482234b,2020-08,Durham Constabulary,Durham Constabulary,-1.679218,54.708458,On or near Stony Bank,E01020900,County Durham 051C,Public order,Unable to prosecute suspect,
04d962ff4f51e3b29f160b26aa621ceae2539be1bc4ec4c40019a62f521cfc52,2020-08,Durham Constabulary,Durham Constabulary,-1.683553,54.709772,On or near Vicarage Gardens,E01020900,County Durham 051C,Vehicle crime,Investigation complete; no suspect identified,
170e62d5a700a84f2110a7f9d6d68f1f3d5a5f4a8706859b80351733421cd734,2020-08,Durham Constabulary,Durham Constabulary,-1.675857,54.709527,On or near Oak Avenue,E01020900,County Durham 051C,Violence and sexual offences,Unable to prosecute suspect,
3b454181c5265e384df1ecc8dab57ac2301ff63fea679f8aed5b5758540b2521,2020-08,Durham Constabulary,Durham Constabulary,-1.683553,54.709772,On or near Vicarage Gardens,E01020900,County Durham 051C,Violence and sexual offences,Unable to prosecute suspect,
0f7756dd4f58325d98e93d4d4c178d3310348641d04fc10785a4aba03951c56a,2020-08,Durham Constabulary,Durham Constabulary,-1.675857,54.709527,On or near Oak Avenue,E01020900,County Durham 051C,Violence and sexual offences,Unable to prosecute suspect,
51c5110133d2abd221bb33b4a5908b269867b098b970d20bbaf104501b7a87eb,2020-08,Durham Constabulary,Durham Constabulary,-1.686558,54.710562,On or near Rosemead Avenue,E01020900,County Durham 051C,Violence and sexual offences,Unable to prosecute suspect,
8761dcd4b38d1ea459d5b07262d6eeead692e020364ad8d973c51fc387f65fb0,2020-08,Durham Constabulary,Durham Constabulary,-1.675857,54.709527,On or near Oak Avenue,E01020900,County Durham 051C,Violence and sexual offences,Unable to prosecute suspect,
da8c1bf2baeedcc5475553e5f99b3be239c4f813a9fc53c6dac24dbfc45992e2,2020-08,Durham Constabulary,Durham Constabulary,-1.679218,54.708458,On or near Stony Bank,E01020900,County Durham 051C,Violence and sexual offences,Unable to prosecute suspect,
,2020-08,Durham Constabulary,Durham Constabulary,-1.693641,54.709879,On or near Cambridge Avenue,E01020901,County Durham 051D,Anti-social behaviour,,
,2020-08,Durham Constabulary,Durham Constabulary,-1.691642,54.711455,On or near Lydia Street,E01020901,County Durham 051D,Anti-social behaviour,,
,2020-08,Durham Constabulary,Durham Constabulary,-1.691836,54.710423,On or near Bridge End,E01020901,County Durham 051D,Anti-social behaviour,,
,2020-08,Durham Constabulary,Durham Constabulary,-1.693641,54.709879,On or near Cambridge Avenue,E01020901,County Durham 051D,Anti-social behaviour,,
,2020-08,Durham Constabulary,Durham Constabulary,-1.691836,54.710423,On or near Bridge End,E01020901,County Durham 051D,Anti-social behaviour,,
a14631605f24f048a13b30073f856d165b1d113bab3374fa4f72878369608ebb,2020-08,Durham Constabulary,Durham Constabulary,-1.690502,54.710329,On or near Commercial Street,E01020901,County Durham 051D,Burglary,Investigation complete; no suspect identified,
584ccaab6032b1ed365755474c5c2b608e683ea6023be0e1b0d11f3744d76afe,2020-08,Durham Constabulary,Durham Constabulary,-1.690352,54.709628,On or near Supermarket,E01020901,County Durham 051D,Burglary,Investigation complete; no suspect identified,
b557c0cdb7c1f6b872064b374dc4d5c78328650b8ff524c1544cd645c932c33b,2020-08,Durham Constabulary,Durham Constabulary,-1.690717,54.708595,On or near Sports/Recreation Area,E01020901,County Durham 051D,Burglary,Investigation complete; no suspect identified,
37e6a1f66c2c5295e56b3f465e42fa02b2bf7faaa361e08d813f45ce8e94f935,2020-08,Durham Constabulary,Durham Constabulary,-1.691104,54.710852,On or near Russel'S Yard,E01020901,County Durham 051D,Burglary,Unable to prosecute suspect,
4edf236782e4b5b990895add2c95a1cb94a71c7cf392e32f575a4ecafd263c9d,2020-08,Durham Constabulary,Durham Constabulary,-1.690502,54.710329,On or near Commercial Street,E01020901,County Durham 051D,Criminal damage and arson,Investigation complete; no suspect identified,
146d451174e42f33fea383f1ffb837899588f31e4dc41905a54260576e1d226e,2020-08,Durham Constabulary,Durham Constabulary,-1.693641,54.709879,On or near Cambridge Avenue,E01020901,County Durham 051D,Criminal damage and arson,Investigation complete; no suspect identified,
2b6e74b63e0f8f833ef180d8c0b10536e06948a671c5e8ce876cabe84fdd3448,2020-08,Durham Constabulary,Durham Constabulary,-1.693641,54.709879,On or near Cambridge Avenue,E01020901,County Durham 051D,Criminal damage and arson,Unable to prosecute suspect,
3dd0b7b2be1700c482a55705b4da56f02eec006d16a2549522a44aa64ac3c8d2,2020-08,Durham Constabulary,Durham Constabulary,-1.690502,54.710329,On or near Commercial Street,E01020901,County Durham 051D,Criminal damage and arson,Unable to prosecute suspect,
08a2f0077d0db9c476c455d31ae6d59a1dc7d2f1509c90aff937338364e57f7b,2020-08,Durham Constabulary,Durham Constabulary,-1.690717,54.708595,On or near Sports/Recreation Area,E01020901,County Durham 051D,Other theft,Investigation complete; no suspect identified,
67f9de3b1ec47b31f65ed61b02c7337860709bc0267bcaa38350fc1387be3620,2020-08,Durham Constabulary,Durham Constabulary,-1.690717,54.708595,On or near Sports/Recreation Area,E01020901,County Durham 051D,Other theft,Offender given a caution,
e46b8feb72ba87a9bdc5bddf9350625cbafc5a1d6a4ca488a1ad7a2661364235,2020-08,Durham Constabulary,Durham Constabulary,-1.692374,54.711089,On or near Supermarket,E01020901,County Durham 051D,Public order,Investigation complete; no suspect identified,
9d38d63e4ec2a9b6d6abebaf123fe0d9f83bf0d323492d5e022f404f1a2bdb39,2020-08,Durham Constabulary,Durham Constabulary,-1.690502,54.710329,On or near Commercial Street,E01020901,County Durham 051D,Public order,Investigation complete; no suspect identified,
f87aa848f69de5712f0a19ecee292c6cc7cba27e489bbbfbb1b9785b443fa204,2020-08,Durham Constabulary,Durham Constabulary,-1.693770,54.711326,On or near Commercial Street,E01020901,County Durham 051D,Robbery,Investigation complete; no suspect identified,
8465535e5de1a0cc306b016f9847b2c3d920c81004512ade0b3dd9182c699366,2020-08,Durham Constabulary,Durham Constabulary,-1.692374,54.711089,On or near Supermarket,E01020901,County Durham 051D,Shoplifting,Investigation complete; no suspect identified,
0ec490849433476c61d0aea8c53696038401a15277c35d514339c84ba6f169ca,2020-08,Durham Constabulary,Durham Constabulary,-1.692374,54.711089,On or near Supermarket,E01020901,County Durham 051D,Shoplifting,Investigation complete; no suspect identified,
8d0ec40c0fa73f2d14d70bd6e918c39ed1d8681b5211170fb14a51e91f483674,2020-08,Durham Constabulary,Durham Constabulary,-1.690502,54.710329,On or near Commercial Street,E01020901,County Durham 051D,Theft from the person,Investigation complete; no suspect identified,
165148ba60b62ac4190bf151fb233279cef8a5ad88e1d15ce1d96cbec2af002c,2020-08,Durham Constabulary,Durham Constabulary,-1.691104,54.710852,On or near Russel'S Yard,E01020901,County Durham 051D,Violence and sexual offences,Unable to prosecute suspect,
881eb086cd9a9a97d252893d4e9a06188b833e33b88edcfac8fe21a12b95d7cf,2020-08,Durham Constabulary,Durham Constabulary,-1.690218,54.710922,On or near Wesley Street,E01020901,County Durham 051D,Violence and sexual offences,Investigation complete; no suspect identified,
7b7c6b882a5c9e23689d6754be9628c834739c91b8c54b320d9a6ba475238785,2020-08,Durham Constabulary,Durham Constabulary,-1.694656,54.708965,On or near Gardener Avenue,E01020901,County Durham 051D,Violence and sexual offences,Unable to prosecute suspect,
29550ee4748677e7f6097eb96751f5a4759b739d243899f6ff78efd6c2c62e42,2020-08,Durham Constabulary,Durham Constabulary,-1.690502,54.710329,On or near Commercial Street,E01020901,County Durham 051D,Violence and sexual offences,Unable to prosecute suspect,
6d353340dfcf77f483a720021da3c42f3928a4fb5d9f8b013cbbf97e045e4097,2020-08,Durham Constabulary,Durham Constabulary,-1.690352,54.709628,On or near Supermarket,E01020901,County Durham 051D,Violence and sexual offences,Unable to prosecute suspect,
2b146e625df223c2023328cd9d7a460f3319478336765e293a14dae7fcab6c70,2020-08,Durham Constabulary,Durham Constabulary,-1.690352,54.709628,On or near Supermarket,E01020901,County Durham 051D,Violence and sexual offences,Court result unavailable,
269a31c9ccec6559461fb30a25f40d5e82aa175b118781d282277d134388cd0e,2020-08,Durham Constabulary,Durham Constabulary,-1.694656,54.708965,On or near Gardener Avenue,E01020901,County Durham 051D,Violence and sexual offences,Unable to prosecute suspect,
ff88b7007329751f7191df5671f8b0a7f11bc0401179b1166e044823598923a7,2020-08,Durham Constabulary,Durham Constabulary,-1.691104,54.710852,On or near Russel'S Yard,E01020901,County Durham 051D,Violence and sexual offences,Unable to prosecute suspect,
5345f6236f69c2bcafa613e5f3ab471cd2f348b003e0cc36402caa8ea533da89,2020-08,Durham Constabulary,Durham Constabulary,-1.693641,54.709879,On or near Cambridge Avenue,E01020901,County Durham 051D,Violence and sexual offences,Unable to prosecute suspect,
575cc859bdd4d6f23a4c3b5aefc5d0b4d4431a213380518a2856297d79e7fbd1,2020-08,Durham Constabulary,Durham Constabulary,-1.693641,54.709879,On or near Cambridge Avenue,E01020901,County Durham 051D,Violence and sexual offences,Unable to prosecute suspect,
8c5f8243092cdc94bd01cba88ae0be075eaaea6d4e9e3f6d42be6d4886f22815,2020-08,Durham Constabulary,Durham Constabulary,-1.691104,54.710852,On or near Russel'S Yard,E01020901,County Durham 051D,Violence and sexual offences,Unable to prosecute suspect,
e26ce2d3425be58bcad5fa1ff4803620f78f7af97ac91cfb6b5c6fa3d2692ecf,2020-08,Durham Constabulary,Durham Constabulary,-1.690218,54.710922,On or near Wesley Street,E01020901,County Durham 051D,Violence and sexual offences,Unable to prosecute suspect,
e86c3312e4dda127a07fe544adc4ca9526c17cd675fdbcce628b96b6b3f46757,2020-08,Durham Constabulary,Durham Constabulary,-1.692208,54.708428,On or near Hall Lane Estate,E01020901,County Durham 051D,Violence and sexual offences,Unable to prosecute suspect,
52cbea525630fa8b274c9ae28ced4a438c084053e78b35dece3ab9bd30133bfa,2020-08,Durham Constabulary,Durham Constabulary,-1.690352,54.709628,On or near Supermarket,E01020901,County Durham 051D,Violence and sexual offences,Unable to prosecute suspect,
,2020-08,Durham Constabulary,Durham Constabulary,-1.703023,54.704546,On or near Saxby Drive,E01020902,County Durham 051E,Anti-social behaviour,,
,2020-08,Durham Constabulary,Durham Constabulary,-1.695077,54.706629,On or near Canterbury Crescent,E01020902,County Durham 051E,Anti-social behaviour,,
,2020-08,Durham Constabulary,Durham Constabulary,-1.696049,54.703262,On or near South Street,E01020902,County Durham 051E,Anti-social behaviour,,
,2020-08,Durham Constabulary,Durham Constabulary,-1.695077,54.706629,On or near Canterbury Crescent,E01020902,County Durham 051E,Anti-social behaviour,,
,2020-08,Durham Constabulary,Durham Constabulary,-1.697642,54.703958,On or near Rockingham Road,E01020902,County Durham 051E,Anti-social behaviour,,
,2020-08,Durham Constabulary,Durham Constabulary,-1.703023,54.704546,On or near Saxby Drive,E01020902,County Durham 051E,Anti-social behaviour,,
,2020-08,Durham Constabulary,Durham Constabulary,-1.697369,54.705206,On or near Dovedale Avenue,E01020902,County Durham 051E,Anti-social behaviour,,
,2020-08,Durham Constabulary,Durham Constabulary,-1.695077,54.706629,On or near Canterbury Crescent,E01020902,County Durham 051E,Anti-social behaviour,,
,2020-08,Durham Constabulary,Durham Constabulary,-1.703023,54.704546,On or near Saxby Drive,E01020902,County Durham 051E,Anti-social behaviour,,
,2020-08,Durham Constabulary,Durham Constabulary,-1.695077,54.706629,On or near Canterbury Crescent,E01020902,County Durham 051E,Anti-social behaviour,,
,2020-08,Durham Constabulary,Durham Constabulary,-1.695077,54.706629,On or near Canterbury Crescent,E01020902,County Durham 051E,Anti-social behaviour,,
,2020-08,Durham Constabulary,Durham Constabulary,-1.703023,54.704546,On or near Saxby Drive,E01020902,County Durham 051E,Anti-social behaviour,,
,2020-08,Durham Constabulary,Durham Constabulary,-1.699083,54.704321,On or near Moorland Close,E01020902,County Durham 051E,Anti-social behaviour,,
,2020-08,Durham Constabulary,Durham Constabulary,-1.695652,54.704501,On or near Chester Drive,E01020902,County Durham 051E,Anti-social behaviour,,
,2020-08,Durham Constabulary,Durham Constabulary,-1.695077,54.706629,On or near Canterbury Crescent,E01020902,County Durham 051E,Anti-social behaviour,,
,2020-08,Durham Constabulary,Durham Constabulary,-1.703023,54.704546,On or near Saxby Drive,E01020902,County Durham 051E,Anti-social behaviour,,
,2020-08,Durham Constabulary,Durham Constabulary,-1.695077,54.706629,On or near Canterbury Crescent,E01020902,County Durham 051E,Anti-social behaviour,,
aa8c7802a6689330118e0ce4cb74a6fc08dfc2a26c0e726fcca8ad8ebfbc68b9,2020-08,Durham Constabulary,Durham Constabulary,-1.697369,54.705206,On or near Dovedale Avenue,E01020902,County Durham 051E,Criminal damage and arson,Investigation complete; no suspect identified,
5f85211776be3b99585939e8d3992e62fb1484eab8fadc0a5a4fb57de09dc579,2020-08,Durham Constabulary,Durham Constabulary,-1.697369,54.705206,On or near Dovedale Avenue,E01020902,County Durham 051E,Criminal damage and arson,Investigation complete; no suspect identified,
6403ffde7ade237bbde4b7a688c84c92baebb3964ae41ca3212e9fb51aaa6d5b,2020-08,Durham Constabulary,Durham Constabulary,-1.697369,54.705206,On or near Dovedale Avenue,E01020902,County Durham 051E,Criminal damage and arson,Unable to prosecute suspect,
f82c68170dd5b77c2f7ee99a731b5a3a537b29e20c58ccc0411adb48f3910e5e,2020-08,Durham Constabulary,Durham Constabulary,-1.697369,54.705206,On or near Dovedale Avenue,E01020902,County Durham 051E,Criminal damage and arson,Further action is not in the public interest,
8b3aee0309d8e465d0d04b4e9423fc33b0db733372bc9fa2c5b6479403c5e693,2020-08,Durham Constabulary,Durham Constabulary,-1.695077,54.706629,On or near Canterbury Crescent,E01020902,County Durham 051E,Criminal damage and arson,Investigation complete; no suspect identified,
ec30cd4920626b19fa61b0adfa3024f7af9c825d04f6d9371aa1085f123d43b2,2020-08,Durham Constabulary,Durham Constabulary,-1.695077,54.706629,On or near Canterbury Crescent,E01020902,County Durham 051E,Criminal damage and arson,Unable to prosecute suspect,
2bd0075e3d1cdabf7d5b0e2ac3b2b2ea7b4bbee938d31f8c71f58e5c5e17cc0a,2020-08,Durham Constabulary,Durham Constabulary,-1.695077,54.706629,On or near Canterbury Crescent,E01020902,County Durham 051E,Criminal damage and arson,Investigation complete; no suspect identified,
c5204f5f4e8471e2926f861c32a0816842d929fa80f3d30e3e067eb157644041,2020-08,Durham Constabulary,Durham Constabulary,-1.695077,54.706629,On or near Canterbury Crescent,E01020902,County Durham 051E,Criminal damage and arson,Investigation complete; no suspect identified,
f4decedf6db6bbcf89aec4cbe58bb914cd62b17f378003d0aad30d1adf6f7aa3,2020-08,Durham Constabulary,Durham Constabulary,-1.699083,54.704321,On or near Moorland Close,E01020902,County Durham 051E,Criminal damage and arson,Unable to prosecute suspect,
b37b091afdd60f762b36802818eeb440907feb452a98d0af6fd2a633fd714e02,2020-08,Durham Constabulary,Durham Constabulary,-1.697642,54.703958,On or near Rockingham Road,E01020902,County Durham 051E,Criminal damage and arson,Investigation complete; no suspect identified,
ec292e91e369fbfae5d37abaefb2d38ec1d12ad0952e486357b7e01501dac071,2020-08,Durham Constabulary,Durham Constabulary,-1.695077,54.706629,On or near Canterbury Crescent,E01020902,County Durham 051E,Drugs,Court result unavailable,
4651134dfe7fba6ac31da4a5f3ce21540543fb0b59a7905866707eb0a779b943,2020-08,Durham Constabulary,Durham Constabulary,-1.695077,54.706629,On or near Canterbury Crescent,E01020902,County Durham 051E,Public order,Court result unavailable,
30ea9e5a88814786ee2dbb4a603a93fc11fb448aecc786faa19428b242a058f3,2020-08,Durham Constabulary,Durham Constabulary,-1.703023,54.704546,On or near Saxby Drive,E01020902,County Durham 051E,Public order,Unable to prosecute suspect,
e66a317cdef825dcea8379059d948095825edac17876caff5701854811f1f633,2020-08,Durham Constabulary,Durham Constabulary,-1.697724,54.705522,On or near Dovedale Avenue,E01020902,County Durham 051E,Public order,Unable to prosecute suspect,
ed7896b0250aea2bf147409846a84a5b570f70fad670cbd7945a8a2cceaa2d9e,2020-08,Durham Constabulary,Durham Constabulary,-1.699083,54.704321,On or near Moorland Close,E01020902,County Durham 051E,Violence and sexual offences,Unable to prosecute suspect,
5a50b5d30ebcb0ff74e808c84171290b9e6e65f13e8ffa7067f69e15a7d79b78,2020-08,Durham Constabulary,Durham Constabulary,-1.695077,54.706629,On or near Canterbury Crescent,E01020902,County Durham 051E,Violence and sexual offences,Unable to prosecute suspect,
929f643732fc33cbb01a97d19e13d448be671ce7c95eadab80331462097a8966,2020-08,Durham Constabulary,Durham Constabulary,-1.703023,54.704546,On or near Saxby Drive,E01020902,County Durham 051E,Violence and sexual offences,Unable to prosecute suspect,
5e041076f25cd9407e9ee77675958be2537ae82563f00644d7959b7102232be3,2020-08,Durham Constabulary,Durham Constabulary,-1.697724,54.705522,On or near Dovedale Avenue,E01020902,County Durham 051E,Violence and sexual offences,Unable to prosecute suspect,
12d9088c8de01cf78b4bfbf95c5d3612e8b3256def6974bcf616982c92d8c075,2020-08,Durham Constabulary,Durham Constabulary,-1.695077,54.706629,On or near Canterbury Crescent,E01020902,County Durham 051E,Violence and sexual offences,Unable to prosecute suspect,
b12cc51712f92424c532f4507e72fb06c57390a0d5ec3e3b1ccae93bdc4bcdb2,2020-08,Durham Constabulary,Durham Constabulary,-1.695077,54.706629,On or near Canterbury Crescent,E01020902,County Durham 051E,Violence and sexual offences,Unable to prosecute suspect,
8ff16aa4770daaa521583b200e19b4ccd9c26993f5a42636b43c61155206c555,2020-08,Durham Constabulary,Durham Constabulary,-1.703023,54.704546,On or near Saxby Drive,E01020902,County Durham 051E,Violence and sexual offences,Unable to prosecute suspect,
69d72700e5fda9bec625e5d134e5abab520534ec3308ef4a8c495c0f7fd02fdb,2020-08,Durham Constabulary,Durham Constabulary,-1.710069,54.702299,On or near Hunwick Lane,E01020902,County Durham 051E,Violence and sexual offences,Unable to prosecute suspect,
bdffbd2923dd67fdedff0162733c181fefdaa0665429df6b081ba563685b2000,2020-08,Durham Constabulary,Durham Constabulary,-1.703023,54.704546,On or near Saxby Drive,E01020902,County Durham 051E,Violence and sexual offences,Unable to prosecute suspect,
080354b696c6bec2418b9bb3e7d8a97340ee7ded39d5c12a36295bf9c494e91a,2020-08,Durham Constabulary,Durham Constabulary,-1.703023,54.704546,On or near Saxby Drive,E01020902,County Durham 051E,Violence and sexual offences,Unable to prosecute suspect,
,2020-08,Durham Constabulary,Durham Constabulary,-1.656546,54.702644,On or near Wear View,E01020821,County Durham 052A,Anti-social behaviour,,
,2020-08,Durham Constabulary,Durham Constabulary,-1.622049,54.689340,On or near Durham Road,E01020821,County Durham 052A,Anti-social behaviour,,
,2020-08,Durham Constabulary,Durham Constabulary,-1.656546,54.702644,On or near Wear View,E01020821,County Durham 052A,Anti-social behaviour,,
,2020-08,Durham Constabulary,Durham Constabulary,-1.622495,54.688065,On or near Albion Street,E01020821,County Durham 052A,Anti-social behaviour,,
,2020-08,Durham Constabulary,Durham Constabulary,-1.655156,54.701885,On or near Lodge Street,E01020821,County Durham 052A,Anti-social behaviour,,
,2020-08,Durham Constabulary,Durham Constabulary,-1.623028,54.687537,On or near Willow Road,E01020821,County Durham 052A,Anti-social behaviour,,
8f2fae6e0c79a58d2479d681c686a76d1c93b46eacc897220069be67689139a6,2020-08,Durham Constabulary,Durham Constabulary,-1.622495,54.688065,On or near Albion Street,E01020821,County Durham 052A,Burglary,Investigation complete; no suspect identified,
a50a7ec4b015e3832f9b9293ab09ce958cff8dc1a71f643e2e143629fa2d5450,2020-08,Durham Constabulary,Durham Constabulary,-1.622109,54.691228,On or near Lavender Crescent,E01020821,County Durham 052A,Burglary,Court result unavailable,
fc2ac8b31aa2df7d59ae7e60698e713110bbfc64ceb96212100eb9dc77801fe8,2020-08,Durham Constabulary,Durham Constabulary,-1.648262,54.698711,On or near Hagg Lane,E01020821,County Durham 052A,Burglary,Investigation complete; no suspect identified,
39ff0375dab1f109c533f92622037841fe5541263bb964385295ee40b593b918,2020-08,Durham Constabulary,Durham Constabulary,-1.625690,54.699929,On or near Whitworth Road,E01020821,County Durham 052A,Criminal damage and arson,Investigation complete; no suspect identified,
957444b2624fe370abba9819bd5db975ce618cfeaacf6e6aacf216bf1fd1c441,2020-08,Durham Constabulary,Durham Constabulary,-1.622495,54.688065,On or near Albion Street,E01020821,County Durham 052A,Other theft,Investigation complete; no suspect identified,
5c29a793eb0f59df0d4ac012c6be18119e7593a592bdf53a3d782f1d797124f4,2020-08,Durham Constabulary,Durham Constabulary,-1.625690,54.699929,On or near Whitworth Road,E01020821,County Durham 052A,Other theft,Investigation complete; no suspect identified,
fd4e82dec5d21fea7a9c160f3c7a9ebddfc712a37f1dc2cbec109d61a91bfa2a,2020-08,Durham Constabulary,Durham Constabulary,-1.674470,54.700555,On or near Primrose Hill,E01020821,County Durham 052A,Public order,Unable to prosecute suspect,
9f8de3ece7bd8df4bab814d4804e0d26c6741aa2ee09b46af09583fd0317c5d1,2020-08,Durham Constabulary,Durham Constabulary,-1.656546,54.702644,On or near Wear View,E01020821,County Durham 052A,Public order,Unable to prosecute suspect,
6f965a86844429b8137939ae87e6ab362808cac148d0c921c3b3981549fa94de,2020-08,Durham Constabulary,Durham Constabulary,-1.620477,54.693289,On or near Almond Close,E01020821,County Durham 052A,Violence and sexual offences,Unable to prosecute suspect,
6d651d54323ebd21cb02cb5496a044edf83487d9c5ac2018fbd5e1b84c231dae,2020-08,Durham Constabulary,Durham Constabulary,-1.652874,54.700108,On or near Wilkinson Street,E01020821,County Durham 052A,Violence and sexual offences,Court result unavailable,
43107b4d9d0ca0b42f10dc92919efbb1c318dfbd48fe2ee2b68348d56a80fe64,2020-08,Durham Constabulary,Durham Constabulary,-1.622109,54.691228,On or near Lavender Crescent,E01020821,County Durham 052A,Violence and sexual offences,Unable to prosecute suspect,
0b395458a131c8d2574d3aad7a0c35d28861d587ab53c2c6498272160107d567,2020-08,Durham Constabulary,Durham Constabulary,-1.652874,54.700108,On or near Wilkinson Street,E01020821,County Durham 052A,Violence and sexual offences,Unable to prosecute suspect,
,2020-08,Durham Constabulary,Durham Constabulary,-1.624152,54.686777,On or near Wood Street,E01020822,County Durham 052B,Anti-social behaviour,,
,2020-08,Durham Constabulary,Durham Constabulary,-1.599095,54.676290,On or near The Croft,E01020822,County Durham 052B,Anti-social behaviour,,
,2020-08,Durham Constabulary,Durham Constabulary,-1.597116,54.675654,On or near Chapel Street,E01020822,County Durham 052B,Anti-social behaviour,,
,2020-08,Durham Constabulary,Durham Constabulary,-1.617403,54.686917,On or near South View,E01020822,County Durham 052B,Anti-social behaviour,,
283a66d0ec1b5e1d316549a445bfed4692390bed031de2f57db56e21cacc4d8e,2020-08,Durham Constabulary,Durham Constabulary,-1.624152,54.686777,On or near Wood Street,E01020822,County Durham 052B,Criminal damage and arson,Investigation complete; no suspect identified,
73edd2762a8e7158d12e3fd18373f0b9212f59a40a504d3ea136feb0d9111d37,2020-08,Durham Constabulary,Durham Constabulary,-1.624152,54.686777,On or near Wood Street,E01020822,County Durham 052B,Other theft,Investigation complete; no suspect identified,
f8f6c616e933b9f2e7792f7dd20dc296a9c91611b8a19cc5ab7151fc7c3a2861,2020-08,Durham Constabulary,Durham Constabulary,-1.630254,54.684360,On or near Westerton Close,E01020822,County Durham 052B,Other theft,Investigation complete; no suspect identified,
bc6b72a2a720240e0806115552ddebaf5b1b80c96b0805842fd8671a7e4f7891,2020-08,Durham Constabulary,Durham Constabulary,-1.626508,54.685175,On or near Whitworth Meadows,E01020822,County Durham 052B,Public order,Investigation complete; no suspect identified,
7f350387e6e4cd4836db50e8f5683498e148c2d75b2b254c49a831b211355a41,2020-08,Durham Constabulary,Durham Constabulary,-1.624061,54.686543,On or near Gibbon Street,E01020822,County Durham 052B,Public order,Further investigation is not in the public interest,
fb3c7c4ffc621d58218eb3805f8e32b9851aad76f0041f893eef2f8cef375855,2020-08,Durham Constabulary,Durham Constabulary,-1.624061,54.686543,On or near Gibbon Street,E01020822,County Durham 052B,Violence and sexual offences,Unable to prosecute suspect,
dd1d67d5138110b5fa6ff5a7b36fbb88cb09f6e1a1022c71fda85259e97ffc1d,2020-08,Durham Constabulary,Durham Constabulary,-1.624061,54.686543,On or near Gibbon Street,E01020822,County Durham 052B,Violence and sexual offences,Unable to prosecute suspect,
3947c622e978b22506be0ee5f7f6c5219491e433bd38838f1ca9fbd6e991a7e8,2020-08,Durham Constabulary,Durham Constabulary,-1.624061,54.686543,On or near Gibbon Street,E01020822,County Durham 052B,Violence and sexual offences,Unable to prosecute suspect,
fce4e2c3cdb91c7384d0348f926dadcdcce8f7a6c40a1f2f670c9cc8c4fac0cd,2020-08,Durham Constabulary,Durham Constabulary,-1.624694,54.686787,On or near Watson Street,E01020822,County Durham 052B,Violence and sexual offences,Action to be taken by another organisation,
6e68cf9bcfe17b62726ff04423ac00cc7fa618c21df20e1a86b031d4bf089d0f,2020-08,Durham Constabulary,Durham Constabulary,-1.624152,54.686777,On or near Wood Street,E01020822,County Durham 052B,Violence and sexual offences,Unable to prosecute suspect,
c1feb606be61fa7e6236f05ad22ed849691861b4b326f62206ac8040364edc0f,2020-08,Durham Constabulary,Durham Constabulary,-1.624061,54.686543,On or near Gibbon Street,E01020822,County Durham 052B,Violence and sexual offences,Unable to prosecute suspect,
,2020-08,Durham Constabulary,Durham Constabulary,-1.615477,54.693660,On or near Duncombe Close,E01020823,County Durham 052C,Anti-social behaviour,,
,2020-08,Durham Constabulary,Durham Constabulary,-1.613642,54.690904,On or near Heath Road,E01020823,County Durham 052C,Anti-social behaviour,,
df2690e2c42ef0b5dfa4be43d6a0d87e0fcaaaf204a3d655b8e53b2a0ab35798,2020-08,Durham Constabulary,Durham Constabulary,-1.617662,54.689075,On or near Moorside,E01020823,County Durham 052C,Burglary,Investigation complete; no suspect identified,
6f486cb1f344142e9de4585a2b6e9bddaaefa88c309ef4c8a7b58365dd8be98c,2020-08,Durham Constabulary,Durham Constabulary,-1.621354,54.689050,On or near Hirst Court,E01020823,County Durham 052C,Burglary,Investigation complete; no suspect identified,
70ac6e3c1428bc3ae6abda7668707b51b16e72e0d08ca8aae1f4de2cee5ad009,2020-08,Durham Constabulary,Durham Constabulary,-1.617662,54.689075,On or near Moorside,E01020823,County Durham 052C,Criminal damage and arson,Local resolution,
f1c469291e4c89331c68b621abc8d0d8e66ffa33e58a20d60b0fd735254b6151,2020-08,Durham Constabulary,Durham Constabulary,-1.619126,54.690023,On or near Heather Grove,E01020823,County Durham 052C,Criminal damage and arson,Investigation complete; no suspect identified,
29f2bda128f2a861fec52539aaba81923e1a83360dd85c64919c9b2c38f28165,2020-08,Durham Constabulary,Durham Constabulary,-1.610573,54.690661,On or near Rock Road,E01020823,County Durham 052C,Public order,Unable to prosecute suspect,
c0488de60ab5edc69b4abfb87e34d9024be658d377c7e8235a92fd067574063e,2020-08,Durham Constabulary,Durham Constabulary,-1.615373,54.691611,On or near Hawthorn Road,E01020823,County Durham 052C,Violence and sexual offences,Unable to prosecute suspect,
bbd5ecc35e2ef67dd7733b572aa6fba223bc804183d998baaf53621df9f200ba,2020-08,Durham Constabulary,Durham Constabulary,-1.615373,54.691611,On or near Hawthorn Road,E01020823,County Durham 052C,Violence and sexual offences,Unable to prosecute suspect,
7ccfef3665a468d6aa77b494f44b0947b1bcec0a8d2ffd920b9805ae4ca5639e,2020-08,Durham Constabulary,Durham Constabulary,-1.610573,54.690661,On or near Rock Road,E01020823,County Durham 052C,Violence and sexual offences,Unable to prosecute suspect,
c9d6b44ebc703710afebf3a23653f31a4140a52271ecf0b70ea5c506205df8e7,2020-08,Durham Constabulary,Durham Constabulary,-1.617662,54.689075,On or near Moorside,E01020823,County Durham 052C,Violence and sexual offences,Unable to prosecute suspect,
ebd9f9dbf94dbcae7e513e935f4957a03ffcdf231b3e0c66f539fcda0e522d51,2020-08,Durham Constabulary,Durham Constabulary,-1.615373,54.691611,On or near Hawthorn Road,E01020823,County Durham 052C,Violence and sexual offences,Unable to prosecute suspect,
84015373a323b2f289381fcbc5fdeea09a1663821088354f26f4b240fbfd56f6,2020-08,Durham Constabulary,Durham Constabulary,-1.615373,54.691611,On or near Hawthorn Road,E01020823,County Durham 052C,Violence and sexual offences,Unable to prosecute suspect,
c07d906d7801368aab79ba52345be828c843e662022a198f2fbcb8d6c3ead8c9,2020-08,Durham Constabulary,Durham Constabulary,-1.613642,54.690904,On or near Heath Road,E01020823,County Durham 052C,Violence and sexual offences,Unable to prosecute suspect,
,2020-08,Durham Constabulary,Durham Constabulary,-1.603532,54.696776,On or near Clarence Street,E01020835,County Durham 052D,Anti-social behaviour,,
,2020-08,Durham Constabulary,Durham Constabulary,-1.602715,54.696198,On or near Baff Street,E01020835,County Durham 052D,Anti-social behaviour,,
,2020-08,Durham Constabulary,Durham Constabulary,-1.603532,54.696776,On or near Clarence Street,E01020835,County Durham 052D,Anti-social behaviour,,
,2020-08,Durham Constabulary,Durham Constabulary,-1.602715,54.696198,On or near Baff Street,E01020835,County Durham 052D,Anti-social behaviour,,
,2020-08,Durham Constabulary,Durham Constabulary,-1.604702,54.696151,On or near Drake Street,E01020835,County Durham 052D,Anti-social behaviour,,
,2020-08,Durham Constabulary,Durham Constabulary,-1.607502,54.695432,On or near Robert Street,E01020835,County Durham 052D,Anti-social behaviour,,
,2020-08,Durham Constabulary,Durham Constabulary,-1.605698,54.697466,On or near Charles Street,E01020835,County Durham 052D,Anti-social behaviour,,
,2020-08,Durham Constabulary,Durham Constabulary,-1.604702,54.696151,On or near Drake Street,E01020835,County Durham 052D,Anti-social behaviour,,
,2020-08,Durham Constabulary,Durham Constabulary,-1.606749,54.696283,On or near Shafto Street,E01020835,County Durham 052D,Anti-social behaviour,,
,2020-08,Durham Constabulary,Durham Constabulary,-1.606749,54.696283,On or near Shafto Street,E01020835,County Durham 052D,Anti-social behaviour,,
,2020-08,Durham Constabulary,Durham Constabulary,-1.604702,54.696151,On or near Drake Street,E01020835,County Durham 052D,Anti-social behaviour,,
,2020-08,Durham Constabulary,Durham Constabulary,-1.609825,54.694163,On or near Osborne Road,E01020835,County Durham 052D,Anti-social behaviour,,
,2020-08,Durham Constabulary,Durham Constabulary,-1.603532,54.696776,On or near Clarence Street,E01020835,County Durham 052D,Anti-social behaviour,,
,2020-08,Durham Constabulary,Durham Constabulary,-1.604702,54.696151,On or near Drake Street,E01020835,County Durham 052D,Anti-social behaviour,,
,2020-08,Durham Constabulary,Durham Constabulary,-1.603532,54.696776,On or near Clarence Street,E01020835,County Durham 052D,Anti-social behaviour,,
15c50aa6b5f9d2471b405faa1dbb6fc66a269cfff36e95603ff9394459163028,2020-08,Durham Constabulary,Durham Constabulary,-1.606749,54.696283,On or near Shafto Street,E01020835,County Durham 052D,Burglary,Unable to prosecute suspect,
473d1095d1f9c99b63c9e070590e77753ce46d3f4d647b5de5bb02e7789f6e37,2020-08,Durham Constabulary,Durham Constabulary,-1.606209,54.695949,On or near Craddock Street,E01020835,County Durham 052D,Burglary,Investigation complete; no suspect identified,
55ddee594d94ac50429d6a5743df307a3c6530de162b288c1aebcfb74b1a8f40,2020-08,Durham Constabulary,Durham Constabulary,-1.606749,54.696283,On or near Shafto Street,E01020835,County Durham 052D,Criminal damage and arson,Investigation complete; no suspect identified,
586ab2f9551d8eef46e23426da015d2591f0d2592896f9171658773b3be33233,2020-08,Durham Constabulary,Durham Constabulary,-1.605698,54.697466,On or near Charles Street,E01020835,County Durham 052D,Drugs,Court result unavailable,
7c23732a34eab781fb3f59046917894164d4ee723045526f25937dadf90a6310,2020-08,Durham Constabulary,Durham Constabulary,-1.608407,54.694869,On or near Victoria Street,E01020835,County Durham 052D,Public order,Unable to prosecute suspect,
513852a478160062a94ee258e3c2ba5eb73cb0179c2f689a27d4df9bf33c47d4,2020-08,Durham Constabulary,Durham Constabulary,-1.607587,54.696214,On or near Todd Street,E01020835,County Durham 052D,Vehicle crime,Investigation complete; no suspect identified,
49788c1d77570eb886e86947bb563948e98c81eb592f7a93d89bb4bc0ddf7ba3,2020-08,Durham Constabulary,Durham Constabulary,-1.604702,54.696151,On or near Drake Street,E01020835,County Durham 052D,Violence and sexual offences,Unable to prosecute suspect,
c38430d285615296e3a6aaf331f123a4d576c141bb4ab0a1375b2d3241543da4,2020-08,Durham Constabulary,Durham Constabulary,-1.603217,54.694124,On or near Atherton Close,E01020835,County Durham 052D,Violence and sexual offences,Unable to prosecute suspect,
ab3345a21adc82f2d2fc28233724732ca457c04697a578ae006db278c82814f2,2020-08,Durham Constabulary,Durham Constabulary,-1.606492,54.693973,On or near Yew Close,E01020835,County Durham 052D,Violence and sexual offences,Unable to prosecute suspect,
8f949cb0b82e6c3666ff4b3828c27430209ae5468f8b471149069361b53c6c3f,2020-08,Durham Constabulary,Durham Constabulary,-1.607128,54.697201,On or near Rosa Street,E01020835,County Durham 052D,Violence and sexual offences,Unable to prosecute suspect,
fd0d5361b9975fba8df95f3990541c0934522709a611352a25e0a2cfa35cc3b1,2020-08,Durham Constabulary,Durham Constabulary,-1.607128,54.697201,On or near Rosa Street,E01020835,County Durham 052D,Violence and sexual offences,Unable to prosecute suspect,
3973706b301142e5ae8aa1d08506a2163ff5af453487f719aed5f8dac9222031,2020-08,Durham Constabulary,Durham Constabulary,-1.606215,54.696955,On or near Princess Street,E01020835,County Durham 052D,Violence and sexual offences,Unable to prosecute suspect,
20cca1efc39c3d5889512983ca15605557d8bc55a0aee1002bef4dd1ee2a8e2e,2020-08,Durham Constabulary,Durham Constabulary,-1.606209,54.695949,On or near Craddock Street,E01020835,County Durham 052D,Violence and sexual offences,Unable to prosecute suspect,
b1ae0e7c81e41bc70acdbd3896dc3ddc55c4954dfe2368f8990ea1293614c765,2020-08,Durham Constabulary,Durham Constabulary,-1.607128,54.697201,On or near Rosa Street,E01020835,County Durham 052D,Violence and sexual offences,Unable to prosecute suspect,
a779a10b23810785f98115fcd1c46830a7dbb0c32f875faf77ca15489d203876,2020-08,Durham Constabulary,Durham Constabulary,-1.607128,54.697201,On or near Rosa Street,E01020835,County Durham 052D,Violence and sexual offences,Unable to prosecute suspect,
08bd08061a4e7509b942accd4d0c2da4b4167cacf27ea1a0b94b71ac6c2e0c4e,2020-08,Durham Constabulary,Durham Constabulary,-1.607502,54.695432,On or near Robert Street,E01020835,County Durham 052D,Violence and sexual offences,Court result unavailable,
da772aaaa1cb045c0db895039c25b070197f3aaa45fec497c1aef72a62ae23ab,2020-08,Durham Constabulary,Durham Constabulary,-1.607502,54.695432,On or near Robert Street,E01020835,County Durham 052D,Violence and sexual offences,Unable to prosecute suspect,
153ff77995be015be8da2b080f9a3c9a13f11dffcdc15363aba0052e3fbe2554,2020-08,Durham Constabulary,Durham Constabulary,-1.604702,54.696151,On or near Drake Street,E01020835,County Durham 052D,Violence and sexual offences,Unable to prosecute suspect,
,2020-08,Durham Constabulary,Durham Constabulary,-1.603731,54.700281,On or near Villiers Street,E01020836,County Durham 052E,Anti-social behaviour,,
,2020-08,Durham Constabulary,Durham Constabulary,-1.613861,54.700503,On or near Beningborough Court,E01020836,County Durham 052E,Anti-social behaviour,,
,2020-08,Durham Constabulary,Durham Constabulary,-1.601155,54.698682,On or near Supermarket,E01020836,County Durham 052E,Anti-social behaviour,,
,2020-08,Durham Constabulary,Durham Constabulary,-1.602775,54.698059,On or near James Street,E01020836,County Durham 052E,Anti-social behaviour,,
,2020-08,Durham Constabulary,Durham Constabulary,-1.609445,54.691727,On or near Beech Avenue,E01020836,County Durham 052E,Anti-social behaviour,,
,2020-08,Durham Constabulary,Durham Constabulary,-1.614278,54.697431,On or near Sports/Recreation Area,E01020836,County Durham 052E,Anti-social behaviour,,
,2020-08,Durham Constabulary,Durham Constabulary,-1.602416,54.699801,On or near Parking Area,E01020836,County Durham 052E,Anti-social behaviour,,
,2020-08,Durham Constabulary,Durham Constabulary,-1.606038,54.699193,On or near North Street,E01020836,County Durham 052E,Anti-social behaviour,,
,2020-08,Durham Constabulary,Durham Constabulary,-1.603731,54.700281,On or near Villiers Street,E01020836,County Durham 052E,Anti-social behaviour,,
,2020-08,Durham Constabulary,Durham Constabulary,-1.602368,54.698390,On or near Silver Street,E01020836,County Durham 052E,Anti-social behaviour,,
,2020-08,Durham Constabulary,Durham Constabulary,-1.601155,54.698682,On or near Supermarket,E01020836,County Durham 052E,Anti-social behaviour,,
,2020-08,Durham Constabulary,Durham Constabulary,-1.611496,54.701214,On or near Sledmore Drive,E01020836,County Durham 052E,Anti-social behaviour,,
,2020-08,Durham Constabulary,Durham Constabulary,-1.602368,54.698390,On or near Silver Street,E01020836,County Durham 052E,Anti-social behaviour,,
,2020-08,Durham Constabulary,Durham Constabulary,-1.608019,54.693241,On or near Chestnut Avenue,E01020836,County Durham 052E,Anti-social behaviour,,
,2020-08,Durham Constabulary,Durham Constabulary,-1.603731,54.700281,On or near Villiers Street,E01020836,County Durham 052E,Anti-social behaviour,,
,2020-08,Durham Constabulary,Durham Constabulary,-1.604445,54.698630,On or near Dickens Street,E01020836,County Durham 052E,Anti-social behaviour,,
,2020-08,Durham Constabulary,Durham Constabulary,-1.611997,54.700677,On or near Harewood Close,E01020836,County Durham 052E,Anti-social behaviour,,
,2020-08,Durham Constabulary,Durham Constabulary,-1.603731,54.700281,On or near Villiers Street,E01020836,County Durham 052E,Anti-social behaviour,,
,2020-08,Durham Constabulary,Durham Constabulary,-1.602368,54.698390,On or near Silver Street,E01020836,County Durham 052E,Anti-social behaviour,,
78359da985e70af7c54680dffa74b3bf415abc028449f6091d0ff798138cf8b4,2020-08,Durham Constabulary,Durham Constabulary,-1.613861,54.700503,On or near Beningborough Court,E01020836,County Durham 052E,Burglary,Investigation complete; no suspect identified,
fa1b1272e927974d18f8e69cbc356dadaefd809ff47fc013fd4405387f187956,2020-08,Durham Constabulary,Durham Constabulary,-1.611132,54.693862,On or near Inglesgarth Court,E01020836,County Durham 052E,Burglary,Investigation complete; no suspect identified,
efd0d1dec4c7cb83ddab9391ef2a86ed6a0537da8be4053e4d9759fc25d54e83,2020-08,Durham Constabulary,Durham Constabulary,-1.606038,54.699193,On or near North Street,E01020836,County Durham 052E,Criminal damage and arson,Unable to prosecute suspect,
545cff17d68e1fc3a6ac7d2be59529393b7cc9736ddb46b7d6cc63025d3689ed,2020-08,Durham Constabulary,Durham Constabulary,-1.604445,54.698630,On or near Dickens Street,E01020836,County Durham 052E,Criminal damage and arson,Investigation complete; no suspect identified,
28f005ce6723c09ad1f872950ca255a72024b8722af64fa8d7a184d1e9f6d1d8,2020-08,Durham Constabulary,Durham Constabulary,-1.604578,54.699269,On or near Dundas Street,E01020836,County Durham 052E,Criminal damage and arson,Investigation complete; no suspect identified,
bb55fddd10efe72dfc3da4ef0390e70b8b666b77dce8c54ec7a7a6c5cd986322,2020-08,Durham Constabulary,Durham Constabulary,-1.613872,54.692783,On or near West Terrace,E01020836,County Durham 052E,Criminal damage and arson,Further action is not in the public interest,
307ce322e43f077d1c10c70117562e44cafd59d4609ebb975497a78106d5988b,2020-08,Durham Constabulary,Durham Constabulary,-1.600909,54.699994,On or near Pedestrian Subway,E01020836,County Durham 052E,Criminal damage and arson,Unable to prosecute suspect,
ebc9e81e2fc8d829f5a1bde01f456a4c2c8585073cd88c208f3b6edbbe03d271,2020-08,Durham Constabulary,Durham Constabulary,-1.614278,54.697431,On or near Sports/Recreation Area,E01020836,County Durham 052E,Other theft,Investigation complete; no suspect identified,
31ad3e56f1be9e444677f5f4a965ce720b290f179d9b2f553b563f907af82184,2020-08,Durham Constabulary,Durham Constabulary,-1.613861,54.700503,On or near Beningborough Court,E01020836,County Durham 052E,Vehicle crime,Investigation complete; no suspect identified,
dea012279742bc1d83c7093f3360a1ab5dbe37110a59bf87ee9b0a34da2512e8,2020-08,Durham Constabulary,Durham Constabulary,-1.611132,54.693862,On or near Inglesgarth Court,E01020836,County Durham 052E,Vehicle crime,Investigation complete; no suspect identified,
1a28f7d0d0c6ff51dac0c2196b67bfaa1ad31e620c749642fa448d74c33c018d,2020-08,Durham Constabulary,Durham Constabulary,-1.611496,54.701214,On or near Sledmore Drive,E01020836,County Durham 052E,Vehicle crime,Investigation complete; no suspect identified,
d6a0800c5be2b3988e23c53784fbb206824a0aa48bbb9a1026f81d1c3ed6f903,2020-08,Durham Constabulary,Durham Constabulary,-1.611784,54.700245,On or near Studley Drive,E01020836,County Durham 052E,Vehicle crime,Unable to prosecute suspect,
dcb07b9df67d3326f46ffbd73ff708a00486dcf1dbb08837b2eed39674b03d7c,2020-08,Durham Constabulary,Durham Constabulary,-1.611132,54.693862,On or near Inglesgarth Court,E01020836,County Durham 052E,Vehicle crime,Investigation complete; no suspect identified,
49001456b8a2b9380b7ee8b4c102114c11cf7904f65767335ba75493b54fc501,2020-08,Durham Constabulary,Durham Constabulary,-1.613861,54.700503,On or near Beningborough Court,E01020836,County Durham 052E,Vehicle crime,Investigation complete; no suspect identified,
f800e7cc2ecad7eb05593f4e2d075bf12fca41fd43e095f6e1bf03c8c1204109,2020-08,Durham Constabulary,Durham Constabulary,-1.604445,54.698630,On or near Dickens Street,E01020836,County Durham 052E,Violence and sexual offences,Investigation complete; no suspect identified,
ebacee5411d6da1fcbb3c5e6301bc5069ba75a454f20713a9ad8949a5603efa5,2020-08,Durham Constabulary,Durham Constabulary,-1.614278,54.697431,On or near Sports/Recreation Area,E01020836,County Durham 052E,Violence and sexual offences,Unable to prosecute suspect,
0cc93191a711e0cd1cb6f9ec287c7d05faa73baef8c97172b5d72b6731469bd0,2020-08,Durham Constabulary,Durham Constabulary,-1.606038,54.699193,On or near North Street,E01020836,County Durham 052E,Violence and sexual offences,Unable to prosecute suspect,
9149d63d5dad16d97485b1c9a35e9ffe02e4c293d2fc1bfa4c845b827f15a0e3,2020-08,Durham Constabulary,Durham Constabulary,-1.604578,54.699269,On or near Dundas Street,E01020836,County Durham 052E,Violence and sexual offences,Investigation complete; no suspect identified,
913fa17e055eab75b13931bdbc6f92d771a56e434b8769ea7f55a31f83e3128d,2020-08,Durham Constabulary,Durham Constabulary,-1.611496,54.701214,On or near Sledmore Drive,E01020836,County Durham 052E,Violence and sexual offences,Investigation complete; no suspect identified,
7d3a66f1cdb4c20cd7e88ac995850fa4234871669ae90d1c9914e4b2bba33325,2020-08,Durham Constabulary,Durham Constabulary,-1.606038,54.699193,On or near North Street,E01020836,County Durham 052E,Violence and sexual offences,Unable to prosecute suspect,
0e755463485d45038b152a21a282b575f8e2ff943cbada5ee07ebdf35febf6f3,2020-08,Durham Constabulary,Durham Constabulary,-1.600909,54.699994,On or near Pedestrian Subway,E01020836,County Durham 052E,Violence and sexual offences,Unable to prosecute suspect,
63caa9b1a212b3f52a370c069e23547872bb61c8822e1d80ceb2e7f22fd97138,2020-08,Durham Constabulary,Durham Constabulary,-1.606038,54.699193,On or near North Street,E01020836,County Durham 052E,Violence and sexual offences,Unable to prosecute suspect,
b39bbde22c795e15a2df1631e9a47b6bd0d1454a38cb759f7f376deed73d1137,2020-08,Durham Constabulary,Durham Constabulary,-1.610857,54.696656,On or near St Paul'S Gardens,E01020836,County Durham 052E,Violence and sexual offences,Investigation complete; no suspect identified,
88efe3c0169bd649d7cc5d13fa17aca7fbe26b4f53d3375e4fa87c129659f902,2020-08,Durham Constabulary,Durham Constabulary,-1.602368,54.698390,On or near Silver Street,E01020836,County Durham 052E,Violence and sexual offences,Unable to prosecute suspect,
3ae2b7255e72bb8cf61befbafd9d162b16aa25b9bac9f9357f4fb6fa97ab23d5,2020-08,Durham Constabulary,Durham Constabulary,-1.614278,54.697431,On or near Sports/Recreation Area,E01020836,County Durham 052E,Violence and sexual offences,Unable to prosecute suspect,
011fe6cff778ad00b15fd33dd0c4177cd62119e4d39e6c354505c9d1894ef66c,2020-08,Durham Constabulary,Durham Constabulary,-1.604578,54.699269,On or near Dundas Street,E01020836,County Durham 052E,Violence and sexual offences,Unable to prosecute suspect,
bca06a9820fcbd39ed7bc96498b14a52aca3289a70e044b4b3a7acdaa8af4852,2020-08,Durham Constabulary,Durham Constabulary,-1.604578,54.699269,On or near Dundas Street,E01020836,County Durham 052E,Violence and sexual offences,Unable to prosecute suspect,
df7f78628c97366101f5e739dcbe6b877c1b45280fb9cb729b4552315c381cef,2020-08,Durham Constabulary,Durham Constabulary,-1.604578,54.699269,On or near Dundas Street,E01020836,County Durham 052E,Violence and sexual offences,Unable to prosecute suspect,
b972f7302453b4f00884c5cfe871e75671dbca45af9e10e31f70730dfbac002a,2020-08,Durham Constabulary,Durham Constabulary,-1.613861,54.700503,On or near Beningborough Court,E01020836,County Durham 052E,Violence and sexual offences,Unable to prosecute suspect,
,2020-08,Durham Constabulary,Durham Constabulary,-1.549191,54.663659,On or near Aldwin Close,E01020803,County Durham 053B,Anti-social behaviour,,
,2020-08,Durham Constabulary,Durham Constabulary,-1.567093,54.666923,On or near Avenue 2,E01020803,County Durham 053B,Anti-social behaviour,,
,2020-08,Durham Constabulary,Durham Constabulary,-1.549350,54.659130,On or near Arthur Street,E01020803,County Durham 053B,Anti-social behaviour,,
,2020-08,Durham Constabulary,Durham Constabulary,-1.564358,54.667570,On or near Chilton Way,E01020803,County Durham 053B,Anti-social behaviour,,
,2020-08,Durham Constabulary,Durham Constabulary,-1.567093,54.666923,On or near Avenue 2,E01020803,County Durham 053B,Anti-social behaviour,,
,2020-08,Durham Constabulary,Durham Constabulary,-1.567093,54.666923,On or near Avenue 2,E01020803,County Durham 053B,Anti-social behaviour,,
,2020-08,Durham Constabulary,Durham Constabulary,-1.561476,54.660172,On or near Hollowfield,E01020803,County Durham 053B,Anti-social behaviour,,
2302d894a947fc63eb39066d227e2090c6edf4a8e87cfba4b38ac530468b8496,2020-08,Durham Constabulary,Durham Constabulary,-1.568674,54.667010,On or near Avenue 4,E01020803,County Durham 053B,Burglary,Investigation complete; no suspect identified,
2302d894a947fc63eb39066d227e2090c6edf4a8e87cfba4b38ac530468b8496,2020-08,Durham Constabulary,Durham Constabulary,-1.568674,54.667010,On or near Avenue 4,E01020803,County Durham 053B,Burglary,Status update unavailable,
0ce51390392a5bf984ad22f0a62182d0fa9ef04c0ccbb5951b8d879ae9fa14ea,2020-08,Durham Constabulary,Durham Constabulary,-1.549350,54.659130,On or near Arthur Street,E01020803,County Durham 053B,Burglary,Investigation complete; no suspect identified,
f4de49d77fa44452033128478fc8f3aefb9cf09e237e86e0be296c4fc2afe501,2020-08,Durham Constabulary,Durham Constabulary,-1.549350,54.659130,On or near Arthur Street,E01020803,County Durham 053B,Burglary,Investigation complete; no suspect identified,
aeb355ba7291b0589b3f0005c860e125732059cf2a0cd5b01521b6a460fced47,2020-08,Durham Constabulary,Durham Constabulary,-1.587062,54.654771,On or near A689,E01020803,County Durham 053B,Criminal damage and arson,Investigation complete; no suspect identified,
b80861e1ac1df4fc6882a0f4614bcf347a2af27aabee45a1147b2264da0cfab3,2020-08,Durham Constabulary,Durham Constabulary,-1.560160,54.664355,On or near West Chilton Terrace,E01020803,County Durham 053B,Criminal damage and arson,Investigation complete; no suspect identified,
979a66cb50ea257f19a8beb218303103ffaa088f5be220b978a454b011be13dd,2020-08,Durham Constabulary,Durham Constabulary,-1.549350,54.659130,On or near Arthur Street,E01020803,County Durham 053B,Criminal damage and arson,Unable to prosecute suspect,
239782b1a92ef2c77157d39ed1a10a0c2ff06a8981ebcc78bb18729f3dd46a20,2020-08,Durham Constabulary,Durham Constabulary,-1.561901,54.665296,On or near Sports/Recreation Area,E01020803,County Durham 053B,Criminal damage and arson,Investigation complete; no suspect identified,
12afd11eee923755dd4461070a00efae007eff521de097d9f507709fd8465cbf,2020-08,Durham Constabulary,Durham Constabulary,-1.547710,54.651791,On or near Parking Area,E01020803,County Durham 053B,Criminal damage and arson,Unable to prosecute suspect,
a787901c1415425d53885f44f2259f34493945e6fde7eae95900ecba2ea3d460,2020-08,Durham Constabulary,Durham Constabulary,-1.555224,54.663402,On or near Sports/Recreation Area,E01020803,County Durham 053B,Criminal damage and arson,Investigation complete; no suspect identified,
73a77bab52ff878b08e9b9871738708c0d46ec11af1f15ece27892909a9ba3a4,2020-08,Durham Constabulary,Durham Constabulary,-1.557551,54.663339,On or near Dale Street,E01020803,County Durham 053B,Criminal damage and arson,Investigation complete; no suspect identified,
55c1a18b217dbff0a29b7470ce99a0ef911c121f0be8075071ea1d2f0ed2a951,2020-08,Durham Constabulary,Durham Constabulary,-1.549350,54.659130,On or near Arthur Street,E01020803,County Durham 053B,Criminal damage and arson,Investigation complete; no suspect identified,
bcdd35cbacb17fa4db59ff852b9befc95c42c75016eec0110284bbb23ce9ae80,2020-08,Durham Constabulary,Durham Constabulary,-1.555224,54.663402,On or near Sports/Recreation Area,E01020803,County Durham 053B,Other theft,Investigation complete; no suspect identified,
888f1762d3ebe522bcdb2483926c66a19e616d7554be2d77ff465237ec5180c5,2020-08,Durham Constabulary,Durham Constabulary,-1.562668,54.666072,On or near A167,E01020803,County Durham 053B,Public order,Court result unavailable,
cf08d9608f4867f27e925cd86f2e3351b97a26e7b134e46efecc6bda7826fa15,2020-08,Durham Constabulary,Durham Constabulary,-1.549268,54.659516,On or near Albert Street,E01020803,County Durham 053B,Public order,Unable to prosecute suspect,
c178ba52144c6ad96c374890a41476f6065a82776579d9819a7e3a79b1a14fce,2020-08,Durham Constabulary,Durham Constabulary,-1.549268,54.659516,On or near Albert Street,E01020803,County Durham 053B,Public order,Unable to prosecute suspect,
cdd9aa839b44673203025fc1e3e450dd39b8de5f9135bb185a593240d6067919,2020-08,Durham Constabulary,Durham Constabulary,-1.562668,54.666072,On or near A167,E01020803,County Durham 053B,Shoplifting,Investigation complete; no suspect identified,
4fb48fb0b34b7c5e0c7918b9810a26733e943412307668dd5ae23839a700fd94,2020-08,Durham Constabulary,Durham Constabulary,-1.521178,54.662257,On or near Gipsy Lane,E01020803,County Durham 053B,Vehicle crime,Investigation complete; no suspect identified,
e958b212a801a3629eb17d4a43097174424461315d5dea8dc7976ba989860f21,2020-08,Durham Constabulary,Durham Constabulary,-1.562668,54.666072,On or near A167,E01020803,County Durham 053B,Violence and sexual offences,Unable to prosecute suspect,
44f777dfff3d99cc4e5c4f12f3c9b05fe150e7bc0b291df53b9b6fbc24da3307,2020-08,Durham Constabulary,Durham Constabulary,-1.549350,54.659130,On or near Arthur Street,E01020803,County Durham 053B,Violence and sexual offences,Further action is not in the public interest,
d6d38cbc0f8f8b6c11ccbaa2c7f40bc23929007947172b377e52d454ba76eb7d,2020-08,Durham Constabulary,Durham Constabulary,-1.549350,54.659130,On or near Arthur Street,E01020803,County Durham 053B,Violence and sexual offences,Court result unavailable,
d85404e7302e6016884ae94b9d4a30bb887f81551ae74e05ea043d3714db768d,2020-08,Durham Constabulary,Durham Constabulary,-1.549350,54.659130,On or near Arthur Street,E01020803,County Durham 053B,Violence and sexual offences,Unable to prosecute suspect,
b06a6cc18a4a5357d86ed24aa7376c4b823004432d8968b6a0f7d08a297a25f7,2020-08,Durham Constabulary,Durham Constabulary,-1.565543,54.652404,On or near Rookery Gardens,E01020803,County Durham 053B,Violence and sexual offences,Unable to prosecute suspect,
b6f361121dcb59301d89c20b36e811f13e681cf03ca491f5d5bc13da6b54230c,2020-08,Durham Constabulary,Durham Constabulary,-1.521178,54.662257,On or near Gipsy Lane,E01020803,County Durham 053B,Violence and sexual offences,Unable to prosecute suspect,
99ca164d67fa6f529f35ca819b9596086551fc3bac684aef24cb51a2fa2494f3,2020-08,Durham Constabulary,Durham Constabulary,-1.549350,54.659130,On or near Arthur Street,E01020803,County Durham 053B,Violence and sexual offences,Court result unavailable,
2b34ca687faa88e468e9720ae6365963e707b6fc9d53dfd29a274977148b8645,2020-08,Durham Constabulary,Durham Constabulary,-1.549350,54.659130,On or near Arthur Street,E01020803,County Durham 053B,Violence and sexual offences,Court result unavailable,
ef0cdfab1fee74017e1a775ca1a1d60a16e7e3683437e38ec01aa5b3d9212fe2,2020-08,Durham Constabulary,Durham Constabulary,-1.549350,54.659130,On or near Arthur Street,E01020803,County Durham 053B,Violence and sexual offences,Court result unavailable,
4ae5f80a0558c53e6f98dc0c6c93b49a06b34859ab8c172ab26115076c828721,2020-08,Durham Constabulary,Durham Constabulary,-1.549268,54.659516,On or near Albert Street,E01020803,County Durham 053B,Violence and sexual offences,Unable to prosecute suspect,
4809dc90e529f607897d2e1134e317fca82a59a7484128dd6515bab335dff6bb,2020-08,Durham Constabulary,Durham Constabulary,-1.549268,54.659516,On or near Albert Street,E01020803,County Durham 053B,Violence and sexual offences,Investigation complete; no suspect identified,
480d86180976992a65bc3d46a64cb42147a2448371299e4f7180d93b897f37cf,2020-08,Durham Constabulary,Durham Constabulary,-1.549350,54.659130,On or near Arthur Street,E01020803,County Durham 053B,Violence and sexual offences,Unable to prosecute suspect,
37f4462630c100fc55303db79d9995ae924f38214dc357559f10ab4ccf9e5d4c,2020-08,Durham Constabulary,Durham Constabulary,-1.557891,54.657679,On or near Meadowdale,E01020803,County Durham 053B,Violence and sexual offences,Unable to prosecute suspect,
ba1855c90a68d729be9ed510d93fce3e8e800d27ff116d517b07e2aeb9bde415,2020-08,Durham Constabulary,Durham Constabulary,-1.549350,54.659130,On or near Arthur Street,E01020803,County Durham 053B,Other crime,Unable to prosecute suspect,
379b245598be0cf7fc29e708e31f6bb0cf17e7846e2fac9f2a8a2ef63ece79b6,2020-08,Durham Constabulary,Durham Constabulary,-1.549350,54.659130,On or near Arthur Street,E01020803,County Durham 053B,Other crime,Unable to prosecute suspect,
,2020-08,Durham Constabulary,Durham Constabulary,-1.561938,54.661863,On or near Rosewood,E01020805,County Durham 053D,Anti-social behaviour,,
,2020-08,Durham Constabulary,Durham Constabulary,-1.562030,54.663436,On or near Keats Road,E01020805,County Durham 053D,Anti-social behaviour,,
,2020-08,Durham Constabulary,Durham Constabulary,-1.563152,54.661463,On or near Beech Avenue,E01020805,County Durham 053D,Anti-social behaviour,,
,2020-08,Durham Constabulary,Durham Constabulary,-1.558981,54.661556,On or near Hunter Terrace,E01020805,County Durham 053D,Anti-social behaviour,,
,2020-08,Durham Constabulary,Durham Constabulary,-1.549589,54.662699,On or near Alington Close,E01020805,County Durham 053D,Anti-social behaviour,,
1559c4480cc6052483be731d9c598f655f400a16f7590c2dab88c584e961c47e,2020-08,Durham Constabulary,Durham Constabulary,-1.560957,54.662300,On or near Burns Road,E01020805,County Durham 053D,Burglary,Investigation complete; no suspect identified,
a50c4cd487912158e496c348d10cb42817d0d111def1624ab794d38634351712,2020-08,Durham Constabulary,Durham Constabulary,-1.563152,54.661463,On or near Beech Avenue,E01020805,County Durham 053D,Criminal damage and arson,Investigation complete; no suspect identified,
005ba36007784c61f6b2bd0a752b1b8d27052c3a97ab627678ab639e983a032e,2020-08,Durham Constabulary,Durham Constabulary,-1.549589,54.662699,On or near Alington Close,E01020805,County Durham 053D,Criminal damage and arson,Unable to prosecute suspect,
f60a8797edccc6dd744058eb7f7ddec82878e8cdf2b56e062aabd4ea0ca35c37,2020-08,Durham Constabulary,Durham Constabulary,-1.561938,54.661863,On or near Rosewood,E01020805,County Durham 053D,Public order,Unable to prosecute suspect,
f9c40d946fb7f4ef3321758c036c661f39ce68545bd214ad48b14ea1cd58a2b3,2020-08,Durham Constabulary,Durham Constabulary,-1.549589,54.662699,On or near Alington Close,E01020805,County Durham 053D,Public order,Unable to prosecute suspect,
0e565ab50966008d210728921e45dee56a64318c30a45dcd0056492aa078fd77,2020-08,Durham Constabulary,Durham Constabulary,-1.554038,54.662733,On or near Ruby Avenue,E01020805,County Durham 053D,Violence and sexual offences,Unable to prosecute suspect,
1ab3e05cd8c5bd0943cbb65d5785752a5ecd1be904ae9a9e157ccf068e85fce5,2020-08,Durham Constabulary,Durham Constabulary,-1.552030,54.662106,On or near Opal Avenue,E01020805,County Durham 053D,Violence and sexual offences,Unable to prosecute suspect,
508fe7ac5254a9f29b8972c091b23f4327d5af6b0e3913dd41ebb5712ea9a809,2020-08,Durham Constabulary,Durham Constabulary,-1.554038,54.662733,On or near Ruby Avenue,E01020805,County Durham 053D,Violence and sexual offences,Unable to prosecute suspect,
6306d6efcf38eb53b10b391337280e8b5bffb138f627fa2d56f632c1cb9b34a3,2020-08,Durham Constabulary,Durham Constabulary,-1.554038,54.662733,On or near Ruby Avenue,E01020805,County Durham 053D,Violence and sexual offences,Unable to prosecute suspect,
d815f9e712b4d2c4e572dab9698d8f41b202edd2ad6d95ba596693b7412d6f35,2020-08,Durham Constabulary,Durham Constabulary,-1.561285,54.663505,On or near Coleridge Road,E01020805,County Durham 053D,Violence and sexual offences,Further action is not in the public interest,
5261fd9659f524c6311efc9bf2e2bb5e7115d5db1f90a47d29dcffc017f20099,2020-08,Durham Constabulary,Durham Constabulary,-1.560957,54.662300,On or near Burns Road,E01020805,County Durham 053D,Violence and sexual offences,Further investigation is not in the public interest,
e1c3997a37ea027eca0532475d7f5e57f512dca4c74dc6ebefc5a6225c4d49c0,2020-08,Durham Constabulary,Durham Constabulary,-1.562030,54.663436,On or near Keats Road,E01020805,County Durham 053D,Violence and sexual offences,Unable to prosecute suspect,
b0e89ce7c544fd84d154c467c32edb028466025652ab763b187a9e5e1c17cff6,2020-08,Durham Constabulary,Durham Constabulary,-1.552030,54.662106,On or near Opal Avenue,E01020805,County Durham 053D,Violence and sexual offences,Unable to prosecute suspect,
f69d5a450a1a55db909acfc2cd0be51e9ae554ba9256f845955080d50e5e773c,2020-08,Durham Constabulary,Durham Constabulary,-1.554038,54.662733,On or near Ruby Avenue,E01020805,County Durham 053D,Violence and sexual offences,Investigation complete; no suspect identified,
c6e1305720a4561365e332e1ae1b7809043cce59ef99458a67c5d3b3af9e1502,2020-08,Durham Constabulary,Durham Constabulary,-1.549448,54.658681,On or near Prospect Terrace,E01020805,County Durham 053D,Violence and sexual offences,Further investigation is not in the public interest,
3a745a9ccf695b3d4b9bffb7d6526ba057f3d7b48f48c5c0d92f01509caad217,2020-08,Durham Constabulary,Durham Constabulary,-1.560957,54.662300,On or near Burns Road,E01020805,County Durham 053D,Violence and sexual offences,Unable to prosecute suspect,
e0cd1402d02933cd82e29432f7e7dcf7be407baa0d6827635c86f9f0e6432727,2020-08,Durham Constabulary,Durham Constabulary,-1.561938,54.661863,On or near Rosewood,E01020805,County Durham 053D,Other crime,Investigation complete; no suspect identified,
,2020-08,Durham Constabulary,Durham Constabulary,-1.537228,54.686386,On or near Richmond Close,E01033203,County Durham 053E,Anti-social behaviour,,
b6f58a5be6fa946e6f8836baf758e2d6e185dd684e2d580447a91de66d0fdc11,2020-08,Durham Constabulary,Durham Constabulary,-1.535645,54.685086,On or near Cleves Avenue,E01033203,County Durham 053E,Burglary,Investigation complete; no suspect identified,
e2d919b37731a6e41ffafd44de2dec99b98f6f51ec640872baf52cc2b95a6cff,2020-08,Durham Constabulary,Durham Constabulary,-1.529499,54.674710,On or near Church Street,E01033203,County Durham 053E,Burglary,Investigation complete; no suspect identified,
8c868e72b4621480a7b7b479c299a5ac1399eb2af334804a59ff41e0a2f3ed96,2020-08,Durham Constabulary,Durham Constabulary,-1.534391,54.683526,On or near Corscombe Close,E01033203,County Durham 053E,Criminal damage and arson,Investigation complete; no suspect identified,
06091b459521b22aa7455c120555f19252d58a3f57dec404676d711e71b6ca4b,2020-08,Durham Constabulary,Durham Constabulary,-1.529650,54.675043,On or near Carlton Street,E01033203,County Durham 053E,Criminal damage and arson,Unable to prosecute suspect,
fad1c6259339cbf64485a705feffcd847d39429a9baabf61e31d372952c39b38,2020-08,Durham Constabulary,Durham Constabulary,-1.546270,54.683733,On or near Broomside,E01033203,County Durham 053E,Criminal damage and arson,Investigation complete; no suspect identified,
5da26b2edb5d3172868af21bef946dc1dca28a8b993abe5d96f57e7ea1e0c2f2,2020-08,Durham Constabulary,Durham Constabulary,-1.530981,54.677933,On or near Chilton Lane,E01033203,County Durham 053E,Criminal damage and arson,Status update unavailable,
91559cc8367cd332a2823f07b371995212bf07ca2920ba1edc064d1df62e0d58,2020-08,Durham Constabulary,Durham Constabulary,-1.528426,54.672243,On or near William Street,E01033203,County Durham 053E,Criminal damage and arson,Unable to prosecute suspect,
3abc3008e40d2433a41d4817ce686d32d7b35c4a8c8d30305b3e8dc75d54a76b,2020-08,Durham Constabulary,Durham Constabulary,-1.544405,54.684032,On or near Bertha Street,E01033203,County Durham 053E,Criminal damage and arson,Investigation complete; no suspect identified,
17633efd2d35a4a48a3621dcbd12723fd8950e7078a2fab66a4c625a7d494685,2020-08,Durham Constabulary,Durham Constabulary,-1.532559,54.678298,On or near Haig Street,E01033203,County Durham 053E,Criminal damage and arson,Local resolution,
2be702092798d7a4758026a53c926943a78ef41c35ca46b55dd3b6e7f6a23cd4,2020-08,Durham Constabulary,Durham Constabulary,-1.528426,54.672243,On or near William Street,E01033203,County Durham 053E,Criminal damage and arson,Investigation complete; no suspect identified,
5da26b2edb5d3172868af21bef946dc1dca28a8b993abe5d96f57e7ea1e0c2f2,2020-08,Durham Constabulary,Durham Constabulary,-1.530981,54.677933,On or near Chilton Lane,E01033203,County Durham 053E,Criminal damage and arson,Unable to prosecute suspect,
0215489c83b360eb386896ac64ec3af6042d1bf25c5fd1924085fc9cd2b1a546,2020-08,Durham Constabulary,Durham Constabulary,-1.526601,54.679893,On or near Parking Area,E01033203,County Durham 053E,Criminal damage and arson,Investigation complete; no suspect identified,
efade8f219d40dd55ed65042d6cfa6c669ace619b2f913a19e31dc9ead76533b,2020-08,Durham Constabulary,Durham Constabulary,-1.529941,54.672698,On or near George Street,E01033203,County Durham 053E,Criminal damage and arson,Investigation complete; no suspect identified,
c5cfb9543f7cead8226b65bd5236c0f627011a24b2eacf4175041f5a26ac2afe,2020-08,Durham Constabulary,Durham Constabulary,-1.529482,54.673424,On or near Commercial Street,E01033203,County Durham 053E,Criminal damage and arson,Investigation complete; no suspect identified,
85b2a3e1f4658954a63ecb869c517719a7e2fd8d63695113fade0cd8cd0dded1,2020-08,Durham Constabulary,Durham Constabulary,-1.529650,54.675043,On or near Carlton Street,E01033203,County Durham 053E,Criminal damage and arson,Unable to prosecute suspect,
62fd58fcb82ef0e961b96f35714b382c01dc2198bd7d9b102ee0934162f62c0b,2020-08,Durham Constabulary,Durham Constabulary,-1.544405,54.684032,On or near Bertha Street,E01033203,County Durham 053E,Drugs,Court result unavailable,
ad2a4713d5232cbad1f51caeba44799cc2673571f0578bd92118a99c6674d584,2020-08,Durham Constabulary,Durham Constabulary,-1.544405,54.684032,On or near Bertha Street,E01033203,County Durham 053E,Other theft,Investigation complete; no suspect identified,
78f5575a86ad9dd4ed62924a412ddceb501a0b425428c660c10766b45b8d54c6,2020-08,Durham Constabulary,Durham Constabulary,-1.529482,54.673424,On or near Commercial Street,E01033203,County Durham 053E,Other theft,Investigation complete; no suspect identified,
39f4fead96c51b05dcb36f180d65d5c015c8ee4a91d464f4e8176fe3ff07bb84,2020-08,Durham Constabulary,Durham Constabulary,-1.546270,54.683733,On or near Broomside,E01033203,County Durham 053E,Other theft,Investigation complete; no suspect identified,
00bbed168b4901946bcf29c1b70dbe7ce3cc783a4641cd4c003c50ca6438a23f,2020-08,Durham Constabulary,Durham Constabulary,-1.546270,54.683733,On or near Broomside,E01033203,County Durham 053E,Other theft,Status update unavailable,
761feee956f6866e8e77bc6f23b9456ea884c1e40f9cb0a3ce35e69ebd9f82d9,2020-08,Durham Constabulary,Durham Constabulary,-1.526601,54.679893,On or near Parking Area,E01033203,County Durham 053E,Other theft,Unable to prosecute suspect,
40203db987ea11965afcbbfed4b6ca815c2bd5c032acdacb3418864ae29e1563,2020-08,Durham Constabulary,Durham Constabulary,-1.544405,54.684032,On or near Bertha Street,E01033203,County Durham 053E,Other theft,Unable to prosecute suspect,
ae62e1929d0fc7afb03f07083556abdc58c9fa1678d2d29cd4af3ed0efd7b6d1,2020-08,Durham Constabulary,Durham Constabulary,-1.528426,54.672243,On or near William Street,E01033203,County Durham 053E,Other theft,Unable to prosecute suspect,
99c67c04d111b3a933e23da99753ba83e6dda7807efcaed6daca9dc106c65be2,2020-08,Durham Constabulary,Durham Constabulary,-1.532813,54.681858,On or near High Street,E01033203,County Durham 053E,Public order,Unable to prosecute suspect,
1ab6a2ad9f5418a2d440325325226149c77c878e8f6810e75205d87cf9c5be74,2020-08,Durham Constabulary,Durham Constabulary,-1.545590,54.683533,On or near Gordon Terrace,E01033203,County Durham 053E,Public order,Court result unavailable,
033140937f626dd2f25b3d8186e7050c0857888efcac1abe712e90425e1a718e,2020-08,Durham Constabulary,Durham Constabulary,-1.529482,54.673424,On or near Commercial Street,E01033203,County Durham 053E,Vehicle crime,Further investigation is not in the public interest,
9e96125b900f045eaba19b2f1816bb0164abb0bd762a31c257d25cbad1c7bacf,2020-08,Durham Constabulary,Durham Constabulary,-1.545590,54.683533,On or near Gordon Terrace,E01033203,County Durham 053E,Violence and sexual offences,Unable to prosecute suspect,
62b60a8db7d87657a027b27886c3ffeb99db81233f37b2585040ef5b1d4c104c,2020-08,Durham Constabulary,Durham Constabulary,-1.533272,54.679685,On or near Clive Street,E01033203,County Durham 053E,Violence and sexual offences,Unable to prosecute suspect,
cde242a84906cdc357fbd1b9eb1ab13e7c3787f4c4eeeb9752557c54fc7169d4,2020-08,Durham Constabulary,Durham Constabulary,-1.531975,54.679177,On or near Trafalgar Street,E01033203,County Durham 053E,Violence and sexual offences,Unable to prosecute suspect,
170abcda0d349e9c91aecec13ce72f7ae8d5819123462b511d4eb97afb1fcbac,2020-08,Durham Constabulary,Durham Constabulary,-1.532813,54.681858,On or near High Street,E01033203,County Durham 053E,Violence and sexual offences,Unable to prosecute suspect,
e6d5af6a3cff88e20e43c37497d6d6bf2424c7d20860bb82cf77c3efd928a16c,2020-08,Durham Constabulary,Durham Constabulary,-1.535645,54.685086,On or near Cleves Avenue,E01033203,County Durham 053E,Violence and sexual offences,Unable to prosecute suspect,
dcbc58095a02961ba5dec0fba0989ea5d3d6b8a5fd85d128de7ebd46fa24c54c,2020-08,Durham Constabulary,Durham Constabulary,-1.529499,54.674710,On or near Church Street,E01033203,County Durham 053E,Violence and sexual offences,Awaiting court outcome,
42b68a45ad99c17940d0c584a2c24dcd95e9d685770ff27b4f1558da3fc36e59,2020-08,Durham Constabulary,Durham Constabulary,-1.526601,54.679893,On or near Parking Area,E01033203,County Durham 053E,Violence and sexual offences,Unable to prosecute suspect,
434072bc63ef031d78f036fc7f7fd3e6c64697f14833f101570a1c3b5ff5b899,2020-08,Durham Constabulary,Durham Constabulary,-1.533272,54.679685,On or near Clive Street,E01033203,County Durham 053E,Violence and sexual offences,Unable to prosecute suspect,
97339cb81253b78968098a5b1f3adcffbca77d1df74b0d1584d9bfe73bd622ed,2020-08,Durham Constabulary,Durham Constabulary,-1.544405,54.684032,On or near Bertha Street,E01033203,County Durham 053E,Violence and sexual offences,Unable to prosecute suspect,
c3287e3a61edb5ece3b984cafd119d26ec46e2822f24a1add28b485a002376fc,2020-08,Durham Constabulary,Durham Constabulary,-1.529482,54.673424,On or near Commercial Street,E01033203,County Durham 053E,Violence and sexual offences,Unable to prosecute suspect,
db5b4bc53a0f089305df6598b15dfdc32e2760a20b8529c161a8f08dd257c697,2020-08,Durham Constabulary,Durham Constabulary,-1.544405,54.684032,On or near Bertha Street,E01033203,County Durham 053E,Violence and sexual offences,Unable to prosecute suspect,
f2271ca97df534ec44ab68e3822a0e8c96628ecd19223db607eaf45276bdd829,2020-08,Durham Constabulary,Durham Constabulary,-1.534391,54.683526,On or near Corscombe Close,E01033203,County Durham 053E,Violence and sexual offences,Unable to prosecute suspect,
dce1d6ee893c397e38c93d5592c749bd69ccce5a8d3e377a8080e87f52f759fc,2020-08,Durham Constabulary,Durham Constabulary,-1.544405,54.684032,On or near Bertha Street,E01033203,County Durham 053E,Violence and sexual offences,Unable to prosecute suspect,
cf38a69d80133d5db0e902209c1c6992501ab29f1419a0d3fb9fc92133fbef32,2020-08,Durham Constabulary,Durham Constabulary,-1.526601,54.679893,On or near Parking Area,E01033203,County Durham 053E,Other crime,Unable to prosecute suspect,
e2c8ea5cabbc17939440621f4f71b21814f0c5e403f71100aaad90a50781841f,2020-08,Durham Constabulary,Durham Constabulary,-1.529499,54.674710,On or near Church Street,E01033203,County Durham 053E,Other crime,Unable to prosecute suspect,
408282765aa7619431f600af05b7f7d8a4d2b292190241e3c1ef78f8be8dfbdc,2020-08,Durham Constabulary,Durham Constabulary,-1.529941,54.672698,On or near George Street,E01033203,County Durham 053E,Other crime,Unable to prosecute suspect,
,2020-08,Durham Constabulary,Durham Constabulary,-1.483511,54.679097,On or near Flambard Court,E01020796,County Durham 054A,Anti-social behaviour,,
96767feff425c82a6d2d5657a672c302bde0994c71d00481713ef1b21e706782,2020-08,Durham Constabulary,Durham Constabulary,-1.485806,54.680293,On or near Highroad Avenue,E01020796,County Durham 054A,Criminal damage and arson,Investigation complete; no suspect identified,
3d5c2fc097efd645f7b852f46655d62265f5598fe765fe69031a1d5fb4c9d902,2020-08,Durham Constabulary,Durham Constabulary,-1.490454,54.676996,On or near Front Street,E01020796,County Durham 054A,Public order,Unable to prosecute suspect,
,2020-08,Durham Constabulary,Durham Constabulary,-1.439842,54.648321,On or near Petrol Station,E01020828,County Durham 054B,Anti-social behaviour,,
,2020-08,Durham Constabulary,Durham Constabulary,-1.465169,54.656218,On or near Park/Open Space,E01020828,County Durham 054B,Anti-social behaviour,,
,2020-08,Durham Constabulary,Durham Constabulary,-1.450601,54.661868,On or near Salters Lane,E01020828,County Durham 054B,Anti-social behaviour,,
bf6ef3c03e87bf9a7df0b574526d416f06ab0076ba16f63e016447235e10c220,2020-08,Durham Constabulary,Durham Constabulary,-1.453699,54.604196,On or near Bleach House Bank,E01020828,County Durham 054B,Criminal damage and arson,Investigation complete; no suspect identified,
06cdbd20740bdba42f1206dc0b8bca8231904bfc80ed065b0326719396705bfc,2020-08,Durham Constabulary,Durham Constabulary,-1.414255,54.654850,On or near Beacon Lane,E01020828,County Durham 054B,Criminal damage and arson,Investigation complete; no suspect identified,
a37bb8c015b1bb65412495ac8510e050cbde64619eed2d1de61e74923e6970cd,2020-08,Durham Constabulary,Durham Constabulary,-1.465169,54.656218,On or near Park/Open Space,E01020828,County Durham 054B,Criminal damage and arson,Further investigation is not in the public interest,
f87bae5a91d5154f426f1e8e405413e4decc146058bfe9a1bb0f2fab918ed45c,2020-08,Durham Constabulary,Durham Constabulary,-1.439842,54.648321,On or near Petrol Station,E01020828,County Durham 054B,Drugs,Court result unavailable,
a645878b180094dee2b05127d786d9f1517871ecf4a9c2194c48027df0cb3fbb,2020-08,Durham Constabulary,Durham Constabulary,-1.507396,54.649432,On or near Petrol Station,E01020828,County Durham 054B,Other theft,Court result unavailable,
2361d3e519c9ce901c47fb7c806210bd9480e266ae6ba35fe2c85e3e8a088420,2020-08,Durham Constabulary,Durham Constabulary,-1.507396,54.649432,On or near Petrol Station,E01020828,County Durham 054B,Other theft,Action to be taken by another organisation,
1ed219973c2770e2b5eb83161900ea61c616feeaccff8856f3b6a6d5d28a02ce,2020-08,Durham Constabulary,Durham Constabulary,-1.465169,54.656218,On or near Park/Open Space,E01020828,County Durham 054B,Vehicle crime,Investigation complete; no suspect identified,
134aec075a95bd9ec57ba731659e40bbe0eadeb07f7bb09085921df003cfeb2e,2020-08,Durham Constabulary,Durham Constabulary,-1.450851,54.647859,On or near The Leas,E01020828,County Durham 054B,Vehicle crime,Investigation complete; no suspect identified,
b1ea352fd2ae395cf9d9acdce5e6ecefdfe27326123aab749bfda922f2551cf1,2020-08,Durham Constabulary,Durham Constabulary,-1.351775,54.691944,On or near Coal Lane,E01020828,County Durham 054B,Vehicle crime,Investigation complete; no suspect identified,
6e79faa1c98b10d336aaf0b9e296e37113c0067dca87de6c1e82c30cbccdaba5,2020-08,Durham Constabulary,Durham Constabulary,-1.439842,54.648321,On or near Petrol Station,E01020828,County Durham 054B,Vehicle crime,Investigation complete; no suspect identified,
a5add2d4776c4c6d1a6ac4b2432949e93eec6b52d33eafeff0bce0e0c96bb4fa,2020-08,Durham Constabulary,Durham Constabulary,-1.465169,54.656218,On or near Park/Open Space,E01020828,County Durham 054B,Violence and sexual offences,Local resolution,
7517b5a8c2a27a0c89cb2e310b3801661ffb25b8d6c416fc0e37fbe29b82edec,2020-08,Durham Constabulary,Durham Constabulary,-1.465169,54.656218,On or near Park/Open Space,E01020828,County Durham 054B,Violence and sexual offences,Action to be taken by another organisation,
62557401988fdb5154d7a955a4394459a0310ff577485166abe73d840602cc4c,2020-08,Durham Constabulary,Durham Constabulary,-1.507396,54.649432,On or near Petrol Station,E01020828,County Durham 054B,Violence and sexual offences,Unable to prosecute suspect,
,2020-08,Durham Constabulary,Durham Constabulary,-1.452689,54.656423,On or near Hall Lea,E01020829,County Durham 054C,Anti-social behaviour,,
,2020-08,Durham Constabulary,Durham Constabulary,-1.450548,54.658857,On or near Conifer Avenue,E01020829,County Durham 054C,Anti-social behaviour,,
,2020-08,Durham Constabulary,Durham Constabulary,-1.451754,54.664848,On or near Meadow Hill,E01020829,County Durham 054C,Anti-social behaviour,,
2d0bfbabbaf9151b4b6216114428135854afe2e77d7c865458c0712d5beb2d67,2020-08,Durham Constabulary,Durham Constabulary,-1.450885,54.667217,On or near Wellgarth Mews,E01020829,County Durham 054C,Burglary,Investigation complete; no suspect identified,
7fd1e4689a1becd2539cc70f373c01b0e0883ed9116b9faadfad96a76878391e,2020-08,Durham Constabulary,Durham Constabulary,-1.454786,54.658409,On or near Matfen Court,E01020829,County Durham 054C,Public order,Investigation complete; no suspect identified,
e3f9d774ebf2d6b3f0ffebbda18d55adb5a26fc9fe66324e6b32f9f1fe0ed378,2020-08,Durham Constabulary,Durham Constabulary,-1.451125,54.665546,On or near Winterton Avenue,E01020829,County Durham 054C,Violence and sexual offences,Unable to prosecute suspect,
6e58395365edc26f80ebb12eafdcf2d4721dcc14e06499c7728160d4969e075a,2020-08,Durham Constabulary,Durham Constabulary,-1.451604,54.661064,On or near The Gables,E01020829,County Durham 054C,Violence and sexual offences,Unable to prosecute suspect,
,2020-08,Durham Constabulary,Durham Constabulary,-1.444056,54.655242,On or near St Edmunds Green,E01020830,County Durham 054D,Anti-social behaviour,,
,2020-08,Durham Constabulary,Durham Constabulary,-1.448490,54.654013,On or near Parking Area,E01020830,County Durham 054D,Anti-social behaviour,,
,2020-08,Durham Constabulary,Durham Constabulary,-1.446071,54.654119,On or near East End,E01020830,County Durham 054D,Anti-social behaviour,,
,2020-08,Durham Constabulary,Durham Constabulary,-1.448490,54.654013,On or near Parking Area,E01020830,County Durham 054D,Anti-social behaviour,,
,2020-08,Durham Constabulary,Durham Constabulary,-1.450477,54.653806,On or near Supermarket,E01020830,County Durham 054D,Anti-social behaviour,,
b5bec27b46bcee44db408ceea8e8e43e0771d8b6763eaee333e4208bda3e6865,2020-08,Durham Constabulary,Durham Constabulary,-1.448490,54.654013,On or near Parking Area,E01020830,County Durham 054D,Criminal damage and arson,Investigation complete; no suspect identified,
b1359c577ae1c59220bf90fe11869bfd76a7262cfefb2e4444b8559bc95d504f,2020-08,Durham Constabulary,Durham Constabulary,-1.447138,54.653171,On or near Cross Street,E01020830,County Durham 054D,Public order,Offender given penalty notice,
8b04af80a78168e9bc4e2700549501e49f5a9b913a9352b2d52d0b6d54d4c535,2020-08,Durham Constabulary,Durham Constabulary,-1.450543,54.653519,On or near High Street,E01020830,County Durham 054D,Public order,Unable to prosecute suspect,
13abc7d45d1ab617de99e4160a3acc8d2508388b462212ae08889c3b596353c4,2020-08,Durham Constabulary,Durham Constabulary,-1.450477,54.653806,On or near Supermarket,E01020830,County Durham 054D,Shoplifting,Investigation complete; no suspect identified,
6d4135e2d3ba1dd52db6473e2bf01308ad85637f5244734be7f4d5806fe1cc12,2020-08,Durham Constabulary,Durham Constabulary,-1.448490,54.654013,On or near Parking Area,E01020830,County Durham 054D,Shoplifting,Unable to prosecute suspect,
ed1b7f0c66d137f9a2e8c4c7139bd39b1eb29c81275b8a1fbaefad1c8905f36c,2020-08,Durham Constabulary,Durham Constabulary,-1.448490,54.654013,On or near Parking Area,E01020830,County Durham 054D,Shoplifting,Investigation complete; no suspect identified,
c3e75b3e3e6c36fe6ffc241bf7ed9a8440d0294a58bfa40f461af89fbfe06db5,2020-08,Durham Constabulary,Durham Constabulary,-1.447545,54.655114,On or near Boynston Grove,E01020830,County Durham 054D,Violence and sexual offences,Unable to prosecute suspect,
2ee25534926e5c5c2e1627787cc142ff27c7f95263fea66c86fc452b85eaa5f6,2020-08,Durham Constabulary,Durham Constabulary,-1.450543,54.653519,On or near High Street,E01020830,County Durham 054D,Violence and sexual offences,Unable to prosecute suspect,
9507398cfec9f54e838f28b2b217b0611d95bb528f2b862feed3f036bbef1d04,2020-08,Durham Constabulary,Durham Constabulary,-1.447545,54.655114,On or near Boynston Grove,E01020830,County Durham 054D,Violence and sexual offences,Unable to prosecute suspect,
c872fa817e97187c414d61502e2ee716f351ed155f2d17bf3cfaa65821a839c2,2020-08,Durham Constabulary,Durham Constabulary,-1.450543,54.653519,On or near High Street,E01020830,County Durham 054D,Violence and sexual offences,Unable to prosecute suspect,
d2131713469e23537ec091503f96ec99c583c1ddca563193f36e41b507c4ceb4,2020-08,Durham Constabulary,Durham Constabulary,-1.444056,54.655242,On or near St Edmunds Green,E01020830,County Durham 054D,Violence and sexual offences,Unable to prosecute suspect,
ec301e395740cb6187f6af12488f40ebad13e9143b1863d5a6894c0e7658f1eb,2020-08,Durham Constabulary,Durham Constabulary,-1.450543,54.653519,On or near High Street,E01020830,County Durham 054D,Violence and sexual offences,Unable to prosecute suspect,
6a575b3828b2e606f871addc0cb6692818a8f26f42f5da142de443183eea8224,2020-08,Durham Constabulary,Durham Constabulary,-1.450543,54.653519,On or near High Street,E01020830,County Durham 054D,Violence and sexual offences,Court result unavailable,
9f6134a5a52b0ab0e83567a155e6a4a6f32fcf3635ce05bbdae7fd115a073c58,2020-08,Durham Constabulary,Durham Constabulary,-1.446206,54.656717,On or near Elm Avenue,E01020830,County Durham 054D,Violence and sexual offences,Unable to prosecute suspect,
,2020-08,Durham Constabulary,Durham Constabulary,-1.675447,54.657844,On or near Blackett Street,E01020868,County Durham 055A,Anti-social behaviour,,
,2020-08,Durham Constabulary,Durham Constabulary,-1.673166,54.665809,On or near Bakehouse Hill,E01020868,County Durham 055A,Anti-social behaviour,,
,2020-08,Durham Constabulary,Durham Constabulary,-1.670371,54.658666,On or near Woodlands Road,E01020868,County Durham 055A,Anti-social behaviour,,
,2020-08,Durham Constabulary,Durham Constabulary,-1.677503,54.664356,On or near Bus/Coach Station,E01020868,County Durham 055A,Anti-social behaviour,,
,2020-08,Durham Constabulary,Durham Constabulary,-1.680777,54.663996,On or near West Road,E01020868,County Durham 055A,Anti-social behaviour,,
,2020-08,Durham Constabulary,Durham Constabulary,-1.675283,54.664799,On or near Parking Area,E01020868,County Durham 055A,Anti-social behaviour,,
,2020-08,Durham Constabulary,Durham Constabulary,-1.675441,54.658536,On or near Union Street,E01020868,County Durham 055A,Anti-social behaviour,,
,2020-08,Durham Constabulary,Durham Constabulary,-1.680777,54.663996,On or near West Road,E01020868,County Durham 055A,Anti-social behaviour,,
,2020-08,Durham Constabulary,Durham Constabulary,-1.675447,54.657844,On or near Blackett Street,E01020868,County Durham 055A,Anti-social behaviour,,
,2020-08,Durham Constabulary,Durham Constabulary,-1.673166,54.665809,On or near Bakehouse Hill,E01020868,County Durham 055A,Anti-social behaviour,,
,2020-08,Durham Constabulary,Durham Constabulary,-1.675283,54.664799,On or near Parking Area,E01020868,County Durham 055A,Anti-social behaviour,,
,2020-08,Durham Constabulary,Durham Constabulary,-1.675283,54.664799,On or near Parking Area,E01020868,County Durham 055A,Anti-social behaviour,,
b2a1f961709d56fa42c36513212e30b79d5498a3138d81ffddc5d2eeef2a2f80,2020-08,Durham Constabulary,Durham Constabulary,-1.673992,54.659457,On or near Chester Street,E01020868,County Durham 055A,Burglary,Investigation complete; no suspect identified,
dc4203f7ac6437a4b14cf002a3e4d5f116a7acbddf7c638fc229515286fd60c4,2020-08,Durham Constabulary,Durham Constabulary,-1.670371,54.658666,On or near Woodlands Road,E01020868,County Durham 055A,Burglary,Unable to prosecute suspect,
7c63a2c7bd8c5d64ffe0f5f21fdb3458d7d13f5ebe8cfa32a3eb6a97d81abab1,2020-08,Durham Constabulary,Durham Constabulary,-1.674626,54.663575,On or near Shopping Area,E01020868,County Durham 055A,Burglary,Court result unavailable,
7f6a694cd8ba9219a489bd6f745007ba3affe4f079fa4828d8b1d437a831213c,2020-08,Durham Constabulary,Durham Constabulary,-1.675447,54.657844,On or near Blackett Street,E01020868,County Durham 055A,Criminal damage and arson,Investigation complete; no suspect identified,
1028c005aea2104e245602860703d8526e4f97eb8913a2e9364f4a90bf51c59c,2020-08,Durham Constabulary,Durham Constabulary,-1.676123,54.664406,On or near Supermarket,E01020868,County Durham 055A,Criminal damage and arson,Investigation complete; no suspect identified,
f1d513227c37825ef8381c4006c8956d35778531b00249b22f9661de2b622bb7,2020-08,Durham Constabulary,Durham Constabulary,-1.672040,54.659290,On or near South Church Road,E01020868,County Durham 055A,Criminal damage and arson,Investigation complete; no suspect identified,
de23f81a728db946a1286e24f1439b5ccbc6f6b80a419b9b277ccad08f3b645f,2020-08,Durham Constabulary,Durham Constabulary,-1.677801,54.661948,On or near Vickers Street,E01020868,County Durham 055A,Criminal damage and arson,Investigation complete; no suspect identified,
6c883c1b9bc67354c6aa0022465f8d718a75a039a89cadff23f56c376352fc06,2020-08,Durham Constabulary,Durham Constabulary,-1.657359,54.659546,On or near St Garileph Way,E01020868,County Durham 055A,Criminal damage and arson,Investigation complete; no suspect identified,
9a20a5c8e8c36c2bc03b0060f2f5f3ec8273515e2c46add1e74afa67e434f490,2020-08,Durham Constabulary,Durham Constabulary,-1.675622,54.663038,On or near Great Gates,E01020868,County Durham 055A,Criminal damage and arson,Unable to prosecute suspect,
a2a81bde924bb77ade4ec1681b690c5afc72a84e51bf7da517960c184c59a064,2020-08,Durham Constabulary,Durham Constabulary,-1.672485,54.665735,On or near Market Place,E01020868,County Durham 055A,Criminal damage and arson,Investigation complete; no suspect identified,
6a70c987702d8e332a743d8bb041b1107c827bd716f2a012284b42921ff4af5e,2020-08,Durham Constabulary,Durham Constabulary,-1.672836,54.666437,On or near Silver Street,E01020868,County Durham 055A,Criminal damage and arson,Unable to prosecute suspect,
9c135e06cdb6cb625fc495204250fe8603059192726f9833d407cc4e75ab3794,2020-08,Durham Constabulary,Durham Constabulary,-1.676118,54.661198,On or near Adelaide Street,E01020868,County Durham 055A,Criminal damage and arson,Investigation complete; no suspect identified,
2f87c8d56c13d8b96361fc456b0a61e227c8021ba54b93937685dcb475820183,2020-08,Durham Constabulary,Durham Constabulary,-1.675441,54.658536,On or near Union Street,E01020868,County Durham 055A,Criminal damage and arson,Unable to prosecute suspect,
5e3225b86940e17bef886d8d541ef991b77125ab5cbc94e436726cd2483421aa,2020-08,Durham Constabulary,Durham Constabulary,-1.677703,54.664572,On or near Clayton Street,E01020868,County Durham 055A,Drugs,Court result unavailable,
cd3b9f592d0dee24645d0607c81f5c6cfd6ac3922e4f608f8ccf24a2dc09140a,2020-08,Durham Constabulary,Durham Constabulary,-1.663860,54.662575,On or near Durham Road,E01020868,County Durham 055A,Drugs,Court result unavailable,
4fb13c1ad27d93e9a4e0d7af99884677c66741cd7653f14c39201cb61df4fdd2,2020-08,Durham Constabulary,Durham Constabulary,-1.680777,54.663996,On or near West Road,E01020868,County Durham 055A,Other theft,Investigation complete; no suspect identified,
275d4b74cbf2e4c9513d6717a9db9d154b70bdefbf1f42638e7811dc0de32ac0,2020-08,Durham Constabulary,Durham Constabulary,-1.676123,54.664406,On or near Supermarket,E01020868,County Durham 055A,Other theft,Investigation complete; no suspect identified,
80f2f60a6c900ed1a634523aeacf9f41633ea658192015982825d72d92c1d642,2020-08,Durham Constabulary,Durham Constabulary,-1.672040,54.659290,On or near South Church Road,E01020868,County Durham 055A,Possession of weapons,Court result unavailable,
7dfb17e6239ae77b2305ab6884376a738266234a6a73826c802921b9e4befe1b,2020-08,Durham Constabulary,Durham Constabulary,-1.675447,54.657844,On or near Blackett Street,E01020868,County Durham 055A,Public order,Unable to prosecute suspect,
d1ef5416fb4b44b416e977d07d715327dd73054128e78f152ddfa1e6fb851f3a,2020-08,Durham Constabulary,Durham Constabulary,-1.675725,54.665672,On or near North Bondgate,E01020868,County Durham 055A,Public order,Investigation complete; no suspect identified,
99e081021a487c96b0d049f30f4f18a7fe35bcd66fcd8e95266069a08a3476c4,2020-08,Durham Constabulary,Durham Constabulary,-1.677243,54.658109,On or near Petrol Station,E01020868,County Durham 055A,Public order,Investigation complete; no suspect identified,
6725118b307cd453233d88d8a0fe00c50b1ef4e080dd8474e52ee3ad40bceeb2,2020-08,Durham Constabulary,Durham Constabulary,-1.675725,54.665672,On or near North Bondgate,E01020868,County Durham 055A,Public order,Further investigation is not in the public interest,
888a2cb5d29f457798088e1c23db72b3afa31d8f7ee4f7330cedcb4f33f2932c,2020-08,Durham Constabulary,Durham Constabulary,-1.675335,54.660225,On or near Flintoff Street,E01020868,County Durham 055A,Public order,Investigation complete; no suspect identified,
33474c59f345c584731d648348475b132c04d32fb9e61a709f6370e6c8cf1b00,2020-08,Durham Constabulary,Durham Constabulary,-1.675283,54.664799,On or near Parking Area,E01020868,County Durham 055A,Public order,Further investigation is not in the public interest,
dd2ffc0a81dba67cbd8adfc31392784f0f0a39672a5f0f8f5e50e81a53cab31b,2020-08,Durham Constabulary,Durham Constabulary,-1.673166,54.665809,On or near Bakehouse Hill,E01020868,County Durham 055A,Public order,Unable to prosecute suspect,
fa4a7d7522475454be76e87c3ed008427188d9a6d3acafd68d23cf7f809b4e2e,2020-08,Durham Constabulary,Durham Constabulary,-1.673166,54.665809,On or near Bakehouse Hill,E01020868,County Durham 055A,Public order,Unable to prosecute suspect,
0d5577a4065e1a7bc89192f1328baa7c3b18169488b9be7d1321c576dbddfbd3,2020-08,Durham Constabulary,Durham Constabulary,-1.674579,54.665570,On or near Shopping Area,E01020868,County Durham 055A,Public order,Further investigation is not in the public interest,
f22f46dcca57641b89f7d62c1ad3363ad8ce8154ebe4f85a20fd9ef79bd37077,2020-08,Durham Constabulary,Durham Constabulary,-1.677529,54.665066,On or near Fore Bondgate,E01020868,County Durham 055A,Public order,Court result unavailable,
113bcb2729b598a5f93fae595c0c869d0f4e5a43735d66ad08a3e5b736c929f2,2020-08,Durham Constabulary,Durham Constabulary,-1.677497,54.663241,On or near Parking Area,E01020868,County Durham 055A,Robbery,Unable to prosecute suspect,
f3038d6e256fbea0bd4b310259de4befd80fe26a3887f031c36a7fe25efd424b,2020-08,Durham Constabulary,Durham Constabulary,-1.676123,54.664406,On or near Supermarket,E01020868,County Durham 055A,Shoplifting,Court result unavailable,
43376c1d3f254822dfdbfa39776046f47ac7eb475573c58ae1fe2631989ccadb,2020-08,Durham Constabulary,Durham Constabulary,-1.675447,54.657844,On or near Blackett Street,E01020868,County Durham 055A,Shoplifting,Formal action is not in the public interest,
57ff57162b13a179699935014bcb2aea34a71824c9bdd0de032c5c8248dc9665,2020-08,Durham Constabulary,Durham Constabulary,-1.674626,54.663575,On or near Shopping Area,E01020868,County Durham 055A,Shoplifting,Court result unavailable,
647aa87b375428b7f213ea0b33f4e9feb1facfc6a6e79c8c55bda87d3fdf11f3,2020-08,Durham Constabulary,Durham Constabulary,-1.676123,54.664406,On or near Supermarket,E01020868,County Durham 055A,Shoplifting,Investigation complete; no suspect identified,
fec70a433bba2eb28cb9a1a600dd458e0137063574262cedeacb911d4e0c8699,2020-08,Durham Constabulary,Durham Constabulary,-1.674698,54.662371,On or near Shopping Area,E01020868,County Durham 055A,Shoplifting,Investigation complete; no suspect identified,
f2262f6fd6fb8cd2eaebaac70ff26cf747669df3c939591a05f533d5513c5f53,2020-08,Durham Constabulary,Durham Constabulary,-1.675447,54.657844,On or near Blackett Street,E01020868,County Durham 055A,Shoplifting,Local resolution,
6ac826390260af9a3cc3e8d6205f5234972b02458c3dedcd810c67d2b2e726f8,2020-08,Durham Constabulary,Durham Constabulary,-1.674698,54.662371,On or near Shopping Area,E01020868,County Durham 055A,Shoplifting,Investigation complete; no suspect identified,
a0499e581018ace247562c09fe996345adcf952410aa561da3e6602b725a1205,2020-08,Durham Constabulary,Durham Constabulary,-1.674626,54.663575,On or near Shopping Area,E01020868,County Durham 055A,Shoplifting,Investigation complete; no suspect identified,
92e998c5ef120a89f4e5d66d80b2ba08ba93d5c0a22b6f84f85dcd9b30037961,2020-08,Durham Constabulary,Durham Constabulary,-1.674579,54.665570,On or near Shopping Area,E01020868,County Durham 055A,Shoplifting,Investigation complete; no suspect identified,
dbb725e9aed30b0c7bf4d1bcf6901ee2fe9cc14b772a71df4d7ebdcd4b9ad5ab,2020-08,Durham Constabulary,Durham Constabulary,-1.674626,54.663575,On or near Shopping Area,E01020868,County Durham 055A,Shoplifting,Unable to prosecute suspect,
e5a0fd104a5a50501d241e5a2f61cd57799419a162406a15fd4b6db16596b764,2020-08,Durham Constabulary,Durham Constabulary,-1.674626,54.663575,On or near Shopping Area,E01020868,County Durham 055A,Shoplifting,Investigation complete; no suspect identified,
bf1a357cbbcbcf2dc7e4b46137f9865f6950d2227bb9d78c4330a7c7d4e84b63,2020-08,Durham Constabulary,Durham Constabulary,-1.674626,54.663575,On or near Shopping Area,E01020868,County Durham 055A,Shoplifting,Investigation complete; no suspect identified,
7eecc397ffd823942952a248217ad0446d61b9ea98b2c7cac258c0137fa600aa,2020-08,Durham Constabulary,Durham Constabulary,-1.677503,54.664356,On or near Bus/Coach Station,E01020868,County Durham 055A,Shoplifting,Investigation complete; no suspect identified,
0a57ff6fb0a677b9e1527095800bafde2e4b0262ba06c1b796c9f12fb5742541,2020-08,Durham Constabulary,Durham Constabulary,-1.675283,54.664799,On or near Parking Area,E01020868,County Durham 055A,Theft from the person,Unable to prosecute suspect,
a49a1dccb376779164d95c038304198731db2329c452b09b30e9962fcc69f4ab,2020-08,Durham Constabulary,Durham Constabulary,-1.675622,54.663038,On or near Great Gates,E01020868,County Durham 055A,Theft from the person,Investigation complete; no suspect identified,
6ea9750977486935f6ebcd0f755869fe8b4e69fefd12c7496595d5ecb56d208e,2020-08,Durham Constabulary,Durham Constabulary,-1.676423,54.663733,On or near Tenters Street,E01020868,County Durham 055A,Theft from the person,Investigation complete; no suspect identified,
8f58d05465486a398c7ba1ec107e7aa668cff04b9344192a1a5e8cd5848473d7,2020-08,Durham Constabulary,Durham Constabulary,-1.675283,54.664799,On or near Parking Area,E01020868,County Durham 055A,Theft from the person,Investigation complete; no suspect identified,
dd164def61121afc37ae1803d127f99fb407cfbf6ce9c776a374f760992c80ee,2020-08,Durham Constabulary,Durham Constabulary,-1.675283,54.664799,On or near Parking Area,E01020868,County Durham 055A,Theft from the person,Investigation complete; no suspect identified,
9c4ed76f4193069f9aa575f03dc3a6644fccab6cb6aea4324a029b52396eec6a,2020-08,Durham Constabulary,Durham Constabulary,-1.673964,54.666853,On or near Wear Chare,E01020868,County Durham 055A,Violence and sexual offences,Unable to prosecute suspect,
4b79d56cd83eb2d2bf20f00253455e45c0cf9b1b4bfa2649235f539a79160f8b,2020-08,Durham Constabulary,Durham Constabulary,-1.677243,54.658109,On or near Petrol Station,E01020868,County Durham 055A,Violence and sexual offences,Further action is not in the public interest,
a76574e612bccbed0b357ac58045388f1061efdf1920b615736d04df43ee99ec,2020-08,Durham Constabulary,Durham Constabulary,-1.670371,54.658666,On or near Woodlands Road,E01020868,County Durham 055A,Violence and sexual offences,Unable to prosecute suspect,
8ee4463ad4afadcecfdab0e2de34c2223b71c97eee347af0c5575568897ab1b5,2020-08,Durham Constabulary,Durham Constabulary,-1.672485,54.665735,On or near Market Place,E01020868,County Durham 055A,Violence and sexual offences,Investigation complete; no suspect identified,
0793db2ed99d7a5c325fda367edcaa4d392dd49379624b6a2c717747f0d921e9,2020-08,Durham Constabulary,Durham Constabulary,-1.675283,54.664799,On or near Parking Area,E01020868,County Durham 055A,Violence and sexual offences,Court result unavailable,
3f81a28ace7fc9c604992420cd27a59e0a2dd70ea48bd3d8ffd34ec6b39e339e,2020-08,Durham Constabulary,Durham Constabulary,-1.674698,54.662371,On or near Shopping Area,E01020868,County Durham 055A,Violence and sexual offences,Unable to prosecute suspect,
c7c847b1cb67b49a8657cae90a98f93a9615f992c22f334b05be962b4c585254,2020-08,Durham Constabulary,Durham Constabulary,-1.677529,54.665066,On or near Fore Bondgate,E01020868,County Durham 055A,Violence and sexual offences,Court result unavailable,
4d7960976ae8c1a9d9db1b9ef82bc15e3af5258c2c44928a3eb19f39c035efba,2020-08,Durham Constabulary,Durham Constabulary,-1.673166,54.665809,On or near Bakehouse Hill,E01020868,County Durham 055A,Violence and sexual offences,Investigation complete; no suspect identified,
35e75a7d568a9a116976a8856253729824a26c7f47f1200eaba5d09ca47ab235,2020-08,Durham Constabulary,Durham Constabulary,-1.672836,54.666437,On or near Silver Street,E01020868,County Durham 055A,Violence and sexual offences,Unable to prosecute suspect,
c58e3d75cea8ee93b68954225adee0db50ff06b8f640d02d08f5187f2637857b,2020-08,Durham Constabulary,Durham Constabulary,-1.673166,54.665809,On or near Bakehouse Hill,E01020868,County Durham 055A,Violence and sexual offences,Investigation complete; no suspect identified,
4580a3bc0e4b5e8a41a6ee6eab1b096a188e4ce1888b64e88b4060ef1da08f6d,2020-08,Durham Constabulary,Durham Constabulary,-1.672836,54.666437,On or near Silver Street,E01020868,County Durham 055A,Violence and sexual offences,Investigation complete; no suspect identified,
ce8d57952f8035328eb7f856f45b2ff03f6c8eabe29a1caa10bd5468b429362a,2020-08,Durham Constabulary,Durham Constabulary,-1.673166,54.665809,On or near Bakehouse Hill,E01020868,County Durham 055A,Violence and sexual offences,Further investigation is not in the public interest,
8f7963db4efc4ace25150f454d9bacd9e323c6f0a180469d3808db767da2d7e0,2020-08,Durham Constabulary,Durham Constabulary,-1.672836,54.666437,On or near Silver Street,E01020868,County Durham 055A,Violence and sexual offences,Unable to prosecute suspect,
62311e8f5bde49c78b905b5554ed2d1aa11692a538fbc8fd8f34c727d61bb64f,2020-08,Durham Constabulary,Durham Constabulary,-1.675622,54.663038,On or near Great Gates,E01020868,County Durham 055A,Violence and sexual offences,Investigation complete; no suspect identified,
3ebfb093190cd90bb6734899b7ce44238f00f830d69f68ed0f93e4a33f9ecffb,2020-08,Durham Constabulary,Durham Constabulary,-1.675441,54.658536,On or near Union Street,E01020868,County Durham 055A,Violence and sexual offences,Investigation complete; no suspect identified,
1d975ce1dbfdedd73ac8178221d304d121e20798d939803a6c68b3010f075662,2020-08,Durham Constabulary,Durham Constabulary,-1.672836,54.666437,On or near Silver Street,E01020868,County Durham 055A,Violence and sexual offences,Unable to prosecute suspect,
82412126215672d1fa225a7ad6dd9461e50c658c6951c65b6520cf985aa40929,2020-08,Durham Constabulary,Durham Constabulary,-1.674245,54.660806,On or near Runnymede Court,E01020868,County Durham 055A,Violence and sexual offences,Unable to prosecute suspect,
6f648c97577fb2942ccd99719b24edad6b8545a72d6e266fb3d05c30906f63ce,2020-08,Durham Constabulary,Durham Constabulary,-1.672485,54.665735,On or near Market Place,E01020868,County Durham 055A,Violence and sexual offences,Investigation complete; no suspect identified,
8fe225eed9fe5b3572ea58cf34192226e8848355fc38e18998329b7201b31cf8,2020-08,Durham Constabulary,Durham Constabulary,-1.675447,54.657844,On or near Blackett Street,E01020868,County Durham 055A,Violence and sexual offences,Local resolution,
627098c95086ea7eae937fa73474f9c0819bb64a7f45ae6d4835ef412589a8f4,2020-08,Durham Constabulary,Durham Constabulary,-1.675283,54.664799,On or near Parking Area,E01020868,County Durham 055A,Violence and sexual offences,Court result unavailable,
34d8b5f4f961b4562bd53611075ee94528186df520b1ad80fd08aa75efea9a1b,2020-08,Durham Constabulary,Durham Constabulary,-1.677243,54.658109,On or near Petrol Station,E01020868,County Durham 055A,Violence and sexual offences,Unable to prosecute suspect,
e06eb1cb38a1ffd8e66e64d04f6472341b01764f05044b95389da0375bc15abe,2020-08,Durham Constabulary,Durham Constabulary,-1.673166,54.665809,On or near Bakehouse Hill,E01020868,County Durham 055A,Violence and sexual offences,Unable to prosecute suspect,
b07a6d7dc8bdf0dc1d627cb070e5ee649bbe6618eacfe5d0ea8546d4a8da7459,2020-08,Durham Constabulary,Durham Constabulary,-1.675622,54.663038,On or near Great Gates,E01020868,County Durham 055A,Violence and sexual offences,Unable to prosecute suspect,
462d6bf3991aea708c2c45f2285984898dd0bc8a4b09a06e5d14fe85b90b0340,2020-08,Durham Constabulary,Durham Constabulary,-1.674626,54.663575,On or near Shopping Area,E01020868,County Durham 055A,Violence and sexual offences,Court result unavailable,
accd50a3281f2cfc2056dbb8f0729c5a8e803cb97d5ec7bfa89ddf136a421603,2020-08,Durham Constabulary,Durham Constabulary,-1.673166,54.665809,On or near Bakehouse Hill,E01020868,County Durham 055A,Violence and sexual offences,Investigation complete; no suspect identified,
092f3432eafe7cbf3ac95254f017632cd0039f35ec9cf5c0a7f441ab496a0e06,2020-08,Durham Constabulary,Durham Constabulary,-1.675447,54.657844,On or near Blackett Street,E01020868,County Durham 055A,Violence and sexual offences,Unable to prosecute suspect,
1e5a344db0b15c269153ddf966982a2a6d1a6034ed8cd04b61587ac674c3fdc7,2020-08,Durham Constabulary,Durham Constabulary,-1.676123,54.664406,On or near Supermarket,E01020868,County Durham 055A,Violence and sexual offences,Unable to prosecute suspect,
c90e237522f07de2123d617ecf6140ed894baa9f37f21ee47b06761d78fbc0f6,2020-08,Durham Constabulary,Durham Constabulary,-1.675725,54.665672,On or near North Bondgate,E01020868,County Durham 055A,Violence and sexual offences,Unable to prosecute suspect,
960f40fc774f338aab6389062e3d2deee49693631d382008804f8c718ac9c0b9,2020-08,Durham Constabulary,Durham Constabulary,-1.675725,54.665672,On or near North Bondgate,E01020868,County Durham 055A,Violence and sexual offences,Unable to prosecute suspect,
e22bbe2715cb2c4f542872057a563f75dc8b0749169bf68c49310019cd174a85,2020-08,Durham Constabulary,Durham Constabulary,-1.670371,54.658666,On or near Woodlands Road,E01020868,County Durham 055A,Violence and sexual offences,Court result unavailable,
234563b33a9eb16b17881f48272cd1b5776dfdd15fa85809ddd57d4317bf5bb1,2020-08,Durham Constabulary,Durham Constabulary,-1.663860,54.662575,On or near Durham Road,E01020868,County Durham 055A,Violence and sexual offences,Further investigation is not in the public interest,
0ee2a7007eff6d35f377be1ced14bd2846abf689a3beefcbfba987c0b1a13a7e,2020-08,Durham Constabulary,Durham Constabulary,-1.677801,54.661948,On or near Vickers Street,E01020868,County Durham 055A,Other crime,Court result unavailable,
,2020-08,Durham Constabulary,Durham Constabulary,-1.678603,54.662516,On or near Gibbon Street,E01020869,County Durham 055B,Anti-social behaviour,,
,2020-08,Durham Constabulary,Durham Constabulary,-1.682220,54.667882,On or near A689,E01020869,County Durham 055B,Anti-social behaviour,,
,2020-08,Durham Constabulary,Durham Constabulary,-1.680388,54.662197,On or near Surtees Street,E01020869,County Durham 055B,Anti-social behaviour,,
427a6b3951cc87b97360f54acddceb08dfdcf215ac2627e07927441a04d97074,2020-08,Durham Constabulary,Durham Constabulary,-1.678603,54.662516,On or near Gibbon Street,E01020869,County Durham 055B,Burglary,Investigation complete; no suspect identified,
b9c23c650536a28162337f500420651c9157543e154de6a9b2329b094f26b19a,2020-08,Durham Constabulary,Durham Constabulary,-1.682333,54.665276,On or near Newton Cap Bank,E01020869,County Durham 055B,Burglary,Investigation complete; no suspect identified,
f632847c14c6911a0cd534197345891a147d414d094ae64e2d2cc4b3939e29fd,2020-08,Durham Constabulary,Durham Constabulary,-1.682738,54.663003,On or near Broken Banks,E01020869,County Durham 055B,Criminal damage and arson,Local resolution,
e4264cd288246d02cda0dbce9f323b0c325ecba86018eaa45706f4269cf4d22a,2020-08,Durham Constabulary,Durham Constabulary,-1.682220,54.667882,On or near A689,E01020869,County Durham 055B,Criminal damage and arson,Investigation complete; no suspect identified,
39a3c9ed296353aa9e33690f18df87fb899a8b722013428dba0ad51135d0ac37,2020-08,Durham Constabulary,Durham Constabulary,-1.682220,54.667882,On or near A689,E01020869,County Durham 055B,Vehicle crime,Investigation complete; no suspect identified,
50ec0b9dfd39922690e0efd86bdf4a8628353bb2da7054b7f035e12a546ebe86,2020-08,Durham Constabulary,Durham Constabulary,-1.679114,54.662563,On or near Waldron Street,E01020869,County Durham 055B,Violence and sexual offences,Court result unavailable,
713f0aaaa8cf9d025eee100ba09fcc0c2bc27f84b12e2de35d9dc3cfc5c90eed,2020-08,Durham Constabulary,Durham Constabulary,-1.680388,54.662197,On or near Surtees Street,E01020869,County Durham 055B,Violence and sexual offences,Unable to prosecute suspect,
971846210b5c432e21fd608fba424e32181dcdb73f90ed82a7e69900edc8eda2,2020-08,Durham Constabulary,Durham Constabulary,-1.694286,54.671481,On or near Peel Place,E01020869,County Durham 055B,Violence and sexual offences,Unable to prosecute suspect,
827d0cea6ef20ffb043584a87a27961c54ea8bd155012cfff5396fb03f68a237,2020-08,Durham Constabulary,Durham Constabulary,-1.682447,54.666507,On or near Lower Bridge Street,E01020869,County Durham 055B,Violence and sexual offences,Unable to prosecute suspect,
56d40337e6296cac007252e8d70c6b3f9a937ae7883ddaf20c5510389378c9c8,2020-08,Durham Constabulary,Durham Constabulary,-1.679114,54.662563,On or near Waldron Street,E01020869,County Durham 055B,Violence and sexual offences,Unable to prosecute suspect,
493c5b43c68a019c2afbb5c0cd71a0f56b8a0f57e9b660971dc8d35f02867077,2020-08,Durham Constabulary,Durham Constabulary,-1.679114,54.662563,On or near Waldron Street,E01020869,County Durham 055B,Violence and sexual offences,Unable to prosecute suspect,
d1b5f5705c371f9518c9aab3b9a12fd2c8c4aac3580a15e9c5998907bb7ebb4f,2020-08,Durham Constabulary,Durham Constabulary,-1.680388,54.662197,On or near Surtees Street,E01020869,County Durham 055B,Violence and sexual offences,Unable to prosecute suspect,
31933c8f0ed780ac541950f94e64b97029c1887831a9eee6df2a58c0cf32c082,2020-08,Durham Constabulary,Durham Constabulary,-1.691839,54.671061,On or near Sports/Recreation Area,E01020869,County Durham 055B,Violence and sexual offences,Unable to prosecute suspect,
,2020-08,Durham Constabulary,Durham Constabulary,-1.630863,54.661661,On or near Collingwood Street,E01020874,County Durham 055C,Anti-social behaviour,,
,2020-08,Durham Constabulary,Durham Constabulary,-1.633323,54.660438,On or near Police Station,E01020874,County Durham 055C,Anti-social behaviour,,
,2020-08,Durham Constabulary,Durham Constabulary,-1.630863,54.661661,On or near Collingwood Street,E01020874,County Durham 055C,Anti-social behaviour,,
,2020-08,Durham Constabulary,Durham Constabulary,-1.630863,54.661661,On or near Collingwood Street,E01020874,County Durham 055C,Anti-social behaviour,,
3400ba4b06e23d0dd333d821086422ac24fcc63ea0c8b30aa8f321f56fdcb174,2020-08,Durham Constabulary,Durham Constabulary,-1.621559,54.660321,On or near Fair View Close,E01020874,County Durham 055C,Burglary,Investigation complete; no suspect identified,
6f6b7d8c99e22a12c96e6b53871d2af61ff24df539ac1ffed5c41e50966dd659,2020-08,Durham Constabulary,Durham Constabulary,-1.630392,54.660644,On or near East Avenue,E01020874,County Durham 055C,Criminal damage and arson,Investigation complete; no suspect identified,
cbed287fc2f2e6a59ff9bb878760f0c5ff2c2490ff86181d179129470b7599ef,2020-08,Durham Constabulary,Durham Constabulary,-1.630392,54.660644,On or near East Avenue,E01020874,County Durham 055C,Criminal damage and arson,Investigation complete; no suspect identified,
201081b1a4958542a81e867fefe859839c837e83ec73a0675a5a97982c362e96,2020-08,Durham Constabulary,Durham Constabulary,-1.630392,54.660644,On or near East Avenue,E01020874,County Durham 055C,Other theft,Investigation complete; no suspect identified,
a6a8bda79342c58e34e5ab762fc654403ec1063eb1f9077968ae92b2ae716704,2020-08,Durham Constabulary,Durham Constabulary,-1.630392,54.660644,On or near East Avenue,E01020874,County Durham 055C,Other theft,Investigation complete; no suspect identified,
d7f03b45efd0f25631cdb4d370918b0864cf3d229cc0f586ddfe713af84fd9e5,2020-08,Durham Constabulary,Durham Constabulary,-1.630392,54.660644,On or near East Avenue,E01020874,County Durham 055C,Other theft,Investigation complete; no suspect identified,
becde736ca716a0c07ef4d708cac01464087675f56458034051d0b9db11b52c7,2020-08,Durham Constabulary,Durham Constabulary,-1.629587,54.660480,On or near Howlish View,E01020874,County Durham 055C,Theft from the person,Unable to prosecute suspect,
09387ce52cbc3b96bc902e813b6d9ec77f922e3fc6c29b7e7db14d4533f7bd22,2020-08,Durham Constabulary,Durham Constabulary,-1.629271,54.661207,On or near Greenwells Garth,E01020874,County Durham 055C,Violence and sexual offences,Unable to prosecute suspect,
0e3b8e6726b94216470f93ca9cd21e33569ab0c005c5dce6c07ef8261c44c87c,2020-08,Durham Constabulary,Durham Constabulary,-1.630863,54.661661,On or near Collingwood Street,E01020874,County Durham 055C,Violence and sexual offences,Unable to prosecute suspect,
e6c33ee0ed49bebbc569bd58a2cc457ac24c6d17213401eab2ea5e69134855ab,2020-08,Durham Constabulary,Durham Constabulary,-1.630863,54.661661,On or near Collingwood Street,E01020874,County Durham 055C,Violence and sexual offences,Investigation complete; no suspect identified,
6aa62f96365f2d27b4f170b09335873a0f1943de140607c6b8b4680917e63847,2020-08,Durham Constabulary,Durham Constabulary,-1.629587,54.660480,On or near Howlish View,E01020874,County Durham 055C,Violence and sexual offences,Unable to prosecute suspect,
f03fa7c5ef458445701b1713ca67d19af15877e49b033455cac74c42a223951a,2020-08,Durham Constabulary,Durham Constabulary,-1.630863,54.661661,On or near Collingwood Street,E01020874,County Durham 055C,Violence and sexual offences,Unable to prosecute suspect,
c2e1b446851dbca47de6caf53126ce0cdbead96a6f4017bfd1e0672fc8dc82dd,2020-08,Durham Constabulary,Durham Constabulary,-1.630392,54.660644,On or near East Avenue,E01020874,County Durham 055C,Violence and sexual offences,Investigation complete; no suspect identified,
4e6e0c3a9df45eb3b89cd44fd775dc7f3993c7068cb91951f45ac07bb1f7a77c,2020-08,Durham Constabulary,Durham Constabulary,-1.636091,54.664760,On or near Gurlish Terrace,E01020874,County Durham 055C,Violence and sexual offences,Unable to prosecute suspect,
153e71dffb11a644dd2aa346347845db5ac9dbcc4900a53f6c4d7f7393686e90,2020-08,Durham Constabulary,Durham Constabulary,-1.629587,54.660480,On or near Howlish View,E01020874,County Durham 055C,Violence and sexual offences,Court result unavailable,
55968fedf0a95146b4525e76ba809d271d471812876dfea01e382424e55f5acd,2020-08,Durham Constabulary,Durham Constabulary,-1.630392,54.660644,On or near East Avenue,E01020874,County Durham 055C,Violence and sexual offences,Unable to prosecute suspect,
7a4023735a5c668b743f3a9731d1f3c52ced28da0119beab7312ff536dd5b447,2020-08,Durham Constabulary,Durham Constabulary,-1.633227,54.659098,On or near Dixon Way,E01020874,County Durham 055C,Violence and sexual offences,Unable to prosecute suspect,
3935eac7b981000934545b434c78b727dbaa6bbb92cb09f5491f57801d57cfd5,2020-08,Durham Constabulary,Durham Constabulary,-1.630863,54.661661,On or near Collingwood Street,E01020874,County Durham 055C,Violence and sexual offences,Unable to prosecute suspect,
f2c9b2621820f27bbe42b14d58f6f1de6a4ad463a10385f135d6e4598ffe66ce,2020-08,Durham Constabulary,Durham Constabulary,-1.630392,54.660644,On or near East Avenue,E01020874,County Durham 055C,Violence and sexual offences,Unable to prosecute suspect,
f856ca57e26c5cb65a516f96fe6211b7aebfa1b31f837364f7da501e656b19aa,2020-08,Durham Constabulary,Durham Constabulary,-1.629587,54.660480,On or near Howlish View,E01020874,County Durham 055C,Violence and sexual offences,Status update unavailable,
15d5634eeef752678bcb60c0f6a89979a6bd3dfacdb7039f0df1b5ad38037254,2020-08,Durham Constabulary,Durham Constabulary,-1.636091,54.664760,On or near Gurlish Terrace,E01020874,County Durham 055C,Other crime,Unable to prosecute suspect,
,2020-08,Durham Constabulary,Durham Constabulary,-1.648685,54.646095,On or near Brook Terrace,E01020880,County Durham 055D,Anti-social behaviour,,
,2020-08,Durham Constabulary,Durham Constabulary,-1.642775,54.646833,On or near Heslop Street,E01020880,County Durham 055D,Anti-social behaviour,,
,2020-08,Durham Constabulary,Durham Constabulary,-1.651201,54.645501,On or near Oxford Street,E01020880,County Durham 055D,Anti-social behaviour,,
,2020-08,Durham Constabulary,Durham Constabulary,-1.648875,54.643822,On or near Millbank Terrace,E01020880,County Durham 055D,Anti-social behaviour,,
,2020-08,Durham Constabulary,Durham Constabulary,-1.652465,54.653502,On or near Morton Close,E01020880,County Durham 055D,Anti-social behaviour,,
,2020-08,Durham Constabulary,Durham Constabulary,-1.646619,54.646727,On or near Randolph Street,E01020880,County Durham 055D,Anti-social behaviour,,
,2020-08,Durham Constabulary,Durham Constabulary,-1.648419,54.644666,On or near Deanery Court,E01020880,County Durham 055D,Anti-social behaviour,,
,2020-08,Durham Constabulary,Durham Constabulary,-1.633699,54.658354,On or near A689,E01020880,County Durham 055D,Anti-social behaviour,,
,2020-08,Durham Constabulary,Durham Constabulary,-1.642109,54.646732,On or near Stanley Street,E01020880,County Durham 055D,Anti-social behaviour,,
,2020-08,Durham Constabulary,Durham Constabulary,-1.642109,54.646732,On or near Stanley Street,E01020880,County Durham 055D,Anti-social behaviour,,
,2020-08,Durham Constabulary,Durham Constabulary,-1.648566,54.647326,On or near Jackson Street,E01020880,County Durham 055D,Anti-social behaviour,,
,2020-08,Durham Constabulary,Durham Constabulary,-1.648875,54.643822,On or near Millbank Terrace,E01020880,County Durham 055D,Anti-social behaviour,,
904f3593c65171853250514a546510522650906a3d0d7be79578667ff395321f,2020-08,Durham Constabulary,Durham Constabulary,-1.633699,54.658354,On or near A689,E01020880,County Durham 055D,Criminal damage and arson,Investigation complete; no suspect identified,
f25be5f9fdb1558d13ba25389db740614f46c7ff7224ade8ab2d81639a4305c6,2020-08,Durham Constabulary,Durham Constabulary,-1.658595,54.645171,On or near Adelaide Bank,E01020880,County Durham 055D,Criminal damage and arson,Investigation complete; no suspect identified,
640a710ede585f0c221bd9953e5fb44be0c3644c9a6e2d13494dff155f815166,2020-08,Durham Constabulary,Durham Constabulary,-1.648590,54.648207,On or near Addison Street,E01020880,County Durham 055D,Criminal damage and arson,Unable to prosecute suspect,
bef6b91d49182ba88f11fa4a08b122ba6e6777d6a92733915593d3ea81df3b72,2020-08,Durham Constabulary,Durham Constabulary,-1.647638,54.645400,On or near Edward Street,E01020880,County Durham 055D,Criminal damage and arson,Investigation complete; no suspect identified,
b6bc0de4a6b8ad979c85e2c9585ec8e5feedd6036532373afffee398f6ebe162,2020-08,Durham Constabulary,Durham Constabulary,-1.651201,54.645501,On or near Oxford Street,E01020880,County Durham 055D,Drugs,Offender given a drugs possession warning,
af574188ecb80ed744e8aa38ec082dbffc313d00a4dad2a1e7b32b3037ad2b5e,2020-08,Durham Constabulary,Durham Constabulary,-1.642109,54.646732,On or near Stanley Street,E01020880,County Durham 055D,Other theft,Unable to prosecute suspect,
5550805da508c5c8594636b0357bbdc90b4878c85d5378299cd7c74901bafc22,2020-08,Durham Constabulary,Durham Constabulary,-1.640538,54.649199,On or near Dene Valley View,E01020880,County Durham 055D,Other theft,Investigation complete; no suspect identified,
19c806b4318b40e09785a2a4fde84b64a4a8bee38b6971c6f82307b28b477f4c,2020-08,Durham Constabulary,Durham Constabulary,-1.647541,54.645769,On or near John Street,E01020880,County Durham 055D,Other theft,Unable to prosecute suspect,
cc348acd94f46909555a6d83506ae94b4bab7bb8fdf777943e648814b8a3538f,2020-08,Durham Constabulary,Durham Constabulary,-1.650814,54.652626,On or near St Phillips Close,E01020880,County Durham 055D,Other theft,Investigation complete; no suspect identified,
0d34c1e00d4324939cc6144b986a4799464aa0fe2f1adfe82f127a4ea44fb07f,2020-08,Durham Constabulary,Durham Constabulary,-1.651201,54.645501,On or near Oxford Street,E01020880,County Durham 055D,Violence and sexual offences,Further investigation is not in the public interest,
ba97d52ca8e06676ee8ce7cb306d459c761080d5c7b8c960e0e14663f049346e,2020-08,Durham Constabulary,Durham Constabulary,-1.648875,54.643822,On or near Millbank Terrace,E01020880,County Durham 055D,Violence and sexual offences,Investigation complete; no suspect identified,
d45c5b8bdb9bcb29ec91663870149d31522efd28af5d6fcc6e1d10c4b2b0e595,2020-08,Durham Constabulary,Durham Constabulary,-1.647541,54.645769,On or near John Street,E01020880,County Durham 055D,Violence and sexual offences,Unable to prosecute suspect,
ec2b0861b0fd758184e2445ad492479964640adae599301d0155631a7891169d,2020-08,Durham Constabulary,Durham Constabulary,-1.641585,54.649966,On or near Sports/Recreation Area,E01020880,County Durham 055D,Violence and sexual offences,Local resolution,
55cbe9b7fd80fabed11cbd341ac9ad5cedf6663e088a458c014fccca385702cb,2020-08,Durham Constabulary,Durham Constabulary,-1.650814,54.652626,On or near St Phillips Close,E01020880,County Durham 055D,Violence and sexual offences,Status update unavailable,
08fd024807bbf631c0ac0a365aff18723602284362f53439496c2f7be9ad7ddc,2020-08,Durham Constabulary,Durham Constabulary,-1.650722,54.645283,On or near Wilson Street,E01020880,County Durham 055D,Violence and sexual offences,Unable to prosecute suspect,
61f89fa2bafc4a903b3d41fa4318faefce706c38b010e875e6514f425d14f2d7,2020-08,Durham Constabulary,Durham Constabulary,-1.642109,54.646732,On or near Stanley Street,E01020880,County Durham 055D,Violence and sexual offences,Unable to prosecute suspect,
55cbe9b7fd80fabed11cbd341ac9ad5cedf6663e088a458c014fccca385702cb,2020-08,Durham Constabulary,Durham Constabulary,-1.650814,54.652626,On or near St Phillips Close,E01020880,County Durham 055D,Violence and sexual offences,Unable to prosecute suspect,
5046f9f5860faf5d2bfdfd6c0401b4b2d81bb429855bfaab65a678115641e2c7,2020-08,Durham Constabulary,Durham Constabulary,-1.641585,54.649966,On or near Sports/Recreation Area,E01020880,County Durham 055D,Violence and sexual offences,Unable to prosecute suspect,
618361ba80fed5ee62f283ca73382b46be2d62f11f67239fe258100022302dd1,2020-08,Durham Constabulary,Durham Constabulary,-1.642775,54.646833,On or near Heslop Street,E01020880,County Durham 055D,Violence and sexual offences,Unable to prosecute suspect,
,2020-08,Durham Constabulary,Durham Constabulary,-1.665527,54.650223,On or near Mill Lane,E01020881,County Durham 055E,Anti-social behaviour,,
,2020-08,Durham Constabulary,Durham Constabulary,-1.656062,54.655256,On or near Douglas Crescent,E01020881,County Durham 055E,Anti-social behaviour,,
,2020-08,Durham Constabulary,Durham Constabulary,-1.665518,54.651355,On or near St Oswalds Close,E01020881,County Durham 055E,Anti-social behaviour,,
263571bb8cdf8e8007e4bf20b3a0a78e9204b74f4b28c6d6461d94aa0449d4a2,2020-08,Durham Constabulary,Durham Constabulary,-1.666502,54.650378,On or near Thorncliffe Grove,E01020881,County Durham 055E,Drugs,Offender given penalty notice,
e5b584b4e243a9b156770c2cd068e7a0036f6e76e764f69d3c632cb3c058f07f,2020-08,Durham Constabulary,Durham Constabulary,-1.654442,54.659871,On or near Redworth Grove,E01020881,County Durham 055E,Public order,Court result unavailable,
fa770a3f39c3bbf8eb463c01d28f487eb10c0738ab1e9056441ef99281b8ea6a,2020-08,Durham Constabulary,Durham Constabulary,-1.681590,54.641297,On or near Green Lane,E01020881,County Durham 055E,Shoplifting,Investigation complete; no suspect identified,
fe84c8e65d2eb9e76e9da23c7773b9c0666a41d708263385d7d3e6e4ac90aceb,2020-08,Durham Constabulary,Durham Constabulary,-1.681590,54.641297,On or near Green Lane,E01020881,County Durham 055E,Shoplifting,Investigation complete; no suspect identified,
ccf8982b2913947f0646c7444cb9fe1312c44648e4ede6b0c4666186c6cdd323,2020-08,Durham Constabulary,Durham Constabulary,-1.681590,54.641297,On or near Green Lane,E01020881,County Durham 055E,Shoplifting,Unable to prosecute suspect,
bf4bb0e7bbf72923e68dd8824b9af14a784f7ac1a26b08ce078b22688f796010,2020-08,Durham Constabulary,Durham Constabulary,-1.660441,54.654271,On or near Talbot Court,E01020881,County Durham 055E,Violence and sexual offences,Unable to prosecute suspect,
1e75022406ebdc785920663183fe8a2ea490bfc0e3f2ddd0da26eb5aca6f079a,2020-08,Durham Constabulary,Durham Constabulary,-1.661582,54.647480,On or near Rosemount Road,E01020881,County Durham 055E,Violence and sexual offences,Unable to prosecute suspect,
48fbb9bae7f09166bd63ee54f4182d4234a9182f4dbc767fb875582fca8a8039,2020-08,Durham Constabulary,Durham Constabulary,-1.656062,54.655256,On or near Douglas Crescent,E01020881,County Durham 055E,Violence and sexual offences,Unable to prosecute suspect,
399fed7e497298788b27465909f7623b4f6e80ea4e01f075a7cdda0b139e8009,2020-08,Durham Constabulary,Durham Constabulary,-1.666502,54.650378,On or near Thorncliffe Grove,E01020881,County Durham 055E,Violence and sexual offences,Local resolution,
44e48137c97786b6b0c1407a4cabc206bef9d0314aae5486a15d712becd4b414,2020-08,Durham Constabulary,Durham Constabulary,-1.660946,54.645663,On or near Milford Meadow,E01020881,County Durham 055E,Other crime,Formal action is not in the public interest,
07cf67b1c9187fc0b7a2e25501573972e3422240381a227880d026c800fed91e,2020-08,Durham Constabulary,Durham Constabulary,-1.693127,54.652516,On or near Sports/Recreation Area,E01020870,County Durham 056A,Other theft,Investigation complete; no suspect identified,
,2020-08,Durham Constabulary,Durham Constabulary,-1.682055,54.651247,On or near Helena Terrace,E01020871,County Durham 056B,Anti-social behaviour,,
,2020-08,Durham Constabulary,Durham Constabulary,-1.681705,54.652360,On or near Wordsworth Avenue,E01020871,County Durham 056B,Anti-social behaviour,,
,2020-08,Durham Constabulary,Durham Constabulary,-1.679296,54.653271,On or near Tivoli Place,E01020871,County Durham 056B,Anti-social behaviour,,
,2020-08,Durham Constabulary,Durham Constabulary,-1.678628,54.653404,On or near Brewer Street,E01020871,County Durham 056B,Anti-social behaviour,,
,2020-08,Durham Constabulary,Durham Constabulary,-1.679296,54.653271,On or near Tivoli Place,E01020871,County Durham 056B,Anti-social behaviour,,
,2020-08,Durham Constabulary,Durham Constabulary,-1.679296,54.653271,On or near Tivoli Place,E01020871,County Durham 056B,Anti-social behaviour,,
,2020-08,Durham Constabulary,Durham Constabulary,-1.679296,54.653271,On or near Tivoli Place,E01020871,County Durham 056B,Anti-social behaviour,,
,2020-08,Durham Constabulary,Durham Constabulary,-1.679296,54.653271,On or near Tivoli Place,E01020871,County Durham 056B,Anti-social behaviour,,
,2020-08,Durham Constabulary,Durham Constabulary,-1.679296,54.653271,On or near Tivoli Place,E01020871,County Durham 056B,Anti-social behaviour,,
,2020-08,Durham Constabulary,Durham Constabulary,-1.678628,54.653404,On or near Brewer Street,E01020871,County Durham 056B,Anti-social behaviour,,
66c1d1136326253c01585f7a1f7ba1bd6cf9d46662015053d20050c10fc25af3,2020-08,Durham Constabulary,Durham Constabulary,-1.679812,54.650729,On or near Percy Street,E01020871,County Durham 056B,Burglary,Court result unavailable,
b0cfb2af1d9d03cf43cb8e23197e5c3d81a50d73490a00651c9465427f277b91,2020-08,Durham Constabulary,Durham Constabulary,-1.679812,54.650729,On or near Percy Street,E01020871,County Durham 056B,Criminal damage and arson,Investigation complete; no suspect identified,
9857aac4b2ad3af671bd4bb49711795caa00a38608fcc13e0bc88f1a8b82becc,2020-08,Durham Constabulary,Durham Constabulary,-1.679238,54.654699,On or near Barnard Avenue,E01020871,County Durham 056B,Other theft,Investigation complete; no suspect identified,
e649cfd82cf1e7f13fab977f69638284505de63e5aa128eea590ebe7fb0f2023,2020-08,Durham Constabulary,Durham Constabulary,-1.679238,54.654699,On or near Barnard Avenue,E01020871,County Durham 056B,Public order,Unable to prosecute suspect,
82e0145f436598ff8eac2ce4651128de67f243ac6b62508b0e264a5fc2c2a8f9,2020-08,Durham Constabulary,Durham Constabulary,-1.681868,54.653340,On or near Northumberland Avenue,E01020871,County Durham 056B,Vehicle crime,Investigation complete; no suspect identified,
f6abd2b96b467c67b6b7ca0537b8ac8161cd7edb73dab88efc055828abea987c,2020-08,Durham Constabulary,Durham Constabulary,-1.681440,54.650670,On or near Short Street,E01020871,County Durham 056B,Violence and sexual offences,Court result unavailable,
e7e211c114285b28f741a5f65fd449eb5efa13c692db7554ae14127cd19bb475,2020-08,Durham Constabulary,Durham Constabulary,-1.679296,54.653271,On or near Tivoli Place,E01020871,County Durham 056B,Violence and sexual offences,Investigation complete; no suspect identified,
6ea3a222d0153e124d9c9242d1a8c8753d761b0d10ddbd509c2de956341cd329,2020-08,Durham Constabulary,Durham Constabulary,-1.681440,54.650670,On or near Short Street,E01020871,County Durham 056B,Violence and sexual offences,Unable to prosecute suspect,
46c055ad71a30870d26d9f6e74dc264a6386e17af8c1dc859122326f05fea227,2020-08,Durham Constabulary,Durham Constabulary,-1.681440,54.650670,On or near Short Street,E01020871,County Durham 056B,Violence and sexual offences,Court result unavailable,
0e1e6909d0dea7a10ad8462dbbaf47c34285277899a124126ca0c4abfd3f68f4,2020-08,Durham Constabulary,Durham Constabulary,-1.679812,54.650729,On or near Percy Street,E01020871,County Durham 056B,Violence and sexual offences,Unable to prosecute suspect,
9a0eb75aa28d1df1d21a975a7a7ac7d8f4c9ad057ed0d45b3e05599edffbae54,2020-08,Durham Constabulary,Durham Constabulary,-1.687478,54.651459,On or near Lumley Grove,E01020871,County Durham 056B,Violence and sexual offences,Unable to prosecute suspect,
3874ad987839b0d3add45197a40b11377916958114a3292334fd8c6b5bbc4181,2020-08,Durham Constabulary,Durham Constabulary,-1.679296,54.653271,On or near Tivoli Place,E01020871,County Durham 056B,Violence and sexual offences,Investigation complete; no suspect identified,
4dc6bd694482fd6a116b0cfb698e69f5d3257e185dae9f2aae97fd7165b7dbe1,2020-08,Durham Constabulary,Durham Constabulary,-1.680049,54.652068,On or near Rutland Avenue,E01020871,County Durham 056B,Violence and sexual offences,Unable to prosecute suspect,
a422997ad11179eea9ffc2b089f26b040f5022cc18b8ef96eb593e547435cc4d,2020-08,Durham Constabulary,Durham Constabulary,-1.679238,54.654699,On or near Barnard Avenue,E01020871,County Durham 056B,Violence and sexual offences,Unable to prosecute suspect,
8ccbeb937bf5a912f3c610133d388a2aab6832ea8ee354c5d6732e97da183d87,2020-08,Durham Constabulary,Durham Constabulary,-1.679296,54.653271,On or near Tivoli Place,E01020871,County Durham 056B,Violence and sexual offences,Unable to prosecute suspect,
f1ab52508f736b72052affaca4917051ab7af77e0c0035572e59faeed8ecf5f0,2020-08,Durham Constabulary,Durham Constabulary,-1.680049,54.652068,On or near Rutland Avenue,E01020871,County Durham 056B,Violence and sexual offences,Unable to prosecute suspect,
b622c06c1bd8575f10e47ee71248d5a5dbd7a4edc42ee351406901e08ebbfdd1,2020-08,Durham Constabulary,Durham Constabulary,-1.679238,54.654699,On or near Barnard Avenue,E01020871,County Durham 056B,Violence and sexual offences,Unable to prosecute suspect,
,2020-08,Durham Constabulary,Durham Constabulary,-1.677641,54.660689,On or near Oxford Terrace,E01020872,County Durham 056C,Anti-social behaviour,,
,2020-08,Durham Constabulary,Durham Constabulary,-1.680314,54.655817,On or near Hospital,E01020872,County Durham 056C,Anti-social behaviour,,
,2020-08,Durham Constabulary,Durham Constabulary,-1.681331,54.658578,On or near Sports/Recreation Area,E01020872,County Durham 056C,Anti-social behaviour,,
,2020-08,Durham Constabulary,Durham Constabulary,-1.679965,54.660821,On or near Nelson Street,E01020872,County Durham 056C,Anti-social behaviour,,
,2020-08,Durham Constabulary,Durham Constabulary,-1.679965,54.660821,On or near Nelson Street,E01020872,County Durham 056C,Anti-social behaviour,,
,2020-08,Durham Constabulary,Durham Constabulary,-1.678356,54.660359,On or near May Street,E01020872,County Durham 056C,Anti-social behaviour,,
,2020-08,Durham Constabulary,Durham Constabulary,-1.678871,54.659974,On or near Hutchinson Street,E01020872,County Durham 056C,Anti-social behaviour,,
,2020-08,Durham Constabulary,Durham Constabulary,-1.679965,54.660821,On or near Nelson Street,E01020872,County Durham 056C,Anti-social behaviour,,
,2020-08,Durham Constabulary,Durham Constabulary,-1.680314,54.655817,On or near Hospital,E01020872,County Durham 056C,Anti-social behaviour,,
,2020-08,Durham Constabulary,Durham Constabulary,-1.678753,54.661187,On or near Durham Street,E01020872,County Durham 056C,Anti-social behaviour,,
,2020-08,Durham Constabulary,Durham Constabulary,-1.678753,54.661187,On or near Durham Street,E01020872,County Durham 056C,Anti-social behaviour,,
,2020-08,Durham Constabulary,Durham Constabulary,-1.679965,54.660821,On or near Nelson Street,E01020872,County Durham 056C,Anti-social behaviour,,
,2020-08,Durham Constabulary,Durham Constabulary,-1.679965,54.660821,On or near Nelson Street,E01020872,County Durham 056C,Anti-social behaviour,,
,2020-08,Durham Constabulary,Durham Constabulary,-1.679469,54.658897,On or near Wesley Grove,E01020872,County Durham 056C,Anti-social behaviour,,
,2020-08,Durham Constabulary,Durham Constabulary,-1.677930,54.657464,On or near Parking Area,E01020872,County Durham 056C,Anti-social behaviour,,
,2020-08,Durham Constabulary,Durham Constabulary,-1.679679,54.661737,On or near Prince'S Street,E01020872,County Durham 056C,Anti-social behaviour,,
,2020-08,Durham Constabulary,Durham Constabulary,-1.681331,54.658578,On or near Sports/Recreation Area,E01020872,County Durham 056C,Anti-social behaviour,,
,2020-08,Durham Constabulary,Durham Constabulary,-1.680314,54.655817,On or near Hospital,E01020872,County Durham 056C,Anti-social behaviour,,
2089adb8e929fc66bce0169f15c395a344f0203240951425406dbae1100d50b9,2020-08,Durham Constabulary,Durham Constabulary,-1.677930,54.657464,On or near Parking Area,E01020872,County Durham 056C,Burglary,Investigation complete; no suspect identified,
f2e6fb93fb9eff3c5cbd602f9552d411f211a1ce64b9455a87386a3cefcf27b9,2020-08,Durham Constabulary,Durham Constabulary,-1.677930,54.657464,On or near Parking Area,E01020872,County Durham 056C,Criminal damage and arson,Investigation complete; no suspect identified,
38be34d3ef1772b0f126dab046200945c8fa1307a46e4485abeeb04295923817,2020-08,Durham Constabulary,Durham Constabulary,-1.677930,54.657464,On or near Parking Area,E01020872,County Durham 056C,Criminal damage and arson,Investigation complete; no suspect identified,
45924bb8c9d2d14c6c5350ccc4a7803592fb6f13126871a76a099137df264a74,2020-08,Durham Constabulary,Durham Constabulary,-1.679965,54.660821,On or near Nelson Street,E01020872,County Durham 056C,Criminal damage and arson,Unable to prosecute suspect,
c07c8256942a7be95c34a972a2ec5f3f5fabdc9eba5ced0d3b6e3171a75a88e4,2020-08,Durham Constabulary,Durham Constabulary,-1.679965,54.660821,On or near Nelson Street,E01020872,County Durham 056C,Criminal damage and arson,Court result unavailable,
9bc86c205ced179cdd0bed73c2209f43cef09a42b3f2054220f53ae64a1803b6,2020-08,Durham Constabulary,Durham Constabulary,-1.679266,54.660963,On or near Bishop Street,E01020872,County Durham 056C,Criminal damage and arson,Court result unavailable,
8c4a9a70bf5e8b17a924ccccb7adb71e6b2bee81c297d5e947489ef5776383fd,2020-08,Durham Constabulary,Durham Constabulary,-1.677930,54.657464,On or near Parking Area,E01020872,County Durham 056C,Criminal damage and arson,Investigation complete; no suspect identified,
ffe2bbdc34551eeb290526d24a3cd4165ba7b4d44e2c21f54b0d398b4cb482c4,2020-08,Durham Constabulary,Durham Constabulary,-1.679965,54.660821,On or near Nelson Street,E01020872,County Durham 056C,Criminal damage and arson,Unable to prosecute suspect,
d39cb0f0e3826364ca321c7aac6a6a5369e228ce717e2005c7cdaa8da6d885f3,2020-08,Durham Constabulary,Durham Constabulary,-1.677930,54.657464,On or near Parking Area,E01020872,County Durham 056C,Other theft,Investigation complete; no suspect identified,
bcbdc5ee67692a87b42000f60f85cf96fe8d130879ed2c1557d55cd6d405824e,2020-08,Durham Constabulary,Durham Constabulary,-1.677930,54.657464,On or near Parking Area,E01020872,County Durham 056C,Other theft,Investigation complete; no suspect identified,
ebde8ac622328d9909741a9aefac1f5a95b09f2f9602d504cabcccf1f99d7f66,2020-08,Durham Constabulary,Durham Constabulary,-1.677930,54.657464,On or near Parking Area,E01020872,County Durham 056C,Other theft,Unable to prosecute suspect,
ccbd68c9babd31d9e4a3dbd6957d66ef4ed894385826257d451ba57b2b491856,2020-08,Durham Constabulary,Durham Constabulary,-1.678871,54.659974,On or near Hutchinson Street,E01020872,County Durham 056C,Public order,Investigation complete; no suspect identified,
e117d8af6f54e5592106800a639830cea4bb2cd067b8208c7a35f305704d8d4d,2020-08,Durham Constabulary,Durham Constabulary,-1.681331,54.658578,On or near Sports/Recreation Area,E01020872,County Durham 056C,Public order,Investigation complete; no suspect identified,
dcc890aa53f6d394761e75ad89e2d807d838b5641b3223a6336d7c18d5283d33,2020-08,Durham Constabulary,Durham Constabulary,-1.679469,54.658897,On or near Wesley Grove,E01020872,County Durham 056C,Shoplifting,Court result unavailable,
89998ccc30652e7a1fb4f7d63bed54d61f9611458cf4e9bc8288ed5ae20596b4,2020-08,Durham Constabulary,Durham Constabulary,-1.679469,54.658897,On or near Wesley Grove,E01020872,County Durham 056C,Shoplifting,Court result unavailable,
1bbdf984753dc9bdbef15920764a6785a1218fddb544e3de47191455908e3beb,2020-08,Durham Constabulary,Durham Constabulary,-1.679469,54.658897,On or near Wesley Grove,E01020872,County Durham 056C,Shoplifting,Court result unavailable,
15cc79458c730dedb1faa7c81399aaf8cf9ecb59801abe0fe8a93399b2dff26b,2020-08,Durham Constabulary,Durham Constabulary,-1.679469,54.658897,On or near Wesley Grove,E01020872,County Durham 056C,Shoplifting,Court result unavailable,
171aca1d8cc6846ec79e7c80484e210210ab877d52067fceeab68f226ec865b1,2020-08,Durham Constabulary,Durham Constabulary,-1.679469,54.658897,On or near Wesley Grove,E01020872,County Durham 056C,Shoplifting,Offender given penalty notice,
6a6d451856876776db14cba7d54c4c9ed9f81fa7baffcd7902b7d1510acabaa0,2020-08,Durham Constabulary,Durham Constabulary,-1.679469,54.658897,On or near Wesley Grove,E01020872,County Durham 056C,Shoplifting,Court result unavailable,
4c4d92f325ef6aa6571278513fb81807e89e858a775fc82bea9deb7504fee69f,2020-08,Durham Constabulary,Durham Constabulary,-1.679965,54.660821,On or near Nelson Street,E01020872,County Durham 056C,Vehicle crime,Investigation complete; no suspect identified,
bc92940f5d34a394b62a2c9ebf58e2a76c35d27d1c1ec9b8c454d8bfaf2c28ea,2020-08,Durham Constabulary,Durham Constabulary,-1.679469,54.658897,On or near Wesley Grove,E01020872,County Durham 056C,Vehicle crime,Investigation complete; no suspect identified,
4cf97b807494db4382ce7e46966ba7867f74c02d1d628a8ecff94f259b6e5a56,2020-08,Durham Constabulary,Durham Constabulary,-1.681169,54.661463,On or near Green Lane,E01020872,County Durham 056C,Violence and sexual offences,Unable to prosecute suspect,
6b038f2b916a8b8d996c397382069a09d93a9061299595640735803b6b2a887b,2020-08,Durham Constabulary,Durham Constabulary,-1.679965,54.660821,On or near Nelson Street,E01020872,County Durham 056C,Violence and sexual offences,Unable to prosecute suspect,
70a409591c213db5fd098e9c308598d0983c81b3c802832163ed4cf3a1481d69,2020-08,Durham Constabulary,Durham Constabulary,-1.678871,54.659974,On or near Hutchinson Street,E01020872,County Durham 056C,Violence and sexual offences,Unable to prosecute suspect,
2ef52f90959b30e5ae8e0cfb4f804ae90694eff97a737b6812d014541277687d,2020-08,Durham Constabulary,Durham Constabulary,-1.679965,54.660821,On or near Nelson Street,E01020872,County Durham 056C,Violence and sexual offences,Court result unavailable,
9973914315de9cc453d620a2ab942b61d719031570fde60ae80238e108cfb661,2020-08,Durham Constabulary,Durham Constabulary,-1.680314,54.655817,On or near Hospital,E01020872,County Durham 056C,Violence and sexual offences,Unable to prosecute suspect,
02f287c17b1eea3ffaa4a41c132b6839e021b71d9886ecba5ce564e2c1070e27,2020-08,Durham Constabulary,Durham Constabulary,-1.679965,54.660821,On or near Nelson Street,E01020872,County Durham 056C,Violence and sexual offences,Unable to prosecute suspect,
92b7d1605e97fc61ccf4d5f00d858586b22b2e6d008fda070c0cf3bc92c366f7,2020-08,Durham Constabulary,Durham Constabulary,-1.679965,54.660821,On or near Nelson Street,E01020872,County Durham 056C,Violence and sexual offences,Unable to prosecute suspect,
2539bb1a0111701fa975faf3ffece0de833a3fe3fc6fdfdad1237a8b1ca7e100,2020-08,Durham Constabulary,Durham Constabulary,-1.679266,54.660963,On or near Bishop Street,E01020872,County Durham 056C,Violence and sexual offences,Court result unavailable,
3b1be4bf673841df9f67f3931961e6a215a83ed7254aaeb6bcf661ca79f7d158,2020-08,Durham Constabulary,Durham Constabulary,-1.683000,54.655293,On or near Hospital,E01020872,County Durham 056C,Violence and sexual offences,Unable to prosecute suspect,
66b80ec57d79010106db7849b0114975759ea13f68d5bb6f933ae8c45751ef58,2020-08,Durham Constabulary,Durham Constabulary,-1.679266,54.660963,On or near Bishop Street,E01020872,County Durham 056C,Violence and sexual offences,Court result unavailable,
389b44214aed3d46cbb15c319a16a9a2f904a3d7b5d28aba5b1cfc951a0744d3,2020-08,Durham Constabulary,Durham Constabulary,-1.680314,54.655817,On or near Hospital,E01020872,County Durham 056C,Violence and sexual offences,Further investigation is not in the public interest,
f30edf62aa345e08b89d804b38c40b6f61e2af3faad40bd846c81f3d9cfc57a5,2020-08,Durham Constabulary,Durham Constabulary,-1.679965,54.660821,On or near Nelson Street,E01020872,County Durham 056C,Other crime,Unable to prosecute suspect,
fbc3c1dadcf32a170a54085faf2bd06254f33f1808276df443ffa51cd76aeb28,2020-08,Durham Constabulary,Durham Constabulary,-1.679965,54.660821,On or near Nelson Street,E01020872,County Durham 056C,Other crime,Court result unavailable,
01749f3fbe0be2915fb862223c1f940c9eb5880843459390bf8806209600a31b,2020-08,Durham Constabulary,Durham Constabulary,-1.683000,54.655293,On or near Hospital,E01020872,County Durham 056C,Other crime,Further investigation is not in the public interest,
d361ef6445b3944bacfc67d897973ae17acf56b870962ca2bfbd9acedfa33013,2020-08,Durham Constabulary,Durham Constabulary,-1.702730,54.655451,On or near Etherley Lane,E01020883,County Durham 056D,Violence and sexual offences,Unable to prosecute suspect,
2cb2f7de1850f3891c9c2e224121d893119b891b6649fe8b55621dc6f5ed5d7f,2020-08,Durham Constabulary,Durham Constabulary,-1.700967,54.652814,On or near Rush Park,E01020883,County Durham 056D,Violence and sexual offences,Further investigation is not in the public interest,
78d31ab7e4c344b4ede73494eb9495d05e341c8baf4bf643d632308910021b31,2020-08,Durham Constabulary,Durham Constabulary,-1.703374,54.654195,On or near Stirling Close,E01020883,County Durham 056D,Violence and sexual offences,Investigation complete; no suspect identified,
e0f8b408c363b2269d167f51cde374ea3381e7356f8ab541e5a15d3fa4ac385e,2020-08,Durham Constabulary,Durham Constabulary,-1.704183,54.656030,On or near Beckett Close,E01020883,County Durham 056D,Violence and sexual offences,Unable to prosecute suspect,
,2020-08,Durham Constabulary,Durham Constabulary,-1.675837,54.655589,On or near Linden Road,E01020886,County Durham 056E,Anti-social behaviour,,
,2020-08,Durham Constabulary,Durham Constabulary,-1.676146,54.653739,On or near Fleet Street,E01020886,County Durham 056E,Anti-social behaviour,,
,2020-08,Durham Constabulary,Durham Constabulary,-1.671335,54.656476,On or near St Andrew'S Place,E01020886,County Durham 056E,Anti-social behaviour,,
,2020-08,Durham Constabulary,Durham Constabulary,-1.675246,54.655785,On or near Beech Road,E01020886,County Durham 056E,Anti-social behaviour,,
,2020-08,Durham Constabulary,Durham Constabulary,-1.675382,54.654276,On or near Ashcroft Gardens,E01020886,County Durham 056E,Anti-social behaviour,,
,2020-08,Durham Constabulary,Durham Constabulary,-1.673432,54.655906,On or near Hawthorn Road,E01020886,County Durham 056E,Anti-social behaviour,,
,2020-08,Durham Constabulary,Durham Constabulary,-1.675837,54.655589,On or near Linden Road,E01020886,County Durham 056E,Anti-social behaviour,,
,2020-08,Durham Constabulary,Durham Constabulary,-1.677081,54.653112,On or near Alderson Street,E01020886,County Durham 056E,Anti-social behaviour,,
,2020-08,Durham Constabulary,Durham Constabulary,-1.676535,54.653488,On or near James Street,E01020886,County Durham 056E,Anti-social behaviour,,
,2020-08,Durham Constabulary,Durham Constabulary,-1.677081,54.653112,On or near Alderson Street,E01020886,County Durham 056E,Anti-social behaviour,,
,2020-08,Durham Constabulary,Durham Constabulary,-1.676146,54.653739,On or near Fleet Street,E01020886,County Durham 056E,Anti-social behaviour,,
,2020-08,Durham Constabulary,Durham Constabulary,-1.675837,54.655589,On or near Linden Road,E01020886,County Durham 056E,Anti-social behaviour,,
,2020-08,Durham Constabulary,Durham Constabulary,-1.676693,54.657020,On or near Newgate Street,E01020886,County Durham 056E,Anti-social behaviour,,
7d67d974b9b888dc9cc2913d8072d43c21971cd1d7caed583110df796e54561b,2020-08,Durham Constabulary,Durham Constabulary,-1.675837,54.655589,On or near Linden Road,E01020886,County Durham 056E,Bicycle theft,Local resolution,
c0713a1189cef7e176d1b92f45521fbb57c0f2513a7d0599dd7fd1a6161f1e5b,2020-08,Durham Constabulary,Durham Constabulary,-1.673432,54.655906,On or near Hawthorn Road,E01020886,County Durham 056E,Burglary,Investigation complete; no suspect identified,
50b2347b15753fac4dc35a92eece8796cc4abaf4147677ac2e4156739a5e3733,2020-08,Durham Constabulary,Durham Constabulary,-1.676870,54.654253,On or near Oaklea Terrace,E01020886,County Durham 056E,Burglary,Investigation complete; no suspect identified,
7743b1c56618041af4c5ada7d7935631bbe41bb6f8f86f13d86af68f37366ee1,2020-08,Durham Constabulary,Durham Constabulary,-1.675148,54.656396,On or near Leopold Place,E01020886,County Durham 056E,Burglary,Investigation complete; no suspect identified,
65cff2fc7559d556d8c98cefe0d3ae2441bec137cf337ddbe6754c92c03167f8,2020-08,Durham Constabulary,Durham Constabulary,-1.675148,54.656396,On or near Leopold Place,E01020886,County Durham 056E,Burglary,Investigation complete; no suspect identified,
d9169642074eed8ae782ff06b044c45f0b17b37eebb88c7d82142c97dcd6c0d4,2020-08,Durham Constabulary,Durham Constabulary,-1.675148,54.656396,On or near Leopold Place,E01020886,County Durham 056E,Burglary,Investigation complete; no suspect identified,
8aa4237d0ac7158efa8bb9a05ae5e23e5ad7480b31315c64c495c4aa7bc11b5f,2020-08,Durham Constabulary,Durham Constabulary,-1.673432,54.655906,On or near Hawthorn Road,E01020886,County Durham 056E,Criminal damage and arson,Investigation complete; no suspect identified,
05e50396bce045432f5c1ca509f04724b9531058d6ee49891691e2003e69fcc4,2020-08,Durham Constabulary,Durham Constabulary,-1.676693,54.657020,On or near Newgate Street,E01020886,County Durham 056E,Criminal damage and arson,Investigation complete; no suspect identified,
0c18c855423a217e000d367466015b07a36d5359f8af0a381f94fde1b104d665,2020-08,Durham Constabulary,Durham Constabulary,-1.673432,54.655906,On or near Hawthorn Road,E01020886,County Durham 056E,Criminal damage and arson,Investigation complete; no suspect identified,
cddb0f61c611c0e74e23fedfe3fb63fc693749e2d1c09c86a74f40367f3b45aa,2020-08,Durham Constabulary,Durham Constabulary,-1.676535,54.653488,On or near James Street,E01020886,County Durham 056E,Criminal damage and arson,Investigation complete; no suspect identified,
822c276401715feb1b9d3f3f5e06366e610ad5afd21a6fb45780fa62bbafad87,2020-08,Durham Constabulary,Durham Constabulary,-1.674659,54.655604,On or near Elm Terrace,E01020886,County Durham 056E,Criminal damage and arson,Investigation complete; no suspect identified,
0b6bc25b0e7b5743dcffbcf9727cdbea047c3029de01934956a983c5a6dd7626,2020-08,Durham Constabulary,Durham Constabulary,-1.673432,54.655906,On or near Hawthorn Road,E01020886,County Durham 056E,Drugs,Court result unavailable,
598976c6d5135960e0eb826f0cba01ce734e69ded35385718b63098fa0f2305a,2020-08,Durham Constabulary,Durham Constabulary,-1.674659,54.655604,On or near Elm Terrace,E01020886,County Durham 056E,Other theft,Investigation complete; no suspect identified,
3bc5d89be6859f44d1fa83a26d7cd865e782ec3d85ea0e86ecb8bbb27cdb1ccc,2020-08,Durham Constabulary,Durham Constabulary,-1.672705,54.653774,On or near Eastlea Avenue,E01020886,County Durham 056E,Possession of weapons,Investigation complete; no suspect identified,
9b9fd8b5f9723bb7fa3249f3dd983eab5476b743b35a52f31c19516721af0baf,2020-08,Durham Constabulary,Durham Constabulary,-1.676870,54.654253,On or near Oaklea Terrace,E01020886,County Durham 056E,Public order,Unable to prosecute suspect,
9ab5af6435ec6cb37d8c68fdba439d965f18be85c7edb9fd7dd99f0664b35155,2020-08,Durham Constabulary,Durham Constabulary,-1.676377,54.653856,On or near Hurworth Street,E01020886,County Durham 056E,Theft from the person,Unable to prosecute suspect,
58d606a97d154e3c24e4e0d8736cb9000832d532ce56e1279973daf204bf9fa8,2020-08,Durham Constabulary,Durham Constabulary,-1.675837,54.655589,On or near Linden Road,E01020886,County Durham 056E,Violence and sexual offences,Unable to prosecute suspect,
7ffe762111776b6f17c2aff821fa3469cc8fe119aec9a93243b16badd07874ef,2020-08,Durham Constabulary,Durham Constabulary,-1.673432,54.655906,On or near Hawthorn Road,E01020886,County Durham 056E,Violence and sexual offences,Unable to prosecute suspect,
a0b61066e6092b466f8b386161a99fc369707524f9c29d52940a4c9d4d2dc604,2020-08,Durham Constabulary,Durham Constabulary,-1.671834,54.656064,On or near Dixon Street,E01020886,County Durham 056E,Violence and sexual offences,Unable to prosecute suspect,
746e128499b7ef64eab05e886a704bccfef5ca380fd4cf28fd05f3a927b18b14,2020-08,Durham Constabulary,Durham Constabulary,-1.674018,54.656213,On or near Cedar Road,E01020886,County Durham 056E,Violence and sexual offences,Unable to prosecute suspect,
bc93f6800e57464e1c57f2b3a5b55d02b0da535c8638bf504d529f2d1b826da2,2020-08,Durham Constabulary,Durham Constabulary,-1.671834,54.656064,On or near Dixon Street,E01020886,County Durham 056E,Violence and sexual offences,Status update unavailable,
5a40ed1d62978381e5d22e76671dce9ef40ea04b81b32bde1ea941caa58d320a,2020-08,Durham Constabulary,Durham Constabulary,-1.674018,54.656213,On or near Cedar Road,E01020886,County Durham 056E,Violence and sexual offences,Unable to prosecute suspect,
8afd16e6c031b5a27f21134ccf1b2cc6b6f072cf1820be6dd31082e3568286d0,2020-08,Durham Constabulary,Durham Constabulary,-1.675148,54.656396,On or near Leopold Place,E01020886,County Durham 056E,Violence and sexual offences,Local resolution,
8b578a1e7b454a9e71dd1fb540fd5ff7be9f572f1979cd2f6b494d656f75ae31,2020-08,Durham Constabulary,Durham Constabulary,-1.673432,54.655906,On or near Hawthorn Road,E01020886,County Durham 056E,Violence and sexual offences,Further investigation is not in the public interest,
bdec18d27485d9ef9ffd913712879c344d4d976b44ac54d15679a4889b643330,2020-08,Durham Constabulary,Durham Constabulary,-1.674515,54.654121,On or near Sports/Recreation Area,E01020886,County Durham 056E,Violence and sexual offences,Unable to prosecute suspect,
87b46f7722966d9bfc34fa82f4529da731161e5862d7ac8d0a64f1910217565f,2020-08,Durham Constabulary,Durham Constabulary,-1.675837,54.655589,On or near Linden Road,E01020886,County Durham 056E,Violence and sexual offences,Unable to prosecute suspect,
61b36390388e2b0d77859157ec75ec933dd62c6884f0f718715450efe22ef6fc,2020-08,Durham Constabulary,Durham Constabulary,-1.676693,54.657020,On or near Newgate Street,E01020886,County Durham 056E,Violence and sexual offences,Unable to prosecute suspect,
b7ccd75fd811d82e92786716dd239a1e0c5980442d7a1f409d3324b58326aa39,2020-08,Durham Constabulary,Durham Constabulary,-1.673432,54.655906,On or near Hawthorn Road,E01020886,County Durham 056E,Violence and sexual offences,Unable to prosecute suspect,
d24d51c881999b32920824dad3596217aec64f0feeb351c69d4ddf4d76f093ea,2020-08,Durham Constabulary,Durham Constabulary,-1.676377,54.653856,On or near Hurworth Street,E01020886,County Durham 056E,Violence and sexual offences,Status update unavailable,
c410f30d32b015d7a39145950a23124a26d5514eca65988db83a743a61353c06,2020-08,Durham Constabulary,Durham Constabulary,-1.676377,54.653856,On or near Hurworth Street,E01020886,County Durham 056E,Violence and sexual offences,Unable to prosecute suspect,
46e2ddb78cab797ddf5148539a52282346666a6792af82ca597584e29724c10c,2020-08,Durham Constabulary,Durham Constabulary,-1.675891,54.656542,On or near Albion Terrace,E01020886,County Durham 056E,Violence and sexual offences,Unable to prosecute suspect,
8c50d47aa8c36c53bb8d11d5c80375922246862c9e861168f20d55910827a822,2020-08,Durham Constabulary,Durham Constabulary,-1.673432,54.655906,On or near Hawthorn Road,E01020886,County Durham 056E,Violence and sexual offences,Unable to prosecute suspect,
7c3ab4259aa3dbaecf7a864bdc41c92473f29bb062a4118e7c149323b703020e,2020-08,Durham Constabulary,Durham Constabulary,-1.676693,54.657020,On or near Newgate Street,E01020886,County Durham 056E,Violence and sexual offences,Unable to prosecute suspect,
19134f7ad967b3ef9f7c0fc9043cd1283c7c7b4eff700651ace29e0c21f2ee84,2020-08,Durham Constabulary,Durham Constabulary,-1.675837,54.655589,On or near Linden Road,E01020886,County Durham 056E,Violence and sexual offences,Unable to prosecute suspect,
de09032cd8745837d5103dfabd2bd6cfa9097447d327814d870d04e7ccb25c0d,2020-08,Durham Constabulary,Durham Constabulary,-1.675837,54.655589,On or near Linden Road,E01020886,County Durham 056E,Violence and sexual offences,Unable to prosecute suspect,
37f4fba98df36f936a8f622bf7076f1235db36c381c77273b2c6cf3aed21a188,2020-08,Durham Constabulary,Durham Constabulary,-1.674018,54.656213,On or near Cedar Road,E01020886,County Durham 056E,Violence and sexual offences,Investigation complete; no suspect identified,
df682b5222a5d8669d3c26e374f2f85077114b934dda82d3c254940ed8435964,2020-08,Durham Constabulary,Durham Constabulary,-1.673432,54.655906,On or near Hawthorn Road,E01020886,County Durham 056E,Violence and sexual offences,Unable to prosecute suspect,
fefa82db49f23d95d9066c4f5f3149103c2b14f37d9cc4b316c5b1f0d8e5a056,2020-08,Durham Constabulary,Durham Constabulary,-1.673432,54.655906,On or near Hawthorn Road,E01020886,County Durham 056E,Violence and sexual offences,Court result unavailable,
805ed3afc51170668ca413a14bba65856b9230c2405ba69e315a4189cfbc9c04,2020-08,Durham Constabulary,Durham Constabulary,-1.676377,54.653856,On or near Hurworth Street,E01020886,County Durham 056E,Violence and sexual offences,Unable to prosecute suspect,
12957b52bff4abfbba3f7bb9a8ddcacddda16ff95a5486d3091ca3d88725589a,2020-08,Durham Constabulary,Durham Constabulary,-1.675837,54.655589,On or near Linden Road,E01020886,County Durham 056E,Violence and sexual offences,Action to be taken by another organisation,
ff20b1731e1da1840ecbdf09d8f1533bec50f5e658ca75e74f1a280f7dc43930,2020-08,Durham Constabulary,Durham Constabulary,-1.671834,54.656064,On or near Dixon Street,E01020886,County Durham 056E,Violence and sexual offences,Offender given a caution,
1a703f0ca9b416d4fd5ef04a264f8529b206edc1aff6f05e650e535d8c4f6982,2020-08,Durham Constabulary,Durham Constabulary,-1.675837,54.655589,On or near Linden Road,E01020886,County Durham 056E,Violence and sexual offences,Unable to prosecute suspect,
93ddc37ab727c1c04ab888e0581f09d7936266c4d58832fd87ea7ac606b67fce,2020-08,Durham Constabulary,Durham Constabulary,-1.673432,54.655906,On or near Hawthorn Road,E01020886,County Durham 056E,Other crime,Further investigation is not in the public interest,
,2020-08,Durham Constabulary,Durham Constabulary,-1.734388,54.666093,On or near High Queen Street,E01020882,County Durham 057A,Anti-social behaviour,,
,2020-08,Durham Constabulary,Durham Constabulary,-1.706525,54.666487,On or near Dunelm Chare,E01020882,County Durham 057A,Anti-social behaviour,,
,2020-08,Durham Constabulary,Durham Constabulary,-1.735315,54.664289,On or near Park Road,E01020882,County Durham 057A,Anti-social behaviour,,
9fcdb2da8edab7b61a994e1d51d9e5cfff8356ccc06b20eb834c6ef65d6432ae,2020-08,Durham Constabulary,Durham Constabulary,-1.708548,54.665486,On or near Saxon Green,E01020882,County Durham 057A,Drugs,Formal action is not in the public interest,
d9ca53514c9f81761ed19b26f5b391d74a0b98fca7632eb9205259af46d45ece,2020-08,Durham Constabulary,Durham Constabulary,-1.717064,54.660347,On or near Three Lane Ends,E01020882,County Durham 057A,Violence and sexual offences,Local resolution,
1c4a8b563155dc3b68c9ea12cbc0bfd53464a9a316f4025f855daf2a9b772b27,2020-08,Durham Constabulary,Durham Constabulary,-1.713284,54.660024,On or near Hallimond Road,E01020882,County Durham 057A,Violence and sexual offences,Unable to prosecute suspect,
b8a5f6b37d40246e3933db419ae9aaf868377cd3ebdcae48b5c06cf58a00d9dd,2020-08,Durham Constabulary,Durham Constabulary,-1.735315,54.664289,On or near Park Road,E01020882,County Durham 057A,Other crime,Unable to prosecute suspect,
,2020-08,Durham Constabulary,Durham Constabulary,-1.739406,54.679090,On or near Low Lane,E01020888,County Durham 057B,Anti-social behaviour,,
,2020-08,Durham Constabulary,Durham Constabulary,-1.706837,54.692181,On or near West View,E01020888,County Durham 057B,Anti-social behaviour,,
,2020-08,Durham Constabulary,Durham Constabulary,-1.703471,54.696343,On or near Hepworth Lane,E01020888,County Durham 057B,Anti-social behaviour,,
5d5e3c656c39b54921c12c83360002f19588b7dd96152a22febe14ef9aea4671,2020-08,Durham Constabulary,Durham Constabulary,-1.739406,54.679090,On or near Low Lane,E01020888,County Durham 057B,Other theft,Investigation complete; no suspect identified,
a95c10d16f6a2a308c5908d323f5bb42d085f127aa6144f86435ddb8e7ea871b,2020-08,Durham Constabulary,Durham Constabulary,-1.710367,54.693124,On or near Chapel Street,E01020888,County Durham 057B,Public order,Unable to prosecute suspect,
5a01de18ff3444a85588a584be18c678aeafdbb9c7039994ae15ff76a9daaea1,2020-08,Durham Constabulary,Durham Constabulary,-1.745678,54.693014,On or near Village Gate,E01020888,County Durham 057B,Vehicle crime,Investigation complete; no suspect identified,
c1bdc8c1b6e0e4bb77a6323a6d91319b87d3a6cb8eefd281fd2808a8ce02deee,2020-08,Durham Constabulary,Durham Constabulary,-1.700684,54.695545,On or near Sports/Recreation Area,E01020888,County Durham 057B,Violence and sexual offences,Unable to prosecute suspect,
0cc704364e1ba5f8a2960cbe273c097aee7d60f69ce628db972e533031c60d5f,2020-08,Durham Constabulary,Durham Constabulary,-1.700684,54.695545,On or near Sports/Recreation Area,E01020888,County Durham 057B,Violence and sexual offences,Further investigation is not in the public interest,
909ab4f4546f828175672257dc342814c98dec6d91063353c4a455597119c273,2020-08,Durham Constabulary,Durham Constabulary,-1.700684,54.695545,On or near Sports/Recreation Area,E01020888,County Durham 057B,Violence and sexual offences,Unable to prosecute suspect,
70566fd945cb658bba2509e4a2440c90ce9336f3ef546904f45592255e4b1569,2020-08,Durham Constabulary,Durham Constabulary,-1.731606,54.681283,On or near High Grange,E01020888,County Durham 057B,Violence and sexual offences,Unable to prosecute suspect,
b62bfca63121a0c937d46fc86118087c617e432c745a476da8e1a0483042da46,2020-08,Durham Constabulary,Durham Constabulary,-1.700684,54.695545,On or near Sports/Recreation Area,E01020888,County Durham 057B,Violence and sexual offences,Unable to prosecute suspect,
bcf389d9bc0d77d4a88501299bcad7d4c5d2c773e39f0efc5d7eddcb7feb97d1,2020-08,Durham Constabulary,Durham Constabulary,-1.700684,54.695545,On or near Sports/Recreation Area,E01020888,County Durham 057B,Violence and sexual offences,Unable to prosecute suspect,
b0b9613a4784adb07d0017760e40e902e7a3e9f1c1acc41574c95f428b445bf2,2020-08,Durham Constabulary,Durham Constabulary,-1.700684,54.695545,On or near Sports/Recreation Area,E01020888,County Durham 057B,Violence and sexual offences,Unable to prosecute suspect,
1d9c0970ef4a1a838acf0bf39c61b3fbdc1194424a83b7d98b41e5fd1c39d56c,2020-08,Durham Constabulary,Durham Constabulary,-1.710932,54.685594,On or near St Paul'S Way,E01020888,County Durham 057B,Violence and sexual offences,Unable to prosecute suspect,
9f8ef82eea96db2d5d119c9a816495b8c1e5c17a8b2398ccc3c43cf1a1dfad92,2020-08,Durham Constabulary,Durham Constabulary,-1.731606,54.681283,On or near High Grange,E01020888,County Durham 057B,Violence and sexual offences,Unable to prosecute suspect,
e40d693750fca00a31dde7d7b15baa2c7e09087666d81501e5cfa72944ae978a,2020-08,Durham Constabulary,Durham Constabulary,-1.710367,54.693124,On or near Chapel Street,E01020888,County Durham 057B,Violence and sexual offences,Unable to prosecute suspect,
,2020-08,Durham Constabulary,Durham Constabulary,-1.712311,54.635299,On or near Manor Road,E01020895,County Durham 057C,Anti-social behaviour,,
,2020-08,Durham Constabulary,Durham Constabulary,-1.713754,54.635033,On or near South View,E01020895,County Durham 057C,Anti-social behaviour,,
,2020-08,Durham Constabulary,Durham Constabulary,-1.714574,54.633004,On or near Sycamore Grove,E01020895,County Durham 057C,Anti-social behaviour,,
,2020-08,Durham Constabulary,Durham Constabulary,-1.717531,54.633281,On or near Arnold Street,E01020895,County Durham 057C,Anti-social behaviour,,
,2020-08,Durham Constabulary,Durham Constabulary,-1.715603,54.632027,On or near Oakley Green,E01020895,County Durham 057C,Anti-social behaviour,,
,2020-08,Durham Constabulary,Durham Constabulary,-1.712311,54.635299,On or near Manor Road,E01020895,County Durham 057C,Anti-social behaviour,,
,2020-08,Durham Constabulary,Durham Constabulary,-1.715603,54.632027,On or near Oakley Green,E01020895,County Durham 057C,Anti-social behaviour,,
,2020-08,Durham Constabulary,Durham Constabulary,-1.719621,54.633429,On or near Station View,E01020895,County Durham 057C,Anti-social behaviour,,
,2020-08,Durham Constabulary,Durham Constabulary,-1.724881,54.632246,On or near Eden Grove,E01020895,County Durham 057C,Anti-social behaviour,,
,2020-08,Durham Constabulary,Durham Constabulary,-1.717531,54.633281,On or near Arnold Street,E01020895,County Durham 057C,Anti-social behaviour,,
,2020-08,Durham Constabulary,Durham Constabulary,-1.712311,54.635299,On or near Manor Road,E01020895,County Durham 057C,Anti-social behaviour,,
,2020-08,Durham Constabulary,Durham Constabulary,-1.715731,54.629250,On or near Darlington Road,E01020895,County Durham 057C,Anti-social behaviour,,
,2020-08,Durham Constabulary,Durham Constabulary,-1.720516,54.631670,On or near A68,E01020895,County Durham 057C,Anti-social behaviour,,
,2020-08,Durham Constabulary,Durham Constabulary,-1.712311,54.635299,On or near Manor Road,E01020895,County Durham 057C,Anti-social behaviour,,
,2020-08,Durham Constabulary,Durham Constabulary,-1.718709,54.633157,On or near Station Road,E01020895,County Durham 057C,Anti-social behaviour,,
,2020-08,Durham Constabulary,Durham Constabulary,-1.714574,54.633004,On or near Sycamore Grove,E01020895,County Durham 057C,Anti-social behaviour,,
,2020-08,Durham Constabulary,Durham Constabulary,-1.712311,54.635299,On or near Manor Road,E01020895,County Durham 057C,Anti-social behaviour,,
211e2e25e45c4b4e07ef855f5904d4381776407c7186cab0ec14c125b9604f7f,2020-08,Durham Constabulary,Durham Constabulary,-1.714574,54.633004,On or near Sycamore Grove,E01020895,County Durham 057C,Burglary,Investigation complete; no suspect identified,
414b14c8fe7a2c8ee3f69a86f3beed940a549582774b45ece3be19b9a2026152,2020-08,Durham Constabulary,Durham Constabulary,-1.716924,54.633666,On or near Meadow View,E01020895,County Durham 057C,Burglary,Investigation complete; no suspect identified,
36cc58a5e820b4da55d36e8d6b46cc4067b0e47c3e10abaaef9bc27b4b5799be,2020-08,Durham Constabulary,Durham Constabulary,-1.716924,54.633666,On or near Meadow View,E01020895,County Durham 057C,Burglary,Investigation complete; no suspect identified,
5be7c542fdf21da3e8471bd312acdb6ebf586cca80bd858008c84dbbe0657740,2020-08,Durham Constabulary,Durham Constabulary,-1.712311,54.635299,On or near Manor Road,E01020895,County Durham 057C,Criminal damage and arson,Unable to prosecute suspect,
2ffac0d854f2797acd00a0baa2d650fa2ecc19b695c7d8c4bd750a9f1a7d69a6,2020-08,Durham Constabulary,Durham Constabulary,-1.717531,54.633281,On or near Arnold Street,E01020895,County Durham 057C,Criminal damage and arson,Investigation complete; no suspect identified,
f00631eee8203248ab0f4ad87b8f2f198e77771ff4cbda938a57bf679ff09288,2020-08,Durham Constabulary,Durham Constabulary,-1.717531,54.633281,On or near Arnold Street,E01020895,County Durham 057C,Criminal damage and arson,Investigation complete; no suspect identified,
cf9ed0b97f7760cd506fae622a80e3f57daf70e5b097829f2d58ef890f0865df,2020-08,Durham Constabulary,Durham Constabulary,-1.718709,54.633157,On or near Station Road,E01020895,County Durham 057C,Criminal damage and arson,Investigation complete; no suspect identified,
95471f20326bb12a5b803dd05100a3dbb5aa0ba694180376796e4b6d1ea2da35,2020-08,Durham Constabulary,Durham Constabulary,-1.715603,54.632027,On or near Oakley Green,E01020895,County Durham 057C,Public order,Further investigation is not in the public interest,
9122f978ab707c81bdc5f2257f29152c89f26892b36c361902b9ba00c099f951,2020-08,Durham Constabulary,Durham Constabulary,-1.716924,54.633666,On or near Meadow View,E01020895,County Durham 057C,Violence and sexual offences,Investigation complete; no suspect identified,
d8e7cff8abfe862698068850276818361338c01e29d07a69316a8c9582ce45cb,2020-08,Durham Constabulary,Durham Constabulary,-1.720327,54.629818,On or near Oakley Manor,E01020895,County Durham 057C,Violence and sexual offences,Status update unavailable,
61f60add9d5a27dd9e959052e3d25fda6436ff8bc7641e6a3b632a0ce0684289,2020-08,Durham Constabulary,Durham Constabulary,-1.716924,54.633666,On or near Meadow View,E01020895,County Durham 057C,Violence and sexual offences,Court result unavailable,
0ecc579d2e8936e5482522495bebec0979f6ae7c2d468e47587e42f599bbdd6e,2020-08,Durham Constabulary,Durham Constabulary,-1.718709,54.633157,On or near Station Road,E01020895,County Durham 057C,Violence and sexual offences,Unable to prosecute suspect,
fd19ca915add7a027b061961bb9956911435c559ed3ab3f888122b40d8421f4f,2020-08,Durham Constabulary,Durham Constabulary,-1.722406,54.631701,On or near Staindrop Road,E01020895,County Durham 057C,Violence and sexual offences,Unable to prosecute suspect,
f76043f9733558893a0c22363041a8357d80fbe604192a9bea223523e74e30b2,2020-08,Durham Constabulary,Durham Constabulary,-1.716924,54.633666,On or near Meadow View,E01020895,County Durham 057C,Violence and sexual offences,Unable to prosecute suspect,
,2020-08,Durham Constabulary,Durham Constabulary,-1.722740,54.630363,On or near Leven Road,E01020896,County Durham 057D,Anti-social behaviour,,
,2020-08,Durham Constabulary,Durham Constabulary,-1.725254,54.629722,On or near Staindrop Road,E01020896,County Durham 057D,Anti-social behaviour,,
,2020-08,Durham Constabulary,Durham Constabulary,-1.725254,54.629722,On or near Staindrop Road,E01020896,County Durham 057D,Anti-social behaviour,,
b3458b14024924e4702a305b385f1e826677a88eae320802bc699e74d36521c3,2020-08,Durham Constabulary,Durham Constabulary,-1.722740,54.630363,On or near Leven Road,E01020896,County Durham 057D,Burglary,Investigation complete; no suspect identified,
a52213503ad80a51b5ddf0c6bfc91e3946eb3fcdbee4e1421af2da85dd47a781,2020-08,Durham Constabulary,Durham Constabulary,-1.722740,54.630363,On or near Leven Road,E01020896,County Durham 057D,Criminal damage and arson,Investigation complete; no suspect identified,
6b669939fec6f115da3395b4972858cd3b393d9e45aacb4ac9086dc6d3674564,2020-08,Durham Constabulary,Durham Constabulary,-1.725254,54.629722,On or near Staindrop Road,E01020896,County Durham 057D,Other theft,Investigation complete; no suspect identified,
,2020-08,Durham Constabulary,Durham Constabulary,-1.709162,54.635975,On or near Woodhouse Lane,E01020897,County Durham 057E,Anti-social behaviour,,
,2020-08,Durham Constabulary,Durham Constabulary,-1.701887,54.639354,On or near Primrose Gardens,E01020897,County Durham 057E,Anti-social behaviour,,
,2020-08,Durham Constabulary,Durham Constabulary,-1.686189,54.637616,On or near West Auckland Road,E01020897,County Durham 057E,Anti-social behaviour,,
,2020-08,Durham Constabulary,Durham Constabulary,-1.700653,54.638488,On or near Musgrave Street,E01020897,County Durham 057E,Anti-social behaviour,,
,2020-08,Durham Constabulary,Durham Constabulary,-1.701887,54.639354,On or near Primrose Gardens,E01020897,County Durham 057E,Anti-social behaviour,,
,2020-08,Durham Constabulary,Durham Constabulary,-1.686189,54.637616,On or near West Auckland Road,E01020897,County Durham 057E,Anti-social behaviour,,
,2020-08,Durham Constabulary,Durham Constabulary,-1.686189,54.637616,On or near West Auckland Road,E01020897,County Durham 057E,Anti-social behaviour,,
,2020-08,Durham Constabulary,Durham Constabulary,-1.700653,54.638488,On or near Musgrave Street,E01020897,County Durham 057E,Anti-social behaviour,,
,2020-08,Durham Constabulary,Durham Constabulary,-1.706681,54.638332,On or near Central Avenue,E01020897,County Durham 057E,Anti-social behaviour,,
,2020-08,Durham Constabulary,Durham Constabulary,-1.701887,54.639354,On or near Primrose Gardens,E01020897,County Durham 057E,Anti-social behaviour,,
,2020-08,Durham Constabulary,Durham Constabulary,-1.705415,54.637808,On or near Davis Avenue,E01020897,County Durham 057E,Anti-social behaviour,,
,2020-08,Durham Constabulary,Durham Constabulary,-1.709554,54.637467,On or near Maben Avenue,E01020897,County Durham 057E,Anti-social behaviour,,
,2020-08,Durham Constabulary,Durham Constabulary,-1.701887,54.639354,On or near Primrose Gardens,E01020897,County Durham 057E,Anti-social behaviour,,
,2020-08,Durham Constabulary,Durham Constabulary,-1.714508,54.635754,On or near Byland Close,E01020897,County Durham 057E,Anti-social behaviour,,
,2020-08,Durham Constabulary,Durham Constabulary,-1.701887,54.639354,On or near Primrose Gardens,E01020897,County Durham 057E,Anti-social behaviour,,
e25a9e2300de016c77acaad96175ad3c175732c3062276eed3db8d678e6d9803,2020-08,Durham Constabulary,Durham Constabulary,-1.700653,54.638488,On or near Musgrave Street,E01020897,County Durham 057E,Bicycle theft,Investigation complete; no suspect identified,
cb5c2261e9581e47ddfce540a0b8104277b7e47c6c63dbe153451e273080360a,2020-08,Durham Constabulary,Durham Constabulary,-1.711992,54.636718,On or near Melrose Drive,E01020897,County Durham 057E,Burglary,Court result unavailable,
2eed782744baddd15d14835780d3d6e692f7d147dfdcba76c87dcb5d03e0464e,2020-08,Durham Constabulary,Durham Constabulary,-1.701887,54.639354,On or near Primrose Gardens,E01020897,County Durham 057E,Criminal damage and arson,Investigation complete; no suspect identified,
3eb9d80b8df4a08b93197f99be12a7c835d01be8b088a3dff79309dc2d6f310f,2020-08,Durham Constabulary,Durham Constabulary,-1.698258,54.646085,On or near Greenfields Road,E01020897,County Durham 057E,Criminal damage and arson,Investigation complete; no suspect identified,
c35934567c31d9163b084e9d697f3aedfa82ebfeaf162589801693e63831151e,2020-08,Durham Constabulary,Durham Constabulary,-1.710983,54.636923,On or near Selby Close,E01020897,County Durham 057E,Criminal damage and arson,Investigation complete; no suspect identified,
510022b4ab3a6ae146f2bb41b7e6dee2bc26e741e1d74a17b3d3021a9c198c66,2020-08,Durham Constabulary,Durham Constabulary,-1.700653,54.638488,On or near Musgrave Street,E01020897,County Durham 057E,Drugs,Court result unavailable,
1bada0b502d60d1f40c55bd2033df013f15b20fe417b45e5d2c84dead9e781fc,2020-08,Durham Constabulary,Durham Constabulary,-1.700653,54.638488,On or near Musgrave Street,E01020897,County Durham 057E,Other theft,Further investigation is not in the public interest,
8fe351a5e257da8d03f284daf0669a84f06bb229f01165a9dd41318c2d1b9a62,2020-08,Durham Constabulary,Durham Constabulary,-1.718088,54.637748,On or near Bishops Court,E01020897,County Durham 057E,Public order,Unable to prosecute suspect,
41076f75d2e66b2307443d114d60833b3f52570e65b01a3fd8fd4402bfa667ef,2020-08,Durham Constabulary,Durham Constabulary,-1.701887,54.639354,On or near Primrose Gardens,E01020897,County Durham 057E,Shoplifting,Investigation complete; no suspect identified,
e9d312339decf0cddd6c30a1d0fb28833fee1b8d2c3ec469e8a4607ca8289b52,2020-08,Durham Constabulary,Durham Constabulary,-1.714010,54.636139,On or near Tintern Road,E01020897,County Durham 057E,Vehicle crime,Investigation complete; no suspect identified,
56a21ae26f1721a62189f66dd7a4715401c1ca8985561153c93df9092fecf57d,2020-08,Durham Constabulary,Durham Constabulary,-1.714010,54.636139,On or near Tintern Road,E01020897,County Durham 057E,Violence and sexual offences,Unable to prosecute suspect,
556762353ec5b8ccb80da6cf5e65363b4cfe89a6384fb52d61bf6b9b7f76e3dc,2020-08,Durham Constabulary,Durham Constabulary,-1.717564,54.635249,On or near Northbridge Park,E01020897,County Durham 057E,Violence and sexual offences,Unable to prosecute suspect,
25ae30d7c096cdb1f1110dd6f0508cc2a814236ed296680d38044afd50cef9ae,2020-08,Durham Constabulary,Durham Constabulary,-1.717564,54.635249,On or near Northbridge Park,E01020897,County Durham 057E,Violence and sexual offences,Unable to prosecute suspect,
ddba57dc9b088574eba7b006a0740d8f8c8dc888e74119421ebf2ec579916ef9,2020-08,Durham Constabulary,Durham Constabulary,-1.717564,54.635249,On or near Northbridge Park,E01020897,County Durham 057E,Violence and sexual offences,Unable to prosecute suspect,
1340647594aa53b07f0e3fb2d851bf3f1a5e0a85d81fe7512af5e56d5d20159c,2020-08,Durham Constabulary,Durham Constabulary,-1.709554,54.637467,On or near Maben Avenue,E01020897,County Durham 057E,Violence and sexual offences,Investigation complete; no suspect identified,
2d2a4785b0919aa55789ff537fe3b4495bbcb2fccc11e088712fcf4071bc1ba8,2020-08,Durham Constabulary,Durham Constabulary,-1.714010,54.636139,On or near Tintern Road,E01020897,County Durham 057E,Violence and sexual offences,Unable to prosecute suspect,
99ff562d4896a7de7942c70926ac9c364dc51f3955231577b4b1b85b62318d21,2020-08,Durham Constabulary,Durham Constabulary,-1.711535,54.637787,On or near Finchale Square,E01020897,County Durham 057E,Violence and sexual offences,Further investigation is not in the public interest,
334c4da21b0dea7fb2ecc750dcf7f7104f0b1333b50d88208bc2dc5e5baab108,2020-08,Durham Constabulary,Durham Constabulary,-1.717502,54.637360,On or near Boyden Close,E01020897,County Durham 057E,Violence and sexual offences,Unable to prosecute suspect,
e69edee964c28f623a94abe37700606b89b875b809d096062b52d4b8d6f06d09,2020-08,Durham Constabulary,Durham Constabulary,-1.701305,54.638427,On or near Dale Street,E01020897,County Durham 057E,Violence and sexual offences,Unable to prosecute suspect,
b584a7cc1067b807ca42c9e321532ee486c1a76741e58711788ec11cf88c6733,2020-08,Durham Constabulary,Durham Constabulary,-1.705121,54.635570,On or near Warner Avenue,E01020897,County Durham 057E,Violence and sexual offences,Unable to prosecute suspect,
3cb845aaecbf29c3c27d7b6baaea8d7f6f8625e319613181b7dc6a479989091d,2020-08,Durham Constabulary,Durham Constabulary,-1.705990,54.635401,On or near Matthews Drive,E01020897,County Durham 057E,Violence and sexual offences,Local resolution,
852bea272f3641bfd0e3135fde2f499dd60d4b6a562d643db4aae6ef5d6e6693,2020-08,Durham Constabulary,Durham Constabulary,-1.701305,54.638427,On or near Dale Street,E01020897,County Durham 057E,Violence and sexual offences,Unable to prosecute suspect,
,2020-08,Durham Constabulary,Durham Constabulary,-1.674554,54.647291,On or near Sports/Recreation Area,E01020884,County Durham 058A,Anti-social behaviour,,
,2020-08,Durham Constabulary,Durham Constabulary,-1.677930,54.649610,On or near Clifford Avenue,E01020884,County Durham 058A,Anti-social behaviour,,
,2020-08,Durham Constabulary,Durham Constabulary,-1.677930,54.649610,On or near Clifford Avenue,E01020884,County Durham 058A,Anti-social behaviour,,
,2020-08,Durham Constabulary,Durham Constabulary,-1.680668,54.644315,On or near Watling Road,E01020884,County Durham 058A,Anti-social behaviour,,
,2020-08,Durham Constabulary,Durham Constabulary,-1.674554,54.647291,On or near Sports/Recreation Area,E01020884,County Durham 058A,Anti-social behaviour,,
,2020-08,Durham Constabulary,Durham Constabulary,-1.678512,54.650510,On or near Petrol Station,E01020884,County Durham 058A,Anti-social behaviour,,
,2020-08,Durham Constabulary,Durham Constabulary,-1.677822,54.653420,On or near Cockton Hill Road,E01020884,County Durham 058A,Anti-social behaviour,,
8ce2ed28efbabd0f14992486c45ca19501bbfb43bda536ae2c37f3d05e84bff9,2020-08,Durham Constabulary,Durham Constabulary,-1.679953,54.646604,On or near Watling Road,E01020884,County Durham 058A,Burglary,Status update unavailable,
c2f4bdf79da847be3c2bedc84c6c70a07e07c77b3599fd963f7e6e3d9196f4da,2020-08,Durham Constabulary,Durham Constabulary,-1.677572,54.651783,On or near Caroline Street,E01020884,County Durham 058A,Burglary,Investigation complete; no suspect identified,
260704277a7143e6002ef002898a0e381ada23fcd3518dfa4dea31cd72348223,2020-08,Durham Constabulary,Durham Constabulary,-1.679953,54.646604,On or near Watling Road,E01020884,County Durham 058A,Burglary,Status update unavailable,
435c11981dec81791bdb9d6c73aa837c72be9f143a7139ba39f00f80287250f8,2020-08,Durham Constabulary,Durham Constabulary,-1.678338,54.650968,On or near Morland Street,E01020884,County Durham 058A,Criminal damage and arson,Unable to prosecute suspect,
eeaa93f586eb73926e29e4dc8935e097e429fbd221c8d2523d09458a87ac6317,2020-08,Durham Constabulary,Durham Constabulary,-1.677833,54.650050,On or near St Andrew'S Road,E01020884,County Durham 058A,Criminal damage and arson,Investigation complete; no suspect identified,
88b23238a7aee26730ece60c01bb7479c8d82696e8d27edac8b29765fb4fc8b3,2020-08,Durham Constabulary,Durham Constabulary,-1.680668,54.644315,On or near Watling Road,E01020884,County Durham 058A,Criminal damage and arson,Investigation complete; no suspect identified,
7a2683727386d3e2950324e9022452323da1ad8e7d2018975cd0d30b6a3d0900,2020-08,Durham Constabulary,Durham Constabulary,-1.677930,54.649610,On or near Clifford Avenue,E01020884,County Durham 058A,Criminal damage and arson,Investigation complete; no suspect identified,
3343e1d576dc318afa595de620b5225f2a0f2e51dca4f5a6aa529f8b68e4c092,2020-08,Durham Constabulary,Durham Constabulary,-1.680668,54.644315,On or near Watling Road,E01020884,County Durham 058A,Criminal damage and arson,Investigation complete; no suspect identified,
53bfef621e6a631a21f32b874809768a9c444015171408fd33bcbc78fb8438f6,2020-08,Durham Constabulary,Durham Constabulary,-1.674981,54.650186,On or near St Andrew'S Road,E01020884,County Durham 058A,Public order,Investigation complete; no suspect identified,
304a8cfc57b2a5f94ffddcb2ecd8715679987a085053c57dd6863ac742907dd9,2020-08,Durham Constabulary,Durham Constabulary,-1.677822,54.653420,On or near Cockton Hill Road,E01020884,County Durham 058A,Public order,Court result unavailable,
bbb4eba104bec9d6c4e90c985ebd726eaf6ae3331e3f7e54bdca3b7bdff330c6,2020-08,Durham Constabulary,Durham Constabulary,-1.677572,54.651783,On or near Caroline Street,E01020884,County Durham 058A,Vehicle crime,Investigation complete; no suspect identified,
3f35d09c9f69bd64b445089fffd6448ce90c55f9bec39057f699060ede71ebe4,2020-08,Durham Constabulary,Durham Constabulary,-1.677527,54.651523,On or near Seymour Street,E01020884,County Durham 058A,Violence and sexual offences,Unable to prosecute suspect,
,2020-08,Durham Constabulary,Durham Constabulary,-1.671664,54.652163,On or near Gent Road,E01020885,County Durham 058B,Anti-social behaviour,,
,2020-08,Durham Constabulary,Durham Constabulary,-1.671965,54.651274,On or near St Bedes Road,E01020885,County Durham 058B,Anti-social behaviour,,
,2020-08,Durham Constabulary,Durham Constabulary,-1.671965,54.651274,On or near St Bedes Road,E01020885,County Durham 058B,Anti-social behaviour,,
,2020-08,Durham Constabulary,Durham Constabulary,-1.670724,54.651486,On or near St Catherines Way,E01020885,County Durham 058B,Anti-social behaviour,,
7a172161c6036fd3aec5cb648752bf44958d4c87fe185bca618cb4ba541fb9b6,2020-08,Durham Constabulary,Durham Constabulary,-1.675734,54.649029,On or near Parking Area,E01020885,County Durham 058B,Criminal damage and arson,Unable to prosecute suspect,
385903d955f3c18244805103fab94319c2e5538df8c54c68e701816467c70d95,2020-08,Durham Constabulary,Durham Constabulary,-1.672413,54.649577,On or near Beechwood Drive,E01020885,County Durham 058B,Violence and sexual offences,Status update unavailable,
14fd0c011bce89b329b436e04f6952bc02e0819d57c53b1f18b21951fed84394,2020-08,Durham Constabulary,Durham Constabulary,-1.675734,54.649029,On or near Parking Area,E01020885,County Durham 058B,Violence and sexual offences,Further investigation is not in the public interest,
2d5be4b927ee43073e021cac45b93b91c8452eba0b5cfe5f390b27b12198b883,2020-08,Durham Constabulary,Durham Constabulary,-1.676264,54.650540,On or near Peacock Court,E01020885,County Durham 058B,Violence and sexual offences,Unable to prosecute suspect,
48449556320665401fb7e9898e884405fd5c3f2926f966fc5b399c6cf9cc4af4,2020-08,Durham Constabulary,Durham Constabulary,-1.672413,54.649577,On or near Beechwood Drive,E01020885,County Durham 058B,Violence and sexual offences,Unable to prosecute suspect,
97852b6177117502b6a60dd80e7910270504664120f4b2bfa55c712a2b2ee1ef,2020-08,Durham Constabulary,Durham Constabulary,-1.676262,54.652741,On or near Mcintyre Terrace,E01020885,County Durham 058B,Violence and sexual offences,Unable to prosecute suspect,
,2020-08,Durham Constabulary,Durham Constabulary,-1.690844,54.640764,On or near Boddy Street,E01020907,County Durham 058C,Anti-social behaviour,,
,2020-08,Durham Constabulary,Durham Constabulary,-1.689794,54.640285,On or near Dent Street,E01020907,County Durham 058C,Anti-social behaviour,,
,2020-08,Durham Constabulary,Durham Constabulary,-1.682605,54.646243,On or near Aclet Close,E01020907,County Durham 058C,Anti-social behaviour,,
,2020-08,Durham Constabulary,Durham Constabulary,-1.689794,54.640285,On or near Dent Street,E01020907,County Durham 058C,Anti-social behaviour,,
,2020-08,Durham Constabulary,Durham Constabulary,-1.690844,54.640764,On or near Boddy Street,E01020907,County Durham 058C,Anti-social behaviour,,
,2020-08,Durham Constabulary,Durham Constabulary,-1.690844,54.640764,On or near Boddy Street,E01020907,County Durham 058C,Anti-social behaviour,,
,2020-08,Durham Constabulary,Durham Constabulary,-1.682605,54.646243,On or near Aclet Close,E01020907,County Durham 058C,Anti-social behaviour,,
,2020-08,Durham Constabulary,Durham Constabulary,-1.690844,54.640764,On or near Boddy Street,E01020907,County Durham 058C,Anti-social behaviour,,
,2020-08,Durham Constabulary,Durham Constabulary,-1.690732,54.641240,On or near Dilks Street,E01020907,County Durham 058C,Anti-social behaviour,,
,2020-08,Durham Constabulary,Durham Constabulary,-1.690844,54.640764,On or near Boddy Street,E01020907,County Durham 058C,Anti-social behaviour,,
,2020-08,Durham Constabulary,Durham Constabulary,-1.690844,54.640764,On or near Boddy Street,E01020907,County Durham 058C,Anti-social behaviour,,
6493621928d896d8f6e0f6327b26d7838617f70a60296f90c59a703f638d7efa,2020-08,Durham Constabulary,Durham Constabulary,-1.689794,54.640285,On or near Dent Street,E01020907,County Durham 058C,Burglary,Investigation complete; no suspect identified,
058e5e9749df6189c12ec035a690a7098f2e03ddab6e7b4a8327cbe4af9271c8,2020-08,Durham Constabulary,Durham Constabulary,-1.690844,54.640764,On or near Boddy Street,E01020907,County Durham 058C,Criminal damage and arson,Local resolution,
bca274e60f21beae5f0780fa6de1f7e4c7afdffbdf5ddedd89bbbcb940e5409f,2020-08,Durham Constabulary,Durham Constabulary,-1.690732,54.641240,On or near Dilks Street,E01020907,County Durham 058C,Criminal damage and arson,Investigation complete; no suspect identified,
5c32fca8de9ca87c6732e2f7c0b5bc0a52a7dea2d77db0280036fef4a5ea45e8,2020-08,Durham Constabulary,Durham Constabulary,-1.681939,54.648263,On or near Waine Crescent,E01020907,County Durham 058C,Criminal damage and arson,Unable to prosecute suspect,
848a4ec9f9d7523870d9b2ad719fe70b2526b60dbe0e10bc047f4f0e57a7bc82,2020-08,Durham Constabulary,Durham Constabulary,-1.690732,54.641240,On or near Dilks Street,E01020907,County Durham 058C,Criminal damage and arson,Investigation complete; no suspect identified,
8c4de85e151136a3f0ad3cecf0f6d977681d967f580f90aebc36970624c6a118,2020-08,Durham Constabulary,Durham Constabulary,-1.690844,54.640764,On or near Boddy Street,E01020907,County Durham 058C,Criminal damage and arson,Investigation complete; no suspect identified,
e92d6fedd44c2fbef0f803059412d7067dcd303c4279b832c3ebddae7df2abb3,2020-08,Durham Constabulary,Durham Constabulary,-1.681939,54.648263,On or near Waine Crescent,E01020907,County Durham 058C,Public order,Offender given a caution,
be4df60554df8306f6c18fa19a8a29bddfd915dc55af85a2d5c0e8cdd1682ad5,2020-08,Durham Constabulary,Durham Constabulary,-1.690844,54.640764,On or near Boddy Street,E01020907,County Durham 058C,Shoplifting,Unable to prosecute suspect,
571ec8c189e891dddb409f2ef411d753e3b58e2f0a8e4bbe16b71cd5d3544086,2020-08,Durham Constabulary,Durham Constabulary,-1.690844,54.640764,On or near Boddy Street,E01020907,County Durham 058C,Shoplifting,Investigation complete; no suspect identified,
d366fa2cff058083913e3f10df0567ab1aa702e5dab518a9008b64cad005ece8,2020-08,Durham Constabulary,Durham Constabulary,-1.690844,54.640764,On or near Boddy Street,E01020907,County Durham 058C,Shoplifting,Investigation complete; no suspect identified,
938cf2cf420ddd9ecdee9bda1ce69f826dee0dbb85b7ed1f1e7ecc06c8427b0b,2020-08,Durham Constabulary,Durham Constabulary,-1.690844,54.640764,On or near Boddy Street,E01020907,County Durham 058C,Theft from the person,Unable to prosecute suspect,
defc7f528c35d33a23004f0e5da41ee49fe13c504a3eea82300c4630e5c9831a,2020-08,Durham Constabulary,Durham Constabulary,-1.690844,54.640764,On or near Boddy Street,E01020907,County Durham 058C,Vehicle crime,Investigation complete; no suspect identified,
cc94662905cf4f2ae3d435e8704452eaae2493ef1d4ab963937ca2cdd378a2de,2020-08,Durham Constabulary,Durham Constabulary,-1.684304,54.644998,On or near Cosgrove Avenue,E01020907,County Durham 058C,Vehicle crime,Further investigation is not in the public interest,
a56ad98eb56f669b1282d8e80017578617397e7b0762ae15403f02119083dfee,2020-08,Durham Constabulary,Durham Constabulary,-1.684702,54.649690,On or near Ruddock Avenue,E01020907,County Durham 058C,Violence and sexual offences,Investigation complete; no suspect identified,
6f1a22cfcd7a2303e6447aad5830f848142da489cc7380f9e1b6b21a355ab799,2020-08,Durham Constabulary,Durham Constabulary,-1.683004,54.648805,On or near Vart Road,E01020907,County Durham 058C,Violence and sexual offences,Unable to prosecute suspect,
a4b763e1aa916a68f4acadc5dd26449b405bfd20c4fc2d5ee83ac1b84c5b3bd1,2020-08,Durham Constabulary,Durham Constabulary,-1.683004,54.648805,On or near Vart Road,E01020907,County Durham 058C,Violence and sexual offences,Unable to prosecute suspect,
19b13bda428cda8079ddfc8ad5090af1ed51832ad1c4d978d4101709538944ce,2020-08,Durham Constabulary,Durham Constabulary,-1.689794,54.640285,On or near Dent Street,E01020907,County Durham 058C,Violence and sexual offences,Unable to prosecute suspect,
a73ffe36a23e880957f59c572df1225df4df06af21a5cbbebadd0a35fb68825a,2020-08,Durham Constabulary,Durham Constabulary,-1.683802,54.647756,On or near St Mary'S Close,E01020907,County Durham 058C,Violence and sexual offences,Unable to prosecute suspect,
697d1aab37f067efb97e8ad6e63daaa30fecddba0ef4a27f9c41f97e3942d463,2020-08,Durham Constabulary,Durham Constabulary,-1.682190,54.647850,On or near Birch Avenue,E01020907,County Durham 058C,Violence and sexual offences,Unable to prosecute suspect,
6e08cb1d164922bd7550bf2759a82828604659fa28ec7cffbb8ef2851f028ec0,2020-08,Durham Constabulary,Durham Constabulary,-1.683802,54.647756,On or near St Mary'S Close,E01020907,County Durham 058C,Violence and sexual offences,Unable to prosecute suspect,
ab7296c4ad69190841acdd93a213b1a299a9f29b0f0906ad26972b8dc11280da,2020-08,Durham Constabulary,Durham Constabulary,-1.690732,54.641240,On or near Dilks Street,E01020907,County Durham 058C,Violence and sexual offences,Unable to prosecute suspect,
0253f1e3bc9fa70e04b61248571b60c1164be9766bd727da366203df9aea8296,2020-08,Durham Constabulary,Durham Constabulary,-1.690844,54.640764,On or near Boddy Street,E01020907,County Durham 058C,Violence and sexual offences,Unable to prosecute suspect,
6f72c5804d433f80121123dc0bb5914031bd0e67b76396c5ef3ba38cc00c0e0e,2020-08,Durham Constabulary,Durham Constabulary,-1.689794,54.640285,On or near Dent Street,E01020907,County Durham 058C,Violence and sexual offences,Unable to prosecute suspect,
6127e775d2c90ff54833c48c0567c8bd4deceb84b1355e06fd3bd68a17500082,2020-08,Durham Constabulary,Durham Constabulary,-1.682190,54.647850,On or near Birch Avenue,E01020907,County Durham 058C,Violence and sexual offences,Unable to prosecute suspect,
b77acfa8827fc0f72af573a5df56d3667727135cc5fef31a8e7aca8594f25ac3,2020-08,Durham Constabulary,Durham Constabulary,-1.683802,54.647756,On or near St Mary'S Close,E01020907,County Durham 058C,Violence and sexual offences,Unable to prosecute suspect,
c686040b016e45c04834158bae89687312689e1987716fe819cf1c41a4f61afd,2020-08,Durham Constabulary,Durham Constabulary,-1.683000,54.647358,On or near Abbey Road,E01020907,County Durham 058C,Violence and sexual offences,Unable to prosecute suspect,
b87aa9576aa9aa1e6a7c9ba8f346cbf4634c791f4fe58829a86e500f301242aa,2020-08,Durham Constabulary,Durham Constabulary,-1.690844,54.640764,On or near Boddy Street,E01020907,County Durham 058C,Violence and sexual offences,Investigation complete; no suspect identified,
06686037a5cac3003601ffbdd38dee6c88177dc2b988a28efe5ca3e29b0f83d6,2020-08,Durham Constabulary,Durham Constabulary,-1.690732,54.641240,On or near Dilks Street,E01020907,County Durham 058C,Violence and sexual offences,Unable to prosecute suspect,
0a418bb384b7dec7c2b138ec176358c241dffd420fb47e14592163b5417bb077,2020-08,Durham Constabulary,Durham Constabulary,-1.685393,54.644435,On or near Crawford Close,E01020907,County Durham 058C,Violence and sexual offences,Unable to prosecute suspect,
25d3ec24f31b76f3b1024953a6665f7b7335a15f74e96381808a8f794b6cbb80,2020-08,Durham Constabulary,Durham Constabulary,-1.689794,54.640285,On or near Dent Street,E01020907,County Durham 058C,Violence and sexual offences,Unable to prosecute suspect,
,2020-08,Durham Constabulary,Durham Constabulary,-1.695753,54.647436,On or near Shipley Grove,E01020908,County Durham 058D,Anti-social behaviour,,
,2020-08,Durham Constabulary,Durham Constabulary,-1.698524,54.647793,On or near Linburn Drive,E01020908,County Durham 058D,Anti-social behaviour,,
,2020-08,Durham Constabulary,Durham Constabulary,-1.695753,54.647436,On or near Shipley Grove,E01020908,County Durham 058D,Anti-social behaviour,,
,2020-08,Durham Constabulary,Durham Constabulary,-1.695047,54.646454,On or near Weardale Drive,E01020908,County Durham 058D,Anti-social behaviour,,
,2020-08,Durham Constabulary,Durham Constabulary,-1.695753,54.647436,On or near Shipley Grove,E01020908,County Durham 058D,Anti-social behaviour,,
,2020-08,Durham Constabulary,Durham Constabulary,-1.695753,54.647436,On or near Shipley Grove,E01020908,County Durham 058D,Anti-social behaviour,,
,2020-08,Durham Constabulary,Durham Constabulary,-1.698524,54.647793,On or near Linburn Drive,E01020908,County Durham 058D,Anti-social behaviour,,
,2020-08,Durham Constabulary,Durham Constabulary,-1.695753,54.647436,On or near Shipley Grove,E01020908,County Durham 058D,Anti-social behaviour,,
,2020-08,Durham Constabulary,Durham Constabulary,-1.695753,54.647436,On or near Shipley Grove,E01020908,County Durham 058D,Anti-social behaviour,,
2439efb04287780b33e7847c57db034522bc3ff02d774f01b7492be84a489076,2020-08,Durham Constabulary,Durham Constabulary,-1.686330,54.649488,On or near Wood Square,E01020908,County Durham 058D,Criminal damage and arson,Investigation complete; no suspect identified,
929f92dd16d196f59dc9cd916771bc00382ccce28157a58cbf536a2ae8d2317c,2020-08,Durham Constabulary,Durham Constabulary,-1.695753,54.647436,On or near Shipley Grove,E01020908,County Durham 058D,Criminal damage and arson,Investigation complete; no suspect identified,
4109b6e3fdaa6187f4af3b4a4ba96697848c6e17a6cb59ee8157e4ecd2c3194c,2020-08,Durham Constabulary,Durham Constabulary,-1.695047,54.646454,On or near Weardale Drive,E01020908,County Durham 058D,Public order,Unable to prosecute suspect,
a5c15584baceb66f3b4a5cae914ca60d7a08948165822063d391cc291fd80d22,2020-08,Durham Constabulary,Durham Constabulary,-1.686330,54.649488,On or near Wood Square,E01020908,County Durham 058D,Public order,Investigation complete; no suspect identified,
49e3f5c7e50aadb36ca3f2f2061283e5d349fba0fa3dcb3ed7ba585211f0a81e,2020-08,Durham Constabulary,Durham Constabulary,-1.686330,54.649488,On or near Wood Square,E01020908,County Durham 058D,Violence and sexual offences,Unable to prosecute suspect,
70ae7f6272bb42bcbd986f51910bd90707f0c5831e31e56d29628ec8629f1a04,2020-08,Durham Constabulary,Durham Constabulary,-1.686330,54.649488,On or near Wood Square,E01020908,County Durham 058D,Violence and sexual offences,Investigation complete; no suspect identified,
f70e5f538e29ea3de176bddaf839f48a51579941fe8f3aa60a88e5d00a5afd56,2020-08,Durham Constabulary,Durham Constabulary,-1.687880,54.649483,On or near Murphy Crescent,E01020908,County Durham 058D,Violence and sexual offences,Further investigation is not in the public interest,
510f43a2555a18d827502ac8debe6b760be4021914eb26f0c120fcae94b9bcfb,2020-08,Durham Constabulary,Durham Constabulary,-1.686330,54.649488,On or near Wood Square,E01020908,County Durham 058D,Violence and sexual offences,Unable to prosecute suspect,
,2020-08,Durham Constabulary,Durham Constabulary,-1.687578,54.646435,On or near Douthwaite Road,E01020909,County Durham 058E,Anti-social behaviour,,
,2020-08,Durham Constabulary,Durham Constabulary,-1.691000,54.646822,On or near Taylor Square,E01020909,County Durham 058E,Anti-social behaviour,,
,2020-08,Durham Constabulary,Durham Constabulary,-1.690605,54.647746,On or near Kitchen Avenue,E01020909,County Durham 058E,Anti-social behaviour,,
,2020-08,Durham Constabulary,Durham Constabulary,-1.694212,54.644116,On or near Richardson Avenue,E01020909,County Durham 058E,Anti-social behaviour,,
,2020-08,Durham Constabulary,Durham Constabulary,-1.685209,54.646241,On or near Proudfoot Drive,E01020909,County Durham 058E,Anti-social behaviour,,
,2020-08,Durham Constabulary,Durham Constabulary,-1.694212,54.644116,On or near Richardson Avenue,E01020909,County Durham 058E,Anti-social behaviour,,
,2020-08,Durham Constabulary,Durham Constabulary,-1.690639,54.645401,On or near Walker Drive,E01020909,County Durham 058E,Anti-social behaviour,,
,2020-08,Durham Constabulary,Durham Constabulary,-1.692732,54.643186,On or near Snowdon Crescent,E01020909,County Durham 058E,Anti-social behaviour,,
,2020-08,Durham Constabulary,Durham Constabulary,-1.692732,54.643186,On or near Snowdon Crescent,E01020909,County Durham 058E,Anti-social behaviour,,
,2020-08,Durham Constabulary,Durham Constabulary,-1.687578,54.646435,On or near Douthwaite Road,E01020909,County Durham 058E,Anti-social behaviour,,
966fc77b1290e9e2ed61d10382631fc2b3262be3d919c600e35a1ae9a2042945,2020-08,Durham Constabulary,Durham Constabulary,-1.692071,54.644497,On or near Lusby Crescent,E01020909,County Durham 058E,Burglary,Investigation complete; no suspect identified,
4d609e74819f3b3a9adb2f550b70c930a914aba4657e927432bb804c660a60fa,2020-08,Durham Constabulary,Durham Constabulary,-1.692732,54.643186,On or near Snowdon Crescent,E01020909,County Durham 058E,Burglary,Unable to prosecute suspect,
736aa75f0ab228600ba921af93f9da320d3ab5fd4e6dedc4de83b6fbe536cbf4,2020-08,Durham Constabulary,Durham Constabulary,-1.687578,54.646435,On or near Douthwaite Road,E01020909,County Durham 058E,Burglary,Investigation complete; no suspect identified,
12548af7fd10a968d8c8183e021b775e1ccf671683e4238a22ebd6ec756b6f6d,2020-08,Durham Constabulary,Durham Constabulary,-1.687578,54.646435,On or near Douthwaite Road,E01020909,County Durham 058E,Criminal damage and arson,Investigation complete; no suspect identified,
aef8c29d9df0162eee599bda2d3f9149693c6ea8ec607c67dc13b4a4671840e5,2020-08,Durham Constabulary,Durham Constabulary,-1.692732,54.643186,On or near Snowdon Crescent,E01020909,County Durham 058E,Criminal damage and arson,Investigation complete; no suspect identified,
a64e1e8025e491c22de6c4ca1164c620549d0169619f93581eed3f6331d88978,2020-08,Durham Constabulary,Durham Constabulary,-1.683521,54.646057,On or near Scott Road,E01020909,County Durham 058E,Drugs,Unable to prosecute suspect,
f53fb4e96a1baa90a83faf94d35072c777f3a9799353e633d48be71755dcf631,2020-08,Durham Constabulary,Durham Constabulary,-1.694212,54.644116,On or near Richardson Avenue,E01020909,County Durham 058E,Other theft,Unable to prosecute suspect,
0d4d68f2d9542f325d9e1983d5843d6458a3351c4a25c963a2b90d8bf8cc5003,2020-08,Durham Constabulary,Durham Constabulary,-1.683521,54.646057,On or near Scott Road,E01020909,County Durham 058E,Other theft,Unable to prosecute suspect,
452433d9e16cedd5e5e61a942b35c35473450565183c1e33805f828335f3e721,2020-08,Durham Constabulary,Durham Constabulary,-1.690639,54.645401,On or near Walker Drive,E01020909,County Durham 058E,Public order,Unable to prosecute suspect,
39f39e04ecf3ceaacf5ef21d937b2a9c47be9296873281b3b31bb8d548722bc8,2020-08,Durham Constabulary,Durham Constabulary,-1.687578,54.646435,On or near Douthwaite Road,E01020909,County Durham 058E,Public order,Unable to prosecute suspect,
de3479593ab2f52927a49f80df56aba5eb8f82b6710a43d78d6e6473024371de,2020-08,Durham Constabulary,Durham Constabulary,-1.689062,54.644894,On or near Archer Avenue,E01020909,County Durham 058E,Public order,Unable to prosecute suspect,
66b89dd85f2ded6f83a039e57d87f63c4161c731e787ada4ab54d7f9dadf2cf8,2020-08,Durham Constabulary,Durham Constabulary,-1.687718,54.644369,On or near Price Avenue,E01020909,County Durham 058E,Public order,Investigation complete; no suspect identified,
a697acd1be613c51b3916994d9d9b353f55276fd977db5f0c9a9d3636bb73e54,2020-08,Durham Constabulary,Durham Constabulary,-1.689062,54.644894,On or near Archer Avenue,E01020909,County Durham 058E,Public order,Unable to prosecute suspect,
bba6baf552ef7662136092aa779644f1cbb04d65c4dbe4fc0f652604d419db3e,2020-08,Durham Constabulary,Durham Constabulary,-1.692732,54.643186,On or near Snowdon Crescent,E01020909,County Durham 058E,Public order,Investigation complete; no suspect identified,
d02a5131d32dc02bf7d06a96c599f4307b49335b797c04625ae2aa51f09156fa,2020-08,Durham Constabulary,Durham Constabulary,-1.683521,54.646057,On or near Scott Road,E01020909,County Durham 058E,Public order,Court result unavailable,
b615e28c8db2ac5c0fd73da92344fabe7c688a1de6375f215d8adffa27480c3c,2020-08,Durham Constabulary,Durham Constabulary,-1.685209,54.646241,On or near Proudfoot Drive,E01020909,County Durham 058E,Public order,Unable to prosecute suspect,
8b122b0312d23de1f62b1f7deb9f63e78c1e2919d6ca23bf660ee2cfa3169300,2020-08,Durham Constabulary,Durham Constabulary,-1.691000,54.646822,On or near Taylor Square,E01020909,County Durham 058E,Robbery,Unable to prosecute suspect,
f6cf6a49b2946535dfc032edcbe9b7303caff71d59fa82c9ca07270e346a12f1,2020-08,Durham Constabulary,Durham Constabulary,-1.692732,54.643186,On or near Snowdon Crescent,E01020909,County Durham 058E,Shoplifting,Investigation complete; no suspect identified,
89d03c09f64d51ab8e2d526dc8dd9f32f851f32559c3590eb4634abf81d33c48,2020-08,Durham Constabulary,Durham Constabulary,-1.691000,54.646822,On or near Taylor Square,E01020909,County Durham 058E,Vehicle crime,Formal action is not in the public interest,
a49d378b19470f55b2fd4e7217ffe7ed27559fc1e48471e41a3c164f98e514fb,2020-08,Durham Constabulary,Durham Constabulary,-1.690639,54.645401,On or near Walker Drive,E01020909,County Durham 058E,Violence and sexual offences,Unable to prosecute suspect,
a98d4e4cf11e6b5fe54bbd63608ced5b7cbf52e1bf8e8494acca75f4075fd9ee,2020-08,Durham Constabulary,Durham Constabulary,-1.685209,54.646241,On or near Proudfoot Drive,E01020909,County Durham 058E,Violence and sexual offences,Unable to prosecute suspect,
7e855c4e5d0a896497d266160782060696255e009f167d6616d15c30c4ac5bba,2020-08,Durham Constabulary,Durham Constabulary,-1.691000,54.646822,On or near Taylor Square,E01020909,County Durham 058E,Violence and sexual offences,Unable to prosecute suspect,
ea897c2c2682e56bf6fb938af7eed5defa52a162f218f62ccdfdbf846e911824,2020-08,Durham Constabulary,Durham Constabulary,-1.690639,54.645401,On or near Walker Drive,E01020909,County Durham 058E,Violence and sexual offences,Unable to prosecute suspect,
7e92e8ce1453c63f02adf27a1e659771f222887dee1ebc1326494d39e7a696ec,2020-08,Durham Constabulary,Durham Constabulary,-1.692732,54.643186,On or near Snowdon Crescent,E01020909,County Durham 058E,Violence and sexual offences,Court result unavailable,
006a4a3626ad1e2c74e8730d606f93cd4b44f0379e957113a465e9d274add3b4,2020-08,Durham Constabulary,Durham Constabulary,-1.683521,54.646057,On or near Scott Road,E01020909,County Durham 058E,Violence and sexual offences,Court result unavailable,
ddd042eaaa4f6466e432c3523c381c2478772c3193298744c3d604fe4df74e7a,2020-08,Durham Constabulary,Durham Constabulary,-1.683521,54.646057,On or near Scott Road,E01020909,County Durham 058E,Violence and sexual offences,Court result unavailable,
,2020-08,Durham Constabulary,Durham Constabulary,-1.652888,54.629356,On or near Ruby Street,E01020801,County Durham 059A,Anti-social behaviour,,
,2020-08,Durham Constabulary,Durham Constabulary,-1.650865,54.628658,On or near Ruskin Avenue,E01020801,County Durham 059A,Anti-social behaviour,,
,2020-08,Durham Constabulary,Durham Constabulary,-1.653177,54.631729,On or near George Street,E01020801,County Durham 059A,Anti-social behaviour,,
,2020-08,Durham Constabulary,Durham Constabulary,-1.646485,54.630030,On or near Sports/Recreation Area,E01020801,County Durham 059A,Anti-social behaviour,,
,2020-08,Durham Constabulary,Durham Constabulary,-1.652888,54.629356,On or near Ruby Street,E01020801,County Durham 059A,Anti-social behaviour,,
,2020-08,Durham Constabulary,Durham Constabulary,-1.652888,54.629356,On or near Ruby Street,E01020801,County Durham 059A,Anti-social behaviour,,
,2020-08,Durham Constabulary,Durham Constabulary,-1.652888,54.629356,On or near Ruby Street,E01020801,County Durham 059A,Anti-social behaviour,,
,2020-08,Durham Constabulary,Durham Constabulary,-1.651394,54.628300,On or near Byerley Road,E01020801,County Durham 059A,Anti-social behaviour,,
,2020-08,Durham Constabulary,Durham Constabulary,-1.646485,54.630030,On or near Sports/Recreation Area,E01020801,County Durham 059A,Anti-social behaviour,,
,2020-08,Durham Constabulary,Durham Constabulary,-1.652888,54.629356,On or near Ruby Street,E01020801,County Durham 059A,Anti-social behaviour,,
6c9195c50636d5f821dd215dcb42a330961f71be2c8293148443c4b3138ecf7c,2020-08,Durham Constabulary,Durham Constabulary,-1.652901,54.631441,On or near Salisbury Terrace,E01020801,County Durham 059A,Burglary,Investigation complete; no suspect identified,
c985747d6a8057669b47888813071f3caf8c2389c8f6df34b9d9b149a8a8a8d6,2020-08,Durham Constabulary,Durham Constabulary,-1.652901,54.631441,On or near Salisbury Terrace,E01020801,County Durham 059A,Burglary,Investigation complete; no suspect identified,
bd619194e6d22e1d39b8d97c783b43a1faf9ddeda4b17c207fc8ac1900cc7266,2020-08,Durham Constabulary,Durham Constabulary,-1.647693,54.626376,On or near Chapel Street,E01020801,County Durham 059A,Burglary,Court result unavailable,
78e7ce85de72d70c6e6a98d89052092cd15d37132c9985e869126c521ab0361f,2020-08,Durham Constabulary,Durham Constabulary,-1.652888,54.629356,On or near Ruby Street,E01020801,County Durham 059A,Criminal damage and arson,Investigation complete; no suspect identified,
96e2ff02f782e875e465904f37dccb0ce532e3537b048b0f9cc1554d9dad2b06,2020-08,Durham Constabulary,Durham Constabulary,-1.652888,54.629356,On or near Ruby Street,E01020801,County Durham 059A,Criminal damage and arson,Investigation complete; no suspect identified,
0d8e1b03a11067a5a2d1a65fdd5fc03b40fb0be47bd011f4552004078e02da93,2020-08,Durham Constabulary,Durham Constabulary,-1.652888,54.629356,On or near Ruby Street,E01020801,County Durham 059A,Criminal damage and arson,Unable to prosecute suspect,
3f801c083725732ab685aa3c3d7517525ea72f7d5a39ef026d03143f79d00434,2020-08,Durham Constabulary,Durham Constabulary,-1.652888,54.629356,On or near Ruby Street,E01020801,County Durham 059A,Drugs,Court result unavailable,
2eab9a0ae6a2185057a997eda50abd27909b22704b4c75296a71bac31416b90e,2020-08,Durham Constabulary,Durham Constabulary,-1.652695,54.630209,On or near Regent Street,E01020801,County Durham 059A,Other theft,Investigation complete; no suspect identified,
0d899a61cd223084ac2352638041eb00ef94d24fe77995a1348e10e3d0245370,2020-08,Durham Constabulary,Durham Constabulary,-1.652888,54.629356,On or near Ruby Street,E01020801,County Durham 059A,Public order,Unable to prosecute suspect,
5b41bc4b7424fe8af97d401a9dbc62cee86683b1fa7f66db726d500c815be249,2020-08,Durham Constabulary,Durham Constabulary,-1.652695,54.630209,On or near Regent Street,E01020801,County Durham 059A,Public order,Unable to prosecute suspect,
35aa50f5ddca9288c295e93f0d998fd8c299c855af624a2ea919d38f52b14361,2020-08,Durham Constabulary,Durham Constabulary,-1.652888,54.629356,On or near Ruby Street,E01020801,County Durham 059A,Public order,Unable to prosecute suspect,
92d98d7e2120d579c47b0374ed8adc2d50f85da05cd11463cbef5d70ebe48b5c,2020-08,Durham Constabulary,Durham Constabulary,-1.652695,54.630209,On or near Regent Street,E01020801,County Durham 059A,Public order,Unable to prosecute suspect,
3b9dfa5f49adbc05857e9df2f1de27f65c5893883ae9c5784d888f68f6e81bc0,2020-08,Durham Constabulary,Durham Constabulary,-1.652888,54.629356,On or near Ruby Street,E01020801,County Durham 059A,Shoplifting,Investigation complete; no suspect identified,
23e8cc5ff4fecf799ac9e3763a70e2723b8457dccee8823af2e068b8a70c4431,2020-08,Durham Constabulary,Durham Constabulary,-1.652888,54.629356,On or near Ruby Street,E01020801,County Durham 059A,Violence and sexual offences,Status update unavailable,
32c75dbfb7d37dc653142a1274c38e9297dfa3492415f9790a8971038428c5a4,2020-08,Durham Constabulary,Durham Constabulary,-1.653032,54.630588,On or near Osborne Street,E01020801,County Durham 059A,Violence and sexual offences,Status update unavailable,
b930a5bdfd7be685006f0c874505a46a173a8354f684662fb8a85660f1d4d42a,2020-08,Durham Constabulary,Durham Constabulary,-1.650865,54.628658,On or near Ruskin Avenue,E01020801,County Durham 059A,Violence and sexual offences,Unable to prosecute suspect,
01df07da6cbff9c2ba69151cf2e7b9ef5ca3118177cbfb3d6fb45b21c6a10772,2020-08,Durham Constabulary,Durham Constabulary,-1.652115,54.632787,On or near Maughan Street,E01020801,County Durham 059A,Violence and sexual offences,Unable to prosecute suspect,
9fc720d3cc2fd7988dba00f4f7ae1ffdbcd869d13eaf5ac850d5e8fd20fba7af,2020-08,Durham Constabulary,Durham Constabulary,-1.652888,54.629356,On or near Ruby Street,E01020801,County Durham 059A,Violence and sexual offences,Unable to prosecute suspect,
5bcb0aa338e1c38b2beafe16b0026f9780598ac4a44f99c78e3eb32d5cdc826e,2020-08,Durham Constabulary,Durham Constabulary,-1.652115,54.632787,On or near Maughan Street,E01020801,County Durham 059A,Violence and sexual offences,Court result unavailable,
23e8cc5ff4fecf799ac9e3763a70e2723b8457dccee8823af2e068b8a70c4431,2020-08,Durham Constabulary,Durham Constabulary,-1.652888,54.629356,On or near Ruby Street,E01020801,County Durham 059A,Violence and sexual offences,Unable to prosecute suspect,
b84773b384d2d0c4d8caeb076683eeaec2e767f4c539d9785bb26e085fe91599,2020-08,Durham Constabulary,Durham Constabulary,-1.652695,54.630209,On or near Regent Street,E01020801,County Durham 059A,Violence and sexual offences,Unable to prosecute suspect,
23e8cc5ff4fecf799ac9e3763a70e2723b8457dccee8823af2e068b8a70c4431,2020-08,Durham Constabulary,Durham Constabulary,-1.652888,54.629356,On or near Ruby Street,E01020801,County Durham 059A,Violence and sexual offences,Status update unavailable,
517eb25682708b595b595b1183c20d662b82c76228215113e56b74336e504288,2020-08,Durham Constabulary,Durham Constabulary,-1.653032,54.630588,On or near Osborne Street,E01020801,County Durham 059A,Violence and sexual offences,Status update unavailable,
787864cc9016b455e0b10be27116ef78ba02fd62f06eeb41da57c35b921c9d9c,2020-08,Durham Constabulary,Durham Constabulary,-1.652888,54.629356,On or near Ruby Street,E01020801,County Durham 059A,Violence and sexual offences,Unable to prosecute suspect,
e52b68fc9635cd32932d46636995e43696b5cf40513dd3770f2b93e3fbd01c04,2020-08,Durham Constabulary,Durham Constabulary,-1.652115,54.632787,On or near Maughan Street,E01020801,County Durham 059A,Other crime,Unable to prosecute suspect,
4c43511e5546aa81a503a156c3f3061cb0cce889d46b4b9f23bfee2b5c42a186,2020-08,Durham Constabulary,Durham Constabulary,-1.652695,54.630209,On or near Regent Street,E01020801,County Durham 059A,Other crime,Unable to prosecute suspect,
,2020-08,Durham Constabulary,Durham Constabulary,-1.656900,54.632944,On or near Princes Street,E01020802,County Durham 059B,Anti-social behaviour,,
,2020-08,Durham Constabulary,Durham Constabulary,-1.643152,54.626713,On or near Soho Street,E01020802,County Durham 059B,Anti-social behaviour,,
,2020-08,Durham Constabulary,Durham Constabulary,-1.639610,54.622703,On or near Walter Street,E01020802,County Durham 059B,Anti-social behaviour,,
,2020-08,Durham Constabulary,Durham Constabulary,-1.656900,54.632944,On or near Princes Street,E01020802,County Durham 059B,Anti-social behaviour,,
,2020-08,Durham Constabulary,Durham Constabulary,-1.639610,54.622703,On or near Walter Street,E01020802,County Durham 059B,Anti-social behaviour,,
,2020-08,Durham Constabulary,Durham Constabulary,-1.656900,54.632944,On or near Princes Street,E01020802,County Durham 059B,Anti-social behaviour,,
,2020-08,Durham Constabulary,Durham Constabulary,-1.640785,54.622931,On or near Thomas Street,E01020802,County Durham 059B,Anti-social behaviour,,
,2020-08,Durham Constabulary,Durham Constabulary,-1.639610,54.622703,On or near Walter Street,E01020802,County Durham 059B,Anti-social behaviour,,
,2020-08,Durham Constabulary,Durham Constabulary,-1.656386,54.633284,On or near Waterloo Terrace,E01020802,County Durham 059B,Anti-social behaviour,,
,2020-08,Durham Constabulary,Durham Constabulary,-1.639610,54.622703,On or near Walter Street,E01020802,County Durham 059B,Anti-social behaviour,,
,2020-08,Durham Constabulary,Durham Constabulary,-1.639610,54.622703,On or near Walter Street,E01020802,County Durham 059B,Anti-social behaviour,,
,2020-08,Durham Constabulary,Durham Constabulary,-1.639610,54.622703,On or near Walter Street,E01020802,County Durham 059B,Anti-social behaviour,,
c28d5f9aa79423f90da146fd463b483c21efb7c7e1fdea78acf52f991a2fabb4,2020-08,Durham Constabulary,Durham Constabulary,-1.642561,54.623467,On or near Adamson Street,E01020802,County Durham 059B,Criminal damage and arson,Unable to prosecute suspect,
61c728b4af1d888c6c74630e6b431ecea8ec6f9bc65810f99662c183b8ae2738,2020-08,Durham Constabulary,Durham Constabulary,-1.640182,54.622813,On or near Kilburn Street,E01020802,County Durham 059B,Criminal damage and arson,Unable to prosecute suspect,
17f7af63aff7e51028c76db814a912ae346d68276da94dbbc48691f805b3ed17,2020-08,Durham Constabulary,Durham Constabulary,-1.643152,54.626713,On or near Soho Street,E01020802,County Durham 059B,Criminal damage and arson,Local resolution,
d82fec8644b3c3c04a9735bc7c094112270015d51c8d184a989066308d380441,2020-08,Durham Constabulary,Durham Constabulary,-1.643466,54.626309,On or near Cross Street,E01020802,County Durham 059B,Criminal damage and arson,Investigation complete; no suspect identified,
4b5080e86256bbcb096c20522c8fb0cc9257bd5a4b8a076906c5c5cbff6801a0,2020-08,Durham Constabulary,Durham Constabulary,-1.645893,54.625049,On or near Supermarket,E01020802,County Durham 059B,Other theft,Investigation complete; no suspect identified,
b768ac3b3a5da96cd536873e29ff0d6397e37ae1fea3b0d443ed26887bda0f72,2020-08,Durham Constabulary,Durham Constabulary,-1.643466,54.626309,On or near Cross Street,E01020802,County Durham 059B,Possession of weapons,Unable to prosecute suspect,
c0c861952a92e1db4b6989efd3a0c8c711897a6dd5b1d598e92bb5ed588dad28,2020-08,Durham Constabulary,Durham Constabulary,-1.656900,54.632944,On or near Princes Street,E01020802,County Durham 059B,Public order,Investigation complete; no suspect identified,
aae4549cee5aac04229e2ad580c730a77c7b6e1a3eb9ad3ee29b654802c4f41b,2020-08,Durham Constabulary,Durham Constabulary,-1.640785,54.622931,On or near Thomas Street,E01020802,County Durham 059B,Public order,Investigation complete; no suspect identified,
15bb6ff237cb1c68821333ac2325f7642d7e409dd565645b189c0504e00fb3a3,2020-08,Durham Constabulary,Durham Constabulary,-1.640785,54.622931,On or near Thomas Street,E01020802,County Durham 059B,Public order,Unable to prosecute suspect,
54239b3470de8430205c7bf958638fba7b600adc9dff3435388482af85557f54,2020-08,Durham Constabulary,Durham Constabulary,-1.642249,54.627267,On or near Wylam Close,E01020802,County Durham 059B,Public order,Investigation complete; no suspect identified,
39a7c2e90bd4874de0080332c23e114a2cbc1b2722ada0edfb8a384ff43f5ed9,2020-08,Durham Constabulary,Durham Constabulary,-1.645893,54.625049,On or near Supermarket,E01020802,County Durham 059B,Shoplifting,Court result unavailable,
72f4ff795255846ea09b1fcb2f0e44481ec0382af471187beefbb0bfc204a8aa,2020-08,Durham Constabulary,Durham Constabulary,-1.645893,54.625049,On or near Supermarket,E01020802,County Durham 059B,Shoplifting,Court result unavailable,
5e6452e87c89b6af48a029ab106b6de460427b8f5a8180d7bc9e7fb9be40eae9,2020-08,Durham Constabulary,Durham Constabulary,-1.645893,54.625049,On or near Supermarket,E01020802,County Durham 059B,Shoplifting,Court result unavailable,
0bf71c890200ab3b03cee778e40cba3eb23243b89a05669ae2aff06bc2eb443b,2020-08,Durham Constabulary,Durham Constabulary,-1.645893,54.625049,On or near Supermarket,E01020802,County Durham 059B,Shoplifting,Investigation complete; no suspect identified,
677dc4fabb2999f026e2658a1f6eabe11c6c5eebd521a12852aafa9d989306f6,2020-08,Durham Constabulary,Durham Constabulary,-1.639104,54.620320,On or near Petrol Station,E01020802,County Durham 059B,Vehicle crime,Unable to prosecute suspect,
1f62dad882b9e63d4e8bc1dc2a116661df7e53648218a282f91f646746163810,2020-08,Durham Constabulary,Durham Constabulary,-1.643466,54.626309,On or near Cross Street,E01020802,County Durham 059B,Violence and sexual offences,Unable to prosecute suspect,
2446c17f2170d66f22a2d48f88990740c1d810d6747ca35f6db1f27a46447968,2020-08,Durham Constabulary,Durham Constabulary,-1.639610,54.622703,On or near Walter Street,E01020802,County Durham 059B,Violence and sexual offences,Offender given a caution,
6f068d8d2ea2fca182881d6dce1564b9e2137a72a408859d64e7ba937710d7e7,2020-08,Durham Constabulary,Durham Constabulary,-1.642561,54.623467,On or near Adamson Street,E01020802,County Durham 059B,Violence and sexual offences,Unable to prosecute suspect,
175af052634e8853023fc8013a1f0ebd0dae07ac4ce32833736034c2835df9ea,2020-08,Durham Constabulary,Durham Constabulary,-1.640842,54.623516,On or near Redworth Road,E01020802,County Durham 059B,Violence and sexual offences,Unable to prosecute suspect,
f38c1b1d3822fb35beb3cbd7b76ef751c3b44745c2b62fa428b7e3b5d406afc0,2020-08,Durham Constabulary,Durham Constabulary,-1.646052,54.624591,On or near Scott Street,E01020802,County Durham 059B,Violence and sexual offences,Unable to prosecute suspect,
3854f3996f2329e79cf0062d7c0db5d75e75babc922e851d14b89d7e29f363da,2020-08,Durham Constabulary,Durham Constabulary,-1.643152,54.626713,On or near Soho Street,E01020802,County Durham 059B,Violence and sexual offences,Unable to prosecute suspect,
89a668ebb66c1577c770effa43c6eef8e35804136760d98d8961d5d83d26185e,2020-08,Durham Constabulary,Durham Constabulary,-1.640842,54.623516,On or near Redworth Road,E01020802,County Durham 059B,Violence and sexual offences,Unable to prosecute suspect,
f65db0cd05c50811ee409757a284ffd3d38bb90469315d582fb8d94ceacaeba6,2020-08,Durham Constabulary,Durham Constabulary,-1.643466,54.626309,On or near Cross Street,E01020802,County Durham 059B,Violence and sexual offences,Unable to prosecute suspect,
b12344911ffbac6114a5c2c9d4e35528a53c03493d7ddf5590f19c321b10a5d7,2020-08,Durham Constabulary,Durham Constabulary,-1.646052,54.624591,On or near Scott Street,E01020802,County Durham 059B,Violence and sexual offences,Local resolution,
c4b26b9fec2df2063711dd96eca9d208c3c0d05671e03a57f51d8601b1e6772d,2020-08,Durham Constabulary,Durham Constabulary,-1.640182,54.622813,On or near Kilburn Street,E01020802,County Durham 059B,Violence and sexual offences,Unable to prosecute suspect,
d6e970826cc5696d4b503b42af97e8ce3f4bc401b751db155e4feb3bc3560a9e,2020-08,Durham Constabulary,Durham Constabulary,-1.643152,54.626713,On or near Soho Street,E01020802,County Durham 059B,Violence and sexual offences,Unable to prosecute suspect,
7a6cca0dfba7547a95c46c66700d736e0fa4c273f332df96f9513893740105da,2020-08,Durham Constabulary,Durham Constabulary,-1.642036,54.623294,On or near Bouch Street,E01020802,County Durham 059B,Violence and sexual offences,Unable to prosecute suspect,
c9577ca02c2cbbd279d2e269bd8cf95980be42206e683bebdb3b0f432d9633d6,2020-08,Durham Constabulary,Durham Constabulary,-1.640785,54.622931,On or near Thomas Street,E01020802,County Durham 059B,Violence and sexual offences,Unable to prosecute suspect,
cda5ca88bbc2cafb5f5ebade1292d4a658b4cd6da18137fe8497355b6a9bfafe,2020-08,Durham Constabulary,Durham Constabulary,-1.640785,54.622931,On or near Thomas Street,E01020802,County Durham 059B,Violence and sexual offences,Investigation complete; no suspect identified,
,2020-08,Durham Constabulary,Durham Constabulary,-1.646611,54.644103,On or near High Street,E01020838,County Durham 059C,Anti-social behaviour,,
,2020-08,Durham Constabulary,Durham Constabulary,-1.641113,54.642020,On or near Eldon Bank,E01020838,County Durham 059C,Anti-social behaviour,,
,2020-08,Durham Constabulary,Durham Constabulary,-1.641113,54.642020,On or near Eldon Bank,E01020838,County Durham 059C,Anti-social behaviour,,
,2020-08,Durham Constabulary,Durham Constabulary,-1.645258,54.635670,On or near Fulton Court,E01020838,County Durham 059C,Anti-social behaviour,,
,2020-08,Durham Constabulary,Durham Constabulary,-1.646187,54.634001,On or near Church Street,E01020838,County Durham 059C,Anti-social behaviour,,
,2020-08,Durham Constabulary,Durham Constabulary,-1.639574,54.644253,On or near Main Road,E01020838,County Durham 059C,Anti-social behaviour,,
,2020-08,Durham Constabulary,Durham Constabulary,-1.645410,54.634286,On or near Spencely Street,E01020838,County Durham 059C,Anti-social behaviour,,
,2020-08,Durham Constabulary,Durham Constabulary,-1.641113,54.642020,On or near Eldon Bank,E01020838,County Durham 059C,Anti-social behaviour,,
,2020-08,Durham Constabulary,Durham Constabulary,-1.641113,54.642020,On or near Eldon Bank,E01020838,County Durham 059C,Anti-social behaviour,,
,2020-08,Durham Constabulary,Durham Constabulary,-1.650752,54.634607,On or near Southlands Gardens,E01020838,County Durham 059C,Anti-social behaviour,,
6edc9453fca1aba27ba67e2404c5f6daed08714a9defb82f0a5cc386faf05221,2020-08,Durham Constabulary,Durham Constabulary,-1.647846,54.633862,On or near Parking Area,E01020838,County Durham 059C,Burglary,Unable to prosecute suspect,
833f3bff07f4e2cbae94ec5785e04bd57fac2a96dac49a2bfdabb50b4f7c8db8,2020-08,Durham Constabulary,Durham Constabulary,-1.639574,54.644253,On or near Main Road,E01020838,County Durham 059C,Criminal damage and arson,Investigation complete; no suspect identified,
8bb84f743f70c5354d120d169096966ad89f37e480a95bdb0d7c7fcbbbe3aa2b,2020-08,Durham Constabulary,Durham Constabulary,-1.647098,54.634300,On or near Association Street,E01020838,County Durham 059C,Criminal damage and arson,Unable to prosecute suspect,
a838d9666908dd088955ba5792a4ac3002bbd315447fcbe52f60ada89bc973a2,2020-08,Durham Constabulary,Durham Constabulary,-1.640034,54.644812,On or near Close House,E01020838,County Durham 059C,Criminal damage and arson,Investigation complete; no suspect identified,
849699cbd0e309eef6391064dd9c7cfc7709a180b5c88532ab8dcd0e5ab6edd8,2020-08,Durham Constabulary,Durham Constabulary,-1.639574,54.644253,On or near Main Road,E01020838,County Durham 059C,Criminal damage and arson,Local resolution,
8df7e8a695e48d5717d7d9ed19cf221616bf9c3c6f658c7fa12ed4dfe45b0238,2020-08,Durham Constabulary,Durham Constabulary,-1.639574,54.644253,On or near Main Road,E01020838,County Durham 059C,Criminal damage and arson,Unable to prosecute suspect,
e63b0530931574cf9dfc339df1feb8a16778237dea2b8f2304906265a855906a,2020-08,Durham Constabulary,Durham Constabulary,-1.640034,54.644812,On or near Close House,E01020838,County Durham 059C,Criminal damage and arson,Investigation complete; no suspect identified,
38d0df0acf64ef68ac54a8106333d5b02d4f08cb24e130140affe1117419e0b7,2020-08,Durham Constabulary,Durham Constabulary,-1.639574,54.644253,On or near Main Road,E01020838,County Durham 059C,Drugs,Offender given a drugs possession warning,
1d0e6ba97366548ac09773dcfa74f93039c7488aa27967d0bb1d5b4ad168f1a4,2020-08,Durham Constabulary,Durham Constabulary,-1.639574,54.644253,On or near Main Road,E01020838,County Durham 059C,Possession of weapons,Unable to prosecute suspect,
e6ab29359dcbc495512d74786cc81f7792a32463ab52d4ec6c2750b7b2430630,2020-08,Durham Constabulary,Durham Constabulary,-1.643379,54.638028,On or near Eldon Bank Top,E01020838,County Durham 059C,Public order,Investigation complete; no suspect identified,
2034906642cf61846285ce03d07a7833ce1e7e2d9853a803deff0ffe555b8e82,2020-08,Durham Constabulary,Durham Constabulary,-1.647844,54.634051,On or near Parking Area,E01020838,County Durham 059C,Public order,Investigation complete; no suspect identified,
98fe9feb5ad2478aeb0410d8f1cc3fb1f258f23582675fada697f54973d971cd,2020-08,Durham Constabulary,Durham Constabulary,-1.644462,54.634562,On or near Robson Street,E01020838,County Durham 059C,Shoplifting,Investigation complete; no suspect identified,
30d0336c64f694b40acf2296915b4a36d2753e05809d00de132f2424afb7d4d1,2020-08,Durham Constabulary,Durham Constabulary,-1.648658,54.633038,On or near Parking Area,E01020838,County Durham 059C,Shoplifting,Investigation complete; no suspect identified,
0b47d251528c4fcdd00b52b9bb3c30fab797b7428ce428c6c5c3c66c55f16fd1,2020-08,Durham Constabulary,Durham Constabulary,-1.639574,54.644253,On or near Main Road,E01020838,County Durham 059C,Violence and sexual offences,Unable to prosecute suspect,
5ba94d81d531e7766eaed2c454f9466c865b164e6bc2f7b21eb620d7fe9f9de6,2020-08,Durham Constabulary,Durham Constabulary,-1.648577,54.633460,On or near Primitive Street,E01020838,County Durham 059C,Violence and sexual offences,Unable to prosecute suspect,
b4cee91c3c9dc5c6efacdba60897b5d6b7f8d7e8fc87b2ed8d410958dc4d5c59,2020-08,Durham Constabulary,Durham Constabulary,-1.647098,54.634300,On or near Association Street,E01020838,County Durham 059C,Violence and sexual offences,Unable to prosecute suspect,
5235877e9d7d2ea5eebf4d62d493437357661febd0ea0a70fe3c5529fb354b7f,2020-08,Durham Constabulary,Durham Constabulary,-1.639574,54.644253,On or near Main Road,E01020838,County Durham 059C,Violence and sexual offences,Unable to prosecute suspect,
,2020-08,Durham Constabulary,Durham Constabulary,-1.651188,54.632497,On or near Main Street,E01020839,County Durham 059D,Anti-social behaviour,,
,2020-08,Durham Constabulary,Durham Constabulary,-1.655590,54.635852,On or near Elm Drive,E01020839,County Durham 059D,Anti-social behaviour,,
b228cc34fbb2188e370cbe45635076f5708efb8f27bd0531bf01ebc4257adfee,2020-08,Durham Constabulary,Durham Constabulary,-1.640849,54.635001,On or near Alexandra Street,E01020839,County Durham 059D,Burglary,Investigation complete; no suspect identified,
732234e37c9c69498dc3c11682ccee68a8dacd04a77724f1b76eb6f12e7ef279,2020-08,Durham Constabulary,Durham Constabulary,-1.643046,54.635331,On or near Queen Street,E01020839,County Durham 059D,Criminal damage and arson,Investigation complete; no suspect identified,
de2fb7fbdb356cb71396dd86d17efe2d32bb32e9b824797a8ae15a5c5b19258d,2020-08,Durham Constabulary,Durham Constabulary,-1.641526,54.633781,On or near South View,E01020839,County Durham 059D,Criminal damage and arson,Investigation complete; no suspect identified,
c5e656704e1d53c04f1851df2a41f473e1f150acfa5902e9ee36749c344f0ae5,2020-08,Durham Constabulary,Durham Constabulary,-1.650350,54.632728,On or near Quarry Street,E01020839,County Durham 059D,Public order,Further investigation is not in the public interest,
bb7d97319e90ff4ea1629cc1373c7620f7437636f4812d9860b62421fd855697,2020-08,Durham Constabulary,Durham Constabulary,-1.654099,54.634446,On or near Auckland Wynd,E01020839,County Durham 059D,Vehicle crime,Investigation complete; no suspect identified,
fc469a485dd96e1cde2fbfb04205646f17f23b4b682ebbaf464595eef9a933bb,2020-08,Durham Constabulary,Durham Constabulary,-1.654099,54.634446,On or near Auckland Wynd,E01020839,County Durham 059D,Violence and sexual offences,Unable to prosecute suspect,
9dd9c3af85f529834c8cdedbe10ad052190dffc690bef16399645727f9218403,2020-08,Durham Constabulary,Durham Constabulary,-1.651188,54.632497,On or near Main Street,E01020839,County Durham 059D,Violence and sexual offences,Unable to prosecute suspect,
72928815b15d1bbbcf1741220136760acf26d9869f226bf05d8db0992be9e1ab,2020-08,Durham Constabulary,Durham Constabulary,-1.643599,54.632286,On or near Windsor Terrace,E01020839,County Durham 059D,Violence and sexual offences,Unable to prosecute suspect,
338e47dd928fdd412dbad21b679422572477e899c829d4dd9af2240057005ac4,2020-08,Durham Constabulary,Durham Constabulary,-1.655836,54.634226,On or near Auckland Terrace,E01020839,County Durham 059D,Violence and sexual offences,Investigation complete; no suspect identified,
c04ceff31aa06f36d7091731f4f97e4ddbfdee4c3771902271cac6f5ac8e9d95,2020-08,Durham Constabulary,Durham Constabulary,-1.655590,54.635852,On or near Elm Drive,E01020839,County Durham 059D,Violence and sexual offences,Unable to prosecute suspect,
79960f7cfffb05a3348a27088ce78e190a9d96b358debc098b4096bbbfc18e31,2020-08,Durham Constabulary,Durham Constabulary,-1.650350,54.632728,On or near Quarry Street,E01020839,County Durham 059D,Violence and sexual offences,Unable to prosecute suspect,
ab8b164fb521ede5f3f3daab49d2e035fb9e1f2da71bb659894bb2f89f94c655,2020-08,Durham Constabulary,Durham Constabulary,-1.654099,54.634446,On or near Auckland Wynd,E01020839,County Durham 059D,Violence and sexual offences,Unable to prosecute suspect,
,2020-08,Durham Constabulary,Durham Constabulary,-1.634317,54.625743,On or near Parking Area,E01020840,County Durham 059E,Anti-social behaviour,,
,2020-08,Durham Constabulary,Durham Constabulary,-1.630994,54.630091,On or near Glaisdale Gardens,E01020840,County Durham 059E,Anti-social behaviour,,
,2020-08,Durham Constabulary,Durham Constabulary,-1.634317,54.625743,On or near Parking Area,E01020840,County Durham 059E,Anti-social behaviour,,
,2020-08,Durham Constabulary,Durham Constabulary,-1.630896,54.628941,On or near Spout Lane,E01020840,County Durham 059E,Anti-social behaviour,,
,2020-08,Durham Constabulary,Durham Constabulary,-1.637320,54.627639,On or near Sports/Recreation Area,E01020840,County Durham 059E,Anti-social behaviour,,
,2020-08,Durham Constabulary,Durham Constabulary,-1.637320,54.627639,On or near Sports/Recreation Area,E01020840,County Durham 059E,Anti-social behaviour,,
,2020-08,Durham Constabulary,Durham Constabulary,-1.634317,54.625743,On or near Parking Area,E01020840,County Durham 059E,Anti-social behaviour,,
,2020-08,Durham Constabulary,Durham Constabulary,-1.634317,54.625743,On or near Parking Area,E01020840,County Durham 059E,Anti-social behaviour,,
,2020-08,Durham Constabulary,Durham Constabulary,-1.634317,54.625743,On or near Parking Area,E01020840,County Durham 059E,Anti-social behaviour,,
,2020-08,Durham Constabulary,Durham Constabulary,-1.637320,54.627639,On or near Sports/Recreation Area,E01020840,County Durham 059E,Anti-social behaviour,,
,2020-08,Durham Constabulary,Durham Constabulary,-1.634317,54.625743,On or near Parking Area,E01020840,County Durham 059E,Anti-social behaviour,,
,2020-08,Durham Constabulary,Durham Constabulary,-1.637676,54.624216,On or near Dalton Crescent,E01020840,County Durham 059E,Anti-social behaviour,,
,2020-08,Durham Constabulary,Durham Constabulary,-1.633467,54.627205,On or near Linden Close,E01020840,County Durham 059E,Anti-social behaviour,,
,2020-08,Durham Constabulary,Durham Constabulary,-1.634317,54.625743,On or near Parking Area,E01020840,County Durham 059E,Anti-social behaviour,,
,2020-08,Durham Constabulary,Durham Constabulary,-1.634317,54.625743,On or near Parking Area,E01020840,County Durham 059E,Anti-social behaviour,,
,2020-08,Durham Constabulary,Durham Constabulary,-1.634317,54.625743,On or near Parking Area,E01020840,County Durham 059E,Anti-social behaviour,,
,2020-08,Durham Constabulary,Durham Constabulary,-1.637320,54.627639,On or near Sports/Recreation Area,E01020840,County Durham 059E,Anti-social behaviour,,
,2020-08,Durham Constabulary,Durham Constabulary,-1.635446,54.624209,On or near Dale Grove,E01020840,County Durham 059E,Anti-social behaviour,,
,2020-08,Durham Constabulary,Durham Constabulary,-1.634317,54.625743,On or near Parking Area,E01020840,County Durham 059E,Anti-social behaviour,,
,2020-08,Durham Constabulary,Durham Constabulary,-1.634317,54.625743,On or near Parking Area,E01020840,County Durham 059E,Anti-social behaviour,,
,2020-08,Durham Constabulary,Durham Constabulary,-1.637320,54.627639,On or near Sports/Recreation Area,E01020840,County Durham 059E,Anti-social behaviour,,
,2020-08,Durham Constabulary,Durham Constabulary,-1.634317,54.625743,On or near Parking Area,E01020840,County Durham 059E,Anti-social behaviour,,
,2020-08,Durham Constabulary,Durham Constabulary,-1.634317,54.625743,On or near Parking Area,E01020840,County Durham 059E,Anti-social behaviour,,
,2020-08,Durham Constabulary,Durham Constabulary,-1.635446,54.624209,On or near Dale Grove,E01020840,County Durham 059E,Anti-social behaviour,,
,2020-08,Durham Constabulary,Durham Constabulary,-1.634317,54.625743,On or near Parking Area,E01020840,County Durham 059E,Anti-social behaviour,,
,2020-08,Durham Constabulary,Durham Constabulary,-1.630994,54.630091,On or near Glaisdale Gardens,E01020840,County Durham 059E,Anti-social behaviour,,
f6fe73887fe178430b61302276c0b33b60b36ee4a2d1bbb3fa078cc3531bd82f,2020-08,Durham Constabulary,Durham Constabulary,-1.634317,54.625743,On or near Parking Area,E01020840,County Durham 059E,Criminal damage and arson,Unable to prosecute suspect,
7cbe97f9c52e3c3af92a702c679fdb426724b71c0d4ae0284e74416651a5c0d7,2020-08,Durham Constabulary,Durham Constabulary,-1.633742,54.629363,On or near Rosedale Crescent,E01020840,County Durham 059E,Criminal damage and arson,Unable to prosecute suspect,
80bf6cabb40708e35b8bb92cf25e85b223f60dd30b63796a26c1a1f9eec5b831,2020-08,Durham Constabulary,Durham Constabulary,-1.633084,54.628543,On or near Tynedale Walk,E01020840,County Durham 059E,Drugs,Unable to prosecute suspect,
3ac50cf1b0834cb906aab3700a2d353ae22f586d32a822e0441d3611cd496490,2020-08,Durham Constabulary,Durham Constabulary,-1.628710,54.632601,On or near Baysdale Gardens,E01020840,County Durham 059E,Other theft,Investigation complete; no suspect identified,
894d2c5bfb5129fa7ad2b1816f8ef2008bc5f46ac2578f3136031d32b500c223,2020-08,Durham Constabulary,Durham Constabulary,-1.633742,54.629363,On or near Rosedale Crescent,E01020840,County Durham 059E,Public order,Unable to prosecute suspect,
efc8ec54899b361d7fd39cf916c8c0baaf73d962385e0f34469bb0da7021eefb,2020-08,Durham Constabulary,Durham Constabulary,-1.632382,54.629044,On or near Weardale Walk,E01020840,County Durham 059E,Public order,Unable to prosecute suspect,
6ba7701f0fc9add2a16002b1e2911dad3b2e66ce46b8c59f88d94fad7afbdac6,2020-08,Durham Constabulary,Durham Constabulary,-1.633084,54.628543,On or near Tynedale Walk,E01020840,County Durham 059E,Public order,Investigation complete; no suspect identified,
2abbd377debf2aa8a333c84970b77a9448d777c1b0395179fb263522810ff0cc,2020-08,Durham Constabulary,Durham Constabulary,-1.637676,54.624216,On or near Dalton Crescent,E01020840,County Durham 059E,Public order,Unable to prosecute suspect,
3b351c388ff3e67408a1fb298c1c2e9ff7df06d35beee6b08639a33208ec371f,2020-08,Durham Constabulary,Durham Constabulary,-1.630994,54.630091,On or near Glaisdale Gardens,E01020840,County Durham 059E,Violence and sexual offences,Unable to prosecute suspect,
645965733695237be515a4747dda4e05fc041ce0364491ba34c46b9e96fb3947,2020-08,Durham Constabulary,Durham Constabulary,-1.637676,54.624216,On or near Dalton Crescent,E01020840,County Durham 059E,Violence and sexual offences,Investigation complete; no suspect identified,
104898a05236609bb47987ec791b89afe2d1b2c19571136fa7a7f327a2badd30,2020-08,Durham Constabulary,Durham Constabulary,-1.632382,54.629044,On or near Weardale Walk,E01020840,County Durham 059E,Violence and sexual offences,Unable to prosecute suspect,
24debb40ec67d2e732e9fe9b2d3a8d8b9bde60a18a26dc3d4de949ff32477a6e,2020-08,Durham Constabulary,Durham Constabulary,-1.638247,54.627929,On or near Sports/Recreation Area,E01020840,County Durham 059E,Violence and sexual offences,Investigation complete; no suspect identified,
55dc67fdf924e9f591d62cfe17a1723eba6eb1ae56e1b7d576b009862bcbf1fd,2020-08,Durham Constabulary,Durham Constabulary,-1.635446,54.624209,On or near Dale Grove,E01020840,County Durham 059E,Violence and sexual offences,Unable to prosecute suspect,
83e785811edad662f955d74ae442606a6e71fb004ef6e8026e3e19b1c9578842,2020-08,Durham Constabulary,Durham Constabulary,-1.633319,54.629892,On or near Hazeldale Avenue,E01020840,County Durham 059E,Violence and sexual offences,Unable to prosecute suspect,
fe005fa9c6c21bfff63b63a5b160672b6f79ea2d7cbb2a9093fb4f60efc5679e,2020-08,Durham Constabulary,Durham Constabulary,-1.634317,54.625743,On or near Parking Area,E01020840,County Durham 059E,Violence and sexual offences,Unable to prosecute suspect,
1ea1a79ad6d80850b995dbde5c0eb4dfc1e4ac53d861f26fca439ea0e98dab86,2020-08,Durham Constabulary,Durham Constabulary,-1.634317,54.625743,On or near Parking Area,E01020840,County Durham 059E,Violence and sexual offences,Unable to prosecute suspect,
16de61189c2d0ab08fbcc53842e0a4941e78e70f11324134bc0d5be692bf8242,2020-08,Durham Constabulary,Durham Constabulary,-1.637676,54.624216,On or near Dalton Crescent,E01020840,County Durham 059E,Violence and sexual offences,Unable to prosecute suspect,
15f637bcef4e3dc46868acee7772c751248b49198869968f8c90ee62aef3873f,2020-08,Durham Constabulary,Durham Constabulary,-1.634317,54.625743,On or near Parking Area,E01020840,County Durham 059E,Violence and sexual offences,Unable to prosecute suspect,
898b61c6f9380964f0adbccc185e5c80b353d13b4e03ef2dc8bf0fe248303b2b,2020-08,Durham Constabulary,Durham Constabulary,-1.630994,54.630091,On or near Glaisdale Gardens,E01020840,County Durham 059E,Violence and sexual offences,Unable to prosecute suspect,
bba5b5c9c392b0de2a1a37d74fee86f23e049226a0169113e9b94e5bd26f78c4,2020-08,Durham Constabulary,Durham Constabulary,-1.630994,54.630091,On or near Glaisdale Gardens,E01020840,County Durham 059E,Violence and sexual offences,Unable to prosecute suspect,
,2020-08,Durham Constabulary,Durham Constabulary,-1.637952,54.629726,On or near Jasmine Avenue,E01020841,County Durham 059F,Anti-social behaviour,,
,2020-08,Durham Constabulary,Durham Constabulary,-1.639533,54.629623,On or near Chestnut Close,E01020841,County Durham 059F,Anti-social behaviour,,
,2020-08,Durham Constabulary,Durham Constabulary,-1.637952,54.629726,On or near Jasmine Avenue,E01020841,County Durham 059F,Anti-social behaviour,,
,2020-08,Durham Constabulary,Durham Constabulary,-1.637952,54.629726,On or near Jasmine Avenue,E01020841,County Durham 059F,Anti-social behaviour,,
,2020-08,Durham Constabulary,Durham Constabulary,-1.633776,54.632508,On or near Larch Avenue,E01020841,County Durham 059F,Anti-social behaviour,,
,2020-08,Durham Constabulary,Durham Constabulary,-1.636209,54.632417,On or near Holly Hill,E01020841,County Durham 059F,Anti-social behaviour,,
,2020-08,Durham Constabulary,Durham Constabulary,-1.638096,54.631038,On or near Firtree,E01020841,County Durham 059F,Anti-social behaviour,,
,2020-08,Durham Constabulary,Durham Constabulary,-1.636988,54.631925,On or near Coronation Avenue,E01020841,County Durham 059F,Anti-social behaviour,,
,2020-08,Durham Constabulary,Durham Constabulary,-1.635131,54.629996,On or near Rowan Avenue,E01020841,County Durham 059F,Anti-social behaviour,,
,2020-08,Durham Constabulary,Durham Constabulary,-1.635131,54.629996,On or near Rowan Avenue,E01020841,County Durham 059F,Anti-social behaviour,,
e10691124d447d9270cbb5038ed9ca04b533609426dd526bc30bc2b5720bf966,2020-08,Durham Constabulary,Durham Constabulary,-1.637192,54.629876,On or near Magnolia Way,E01020841,County Durham 059F,Criminal damage and arson,Unable to prosecute suspect,
b9c4067858e64014899d9fc9a4ad1a70c70a7c832d22da329feb9974db4ce168,2020-08,Durham Constabulary,Durham Constabulary,-1.636474,54.630485,On or near Maple Avenue,E01020841,County Durham 059F,Criminal damage and arson,Further action is not in the public interest,
277e1af929b37c7fba8f3cd44881715e6b42cc9c3549ec3cd6765fe429acf421,2020-08,Durham Constabulary,Durham Constabulary,-1.635131,54.629996,On or near Rowan Avenue,E01020841,County Durham 059F,Other theft,Investigation complete; no suspect identified,
69c66bc662cb291510230d4d60569b70022341ad2a7f697b7fac4f9a16bd89a1,2020-08,Durham Constabulary,Durham Constabulary,-1.640921,54.632125,On or near Birch Avenue,E01020841,County Durham 059F,Possession of weapons,Further investigation is not in the public interest,
6f908b30d18dbc4615ef3cbbf7b101c5683138f76c2cd2e4011e4ec3aed52a81,2020-08,Durham Constabulary,Durham Constabulary,-1.640631,54.633338,On or near Sunnyside Avenue,E01020841,County Durham 059F,Public order,Unable to prosecute suspect,
44f14abb225519208be8a569b00a819adfccba6f196e05a05a00a81a019355c5,2020-08,Durham Constabulary,Durham Constabulary,-1.640187,54.630991,On or near Cedar Grove,E01020841,County Durham 059F,Public order,Investigation complete; no suspect identified,
d6c8fe014d492d5f0f9242cc48a239b916eb6a5c590e1e73f46943264fca7ff6,2020-08,Durham Constabulary,Durham Constabulary,-1.637952,54.629726,On or near Jasmine Avenue,E01020841,County Durham 059F,Shoplifting,Investigation complete; no suspect identified,
0a7e8d26e550b93ec21b23a82dbb38120599960dc9815939ae8df6a59194ae98,2020-08,Durham Constabulary,Durham Constabulary,-1.641613,54.632684,On or near Sycamore Square,E01020841,County Durham 059F,Violence and sexual offences,Unable to prosecute suspect,
696f8394066ae66cae5c1ebb49357dc891375261ae6498345043da5be6413e79,2020-08,Durham Constabulary,Durham Constabulary,-1.633776,54.632508,On or near Larch Avenue,E01020841,County Durham 059F,Violence and sexual offences,Unable to prosecute suspect,
3d91ccdcb3dba1066def0fcad08f111f577132fe74c12af6087b6da31ee14343,2020-08,Durham Constabulary,Durham Constabulary,-1.635131,54.629996,On or near Rowan Avenue,E01020841,County Durham 059F,Violence and sexual offences,Unable to prosecute suspect,
efbf32cdbf67f265778fc9103296b051e88fc1887c27e778f32a10e241518065,2020-08,Durham Constabulary,Durham Constabulary,-1.635131,54.629996,On or near Rowan Avenue,E01020841,County Durham 059F,Violence and sexual offences,Unable to prosecute suspect,
aca5a8cf63fc11d529ab94dfb2359abfdb4831269e9c446b860edeb609785c23,2020-08,Durham Constabulary,Durham Constabulary,-1.638096,54.631038,On or near Firtree,E01020841,County Durham 059F,Violence and sexual offences,Unable to prosecute suspect,
1188030697b620f74f27feaca4cd2bd37e5283783b252de4cb0e058ed8fb42b8,2020-08,Durham Constabulary,Durham Constabulary,-1.639688,54.631439,On or near Jubilee Road,E01020841,County Durham 059F,Violence and sexual offences,Unable to prosecute suspect,
98b623942c1169212fb079652dd1219eb7455a0e12c09b211caa63faa62066dc,2020-08,Durham Constabulary,Durham Constabulary,-1.638096,54.631038,On or near Firtree,E01020841,County Durham 059F,Violence and sexual offences,Unable to prosecute suspect,
9bc6f5c02848528a7fafdea7832f72af09a74d24c98eab71870af15869636538,2020-08,Durham Constabulary,Durham Constabulary,-1.640187,54.630991,On or near Cedar Grove,E01020841,County Durham 059F,Violence and sexual offences,Unable to prosecute suspect,
878bd936a452d830a5ca8ad520b3657d4ab1d5ae9a22d83dc4c7c0551315c06b,2020-08,Durham Constabulary,Durham Constabulary,-1.633776,54.632508,On or near Larch Avenue,E01020841,County Durham 059F,Violence and sexual offences,Unable to prosecute suspect,
fde615efa27f1a6585d7414f0b5455f2086e32a86b8b279ded5096755cae2488,2020-08,Durham Constabulary,Durham Constabulary,-1.640631,54.633338,On or near Sunnyside Avenue,E01020841,County Durham 059F,Violence and sexual offences,Investigation complete; no suspect identified,
d49813586a3e818e870ea9e06f674cb294a544fb194f1e56c832b7b316329d8d,2020-08,Durham Constabulary,Durham Constabulary,-1.637952,54.629726,On or near Jasmine Avenue,E01020841,County Durham 059F,Violence and sexual offences,Unable to prosecute suspect,
6dc17ca3e74d9ee4974f0667d6f977a90d3bec4e5ebc19896bd84368c2123281,2020-08,Durham Constabulary,Durham Constabulary,-1.639688,54.631439,On or near Jubilee Road,E01020841,County Durham 059F,Other crime,Unable to prosecute suspect,
,2020-08,Durham Constabulary,Durham Constabulary,-1.595356,54.626464,On or near Luttryngton Court,E01020813,County Durham 060A,Anti-social behaviour,,
cb43d13ea8d02a5a267a0140dd3c38d3a69cf48426a35c46d4ed9df7755fa318,2020-08,Durham Constabulary,Durham Constabulary,-1.593587,54.628408,On or near Russell Court,E01020813,County Durham 060A,Criminal damage and arson,Investigation complete; no suspect identified,
0a8b94dbc5b0b175c1e82ac01d662bf95163383ec8ec762a469c8b94b1f64ac8,2020-08,Durham Constabulary,Durham Constabulary,-1.593587,54.628408,On or near Russell Court,E01020813,County Durham 060A,Other theft,Investigation complete; no suspect identified,
ce96be4e805e69413275d0842c2aecb51eb814bed64c193d6e3d23042d45d3d1,2020-08,Durham Constabulary,Durham Constabulary,-1.593587,54.628408,On or near Russell Court,E01020813,County Durham 060A,Other theft,Investigation complete; no suspect identified,
f3ff7a20cf3f64e372c1068f3ccb9da4c1a62202b25d79317cbcec5562d24bd7,2020-08,Durham Constabulary,Durham Constabulary,-1.599201,54.624490,On or near Zetland Hunt,E01020813,County Durham 060A,Violence and sexual offences,Unable to prosecute suspect,
1d2d52e304f60287dcd21833452f77d0850e5180078fcc4a3c19921cf10807a6,2020-08,Durham Constabulary,Durham Constabulary,-1.599201,54.624490,On or near Zetland Hunt,E01020813,County Durham 060A,Violence and sexual offences,Unable to prosecute suspect,
0bb0de357cee94f5355db04227d1f408ae89fdddd73ff6e7f265abbdc6efa613,2020-08,Durham Constabulary,Durham Constabulary,-1.599201,54.624490,On or near Zetland Hunt,E01020813,County Durham 060A,Violence and sexual offences,Unable to prosecute suspect,
105c0d95a67437fe7cba0c6e945b7f9a68efd13766cca4a5c2064be3084e3cc0,2020-08,Durham Constabulary,Durham Constabulary,-1.599201,54.624490,On or near Zetland Hunt,E01020813,County Durham 060A,Violence and sexual offences,Unable to prosecute suspect,
9505438926a48b77a0350186da2996098ce4c7514ce6bbbe0b9adead1441623d,2020-08,Durham Constabulary,Durham Constabulary,-1.599201,54.624490,On or near Zetland Hunt,E01020813,County Durham 060A,Violence and sexual offences,Unable to prosecute suspect,
,2020-08,Durham Constabulary,Durham Constabulary,-1.587353,54.626050,On or near Bluebell Close,E01020814,County Durham 060B,Anti-social behaviour,,
,2020-08,Durham Constabulary,Durham Constabulary,-1.587353,54.626050,On or near Bluebell Close,E01020814,County Durham 060B,Anti-social behaviour,,
4e814682692ac38b2f71fa79ab032bb686a7a9bc36272afa45222c04d801f8d6,2020-08,Durham Constabulary,Durham Constabulary,-1.591315,54.623179,On or near Pedestrian Subway,E01020814,County Durham 060B,Vehicle crime,Investigation complete; no suspect identified,
3d83db57e6656d5b3e4bcfe718b33681c765ba8546e6a1eb014fd01c2931751c,2020-08,Durham Constabulary,Durham Constabulary,-1.586236,54.630729,On or near Lancelot Close,E01020814,County Durham 060B,Violence and sexual offences,Investigation complete; no suspect identified,
2c28a7b3960280b50e00193666b9eec1924f67177fbd094c9e69bc3c5e56efbc,2020-08,Durham Constabulary,Durham Constabulary,-1.591315,54.623179,On or near Pedestrian Subway,E01020814,County Durham 060B,Violence and sexual offences,Investigation complete; no suspect identified,
e31b4d7d535a945291bb0084056f1561e2b45dece21c25a36959ce212ddd53aa,2020-08,Durham Constabulary,Durham Constabulary,-1.586236,54.630729,On or near Lancelot Close,E01020814,County Durham 060B,Violence and sexual offences,Investigation complete; no suspect identified,
3b4b48a7c979d0eda4f78ba5b8439c476401f0bab36c33fdb9ce2fa43cc83611,2020-08,Durham Constabulary,Durham Constabulary,-1.587353,54.626050,On or near Bluebell Close,E01020814,County Durham 060B,Violence and sexual offences,Unable to prosecute suspect,
7eb20239ae734eb95798abfee8209ad974641c0c4643bd57f68ccc41ef0f06c4,2020-08,Durham Constabulary,Durham Constabulary,-1.591315,54.623179,On or near Pedestrian Subway,E01020814,County Durham 060B,Other crime,Investigation complete; no suspect identified,
,2020-08,Durham Constabulary,Durham Constabulary,-1.598005,54.623255,On or near Blackton Close,E01020815,County Durham 060C,Anti-social behaviour,,
,2020-08,Durham Constabulary,Durham Constabulary,-1.609683,54.629692,On or near Northside Close,E01020815,County Durham 060C,Anti-social behaviour,,
,2020-08,Durham Constabulary,Durham Constabulary,-1.600473,54.621143,On or near Pedestrian Subway,E01020815,County Durham 060C,Anti-social behaviour,,
3ffab3f18f099d9825ae910d5638eff750660b8b8ccabdc56b834666e4f48710,2020-08,Durham Constabulary,Durham Constabulary,-1.603054,54.621699,On or near Colwell Court,E01020815,County Durham 060C,Criminal damage and arson,Investigation complete; no suspect identified,
ef101a0391b679e16a4fd83db8a5dfe7e5e2eead7eb9269b74c1fd027f04f6c2,2020-08,Durham Constabulary,Durham Constabulary,-1.600473,54.621143,On or near Pedestrian Subway,E01020815,County Durham 060C,Criminal damage and arson,Local resolution,
02f6160cd628d380ee2bc69172406fa7dd702acdb51cfa73126b824a03d9e02e,2020-08,Durham Constabulary,Durham Constabulary,-1.600473,54.621143,On or near Pedestrian Subway,E01020815,County Durham 060C,Criminal damage and arson,Unable to prosecute suspect,
4d1ac870caf62b3ebab1f4a36f81bb91009a35237ecbd02fbe1496fc3420c366,2020-08,Durham Constabulary,Durham Constabulary,-1.600473,54.621143,On or near Pedestrian Subway,E01020815,County Durham 060C,Public order,Investigation complete; no suspect identified,
c6f9e934070d6131262373bb18b372c73943c9ef166811758b307454160e2a5b,2020-08,Durham Constabulary,Durham Constabulary,-1.600473,54.621143,On or near Pedestrian Subway,E01020815,County Durham 060C,Public order,Local resolution,
d417e4bddd5adc0267b90da65b0fdc2419f5a513cd270cfde3786a5603326a87,2020-08,Durham Constabulary,Durham Constabulary,-1.600473,54.621143,On or near Pedestrian Subway,E01020815,County Durham 060C,Violence and sexual offences,Unable to prosecute suspect,
2637df53e1afcb8dddad104a76c0c73eb82df8b73f102c4e3d58d8d2971ba009,2020-08,Durham Constabulary,Durham Constabulary,-1.597658,54.622364,On or near Stocks Green,E01020815,County Durham 060C,Violence and sexual offences,Unable to prosecute suspect,
9b380efcd5ed4c26912126d0813f7e943d99000702f8cb90e7f1f06c8f53cc10,2020-08,Durham Constabulary,Durham Constabulary,-1.598005,54.623255,On or near Blackton Close,E01020815,County Durham 060C,Violence and sexual offences,Unable to prosecute suspect,
6f722323ba0a5ff75d6b373e3519f7a8d915d06877ec918bba0bd0bec10baa6c,2020-08,Durham Constabulary,Durham Constabulary,-1.600473,54.621143,On or near Pedestrian Subway,E01020815,County Durham 060C,Violence and sexual offences,Unable to prosecute suspect,
288d49f73f81b7fc6ca199eebdd2fd4d7f8590686883da3167489110f7341f49,2020-08,Durham Constabulary,Durham Constabulary,-1.602342,54.624797,On or near Ainsty Hunt,E01020815,County Durham 060C,Violence and sexual offences,Unable to prosecute suspect,
3ba5c53624c3066eab8edb47696cb437294c48d2262c68a8726a44ca75d927d0,2020-08,Durham Constabulary,Durham Constabulary,-1.598005,54.623255,On or near Blackton Close,E01020815,County Durham 060C,Violence and sexual offences,Court result unavailable,
8e5b258a0448ea7d01b40ce46b64c243eb22eb426a0406dfcd2efc3309e0ee70,2020-08,Durham Constabulary,Durham Constabulary,-1.597658,54.622364,On or near Stocks Green,E01020815,County Durham 060C,Violence and sexual offences,Unable to prosecute suspect,
555b0880e63b94ef9b0bab3b1ed1032bd58cf952f6001322f8ac4047d6f6b9d4,2020-08,Durham Constabulary,Durham Constabulary,-1.597658,54.622364,On or near Stocks Green,E01020815,County Durham 060C,Violence and sexual offences,Unable to prosecute suspect,
,2020-08,Durham Constabulary,Durham Constabulary,-1.566564,54.629204,On or near Chilton Close,E01020848,County Durham 060D,Anti-social behaviour,,
2b295697beaa7c0ce1aa739092ec642a13f28592a728133ddbe1dd0e094d6da8,2020-08,Durham Constabulary,Durham Constabulary,-1.566910,54.631614,On or near Farnham Close,E01020848,County Durham 060D,Violence and sexual offences,Unable to prosecute suspect,
df347ec71e0465441f12a5324e93a119f39b742e2424328ae3913c337a1abe41,2020-08,Durham Constabulary,Durham Constabulary,-1.566910,54.631614,On or near Farnham Close,E01020848,County Durham 060D,Violence and sexual offences,Unable to prosecute suspect,
7927a174eff438640731c30d2a521858facd3b91d21b9340b1bcb61bd0893a9f,2020-08,Durham Constabulary,Durham Constabulary,-1.567868,54.631932,On or near Beaumont Close,E01020848,County Durham 060D,Violence and sexual offences,Status update unavailable,
7927a174eff438640731c30d2a521858facd3b91d21b9340b1bcb61bd0893a9f,2020-08,Durham Constabulary,Durham Constabulary,-1.567868,54.631932,On or near Beaumont Close,E01020848,County Durham 060D,Violence and sexual offences,Status update unavailable,
,2020-08,Durham Constabulary,Durham Constabulary,-1.574526,54.633645,On or near Woodham Gate,E01020850,County Durham 060E,Anti-social behaviour,,
,2020-08,Durham Constabulary,Durham Constabulary,-1.581526,54.633894,On or near Bloomesley Close,E01020850,County Durham 060E,Anti-social behaviour,,
21a2c2e94bafc15ee2f8e25fa91a7670d50d5130b14af9bbc763d785f8917ef7,2020-08,Durham Constabulary,Durham Constabulary,-1.578119,54.639759,On or near St Andrews Court,E01020850,County Durham 060E,Criminal damage and arson,Investigation complete; no suspect identified,
f22ff8925955a654ab24c85a3255925cf5094d045d9a4e2461aeb40e7a2c2cb8,2020-08,Durham Constabulary,Durham Constabulary,-1.580858,54.635554,On or near Blakiston Court,E01020850,County Durham 060E,Violence and sexual offences,Unable to prosecute suspect,
5cea03e8e11401d699c6d60f90acac2ab644fdede2ae02228e7cdef8937aeb07,2020-08,Durham Constabulary,Durham Constabulary,-1.581526,54.633894,On or near Bloomesley Close,E01020850,County Durham 060E,Violence and sexual offences,Unable to prosecute suspect,
ecb3500110f38bd09ebaeb3d5f1182ed2bb499faae82c8e4a9e59611101f0c9f,2020-08,Durham Constabulary,Durham Constabulary,-1.581816,54.629725,On or near Alan Gray Court,E01020850,County Durham 060E,Violence and sexual offences,Unable to prosecute suspect,
0c2e9c78dfe4b601afd29eca72bbc27e72bcbd82e15a5e702b2949c6f84a2410,2020-08,Durham Constabulary,Durham Constabulary,-1.583654,54.631807,On or near Ashtree Close,E01020850,County Durham 060E,Violence and sexual offences,Unable to prosecute suspect,
,2020-08,Durham Constabulary,Durham Constabulary,-1.562724,54.634906,On or near The Croft,E01020851,County Durham 060F,Anti-social behaviour,,
,2020-08,Durham Constabulary,Durham Constabulary,-1.564491,54.633339,On or near Hind Court,E01020851,County Durham 060F,Anti-social behaviour,,
9b7b0c375f64e2d70f5d74b942dc930be14240c33d4de846fc3f324c1354ac97,2020-08,Durham Constabulary,Durham Constabulary,-1.564878,54.631912,On or near Chillingham Grove,E01020851,County Durham 060F,Criminal damage and arson,Local resolution,
843c8e0a2b7bd9a0d14df3a7fb31fc488626af6fc5ae2001c535c4052f1e8896,2020-08,Durham Constabulary,Durham Constabulary,-1.564205,54.632521,On or near Raby Drive,E01020851,County Durham 060F,Criminal damage and arson,Investigation complete; no suspect identified,
,2020-08,Durham Constabulary,Durham Constabulary,-1.596751,54.620151,On or near Sports/Recreation Area,E01020816,County Durham 061A,Anti-social behaviour,,
,2020-08,Durham Constabulary,Durham Constabulary,-1.596751,54.620151,On or near Sports/Recreation Area,E01020816,County Durham 061A,Anti-social behaviour,,
,2020-08,Durham Constabulary,Durham Constabulary,-1.596751,54.620151,On or near Sports/Recreation Area,E01020816,County Durham 061A,Anti-social behaviour,,
,2020-08,Durham Constabulary,Durham Constabulary,-1.596751,54.620151,On or near Sports/Recreation Area,E01020816,County Durham 061A,Anti-social behaviour,,
,2020-08,Durham Constabulary,Durham Constabulary,-1.593633,54.617543,On or near Eskdale Place,E01020816,County Durham 061A,Anti-social behaviour,,
,2020-08,Durham Constabulary,Durham Constabulary,-1.596751,54.620151,On or near Sports/Recreation Area,E01020816,County Durham 061A,Anti-social behaviour,,
,2020-08,Durham Constabulary,Durham Constabulary,-1.596751,54.620151,On or near Sports/Recreation Area,E01020816,County Durham 061A,Anti-social behaviour,,
,2020-08,Durham Constabulary,Durham Constabulary,-1.593633,54.617543,On or near Eskdale Place,E01020816,County Durham 061A,Anti-social behaviour,,
,2020-08,Durham Constabulary,Durham Constabulary,-1.596751,54.620151,On or near Sports/Recreation Area,E01020816,County Durham 061A,Anti-social behaviour,,
,2020-08,Durham Constabulary,Durham Constabulary,-1.595888,54.624390,On or near Greenlee Garth,E01020816,County Durham 061A,Anti-social behaviour,,
,2020-08,Durham Constabulary,Durham Constabulary,-1.593633,54.617543,On or near Eskdale Place,E01020816,County Durham 061A,Anti-social behaviour,,
,2020-08,Durham Constabulary,Durham Constabulary,-1.595888,54.624390,On or near Greenlee Garth,E01020816,County Durham 061A,Anti-social behaviour,,
,2020-08,Durham Constabulary,Durham Constabulary,-1.596751,54.620151,On or near Sports/Recreation Area,E01020816,County Durham 061A,Anti-social behaviour,,
,2020-08,Durham Constabulary,Durham Constabulary,-1.594271,54.623396,On or near Stainmore Crescent,E01020816,County Durham 061A,Anti-social behaviour,,
,2020-08,Durham Constabulary,Durham Constabulary,-1.596751,54.620151,On or near Sports/Recreation Area,E01020816,County Durham 061A,Anti-social behaviour,,
,2020-08,Durham Constabulary,Durham Constabulary,-1.593633,54.617543,On or near Eskdale Place,E01020816,County Durham 061A,Anti-social behaviour,,
,2020-08,Durham Constabulary,Durham Constabulary,-1.596751,54.620151,On or near Sports/Recreation Area,E01020816,County Durham 061A,Anti-social behaviour,,
,2020-08,Durham Constabulary,Durham Constabulary,-1.596751,54.620151,On or near Sports/Recreation Area,E01020816,County Durham 061A,Anti-social behaviour,,
,2020-08,Durham Constabulary,Durham Constabulary,-1.596751,54.620151,On or near Sports/Recreation Area,E01020816,County Durham 061A,Anti-social behaviour,,
,2020-08,Durham Constabulary,Durham Constabulary,-1.593633,54.617543,On or near Eskdale Place,E01020816,County Durham 061A,Anti-social behaviour,,
,2020-08,Durham Constabulary,Durham Constabulary,-1.592908,54.618826,On or near Langdale Place,E01020816,County Durham 061A,Anti-social behaviour,,
,2020-08,Durham Constabulary,Durham Constabulary,-1.596751,54.620151,On or near Sports/Recreation Area,E01020816,County Durham 061A,Anti-social behaviour,,
,2020-08,Durham Constabulary,Durham Constabulary,-1.596751,54.620151,On or near Sports/Recreation Area,E01020816,County Durham 061A,Anti-social behaviour,,
,2020-08,Durham Constabulary,Durham Constabulary,-1.594271,54.623396,On or near Stainmore Crescent,E01020816,County Durham 061A,Anti-social behaviour,,
,2020-08,Durham Constabulary,Durham Constabulary,-1.593633,54.617543,On or near Eskdale Place,E01020816,County Durham 061A,Anti-social behaviour,,
,2020-08,Durham Constabulary,Durham Constabulary,-1.596751,54.620151,On or near Sports/Recreation Area,E01020816,County Durham 061A,Anti-social behaviour,,
,2020-08,Durham Constabulary,Durham Constabulary,-1.593633,54.617543,On or near Eskdale Place,E01020816,County Durham 061A,Anti-social behaviour,,
90b6482d0ad9cacf4ff69b516c1a8ab54c281aa67587adab789ac4a111c870d8,2020-08,Durham Constabulary,Durham Constabulary,-1.596751,54.620151,On or near Sports/Recreation Area,E01020816,County Durham 061A,Criminal damage and arson,Investigation complete; no suspect identified,
8b2db2ba3771d80609619e0b6667d3139e87917c52d6e9268170505d77b991aa,2020-08,Durham Constabulary,Durham Constabulary,-1.593633,54.617543,On or near Eskdale Place,E01020816,County Durham 061A,Criminal damage and arson,Investigation complete; no suspect identified,
251f1f8ef5908b2779be3de9b0edadbfbbd8cd63c11d8297f2b89e6835c78a71,2020-08,Durham Constabulary,Durham Constabulary,-1.592256,54.620513,On or near Silverdale Place,E01020816,County Durham 061A,Public order,Local resolution,
f55f9252679643044debd461df926f9d5759fb93fee067bf45e45d15c0243c62,2020-08,Durham Constabulary,Durham Constabulary,-1.593633,54.617543,On or near Eskdale Place,E01020816,County Durham 061A,Public order,Unable to prosecute suspect,
6b48f1b5e04175d8f7059f55c4eb9022e0a2a1f27aa5fa5bd5de94ac601d69c4,2020-08,Durham Constabulary,Durham Constabulary,-1.594271,54.623396,On or near Stainmore Crescent,E01020816,County Durham 061A,Violence and sexual offences,Unable to prosecute suspect,
d0d90f1925eb20141eeb69b940e1dfdd819d95116ee2fe70181f72cf657e12b1,2020-08,Durham Constabulary,Durham Constabulary,-1.593633,54.617543,On or near Eskdale Place,E01020816,County Durham 061A,Violence and sexual offences,Unable to prosecute suspect,
271ff3afdff63355e70c9d1ce3c6a3fe6d0f792feb03d8e14df25d2e2ba071cb,2020-08,Durham Constabulary,Durham Constabulary,-1.594271,54.623396,On or near Stainmore Crescent,E01020816,County Durham 061A,Violence and sexual offences,Court result unavailable,
ca22f544255dac76787b0240256c987543addeea3d4219c3bf825d70a4687fc8,2020-08,Durham Constabulary,Durham Constabulary,-1.593633,54.617543,On or near Eskdale Place,E01020816,County Durham 061A,Violence and sexual offences,Unable to prosecute suspect,
396ed24dec3cf224ac605c1bdf3b4f5f4a5fa628844d965a9b15d0ede8ee0c50,2020-08,Durham Constabulary,Durham Constabulary,-1.593633,54.617543,On or near Eskdale Place,E01020816,County Durham 061A,Violence and sexual offences,Unable to prosecute suspect,
779893ff6fad94baff565462c0bb1e1cd8f11586e135c2695cedc37cf534161f,2020-08,Durham Constabulary,Durham Constabulary,-1.596751,54.620151,On or near Sports/Recreation Area,E01020816,County Durham 061A,Violence and sexual offences,Unable to prosecute suspect,
783fb53715edb8281d562321eef6eb0088dd12f953dfdeb6e6e4c60e33fe450f,2020-08,Durham Constabulary,Durham Constabulary,-1.592908,54.618826,On or near Langdale Place,E01020816,County Durham 061A,Violence and sexual offences,Unable to prosecute suspect,
045d5b5c83d3df1381cdf1a447649cf21dedc2f846f044546203277bc85ab80a,2020-08,Durham Constabulary,Durham Constabulary,-1.594271,54.623396,On or near Stainmore Crescent,E01020816,County Durham 061A,Violence and sexual offences,Unable to prosecute suspect,
1640e2791de1885f1dd03b6eb9486c272e46b75c9427cbdc724899da2881ae78,2020-08,Durham Constabulary,Durham Constabulary,-1.593633,54.617543,On or near Eskdale Place,E01020816,County Durham 061A,Violence and sexual offences,Unable to prosecute suspect,
f74248150ec52ca1f3043293b3ede707a3073e6d1ddb999a9898ad571c2f0dc2,2020-08,Durham Constabulary,Durham Constabulary,-1.594271,54.623396,On or near Stainmore Crescent,E01020816,County Durham 061A,Violence and sexual offences,Further action is not in the public interest,
e9224e14d28db5e0ff8c6a33944f7f0544dbea246f5d8cc922a6da12598cffa7,2020-08,Durham Constabulary,Durham Constabulary,-1.594271,54.623396,On or near Stainmore Crescent,E01020816,County Durham 061A,Violence and sexual offences,Unable to prosecute suspect,
c6bd7e0717fb02f91469f36b4418f48ac05d585c266851a0591b9b89befca586,2020-08,Durham Constabulary,Durham Constabulary,-1.593633,54.617543,On or near Eskdale Place,E01020816,County Durham 061A,Violence and sexual offences,Unable to prosecute suspect,
300aeedd2f7d7e45cedac1b8bc61e1c9d6ea20527534bd9f0448913de0addc12,2020-08,Durham Constabulary,Durham Constabulary,-1.593633,54.617543,On or near Eskdale Place,E01020816,County Durham 061A,Violence and sexual offences,Unable to prosecute suspect,
73482baba1667a15e9cb073b45867df5857e5b094b2b15a29e60b9098caeea5c,2020-08,Durham Constabulary,Durham Constabulary,-1.592256,54.620513,On or near Silverdale Place,E01020816,County Durham 061A,Violence and sexual offences,Unable to prosecute suspect,
83623ce497ba6af38532a55680850fde7434ec32c97605db44e6f3c7ee70e609,2020-08,Durham Constabulary,Durham Constabulary,-1.592256,54.620513,On or near Silverdale Place,E01020816,County Durham 061A,Violence and sexual offences,Unable to prosecute suspect,
7e8acd56b47c0575a00abde3230a5c3a4ed9193ce6cfe01482214c85cacc5d86,2020-08,Durham Constabulary,Durham Constabulary,-1.593633,54.617543,On or near Eskdale Place,E01020816,County Durham 061A,Other crime,Unable to prosecute suspect,
,2020-08,Durham Constabulary,Durham Constabulary,-1.590922,54.619179,On or near Pedestrian Subway,E01020844,County Durham 061B,Anti-social behaviour,,
,2020-08,Durham Constabulary,Durham Constabulary,-1.591419,54.617482,On or near Whinlatter Place,E01020844,County Durham 061B,Anti-social behaviour,,
,2020-08,Durham Constabulary,Durham Constabulary,-1.590922,54.619179,On or near Pedestrian Subway,E01020844,County Durham 061B,Anti-social behaviour,,
,2020-08,Durham Constabulary,Durham Constabulary,-1.590922,54.619179,On or near Pedestrian Subway,E01020844,County Durham 061B,Anti-social behaviour,,
,2020-08,Durham Constabulary,Durham Constabulary,-1.589688,54.618635,On or near Kirkstone Place,E01020844,County Durham 061B,Anti-social behaviour,,
,2020-08,Durham Constabulary,Durham Constabulary,-1.590922,54.619179,On or near Pedestrian Subway,E01020844,County Durham 061B,Anti-social behaviour,,
,2020-08,Durham Constabulary,Durham Constabulary,-1.589688,54.618635,On or near Kirkstone Place,E01020844,County Durham 061B,Anti-social behaviour,,
,2020-08,Durham Constabulary,Durham Constabulary,-1.590922,54.619179,On or near Pedestrian Subway,E01020844,County Durham 061B,Anti-social behaviour,,
,2020-08,Durham Constabulary,Durham Constabulary,-1.590922,54.619179,On or near Pedestrian Subway,E01020844,County Durham 061B,Anti-social behaviour,,
,2020-08,Durham Constabulary,Durham Constabulary,-1.590922,54.619179,On or near Pedestrian Subway,E01020844,County Durham 061B,Anti-social behaviour,,
,2020-08,Durham Constabulary,Durham Constabulary,-1.588815,54.622353,On or near Hawkshead Place,E01020844,County Durham 061B,Anti-social behaviour,,
,2020-08,Durham Constabulary,Durham Constabulary,-1.589688,54.618635,On or near Kirkstone Place,E01020844,County Durham 061B,Anti-social behaviour,,
,2020-08,Durham Constabulary,Durham Constabulary,-1.590922,54.619179,On or near Pedestrian Subway,E01020844,County Durham 061B,Anti-social behaviour,,
,2020-08,Durham Constabulary,Durham Constabulary,-1.590922,54.619179,On or near Pedestrian Subway,E01020844,County Durham 061B,Anti-social behaviour,,
,2020-08,Durham Constabulary,Durham Constabulary,-1.590922,54.619179,On or near Pedestrian Subway,E01020844,County Durham 061B,Anti-social behaviour,,
,2020-08,Durham Constabulary,Durham Constabulary,-1.590922,54.619179,On or near Pedestrian Subway,E01020844,County Durham 061B,Anti-social behaviour,,
,2020-08,Durham Constabulary,Durham Constabulary,-1.590922,54.619179,On or near Pedestrian Subway,E01020844,County Durham 061B,Anti-social behaviour,,
,2020-08,Durham Constabulary,Durham Constabulary,-1.590922,54.619179,On or near Pedestrian Subway,E01020844,County Durham 061B,Anti-social behaviour,,
,2020-08,Durham Constabulary,Durham Constabulary,-1.589688,54.618635,On or near Kirkstone Place,E01020844,County Durham 061B,Anti-social behaviour,,
,2020-08,Durham Constabulary,Durham Constabulary,-1.591485,54.618587,On or near Williamfield Way,E01020844,County Durham 061B,Anti-social behaviour,,
,2020-08,Durham Constabulary,Durham Constabulary,-1.591485,54.618587,On or near Williamfield Way,E01020844,County Durham 061B,Anti-social behaviour,,
,2020-08,Durham Constabulary,Durham Constabulary,-1.587120,54.621484,On or near Garburn Place,E01020844,County Durham 061B,Anti-social behaviour,,
,2020-08,Durham Constabulary,Durham Constabulary,-1.587120,54.621484,On or near Garburn Place,E01020844,County Durham 061B,Anti-social behaviour,,
,2020-08,Durham Constabulary,Durham Constabulary,-1.588815,54.622353,On or near Hawkshead Place,E01020844,County Durham 061B,Anti-social behaviour,,
,2020-08,Durham Constabulary,Durham Constabulary,-1.590922,54.619179,On or near Pedestrian Subway,E01020844,County Durham 061B,Anti-social behaviour,,
,2020-08,Durham Constabulary,Durham Constabulary,-1.590922,54.619179,On or near Pedestrian Subway,E01020844,County Durham 061B,Anti-social behaviour,,
,2020-08,Durham Constabulary,Durham Constabulary,-1.590922,54.619179,On or near Pedestrian Subway,E01020844,County Durham 061B,Anti-social behaviour,,
,2020-08,Durham Constabulary,Durham Constabulary,-1.591485,54.618587,On or near Williamfield Way,E01020844,County Durham 061B,Anti-social behaviour,,
,2020-08,Durham Constabulary,Durham Constabulary,-1.590922,54.619179,On or near Pedestrian Subway,E01020844,County Durham 061B,Anti-social behaviour,,
,2020-08,Durham Constabulary,Durham Constabulary,-1.589688,54.618635,On or near Kirkstone Place,E01020844,County Durham 061B,Anti-social behaviour,,
,2020-08,Durham Constabulary,Durham Constabulary,-1.589688,54.618635,On or near Kirkstone Place,E01020844,County Durham 061B,Anti-social behaviour,,
,2020-08,Durham Constabulary,Durham Constabulary,-1.589688,54.618635,On or near Kirkstone Place,E01020844,County Durham 061B,Anti-social behaviour,,
,2020-08,Durham Constabulary,Durham Constabulary,-1.589688,54.618635,On or near Kirkstone Place,E01020844,County Durham 061B,Anti-social behaviour,,
321bee89e2a1206848a49752178302b1be1c82b633e0dd8c6043dc1d9ad5286a,2020-08,Durham Constabulary,Durham Constabulary,-1.587120,54.621484,On or near Garburn Place,E01020844,County Durham 061B,Criminal damage and arson,Investigation complete; no suspect identified,
4e35e9f7c283ac5356d1b8da166d52a3b241cdbad5193bc19e937bd70cc7fa09,2020-08,Durham Constabulary,Durham Constabulary,-1.590922,54.619179,On or near Pedestrian Subway,E01020844,County Durham 061B,Criminal damage and arson,Investigation complete; no suspect identified,
aacbb9f0dbd03dcbd2362fe8c3136cfbb6c780de527dd09f4b705cb0ebf3da70,2020-08,Durham Constabulary,Durham Constabulary,-1.589688,54.618635,On or near Kirkstone Place,E01020844,County Durham 061B,Criminal damage and arson,Unable to prosecute suspect,
115e00bd6d60fee6f9a6cead53d2b2c801957f4afcafb4d7172778f8f03a3ad5,2020-08,Durham Constabulary,Durham Constabulary,-1.591485,54.618587,On or near Williamfield Way,E01020844,County Durham 061B,Criminal damage and arson,Unable to prosecute suspect,
9e132b6a1fdd46e522727a1b6912019dc0d954ddc09a2a9ec2964716140f92af,2020-08,Durham Constabulary,Durham Constabulary,-1.591485,54.618587,On or near Williamfield Way,E01020844,County Durham 061B,Criminal damage and arson,Investigation complete; no suspect identified,
9255c73223fff9efca23f7a338989e8260e266caa6d85ad73e88a29f5cfade5f,2020-08,Durham Constabulary,Durham Constabulary,-1.589688,54.618635,On or near Kirkstone Place,E01020844,County Durham 061B,Criminal damage and arson,Unable to prosecute suspect,
e5615ecbec324c042fd68437e0d4a410bfbda05eaa006af604fcf38f9c0b42e2,2020-08,Durham Constabulary,Durham Constabulary,-1.591485,54.618587,On or near Williamfield Way,E01020844,County Durham 061B,Criminal damage and arson,Investigation complete; no suspect identified,
c98c7e7a55727cbfaaa44d6d5ede460f670a812acca36b9357d075c93012b67e,2020-08,Durham Constabulary,Durham Constabulary,-1.591419,54.617482,On or near Whinlatter Place,E01020844,County Durham 061B,Other theft,Investigation complete; no suspect identified,
edefb297e679b646ba4f356a45eca220da080056cccacdd759aa700e4ba8f8ab,2020-08,Durham Constabulary,Durham Constabulary,-1.591419,54.617482,On or near Whinlatter Place,E01020844,County Durham 061B,Public order,Unable to prosecute suspect,
5d4f588305ed007a5612843bf521697e0c22e3979a162ea99a23039abcb6b5d0,2020-08,Durham Constabulary,Durham Constabulary,-1.590922,54.619179,On or near Pedestrian Subway,E01020844,County Durham 061B,Public order,Investigation complete; no suspect identified,
7168fdbd477a430d5be5f40c74faf5449252e7139ee5ffbc5aee4961b915c86a,2020-08,Durham Constabulary,Durham Constabulary,-1.590922,54.619179,On or near Pedestrian Subway,E01020844,County Durham 061B,Shoplifting,Further investigation is not in the public interest,
6136cb46d351df67527c3bf265de2adca6ebb2fe7c98e7df0062f9cf98f022de,2020-08,Durham Constabulary,Durham Constabulary,-1.590922,54.619179,On or near Pedestrian Subway,E01020844,County Durham 061B,Shoplifting,Investigation complete; no suspect identified,
9a22b8de9e5519dcede38e3e3960862dd8041ab5afe63bee6eb76c3219302111,2020-08,Durham Constabulary,Durham Constabulary,-1.590922,54.619179,On or near Pedestrian Subway,E01020844,County Durham 061B,Shoplifting,Investigation complete; no suspect identified,
8dbc9bf65c0e4876aee82acf94babf1ad7dec4a8d5a440e82f92364d0fd101fa,2020-08,Durham Constabulary,Durham Constabulary,-1.591419,54.617482,On or near Whinlatter Place,E01020844,County Durham 061B,Violence and sexual offences,Unable to prosecute suspect,
f68ad4cdd620c0d5e9a31a7e85d65da7a264e48f2ec7b3ce8fcdd254a3d9816b,2020-08,Durham Constabulary,Durham Constabulary,-1.591419,54.617482,On or near Whinlatter Place,E01020844,County Durham 061B,Violence and sexual offences,Unable to prosecute suspect,
e6c07be493830e0ce8da68082ae5b106f69d29e6f1509772a045b9660e687322,2020-08,Durham Constabulary,Durham Constabulary,-1.591419,54.617482,On or near Whinlatter Place,E01020844,County Durham 061B,Violence and sexual offences,Investigation complete; no suspect identified,
4898f87d9b594dab3113aada155760d515d6ef542f8e3336aa894701ccd7033f,2020-08,Durham Constabulary,Durham Constabulary,-1.590922,54.619179,On or near Pedestrian Subway,E01020844,County Durham 061B,Violence and sexual offences,Investigation complete; no suspect identified,
e7286ae29e0eb376a71f6db4e930dc133d17020078dfde6ca7bb86b2e1494bac,2020-08,Durham Constabulary,Durham Constabulary,-1.584126,54.615920,On or near Oakfield,E01020844,County Durham 061B,Violence and sexual offences,Investigation complete; no suspect identified,
fbd63b7e7382dfee83154fb2b543c37eac47e86661a5984ac50c1a95390692ba,2020-08,Durham Constabulary,Durham Constabulary,-1.591419,54.617482,On or near Whinlatter Place,E01020844,County Durham 061B,Violence and sexual offences,Unable to prosecute suspect,
f997dea8485802cec6194f9ad9e62152080ec72b4f155f5b3845368dd73d56c5,2020-08,Durham Constabulary,Durham Constabulary,-1.591419,54.617482,On or near Whinlatter Place,E01020844,County Durham 061B,Violence and sexual offences,Court result unavailable,
249b457b4051b2b47bab2c8d2d76be553da24d4af26a0f8932a86cbb5d16ce11,2020-08,Durham Constabulary,Durham Constabulary,-1.591419,54.617482,On or near Whinlatter Place,E01020844,County Durham 061B,Violence and sexual offences,Investigation complete; no suspect identified,
a5923c6a25be565338210e0b384043e7287da81a0ea1d2da4baa4ea598c579fa,2020-08,Durham Constabulary,Durham Constabulary,-1.587120,54.621484,On or near Garburn Place,E01020844,County Durham 061B,Violence and sexual offences,Unable to prosecute suspect,
3dc87d93d0a4bc5100ba2289bad9a139fab12ebfbda81797f87a4b9497d6a700,2020-08,Durham Constabulary,Durham Constabulary,-1.587120,54.621484,On or near Garburn Place,E01020844,County Durham 061B,Violence and sexual offences,Unable to prosecute suspect,
,2020-08,Durham Constabulary,Durham Constabulary,-1.584459,54.625771,On or near Pedestrian Subway,E01020847,County Durham 061C,Anti-social behaviour,,
,2020-08,Durham Constabulary,Durham Constabulary,-1.585274,54.623311,On or near Keld Road,E01020847,County Durham 061C,Anti-social behaviour,,
,2020-08,Durham Constabulary,Durham Constabulary,-1.576968,54.626742,On or near Burn Lane,E01020847,County Durham 061C,Anti-social behaviour,,
,2020-08,Durham Constabulary,Durham Constabulary,-1.583941,54.623388,On or near Malham Crescent,E01020847,County Durham 061C,Anti-social behaviour,,
,2020-08,Durham Constabulary,Durham Constabulary,-1.583941,54.623388,On or near Malham Crescent,E01020847,County Durham 061C,Anti-social behaviour,,
,2020-08,Durham Constabulary,Durham Constabulary,-1.576745,54.625825,On or near Brockett Close,E01020847,County Durham 061C,Anti-social behaviour,,
,2020-08,Durham Constabulary,Durham Constabulary,-1.576968,54.626742,On or near Burn Lane,E01020847,County Durham 061C,Anti-social behaviour,,
,2020-08,Durham Constabulary,Durham Constabulary,-1.583941,54.623388,On or near Malham Crescent,E01020847,County Durham 061C,Anti-social behaviour,,
a9aa79fc49585c4e1a3b930d75edd4e331604467287e2e773731435e5b0a4352,2020-08,Durham Constabulary,Durham Constabulary,-1.583095,54.625865,On or near Merlin Court,E01020847,County Durham 061C,Burglary,Unable to prosecute suspect,
50db99550e507c1b4420f0dbb1df9b53e6083e4989348caf8abbdc9a1d7d3490,2020-08,Durham Constabulary,Durham Constabulary,-1.580133,54.626241,On or near Sid Chaplin Drive,E01020847,County Durham 061C,Burglary,Status update unavailable,
8f4071996eeb24a76e694a0d8943a3473e757ef87f51b05a51a28c2e41b06095,2020-08,Durham Constabulary,Durham Constabulary,-1.585274,54.623311,On or near Keld Road,E01020847,County Durham 061C,Criminal damage and arson,Investigation complete; no suspect identified,
a504288c63af146226f580f6cf636fe43cc47765c659f50fea038b9e78ad0d3f,2020-08,Durham Constabulary,Durham Constabulary,-1.576745,54.625825,On or near Brockett Close,E01020847,County Durham 061C,Criminal damage and arson,Investigation complete; no suspect identified,
ba3d786ff049f2361a94dc3d7515cd13f748f4da286716d78f40693dd1f5c556,2020-08,Durham Constabulary,Durham Constabulary,-1.583095,54.625865,On or near Merlin Court,E01020847,County Durham 061C,Criminal damage and arson,Investigation complete; no suspect identified,
2b525b010df8e411ad50546b6695614ed3223159202cbf5ec3f771da9107ac85,2020-08,Durham Constabulary,Durham Constabulary,-1.580123,54.627239,On or near Bates Close,E01020847,County Durham 061C,Criminal damage and arson,Investigation complete; no suspect identified,
b726c7e5f9f61db2c47c0b6728882957784fad79ed1904d493fc2489ef7ac43f,2020-08,Durham Constabulary,Durham Constabulary,-1.580133,54.626241,On or near Sid Chaplin Drive,E01020847,County Durham 061C,Drugs,Further action is not in the public interest,
602156c8b52703265fcc92b19ba925244c806f9ffdd364a909b24b5b1426be0e,2020-08,Durham Constabulary,Durham Constabulary,-1.585274,54.623311,On or near Keld Road,E01020847,County Durham 061C,Drugs,Offender given a drugs possession warning,
3631f4af31d26dd6503e36f48f8708bafcc01da9bed1d98c71be2f5d9c70f2bf,2020-08,Durham Constabulary,Durham Constabulary,-1.584459,54.625771,On or near Pedestrian Subway,E01020847,County Durham 061C,Public order,Unable to prosecute suspect,
5c709233f5a15fea08d749b17ca027c6f9f07495c4c80a1f4faf5146598f2e15,2020-08,Durham Constabulary,Durham Constabulary,-1.580123,54.627239,On or near Bates Close,E01020847,County Durham 061C,Public order,Unable to prosecute suspect,
acffa8343715e89731d993e51881a931af5af180ef2d8874e236939f34e51971,2020-08,Durham Constabulary,Durham Constabulary,-1.583146,54.623951,On or near Askrigg Close,E01020847,County Durham 061C,Public order,Investigation complete; no suspect identified,
0a76916a011b20ba75df0ac06631182065548487e3019474cfc3ce0fadd9b4b6,2020-08,Durham Constabulary,Durham Constabulary,-1.583146,54.623951,On or near Askrigg Close,E01020847,County Durham 061C,Public order,Unable to prosecute suspect,
8cfc4415b9a7dc7dbe33f3f4ee8ba66eb3559263b2bf18b1fe02c78b2ed771d4,2020-08,Durham Constabulary,Durham Constabulary,-1.583941,54.623388,On or near Malham Crescent,E01020847,County Durham 061C,Violence and sexual offences,Unable to prosecute suspect,
e1720d88063313b84ea54174ca8b91ff0ea4fcbfcd509247cf26617f156352a8,2020-08,Durham Constabulary,Durham Constabulary,-1.580133,54.626241,On or near Sid Chaplin Drive,E01020847,County Durham 061C,Violence and sexual offences,Unable to prosecute suspect,
18c3a4e2ff9dcd468c95fa97efc02587ae73e6c2ddc11fbab4ccefb907f992d5,2020-08,Durham Constabulary,Durham Constabulary,-1.583146,54.623951,On or near Askrigg Close,E01020847,County Durham 061C,Violence and sexual offences,Local resolution,
4c17ba870258bdef237dca0d13802fc53dd5b2fafbd2ff3e6995e4921b5ea385,2020-08,Durham Constabulary,Durham Constabulary,-1.585274,54.623311,On or near Keld Road,E01020847,County Durham 061C,Violence and sexual offences,Unable to prosecute suspect,
ef489f44b21241a162e7047ff1a1099c1ee9f5563d1289a59ba2388bb25af512,2020-08,Durham Constabulary,Durham Constabulary,-1.580986,54.624582,On or near Kestrel Court,E01020847,County Durham 061C,Violence and sexual offences,Unable to prosecute suspect,
a24f27bab14d4328aefb09e34ba0e214e8025326cae0c5c5c3b52f8bd4f1f96e,2020-08,Durham Constabulary,Durham Constabulary,-1.580133,54.626241,On or near Sid Chaplin Drive,E01020847,County Durham 061C,Violence and sexual offences,Unable to prosecute suspect,
ebdbeb90fa05bf62db1209686e314b9f392d88d7b268abb2b980ba089c4576a3,2020-08,Durham Constabulary,Durham Constabulary,-1.583146,54.623951,On or near Askrigg Close,E01020847,County Durham 061C,Violence and sexual offences,Unable to prosecute suspect,
9d54541452c32b638a86e9ea964d2d96d5b0a5652d15f47178d8ab06d8516e55,2020-08,Durham Constabulary,Durham Constabulary,-1.580123,54.627239,On or near Bates Close,E01020847,County Durham 061C,Violence and sexual offences,Unable to prosecute suspect,
7ae7bbdda1727fc90d692402476a07e93ce603e5a78d18093cbd165ba997026e,2020-08,Durham Constabulary,Durham Constabulary,-1.576745,54.625825,On or near Brockett Close,E01020847,County Durham 061C,Violence and sexual offences,Unable to prosecute suspect,
bc003891150aa6175366c4dd3ec3579b3724fcaea50834b8158404ffbc1a5b99,2020-08,Durham Constabulary,Durham Constabulary,-1.580986,54.624582,On or near Kestrel Court,E01020847,County Durham 061C,Violence and sexual offences,Unable to prosecute suspect,
482c33e97e6acbc7246c218c4ee59eca591373a342c8477ea19b5603b25dff09,2020-08,Durham Constabulary,Durham Constabulary,-1.580986,54.624582,On or near Kestrel Court,E01020847,County Durham 061C,Violence and sexual offences,Unable to prosecute suspect,
b55c80e5ef6b91b350794f53968c306e0024ee3bf692c366e73da4323da59200,2020-08,Durham Constabulary,Durham Constabulary,-1.583941,54.623388,On or near Malham Crescent,E01020847,County Durham 061C,Violence and sexual offences,Unable to prosecute suspect,
17bb9c2b3c2936c288ae1dde125b7a54a77dc9bae6561b828d1d74aa76237d00,2020-08,Durham Constabulary,Durham Constabulary,-1.580123,54.627239,On or near Bates Close,E01020847,County Durham 061C,Violence and sexual offences,Unable to prosecute suspect,
f575bb727b0d8499b3d9fa7dd76717170cd38644c1daf79a3d7e7f6dd387d4f9,2020-08,Durham Constabulary,Durham Constabulary,-1.583095,54.625865,On or near Merlin Court,E01020847,County Durham 061C,Violence and sexual offences,Unable to prosecute suspect,
2c9b3b1ae2ffdc6fb9b7018e0e64745edd1ce9af9af22d541b501f9981fde62c,2020-08,Durham Constabulary,Durham Constabulary,-1.585274,54.623311,On or near Keld Road,E01020847,County Durham 061C,Other crime,Unable to prosecute suspect,
,2020-08,Durham Constabulary,Durham Constabulary,-1.578987,54.629221,On or near Petrol Station,E01020849,County Durham 061D,Anti-social behaviour,,
,2020-08,Durham Constabulary,Durham Constabulary,-1.576271,54.628268,On or near Kings Drive,E01020849,County Durham 061D,Anti-social behaviour,,
,2020-08,Durham Constabulary,Durham Constabulary,-1.577499,54.629306,On or near Ida Place,E01020849,County Durham 061D,Anti-social behaviour,,
,2020-08,Durham Constabulary,Durham Constabulary,-1.576135,54.630909,On or near Well House Drive,E01020849,County Durham 061D,Anti-social behaviour,,
,2020-08,Durham Constabulary,Durham Constabulary,-1.576271,54.628268,On or near Kings Drive,E01020849,County Durham 061D,Anti-social behaviour,,
,2020-08,Durham Constabulary,Durham Constabulary,-1.578987,54.629221,On or near Petrol Station,E01020849,County Durham 061D,Anti-social behaviour,,
4415593c37e6df1c9d1cb6f1594451e7f822b6c1f9b7f3f3f0568899619ffcd2,2020-08,Durham Constabulary,Durham Constabulary,-1.578987,54.629221,On or near Petrol Station,E01020849,County Durham 061D,Criminal damage and arson,Investigation complete; no suspect identified,
614fb3f62ecc8149ba6586cac4c20a118075a6eb23f405c58e5346cfbfc52483,2020-08,Durham Constabulary,Durham Constabulary,-1.578987,54.629221,On or near Petrol Station,E01020849,County Durham 061D,Shoplifting,Investigation complete; no suspect identified,
f878ce6cb95c69d472d9d0e30a07576b3a94d49cb19f90925d464dd25d91c3a6,2020-08,Durham Constabulary,Durham Constabulary,-1.578987,54.629221,On or near Petrol Station,E01020849,County Durham 061D,Shoplifting,Unable to prosecute suspect,
d8c73a337d608e4c36aa14ffd5bc53772e837125e61f82afd4aed1421f0484c6,2020-08,Durham Constabulary,Durham Constabulary,-1.578987,54.629221,On or near Petrol Station,E01020849,County Durham 061D,Shoplifting,Unable to prosecute suspect,
901eca01521cbabe6f2b8c0a75c91480e6233dc1bdde6dc0c9e6c94d44a43aa1,2020-08,Durham Constabulary,Durham Constabulary,-1.578987,54.629221,On or near Petrol Station,E01020849,County Durham 061D,Violence and sexual offences,Investigation complete; no suspect identified,
a4fa395b7482bce5c0f2eda33362d42a0e41b7aa23c0d54174d9c13ba72879fa,2020-08,Durham Constabulary,Durham Constabulary,-1.576271,54.628268,On or near Kings Drive,E01020849,County Durham 061D,Violence and sexual offences,Local resolution,
f4d6792e1ce2d193157773a62290e587cbe70020a66fc55ec294999952ef5016,2020-08,Durham Constabulary,Durham Constabulary,-1.576271,54.628268,On or near Kings Drive,E01020849,County Durham 061D,Violence and sexual offences,Unable to prosecute suspect,
282efb53344b403572674ec90d043235345759d0388222cbf1a40552b3516e81,2020-08,Durham Constabulary,Durham Constabulary,-1.574145,54.630067,On or near Well House Ride,E01020849,County Durham 061D,Violence and sexual offences,Further action is not in the public interest,
8c770ca7fc65e5c9c03ffb7dd7978b723f3dd8f26bfae81878e6caad83cbec66,2020-08,Durham Constabulary,Durham Constabulary,-1.577499,54.629306,On or near Ida Place,E01020849,County Durham 061D,Violence and sexual offences,Offender given a caution,
4550f7443543518ca85f1549e80ecc26ee2b31560357d68042401bb10e7fbf29,2020-08,Durham Constabulary,Durham Constabulary,-1.574145,54.630067,On or near Well House Ride,E01020849,County Durham 061D,Violence and sexual offences,Unable to prosecute suspect,
edda6f5e44650162f1c689df99911a4d72cc0eae75abf9d41b8beca744684098,2020-08,Durham Constabulary,Durham Constabulary,-1.577499,54.629306,On or near Ida Place,E01020849,County Durham 061D,Violence and sexual offences,Unable to prosecute suspect,
af2d81dd49a818c2367abf375b655f436e1d2276ac94bf63a7cb132cd27478d3,2020-08,Durham Constabulary,Durham Constabulary,-1.577499,54.629306,On or near Ida Place,E01020849,County Durham 061D,Other crime,Unable to prosecute suspect,
,2020-08,Durham Constabulary,Durham Constabulary,-1.562129,54.613839,On or near Clanny Road,E01020825,County Durham 062A,Anti-social behaviour,,
,2020-08,Durham Constabulary,Durham Constabulary,-1.562129,54.613839,On or near Clanny Road,E01020825,County Durham 062A,Anti-social behaviour,,
,2020-08,Durham Constabulary,Durham Constabulary,-1.561506,54.614169,On or near Gilpin Road,E01020825,County Durham 062A,Anti-social behaviour,,
,2020-08,Durham Constabulary,Durham Constabulary,-1.563357,54.614832,On or near Cosin Close,E01020825,County Durham 062A,Anti-social behaviour,,
,2020-08,Durham Constabulary,Durham Constabulary,-1.561506,54.614169,On or near Gilpin Road,E01020825,County Durham 062A,Anti-social behaviour,,
,2020-08,Durham Constabulary,Durham Constabulary,-1.561747,54.616246,On or near Van Mildert Road,E01020825,County Durham 062A,Anti-social behaviour,,
,2020-08,Durham Constabulary,Durham Constabulary,-1.566063,54.616585,On or near Henderson Road,E01020825,County Durham 062A,Anti-social behaviour,,
,2020-08,Durham Constabulary,Durham Constabulary,-1.561506,54.614169,On or near Gilpin Road,E01020825,County Durham 062A,Anti-social behaviour,,
,2020-08,Durham Constabulary,Durham Constabulary,-1.561860,54.617190,On or near Greathead Crescent,E01020825,County Durham 062A,Anti-social behaviour,,
,2020-08,Durham Constabulary,Durham Constabulary,-1.562129,54.613839,On or near Clanny Road,E01020825,County Durham 062A,Anti-social behaviour,,
7d5aa716635dee70aea41b9d13238c24386fb6860d22265cf1b15e788bebc3b2,2020-08,Durham Constabulary,Durham Constabulary,-1.561747,54.616246,On or near Van Mildert Road,E01020825,County Durham 062A,Burglary,Investigation complete; no suspect identified,
04d0b1ab1e4f3b160f2783aa0a10aab7974eee33f693a728db73c3e6cf49fe95,2020-08,Durham Constabulary,Durham Constabulary,-1.564337,54.615887,On or near Supermarket,E01020825,County Durham 062A,Burglary,Investigation complete; no suspect identified,
716cc9a484fa79c70dd0e5c780a6269f26de118ff3d3334e0f8c503f60de20ff,2020-08,Durham Constabulary,Durham Constabulary,-1.564337,54.615887,On or near Supermarket,E01020825,County Durham 062A,Criminal damage and arson,Unable to prosecute suspect,
401a047eb720928ca252dc634c3fa7fc193671c5399fc53adcdce03c2e9a4e6a,2020-08,Durham Constabulary,Durham Constabulary,-1.561860,54.617190,On or near Greathead Crescent,E01020825,County Durham 062A,Criminal damage and arson,Unable to prosecute suspect,
2485ccc2589261ed04810db3b1eb14952aaf6df37275fe74e5291ba79445e639,2020-08,Durham Constabulary,Durham Constabulary,-1.569109,54.617036,On or near Lumley Close,E01020825,County Durham 062A,Drugs,Further investigation is not in the public interest,
76dc97e4ac83cdbe777f339d5c3ef85661a59597851cd3809966dc0cc43f16f1,2020-08,Durham Constabulary,Durham Constabulary,-1.569109,54.617036,On or near Lumley Close,E01020825,County Durham 062A,Drugs,Unable to prosecute suspect,
088e1aebd16beadb2107ac309e87814ed3f373943e118cc3317222a71dcfac62,2020-08,Durham Constabulary,Durham Constabulary,-1.574812,54.618090,On or near Lyon Walk,E01020825,County Durham 062A,Other theft,Investigation complete; no suspect identified,
f6ee68fcfc80d8eecf3adcd0bf4b2aa907ccea6e75191f84945307ae1d7cc086,2020-08,Durham Constabulary,Durham Constabulary,-1.570577,54.618794,On or near Church Close,E01020825,County Durham 062A,Other theft,Unable to prosecute suspect,
b3aa5bd4a8c55d21b7fb93d4f3996e2e3155e9d5c4dbe0957a7f690002b09e28,2020-08,Durham Constabulary,Durham Constabulary,-1.561860,54.617190,On or near Greathead Crescent,E01020825,County Durham 062A,Possession of weapons,Offender given a caution,
a789bcc078246286ed1b06925427c1bc0a995a0b35ad6ea24218faee4eb84864,2020-08,Durham Constabulary,Durham Constabulary,-1.564337,54.615887,On or near Supermarket,E01020825,County Durham 062A,Shoplifting,Investigation complete; no suspect identified,
7b4e235f24e073cf11b64ffef2c6e56314a8ed76961c20ac0027c4e21eae9a29,2020-08,Durham Constabulary,Durham Constabulary,-1.564337,54.615887,On or near Supermarket,E01020825,County Durham 062A,Shoplifting,Suspect charged as part of another case,
0a09038f3ca40a2f05059f3143efed5fe1170b9aab6c80bc9ff3943eb389ec75,2020-08,Durham Constabulary,Durham Constabulary,-1.561506,54.614169,On or near Gilpin Road,E01020825,County Durham 062A,Theft from the person,Action to be taken by another organisation,
014feea54109eedce9c563ae5ecd1c4503a29a7d7af76a7e27f010e2e5eb89cc,2020-08,Durham Constabulary,Durham Constabulary,-1.565405,54.617373,On or near Sheraton Close,E01020825,County Durham 062A,Vehicle crime,Investigation complete; no suspect identified,
648a5d6e0c8a24c5ced3a6d2c2efd94ced91385d633cb48d9453dae83a1b87d4,2020-08,Durham Constabulary,Durham Constabulary,-1.561506,54.614169,On or near Gilpin Road,E01020825,County Durham 062A,Violence and sexual offences,Unable to prosecute suspect,
bc110c6308bfad0f63fb9247a84ac4d81666e61d21c3a15b426dd79e50f5c993,2020-08,Durham Constabulary,Durham Constabulary,-1.564337,54.615887,On or near Supermarket,E01020825,County Durham 062A,Violence and sexual offences,Unable to prosecute suspect,
bdff29224276e0ba2fa52a9dd3d22520c169c11f7c2091658495ed13b8e57d91,2020-08,Durham Constabulary,Durham Constabulary,-1.561506,54.614169,On or near Gilpin Road,E01020825,County Durham 062A,Violence and sexual offences,Unable to prosecute suspect,
bd1b2314760ea2924641fdaa8fc801ca9658b61cf02e6b1737b664b4f1c63549,2020-08,Durham Constabulary,Durham Constabulary,-1.561506,54.614169,On or near Gilpin Road,E01020825,County Durham 062A,Violence and sexual offences,Unable to prosecute suspect,
,2020-08,Durham Constabulary,Durham Constabulary,-1.568366,54.621464,On or near Supermarket,E01020831,County Durham 062B,Anti-social behaviour,,
,2020-08,Durham Constabulary,Durham Constabulary,-1.562315,54.625324,On or near Neile Road,E01020831,County Durham 062B,Anti-social behaviour,,
,2020-08,Durham Constabulary,Durham Constabulary,-1.568366,54.621464,On or near Supermarket,E01020831,County Durham 062B,Anti-social behaviour,,
,2020-08,Durham Constabulary,Durham Constabulary,-1.568366,54.621464,On or near Supermarket,E01020831,County Durham 062B,Anti-social behaviour,,
,2020-08,Durham Constabulary,Durham Constabulary,-1.563071,54.624204,On or near Porter Close,E01020831,County Durham 062B,Anti-social behaviour,,
,2020-08,Durham Constabulary,Durham Constabulary,-1.564813,54.622026,On or near Shield Walk,E01020831,County Durham 062B,Anti-social behaviour,,
,2020-08,Durham Constabulary,Durham Constabulary,-1.565976,54.621860,On or near Central Avenue,E01020831,County Durham 062B,Anti-social behaviour,,
2f67b4beca24bb57b3e4c76cc4717737b588b3160227a778da378279587d81ca,2020-08,Durham Constabulary,Durham Constabulary,-1.565976,54.621860,On or near Central Avenue,E01020831,County Durham 062B,Criminal damage and arson,Investigation complete; no suspect identified,
94b46accc8b604916e2b6eac389be1521ba9298f1aa80762b547425e2a00e80f,2020-08,Durham Constabulary,Durham Constabulary,-1.567740,54.623511,On or near Chapman Close,E01020831,County Durham 062B,Public order,Unable to prosecute suspect,
8e3459e9e7572c8bf2ad381a0d3fe02dbaee2c75aea637321e5a6e234cdc0ab5,2020-08,Durham Constabulary,Durham Constabulary,-1.568366,54.621464,On or near Supermarket,E01020831,County Durham 062B,Shoplifting,Investigation complete; no suspect identified,
9686bd84e89e411805f622a119fbf4e9de5ff64e2fce1cdbf5f4c044ccd886e3,2020-08,Durham Constabulary,Durham Constabulary,-1.568366,54.621464,On or near Supermarket,E01020831,County Durham 062B,Shoplifting,Suspect charged as part of another case,
341b26ef5897547c0ab2e27fbbb68a82a6898512e40f5f9800e649a3a9f6297a,2020-08,Durham Constabulary,Durham Constabulary,-1.567740,54.623511,On or near Chapman Close,E01020831,County Durham 062B,Shoplifting,Formal action is not in the public interest,
d1ed9d005b43219cf5f15f7ac98f52ed61e0a87dffba49f7d887333c416f3378,2020-08,Durham Constabulary,Durham Constabulary,-1.562315,54.625324,On or near Neile Road,E01020831,County Durham 062B,Violence and sexual offences,Unable to prosecute suspect,
4f3147649bf49c1818a2ff3626df20aee4044255a54acec7ac6650363fb76279,2020-08,Durham Constabulary,Durham Constabulary,-1.564813,54.622026,On or near Shield Walk,E01020831,County Durham 062B,Violence and sexual offences,Unable to prosecute suspect,
,2020-08,Durham Constabulary,Durham Constabulary,-1.555518,54.623709,On or near St Oswalds Court,E01020833,County Durham 062C,Anti-social behaviour,,
,2020-08,Durham Constabulary,Durham Constabulary,-1.557060,54.624299,On or near Armstrong Close,E01020833,County Durham 062C,Anti-social behaviour,,
,2020-08,Durham Constabulary,Durham Constabulary,-1.556759,54.624918,On or near Wren Close,E01020833,County Durham 062C,Anti-social behaviour,,
63c82bdcdb468719717d8bb7a48b5a66f7385da867eb479dfff76e84844d6458,2020-08,Durham Constabulary,Durham Constabulary,-1.562126,54.622789,On or near Eden Road,E01020833,County Durham 062C,Criminal damage and arson,Investigation complete; no suspect identified,
a242cbda2edfc7fbd87cc541ab63676cf1a484af7683c77e78ba704bba27c22b,2020-08,Durham Constabulary,Durham Constabulary,-1.556135,54.622516,On or near Welbury Grove,E01020833,County Durham 062C,Criminal damage and arson,Court result unavailable,
e5e81c3a5d5a190a3a1ed336bf0d64c438fb06bbb976496813b8b36c5eea4a07,2020-08,Durham Constabulary,Durham Constabulary,-1.551578,54.622850,On or near Prison,E01020833,County Durham 062C,Public order,Further investigation is not in the public interest,
8805610d2bee4748fee9771d9675088e786ed1dd3cc754e5faa356a029625b39,2020-08,Durham Constabulary,Durham Constabulary,-1.556135,54.622516,On or near Welbury Grove,E01020833,County Durham 062C,Violence and sexual offences,Court result unavailable,
ee10123c4879a427dba09029be6ef0dd724a21cd71eda6474386883b884a033f,2020-08,Durham Constabulary,Durham Constabulary,-1.556135,54.622516,On or near Welbury Grove,E01020833,County Durham 062C,Violence and sexual offences,Unable to prosecute suspect,
2b97db71fb8f9db4dddb3c495c1a7dcba67091d7ee3741d1b9a528afe1b8571d,2020-08,Durham Constabulary,Durham Constabulary,-1.562126,54.622789,On or near Eden Road,E01020833,County Durham 062C,Violence and sexual offences,Unable to prosecute suspect,
87eda9ecccad832f0356d92630b7cf7fbc0da4d1083e44aada8910933f605db0,2020-08,Durham Constabulary,Durham Constabulary,-1.551578,54.622850,On or near Prison,E01020833,County Durham 062C,Violence and sexual offences,Further investigation is not in the public interest,
61acd6ce906627c0a9a4446f694e2960ad7e41c457f20c340de845656d006f88,2020-08,Durham Constabulary,Durham Constabulary,-1.556974,54.626527,On or near Hylton Close,E01020833,County Durham 062C,Violence and sexual offences,Unable to prosecute suspect,
15b133780279941b9188c91f3139bde70b427aaa267e267f781cd00d5e8c8308,2020-08,Durham Constabulary,Durham Constabulary,-1.551578,54.622850,On or near Prison,E01020833,County Durham 062C,Violence and sexual offences,Court result unavailable,
ef50a5f97b9decb35c6679195614645d437727fa1a656358edd579a6baee9068,2020-08,Durham Constabulary,Durham Constabulary,-1.551578,54.622850,On or near Prison,E01020833,County Durham 062C,Violence and sexual offences,Further investigation is not in the public interest,
00261a2390b4ad9d66e04b835c46a78c5b091afff954e4f1fa579a365e029f3e,2020-08,Durham Constabulary,Durham Constabulary,-1.551578,54.622850,On or near Prison,E01020833,County Durham 062C,Violence and sexual offences,Unable to prosecute suspect,
ff20d63b740d0191a0b72791a5077770f167373124f63d48e730c3d711eec8dc,2020-08,Durham Constabulary,Durham Constabulary,-1.551578,54.622850,On or near Prison,E01020833,County Durham 062C,Violence and sexual offences,Unable to prosecute suspect,
2e8784e17d729d9cfbb4e052261cc14354816967fd6bb329b314f66ae6481d01,2020-08,Durham Constabulary,Durham Constabulary,-1.556974,54.626527,On or near Hylton Close,E01020833,County Durham 062C,Violence and sexual offences,Unable to prosecute suspect,
81c6a800b2fd88ea638f213634ebeedce65b9b24639b2b168e2a152453d135e4,2020-08,Durham Constabulary,Durham Constabulary,-1.551578,54.622850,On or near Prison,E01020833,County Durham 062C,Violence and sexual offences,Unable to prosecute suspect,
d6ffb329163356592c78e901058683999dd247fe556974d04485be8a35dec8e5,2020-08,Durham Constabulary,Durham Constabulary,-1.556974,54.626527,On or near Hylton Close,E01020833,County Durham 062C,Violence and sexual offences,Unable to prosecute suspect,
7fd4285d1c12ad5b168cbbb78ef32018e8088c57b2af42e09048146b62e958f0,2020-08,Durham Constabulary,Durham Constabulary,-1.557060,54.624299,On or near Armstrong Close,E01020833,County Durham 062C,Other crime,Investigation complete; no suspect identified,
,2020-08,Durham Constabulary,Durham Constabulary,-1.563430,54.621060,On or near Shafto Way,E01020834,County Durham 062D,Anti-social behaviour,,
,2020-08,Durham Constabulary,Durham Constabulary,-1.560929,54.618885,On or near Creighton Road,E01020834,County Durham 062D,Anti-social behaviour,,
,2020-08,Durham Constabulary,Durham Constabulary,-1.557122,54.617154,On or near Sports/Recreation Area,E01020834,County Durham 062D,Anti-social behaviour,,
,2020-08,Durham Constabulary,Durham Constabulary,-1.558402,54.619100,On or near Liddell Close,E01020834,County Durham 062D,Anti-social behaviour,,
,2020-08,Durham Constabulary,Durham Constabulary,-1.564522,54.620237,On or near Heild Close,E01020834,County Durham 062D,Anti-social behaviour,,
,2020-08,Durham Constabulary,Durham Constabulary,-1.563430,54.621060,On or near Shafto Way,E01020834,County Durham 062D,Anti-social behaviour,,
90934b1d97789584885f7e5ec8f1d6ad7b75ef14245c5fd814d9953558187dc3,2020-08,Durham Constabulary,Durham Constabulary,-1.560929,54.618885,On or near Creighton Road,E01020834,County Durham 062D,Criminal damage and arson,Local resolution,
cb3f141163cc1bee05e2570beac585f39d42903c427e19596ddb650d1da8174a,2020-08,Durham Constabulary,Durham Constabulary,-1.563729,54.617709,On or near Shafto Road,E01020834,County Durham 062D,Criminal damage and arson,Offender given a caution,
09465fbf7f0a6f711ea3eb52e31f292f54df5eeb7f414524122a64599d89b26e,2020-08,Durham Constabulary,Durham Constabulary,-1.562631,54.618981,On or near Flynn Court,E01020834,County Durham 062D,Vehicle crime,Investigation complete; no suspect identified,
,2020-08,Durham Constabulary,Durham Constabulary,-1.574121,54.614546,On or near Emerson Way,E01020824,County Durham 063A,Anti-social behaviour,,
,2020-08,Durham Constabulary,Durham Constabulary,-1.581583,54.614716,On or near Crosby Road,E01020824,County Durham 063A,Anti-social behaviour,,
,2020-08,Durham Constabulary,Durham Constabulary,-1.570421,54.613041,On or near Bradford Close,E01020824,County Durham 063A,Anti-social behaviour,,
,2020-08,Durham Constabulary,Durham Constabulary,-1.570421,54.613041,On or near Bradford Close,E01020824,County Durham 063A,Anti-social behaviour,,
,2020-08,Durham Constabulary,Durham Constabulary,-1.570421,54.613041,On or near Bradford Close,E01020824,County Durham 063A,Anti-social behaviour,,
,2020-08,Durham Constabulary,Durham Constabulary,-1.571521,54.614420,On or near Lee Green,E01020824,County Durham 063A,Anti-social behaviour,,
4e4ed644d30e3a13ff26c14d66ca05ce3c7a397145a64967bc80f85ec44fdcb9,2020-08,Durham Constabulary,Durham Constabulary,-1.576928,54.615706,On or near Castlereagh Close,E01020824,County Durham 063A,Criminal damage and arson,Local resolution,
dc338020f51dfa53e22ea3d8877afa3ed1891571d06140e3720862141c804d9f,2020-08,Durham Constabulary,Durham Constabulary,-1.576225,54.613323,On or near Moule Close,E01020824,County Durham 063A,Drugs,Local resolution,
a44a0a7d4e31dcd15a9803ecb102908980949268c1baa838d2853f4f14d50ca4,2020-08,Durham Constabulary,Durham Constabulary,-1.570421,54.613041,On or near Bradford Close,E01020824,County Durham 063A,Public order,Investigation complete; no suspect identified,
f215a903b2101faf310b1ad4a5466265ce56eaecb001076b95e5acc2621617fe,2020-08,Durham Constabulary,Durham Constabulary,-1.575462,54.613715,On or near Simpasture Gate,E01020824,County Durham 063A,Public order,Investigation complete; no suspect identified,
67544e274e35cffdc4a119c62bf0ecd777529ba01798ec46d4f8dfdd1b06a53a,2020-08,Durham Constabulary,Durham Constabulary,-1.576225,54.613323,On or near Moule Close,E01020824,County Durham 063A,Public order,Investigation complete; no suspect identified,
ada381aa03bf623e321331e489ec5eedcc11e8abf3d39dbf0445c7daaa08fd99,2020-08,Durham Constabulary,Durham Constabulary,-1.570421,54.613041,On or near Bradford Close,E01020824,County Durham 063A,Public order,Unable to prosecute suspect,
c2ba18c9c508cc8363ea7a6e01803729e64e22932759c90ff2f5f2263978c258,2020-08,Durham Constabulary,Durham Constabulary,-1.571521,54.614420,On or near Lee Green,E01020824,County Durham 063A,Vehicle crime,Investigation complete; no suspect identified,
13d4a1941fc88eb0c3a5cb1801bce6b136c3f17c2b35ecf684633ce6cffdddf0,2020-08,Durham Constabulary,Durham Constabulary,-1.579408,54.615455,On or near Mills Close,E01020824,County Durham 063A,Violence and sexual offences,Unable to prosecute suspect,
a863b1ade8ca238c5f46b04ad858ee15cdcae1759ccb2c818a184ed08f1aa866,2020-08,Durham Constabulary,Durham Constabulary,-1.570421,54.613041,On or near Bradford Close,E01020824,County Durham 063A,Violence and sexual offences,Unable to prosecute suspect,
b45798baf4a8de65f28dc7e068b8fa2a30f90ffc36c01dbe09444697ed4dcb6e,2020-08,Durham Constabulary,Durham Constabulary,-1.571521,54.614420,On or near Lee Green,E01020824,County Durham 063A,Violence and sexual offences,Unable to prosecute suspect,
2e7836e1f9658b84be6ce9bc1c9b790c5f07012db1373ab11f34f22b036ffb41,2020-08,Durham Constabulary,Durham Constabulary,-1.571521,54.614420,On or near Lee Green,E01020824,County Durham 063A,Violence and sexual offences,Unable to prosecute suspect,
5fae2f8daa769f588f9a857764c5ab3ef74f38dfd6d5aedc7c781f23b476a2bf,2020-08,Durham Constabulary,Durham Constabulary,-1.571521,54.614420,On or near Lee Green,E01020824,County Durham 063A,Violence and sexual offences,Local resolution,
3e835f0822459debe9d0b331ad3487cd0ce335d93c7ff5738625311eab654665,2020-08,Durham Constabulary,Durham Constabulary,-1.579972,54.614791,On or near Lowery Road,E01020824,County Durham 063A,Violence and sexual offences,Unable to prosecute suspect,
cb30782bdea7f0b59612e0eb8b7c227d6c11947c97966aabad0544df3187422f,2020-08,Durham Constabulary,Durham Constabulary,-1.579972,54.614791,On or near Lowery Road,E01020824,County Durham 063A,Violence and sexual offences,Unable to prosecute suspect,
0de819fdfac38b041452f30190c71571eea9640faf8e89cc699ad79519b704f3,2020-08,Durham Constabulary,Durham Constabulary,-1.576225,54.613323,On or near Moule Close,E01020824,County Durham 063A,Violence and sexual offences,Unable to prosecute suspect,
,2020-08,Durham Constabulary,Durham Constabulary,-1.580641,54.606975,On or near Hurworth Road,E01020826,County Durham 063B,Anti-social behaviour,,
,2020-08,Durham Constabulary,Durham Constabulary,-1.582055,54.597364,On or near Parking Area,E01020826,County Durham 063B,Anti-social behaviour,,
,2020-08,Durham Constabulary,Durham Constabulary,-1.574047,54.609819,On or near Warren Road,E01020826,County Durham 063B,Anti-social behaviour,,
,2020-08,Durham Constabulary,Durham Constabulary,-1.566546,54.613468,On or near Clarence Close,E01020826,County Durham 063B,Anti-social behaviour,,
5804771977c335a6efa1f980ea3d50b2c3454f872c2f85fae3971d47423343dc,2020-08,Durham Constabulary,Durham Constabulary,-1.574011,54.608839,On or near Gurney Way,E01020826,County Durham 063B,Criminal damage and arson,Investigation complete; no suspect identified,
550372c1d4fd7f471af44807a29b22a2c118ae42636323e0ca66902842fb9b06,2020-08,Durham Constabulary,Durham Constabulary,-1.575601,54.598870,On or near Hollin Way,E01020826,County Durham 063B,Criminal damage and arson,Local resolution,
8e0711af8c648eb6cb28e36b946de17ee019a2ece00b89ca18262eb8f3e5b0b2,2020-08,Durham Constabulary,Durham Constabulary,-1.572308,54.610262,On or near Leaside North,E01020826,County Durham 063B,Drugs,Further investigation is not in the public interest,
fdf04748fc410ec28d87c0dc81f7216eb6264534bd38a0b6962e22d100780eb2,2020-08,Durham Constabulary,Durham Constabulary,-1.578371,54.594395,On or near Long Tens Way,E01020826,County Durham 063B,Other theft,Offender given a caution,
056882d0bdc5f45e295c8074c0385554a0f788d4fa1ded58df8dda13beed83b2,2020-08,Durham Constabulary,Durham Constabulary,-1.560726,54.597406,On or near Maltkiln Lane,E01020826,County Durham 063B,Other theft,Unable to prosecute suspect,
264f22e69e8ea71fab10a0c5d32314b3cb6db7f10acb82c796d981d19802c69e,2020-08,Durham Constabulary,Durham Constabulary,-1.572782,54.609401,On or near Leaside,E01020826,County Durham 063B,Other theft,Local resolution,
16bca3b08844d549b04d1782eff37579101df5269891d6667f0d18a970ae1b8a,2020-08,Durham Constabulary,Durham Constabulary,-1.572624,54.599308,On or near Whinfield Drive,E01020826,County Durham 063B,Public order,Unable to prosecute suspect,
1850724a2487bcfaf75106338dd0e9212d2ef8db374cf651addb750e8602ef83,2020-08,Durham Constabulary,Durham Constabulary,-1.567977,54.596749,On or near Heighington Lane,E01020826,County Durham 063B,Vehicle crime,Unable to prosecute suspect,
8f2f3c3a9521d204cf6f7eaf9ea27e68ece9b715f5039c92c642832198734dd2,2020-08,Durham Constabulary,Durham Constabulary,-1.568638,54.614698,On or near Westcott Walk,E01020826,County Durham 063B,Vehicle crime,Investigation complete; no suspect identified,
e638586b1fd7196b0f8e89180cdb8f69e7339dfff6b8e05e34a77e64ed967307,2020-08,Durham Constabulary,Durham Constabulary,-1.582055,54.597364,On or near Parking Area,E01020826,County Durham 063B,Vehicle crime,Unable to prosecute suspect,
a455352d361494bd41f941ccfba445ff1c91db803a4a91691923286ef4b1b21b,2020-08,Durham Constabulary,Durham Constabulary,-1.568666,54.604731,On or near Woodham Road,E01020826,County Durham 063B,Violence and sexual offences,Unable to prosecute suspect,
9146ebd104a41e0ca7d79c0d9499b907bdd425cbed4f2e25f867e5e5cf99e3e4,2020-08,Durham Constabulary,Durham Constabulary,-1.564198,54.612911,On or near Clarence Chare,E01020826,County Durham 063B,Violence and sexual offences,Action to be taken by another organisation,
c2e0e75710cf3ab5ef6b48c0e3a70173354e0fcca22008a39f71420fe498d9fb,2020-08,Durham Constabulary,Durham Constabulary,-1.560021,54.599686,On or near Atkinson Gardens,E01020826,County Durham 063B,Violence and sexual offences,Unable to prosecute suspect,
2334a7c733cc884394e541bc789385b949e17677c98d467a4d4e85e0970ac6e8,2020-08,Durham Constabulary,Durham Constabulary,-1.559432,54.601148,On or near Millfields,E01020826,County Durham 063B,Violence and sexual offences,Unable to prosecute suspect,
,2020-08,Durham Constabulary,Durham Constabulary,-1.570579,54.620079,On or near Parking Area,E01020832,County Durham 063C,Anti-social behaviour,,
,2020-08,Durham Constabulary,Durham Constabulary,-1.572745,54.618837,On or near Shopping Area,E01020832,County Durham 063C,Anti-social behaviour,,
,2020-08,Durham Constabulary,Durham Constabulary,-1.572109,54.620444,On or near Greenwell Road,E01020832,County Durham 063C,Anti-social behaviour,,
,2020-08,Durham Constabulary,Durham Constabulary,-1.572225,54.619680,On or near Shopping Area,E01020832,County Durham 063C,Anti-social behaviour,,
,2020-08,Durham Constabulary,Durham Constabulary,-1.572745,54.618837,On or near Shopping Area,E01020832,County Durham 063C,Anti-social behaviour,,
,2020-08,Durham Constabulary,Durham Constabulary,-1.572225,54.619680,On or near Shopping Area,E01020832,County Durham 063C,Anti-social behaviour,,
,2020-08,Durham Constabulary,Durham Constabulary,-1.569543,54.624326,On or near Elstob Close,E01020832,County Durham 063C,Anti-social behaviour,,
,2020-08,Durham Constabulary,Durham Constabulary,-1.570579,54.620079,On or near Parking Area,E01020832,County Durham 063C,Anti-social behaviour,,
,2020-08,Durham Constabulary,Durham Constabulary,-1.570579,54.620079,On or near Parking Area,E01020832,County Durham 063C,Anti-social behaviour,,
,2020-08,Durham Constabulary,Durham Constabulary,-1.572109,54.620444,On or near Greenwell Road,E01020832,County Durham 063C,Anti-social behaviour,,
,2020-08,Durham Constabulary,Durham Constabulary,-1.572225,54.619680,On or near Shopping Area,E01020832,County Durham 063C,Anti-social behaviour,,
5834b9d50c22abfa8f5f17339225c3a29aedfb8c4b3d057e1a0943f0353baf48,2020-08,Durham Constabulary,Durham Constabulary,-1.572745,54.618837,On or near Shopping Area,E01020832,County Durham 063C,Burglary,Investigation complete; no suspect identified,
603af0346c7f2030c03c5014fed794b9bc637c5c4da12c073ab292c2c267263e,2020-08,Durham Constabulary,Durham Constabulary,-1.570579,54.620079,On or near Parking Area,E01020832,County Durham 063C,Criminal damage and arson,Investigation complete; no suspect identified,
51e3ec1ef1e70e31be333444de19689aa0c1526423972f91b17675756ace83d1,2020-08,Durham Constabulary,Durham Constabulary,-1.572225,54.619680,On or near Shopping Area,E01020832,County Durham 063C,Criminal damage and arson,Investigation complete; no suspect identified,
11190e071e769d6a18e9bcc23314c52d613bf7c0687459d5c0501187bc881410,2020-08,Durham Constabulary,Durham Constabulary,-1.572745,54.618837,On or near Shopping Area,E01020832,County Durham 063C,Criminal damage and arson,Investigation complete; no suspect identified,
8fef43bc115d97c029ee8573cf506bce3c4cc2aed2398a7d7a14413cf65c5fd8,2020-08,Durham Constabulary,Durham Constabulary,-1.572225,54.619680,On or near Shopping Area,E01020832,County Durham 063C,Criminal damage and arson,Investigation complete; no suspect identified,
8db4cb5aab2f013abd041d8cf0f65d23782ff7100031aec24365b6916109df46,2020-08,Durham Constabulary,Durham Constabulary,-1.568193,54.624627,On or near Faber Close,E01020832,County Durham 063C,Criminal damage and arson,Court result unavailable,
320025fcb75276bfdb4dc8e3712efebf0df4dc8911167c7470ac12ec8ad9bd20,2020-08,Durham Constabulary,Durham Constabulary,-1.574957,54.619079,On or near Parking Area,E01020832,County Durham 063C,Criminal damage and arson,Unable to prosecute suspect,
056ec14d9d3dab7efe4317f2d2a2f501a0303c6b47d0332cbe1538778000b532,2020-08,Durham Constabulary,Durham Constabulary,-1.574957,54.619079,On or near Parking Area,E01020832,County Durham 063C,Drugs,Further action is not in the public interest,
dbad3f332001a1985a2b0b4a7241ddc10ab33b60bcc214b2d6eea2cd85e0fc60,2020-08,Durham Constabulary,Durham Constabulary,-1.572225,54.619680,On or near Shopping Area,E01020832,County Durham 063C,Other theft,Offender given a caution,
cd6a634d8cbdda5ed7e720ac023b21cab77bc7af558585cd9bf1015f11bd6336,2020-08,Durham Constabulary,Durham Constabulary,-1.574649,54.621828,On or near Hullock Road,E01020832,County Durham 063C,Other theft,Investigation complete; no suspect identified,
5efe68f8c1f4bd23de423ee30f2d72df9b3c867e7fa786cf41942c8e3f40b449,2020-08,Durham Constabulary,Durham Constabulary,-1.572225,54.619680,On or near Shopping Area,E01020832,County Durham 063C,Public order,Investigation complete; no suspect identified,
4af1161950b04e981ef6df6a224f194e07ae8f5bd9072ba8df1aa2cf2b8bb260,2020-08,Durham Constabulary,Durham Constabulary,-1.570579,54.620079,On or near Parking Area,E01020832,County Durham 063C,Shoplifting,Court result unavailable,
ebe24b116c579d062346a2d7ab6027757bc25fca51595764b40aecbe95e31d84,2020-08,Durham Constabulary,Durham Constabulary,-1.570579,54.620079,On or near Parking Area,E01020832,County Durham 063C,Shoplifting,Suspect charged as part of another case,
21a283df42d221e2e64a337814f3100d1127b130ced026c63bc782040c9568d0,2020-08,Durham Constabulary,Durham Constabulary,-1.570579,54.620079,On or near Parking Area,E01020832,County Durham 063C,Shoplifting,Court result unavailable,
2931c9e5bee327ad0d3ee569dd915fede5ec36a53ecfb5ede153aa2e1ffac185,2020-08,Durham Constabulary,Durham Constabulary,-1.570579,54.620079,On or near Parking Area,E01020832,County Durham 063C,Shoplifting,Court result unavailable,
1c5d34d2609d25ddfe8870943ffa7cc75c7f384b4cfa693192acf70fe901cdee,2020-08,Durham Constabulary,Durham Constabulary,-1.576436,54.621277,On or near Bertie Road,E01020832,County Durham 063C,Violence and sexual offences,Unable to prosecute suspect,
ac36ad5ae7bfb509fb18fc01dbb95f5c5c272f5e806a13096059c1156c94f965,2020-08,Durham Constabulary,Durham Constabulary,-1.572745,54.618837,On or near Shopping Area,E01020832,County Durham 063C,Violence and sexual offences,Unable to prosecute suspect,
e2de47e592f87f63185fd85ada8a71b8bad3bb33a26c07b5b5ac510f1bbdcd50,2020-08,Durham Constabulary,Durham Constabulary,-1.572745,54.618837,On or near Shopping Area,E01020832,County Durham 063C,Violence and sexual offences,Investigation complete; no suspect identified,
df1617ec2a9347810b6ef920a47eda9ba41e3d3d6d5eb8459e4951930f15c0ae,2020-08,Durham Constabulary,Durham Constabulary,-1.571807,54.622626,On or near Faulkner Road,E01020832,County Durham 063C,Violence and sexual offences,Unable to prosecute suspect,
f1a99a857715ad33cc1e58b216194a7e05e0042baa2b632c30cf4aee00719495,2020-08,Durham Constabulary,Durham Constabulary,-1.571807,54.622626,On or near Faulkner Road,E01020832,County Durham 063C,Violence and sexual offences,Unable to prosecute suspect,
0faf01586cef7089e620c571434578d16f59d9e94736eb89fc547919aeda7048,2020-08,Durham Constabulary,Durham Constabulary,-1.569543,54.624326,On or near Elstob Close,E01020832,County Durham 063C,Violence and sexual offences,Unable to prosecute suspect,
e2ec041a6a18795aa343a6890601277fa2b853be408e9800cfe796ee8308d852,2020-08,Durham Constabulary,Durham Constabulary,-1.572745,54.618837,On or near Shopping Area,E01020832,County Durham 063C,Violence and sexual offences,Unable to prosecute suspect,
3619ac06c193ac82fe4cba128d262b5574ff972cb4816952832de97b2b75d7ab,2020-08,Durham Constabulary,Durham Constabulary,-1.572745,54.618837,On or near Shopping Area,E01020832,County Durham 063C,Violence and sexual offences,Investigation complete; no suspect identified,
312b279a686fdb61fcec9414947093d5853faf92746cf0bf80e5baf4493e759b,2020-08,Durham Constabulary,Durham Constabulary,-1.572225,54.619680,On or near Shopping Area,E01020832,County Durham 063C,Violence and sexual offences,Investigation complete; no suspect identified,
b670f659d35325dfddf52aadadb5394821e4de83f7783f51cd15853883baf507,2020-08,Durham Constabulary,Durham Constabulary,-1.572745,54.618837,On or near Shopping Area,E01020832,County Durham 063C,Violence and sexual offences,Investigation complete; no suspect identified,
f7e88f985e57367f07d961dde948191c455733bcc91ac53e21a8ccb3b24d7f9c,2020-08,Durham Constabulary,Durham Constabulary,-1.574957,54.619079,On or near Parking Area,E01020832,County Durham 063C,Violence and sexual offences,Unable to prosecute suspect,
10270292687c28db16e36c96a407011eb5f28d94fad2b1329e7d27d7afcf5628,2020-08,Durham Constabulary,Durham Constabulary,-1.572225,54.619680,On or near Shopping Area,E01020832,County Durham 063C,Violence and sexual offences,Investigation complete; no suspect identified,
,2020-08,Durham Constabulary,Durham Constabulary,-1.579063,54.621843,On or near Humphrey Close,E01020845,County Durham 063D,Anti-social behaviour,,
,2020-08,Durham Constabulary,Durham Constabulary,-1.579322,54.617800,On or near Tunstall Road,E01020845,County Durham 063D,Anti-social behaviour,,
,2020-08,Durham Constabulary,Durham Constabulary,-1.577991,54.620644,On or near Marshall Road,E01020845,County Durham 063D,Anti-social behaviour,,
,2020-08,Durham Constabulary,Durham Constabulary,-1.580181,54.620094,On or near Silkin Way,E01020845,County Durham 063D,Anti-social behaviour,,
,2020-08,Durham Constabulary,Durham Constabulary,-1.581239,54.619586,On or near Stead Close,E01020845,County Durham 063D,Anti-social behaviour,,
a8e73a2b96cb7598242f2047cf02f684f418a940de25b13499bf63225dd70b85,2020-08,Durham Constabulary,Durham Constabulary,-1.580363,54.617435,On or near Barrington Road,E01020845,County Durham 063D,Criminal damage and arson,Investigation complete; no suspect identified,
15db06df74f38402d1ba4272438d39fc7b73acd7f71ab252c71524fc546babc0,2020-08,Durham Constabulary,Durham Constabulary,-1.577535,54.618333,On or near Ebba Close,E01020845,County Durham 063D,Criminal damage and arson,Unable to prosecute suspect,
372ffcc09b58d0d75fcc363c3177c90b976a13335d16664708cb5f62e091fc0a,2020-08,Durham Constabulary,Durham Constabulary,-1.578974,54.619964,On or near Priestman Road,E01020845,County Durham 063D,Public order,Offender given a caution,
4fab5c6e06cdfe1bb2554890e6ba3f80faf8c9f0687f4f7b469bf40a7bffcbeb,2020-08,Durham Constabulary,Durham Constabulary,-1.577535,54.618333,On or near Ebba Close,E01020845,County Durham 063D,Public order,Local resolution,
88910a5ec1647364b391388ce209b9914df667ad534183c3541e635de912a046,2020-08,Durham Constabulary,Durham Constabulary,-1.579367,54.619400,On or near Wright Close,E01020845,County Durham 063D,Violence and sexual offences,Unable to prosecute suspect,
44ac4babdb1d532e8f40b11be148b819c98aa9a0370f67b7104f7db22413bd31,2020-08,Durham Constabulary,Durham Constabulary,-1.577991,54.620644,On or near Marshall Road,E01020845,County Durham 063D,Violence and sexual offences,Court result unavailable,
2b7b6a08e8cf27802ac0b63ca8874b415d63104ea1d01945dde9062f68f8d714,2020-08,Durham Constabulary,Durham Constabulary,-1.579367,54.619400,On or near Wright Close,E01020845,County Durham 063D,Violence and sexual offences,Unable to prosecute suspect,
3486f4d9445605e13c63458b3df6b874f232ae7090f4d0e1c1dbe44d51412a0f,2020-08,Durham Constabulary,Durham Constabulary,-1.579322,54.617800,On or near Tunstall Road,E01020845,County Durham 063D,Violence and sexual offences,Unable to prosecute suspect,
0b0eb0fdc01c6a4560e52f9d42225b2270bc2d4478c5f5b0ce2e0a896756d014,2020-08,Durham Constabulary,Durham Constabulary,-1.579322,54.617800,On or near Tunstall Road,E01020845,County Durham 063D,Violence and sexual offences,Unable to prosecute suspect,
d27a3b002ef6b1b024bd1bd10d0bb3aad89bebef5bcc6e60ff08c6ed16fc37f1,2020-08,Durham Constabulary,Durham Constabulary,-1.578974,54.619964,On or near Priestman Road,E01020845,County Durham 063D,Violence and sexual offences,Unable to prosecute suspect,
1206376e3ca439dba8672ae05e9bb746ea79cb6c568ff982810abb86b0c9613d,2020-08,Durham Constabulary,Durham Constabulary,-1.583081,54.619691,On or near Stephenson Way,E01020845,County Durham 063D,Other crime,Court result unavailable,
,2020-08,Durham Constabulary,Durham Constabulary,-1.591623,54.615694,On or near Linden Place,E01020846,County Durham 063E,Anti-social behaviour,,
,2020-08,Durham Constabulary,Durham Constabulary,-1.591623,54.615694,On or near Linden Place,E01020846,County Durham 063E,Anti-social behaviour,,
,2020-08,Durham Constabulary,Durham Constabulary,-1.591623,54.615694,On or near Linden Place,E01020846,County Durham 063E,Anti-social behaviour,,
,2020-08,Durham Constabulary,Durham Constabulary,-1.591623,54.615694,On or near Linden Place,E01020846,County Durham 063E,Anti-social behaviour,,
,2020-08,Durham Constabulary,Durham Constabulary,-1.591623,54.615694,On or near Linden Place,E01020846,County Durham 063E,Anti-social behaviour,,
,2020-08,Durham Constabulary,Durham Constabulary,-1.589473,54.613880,On or near Parking Area,E01020846,County Durham 063E,Anti-social behaviour,,
,2020-08,Durham Constabulary,Durham Constabulary,-1.603763,54.606109,On or near Hill Fields,E01020846,County Durham 063E,Anti-social behaviour,,
,2020-08,Durham Constabulary,Durham Constabulary,-1.591623,54.615694,On or near Linden Place,E01020846,County Durham 063E,Anti-social behaviour,,
,2020-08,Durham Constabulary,Durham Constabulary,-1.591623,54.615694,On or near Linden Place,E01020846,County Durham 063E,Anti-social behaviour,,
0bbb9691dc995330d166800b625f9575ac2179c6384a6b5f2b5b52b447895a8a,2020-08,Durham Constabulary,Durham Constabulary,-1.589473,54.613880,On or near Parking Area,E01020846,County Durham 063E,Burglary,Investigation complete; no suspect identified,
8ceb7e390e845264f1b3f5a9535ef3bfcec600846e8a6ea98dfc882311f9784e,2020-08,Durham Constabulary,Durham Constabulary,-1.600648,54.608040,On or near Midfields,E01020846,County Durham 063E,Other theft,Further investigation is not in the public interest,
bf4c412ff6210c5ecd6efe9e062b6472c38986651a820d60a146a5d1dbbd45e5,2020-08,Durham Constabulary,Durham Constabulary,-1.600648,54.608040,On or near Midfields,E01020846,County Durham 063E,Other theft,Further investigation is not in the public interest,
cdba7db24ca676e3b1184d7aeab6b3c5c5207487c697e2ad9e25988c8b5cc5ce,2020-08,Durham Constabulary,Durham Constabulary,-1.586238,54.615298,On or near Beechfield,E01020846,County Durham 063E,Shoplifting,Investigation complete; no suspect identified,
c8a9b9ca986cfda4a3af028e8185a724bd33931e5e3615d4c29e5bc2937fa3a0,2020-08,Durham Constabulary,Durham Constabulary,-1.586238,54.615298,On or near Beechfield,E01020846,County Durham 063E,Shoplifting,Investigation complete; no suspect identified,
55974e2c4f9dd63195bd567ca3f391f97fd35f41ec569d065ed682dac8139437,2020-08,Durham Constabulary,Durham Constabulary,-1.586238,54.615298,On or near Beechfield,E01020846,County Durham 063E,Shoplifting,Investigation complete; no suspect identified,
43465ebf7f96c4bde5517cca1500454557afa2134c68b6fcb991fc1f545f7586,2020-08,Durham Constabulary,Durham Constabulary,-1.591623,54.615694,On or near Linden Place,E01020846,County Durham 063E,Violence and sexual offences,Unable to prosecute suspect,
2f5e9503f7ac1943195c13ff9ffff883b6282000f0d883b6424fc4bbaee09620,2020-08,Durham Constabulary,Durham Constabulary,-1.586238,54.615298,On or near Beechfield,E01020846,County Durham 063E,Violence and sexual offences,Investigation complete; no suspect identified,
da0c38e8504577082bdfc62772dde61298876b658a52c0d808a6e399f0eaffa2,2020-08,Durham Constabulary,Durham Constabulary,-1.600564,54.608651,On or near Eastfields Road,E01020846,County Durham 063E,Violence and sexual offences,Further investigation is not in the public interest,
8eb00f34df90d47b030fb9780a074f078bbdc5aea67cb11006c7b33a5398d44b,2020-08,Durham Constabulary,Durham Constabulary,-1.591623,54.615694,On or near Linden Place,E01020846,County Durham 063E,Violence and sexual offences,Unable to prosecute suspect,
d1f746147d051664313cbf5101f8d9678cf85c17f579c3ae1bdf6ddfa3705b8a,2020-08,Durham Constabulary,Durham Constabulary,-1.591623,54.615694,On or near Linden Place,E01020846,County Durham 063E,Violence and sexual offences,Unable to prosecute suspect,
7b2cd580feb451c22cf93b2cc57774bab7083e88a5764b938fcbf62c542c0d8b,2020-08,Durham Constabulary,Durham Constabulary,-1.591623,54.615694,On or near Linden Place,E01020846,County Durham 063E,Violence and sexual offences,Unable to prosecute suspect,
,2020-08,Durham Constabulary,Durham Constabulary,-1.807995,54.614496,On or near Manor Grove,E01020856,County Durham 064A,Anti-social behaviour,,
,2020-08,Durham Constabulary,Durham Constabulary,-1.810067,54.615209,On or near Meadowcroft,E01020856,County Durham 064A,Anti-social behaviour,,
86081886b1b037a4ad417306ccba9d6f189abd33a8f4421e462c9854f5ccec7a,2020-08,Durham Constabulary,Durham Constabulary,-1.804834,54.611884,On or near Staindrop Road,E01020856,County Durham 064A,Drugs,Further investigation is not in the public interest,
003dc5c8aad40253605ce71e06a7367b032251eff320796ab8deb026e18d3ee6,2020-08,Durham Constabulary,Durham Constabulary,-1.807678,54.612734,On or near Supermarket,E01020856,County Durham 064A,Shoplifting,Investigation complete; no suspect identified,
947970305ad5d3ab4e7b178b8a75efc7efe161ef28b54dd38cd5e2d4f0ceb5ff,2020-08,Durham Constabulary,Durham Constabulary,-1.767560,54.648134,On or near Toft Hill Lane,E01020858,County Durham 064B,Criminal damage and arson,Investigation complete; no suspect identified,
,2020-08,Durham Constabulary,Durham Constabulary,-1.712435,54.617703,On or near Lutterington Lane,E01020859,County Durham 064C,Anti-social behaviour,,
,2020-08,Durham Constabulary,Durham Constabulary,-1.738735,54.636141,On or near Etherley Bank,E01020859,County Durham 064C,Anti-social behaviour,,
a2f3238e08ec7aebb48f992a1ea7c40ce29e8728e071c973d65f4f5bb2ab9cd7,2020-08,Durham Constabulary,Durham Constabulary,-1.737372,54.643408,On or near Greenfields Road,E01020859,County Durham 064C,Criminal damage and arson,Investigation complete; no suspect identified,
16c525ed9222aa4ae1313f77981d684378d7d4018de7b0790d7d763e5dd78e37,2020-08,Durham Constabulary,Durham Constabulary,-1.746930,54.648830,On or near Sports/Recreation Area,E01020859,County Durham 064C,Violence and sexual offences,Unable to prosecute suspect,
446d1d998b05b76cf998c7fc29b210ec1f28fa8345e0613c5768592daa336c84,2020-08,Durham Constabulary,Durham Constabulary,-1.746930,54.648830,On or near Sports/Recreation Area,E01020859,County Durham 064C,Violence and sexual offences,Unable to prosecute suspect,
9f83e13842f676b6a9d36bb6b3c41e854fdf7794810e479b4844168bbfd81e36,2020-08,Durham Constabulary,Durham Constabulary,-1.745475,54.648575,On or near Church Street,E01020859,County Durham 064C,Violence and sexual offences,Investigation complete; no suspect identified,
c0e73aa72b140388cfdce612bd9da8e1c2a104dc9c1bd932ffd0e88ca5dfe83d,2020-08,Durham Constabulary,Durham Constabulary,-1.742264,54.653906,On or near B6282,E01020859,County Durham 064C,Violence and sexual offences,Unable to prosecute suspect,
58e07758a46944eea8ab5d9c1aa6b9d766b4a94992fed28e046cd2cb99d3e490,2020-08,Durham Constabulary,Durham Constabulary,-1.742264,54.653906,On or near B6282,E01020859,County Durham 064C,Violence and sexual offences,Unable to prosecute suspect,
,2020-08,Durham Constabulary,Durham Constabulary,-1.758650,54.619359,On or near Manor Court,E01020860,County Durham 064D,Anti-social behaviour,,
,2020-08,Durham Constabulary,Durham Constabulary,-1.764019,54.622767,On or near Swan Street,E01020860,County Durham 064D,Anti-social behaviour,,
f9c8df2b81da10fdd5f356c0c45835cb404d0b48d78e4cb731ceef0c8e7f3ec7,2020-08,Durham Constabulary,Durham Constabulary,-1.761529,54.619562,On or near South View,E01020860,County Durham 064D,Burglary,Investigation complete; no suspect identified,
d010e5ae97508b158568d04048298c3beb96276d143722a01a10742b6aca44cb,2020-08,Durham Constabulary,Durham Constabulary,-1.763020,54.618721,On or near Alpine Terrace,E01020860,County Durham 064D,Criminal damage and arson,Investigation complete; no suspect identified,
9f5805bf8a176ad250e94952bf64c1376740a2f393975143f50d6f340652a217,2020-08,Durham Constabulary,Durham Constabulary,-1.761529,54.619562,On or near South View,E01020860,County Durham 064D,Criminal damage and arson,Investigation complete; no suspect identified,
3626bfc4f5c4ce49a0e04ed8a600452b3306f541efe68f41eaf191ede7aea692,2020-08,Durham Constabulary,Durham Constabulary,-1.763824,54.624348,On or near Osborne Terrace,E01020860,County Durham 064D,Public order,Investigation complete; no suspect identified,
e8803cd346f86d5fea6da0bc626c3d5bb9e06eca6809461ea9776c0b30d6609b,2020-08,Durham Constabulary,Durham Constabulary,-1.759269,54.619315,On or near Manor Street,E01020860,County Durham 064D,Violence and sexual offences,Unable to prosecute suspect,
3a6cce74c26be0e96dd6541eb13d16d1fc8efbfa611e94bef567fb1e77d90720,2020-08,Durham Constabulary,Durham Constabulary,-1.753550,54.622674,On or near Copeland Lane,E01020860,County Durham 064D,Violence and sexual offences,Unable to prosecute suspect,
407a598809059e8e995c3707e8b5bd97692350f3f58cab0fed16d35f79f4d1f3,2020-08,Durham Constabulary,Durham Constabulary,-1.761529,54.619562,On or near South View,E01020860,County Durham 064D,Violence and sexual offences,Unable to prosecute suspect,
c06b79db7402dcc80298c75a527feca36a1b5b935ef6d981b43accbb87372ebb,2020-08,Durham Constabulary,Durham Constabulary,-1.762624,54.620301,On or near Lynas Place,E01020860,County Durham 064D,Violence and sexual offences,Unable to prosecute suspect,
30b3bce3e0d1e5b59c02d8d2db0d6d17d90394478699799eed7955c9649ad9af,2020-08,Durham Constabulary,Durham Constabulary,-1.761529,54.619562,On or near South View,E01020860,County Durham 064D,Violence and sexual offences,Unable to prosecute suspect,
79bfaa1992820ee4a72ad5148d9880068ad3899a440b780604b0a7b4aa3242dd,2020-08,Durham Constabulary,Durham Constabulary,-1.759230,54.618003,On or near Victoria Street,E01020860,County Durham 064D,Violence and sexual offences,Unable to prosecute suspect,
,2020-08,Durham Constabulary,Durham Constabulary,-1.797335,54.625370,On or near Sports/Recreation Area,E01020861,County Durham 064E,Anti-social behaviour,,
d97fe35e55537c264564e8ab12bbde78f778511073f4eafcd252adf78599a477,2020-08,Durham Constabulary,Durham Constabulary,-1.757384,54.642156,On or near Hartbrigg Lane,E01020861,County Durham 064E,Burglary,Unable to prosecute suspect,
924d52d95569414c30d0ceb09e58c6760325ccf881714e4699a79dfc8809474c,2020-08,Durham Constabulary,Durham Constabulary,-1.765404,54.624306,On or near Rochdale Street,E01020861,County Durham 064E,Criminal damage and arson,Investigation complete; no suspect identified,
27da4eb84a07623fcd44557ae3337a2ab6831ac2e870eba6a3ca119b655895cf,2020-08,Durham Constabulary,Durham Constabulary,-1.773533,54.633057,On or near Low Bowes Close,E01020861,County Durham 064E,Criminal damage and arson,Investigation complete; no suspect identified,
3f8065392d217cc552974f299c4e73937e844a9e12698ae2a42a505ebca4e3dc,2020-08,Durham Constabulary,Durham Constabulary,-1.762577,54.636280,On or near Ramshaw Lane,E01020861,County Durham 064E,Public order,Unable to prosecute suspect,
0ce1ac759e67b81a161a8a7f7e3068604a3733f6164a3f7474d4d2bdee9ceb93,2020-08,Durham Constabulary,Durham Constabulary,-1.765404,54.624306,On or near Rochdale Street,E01020861,County Durham 064E,Public order,Unable to prosecute suspect,
ef2bcae54713e656789a09bdd64d5185e2a9b7d3c3bf4a0b6ea3e741f4d5a803,2020-08,Durham Constabulary,Durham Constabulary,-1.757384,54.642156,On or near Hartbrigg Lane,E01020861,County Durham 064E,Violence and sexual offences,Unable to prosecute suspect,
05675c7f7374e5713a5c6f6ad4b234c0e90412cfa2ed3e93286559e8d7ed2dee,2020-08,Durham Constabulary,Durham Constabulary,-1.762577,54.636280,On or near Ramshaw Lane,E01020861,County Durham 064E,Violence and sexual offences,Unable to prosecute suspect,
34d3c443ad41e811ea40396ad4f747809f0e6038437fd1d20ee2ee04cab6a89a,2020-08,Durham Constabulary,Durham Constabulary,-1.758188,54.616168,On or near Fairfield,E01020861,County Durham 064E,Violence and sexual offences,Unable to prosecute suspect,
,2020-08,Durham Constabulary,Durham Constabulary,-1.732311,54.548038,On or near Neville Close,E01020862,County Durham 064F,Anti-social behaviour,,
b0c59fa1cd3970ca88f3b85bb75a085b99ef2262b8dbfc15e65565ecc272161e,2020-08,Durham Constabulary,Durham Constabulary,-1.733010,54.547411,On or near Eden Crest,E01020862,County Durham 064F,Criminal damage and arson,Investigation complete; no suspect identified,
03b4aaec3f85fab6abb474b6b2957c8918eb9e5670a786eefe2a8c7f8b9f7815,2020-08,Durham Constabulary,Durham Constabulary,-1.767241,54.600971,On or near A688,E01020862,County Durham 064F,Criminal damage and arson,Investigation complete; no suspect identified,
73ceffda25ee60e470d692042ddf6ef9a512cfe51249bcf6892f0056ead938d2,2020-08,Durham Constabulary,Durham Constabulary,-1.790653,54.544927,On or near Highcliffe Edge,E01020862,County Durham 064F,Theft from the person,Investigation complete; no suspect identified,
a11ff425359baff11410afe125864a52cbc09131d3c70f0c8eb059ca00f2ccc7,2020-08,Durham Constabulary,Durham Constabulary,-1.739371,54.546373,On or near Low Road,E01020862,County Durham 064F,Violence and sexual offences,Unable to prosecute suspect,
281e8abf2fd7a5227b1ca3e9334785872529877d67309c27f851226cde9f9637,2020-08,Durham Constabulary,Durham Constabulary,-1.732311,54.548038,On or near Neville Close,E01020862,County Durham 064F,Violence and sexual offences,Unable to prosecute suspect,
32ca43efd97a76944dfdcd554da460e4f161449597e30d8371429b699f5ed9e9,2020-08,Durham Constabulary,Durham Constabulary,-1.735468,54.547524,On or near Parking Area,E01020862,County Durham 064F,Violence and sexual offences,Further action is not in the public interest,
2cc897412b7c9cb37376b6d303e39c85df5efac7cc440bc7ce23a34bcbb3dd03,2020-08,Durham Constabulary,Durham Constabulary,-1.754369,54.581858,On or near Hulam Lane,E01020862,County Durham 064F,Violence and sexual offences,Unable to prosecute suspect,
,2020-08,Durham Constabulary,Durham Constabulary,-1.813317,54.673178,On or near Ladywell,E01020864,County Durham 064G,Anti-social behaviour,,
6d017546071a98c40c9b3436e2e8e0ddd16cd9c0d6d3ce8f1d5d6266b262b46d,2020-08,Durham Constabulary,Durham Constabulary,-1.835342,54.690815,On or near Howlea Lane,E01020864,County Durham 064G,Burglary,Investigation complete; no suspect identified,
c346c527317b281f70affaca5f4c6f75894862e77d3438bcc3175886d0b39287,2020-08,Durham Constabulary,Durham Constabulary,-1.813317,54.673178,On or near Ladywell,E01020864,County Durham 064G,Other theft,Investigation complete; no suspect identified,
902c9e5ff8e1e832b1cbbd478878b1da5e0fa7fe8911c4c42e7338ae2ed113b4,2020-08,Durham Constabulary,Durham Constabulary,-1.864049,54.623540,On or near Sports/Recreation Area,E01020864,County Durham 064G,Other theft,Investigation complete; no suspect identified,
b767aaf4bc0a91e3496a8d230f9a881bc5de494676941afd9b43628fd299c867,2020-08,Durham Constabulary,Durham Constabulary,-1.815860,54.628455,On or near Lands Road,E01020864,County Durham 064G,Violence and sexual offences,Unable to prosecute suspect,
3ba3f325984c3deb3fb2b3515ddedce8aa1dbc1184619227a67cae5bcd90a967,2020-08,Durham Constabulary,Durham Constabulary,-1.852898,54.679334,On or near Redford Lane,E01020864,County Durham 064G,Violence and sexual offences,Investigation complete; no suspect identified,
3545cd3bc97d5261a9e344caea4b18775cd04b3fab43f67cc5665b22a21838cb,2020-08,Durham Constabulary,Durham Constabulary,-1.815860,54.628455,On or near Lands Road,E01020864,County Durham 064G,Other crime,Status update unavailable,
,2020-08,Durham Constabulary,Durham Constabulary,-1.891762,54.556868,On or near The Green,E01020867,County Durham 064H,Anti-social behaviour,,
,2020-08,Durham Constabulary,Durham Constabulary,-1.886490,54.562121,On or near Streatlam Close,E01020867,County Durham 064H,Anti-social behaviour,,
87003bdc117aada827b94a221f8b52b7f8d82029472200c519d7b3685638a665,2020-08,Durham Constabulary,Durham Constabulary,-1.886490,54.562121,On or near Streatlam Close,E01020867,County Durham 064H,Criminal damage and arson,Investigation complete; no suspect identified,
47b81142603baa878c39481c190d4732120b2b346821a66a1aa3b323f01cb286,2020-08,Durham Constabulary,Durham Constabulary,-1.894749,54.555936,On or near The Crescent,E01020867,County Durham 064H,Violence and sexual offences,Investigation complete; no suspect identified,
80e0807b82312dfbc80ee7e7b98f59f25b7914c9294fb159bfd45f409af60bd7,2020-08,Durham Constabulary,Durham Constabulary,-1.891762,54.556868,On or near The Green,E01020867,County Durham 064H,Violence and sexual offences,Unable to prosecute suspect,
6d26a7cba212a321a9631609bd36035a0c9c35c3c25e802848e221a20324cea3,2020-08,Durham Constabulary,Durham Constabulary,-1.793649,54.579361,On or near Winston Road,E01020867,County Durham 064H,Violence and sexual offences,Court result unavailable,
e84a02e103144afddb6aac734722f19d2514320762025a2e4dee858e5eb68c61,2020-08,Durham Constabulary,Durham Constabulary,-2.016286,54.610368,On or near B6282,E01020857,County Durham 065A,Burglary,Investigation complete; no suspect identified,
9ae382df2ac02c34080bbe35971cd4808518ba37fd6e712686c90cbd22ad3d39,2020-08,Durham Constabulary,Durham Constabulary,-2.009677,54.620075,On or near B6278,E01020857,County Durham 065A,Burglary,Investigation complete; no suspect identified,
c5b15667831197f3cb25b6d73e01dba52750ad35b20b3a68610c2cd436647d86,2020-08,Durham Constabulary,Durham Constabulary,-2.016286,54.610368,On or near B6282,E01020857,County Durham 065A,Vehicle crime,Investigation complete; no suspect identified,
,2020-08,Durham Constabulary,Durham Constabulary,-1.904207,54.531581,On or near Abbey Lane,E01020863,County Durham 065B,Anti-social behaviour,,
adef95e8ccd8124f4c8b72021bd6786175651cab809a47d45b2757239a98ba7d,2020-08,Durham Constabulary,Durham Constabulary,-1.997758,54.518507,On or near Pedestrian Subway,E01020863,County Durham 065B,Burglary,Investigation complete; no suspect identified,
1c915f4ff708547ea7f714aa4f6864a0ceb5af802cb692beee9b5abdcfde8224,2020-08,Durham Constabulary,Durham Constabulary,-1.970640,54.528362,On or near A67,E01020863,County Durham 065B,Burglary,Investigation complete; no suspect identified,
e871d30d1d3c85571025adbf8dc64fad973cadf439f51e6f8f59626daad3be03,2020-08,Durham Constabulary,Durham Constabulary,-1.816425,54.499288,On or near Lanehead Lane,E01020863,County Durham 065B,Criminal damage and arson,Investigation complete; no suspect identified,
da11bf3fd8b2b8f394fe20c76e97a2a95bdbdaebceafa76a00aa28054df91273,2020-08,Durham Constabulary,Durham Constabulary,-1.800044,54.524273,On or near Girlington Bank,E01020863,County Durham 065B,Criminal damage and arson,Investigation complete; no suspect identified,
ca6f228471c49fe3d9fc5a07c0c2761d6c94279ab2675b2a914550052af80478,2020-08,Durham Constabulary,Durham Constabulary,-1.970640,54.528362,On or near A67,E01020863,County Durham 065B,Criminal damage and arson,Investigation complete; no suspect identified,
138e45fc04118c6e80c8101dd111d7c33bbf845d3b5d9788bcc129e297a15554,2020-08,Durham Constabulary,Durham Constabulary,-2.063123,54.512352,On or near Parking Area,E01020863,County Durham 065B,Vehicle crime,Investigation complete; no suspect identified,
40a0848c82c46b5ea6870191627708f261177482ffcca6e44e6fac765eb74362,2020-08,Durham Constabulary,Durham Constabulary,-1.965086,54.518573,On or near Parking Area,E01020863,County Durham 065B,Violence and sexual offences,Unable to prosecute suspect,
,2020-08,Durham Constabulary,Durham Constabulary,-2.081852,54.624559,On or near Shaw Crescent,E01020865,County Durham 065C,Anti-social behaviour,,
,2020-08,Durham Constabulary,Durham Constabulary,-2.008959,54.593591,On or near Sennings Lane,E01020865,County Durham 065C,Anti-social behaviour,,
,2020-08,Durham Constabulary,Durham Constabulary,-2.081432,54.623400,On or near Hill Terrace,E01020865,County Durham 065C,Anti-social behaviour,,
7ef35271e9f3b63f601a56967403b37363a2ed679b00bb466e71dafdfa2a4434,2020-08,Durham Constabulary,Durham Constabulary,-2.058258,54.609349,On or near Jubilee Terrace,E01020865,County Durham 065C,Burglary,Investigation complete; no suspect identified,
db706affb69c92c4e89f31cf8a4be091662fad16e7d6810ce3cf122ed2abd486,2020-08,Durham Constabulary,Durham Constabulary,-2.072872,54.599887,On or near West Pasture Road,E01020865,County Durham 065C,Criminal damage and arson,Investigation complete; no suspect identified,
69b0df7a3f9fc8aae7f85eae21edbffd04143a56f5f2672e5398c00b6d7f3dda,2020-08,Durham Constabulary,Durham Constabulary,-2.080189,54.621271,On or near Newtown,E01020865,County Durham 065C,Violence and sexual offences,Unable to prosecute suspect,
,2020-08,Durham Constabulary,Durham Constabulary,-2.082848,54.626706,On or near Town Head,E01020866,County Durham 065D,Anti-social behaviour,,
,2020-08,Durham Constabulary,Durham Constabulary,-2.083898,54.625384,On or near Conference/Exhibition Centre,E01020866,County Durham 065D,Anti-social behaviour,,
9a6dd111373ffeeb84ce70675f2ba7ef35327ac70429bb5d310751934a8d327a,2020-08,Durham Constabulary,Durham Constabulary,-2.135055,54.643563,On or near B6277,E01020866,County Durham 065D,Violence and sexual offences,Unable to prosecute suspect,
,2020-08,Durham Constabulary,Durham Constabulary,-1.923565,54.542172,On or near A67,E01020852,County Durham 066A,Anti-social behaviour,,
,2020-08,Durham Constabulary,Durham Constabulary,-1.922124,54.543869,On or near Ware Street,E01020852,County Durham 066A,Anti-social behaviour,,
31ad2b8c1b70094371190b6c1f374538aa39bedacf507b8c1f1c86f44f42a657,2020-08,Durham Constabulary,Durham Constabulary,-1.921508,54.542683,On or near Tannery Yard,E01020852,County Durham 066A,Burglary,Investigation complete; no suspect identified,
73d47d96f56f345bd9a93b5248fab291fea4c26907a5b0cd82bb5cb0db68449a,2020-08,Durham Constabulary,Durham Constabulary,-1.922077,54.544103,On or near Pearson Terrace,E01020852,County Durham 066A,Public order,Investigation complete; no suspect identified,
6f3a50a7956e0ea128ace684878f07b428a53def88a0a095dc3cb332f0ea64f9,2020-08,Durham Constabulary,Durham Constabulary,-1.923824,54.543772,On or near Horse Market,E01020852,County Durham 066A,Public order,Unable to prosecute suspect,
e9c9bbc78362c9c58c2b6ed3c10e830660c295e8e5afc6843d4251b5a05f7ae5,2020-08,Durham Constabulary,Durham Constabulary,-1.924272,54.544069,On or near Horse Market,E01020852,County Durham 066A,Public order,Unable to prosecute suspect,
2d2d4f6787cf8a7269efd577be50fa3bea4efb1e71b6b9fedc3611c4e2168df7,2020-08,Durham Constabulary,Durham Constabulary,-1.923762,54.544131,On or near Supermarket,E01020852,County Durham 066A,Shoplifting,Investigation complete; no suspect identified,
e2bec535e8882a82f02990b4d543bd36837060efcc71ccf51d5145f53fe5b3d2,2020-08,Durham Constabulary,Durham Constabulary,-1.920480,54.546573,On or near Galgate,E01020852,County Durham 066A,Violence and sexual offences,Unable to prosecute suspect,
3ffd5c2e0a27d23a82da4a5ea26bd90b3757f4d093e025730fbaf72b08cc6d3c,2020-08,Durham Constabulary,Durham Constabulary,-1.922077,54.544103,On or near Pearson Terrace,E01020852,County Durham 066A,Violence and sexual offences,Unable to prosecute suspect,
970eb28c90ead65f603302f3ca4b2fe130f6d31f913000e5389669c7637ca6ad,2020-08,Durham Constabulary,Durham Constabulary,-1.924272,54.544069,On or near Horse Market,E01020852,County Durham 066A,Violence and sexual offences,Unable to prosecute suspect,
738982fbbe5c79226136baa9c008fcb2d261a9363f5271a25027e02f77465c26,2020-08,Durham Constabulary,Durham Constabulary,-1.922601,54.544679,On or near Parking Area,E01020852,County Durham 066A,Violence and sexual offences,Unable to prosecute suspect,
,2020-08,Durham Constabulary,Durham Constabulary,-1.915174,54.548421,On or near Bede Road,E01020853,County Durham 066B,Anti-social behaviour,,
e37c7a07c07430014c7186ac502c875a2d2f754069c3c05cad79f6137b4bc1d1,2020-08,Durham Constabulary,Durham Constabulary,-1.918269,54.546680,On or near John Street,E01020853,County Durham 066B,Violence and sexual offences,Unable to prosecute suspect,
43f4a66904ca89fce412f475d0bba5aea655c968bdb04a293b46da60a32159bd,2020-08,Durham Constabulary,Durham Constabulary,-1.917638,54.553177,On or near Harmire Road,E01020853,County Durham 066B,Violence and sexual offences,Unable to prosecute suspect,
,2020-08,Durham Constabulary,Durham Constabulary,-1.924682,54.539495,On or near Thorngate Place,E01020854,County Durham 066C,Anti-social behaviour,,
,2020-08,Durham Constabulary,Durham Constabulary,-1.924682,54.539495,On or near Thorngate Place,E01020854,County Durham 066C,Anti-social behaviour,,
,2020-08,Durham Constabulary,Durham Constabulary,-1.923821,54.545542,On or near Supermarket,E01020854,County Durham 066C,Anti-social behaviour,,
,2020-08,Durham Constabulary,Durham Constabulary,-1.924643,54.544150,On or near Shopping Area,E01020854,County Durham 066C,Anti-social behaviour,,
,2020-08,Durham Constabulary,Durham Constabulary,-1.923908,54.540204,On or near Gray Lane,E01020854,County Durham 066C,Anti-social behaviour,,
,2020-08,Durham Constabulary,Durham Constabulary,-1.924682,54.539495,On or near Thorngate Place,E01020854,County Durham 066C,Anti-social behaviour,,
,2020-08,Durham Constabulary,Durham Constabulary,-1.922815,54.537813,On or near The Lendings,E01020854,County Durham 066C,Anti-social behaviour,,
,2020-08,Durham Constabulary,Durham Constabulary,-1.924682,54.539495,On or near Thorngate Place,E01020854,County Durham 066C,Anti-social behaviour,,
294465986e88379873c9eeb028cd7aadc04c29a22ddd49a207f69f1fa1576ae3,2020-08,Durham Constabulary,Durham Constabulary,-1.923842,54.542810,On or near Market Place,E01020854,County Durham 066C,Drugs,Offender given a drugs possession warning,
929d8f031d981d30eecb8148d89e0a310faf2ffe42eb545418595d52bd865f47,2020-08,Durham Constabulary,Durham Constabulary,-1.929162,54.540971,On or near Teesdale Road,E01020854,County Durham 066C,Public order,Investigation complete; no suspect identified,
90b456c08cb4f813998910370cf3e20cdd01ef5176a5f01ef8a2a5b702878d6c,2020-08,Durham Constabulary,Durham Constabulary,-1.936700,54.544022,On or near Prison,E01020854,County Durham 066C,Public order,Unable to prosecute suspect,
3013547c8933ff1a92adf8a9d604637090e60a2d50b0c4f7fb59640bbea60cb2,2020-08,Durham Constabulary,Durham Constabulary,-1.923821,54.545542,On or near Supermarket,E01020854,County Durham 066C,Public order,Local resolution,
ba7d34d58bbfe81e657d057e40309f9402e67bf8835aa6d5658cfa5a2a8ae45d,2020-08,Durham Constabulary,Durham Constabulary,-1.918204,54.540668,On or near Parsons Lonnen,E01020854,County Durham 066C,Public order,Investigation complete; no suspect identified,
ef4cdd016734b37263cb92e219077f7ae8548c1fbf732a6d18ce3bac93ae1f5e,2020-08,Durham Constabulary,Durham Constabulary,-1.923842,54.542810,On or near Market Place,E01020854,County Durham 066C,Shoplifting,Investigation complete; no suspect identified,
45131a05146152a65d9d7f5c6688f5a749ee5fe838134a869ca8f41f5f84eb1e,2020-08,Durham Constabulary,Durham Constabulary,-1.932810,54.540991,On or near Corn Close,E01020854,County Durham 066C,Violence and sexual offences,Unable to prosecute suspect,
6f30330d3885ce5e0a2298358cea5bf1b29995bb04b2ce5f819b150cec987387,2020-08,Durham Constabulary,Durham Constabulary,-1.918204,54.540668,On or near Parsons Lonnen,E01020854,County Durham 066C,Violence and sexual offences,Unable to prosecute suspect,
864d40e9bde181c308750c295fdeb9a07d407f57e2568b275fab924134af206a,2020-08,Durham Constabulary,Durham Constabulary,-1.936700,54.544022,On or near Prison,E01020854,County Durham 066C,Violence and sexual offences,Court result unavailable,
fe1fdc4ebcbb7dfcfed328f5fd2aa2fdd5c5cf6e17fa407e19fb0cf57d2a66ee,2020-08,Durham Constabulary,Durham Constabulary,-1.925994,54.540376,On or near Thorngate Wynd,E01020854,County Durham 066C,Violence and sexual offences,Action to be taken by another organisation,
1ee8375a1c5819ae8a185a7365c1b10fe6fad9c516b1b4ef5ec836f563be3bbf,2020-08,Durham Constabulary,Durham Constabulary,-1.936700,54.544022,On or near Prison,E01020854,County Durham 066C,Violence and sexual offences,Unable to prosecute suspect,
0de34cb39c7337446336b3c85481263c51f63932e8e7efd82784486a0947df55,2020-08,Durham Constabulary,Durham Constabulary,-1.925161,54.539962,On or near Thorngate,E01020854,County Durham 066C,Violence and sexual offences,Unable to prosecute suspect,
422b6984d2035e3f0f80a4c74f2360a1b34f11024b83cfe1e9138fd2b15e9c98,2020-08,Durham Constabulary,Durham Constabulary,-1.936700,54.544022,On or near Prison,E01020854,County Durham 066C,Violence and sexual offences,Investigation complete; no suspect identified,
49688b0e253cd26c6310629481b556532d604a7bde234580fcc60f04cf4311f6,2020-08,Durham Constabulary,Durham Constabulary,-1.936700,54.544022,On or near Prison,E01020854,County Durham 066C,Violence and sexual offences,Unable to prosecute suspect,
c2ecd68af98c91f2b197b72707b8b4de0bb84f6058eafaaa4e8ed29a26591058,2020-08,Durham Constabulary,Durham Constabulary,-1.918204,54.540668,On or near Parsons Lonnen,E01020854,County Durham 066C,Violence and sexual offences,Unable to prosecute suspect,
12a77feeed707a04b98e1b5cef6f5efceb4bb20eaf0ec356d72c38e9d2b73f71,2020-08,Durham Constabulary,Durham Constabulary,-1.924580,54.544914,On or near Flatts Road,E01020854,County Durham 066C,Violence and sexual offences,Unable to prosecute suspect,
,2020-08,Durham Constabulary,Durham Constabulary,-1.615914,54.523955,On or near Merrybent Drive,E01012334,Darlington 001B,Anti-social behaviour,,
,2020-08,Durham Constabulary,Durham Constabulary,-1.627577,54.568279,On or near Back Lane,E01012334,Darlington 001B,Anti-social behaviour,,
83b8a22283e3fcd5e5a92088ba57053fd3251b615d73b1febb2ca4220a6a752c,2020-08,Durham Constabulary,Durham Constabulary,-1.689082,54.567005,On or near Old Post,E01012334,Darlington 001B,Burglary,Court result unavailable,
bbf6cc9506484f95f2f5b3648abc3b213262c458979c6d3052d91d3594fac5d5,2020-08,Durham Constabulary,Durham Constabulary,-1.653863,54.592927,On or near Houghton Bank Lane,E01012334,Darlington 001B,Burglary,Investigation complete; no suspect identified,
2a7240ed61893d8d9b4d33b89405597bd557ece06fe6214ccf12e4fd292a7689,2020-08,Durham Constabulary,Durham Constabulary,-1.641341,54.589655,On or near A68,E01012334,Darlington 001B,Criminal damage and arson,Investigation complete; no suspect identified,
0eb917c58efe1a436083254c267084509edc6ab1a8f1d2f98bfa0b02baa7bfa0,2020-08,Durham Constabulary,Durham Constabulary,-1.648919,54.532458,On or near Mill Lane,E01012334,Darlington 001B,Criminal damage and arson,Investigation complete; no suspect identified,
eeaed9248f57c0b65b7ab7ccb963eefba407b5f409cb3d3cd31115b4f2bc2008,2020-08,Durham Constabulary,Durham Constabulary,-1.641341,54.589655,On or near A68,E01012334,Darlington 001B,Criminal damage and arson,Investigation complete; no suspect identified,
63eea245dfa658578f646c4a6d7b2a98fef5812d9876c74baa23f500919e0172,2020-08,Durham Constabulary,Durham Constabulary,-1.630607,54.604406,On or near High Road,E01012334,Darlington 001B,Criminal damage and arson,Court result unavailable,
f163ee2c9f2c2e62f33dcdfeed671bd5b0775e373e263b741534d99a80462893,2020-08,Durham Constabulary,Durham Constabulary,-1.655871,54.534572,On or near Lawson'S Court,E01012334,Darlington 001B,Violence and sexual offences,Unable to prosecute suspect,
89a91dcf050ae31cb1fad50a95caef4034dcf294c68038a5fd91f07832b5d9df,2020-08,Durham Constabulary,Durham Constabulary,-1.616673,54.523768,On or near Nursery Lane,E01012334,Darlington 001B,Violence and sexual offences,Unable to prosecute suspect,
399bec863a6cb3527c91a686517a80155ab4223eab851789bf04caf7a207d89d,2020-08,Durham Constabulary,Durham Constabulary,-1.617310,54.520068,On or near Back Lane,E01012334,Darlington 001B,Violence and sexual offences,Unable to prosecute suspect,
454be6ec06d260ef963078115ff8b52f9ee405f5c34f989f151ee69d435e2060,2020-08,Durham Constabulary,Durham Constabulary,-1.689082,54.567005,On or near Old Post,E01012334,Darlington 001B,Violence and sexual offences,Unable to prosecute suspect,
4a479883fe73e9b38e45faf888a25babc6925aa66743f3c453a9f2ae9c4fb325,2020-08,Durham Constabulary,Durham Constabulary,-1.630607,54.604406,On or near High Road,E01012334,Darlington 001B,Violence and sexual offences,Court result unavailable,
6f1b0dcf9a411cb3853ce2c19c13f2fa545dd1ab17aba0c8fcacf6582fa554ff,2020-08,Durham Constabulary,Durham Constabulary,-1.617310,54.520068,On or near Back Lane,E01012334,Darlington 001B,Violence and sexual offences,Unable to prosecute suspect,
,2020-08,Durham Constabulary,Durham Constabulary,-1.619442,54.596445,On or near Hopelands Court,E01012335,Darlington 001C,Anti-social behaviour,,
366009576c52591e13987649b16289babd85e1fabbe575ad0ade49d3dd7bd7c3,2020-08,Durham Constabulary,Durham Constabulary,-1.624338,54.594205,On or near Westwood Avenue,E01012335,Darlington 001C,Criminal damage and arson,Unable to prosecute suspect,
4485d420fe5a55e1de4196843d11493015f8f577c0675493b22a5915249400f3,2020-08,Durham Constabulary,Durham Constabulary,-1.618207,54.596127,On or near The Courtine,E01012335,Darlington 001C,Other theft,Unable to prosecute suspect,
40def476d0d741946c5162f23576e417c0a7c7c1a147a9c0b7afee51e39c2c27,2020-08,Durham Constabulary,Durham Constabulary,-1.615668,54.594546,On or near Vicarage Court,E01012335,Darlington 001C,Public order,Unable to prosecute suspect,
7fca1b8fdb789a73613bc3dbba71c7e6f2ef9c7109255f0e97d3805054c386f1,2020-08,Durham Constabulary,Durham Constabulary,-1.619442,54.596445,On or near Hopelands Court,E01012335,Darlington 001C,Violence and sexual offences,Unable to prosecute suspect,
2b371a860f11731c918931ece0c34bbeb252e333a3b2ed6c12ee0d6e4494094c,2020-08,Durham Constabulary,Durham Constabulary,-1.620262,54.594830,On or near Twinsburn Close,E01012335,Darlington 001C,Other crime,Investigation complete; no suspect identified,
,2020-08,Durham Constabulary,Durham Constabulary,-1.550297,54.581667,On or near Brafferton Lane,E01012366,Darlington 001D,Anti-social behaviour,,
,2020-08,Durham Constabulary,Durham Constabulary,-1.475345,54.544816,On or near Beacon Grange Park,E01012366,Darlington 001D,Anti-social behaviour,,
,2020-08,Durham Constabulary,Durham Constabulary,-1.496748,54.532747,On or near A66,E01012366,Darlington 001D,Anti-social behaviour,,
,2020-08,Durham Constabulary,Durham Constabulary,-1.440376,54.585712,On or near The Green,E01012366,Darlington 001D,Anti-social behaviour,,
,2020-08,Durham Constabulary,Durham Constabulary,-1.501408,54.520607,On or near Conference/Exhibition Centre,E01012366,Darlington 001D,Anti-social behaviour,,
d1e84f398e8d0073699c16941b6388eb541b93a83c18df5041ef9cadaf9418d9,2020-08,Durham Constabulary,Durham Constabulary,-1.503338,54.516877,On or near Pioneer Court,E01012366,Darlington 001D,Criminal damage and arson,Investigation complete; no suspect identified,
810b989a2bb661d0e1fd4607ba8ff7703d9e01c455fd031d4af7a29fee3f5433,2020-08,Durham Constabulary,Durham Constabulary,-1.608858,54.570376,On or near Parking Area,E01012366,Darlington 001D,Criminal damage and arson,Offender given a caution,
a3824aeb162b3e1d6076b099625230d44e4d0dc98ebdf2679f3b2130d59e7aa3,2020-08,Durham Constabulary,Durham Constabulary,-1.534279,54.571272,On or near Ketton Lane,E01012366,Darlington 001D,Criminal damage and arson,Investigation complete; no suspect identified,
15593cc4ba3f67da7249a2fce3ee7c940e30bfbc796ee90aa61578c31bdda31f,2020-08,Durham Constabulary,Durham Constabulary,-1.608858,54.570376,On or near Parking Area,E01012366,Darlington 001D,Drugs,Offender given a drugs possession warning,
cb5eca6731dd9e6cbb680bda986293008a14b66164d4af0e31cd4bab05c2ddd0,2020-08,Durham Constabulary,Durham Constabulary,-1.501408,54.520607,On or near Conference/Exhibition Centre,E01012366,Darlington 001D,Other theft,Investigation complete; no suspect identified,
6563ed69ac36bb1821f54df1764925c72f02f160e8140662f896ff79658cf2e7,2020-08,Durham Constabulary,Durham Constabulary,-1.558133,54.580986,On or near A167,E01012366,Darlington 001D,Other theft,Investigation complete; no suspect identified,
a820a9077d51ff6187e8a7d18bf2bba2c8e088474953ea590e58c4f21b16616f,2020-08,Durham Constabulary,Durham Constabulary,-1.558133,54.580986,On or near A167,E01012366,Darlington 001D,Other theft,Investigation complete; no suspect identified,
3939d01f18b65cca1ab607a9723e855b2f36593fabc99e2695b92bac7317290e,2020-08,Durham Constabulary,Durham Constabulary,-1.501408,54.520607,On or near Conference/Exhibition Centre,E01012366,Darlington 001D,Other theft,Unable to prosecute suspect,
635f58a42ba2e6a772709eb9a93dc191379dfcd7042510dfaa94ffb977f200fd,2020-08,Durham Constabulary,Durham Constabulary,-1.503338,54.516877,On or near Pioneer Court,E01012366,Darlington 001D,Other theft,Investigation complete; no suspect identified,
06a5c1da7e3d8b570f303a0529bc175757aa3e72b725487e70258945bf0f500f,2020-08,Durham Constabulary,Durham Constabulary,-1.501408,54.520607,On or near Conference/Exhibition Centre,E01012366,Darlington 001D,Other theft,Court result unavailable,
27ab7036e2107dc315d0a4605d6686981e54ca44d633990a6544bc31006972c8,2020-08,Durham Constabulary,Durham Constabulary,-1.435629,54.584342,On or near High Street,E01012366,Darlington 001D,Public order,Unable to prosecute suspect,
53668754b44dbb14dc7e57c949f93672ded793dc25f475e01aed7808638d0a50,2020-08,Durham Constabulary,Durham Constabulary,-1.501408,54.520607,On or near Conference/Exhibition Centre,E01012366,Darlington 001D,Public order,Court result unavailable,
926ee459d5f8fc6c87b181c330992853bb75214322e001628185fe8bea9c69c1,2020-08,Durham Constabulary,Durham Constabulary,-1.501408,54.520607,On or near Conference/Exhibition Centre,E01012366,Darlington 001D,Shoplifting,Court result unavailable,
f6e55df654ef250cbc17fbb6e0cb3d1389707e87bd0fa462d37f06f5f38f48d5,2020-08,Durham Constabulary,Durham Constabulary,-1.501408,54.520607,On or near Conference/Exhibition Centre,E01012366,Darlington 001D,Shoplifting,Investigation complete; no suspect identified,
e094edd52f71dd40bb3b849e0cd5b72862792a358f40827c2b1e3c2543150d27,2020-08,Durham Constabulary,Durham Constabulary,-1.501408,54.520607,On or near Conference/Exhibition Centre,E01012366,Darlington 001D,Shoplifting,Investigation complete; no suspect identified,
c5951bde4f5781f96f35dbe7a5c00fc2dfdbec6894f41ea6ad37f71b3aaf8007,2020-08,Durham Constabulary,Durham Constabulary,-1.501408,54.520607,On or near Conference/Exhibition Centre,E01012366,Darlington 001D,Shoplifting,Court result unavailable,
92bf12105c8d60d8c4623f1900de6fd8ca14bb59ca5deb2cb790be36bbf3cb2d,2020-08,Durham Constabulary,Durham Constabulary,-1.503338,54.516877,On or near Pioneer Court,E01012366,Darlington 001D,Shoplifting,Investigation complete; no suspect identified,
ac17e0210e3b5b105ee0ab2070d27ba89663990bc9f6e38047cb508fc349cdc2,2020-08,Durham Constabulary,Durham Constabulary,-1.550297,54.581667,On or near Brafferton Lane,E01012366,Darlington 001D,Vehicle crime,Formal action is not in the public interest,
a644288a54baea8d46d32a473079ea66402a24dfef279aa81ad2add7b8e7ce51,2020-08,Durham Constabulary,Durham Constabulary,-1.501408,54.520607,On or near Conference/Exhibition Centre,E01012366,Darlington 001D,Vehicle crime,Investigation complete; no suspect identified,
9bf4be02464e0a130003b50a0e9b459c86a177b12f84dca40c12ad008ba06c44,2020-08,Durham Constabulary,Durham Constabulary,-1.473317,54.547458,On or near Goodwood Close,E01012366,Darlington 001D,Violence and sexual offences,Unable to prosecute suspect,
3eafe38aebfaf60547b1a5c84f7941d6f1e2c45f220ff91ad477c11f9d1caedd,2020-08,Durham Constabulary,Durham Constabulary,-1.511840,54.542353,On or near Stockton Road,E01012366,Darlington 001D,Violence and sexual offences,Unable to prosecute suspect,
63ba44c8212660c555505a5bc035a2e45db47f11d2cb4466fa6f9d12656b3545,2020-08,Durham Constabulary,Durham Constabulary,-1.435629,54.584342,On or near High Street,E01012366,Darlington 001D,Violence and sexual offences,Unable to prosecute suspect,
06042b92aad659b49243819360014e0ac85104d85d527a588f0c422e92ca088d,2020-08,Durham Constabulary,Durham Constabulary,-1.507943,54.542517,On or near Sports/Recreation Area,E01012366,Darlington 001D,Violence and sexual offences,Unable to prosecute suspect,
5f695731466909bdc8d8aa243c3970488aa4a3fd9a5bef509403dbe35bd8dea3,2020-08,Durham Constabulary,Durham Constabulary,-1.513409,54.554627,On or near Barmpton Lane,E01012366,Darlington 001D,Violence and sexual offences,Unable to prosecute suspect,
d69dc9016771c7932b4749a96ff888d0b3d6027c621c04faaf8d86233da8e375,2020-08,Durham Constabulary,Durham Constabulary,-1.511088,54.541865,On or near Riverside Drive,E01012366,Darlington 001D,Violence and sexual offences,Unable to prosecute suspect,
,2020-08,Durham Constabulary,Durham Constabulary,-1.590667,54.544218,On or near Teeswater Drive,E01033481,Darlington 001E,Anti-social behaviour,,
,2020-08,Durham Constabulary,Durham Constabulary,-1.590949,54.546960,On or near Shorthorn Lane,E01033481,Darlington 001E,Anti-social behaviour,,
,2020-08,Durham Constabulary,Durham Constabulary,-1.587107,54.549248,On or near A68,E01033481,Darlington 001E,Anti-social behaviour,,
,2020-08,Durham Constabulary,Durham Constabulary,-1.591698,54.544671,On or near Colpitts Lane,E01033481,Darlington 001E,Anti-social behaviour,,
,2020-08,Durham Constabulary,Durham Constabulary,-1.586020,54.549738,On or near Amberley Grove,E01033481,Darlington 001E,Anti-social behaviour,,
ca312b6b31c5d8ba169cf753e55aad8f664096d27e73d8c230b4cbc80c060570,2020-08,Durham Constabulary,Durham Constabulary,-1.590667,54.544218,On or near Teeswater Drive,E01033481,Darlington 001E,Criminal damage and arson,Unable to prosecute suspect,
a649a28302ee70c63b2b81cf7de945a2e010ff6b9d42267d70ae769066e2117b,2020-08,Durham Constabulary,Durham Constabulary,-1.590667,54.544218,On or near Teeswater Drive,E01033481,Darlington 001E,Criminal damage and arson,Unable to prosecute suspect,
3c681474a7c5400351f365f1f2d4289e653fd36c80165b6ed7f757c310980647,2020-08,Durham Constabulary,Durham Constabulary,-1.590667,54.544218,On or near Teeswater Drive,E01033481,Darlington 001E,Drugs,Further investigation is not in the public interest,
8ebb7462c0da2841afdb6a3b8cc79bcfeb2506f103674e595e30b44ac4696737,2020-08,Durham Constabulary,Durham Constabulary,-1.582210,54.545897,On or near Westkirk Close,E01033481,Darlington 001E,Other theft,Unable to prosecute suspect,
84dad48b7431f80fc09cc65c7366b3632fd2e50932f3339e5d50fbc634e96ef9,2020-08,Durham Constabulary,Durham Constabulary,-1.583111,54.542413,On or near Timothy Hackworth Drive,E01033481,Darlington 001E,Other theft,Offender given a caution,
52db192e89691a4a9b71698e28b6a4d8827200637e575d04b5bd2b6836b8aa1e,2020-08,Durham Constabulary,Durham Constabulary,-1.587107,54.549248,On or near A68,E01033481,Darlington 001E,Other theft,Investigation complete; no suspect identified,
5194ef61b9063f69fccd5aa33008462c6c48eb4b69f829b5c6c5cc47cae45765,2020-08,Durham Constabulary,Durham Constabulary,-1.586020,54.549738,On or near Amberley Grove,E01033481,Darlington 001E,Public order,Unable to prosecute suspect,
34feefa6cf727d85860ed3f455d43e5df66d9df299fef5e6f9a485745fbc56d1,2020-08,Durham Constabulary,Durham Constabulary,-1.591279,54.547905,On or near Steam Plough Place,E01033481,Darlington 001E,Public order,Unable to prosecute suspect,
2ad52f76e85d679832939e7bcffbb4a44026dfe03e2e6ee0d973d14fbfa95942,2020-08,Durham Constabulary,Durham Constabulary,-1.591279,54.547905,On or near Steam Plough Place,E01033481,Darlington 001E,Public order,Unable to prosecute suspect,
7252c1c12f267d9e347cbeba00fffdb5810dcaac4815b2919d0316cf4a4b430d,2020-08,Durham Constabulary,Durham Constabulary,-1.586943,54.547144,On or near Supermarket,E01033481,Darlington 001E,Public order,Unable to prosecute suspect,
5e732b527b5130e65c55aaa329ae40927c7cc71877056e4d28e4bf6e57e359db,2020-08,Durham Constabulary,Durham Constabulary,-1.587107,54.549248,On or near A68,E01033481,Darlington 001E,Shoplifting,Investigation complete; no suspect identified,
0173ff1e350d0f868bec92d210aefdbd6339a9c0a978e904f0e9ae16e8071113,2020-08,Durham Constabulary,Durham Constabulary,-1.587107,54.549248,On or near A68,E01033481,Darlington 001E,Shoplifting,Court result unavailable,
5fd33d4d8af385947be543f481978cf1eba2ddcb8c7fc6b1aff3bbc47903c602,2020-08,Durham Constabulary,Durham Constabulary,-1.586943,54.547144,On or near Supermarket,E01033481,Darlington 001E,Shoplifting,Investigation complete; no suspect identified,
42aa113980eb1e7c52d2589558beaf777fe250617d76b0ebc10bf8941eca2e78,2020-08,Durham Constabulary,Durham Constabulary,-1.586860,54.547692,On or near John Fowler Way,E01033481,Darlington 001E,Shoplifting,Investigation complete; no suspect identified,
9a49435489916ec897d00c32b7f4557123a07cc5f14be42c30085e1c4ebb79db,2020-08,Durham Constabulary,Durham Constabulary,-1.586943,54.547144,On or near Supermarket,E01033481,Darlington 001E,Shoplifting,Investigation complete; no suspect identified,
d9a2c11de3c8f57faeebbc0e0fd1b45c51e0bc27ab71e236e9fdc719cddc6844,2020-08,Durham Constabulary,Durham Constabulary,-1.586860,54.547692,On or near John Fowler Way,E01033481,Darlington 001E,Shoplifting,Investigation complete; no suspect identified,
839d24817c238660fe9ddfc1644321b69eedb5ff290f7147e986f7708ca6c74d,2020-08,Durham Constabulary,Durham Constabulary,-1.587107,54.549248,On or near A68,E01033481,Darlington 001E,Shoplifting,Unable to prosecute suspect,
4afcbd6732976b7f4d458b7dd91f885526644a90ded31bd17385a0a0671958cb,2020-08,Durham Constabulary,Durham Constabulary,-1.586860,54.547692,On or near John Fowler Way,E01033481,Darlington 001E,Shoplifting,Unable to prosecute suspect,
5c2efbdf24ce75656d2b949c76ea1dffe89a4c10e0efeceb9702425a82db00ae,2020-08,Durham Constabulary,Durham Constabulary,-1.585107,54.546824,On or near Parking Area,E01033481,Darlington 001E,Vehicle crime,Investigation complete; no suspect identified,
c66f9bb0565490d8bc0b9195ca62b6bed484288fdeaba17a0c8aca278993d334,2020-08,Durham Constabulary,Durham Constabulary,-1.590949,54.546960,On or near Shorthorn Lane,E01033481,Darlington 001E,Violence and sexual offences,Unable to prosecute suspect,
43de032b854e627acc487c40901b7788c293b607a03630d68bee85027d146ab9,2020-08,Durham Constabulary,Durham Constabulary,-1.581921,54.545456,On or near Westerdale Court,E01033481,Darlington 001E,Violence and sexual offences,Unable to prosecute suspect,
619727dc01fd2c25317bb5ca9c60bcf4ebbdefa23bd2f15a9ef8f61ffa731f5b,2020-08,Durham Constabulary,Durham Constabulary,-1.590949,54.546960,On or near Shorthorn Lane,E01033481,Darlington 001E,Violence and sexual offences,Unable to prosecute suspect,
43227fabed817660ce4c2754cd03047270c00aaae01da8ffd6d5897d004b84ea,2020-08,Durham Constabulary,Durham Constabulary,-1.581921,54.545456,On or near Westerdale Court,E01033481,Darlington 001E,Violence and sexual offences,Unable to prosecute suspect,
1bae41a276b658275fb4e2b17e69ae9d92229020101c0b9ef490198c08400ba4,2020-08,Durham Constabulary,Durham Constabulary,-1.590667,54.544218,On or near Teeswater Drive,E01033481,Darlington 001E,Violence and sexual offences,Unable to prosecute suspect,
095ca7bc4bd07f2167635201fafe05279b2f168396382af33463aa39c451d1c6,2020-08,Durham Constabulary,Durham Constabulary,-1.582210,54.545897,On or near Westkirk Close,E01033481,Darlington 001E,Violence and sexual offences,Unable to prosecute suspect,
a7a125f93c4c3ec205835aae69ab6f680a817e8bc8e862ac605fd2651aff6d4d,2020-08,Durham Constabulary,Durham Constabulary,-1.586020,54.549738,On or near Amberley Grove,E01033481,Darlington 001E,Violence and sexual offences,Unable to prosecute suspect,
18bd337a65b3a07df13c7b615eb56f5b47d63eeaba589fecd402f3c42fa7ea25,2020-08,Durham Constabulary,Durham Constabulary,-1.586020,54.549738,On or near Amberley Grove,E01033481,Darlington 001E,Violence and sexual offences,Unable to prosecute suspect,
c39659fc69fa7c433371a8c1537b5aeadaa0916bb8758133b347e520863384a3,2020-08,Durham Constabulary,Durham Constabulary,-1.590667,54.544218,On or near Teeswater Drive,E01033481,Darlington 001E,Violence and sexual offences,Unable to prosecute suspect,
089d3f20408fbceee4f719184a06b31aa29e0f11136a5fa8d137404defb40d6a,2020-08,Durham Constabulary,Durham Constabulary,-1.591279,54.547905,On or near Steam Plough Place,E01033481,Darlington 001E,Violence and sexual offences,Unable to prosecute suspect,
bdc264f7fd47131833fe7bbf2509ab4f402cc5410cb05f7abde3c1e6693d3f03,2020-08,Durham Constabulary,Durham Constabulary,-1.590667,54.544218,On or near Teeswater Drive,E01033481,Darlington 001E,Violence and sexual offences,Unable to prosecute suspect,
d8434b8559648270ef2bd2d18137c4d9e8b384cebe4f2f01c72b13502041e47f,2020-08,Durham Constabulary,Durham Constabulary,-1.581921,54.545456,On or near Westerdale Court,E01033481,Darlington 001E,Violence and sexual offences,Unable to prosecute suspect,
3469e6d1b45a3a724dccaa8f10375eb13a34557f9a9c91f4d17c20ae1b0a56a0,2020-08,Durham Constabulary,Durham Constabulary,-1.586943,54.547144,On or near Supermarket,E01033481,Darlington 001E,Violence and sexual offences,Unable to prosecute suspect,
0f10176143943f95c979e4cebbe5e6708a1c805b5a3bfcabb2b64ec7a580800d,2020-08,Durham Constabulary,Durham Constabulary,-1.581921,54.545456,On or near Westerdale Court,E01033481,Darlington 001E,Violence and sexual offences,Unable to prosecute suspect,
c2069e83ec7f21aaa3a74a82f35e268acca13c5e2bcb9dc3881131d35ef61e17,2020-08,Durham Constabulary,Durham Constabulary,-1.590667,54.544218,On or near Teeswater Drive,E01033481,Darlington 001E,Violence and sexual offences,Further investigation is not in the public interest,
fc16f1174b6a93fa022bdc8ecb1a4dabb839c383abae2b7ad49f757470d31b81,2020-08,Durham Constabulary,Durham Constabulary,-1.587107,54.549248,On or near A68,E01033481,Darlington 001E,Other crime,Investigation complete; no suspect identified,
,2020-08,Durham Constabulary,Durham Constabulary,-1.578011,54.546871,On or near Tower Grange,E01033482,Darlington 001F,Anti-social behaviour,,
b3077c7da5e0c580dd8da54300d668cc0835abdef8c915f1283df71aaba9edf7,2020-08,Durham Constabulary,Durham Constabulary,-1.581060,54.543458,On or near Swinbridge,E01033482,Darlington 001F,Vehicle crime,Formal action is not in the public interest,
1eac9fea525b6896362579aad1d83bf23ce8da86c07e283e087b585841d06dc4,2020-08,Durham Constabulary,Durham Constabulary,-1.580872,54.542181,On or near Locomotion Lane,E01033482,Darlington 001F,Violence and sexual offences,Further investigation is not in the public interest,
,2020-08,Durham Constabulary,Durham Constabulary,-1.551007,54.548014,On or near Vaughan Street,E01012323,Darlington 002C,Anti-social behaviour,,
,2020-08,Durham Constabulary,Durham Constabulary,-1.552210,54.546922,On or near Crosby Street,E01012323,Darlington 002C,Anti-social behaviour,,
,2020-08,Durham Constabulary,Durham Constabulary,-1.551007,54.548014,On or near Vaughan Street,E01012323,Darlington 002C,Anti-social behaviour,,
d1439dd1cddb89b5d0a7d251a3d0dad5a7ac56aa7ce3d68ea455cf8f968eee42,2020-08,Durham Constabulary,Durham Constabulary,-1.553314,54.547726,On or near Longfield Road,E01012323,Darlington 002C,Burglary,Investigation complete; no suspect identified,
c1832a818895fa10d5c1f57998b83700c0594e8659c192a8da714b86c0465387,2020-08,Durham Constabulary,Durham Constabulary,-1.553314,54.547726,On or near Longfield Road,E01012323,Darlington 002C,Criminal damage and arson,Investigation complete; no suspect identified,
06c27fde90e730e560d88d9323ac868d119510a0ea82d901b2cc2fb982939ad9,2020-08,Durham Constabulary,Durham Constabulary,-1.552210,54.546922,On or near Crosby Street,E01012323,Darlington 002C,Public order,Unable to prosecute suspect,
ea24f651218acb2bd0494353f7b24d9df630d2ee68b6723d55559926bb2b2f65,2020-08,Durham Constabulary,Durham Constabulary,-1.551007,54.548014,On or near Vaughan Street,E01012323,Darlington 002C,Public order,Unable to prosecute suspect,
d7caf5af192eb8dd1bf3094c108c7a5481a5b583ab7d21005d82e5f15c56f84a,2020-08,Durham Constabulary,Durham Constabulary,-1.550533,54.547590,On or near Lowson Street,E01012323,Darlington 002C,Violence and sexual offences,Investigation complete; no suspect identified,
f11acc915ed925ddcf356adb5ed5abfe76b9d7e6554859bab15b12b44bfcb3df,2020-08,Durham Constabulary,Durham Constabulary,-1.550533,54.547590,On or near Lowson Street,E01012323,Darlington 002C,Violence and sexual offences,Investigation complete; no suspect identified,
f5be7d45e37ef462aaf17e4105cb71ec6eaae6df3b4cff0419a2106daa7b076f,2020-08,Durham Constabulary,Durham Constabulary,-1.548969,54.547773,On or near Bowman Street,E01012323,Darlington 002C,Violence and sexual offences,Further action is not in the public interest,
67b9d11fb46e3b4f550f62e40375a827cf05f519b778a128e3bcb636838b5778,2020-08,Durham Constabulary,Durham Constabulary,-1.550533,54.547590,On or near Lowson Street,E01012323,Darlington 002C,Violence and sexual offences,Local resolution,
af3205777e26069c45a43c0f74784e2610f7a36ca9166e3b6dae43a775ed8d88,2020-08,Durham Constabulary,Durham Constabulary,-1.552390,54.550176,On or near Hendren Close,E01012323,Darlington 002C,Violence and sexual offences,Unable to prosecute suspect,
ae41a55ce969961efa8becc2f6e785ac999e52cc6896ccd8f4d556d3c3fe26ed,2020-08,Durham Constabulary,Durham Constabulary,-1.550533,54.547590,On or near Lowson Street,E01012323,Darlington 002C,Other crime,Further investigation is not in the public interest,
,2020-08,Durham Constabulary,Durham Constabulary,-1.542219,54.547298,On or near Coatham Crescent,E01012324,Darlington 002D,Anti-social behaviour,,
,2020-08,Durham Constabulary,Durham Constabulary,-1.542219,54.547298,On or near Coatham Crescent,E01012324,Darlington 002D,Anti-social behaviour,,
,2020-08,Durham Constabulary,Durham Constabulary,-1.547637,54.548001,On or near Supermarket,E01012324,Darlington 002D,Anti-social behaviour,,
7351b8b290316c9d45dfdbfe983dc5a0e5f71ad50420371e8b018fb7e6be39d0,2020-08,Durham Constabulary,Durham Constabulary,-1.544681,54.546966,On or near The Gateway,E01012324,Darlington 002D,Criminal damage and arson,Investigation complete; no suspect identified,
677339605ea1e44fcd40ca5c5b87cd4324783df15689ae0bdf6e8b41669e8610,2020-08,Durham Constabulary,Durham Constabulary,-1.547637,54.548001,On or near Supermarket,E01012324,Darlington 002D,Criminal damage and arson,Investigation complete; no suspect identified,
c8085df9865b834b5e8d34406edcea1450000a85340e9b6d758870132d67156e,2020-08,Durham Constabulary,Durham Constabulary,-1.546801,54.549544,On or near North Road,E01012324,Darlington 002D,Criminal damage and arson,Investigation complete; no suspect identified,
c0a675353201d84741ffa7d458cd9596249cae6312d16172302c675be22a4ae8,2020-08,Durham Constabulary,Durham Constabulary,-1.546801,54.549544,On or near North Road,E01012324,Darlington 002D,Public order,Unable to prosecute suspect,
d403d1e8a07cf16e6555aeff0172777c061d7e72d54fce274d409fa906210843,2020-08,Durham Constabulary,Durham Constabulary,-1.546409,54.545867,On or near Thompson Street East,E01012324,Darlington 002D,Public order,Unable to prosecute suspect,
b02568e7c9b849c1699f8004a10125122ed940f53c407e7ef82cab0ece287349,2020-08,Durham Constabulary,Durham Constabulary,-1.546409,54.545867,On or near Thompson Street East,E01012324,Darlington 002D,Public order,Unable to prosecute suspect,
c081460294dbf731c75b654d8cdad9a060b7a8942bf2c01ec93c823246edd80d,2020-08,Durham Constabulary,Durham Constabulary,-1.546801,54.549544,On or near North Road,E01012324,Darlington 002D,Shoplifting,Unable to prosecute suspect,
02d4b22d5e2854bd03930e802c5628cd024bffadb7a3b4e539561c254bb220d6,2020-08,Durham Constabulary,Durham Constabulary,-1.546801,54.549544,On or near North Road,E01012324,Darlington 002D,Violence and sexual offences,Unable to prosecute suspect,
abbfdcc9e01e4088124c13a6c9ccee97500b5b5482a5a78a29221ec8d17e4fe9,2020-08,Durham Constabulary,Durham Constabulary,-1.545604,54.547311,On or near The Leas,E01012324,Darlington 002D,Violence and sexual offences,Unable to prosecute suspect,
fba7f82d250cf48951cc1cc6aaaff97984a6d55a9d0dec229da77fe624795893,2020-08,Durham Constabulary,Durham Constabulary,-1.542687,54.548333,On or near Lytham Road,E01012324,Darlington 002D,Violence and sexual offences,Unable to prosecute suspect,
,2020-08,Durham Constabulary,Durham Constabulary,-1.541123,54.552659,On or near Green Lane,E01032545,Darlington 002E,Anti-social behaviour,,
c3770df07c67721692e74b5db35cb05cb803c2a056255ec95312b8d3bb1ff169,2020-08,Durham Constabulary,Durham Constabulary,-1.543358,54.553261,On or near Birch Road,E01032545,Darlington 002E,Criminal damage and arson,Investigation complete; no suspect identified,
c33470742c9b15ca9467054a05b442fdf56a639bec92e1febcd1b1c039e86565,2020-08,Durham Constabulary,Durham Constabulary,-1.543358,54.553261,On or near Birch Road,E01032545,Darlington 002E,Criminal damage and arson,Investigation complete; no suspect identified,
45851e3202486cfaf6dfd52af6ab7cc62a314133032ca92722f0d206fa61035a,2020-08,Durham Constabulary,Durham Constabulary,-1.545311,54.551417,On or near Oakland Gardens,E01032545,Darlington 002E,Drugs,Offender given a drugs possession warning,
9cf70bd764add3dcbd502c47325f0b7ff4f83527a817776e63d16c3775c5220d,2020-08,Durham Constabulary,Durham Constabulary,-1.544897,54.553958,On or near Sports/Recreation Area,E01032545,Darlington 002E,Public order,Unable to prosecute suspect,
4f4e466ac63416e50477e22fcd7c898fc4b14dbfa43f5da5988492eafdd24a26,2020-08,Durham Constabulary,Durham Constabulary,-1.544897,54.553958,On or near Sports/Recreation Area,E01032545,Darlington 002E,Public order,Court result unavailable,
13e7849417ddecf517cac14828dfa91434ecc99511ff46c5c24429e75d51cb82,2020-08,Durham Constabulary,Durham Constabulary,-1.544897,54.553958,On or near Sports/Recreation Area,E01032545,Darlington 002E,Public order,Investigation complete; no suspect identified,
4292bfbfd9a890d5680b0ae0e13e3bf0686aeac9752a86921a8aa5bbf8e24447,2020-08,Durham Constabulary,Durham Constabulary,-1.544404,54.552357,On or near Myrtle Gardens,E01032545,Darlington 002E,Public order,Unable to prosecute suspect,
0d21d0475980347731801bc73a6462a9eaeea4179d7ddf664a530983793d448b,2020-08,Durham Constabulary,Durham Constabulary,-1.543358,54.553261,On or near Birch Road,E01032545,Darlington 002E,Violence and sexual offences,Unable to prosecute suspect,
84f258d8aafa5fe70098ee56f9cd537d7789176c4f03b8632124846ca1588a29,2020-08,Durham Constabulary,Durham Constabulary,-1.544144,54.553551,On or near Maple Road,E01032545,Darlington 002E,Violence and sexual offences,Unable to prosecute suspect,
67eea8eb83e0098db3d9958992fa4ecde8cd261c07fc33ab17a14d40ded680dd,2020-08,Durham Constabulary,Durham Constabulary,-1.545311,54.551417,On or near Oakland Gardens,E01032545,Darlington 002E,Violence and sexual offences,Investigation complete; no suspect identified,
7a2cec418538ff0a9a181a43e23b8698ffa2f7218016db80e5dbdb7797ee23f9,2020-08,Durham Constabulary,Durham Constabulary,-1.544404,54.552357,On or near Myrtle Gardens,E01032545,Darlington 002E,Violence and sexual offences,Unable to prosecute suspect,
31f6c7a4ec30cbff0c97417ab93e800143a3b7e632d34ee20e8008e70539ef53,2020-08,Durham Constabulary,Durham Constabulary,-1.544897,54.553958,On or near Sports/Recreation Area,E01032545,Darlington 002E,Violence and sexual offences,Further investigation is not in the public interest,
12c894246eed07efcd5aabfedc14fab003642083ac72a12dbebab70e089ff3f7,2020-08,Durham Constabulary,Durham Constabulary,-1.545092,54.550284,On or near Elmcroft,E01032545,Darlington 002E,Violence and sexual offences,Unable to prosecute suspect,
b471a6fb1b627f8b00d24dda1e4a427067476983372972c770dc6ce613863b10,2020-08,Durham Constabulary,Durham Constabulary,-1.544897,54.553958,On or near Sports/Recreation Area,E01032545,Darlington 002E,Violence and sexual offences,Unable to prosecute suspect,
d51f0284153349bb1e7e29b6366511077370381aaee6fb611809667e8970c5f8,2020-08,Durham Constabulary,Durham Constabulary,-1.543358,54.553261,On or near Birch Road,E01032545,Darlington 002E,Violence and sexual offences,Unable to prosecute suspect,
064453cd1c7c093592b5d1d88024364d8fc87a463291b49eb0c5d77c67842793,2020-08,Durham Constabulary,Durham Constabulary,-1.544858,54.551882,On or near Vernon Gardens,E01032545,Darlington 002E,Violence and sexual offences,Unable to prosecute suspect,
ba5367bc25b862be9e989cf3563a193be72b8cab04682ef04dcdeb645d9565f7,2020-08,Durham Constabulary,Durham Constabulary,-1.543144,54.550294,On or near Salters Lane North,E01032545,Darlington 002E,Violence and sexual offences,Unable to prosecute suspect,
b58d0f4cb3941be2a7947464b54426679d937ac3d1aecc03e6c3a4390c47341d,2020-08,Durham Constabulary,Durham Constabulary,-1.544897,54.553958,On or near Sports/Recreation Area,E01032545,Darlington 002E,Violence and sexual offences,Unable to prosecute suspect,
3e1ea2995699bc8847763b1790b344945c94569a56855c314bd6a7478ecf34ad,2020-08,Durham Constabulary,Durham Constabulary,-1.544897,54.553958,On or near Sports/Recreation Area,E01032545,Darlington 002E,Violence and sexual offences,Court result unavailable,
2f87614dabf330b85d6c2c9ad32a5db7ed59e05c98d5a013849c8fca7fe6f54c,2020-08,Durham Constabulary,Durham Constabulary,-1.544144,54.553551,On or near Maple Road,E01032545,Darlington 002E,Violence and sexual offences,Unable to prosecute suspect,
22d646bd3767811ba043bf8e22ff0c90d7fc52261176dd1854d599a77776a6ff,2020-08,Durham Constabulary,Durham Constabulary,-1.544897,54.553958,On or near Sports/Recreation Area,E01032545,Darlington 002E,Violence and sexual offences,Local resolution,
,2020-08,Durham Constabulary,Durham Constabulary,-1.548541,54.551591,On or near Marina Road,E01032546,Darlington 002F,Anti-social behaviour,,
,2020-08,Durham Constabulary,Durham Constabulary,-1.550347,54.553260,On or near Alwyn Road,E01032546,Darlington 002F,Anti-social behaviour,,
a3d5dfa4a5925499988fa2f8e30b2e85a59a0f94510072b37f81322beb5aa627,2020-08,Durham Constabulary,Durham Constabulary,-1.548010,54.553422,On or near Beaumont Hill,E01032546,Darlington 002F,Drugs,Unable to prosecute suspect,
24aeecc04f297b87c0e92e59b0b5315bb1a2232fe667714d5e74dc530fa58185,2020-08,Durham Constabulary,Durham Constabulary,-1.548074,54.553278,On or near Burtree Lane,E01032546,Darlington 002F,Violence and sexual offences,Further investigation is not in the public interest,
4d85f3da56520ec17bf2cbd165d772c42e5ae2d4e62a9bb2486d011f50ad1315,2020-08,Durham Constabulary,Durham Constabulary,-1.548074,54.553278,On or near Burtree Lane,E01032546,Darlington 002F,Violence and sexual offences,Unable to prosecute suspect,
,2020-08,Durham Constabulary,Durham Constabulary,-1.518818,54.548295,On or near Stonehaven Way,E01012328,Darlington 003A,Anti-social behaviour,,
,2020-08,Durham Constabulary,Durham Constabulary,-1.519960,54.549809,On or near Inveraray Close,E01012328,Darlington 003A,Anti-social behaviour,,
,2020-08,Durham Constabulary,Durham Constabulary,-1.519406,54.549582,On or near Fotheringhay Drive,E01012328,Darlington 003A,Anti-social behaviour,,
,2020-08,Durham Constabulary,Durham Constabulary,-1.519960,54.549809,On or near Inveraray Close,E01012328,Darlington 003A,Anti-social behaviour,,
,2020-08,Durham Constabulary,Durham Constabulary,-1.526402,54.548873,On or near Argyll Close,E01012328,Darlington 003A,Anti-social behaviour,,
,2020-08,Durham Constabulary,Durham Constabulary,-1.522898,54.548455,On or near Lismore Drive,E01012328,Darlington 003A,Anti-social behaviour,,
0e88ec5626769b7f6d5e57d69573f857b9e2bd78c75e80fdb8fc25486c0516b8,2020-08,Durham Constabulary,Durham Constabulary,-1.519960,54.549809,On or near Inveraray Close,E01012328,Darlington 003A,Burglary,Court result unavailable,
af24400d226031e634b02f1cce593290c4f98837e7bb2759dd409c3f979e562b,2020-08,Durham Constabulary,Durham Constabulary,-1.519110,54.545798,On or near Cloverdale,E01012328,Darlington 003A,Criminal damage and arson,Investigation complete; no suspect identified,
6dfbabccb6ac9c04f717457675674a6a1d1aae05be2ad0a1582f19fd05603c46,2020-08,Durham Constabulary,Durham Constabulary,-1.523094,54.548824,On or near Jura Drive,E01012328,Darlington 003A,Violence and sexual offences,Further investigation is not in the public interest,
889e66f021a3a8b86dd539c2392e544fde928b4b810e3dbe216ed6eb8e2e9c93,2020-08,Durham Constabulary,Durham Constabulary,-1.519110,54.545798,On or near Cloverdale,E01012328,Darlington 003A,Violence and sexual offences,Unable to prosecute suspect,
ea11d93d1effc005ca2f44885cfdbe2391aca11ad9540322733403c27818808a,2020-08,Durham Constabulary,Durham Constabulary,-1.519110,54.545798,On or near Cloverdale,E01012328,Darlington 003A,Violence and sexual offences,Unable to prosecute suspect,
7d84cee041ac641984ec10f539f6cc9b2a7b9a7b0f3bccf2657c5dd0b01b0700,2020-08,Durham Constabulary,Durham Constabulary,-1.521471,54.548862,On or near Kintyre Close,E01012328,Darlington 003A,Violence and sexual offences,Unable to prosecute suspect,
cd5cddc26827084cecc1aa3cc8ea882bc3d8a2b68ce828a7c9646fb33c4c9e6a,2020-08,Durham Constabulary,Durham Constabulary,-1.523094,54.548824,On or near Jura Drive,E01012328,Darlington 003A,Violence and sexual offences,Further investigation is not in the public interest,
5e019923face57b7adb03c67549e0af0a9c805bb0f69d8c17800b6563cc75db5,2020-08,Durham Constabulary,Durham Constabulary,-1.521465,54.549348,On or near Aberdeen Road,E01012328,Darlington 003A,Violence and sexual offences,Local resolution,
81f88eb0f9ea23005df29391dccc883849e59d5460cc86ced317f8080e38f748,2020-08,Durham Constabulary,Durham Constabulary,-1.519960,54.549809,On or near Inveraray Close,E01012328,Darlington 003A,Violence and sexual offences,Unable to prosecute suspect,
1b2e0ce8b5d3e90ef6205d30b076884f2ac8de6a16d48f3629bac6ace7c80a62,2020-08,Durham Constabulary,Durham Constabulary,-1.519960,54.549809,On or near Inveraray Close,E01012328,Darlington 003A,Violence and sexual offences,Unable to prosecute suspect,
,2020-08,Durham Constabulary,Durham Constabulary,-1.515000,54.543094,On or near Gatehouse Close,E01012329,Darlington 003B,Anti-social behaviour,,
,2020-08,Durham Constabulary,Durham Constabulary,-1.515002,54.546815,On or near Barmpton Lane,E01012329,Darlington 003B,Anti-social behaviour,,
,2020-08,Durham Constabulary,Durham Constabulary,-1.516767,54.545303,On or near Knightsbridge Avenue,E01012329,Darlington 003B,Anti-social behaviour,,
842d0bfa894f2bd1935184a19e014a7d1bdecc67928cd9fafd51a9de3ec9369a,2020-08,Durham Constabulary,Durham Constabulary,-1.515000,54.543094,On or near Gatehouse Close,E01012329,Darlington 003B,Criminal damage and arson,Investigation complete; no suspect identified,
b6cabc716b9aad7f0ebcd1c17e7affea83e4ceb2e3fd6136091f494c3befafe0,2020-08,Durham Constabulary,Durham Constabulary,-1.522026,54.545018,On or near Sunningdale Green,E01012329,Darlington 003B,Other theft,Investigation complete; no suspect identified,
0fb90d0335081693596496fc4cfa3b9ca92ce8f1fce4b77a99277ec1813c492c,2020-08,Durham Constabulary,Durham Constabulary,-1.522026,54.545018,On or near Sunningdale Green,E01012329,Darlington 003B,Other theft,Investigation complete; no suspect identified,
789d02729b5037d072e852bb28d9cc340388610d0260a79ca9cbeee5c207dc5d,2020-08,Durham Constabulary,Durham Constabulary,-1.524638,54.544975,On or near Petrol Station,E01012329,Darlington 003B,Public order,Investigation complete; no suspect identified,
96a9fa0037c19bf1f857742c58c9d3b3e4a11194366d29ad68a5e99d6660b70a,2020-08,Durham Constabulary,Durham Constabulary,-1.524638,54.544975,On or near Petrol Station,E01012329,Darlington 003B,Shoplifting,Local resolution,
5f6d79e7f41caa03297291cfd335a12674867d9da07982eb3164974c3230369f,2020-08,Durham Constabulary,Durham Constabulary,-1.522026,54.545018,On or near Sunningdale Green,E01012329,Darlington 003B,Shoplifting,Investigation complete; no suspect identified,
5ff012dfe0050c253f8fc26e38c8faeaff83fe333988c52f7b9b588cec89365c,2020-08,Durham Constabulary,Durham Constabulary,-1.524638,54.544975,On or near Petrol Station,E01012329,Darlington 003B,Violence and sexual offences,Unable to prosecute suspect,
5047a338740ace6d6de195d707c1b06f6a1c3ec83d4aaf302bf8390a65764345,2020-08,Durham Constabulary,Durham Constabulary,-1.516767,54.545303,On or near Knightsbridge Avenue,E01012329,Darlington 003B,Violence and sexual offences,Investigation complete; no suspect identified,
,2020-08,Durham Constabulary,Durham Constabulary,-1.537190,54.547728,On or near Salters Lane North,E01012330,Darlington 003C,Anti-social behaviour,,
,2020-08,Durham Constabulary,Durham Constabulary,-1.537336,54.545779,On or near Thompson Street East,E01012330,Darlington 003C,Anti-social behaviour,,
15a38745b58ac43418ca186f36e177e2d12c1e5b82634d0fada50ce97582a09f,2020-08,Durham Constabulary,Durham Constabulary,-1.537190,54.547728,On or near Salters Lane North,E01012330,Darlington 003C,Drugs,Court result unavailable,
1aaddf5a3bb10f755a257d75e4e7a09851a180b6fe7efdeee3b56dcb1799b52b,2020-08,Durham Constabulary,Durham Constabulary,-1.533688,54.545738,On or near Warkworth Way,E01012331,Darlington 003D,Public order,Investigation complete; no suspect identified,
4447dc4807e51cc907f969ccb2ad36af4ce7d39cf497b0f196cbc6cd808c6d63,2020-08,Durham Constabulary,Durham Constabulary,-1.533688,54.545738,On or near Warkworth Way,E01012331,Darlington 003D,Violence and sexual offences,Investigation complete; no suspect identified,
,2020-08,Durham Constabulary,Durham Constabulary,-1.550648,54.538469,On or near Shildon Street,E01012349,Darlington 004A,Anti-social behaviour,,
,2020-08,Durham Constabulary,Durham Constabulary,-1.551273,54.540745,On or near Mellor Court,E01012349,Darlington 004A,Anti-social behaviour,,
,2020-08,Durham Constabulary,Durham Constabulary,-1.551265,54.535820,On or near Windsor Street,E01012349,Darlington 004A,Anti-social behaviour,,
,2020-08,Durham Constabulary,Durham Constabulary,-1.551265,54.535820,On or near Windsor Street,E01012349,Darlington 004A,Anti-social behaviour,,
,2020-08,Durham Constabulary,Durham Constabulary,-1.551619,54.537367,On or near Katherine Street,E01012349,Darlington 004A,Anti-social behaviour,,
,2020-08,Durham Constabulary,Durham Constabulary,-1.551273,54.540745,On or near Mellor Court,E01012349,Darlington 004A,Anti-social behaviour,,
,2020-08,Durham Constabulary,Durham Constabulary,-1.550289,54.538809,On or near Henry Street,E01012349,Darlington 004A,Anti-social behaviour,,
,2020-08,Durham Constabulary,Durham Constabulary,-1.556359,54.537753,On or near Whessoe Road,E01012349,Darlington 004A,Anti-social behaviour,,
,2020-08,Durham Constabulary,Durham Constabulary,-1.550648,54.538469,On or near Shildon Street,E01012349,Darlington 004A,Anti-social behaviour,,
,2020-08,Durham Constabulary,Durham Constabulary,-1.552671,54.541478,On or near Lansdowne Street,E01012349,Darlington 004A,Anti-social behaviour,,
,2020-08,Durham Constabulary,Durham Constabulary,-1.556471,54.538867,On or near Meynell Road,E01012349,Darlington 004A,Anti-social behaviour,,
,2020-08,Durham Constabulary,Durham Constabulary,-1.550232,54.537011,On or near Edmund Street,E01012349,Darlington 004A,Anti-social behaviour,,
,2020-08,Durham Constabulary,Durham Constabulary,-1.551265,54.535820,On or near Windsor Street,E01012349,Darlington 004A,Anti-social behaviour,,
,2020-08,Durham Constabulary,Durham Constabulary,-1.552673,54.537065,On or near North Road,E01012349,Darlington 004A,Anti-social behaviour,,
,2020-08,Durham Constabulary,Durham Constabulary,-1.552877,54.538180,On or near Supermarket,E01012349,Darlington 004A,Anti-social behaviour,,
,2020-08,Durham Constabulary,Durham Constabulary,-1.552671,54.541478,On or near Lansdowne Street,E01012349,Darlington 004A,Anti-social behaviour,,
a658e4b039775f2b8a763e991bb3b0e34bbd319580c5e3c8cdf2457c7afb8db7,2020-08,Durham Constabulary,Durham Constabulary,-1.552877,54.538180,On or near Supermarket,E01012349,Darlington 004A,Burglary,Unable to prosecute suspect,
469f5fb1c827af99f8039a33581676e85c7cb93059393d8f8192bf08caa1e758,2020-08,Durham Constabulary,Durham Constabulary,-1.550289,54.538809,On or near Henry Street,E01012349,Darlington 004A,Criminal damage and arson,Court result unavailable,
b535433d46df6dab6b5724fa727985c62343222826f756f775a8067d4bfee762,2020-08,Durham Constabulary,Durham Constabulary,-1.552673,54.537065,On or near North Road,E01012349,Darlington 004A,Drugs,Further investigation is not in the public interest,
98cfbc22e9f694ef79b3b2581ae12b088adb8faa320106b74efd23128924dc7f,2020-08,Durham Constabulary,Durham Constabulary,-1.552003,54.541790,On or near Zetland Street,E01012349,Darlington 004A,Other theft,Unable to prosecute suspect,
9e3f2fc6c2814211b52ca1b3e772caaebfff6b1200f901b2ca7e6c25ac70753f,2020-08,Durham Constabulary,Durham Constabulary,-1.551882,54.535921,On or near Southampton Street,E01012349,Darlington 004A,Other theft,Investigation complete; no suspect identified,
c8d920f9b1b01f4ac22107bc575ff7d52b47d5b63e4747a38ea81ab476b59f50,2020-08,Durham Constabulary,Durham Constabulary,-1.552877,54.538180,On or near Supermarket,E01012349,Darlington 004A,Public order,Court result unavailable,
ac34a6dab1efda1560c4e73a58e4cd1617b12b906ce74c95a2fe243ae896ca3f,2020-08,Durham Constabulary,Durham Constabulary,-1.552003,54.541790,On or near Zetland Street,E01012349,Darlington 004A,Public order,Unable to prosecute suspect,
c9241d6f01089c266137f567a975c3fba5c23f420c0f905fc2775bde32479b59,2020-08,Durham Constabulary,Durham Constabulary,-1.552877,54.538180,On or near Supermarket,E01012349,Darlington 004A,Public order,Court result unavailable,
3a24ef602c0b1a6c563870d2919b105705572c30aa00e69fd52f855b4655cdfe,2020-08,Durham Constabulary,Durham Constabulary,-1.552877,54.538180,On or near Supermarket,E01012349,Darlington 004A,Shoplifting,Local resolution,
71d6ce652889f6473778d153fa3f1659bf53d0b60fd9913894abdb5482224f8c,2020-08,Durham Constabulary,Durham Constabulary,-1.551232,54.535981,On or near Albert Road,E01012349,Darlington 004A,Shoplifting,Local resolution,
98cd96c2db106169cd24fc9e0e9d2f3322e45d888bd9d3bde20651940048e34a,2020-08,Durham Constabulary,Durham Constabulary,-1.551882,54.535921,On or near Southampton Street,E01012349,Darlington 004A,Shoplifting,Investigation complete; no suspect identified,
3c72c307980d82707e74284778105dc2295420a8f80eac3d99f8de7a9835e28d,2020-08,Durham Constabulary,Durham Constabulary,-1.552877,54.538180,On or near Supermarket,E01012349,Darlington 004A,Shoplifting,Investigation complete; no suspect identified,
6bf3b649ce2b70a6825990340f823c68c59c64f8bc5dd645e1965d92b4a14adb,2020-08,Durham Constabulary,Durham Constabulary,-1.552877,54.538180,On or near Supermarket,E01012349,Darlington 004A,Shoplifting,Local resolution,
bcccbba03d05a0122699e7ca5abc94377cff58a875f6478b60be5f4a91a345dc,2020-08,Durham Constabulary,Durham Constabulary,-1.552877,54.538180,On or near Supermarket,E01012349,Darlington 004A,Shoplifting,Investigation complete; no suspect identified,
e360a7ff87c144d2ca137e1a9fd3a82e263da05372bd5b2a28f01796f159fb8c,2020-08,Durham Constabulary,Durham Constabulary,-1.551882,54.535921,On or near Southampton Street,E01012349,Darlington 004A,Shoplifting,Investigation complete; no suspect identified,
757a84ebaf76dcd83403544bac7a1189956c43130952370c4709f7cc84a8dd63,2020-08,Durham Constabulary,Durham Constabulary,-1.551882,54.535921,On or near Southampton Street,E01012349,Darlington 004A,Shoplifting,Investigation complete; no suspect identified,
813714f0cb04157106a8445b65d9039e2cc6ccc79fc8e2bca70e783bb021dcd9,2020-08,Durham Constabulary,Durham Constabulary,-1.552877,54.538180,On or near Supermarket,E01012349,Darlington 004A,Shoplifting,Investigation complete; no suspect identified,
b6e85e11882b7a441780becc8f6715f7737c3606aa353390dd748ad9440557b3,2020-08,Durham Constabulary,Durham Constabulary,-1.550289,54.538809,On or near Henry Street,E01012349,Darlington 004A,Violence and sexual offences,Court result unavailable,
21deeb5f2a86611ee8fbcc95e9d5442556c7c4dc4d2361c4bf5b5519ca580eca,2020-08,Durham Constabulary,Durham Constabulary,-1.552877,54.538180,On or near Supermarket,E01012349,Darlington 004A,Violence and sexual offences,Unable to prosecute suspect,
7c917a443b047fe3f646b9ae53bff111b26a22ca7a6c16c4d1579a85f068275b,2020-08,Durham Constabulary,Durham Constabulary,-1.551619,54.537367,On or near Katherine Street,E01012349,Darlington 004A,Violence and sexual offences,Further investigation is not in the public interest,
117e7b4178c7b20e2f9ff40c5a5cb5881576a3710d4dadec86feaf3a240fbe9f,2020-08,Durham Constabulary,Durham Constabulary,-1.550289,54.538809,On or near Henry Street,E01012349,Darlington 004A,Violence and sexual offences,Court result unavailable,
34db939c5cd3f57cbb25745fd9117bc0d51b0669d75f2702623ec01cd98ab02d,2020-08,Durham Constabulary,Durham Constabulary,-1.552003,54.541790,On or near Zetland Street,E01012349,Darlington 004A,Violence and sexual offences,Unable to prosecute suspect,
05272ff45eb12fd1471e1b477f38e506aadea9b7995d3e72e34179919921dd9a,2020-08,Durham Constabulary,Durham Constabulary,-1.551008,54.538110,On or near Charles Street,E01012349,Darlington 004A,Violence and sexual offences,Unable to prosecute suspect,
e4be20979c1237aec8b217e391275eb16ec694a8ceeae6dcf9bf412d8bfb82fa,2020-08,Durham Constabulary,Durham Constabulary,-1.551273,54.540745,On or near Mellor Court,E01012349,Darlington 004A,Violence and sexual offences,Unable to prosecute suspect,
8880d874dbe8db78bc77041eec956a43b15cefa4e0fd60684c926d29d05bea2a,2020-08,Durham Constabulary,Durham Constabulary,-1.552881,54.539241,On or near Denmark Street,E01012349,Darlington 004A,Violence and sexual offences,Investigation complete; no suspect identified,
840608007af41ffe0e10f3c1b288f198bf731cea19e3dff71cdee36ed517dda8,2020-08,Durham Constabulary,Durham Constabulary,-1.550289,54.538809,On or near Henry Street,E01012349,Darlington 004A,Violence and sexual offences,Unable to prosecute suspect,
328583b4bcae1fcb4214c845d6eda06e9280f8916041d3ff97a48b5b0c53a817,2020-08,Durham Constabulary,Durham Constabulary,-1.551273,54.540745,On or near Mellor Court,E01012349,Darlington 004A,Violence and sexual offences,Unable to prosecute suspect,
51b363246b441b147ee5f897046c5d88da2b27188dbbcdc12a9054f6e2e5709c,2020-08,Durham Constabulary,Durham Constabulary,-1.550289,54.538809,On or near Henry Street,E01012349,Darlington 004A,Violence and sexual offences,Unable to prosecute suspect,
135cc663b70d48d1271873c8f720900c358a365965107a0268a379da455c47c4,2020-08,Durham Constabulary,Durham Constabulary,-1.550232,54.537011,On or near Edmund Street,E01012349,Darlington 004A,Violence and sexual offences,Investigation complete; no suspect identified,
904f69a819073e9e723c555bda1ce924ca507df615f5ee50acacfeadb318330c,2020-08,Durham Constabulary,Durham Constabulary,-1.551619,54.537367,On or near Katherine Street,E01012349,Darlington 004A,Violence and sexual offences,Unable to prosecute suspect,
9bed91c13449f32d5291d628c43dce1901e277b24663d0a1bd8bf016c3fc30ee,2020-08,Durham Constabulary,Durham Constabulary,-1.556359,54.537753,On or near Whessoe Road,E01012349,Darlington 004A,Violence and sexual offences,Unable to prosecute suspect,
2593dd37f0d7e553ccd2672b3e6b81aad519ab851372a7c492d7c9ed682886a1,2020-08,Durham Constabulary,Durham Constabulary,-1.551273,54.540745,On or near Mellor Court,E01012349,Darlington 004A,Violence and sexual offences,Unable to prosecute suspect,
274c9c0318322c0f70511d29094c89e11781a8440325096eeb6f6c7cd084cdfb,2020-08,Durham Constabulary,Durham Constabulary,-1.552003,54.541790,On or near Zetland Street,E01012349,Darlington 004A,Violence and sexual offences,Unable to prosecute suspect,
9c5f86bbb3b2c2b7a825d4d6cf067ad36da6acbbc13a556c779488528d2cd7b1,2020-08,Durham Constabulary,Durham Constabulary,-1.552673,54.537065,On or near North Road,E01012349,Darlington 004A,Other crime,Investigation complete; no suspect identified,
,2020-08,Durham Constabulary,Durham Constabulary,-1.551530,54.542633,On or near Cumberland Street,E01012350,Darlington 004B,Anti-social behaviour,,
,2020-08,Durham Constabulary,Durham Constabulary,-1.551751,54.542211,On or near Brougham Street,E01012350,Darlington 004B,Anti-social behaviour,,
,2020-08,Durham Constabulary,Durham Constabulary,-1.548934,54.543971,On or near Aquinas Court,E01012350,Darlington 004B,Anti-social behaviour,,
,2020-08,Durham Constabulary,Durham Constabulary,-1.548809,54.545525,On or near Ruby Street,E01012350,Darlington 004B,Anti-social behaviour,,
,2020-08,Durham Constabulary,Durham Constabulary,-1.551751,54.542211,On or near Brougham Street,E01012350,Darlington 004B,Anti-social behaviour,,
,2020-08,Durham Constabulary,Durham Constabulary,-1.548429,54.537948,On or near Richard Court,E01012350,Darlington 004B,Anti-social behaviour,,
,2020-08,Durham Constabulary,Durham Constabulary,-1.548809,54.545525,On or near Ruby Street,E01012350,Darlington 004B,Anti-social behaviour,,
fa39171ab3f8411ae582bcd0d33cf2d46ab40f4f377ef2463cc452c26ce69a39,2020-08,Durham Constabulary,Durham Constabulary,-1.547235,54.541080,On or near Redmire Close,E01012350,Darlington 004B,Criminal damage and arson,Investigation complete; no suspect identified,
c9e8f7940b1832fa0b8615c845ed1191afae06f220b091c13fbbf149598ba031,2020-08,Durham Constabulary,Durham Constabulary,-1.548809,54.545525,On or near Ruby Street,E01012350,Darlington 004B,Criminal damage and arson,Unable to prosecute suspect,
1a1db645cf9265765ce3271f3bb47b2c163e4a5d94d6b342523e4a9f06f0143e,2020-08,Durham Constabulary,Durham Constabulary,-1.547287,54.543372,On or near Leyburn Road,E01012350,Darlington 004B,Criminal damage and arson,Investigation complete; no suspect identified,
bb04f4e679bfe59b9e138db33f7719eaabf64675bea6a5be9372cf176df622a2,2020-08,Durham Constabulary,Durham Constabulary,-1.548809,54.545525,On or near Ruby Street,E01012350,Darlington 004B,Criminal damage and arson,Investigation complete; no suspect identified,
c204482ebf5e709dfc873f5788059bae8bd5348b5c00c6d7c8e20a84c661741c,2020-08,Durham Constabulary,Durham Constabulary,-1.548461,54.542028,On or near Wensleydale Road,E01012350,Darlington 004B,Criminal damage and arson,Investigation complete; no suspect identified,
45cd24fc44d5d3999332c630cd8016b5137bf016281ae9c493274d98231ca0e7,2020-08,Durham Constabulary,Durham Constabulary,-1.549531,54.537494,On or near Stephen Court,E01012350,Darlington 004B,Criminal damage and arson,Investigation complete; no suspect identified,
d31ceb85d39a37118c508d8d0cf2d0002da67635a2207e19968b8085dd99d1c7,2020-08,Durham Constabulary,Durham Constabulary,-1.551751,54.542211,On or near Brougham Street,E01012350,Darlington 004B,Other theft,Investigation complete; no suspect identified,
cb6b74a72686d8398da43810bf1e1e68167d98fb01e6f74cbb55de50ac49bd83,2020-08,Durham Constabulary,Durham Constabulary,-1.548316,54.539736,On or near Pendleton Road,E01012350,Darlington 004B,Possession of weapons,Status update unavailable,
1aad8700dcb50f32ab8916c8d4175553d83d4aee8206b5eab724e7f72c359f1c,2020-08,Durham Constabulary,Durham Constabulary,-1.548809,54.545525,On or near Ruby Street,E01012350,Darlington 004B,Possession of weapons,Court result unavailable,
41058d0ece831a11d31885c4179142bcfefa42ab2becad58993ab43b64a21a44,2020-08,Durham Constabulary,Durham Constabulary,-1.548316,54.539736,On or near Pendleton Road,E01012350,Darlington 004B,Public order,Court result unavailable,
28f328b81511d57cf8724b2788280bde268e15e2f6ba4ed68d33514e1dd464b4,2020-08,Durham Constabulary,Durham Constabulary,-1.549531,54.537494,On or near Stephen Court,E01012350,Darlington 004B,Public order,Investigation complete; no suspect identified,
98b9189f43f67a59400063eb16df108f9ea0ef8f20b3f99f0725a44807c0ed7a,2020-08,Durham Constabulary,Durham Constabulary,-1.549531,54.537494,On or near Stephen Court,E01012350,Darlington 004B,Public order,Unable to prosecute suspect,
2d4fc296a31d3af437b55f551d3ef8f51dca16b794257835dd901dd6b9fd5609,2020-08,Durham Constabulary,Durham Constabulary,-1.548461,54.542028,On or near Wensleydale Road,E01012350,Darlington 004B,Public order,Unable to prosecute suspect,
aa5d2c9f1256e86c2fad80ffc1676f33cf65ad02d6a761e8711f0e729296b61e,2020-08,Durham Constabulary,Durham Constabulary,-1.548809,54.545525,On or near Ruby Street,E01012350,Darlington 004B,Public order,Further investigation is not in the public interest,
ed3092fc9bc8426d6b257097be4114d8782f3986e65ee3fa46e9cd214451d907,2020-08,Durham Constabulary,Durham Constabulary,-1.548809,54.545525,On or near Ruby Street,E01012350,Darlington 004B,Public order,Court result unavailable,
5a5de555b4132c7cc300bf1c032c0d4edc393db1c0a2c4bd9c794a1ad7a871db,2020-08,Durham Constabulary,Durham Constabulary,-1.548809,54.545525,On or near Ruby Street,E01012350,Darlington 004B,Public order,Court result unavailable,
0231098372967af0ac2e335ae2c008efec147756a7391ff2a8aa3b5c6542614d,2020-08,Durham Constabulary,Durham Constabulary,-1.548843,54.545211,On or near Peabody Street,E01012350,Darlington 004B,Theft from the person,Unable to prosecute suspect,
71bc14742646cdc52eed7dc63e5d73a76f354635f5a76961bc1dfcb2784356ac,2020-08,Durham Constabulary,Durham Constabulary,-1.547287,54.543372,On or near Leyburn Road,E01012350,Darlington 004B,Violence and sexual offences,Unable to prosecute suspect,
246a74edcb3fefe126c30e9a307da4a8302b718d46071e7edf6aa659fca0d06f,2020-08,Durham Constabulary,Durham Constabulary,-1.548809,54.545525,On or near Ruby Street,E01012350,Darlington 004B,Violence and sexual offences,Unable to prosecute suspect,
f2e0b3660dd982c0eda6671f49e8a1ba8df12e04930f5ffce758864e44cbf1a1,2020-08,Durham Constabulary,Durham Constabulary,-1.548958,54.544591,On or near Dublin Street,E01012350,Darlington 004B,Violence and sexual offences,Unable to prosecute suspect,
2fde2b24a22c857e61fadc18d901ae27c461ae297c22a45b2204c20f8603f641,2020-08,Durham Constabulary,Durham Constabulary,-1.548843,54.545211,On or near Peabody Street,E01012350,Darlington 004B,Violence and sexual offences,Unable to prosecute suspect,
c2de2ac80428159074f39ebb07971edd6bfb64355df8b27d90e0ab2b24d42443,2020-08,Durham Constabulary,Durham Constabulary,-1.548809,54.545525,On or near Ruby Street,E01012350,Darlington 004B,Violence and sexual offences,Investigation complete; no suspect identified,
29979c21edae884f31844fc85a8c55b5584bcbf95e641b5e57010410875f91a6,2020-08,Durham Constabulary,Durham Constabulary,-1.548316,54.539736,On or near Pendleton Road,E01012350,Darlington 004B,Violence and sexual offences,Court result unavailable,
192be5a980de4c91785fd82db75499010d0956b155d9c16ba58b6cb041e99dbb,2020-08,Durham Constabulary,Durham Constabulary,-1.548809,54.545525,On or near Ruby Street,E01012350,Darlington 004B,Violence and sexual offences,Unable to prosecute suspect,
1f3b5c2f5280037bef4b79d6e65a6cbbb28758655b24316f1db3616f70f52d2b,2020-08,Durham Constabulary,Durham Constabulary,-1.551751,54.542211,On or near Brougham Street,E01012350,Darlington 004B,Violence and sexual offences,Unable to prosecute suspect,
6b6a8048350e8bb05fcd11254cf2927e61c75cae9c2c63de05169df7edfe88ad,2020-08,Durham Constabulary,Durham Constabulary,-1.548316,54.539736,On or near Pendleton Road,E01012350,Darlington 004B,Violence and sexual offences,Court result unavailable,
0f6d406f08f528bcc3605de757e52b58d1b4779104df53ae06a0aac30222df36,2020-08,Durham Constabulary,Durham Constabulary,-1.548809,54.545525,On or near Ruby Street,E01012350,Darlington 004B,Violence and sexual offences,Unable to prosecute suspect,
619c366e9e53d1f8f6d98ff88f9206f7deca379da0723240fb79f241001c4ebf,2020-08,Durham Constabulary,Durham Constabulary,-1.549531,54.537494,On or near Stephen Court,E01012350,Darlington 004B,Violence and sexual offences,Unable to prosecute suspect,
,2020-08,Durham Constabulary,Durham Constabulary,-1.546736,54.540054,On or near Redmire Close,E01012351,Darlington 004C,Anti-social behaviour,,
,2020-08,Durham Constabulary,Durham Constabulary,-1.545302,54.543913,On or near Wadham Grove,E01012351,Darlington 004C,Anti-social behaviour,,
59089395c8fcc0546b4ff770947aefe2012430ebb9487e222b350243e99ed4aa,2020-08,Durham Constabulary,Durham Constabulary,-1.543657,54.540366,On or near Peterhouse Close,E01012351,Darlington 004C,Violence and sexual offences,Unable to prosecute suspect,
65be58f509d4ce1abcb34b9bf4c8a06826e5f72a9e02919670d0160b0f2af88f,2020-08,Durham Constabulary,Durham Constabulary,-1.544988,54.541539,On or near Homerton Court,E01012351,Darlington 004C,Violence and sexual offences,Local resolution,
bf1e472a7a2d734168ad019074186be92b3b74885f39083fc6388f0c1a6a4f63,2020-08,Durham Constabulary,Durham Constabulary,-1.543496,54.540922,On or near Gresham Close,E01012351,Darlington 004C,Violence and sexual offences,Investigation complete; no suspect identified,
,2020-08,Durham Constabulary,Durham Constabulary,-1.557561,54.540920,On or near Harry Street,E01012352,Darlington 004D,Anti-social behaviour,,
,2020-08,Durham Constabulary,Durham Constabulary,-1.554362,54.542374,On or near Haig Street,E01012352,Darlington 004D,Anti-social behaviour,,
,2020-08,Durham Constabulary,Durham Constabulary,-1.553589,54.540888,On or near Derby Street,E01012352,Darlington 004D,Anti-social behaviour,,
,2020-08,Durham Constabulary,Durham Constabulary,-1.556002,54.540726,On or near Marske Grove,E01012352,Darlington 004D,Anti-social behaviour,,
,2020-08,Durham Constabulary,Durham Constabulary,-1.555826,54.542729,On or near Sports/Recreation Area,E01012352,Darlington 004D,Anti-social behaviour,,
f7b96cc7676ca31dd0cc824e4bee22dd7c6153d388cadfa5b6447a5709640f5c,2020-08,Durham Constabulary,Durham Constabulary,-1.558479,54.541805,On or near Whessoe Road,E01012352,Darlington 004D,Criminal damage and arson,Investigation complete; no suspect identified,
61a90e1b9ac70fcbc18ee9a82af99c20c9aab89cff458c43530dc1b500580b4d,2020-08,Durham Constabulary,Durham Constabulary,-1.555526,54.541911,On or near Eldon Place,E01012352,Darlington 004D,Criminal damage and arson,Investigation complete; no suspect identified,
60118f4ebf2bb5d4fb9de0fb967b0ec5728789e654fbed26b078fe5ab61cb4a4,2020-08,Durham Constabulary,Durham Constabulary,-1.558337,54.543494,On or near I'Anson Street,E01012352,Darlington 004D,Drugs,Court result unavailable,
d5851ff859b19246298d098f8abd6f14287fc24aad77cb1af0480f22e4d10205,2020-08,Durham Constabulary,Durham Constabulary,-1.557816,54.545972,On or near Longfield Road,E01012352,Darlington 004D,Other theft,Investigation complete; no suspect identified,
52f092457a8f459444749ebfee4e7a8ee9ba748bf0d4b6684db84de3c15703c5,2020-08,Durham Constabulary,Durham Constabulary,-1.558479,54.541805,On or near Whessoe Road,E01012352,Darlington 004D,Public order,Offender given a caution,
b5c3cf3579253eb6ba6d45a072962029a631bb2aa8d8331a05c12dd7c3726944,2020-08,Durham Constabulary,Durham Constabulary,-1.558337,54.543494,On or near I'Anson Street,E01012352,Darlington 004D,Theft from the person,Unable to prosecute suspect,
d3f26696051d6f3ad5ad52abe187f47c0076f86dce18efc997906f9aaa9f83ec,2020-08,Durham Constabulary,Durham Constabulary,-1.558337,54.543494,On or near I'Anson Street,E01012352,Darlington 004D,Violence and sexual offences,Unable to prosecute suspect,
8e12ec1f948ad8540b037f4dea57afd2707ff9eb91bd6ff9e4c85f05c282a6ab,2020-08,Durham Constabulary,Durham Constabulary,-1.554362,54.542374,On or near Haig Street,E01012352,Darlington 004D,Violence and sexual offences,Unable to prosecute suspect,
9cbf54f2631f28c67ce0f17120a619c78b17686f81cda8b46167d5586ddbbd38,2020-08,Durham Constabulary,Durham Constabulary,-1.558337,54.543494,On or near I'Anson Street,E01012352,Darlington 004D,Violence and sexual offences,Unable to prosecute suspect,
cf7eba8fbd7bee41b9fac2f4d2c9e1972225467e88e85733a85b61d251f62521,2020-08,Durham Constabulary,Durham Constabulary,-1.558479,54.541805,On or near Whessoe Road,E01012352,Darlington 004D,Violence and sexual offences,Offender given a caution,
39a393ccea1a9578593fd32cfaaedf533384161886b291e97c12218782e0e058,2020-08,Durham Constabulary,Durham Constabulary,-1.558337,54.543494,On or near I'Anson Street,E01012352,Darlington 004D,Violence and sexual offences,Court result unavailable,
a9e289b2b18d6a64ca9188832908ce92befde87b317f3baa9bd3f3d00dfa2c11,2020-08,Durham Constabulary,Durham Constabulary,-1.554362,54.542374,On or near Haig Street,E01012352,Darlington 004D,Violence and sexual offences,Unable to prosecute suspect,
1343859fd442a7412a9ed252cada8f403f2a8c47e6e762df6d47a6d3ec417314,2020-08,Durham Constabulary,Durham Constabulary,-1.557518,54.540660,On or near Sheraton Street,E01012352,Darlington 004D,Violence and sexual offences,Unable to prosecute suspect,
51cfb109684376d10c2378b10f4723ed04591e71de006f32718b7db303ccb7b3,2020-08,Durham Constabulary,Durham Constabulary,-1.554362,54.542374,On or near Haig Street,E01012352,Darlington 004D,Violence and sexual offences,Unable to prosecute suspect,
08251475c0905994c847bc59fb8dc34dd684b3e5d685f020a0659250bc5d34e6,2020-08,Durham Constabulary,Durham Constabulary,-1.558337,54.543494,On or near I'Anson Street,E01012352,Darlington 004D,Violence and sexual offences,Court result unavailable,
d56cc1928ffa10f98d39d3bf238c3668c880f3bbb7a08f942a789d60599f6824,2020-08,Durham Constabulary,Durham Constabulary,-1.558479,54.541805,On or near Whessoe Road,E01012352,Darlington 004D,Other crime,Status update unavailable,
,2020-08,Durham Constabulary,Durham Constabulary,-1.518618,54.537689,On or near Lincoln Court,E01012325,Darlington 005A,Anti-social behaviour,,
4c402726122c2c0f07922ce0050c6e9e231d1680d2fba36b99d651c85a11eacc,2020-08,Durham Constabulary,Durham Constabulary,-1.516746,54.539219,On or near Truro Close,E01012325,Darlington 005A,Criminal damage and arson,Investigation complete; no suspect identified,
b6d571f731843d6b689806fcfcfc57cd6a327efe34e8560873b3d8607f671580,2020-08,Durham Constabulary,Durham Constabulary,-1.522212,54.538279,On or near Rymers Court,E01012325,Darlington 005A,Criminal damage and arson,Unable to prosecute suspect,
b7665db2049469634672eac776474c714387d9071966101390b359303bb44259,2020-08,Durham Constabulary,Durham Constabulary,-1.520181,54.538873,On or near Rose Lane,E01012325,Darlington 005A,Public order,Unable to prosecute suspect,
967718dd454777f7caa977a46e6d375e6cd08daf906251178c0253a4886d6a2b,2020-08,Durham Constabulary,Durham Constabulary,-1.518618,54.537689,On or near Lincoln Court,E01012325,Darlington 005A,Violence and sexual offences,Unable to prosecute suspect,
0cb1e7a93f318fac5446633591fd985289d591bcde78bff5d76d0e17123a4ffa,2020-08,Durham Constabulary,Durham Constabulary,-1.520181,54.538873,On or near Rose Lane,E01012325,Darlington 005A,Violence and sexual offences,Unable to prosecute suspect,
,2020-08,Durham Constabulary,Durham Constabulary,-1.530654,54.538060,On or near Hutton Avenue,E01012326,Darlington 005B,Anti-social behaviour,,
,2020-08,Durham Constabulary,Durham Constabulary,-1.523400,54.537160,On or near St Andrews Close,E01012326,Darlington 005B,Anti-social behaviour,,
,2020-08,Durham Constabulary,Durham Constabulary,-1.524407,54.539626,On or near Bishop Close,E01012326,Darlington 005B,Anti-social behaviour,,
,2020-08,Durham Constabulary,Durham Constabulary,-1.525520,54.539577,On or near Dunelm Walk,E01012326,Darlington 005B,Anti-social behaviour,,
ce506b8c169d3e4611f7f500b8c357255901b7efbda7bfd8c3eeebf3af6c8aa9,2020-08,Durham Constabulary,Durham Constabulary,-1.526680,54.538188,On or near Ted Fletcher Court,E01012326,Darlington 005B,Criminal damage and arson,Unable to prosecute suspect,
4d46df69e68db8919458c62139f2511bc1ff7be3de5e8d5d19849dba63665141,2020-08,Durham Constabulary,Durham Constabulary,-1.527060,54.537426,On or near Cottage Mews,E01012326,Darlington 005B,Public order,Investigation complete; no suspect identified,
378103766ef51758016d64724d72520f83aee4b1957f88ba2aadcd3d2a4b5c14,2020-08,Durham Constabulary,Durham Constabulary,-1.526680,54.538188,On or near Ted Fletcher Court,E01012326,Darlington 005B,Shoplifting,Unable to prosecute suspect,
318a091858766dcd17e3a853c53b2e5225a8cc7201d782ff4d98ac4c254fae55,2020-08,Durham Constabulary,Durham Constabulary,-1.527899,54.539676,On or near Salters Lane South,E01012326,Darlington 005B,Violence and sexual offences,Further action is not in the public interest,
1cb84a9d3158a3574ad86f1484c1a1199b55b4d01e07ed2e4589e4186f6bcd03,2020-08,Durham Constabulary,Durham Constabulary,-1.523400,54.537160,On or near St Andrews Close,E01012326,Darlington 005B,Violence and sexual offences,Court result unavailable,
17672ba777802828331487f47f19ebb75708986fcdca70c9c79086647264f28b,2020-08,Durham Constabulary,Durham Constabulary,-1.527632,54.540070,On or near Ramsey Walk,E01012326,Darlington 005B,Violence and sexual offences,Unable to prosecute suspect,
,2020-08,Durham Constabulary,Durham Constabulary,-1.534837,54.543945,On or near Springfield Road,E01012332,Darlington 005C,Anti-social behaviour,,
,2020-08,Durham Constabulary,Durham Constabulary,-1.536127,54.543339,On or near Cheviot Court,E01012332,Darlington 005C,Anti-social behaviour,,
,2020-08,Durham Constabulary,Durham Constabulary,-1.529039,54.545450,On or near Whinfield Road,E01012332,Darlington 005C,Anti-social behaviour,,
,2020-08,Durham Constabulary,Durham Constabulary,-1.527967,54.543199,On or near Nightingale Avenue,E01012332,Darlington 005C,Anti-social behaviour,,
,2020-08,Durham Constabulary,Durham Constabulary,-1.534494,54.544222,On or near Ajax Street,E01012332,Darlington 005C,Anti-social behaviour,,
,2020-08,Durham Constabulary,Durham Constabulary,-1.534494,54.544222,On or near Ajax Street,E01012332,Darlington 005C,Anti-social behaviour,,
,2020-08,Durham Constabulary,Durham Constabulary,-1.536127,54.543339,On or near Cheviot Court,E01012332,Darlington 005C,Anti-social behaviour,,
,2020-08,Durham Constabulary,Durham Constabulary,-1.531195,54.543409,On or near Belsay Walk,E01012332,Darlington 005C,Anti-social behaviour,,
ad626775d6a2406a6fd61775e861d48a8fc07cd045b69c8d3191749901df2bcb,2020-08,Durham Constabulary,Durham Constabulary,-1.531195,54.543409,On or near Belsay Walk,E01012332,Darlington 005C,Violence and sexual offences,Status update unavailable,
ba56372e00a607eb93368563a7ed29e0602f1a1515ba12932729affb241c1de7,2020-08,Durham Constabulary,Durham Constabulary,-1.532119,54.545049,On or near Falstone Terrace,E01012332,Darlington 005C,Violence and sexual offences,Unable to prosecute suspect,
524a03106dfa12b0a80b983d1c71c6745736c0db363fe119c613da83163bba93,2020-08,Durham Constabulary,Durham Constabulary,-1.531793,54.542531,On or near Corbridge Crescent,E01012332,Darlington 005C,Violence and sexual offences,Local resolution,
3962be5ff18f9b8d09e302591d323e4898691e1d59dff036ba367b6cd2f2e7e4,2020-08,Durham Constabulary,Durham Constabulary,-1.534494,54.544222,On or near Ajax Street,E01012332,Darlington 005C,Violence and sexual offences,Investigation complete; no suspect identified,
ec9a3cb865cc3131d8b1c753f6e0a8438d77cc8c7a847d3d245fb3e44bd2c1d0,2020-08,Durham Constabulary,Durham Constabulary,-1.533047,54.545052,On or near Gilsland Crescent,E01012332,Darlington 005C,Violence and sexual offences,Court result unavailable,
3025af1317e91b6ca13ed1b3bbaae1c46eae89ed8597e09eabb28b069f3dbb0c,2020-08,Durham Constabulary,Durham Constabulary,-1.531195,54.543409,On or near Belsay Walk,E01012332,Darlington 005C,Violence and sexual offences,Unable to prosecute suspect,
52ca22915257d9ca939ecf4888f67f3935992deb737911e40ebaf1a879c22deb,2020-08,Durham Constabulary,Durham Constabulary,-1.533047,54.545052,On or near Gilsland Crescent,E01012332,Darlington 005C,Violence and sexual offences,Unable to prosecute suspect,
efe898c22d4d4ae75206dd914ba7046fca2271a57c73d517d4afb45990ce3188,2020-08,Durham Constabulary,Durham Constabulary,-1.531793,54.542531,On or near Corbridge Crescent,E01012332,Darlington 005C,Violence and sexual offences,Investigation complete; no suspect identified,
ad626775d6a2406a6fd61775e861d48a8fc07cd045b69c8d3191749901df2bcb,2020-08,Durham Constabulary,Durham Constabulary,-1.531195,54.543409,On or near Belsay Walk,E01012332,Darlington 005C,Violence and sexual offences,Status update unavailable,
3f60e4bad25ba1a3a3c4ab41820390c2c7b57057d27f4cc20a011446e3620c6a,2020-08,Durham Constabulary,Durham Constabulary,-1.526297,54.543229,On or near Rockwell Avenue,E01012332,Darlington 005C,Violence and sexual offences,Further investigation is not in the public interest,
2ff064139dab25b69201abfbc0af283d0d487fd2a890f85bb13af86e9b75c5c3,2020-08,Durham Constabulary,Durham Constabulary,-1.531195,54.543409,On or near Belsay Walk,E01012332,Darlington 005C,Violence and sexual offences,Unable to prosecute suspect,
4c6e72e9c9f5b116f02f944e8e01a5b799d9cd8f32d7d665bf24c26ffedb2681,2020-08,Durham Constabulary,Durham Constabulary,-1.534231,54.541516,On or near Mossbank Grove,E01012333,Darlington 005D,Violence and sexual offences,Court result unavailable,
ab73dd371d83a9854c7f0cda6b16c5790ee38337cc31baaa4a20250355547ad9,2020-08,Durham Constabulary,Durham Constabulary,-1.534231,54.541516,On or near Mossbank Grove,E01012333,Darlington 005D,Violence and sexual offences,Court result unavailable,
57914de0f94f9fa5c66a130cab30ecfe733b93585450b6a1d61f17f79445ecb4,2020-08,Durham Constabulary,Durham Constabulary,-1.539286,54.541409,On or near Deorna Court,E01012333,Darlington 005D,Violence and sexual offences,Unable to prosecute suspect,
b197a7d858ba680cc6200dc2aa3397ce7c8fd29689a4cd8029c67f9b0c39f8bd,2020-08,Durham Constabulary,Durham Constabulary,-1.532466,54.541752,On or near Alnwick Place,E01012333,Darlington 005D,Violence and sexual offences,Unable to prosecute suspect,
,2020-08,Durham Constabulary,Durham Constabulary,-1.566621,54.540702,On or near Tristram Avenue,E01012309,Darlington 006A,Anti-social behaviour,,
,2020-08,Durham Constabulary,Durham Constabulary,-1.561765,54.539480,On or near Hensfield Grove,E01012309,Darlington 006A,Anti-social behaviour,,
,2020-08,Durham Constabulary,Durham Constabulary,-1.564497,54.538393,On or near Mansley Court,E01012309,Darlington 006A,Anti-social behaviour,,
,2020-08,Durham Constabulary,Durham Constabulary,-1.562125,54.537684,On or near Skeldale Grove,E01012309,Darlington 006A,Anti-social behaviour,,
,2020-08,Durham Constabulary,Durham Constabulary,-1.564497,54.538393,On or near Mansley Court,E01012309,Darlington 006A,Anti-social behaviour,,
,2020-08,Durham Constabulary,Durham Constabulary,-1.566621,54.540702,On or near Tristram Avenue,E01012309,Darlington 006A,Anti-social behaviour,,
ac13b46cc24ad85202952fc10d2413b5500da1a47366897ea7f3378d95c4542f,2020-08,Durham Constabulary,Durham Constabulary,-1.561765,54.539480,On or near Hensfield Grove,E01012309,Darlington 006A,Criminal damage and arson,Court result unavailable,
42716a493a0b6423e1b897885db1ed871a47ef5ed03c3e4eafc78c269d7c0a05,2020-08,Durham Constabulary,Durham Constabulary,-1.563367,54.540043,On or near Aldgrove Way,E01012309,Darlington 006A,Violence and sexual offences,Unable to prosecute suspect,
74765c16cccb32506079fbad37b989310a5ecede1b204c603a06f63a0d2cdd77,2020-08,Durham Constabulary,Durham Constabulary,-1.568557,54.538857,On or near Ivywood Court,E01012309,Darlington 006A,Violence and sexual offences,Unable to prosecute suspect,
8bf5b9a9a1079cce12b6c47efa4e3c385aad2d1ef40890ee9f6e8e2cda4265d6,2020-08,Durham Constabulary,Durham Constabulary,-1.566621,54.540702,On or near Tristram Avenue,E01012309,Darlington 006A,Violence and sexual offences,Unable to prosecute suspect,
c5a66a1f858d08307764497c9bd23ab749ae53dc3bacae160b93592de86c2339,2020-08,Durham Constabulary,Durham Constabulary,-1.568557,54.538857,On or near Ivywood Court,E01012309,Darlington 006A,Violence and sexual offences,Court result unavailable,
f9c1558db08eac8c998848422a5f8057d672088dacdabe6c9b6abbade78127e1,2020-08,Durham Constabulary,Durham Constabulary,-1.568557,54.538857,On or near Ivywood Court,E01012309,Darlington 006A,Violence and sexual offences,Unable to prosecute suspect,
,2020-08,Durham Constabulary,Durham Constabulary,-1.584738,54.540531,On or near Highfield Road,E01012310,Darlington 006B,Anti-social behaviour,,
ab47d8ab49f48aa457483a03213b5daad33e3b50ca1c1610c03a26bd1aea0f11,2020-08,Durham Constabulary,Durham Constabulary,-1.584429,54.535911,On or near Mary Court,E01012310,Darlington 006B,Criminal damage and arson,Investigation complete; no suspect identified,
7257e2a88d90de22b13e4f07b252c5cedb02d1ac36197f5055d3ac131c7cc2fc,2020-08,Durham Constabulary,Durham Constabulary,-1.584429,54.535911,On or near Mary Court,E01012310,Darlington 006B,Criminal damage and arson,Investigation complete; no suspect identified,
cd5fc6eb35d3e231025401b831198a5592f468b8711ec203a0b053af79367b5b,2020-08,Durham Constabulary,Durham Constabulary,-1.584429,54.535911,On or near Mary Court,E01012310,Darlington 006B,Criminal damage and arson,Investigation complete; no suspect identified,
1ffe7e3feae53b417003e0dcaffb32632cacc5f058af97b8c7acc8c0b3c581be,2020-08,Durham Constabulary,Durham Constabulary,-1.578663,54.540564,On or near Bowen Road,E01012310,Darlington 006B,Violence and sexual offences,Unable to prosecute suspect,
87b9962c1de1293cecff43d0fa9541b0813f1df116f9657e25c5e4eeb154d3bb,2020-08,Durham Constabulary,Durham Constabulary,-1.578663,54.540564,On or near Bowen Road,E01012310,Darlington 006B,Violence and sexual offences,Unable to prosecute suspect,
ba42869a9fb83b44b59b7a81acecce0187c4396c8ea1ac9031c803d9b3ef29f8,2020-08,Durham Constabulary,Durham Constabulary,-1.582702,54.538520,On or near School Street,E01012310,Darlington 006B,Violence and sexual offences,Unable to prosecute suspect,
f442ddfe7f5729277dfce45515c7bad9c00e5cfd703f5cd24a15bd102d09793d,2020-08,Durham Constabulary,Durham Constabulary,-1.579433,54.536298,On or near Prior Dene,E01012310,Darlington 006B,Violence and sexual offences,Unable to prosecute suspect,
,2020-08,Durham Constabulary,Durham Constabulary,-1.573507,54.539935,On or near Auckland Oval,E01012311,Darlington 006C,Anti-social behaviour,,
,2020-08,Durham Constabulary,Durham Constabulary,-1.573507,54.539935,On or near Auckland Oval,E01012311,Darlington 006C,Anti-social behaviour,,
,2020-08,Durham Constabulary,Durham Constabulary,-1.576038,54.535882,On or near Brinkburn Road,E01012311,Darlington 006C,Anti-social behaviour,,
,2020-08,Durham Constabulary,Durham Constabulary,-1.573507,54.539935,On or near Auckland Oval,E01012311,Darlington 006C,Anti-social behaviour,,
426f71daabc63f10305fdfd0a99c7f498144e3ac32da468c30b7845bfff431eb,2020-08,Durham Constabulary,Durham Constabulary,-1.571329,54.536863,On or near Rye Hill,E01012311,Darlington 006C,Burglary,Investigation complete; no suspect identified,
3ef39a5e3c8d4fd0ab73341528acb82f6fb9704c4d7adf60ebe9b182518d6610,2020-08,Durham Constabulary,Durham Constabulary,-1.575737,54.538011,On or near Auckland Avenue,E01012311,Darlington 006C,Violence and sexual offences,Unable to prosecute suspect,
2a4a95f8699fe29c0c5b357d8688a70aead6f9a4cb7f69efd309d616e2201be5,2020-08,Durham Constabulary,Durham Constabulary,-1.575737,54.538011,On or near Auckland Avenue,E01012311,Darlington 006C,Violence and sexual offences,Unable to prosecute suspect,
2b724fcca613c7ebd8efd77a96a624c349e17bbc0c8a5d091907ff5f4e608c8d,2020-08,Durham Constabulary,Durham Constabulary,-1.576276,54.538210,On or near Laing Street,E01012311,Darlington 006C,Violence and sexual offences,Investigation complete; no suspect identified,
7840b81476393deb1c12cc65c958df462913d40803fe2acbf59a6064a1eaac31,2020-08,Durham Constabulary,Durham Constabulary,-1.576276,54.538210,On or near Laing Street,E01012311,Darlington 006C,Violence and sexual offences,Investigation complete; no suspect identified,
,2020-08,Durham Constabulary,Durham Constabulary,-1.589223,54.540241,On or near Kenilworth Drive,E01012312,Darlington 006D,Anti-social behaviour,,
,2020-08,Durham Constabulary,Durham Constabulary,-1.593213,54.541585,On or near Wentworth Way,E01012312,Darlington 006D,Anti-social behaviour,,
3fc38a5cc6185026d22d791b0e16cadf8a4f3d960947741244c65c83deb45c8f,2020-08,Durham Constabulary,Durham Constabulary,-1.588052,54.541397,On or near Warwick Square,E01012312,Darlington 006D,Burglary,Unable to prosecute suspect,
59e01407d2b134f15bfad57ff7665d1a29178deb8a1bfae24d514d961c175629,2020-08,Durham Constabulary,Durham Constabulary,-1.590148,54.542015,On or near Minors Crescent,E01012312,Darlington 006D,Criminal damage and arson,Unable to prosecute suspect,
06b5e3c379933e80a191967ebabafd7bf4f8cf2b1e852f2a3453d9871e3f6fc0,2020-08,Durham Constabulary,Durham Constabulary,-1.593213,54.541585,On or near Wentworth Way,E01012312,Darlington 006D,Criminal damage and arson,Unable to prosecute suspect,
cd80cf3cea52ca2da0f08b0fc81ef064392710afc816a1fa8f9ecc6b8f4e5b2b,2020-08,Durham Constabulary,Durham Constabulary,-1.596373,54.539340,On or near Selby Crescent,E01012312,Darlington 006D,Public order,Investigation complete; no suspect identified,
aef38a48edcbf8551fe0a2fa8a08d4355efe792c2c9bb1c13cda2b0fb16863bf,2020-08,Durham Constabulary,Durham Constabulary,-1.591249,54.541623,On or near Arundel Drive,E01012312,Darlington 006D,Public order,Unable to prosecute suspect,
247cebdd4b4a259dc063f9e0840a993e9a022d8dfd6fa82b5440ab17cd397a73,2020-08,Durham Constabulary,Durham Constabulary,-1.586875,54.541662,On or near Richmond Close,E01012312,Darlington 006D,Public order,Unable to prosecute suspect,
6e2cbd6bf55b849bf80b52579024a4d5d8cc253f0929bfbc287b2181efad5a69,2020-08,Durham Constabulary,Durham Constabulary,-1.590148,54.542015,On or near Minors Crescent,E01012312,Darlington 006D,Violence and sexual offences,Unable to prosecute suspect,
6b061cd1575ccb7efc931fd8ea801d299c4e2c78f229952b1767ca498a3fa5c7,2020-08,Durham Constabulary,Durham Constabulary,-1.593213,54.541585,On or near Wentworth Way,E01012312,Darlington 006D,Violence and sexual offences,Unable to prosecute suspect,
cb5bbcc1fe97ba112dce7422d0cd10520611ea29c6a2e9ccf54ae60a5facb387,2020-08,Durham Constabulary,Durham Constabulary,-1.590148,54.542015,On or near Minors Crescent,E01012312,Darlington 006D,Violence and sexual offences,Court result unavailable,
c7668b52bf82330681019f4dbb8f06f008c819b52af9369a585d5218eba9bcde,2020-08,Durham Constabulary,Durham Constabulary,-1.588052,54.541397,On or near Warwick Square,E01012312,Darlington 006D,Violence and sexual offences,Unable to prosecute suspect,
2785e4642651139383d0162b645b4da6a8f799fd1c5c21e176f72ff1e19586c1,2020-08,Durham Constabulary,Durham Constabulary,-1.586875,54.541662,On or near Richmond Close,E01012312,Darlington 006D,Violence and sexual offences,Unable to prosecute suspect,
,2020-08,Durham Constabulary,Durham Constabulary,-1.588292,54.535969,On or near Dryburgh View,E01012313,Darlington 006E,Anti-social behaviour,,
,2020-08,Durham Constabulary,Durham Constabulary,-1.592475,54.536460,On or near Eggleston View,E01012313,Darlington 006E,Anti-social behaviour,,
,2020-08,Durham Constabulary,Durham Constabulary,-1.591419,54.540105,On or near Berwick Road,E01012313,Darlington 006E,Anti-social behaviour,,
,2020-08,Durham Constabulary,Durham Constabulary,-1.581272,54.534867,On or near Hill Garth,E01012313,Darlington 006E,Anti-social behaviour,,
b0fe8e47ae44b1459cc77860ca56156f317be3b5c9c61fc98aba8256e27512c8,2020-08,Durham Constabulary,Durham Constabulary,-1.578905,54.533528,On or near Supermarket,E01012313,Darlington 006E,Bicycle theft,Unable to prosecute suspect,
27ed88b5f0b052922a021be62980468f405dde5473110ce0e1e3c358d13a172c,2020-08,Durham Constabulary,Durham Constabulary,-1.589866,54.537736,On or near Bolton Close,E01012313,Darlington 006E,Criminal damage and arson,Unable to prosecute suspect,
c0c56614c83f2dd566ea22e3337a65df55bafd07fc84700444795165bad499ac,2020-08,Durham Constabulary,Durham Constabulary,-1.578905,54.533528,On or near Supermarket,E01012313,Darlington 006E,Drugs,Formal action is not in the public interest,
c065ae23d60c419bba30dbc6e38f23415a79b56bd58e66cd2df9171a1e09d4ee,2020-08,Durham Constabulary,Durham Constabulary,-1.590208,54.539112,On or near Newton Lane,E01012313,Darlington 006E,Public order,Court result unavailable,
5866b4ab06ec8d0ae1c4dceb8493690d40b98b54565cf77ee88facf0017d7484,2020-08,Durham Constabulary,Durham Constabulary,-1.578905,54.533528,On or near Supermarket,E01012313,Darlington 006E,Shoplifting,Court result unavailable,
4aeeea4eb0a5d585810de6e518df8ad2317478804a26d623dac838ea73602eae,2020-08,Durham Constabulary,Durham Constabulary,-1.587454,54.537836,On or near Cleasby View,E01012313,Darlington 006E,Vehicle crime,Unable to prosecute suspect,
edf11bb107b360eec3b77ca8c60fbe3aa71fbfbac25868100b74ba6f68298e61,2020-08,Durham Constabulary,Durham Constabulary,-1.589866,54.537736,On or near Bolton Close,E01012313,Darlington 006E,Violence and sexual offences,Court result unavailable,
13059fbe8812be060d52017e67a3a19696571a6441c0f01a0c6ee5803b2a967d,2020-08,Durham Constabulary,Durham Constabulary,-1.580861,54.534254,On or near Cockerton Green,E01012313,Darlington 006E,Violence and sexual offences,Unable to prosecute suspect,
941ae32e1b4afd6287d8f7ecac818d40c1b9333a4120a0b5f7d61da9c9b46cd2,2020-08,Durham Constabulary,Durham Constabulary,-1.579409,54.534123,On or near Forcett Street,E01012313,Darlington 006E,Violence and sexual offences,Further investigation is not in the public interest,
f33c871ac8f71d7d5ce858de7de735a024049c2778e5d609133017a30af7deca,2020-08,Durham Constabulary,Durham Constabulary,-1.579409,54.534123,On or near Forcett Street,E01012313,Darlington 006E,Violence and sexual offences,Further investigation is not in the public interest,
08f4c76f423cf56410be56b0ebed295d9e1617d9151a3607b004c6472edd0dbb,2020-08,Durham Constabulary,Durham Constabulary,-1.593976,54.537867,On or near Bylands Way,E01012313,Darlington 006E,Violence and sexual offences,Unable to prosecute suspect,
3b45072f352aea7683e4c40dac49cf1f4534f90015b63a34c9549c25b26b033d,2020-08,Durham Constabulary,Durham Constabulary,-1.580861,54.534254,On or near Cockerton Green,E01012313,Darlington 006E,Violence and sexual offences,Unable to prosecute suspect,
21dcc4ed67c904273e29850874ecd9afeb10379507803352062966311322cfa1,2020-08,Durham Constabulary,Durham Constabulary,-1.590208,54.539112,On or near Newton Lane,E01012313,Darlington 006E,Violence and sexual offences,Unable to prosecute suspect,
f878a26d0ebaf6e5718a6c773c6f88ed891816fc75410510bffd6b6037c20a0a,2020-08,Durham Constabulary,Durham Constabulary,-1.579409,54.534123,On or near Forcett Street,E01012313,Darlington 006E,Violence and sexual offences,Unable to prosecute suspect,
96c6ee93135077daf51c522b5d76205614eefc44b64bedac8d01d4dc92f95923,2020-08,Durham Constabulary,Durham Constabulary,-1.579409,54.534123,On or near Forcett Street,E01012313,Darlington 006E,Violence and sexual offences,Unable to prosecute suspect,
11f918183e92d744176f2794eb780ead9a96bafcc5858172e8982b2a0ece6f5b,2020-08,Durham Constabulary,Durham Constabulary,-1.590208,54.539112,On or near Newton Lane,E01012313,Darlington 006E,Violence and sexual offences,Unable to prosecute suspect,
fdb2efb5d7c32776f26242ab8ef287b77cb1ad0a490fe0377a3711e7bff2149a,2020-08,Durham Constabulary,Durham Constabulary,-1.588292,54.535969,On or near Dryburgh View,E01012313,Darlington 006E,Violence and sexual offences,Status update unavailable,
3887c3620adf46961123cebcc8a0b1547b916424729567a1256fe35bcb002d4c,2020-08,Durham Constabulary,Durham Constabulary,-1.579409,54.534123,On or near Forcett Street,E01012313,Darlington 006E,Violence and sexual offences,Unable to prosecute suspect,
998efafc14248c5dd453338d60180c851164577767ae3d7eea09acbfad59902d,2020-08,Durham Constabulary,Durham Constabulary,-1.588292,54.535969,On or near Dryburgh View,E01012313,Darlington 006E,Violence and sexual offences,Unable to prosecute suspect,
39fd8fe62f335411e6bec7c940d047d3b89faeca835ae40afa203db3a283e57f,2020-08,Durham Constabulary,Durham Constabulary,-1.589533,54.535551,On or near Fountains View,E01012313,Darlington 006E,Violence and sexual offences,Unable to prosecute suspect,
830a44cc5e485b789ae97546313a986dfc91f494d0e03916cea9b3915564318e,2020-08,Durham Constabulary,Durham Constabulary,-1.579409,54.534123,On or near Forcett Street,E01012313,Darlington 006E,Violence and sexual offences,Unable to prosecute suspect,
fdb2efb5d7c32776f26242ab8ef287b77cb1ad0a490fe0377a3711e7bff2149a,2020-08,Durham Constabulary,Durham Constabulary,-1.588292,54.535969,On or near Dryburgh View,E01012313,Darlington 006E,Violence and sexual offences,Investigation complete; no suspect identified,
a9369daf6c2f687f37afb217710e898356f295f8fa0ab2286a82c81f5fe90019,2020-08,Durham Constabulary,Durham Constabulary,-1.591419,54.540105,On or near Berwick Road,E01012313,Darlington 006E,Violence and sexual offences,Unable to prosecute suspect,
a492c248fe6a40f4406391cf864ec61c5d92205c2d367458529a0c3cbdce8de4,2020-08,Durham Constabulary,Durham Constabulary,-1.588292,54.535969,On or near Dryburgh View,E01012313,Darlington 006E,Violence and sexual offences,Further investigation is not in the public interest,
2299ccf38825f9a590e3132185ae3d891f185b2ea81d5c5e78a4ad672632728e,2020-08,Durham Constabulary,Durham Constabulary,-1.588292,54.535969,On or near Dryburgh View,E01012313,Darlington 006E,Other crime,Unable to prosecute suspect,
a1829ac1f4ffb3dc0521bec1596f4d36901b03d71d8a1671dd759609c2068c95,2020-08,Durham Constabulary,Durham Constabulary,-1.579409,54.534123,On or near Forcett Street,E01012313,Darlington 006E,Other crime,Further investigation is not in the public interest,
,2020-08,Durham Constabulary,Durham Constabulary,-1.602553,54.539513,On or near Malvern Crescent,E01012314,Darlington 006F,Anti-social behaviour,,
,2020-08,Durham Constabulary,Durham Constabulary,-1.601824,54.538180,On or near Sherborne Close,E01012314,Darlington 006F,Anti-social behaviour,,
,2020-08,Durham Constabulary,Durham Constabulary,-1.600668,54.540998,On or near Tintern Avenue,E01012314,Darlington 006F,Anti-social behaviour,,
,2020-08,Durham Constabulary,Durham Constabulary,-1.601824,54.538180,On or near Sherborne Close,E01012314,Darlington 006F,Anti-social behaviour,,
,2020-08,Durham Constabulary,Durham Constabulary,-1.598440,54.541243,On or near Hexham Way,E01012314,Darlington 006F,Anti-social behaviour,,
,2020-08,Durham Constabulary,Durham Constabulary,-1.600287,54.538876,On or near Sawley Close,E01012314,Darlington 006F,Anti-social behaviour,,
,2020-08,Durham Constabulary,Durham Constabulary,-1.600668,54.540998,On or near Tintern Avenue,E01012314,Darlington 006F,Anti-social behaviour,,
,2020-08,Durham Constabulary,Durham Constabulary,-1.601824,54.538180,On or near Sherborne Close,E01012314,Darlington 006F,Anti-social behaviour,,
,2020-08,Durham Constabulary,Durham Constabulary,-1.601824,54.538180,On or near Sherborne Close,E01012314,Darlington 006F,Anti-social behaviour,,
,2020-08,Durham Constabulary,Durham Constabulary,-1.601824,54.538180,On or near Sherborne Close,E01012314,Darlington 006F,Anti-social behaviour,,
,2020-08,Durham Constabulary,Durham Constabulary,-1.601824,54.538180,On or near Sherborne Close,E01012314,Darlington 006F,Anti-social behaviour,,
51e1cb84a8228a3cf1395287f50a61d9140ef084f7af858911abc10a0b9d6e8d,2020-08,Durham Constabulary,Durham Constabulary,-1.600668,54.540998,On or near Tintern Avenue,E01012314,Darlington 006F,Criminal damage and arson,Unable to prosecute suspect,
30d61d19103658a4d7e4bbc10c13e6a1cb813c327ee539d129c838775de6d44f,2020-08,Durham Constabulary,Durham Constabulary,-1.598440,54.541243,On or near Hexham Way,E01012314,Darlington 006F,Criminal damage and arson,Local resolution,
3485ec68ab8ceb51a6e8fff04b6ec83e4e30799f3f13081cd69241a5306e0c43,2020-08,Durham Constabulary,Durham Constabulary,-1.597049,54.541247,On or near Wimborne Close,E01012314,Darlington 006F,Public order,Court result unavailable,
42579b43afdac603c68fbc744f3a2469bf0c24541e6ab69c38cee71d0834e421,2020-08,Durham Constabulary,Durham Constabulary,-1.602553,54.539513,On or near Malvern Crescent,E01012314,Darlington 006F,Violence and sexual offences,Investigation complete; no suspect identified,
f79ed8bd7162ceaf0f720cd227cbdd4540abb9cefc6c5d9c3f3ccd03b56f48d5,2020-08,Durham Constabulary,Durham Constabulary,-1.601824,54.538180,On or near Sherborne Close,E01012314,Darlington 006F,Violence and sexual offences,Status update unavailable,
e722bc198ce3447f7fb8d2f3f5ae6b15b7d7d47ad16b21fcf342787206d67298,2020-08,Durham Constabulary,Durham Constabulary,-1.601824,54.538180,On or near Sherborne Close,E01012314,Darlington 006F,Violence and sexual offences,Unable to prosecute suspect,
077b14a0e09d8aa31f2e6a13894b5e7191bd99798697462fd369afdbcb1702fa,2020-08,Durham Constabulary,Durham Constabulary,-1.601824,54.538180,On or near Sherborne Close,E01012314,Darlington 006F,Violence and sexual offences,Court result unavailable,
36ec1db462176b44710741be88ecbd8b1d038b1d7892df0b35aea72b4b466b74,2020-08,Durham Constabulary,Durham Constabulary,-1.602553,54.539513,On or near Malvern Crescent,E01012314,Darlington 006F,Violence and sexual offences,Investigation complete; no suspect identified,
59a4bf8af28d2d46cdbdef117b1831d5d9e24409ca812bb17dd9b146e3689fd7,2020-08,Durham Constabulary,Durham Constabulary,-1.601824,54.538180,On or near Sherborne Close,E01012314,Darlington 006F,Violence and sexual offences,Unable to prosecute suspect,
999f98fb000000c4543d7552b6f644f4074a2ba1fc3f5bdb07f7a08f4b6576a7,2020-08,Durham Constabulary,Durham Constabulary,-1.598440,54.541243,On or near Hexham Way,E01012314,Darlington 006F,Violence and sexual offences,Unable to prosecute suspect,
cd7d956d0a27707f955862380d7a2eb481dc4bce3605c7128f5532a155a29188,2020-08,Durham Constabulary,Durham Constabulary,-1.601824,54.538180,On or near Sherborne Close,E01012314,Darlington 006F,Violence and sexual offences,Unable to prosecute suspect,
61d3e152d9a0d961c25810f65bcee08294ae9514b2c044d48d04efc3e10d10ef,2020-08,Durham Constabulary,Durham Constabulary,-1.601824,54.538180,On or near Sherborne Close,E01012314,Darlington 006F,Other crime,Unable to prosecute suspect,
,2020-08,Durham Constabulary,Durham Constabulary,-1.557681,54.536985,On or near Alliance Street,E01012362,Darlington 007A,Anti-social behaviour,,
,2020-08,Durham Constabulary,Durham Constabulary,-1.557681,54.536985,On or near Alliance Street,E01012362,Darlington 007A,Anti-social behaviour,,
,2020-08,Durham Constabulary,Durham Constabulary,-1.560233,54.536805,On or near Brinkburn Road,E01012362,Darlington 007A,Anti-social behaviour,,
,2020-08,Durham Constabulary,Durham Constabulary,-1.557681,54.536985,On or near Alliance Street,E01012362,Darlington 007A,Anti-social behaviour,,
,2020-08,Durham Constabulary,Durham Constabulary,-1.557733,54.536446,On or near Ann'S Terrace,E01012362,Darlington 007A,Anti-social behaviour,,
,2020-08,Durham Constabulary,Durham Constabulary,-1.560352,54.535790,On or near Wilson Street,E01012362,Darlington 007A,Anti-social behaviour,,
0cec98309332adcdd85da99d2202235c11a5f0fc005d69750dcb86396f2d263a,2020-08,Durham Constabulary,Durham Constabulary,-1.561032,54.535802,On or near Chandos Street,E01012362,Darlington 007A,Burglary,Investigation complete; no suspect identified,
c03677a38a7eefd7045b741364f9e071110a1278b16b1a4ad4bfe1a62411266f,2020-08,Durham Constabulary,Durham Constabulary,-1.557251,54.536749,On or near Otley Terrace,E01012362,Darlington 007A,Criminal damage and arson,Investigation complete; no suspect identified,
115f3e36cb27abc4e0ddd66a688f6663ab8df7eba1edec9ec06f665dd499c99e,2020-08,Durham Constabulary,Durham Constabulary,-1.561693,54.534744,On or near Northcote Terrace,E01012362,Darlington 007A,Criminal damage and arson,Investigation complete; no suspect identified,
235d5e57de13e41c76c5d2664902bb61bbc76488b980a71ecb07d420f5e364af,2020-08,Durham Constabulary,Durham Constabulary,-1.557801,54.535934,On or near Farrer Street,E01012362,Darlington 007A,Drugs,Court result unavailable,
048c4a8c3452baf5253abf0c76204c7b9e1385224c605f3ecee0737ef7ef5ed3,2020-08,Durham Constabulary,Durham Constabulary,-1.562901,54.535916,On or near Cartmell Terrace,E01012362,Darlington 007A,Other theft,Investigation complete; no suspect identified,
d625ca8fdf8c7519314e03a5baf07639f93b8df4c7ba40a13ba5fbc2d38a355f,2020-08,Durham Constabulary,Durham Constabulary,-1.557801,54.535934,On or near Farrer Street,E01012362,Darlington 007A,Public order,Unable to prosecute suspect,
5f2333d839ba9947ee10fb7741d8b9e76f280ebb74a6ec23b261f00944178330,2020-08,Durham Constabulary,Durham Constabulary,-1.560233,54.536805,On or near Brinkburn Road,E01012362,Darlington 007A,Shoplifting,Court result unavailable,
f5f18ba1e8faacea80ce2ec27ca82fd06d6857053412bf950e798f5aa02ca60d,2020-08,Durham Constabulary,Durham Constabulary,-1.562901,54.535916,On or near Cartmell Terrace,E01012362,Darlington 007A,Theft from the person,Investigation complete; no suspect identified,
5613647454ba93951e33ba3289863223230e3e962e1e1279b4e100289ab789e2,2020-08,Durham Constabulary,Durham Constabulary,-1.560233,54.536805,On or near Brinkburn Road,E01012362,Darlington 007A,Violence and sexual offences,Unable to prosecute suspect,
53b50d8ab4905c3e3996a634e4b069a4e487a2e76a618079a1295191605f2585,2020-08,Durham Constabulary,Durham Constabulary,-1.559624,54.535958,On or near Barron Street,E01012362,Darlington 007A,Violence and sexual offences,Unable to prosecute suspect,
01b27fe760c280f5b56a2e195d273f07cd182dca1582eb88f96bac9690131de3,2020-08,Durham Constabulary,Durham Constabulary,-1.561693,54.534744,On or near Northcote Terrace,E01012362,Darlington 007A,Violence and sexual offences,Unable to prosecute suspect,
6cde0655eb28cafa081eac0b7d133db3f656d603d413c0efd5908ff0efe7c181,2020-08,Durham Constabulary,Durham Constabulary,-1.558765,54.535326,On or near Surtees Street,E01012362,Darlington 007A,Violence and sexual offences,Unable to prosecute suspect,
1b804d57f48f26a2458c14d892b5414a3e156db7cd1446045ab7bf8ab951b1ca,2020-08,Durham Constabulary,Durham Constabulary,-1.557801,54.535934,On or near Farrer Street,E01012362,Darlington 007A,Violence and sexual offences,Further investigation is not in the public interest,
f028cb51dee46ba914dedd6908ffb1dd769b01dea6c044b1314fee586529bc9b,2020-08,Durham Constabulary,Durham Constabulary,-1.560352,54.535790,On or near Wilson Street,E01012362,Darlington 007A,Other crime,Unable to prosecute suspect,
9e00e47bbae29fc5c4bfc700af4d177ebbe8fa7af76fdd1da469eda44f6d86e3,2020-08,Durham Constabulary,Durham Constabulary,-1.557801,54.535934,On or near Farrer Street,E01012362,Darlington 007A,Other crime,Court result unavailable,
,2020-08,Durham Constabulary,Durham Constabulary,-1.568598,54.536404,On or near Acacia Street,E01012363,Darlington 007B,Anti-social behaviour,,
209165c2771174756c8a888f5403a2ede1b3414f4e0a080fec56932a58b760dd,2020-08,Durham Constabulary,Durham Constabulary,-1.571577,54.535291,On or near Cedar Road,E01012363,Darlington 007B,Burglary,Investigation complete; no suspect identified,
945a8e1a24a31eb2ca91b56f63995e45778a60518bfc1a8b6905b6f050e81cea,2020-08,Durham Constabulary,Durham Constabulary,-1.565249,54.535979,On or near Major Street,E01012363,Darlington 007B,Criminal damage and arson,Investigation complete; no suspect identified,
7649f25fa52aaaad7ce69d94a6726232d28de09178b6fae48158c070056b365b,2020-08,Durham Constabulary,Durham Constabulary,-1.565249,54.535979,On or near Major Street,E01012363,Darlington 007B,Criminal damage and arson,Investigation complete; no suspect identified,
59035225f20bdaf17cd1c1bf50b95814490bfa00958fd49a622c8673ff4935d7,2020-08,Durham Constabulary,Durham Constabulary,-1.564698,54.534062,On or near Columbia Street,E01012363,Darlington 007B,Criminal damage and arson,Local resolution,
024adaad34b611733c94d99451d60237815edd36ebda3f44901681a9233e8514,2020-08,Durham Constabulary,Durham Constabulary,-1.564306,54.536002,On or near Trafalgar Terrace,E01012363,Darlington 007B,Public order,Unable to prosecute suspect,
8ff06d0680953a2b063a9deb198c5215fa53a214054bff03cc71c4bfdfb22b20,2020-08,Durham Constabulary,Durham Constabulary,-1.563496,54.535199,On or near Willow Road East,E01012363,Darlington 007B,Vehicle crime,Investigation complete; no suspect identified,
1e727055543c1bc23d92c57abcd55fa51312a1110e9b2d3087656a69b701740c,2020-08,Durham Constabulary,Durham Constabulary,-1.564306,54.536002,On or near Trafalgar Terrace,E01012363,Darlington 007B,Vehicle crime,Unable to prosecute suspect,
ba36a1d3640d528bf0f6d3148de9032818483f09923e3a777b3f23df00586103,2020-08,Durham Constabulary,Durham Constabulary,-1.564698,54.534062,On or near Columbia Street,E01012363,Darlington 007B,Violence and sexual offences,Unable to prosecute suspect,
,2020-08,Durham Constabulary,Durham Constabulary,-1.567973,54.531198,On or near Oakhurst Road,E01012364,Darlington 007C,Anti-social behaviour,,
,2020-08,Durham Constabulary,Durham Constabulary,-1.567973,54.531198,On or near Oakhurst Road,E01012364,Darlington 007C,Anti-social behaviour,,
,2020-08,Durham Constabulary,Durham Constabulary,-1.568462,54.533213,On or near Vine Street,E01012364,Darlington 007C,Anti-social behaviour,,
ac20bebbc31925fcf8225410bc8c002c6a6627a1143dc4a783d95ec5eaeeda43,2020-08,Durham Constabulary,Durham Constabulary,-1.566342,54.533529,On or near Vancouver Street,E01012364,Darlington 007C,Criminal damage and arson,Investigation complete; no suspect identified,
b0e7e5c1c82cc8fdc81866ad663b36fba5b03ae707929d9af5145d48b08d6212,2020-08,Durham Constabulary,Durham Constabulary,-1.563996,54.533242,On or near Reid Street,E01012364,Darlington 007C,Violence and sexual offences,Court result unavailable,
236c8f435a59e0ec687847b94e5f0db9cff2733046843f9f9a357346594bd8a4,2020-08,Durham Constabulary,Durham Constabulary,-1.567337,54.531484,On or near Witbank Road,E01012364,Darlington 007C,Violence and sexual offences,Further investigation is not in the public interest,
c79cdc0228dcd991c62077b69fbe7e859c479bd4e024e1e4314108ca723d2852,2020-08,Durham Constabulary,Durham Constabulary,-1.563996,54.533242,On or near Reid Street,E01012364,Darlington 007C,Violence and sexual offences,Unable to prosecute suspect,
eebd54c8ee837e5700d0a024745e6e65d51c1c480f75fc9f16f80d862879d305,2020-08,Durham Constabulary,Durham Constabulary,-1.567062,54.534098,On or near Harding Terrace,E01012364,Darlington 007C,Violence and sexual offences,Unable to prosecute suspect,
283e5d0aa2c7da7eddf1c0109bdcf274d500ce719395b65fce5d0680393776cb,2020-08,Durham Constabulary,Durham Constabulary,-1.565095,54.534477,On or near Newfoundland Street,E01012364,Darlington 007C,Violence and sexual offences,Unable to prosecute suspect,
ed7240410aad7cdd35b6e6d32a41bf2872468079c065879cae89895f2ddd6f1a,2020-08,Durham Constabulary,Durham Constabulary,-1.565923,54.533644,On or near Craig Street,E01012364,Darlington 007C,Violence and sexual offences,Unable to prosecute suspect,
da55ac816bce651e2603e0eeb5d55eb30d6f97e34d01ae2cc69d7ae175103305,2020-08,Durham Constabulary,Durham Constabulary,-1.563996,54.533242,On or near Reid Street,E01012364,Darlington 007C,Violence and sexual offences,Court result unavailable,
,2020-08,Durham Constabulary,Durham Constabulary,-1.576771,54.535211,On or near Garthlands Road,E01012365,Darlington 007D,Anti-social behaviour,,
472e2711e0ab841a1505d01b34bc2326c03ad09c5a5094ea83178b80b4295615,2020-08,Durham Constabulary,Durham Constabulary,-1.573282,54.533329,On or near Deneside Road,E01012365,Darlington 007D,Criminal damage and arson,Unable to prosecute suspect,
b0e162e3e419735ea56c8e72e9b0b38a17b5cd61482b81513e43ba6313145adc,2020-08,Durham Constabulary,Durham Constabulary,-1.573282,54.533329,On or near Deneside Road,E01012365,Darlington 007D,Criminal damage and arson,Further investigation is not in the public interest,
93b40681852fe4775a043dd06f41ac3bdd61c1b91079b141cc96f09eecad3fda,2020-08,Durham Constabulary,Durham Constabulary,-1.571694,54.534501,On or near Willow Road,E01012365,Darlington 007D,Criminal damage and arson,Investigation complete; no suspect identified,
271ce51ecedc65cda82b2678e00b9a93e2c0c4abcfbb101cbefe25018f77b5fc,2020-08,Durham Constabulary,Durham Constabulary,-1.577969,54.534451,On or near Police Station,E01012365,Darlington 007D,Other theft,Investigation complete; no suspect identified,
44bb85bc1c5bf5a366423c11354d6684a187b42be6d5900017ec0767082fcbfc,2020-08,Durham Constabulary,Durham Constabulary,-1.577574,54.535240,On or near Moorlands Road,E01012365,Darlington 007D,Public order,Unable to prosecute suspect,
f5b330f5c1c6f069dbde0e2ba903318a41cbb57cf02368aadc9d64a6060faac0,2020-08,Durham Constabulary,Durham Constabulary,-1.578163,54.535126,On or near Supermarket,E01012365,Darlington 007D,Public order,Unable to prosecute suspect,
4fc28257c16754f85023d87ba5671106bfe7928405a48270a783cb54f03e7784,2020-08,Durham Constabulary,Durham Constabulary,-1.571694,54.534501,On or near Willow Road,E01012365,Darlington 007D,Public order,Unable to prosecute suspect,
150ef4677a606ce05e4acc70f8f74dfa53b484410742e75708a162167c4c65e4,2020-08,Durham Constabulary,Durham Constabulary,-1.573481,54.532054,On or near Dene Grove,E01012365,Darlington 007D,Robbery,Unable to prosecute suspect,
6d2f646208f053c4ed30033ba1fd8390d56a80771a74ec92115a592d1b3257f6,2020-08,Durham Constabulary,Durham Constabulary,-1.573282,54.533329,On or near Deneside Road,E01012365,Darlington 007D,Violence and sexual offences,Further investigation is not in the public interest,
4778268116089d6e89b10d77e70e95510c4b1731a5c0a50c399bf39d8311f28a,2020-08,Durham Constabulary,Durham Constabulary,-1.573282,54.533329,On or near Deneside Road,E01012365,Darlington 007D,Violence and sexual offences,Unable to prosecute suspect,
97012b38e3fd01a2faa2b239c566e72fe4eba80a4aaffe19d8817ea9171819c0,2020-08,Durham Constabulary,Durham Constabulary,-1.575097,54.534198,On or near Westlands Road,E01012365,Darlington 007D,Violence and sexual offences,Local resolution,
77225d9926ab2c2635220635c8789a8377a24ea636a4a605aeccf48d1942dd2d,2020-08,Durham Constabulary,Durham Constabulary,-1.575097,54.534198,On or near Westlands Road,E01012365,Darlington 007D,Violence and sexual offences,Local resolution,
,2020-08,Durham Constabulary,Durham Constabulary,-1.559472,54.532839,On or near Marshall Street,E01012353,Darlington 008B,Anti-social behaviour,,
,2020-08,Durham Constabulary,Durham Constabulary,-1.561588,54.531508,On or near Warren Street,E01012353,Darlington 008B,Anti-social behaviour,,
,2020-08,Durham Constabulary,Durham Constabulary,-1.561622,54.532631,On or near Beaconsfield Street,E01012353,Darlington 008B,Anti-social behaviour,,
,2020-08,Durham Constabulary,Durham Constabulary,-1.562383,54.533748,On or near Widdowfield Street,E01012353,Darlington 008B,Anti-social behaviour,,
,2020-08,Durham Constabulary,Durham Constabulary,-1.560199,54.532806,On or near Barningham Street,E01012353,Darlington 008B,Anti-social behaviour,,
,2020-08,Durham Constabulary,Durham Constabulary,-1.560889,54.531901,On or near Salisbury Terrace,E01012353,Darlington 008B,Anti-social behaviour,,
,2020-08,Durham Constabulary,Durham Constabulary,-1.559272,54.531320,On or near Kingston Street,E01012353,Darlington 008B,Anti-social behaviour,,
,2020-08,Durham Constabulary,Durham Constabulary,-1.558746,54.532855,On or near Kitchener Street,E01012353,Darlington 008B,Anti-social behaviour,,
,2020-08,Durham Constabulary,Durham Constabulary,-1.560889,54.531901,On or near Salisbury Terrace,E01012353,Darlington 008B,Anti-social behaviour,,
,2020-08,Durham Constabulary,Durham Constabulary,-1.559272,54.531320,On or near Kingston Street,E01012353,Darlington 008B,Anti-social behaviour,,
,2020-08,Durham Constabulary,Durham Constabulary,-1.560199,54.532806,On or near Barningham Street,E01012353,Darlington 008B,Anti-social behaviour,,
,2020-08,Durham Constabulary,Durham Constabulary,-1.558746,54.532855,On or near Kitchener Street,E01012353,Darlington 008B,Anti-social behaviour,,
2b0bc3896bbe5ea2cc62e09ab95e19cc5107692ef83d204b6bb003b71b45bc39,2020-08,Durham Constabulary,Durham Constabulary,-1.557319,54.533317,On or near Mildred Street,E01012353,Darlington 008B,Bicycle theft,Unable to prosecute suspect,
41218ad461d2ea8c07fde4a7435e7ecf6c166eca4b90a6edc909653fed9712e8,2020-08,Durham Constabulary,Durham Constabulary,-1.560880,54.534120,On or near Surtees Street,E01012353,Darlington 008B,Criminal damage and arson,Unable to prosecute suspect,
c01b069d671796eb2a28144562fc3ba3193286d23f921033157154ede379a0d8,2020-08,Durham Constabulary,Durham Constabulary,-1.561588,54.531508,On or near Warren Street,E01012353,Darlington 008B,Criminal damage and arson,Investigation complete; no suspect identified,
d28f5206969202b337285663469018bcb84ee3c4e8aeffed0340cc616d3381fa,2020-08,Durham Constabulary,Durham Constabulary,-1.561622,54.532631,On or near Beaconsfield Street,E01012353,Darlington 008B,Other theft,Unable to prosecute suspect,
45bc2a470b35e95068d364413b6173b09c7be754c7fe9895b4d46479d5fc57ec,2020-08,Durham Constabulary,Durham Constabulary,-1.560199,54.532806,On or near Barningham Street,E01012353,Darlington 008B,Other theft,Unable to prosecute suspect,
83fe4512c2bb4620a5e3a6c5b4fb39579a5f03488b377aa5644b68b81f16a5b2,2020-08,Durham Constabulary,Durham Constabulary,-1.560889,54.531901,On or near Salisbury Terrace,E01012353,Darlington 008B,Other theft,Unable to prosecute suspect,
660ab7d21de496163fc212b0dbcf3efd4f07ab4a744f322f4fbea0d14b85b347,2020-08,Durham Constabulary,Durham Constabulary,-1.561622,54.532631,On or near Beaconsfield Street,E01012353,Darlington 008B,Public order,Investigation complete; no suspect identified,
a31e4c174fac57bc49cf1e2a46f446a732190c756b144ee46bd0edaf61f3e8c5,2020-08,Durham Constabulary,Durham Constabulary,-1.562383,54.533748,On or near Widdowfield Street,E01012353,Darlington 008B,Public order,Unable to prosecute suspect,
25cc722c8297bc68d0a8af12fdc4ab6aab26755b61cc19ecfe3e007c0b0fd3da,2020-08,Durham Constabulary,Durham Constabulary,-1.560889,54.531901,On or near Salisbury Terrace,E01012353,Darlington 008B,Public order,Investigation complete; no suspect identified,
675a22deebdd8019e49f657747e16f431b822bcac6be3642a97587f2729db4c9,2020-08,Durham Constabulary,Durham Constabulary,-1.559121,54.533916,On or near Widdowfield Street,E01012353,Darlington 008B,Public order,Investigation complete; no suspect identified,
212de513a360112ed638398b014fb6ab1e714f14e409be3d77d9cb6fdbcee4f7,2020-08,Durham Constabulary,Durham Constabulary,-1.557319,54.533317,On or near Mildred Street,E01012353,Darlington 008B,Violence and sexual offences,Unable to prosecute suspect,
668aca11552878d4a6677715deb85895e09e0706f26034a83bef6feeea45c8e1,2020-08,Durham Constabulary,Durham Constabulary,-1.559272,54.531320,On or near Kingston Street,E01012353,Darlington 008B,Violence and sexual offences,Unable to prosecute suspect,
5cb007ef65a46a91a7c17ddf2df8a16352d68c4111462c5eba318fcc9a70d49e,2020-08,Durham Constabulary,Durham Constabulary,-1.557319,54.533317,On or near Mildred Street,E01012353,Darlington 008B,Violence and sexual offences,Court result unavailable,
be74535c1673790c9f00b348e23015d88cac99cb722e1d849c70768354a51c0e,2020-08,Durham Constabulary,Durham Constabulary,-1.562383,54.533748,On or near Widdowfield Street,E01012353,Darlington 008B,Violence and sexual offences,Further action is not in the public interest,
c7006b7fe4ca9044a8b14deb19d15d29e5b86ae9e973f2314b392b75a4e36b85,2020-08,Durham Constabulary,Durham Constabulary,-1.560199,54.532806,On or near Barningham Street,E01012353,Darlington 008B,Violence and sexual offences,Unable to prosecute suspect,
fa900580b9754cfe026cf14d7906b9c41944ff37be9bbb462ec68c7f6b339426,2020-08,Durham Constabulary,Durham Constabulary,-1.560889,54.531901,On or near Salisbury Terrace,E01012353,Darlington 008B,Violence and sexual offences,Unable to prosecute suspect,
d10a5ba55be3b42eae451b034d6ce1b8bb48b2955175266b928fd1812053d5d3,2020-08,Durham Constabulary,Durham Constabulary,-1.559121,54.533916,On or near Widdowfield Street,E01012353,Darlington 008B,Violence and sexual offences,Unable to prosecute suspect,
ac9a858fab058cb09c0af8ebc96775afe9ae615c54fee9ac4066ad369f027583,2020-08,Durham Constabulary,Durham Constabulary,-1.560199,54.532806,On or near Barningham Street,E01012353,Darlington 008B,Violence and sexual offences,Unable to prosecute suspect,
fff80f1a283a5d1c887aa00b8a5d007a85c621116a8616db98386adb1d15dce8,2020-08,Durham Constabulary,Durham Constabulary,-1.559272,54.531320,On or near Kingston Street,E01012353,Darlington 008B,Violence and sexual offences,Unable to prosecute suspect,
266c9fdd51ba692faa2118e919c16ae8f498d57cc85d085e6b4d31153ce43988,2020-08,Durham Constabulary,Durham Constabulary,-1.558746,54.532855,On or near Kitchener Street,E01012353,Darlington 008B,Violence and sexual offences,Unable to prosecute suspect,
a06d69409da6d54c701977c931f930b3d776c3e5418710f832e996ff86cc84cb,2020-08,Durham Constabulary,Durham Constabulary,-1.561622,54.532631,On or near Beaconsfield Street,E01012353,Darlington 008B,Violence and sexual offences,Investigation complete; no suspect identified,
30b884befca84d7447b1ed3eca1c2cf0391930c94dc1d2ddbd158ee731cd53ff,2020-08,Durham Constabulary,Durham Constabulary,-1.560889,54.531901,On or near Salisbury Terrace,E01012353,Darlington 008B,Violence and sexual offences,Unable to prosecute suspect,
eb0223e9198167dc97fb25d2bb03db95613b2f463f81bcbd434f743e41227a6d,2020-08,Durham Constabulary,Durham Constabulary,-1.560889,54.531901,On or near Salisbury Terrace,E01012353,Darlington 008B,Violence and sexual offences,Unable to prosecute suspect,
df5b74048b361af611261f6e2a355baa2be1ab228b8d80a6b1fa0879d05d8071,2020-08,Durham Constabulary,Durham Constabulary,-1.561588,54.531508,On or near Warren Street,E01012353,Darlington 008B,Violence and sexual offences,Unable to prosecute suspect,
ae43ff3e699e42a49d2007471509b297b107b12c959fc392bafb83432e48ccd7,2020-08,Durham Constabulary,Durham Constabulary,-1.559234,54.530547,On or near Branksome Terrace,E01012353,Darlington 008B,Violence and sexual offences,Unable to prosecute suspect,
a55d09779d5c52b09721bf66ff60249aca69a9b71c243ba6b952bf85f7fc645a,2020-08,Durham Constabulary,Durham Constabulary,-1.560880,54.534120,On or near Surtees Street,E01012353,Darlington 008B,Violence and sexual offences,Local resolution,
29702d1bac47ebe78547469fc49b492279d79972c8ebb74c63ed59c91a093ae3,2020-08,Durham Constabulary,Durham Constabulary,-1.558746,54.532855,On or near Kitchener Street,E01012353,Darlington 008B,Violence and sexual offences,Unable to prosecute suspect,
83b8438cd32a5bc59b652bbe940f60923de81377eded87c34eaee931582bd473,2020-08,Durham Constabulary,Durham Constabulary,-1.558746,54.532855,On or near Kitchener Street,E01012353,Darlington 008B,Other crime,Unable to prosecute suspect,
09c3d4586443004851bd96223661a0531f42d46841a0101c46fd0a9116d36ec8,2020-08,Durham Constabulary,Durham Constabulary,-1.558746,54.532855,On or near Kitchener Street,E01012353,Darlington 008B,Other crime,Investigation complete; no suspect identified,
,2020-08,Durham Constabulary,Durham Constabulary,-1.556378,54.528892,On or near Gladstone Street,E01012354,Darlington 008C,Anti-social behaviour,,
,2020-08,Durham Constabulary,Durham Constabulary,-1.556334,54.530069,On or near North Lodge Terrace,E01012354,Darlington 008C,Anti-social behaviour,,
,2020-08,Durham Constabulary,Durham Constabulary,-1.558000,54.530353,On or near Easson Road,E01012354,Darlington 008C,Anti-social behaviour,,
,2020-08,Durham Constabulary,Durham Constabulary,-1.554968,54.532122,On or near Mowden Terrace,E01012354,Darlington 008C,Anti-social behaviour,,
,2020-08,Durham Constabulary,Durham Constabulary,-1.554968,54.532122,On or near Mowden Terrace,E01012354,Darlington 008C,Anti-social behaviour,,
,2020-08,Durham Constabulary,Durham Constabulary,-1.556334,54.530069,On or near North Lodge Terrace,E01012354,Darlington 008C,Anti-social behaviour,,
,2020-08,Durham Constabulary,Durham Constabulary,-1.556687,54.531760,On or near Corporation Road,E01012354,Darlington 008C,Anti-social behaviour,,
,2020-08,Durham Constabulary,Durham Constabulary,-1.556687,54.531760,On or near Corporation Road,E01012354,Darlington 008C,Anti-social behaviour,,
ce298c650417878d0a06f3f81743dc0d59340e47ae821edebd8889fe6f0bd405,2020-08,Durham Constabulary,Durham Constabulary,-1.554389,54.531356,On or near Elmfield Street,E01012354,Darlington 008C,Burglary,Investigation complete; no suspect identified,
217b0b9b18eae4a33d7dedb4e095a1a0bb8831dbe53a9eb3a031ba3088da3fa0,2020-08,Durham Constabulary,Durham Constabulary,-1.554389,54.531356,On or near Elmfield Street,E01012354,Darlington 008C,Burglary,Investigation complete; no suspect identified,
01d3dc153463050ccfbe860a2af896290c0b22deefd62f7ed9e2cb48b87660dc,2020-08,Durham Constabulary,Durham Constabulary,-1.555748,54.528584,On or near Kendrew Street,E01012354,Darlington 008C,Burglary,Investigation complete; no suspect identified,
a7ce9d0b0bce7e1cf5c7fc7bd2101bf03bb3b68d5716db5f39ac89a6697d0da2,2020-08,Durham Constabulary,Durham Constabulary,-1.553037,54.533454,On or near High Northgate,E01012354,Darlington 008C,Other theft,Action to be taken by another organisation,
e96eae617c6c3f712a4aa95539835f7ccfa21f977f547042d3a99c6906a7bd54,2020-08,Durham Constabulary,Durham Constabulary,-1.553874,54.533205,On or near Marburn Place,E01012354,Darlington 008C,Other theft,Unable to prosecute suspect,
531de2ba03d05e22022b95471fd72fd4b23b8b33906bfb057605078ca9149d51,2020-08,Durham Constabulary,Durham Constabulary,-1.553037,54.533454,On or near High Northgate,E01012354,Darlington 008C,Possession of weapons,Local resolution,
c4def31a9deca11c599b8d832ca3b9cf0cdb4c1e1c25eadd6734603d13bace7a,2020-08,Durham Constabulary,Durham Constabulary,-1.555843,54.531217,On or near Elmfield Terrace,E01012354,Darlington 008C,Public order,Unable to prosecute suspect,
ccfbd80894c032f05705d67778d558e93f5d0c750b68b9b3bc156af485cfb991,2020-08,Durham Constabulary,Durham Constabulary,-1.553834,54.534059,On or near Arthur Street,E01012354,Darlington 008C,Public order,Investigation complete; no suspect identified,
fc046ae1d19d3dda0f71a6f0c6ef24cfa5fad699544fa402af6227806cb6650d,2020-08,Durham Constabulary,Durham Constabulary,-1.556687,54.531760,On or near Corporation Road,E01012354,Darlington 008C,Public order,Status update unavailable,
6ff74dddd4d7256bee13a98af0f24472d894591d59ce4bb76d23f19e2f2d5540,2020-08,Durham Constabulary,Durham Constabulary,-1.558000,54.530353,On or near Easson Road,E01012354,Darlington 008C,Public order,Court result unavailable,
6ec2c944281e34f0b7bcba7d13888f72077c009a58aaddbbd97aed5b9be50c33,2020-08,Durham Constabulary,Durham Constabulary,-1.552107,54.532273,On or near Lambton Street,E01012354,Darlington 008C,Violence and sexual offences,Investigation complete; no suspect identified,
f33b1cd0d055e838f41057c4eb8a84f465f98758d52c30b66f5d966905cf1d26,2020-08,Durham Constabulary,Durham Constabulary,-1.553834,54.534059,On or near Arthur Street,E01012354,Darlington 008C,Violence and sexual offences,Unable to prosecute suspect,
e38ef1abb32146a8df42a06da74bb8f573c4e2b4cf57a33c08831d9d35f8c52a,2020-08,Durham Constabulary,Durham Constabulary,-1.553197,54.532924,On or near Petrol Station,E01012354,Darlington 008C,Violence and sexual offences,Unable to prosecute suspect,
433ceeed15ed334fad44439fba2bc3c818b459120fef17a200e5f3cf75d7c8af,2020-08,Durham Constabulary,Durham Constabulary,-1.554013,54.531831,On or near Mowden Street,E01012354,Darlington 008C,Violence and sexual offences,Unable to prosecute suspect,
52c5c46511176b7a38154b281f03267a7b9b19eadbeaebde1aff33719d5e8680,2020-08,Durham Constabulary,Durham Constabulary,-1.553105,54.528592,On or near Northgate,E01012354,Darlington 008C,Violence and sexual offences,Unable to prosecute suspect,
d6ef73394ffd87e552de5254978f6a73686b1f4ef4b01545219d39e10d8c9ff7,2020-08,Durham Constabulary,Durham Constabulary,-1.555625,54.534218,On or near Widdowfield Street,E01012354,Darlington 008C,Violence and sexual offences,Status update unavailable,
f20417ef09e6dc372a03e27d4106e405b5673b79b029fb8d5bba7c1176e5042b,2020-08,Durham Constabulary,Durham Constabulary,-1.556687,54.531760,On or near Corporation Road,E01012354,Darlington 008C,Violence and sexual offences,Investigation complete; no suspect identified,
5b1b1119c443ed7a39e4dc234cc38fb66748b70f0fd51b5f1165e4dd5b331775,2020-08,Durham Constabulary,Durham Constabulary,-1.554389,54.531356,On or near Elmfield Street,E01012354,Darlington 008C,Violence and sexual offences,Unable to prosecute suspect,
31a059fad167e160d5eed605fa2986850a65e52212bcb40646d8a79461da151e,2020-08,Durham Constabulary,Durham Constabulary,-1.552485,54.531600,On or near High Northgate,E01012354,Darlington 008C,Violence and sexual offences,Court result unavailable,
8b2cb36e6799f38f9baa8d9c2d72a4fba0bf3551985adf2cf5037fced61d85df,2020-08,Durham Constabulary,Durham Constabulary,-1.553834,54.534059,On or near Arthur Street,E01012354,Darlington 008C,Other crime,Unable to prosecute suspect,
8834373f99d48e0f14ad7466e047d779c72f7248aacfc4818880d0d931edcd28,2020-08,Durham Constabulary,Durham Constabulary,-1.553105,54.528592,On or near Northgate,E01012354,Darlington 008C,Other crime,Unable to prosecute suspect,
3de10170a5d033ad6660299ede31a8e9c4b875216d5e7c4c18554432ef525604,2020-08,Durham Constabulary,Durham Constabulary,-1.558000,54.530353,On or near Easson Road,E01012354,Darlington 008C,Other crime,Unable to prosecute suspect,
8b704b7371bf444cdd1bab5b6c7b0918ae43c818ef695660e08fad017aedd753,2020-08,Durham Constabulary,Durham Constabulary,-1.558000,54.530353,On or near Easson Road,E01012354,Darlington 008C,Other crime,Unable to prosecute suspect,
,2020-08,Durham Constabulary,Durham Constabulary,-1.565752,54.532260,On or near Hollyhurst Road,E01012355,Darlington 008D,Anti-social behaviour,,
,2020-08,Durham Constabulary,Durham Constabulary,-1.565752,54.532260,On or near Hollyhurst Road,E01012355,Darlington 008D,Anti-social behaviour,,
b422f452790cf24fc20bc1d9bd5d2b68bc9416f445cc4ad391b7f6d126f65511,2020-08,Durham Constabulary,Durham Constabulary,-1.560142,54.530882,On or near Chelmsford Street,E01012355,Darlington 008D,Burglary,Investigation complete; no suspect identified,
768fa4aa45250b739bdcc6eb5355f9dd000bfd48f054a0f2b15c2187744723fc,2020-08,Durham Constabulary,Durham Constabulary,-1.557092,54.528634,On or near Grace Court,E01012355,Darlington 008D,Criminal damage and arson,Investigation complete; no suspect identified,
991d248595194032e828f1949ecb5a0e3f47a9aa74b54cb38a8688e0b7588e28,2020-08,Durham Constabulary,Durham Constabulary,-1.563209,54.528737,On or near Elms Road,E01012355,Darlington 008D,Drugs,Offender given a drugs possession warning,
970484c3a7a90be22c1c8063e2ac9afd2febde2d8c0b8fc7437eb2299f0d7814,2020-08,Durham Constabulary,Durham Constabulary,-1.565752,54.532260,On or near Hollyhurst Road,E01012355,Darlington 008D,Drugs,Offender given a drugs possession warning,
d88db306c499086470cbdf233b6ed33ab3c4de90052bbc995a46ce849a8e18e7,2020-08,Durham Constabulary,Durham Constabulary,-1.559630,54.528247,On or near Greenbank Road,E01012355,Darlington 008D,Drugs,Court result unavailable,
b5dee603252ad9581fe7107d992469aca7ebdf5a09efba318575c2ee5ddf86f3,2020-08,Durham Constabulary,Durham Constabulary,-1.561523,54.530420,On or near Greenbank Road,E01012355,Darlington 008D,Other theft,Further action is not in the public interest,
b9892d82ea84fade7004428a682892fa1795da9b52793908e42a489722bd7f3d,2020-08,Durham Constabulary,Durham Constabulary,-1.559208,54.530106,On or near Dodds Street,E01012355,Darlington 008D,Public order,Unable to prosecute suspect,
f479b115e5cecceefb927bb248c4efe1195e54a2c515dd31b006c7ad1010d8bf,2020-08,Durham Constabulary,Durham Constabulary,-1.558098,54.528485,On or near Sun Street,E01012355,Darlington 008D,Public order,Court result unavailable,
204a3493784d5a88e3032793fcc66f0b5ff947566f2bc974cefac4142a8b73f1,2020-08,Durham Constabulary,Durham Constabulary,-1.561523,54.530420,On or near Greenbank Road,E01012355,Darlington 008D,Public order,Unable to prosecute suspect,
4b1eb53f5d982148921df20e077e2ddad763ad6a87d5d22e03bcfc24a8358986,2020-08,Durham Constabulary,Durham Constabulary,-1.558098,54.528485,On or near Sun Street,E01012355,Darlington 008D,Shoplifting,Unable to prosecute suspect,
14a05b1af6c4f3b5e33299c7359cdc3f69127b0565d327fcb116562d863cf771,2020-08,Durham Constabulary,Durham Constabulary,-1.561523,54.530420,On or near Greenbank Road,E01012355,Darlington 008D,Theft from the person,Unable to prosecute suspect,
d26ade162a691e01954824f81cd0fcc9978d2a45e6b07c59152410d29c8c4752,2020-08,Durham Constabulary,Durham Constabulary,-1.561523,54.530420,On or near Greenbank Road,E01012355,Darlington 008D,Theft from the person,Unable to prosecute suspect,
6c4549cc74f59b4516022d0eabfe31e91342c2f43755e69d019cde0b63ad7656,2020-08,Durham Constabulary,Durham Constabulary,-1.563209,54.528737,On or near Elms Road,E01012355,Darlington 008D,Vehicle crime,Investigation complete; no suspect identified,
97e46927bec55e6f2fead33750f0cb428fd8a6587adfd67ae7d599a40f620044,2020-08,Durham Constabulary,Durham Constabulary,-1.559208,54.530106,On or near Dodds Street,E01012355,Darlington 008D,Violence and sexual offences,Unable to prosecute suspect,
4d3cd3f71be1bbc62ddb1e12d19d22024d52fa1ec2225a7142069f166fd7bde7,2020-08,Durham Constabulary,Durham Constabulary,-1.560142,54.530882,On or near Chelmsford Street,E01012355,Darlington 008D,Violence and sexual offences,Unable to prosecute suspect,
cf84ea1427a5fd9d1850d18c10b91adfb1f35bd86572d4449d431239ecf02ae8,2020-08,Durham Constabulary,Durham Constabulary,-1.559630,54.528247,On or near Greenbank Road,E01012355,Darlington 008D,Violence and sexual offences,Unable to prosecute suspect,
fe28c9ed47de946c3119a71d4dbc404e44e59c85e00e159de1c3c63867fa04c5,2020-08,Durham Constabulary,Durham Constabulary,-1.558963,54.527050,On or near Woodland Road,E01012355,Darlington 008D,Violence and sexual offences,Unable to prosecute suspect,
f9e1e38f1270f5c6331907aadadcd3a9125a2f0eb9416ec446e817e589240637,2020-08,Durham Constabulary,Durham Constabulary,-1.565752,54.532260,On or near Hollyhurst Road,E01012355,Darlington 008D,Violence and sexual offences,Local resolution,
c0bd6f60cc245ffee86b179a17fbad8cb746e2c6a7f01ff3f48a6ef543c90c08,2020-08,Durham Constabulary,Durham Constabulary,-1.558537,54.529295,On or near Lowe Street,E01012355,Darlington 008D,Violence and sexual offences,Unable to prosecute suspect,
688887028938ff93186f83a06d4bab95b17674d77183c0391558e8348de4c573,2020-08,Durham Constabulary,Durham Constabulary,-1.560336,54.528627,On or near Mercia Court,E01012355,Darlington 008D,Violence and sexual offences,Unable to prosecute suspect,
edd8b27a2bedea9ceb7efabab7c4b5f5ab0118fa8a3df80cc0fe685c8d46ccb5,2020-08,Durham Constabulary,Durham Constabulary,-1.560142,54.530882,On or near Chelmsford Street,E01012355,Darlington 008D,Violence and sexual offences,Further action is not in the public interest,
ffd5bffee8f8267626f9f93b3e53a3b2507e39da084bf9838e0dc2b9923a17cd,2020-08,Durham Constabulary,Durham Constabulary,-1.558537,54.529295,On or near Lowe Street,E01012355,Darlington 008D,Violence and sexual offences,Unable to prosecute suspect,
a930478c359f525468f40d76742fd517564c855c9f40db5fc3fe0085528b1ecf,2020-08,Durham Constabulary,Durham Constabulary,-1.561523,54.530420,On or near Greenbank Road,E01012355,Darlington 008D,Violence and sexual offences,Further investigation is not in the public interest,
89a73d01e4c838731472ada37c1b25e47f31af756e68f64e275b805e5226fc61,2020-08,Durham Constabulary,Durham Constabulary,-1.558963,54.527050,On or near Woodland Road,E01012355,Darlington 008D,Violence and sexual offences,Local resolution,
,2020-08,Durham Constabulary,Durham Constabulary,-1.547071,54.522378,On or near Pensbury Street,E01033483,Darlington 008E,Anti-social behaviour,,
,2020-08,Durham Constabulary,Durham Constabulary,-1.552440,54.528652,On or near Weaver'S Way,E01033483,Darlington 008E,Anti-social behaviour,,
,2020-08,Durham Constabulary,Durham Constabulary,-1.548670,54.523049,On or near Swan Street,E01033483,Darlington 008E,Anti-social behaviour,,
,2020-08,Durham Constabulary,Durham Constabulary,-1.547873,54.522506,On or near Hargreave Terrace,E01033483,Darlington 008E,Anti-social behaviour,,
,2020-08,Durham Constabulary,Durham Constabulary,-1.548271,54.528376,On or near Lodge Street,E01033483,Darlington 008E,Anti-social behaviour,,
,2020-08,Durham Constabulary,Durham Constabulary,-1.547190,54.525604,On or near Middleton Street,E01033483,Darlington 008E,Anti-social behaviour,,
,2020-08,Durham Constabulary,Durham Constabulary,-1.547615,54.526217,On or near Borough Road,E01033483,Darlington 008E,Anti-social behaviour,,
,2020-08,Durham Constabulary,Durham Constabulary,-1.547190,54.525604,On or near Middleton Street,E01033483,Darlington 008E,Anti-social behaviour,,
,2020-08,Durham Constabulary,Durham Constabulary,-1.550117,54.527736,On or near Russell Street,E01033483,Darlington 008E,Anti-social behaviour,,
e4967d6f5d9dc1118c0e4231b84163138a149313e06890930c2b3bb9e1311c48,2020-08,Durham Constabulary,Durham Constabulary,-1.547615,54.526217,On or near Borough Road,E01033483,Darlington 008E,Burglary,Investigation complete; no suspect identified,
d61271f80deac8c0c62cc8d947f801d97e479ab727a5fa25b1caa0a4ef8a824e,2020-08,Durham Constabulary,Durham Constabulary,-1.547808,54.524196,On or near Parkgate,E01033483,Darlington 008E,Burglary,Court result unavailable,
aea4a169e282eff1171ff580c3e1381a65a62d88138e2d33ea955a486a831fc4,2020-08,Durham Constabulary,Durham Constabulary,-1.546954,54.524588,On or near Melland Street,E01033483,Darlington 008E,Criminal damage and arson,Unable to prosecute suspect,
e84ee4cb5e4d37d9b68a5791c08d0e2a34373f23f48d75a503f50d0adb2dd898,2020-08,Durham Constabulary,Durham Constabulary,-1.547190,54.525604,On or near Middleton Street,E01033483,Darlington 008E,Criminal damage and arson,Investigation complete; no suspect identified,
3df4ee3a27e9c673c3b3213da9c3c89cc7e8b29a78a2cd0000fa0a6beaf917d1,2020-08,Durham Constabulary,Durham Constabulary,-1.548484,54.524513,On or near Theatre/Concert Hall,E01033483,Darlington 008E,Criminal damage and arson,Court result unavailable,
b1365cf7b022f449169491805c59314f2f390dd52b08aabe9367e78b5f731257,2020-08,Durham Constabulary,Durham Constabulary,-1.548484,54.524513,On or near Theatre/Concert Hall,E01033483,Darlington 008E,Criminal damage and arson,Court result unavailable,
74fb7d0fd17b6419885b97dd2f994aee95eb69043606e3834f7a3d78466d2867,2020-08,Durham Constabulary,Durham Constabulary,-1.547982,54.525239,On or near Theatre/Concert Hall,E01033483,Darlington 008E,Criminal damage and arson,Investigation complete; no suspect identified,
387108699185bc28f6c819c280e73ed207c05107e9c333a28058780c3b5d3a59,2020-08,Durham Constabulary,Durham Constabulary,-1.547615,54.526217,On or near Borough Road,E01033483,Darlington 008E,Criminal damage and arson,Investigation complete; no suspect identified,
012d98af26a36944ea199e2d5eb9e5714fca8ff734d4c24bd07bd1920be58fe6,2020-08,Durham Constabulary,Durham Constabulary,-1.547894,54.527539,On or near Upper Russell Street,E01033483,Darlington 008E,Criminal damage and arson,Investigation complete; no suspect identified,
2ac05e076a8fb2e038a812c74b548ffdfaff28cc9ee183fe86ca8cfbfba0210f,2020-08,Durham Constabulary,Durham Constabulary,-1.547982,54.525239,On or near Theatre/Concert Hall,E01033483,Darlington 008E,Criminal damage and arson,Investigation complete; no suspect identified,
fac1c5c2e2cfbb8dbbdd654fa5e2ebfdeb4f0a617cacba1e3450c1c3a11ab806,2020-08,Durham Constabulary,Durham Constabulary,-1.548484,54.524513,On or near Theatre/Concert Hall,E01033483,Darlington 008E,Criminal damage and arson,Court result unavailable,
599e36cd4b1b8139770526bd639b9b5756587882d7a1a54bbdae8874dbb40376,2020-08,Durham Constabulary,Durham Constabulary,-1.548484,54.524513,On or near Theatre/Concert Hall,E01033483,Darlington 008E,Drugs,Further investigation is not in the public interest,
0a3db927aa9ae01d5ff8075d3600efd36aeba2637d152280f6457bdd8f05c8e1,2020-08,Durham Constabulary,Durham Constabulary,-1.548484,54.524513,On or near Theatre/Concert Hall,E01033483,Darlington 008E,Drugs,Court result unavailable,
41ca324d68b8d0975414a461ed87d340e2caf9ae76907d8cb46c1dba77ecd297,2020-08,Durham Constabulary,Durham Constabulary,-1.548484,54.524513,On or near Theatre/Concert Hall,E01033483,Darlington 008E,Drugs,Further action is not in the public interest,
ae1fc2ef176fa6dbaa1ca63c13b61974435760535d07348b40ccfbff8bc6acaf,2020-08,Durham Constabulary,Durham Constabulary,-1.548484,54.524513,On or near Theatre/Concert Hall,E01033483,Darlington 008E,Drugs,Court result unavailable,
13eb026ed0e726162c269f5326609e42a35818c32179a081eac590d3634c4cc6,2020-08,Durham Constabulary,Durham Constabulary,-1.548484,54.524513,On or near Theatre/Concert Hall,E01033483,Darlington 008E,Drugs,Further investigation is not in the public interest,
9110fad678ff3b6732af78f6d3319267539b1df492bdd46cee51bb167b1929a2,2020-08,Durham Constabulary,Durham Constabulary,-1.548484,54.524513,On or near Theatre/Concert Hall,E01033483,Darlington 008E,Drugs,Court result unavailable,
a0456fff7a46c62eeb530320852a9fa621e2d214adfcc6031d5a77a54bd46851,2020-08,Durham Constabulary,Durham Constabulary,-1.548484,54.524513,On or near Theatre/Concert Hall,E01033483,Darlington 008E,Drugs,Offender given a drugs possession warning,
ecad851cd0746762c65359a266a73444cd7104381b210866d20133663ba77608,2020-08,Durham Constabulary,Durham Constabulary,-1.548484,54.524513,On or near Theatre/Concert Hall,E01033483,Darlington 008E,Drugs,Court result unavailable,
0e3cc337df7fe9b79177943b7bbb84dacb7586ec694b7608a07a20c89b1834a3,2020-08,Durham Constabulary,Durham Constabulary,-1.547894,54.527539,On or near Upper Russell Street,E01033483,Darlington 008E,Drugs,Offender given a caution,
bf458d279b9937a16153c04fb7200b1a7a2e807894f3563679d173ef7fc4e5af,2020-08,Durham Constabulary,Durham Constabulary,-1.548271,54.528376,On or near Lodge Street,E01033483,Darlington 008E,Drugs,Offender given a caution,
e0d79c8f23a2bbe1de6a9eafa2916e1a393c2e39291e1206828de234159e20df,2020-08,Durham Constabulary,Durham Constabulary,-1.548484,54.524513,On or near Theatre/Concert Hall,E01033483,Darlington 008E,Drugs,Formal action is not in the public interest,
017c627acf05a377af40dd22dbe4c8c71c7c302fe4bf288e3dcec9fcb0f5c594,2020-08,Durham Constabulary,Durham Constabulary,-1.548484,54.524513,On or near Theatre/Concert Hall,E01033483,Darlington 008E,Other theft,Court result unavailable,
30f175e41adbfa68efc4a05cdacf121a8ec60a146195063c89bb20e918dad99a,2020-08,Durham Constabulary,Durham Constabulary,-1.552799,54.529768,On or near Northgate,E01033483,Darlington 008E,Other theft,Further action is not in the public interest,
0f3e7abcbebc793f1d598b0dac3b72836ed59d831431815d3fd692c347f7660f,2020-08,Durham Constabulary,Durham Constabulary,-1.546036,54.534866,On or near Cleveland Street,E01033483,Darlington 008E,Other theft,Unable to prosecute suspect,
01c5adcea32ea22689d5a8842772bb4ed3912a458171caf056a25f87d66ce2ba,2020-08,Durham Constabulary,Durham Constabulary,-1.546531,54.523661,On or near North Eastern Terrace,E01033483,Darlington 008E,Other theft,Unable to prosecute suspect,
d4d3604ba8c0df1535e9bddd4f30ae78e92ab505313df9133c9c80456fdf6f9f,2020-08,Durham Constabulary,Durham Constabulary,-1.546588,54.531084,On or near East Mount Road,E01033483,Darlington 008E,Other theft,Investigation complete; no suspect identified,
16615638dcf044b2cf48cce0d219da7296c63e53ccb86f97df15cc6c3592fd78,2020-08,Durham Constabulary,Durham Constabulary,-1.547982,54.525239,On or near Theatre/Concert Hall,E01033483,Darlington 008E,Public order,Unable to prosecute suspect,
c438175ad10b8f20ce014a09ec40e435c9b738ca050b57b79241a35aef3bcc04,2020-08,Durham Constabulary,Durham Constabulary,-1.548484,54.524513,On or near Theatre/Concert Hall,E01033483,Darlington 008E,Public order,Further investigation is not in the public interest,
6a9107cd22c0841a1467ad1e81196714144d7550b8f55d128d800d527d7797c6,2020-08,Durham Constabulary,Durham Constabulary,-1.548484,54.524513,On or near Theatre/Concert Hall,E01033483,Darlington 008E,Public order,Investigation complete; no suspect identified,
6f2ac049fca9e8bce2545d4eff434a86e7c1aa11390fa3bb9ca773c8a9384a02,2020-08,Durham Constabulary,Durham Constabulary,-1.551711,54.531759,On or near Leadenhall Street,E01033483,Darlington 008E,Public order,Investigation complete; no suspect identified,
8cdab7a5887a844ab0195c803d4e0d4e24b7a3bfa648dbd8a688eb546a4e24d7,2020-08,Durham Constabulary,Durham Constabulary,-1.547894,54.527539,On or near Upper Russell Street,E01033483,Darlington 008E,Public order,Unable to prosecute suspect,
a4f65d4e1b0e6aa1ecc97844c0d5e22db2b0c62cdbd822bde46eba96cf3996ad,2020-08,Durham Constabulary,Durham Constabulary,-1.546000,54.522796,On or near Parking Area,E01033483,Darlington 008E,Public order,Further investigation is not in the public interest,
7af5a6c4c2b594be8ebada23fadb01781f25c8f08b1fdda2a6eef247f08e1e69,2020-08,Durham Constabulary,Durham Constabulary,-1.548484,54.524513,On or near Theatre/Concert Hall,E01033483,Darlington 008E,Public order,Court result unavailable,
c0abcf34ddcc93ebcdacb247905c7f45a65e29da5d10fb87d4ae6ab3e6ef0ce2,2020-08,Durham Constabulary,Durham Constabulary,-1.547190,54.525604,On or near Middleton Street,E01033483,Darlington 008E,Violence and sexual offences,Unable to prosecute suspect,
b8a32e43bcb78ab6b9f1acc687bb85e476e0a5fb015f64930cbf7795568e0f90,2020-08,Durham Constabulary,Durham Constabulary,-1.548484,54.524513,On or near Theatre/Concert Hall,E01033483,Darlington 008E,Violence and sexual offences,Action to be taken by another organisation,
c29d8b012c7aac4651ad9877044d5c8d77cc0e6b5cb6736827e5ca2126bea754,2020-08,Durham Constabulary,Durham Constabulary,-1.548484,54.524513,On or near Theatre/Concert Hall,E01033483,Darlington 008E,Violence and sexual offences,Action to be taken by another organisation,
2b6e825577f9f9dd8a8489df34eb72be47a309b9f0595ae6eebcab20b7e8f55b,2020-08,Durham Constabulary,Durham Constabulary,-1.548484,54.524513,On or near Theatre/Concert Hall,E01033483,Darlington 008E,Violence and sexual offences,Court result unavailable,
1e3c1fdf7ebf0e5793ea04e7fbd60891005979a9aeb4c291af3e240dc6d0c342,2020-08,Durham Constabulary,Durham Constabulary,-1.547133,54.525101,On or near Sanderson Street,E01033483,Darlington 008E,Violence and sexual offences,Unable to prosecute suspect,
9fe05b970cf783f3b6e15cfd431f9c2ee86889100e390d02a7b6d910ade284a8,2020-08,Durham Constabulary,Durham Constabulary,-1.548484,54.524513,On or near Theatre/Concert Hall,E01033483,Darlington 008E,Violence and sexual offences,Action to be taken by another organisation,
542a942b30e7dbfe1cbe575758016218ab09f4e94a025080f5d83ba3f0290438,2020-08,Durham Constabulary,Durham Constabulary,-1.548484,54.524513,On or near Theatre/Concert Hall,E01033483,Darlington 008E,Violence and sexual offences,Court result unavailable,
74c5bde0598acc0a49df5d389ec8ebc40f04e204df7c07f5e1fbc4a5d767429f,2020-08,Durham Constabulary,Durham Constabulary,-1.546954,54.524588,On or near Melland Street,E01033483,Darlington 008E,Violence and sexual offences,Further action is not in the public interest,
a1ee631040bf75359423791a988859cf29040b0ccbc3f4610a4366933e92d70b,2020-08,Durham Constabulary,Durham Constabulary,-1.548271,54.528376,On or near Lodge Street,E01033483,Darlington 008E,Violence and sexual offences,Court result unavailable,
8cdb35dbcf957458103c869aae0965d4cc10386ce8191a63717dc886c1b0fa48,2020-08,Durham Constabulary,Durham Constabulary,-1.546954,54.524588,On or near Melland Street,E01033483,Darlington 008E,Violence and sexual offences,Unable to prosecute suspect,
f2d6aea8e9fe50a6326840366e541820fbe3530a3627347ea1de85ab97693682,2020-08,Durham Constabulary,Durham Constabulary,-1.547190,54.525604,On or near Middleton Street,E01033483,Darlington 008E,Violence and sexual offences,Unable to prosecute suspect,
250a57e2847ef4e3489f199cb51e7817a618e52ab9563ca7d6f457c71cd10ca1,2020-08,Durham Constabulary,Durham Constabulary,-1.548360,54.521762,On or near Huntley Street,E01033483,Darlington 008E,Violence and sexual offences,Unable to prosecute suspect,
18b05ef71a648a1d5842116f482fe2a60d3735c8975cb2288dbb0061ef965978,2020-08,Durham Constabulary,Durham Constabulary,-1.548484,54.524513,On or near Theatre/Concert Hall,E01033483,Darlington 008E,Violence and sexual offences,Court result unavailable,
5fbadf29368203ea7a673ed8b9f9ea048968eb0e55e79a8442e88ebc45a52172,2020-08,Durham Constabulary,Durham Constabulary,-1.547808,54.524196,On or near Parkgate,E01033483,Darlington 008E,Violence and sexual offences,Unable to prosecute suspect,
1cce7a6179fabc49009d34296b1007c51299643095cdc15a060c990a12fa9907,2020-08,Durham Constabulary,Durham Constabulary,-1.548271,54.528376,On or near Lodge Street,E01033483,Darlington 008E,Violence and sexual offences,Unable to prosecute suspect,
ac077bc9247b6f045f69903e6c394e6b0753f0082412492baad6036554683cd5,2020-08,Durham Constabulary,Durham Constabulary,-1.548484,54.524513,On or near Theatre/Concert Hall,E01033483,Darlington 008E,Other crime,Court result unavailable,
,2020-08,Durham Constabulary,Durham Constabulary,-1.554221,54.525469,On or near Shopping Area,E01033484,Darlington 008F,Anti-social behaviour,,
,2020-08,Durham Constabulary,Durham Constabulary,-1.561746,54.525397,On or near Duke Street,E01033484,Darlington 008F,Anti-social behaviour,,
,2020-08,Durham Constabulary,Durham Constabulary,-1.555164,54.526811,On or near Supermarket,E01033484,Darlington 008F,Anti-social behaviour,,
,2020-08,Durham Constabulary,Durham Constabulary,-1.560027,54.522902,On or near West Street,E01033484,Darlington 008F,Anti-social behaviour,,
,2020-08,Durham Constabulary,Durham Constabulary,-1.553579,54.523390,On or near Feethams,E01033484,Darlington 008F,Anti-social behaviour,,
,2020-08,Durham Constabulary,Durham Constabulary,-1.561530,54.526798,On or near Outram Court,E01033484,Darlington 008F,Anti-social behaviour,,
,2020-08,Durham Constabulary,Durham Constabulary,-1.557170,54.525704,On or near Bell'S Place,E01033484,Darlington 008F,Anti-social behaviour,,
,2020-08,Durham Constabulary,Durham Constabulary,-1.553525,54.522752,On or near Bus/Coach Station,E01033484,Darlington 008F,Anti-social behaviour,,
,2020-08,Durham Constabulary,Durham Constabulary,-1.558489,54.525170,On or near Raby Terrace,E01033484,Darlington 008F,Anti-social behaviour,,
,2020-08,Durham Constabulary,Durham Constabulary,-1.551446,54.524937,On or near Stonebridge,E01033484,Darlington 008F,Anti-social behaviour,,
,2020-08,Durham Constabulary,Durham Constabulary,-1.561746,54.525397,On or near Duke Street,E01033484,Darlington 008F,Anti-social behaviour,,
,2020-08,Durham Constabulary,Durham Constabulary,-1.553737,54.524532,On or near Church Row,E01033484,Darlington 008F,Anti-social behaviour,,
,2020-08,Durham Constabulary,Durham Constabulary,-1.560027,54.522902,On or near West Street,E01033484,Darlington 008F,Anti-social behaviour,,
,2020-08,Durham Constabulary,Durham Constabulary,-1.555164,54.526811,On or near Supermarket,E01033484,Darlington 008F,Anti-social behaviour,,
,2020-08,Durham Constabulary,Durham Constabulary,-1.555149,54.525382,On or near Prebend Row,E01033484,Darlington 008F,Anti-social behaviour,,
,2020-08,Durham Constabulary,Durham Constabulary,-1.555570,54.527909,On or near Pedestrian Subway,E01033484,Darlington 008F,Anti-social behaviour,,
,2020-08,Durham Constabulary,Durham Constabulary,-1.560027,54.522902,On or near West Street,E01033484,Darlington 008F,Anti-social behaviour,,
,2020-08,Durham Constabulary,Durham Constabulary,-1.549305,54.522889,On or near Park Place,E01033484,Darlington 008F,Anti-social behaviour,,
,2020-08,Durham Constabulary,Durham Constabulary,-1.561746,54.525397,On or near Duke Street,E01033484,Darlington 008F,Anti-social behaviour,,
,2020-08,Durham Constabulary,Durham Constabulary,-1.561746,54.525397,On or near Duke Street,E01033484,Darlington 008F,Anti-social behaviour,,
,2020-08,Durham Constabulary,Durham Constabulary,-1.556401,54.526807,On or near King Street,E01033484,Darlington 008F,Anti-social behaviour,,
,2020-08,Durham Constabulary,Durham Constabulary,-1.562646,54.527962,On or near Woodland Road,E01033484,Darlington 008F,Anti-social behaviour,,
,2020-08,Durham Constabulary,Durham Constabulary,-1.558489,54.525170,On or near Raby Terrace,E01033484,Darlington 008F,Anti-social behaviour,,
,2020-08,Durham Constabulary,Durham Constabulary,-1.559568,54.525380,On or near Duke Street,E01033484,Darlington 008F,Anti-social behaviour,,
,2020-08,Durham Constabulary,Durham Constabulary,-1.557290,54.526010,On or near Skinnergate,E01033484,Darlington 008F,Anti-social behaviour,,
,2020-08,Durham Constabulary,Durham Constabulary,-1.555164,54.526811,On or near Supermarket,E01033484,Darlington 008F,Anti-social behaviour,,
,2020-08,Durham Constabulary,Durham Constabulary,-1.558489,54.525170,On or near Raby Terrace,E01033484,Darlington 008F,Anti-social behaviour,,
,2020-08,Durham Constabulary,Durham Constabulary,-1.561746,54.525397,On or near Duke Street,E01033484,Darlington 008F,Anti-social behaviour,,
,2020-08,Durham Constabulary,Durham Constabulary,-1.555164,54.526811,On or near Supermarket,E01033484,Darlington 008F,Anti-social behaviour,,
,2020-08,Durham Constabulary,Durham Constabulary,-1.549993,54.522128,On or near Parking Area,E01033484,Darlington 008F,Anti-social behaviour,,
,2020-08,Durham Constabulary,Durham Constabulary,-1.561555,54.525963,On or near Napier Street,E01033484,Darlington 008F,Anti-social behaviour,,
,2020-08,Durham Constabulary,Durham Constabulary,-1.553579,54.523390,On or near Feethams,E01033484,Darlington 008F,Anti-social behaviour,,
,2020-08,Durham Constabulary,Durham Constabulary,-1.561746,54.525397,On or near Duke Street,E01033484,Darlington 008F,Anti-social behaviour,,
,2020-08,Durham Constabulary,Durham Constabulary,-1.556042,54.524244,On or near Shopping Area,E01033484,Darlington 008F,Anti-social behaviour,,
,2020-08,Durham Constabulary,Durham Constabulary,-1.561530,54.526798,On or near Outram Court,E01033484,Darlington 008F,Anti-social behaviour,,
,2020-08,Durham Constabulary,Durham Constabulary,-1.559635,54.524922,On or near East Raby Street,E01033484,Darlington 008F,Anti-social behaviour,,
,2020-08,Durham Constabulary,Durham Constabulary,-1.561530,54.526798,On or near Outram Court,E01033484,Darlington 008F,Anti-social behaviour,,
,2020-08,Durham Constabulary,Durham Constabulary,-1.559095,54.523402,On or near Coniscliffe Road,E01033484,Darlington 008F,Anti-social behaviour,,
,2020-08,Durham Constabulary,Durham Constabulary,-1.557170,54.525704,On or near Bell'S Place,E01033484,Darlington 008F,Anti-social behaviour,,
,2020-08,Durham Constabulary,Durham Constabulary,-1.561746,54.525397,On or near Duke Street,E01033484,Darlington 008F,Anti-social behaviour,,
,2020-08,Durham Constabulary,Durham Constabulary,-1.552924,54.526776,On or near Quebec Street,E01033484,Darlington 008F,Anti-social behaviour,,
,2020-08,Durham Constabulary,Durham Constabulary,-1.560027,54.522902,On or near West Street,E01033484,Darlington 008F,Anti-social behaviour,,
,2020-08,Durham Constabulary,Durham Constabulary,-1.552947,54.527567,On or near Shopping Area,E01033484,Darlington 008F,Anti-social behaviour,,
,2020-08,Durham Constabulary,Durham Constabulary,-1.561746,54.525397,On or near Duke Street,E01033484,Darlington 008F,Anti-social behaviour,,
,2020-08,Durham Constabulary,Durham Constabulary,-1.559778,54.524518,On or near Powlett Street,E01033484,Darlington 008F,Anti-social behaviour,,
b28a262ec1374594536fb632089f4f39cda75314ffefaa76bd4a1475258a6198,2020-08,Durham Constabulary,Durham Constabulary,-1.552924,54.526776,On or near Quebec Street,E01033484,Darlington 008F,Bicycle theft,Investigation complete; no suspect identified,
1753356ad1fd42c6ea03a56e094a74747f0d293a0e779f1d5aa6f169f41259f1,2020-08,Durham Constabulary,Durham Constabulary,-1.561248,54.525746,On or near Duke Street North Back Street,E01033484,Darlington 008F,Burglary,Investigation complete; no suspect identified,
0b287dca085ecc96cca408384265efa39b73acd180f586a10d467da23964f155,2020-08,Durham Constabulary,Durham Constabulary,-1.554221,54.525469,On or near Shopping Area,E01033484,Darlington 008F,Burglary,Investigation complete; no suspect identified,
2bd94ccb00bc63d870587789f1aa1bab07427367d46b6450485e1f3c66528492,2020-08,Durham Constabulary,Durham Constabulary,-1.552562,54.521769,On or near Victoria Road,E01033484,Darlington 008F,Burglary,Investigation complete; no suspect identified,
1f7e998c023c43b455d1c2f50a0bf51f3233fa21ce777ccd76bd3f7b1ca6bc69,2020-08,Durham Constabulary,Durham Constabulary,-1.557577,54.526631,On or near Pedestrian Subway,E01033484,Darlington 008F,Criminal damage and arson,Court result unavailable,
af239b1ec8104a7dbeebfc9a9eac2b2edaddad54e8b5b29c823e2338c3f92289,2020-08,Durham Constabulary,Durham Constabulary,-1.557748,54.523648,On or near Blackwellgate,E01033484,Darlington 008F,Criminal damage and arson,Investigation complete; no suspect identified,
66f21bafd6aba1930c63bc8f0492db8e5ecf9786c3227e658f945f97c3e2706d,2020-08,Durham Constabulary,Durham Constabulary,-1.555570,54.527909,On or near Pedestrian Subway,E01033484,Darlington 008F,Criminal damage and arson,Investigation complete; no suspect identified,
fe1d9ecefba5bbebdecc5efc92af8e9e5300c935e55388c09534b2b2cf508d0a,2020-08,Durham Constabulary,Durham Constabulary,-1.554221,54.525469,On or near Shopping Area,E01033484,Darlington 008F,Criminal damage and arson,Unable to prosecute suspect,
9e15aa762d8bc8f44014c92eb0c6588c98e09e3bf3318b359ae04715eba85c91,2020-08,Durham Constabulary,Durham Constabulary,-1.559778,54.524518,On or near Powlett Street,E01033484,Darlington 008F,Criminal damage and arson,Investigation complete; no suspect identified,
5e1bfaf41176e397d4a5535c1e83e6bbc9b3c02d99d7b61d229fae5591cbfed5,2020-08,Durham Constabulary,Durham Constabulary,-1.553525,54.522752,On or near Bus/Coach Station,E01033484,Darlington 008F,Criminal damage and arson,Further investigation is not in the public interest,
fbb8273bbccb57117d06af6e077ffc727975e6e82bd0b00dcb3e396e4cb25188,2020-08,Durham Constabulary,Durham Constabulary,-1.552947,54.527567,On or near Shopping Area,E01033484,Darlington 008F,Criminal damage and arson,Investigation complete; no suspect identified,
245a696f23887e0a6e84ce02f8319a12c76e9a84557b04b1fd4ef159126bd115,2020-08,Durham Constabulary,Durham Constabulary,-1.555149,54.525382,On or near Prebend Row,E01033484,Darlington 008F,Criminal damage and arson,Unable to prosecute suspect,
183442e13f0e5e3361ae3a214b2df00740ae4def80ef855d4ac6672a7a49310f,2020-08,Durham Constabulary,Durham Constabulary,-1.557170,54.525704,On or near Bell'S Place,E01033484,Darlington 008F,Criminal damage and arson,Investigation complete; no suspect identified,
3d678d910a822b1ee5430c2829b0d5a696594864e06eee1f6a3fd790cfdffcbd,2020-08,Durham Constabulary,Durham Constabulary,-1.554221,54.525469,On or near Shopping Area,E01033484,Darlington 008F,Drugs,Investigation complete; no suspect identified,
be4ae988f1aba8aa5f6929c17e454aa180426297d94c49c9d07738e48ee79b09,2020-08,Durham Constabulary,Durham Constabulary,-1.551343,54.521648,On or near Backhouse Street,E01033484,Darlington 008F,Drugs,Court result unavailable,
6c404bd2b037ee6ce3471d63cdd2a7efbb43e97ea7668c520f8f1d0fd705a7c5,2020-08,Durham Constabulary,Durham Constabulary,-1.554221,54.525469,On or near Shopping Area,E01033484,Darlington 008F,Other theft,Investigation complete; no suspect identified,
c2016350e1530480b4751a3838d167386a3770af3d5b1ae43d59ff319b1ab743,2020-08,Durham Constabulary,Durham Constabulary,-1.558489,54.525170,On or near Raby Terrace,E01033484,Darlington 008F,Other theft,Local resolution,
ede6fe9b8ace2733571653bd4dcf29fce826085f84f2dec893f09089dd844864,2020-08,Durham Constabulary,Durham Constabulary,-1.554221,54.525469,On or near Shopping Area,E01033484,Darlington 008F,Other theft,Investigation complete; no suspect identified,
305f5af8ba635654ddfb1e9f0af80a77aac565c83f00530570c794101e91e617,2020-08,Durham Constabulary,Durham Constabulary,-1.557170,54.525704,On or near Bell'S Place,E01033484,Darlington 008F,Other theft,Investigation complete; no suspect identified,
76b1817f3c0abd85ddde2a5eea345aa82ed11b77536196d2017304572632455e,2020-08,Durham Constabulary,Durham Constabulary,-1.558977,54.522853,On or near Shopping Area,E01033484,Darlington 008F,Possession of weapons,Unable to prosecute suspect,
4f9484ea21ec194a8218c9f615cae0556584bc811e23082b2ccc415963f7cedc,2020-08,Durham Constabulary,Durham Constabulary,-1.553737,54.524532,On or near Church Row,E01033484,Darlington 008F,Possession of weapons,Local resolution,
15d98aaa4d7b9e2ea12dc935bb13a6518bd7994a46ec49a38e698fad96acfeea,2020-08,Durham Constabulary,Durham Constabulary,-1.557170,54.525704,On or near Bell'S Place,E01033484,Darlington 008F,Public order,Unable to prosecute suspect,
2ac56332e6874571bf629c5299fa13d4da8f89eb992231079c15fd386d65b9d9,2020-08,Durham Constabulary,Durham Constabulary,-1.556042,54.524244,On or near Shopping Area,E01033484,Darlington 008F,Public order,Court result unavailable,
907a5f48297f66368d93d48af9c607b127020ade108a7ff10027406cdac61238,2020-08,Durham Constabulary,Durham Constabulary,-1.557748,54.523648,On or near Blackwellgate,E01033484,Darlington 008F,Public order,Further investigation is not in the public interest,
50cc37db86b13907f451b5214e0af9f9b0b740a395eab9aea53d95622879022d,2020-08,Durham Constabulary,Durham Constabulary,-1.551446,54.524937,On or near Stonebridge,E01033484,Darlington 008F,Public order,Investigation complete; no suspect identified,
a96ade5998fb127807859134d46f21c664c03e8300e504c9ed950f3cd348072c,2020-08,Durham Constabulary,Durham Constabulary,-1.554525,54.524535,On or near East Row,E01033484,Darlington 008F,Public order,Investigation complete; no suspect identified,
58fd9aae606b6148e530fe945197562374beeafcfe4766ec9dfaae7b38629160,2020-08,Durham Constabulary,Durham Constabulary,-1.556042,54.524244,On or near Shopping Area,E01033484,Darlington 008F,Public order,Unable to prosecute suspect,
8cb792c79df4f21573796c979cae5ee5bcc0b5b4587b80b7d8e82705732e3c3f,2020-08,Durham Constabulary,Durham Constabulary,-1.551446,54.524937,On or near Stonebridge,E01033484,Darlington 008F,Public order,Unable to prosecute suspect,
fdf0bac0a954bc4e51a25e1397de85dfb00b12130d328cdc8575219a7b6fb1ef,2020-08,Durham Constabulary,Durham Constabulary,-1.555149,54.525382,On or near Prebend Row,E01033484,Darlington 008F,Public order,Formal action is not in the public interest,
ff32023d1d1df9c6dcfc7484a1754de92bf64cec5500f527e75e38f87f420839,2020-08,Durham Constabulary,Durham Constabulary,-1.555149,54.525382,On or near Prebend Row,E01033484,Darlington 008F,Public order,Status update unavailable,
cc6c234ef49481efa3db15ff15db1c12d3d05713dd8b7c07d6f156822165af1a,2020-08,Durham Constabulary,Durham Constabulary,-1.552562,54.521769,On or near Victoria Road,E01033484,Darlington 008F,Public order,Unable to prosecute suspect,
f4da34aed2f47f36585f7dc1fea986c6a916704a423b813b94dd6811367510b7,2020-08,Durham Constabulary,Durham Constabulary,-1.557748,54.523648,On or near Blackwellgate,E01033484,Darlington 008F,Public order,Investigation complete; no suspect identified,
d3bba62732f5945d6b0e7d7c941bfa195d954365ada0ade6e4eb61c08c20ce46,2020-08,Durham Constabulary,Durham Constabulary,-1.549993,54.522128,On or near Parking Area,E01033484,Darlington 008F,Public order,Unable to prosecute suspect,
cc7d863161a3e09bf039121c14cb41dbc5213f5b8bc16f5fd1e6789b74769502,2020-08,Durham Constabulary,Durham Constabulary,-1.553749,54.524856,On or near Tubwell Row,E01033484,Darlington 008F,Public order,Court result unavailable,
fc4d62343fcd99c570bec89d416fbf4f763a13da367648a3a4fbbabacc87648d,2020-08,Durham Constabulary,Durham Constabulary,-1.551343,54.521648,On or near Backhouse Street,E01033484,Darlington 008F,Public order,Unable to prosecute suspect,
a1f998f2a95900004fa4ff23b1540e94a3c918fe599f89fe3bd6234b078211e1,2020-08,Durham Constabulary,Durham Constabulary,-1.553525,54.522752,On or near Bus/Coach Station,E01033484,Darlington 008F,Public order,Unable to prosecute suspect,
99c747a6c52abefe031991429d137c6a603d42350aa67b244606edfb594a35b3,2020-08,Durham Constabulary,Durham Constabulary,-1.551343,54.521648,On or near Backhouse Street,E01033484,Darlington 008F,Public order,Unable to prosecute suspect,
8737cd52c67a3d2eceb4520f36ad05bf0e50c09f32756193a2c3ab2e063152a2,2020-08,Durham Constabulary,Durham Constabulary,-1.561746,54.525397,On or near Duke Street,E01033484,Darlington 008F,Public order,Investigation complete; no suspect identified,
d62b98ceb9ddfd9db529713c9ecb99126f256aa2c5b03755d5eb172332aa9afe,2020-08,Durham Constabulary,Durham Constabulary,-1.561172,54.527040,On or near Wycombe Street,E01033484,Darlington 008F,Public order,Further investigation is not in the public interest,
15b229013d1661a7c6131e257cd75c04745ce4eda726704647e9d33619c0193f,2020-08,Durham Constabulary,Durham Constabulary,-1.555149,54.525382,On or near Prebend Row,E01033484,Darlington 008F,Public order,Court result unavailable,
3434f0998c3277518440e3ac7243302f06d574c5a9ee002fac31ec793849236d,2020-08,Durham Constabulary,Durham Constabulary,-1.554221,54.525469,On or near Shopping Area,E01033484,Darlington 008F,Public order,Unable to prosecute suspect,
e3220fdc537dc853b6787112c714526e102a45802f9fbcfc9f6ed13a3c274fe5,2020-08,Durham Constabulary,Durham Constabulary,-1.551343,54.521648,On or near Backhouse Street,E01033484,Darlington 008F,Robbery,Investigation complete; no suspect identified,
5057f3afc41802d6fc266e2edb30a26d1b2a6d0593b3ab4fe11955b902ce78e0,2020-08,Durham Constabulary,Durham Constabulary,-1.552259,54.526863,On or near Parking Area,E01033484,Darlington 008F,Robbery,Unable to prosecute suspect,
7a90b830636213af08e7a35f94e34b51054753ed1eff917f0a71f864864010d1,2020-08,Durham Constabulary,Durham Constabulary,-1.555164,54.526811,On or near Supermarket,E01033484,Darlington 008F,Shoplifting,Unable to prosecute suspect,
b0027bbaba07a4f420a224e50b0f6f8c0884e5d443eafdf92b42a9cf9d197a35,2020-08,Durham Constabulary,Durham Constabulary,-1.561746,54.525397,On or near Duke Street,E01033484,Darlington 008F,Shoplifting,Investigation complete; no suspect identified,
3f3b83c8f8ea5def9e8411075a6ba4dcd4d28a2931c63c6e5b71707e6888b3d2,2020-08,Durham Constabulary,Durham Constabulary,-1.553749,54.524856,On or near Tubwell Row,E01033484,Darlington 008F,Shoplifting,Suspect charged as part of another case,
4a723ef553ea69edb92855c8070f82e790a4faa770faa165789774cbb3ef1eaf,2020-08,Durham Constabulary,Durham Constabulary,-1.561746,54.525397,On or near Duke Street,E01033484,Darlington 008F,Shoplifting,Unable to prosecute suspect,
c2069bafc9947cd09a6ed530dbaf1edf6ddbf53eb4688f5df9c6b12ec888f96b,2020-08,Durham Constabulary,Durham Constabulary,-1.561746,54.525397,On or near Duke Street,E01033484,Darlington 008F,Shoplifting,Unable to prosecute suspect,
06c25a0daee056993fcb041b2acc4711d9d494f9becb6dbeea270fb20748440a,2020-08,Durham Constabulary,Durham Constabulary,-1.552924,54.526776,On or near Quebec Street,E01033484,Darlington 008F,Shoplifting,Investigation complete; no suspect identified,
abf9886515661d7bcf2a1943160f9fc3548102500c1f1acaf83df4bae15211b4,2020-08,Durham Constabulary,Durham Constabulary,-1.561746,54.525397,On or near Duke Street,E01033484,Darlington 008F,Shoplifting,Unable to prosecute suspect,
7b2e0acbf2e3b4c6de81721f7de1b605ea9200406a01411377c2a237b4c0b98f,2020-08,Durham Constabulary,Durham Constabulary,-1.552924,54.526776,On or near Quebec Street,E01033484,Darlington 008F,Shoplifting,Investigation complete; no suspect identified,
cb1c569b1cb36870251c4269ae8bd6aa747d00521dadd75c87fa427fd455175b,2020-08,Durham Constabulary,Durham Constabulary,-1.555164,54.526811,On or near Supermarket,E01033484,Darlington 008F,Shoplifting,Court result unavailable,
6127601a02bb7257127280f0097d95ebda0d84ab12da77ff5d4f3ba3123bcda5,2020-08,Durham Constabulary,Durham Constabulary,-1.553749,54.524856,On or near Tubwell Row,E01033484,Darlington 008F,Shoplifting,Further action is not in the public interest,
433b52514737fb05e5c5ccba71037a253314fda3e7276a1e909df859524cf4bf,2020-08,Durham Constabulary,Durham Constabulary,-1.552924,54.526776,On or near Quebec Street,E01033484,Darlington 008F,Shoplifting,Unable to prosecute suspect,
191e26555c2da351d319c19f2201135a9526e44a357e94d6b6bb241f8f9c8b06,2020-08,Durham Constabulary,Durham Constabulary,-1.561746,54.525397,On or near Duke Street,E01033484,Darlington 008F,Shoplifting,Unable to prosecute suspect,
c4a0e97d65db3b347a93e4d11777c9559a1eab4c73251866bcaa01ba3060d781,2020-08,Durham Constabulary,Durham Constabulary,-1.555164,54.526811,On or near Supermarket,E01033484,Darlington 008F,Shoplifting,Investigation complete; no suspect identified,
59b7db91c9d215689a174aa3711b7b0ec79c43dc641ddbd8b0381da8c9a3eedb,2020-08,Durham Constabulary,Durham Constabulary,-1.561746,54.525397,On or near Duke Street,E01033484,Darlington 008F,Shoplifting,Unable to prosecute suspect,
854af472906d02b5712699a958a68897b6df55d75e15357b7f3c780f6c39f2fe,2020-08,Durham Constabulary,Durham Constabulary,-1.561746,54.525397,On or near Duke Street,E01033484,Darlington 008F,Shoplifting,Unable to prosecute suspect,
d21e391f9e1573838e6d37259cd48679d8ccf8feaeedf028b5fcdcc26bab17ce,2020-08,Durham Constabulary,Durham Constabulary,-1.561746,54.525397,On or near Duke Street,E01033484,Darlington 008F,Shoplifting,Suspect charged as part of another case,
268ffa3f407e6cd802186617eb6dff6febcbcabbffb568f51c274e7551bec34c,2020-08,Durham Constabulary,Durham Constabulary,-1.555164,54.526811,On or near Supermarket,E01033484,Darlington 008F,Shoplifting,Local resolution,
806e65d8a0e5ca170c210afb45f17bbbbeeb0be622820eed001d58304b531235,2020-08,Durham Constabulary,Durham Constabulary,-1.554221,54.525469,On or near Shopping Area,E01033484,Darlington 008F,Shoplifting,Local resolution,
4cb3a342e0936bc2e1e3aed33fcb85690c0146cedd0457304905335f84f11d47,2020-08,Durham Constabulary,Durham Constabulary,-1.555164,54.526811,On or near Supermarket,E01033484,Darlington 008F,Theft from the person,Investigation complete; no suspect identified,
e4c4c7bb2237509b8af6127468b847b5cac319dcb9d9b16015e59beb6d7bcf3e,2020-08,Durham Constabulary,Durham Constabulary,-1.552924,54.526776,On or near Quebec Street,E01033484,Darlington 008F,Theft from the person,Investigation complete; no suspect identified,
a4f8ce75b18c30d140a02cd5c3880df316178ae309bd5abe672b702ee5a6058e,2020-08,Durham Constabulary,Durham Constabulary,-1.555737,54.523919,On or near Shopping Area,E01033484,Darlington 008F,Theft from the person,Investigation complete; no suspect identified,
6c40205ba3331787ace6032b4ad22a885c7542a706e4dafd6eab1cbd68954b6b,2020-08,Durham Constabulary,Durham Constabulary,-1.561746,54.525397,On or near Duke Street,E01033484,Darlington 008F,Theft from the person,Unable to prosecute suspect,
5bdb01723c58d2e4e650c26d12621332fd394addae4f0a5dba351184b632fa24,2020-08,Durham Constabulary,Durham Constabulary,-1.553737,54.524532,On or near Church Row,E01033484,Darlington 008F,Theft from the person,Unable to prosecute suspect,
4ba690acf30e62ae327cecbfb4561e7a4a5cb784386527dc663e687eb994a217,2020-08,Durham Constabulary,Durham Constabulary,-1.553525,54.522752,On or near Bus/Coach Station,E01033484,Darlington 008F,Violence and sexual offences,Court result unavailable,
ccf48e7a07b5a3222128a43e43550e1847f659a67a200677c0f00fd706d885da,2020-08,Durham Constabulary,Durham Constabulary,-1.561746,54.525397,On or near Duke Street,E01033484,Darlington 008F,Violence and sexual offences,Further investigation is not in the public interest,
7289ea8afd7167c6bc0158a3a896b7fa784b0651bfec2e3136b54f02b1ba82d0,2020-08,Durham Constabulary,Durham Constabulary,-1.557748,54.523648,On or near Blackwellgate,E01033484,Darlington 008F,Violence and sexual offences,Further action is not in the public interest,
24974654c864e2ea817f69854193db182da9886b8146fcd27700d779d3100eb5,2020-08,Durham Constabulary,Durham Constabulary,-1.557748,54.523648,On or near Blackwellgate,E01033484,Darlington 008F,Violence and sexual offences,Unable to prosecute suspect,
0424a653505a3ee8d52a4d438c0bf703664322562058755ad3b0ff44d092fec8,2020-08,Durham Constabulary,Durham Constabulary,-1.552924,54.526776,On or near Quebec Street,E01033484,Darlington 008F,Violence and sexual offences,Unable to prosecute suspect,
6e21e56d1c147e3d5452fb05b601c4d57cc6468f518d878a69751d97a2e01470,2020-08,Durham Constabulary,Durham Constabulary,-1.553525,54.522752,On or near Bus/Coach Station,E01033484,Darlington 008F,Violence and sexual offences,Unable to prosecute suspect,
8ac2f37aa19ad96df3545a5a4fb8532cffc930141c3e0e7ba1fae74a539b2881,2020-08,Durham Constabulary,Durham Constabulary,-1.557170,54.525704,On or near Bell'S Place,E01033484,Darlington 008F,Violence and sexual offences,Further action is not in the public interest,
2a3d4662744a23ec9529e6074b747170658bca8f7fe3806999656dd58600f72c,2020-08,Durham Constabulary,Durham Constabulary,-1.551446,54.524937,On or near Stonebridge,E01033484,Darlington 008F,Violence and sexual offences,Investigation complete; no suspect identified,
57f470d644d3b0f1c258f0a24de8b4bd6bb28cf89520a24fd2771d1f600c433e,2020-08,Durham Constabulary,Durham Constabulary,-1.555570,54.527909,On or near Pedestrian Subway,E01033484,Darlington 008F,Violence and sexual offences,Investigation complete; no suspect identified,
1eb13b8a2fef85d94ad34691512de75f2154910af39b60fa058a56b6b9ff75ca,2020-08,Durham Constabulary,Durham Constabulary,-1.555149,54.525382,On or near Prebend Row,E01033484,Darlington 008F,Violence and sexual offences,Unable to prosecute suspect,
723ed759c8f74cad5c64a530e8879806c2143c4be949626cb4054a9b92cc52b1,2020-08,Durham Constabulary,Durham Constabulary,-1.557748,54.523648,On or near Blackwellgate,E01033484,Darlington 008F,Violence and sexual offences,Unable to prosecute suspect,
ae6cd3c7a6d983a046798855948e2997ad0662748498c1664842ba662ee8c794,2020-08,Durham Constabulary,Durham Constabulary,-1.553579,54.523390,On or near Feethams,E01033484,Darlington 008F,Violence and sexual offences,Unable to prosecute suspect,
7ab56532d8dd12c870c9c9bc300207e9192426d70ccd1f6e4e8e231236ed2b4b,2020-08,Durham Constabulary,Durham Constabulary,-1.558489,54.525170,On or near Raby Terrace,E01033484,Darlington 008F,Violence and sexual offences,Status update unavailable,
cae501caa80a2f3d33f9f504c0b5d08e849ac95b04ba9d8fe53510f0ec6d195f,2020-08,Durham Constabulary,Durham Constabulary,-1.555149,54.525382,On or near Prebend Row,E01033484,Darlington 008F,Violence and sexual offences,Unable to prosecute suspect,
1ce5fbf67ea7fae0eef518b4bd50884ddecd217d2c1f5f18e41c3f80549c5f8f,2020-08,Durham Constabulary,Durham Constabulary,-1.555164,54.526811,On or near Supermarket,E01033484,Darlington 008F,Violence and sexual offences,Unable to prosecute suspect,
b6fa5ded7033c4bb2cc4e0f59c6373794b5a8e8a414d3f4010f263ff75d1e0e2,2020-08,Durham Constabulary,Durham Constabulary,-1.551446,54.524937,On or near Stonebridge,E01033484,Darlington 008F,Violence and sexual offences,Unable to prosecute suspect,
97d551f4a8c27bcef128be2499d9f08682bd15d9f176448385cfebe5e0c497d8,2020-08,Durham Constabulary,Durham Constabulary,-1.553749,54.524856,On or near Tubwell Row,E01033484,Darlington 008F,Violence and sexual offences,Investigation complete; no suspect identified,
cfaee5e5829a68f7aebc8435f13cc2ffc27eb9675b94fba0b5ce1b3ccafccb20,2020-08,Durham Constabulary,Durham Constabulary,-1.557748,54.523648,On or near Blackwellgate,E01033484,Darlington 008F,Violence and sexual offences,Further action is not in the public interest,
b851976e6616526a2a39a8f54eca2721e16b3753600c5db234e41c9b423ab2bb,2020-08,Durham Constabulary,Durham Constabulary,-1.553525,54.522752,On or near Bus/Coach Station,E01033484,Darlington 008F,Violence and sexual offences,Court result unavailable,
5d4c51c2d61893caf65f2807ce4d00341b5abaf7d231ec494e1130a999ee8d8d,2020-08,Durham Constabulary,Durham Constabulary,-1.558686,54.526923,On or near Woodland Road,E01033484,Darlington 008F,Violence and sexual offences,Investigation complete; no suspect identified,
4494326d070696d3697d00744b54f6331122acafdf1d6df1aa0a39503678e499,2020-08,Durham Constabulary,Durham Constabulary,-1.555149,54.525382,On or near Prebend Row,E01033484,Darlington 008F,Violence and sexual offences,Unable to prosecute suspect,
855018b4be8cd1e9331aee0c938b6e8346892949b450e98eac50f9981c138e9c,2020-08,Durham Constabulary,Durham Constabulary,-1.551446,54.524937,On or near Stonebridge,E01033484,Darlington 008F,Violence and sexual offences,Investigation complete; no suspect identified,
da96505d22411a901b7f4e6c0c0032340d69e5f4aa4fea38decd13fceb02fbe7,2020-08,Durham Constabulary,Durham Constabulary,-1.555149,54.525382,On or near Prebend Row,E01033484,Darlington 008F,Violence and sexual offences,Unable to prosecute suspect,
5f76ffdb26e02854ee66cfc3b60767d2024f4c7ecec702f58319ee08594d0d9f,2020-08,Durham Constabulary,Durham Constabulary,-1.555164,54.526811,On or near Supermarket,E01033484,Darlington 008F,Violence and sexual offences,Unable to prosecute suspect,
bcdc433f82bb309e774cd42f8faa59fa7d10f6e3443571032269a09e12912e94,2020-08,Durham Constabulary,Durham Constabulary,-1.555164,54.526811,On or near Supermarket,E01033484,Darlington 008F,Violence and sexual offences,Unable to prosecute suspect,
6e67c8df5e81d60c357abbec275bcce7c9d46730e65b339e80fe9ae7a3a6153d,2020-08,Durham Constabulary,Durham Constabulary,-1.556382,54.525683,On or near Parking Area,E01033484,Darlington 008F,Violence and sexual offences,Unable to prosecute suspect,
167e8a25ff57c07301dd467f5d62ba86d634645bbcb69177f3a641fc77c3f2b3,2020-08,Durham Constabulary,Durham Constabulary,-1.555149,54.525382,On or near Prebend Row,E01033484,Darlington 008F,Violence and sexual offences,Court result unavailable,
e8eec850d5ca4653a9559bc5da83fc994b39351a8bddfaee3a56ff4f2b829cf7,2020-08,Durham Constabulary,Durham Constabulary,-1.552562,54.521769,On or near Victoria Road,E01033484,Darlington 008F,Violence and sexual offences,Investigation complete; no suspect identified,
942120ca8cc3d7b4c033a8c6323cc912f0134175a0914eb4a121c76f8be7c65e,2020-08,Durham Constabulary,Durham Constabulary,-1.554221,54.525469,On or near Shopping Area,E01033484,Darlington 008F,Violence and sexual offences,Investigation complete; no suspect identified,
f3029c485b9619d6d44a2830bf43ba5a743287592f2697d71d6ab176ea54f249,2020-08,Durham Constabulary,Durham Constabulary,-1.555570,54.527909,On or near Pedestrian Subway,E01033484,Darlington 008F,Violence and sexual offences,Unable to prosecute suspect,
5dd175563a4c08b20bc0aa8aa4b77fda69d75026c74c0a7654433972eb296b34,2020-08,Durham Constabulary,Durham Constabulary,-1.553737,54.524532,On or near Church Row,E01033484,Darlington 008F,Violence and sexual offences,Further investigation is not in the public interest,
d9d04f8b6705d0ed3f925d8468f1c82f23108ffae30a4a388c690d648eb56431,2020-08,Durham Constabulary,Durham Constabulary,-1.553737,54.524532,On or near Church Row,E01033484,Darlington 008F,Violence and sexual offences,Investigation complete; no suspect identified,
23a772d9ac5f8f09e377c59b8b8aefb2874f1650d4ac844663639535b191b05b,2020-08,Durham Constabulary,Durham Constabulary,-1.557748,54.523648,On or near Blackwellgate,E01033484,Darlington 008F,Violence and sexual offences,Court result unavailable,
abd1341671b8e570624ebdbb9648480f8b4fb48b2795990627e8bff9b505563a,2020-08,Durham Constabulary,Durham Constabulary,-1.557748,54.523648,On or near Blackwellgate,E01033484,Darlington 008F,Violence and sexual offences,Investigation complete; no suspect identified,
aafe541f7830a017b03514e189ba88b138ab7b5c25cf0cbd3cac5e5773c0b59b,2020-08,Durham Constabulary,Durham Constabulary,-1.556401,54.526807,On or near King Street,E01033484,Darlington 008F,Violence and sexual offences,Unable to prosecute suspect,
4417be90743ced3733f028068089b08fe4799ab492dd1e5a3af2c01282efe888,2020-08,Durham Constabulary,Durham Constabulary,-1.551446,54.524937,On or near Stonebridge,E01033484,Darlington 008F,Violence and sexual offences,Unable to prosecute suspect,
b00966a105d24169ab576ed7cd5d0c7eef0146e5110f90882669aeb4cea54b44,2020-08,Durham Constabulary,Durham Constabulary,-1.555570,54.527909,On or near Pedestrian Subway,E01033484,Darlington 008F,Violence and sexual offences,Unable to prosecute suspect,
42b69033883f8ee3094c367f0a9889b3a38df9429e27a03a972e91f0370bb647,2020-08,Durham Constabulary,Durham Constabulary,-1.555149,54.525382,On or near Prebend Row,E01033484,Darlington 008F,Violence and sexual offences,Court result unavailable,
abb6b4857b86958a543cb8bafc47258e4ff02e5ee9f0aa6d498eeb5f726864a6,2020-08,Durham Constabulary,Durham Constabulary,-1.551446,54.524937,On or near Stonebridge,E01033484,Darlington 008F,Violence and sexual offences,Investigation complete; no suspect identified,
f293d282b375cd4e3690b795148f3896c796e9925b437fbd64fec45679344265,2020-08,Durham Constabulary,Durham Constabulary,-1.558489,54.525170,On or near Raby Terrace,E01033484,Darlington 008F,Violence and sexual offences,Unable to prosecute suspect,
47d8bac7675b5c12908ccd8b617d314ee851da66ec244cbf6849a6c2028bd10a,2020-08,Durham Constabulary,Durham Constabulary,-1.553525,54.522752,On or near Bus/Coach Station,E01033484,Darlington 008F,Violence and sexual offences,Court result unavailable,
91f8a333d5265a9e2b2cae27ee808fce9865d133a4322878e9c498de75f63e5e,2020-08,Durham Constabulary,Durham Constabulary,-1.553749,54.524856,On or near Tubwell Row,E01033484,Darlington 008F,Violence and sexual offences,Further action is not in the public interest,
bc47ff92867c73f2ac8f01ea735da60656992bb964e55b517f039a87bd3d751f,2020-08,Durham Constabulary,Durham Constabulary,-1.553525,54.522752,On or near Bus/Coach Station,E01033484,Darlington 008F,Violence and sexual offences,Unable to prosecute suspect,
8e2db7541683566d32e17503763e161c2710d905c7622f615b1605b4caec4e4a,2020-08,Durham Constabulary,Durham Constabulary,-1.556042,54.524244,On or near Shopping Area,E01033484,Darlington 008F,Other crime,Unable to prosecute suspect,
cc468a201f36c465a06d9e614984a1015884d1193f6d6e04e5ed9c801750a031,2020-08,Durham Constabulary,Durham Constabulary,-1.555164,54.526811,On or near Supermarket,E01033484,Darlington 008F,Other crime,Unable to prosecute suspect,
,2020-08,Durham Constabulary,Durham Constabulary,-1.545142,54.530548,On or near Montrose Street,E01012307,Darlington 009A,Anti-social behaviour,,
,2020-08,Durham Constabulary,Durham Constabulary,-1.541057,54.533732,On or near Killinghall Street,E01012307,Darlington 009A,Anti-social behaviour,,
,2020-08,Durham Constabulary,Durham Constabulary,-1.537505,54.534959,On or near Church Close,E01012307,Darlington 009A,Anti-social behaviour,,
,2020-08,Durham Constabulary,Durham Constabulary,-1.541348,54.532619,On or near Bowes Court,E01012307,Darlington 009A,Anti-social behaviour,,
,2020-08,Durham Constabulary,Durham Constabulary,-1.545142,54.530548,On or near Montrose Street,E01012307,Darlington 009A,Anti-social behaviour,,
,2020-08,Durham Constabulary,Durham Constabulary,-1.535195,54.532811,On or near Wolsingham Terrace,E01012307,Darlington 009A,Anti-social behaviour,,
,2020-08,Durham Constabulary,Durham Constabulary,-1.541057,54.533732,On or near Killinghall Street,E01012307,Darlington 009A,Anti-social behaviour,,
,2020-08,Durham Constabulary,Durham Constabulary,-1.534380,54.533887,On or near Haughton Road,E01012307,Darlington 009A,Anti-social behaviour,,
,2020-08,Durham Constabulary,Durham Constabulary,-1.545142,54.530548,On or near Montrose Street,E01012307,Darlington 009A,Anti-social behaviour,,
,2020-08,Durham Constabulary,Durham Constabulary,-1.543382,54.530362,On or near Haughton Road,E01012307,Darlington 009A,Anti-social behaviour,,
8d9373f73eb0c9bc1aefbf7549eb5cfc8d9e596ec9ca5c194937e7fec1b9e04a,2020-08,Durham Constabulary,Durham Constabulary,-1.532788,54.533880,On or near Throstlenest Avenue,E01012307,Darlington 009A,Burglary,Court result unavailable,
65a85699e0320fe3f422dd2047806b9d988ad8c1437758c7b935e088dce63ced,2020-08,Durham Constabulary,Durham Constabulary,-1.534302,54.535252,On or near Dorset Drive,E01012307,Darlington 009A,Criminal damage and arson,Local resolution,
6b5aaf2324ebfc2ef6d0b309a4d5d705d503526943fbc26f2c4c24f74f13c21f,2020-08,Durham Constabulary,Durham Constabulary,-1.537505,54.534959,On or near Church Close,E01012307,Darlington 009A,Criminal damage and arson,Unable to prosecute suspect,
731d3fac24584c5d2d88f075e17b7e4b04ec728d5e80c08b2622296e3b2e4647,2020-08,Durham Constabulary,Durham Constabulary,-1.544434,54.530231,On or near Montrose Street North Back,E01012307,Darlington 009A,Drugs,Investigation complete; no suspect identified,
14753c2f0f69a22b7cb6d1b39f3f5ed3ac7c328782e01b2e121929518ecb05c9,2020-08,Durham Constabulary,Durham Constabulary,-1.544434,54.530231,On or near Montrose Street North Back,E01012307,Darlington 009A,Other theft,Investigation complete; no suspect identified,
abf9b3409307d8da2dab0bc93dd818140979803e6b89c159177951e6881dd4b6,2020-08,Durham Constabulary,Durham Constabulary,-1.538878,54.533715,On or near Grey Street,E01012307,Darlington 009A,Other theft,Investigation complete; no suspect identified,
de750592767253ed5d34d4b7c805a07c70bf23ba9573a34eb10402ed389217da,2020-08,Durham Constabulary,Durham Constabulary,-1.541348,54.532619,On or near Bowes Court,E01012307,Darlington 009A,Public order,Offender given a caution,
f796d77083d12698f35d8a31bd6a139b31f4a2233f7e412b5d84bee77ddd9942,2020-08,Durham Constabulary,Durham Constabulary,-1.534819,54.533268,On or near Alexander Street,E01012307,Darlington 009A,Public order,Court result unavailable,
5e23fb4957c31e45f6a98fb815657264b56dfe197af8dfb8f8b46cb975137bf2,2020-08,Durham Constabulary,Durham Constabulary,-1.537505,54.534959,On or near Church Close,E01012307,Darlington 009A,Public order,Action to be taken by another organisation,
f2729c95bf54d6d2b438a7dac31d64edb906a9865dca3bcb949f885fdd519aef,2020-08,Durham Constabulary,Durham Constabulary,-1.541719,54.533960,On or near Lucknow Street,E01012307,Darlington 009A,Public order,Unable to prosecute suspect,
31052ff9d4d9e5fa02905c5e650a2896312cd6efaac9e1525572dfceae32c6ca,2020-08,Durham Constabulary,Durham Constabulary,-1.534819,54.533268,On or near Alexander Street,E01012307,Darlington 009A,Public order,Court result unavailable,
ada7d479b3156d6f773cee7e518a40d204ba1211925eafa2d8518239d8e9810c,2020-08,Durham Constabulary,Durham Constabulary,-1.539676,54.532882,On or near St James Court,E01012307,Darlington 009A,Public order,Investigation complete; no suspect identified,
77f125c830c554b01d8afcc372c6fd7d7b3020a51561c8c00a114082478199cd,2020-08,Durham Constabulary,Durham Constabulary,-1.534819,54.533268,On or near Alexander Street,E01012307,Darlington 009A,Shoplifting,Status update unavailable,
343acdc84acef02a8cc4f059f01b43f315e3cf0eaf5a16cd9f6ad263216c8b5e,2020-08,Durham Constabulary,Durham Constabulary,-1.534819,54.533268,On or near Alexander Street,E01012307,Darlington 009A,Shoplifting,Unable to prosecute suspect,
07490a5fbe6191fd7bdcc4de1fd297c7c9f30521ce7e03047b24ddf76f51485e,2020-08,Durham Constabulary,Durham Constabulary,-1.546153,54.531307,On or near Dumfries Street,E01012307,Darlington 009A,Vehicle crime,Investigation complete; no suspect identified,
0a1dd1d6199f0bcf5fe6ba721f996572e4b86405929a86b1809df1de3a6bd21b,2020-08,Durham Constabulary,Durham Constabulary,-1.533057,54.536056,On or near Sussex Way,E01012307,Darlington 009A,Violence and sexual offences,Unable to prosecute suspect,
befec33799cadef3e01a6c8a091da0f67d11fa9d587433c665ef7cfa062ea1c8,2020-08,Durham Constabulary,Durham Constabulary,-1.537505,54.534959,On or near Church Close,E01012307,Darlington 009A,Violence and sexual offences,Further investigation is not in the public interest,
6a93327ddd6c97d65f93477b94ff7e1d44b6d926c567750842980ee0ca6681a7,2020-08,Durham Constabulary,Durham Constabulary,-1.545640,54.530200,On or near Dundee Street,E01012307,Darlington 009A,Violence and sexual offences,Unable to prosecute suspect,
c52ad87c9c5ed14ee39b6037727813e02536d5d382512ef4123b388cf4a083f8,2020-08,Durham Constabulary,Durham Constabulary,-1.537505,54.534959,On or near Church Close,E01012307,Darlington 009A,Violence and sexual offences,Unable to prosecute suspect,
75bc31707535c7b34bf54c8e94a0e116cd555bcd2915e06f50ae638f999e1a90,2020-08,Durham Constabulary,Durham Constabulary,-1.541719,54.533960,On or near Lucknow Street,E01012307,Darlington 009A,Violence and sexual offences,Unable to prosecute suspect,
f3e559f3acf1de4034d866b832ac1487336ff96bc615323e716a871febc80f80,2020-08,Durham Constabulary,Durham Constabulary,-1.545640,54.530200,On or near Dundee Street,E01012307,Darlington 009A,Violence and sexual offences,Unable to prosecute suspect,
6b8b18c17402264a8342a57d05648f574fcc3100e75277b7304b31c56fc808df,2020-08,Durham Constabulary,Durham Constabulary,-1.537505,54.534959,On or near Church Close,E01012307,Darlington 009A,Violence and sexual offences,Unable to prosecute suspect,
bdc565ccc0c15da05aab41249c4edb14dc064195a7b83c89e9f1ae2fec2a59b9,2020-08,Durham Constabulary,Durham Constabulary,-1.537505,54.534959,On or near Church Close,E01012307,Darlington 009A,Violence and sexual offences,Unable to prosecute suspect,
4a8207b0b7db30ceffde07230cb1ad07ca8e2db7e9c549c9f98338f335b156fa,2020-08,Durham Constabulary,Durham Constabulary,-1.534302,54.535252,On or near Dorset Drive,E01012307,Darlington 009A,Violence and sexual offences,Local resolution,
c02fabe0d9a91823e04164d72cd7d943375eb037658c00367f5a61c48e974b3e,2020-08,Durham Constabulary,Durham Constabulary,-1.537505,54.534959,On or near Church Close,E01012307,Darlington 009A,Violence and sexual offences,Further investigation is not in the public interest,
92fd0f2652e133fdde3c9d0812486361a067d1108ee43f48ada8da082caf12b0,2020-08,Durham Constabulary,Durham Constabulary,-1.537505,54.534959,On or near Church Close,E01012307,Darlington 009A,Violence and sexual offences,Unable to prosecute suspect,
6b8b18c17402264a8342a57d05648f574fcc3100e75277b7304b31c56fc808df,2020-08,Durham Constabulary,Durham Constabulary,-1.537505,54.534959,On or near Church Close,E01012307,Darlington 009A,Violence and sexual offences,Status update unavailable,
622bbf27bda776615ad3bf966953e0836ba12c7a6431076c6e9ff93d8210a79d,2020-08,Durham Constabulary,Durham Constabulary,-1.537505,54.534959,On or near Church Close,E01012307,Darlington 009A,Violence and sexual offences,Court result unavailable,
,2020-08,Durham Constabulary,Durham Constabulary,-1.518898,54.533592,On or near Headingley Crescent,E01012327,Darlington 009B,Anti-social behaviour,,
,2020-08,Durham Constabulary,Durham Constabulary,-1.513080,54.534216,On or near Hickstead Court,E01012327,Darlington 009B,Anti-social behaviour,,
,2020-08,Durham Constabulary,Durham Constabulary,-1.514488,54.534078,On or near Badminton Close,E01012327,Darlington 009B,Anti-social behaviour,,
,2020-08,Durham Constabulary,Durham Constabulary,-1.513699,54.532880,On or near Deepdale Way,E01012327,Darlington 009B,Anti-social behaviour,,
,2020-08,Durham Constabulary,Durham Constabulary,-1.513699,54.532880,On or near Deepdale Way,E01012327,Darlington 009B,Anti-social behaviour,,
,2020-08,Durham Constabulary,Durham Constabulary,-1.513699,54.532880,On or near Deepdale Way,E01012327,Darlington 009B,Anti-social behaviour,,
,2020-08,Durham Constabulary,Durham Constabulary,-1.514488,54.534078,On or near Badminton Close,E01012327,Darlington 009B,Anti-social behaviour,,
,2020-08,Durham Constabulary,Durham Constabulary,-1.515147,54.534557,On or near Mallory Court,E01012327,Darlington 009B,Anti-social behaviour,,
,2020-08,Durham Constabulary,Durham Constabulary,-1.510628,54.533811,On or near Bisley Court,E01012327,Darlington 009B,Anti-social behaviour,,
,2020-08,Durham Constabulary,Durham Constabulary,-1.510628,54.533811,On or near Bisley Court,E01012327,Darlington 009B,Anti-social behaviour,,
7c9c50df39d2b61996f94fe347f8f12a494a7d6bfe07221867f3edfdd1e4c0fd,2020-08,Durham Constabulary,Durham Constabulary,-1.523056,54.533555,On or near Ayresome Way,E01012327,Darlington 009B,Bicycle theft,Unable to prosecute suspect,
564cb62f9ef51eb5cf92be8aee024701ba3b281d370a7ddf55ae5752d5093a7d,2020-08,Durham Constabulary,Durham Constabulary,-1.518898,54.533592,On or near Headingley Crescent,E01012327,Darlington 009B,Burglary,Investigation complete; no suspect identified,
1ac2042eeb6b243eb2340239715ba460033005fc63a4f3840e27cc093b020840,2020-08,Durham Constabulary,Durham Constabulary,-1.516820,54.532937,On or near White Hart Crescent,E01012327,Darlington 009B,Criminal damage and arson,Investigation complete; no suspect identified,
85168c175e1f7cd49645ed89ec34de0bf88885feb41514babd6c622a5b2279e4,2020-08,Durham Constabulary,Durham Constabulary,-1.513699,54.532880,On or near Deepdale Way,E01012327,Darlington 009B,Criminal damage and arson,Investigation complete; no suspect identified,
79368adc73dbb818d359036ea53b373b7537303aad333fe6bb46310fd5c1411b,2020-08,Durham Constabulary,Durham Constabulary,-1.513699,54.532880,On or near Deepdale Way,E01012327,Darlington 009B,Criminal damage and arson,Investigation complete; no suspect identified,
19c813f4621d270bf53f106bb51183e2449597bf27158f9fa58f63c6064b8419,2020-08,Durham Constabulary,Durham Constabulary,-1.516530,54.532630,On or near Murrayfield Way,E01012327,Darlington 009B,Criminal damage and arson,Further action is not in the public interest,
1305c705fbc3526c2d8628c1a95959f4761cff05e15f0cf01eceaf9b037e89b4,2020-08,Durham Constabulary,Durham Constabulary,-1.511709,54.533878,On or near Chepstow Court,E01012327,Darlington 009B,Criminal damage and arson,Unable to prosecute suspect,
941dfef9ab69090f7281a7a9e6aa93379095f5fcc46132ec0118e2db7fc4073f,2020-08,Durham Constabulary,Durham Constabulary,-1.521297,54.533287,On or near Harringay Crescent,E01012327,Darlington 009B,Criminal damage and arson,Investigation complete; no suspect identified,
a531fa2f36c4a868f4c60ad62edeedd64b0a1fe3e9d22a4ae6c3db90af1f5b44,2020-08,Durham Constabulary,Durham Constabulary,-1.513699,54.532880,On or near Deepdale Way,E01012327,Darlington 009B,Criminal damage and arson,Investigation complete; no suspect identified,
f6d3b1a687b4ad3745b6acf1617edbfa172cf3399adfbe1a602743d9f8f178a6,2020-08,Durham Constabulary,Durham Constabulary,-1.513080,54.534216,On or near Hickstead Court,E01012327,Darlington 009B,Drugs,Offender given a caution,
641045b069e16ee012e406c63b38f235f83b658ce63460e296e8a0b4db4fcdbb,2020-08,Durham Constabulary,Durham Constabulary,-1.511709,54.533878,On or near Chepstow Court,E01012327,Darlington 009B,Other theft,Unable to prosecute suspect,
9db6f8837d710d29d28510764cd8f02646a9ab1813b8cac01a102118ac07a208,2020-08,Durham Constabulary,Durham Constabulary,-1.521297,54.533287,On or near Harringay Crescent,E01012327,Darlington 009B,Other theft,Unable to prosecute suspect,
555514cfd6d485fde6711bea59ad84205e28957d0bf8b5bd72c9fbc11856d61e,2020-08,Durham Constabulary,Durham Constabulary,-1.521297,54.533287,On or near Harringay Crescent,E01012327,Darlington 009B,Public order,Unable to prosecute suspect,
d9818436dd21c7deacb99bc460f015f5ddeea34995fd21904d7b98b095f99c76,2020-08,Durham Constabulary,Durham Constabulary,-1.519267,54.533738,On or near Trafford Close,E01012327,Darlington 009B,Public order,Unable to prosecute suspect,
3789c3e63f0378b5c08afc298dfc4bdca109e54e32d5f04fb0a8e9d592a28ef4,2020-08,Durham Constabulary,Durham Constabulary,-1.511709,54.533878,On or near Chepstow Court,E01012327,Darlington 009B,Theft from the person,Unable to prosecute suspect,
a5488dfe60dfff33b98cadc690a6d7a28ec290d67cf8f3b9a9a99284b7549639,2020-08,Durham Constabulary,Durham Constabulary,-1.521826,54.533002,On or near Roker Close,E01012327,Darlington 009B,Vehicle crime,Investigation complete; no suspect identified,
c8bf5f58887974d09f20e8046840bceec5beaea851d7b600b969f1c250b6fa2c,2020-08,Durham Constabulary,Durham Constabulary,-1.521297,54.533287,On or near Harringay Crescent,E01012327,Darlington 009B,Violence and sexual offences,Status update unavailable,
2d54f72c164b0c616cedb89c1c4b33a4cc36b22ab15f2855ee81cdc8160160aa,2020-08,Durham Constabulary,Durham Constabulary,-1.513699,54.532880,On or near Deepdale Way,E01012327,Darlington 009B,Violence and sexual offences,Status update unavailable,
c8bf5f58887974d09f20e8046840bceec5beaea851d7b600b969f1c250b6fa2c,2020-08,Durham Constabulary,Durham Constabulary,-1.521297,54.533287,On or near Harringay Crescent,E01012327,Darlington 009B,Violence and sexual offences,Unable to prosecute suspect,
746bb584e77dc25bfdf55c7b59f8481590fa89541c56c71d40b58f6a92c72f94,2020-08,Durham Constabulary,Durham Constabulary,-1.514592,54.533189,On or near Bramall Lane,E01012327,Darlington 009B,Violence and sexual offences,Unable to prosecute suspect,
81a9d655ac7783de57d227e58dc21a4981c5e11d0070c1c19b6d50ca008671ad,2020-08,Durham Constabulary,Durham Constabulary,-1.518898,54.533592,On or near Headingley Crescent,E01012327,Darlington 009B,Violence and sexual offences,Investigation complete; no suspect identified,
725b022c4950d92e96eb96bc69bad792c54d8e45f04c21b47c94687870fd6722,2020-08,Durham Constabulary,Durham Constabulary,-1.513699,54.532880,On or near Deepdale Way,E01012327,Darlington 009B,Violence and sexual offences,Status update unavailable,
c211320c7d732ec39d17860a06994bc155a202a2aefba4709d07da60d635cfb9,2020-08,Durham Constabulary,Durham Constabulary,-1.516530,54.532630,On or near Murrayfield Way,E01012327,Darlington 009B,Violence and sexual offences,Investigation complete; no suspect identified,
1f0ff5d0ed00f065e49e4c129592543448c857dc7b94259dd10e8d807750ac88,2020-08,Durham Constabulary,Durham Constabulary,-1.513699,54.532880,On or near Deepdale Way,E01012327,Darlington 009B,Violence and sexual offences,Unable to prosecute suspect,
fa11df35eca19084948d0effa6b0053c1f4fb13a44b48a48ec416590dea00ee0,2020-08,Durham Constabulary,Durham Constabulary,-1.518898,54.533592,On or near Headingley Crescent,E01012327,Darlington 009B,Violence and sexual offences,Unable to prosecute suspect,
0f04a95b14a612f14655af97330ac84dc961d391759371019f721066468b509e,2020-08,Durham Constabulary,Durham Constabulary,-1.518898,54.533592,On or near Headingley Crescent,E01012327,Darlington 009B,Violence and sexual offences,Status update unavailable,
0f04a95b14a612f14655af97330ac84dc961d391759371019f721066468b509e,2020-08,Durham Constabulary,Durham Constabulary,-1.518898,54.533592,On or near Headingley Crescent,E01012327,Darlington 009B,Violence and sexual offences,Investigation complete; no suspect identified,
ad61f8acee2da7b4c4bf962867f6e17600fa556ffc9551de656e3111d6b7a628,2020-08,Durham Constabulary,Durham Constabulary,-1.511709,54.533878,On or near Chepstow Court,E01012327,Darlington 009B,Violence and sexual offences,Unable to prosecute suspect,
0f04a95b14a612f14655af97330ac84dc961d391759371019f721066468b509e,2020-08,Durham Constabulary,Durham Constabulary,-1.518898,54.533592,On or near Headingley Crescent,E01012327,Darlington 009B,Violence and sexual offences,Status update unavailable,
,2020-08,Durham Constabulary,Durham Constabulary,-1.535597,54.524644,On or near Cyclamen Grove,E01012342,Darlington 009C,Anti-social behaviour,,
,2020-08,Durham Constabulary,Durham Constabulary,-1.533344,54.527089,On or near Sports/Recreation Area,E01012342,Darlington 009C,Anti-social behaviour,,
,2020-08,Durham Constabulary,Durham Constabulary,-1.535999,54.527314,On or near Yellowley Court,E01012342,Darlington 009C,Anti-social behaviour,,
,2020-08,Durham Constabulary,Durham Constabulary,-1.539829,54.531661,On or near Haughton Road,E01012342,Darlington 009C,Anti-social behaviour,,
63727816254ce125167f637288609210b96d2d249255162e4a445b5b731f3629,2020-08,Durham Constabulary,Durham Constabulary,-1.536833,54.527389,On or near Hundens Lane,E01012342,Darlington 009C,Bicycle theft,Investigation complete; no suspect identified,
842f5c3a314228d9ec9beffec64a57b2dff1bc43f7511cde60d4995e7b20aa59,2020-08,Durham Constabulary,Durham Constabulary,-1.535366,54.530071,On or near Arnold Road,E01012342,Darlington 009C,Burglary,Investigation complete; no suspect identified,
f2ddb639029e2071c639f695645a9736e27a9859585d4c933b22a17acd36f624,2020-08,Durham Constabulary,Durham Constabulary,-1.524917,54.528988,On or near Banks Road,E01012342,Darlington 009C,Other theft,Offender given a caution,
95e8fe9300d415e78c0537bc357a46cfc2de5dfd3f500535cfe40445e7440197,2020-08,Durham Constabulary,Durham Constabulary,-1.541652,54.530338,On or near Further/Higher Educational Building,E01012342,Darlington 009C,Other theft,Investigation complete; no suspect identified,
8ec8566f1e62fa6b41b5d83569ef27fc4de3cf99e4a4625a0d5495752a403be6,2020-08,Durham Constabulary,Durham Constabulary,-1.536416,54.523290,On or near Yarm Road,E01012342,Darlington 009C,Public order,Unable to prosecute suspect,
5fcd5466210f543eea5a2fb10b9d2228dc1499eddefe6ab0961529775b2cb1cf,2020-08,Durham Constabulary,Durham Constabulary,-1.536977,54.531030,On or near Shelley Road,E01012342,Darlington 009C,Violence and sexual offences,Unable to prosecute suspect,
ab048bb4971eb437bdb0ea0eb6602706274eaabdb0f029e62a948c8c9a23bae1,2020-08,Durham Constabulary,Durham Constabulary,-1.536977,54.531030,On or near Shelley Road,E01012342,Darlington 009C,Violence and sexual offences,Unable to prosecute suspect,
74657a36910203dcb0283abc376539b55da3961d03ab223ad49d95ae5397600c,2020-08,Durham Constabulary,Durham Constabulary,-1.536833,54.527389,On or near Hundens Lane,E01012342,Darlington 009C,Violence and sexual offences,Unable to prosecute suspect,
e0ef7025c268ac37632863e0aea039ca5b43fba547c73d66de4574b5d9d6dfe0,2020-08,Durham Constabulary,Durham Constabulary,-1.535749,54.526217,On or near Bourne Avenue,E01012342,Darlington 009C,Violence and sexual offences,Unable to prosecute suspect,
085011b473760011d7b60fd91ed9c2e624456f532c1245b31e75f34d23ce5ada,2020-08,Durham Constabulary,Durham Constabulary,-1.541652,54.530338,On or near Further/Higher Educational Building,E01012342,Darlington 009C,Violence and sexual offences,Unable to prosecute suspect,
e28181ad65c904c6505eb22952a349f532acc5d6a942e393e0ed7c1cc41acf73,2020-08,Durham Constabulary,Durham Constabulary,-1.535597,54.524644,On or near Cyclamen Grove,E01012342,Darlington 009C,Violence and sexual offences,Unable to prosecute suspect,
ac2dc27b17b3beec984a3db39c986b24af64bddb80f1714fd649375a230e0da9,2020-08,Durham Constabulary,Durham Constabulary,-1.536658,54.530561,On or near Byron Road,E01012342,Darlington 009C,Violence and sexual offences,Unable to prosecute suspect,
b02047e20779a7243f1e25fe317abad9f61d97b8f1535ffb008fce8a20bc13ba,2020-08,Durham Constabulary,Durham Constabulary,-1.536416,54.523290,On or near Yarm Road,E01012342,Darlington 009C,Violence and sexual offences,Unable to prosecute suspect,
21cddce2be3c69fbc7b284852185408447806c3eec077789223cd051fae97964,2020-08,Durham Constabulary,Durham Constabulary,-1.536416,54.523290,On or near Yarm Road,E01012342,Darlington 009C,Violence and sexual offences,Unable to prosecute suspect,
,2020-08,Durham Constabulary,Durham Constabulary,-1.525602,54.523203,On or near Supermarket,E01012343,Darlington 009D,Anti-social behaviour,,
,2020-08,Durham Constabulary,Durham Constabulary,-1.506637,54.521339,On or near Wild Road,E01012343,Darlington 009D,Anti-social behaviour,,
,2020-08,Durham Constabulary,Durham Constabulary,-1.529747,54.524136,On or near The Stray,E01012343,Darlington 009D,Anti-social behaviour,,
,2020-08,Durham Constabulary,Durham Constabulary,-1.529535,54.525160,On or near The Crossway,E01012343,Darlington 009D,Anti-social behaviour,,
,2020-08,Durham Constabulary,Durham Constabulary,-1.526019,54.523205,On or near Supermarket,E01012343,Darlington 009D,Anti-social behaviour,,
,2020-08,Durham Constabulary,Durham Constabulary,-1.529535,54.525160,On or near The Crossway,E01012343,Darlington 009D,Anti-social behaviour,,
,2020-08,Durham Constabulary,Durham Constabulary,-1.516896,54.522557,On or near Shopping Area,E01012343,Darlington 009D,Anti-social behaviour,,
,2020-08,Durham Constabulary,Durham Constabulary,-1.524452,54.526425,On or near The Broadway,E01012343,Darlington 009D,Anti-social behaviour,,
,2020-08,Durham Constabulary,Durham Constabulary,-1.529747,54.524136,On or near The Stray,E01012343,Darlington 009D,Anti-social behaviour,,
,2020-08,Durham Constabulary,Durham Constabulary,-1.523742,54.525074,On or near Shearwater Avenue,E01012343,Darlington 009D,Anti-social behaviour,,
df8d22695c144c19865df1e393e21b21223b2370a57a39308aeb835b9de6058c,2020-08,Durham Constabulary,Durham Constabulary,-1.519380,54.530772,On or near Sports/Recreation Area,E01012343,Darlington 009D,Criminal damage and arson,Court result unavailable,
fa6e07682526ac415b625b0ccb50c86fcb4f0ca2ec8ebab198f5d0f06f65af50,2020-08,Durham Constabulary,Durham Constabulary,-1.516896,54.522557,On or near Shopping Area,E01012343,Darlington 009D,Criminal damage and arson,Investigation complete; no suspect identified,
67d97bfd4a1f7fc955c8f01887be88b55f27cca7e5990a5fa1f336dd61bdad27,2020-08,Durham Constabulary,Durham Constabulary,-1.520362,54.524710,On or near Lingfield Green,E01012343,Darlington 009D,Criminal damage and arson,Investigation complete; no suspect identified,
1560dd6962f72ddbcc2dc9b2f6984316261eae78003af5b0cee279725393c4f3,2020-08,Durham Constabulary,Durham Constabulary,-1.526019,54.523205,On or near Supermarket,E01012343,Darlington 009D,Criminal damage and arson,Investigation complete; no suspect identified,
44046c26cd88488dafa60d3d9e7598b691de482253ac1e8081cf23aa13a82094,2020-08,Durham Constabulary,Durham Constabulary,-1.513749,54.527326,On or near Lingfield Close,E01012343,Darlington 009D,Criminal damage and arson,Investigation complete; no suspect identified,
61bea1013239d8f34ab530ae06bf0c63aae426ddc4abe012e87dfa7da676cc14,2020-08,Durham Constabulary,Durham Constabulary,-1.519334,54.522837,On or near Mallard Road,E01012343,Darlington 009D,Other theft,Investigation complete; no suspect identified,
235c3f33cffbacf348eca5a2d9de6b3d81a591a1d191a43d76c07848608f1ef2,2020-08,Durham Constabulary,Durham Constabulary,-1.521787,54.525794,On or near Falcon Road,E01012343,Darlington 009D,Public order,Unable to prosecute suspect,
d441873610eb9e91ff86ec002d039d884c24901ce1cafc196b6f4b578926127d,2020-08,Durham Constabulary,Durham Constabulary,-1.518083,54.521484,On or near Yarm Road,E01012343,Darlington 009D,Public order,Court result unavailable,
2623bfc5270c26bb7c5e2620eb607969ff63b3102b087ea12170074283863758,2020-08,Durham Constabulary,Durham Constabulary,-1.520786,54.525485,On or near The Broadway South,E01012343,Darlington 009D,Public order,Unable to prosecute suspect,
d7a065a305ae12fbd2a5807aa8cb7742da98438bf2100404d7242d0c039153f1,2020-08,Durham Constabulary,Durham Constabulary,-1.529747,54.524136,On or near The Stray,E01012343,Darlington 009D,Public order,Unable to prosecute suspect,
e8ebd4a1661cf2aa3857eecee2067cb12eb9a5bbece99ba747a07f811fb28b0e,2020-08,Durham Constabulary,Durham Constabulary,-1.516896,54.522557,On or near Shopping Area,E01012343,Darlington 009D,Shoplifting,Investigation complete; no suspect identified,
33f2c23d50a11ceaeb58eb5a59530ab98e7372462a8eb9d09766e45d0096f97a,2020-08,Durham Constabulary,Durham Constabulary,-1.526019,54.523205,On or near Supermarket,E01012343,Darlington 009D,Shoplifting,Investigation complete; no suspect identified,
ddd02042dbf632629937e47cc6a37b24244e766f05eff45fd7c6fb8631a9007d,2020-08,Durham Constabulary,Durham Constabulary,-1.505552,54.525477,On or near Dudley Road,E01012343,Darlington 009D,Theft from the person,Investigation complete; no suspect identified,
b80095795465379b6fdbcbf02ecff18d26b922f729f025056b8ae7f4a1d76ee5,2020-08,Durham Constabulary,Durham Constabulary,-1.516896,54.522557,On or near Shopping Area,E01012343,Darlington 009D,Vehicle crime,Investigation complete; no suspect identified,
b9243e12549849d510362a0a07252d65400ce87b356c4cdd095fa99ad8a18f4c,2020-08,Durham Constabulary,Durham Constabulary,-1.513749,54.527326,On or near Lingfield Close,E01012343,Darlington 009D,Vehicle crime,Unable to prosecute suspect,
1108cb9bd89e9f7b18fd754e7c73f54c85b7eb26d8e976375e85c936323dc6be,2020-08,Durham Constabulary,Durham Constabulary,-1.521076,54.521810,On or near Yarm Road,E01012343,Darlington 009D,Vehicle crime,Investigation complete; no suspect identified,
46bc1233e4b63113e38d368803fb92da1e431177a1f55f5e50f5467328fd6c17,2020-08,Durham Constabulary,Durham Constabulary,-1.520786,54.525485,On or near The Broadway South,E01012343,Darlington 009D,Violence and sexual offences,Unable to prosecute suspect,
926e3b6c52edaf85de34209dfc4f216ef4ceab6161c333193c40d2ed16985648,2020-08,Durham Constabulary,Durham Constabulary,-1.521787,54.525794,On or near Falcon Road,E01012343,Darlington 009D,Violence and sexual offences,Unable to prosecute suspect,
9f342ebce9b3be3cd577e5cafb5b3f2f7184198dafd036d7045d0e931c0d51aa,2020-08,Durham Constabulary,Durham Constabulary,-1.531121,54.524213,On or near The Fairway,E01012343,Darlington 009D,Violence and sexual offences,Unable to prosecute suspect,
a5c13bd8341ccebc95c48cd5fb05f7c5c6d3fdd2ac283f37998fd4d27839a479,2020-08,Durham Constabulary,Durham Constabulary,-1.529747,54.524136,On or near The Stray,E01012343,Darlington 009D,Violence and sexual offences,Further action is not in the public interest,
66f7678a70b765d5650d94eb17b4e7ffd502e4e52d9d28b57d62b50c032825f4,2020-08,Durham Constabulary,Durham Constabulary,-1.516896,54.522557,On or near Shopping Area,E01012343,Darlington 009D,Violence and sexual offences,Unable to prosecute suspect,
72a9c38daa984207425058811b5c76a2bec4e359f646931d6f68e0a5d0417606,2020-08,Durham Constabulary,Durham Constabulary,-1.521787,54.525794,On or near Falcon Road,E01012343,Darlington 009D,Violence and sexual offences,Unable to prosecute suspect,
aa4eba1c49f301357bfe41b7220726b63b7165de183ff4e5eb804893f51a18f1,2020-08,Durham Constabulary,Durham Constabulary,-1.529747,54.524136,On or near The Stray,E01012343,Darlington 009D,Violence and sexual offences,Unable to prosecute suspect,
6ba788c1b22d240dfa466c31493664630ed8d8ff062573c9422bfd73cd6a8e8b,2020-08,Durham Constabulary,Durham Constabulary,-1.520144,54.523541,On or near Kestrel Close,E01012343,Darlington 009D,Violence and sexual offences,Unable to prosecute suspect,
54aa8cb849c07042f05d38840074cf83baa19488b2b9ff2681fcbf1166854164,2020-08,Durham Constabulary,Durham Constabulary,-1.516896,54.522557,On or near Shopping Area,E01012343,Darlington 009D,Violence and sexual offences,Unable to prosecute suspect,
2bd2b0a85f82524071b8ac4ceb8487fadb1473f62bae0bddd0b0852cad1e80c9,2020-08,Durham Constabulary,Durham Constabulary,-1.519380,54.530772,On or near Sports/Recreation Area,E01012343,Darlington 009D,Violence and sexual offences,Unable to prosecute suspect,
103de8ed35ae6c8ceda54ffebf2d4d74a5831054f88871a630c87ab6a881132d,2020-08,Durham Constabulary,Durham Constabulary,-1.520786,54.525485,On or near The Broadway South,E01012343,Darlington 009D,Violence and sexual offences,Unable to prosecute suspect,
8c0fbd36095bd945e22e330de6087ef8cebd286a0741a092b63f02a99969ee71,2020-08,Durham Constabulary,Durham Constabulary,-1.520786,54.525485,On or near The Broadway South,E01012343,Darlington 009D,Violence and sexual offences,Unable to prosecute suspect,
555c27eca3ea42895a699a4583399becb8c52371f6d1121e0facbb5b523a8bc0,2020-08,Durham Constabulary,Durham Constabulary,-1.520786,54.525485,On or near The Broadway South,E01012343,Darlington 009D,Violence and sexual offences,Unable to prosecute suspect,
3e200ca48cefc1a195283dd107822d3380cd7879e3d6f66e6efce51fe517f4eb,2020-08,Durham Constabulary,Durham Constabulary,-1.518083,54.521484,On or near Yarm Road,E01012343,Darlington 009D,Violence and sexual offences,Unable to prosecute suspect,
ad456e7d20f2cef77607a9e22ffb1157ce91c567eaaab5d7e0fd5f8ce4363210,2020-08,Durham Constabulary,Durham Constabulary,-1.529747,54.524136,On or near The Stray,E01012343,Darlington 009D,Violence and sexual offences,Further action is not in the public interest,
1c01a7a82ea9cafdf881ac45eff3875b57b5f567d73cb54b3493dc08e88b73dc,2020-08,Durham Constabulary,Durham Constabulary,-1.518083,54.521484,On or near Yarm Road,E01012343,Darlington 009D,Other crime,Unable to prosecute suspect,
,2020-08,Durham Constabulary,Durham Constabulary,-1.575260,54.524448,On or near Neville Road,E01012315,Darlington 010A,Anti-social behaviour,,
,2020-08,Durham Constabulary,Durham Constabulary,-1.577686,54.525948,On or near Danesmoor Crescent,E01012315,Darlington 010A,Anti-social behaviour,,
,2020-08,Durham Constabulary,Durham Constabulary,-1.574746,54.529272,On or near Woodland Terrace,E01012315,Darlington 010A,Anti-social behaviour,,
467ec9405a481f773e7d7ac0f8ede47e730f83d87f8cd1c0b65bf3cb97527adf,2020-08,Durham Constabulary,Durham Constabulary,-1.575260,54.524448,On or near Neville Road,E01012315,Darlington 010A,Burglary,Investigation complete; no suspect identified,
0a5e6c86597f453854847d2472829c7d34619a3c3b4a9cb5f7745a8ff5ce96f2,2020-08,Durham Constabulary,Durham Constabulary,-1.575852,54.528467,On or near Boyes Hill Grove,E01012315,Darlington 010A,Criminal damage and arson,Investigation complete; no suspect identified,
359b5512b292adaf6f47edd01f73db68a65ec7b40fbb35e043542a3fb24ac291,2020-08,Durham Constabulary,Durham Constabulary,-1.571591,54.522197,On or near Elton Grove,E01012315,Darlington 010A,Shoplifting,Court result unavailable,
f64bdd1386d711b4297100460b80e6b237ca0282a4479237cc4bfc7022c220c9,2020-08,Durham Constabulary,Durham Constabulary,-1.577686,54.525948,On or near Danesmoor Crescent,E01012315,Darlington 010A,Violence and sexual offences,Unable to prosecute suspect,
ad344afad3a8f223676c92ce8827223ae6de2aa3df93260ada61b51c69854e69,2020-08,Durham Constabulary,Durham Constabulary,-1.574746,54.529272,On or near Woodland Terrace,E01012315,Darlington 010A,Violence and sexual offences,Unable to prosecute suspect,
,2020-08,Durham Constabulary,Durham Constabulary,-1.563169,54.526733,On or near Stanhope Road North,E01012316,Darlington 010B,Anti-social behaviour,,
,2020-08,Durham Constabulary,Durham Constabulary,-1.574129,54.530654,On or near Heatherwood Grove,E01012316,Darlington 010B,Anti-social behaviour,,
,2020-08,Durham Constabulary,Durham Constabulary,-1.565732,54.526868,On or near Trinity Road,E01012316,Darlington 010B,Anti-social behaviour,,
,2020-08,Durham Constabulary,Durham Constabulary,-1.565265,54.525751,On or near Further/Higher Educational Building,E01012316,Darlington 010B,Anti-social behaviour,,
,2020-08,Durham Constabulary,Durham Constabulary,-1.563169,54.526733,On or near Stanhope Road North,E01012316,Darlington 010B,Anti-social behaviour,,
748010a98e97a45d85cad1d06eafcaf314586c04fcd566ae95d066353304e648,2020-08,Durham Constabulary,Durham Constabulary,-1.574129,54.530654,On or near Heatherwood Grove,E01012316,Darlington 010B,Burglary,Court result unavailable,
81b4fb5b40d379a79b7297bd3e3590ae32298eba92514c8d5b5f34a15897ad19,2020-08,Durham Constabulary,Durham Constabulary,-1.565035,54.522668,On or near Langholm Crescent,E01012316,Darlington 010B,Burglary,Investigation complete; no suspect identified,
5370494d555b3e7dcce195ac83b19e733e5acb2c0e6eaa5b3efe6b8ae8abd15a,2020-08,Durham Constabulary,Durham Constabulary,-1.570349,54.530128,On or near Petrol Station,E01012316,Darlington 010B,Other theft,Investigation complete; no suspect identified,
7dd107260f4480a562e032d7aef8a6c3599d3a4b4da3986b33402a47e456491a,2020-08,Durham Constabulary,Durham Constabulary,-1.570349,54.530128,On or near Petrol Station,E01012316,Darlington 010B,Other theft,Investigation complete; no suspect identified,
cf74eba08c01278c8ddc9ba58fe741c795b2ef8eb023e0b8410c9fd65b3478c9,2020-08,Durham Constabulary,Durham Constabulary,-1.565732,54.526868,On or near Trinity Road,E01012316,Darlington 010B,Other theft,Investigation complete; no suspect identified,
29b9f3c99273e4ce984bb842b839c09d7a4660aa9a199cfa9db8d2d48815c6f5,2020-08,Durham Constabulary,Durham Constabulary,-1.570349,54.530128,On or near Petrol Station,E01012316,Darlington 010B,Shoplifting,Investigation complete; no suspect identified,
6352a3e2cee8954abf5657f48a504692db7633087f200f8700d13e8a70972571,2020-08,Durham Constabulary,Durham Constabulary,-1.562673,54.523999,On or near Stanhope Road South,E01012316,Darlington 010B,Vehicle crime,Investigation complete; no suspect identified,
63236891d8e4fe82708a3742d2a8a29a34658c0d405e66e1bdedc0d50e2532b6,2020-08,Durham Constabulary,Durham Constabulary,-1.565265,54.525751,On or near Further/Higher Educational Building,E01012316,Darlington 010B,Violence and sexual offences,Local resolution,
8631af49c99d23d125139633f3440ab6cd736d249ddac9a1bc6043676a3a60ab,2020-08,Durham Constabulary,Durham Constabulary,-1.563169,54.526733,On or near Stanhope Road North,E01012316,Darlington 010B,Violence and sexual offences,Unable to prosecute suspect,
a27785b76dc9552cc3b4302da43c509a2dffb9ac5aaaea539932bdaaf31db023,2020-08,Durham Constabulary,Durham Constabulary,-1.574129,54.530654,On or near Heatherwood Grove,E01012316,Darlington 010B,Violence and sexual offences,Court result unavailable,
a219ec923040e305ecff670fbae0ac3672c0ddffb67c60735ea762980ca04f7b,2020-08,Durham Constabulary,Durham Constabulary,-1.574129,54.530654,On or near Heatherwood Grove,E01012316,Darlington 010B,Violence and sexual offences,Court result unavailable,
57e8c2f067a38d508c887dee4f4f74594c7b72e249ed77010bde0753829dc743,2020-08,Durham Constabulary,Durham Constabulary,-1.565265,54.525751,On or near Further/Higher Educational Building,E01012316,Darlington 010B,Violence and sexual offences,Unable to prosecute suspect,
fe3d4bbbe8b36fcafffa284ffb473854c04f9b33a4a4803506545d9a50ba81e9,2020-08,Durham Constabulary,Durham Constabulary,-1.565035,54.522668,On or near Langholm Crescent,E01012316,Darlington 010B,Violence and sexual offences,Unable to prosecute suspect,
,2020-08,Durham Constabulary,Durham Constabulary,-1.563331,54.518798,On or near Harewood Grove,E01012360,Darlington 010C,Anti-social behaviour,,
,2020-08,Durham Constabulary,Durham Constabulary,-1.563331,54.518798,On or near Harewood Grove,E01012360,Darlington 010C,Anti-social behaviour,,
,2020-08,Durham Constabulary,Durham Constabulary,-1.563331,54.518798,On or near Harewood Grove,E01012360,Darlington 010C,Anti-social behaviour,,
,2020-08,Durham Constabulary,Durham Constabulary,-1.577261,54.520680,On or near Carmel Gardens,E01012360,Darlington 010C,Anti-social behaviour,,
1534004b99e81220c239d6557783adeb022fd07c6d0c9d1bca8f3a300bedc7ef,2020-08,Durham Constabulary,Durham Constabulary,-1.566585,54.519259,On or near Greenmount Road,E01012360,Darlington 010C,Burglary,Investigation complete; no suspect identified,
832eccd1980e7e09b0043293196e5a94fb09bad68e08e693cb80e0d5b13e2216,2020-08,Durham Constabulary,Durham Constabulary,-1.563331,54.518798,On or near Harewood Grove,E01012360,Darlington 010C,Criminal damage and arson,Local resolution,
df7d3caa33fdd287a7c1507ac6811ac55781bcb4190f19d0a91b1e5a924372da,2020-08,Durham Constabulary,Durham Constabulary,-1.563331,54.518798,On or near Harewood Grove,E01012360,Darlington 010C,Criminal damage and arson,Unable to prosecute suspect,
df57754c5c1077e42cbb3adcfba4e561fd2d7b46c4a36047b524ea41669c31b0,2020-08,Durham Constabulary,Durham Constabulary,-1.569990,54.518678,On or near Woodvale Road,E01012360,Darlington 010C,Vehicle crime,Investigation complete; no suspect identified,
,2020-08,Durham Constabulary,Durham Constabulary,-1.586295,54.527101,On or near Ash Tree Close,E01012336,Darlington 011A,Anti-social behaviour,,
,2020-08,Durham Constabulary,Durham Constabulary,-1.601838,54.524098,On or near Craig Miller Park,E01012336,Darlington 011A,Anti-social behaviour,,
,2020-08,Durham Constabulary,Durham Constabulary,-1.592129,54.521612,On or near Wycliffe Way,E01012336,Darlington 011A,Anti-social behaviour,,
,2020-08,Durham Constabulary,Durham Constabulary,-1.600285,54.526465,On or near Alwent Close,E01012336,Darlington 011A,Anti-social behaviour,,
,2020-08,Durham Constabulary,Durham Constabulary,-1.592129,54.521612,On or near Wycliffe Way,E01012336,Darlington 011A,Anti-social behaviour,,
1da8d88b34219efe315ca4f104c5ac3e4ca112f5fab2d21cc2aac21a20ab6efa,2020-08,Durham Constabulary,Durham Constabulary,-1.592129,54.521612,On or near Wycliffe Way,E01012336,Darlington 011A,Public order,Local resolution,
185c95301e8a9d675687684d528fd8ee257753f5954954253a108eb670717e27,2020-08,Durham Constabulary,Durham Constabulary,-1.593971,54.518140,On or near Coniscliffe Road,E01012336,Darlington 011A,Public order,Unable to prosecute suspect,
74754886c65c4c4bbcf21672312c252d900f8e69ff1af971ae10a2f6773f1d24,2020-08,Durham Constabulary,Durham Constabulary,-1.593971,54.518140,On or near Coniscliffe Road,E01012336,Darlington 011A,Violence and sexual offences,Unable to prosecute suspect,
26040249eba338ff8eeb7b98a3da011572ff7df1e18b7a5c8d683e9f98de457e,2020-08,Durham Constabulary,Durham Constabulary,-1.580802,54.520315,On or near Parking Area,E01012337,Darlington 011B,Burglary,Investigation complete; no suspect identified,
bd0fc98b01fee1ffdcf5185cc6a1aadca6bf716925468983552efae95a8d4f66,2020-08,Durham Constabulary,Durham Constabulary,-1.587189,54.518117,On or near Salutation Road,E01012337,Darlington 011B,Burglary,Investigation complete; no suspect identified,
020168bec6ca5f526ad8547c95e466c8c5e5609c0e3862a5b1809f3a909761ce,2020-08,Durham Constabulary,Durham Constabulary,-1.582762,54.523584,On or near The Headlands,E01012337,Darlington 011B,Violence and sexual offences,Unable to prosecute suspect,
480243e7df2375b0f151a2b1027e33439b60f2c121169b571b4d893d96eff714,2020-08,Durham Constabulary,Durham Constabulary,-1.580223,54.518102,On or near Stonehurst Drive,E01012337,Darlington 011B,Violence and sexual offences,Unable to prosecute suspect,
,2020-08,Durham Constabulary,Durham Constabulary,-1.584052,54.530437,On or near Swaledale Avenue,E01012347,Darlington 011C,Anti-social behaviour,,
7345644c03c9036be5a806ef06b1e4d80573445ad61c88ee45a28469b1b398f1,2020-08,Durham Constabulary,Durham Constabulary,-1.576354,54.532198,On or near Woodland Road,E01012347,Darlington 011C,Violence and sexual offences,Unable to prosecute suspect,
,2020-08,Durham Constabulary,Durham Constabulary,-1.586621,54.531542,On or near Lazenby Grove,E01012348,Darlington 011D,Anti-social behaviour,,
,2020-08,Durham Constabulary,Durham Constabulary,-1.595100,54.528964,On or near Sports/Recreation Area,E01012348,Darlington 011D,Anti-social behaviour,,
,2020-08,Durham Constabulary,Durham Constabulary,-1.594656,54.526950,On or near Supermarket,E01012348,Darlington 011D,Anti-social behaviour,,
,2020-08,Durham Constabulary,Durham Constabulary,-1.591511,54.530885,On or near Conyers Grove,E01012348,Darlington 011D,Anti-social behaviour,,
e8833d2e2d09c662541744bb4f47a28afafd0d67af7f21399a747907b02218cd,2020-08,Durham Constabulary,Durham Constabulary,-1.594656,54.526950,On or near Supermarket,E01012348,Darlington 011D,Burglary,Investigation complete; no suspect identified,
ac5bd4102d87dd5da8eb1064615d54f72a8aaff5e9d7e0b403a8a0afa623bdd9,2020-08,Durham Constabulary,Durham Constabulary,-1.594656,54.526950,On or near Supermarket,E01012348,Darlington 011D,Burglary,Investigation complete; no suspect identified,
27fd481b4d72960e1f5fcc803f13eed6008d8910f72a4013e7555199f0bc6595,2020-08,Durham Constabulary,Durham Constabulary,-1.595531,54.525973,On or near Garthorne Avenue,E01012348,Darlington 011D,Criminal damage and arson,Investigation complete; no suspect identified,
96a20a51d9ad11954be745f1d435dcaf15e7d152ad5b6a2d198b57591dfb04f7,2020-08,Durham Constabulary,Durham Constabulary,-1.592235,54.529593,On or near Chester Grove,E01012348,Darlington 011D,Public order,Unable to prosecute suspect,
adaee8a681dc4c3153796088305a459cb73f4ce2a3231a2db0e48154f9440bcd,2020-08,Durham Constabulary,Durham Constabulary,-1.594656,54.526950,On or near Supermarket,E01012348,Darlington 011D,Shoplifting,Court result unavailable,
61f63d396fc5e4d509e32861a122c29bb467111d7e919a114da759afbad76980,2020-08,Durham Constabulary,Durham Constabulary,-1.594656,54.526950,On or near Supermarket,E01012348,Darlington 011D,Shoplifting,Court result unavailable,
33541948d077b97cc54849b8efadd22fc4c19cf454b3b74b8e654d8a5f667208,2020-08,Durham Constabulary,Durham Constabulary,-1.589780,54.527832,On or near Villiers Close,E01012348,Darlington 011D,Vehicle crime,Formal action is not in the public interest,
d5b04c88b5738c0275a21678c7b1c19f0f7c72bd8ada5e03da43a89e0a132c40,2020-08,Durham Constabulary,Durham Constabulary,-1.593909,54.529068,On or near Fulthorpe Grove,E01012348,Darlington 011D,Violence and sexual offences,Unable to prosecute suspect,
,2020-08,Durham Constabulary,Durham Constabulary,-1.572171,54.515495,On or near Glenfield Road,E01012361,Darlington 011E,Anti-social behaviour,,
,2020-08,Durham Constabulary,Durham Constabulary,-1.577495,54.517464,On or near Petrol Station,E01012361,Darlington 011E,Anti-social behaviour,,
a41171afa60bb17fce73f1d748d696cd279e0514b665d11f84fb5c27aebeda5d,2020-08,Durham Constabulary,Durham Constabulary,-1.566338,54.517874,On or near Woodside Drive,E01012361,Darlington 011E,Vehicle crime,Investigation complete; no suspect identified,
6d53418ac16870014505e359ae586fd144edf24ab0948a42b0069c071d376c41,2020-08,Durham Constabulary,Durham Constabulary,-1.577953,54.507508,On or near Bridge Road,E01012361,Darlington 011E,Violence and sexual offences,Investigation complete; no suspect identified,
9e9f828274b3f20a54ad0db0da6140a6ec56cffebc46355d794e7cce9abb0dbc,2020-08,Durham Constabulary,Durham Constabulary,-1.577953,54.507508,On or near Bridge Road,E01012361,Darlington 011E,Violence and sexual offences,Unable to prosecute suspect,
,2020-08,Durham Constabulary,Durham Constabulary,-1.542193,54.522018,On or near King William Street,E01012304,Darlington 012A,Anti-social behaviour,,
,2020-08,Durham Constabulary,Durham Constabulary,-1.541730,54.523319,On or near Wesley Street,E01012304,Darlington 012A,Anti-social behaviour,,
,2020-08,Durham Constabulary,Durham Constabulary,-1.538965,54.524630,On or near Trevithick Close,E01012304,Darlington 012A,Anti-social behaviour,,
,2020-08,Durham Constabulary,Durham Constabulary,-1.540842,54.521276,On or near Brunton Street,E01012304,Darlington 012A,Anti-social behaviour,,
313c5e6835b95445def3db407f09b64d17d19e26c122533e05590d89a5198bb8,2020-08,Durham Constabulary,Durham Constabulary,-1.542193,54.522018,On or near King William Street,E01012304,Darlington 012A,Burglary,Unable to prosecute suspect,
80e96a6594fcdb921e26b178a9882c8dc088f817548174eb2afa63bf55c6db78,2020-08,Durham Constabulary,Durham Constabulary,-1.539346,54.525134,On or near Brunel Way,E01012304,Darlington 012A,Burglary,Unable to prosecute suspect,
f54233f91f671d34fbeabf34ea053c82351ec891ba860ce5fa4d7b82d4c62d39,2020-08,Durham Constabulary,Durham Constabulary,-1.540458,54.523764,On or near Stanley Street,E01012304,Darlington 012A,Criminal damage and arson,Investigation complete; no suspect identified,
aa00c7a0d087e5e9b991bd0b3104d205db9b4fd4d73a83608e05143b2a31826e,2020-08,Durham Constabulary,Durham Constabulary,-1.540842,54.521276,On or near Brunton Street,E01012304,Darlington 012A,Criminal damage and arson,Unable to prosecute suspect,
093695732b485e7563bc984bb1b0cc2c467ba1349ad1ce5aa95d02630c73b58c,2020-08,Durham Constabulary,Durham Constabulary,-1.539280,54.522798,On or near Lawrence Street,E01012304,Darlington 012A,Public order,Unable to prosecute suspect,
d6e1052c5e65b1a40ec1db92b0e941a90f5556d4170a15ca1d3a0e5fef9aeee3,2020-08,Durham Constabulary,Durham Constabulary,-1.539280,54.522798,On or near Lawrence Street,E01012304,Darlington 012A,Public order,Action to be taken by another organisation,
b8360aff153e032b7ee0e011f019dfc4fc686ffabf4edb4827fa963abcb000ee,2020-08,Durham Constabulary,Durham Constabulary,-1.540842,54.521276,On or near Brunton Street,E01012304,Darlington 012A,Violence and sexual offences,Formal action is not in the public interest,
138762b779be2af7cf7d74565cc8a5e2d6eb7d3076564a9f64ab01f32251702b,2020-08,Durham Constabulary,Durham Constabulary,-1.542193,54.522018,On or near King William Street,E01012304,Darlington 012A,Violence and sexual offences,Unable to prosecute suspect,
2e47edfb0c5cd039784ed92de15b023c60c11e6fb01c768d54f8706fcdac3af4,2020-08,Durham Constabulary,Durham Constabulary,-1.540842,54.521276,On or near Brunton Street,E01012304,Darlington 012A,Violence and sexual offences,Unable to prosecute suspect,
05c92fa6d515512520279e15a395c598a43b9a226e92ed57e30492452a3ee465,2020-08,Durham Constabulary,Durham Constabulary,-1.539346,54.525134,On or near Brunel Way,E01012304,Darlington 012A,Violence and sexual offences,Court result unavailable,
c9cd6f89fec0e3c322b1f5514aa638a618fab840e427501566a6e78d65a9d620,2020-08,Durham Constabulary,Durham Constabulary,-1.542193,54.522018,On or near King William Street,E01012304,Darlington 012A,Violence and sexual offences,Unable to prosecute suspect,
4af6e1472348b97229a3264051b96c406470323a3e1cbb58e7da410f7bc4eeb3,2020-08,Durham Constabulary,Durham Constabulary,-1.542193,54.522018,On or near King William Street,E01012304,Darlington 012A,Violence and sexual offences,Unable to prosecute suspect,
57a22a3de6d4cdd29f8acdb08af241112d8ef21ebde393648578cfa081c24d9a,2020-08,Durham Constabulary,Durham Constabulary,-1.540458,54.523764,On or near Stanley Street,E01012304,Darlington 012A,Violence and sexual offences,Investigation complete; no suspect identified,
37c3ff987464b9b22cca7749311b2c6491b9c3922c13348c826d64d6be794310,2020-08,Durham Constabulary,Durham Constabulary,-1.539346,54.525134,On or near Brunel Way,E01012304,Darlington 012A,Violence and sexual offences,Court result unavailable,
1b939b0258496d879971ca4babe9fdbf34f4ae1321e3da14924dad86458b4bb6,2020-08,Durham Constabulary,Durham Constabulary,-1.540842,54.521276,On or near Brunton Street,E01012304,Darlington 012A,Violence and sexual offences,Unable to prosecute suspect,
3bd8d05c5483080599312ba65f14b8150c8af2d97167748fa8ee702c8c9d4fbf,2020-08,Durham Constabulary,Durham Constabulary,-1.539346,54.525134,On or near Brunel Way,E01012304,Darlington 012A,Violence and sexual offences,Court result unavailable,
cb94f6ef7731584889cb3a1d6e6589c300cdf71e9f6f2427c75b67b8d4b06d5e,2020-08,Durham Constabulary,Durham Constabulary,-1.541949,54.521675,On or near Thomas Court,E01012304,Darlington 012A,Violence and sexual offences,Unable to prosecute suspect,
8fd34e66f34c77ac2a74ee54d74a012fe00b735ea4905d406ef3608be39a0fa6,2020-08,Durham Constabulary,Durham Constabulary,-1.542193,54.522018,On or near King William Street,E01012304,Darlington 012A,Violence and sexual offences,Unable to prosecute suspect,
b33520c105100571c8a8654b1b2a7328697a7b069877f44f8e15cbb58bec2385,2020-08,Durham Constabulary,Durham Constabulary,-1.539280,54.522798,On or near Lawrence Street,E01012304,Darlington 012A,Other crime,Unable to prosecute suspect,
,2020-08,Durham Constabulary,Durham Constabulary,-1.541012,54.519847,On or near Brighton Road,E01012305,Darlington 012B,Anti-social behaviour,,
,2020-08,Durham Constabulary,Durham Constabulary,-1.539853,54.521245,On or near Louisa Street,E01012305,Darlington 012B,Anti-social behaviour,,
,2020-08,Durham Constabulary,Durham Constabulary,-1.540896,54.520575,On or near Pattison Street,E01012305,Darlington 012B,Anti-social behaviour,,
,2020-08,Durham Constabulary,Durham Constabulary,-1.540896,54.520575,On or near Pattison Street,E01012305,Darlington 012B,Anti-social behaviour,,
,2020-08,Durham Constabulary,Durham Constabulary,-1.540896,54.520575,On or near Pattison Street,E01012305,Darlington 012B,Anti-social behaviour,,
,2020-08,Durham Constabulary,Durham Constabulary,-1.540877,54.519460,On or near Lewes Road,E01012305,Darlington 012B,Anti-social behaviour,,
,2020-08,Durham Constabulary,Durham Constabulary,-1.540896,54.520575,On or near Pattison Street,E01012305,Darlington 012B,Anti-social behaviour,,
,2020-08,Durham Constabulary,Durham Constabulary,-1.540896,54.520575,On or near Pattison Street,E01012305,Darlington 012B,Anti-social behaviour,,
,2020-08,Durham Constabulary,Durham Constabulary,-1.544653,54.520319,On or near Supermarket,E01012305,Darlington 012B,Anti-social behaviour,,
,2020-08,Durham Constabulary,Durham Constabulary,-1.540877,54.519460,On or near Lewes Road,E01012305,Darlington 012B,Anti-social behaviour,,
83a73fa1d323a21cdc906612b62b263b0d8fcb978162d8d7e24643f1ef399124,2020-08,Durham Constabulary,Durham Constabulary,-1.543492,54.519102,On or near Leonard Street,E01012305,Darlington 012B,Criminal damage and arson,Unable to prosecute suspect,
6ea2a176385557512800fb2b4b021ceb796e0a04871b5260935cff0ddca643d7,2020-08,Durham Constabulary,Durham Constabulary,-1.543047,54.521572,On or near Thomas Street,E01012305,Darlington 012B,Criminal damage and arson,Unable to prosecute suspect,
35bddfa007e7f4e10425c0dfdea246422075b65cb129e0d982354757384329ed,2020-08,Durham Constabulary,Durham Constabulary,-1.544653,54.520319,On or near Supermarket,E01012305,Darlington 012B,Other theft,Investigation complete; no suspect identified,
4a9882d51cde87429a064506d404c6c164778c40b610964f208703b76721585a,2020-08,Durham Constabulary,Durham Constabulary,-1.539853,54.521245,On or near Louisa Street,E01012305,Darlington 012B,Other theft,Unable to prosecute suspect,
9ac109f3c2b9ed42f590856a03af6dc3ce3b7601524ef5323b395f0b0aa9ce9f,2020-08,Durham Constabulary,Durham Constabulary,-1.543192,54.521078,On or near Neasham Road,E01012305,Darlington 012B,Public order,Investigation complete; no suspect identified,
a09b64bf849473df3c7c32b936581ce0f93702d44ea37d40162af4b42c9cc141,2020-08,Durham Constabulary,Durham Constabulary,-1.544653,54.520319,On or near Supermarket,E01012305,Darlington 012B,Shoplifting,Unable to prosecute suspect,
3eb5aaa8e1129527c2d8fe68f368b4503935117ebe1a63d03b5ee171d62a8e1b,2020-08,Durham Constabulary,Durham Constabulary,-1.544653,54.520319,On or near Supermarket,E01012305,Darlington 012B,Vehicle crime,Investigation complete; no suspect identified,
df02395db9ac16a523055cefdbe9e071c1bb172a78e6cd61c48852c031dcc6ad,2020-08,Durham Constabulary,Durham Constabulary,-1.541012,54.519847,On or near Brighton Road,E01012305,Darlington 012B,Violence and sexual offences,Unable to prosecute suspect,
fe5ea69095c69bbccb1610c5baeb1b1b41fed597b82cde293c2eacaf9dc19e7e,2020-08,Durham Constabulary,Durham Constabulary,-1.544175,54.521612,On or near Garbutt Square,E01012305,Darlington 012B,Violence and sexual offences,Unable to prosecute suspect,
199b16699094724d135fd2f736aa668c223095d1a5216cfb025ae6d06d516e83,2020-08,Durham Constabulary,Durham Constabulary,-1.543192,54.521078,On or near Neasham Road,E01012305,Darlington 012B,Violence and sexual offences,Unable to prosecute suspect,
02ee176e5c3793fc09ca5826929aeaf43942f0dd60435c84366133d555e926e5,2020-08,Durham Constabulary,Durham Constabulary,-1.544175,54.521612,On or near Garbutt Square,E01012305,Darlington 012B,Violence and sexual offences,Unable to prosecute suspect,
f742443b49d102907fb1f94f31186d6a935df6532b54cb5fdd7d2cc3e9afc1b3,2020-08,Durham Constabulary,Durham Constabulary,-1.543192,54.521078,On or near Neasham Road,E01012305,Darlington 012B,Violence and sexual offences,Unable to prosecute suspect,
,2020-08,Durham Constabulary,Durham Constabulary,-1.538499,54.522121,On or near Ridsdale Street,E01012306,Darlington 012C,Anti-social behaviour,,
,2020-08,Durham Constabulary,Durham Constabulary,-1.538499,54.522121,On or near Ridsdale Street,E01012306,Darlington 012C,Anti-social behaviour,,
,2020-08,Durham Constabulary,Durham Constabulary,-1.533949,54.518769,On or near Keats Court,E01012306,Darlington 012C,Anti-social behaviour,,
,2020-08,Durham Constabulary,Durham Constabulary,-1.533949,54.518769,On or near Keats Court,E01012306,Darlington 012C,Anti-social behaviour,,
b98eeba8f5c680e3ac2e826b1823ee30a8563d3bedaa2eeb3a2b1b71b3c48e71,2020-08,Durham Constabulary,Durham Constabulary,-1.538499,54.522121,On or near Ridsdale Street,E01012306,Darlington 012C,Public order,Investigation complete; no suspect identified,
93ca66b12405a2816b8910417ee8154a80cd3ce1d4ee3ef73d476d6e0ecf348b,2020-08,Durham Constabulary,Durham Constabulary,-1.537709,54.520985,On or near Eastbourne Road,E01012306,Darlington 012C,Public order,Unable to prosecute suspect,
daf45a88550a344419a23a0ea40d959194d3e1dbdba47bb7773d5be306f25b39,2020-08,Durham Constabulary,Durham Constabulary,-1.537709,54.520985,On or near Eastbourne Road,E01012306,Darlington 012C,Violence and sexual offences,Unable to prosecute suspect,
ce070bf9d4ce8b762956d13b134381bcec61dd435de22fa5bcf663bbc1cbac0b,2020-08,Durham Constabulary,Durham Constabulary,-1.538499,54.522121,On or near Ridsdale Street,E01012306,Darlington 012C,Violence and sexual offences,Unable to prosecute suspect,
e34a5ad00f1c245c356708b216727eae8dea634c4373a095a095aef5c8f2740f,2020-08,Durham Constabulary,Durham Constabulary,-1.538499,54.522121,On or near Ridsdale Street,E01012306,Darlington 012C,Other crime,Unable to prosecute suspect,
,2020-08,Durham Constabulary,Durham Constabulary,-1.544772,54.513741,On or near Maltby Court,E01012340,Darlington 012D,Anti-social behaviour,,
,2020-08,Durham Constabulary,Durham Constabulary,-1.540746,54.517384,On or near Aysgarth Road,E01012340,Darlington 012D,Anti-social behaviour,,
,2020-08,Durham Constabulary,Durham Constabulary,-1.540746,54.517384,On or near Aysgarth Road,E01012340,Darlington 012D,Anti-social behaviour,,
,2020-08,Durham Constabulary,Durham Constabulary,-1.541145,54.519021,On or near Falmer Road,E01012340,Darlington 012D,Anti-social behaviour,,
,2020-08,Durham Constabulary,Durham Constabulary,-1.543433,54.514725,On or near Sports/Recreation Area,E01012340,Darlington 012D,Anti-social behaviour,,
,2020-08,Durham Constabulary,Durham Constabulary,-1.543433,54.514725,On or near Sports/Recreation Area,E01012340,Darlington 012D,Anti-social behaviour,,
,2020-08,Durham Constabulary,Durham Constabulary,-1.539261,54.516219,On or near Skeeby Road,E01012340,Darlington 012D,Anti-social behaviour,,
7264ae732bb5e07d535439a0969a9add16cc94fd7d1e26363afa1abb590f6965,2020-08,Durham Constabulary,Durham Constabulary,-1.539303,54.517945,On or near Rydal Road,E01012340,Darlington 012D,Bicycle theft,Investigation complete; no suspect identified,
d044f6e19c4c7f20c3b2205ac817b5484967ed0889c4dbfdea36f266f58ffcb1,2020-08,Durham Constabulary,Durham Constabulary,-1.541948,54.516301,On or near Neasham Road,E01012340,Darlington 012D,Criminal damage and arson,Unable to prosecute suspect,
48b0c6499146aa50fa1ba78f0b36a784ad3b93f4efb9a5064427da2271478747,2020-08,Durham Constabulary,Durham Constabulary,-1.537294,54.516697,On or near Headlam Road,E01012340,Darlington 012D,Criminal damage and arson,Unable to prosecute suspect,
9392213e1969842c4dd66d02e55caea17562da7a0513fa22b91724835a834b91,2020-08,Durham Constabulary,Durham Constabulary,-1.543433,54.514725,On or near Sports/Recreation Area,E01012340,Darlington 012D,Public order,Unable to prosecute suspect,
f16af515dbc9747b681e40924819b6ce23d195b6205d27c5c041a7a5263b99cd,2020-08,Durham Constabulary,Durham Constabulary,-1.539415,54.518997,On or near Rydal Road,E01012340,Darlington 012D,Vehicle crime,Investigation complete; no suspect identified,
19b5b1e4b1f63ac3629ae8a6d248b4942666c8e69a083cd0ff884b97b711776f,2020-08,Durham Constabulary,Durham Constabulary,-1.540803,54.517789,On or near Langdale Road,E01012340,Darlington 012D,Violence and sexual offences,Unable to prosecute suspect,
7144c1a224606e58f756777f8951a7b2b9ba02a24759d188d77822d85a518144,2020-08,Durham Constabulary,Durham Constabulary,-1.544772,54.513741,On or near Maltby Court,E01012340,Darlington 012D,Violence and sexual offences,Unable to prosecute suspect,
2e8e48a9d9fe33445a56a19b1cdf1c6168e7f4f51c7e670408dba8be7bfaa40c,2020-08,Durham Constabulary,Durham Constabulary,-1.542950,54.515065,On or near Tebay Close,E01012340,Darlington 012D,Violence and sexual offences,Court result unavailable,
73b7c3bcac9131aca0140c06967bb6526cd7c51ebf305571a3de5ec798f21dfe,2020-08,Durham Constabulary,Durham Constabulary,-1.539932,54.517003,On or near Ennerdale Road,E01012340,Darlington 012D,Violence and sexual offences,Unable to prosecute suspect,
d27c111bf56a84e78dce73cbe5cd926f7cb75e0e99fbb801f9c7005a514623cf,2020-08,Durham Constabulary,Durham Constabulary,-1.539415,54.518997,On or near Rydal Road,E01012340,Darlington 012D,Violence and sexual offences,Unable to prosecute suspect,
b0c822cf34f27d6b5d72c8bab583edb0e9cfcb401a944779f0faec7af1b96d36,2020-08,Durham Constabulary,Durham Constabulary,-1.542950,54.515065,On or near Tebay Close,E01012340,Darlington 012D,Violence and sexual offences,Status update unavailable,
e2ffb629edeb33a88b1ce2639b3813564d9b21945cf3e857d871db3c73b45ea1,2020-08,Durham Constabulary,Durham Constabulary,-1.544772,54.513741,On or near Maltby Court,E01012340,Darlington 012D,Violence and sexual offences,Unable to prosecute suspect,
4ff17bbf61d7b715d8b32107c0d4d5ad9365cfd5bd80f40176ca5ff44a6ac64f,2020-08,Durham Constabulary,Durham Constabulary,-1.539415,54.518997,On or near Rydal Road,E01012340,Darlington 012D,Violence and sexual offences,Unable to prosecute suspect,
b468ff7726ee8a9fce722b5be2e005b18c8e09ce0be053bdfb1415fd1b63faf7,2020-08,Durham Constabulary,Durham Constabulary,-1.540803,54.517789,On or near Langdale Road,E01012340,Darlington 012D,Violence and sexual offences,Unable to prosecute suspect,
064d1ecb30bc60b4cc37e026c15ae1f3cce77fe35559b264ac710ff71fff971f,2020-08,Durham Constabulary,Durham Constabulary,-1.539415,54.518997,On or near Rydal Road,E01012340,Darlington 012D,Violence and sexual offences,Unable to prosecute suspect,
5db0e927bc3a6719731c2ed33a7e94ee61ea3f63d22175b17839a64fed63bd71,2020-08,Durham Constabulary,Durham Constabulary,-1.544772,54.513741,On or near Maltby Court,E01012340,Darlington 012D,Violence and sexual offences,Unable to prosecute suspect,
b630c8fd49e0239edd3aab83427147b3eb001df8e55bc0538f0a7975153f985d,2020-08,Durham Constabulary,Durham Constabulary,-1.539303,54.517945,On or near Rydal Road,E01012340,Darlington 012D,Violence and sexual offences,Unable to prosecute suspect,
e283305139ed7740cbaa25da8f5d7a1f645b6715234f530781361c4c314aa047,2020-08,Durham Constabulary,Durham Constabulary,-1.544110,54.517720,On or near Windermere Court,E01012340,Darlington 012D,Violence and sexual offences,Unable to prosecute suspect,
1a96222e1d7408019575c23bc3e06decdb9cfeecee2d862d97f95dafb91776e8,2020-08,Durham Constabulary,Durham Constabulary,-1.541145,54.519021,On or near Falmer Road,E01012340,Darlington 012D,Violence and sexual offences,Unable to prosecute suspect,
2c93ea0ce4aae0b649df6382220a7ec198605566de44ee37a27cbb9559390ac5,2020-08,Durham Constabulary,Durham Constabulary,-1.537294,54.516697,On or near Headlam Road,E01012340,Darlington 012D,Other crime,Unable to prosecute suspect,
,2020-08,Durham Constabulary,Durham Constabulary,-1.531180,54.517725,On or near Gilling Crescent,E01012341,Darlington 012E,Anti-social behaviour,,
,2020-08,Durham Constabulary,Durham Constabulary,-1.531180,54.517725,On or near Gilling Crescent,E01012341,Darlington 012E,Anti-social behaviour,,
,2020-08,Durham Constabulary,Durham Constabulary,-1.533422,54.514813,On or near Huxley Grove,E01012341,Darlington 012E,Anti-social behaviour,,
,2020-08,Durham Constabulary,Durham Constabulary,-1.531180,54.517725,On or near Gilling Crescent,E01012341,Darlington 012E,Anti-social behaviour,,
,2020-08,Durham Constabulary,Durham Constabulary,-1.533712,54.519244,On or near Harris Street,E01012341,Darlington 012E,Anti-social behaviour,,
,2020-08,Durham Constabulary,Durham Constabulary,-1.528177,54.516958,On or near Geneva Road,E01012341,Darlington 012E,Anti-social behaviour,,
,2020-08,Durham Constabulary,Durham Constabulary,-1.531180,54.517725,On or near Gilling Crescent,E01012341,Darlington 012E,Anti-social behaviour,,
,2020-08,Durham Constabulary,Durham Constabulary,-1.531180,54.517725,On or near Gilling Crescent,E01012341,Darlington 012E,Anti-social behaviour,,
,2020-08,Durham Constabulary,Durham Constabulary,-1.532955,54.516536,On or near Fenby Avenue,E01012341,Darlington 012E,Anti-social behaviour,,
,2020-08,Durham Constabulary,Durham Constabulary,-1.531180,54.517725,On or near Gilling Crescent,E01012341,Darlington 012E,Anti-social behaviour,,
9971a144ec89d298f71e7fa47530a90eae3ad3e3ca6202edb2b883d9b5053041,2020-08,Durham Constabulary,Durham Constabulary,-1.532955,54.516536,On or near Fenby Avenue,E01012341,Darlington 012E,Burglary,Unable to prosecute suspect,
efc5cbd2ca544d2d2f6fd62dd27e27de64ec5cb654fea963fc809817b0996ed2,2020-08,Durham Constabulary,Durham Constabulary,-1.531933,54.518069,On or near Melsonby Crescent,E01012341,Darlington 012E,Burglary,Investigation complete; no suspect identified,
e86d21bae19bc771123569e128c924f743bbfa58953b9817d3e6256f46a1098b,2020-08,Durham Constabulary,Durham Constabulary,-1.531180,54.517725,On or near Gilling Crescent,E01012341,Darlington 012E,Criminal damage and arson,Investigation complete; no suspect identified,
5ef7ffa36b2b6ab4e8ca0740a0f5fecdb4ddd5ac189ba006e783f92021a43ae1,2020-08,Durham Constabulary,Durham Constabulary,-1.531933,54.518069,On or near Melsonby Crescent,E01012341,Darlington 012E,Criminal damage and arson,Unable to prosecute suspect,
1a0b84b48dad8e27f4facdc04cc08ffe5f5213cdc77e8855539c046acfe453bd,2020-08,Durham Constabulary,Durham Constabulary,-1.528177,54.516958,On or near Geneva Road,E01012341,Darlington 012E,Criminal damage and arson,Investigation complete; no suspect identified,
98bc320dc2f6bf8f7a940f50f69b4c1a82297fc142d1311c5b2ca9fc5c643059,2020-08,Durham Constabulary,Durham Constabulary,-1.534413,54.514673,On or near Darwin Grove,E01012341,Darlington 012E,Other theft,Investigation complete; no suspect identified,
6121647599c4dbf10d8fdbb65e337465086ca0285d0b0e0b3bf04ef776a8b22d,2020-08,Durham Constabulary,Durham Constabulary,-1.531180,54.517725,On or near Gilling Crescent,E01012341,Darlington 012E,Public order,Investigation complete; no suspect identified,
1c5cbdf3f84fd552ca78d287648293cd88f941bddc988f0a92afc8e12cebc22d,2020-08,Durham Constabulary,Durham Constabulary,-1.532955,54.516536,On or near Fenby Avenue,E01012341,Darlington 012E,Violence and sexual offences,Unable to prosecute suspect,
325deb9c6586dd98c3a6a7911a69554eec38d07a80a9e8d9f6a5399194dd324b,2020-08,Durham Constabulary,Durham Constabulary,-1.532955,54.516536,On or near Fenby Avenue,E01012341,Darlington 012E,Violence and sexual offences,Unable to prosecute suspect,
43079c3032c2dc5d5784467c301d17e830f0e71fdc7e3cb449a8acad7b95abb6,2020-08,Durham Constabulary,Durham Constabulary,-1.531933,54.518069,On or near Melsonby Crescent,E01012341,Darlington 012E,Violence and sexual offences,Local resolution,
a46aa34b4ceffa993d2370722a9c87216eec2be4b72d522f9458f33016c5cd4c,2020-08,Durham Constabulary,Durham Constabulary,-1.536457,54.514231,On or near Fenby Avenue,E01012341,Darlington 012E,Violence and sexual offences,Unable to prosecute suspect,
58f5feb92c1ebaa4f3ea9508c86e720e81c4ed05402247b455623fb0429adff6,2020-08,Durham Constabulary,Durham Constabulary,-1.532955,54.516536,On or near Fenby Avenue,E01012341,Darlington 012E,Violence and sexual offences,Unable to prosecute suspect,
42c112a6ef5141db29851aacc4ea80d41b84f2056fd5933e10cf1e3c3a43e7b9,2020-08,Durham Constabulary,Durham Constabulary,-1.536067,54.515928,On or near Scargill,E01012341,Darlington 012E,Violence and sexual offences,Unable to prosecute suspect,
83dbd4e7775be886fb975f1d923dde0fe249070a81d6a842919535ed4114d2d5,2020-08,Durham Constabulary,Durham Constabulary,-1.536457,54.514231,On or near Fenby Avenue,E01012341,Darlington 012E,Violence and sexual offences,Unable to prosecute suspect,
de1a2651cc934a922df3446cbe5fefc6c84380bde11b3fcf4f412e6816c61234,2020-08,Durham Constabulary,Durham Constabulary,-1.531933,54.518069,On or near Melsonby Crescent,E01012341,Darlington 012E,Violence and sexual offences,Unable to prosecute suspect,
58ed3db0e36915ffbad15ec192bcab7b51477e50bb18219d91a6fe8b031b83ab,2020-08,Durham Constabulary,Durham Constabulary,-1.533712,54.519244,On or near Harris Street,E01012341,Darlington 012E,Other crime,Investigation complete; no suspect identified,
,2020-08,Durham Constabulary,Durham Constabulary,-1.537306,54.511484,On or near Brankin Road,E01012317,Darlington 013A,Anti-social behaviour,,
,2020-08,Durham Constabulary,Durham Constabulary,-1.541062,54.512604,On or near Geneva Drive,E01012317,Darlington 013A,Anti-social behaviour,,
,2020-08,Durham Constabulary,Durham Constabulary,-1.544399,54.512581,On or near Geneva Gardens,E01012317,Darlington 013A,Anti-social behaviour,,
,2020-08,Durham Constabulary,Durham Constabulary,-1.536269,54.511687,On or near Hildon Drive,E01012317,Darlington 013A,Anti-social behaviour,,
0377063b77af445588e4e3df5b98f53ba1d87aa0e10733774646689adceba8b6,2020-08,Durham Constabulary,Durham Constabulary,-1.541062,54.512604,On or near Geneva Drive,E01012317,Darlington 013A,Burglary,Investigation complete; no suspect identified,
3560fcf9242f52ebcb551f9dd79cc8ae557f0f347421b7c7b3c33f96c2e946fc,2020-08,Durham Constabulary,Durham Constabulary,-1.542724,54.511757,On or near Geneva Crescent,E01012317,Darlington 013A,Drugs,Offender given a drugs possession warning,
8b31e90f87f66b3210d4b47f5a274ddc7955d93a9fd334016ef73c20c1798c20,2020-08,Durham Constabulary,Durham Constabulary,-1.536269,54.511687,On or near Hildon Drive,E01012317,Darlington 013A,Public order,Local resolution,
b93f0815077dccb18ae2494858c72dabaddc45c20d3057b0643f5beeb3a99a7e,2020-08,Durham Constabulary,Durham Constabulary,-1.537333,54.511808,On or near Neasham Drive,E01012317,Darlington 013A,Violence and sexual offences,Court result unavailable,
5c5ac79574154193c48ee0f4071f59751cf1f1eb6e49fae00eae02103710d0cc,2020-08,Durham Constabulary,Durham Constabulary,-1.537333,54.511808,On or near Neasham Drive,E01012317,Darlington 013A,Violence and sexual offences,Court result unavailable,
,2020-08,Durham Constabulary,Durham Constabulary,-1.525577,54.512032,On or near Kexwith Moor Close,E01012318,Darlington 013B,Anti-social behaviour,,
,2020-08,Durham Constabulary,Durham Constabulary,-1.523522,54.512123,On or near Chestnut Drive,E01012318,Darlington 013B,Anti-social behaviour,,
,2020-08,Durham Constabulary,Durham Constabulary,-1.527517,54.515257,On or near Burnside Road,E01012318,Darlington 013B,Anti-social behaviour,,
,2020-08,Durham Constabulary,Durham Constabulary,-1.529489,54.513027,On or near Emley Moor Road,E01012318,Darlington 013B,Anti-social behaviour,,
,2020-08,Durham Constabulary,Durham Constabulary,-1.534467,54.508490,On or near Sports/Recreation Area,E01012318,Darlington 013B,Anti-social behaviour,,
,2020-08,Durham Constabulary,Durham Constabulary,-1.534467,54.508490,On or near Sports/Recreation Area,E01012318,Darlington 013B,Anti-social behaviour,,
,2020-08,Durham Constabulary,Durham Constabulary,-1.527066,54.511445,On or near Edgemoor Road,E01012318,Darlington 013B,Anti-social behaviour,,
,2020-08,Durham Constabulary,Durham Constabulary,-1.531167,54.512099,On or near Barden Moor Road,E01012318,Darlington 013B,Anti-social behaviour,,
,2020-08,Durham Constabulary,Durham Constabulary,-1.526590,54.513905,On or near Carlton Moor Crescent,E01012318,Darlington 013B,Anti-social behaviour,,
,2020-08,Durham Constabulary,Durham Constabulary,-1.523522,54.512123,On or near Chestnut Drive,E01012318,Darlington 013B,Anti-social behaviour,,
,2020-08,Durham Constabulary,Durham Constabulary,-1.527517,54.515257,On or near Burnside Road,E01012318,Darlington 013B,Anti-social behaviour,,
,2020-08,Durham Constabulary,Durham Constabulary,-1.527066,54.511445,On or near Edgemoor Road,E01012318,Darlington 013B,Anti-social behaviour,,
,2020-08,Durham Constabulary,Durham Constabulary,-1.522126,54.512621,On or near Redwood Close,E01012318,Darlington 013B,Anti-social behaviour,,
,2020-08,Durham Constabulary,Durham Constabulary,-1.533797,54.511794,On or near West Moor Road,E01012318,Darlington 013B,Anti-social behaviour,,
,2020-08,Durham Constabulary,Durham Constabulary,-1.530862,54.513140,On or near Stocksmoor Close,E01012318,Darlington 013B,Anti-social behaviour,,
,2020-08,Durham Constabulary,Durham Constabulary,-1.525577,54.512032,On or near Kexwith Moor Close,E01012318,Darlington 013B,Anti-social behaviour,,
da418e92f378a2fc1983b2468ea74f7051c78aeb1ee363b261129b859a62d718,2020-08,Durham Constabulary,Durham Constabulary,-1.531167,54.512099,On or near Barden Moor Road,E01012318,Darlington 013B,Burglary,Investigation complete; no suspect identified,
67273911be62455fb91db1970ea71965271a7bb88eaa20c9f2b7e395857ada6b,2020-08,Durham Constabulary,Durham Constabulary,-1.531159,54.511443,On or near Pateley Moor Crescent,E01012318,Darlington 013B,Burglary,Investigation complete; no suspect identified,
aa4a5de97d655fd7c7a8dc3dfb117dceec0fa3861623a753e40a46394e23610c,2020-08,Durham Constabulary,Durham Constabulary,-1.527066,54.511445,On or near Edgemoor Road,E01012318,Darlington 013B,Criminal damage and arson,Investigation complete; no suspect identified,
4b18a5f37d8c5cc12332a909b8fb970858c367267f0585021842eac881c2134a,2020-08,Durham Constabulary,Durham Constabulary,-1.525577,54.512032,On or near Kexwith Moor Close,E01012318,Darlington 013B,Criminal damage and arson,Investigation complete; no suspect identified,
e0ad7f80961d406c3e25c04b9dccbfbc1fc63c2d143510be9df19ddf56e76fa1,2020-08,Durham Constabulary,Durham Constabulary,-1.527719,54.512490,On or near Buxton Moor Crescent,E01012318,Darlington 013B,Criminal damage and arson,Investigation complete; no suspect identified,
ac818a52d904615886d56d2b933c34ca73af0745824c2e877e2006f4163f45f0,2020-08,Durham Constabulary,Durham Constabulary,-1.531159,54.511443,On or near Pateley Moor Crescent,E01012318,Darlington 013B,Criminal damage and arson,Offender given a caution,
e07392621252c11648b73c206e64e69ee7a6c007233175ba60a731dc1560d273,2020-08,Durham Constabulary,Durham Constabulary,-1.526207,54.516339,On or near Alston Moor Close,E01012318,Darlington 013B,Criminal damage and arson,Investigation complete; no suspect identified,
5dad9a03ccea4826048cb0983d9973a7a103d021959dfc416e3c0d3105b36877,2020-08,Durham Constabulary,Durham Constabulary,-1.527719,54.512490,On or near Buxton Moor Crescent,E01012318,Darlington 013B,Criminal damage and arson,Investigation complete; no suspect identified,
dbb2490f047090958a5dac2d6afd7a9a081a9f8828310ee4a96da97da69941f1,2020-08,Durham Constabulary,Durham Constabulary,-1.527719,54.512490,On or near Buxton Moor Crescent,E01012318,Darlington 013B,Drugs,Further investigation is not in the public interest,
59be985e7a41b8d9739149cf23eabef93a86be40d465b4e8d693938b15c9876b,2020-08,Durham Constabulary,Durham Constabulary,-1.528770,54.515091,On or near Westminster Road,E01012318,Darlington 013B,Drugs,Formal action is not in the public interest,
3b4648298db6e913c1869d6cddd80245a2b5872c5eb1dd0c190e0454f157ba00,2020-08,Durham Constabulary,Durham Constabulary,-1.527066,54.511445,On or near Edgemoor Road,E01012318,Darlington 013B,Public order,Status update unavailable,
4151b7960632025e6b60a46982461b66ecb27230566a5d28ba210e50d1bc5f13,2020-08,Durham Constabulary,Durham Constabulary,-1.528770,54.515091,On or near Westminster Road,E01012318,Darlington 013B,Public order,Local resolution,
8ed238a397ca3007e9e6459941f6f6e2260019765ab362e017e4dde76d679197,2020-08,Durham Constabulary,Durham Constabulary,-1.531167,54.512099,On or near Barden Moor Road,E01012318,Darlington 013B,Public order,Unable to prosecute suspect,
d56ecef4638999d48aee1ee536841dc0530f7f9a6a0e21d65063d21ff3a73c26,2020-08,Durham Constabulary,Durham Constabulary,-1.531167,54.512099,On or near Barden Moor Road,E01012318,Darlington 013B,Theft from the person,Unable to prosecute suspect,
8968e2dbcd1df97e49e310a175fb84c72f409c4d2c2a49ddee4583ac0fc97ec3,2020-08,Durham Constabulary,Durham Constabulary,-1.526769,54.513106,On or near Helmsley Moor Way,E01012318,Darlington 013B,Vehicle crime,Investigation complete; no suspect identified,
ed3014dcb0152fcd79287d25ee0bc4c38b1a8f362ef126c45f27e4467fcff21d,2020-08,Durham Constabulary,Durham Constabulary,-1.531167,54.512099,On or near Barden Moor Road,E01012318,Darlington 013B,Violence and sexual offences,Court result unavailable,
984e0b6cc92127893e75f3b5f28208316163767a587e82512c7c02a86e1e642a,2020-08,Durham Constabulary,Durham Constabulary,-1.530862,54.513140,On or near Stocksmoor Close,E01012318,Darlington 013B,Violence and sexual offences,Unable to prosecute suspect,
3e4490b246df7399f458a0c6efb7283e6d71cf5db4fa24a9e991faeb8aaa4c43,2020-08,Durham Constabulary,Durham Constabulary,-1.522181,54.511830,On or near Ridgewood Close,E01012318,Darlington 013B,Violence and sexual offences,Unable to prosecute suspect,
480ec5bdd7a1d99aa04205d8554d7afd5952faca27ed12fc6d8fbd731ba9cc3e,2020-08,Durham Constabulary,Durham Constabulary,-1.528770,54.515091,On or near Westminster Road,E01012318,Darlington 013B,Violence and sexual offences,Unable to prosecute suspect,
05f6067b4d6f79def1347cbd78651a9ab06e37eec54e8c4c0fe2ee13bd2129bb,2020-08,Durham Constabulary,Durham Constabulary,-1.527239,54.515193,On or near Roxby Moor Avenue,E01012318,Darlington 013B,Violence and sexual offences,Unable to prosecute suspect,
151f0a3561bdee341ee7535c10ad3e2e4a6391f8223bb79a28951188b9467b33,2020-08,Durham Constabulary,Durham Constabulary,-1.528770,54.515091,On or near Westminster Road,E01012318,Darlington 013B,Violence and sexual offences,Investigation complete; no suspect identified,
8770024068b61d81f20642c1060d219afd853232c5fc5c02700dade9ebce904f,2020-08,Durham Constabulary,Durham Constabulary,-1.531167,54.512099,On or near Barden Moor Road,E01012318,Darlington 013B,Violence and sexual offences,Court result unavailable,
5166d382bbc7b9203858d9168e8dc6657e6e9ce100421f9861802803230fefa7,2020-08,Durham Constabulary,Durham Constabulary,-1.527066,54.511445,On or near Edgemoor Road,E01012318,Darlington 013B,Violence and sexual offences,Unable to prosecute suspect,
a4cd49eeb8ebb8573acac5fa8e29d6ccd56ee7b943373aaef2c561fc9d678949,2020-08,Durham Constabulary,Durham Constabulary,-1.529489,54.513027,On or near Emley Moor Road,E01012318,Darlington 013B,Violence and sexual offences,Unable to prosecute suspect,
5cb3dae6b15164ba9c372f9cdfbfa3b822a2eb8135bc1b17cd7e1f861f5a0848,2020-08,Durham Constabulary,Durham Constabulary,-1.533797,54.511794,On or near West Moor Road,E01012318,Darlington 013B,Violence and sexual offences,Unable to prosecute suspect,
b1b536a797ea829df8f80aa95f754c6fcfe42a0bc5bf7708bb12ca1105b5b11a,2020-08,Durham Constabulary,Durham Constabulary,-1.529489,54.513027,On or near Emley Moor Road,E01012318,Darlington 013B,Violence and sexual offences,Unable to prosecute suspect,
22f52126ac2c262b6afe257d24e128dc16dda37fc408ea6f874a5e5c78c14e78,2020-08,Durham Constabulary,Durham Constabulary,-1.531159,54.511443,On or near Pateley Moor Crescent,E01012318,Darlington 013B,Violence and sexual offences,Unable to prosecute suspect,
cbd08a74516cb201a6b83c3c365b07059678cf4e7a2862152fa7d5901549c996,2020-08,Durham Constabulary,Durham Constabulary,-1.531167,54.512099,On or near Barden Moor Road,E01012318,Darlington 013B,Violence and sexual offences,Unable to prosecute suspect,
7eec1aa9bf39acf31c122e659b81db6cda8e6e9273e4177aa1f3a5f5fd9ae206,2020-08,Durham Constabulary,Durham Constabulary,-1.522181,54.511830,On or near Ridgewood Close,E01012318,Darlington 013B,Violence and sexual offences,Unable to prosecute suspect,
19a6c03dd86a899219b6afd56ee850213eb88cb5098e5bcb728bbb96735eec66,2020-08,Durham Constabulary,Durham Constabulary,-1.528162,54.511503,On or near Skipton Moor Close,E01012318,Darlington 013B,Other crime,Further investigation is not in the public interest,
dfaff90c3ef46065eea9653ed10a19b3253fb4c525653b048b86bdbab7e337bb,2020-08,Durham Constabulary,Durham Constabulary,-1.531159,54.511443,On or near Pateley Moor Crescent,E01012318,Darlington 013B,Other crime,Unable to prosecute suspect,
8872e6f202cebd2d7cd6d98a96e96c12c0471e82f40f69e099b851064f02c36c,2020-08,Durham Constabulary,Durham Constabulary,-1.528770,54.515091,On or near Westminster Road,E01012318,Darlington 013B,Other crime,Unable to prosecute suspect,
,2020-08,Durham Constabulary,Durham Constabulary,-1.523604,54.518297,On or near Hewitson Road South,E01012319,Darlington 013C,Anti-social behaviour,,
,2020-08,Durham Constabulary,Durham Constabulary,-1.520829,54.515159,On or near Richmond Way,E01012319,Darlington 013C,Anti-social behaviour,,
a452d0ce3359aecce6d02c4f402057cd8ed4e662e846125d7f3ff13c51dca671,2020-08,Durham Constabulary,Durham Constabulary,-1.525225,54.518385,On or near Lanethorpe Crescent,E01012319,Darlington 013C,Criminal damage and arson,Investigation complete; no suspect identified,
fd567ecabbfcef4a2ff690c62b9587cde2d47fbe42d7034b0e386801f8c04cb5,2020-08,Durham Constabulary,Durham Constabulary,-1.521588,54.513715,On or near Holly Close,E01012319,Darlington 013C,Criminal damage and arson,Further action is not in the public interest,
6f422b8f061aab6d95977ee0860046217fa004c6f9ca3516e031108bb8c436e1,2020-08,Durham Constabulary,Durham Constabulary,-1.524112,54.519800,On or near Harris Street,E01012319,Darlington 013C,Criminal damage and arson,Investigation complete; no suspect identified,
685faba67e0af44406998d882107bab986ebaaa4736eea1cb551289d1d60b3d0,2020-08,Durham Constabulary,Durham Constabulary,-1.522002,54.513941,On or near Chestnut Drive,E01012319,Darlington 013C,Public order,Investigation complete; no suspect identified,
979836e201f083ad73caba05fdb21a1c6878dad004a85b108cdc9d565c2c5d98,2020-08,Durham Constabulary,Durham Constabulary,-1.526369,54.520995,On or near Lynton Gardens,E01012319,Darlington 013C,Vehicle crime,Formal action is not in the public interest,
7c84042ab25267e46de64a79c59d8a53955ae211638b50f0bdc4aa4082e28b6c,2020-08,Durham Constabulary,Durham Constabulary,-1.521324,54.517785,On or near Estoril Road South,E01012319,Darlington 013C,Violence and sexual offences,Unable to prosecute suspect,
caa2f9f37a8c70029e2de47df662b774a71f2b99b8dd4bd810aaed018a6ac9b5,2020-08,Durham Constabulary,Durham Constabulary,-1.522557,54.520711,On or near Carnaby Road,E01012319,Darlington 013C,Violence and sexual offences,Unable to prosecute suspect,
13fd0f91beef9ee6e1c86bae1f0cc34c5f0ed7c6cb13b01c635556af962b6cb8,2020-08,Durham Constabulary,Durham Constabulary,-1.520858,54.515357,On or near Warren Close,E01012319,Darlington 013C,Violence and sexual offences,Unable to prosecute suspect,
abba0a10b0f644551d31d7a61ab6491d664ab089ede747000eab38ba4d800df8,2020-08,Durham Constabulary,Durham Constabulary,-1.521588,54.513715,On or near Holly Close,E01012319,Darlington 013C,Violence and sexual offences,Unable to prosecute suspect,
43797a67e4a043f180f058d2a074c61caa685010b9041d8d1bd53caff7541e7f,2020-08,Durham Constabulary,Durham Constabulary,-1.528329,54.521210,On or near Geneva Road,E01012319,Darlington 013C,Violence and sexual offences,Unable to prosecute suspect,
9ca21cdfb954c5f7e790f0e430771d42c3c0e32840f0b1ba3e6895bc4c99696f,2020-08,Durham Constabulary,Durham Constabulary,-1.517605,54.518795,On or near Salters Lane,E01012319,Darlington 013C,Violence and sexual offences,Unable to prosecute suspect,
26639e960447c4530da2d8ea616a654286a2f93db0c7f624ee6d89e290d41f5e,2020-08,Durham Constabulary,Durham Constabulary,-1.525225,54.518385,On or near Lanethorpe Crescent,E01012319,Darlington 013C,Violence and sexual offences,Unable to prosecute suspect,
0e09001b9b9095a790bc74a7b61fe25158e03587cef1660cca89b8fa9a0bc517,2020-08,Durham Constabulary,Durham Constabulary,-1.521588,54.513715,On or near Holly Close,E01012319,Darlington 013C,Violence and sexual offences,Unable to prosecute suspect,
e87f83e23322bd9eb4d55db9089121957cc2fa3a60f4271b4acb465344d2e46d,2020-08,Durham Constabulary,Durham Constabulary,-1.521588,54.513715,On or near Holly Close,E01012319,Darlington 013C,Violence and sexual offences,Investigation complete; no suspect identified,
0c522f14f274c8113b332f9a751a76f138260729233f1c9791f6bbf4f38a9cb6,2020-08,Durham Constabulary,Durham Constabulary,-1.526639,54.520385,On or near Audrey Grove,E01012319,Darlington 013C,Other crime,Court result unavailable,
,2020-08,Durham Constabulary,Durham Constabulary,-1.551493,54.520633,On or near George Street,E01012356,Darlington 014A,Anti-social behaviour,,
,2020-08,Durham Constabulary,Durham Constabulary,-1.557454,54.520861,On or near Supermarket,E01012356,Darlington 014A,Anti-social behaviour,,
,2020-08,Durham Constabulary,Durham Constabulary,-1.551775,54.520238,On or near Rockingham Street,E01012356,Darlington 014A,Anti-social behaviour,,
,2020-08,Durham Constabulary,Durham Constabulary,-1.557454,54.520861,On or near Supermarket,E01012356,Darlington 014A,Anti-social behaviour,,
,2020-08,Durham Constabulary,Durham Constabulary,-1.563391,54.520389,On or near Oakdene Avenue,E01012356,Darlington 014A,Anti-social behaviour,,
,2020-08,Durham Constabulary,Durham Constabulary,-1.551493,54.520633,On or near George Street,E01012356,Darlington 014A,Anti-social behaviour,,
,2020-08,Durham Constabulary,Durham Constabulary,-1.551211,54.521018,On or near Herbert Street,E01012356,Darlington 014A,Anti-social behaviour,,
,2020-08,Durham Constabulary,Durham Constabulary,-1.551994,54.518639,On or near Chatsworth Terrace,E01012356,Darlington 014A,Anti-social behaviour,,
604f1ef846499f9d7d1151f5788af84707f45acbe1f1759f40b023368273a271,2020-08,Durham Constabulary,Durham Constabulary,-1.562675,54.520943,On or near Beechwood Avenue,E01012356,Darlington 014A,Criminal damage and arson,Investigation complete; no suspect identified,
c789390bd9374b4d636ebca481416f68f2ff2aa3183fb895b0db9fe9d6490c75,2020-08,Durham Constabulary,Durham Constabulary,-1.551775,54.520238,On or near Rockingham Street,E01012356,Darlington 014A,Criminal damage and arson,Investigation complete; no suspect identified,
6560ee164fa09027e48a3ed5089b3f574e28177f643d7027ae9ac103ada7f376,2020-08,Durham Constabulary,Durham Constabulary,-1.553015,54.519874,On or near Bedford Street,E01012356,Darlington 014A,Other theft,Investigation complete; no suspect identified,
42f947dd8408629c6fd9595a2a50c15f4a6dbcc8010bc12066390c0d51e31312,2020-08,Durham Constabulary,Durham Constabulary,-1.550376,54.521078,On or near Supermarket,E01012356,Darlington 014A,Public order,Investigation complete; no suspect identified,
823c79cf6f121df7104eb172f97724c75d666535d52fd0971ad60aec432f06f5,2020-08,Durham Constabulary,Durham Constabulary,-1.563391,54.520389,On or near Oakdene Avenue,E01012356,Darlington 014A,Public order,Investigation complete; no suspect identified,
df9b88096acc92ff87b6e4078f56473242ceb16dd10b9b5e46b7255cd10de1b9,2020-08,Durham Constabulary,Durham Constabulary,-1.557454,54.520861,On or near Supermarket,E01012356,Darlington 014A,Public order,Unable to prosecute suspect,
42364ef3ac9a46de857e9e2888704824205bbc2d1136a0a8720008cb8783cd8c,2020-08,Durham Constabulary,Durham Constabulary,-1.563391,54.520389,On or near Oakdene Avenue,E01012356,Darlington 014A,Public order,Unable to prosecute suspect,
4341fcf90f753e14b912250663b9f7325b2a733036dd635162ec32d6418f0acb,2020-08,Durham Constabulary,Durham Constabulary,-1.557454,54.520861,On or near Supermarket,E01012356,Darlington 014A,Shoplifting,Further investigation is not in the public interest,
a42b058d4ce806e99f080debb25d1253bdcbd1c4e545079d9f39a3e75f005908,2020-08,Durham Constabulary,Durham Constabulary,-1.550376,54.521078,On or near Supermarket,E01012356,Darlington 014A,Shoplifting,Unable to prosecute suspect,
5fe5a618e7012d43193437642a118dba5aee15f45a2e47bfc8f9d719c7b5ed8e,2020-08,Durham Constabulary,Durham Constabulary,-1.561998,54.522100,On or near Westcliffe Court,E01012356,Darlington 014A,Violence and sexual offences,Local resolution,
a21a20165f6455111a3808b9ac2ddaf0ea9f8f4f5f661db5963fa7b8cb0fbdc4,2020-08,Durham Constabulary,Durham Constabulary,-1.550376,54.521078,On or near Supermarket,E01012356,Darlington 014A,Violence and sexual offences,Unable to prosecute suspect,
dac049fbe6c571fc0d3801706e3afe92e4a35a14e233aa76d28e1ae9573c939f,2020-08,Durham Constabulary,Durham Constabulary,-1.557454,54.520861,On or near Supermarket,E01012356,Darlington 014A,Violence and sexual offences,Further investigation is not in the public interest,
c1a1ee1d48ab49a7409c5fb221e565601346364385983834163584d50ba16849,2020-08,Durham Constabulary,Durham Constabulary,-1.550079,54.521355,On or near Victoria Road,E01012356,Darlington 014A,Violence and sexual offences,Unable to prosecute suspect,
1399276868af21c5125a6f157097dde9eceacc48fc1bbccf2f31b70d5b67af13,2020-08,Durham Constabulary,Durham Constabulary,-1.550079,54.521355,On or near Victoria Road,E01012356,Darlington 014A,Violence and sexual offences,Unable to prosecute suspect,
7a2bb8cf1a65ebcf79c2d69e8e8b66f1fb47bfe0dca1c37ebd2f2e05c46e41da,2020-08,Durham Constabulary,Durham Constabulary,-1.557454,54.520861,On or near Supermarket,E01012356,Darlington 014A,Violence and sexual offences,Unable to prosecute suspect,
d26e46fa379700fb45ccc78373b76f5e3865301526ec63685c5589b72d037f6d,2020-08,Durham Constabulary,Durham Constabulary,-1.556139,54.518169,On or near Polam Lane,E01012356,Darlington 014A,Violence and sexual offences,Investigation complete; no suspect identified,
756b3715fad772de27207b8b20aa8c889b50ed32d7a782b24ef61f4ef3415066,2020-08,Durham Constabulary,Durham Constabulary,-1.560836,54.520945,On or near Southend Place,E01012356,Darlington 014A,Violence and sexual offences,Offender given a caution,
da6ba5d095d753864d659934a5022c489abdfea79af907297ba56d907a279edf,2020-08,Durham Constabulary,Durham Constabulary,-1.550079,54.521355,On or near Victoria Road,E01012356,Darlington 014A,Violence and sexual offences,Unable to prosecute suspect,
2e0e16d64d2e9072808aaeb62eed53b1f920e100dc908a64d69df1c214d1d128,2020-08,Durham Constabulary,Durham Constabulary,-1.561090,54.520326,On or near Southend Avenue,E01012356,Darlington 014A,Other crime,Court result unavailable,
,2020-08,Durham Constabulary,Durham Constabulary,-1.546479,54.521387,On or near Police Station,E01012357,Darlington 014B,Anti-social behaviour,,
,2020-08,Durham Constabulary,Durham Constabulary,-1.551697,54.517533,On or near Clifton Road,E01012357,Darlington 014B,Anti-social behaviour,,
03f3940bb85e137586d90233a30babd1900a457b3c7e72954b90b2262da38c3e,2020-08,Durham Constabulary,Durham Constabulary,-1.549718,54.519062,On or near Nelson Terrace,E01012357,Darlington 014B,Criminal damage and arson,Unable to prosecute suspect,
f20581a0c87e02edf613c7ffe32f50cd63b46c7792d29395904b306b51cb91f8,2020-08,Durham Constabulary,Durham Constabulary,-1.552682,54.519226,On or near Roslyn Street,E01012357,Darlington 014B,Other theft,Investigation complete; no suspect identified,
0d4d9f5ed7c83d86fc689460bf09fdf5ffedccb6753f87c01c86c75836114d94,2020-08,Durham Constabulary,Durham Constabulary,-1.548843,54.517217,On or near Park Lane,E01012357,Darlington 014B,Shoplifting,Unable to prosecute suspect,
a08dabcba91bc565b693d420a71603b741d133d9829ed1c5fe568fa329c8620a,2020-08,Durham Constabulary,Durham Constabulary,-1.546479,54.521387,On or near Police Station,E01012357,Darlington 014B,Theft from the person,Unable to prosecute suspect,
06c7c6c2ebdbb458111acf2e8920885e1f6f41799d704cf3d88dc83f9d5d849f,2020-08,Durham Constabulary,Durham Constabulary,-1.551697,54.517533,On or near Clifton Road,E01012357,Darlington 014B,Vehicle crime,Unable to prosecute suspect,
3d7c9e096b257c3f09bbea1bbe68aead6ae4f126dcfb210450393a19b8af9fd2,2020-08,Durham Constabulary,Durham Constabulary,-1.547857,54.516961,On or near Smithfield Road,E01012357,Darlington 014B,Vehicle crime,Investigation complete; no suspect identified,
fc083ec54a206d52685cc96e9503aa23ee766a385c5666a7c6c3026b7d68ae2b,2020-08,Durham Constabulary,Durham Constabulary,-1.547413,54.520725,On or near Parking Area,E01012357,Darlington 014B,Violence and sexual offences,Unable to prosecute suspect,
4d78ad4cc9766bcd3ce773a6df0d2a79989b54b989240b66bc834a77a9d3176f,2020-08,Durham Constabulary,Durham Constabulary,-1.548843,54.517217,On or near Park Lane,E01012357,Darlington 014B,Violence and sexual offences,Unable to prosecute suspect,
1854a510214bdafef983033cc4a3ebeb6965db8d9d933d751b9010a0eac3712d,2020-08,Durham Constabulary,Durham Constabulary,-1.550559,54.517052,On or near Henderson Street,E01012357,Darlington 014B,Violence and sexual offences,Action to be taken by another organisation,
46391f833092ecf1a658d53246d4016183add9cea5621e6af258e2eaaf2b986c,2020-08,Durham Constabulary,Durham Constabulary,-1.551591,54.518719,On or near Leafield Road,E01012357,Darlington 014B,Violence and sexual offences,Unable to prosecute suspect,
c1c8f65f4f23d2d00469cfb76e276aaa145d609b2079d742791dbe20aeeb96c7,2020-08,Durham Constabulary,Durham Constabulary,-1.551697,54.517533,On or near Clifton Road,E01012357,Darlington 014B,Violence and sexual offences,Unable to prosecute suspect,
eda27309e83701df29fdef445dfb181a96ba191377cedb89ab2f609b847f5e63,2020-08,Durham Constabulary,Durham Constabulary,-1.548843,54.517217,On or near Park Lane,E01012357,Darlington 014B,Violence and sexual offences,Offender given a caution,
2e0042479fb67c1841561fe50ca28ae0a6f81769b569ff1df349b576658b0191,2020-08,Durham Constabulary,Durham Constabulary,-1.551697,54.517533,On or near Clifton Road,E01012357,Darlington 014B,Violence and sexual offences,Unable to prosecute suspect,
518d3041af4eb8881158d1f50ffb09aa8f5e3c0e564abaab4d0a0a32ec37d12e,2020-08,Durham Constabulary,Durham Constabulary,-1.551697,54.517533,On or near Clifton Road,E01012357,Darlington 014B,Violence and sexual offences,Unable to prosecute suspect,
,2020-08,Durham Constabulary,Durham Constabulary,-1.552677,54.514068,On or near Kingsbury Mews,E01012358,Darlington 014C,Anti-social behaviour,,
,2020-08,Durham Constabulary,Durham Constabulary,-1.552677,54.514068,On or near Kingsbury Mews,E01012358,Darlington 014C,Anti-social behaviour,,
,2020-08,Durham Constabulary,Durham Constabulary,-1.552677,54.514068,On or near Kingsbury Mews,E01012358,Darlington 014C,Anti-social behaviour,,
,2020-08,Durham Constabulary,Durham Constabulary,-1.561153,54.512957,On or near Lakeside,E01012358,Darlington 014C,Anti-social behaviour,,
,2020-08,Durham Constabulary,Durham Constabulary,-1.553840,54.510810,On or near Swale Grove,E01012358,Darlington 014C,Anti-social behaviour,,
,2020-08,Durham Constabulary,Durham Constabulary,-1.561153,54.512957,On or near Lakeside,E01012358,Darlington 014C,Anti-social behaviour,,
,2020-08,Durham Constabulary,Durham Constabulary,-1.563355,54.516560,On or near Penny Lane,E01012358,Darlington 014C,Anti-social behaviour,,
,2020-08,Durham Constabulary,Durham Constabulary,-1.561153,54.512957,On or near Lakeside,E01012358,Darlington 014C,Anti-social behaviour,,
,2020-08,Durham Constabulary,Durham Constabulary,-1.552677,54.514068,On or near Kingsbury Mews,E01012358,Darlington 014C,Anti-social behaviour,,
7a0b22d644b41fd944d779b655550aa7507e19306843625bce583621b50745d9,2020-08,Durham Constabulary,Durham Constabulary,-1.558813,54.513749,On or near Heslop Drive,E01012358,Darlington 014C,Criminal damage and arson,Investigation complete; no suspect identified,
60c5c56f526b38af3bb20a36fcc85a5c5a4a87ec7e7a0498f17a69dcf3062898,2020-08,Durham Constabulary,Durham Constabulary,-1.558061,54.516082,On or near Park/Open Space,E01012358,Darlington 014C,Criminal damage and arson,Unable to prosecute suspect,
8d0ef2ac7432504206895d38c673422b8d7c3ccbed9723e473525ad98b8d567d,2020-08,Durham Constabulary,Durham Constabulary,-1.551242,54.516722,On or near Geneva Terrace,E01012358,Darlington 014C,Other theft,Investigation complete; no suspect identified,
1438e4f1b6187c7b9ef9fb74a75ddfa6ac4b49d2d781ef95ac83e45ed76de245,2020-08,Durham Constabulary,Durham Constabulary,-1.559297,54.516123,On or near Park/Open Space,E01012358,Darlington 014C,Public order,Investigation complete; no suspect identified,
b38ac6659da1343a78db3a11aa6723cd18e6cf0e4be61e9ad6fac0f3b3238417,2020-08,Durham Constabulary,Durham Constabulary,-1.549570,54.514236,On or near Clifton Avenue,E01012358,Darlington 014C,Public order,Unable to prosecute suspect,
e212ab7fe12eb42e074b3b67316403cf7cb321ecb0c9771d6f86e4c4a01a84cd,2020-08,Durham Constabulary,Durham Constabulary,-1.549570,54.514236,On or near Clifton Avenue,E01012358,Darlington 014C,Public order,Investigation complete; no suspect identified,
f5322a174ef3f22ed1bd441f4b5c1f3253721649749ab1021f695607ecd4f77a,2020-08,Durham Constabulary,Durham Constabulary,-1.558061,54.516082,On or near Park/Open Space,E01012358,Darlington 014C,Public order,Unable to prosecute suspect,
48e214f98a01aab4d26eae7e8922351767225bfce26e95385082ac390d4ac5b7,2020-08,Durham Constabulary,Durham Constabulary,-1.558017,54.513045,On or near Loraine Crescent,E01012358,Darlington 014C,Vehicle crime,Investigation complete; no suspect identified,
262d14be386a884753afd9c42587d182b700b24ec173316031e5059857f81554,2020-08,Durham Constabulary,Durham Constabulary,-1.549591,54.515215,On or near Park Crescent,E01012358,Darlington 014C,Violence and sexual offences,Unable to prosecute suspect,
65416333756d5f48f50d14fcb7f8b737d1af7dafde2268a379bbc52e57fd6ed9,2020-08,Durham Constabulary,Durham Constabulary,-1.559297,54.516123,On or near Park/Open Space,E01012358,Darlington 014C,Violence and sexual offences,Investigation complete; no suspect identified,
,2020-08,Durham Constabulary,Durham Constabulary,-1.554666,54.508719,On or near Arkle Crescent,E01012359,Darlington 014D,Anti-social behaviour,,
,2020-08,Durham Constabulary,Durham Constabulary,-1.552536,54.508603,On or near Paddock Lane,E01012359,Darlington 014D,Anti-social behaviour,,
,2020-08,Durham Constabulary,Durham Constabulary,-1.551676,54.509588,On or near Tyne Crescent,E01012359,Darlington 014D,Anti-social behaviour,,
,2020-08,Durham Constabulary,Durham Constabulary,-1.550966,54.512309,On or near Wordsworth Road,E01012359,Darlington 014D,Anti-social behaviour,,
,2020-08,Durham Constabulary,Durham Constabulary,-1.549295,54.509750,On or near Esk Road,E01012359,Darlington 014D,Anti-social behaviour,,
,2020-08,Durham Constabulary,Durham Constabulary,-1.551676,54.509588,On or near Tyne Crescent,E01012359,Darlington 014D,Anti-social behaviour,,
,2020-08,Durham Constabulary,Durham Constabulary,-1.552536,54.508603,On or near Paddock Lane,E01012359,Darlington 014D,Anti-social behaviour,,
,2020-08,Durham Constabulary,Durham Constabulary,-1.552536,54.508603,On or near Paddock Lane,E01012359,Darlington 014D,Anti-social behaviour,,
9566f3871502e94bdb213e2bc4321dce1be033c5a74699ce6d482a692563e1c9,2020-08,Durham Constabulary,Durham Constabulary,-1.554722,54.509276,On or near Thames Way,E01012359,Darlington 014D,Public order,Investigation complete; no suspect identified,
6388616aa810eb06e97a93729db7cc4f157f1d453f6a908ce866d7a46b06235f,2020-08,Durham Constabulary,Durham Constabulary,-1.549295,54.509750,On or near Esk Road,E01012359,Darlington 014D,Public order,Unable to prosecute suspect,
8b6ad13be190f3e37b86419af53cebe72cc63d0d0393aa52a7b917afd8d722a2,2020-08,Durham Constabulary,Durham Constabulary,-1.550966,54.512309,On or near Wordsworth Road,E01012359,Darlington 014D,Public order,Further investigation is not in the public interest,
e0813a7bcd4ebe299a4a288d54cc6afa4e6adabbb1fb86a5b23c60d9e8d938be,2020-08,Durham Constabulary,Durham Constabulary,-1.550966,54.512309,On or near Wordsworth Road,E01012359,Darlington 014D,Violence and sexual offences,Investigation complete; no suspect identified,
4f6627b721616b95f14c7018a2d744bfcda6a53f7a2c377cc7d6fe74ddbc7cb3,2020-08,Durham Constabulary,Durham Constabulary,-1.552536,54.508603,On or near Paddock Lane,E01012359,Darlington 014D,Violence and sexual offences,Unable to prosecute suspect,
ef5058882a8a332bb7dbad009a82dbad42fc3ea4fd2d21569752c387009d3ca2,2020-08,Durham Constabulary,Durham Constabulary,-1.549120,54.513084,On or near Chaucer Road,E01012359,Darlington 014D,Violence and sexual offences,Unable to prosecute suspect,
d847b4761a54f30c5b6f28c4c68a98929036465bd989470204df036a56ff89f3,2020-08,Durham Constabulary,Durham Constabulary,-1.548822,54.512022,On or near Shakespeare Road,E01012359,Darlington 014D,Violence and sexual offences,Unable to prosecute suspect,
45a7e3f75f07ae02ed72ab8753d263526e5ca0be10755214826bccf1b7b15754,2020-08,Durham Constabulary,Durham Constabulary,-1.551676,54.509588,On or near Tyne Crescent,E01012359,Darlington 014D,Violence and sexual offences,Unable to prosecute suspect,
,2020-08,Durham Constabulary,Durham Constabulary,-1.553658,54.507672,On or near Eamont Drive,E01012338,Darlington 015A,Anti-social behaviour,,
,2020-08,Durham Constabulary,Durham Constabulary,-1.499286,54.486933,On or near New Lane,E01012338,Darlington 015A,Anti-social behaviour,,
,2020-08,Durham Constabulary,Durham Constabulary,-1.552828,54.507337,On or near Foss Court,E01012338,Darlington 015A,Anti-social behaviour,,
,2020-08,Durham Constabulary,Durham Constabulary,-1.552828,54.507337,On or near Foss Court,E01012338,Darlington 015A,Anti-social behaviour,,
,2020-08,Durham Constabulary,Durham Constabulary,-1.554009,54.508078,On or near Skerne Way,E01012338,Darlington 015A,Anti-social behaviour,,
,2020-08,Durham Constabulary,Durham Constabulary,-1.552828,54.507337,On or near Foss Court,E01012338,Darlington 015A,Anti-social behaviour,,
,2020-08,Durham Constabulary,Durham Constabulary,-1.552828,54.507337,On or near Foss Court,E01012338,Darlington 015A,Anti-social behaviour,,
,2020-08,Durham Constabulary,Durham Constabulary,-1.548274,54.508506,On or near Pedestrian Subway,E01012338,Darlington 015A,Anti-social behaviour,,
,2020-08,Durham Constabulary,Durham Constabulary,-1.553658,54.507672,On or near Eamont Drive,E01012338,Darlington 015A,Anti-social behaviour,,
3a404c76430a89a334041fcbba3f301e1bf216ff4ede336b9d29452abfca3f98,2020-08,Durham Constabulary,Durham Constabulary,-1.499286,54.486933,On or near New Lane,E01012338,Darlington 015A,Criminal damage and arson,Investigation complete; no suspect identified,
014a8185964cc23602a22a783a65c5fc7e6687ed69c03854928eb5422f62d9af,2020-08,Durham Constabulary,Durham Constabulary,-1.553658,54.507672,On or near Eamont Drive,E01012338,Darlington 015A,Public order,Unable to prosecute suspect,
9e8caae2846aad3996ff1860c2241af87fcfd0c1ed9a261a3f3aa05f5905ef00,2020-08,Durham Constabulary,Durham Constabulary,-1.492677,54.489656,On or near The Close,E01012338,Darlington 015A,Violence and sexual offences,Unable to prosecute suspect,
b8a9ce2b7b2f6c34c49107399f7056b6fe6cc4a3a5899165a2feed3e1a19d528,2020-08,Durham Constabulary,Durham Constabulary,-1.522988,54.487622,On or near The Oval,E01012338,Darlington 015A,Violence and sexual offences,Unable to prosecute suspect,
74fcfb6254bf8c73f567b67d01221ee7c73f9ac82afcea62faec810baf2c50de,2020-08,Durham Constabulary,Durham Constabulary,-1.492677,54.489656,On or near The Close,E01012338,Darlington 015A,Violence and sexual offences,Unable to prosecute suspect,
5ef41dfe6b2b1dc82db179a29259decfc0b76e2c8785378059ed2b5d31b76a73,2020-08,Durham Constabulary,Durham Constabulary,-1.522988,54.487622,On or near The Oval,E01012338,Darlington 015A,Violence and sexual offences,Unable to prosecute suspect,
5fd74ccdb907c93b16079dd9e0950faea6166b61584b7906c070f81317806132,2020-08,Durham Constabulary,Durham Constabulary,-1.552828,54.507337,On or near Foss Court,E01012338,Darlington 015A,Other crime,Unable to prosecute suspect,
7492c0dc44464807d6ca04cf5afa4ce1b58aacd2e6769050bae85e60d3b013b0,2020-08,Durham Constabulary,Durham Constabulary,-1.531577,54.489804,On or near Greenfield Close,E01012339,Darlington 015B,Burglary,Investigation complete; no suspect identified,
6623b245cf06e151ae77d745725de626ebee70ec4fd5f72229342ac580afdd44,2020-08,Durham Constabulary,Durham Constabulary,-1.531577,54.489804,On or near Greenfield Close,E01012339,Darlington 015B,Burglary,Investigation complete; no suspect identified,
9c5cda2ca4dc5cc5f80a7d4fc21d85067608000c7abf7dfde43fcc777889dc40,2020-08,Durham Constabulary,Durham Constabulary,-1.542223,54.479258,On or near Pilmore Mews,E01012339,Darlington 015B,Theft from the person,Investigation complete; no suspect identified,
,2020-08,Durham Constabulary,Durham Constabulary,-1.459087,54.516507,On or near Yarm Road,E01012344,Darlington 015C,Anti-social behaviour,,
,2020-08,Durham Constabulary,Durham Constabulary,-1.469937,54.512394,On or near Westacres,E01012344,Darlington 015C,Anti-social behaviour,,
,2020-08,Durham Constabulary,Durham Constabulary,-1.465274,54.512275,On or near Pinetree Grove,E01012344,Darlington 015C,Anti-social behaviour,,
55437fc8083d898afe90c71cc7425fe7e9e4a250b51800eecf605909567171b2,2020-08,Durham Constabulary,Durham Constabulary,-1.469937,54.512394,On or near Westacres,E01012344,Darlington 015C,Burglary,Investigation complete; no suspect identified,
28dd9605a1c3e5278a2a168c3c5e78b2e37d8044c0ba6e74a6d539c900eaf581,2020-08,Durham Constabulary,Durham Constabulary,-1.467627,54.514235,On or near Dinsdale Close,E01012344,Darlington 015C,Criminal damage and arson,Unable to prosecute suspect,
99a5b4bcb0dd04fc30bd75c002983847160bc3a164cf469cc67bf50b546d26c9,2020-08,Durham Constabulary,Durham Constabulary,-1.465274,54.512275,On or near Pinetree Grove,E01012344,Darlington 015C,Criminal damage and arson,Unable to prosecute suspect,
5803a98a8cfd16aeb35da73c44a6f2f7cef85c5d1ac7c5ec9ce9142c5e86769d,2020-08,Durham Constabulary,Durham Constabulary,-1.467627,54.514235,On or near Dinsdale Close,E01012344,Darlington 015C,Criminal damage and arson,Investigation complete; no suspect identified,
70ac13bba40982b7892d7c1f449d3841d0208ccdb8ccf1497c38444bcd48003d,2020-08,Durham Constabulary,Durham Constabulary,-1.471869,54.512340,On or near Pounteys Close,E01012344,Darlington 015C,Criminal damage and arson,Unable to prosecute suspect,
78b78508dce8180e0cdb0d33ff33429883456636469a56d9eac2bc1018a7b968,2020-08,Durham Constabulary,Durham Constabulary,-1.475738,54.503271,On or near Park/Open Space,E01012344,Darlington 015C,Criminal damage and arson,Investigation complete; no suspect identified,
44db8d067ca070875f316ad83d0e706f1736655485bbc1835cd44a617c2fa65f,2020-08,Durham Constabulary,Durham Constabulary,-1.475738,54.503271,On or near Park/Open Space,E01012344,Darlington 015C,Public order,Unable to prosecute suspect,
3725156820f754f726644c6e4eb1ce3551415a20eb2c1a88c9ef78ef14f2e784,2020-08,Durham Constabulary,Durham Constabulary,-1.468642,54.517035,On or near Station Road,E01012344,Darlington 015C,Public order,Unable to prosecute suspect,
76717ae08a689d6c9db5ba09895605f3458a789a0e9c0825cbc4a7db6a6c84c8,2020-08,Durham Constabulary,Durham Constabulary,-1.468642,54.517035,On or near Station Road,E01012344,Darlington 015C,Public order,Investigation complete; no suspect identified,
8b80781b94150048305c5ac27a44fb29edf4ba478b82c5912f8ae36108b90711,2020-08,Durham Constabulary,Durham Constabulary,-1.475738,54.503271,On or near Park/Open Space,E01012344,Darlington 015C,Public order,Unable to prosecute suspect,
77eae8bc59a8de8bb03b97ab216f99849c4942a36bfe88a658e9968b3dddff67,2020-08,Durham Constabulary,Durham Constabulary,-1.465274,54.512275,On or near Pinetree Grove,E01012344,Darlington 015C,Violence and sexual offences,Unable to prosecute suspect,
45637f60f3ec9d6a4f308bba50332b8604314ae8094e8e00426190cf636c6eb2,2020-08,Durham Constabulary,Durham Constabulary,-1.471869,54.512340,On or near Pounteys Close,E01012344,Darlington 015C,Violence and sexual offences,Suspect charged as part of another case,
feb86f094891e92d9a99c0a4fc10f4734feaa58cbc187c8cff435ffad0b3db75,2020-08,Durham Constabulary,Durham Constabulary,-1.475738,54.503271,On or near Park/Open Space,E01012344,Darlington 015C,Violence and sexual offences,Unable to prosecute suspect,
ee7bdd42ab6807d522f39df299c7385a2bb20690da9476440dc26e92ea3de8ef,2020-08,Durham Constabulary,Durham Constabulary,-1.468642,54.517035,On or near Station Road,E01012344,Darlington 015C,Violence and sexual offences,Further investigation is not in the public interest,
,2020-08,Durham Constabulary,Durham Constabulary,-1.442203,54.515352,On or near Oak Tree Close,E01012345,Darlington 015D,Anti-social behaviour,,
6457f2335641950ec0e3bc6cd1b90aa47490bd2897eac70173fb939ac22560a5,2020-08,Durham Constabulary,Durham Constabulary,-1.430631,54.515505,On or near Aviation Way,E01012345,Darlington 015D,Public order,Unable to prosecute suspect,
974198aea180af5a05ec581740b5650984f7d7c115d36fed80e68de37a70dbed,2020-08,Durham Constabulary,Durham Constabulary,-1.442203,54.515352,On or near Oak Tree Close,E01012345,Darlington 015D,Vehicle crime,Investigation complete; no suspect identified,
3ba7532efe293ea3a53900b75a87b33d50179a1dfd8163e494e67ba4df2972e3,2020-08,Durham Constabulary,Durham Constabulary,-1.442203,54.515352,On or near Oak Tree Close,E01012345,Darlington 015D,Violence and sexual offences,Local resolution,
c9d447c5e72d84c667ef85077620b10d5e495af5e26455bb31fa3438b82ade53,2020-08,Durham Constabulary,Durham Constabulary,-1.430631,54.515505,On or near Aviation Way,E01012345,Darlington 015D,Violence and sexual offences,Unable to prosecute suspect,
fffcc05369b9c7cd48084045711dd0b7dd79b4c5163fb844a60c340da24a63bd,2020-08,Durham Constabulary,Durham Constabulary,-1.430631,54.515505,On or near Aviation Way,E01012345,Darlington 015D,Violence and sexual offences,Action to be taken by another organisation,
f40a1f6c01f3ff7540781a1d61e33e39f4e4bb1f37e9614684059623b7e07d29,2020-08,Durham Constabulary,Durham Constabulary,-1.454931,54.504913,On or near The Oaklands,E01012345,Darlington 015D,Violence and sexual offences,Offender given a caution,
3c718a62c0fd6a4e2160d47ebac6935f8fd5098470ac8c43a1de1306a881d1d5,2020-08,Durham Constabulary,Durham Constabulary,-1.430631,54.515505,On or near Aviation Way,E01012345,Darlington 015D,Violence and sexual offences,Action to be taken by another organisation,
8ce4f7eaf7fff2d82623d5ea6366570b6033e2c2e49b62db003097f794ba39ff,2020-08,Durham Constabulary,Durham Constabulary,-1.454931,54.504913,On or near The Oaklands,E01012345,Darlington 015D,Violence and sexual offences,Unable to prosecute suspect,
e3d09ca7adc6354247c38b0f5ec72d84fe5472d548a5bfd35d464d2c370d6e16,2020-08,Durham Constabulary,Durham Constabulary,-1.433585,54.511933,On or near Airport/Airfield,E01012345,Darlington 015D,Violence and sexual offences,Unable to prosecute suspect,
b9c5b438abc0c14eaa418e32dfca942b03fefefa875263d87ea8068241e11bd8,2020-08,Durham Constabulary,Durham Constabulary,-1.468622,54.505433,On or near Church Close,E01012345,Darlington 015D,Violence and sexual offences,Unable to prosecute suspect,
3c658f6f8e32783d7576674ddc3a8d8a2340a03a84adec1a001c654b30121570,2020-08,Durham Constabulary,Durham Constabulary,-1.430631,54.515505,On or near Aviation Way,E01012345,Darlington 015D,Violence and sexual offences,Unable to prosecute suspect,
fc16141697d50bc5f6172ea38e1a72e3c20ac60432dfdc3bb4ab83a298058fa6,2020-08,Durham Constabulary,Durham Constabulary,-1.430631,54.515505,On or near Aviation Way,E01012345,Darlington 015D,Violence and sexual offences,Action to be taken by another organisation,
ca0b7e47bcc64a5376ffa84e2f45c77ac3c82a3472c1ce20f913225a8aafc7a0,2020-08,Durham Constabulary,Durham Constabulary,-1.430631,54.515505,On or near Aviation Way,E01012345,Darlington 015D,Violence and sexual offences,Unable to prosecute suspect,
b8ce5b37f1743fb2181c9d75bc7d7ffc7e42964847fa7d07753cd5093011505a,2020-08,Durham Constabulary,Durham Constabulary,-1.448199,54.515155,On or near Washington Avenue,E01012345,Darlington 015D,Violence and sexual offences,Action to be taken by another organisation,
504d33dd0bd570c62a464b5f3783a612a3ba66b1806e71f54fed1e4157911158,2020-08,Durham Constabulary,Durham Constabulary,-1.454931,54.504913,On or near The Oaklands,E01012345,Darlington 015D,Violence and sexual offences,Unable to prosecute suspect,
,2020-08,Durham Constabulary,Durham Constabulary,-1.471639,54.519385,On or near Station Road,E01012346,Darlington 015E,Anti-social behaviour,,
,2020-08,Durham Constabulary,Durham Constabulary,-1.470460,54.517402,On or near High Stell,E01012346,Darlington 015E,Anti-social behaviour,,
,2020-08,Durham Constabulary,Durham Constabulary,-1.466274,54.517312,On or near Woodlands Green,E01012346,Darlington 015E,Anti-social behaviour,,
,2020-08,Durham Constabulary,Durham Constabulary,-1.466274,54.517312,On or near Woodlands Green,E01012346,Darlington 015E,Anti-social behaviour,,
,2020-08,Durham Constabulary,Durham Constabulary,-1.470261,54.516044,On or near Grendon Gardens,E01012346,Darlington 015E,Anti-social behaviour,,
,2020-08,Durham Constabulary,Durham Constabulary,-1.472086,54.513437,On or near Thorntree Gardens,E01012346,Darlington 015E,Anti-social behaviour,,
,2020-08,Durham Constabulary,Durham Constabulary,-1.471639,54.519385,On or near Station Road,E01012346,Darlington 015E,Anti-social behaviour,,
3ce9ace90ed9596951fb9f255e807e5b66ac96ab30b62f4495e63f1e7918a3da,2020-08,Durham Constabulary,Durham Constabulary,-1.472842,54.520720,On or near Heathfield Park,E01012346,Darlington 015E,Criminal damage and arson,Investigation complete; no suspect identified,
22a6f060c1bf0e2d82a8abb11b11b40a73bb880be2dc30483a5222372b73a5e5,2020-08,Durham Constabulary,Durham Constabulary,-1.474586,54.522031,On or near Cheltenham Court,E01012346,Darlington 015E,Violence and sexual offences,Further investigation is not in the public interest,
3d8a12dd6f31866a4d8743a73089f0f7efb63970cbbf6506b4048bfb2824a792,2020-08,Durham Constabulary,Durham Constabulary,-1.474586,54.522031,On or near Cheltenham Court,E01012346,Darlington 015E,Violence and sexual offences,Further investigation is not in the public interest,
d8d57ab00b319e1eb495fc8065542b72ad9bb0a5e9d0766b5fb601d5d686b45a,2020-08,Durham Constabulary,Durham Constabulary,-1.462889,54.516282,On or near The Beeches,E01012346,Darlington 015E,Violence and sexual offences,Unable to prosecute suspect,
800590b6dbbcd0218c5830677f85b2511738e5e5481cf9594f23a0ca2224c7f4,2020-08,Durham Constabulary,Durham Constabulary,-1.462889,54.516282,On or near The Beeches,E01012346,Darlington 015E,Violence and sexual offences,Unable to prosecute suspect,
308c656be7ac92b56bd8affa9e84ab473a66cc152d1dab4b9cac4e377591c84d,2020-08,Durham Constabulary,Durham Constabulary,-1.466274,54.517312,On or near Woodlands Green,E01012346,Darlington 015E,Other crime,Status update unavailable,
c5a7ef1a36dfab6a9a36b2d4a24ecf13b48c8eda6a69d8cb3f5a7a0caa062fb0,2020-08,Durham Constabulary,Durham Constabulary,-0.902800,53.937520,On or near Jackson Lane,E01013057,East Riding of Yorkshire 009A,Violence and sexual offences,Court result unavailable,
b3ea44a287c8c8a09eda00b7d2eea3bf81381e74b72f661388a401cb574cefa5,2020-08,Durham Constabulary,Durham Constabulary,-0.902800,53.937520,On or near Jackson Lane,E01013057,East Riding of Yorkshire 009A,Violence and sexual offences,Status update unavailable,
,2020-08,Durham Constabulary,Durham Constabulary,-1.588870,54.917616,On or near Sports/Recreation Area,E01008224,Gateshead 025C,Anti-social behaviour,,
b708052f634582f3d8d15f2bcf126e1c60cca4636a6c48aa0fe3c0f7ff8f950a,2020-08,Durham Constabulary,Durham Constabulary,-1.563247,54.880799,On or near Vigo Lane,E01008172,Gateshead 026A,Public order,Investigation complete; no suspect identified,
99978f9c85ab8cbe3f8f2f797c069785a859fc3c70256ba41ef0d9a7235dd475,2020-08,Durham Constabulary,Durham Constabulary,-1.575215,54.879467,On or near Parking Area,E01008173,Gateshead 026B,Vehicle crime,Investigation complete; no suspect identified,
,2020-08,Durham Constabulary,Durham Constabulary,-1.575385,54.894421,On or near St John'S Place,E01008175,Gateshead 026D,Anti-social behaviour,,
edd3402e9829269e398d6f5179634c96088da4b2957df1447a25c3998e4d87f7,2020-08,Durham Constabulary,Durham Constabulary,-1.479599,54.446094,On or near Petrol Station,E01027592,Hambleton 003B,Criminal damage and arson,Unable to prosecute suspect,
be55032905035813c7d64632fe6c77c2514091048724820f2d2435dd83949c75,2020-08,Durham Constabulary,Durham Constabulary,-1.228555,54.704586,On or near Hastings Place,E01011952,Hartlepool 002A,Public order,Action to be taken by another organisation,
b9fcfe2bfbc4445be0e08c50f2691322feb649033aa645d2b5dc1826c3310e6d,2020-08,Durham Constabulary,Durham Constabulary,-1.217396,54.675631,On or near Derby Street,E01011950,Hartlepool 008A,Violence and sexual offences,Unable to prosecute suspect,
c52edc04ba0c0e960538367fb2e944101dd0d89b909b160650fe9225b4092e42,2020-08,Durham Constabulary,Durham Constabulary,-1.244833,54.658721,On or near Kinbrace Road,E01011977,Hartlepool 012C,Violence and sexual offences,Action to be taken by another organisation,
6daaee3c05262064704db06935e6858f73d3bf3ba1e547a8ea3940b534865172,2020-08,Durham Constabulary,Durham Constabulary,-1.257422,54.722327,On or near Coast Road,E01011959,Hartlepool 014A,Violence and sexual offences,Unable to prosecute suspect,
70d03c84972dcccba7279fb4c50e0a54eadecd153d40a9e5c7c75d76670918f5,2020-08,Durham Constabulary,Durham Constabulary,-2.907646,54.031629,On or near Parking Area,E01033072,Lancaster 016I,Violence and sexual offences,Unable to prosecute suspect,
366a22cf91aba9240f1faaa6db7667780d4a2b64d757317752cd52fe6bb8f846,2020-08,Durham Constabulary,Durham Constabulary,-1.156128,52.641329,On or near Beatrice Road,E01013682,Leicester 016B,Violence and sexual offences,Status update unavailable,
2ac0eb7f4765b0404e6632832e3a6366f756c733f6863a2622c34a4e78416712,2020-08,Durham Constabulary,Durham Constabulary,-1.650234,55.008425,On or near Colgrove Place,E01008340,Newcastle upon Tyne 003E,Violence and sexual offences,Unable to prosecute suspect,
211725b36c4d55985448b884328336b1c47b33d76548bb60a21a98ac16952d99,2020-08,Durham Constabulary,Durham Constabulary,-1.614002,54.976262,On or near Shopping Area,E01008397,Newcastle upon Tyne 024C,Violence and sexual offences,Unable to prosecute suspect,
1df442dca5f693523c709ff2f1d8a522c9bfb84808e896b667090017bf46a8fc,2020-08,Durham Constabulary,Durham Constabulary,-1.612280,54.966893,On or near Close,E01033545,Newcastle upon Tyne 024H,Violence and sexual offences,Unable to prosecute suspect,
f28b340f54a2506c7e14e7bdcbd9a3fbf78d687ed1c6ff29769e73714fc74a9b,2020-08,Durham Constabulary,Durham Constabulary,-1.543793,54.976199,On or near Midway,E01008429,Newcastle upon Tyne 028D,Violence and sexual offences,Unable to prosecute suspect,
,2020-08,Durham Constabulary,Durham Constabulary,-1.084909,54.525238,On or near Weardale,E01012124,Redcar and Cleveland 020B,Anti-social behaviour,,
,2020-08,Durham Constabulary,Durham Constabulary,-1.526315,54.458832,On or near Northallerton Road,E01027751,Richmondshire 001B,Anti-social behaviour,,
,2020-08,Durham Constabulary,Durham Constabulary,-1.672348,54.534123,On or near Parking Area,E01027759,Richmondshire 001D,Anti-social behaviour,,
8bccea8e25e0e0f3113115a27410a6ffd379d50995231b9892b1a3a53dc807d6,2020-08,Durham Constabulary,Durham Constabulary,-0.422728,54.296535,On or near Cross Lane,E01027845,Scarborough 005D,Violence and sexual offences,Unable to prosecute suspect,
44c467960ff862dbbb8c7910e7f3a94d2d743c2e4d5ddf63bdcd11276d269ced,2020-08,Durham Constabulary,Durham Constabulary,-1.359550,54.952498,On or near Larch Avenue,E01008687,South Tyneside 018E,Violence and sexual offences,Action to be taken by another organisation,
78c930a11ca599a514028147de6019e5d42e71f6b34b4f1baafc35831a00df73,2020-08,Durham Constabulary,Durham Constabulary,-1.450947,54.946196,On or near Wheatley Gardens,E01008614,South Tyneside 023A,Violence and sexual offences,Unable to prosecute suspect,
8d1bf0c136595eb20bd57ad431647d7fcaafc241bc052db57f901df10f47b291,2020-08,Durham Constabulary,Durham Constabulary,-1.287484,54.604231,On or near Ochil Terrace,E01012197,Stockton-on-Tees 002A,Violence and sexual offences,Action to be taken by another organisation,
f72b1c6351508832405573518a39d76a90a5e018f0e298f2f5cd6f0779b6523c,2020-08,Durham Constabulary,Durham Constabulary,-1.304697,54.612482,On or near Stainton Road,E01012257,Stockton-on-Tees 002C,Violence and sexual offences,Status update unavailable,
ab52e8a1bfd18c9e78558430e8b3d611643d769e0df2a1584fbfd779f6a0f684,2020-08,Durham Constabulary,Durham Constabulary,-1.440763,54.541650,On or near Parking Area,E01012269,Stockton-on-Tees 005B,Criminal damage and arson,Unable to prosecute suspect,
f8cd71ef2774dbb5418fd7f1bb7cc8cc8e05abdee96c6ebaa0f7bedc73f7397e,2020-08,Durham Constabulary,Durham Constabulary,-1.440763,54.541650,On or near Parking Area,E01012269,Stockton-on-Tees 005B,Other theft,Investigation complete; no suspect identified,
efd4c81f05619d07780d34c29d61c2a250111ec50968a4db552dd63a07ffea47,2020-08,Durham Constabulary,Durham Constabulary,-1.440763,54.541650,On or near Parking Area,E01012269,Stockton-on-Tees 005B,Shoplifting,Unable to prosecute suspect,
d954ad8bce6dd81323631f81df718d49e9b5d298da620a1c867f82693462b1b3,2020-08,Durham Constabulary,Durham Constabulary,-1.526240,54.918457,On or near Parking Area,E01008856,Sunderland 007B,Violence and sexual offences,Investigation complete; no suspect identified,
738d2e810fc64aa648a1e25e6c88a962b7fb897f79cd4b62e04afa12cf9781c4,2020-08,Durham Constabulary,Durham Constabulary,-1.524285,54.925477,On or near Gullane,E01008876,Sunderland 007C,Violence and sexual offences,Status update unavailable,
380e0d8802f7f6691e2d0ef32956628281ac63d33074b1b01cf3d850a38698e6,2020-08,Durham Constabulary,Durham Constabulary,-1.507448,54.915264,On or near Marlborough Road,E01008854,Sunderland 009B,Violence and sexual offences,Status update unavailable,
cc161f591bcbfbcf308ec190e8b44f1f56caa2d9b2c14b0e13921e9abf4496af,2020-08,Durham Constabulary,Durham Constabulary,-1.399645,54.902325,On or near Chester Road,E01008830,Sunderland 018B,Violence and sexual offences,Local resolution,
61af00fafea78050d1b8d15451b246d9d856d8fcc9280ec6bc45061a2a5706cc,2020-08,Durham Constabulary,Durham Constabulary,-1.541490,54.899842,On or near Alnwick Court,E01008867,Sunderland 020A,Violence and sexual offences,Unable to prosecute suspect,
,2020-08,Durham Constabulary,Durham Constabulary,-1.505726,54.862291,On or near Dunkeld Close,E01008797,Sunderland 030C,Anti-social behaviour,,
,2020-08,Durham Constabulary,Durham Constabulary,-1.474933,54.856950,On or near Hartoft Close,E01008720,Sunderland 032A,Anti-social behaviour,,
6df96059785a4bc07efc5b9491bc686a0e150dcbb59104a93012208a35f28a27,2020-08,Durham Constabulary,Durham Constabulary,-1.448246,54.829836,On or near Lindsay Street,E01008718,Sunderland 035A,Violence and sexual offences,Unable to prosecute suspect,
9f174f96898c096ae095b9576af026ee0b52ff1f68a5a70b108059f14b25a4e1,2020-08,Durham Constabulary,Durham Constabulary,-1.448403,54.815971,On or near Bus/Coach Station,E01008745,Sunderland 036C,Criminal damage and arson,Local resolution,
ccf12c653aa8c2ddc5c00a740e402b5dfe2989a478a84c4d73b4df13ae3c55eb,2020-08,Durham Constabulary,Durham Constabulary,-2.269102,53.460175,On or near Thorpe Street,E01006188,Trafford 001F,Violence and sexual offences,Status update unavailable,
508075a4f1bf17a63c08e09db2180483d669860659da90405f695272262cb6c4,2020-08,Durham Constabulary,Durham Constabulary,-0.344075,53.317523,On or near Watery Lane,E01026373,West Lindsey 011E,Vehicle crime,Investigation complete; no suspect identified,
